# Position (bp)	A	C	G	T	N
0.0	23.641719520361264	24.751745804223944	25.32312752152741	26.283407153887385	0.0
1.0	22.818684536287464	30.690940349592445	23.143949543458994	23.269466493854793	0.07695907680631046
2.0	24.274303585104008	27.323663125573123	22.94748948389849	25.453848426038995	6.953793853874186E-4
3.0	25.51736138593821	22.261448231234603	24.607224661512035	27.606594480874353	0.007371240440800179
4.0	26.13214606879618	24.261715397621224	23.769430071364468	25.836497155050857	2.1130716726743307E-4
5.0	27.631131758259485	24.73282097444689	22.329408465230312	25.30603567212047	6.031299428383597E-4
6.0	25.92930819480384	24.010839357957966	23.982756716130844	26.070443787008962	0.0066519440983861654
7.0	24.823494634993935	25.93377661699703	24.07532577864536	25.166291455704375	0.0011115136593012364
8.0	27.272591008863312	24.559577477371068	24.09896473801882	24.0688667757468	0.0
9.0	25.774298383494003	25.859697345361006	22.85678977103563	25.508735739286003	4.78760823360895E-4
10.0	24.87087467959729	25.10049724647262	23.473346291461	26.55528178246909	0.0
11.0	27.14992890238127	23.49448502850737	22.69358656160519	26.661766924823755	2.325826824167783E-4
12.0	28.23047934217066	24.61263531525946	20.35927356002601	26.797611782543868	0.0
13.0	25.18025727238053	23.78744794266949	24.602689770870224	26.429492251974818	1.1276210494148916E-4
14.0	26.621345553622312	22.692878354805725	23.346880284090528	27.338840112192592	5.569528884690701E-5
15.0	26.021827419944948	23.47297125568734	24.510683567734414	25.994517756633297	0.0
16.0	26.251018019621487	25.065503832068565	21.835968049015957	26.84745616447961	5.39348143833363E-5
17.0	28.302444166637798	27.017166740673016	19.588031017608927	25.09124731864719	0.0011107564330648917
18.0	25.10119470638314	25.71366411965329	20.413958781002687	28.771024932318166	1.5746064271235404E-4
19.0	24.92560590733368	24.690141062117533	22.148322218295633	28.235303950768387	6.268614847684413E-4
20.0	22.422993267736924	25.891765924391507	24.241299844640082	27.443915069911963	2.589331952356292E-5
21.0	23.521766981043672	24.640558869629178	23.955989786919403	27.881376275511844	3.0808689590899115E-4
22.0	22.098882521985132	27.016781992674844	26.437000690227936	24.447309381712316	2.54133997741257E-5
23.0	25.30941027247412	24.199594486984083	23.47267336085781	27.01786698536226	4.548943217310852E-4
24.0	27.416627700832407	22.315170670354043	24.60088567049157	25.667290953508548	2.5004813426584617E-5
25.0	24.65380970880325	26.095246867407145	19.686873181211894	29.563797880877413	2.7236170029962264E-4
26.0	25.92674074883428	26.105104936612793	19.92383101075993	28.044274086301886	4.9217491108860223E-5
27.0	25.20581323490051	25.234933872600767	20.102096416051726	29.45703381158727	1.2266485973150623E-4
28.0	27.470148309490927	24.188680233141568	23.129866912677592	25.208371610946585	0.0029329337433299995
29.0	27.125339343928673	23.64320025803578	22.760786049172708	26.47024236932139	4.3197954144891693E-4
30.0	23.429475090609728	25.055205058600095	25.410825293572657	26.104351508048186	1.4304916933731519E-4
31.0	25.60816217784495	25.45482386360404	22.721590338050657	26.21490214223272	5.214782676302321E-4
32.0	23.623024411873985	23.280221971391168	24.756296963300223	28.340221792897157	2.3486053746424836E-4
33.0	23.620544909834862	25.091869257300786	25.42798026006638	25.859512705214144	9.286758382692454E-5
34.0	25.734313766957907	26.570255419081125	23.322737612937754	24.37264722595642	4.597506680177206E-5
35.0	25.07580570193432	22.607338851089896	25.977360000090915	26.339222703185534	2.727436993364373E-4
36.0	23.300101613901237	25.23621542147062	26.120789977122683	25.342802159437323	9.082806814375812E-5
37.0	25.16878253446074	26.03816892485588	21.315344995518124	27.47768084637436	2.2698790903504945E-5
38.0	26.513380487838084	26.010633590436576	21.119181989611484	26.35671316309604	9.076901781115052E-5
39.0	22.97341261828651	27.50781014263578	22.127739221776288	27.39076576832066	2.722489807678782E-4
40.0	25.634652547423	27.19480296173835	23.473552618356454	23.696833083164545	1.587893176528126E-4
41.0	23.891108637331513	24.659938470024777	21.987802875451244	29.456545702473264	0.0046043147192003095
42.0	23.985030135674034	26.19420092384619	21.29368402718561	28.527016876703183	6.80365909857867E-5
43.0	26.210581359330558	25.81837345285818	22.603089498959843	25.36419143628005	0.003764252571370002
44.0	28.46923441088019	24.79680363640321	23.161120522968762	23.572637371806266	2.0405794157231632E-4
45.0	25.548574275893742	24.523424893486116	21.70484783827935	28.21929913251882	0.003853859821969812
46.0	24.451136375227666	24.93746621135344	23.047342073141014	27.564055340277882	0.0
47.0	24.84753758495727	24.801935417630403	23.568841027263616	26.779827432514118	0.001858537634593822
48.0	22.5627890894738	24.84999182041344	22.943287142460303	29.643931947652458	0.0
49.0	21.88769041570868	26.467908116519144	24.61341385719762	27.029379006217823	0.0016086043567349773
50.0	27.126321269488002	24.631467248556113	20.76302307636891	27.479143096504266	4.530908270402793E-5
51.0	24.17390055570493	27.498276800536747	21.821900341876432	26.503521261551892	0.002401040330002607
52.0	22.955274345523705	26.3488777339062	21.23710314993909	29.458744770631007	0.0
53.0	22.223377680368394	25.90561475962686	24.238754848224684	27.630786457950325	0.0014662538297422147
54.0	22.98915913418343	28.262201923560603	22.555898954531706	26.192739987724256	0.0
55.0	23.01702266298385	28.996487287002964	22.976455012883548	25.00859503180162	0.0014400053280197137
56.0	26.104619784382017	25.965024451118126	24.845089675097203	23.085266089402655	0.0
57.0	22.369866350958027	27.93989988412869	22.91712265735137	26.768049751554905	0.005061356007008516
58.0	25.049062421345486	25.78570164154708	21.875508196713938	27.28957029078918	1.5744960431789793E-4
59.0	27.085291433971776	23.14345070579337	24.64956605228694	25.118723029377637	0.002968778570276724
60.0	23.795827577472835	22.94403507227684	24.33130224060904	28.928835109641284	0.0
61.0	24.538656983709856	23.90568277958101	23.581460598472834	27.96847410802975	0.005725530206550186
62.0	24.93292007323729	22.227406059476674	25.513632082514313	27.325794816586836	2.4696818488487355E-4
63.0	25.798922018781155	24.098883493794244	23.126509232077574	26.973215704903993	0.0024695504430373495
64.0	24.99026552598197	21.9723769457186	24.168335380298682	28.868999744148	2.2403852745748982E-5
65.0	24.0578862772112	26.914296275139034	23.4326965618822	25.59032689841339	0.0047939873541782176
66.0	24.39626263689739	24.58841740010887	23.268311040722566	27.746404098465316	6.048238058649989E-4
67.0	26.802915738194628	25.81105224441595	20.92036778692586	26.465081835458182	5.823950053804338E-4
68.0	23.723567671643544	23.145520430667258	26.794607430954407	26.336102877043277	2.0158969150953497E-4
69.0	23.052076984946638	24.929217238181053	25.35753105963939	26.658352589872997	0.002822127359920013
70.0	24.96090874203974	23.4545758687965	24.875592295175675	26.70849818901026	4.2490497782890556E-4
71.0	24.48236150579663	23.248898813472213	25.97127940538715	26.296523806922504	9.364684215044366E-4
72.0	26.0113052793269	26.376346974650627	22.465201877599338	25.145317761728585	0.0018281066945490096
73.0	24.950980916663546	22.962107958790977	23.461995609459457	28.62090303896025	0.004012476125767052
74.0	24.376741304066798	25.969312928778717	23.533760681855668	26.119248960232515	9.361250663088589E-4
75.0	24.965220185976726	25.000278595113933	22.580958625728194	27.451425270315266	0.0021173228658834206
76.0	27.06477439093833	24.546623391471655	25.04121402923995	23.346273843906644	0.0011143444434217238
77.0	23.651633434882118	25.1636332031102	24.763648357427957	26.420282717169176	8.022874105505252E-4
78.0	27.016603666953255	26.395007980260832	20.580537790691196	26.00740486196444	4.4570013027814807E-4
79.0	27.386157125395687	21.209020297787042	22.6247288261557	28.777352763884046	0.002740986777524354
80.0	23.98534082841344	23.57157532613448	28.306235496035043	24.134152010243415	0.002696339173618839
81.0	25.125092782021134	25.18309616863454	22.51830516020678	27.173037940186767	4.6794895078046086E-4
82.0	22.71391623417673	22.30493832909998	24.47178143814315	30.508093880862514	0.0012701177176296572
83.0	24.841424135706667	22.990297276129336	24.32949376269381	27.837915825054623	8.690004155604551E-4
84.0	23.285693183233477	26.289346458715666	25.257664314403154	25.165936954763062	0.0013590888846358566
85.0	24.533487445076528	27.4430001171879	21.39499050688891	26.627920395997073	6.015348495873248E-4
86.0	25.15204341583337	25.351834668728145	22.890846651079325	26.603292501033156	0.0019827633260075055
87.0	22.140519308550974	22.07930152919696	26.857206633619164	28.922259657839845	7.128707930598464E-4
88.0	24.65582049960326	26.892224289955053	25.81244895949773	22.63868202897608	8.242219678767285E-4
89.0	26.29791275869988	26.468097959849214	22.95715943969864	24.275671513158056	0.0011583285942100947
90.0	23.372000323431475	26.42312633050732	24.816504984341865	25.388190162559955	1.7819915939001538E-4
91.0	26.630388297787032	25.23906659562753	23.778383728948864	24.351649076164527	5.12301472042595E-4
92.0	24.911698554970073	24.504859307923365	23.22124206022005	27.36215553081764	4.4546068876240774E-5
93.0	26.184823250928535	26.73867026825733	20.76702477667495	26.30921443570279	2.672684363994665E-4
94.0	27.718724102073438	23.935569466521365	22.92215805716859	25.418715393799935	0.004832980436674259
95.0	23.977021697943655	26.469589316523795	23.92107700657595	25.629862171611677	0.002449807344923298
96.0	25.53604332084299	24.707609697305497	24.173359089008066	25.581807597627115	0.0011802952163302975
97.0	25.424083979495038	25.537208670517657	23.16604388703564	25.87250758247191	1.5588047975557943E-4
98.0	27.576513530864275	23.250052830148345	24.50833447084232	24.66509916814506	0.0
99.0	22.087923906428795	22.72067872679496	26.601776843760973	28.589575989474053	4.4533541215903726E-5
100.0	22.823628322583964	25.046918789803602	24.623096669072073	27.50635621854036	0.0
101.0	23.153474332483377	22.344811249237743	28.618996613909797	25.882673276915565	4.452745351278194E-5
102.0	25.1679535703813	24.19203828938401	25.03676576185227	25.603197847558075	4.45308243479407E-5
103.0	25.56649441342026	26.006047415800577	25.304663839018165	23.122749806537907	4.452522309363031E-5
104.0	25.580746646909958	27.499145142360508	22.71997891351156	24.199639535028684	4.897621892904148E-4
105.0	26.994058843409135	24.14352370295731	20.979812178769905	27.879043163439913	0.0035621114237358626
106.0	25.763642965481758	23.223847063697708	25.025885730556425	25.986624240264106	0.0
107.0	25.543551822643956	25.13359495771979	22.654797396935308	26.667276648643256	7.791740576891567E-4
108.0	23.997266689221675	25.230795598212218	24.28301786000463	26.488897594330385	2.225823109385851E-5
109.0	25.652087496831122	24.488967857630133	25.789548304586972	24.06863959427695	7.56746674821725E-4
110.0	24.54946899537	24.484458012942994	23.03256090968192	27.933445312766032	6.676923905546455E-5
111.0	24.52108814648927	24.039049205007437	25.07374808535414	26.36531331640922	8.012467399273269E-4
112.0	25.384329137171797	24.685510445446564	23.921859789359544	26.008167091535256	1.3353648684198227E-4
113.0	28.615846285903647	21.615638647156786	22.89095894605866	26.87671043252286	8.456883580537683E-4
114.0	26.25372165058124	22.336869411403907	27.531668247538228	23.877251072819053	4.896176575712026E-4
115.0	26.45299858667468	24.361410654469783	25.927597680811047	23.25736987947785	6.231985666432967E-4
116.0	26.556868561665897	24.81543711173575	24.641852624344164	23.985752673154366	8.902909982899735E-5
117.0	25.576722332396294	26.926721998535463	24.100144895601716	23.395787566577415	6.232068891070113E-4
118.0	26.19502246742618	24.78505765367023	25.460805364138345	23.558602601542997	5.119132222511317E-4
119.0	27.061985430118657	21.036763020189948	25.02380459532188	26.876979542960672	4.6741140884475936E-4
120.0	25.062337506824683	23.70218574674023	25.472363946429923	25.763068285138203	4.451486696398146E-5
121.0	27.426374650720014	23.603514412125676	24.6996425848032	24.269889650450697	5.787019004125254E-4
122.0	26.38042544894626	23.80615973721826	25.059127227370396	24.753642117015154	6.454694499309347E-4
123.0	23.8872194525233	28.328325766153327	23.49700091278019	24.286652598441037	8.012701021419062E-4
124.0	24.808181240099685	24.576171405945317	23.359967130456344	27.25561345167378	6.677182487174802E-5
125.0	26.651655244141864	23.80893665578832	24.788321804718116	24.75012925595974	9.570393919639405E-4
126.0	24.15701527989096	24.450652175267816	24.917827073619996	26.474394186109663	1.1128511156555005E-4
127.0	26.230835572915794	22.793084837052987	27.42864773732619	23.546474813739074	9.570389659527824E-4
128.0	25.99946227058028	23.01303860300746	25.421024775170793	25.556859321882246	0.009615029359225064
129.0	24.152425618707152	27.309738397390788	22.239337742861228	26.295671620597204	0.0028266204436325146
130.0	25.87607269438037	24.230540150976253	24.291280538236844	25.602106616406537	0.0
131.0	25.46562035862544	24.985393546273357	24.903909009750322	24.644387104298648	6.899810522300076E-4
132.0	26.351472563240698	25.561584308090474	22.709715788016418	25.370772732351433	0.006454608300982391
133.0	26.998127063652017	25.24991959616688	25.276182993559903	22.473945263073553	0.001825083547650817
134.0	26.76100381863817	22.90268137084592	21.104758708228847	29.2315338452598	2.2257027266861536E-5
135.0	26.346977134456782	24.05737362856262	26.190511695402073	23.404647891555875	4.896500226463135E-4
136.0	27.377380630181474	26.365078630238454	24.37047733682801	21.88043075695849	0.006632645793567134
137.0	28.244332406243434	22.00830997802761	24.28429490717824	25.462884650311423	1.7805823928890662E-4
138.0	24.947658946653412	24.119571959572923	27.483287251840423	23.448012931751094	0.0014689101821515394
139.0	25.28507953917223	24.240396231403842	25.794968854687557	24.678464821420782	0.0010905533155936662
140.0	26.157105504697416	22.097999870023155	25.487524448555433	26.257103101016043	2.670757079509329E-4
141.0	25.187606205577275	25.16971192206639	25.72423440176005	23.917935569451075	5.119011452118881E-4
142.0	28.30447906294138	23.346119040168368	23.809591639331785	24.53949866437809	3.115931803826275E-4
143.0	26.580689530842598	25.608299920655327	23.82942118447248	23.98143356802888	1.557960007166616E-4
144.0	27.44143313627984	25.459339549929254	23.478024948436765	23.620401123785815	8.012415683235378E-4
145.0	28.04100582681582	23.334216184214625	22.786833799983086	25.836920378720773	0.0010238102657010209
146.0	27.3878843372593	22.128807650310684	24.941987458696808	25.536201472781844	0.0051190809513656154
147.0	26.49106348978486	24.631494841517576	26.804545206689834	22.069446716454287	0.0034497455534449046
148.0	24.715914149273715	24.662453305224474	23.72548635568866	26.895478485682645	6.677041305067785E-4
149.0	27.6612224385115	25.281073431866872	23.602756671891143	23.452855292976512	0.002092164753968102
150.0	25.136627225019488	24.31637421147495	25.389738702240567	25.157259861264997	0.0
151.0	26.36910722596766	24.352559147261786	25.805462918178645	23.47231425368156	5.564549103473235E-4
152.0	27.11795481331361	24.093912451212468	23.68836522399139	25.099722994772627	4.451670990352116E-5
153.0	24.995108696015084	23.42973561138629	25.734224236962145	25.840152408357888	7.790472785986586E-4
154.0	22.956126384468355	25.019648938957296	24.908421810133046	27.11319858906039	0.002604277380916078
155.0	27.225892356912045	23.735395049024287	24.116780398920973	24.921754123308958	1.780718337325481E-4
156.0	25.54072294649042	23.39768645726303	26.643426472185666	24.41785249384308	3.116302178028111E-4
157.0	24.879153823004092	23.293195218328908	26.753883371530428	25.07343369642835	3.33890708222259E-4
158.0	24.881729214269736	21.443111713109452	26.29263129543044	27.38239421962873	1.3355756163959713E-4
159.0	26.3502443697895	21.474267936849397	24.956370487573157	27.218582966860268	5.342389276756244E-4
160.0	25.809585290385773	22.07973643790486	25.80727021792846	26.303363533156737	4.452062417915099E-5
161.0	24.60150065968567	20.77512342811274	29.180433769762466	25.43909110073234	0.0038510417067816843
162.0	25.243276911165697	23.856564013315506	25.123692012343156	25.776400280841973	6.678233366858065E-5
163.0	25.12802486856915	24.101332651840032	26.8384513598997	23.93216885836812	2.226132299933038E-5
164.0	25.23159366584395	23.633695879388082	25.07642986117403	26.056366090408627	0.0019145031853103288
165.0	26.585864423563272	21.946551460059414	26.93019747668678	24.536718766696826	6.678729937095269E-4
166.0	24.171752480050618	23.403565163901852	26.085552980212807	26.339040323544783	8.905228994624136E-5
167.0	26.445743714740978	23.212917678652573	26.98871510944587	23.35222274740231	4.007497582699722E-4
168.0	25.76745851226598	24.533090442102413	24.369446111810714	25.329915875681962	8.905813893425906E-5
169.0	26.183627067412036	22.44022083269136	26.097305851852575	25.278556803679237	2.89444364785397E-4
170.0	31.06445150295702	23.134957760991917	23.361816257309055	22.438663153540165	1.1132520184372347E-4
171.0	25.98408103713497	23.406606398533366	26.763018791803756	23.84533638154747	9.573909804418382E-4
172.0	27.129872164933765	25.179715197931564	24.125908369733416	23.56439297485857	1.1129254268736766E-4
173.0	28.863856160488428	20.265202986566237	23.2593369146309	27.610179432133965	0.001424506180464901
174.0	23.996175184730298	26.16855629694491	23.922679258167463	25.912077326083754	5.119340735751651E-4
175.0	25.166670265214456	24.26764915182971	23.589883079843467	26.974039037491597	0.0017584656207728657
176.0	24.593187280989376	24.276850351774858	28.02654817220874	23.101878254690963	0.0015359403360637456
177.0	22.167499857523474	25.690632702637238	25.12199552623705	26.995027569207974	0.024844344394261048
178.0	24.639242588629482	23.30982821033249	24.461629693474734	27.588832046628557	4.674609347348851E-4
179.0	27.69289918355371	24.613293332496273	23.165667313608076	24.526893483523477	0.0012466868184685966
180.0	26.653027770254777	22.89142073524562	25.1184398162299	25.336888407019913	2.2327124978538051E-4
181.0	27.57987824988401	22.60963379935268	26.149510036838073	23.65999407460409	9.838393211508683E-4
182.0	25.46182991565855	23.273361365167933	25.580554558109565	25.684164726305042	8.943475890848454E-5
183.0	23.62298989130306	25.183190370659673	26.11646250826332	25.076641838876533	7.153908974109332E-4
184.0	26.267446453725274	22.49633203351436	26.645364926617198	24.587100874611323	0.0037557115318451926
185.0	25.226873114233893	24.599152458643353	24.922289336259507	25.251014496900293	6.705939629554953E-4
186.0	26.883939070135515	23.27808751402755	25.194396133537804	24.64355492763796	2.235466117040064E-5
187.0	23.86454382279897	23.814255566932324	27.468117357781118	24.85223204815666	8.512043309276357E-4
188.0	26.90934010561535	28.206353045511346	22.584418376533506	22.299530150539944	3.5832179985040063E-4
189.0	24.809385792943008	24.167480721348745	25.50842025914485	25.51350390186375	0.0012093246996507739
190.0	28.170094457603373	22.334667839622742	25.316635431634698	24.17826633030778	3.3594083141324485E-4
191.0	26.811240147305853	24.299835070566107	24.589717843247048	24.29866854029375	5.383985872421071E-4
192.0	26.794693663361407	23.360772604194032	24.861231296428706	24.983235129745175	6.730627067844944E-5
193.0	27.40511227084566	24.39400578939846	22.203561460583423	25.996983912329274	3.36566843184757E-4
194.0	28.017502328034016	23.434427976798197	24.183101277894337	24.364968417273452	0.0
195.0	26.002274292616224	22.239929118553395	24.85161777969883	26.90539333210799	7.854770235627398E-4
196.0	28.000301494874584	22.705151512424287	26.178237469963012	23.116264523503098	4.499923501300478E-5
197.0	24.67317308746087	24.242519712681716	24.491995770203882	26.591478792622297	8.326370312394162E-4
198.0	26.871542578077	23.657215393651477	24.49810098969495	24.973050851088054	9.018748851518701E-5
199.0	25.502353770031448	23.17149554439942	25.507641109835223	25.817763925248766	7.456504851473203E-4
200.0	27.814583603558248	24.070836815186045	23.64969270060556	24.464841686239613	4.519441053608254E-5
201.0	24.877764921764125	21.6442414600414	28.62004754716299	24.857516700263048	4.2937076843808475E-4
202.0	25.01018122812053	25.051923133422676	28.685073483381206	21.252822155075584	0.0
203.0	25.511838222860433	24.78959947263098	22.980905479592032	26.716797770437132	8.590544794265495E-4
204.0	25.495986213900686	24.105348263149544	24.15710039733159	26.24149729844364	6.782717455052062E-5
205.0	26.965655741633938	24.281826592878456	25.620677461162156	23.13070968547157	0.00113051885388903
206.0	25.14219503960748	21.265680009207937	26.319870491880753	27.27216400804021	9.045126361545911E-5
207.0	25.69557320460888	23.284070325926507	26.967092081876388	24.052834682870003	4.2970471822565423E-4
208.0	28.00274069405883	22.771195477357153	22.40476676277343	26.82127444535781	2.2620452780031025E-5
209.0	27.266359564609193	20.76382304278999	25.415534603958477	26.55353618720601	7.466014363254178E-4
210.0	24.37241994489094	24.767465514974642	25.006873358455316	25.852992269932567	2.489117465300005E-4
211.0	25.347887662824597	25.317240456756547	25.589240069252728	23.744726428416705	9.053827494255912E-4
212.0	28.236947911203856	22.65571433358966	24.879761642741272	24.227304387364057	2.7172510114966894E-4
213.0	29.560384959683095	23.087861154593572	22.940409732790744	24.41098164175422	3.6251117837203935E-4
214.0	27.771464176941258	25.368234596275208	24.375588404419542	22.484712822363996	0.0
215.0	25.97042478161253	24.940448043403222	23.058485781721828	26.030232374768193	4.0901849422568136E-4
216.0	25.224143181361143	24.707495188026087	26.352541009509032	23.715774655979775	4.5965123962193684E-5
217.0	28.104282623646455	23.59264539230236	25.50027982814932	22.802049659983275	7.424959185927475E-4
218.0	24.668440427194607	24.54424121766838	25.411594631985356	25.375629881663535	9.38414881195503E-5
219.0	25.903666511446115	23.588426118055526	25.002432472549756	25.50478836068395	6.865372646508828E-4
220.0	27.79097274082249	22.118863221333132	25.565022019069783	24.524880156222437	2.6186255215528354E-4
221.0	25.11838559303547	23.19844623254061	24.714337973188787	26.968518565574616	3.1163566051657687E-4
222.0	25.371606576860685	24.815713213654984	24.697080978668716	25.11533285919184	2.663716237699382E-4
223.0	30.319082596187513	22.567872097430907	25.067523545337135	22.044786677542636	7.350835018103881E-4
224.0	29.690053550056643	23.10998282171198	25.255622264437505	21.944292212755187	4.9151038684324994E-5
225.0	30.76263057984908	20.079778980770605	24.21590273215315	24.940748083724408	9.396235027532206E-4
226.0	25.019997060432114	22.322668567720545	26.619811887652517	26.037447495218203	7.498897662043679E-5
227.0	26.832544134418658	23.705982432639335	26.301268663994286	23.158890981404348	0.001313787543373938
228.0	27.185552209983356	27.67697018205841	23.443965900572984	21.693486297976143	2.5409409104191282E-5
229.0	27.552136117001176	24.977700335039493	22.083932838354656	25.386205085169216	2.5624435461656237E-5
230.0	25.432329830919905	22.908420656699285	27.736451683368728	23.922797829012083	0.0
231.0	25.23389424614388	24.524609879181288	25.151927720570427	25.088205103471275	0.0013630506331370191
232.0	24.91151655046297	25.19504302962272	25.12698086459766	24.766354155138522	1.0540017812630102E-4
233.0	22.707447707187477	25.45032980190533	23.019673878722898	28.82204149154323	5.071206410645476E-4
234.0	26.715020175433366	21.574442175945812	27.015958878842856	24.69314327780778	0.0014354919701829358
235.0	25.453022112887346	22.330615502332506	27.800037846688003	24.4160502867298	2.7425136234364244E-4
236.0	27.812524881778494	23.938400650782047	24.458669939136733	23.790181810285453	2.2271801727512301E-4
237.0	27.225564144604025	24.924472616698495	22.74631268519579	25.10348173006878	1.6882343291758686E-4
238.0	26.78532617465459	23.0786278938856	24.713749478421576	25.422296453038236	0.0
239.0	27.745964751353792	23.243293453760643	24.193697740609093	24.81582488015083	0.0012191741256416993
240.0	25.184053837984894	22.345925757991576	26.745409094705693	25.72443232665529	1.7898266254608804E-4
241.0	29.374641217206282	20.947688348646377	23.78542504075414	25.890124804144172	0.0021205892490306515
242.0	26.727298573234876	24.141673961349404	21.706551747357082	27.42333849572419	0.0011372223344481105
243.0	27.52180758099691	23.03449831391099	25.950593977829346	23.490700640992763	0.002399486269989595
244.0	25.812363569031138	23.068203611065854	26.669169591922987	24.449090921114568	0.0011723068654498322
245.0	28.67364441446243	21.156531718482555	23.90944695538783	26.258689670195512	0.0016872414716722702
246.0	24.051274236597166	26.586017571202902	24.393102480578282	24.967040792771154	0.0025649188504938978
247.0	25.25804542616071	22.72064411817385	25.42112021183384	26.45784017581822	0.14235006801338002
248.0	25.305034950927546	23.146307427007738	24.673594958173084	26.864521499280748	0.010541164610887145
249.0	25.4867205463651	21.58924313277323	28.636598122478667	24.270607767259182	0.016830431123819323
250.0	26.285654542057244	21.9231483200297	25.910183946452612	25.879915858984244	0.0010973324761947435
