# Position (bp)	A	C	G	T	N
0.0	23.68167954980866	24.25218801077979	25.238776606575613	26.82731901158507	3.682125086944179E-5
1.0	22.851424593369003	30.1842960245363	23.91210924114839	22.975994867263758	0.07617527368254534
2.0	24.5290506660611	26.796112415437527	23.127850034612468	25.546162777494935	8.241063939668087E-4
3.0	24.784481812072972	22.70747720195648	24.66254942809082	27.83756769141353	0.007923866466197116
4.0	25.430842953843857	24.235732161476093	24.354133287301657	25.97912702438496	1.6457299342549175E-4
5.0	28.574982565337514	24.056254139476568	22.44600003726214	24.922105690768817	6.575671549589879E-4
6.0	25.631200651411394	23.876667227012717	24.485469230255916	26.001667181431422	0.004995709888551911
7.0	25.016548753199924	25.785076671796975	23.87890041697947	25.318619207322453	8.549507011778128E-4
8.0	27.50249386614278	24.524512542711772	23.75978747101993	24.21311530198485	9.08181406693079E-5
9.0	25.583677270146136	25.09085225982985	22.99356292430054	26.331617456687894	2.9008903557724454E-4
10.0	24.71992178732696	24.51656448985958	23.800611303702148	26.96288430426208	1.811484923101559E-5
11.0	26.150302938809254	22.878405812493032	23.612796542556694	27.35824894961026	2.4575653076037946E-4
12.0	28.439127397021892	24.731110181839906	19.958407898689813	26.87130257561079	5.194683760639362E-5
13.0	25.152396145781797	23.188363224491184	24.815333939394044	26.843718826314422	1.8786401855823247E-4
14.0	25.983558792853817	22.83713568163053	23.991758813706472	27.187445485315244	1.0122649394277531E-4
15.0	26.089720528553272	24.1326822728775	23.61266735071017	26.16491322334109	1.6624517972101397E-5
16.0	26.44404156475419	24.991156000304205	21.969149446830922	26.59550579255403	1.4719555665679637E-4
17.0	28.054777239099455	26.71892017325741	19.58495273370167	25.640067795262922	0.0012820586785436583
18.0	25.495668158915528	25.546404937935186	20.346877591922897	28.61081111038592	2.382008404678455E-4
19.0	25.12895008116402	24.6649525457066	21.526010008254637	28.679581817679146	5.0554719559542E-4
20.0	21.903126772081766	25.645292738885644	24.362552670153583	28.088902292334378	1.2552654462766788E-4
21.0	23.457088094303167	24.367446435444553	24.28224078876262	27.892929206533108	2.954749565535179E-4
22.0	22.32247149660224	26.772084825225523	26.01178907670285	24.893546902136386	1.0769933300264508E-4
23.0	25.076223465612113	24.442031379265657	23.55761426022577	26.9237789824743	3.519124221565897E-4
24.0	27.368872391197304	21.99393962349911	24.721790841256013	25.915291087458808	1.0605658876557707E-4
25.0	24.923226230703154	25.383239430456424	19.906675586390946	29.78657401662737	2.847358221042517E-4
26.0	25.73921240983611	25.999881676539125	19.775650372949887	28.485166127480266	8.941319461571625E-5
27.0	25.566049394085045	25.320736568246456	19.727185283369288	29.385909929970882	1.1882432833063107E-4
28.0	27.260669835378447	24.445569550446656	23.10410064470823	25.1873426161423	0.0023173533243680115
29.0	26.844693685561083	24.102030154826867	22.647415606416963	26.40552669628703	3.3385690805827516E-4
30.0	23.18293400564232	25.59315017913496	25.05114432912371	26.172511870215136	2.5961588387669974E-4
31.0	25.69664066066137	24.98411264799624	22.889148314563545	26.429668019613956	4.303571648873311E-4
32.0	24.136778008768026	22.407355621657025	24.830966650824493	28.624586950720698	3.1276802976186837E-4
33.0	23.729744799738704	25.5668248944109	25.068496118107873	25.634835723254017	9.846448850089503E-5
34.0	26.096867105429304	26.533339391383393	22.64963221039199	24.72004979494151	1.1149785380568656E-4
35.0	25.04534459200487	22.38478832547259	26.365940753227086	26.20367807360202	2.482556934340093E-4
36.0	23.01138340337017	25.31187279092546	26.387109014560377	25.28941434009287	2.2045105111750084E-4
37.0	24.83516050639662	26.20034774962688	21.614854065811286	27.349623904811803	1.3773353409373262E-5
38.0	25.63557023136431	25.157198842214555	22.048982806720886	27.158110419242814	1.377004574409196E-4
39.0	23.4755895248089	27.46882314765125	21.72076179703567	27.334619020254802	2.0651024937902367E-4
40.0	26.402347509157824	26.575916391804533	23.377989912934744	23.64358100039493	1.6518570796736096E-4
41.0	24.013727556939163	24.78819432305455	21.959012225916144	29.233973253451367	0.005092640638776798
42.0	23.9110999788058	26.57675189302711	20.87214119188455	28.639951886421127	5.504986141197389E-5
43.0	26.097226856932515	25.39450462878551	22.675097443589365	25.82930428889401	0.0038667817986039674
44.0	28.218702699117927	25.25029351399091	23.1309800938832	23.3998035489154	2.2014409256398658E-4
45.0	26.046226190053662	24.649221928468428	21.539260703418815	27.76126043213448	0.004030745924613221
46.0	24.833988392839824	24.611066871916965	23.207360069151616	27.347570910598513	1.375549308421952E-5
47.0	25.44181654756657	25.14995196338076	23.1727275790713	26.233674598497075	0.0018293114842937103
48.0	22.17035636837216	24.759357715264986	22.84611268251663	30.224173233846223	0.0
49.0	22.358126415738695	26.558405562701655	24.726393631313734	26.355328346890143	0.0017460433557688448
50.0	26.945530641007803	24.744243555361013	20.585053177654224	27.725048899466437	1.237265105219774E-4
51.0	24.3219687259677	27.51297013964248	21.9118216062012	26.25072419047017	0.002515337718451239
52.0	22.99024710711724	26.446989989260985	21.476292556613	29.086456631788867	1.3715219916693752E-5
53.0	22.550653309734784	25.766786238610244	24.032906337623373	27.64802470782282	0.0016294062087770498
54.0	23.598254038040217	28.530285763733758	22.188214085858508	25.68315026766004	9.584470747579133E-5
55.0	23.637859985554925	28.922272699189776	22.31518149018287	25.123141262670195	0.0015445624022346672
56.0	26.535158123367538	25.78027759999027	24.98628154680463	22.698269062636374	1.3667201190905242E-5
57.0	22.540322150828118	27.87456326951413	23.352832861538225	26.227006650684757	0.005275067434767505
58.0	24.911203292740684	25.725219795250382	21.775395776291052	27.58793518038501	2.4595533287184826E-4
59.0	26.77100427831846	23.85754496142026	24.67010165463929	24.698370555419	0.002978550202985464
60.0	23.726997149050057	23.3804916199867	23.8232342799608	29.069236010646133	4.094035631483844E-5
61.0	25.165219961461528	24.22434190048635	23.096529995315397	27.507726594344824	0.006181548391903618
62.0	24.64685412873856	22.831012594837894	25.027119932734383	27.494795019702373	2.1832398679249042E-4
63.0	25.954711138121507	24.33039436114673	22.41406787898701	27.298002173869733	0.0028244478750191365
64.0	24.56388928076728	22.09641715421483	24.04813041325528	29.291549534366766	1.3617395841900946E-5
65.0	23.761548075628227	26.95946414233076	23.77502812087216	25.498908048254204	0.005051612914645851
66.0	24.372473880167718	24.94564991697886	23.251106437933615	27.430116215978863	6.535489409443645E-4
67.0	26.31846371327382	25.872809424622233	20.645013547438364	27.163073417571926	6.398970936554748E-4
68.0	23.620896357124792	22.59295200893313	27.114409572890857	26.67166037551928	8.168553194026827E-5
69.0	22.9027385726042	25.758823461343944	25.185202328191718	26.150036450317636	0.003199187542499845
70.0	24.997675993859186	23.425642132410182	24.351602286713316	27.22476700139603	3.1258562127887203E-4
71.0	24.181127681949448	23.241512478425577	26.106736914114848	26.469782385563533	8.405399465931763E-4
72.0	26.61076132239789	26.11996514026786	22.622781396159656	24.645055241342916	0.0014368998316793848
73.0	25.275839554856095	23.22388576786768	23.355402847128577	28.14061578945014	0.004256040697508142
74.0	24.185099816098816	26.19139682904969	23.594187318448572	26.028353770638397	9.622657645221829E-4
75.0	24.584531297962346	25.250151277268024	22.57242505083797	27.590615591756695	0.002276782174963934
76.0	26.993325699107608	24.510065658858526	24.937993373130688	23.557761500464153	8.53768439026704E-4
77.0	24.175554793083766	24.96949661142721	24.220950773411996	26.63325251493731	7.453071397171736E-4
78.0	26.858212253833475	26.815067815631238	20.73168847872765	25.59448943625233	5.420155553044217E-4
79.0	27.36950619247862	21.570735934912378	22.292787532713053	28.764138393042245	0.0028319468537070453
80.0	24.09362130633864	23.117348159601885	28.780309614067722	24.006024594284277	0.0026963257074738623
81.0	25.065316673578952	25.490486453573237	22.297838069929725	27.145911683646585	4.4711927150450627E-4
82.0	22.194919154573466	22.841720502424014	24.35242300537181	30.60974507708168	0.0011922605490332732
83.0	24.81166988295109	22.973795004273025	24.591867867340596	27.621759532476343	9.077129589437365E-4
84.0	23.254063555988097	26.338144863955677	25.289309580216624	25.11745242837976	0.0010295714598456292
85.0	25.131338072909937	27.00357107346506	21.441748100200293	26.422706077706408	6.366757182989E-4
86.0	25.169715934327247	24.90717553972017	23.061820799316436	26.859513255905902	0.0017744707302407604
87.0	22.241389702521037	22.527904102399134	26.24481655181755	28.98510404144727	7.856018150110899E-4
88.0	24.66078467702963	27.472201815577385	25.574004607206398	22.29234523275494	6.636674316449634E-4
89.0	26.881924459055362	26.848959148070183	22.509849300855052	23.758305490918357	9.616011010468044E-4
90.0	23.73106700315095	25.75255945378817	24.701461388049136	25.814844439219797	6.771579194566702E-5
91.0	26.163219100935674	25.304089232823124	24.420284722618156	24.111946494758534	4.604488645127862E-4
92.0	24.26426706212889	24.617293202638685	23.408887256025814	27.70953893721649	1.3541990122743244E-5
93.0	26.025342469185187	26.47570733947948	21.346520275288878	26.15210491884617	3.2499720028453504E-4
94.0	27.769208384401008	24.16092278080584	22.706111965793564	25.36000592567797	0.003750943321621453
95.0	23.754180400478912	27.12504085953015	23.65942149675737	25.458933430177527	0.0024238130560382868
96.0	25.61535320185145	24.63989529544428	24.546913945333955	25.196727251456668	0.00111030591365178
97.0	25.413485824213588	25.427445379685015	23.143765007199125	26.015114231408	1.8955749427739465E-4
98.0	27.632470407030933	23.676920652336975	24.43580152171523	24.254766800850707	4.061806615762301E-5
99.0	22.251191908224254	22.352718187067484	26.771568580331195	28.624494247092407	2.707728466281673E-5
100.0	22.368881698740296	25.018838038894494	24.57335869440139	28.038921567963826	0.0
101.0	22.930103323755667	22.579134219352305	28.30136828674796	26.189204647369184	1.8952277488417112E-4
102.0	25.206257199505437	24.400941574811764	25.024330063509996	25.368444083638014	2.7078534791313854E-5
103.0	25.507229817014675	25.165701075503478	25.883077952814965	23.443761004882695	2.3014978418719353E-4
104.0	26.091083854547424	26.72398667858013	23.250385833807165	23.93404272601738	5.009070478975442E-4
105.0	27.268263101907493	23.588260134163164	21.241900813164655	27.898624453211383	0.002951497553303301
106.0	25.34226888566216	23.517737409840617	24.981529807174844	26.15840974245978	5.415486259895955E-5
107.0	25.270159198937815	24.9331972073136	22.937974434537054	26.85793807529704	7.310839144886346E-4
108.0	23.629591504378393	25.521114374821135	24.37007222729573	26.479045907665917	1.7598583882567087E-4
109.0	25.875151358452687	24.709794490924583	25.437668744792557	23.97669502853898	6.903772911896351E-4
110.0	24.206091532856775	24.242558375035347	23.884739330436833	27.666556616396843	5.414527420723536E-5
111.0	25.264705364769398	23.803881542166458	24.64627663534702	26.2843648600904	7.715976267281418E-4
112.0	25.21087892263899	24.788031403717586	23.539685034232676	26.46132342149944	8.121791131085303E-5
113.0	28.408191242881376	22.008080574554867	22.63182166481385	26.95113497975931	7.715379905983359E-4
114.0	26.174624374815313	22.949551932646212	27.223352266366813	23.65203826890322	4.331572684398772E-4
115.0	26.505189346471436	24.06886945795436	26.099663989020655	23.32557326348413	7.03943069416503E-4
116.0	27.49762283293335	24.847704273918957	24.444059681513764	23.21053198724669	8.122438724322263E-5
117.0	25.61816714359087	26.779950718283324	24.48925248662568	23.111817404768807	8.122467313160915E-4
118.0	26.65900999942331	24.663673851966948	25.011824785779822	23.66505817090667	4.3319192324488905E-4
119.0	26.953639748297032	21.30789481023046	25.320253609071962	26.417616175443715	5.956569568265131E-4
120.0	25.378074949345653	23.806033685090043	25.128482059081104	25.68736869365732	4.0612825882391484E-5
121.0	27.49046668565568	23.509245230093757	24.729095209678764	24.270380606948027	8.122676237706329E-4
122.0	26.620691018300008	24.303704622276037	24.52791950466408	24.547062110852746	6.227439071277643E-4
123.0	24.297149500738218	28.80009032442878	22.857103017231225	24.044993803733355	6.633538684225418E-4
124.0	24.40561454182741	25.21938276754301	22.97108591914682	27.403767856134774	1.4891534798741583E-4
125.0	26.655517049938126	23.968765369474553	24.382787623492227	24.99200939621901	9.205608760815406E-4
126.0	24.31611633545982	24.61079568568962	25.241593881304887	25.831358718600377	1.353789452978357E-4
127.0	26.416673920674683	22.58232035567608	26.899053043969033	24.101099797867008	8.52881813188829E-4
128.0	26.315797311525095	22.783994242521594	24.97367180179913	25.91858978602645	0.007946858127733762
129.0	24.23202669681114	27.342340573873138	22.520398286097215	25.902323786831648	0.002910656386860079
130.0	26.022696488384305	25.058360406632218	23.20684325267325	25.71205923728503	4.061502520365389E-5
131.0	25.717846329012982	25.013115382194083	24.812245265431642	24.456129638868372	6.63384492913632E-4
132.0	25.790517285496005	25.315033129958632	22.751282565743423	26.13794117432036	0.00522584448157592
133.0	27.198164724007984	25.673908172569554	24.704160577172367	22.42188467789593	0.0018818483541611524
134.0	25.856243203666878	23.54821118346092	21.16367303085048	29.43179135094856	8.123107315995373E-5
135.0	25.74787649701207	24.33630547033865	26.196661964318107	23.71864160793244	5.144603987338859E-4
136.0	27.93814518130367	26.176521916076183	24.158433857522656	21.72164600493434	0.005253040163147513
137.0	28.134143904442798	22.259150606249495	24.98026013299634	24.6261610372393	2.843190720691984E-4
138.0	25.196745711532404	24.33237779833798	26.980081603609207	23.48972535882654	0.0010695276938627251
139.0	25.283927678860085	23.905649148135733	25.4492182105787	25.360013581739814	0.001191380685661246
140.0	26.410363747084798	21.710450962770736	25.759468290288247	26.119419150571748	2.9784928447124846E-4
141.0	25.323064271400657	25.7829841557126	25.508277813272528	23.385308206571047	3.655530431681589E-4
142.0	27.991206536851564	23.460653151710797	23.99783588848056	24.54996594205126	3.384809058182295E-4
143.0	26.020217233308095	25.648715890763796	24.124909152155382	24.205981714535763	1.760092369647559E-4
144.0	27.264520016111724	26.123254704048577	23.448965430870203	23.16277243540924	4.874135602514242E-4
145.0	27.64918702555279	22.8800871490844	23.206368187009847	26.26359944348497	7.581948679955656E-4
146.0	27.387832281600193	22.255989246543145	25.115896442737405	25.23623377720588	0.004048251913374449
147.0	26.153660356758735	24.594560344519458	26.79076627634559	22.45768242212082	0.003330600255400176
148.0	24.39501961970457	24.754093655216895	24.49451945330738	26.35585278086397	5.144909071855695E-4
149.0	27.919052377849262	24.806747747336686	24.000783664574232	23.27131759225423	0.0020986179855893993
150.0	25.35745461147963	23.798940184192993	25.798284044555214	25.045294080133797	2.707963837309324E-5
151.0	26.89286289262838	24.506921573642654	25.18941796821209	23.41024241519097	5.55150325907092E-4
152.0	27.34021931287886	24.092718348794786	23.187129260926646	25.379770591319346	1.624860803591159E-4
153.0	25.230032658794737	23.668980454959122	25.330531673912514	25.76968339289658	7.718194370403188E-4
154.0	23.1755925637655	25.214812997323776	24.56708356420585	27.039545415399914	0.0029654593049613354
155.0	27.249998679715322	23.878519726610346	24.33457990775882	24.53663085828931	2.708276262053353E-4
156.0	25.395293259905284	23.915587535431634	26.031288712089573	24.657437785761914	3.927068115944384E-4
157.0	24.883537297382794	23.46163674361874	26.66980655430329	24.984762110854916	2.5729384026358806E-4
158.0	25.2655324570365	22.03698658037313	25.747886628149473	26.949526624206026	6.771023486242905E-5
159.0	26.554622349466516	21.775783796286703	24.37531325240672	27.29384724536278	4.333564772776979E-4
160.0	26.038362801441167	21.727599082777044	26.085911375200638	26.14807256960564	5.4170975516344195E-5
161.0	23.9609877442058	20.849246255655522	28.82426120703105	26.361956550002603	0.0035482431050323296
162.0	24.967835112085492	24.03392928437661	25.332998005912383	25.665169882072007	6.771555350422573E-5
163.0	24.305575212597397	24.60716427055415	26.884670897780026	24.20253544463732	5.417443110414126E-5
164.0	25.682462103722997	23.763773677004437	24.528586309489548	26.02374225235959	0.0014356574234256222
165.0	26.107158858869106	22.15995867336518	26.959087281657702	24.77313151112563	6.63674982378752E-4
166.0	24.75831550038339	23.896929499900377	25.520674957120328	25.823917504157258	1.6253843864763142E-4
167.0	26.114546149793995	24.05637650474177	26.4309261031951	23.397663607798847	4.8763447028470677E-4
168.0	26.403289483041565	24.09832146149277	24.259964523323646	25.2382619815058	1.6255063621641722E-4
169.0	26.27100413736227	21.80661658266502	26.369933993479815	25.55212017125987	3.251152330304072E-4
170.0	30.32782865702714	23.55551353121919	23.8234909236916	22.292950143633824	2.167444282458088E-4
171.0	25.828826385684906	24.045819829197	26.64476384479321	23.479831369764405	7.585705604725678E-4
172.0	27.447285720050886	24.934583671553558	24.134948448330917	23.482965482442207	2.1667762242895072E-4
173.0	28.382851109771156	20.87928069242061	22.887367093609186	27.849038678584716	0.001462425614330471
174.0	24.27156794580773	26.018572740978847	24.20863428679361	25.500886527823567	3.3849859624632137E-4
175.0	25.704625100547577	24.625731487432585	23.90028604863355	25.76758369126082	0.0017736721254698368
176.0	24.655305174629895	24.659502536763814	28.031636195397226	22.65224272505748	0.0013133681515805572
177.0	22.196837395424694	26.040648130958626	24.738100490061665	26.999728774138998	0.024685209416019444
178.0	24.941457714089427	23.38156220267661	24.42360473710841	27.253050393280947	3.249528446033524E-4
179.0	27.828414324425477	24.864172308212275	23.386452057740108	23.919999913338927	9.613962832148875E-4
180.0	26.3787177271241	22.56320470355029	25.465081098807158	25.592833590163984	1.628803544710861E-4
181.0	27.71046269960058	22.624958584719725	25.987219961668856	23.67662459721643	7.341567944104021E-4
182.0	25.13517173233808	23.528922332232742	25.342786268373768	25.992956522897693	1.631441577125449E-4
183.0	23.8605501533597	24.93548885774727	25.793267129222556	25.410285970051927	4.0788961854298835E-4
184.0	25.723590801933295	22.40601742986813	26.87529352769229	24.99156299094079	0.0035352495655042314
185.0	25.005594497244353	24.702798281870756	24.945013501567956	25.346090690403106	5.030289138300595E-4
186.0	26.63184874490012	23.387057190829484	25.37458022500307	24.606500242765538	1.359650178324919E-5
187.0	24.43002010159103	23.25098106799324	28.0543008617595	24.264098531173815	5.994374824170681E-4
188.0	27.477288451314763	28.439690241697914	22.54000118261641	21.542638635206163	3.8148916475399803E-4
189.0	24.786591592943928	24.482562364279964	25.311942327509772	25.418099801651344	8.039136149856038E-4
190.0	28.320773146454904	22.27831124808068	24.87184085318426	24.528870351727022	2.0440055313515019E-4
191.0	26.304223253681734	24.02248745466899	24.61237041948749	25.060632355629775	2.865165320038966E-4
192.0	27.109282136352654	23.278187088052555	24.29470448947411	25.31773076800793	9.551811275858628E-5
193.0	27.531983640796255	24.58801751648858	22.208309632649406	25.671498148890155	1.9106117560487238E-4
194.0	27.84774382858215	23.97567941040995	23.86857055120528	24.308006209802617	0.0
195.0	26.016656674954874	22.323490678224292	24.64335594845369	27.015882453789697	6.142445774488703E-4
196.0	27.86224381871616	22.80524308567086	25.96856396548384	23.363798719789227	1.5041033991779665E-4
197.0	24.756637440456895	25.133418946844404	24.020183453616216	26.08914472649492	6.154325875658E-4
198.0	26.835548780337447	24.000993999018604	24.10062678378028	25.062720844910125	1.095919535395872E-4
199.0	25.178876485443602	23.192564998196133	25.799041123196066	25.829105551678143	4.11841486055871E-4
200.0	27.828891700982243	23.8625815373974	23.602189076010408	24.70628276787054	5.4917739404617574E-5
201.0	24.736418053571516	21.695346667171943	28.316131923608605	25.251856208956486	2.471466914472416E-4
202.0	24.705662485293423	25.20174512554556	28.224804928447217	21.867773729082607	1.3731631196947841E-5
203.0	25.41782593967394	24.788775810451686	23.346643394664564	26.44615043519615	6.04420013665387E-4
204.0	25.502990023728948	23.902068891993157	23.929504461680327	26.66534045385054	9.616874702563805E-5
205.0	26.96816994677245	24.677122208493575	25.38913573129599	22.964816450050034	7.556633879577208E-4
206.0	24.884228930531037	21.40093540248456	25.990198019679532	27.724568942477433	6.870482743477198E-5
207.0	25.688935715092665	24.320423722780323	26.903903449083423	23.08654470169231	1.9241135128018143E-4
208.0	28.473567372672186	22.485394020198253	21.983716193450928	27.057308667197553	1.3746481072676409E-5
209.0	27.073236928478405	20.815784929252754	25.074231261659218	27.036100674034707	6.462065749181656E-4
210.0	24.19657996245797	24.673459986110824	25.251799748344645	25.877926524887062	2.3377819949531412E-4
211.0	25.0493074399005	26.041962701593768	25.013281164241576	23.8948434418285	6.052524356596027E-4
212.0	28.610266926548444	22.73181106248076	24.399945447396718	24.257728847413865	2.477161602178581E-4
213.0	29.49183644214869	23.717962223277013	22.47338955130141	24.3164675298065	3.4425346639142915E-4
214.0	27.48064231091698	25.28443276334698	24.514590132939244	22.720321012139657	1.3780657138904063E-5
215.0	25.984713517289094	25.40101943040542	22.483060147941192	26.130833901586946	3.7300277735105033E-4
216.0	25.3496825180101	24.813449140756166	25.809187474504135	24.02758314130287	9.77254267320366E-5
217.0	28.708524606556352	22.995699565308936	25.414224038070856	22.880974361466077	5.774285977850684E-4
218.0	24.468495238583166	24.75300617137685	25.55147830554328	25.2267783534314	2.4193106530075233E-4
219.0	26.856662984415376	23.405808691587094	24.555007062513944	25.181918241386647	6.030200969369163E-4
220.0	27.078223776891775	22.431944207359262	25.607219843834976	24.88230915179908	3.030201149081135E-4
221.0	25.067810151625373	23.19991271018459	24.608855760989794	27.123174385379013	2.469918212290633E-4
222.0	24.79710164929146	25.098362277981973	24.817142623908282	25.28715853629531	2.3491252298105166E-4
223.0	30.273708207500217	23.27203558587244	24.409067476279752	22.0445049355122	6.83794835386799E-4
224.0	29.482326150509763	23.811989093504145	23.977888788455076	22.727706501580116	8.946595089929683E-5
225.0	30.53193499338718	20.255156053658347	23.737625321269302	25.47447389808753	8.097335976463744E-4
226.0	25.807293982193087	22.59136444510668	25.762820701515547	25.838353963614757	1.669075699259264E-4
227.0	26.540820862894932	24.464979613053348	25.72434690435168	23.268687957809817	0.0011646618902247936
228.0	27.00281570401154	28.09867309428285	23.19610533066451	21.70237504610255	3.0824938546631893E-5
229.0	28.04227306221631	25.085093842396294	22.146114850281347	24.726518245106043	0.0
230.0	25.876815751486156	22.518160262491275	27.33337352723121	24.271619057308648	3.140148271521085E-5
231.0	24.999538728953315	24.79451170165116	25.307699599934853	24.896913874015105	0.001336095445568744
232.0	25.345611357599	25.564435233651274	24.665849702868208	24.42392775101042	1.7595487109466163E-4
233.0	23.269814012238417	25.229604016332154	22.356956738341044	29.14307421586197	5.510172264191368E-4
234.0	26.39047319146277	21.653493911317607	26.298980574262522	25.655703941467088	0.0013483814900108774
235.0	25.29736259257829	21.80547472134951	28.02977887756692	24.86725062628937	1.331822159123448E-4
236.0	27.807067687524068	24.153690444116236	23.7923349155068	24.246653417471023	2.5353538187668245E-4
237.0	28.03901691261157	25.240064404274126	21.914172492516453	24.80655833341303	1.878571848200465E-4
238.0	26.729875108884414	22.554573977596164	25.0345551967687	25.68090902533886	8.669141186326893E-5
239.0	27.850323208210252	24.21553328695783	24.150134338436573	23.782990053280287	0.0010191131150545322
240.0	25.3025813500147	22.01620904556695	26.98656274868661	25.694429474311946	2.173814197941362E-4
241.0	29.777926107172625	21.01110868262034	23.812303258238554	25.396267722062554	0.0023942299059267168
242.0	26.539923125153344	24.631645903188577	21.476887568265045	27.350452980036167	0.001090423356868304
243.0	27.71070146009932	23.619339388892673	25.070663767901703	23.59661920794682	0.0026761751594872956
244.0	25.395522268223036	23.761737020665333	25.96700860714849	24.874673728343446	0.0010583756196971732
245.0	29.12523576967636	20.50560426600286	23.532341191743615	26.834899159044735	0.00191961353243443
246.0	24.03569172682958	26.58184613226385	24.205077621008172	25.174783936378738	0.0026005835196627005
247.0	25.703601270248278	23.18733628774916	24.65343806511647	26.314567267297534	0.14105710958856077
248.0	26.37768973449971	22.6214209087245	24.237591138852686	26.75379630734068	0.009501910582426686
249.0	25.337292164149776	22.173991500027125	28.2081825431355	24.26385415501952	0.01667963766808333
250.0	26.594168604102148	23.29511067729147	24.463725682420492	25.646034095291704	9.609408941887654E-4
