# Position (bp)	A	C	G	T	N
0.0	23.831827979444647	23.443089915993546	25.31197868886287	27.413072339029064	3.1076669873779E-5
1.0	23.22174662390104	29.836337495533193	23.88049386052534	22.98545921237323	0.07596280766719178
2.0	25.166961415114148	26.95236702227173	22.33898431921767	25.54109970496294	5.875384335173978E-4
3.0	25.939042172503623	22.352295196092577	24.42759531477739	27.27553631412139	0.005531002505018845
4.0	25.4411109066501	23.654900415824294	24.039139600625898	26.864756451945553	9.262495415064769E-5
5.0	28.43239656005578	23.97768914867024	22.42597048718563	25.16335787749015	5.859265981996018E-4
6.0	25.620859551301862	23.94809057679736	24.086992973933256	26.338455250221294	0.005601647746229352
7.0	25.935636308889183	25.447531670266667	23.357217256646685	25.258908078644883	7.066855525820139E-4
8.0	27.244556231988714	24.141971679716832	23.708505464150917	24.904935973159546	3.0650983988538985E-5
9.0	26.381307525791936	25.528798163458777	22.150708012100804	25.93894149176745	2.4480688103181204E-4
10.0	24.466902766452307	24.650658232871685	23.405248679849976	27.47719032082604	0.0
11.0	26.882921657111403	22.54587962056878	22.92081622066394	27.6502048486826	1.776529732741828E-4
12.0	27.97277668207784	24.395584823963762	20.212087281624406	27.419551212334	0.0
13.0	25.162907253710685	23.04823566302221	24.970150377479815	26.818591317055642	1.1538873165571579E-4
14.0	26.586235797621356	21.933351729937844	23.746588486810722	27.733709721005777	1.1426462430077193E-4
15.0	25.731746605925643	23.22007505962945	24.528701264935624	26.519420548703977	5.6520805308434034E-5
16.0	26.64398404679251	24.34699284489399	22.051700333221756	26.957239232949465	8.354214227672388E-5
17.0	28.659391346216978	27.018313234553855	18.905966164014796	25.41507080168961	0.0012584535247641769
18.0	25.846263519609703	25.847839239611865	19.68416594287689	28.62154112479784	1.9017310370927204E-4
19.0	25.018334098774638	24.71504093511608	22.01219065516459	28.25381258699067	6.217239540237839E-4
20.0	22.776870807500796	25.89751110523774	23.8991055106368	27.426458856766207	5.371985845891693E-5
21.0	24.356224606052272	24.655527317103598	23.15600154183014	27.83203328049953	2.1325451446478717E-4
22.0	22.620586632171637	26.8191993802731	26.097382409489516	24.46277873641342	5.284165232676327E-5
23.0	25.752871811635053	24.054366896011548	22.699300279667053	27.49303990664079	4.211060455563048E-4
24.0	27.952071721424183	21.653482862444704	24.826067361606547	25.568351988414133	2.606611043324743E-5
25.0	25.118406690097594	25.1061748878773	20.1700867009795	29.605098980622806	2.3274042279625205E-4
26.0	26.311983978785218	25.233336086561494	19.78837710580141	28.66622563553898	7.719331289769029E-5
27.0	25.95834808622875	24.565443844065744	20.252364311847987	29.223689814601006	1.5394325651564832E-4
28.0	27.849662763831102	23.634686670063527	22.622584655582948	25.890273274652436	0.0027926358699860445
29.0	27.082157493839503	24.081637377516632	22.260576013100792	26.575276835498556	3.522800445181325E-4
30.0	23.569305976201427	24.866441549750665	24.485678367894856	27.078399054118833	1.7505203421717107E-4
31.0	26.180734444655762	25.02959864339136	22.6315857603889	26.157583276990525	4.978745734459592E-4
32.0	24.331701895491577	22.513842216254925	24.48950735578259	28.664603063128602	3.454693423102719E-4
33.0	23.424876426120605	25.061487270288108	24.461267789966236	27.05214834834453	2.20165280522369E-4
34.0	26.457666181465306	26.61285783600194	22.148592916060164	24.780737506065016	1.455604075691412E-4
35.0	24.871283005220818	22.564067543599787	26.14347243970283	26.42093655379904	2.4045767752509415E-4
36.0	23.879472349124782	24.770536168891724	25.96486059887543	25.384866572299696	2.643108083657735E-4
37.0	25.223763004100302	25.45500839516611	21.73641820658114	27.584762353144644	4.804100780426172E-5
38.0	26.90555756352419	25.046103893764716	21.29568812417972	26.752506325101194	1.440934301801288E-4
39.0	23.74016559120266	27.669126859611488	21.324609565026552	27.2658098491277	2.8813503160120957E-4
40.0	26.600418711406043	25.82575459286078	22.745296699286463	24.828409953039017	1.2004340769622296E-4
41.0	24.40268654222676	24.520843315764253	21.791834747597736	29.280002266151854	0.004633128259393728
42.0	24.857598377737673	25.639565111566544	20.56778701278002	28.934977486981623	7.201093414023986E-5
43.0	25.856346616064567	25.630754120741305	22.320000038402807	26.189346965050085	0.0035522597412322786
44.0	28.417243396861252	24.982828887403098	22.818284751044065	23.781282983295423	3.599813961614464E-4
45.0	26.04983823724548	24.225829107601808	21.539581185274802	28.181032234255216	0.003719235622694824
46.0	25.73621556515553	24.164944149660435	22.15270038281266	27.946139902371375	0.0
47.0	25.467012139532653	24.538793723909603	22.985413367880618	27.007149369032195	0.0016313996449306655
48.0	22.523761541979983	23.980311025734444	22.630111936548584	30.865815495736992	0.0
49.0	22.519450038601484	26.086975291453783	24.20798608188119	27.184005675461187	0.0015829126023586837
50.0	27.65774878855856	24.578387683322998	19.981888932535792	27.781830704686477	1.438908961668904E-4
51.0	24.887914311816175	26.799521396868936	21.035662647135695	27.27483952648023	0.002062117698964385
52.0	23.317327032338888	25.71760172709057	21.872042817134517	29.093028423436024	0.0
53.0	22.53492997262528	25.223344929817156	23.987404520356435	28.252861548985674	0.0014590282154530224
54.0	23.27220811165903	27.999380990229067	22.70041338276163	26.027901841506228	9.567384403871826E-5
55.0	24.077039535682726	27.57866297005761	23.089083200683422	25.25382949772738	0.0013847958488595608
56.0	26.81599068752107	25.33816464332881	24.488682645194743	23.35716202395538	0.0
57.0	22.614036021640008	27.704326449663448	23.18466073682298	26.492035388089974	0.004941403783587521
58.0	25.33184737002157	24.90365028526581	22.03201584178835	27.73215232826645	3.341746578170852E-4
59.0	27.066674622590845	22.181395071304973	24.793818246912107	25.955725281938065	0.0023867772540127692
60.0	24.33445927423296	22.882901351844215	23.675104469357642	29.107487228874305	4.767569088035547E-5
61.0	25.670590231910023	23.490501590576578	23.029370247994557	27.803674272417883	0.005863657100960257
62.0	25.01614217604399	22.158482442389293	24.955291713968982	27.86982148385985	2.6218373788681337E-4
63.0	26.44570031784529	24.322123900554658	22.006376925995628	27.223629995290477	0.0021688603139556387
64.0	25.590915495371302	21.340289069729362	23.541513550976575	29.527258083556422	2.3800366335238632E-5
65.0	23.852471715630077	26.342857564437246	23.509244316649767	26.290571432447248	0.004854970835666615
66.0	24.66343317556162	23.787768055833528	23.469162647014098	28.079207760569037	4.283610217171899E-4
67.0	27.109738102133434	24.971592849322285	21.099082475804245	26.81911064141978	4.7593132025489934E-4
68.0	24.178900832288917	22.456405188617175	26.79762341859276	26.56690399325926	1.6656724188680709E-4
69.0	23.349650734021292	25.28149360252087	24.523618432182772	26.84261984818702	0.002617383088040915
70.0	26.877757318866546	22.729385640125745	24.361770691833346	26.030801170752483	2.85178421879649E-4
71.0	24.715679413256698	22.595076495903957	25.986836410394933	26.701625065129008	7.826153154022726E-4
72.0	27.650323734797368	25.373414287584257	21.878515505692157	25.09596796988972	0.0017785020365033986
73.0	25.981022592873966	22.559109373562517	22.697890376996828	28.75863439302932	0.0033432635373719954
74.0	25.24280591743698	25.17343279816927	23.496765590932846	26.08626070826019	7.349852007173455E-4
75.0	25.51105975389472	25.094174873060403	21.78913410800647	27.60371090133574	0.0019203637026603676
76.0	26.848941793861687	24.100377205154228	24.855261657478945	24.19466071331626	7.58630188882322E-4
77.0	24.053709291737814	24.526810197094164	24.350555988980496	27.06833187185762	5.926503299047327E-4
78.0	27.455511808877088	25.995649142736042	20.341573349067282	26.206554542525872	7.111567937164083E-4
79.0	27.383014653035758	21.127906381380953	22.593565521465646	28.89330894637334	0.0022044977443010177
80.0	24.504822298267367	23.366191504345153	27.21976354158099	24.906947148255718	0.00227550755077404
81.0	25.201679566811137	24.78640987261033	21.94190727776731	28.069600338473244	4.0294433798022966E-4
82.0	23.258343450125597	22.444559899389862	24.023609061548807	30.272373596191375	0.0011139927443519382
83.0	26.12939817415364	22.305397665999717	23.546795904620645	28.01750760927324	9.006459527578015E-4
84.0	23.72239852302325	25.55342783266934	25.095569780752374	25.62746626914062	0.0011375944144114253
85.0	25.386316029203254	26.32826239606111	21.731999231218957	26.552782482598747	6.398609179349934E-4
86.0	25.58693500870165	24.964596216771632	22.532470056077315	26.914268814717357	0.0017299037320421776
87.0	22.310842976655795	22.618228693361893	25.453371420853273	29.61686972243582	6.871866932220881E-4
88.0	24.608253458845137	26.682743058673775	25.794671285015852	22.91366873233376	6.634651314715396E-4
89.0	26.34322996931114	25.98857365989768	22.693572968024068	24.973959962316584	6.634404505329322E-4
90.0	24.44280432312812	25.576588860943644	24.85376923177165	25.12667172919201	1.658549645721949E-4
91.0	26.755032002719904	24.833992183825803	23.818031693532053	24.592375498580225	5.686213420174448E-4
92.0	25.556027537752584	24.25175356653887	22.39746371034708	27.794731494119006	2.369124246115051E-5
93.0	26.51907838503219	26.1595522696389	21.02348859731748	26.29766753405264	2.132139587862156E-4
94.0	28.017194918942202	23.307093851650944	22.86241482670879	25.808842742440802	0.004453660257265211
95.0	24.3607783608409	25.944666488526035	23.913010519772662	25.77936525082769	0.0021793800327096517
96.0	25.948310127862623	24.579219729569292	23.989722287627185	25.4817055866999	0.0010422682409970529
97.0	25.33313309974854	25.389129021805246	23.11814381571941	26.15940456722069	1.894955061140725E-4
98.0	28.42271738703056	22.93671987027623	23.988167395960204	24.6523716606812	2.3686051805185067E-5
99.0	22.45796972939483	22.320651661624407	26.20442250386873	29.016885054024876	7.105108715268452E-5
100.0	23.35842830290068	24.92868549456447	24.382278431249027	27.330607771285827	0.0
101.0	23.65424505413285	22.023664191374788	28.534241511348156	25.787754516280824	9.472686337804994E-5
102.0	25.121863008948743	23.639422390298424	25.07309648926059	26.16561811149225	0.0
103.0	26.008578751202478	25.094505042716136	24.954801936092284	23.941972174949306	1.420950397937159E-4
104.0	25.97315957567235	27.090034400720313	22.826746453476613	24.109751701919155	3.078682115651404E-4
105.0	27.505508140300734	23.332607835331057	20.917717869063164	28.241276794381946	0.0028893609230987117
106.0	26.01067867237743	23.032799794431412	25.020065436176047	25.936361364947004	9.473206810762036E-5
107.0	26.132131952911042	24.115116344059743	22.836837912163386	26.915226990040914	6.868008249188391E-4
108.0	24.155646652601906	24.633168097257606	24.60368561778345	26.60742859023782	7.104211921483303E-5
109.0	25.86262257722614	24.57968786555316	25.210534940133343	24.346538948608732	6.156684786263584E-4
110.0	24.55211844971975	24.19004351955491	22.899208862370564	28.358558131484042	7.103687074059963E-5
111.0	24.71598820193111	23.855357153005496	24.743953679129653	26.683990581246224	7.103846875159836E-4
112.0	25.93632954367328	23.820350507642697	23.464036904314835	26.779164652023585	1.1839234560335816E-4
113.0	27.402456352285366	21.87811433254164	23.264858762466506	27.453836549883658	7.340028228327916E-4
114.0	26.094480943914416	22.45383935829125	26.95294658338679	24.498496335491097	2.3677891644758697E-4
115.0	27.234499422685843	23.360858763098495	26.088585281946212	23.315417176966918	6.393553025287213E-4
116.0	27.09664387796445	24.28672135607894	24.759608041583718	23.856955684810725	7.103956216897044E-5
117.0	26.42254947254309	26.089137127430057	24.112129792121664	23.37544953242944	7.340754757460279E-4
118.0	26.188626382252423	25.064567665990463	24.789555701999177	23.95698977691448	2.604728434565315E-4
119.0	26.99950532878586	21.098212719041197	24.725225414023704	27.17653558234689	5.20955802346527E-4
120.0	25.004179400221734	23.957813868220786	24.773708565331486	26.264227128261886	7.103796410877902E-5
121.0	27.98959720053591	23.275352147027746	23.910668339373927	24.823719292064066	6.630209983486041E-4
122.0	26.59579959641194	24.17427123750745	24.379475070315344	24.850098907963265	3.5518780199842863E-4
123.0	24.12554766856518	27.928959783137103	23.09687911498796	24.847855701305832	7.577320039241046E-4
124.0	25.53203278506856	24.87780425095817	22.69260659480548	26.897461652958864	9.471620892690798E-5
125.0	26.719663040806672	23.708734314552395	23.975121129044403	25.595510683650385	9.708319461486623E-4
126.0	24.227271844692382	23.587797177180846	25.199625682605937	26.985163221611145	1.4207390968929857E-4
127.0	26.10135924205988	22.94941604021182	27.921503794720447	23.026702746424778	0.0010181765830751584
128.0	26.165816359149435	23.576344639037234	24.576894461943116	25.67189921902416	0.009045320846054796
129.0	24.60864753332691	26.351646212776497	22.057761826882164	26.979031970485213	0.0029124565292184506
130.0	26.2606738337811	24.037158746328004	23.88078361840301	25.821383801487883	0.0
131.0	25.9167919096839	24.86834979705777	23.812685541008396	25.401438698328228	7.340539217067559E-4
132.0	26.27130282907443	25.018327560388602	22.857404002890735	25.84690377888722	0.006061828759020522
133.0	26.655505881907217	26.020903976207165	24.454692265434087	22.86714561745818	0.0017522589933508877
134.0	26.796074296359034	22.53957421738938	21.000814322799073	29.663442447221154	9.471623135481387E-5
135.0	25.80137437662068	23.821502001704413	25.84790361509688	24.528746426542643	4.7358003538116444E-4
136.0	27.895930034036752	25.903380516883168	24.32701993473013	21.86727607941309	0.006393434936854175
137.0	28.47361239966451	21.92282792519776	23.97710960857497	25.626189593287556	2.6047327520517007E-4
138.0	25.031456697257525	24.24756101083853	26.325786725250076	24.394153718946427	0.001041847707437798
139.0	25.528507185045708	23.900695583649995	25.27220961466333	25.297380006137505	0.0012076105034646582
140.0	26.596724575251802	21.521838374998342	25.346537513662597	26.534568034536775	3.315015504801089E-4
141.0	25.936828705545388	25.391221410196668	25.262290253041307	23.40930444896552	3.55182251116693E-4
142.0	28.635428969773546	22.818851540589716	23.261573957872585	25.28390874382102	2.367879431367962E-4
143.0	26.804910476970743	25.213942458529814	23.933898700397684	24.047058934958322	1.8942914343693135E-4
144.0	27.943667601340966	25.546040957393153	22.533859251404973	23.975863902834284	5.682870266228264E-4
145.0	28.14993915683377	22.70332142832618	22.588502003124205	26.557148178150307	0.0010892335655374077
146.0	27.653602314483088	21.351239099950607	24.715200469034222	26.27526966863092	0.004688447901161835
147.0	26.222555616883124	24.59503085676508	26.088084858412643	23.090824235423987	0.0035044325151667344
148.0	24.589452786833697	24.93251473309932	23.969843320521395	26.507597183520144	5.919760254445504E-4
149.0	28.257072082279887	24.512384298642996	23.604343686279748	23.624210848607248	0.0019890841901195086
150.0	25.743906666767703	24.003712074139187	25.06201787554559	25.1903397035645	2.367998302618817E-5
151.0	26.45849105438928	24.38413899044474	25.39462725812941	23.762340130938174	4.0256609839331133E-4
152.0	27.55363497808565	24.39997215120569	22.95950747418066	25.086648587052586	2.368094754101777E-4
153.0	24.897555638702464	23.338937856104273	24.58553370054798	27.17728605326349	6.867513817911423E-4
154.0	23.117514763556933	24.371301118305247	25.15517808507247	27.353614214883315	0.0023918181820334673
155.0	27.629671241065097	23.2300118934675	23.738598541238503	25.401528862381074	1.8946184783087499E-4
156.0	25.350349787314062	23.907505240474485	25.742162734524705	24.99984013918075	1.42098505999991E-4
157.0	25.70855845155765	22.47658979668251	26.200149630152065	25.61439424063645	3.078809713218349E-4
158.0	25.29978836239482	20.645087336037697	25.83738482613317	28.2175973731927	1.4210224161549407E-4
159.0	26.84396061215248	21.72157937916961	24.230948866661485	27.2030137728624	4.973691540177007E-4
160.0	26.254100993143776	20.954642044760156	26.154436083244832	26.636749824970607	7.105388063137532E-5
161.0	24.35425586566959	20.893178625540525	28.498742440610254	26.250057140258555	0.003765927921086994
162.0	25.505831705158233	23.87478277511146	24.20543120842765	26.413954311302657	0.0
163.0	25.479724995724673	24.041627722886723	26.765734274016097	23.712818263255055	9.474411745617728E-5
164.0	25.967423886228758	23.835421105427653	24.676364730251635	25.51906115985935	0.0017291182326043008
165.0	26.696869449788547	21.802900547316877	26.03997549794087	25.459780760577644	4.7374437606207564E-4
166.0	24.662124229128736	23.30339626324345	26.074316324775754	25.960092118435007	7.106441705148049E-5
167.0	27.014380913824198	22.817438649496523	26.333178485885707	23.834646614988205	3.553358053650495E-4
168.0	26.033850973465416	24.20726483982784	24.207833397454	25.550956029648386	9.475960435969988E-5
169.0	27.101582457434603	22.304436315428255	25.833143216697668	24.76055372388147	2.842865580076061E-4
170.0	31.01713622914829	22.902794252719165	22.838758159389936	23.24116921425131	1.4214449129684815E-4
171.0	25.68542657424829	23.629893103541406	26.62039746094259	24.06359583558196	6.870256857582418E-4
172.0	27.530139129911664	24.514082690673916	23.90505922429917	24.050624217078948	9.473803630314182E-5
173.0	28.297998850586414	20.184971760750532	23.250737682461118	28.26508404050842	0.0012076656935091283
174.0	24.45618778419565	25.58180560597267	23.414299864341455	26.547256839343014	4.499061472097649E-4
175.0	26.510223416949223	23.794027043801318	23.102954510311505	26.59113743993904	0.001657588998913332
176.0	24.591546373979458	24.339554546840972	27.480725857709988	23.586918116983316	0.0012551044862644208
177.0	22.59465496775758	26.466918719928156	23.808423100861408	27.106106781281113	0.023896430171741676
178.0	25.73039162289779	23.04716619227363	23.151287965256433	28.07087005735341	2.841622187386039E-4
179.0	28.71462751477349	24.00409037376761	22.513656879877477	24.766346397726327	0.0012788338550896521
180.0	26.047238974823834	22.67995220812011	25.486289496820795	25.78623456226174	2.847579735198815E-4
181.0	28.071771401202067	21.6966581343313	26.13374970242946	24.0972505669877	5.70195049471548E-4
182.0	25.76094817844778	23.01597974543032	25.210795024173	26.01220577319862	7.127875028392703E-5
183.0	24.83879958589368	24.079755147875257	25.761771010228863	25.319294080356304	3.801756459006016E-4
184.0	26.301615884245262	21.954207187336785	26.28645553383681	25.4541095242644	0.0036118703167467695
185.0	25.48792312310714	23.722905996349176	24.239904336299816	26.54876760283123	4.989414126361902E-4
186.0	27.299427655764692	22.924634372588304	25.697063385555865	24.078874586091143	0.0
187.0	25.043195480546448	22.43402666580379	27.73628082510863	24.78590221333119	5.948152099483557E-4
188.0	27.265303383651595	27.71599531628742	22.01214043809036	23.006084971645265	4.75890325363836E-4
189.0	25.387486451210677	23.6086241092898	24.593036606419417	26.409996180758398	8.566523217062611E-4
190.0	28.08657414436544	21.48756593748914	25.304717704492486	25.120856641201538	2.855724513967586E-4
191.0	27.11390018196257	23.82156183784817	24.31093321756857	24.753152060141762	4.527024789272953E-4
192.0	27.13777464943782	23.44954761519544	23.71041558497879	25.702143010832884	1.191395550709488E-4
193.0	27.674095948838474	24.045713844506967	21.767885731116955	26.512113830399226	1.9064513838215676E-4
194.0	28.026093685319577	22.988071573893066	24.124838451604354	24.860996289183007	0.0
195.0	26.411976009654104	21.923379718514102	24.531565924708755	27.132434803687072	6.435434359642105E-4
196.0	28.477995464685847	22.282709526666878	25.810531604052795	23.428620138905636	1.4326568884650347E-4
197.0	25.29745088496146	23.774959915594685	23.913326936386035	27.01356971152124	6.925515365808109E-4
198.0	27.082005966843592	23.669611198865063	24.03840889589964	25.209830493157543	1.4344523416358638E-4
199.0	26.294759960709463	23.048382760521864	25.71282331442941	24.94353122163843	5.027427008343374E-4
200.0	27.38417100274195	23.712944633274816	23.607978570067242	25.294833964949383	7.182896661102316E-5
201.0	25.75137581924789	21.475327441748423	28.366479983545002	24.40650547059208	3.112848665988704E-4
202.0	25.683868413925293	24.915270025979947	27.644110401725325	21.75675115836944	0.0
203.0	25.984262907649374	24.119501299447883	22.53903733068254	27.35655173239757	6.467298226283579E-4
204.0	25.95595178834168	23.563023994197046	24.56105342387193	25.919827061253454	1.4373233589480325E-4
205.0	27.801687944652244	24.212942921367482	24.92141587264017	23.06304290486128	9.103564788273842E-4
206.0	25.83926233229788	21.681675350019585	26.043350077089965	26.435640361837653	7.187875491620735E-5
207.0	26.626353407368246	23.1908997537974	26.1363685380205	24.046114700600484	2.636002133723909E-4
208.0	28.372665013539315	22.252003334376724	21.884004339099786	27.491303345353902	2.396763027725275E-5
209.0	27.675582097480607	20.453505433421203	25.232921692718115	26.637247670663218	7.431057168561067E-4
210.0	24.653266611171425	24.597595547082086	24.766478826774282	25.982227456335856	4.315586363514307E-4
211.0	25.365327569919643	25.025643018012346	25.232657777406853	24.375460309260674	9.113254004855446E-4
212.0	28.476681685251755	22.201553906515606	24.76022367846808	24.56115684772383	3.8388204072652555E-4
213.0	29.6924136116555	23.27261719691463	22.656181734555624	24.378403369978425	3.840868958193102E-4
214.0	27.599563766692047	24.939813736064437	24.07758034644035	23.383018129145235	2.402165792678679E-5
215.0	26.052579894212496	24.933232950092712	22.907765195641417	26.106012789235635	4.0917081774472744E-4
216.0	26.322045008071417	24.672450108885798	25.707417664148945	23.298038647110694	4.857178314544553E-5
217.0	29.623443724139587	23.193427516668287	24.604659849949318	22.577661105961024	8.078032817865084E-4
218.0	24.348021860232947	24.809384555149986	24.854955507839634	25.987267781928917	3.702948485074402E-4
219.0	26.435759058343137	22.517624943200563	24.76216441647526	26.283854020777703	5.975612033388732E-4
220.0	27.73020687986107	21.801452636795048	24.895937532267553	25.572002927174896	4.000239014281104E-4
221.0	26.353147968104167	23.103866324013563	23.885129497856823	26.657579362692406	2.76847333041553E-4
222.0	25.52623165746879	25.040407085034786	23.713531098029048	25.71962701308542	2.0314638195024083E-4
223.0	31.423159876043044	22.824762243930824	23.142916375239192	22.608366119458665	7.953853282709196E-4
224.0	30.160761065380388	22.3978983019799	24.572639127376465	22.868547135121727	1.543701415214001E-4
225.0	30.88505886222454	19.899667367924586	24.178426699929876	25.035942054168554	9.050157524456111E-4
226.0	25.29620098883233	22.606756533952762	25.92614332433826	26.170664362591335	2.3479028531715472E-4
227.0	27.184781125408925	23.970275437983645	25.30107341623291	23.542658192300255	0.0012118280742629318
228.0	27.719021264246642	27.954517617386415	22.6901609242716	21.636194376816917	1.0581727842721663E-4
229.0	27.219237711236033	26.167628474047195	21.587333993609747	25.02577316839927	2.665270775519168E-5
230.0	26.077464907923343	22.997228310935316	26.899891168824258	24.025415612317076	0.0
231.0	24.906022561097885	25.16804411600695	24.29682787305848	25.62761299069004	0.0014924591466444227
232.0	25.368601903396137	24.784557613598196	24.330167554628986	25.51634551870287	3.274096738099272E-4
233.0	23.37702965177541	25.16590424809138	22.21596864735635	29.240601331754196	4.961210226597765E-4
234.0	27.51068307357102	21.33480117822795	26.181457618075854	24.97179981757264	0.001258312552534549
235.0	25.938237980898403	21.8992428934649	27.459691218186393	24.70265821603414	1.6969141615971357E-4
236.0	29.14744793887994	23.293913309128104	23.556589517151185	24.00182039789596	2.288369448093917E-4
237.0	27.527307549199737	24.856691250912174	22.034762142377105	25.581123683656426	1.1537385455395026E-4
238.0	27.353602594041753	22.64232377455969	24.034717268079696	25.969356363318862	0.0
239.0	27.949532043511145	23.258481017529682	23.96615141867119	24.824740192748042	0.0010953275399387505
240.0	25.12875440138022	22.210504551108848	25.995882424623357	26.66473645776736	1.2216512020895123E-4
241.0	29.23258299654573	21.612696548634272	23.358334365486037	25.79400066975242	0.0023854195815423574
242.0	26.989764430522722	24.033363507047717	21.13959806651251	27.836262757689546	0.001011238227501635
243.0	28.208976044176598	22.81591999444474	24.58644357141672	24.386294488925433	0.002365901036510462
244.0	26.623484353439558	22.788170992849494	25.983506219564333	24.603884253589182	9.541805574322817E-4
245.0	29.241836588883448	21.037949063610768	23.32780582681282	26.39064934776349	0.001759172929476609
246.0	24.76908184002392	26.506142925471444	23.252743732861813	25.469527150719568	0.002504350923255248
247.0	25.801940175845477	23.295931357540496	24.838019116657225	25.928097469912526	0.13601188004427744
248.0	25.889748858369572	23.062315228678216	23.92089204623545	27.116898798445416	0.010145068271345519
249.0	25.69767047521086	22.031717229983364	27.914068340982467	24.341391915407446	0.015152038415862162
250.0	27.539481076456763	22.27928664380764	24.50922622889079	25.671133093020515	8.72957824289802E-4
