# Position (bp)	A	C	G	T	N
0.0	24.32431929585499	23.868562972180186	24.766214643813854	27.04090308815097	0.0
1.0	23.16895625426253	30.027048218204428	23.915282939208783	22.81342296825198	0.07528962007228324
2.0	24.82677834731191	26.72596464021687	22.54813212863053	25.898255538653675	8.693451870090974E-4
3.0	25.992988139047817	22.161635019165175	24.218142021323878	27.620674252654304	0.006560567808827641
4.0	26.183103987887236	23.46884794881619	24.041711481736225	26.30622579409226	1.1078746809090113E-4
5.0	28.000694995351022	23.919220439503402	22.555439620526634	25.52405471502147	5.90229597468948E-4
6.0	26.375151450425534	23.58691689284491	23.915117790683542	26.117473972622918	0.005339893423092645
7.0	25.514898464449924	25.32381595447092	23.422912446545126	25.737601455166807	7.716793672229189E-4
8.0	27.947394752564787	24.353071942370867	23.578351382769593	24.12112692426643	5.49980283206847E-5
9.0	25.79171155636487	25.54956335009866	22.157658719238356	26.500919994847443	1.4637945066719755E-4
10.0	24.657758327784737	24.82724108643694	22.913272091930462	27.601728493847865	0.0
11.0	27.289294818461407	22.72746040901894	23.03017092812973	26.952967518250436	1.0632613948394609E-4
12.0	27.909567370665005	24.033268686967606	20.34837337735582	27.708790565011572	0.0
13.0	25.23199305956401	23.503226542328708	24.59126431378513	26.67339511058728	1.2097373487396264E-4
14.0	26.43897944533557	22.010744425425795	23.412605040437267	28.137636913333235	3.417546813129053E-5
15.0	25.527346027311687	23.369702684310198	24.365159060578332	26.73775848008387	3.3747715912402406E-5
16.0	26.374819752468927	24.589438026775074	21.716302358249617	27.319356722501276	8.314000510812191E-5
17.0	28.191182563543514	26.786381180185487	19.306163575875896	25.71517763091766	0.001095049477440755
18.0	25.612612903555608	25.89653014026112	19.963836457829405	28.526906899002224	1.1359935163981477E-4
19.0	25.093420048018995	24.772001803739517	21.820146246269857	28.31406056283066	3.713391409698636E-4
20.0	23.090993129097782	25.001680545000344	23.907072198619723	28.000222040504102	3.208677804949931E-5
21.0	23.94490354967217	24.795282289582435	23.255122701599973	28.00453216744552	1.5929169989889756E-4
22.0	22.78632769819001	27.002052496614827	25.710515725887745	24.501088292086322	1.5787221097031894E-5
23.0	25.80401423447261	23.851294253778917	23.11347251798765	27.230967445757997	2.5154800282677065E-4
24.0	28.177016207847956	21.680918847064667	24.222715595215753	25.91933377513665	1.5574734976415958E-5
25.0	25.40238536940492	24.543318873507793	20.216055887650324	29.837961944333145	2.779251038166065E-4
26.0	26.281592118042607	25.147129379863486	19.91704851706486	28.654137837191975	9.214783707525222E-5
27.0	25.47501690319392	24.882987611372247	19.749166254652113	29.89275262441907	7.660636264869869E-5
28.0	27.245029090739852	23.784899375101286	22.686380767533464	26.281052975784323	0.0026377908410747694
29.0	27.27742951072304	24.087373519614193	21.97772545620225	26.657215674500605	2.558389599092825E-4
30.0	23.875288546172847	24.7512847490779	24.535967516866467	26.837264817768297	1.943701144884829E-4
31.0	26.479024990696647	24.714213769201272	22.19339909587169	26.61294568715566	4.164570747281651E-4
32.0	24.56192692044084	22.435105250099742	24.533167969364644	28.46960833019519	1.915298995852936E-4
33.0	23.55922122637614	25.111810158680687	24.63038078636723	26.698485685527235	1.021430487131873E-4
34.0	26.210104639630398	26.842480269191576	22.379082145163068	24.568304005663048	2.894035190889114E-5
35.0	25.757037210513438	21.947061183817713	25.810532306987128	26.48516888890098	2.0040978074167937E-4
36.0	24.2003966483387	24.493092118058655	25.940581117845856	25.365772806421422	1.5730933536519791E-4
37.0	25.328325485697555	25.01275216987034	21.53548419931813	28.12340955280485	2.8592309126321966E-5
38.0	26.909757209604134	24.993118056419075	21.429557626093928	26.667509937011992	5.717087086958324E-5
39.0	23.384870186148568	27.684385541101232	21.223751965766898	27.706849407072546	1.4289991075900574E-4
40.0	26.518109988712514	26.302304647873235	22.513695009215734	24.665818914400834	7.143979768249297E-5
41.0	24.732658290635996	24.409971004289353	21.385693811238724	29.466833798689535	0.0048430951463900515
42.0	24.2543102044408	25.85979814763918	20.614285200026742	29.271535023035945	7.142485733598995E-5
43.0	25.990742047410727	25.931580050951876	22.34413770604572	25.729740801323675	0.0037993942679995585
44.0	28.475402863812793	24.81328890027612	22.81398698713538	23.897021334208514	2.999145671932881E-4
45.0	25.65739045205982	24.213767416463234	21.531429312320295	28.593543128629083	0.0038696905275687607
46.0	25.460037251020335	24.416723123831442	22.42238716360394	27.700852461544283	0.0
47.0	25.688459779146932	24.598556694319463	22.692489773681856	27.018823392356545	0.0016703604952033528
48.0	22.757444500738565	24.00085630490163	22.42848070102828	30.813218493331522	0.0
49.0	22.778781563781735	25.852935463988647	24.3306072944172	27.035920380274508	0.0017552975379169242
50.0	27.35920619962477	24.492972795875744	20.15955403524133	27.988195621289545	7.134796860917695E-5
51.0	24.76303447701226	27.159534028798397	20.86677697354989	27.208200508750906	0.002454011888546199
52.0	23.284488271759734	25.961432892900426	21.425169055234463	29.328909780105374	0.0
53.0	22.764867016864336	25.28788525617214	23.746881891664472	28.198930016335638	0.001435818963415475
54.0	23.491724802138013	28.182640742333405	22.350348102053076	25.975229491476032	5.686199948113425E-5
55.0	24.03605139017484	27.713148562751055	22.59544203575647	25.653940116636015	0.0014178946816188387
56.0	26.78486214040835	25.121675008002974	24.647223995148025	23.446238856440647	0.0
57.0	22.54382581352218	27.41877111232362	23.270892810033352	26.76133606587704	0.005174198243806236
58.0	25.248931248369942	25.398584825427783	21.654608955968566	27.697690702711284	1.8426752242394005E-4
59.0	27.775509310314867	22.285796003185524	24.22208298036657	25.713762933040087	0.002848773092955466
60.0	24.3523525042134	22.975789789943633	23.397532829400333	29.274254116562187	7.075988044976678E-5
61.0	25.667782384859667	23.58907684814469	22.913844235476443	27.823268426967534	0.006028104551671752
62.0	25.36272630952192	21.80817827202195	24.814894262486217	28.013861564340164	3.3959162974551E-4
63.0	26.625464969360486	23.974619641267914	22.109535391437348	27.28783318972165	0.0025468082126075494
64.0	25.770198544839623	21.24838067192035	23.544906705659997	29.436457587338506	5.649024152261537E-5
65.0	24.79855034765616	26.131884245847797	23.392815736726323	25.671680066517716	0.0050696032520022105
66.0	24.593773758191457	23.740582860099344	23.20365479354873	28.46150848206267	4.8010609779930663E-4
67.0	26.988627699050564	24.309133423325218	21.47224277476236	27.229445420297875	5.506825639780179E-4
68.0	24.149779973283632	22.096747936371496	26.39549687548932	27.357819903540374	1.5531131517762886E-4
69.0	23.24797940707814	24.908856949955823	24.733545471000117	27.10670972671627	0.002908445249647669
70.0	26.633160728694943	23.21349124317631	24.016235324235645	26.136830762308016	2.81941585086869E-4
71.0	24.20640963823571	23.054910005738584	25.900269548980393	26.837496795687105	9.140113582082227E-4
72.0	27.844293360433227	25.380839125522392	21.759471979564854	25.01363805337456	0.0017574811049691442
73.0	25.496198272104166	22.582821776283893	22.89153425505209	29.02555182302865	0.003893873531204898
74.0	24.608461531758362	25.173867957332252	23.99497279083476	26.222037132871634	6.605872029922633E-4
75.0	25.6165089737532	25.080593863426255	21.94249973226731	27.358275244943787	0.002122185609445328
76.0	26.780147513295503	24.11323237714744	24.72376742694393	24.381981352983782	8.713296293391865E-4
77.0	24.3451004529923	24.76475948968629	23.686838771419115	27.20261269825879	6.885876435055294E-4
78.0	27.39154928469118	25.969686200561892	20.207138628418683	26.431049743989043	5.761423391969166E-4
79.0	27.486785449261003	20.931986077033837	22.461019587057674	29.117370447378775	0.002838439268711252
80.0	24.091832552409397	23.353866806463454	27.684836736617985	24.866990951380195	0.002472953128967175
81.0	25.233466801811815	25.252069398363364	21.441136410704868	28.072793477738568	5.339113813889171E-4
82.0	23.218901570850402	22.43963017590613	23.491200478367123	30.84908759283045	0.0011801820458905358
83.0	25.913245200679814	22.193095059435944	23.862199032261373	28.030547508082165	9.131995407027787E-4
84.0	23.59997437602675	25.76180044375552	24.697506467103118	25.939496517022103	0.0012221960925126582
85.0	25.714700311345133	26.88606543698169	21.165653479215845	26.232892453041163	6.883194161702807E-4
86.0	25.84211094819029	24.56640298589434	22.57369045814774	27.01594150357456	0.0018541041930706789
87.0	22.894356814746548	21.878582345527082	25.394333640543675	29.831856410953616	8.707882290779784E-4
88.0	24.499325946150687	26.7762080830004	25.782703689747876	22.94090558176135	8.566993396814285E-4
89.0	26.608322190931588	26.293198545030073	22.616915169961594	24.480524869967084	0.0010392241096622986
90.0	24.449171898923346	25.591081990565716	24.79670486842462	25.16284464189345	1.9660019286478917E-4
91.0	26.69432757193972	25.290027372107748	23.58498925013231	24.43005199900077	6.03806819450387E-4
92.0	25.50204062605222	24.121581603839683	22.836449150598007	27.539872454202108	5.6165307981062184E-5
93.0	26.726859925358674	26.40998531323802	20.592651564294602	26.2701802568358	3.229402728985715E-4
94.0	28.117024605966307	23.596235877273863	23.051903058802516	25.230778778250894	0.004057679706420555
95.0	24.30145204750154	26.16472393912812	23.506507145111527	26.024859911336147	0.0024569569226656662
96.0	26.348481221733273	24.129428702392744	23.897686296284075	25.623477203058542	9.265765313607548E-4
97.0	25.62038544173768	25.40912737602153	23.079125965201168	25.891136608823036	2.2460821658970323E-4
98.0	28.405205951833	22.780790864808615	23.792564855066516	25.02142429108232	1.403720955434246E-5
99.0	22.648637503875495	22.288085125674026	26.231129386920603	28.832147983529875	0.0
100.0	22.586646004269546	24.980341297254043	24.094615515351332	28.338397183125082	0.0
101.0	23.94579775729955	22.084809372707355	28.05568918105004	25.91357739180124	1.262971418114827E-4
102.0	25.331342069577378	23.87092917237422	24.530757489026133	26.266957235496456	1.4033525812495537E-5
103.0	25.56445834293851	25.46040671335053	25.39914870164865	23.575705628174532	2.8061388777773585E-4
104.0	26.51908610289494	26.792714795647644	22.5148725886147	24.172891580295143	4.3493254757390415E-4
105.0	27.312512206784618	23.518489209763633	20.38753314071869	28.778603162202632	0.002862280530431093
106.0	25.748297157891386	23.529898704272796	24.903284517146556	25.818435437916676	8.418277258486991E-5
107.0	25.970950816120887	24.0725286769635	22.559964239905785	27.39585475857026	7.015084395674331E-4
108.0	24.148751684822564	24.339856046123145	24.346210294190467	27.165125866713126	5.6108150704809545E-5
109.0	26.267262620731753	23.973948421959715	25.307958533804893	24.45011512153962	7.153019640228358E-4
110.0	25.006332080380815	23.61056766013712	23.110270199616906	28.27274591261757	8.41472475856051E-5
111.0	24.832451202306725	24.027846730785953	24.522415103653902	26.616599770561788	6.871926916356027E-4
112.0	26.150637560650193	23.80575614327098	23.8354440444766	26.208078110172263	8.414142996396925E-5
113.0	28.271544951442216	21.54070951642747	22.54784787121934	27.639140424571195	7.572363397719457E-4
114.0	26.341850593394206	22.56712583490978	26.509737049870918	24.581006056645553	2.804651795467963E-4
115.0	27.18035539332212	23.197866731290773	26.216182785248538	23.404992043998245	6.030461403223856E-4
116.0	27.164292847633398	24.391651460845694	24.536690520557276	23.90728102530919	8.414565444493108E-5
117.0	26.016191751989748	26.614350882625505	24.102060095274638	23.266625940461203	7.713296489019633E-4
118.0	26.851347896517964	24.64959262359604	24.647152446158678	23.85154240951254	3.6462421477824746E-4
119.0	27.256032040362914	21.104308726477473	24.710883070570308	26.92824324108275	5.3292150655227E-4
120.0	25.541571342602715	23.478350258979	24.71388756554413	26.26613473583413	5.609704002565879E-5
121.0	27.81721690952131	23.490417153490892	23.95673059999324	24.734878015908514	7.573210860489254E-4
122.0	26.395500627172385	24.07379877976264	24.55806225050544	24.972189560889575	4.487816699614721E-4
123.0	24.330679199474034	28.3648775852281	22.73693670244156	24.56674920398423	7.573088720697756E-4
124.0	25.005805950004877	24.676844188496478	22.84588035591876	27.47135731330926	1.1219227062570751E-4
125.0	26.794233009537184	23.979678913254354	23.969988448573435	25.25524417516826	8.554534667672456E-4
126.0	24.193081752803625	23.701669925122136	24.68488624996301	27.42026390474175	9.816736947491256E-5
127.0	25.87988605880828	23.03641888533742	27.598736504823652	23.48410309456468	8.554564659606861E-4
128.0	26.493881206408275	23.524546275839494	24.472734198013253	25.500101393224238	0.008736926514734834
129.0	24.47099311149505	26.41487816097112	21.98796194493684	27.122899230372248	0.003267552224740279
130.0	25.799426890699028	24.85825480883244	23.498953871474917	25.843350404883083	1.4024110531307634E-5
131.0	26.38948433225473	24.36520595001137	24.087709473937533	25.15695513145496	6.451123414057924E-4
132.0	26.287442868903156	24.63923439071149	22.52312240464594	26.544422364115995	0.005777971623427712
133.0	26.77835880352172	25.910200038061888	24.203712141642942	23.10562537541233	0.002103641361123277
134.0	27.173522040353753	22.824507547799318	20.705494391759107	29.296391874386174	8.414570164823198E-5
135.0	26.375041581656838	23.23145430056708	26.178478849030956	24.214506374545124	5.188941999969708E-4
136.0	28.219304685752434	25.92308053704923	24.62143667050233	21.23023177375325	0.005946332942754625
137.0	28.60558785828684	21.630778378954513	24.273539154556648	25.48989826743296	1.9634076903874366E-4
138.0	25.254232011497024	24.316045911813507	26.48445747570289	23.94405858008147	0.001206020905110275
139.0	25.945994687312346	23.934510508839473	24.802443017344068	25.31577564201988	0.0012761444842370913
140.0	27.24821387351815	21.52685942126501	25.18598910584151	26.038643102016408	2.9449735891963784E-4
141.0	26.11546029561428	25.14868433175878	25.153676821287522	23.58170174054172	4.768107976890383E-4
142.0	28.958805357614665	22.857848865094223	23.15625141992944	25.026841925460786	2.524319008851384E-4
143.0	27.287469071768083	25.02685249994355	23.66931295324769	24.016211210776735	1.5426426393998503E-4
144.0	28.318568929666167	25.46957451114227	22.55139890311422	23.659826568802327	6.310872750226455E-4
145.0	28.609958721531477	22.485419868246602	22.39416519857953	26.50972695963338	7.292520090191644E-4
146.0	28.14500437969962	21.174662645327352	24.734265967672403	25.94145310664169	0.0046139006589323295
147.0	26.75813548559363	24.274254438812488	25.901267414752137	23.062696473407513	0.003646187434228388
148.0	24.648977339420657	24.486425880335144	23.826908149520417	27.037099625350507	5.890053732716374E-4
149.0	28.099524158793244	24.470986027686582	23.80855280042297	23.61860899540427	0.0023280176929344663
150.0	25.7456849140531	23.836518923015582	24.95849105610057	25.459277057878033	2.804895271521576E-5
151.0	26.692745221347014	23.858665864824975	25.585098535086836	23.862901339251405	5.890394897683841E-4
152.0	27.774854350685963	24.047297809019177	22.843366329412888	25.334341261181407	1.402497005668893E-4
153.0	25.213172165354024	23.137558230780073	24.569991591906632	27.07850662724657	7.713847126977637E-4
154.0	23.316889964916886	24.92365278405414	24.62328501025116	27.133451314922485	0.002720925855331458
155.0	27.620314168526733	23.30499600868593	23.625437301723004	25.449070173206618	1.8234785771424717E-4
156.0	25.950452313128725	23.17204955666412	25.81690169294102	25.06035797906393	2.3845820220470037E-4
157.0	25.27626903647645	22.959622309462	26.22965513729745	25.53401867383849	4.348429256175927E-4
158.0	25.206046239364184	21.099990587556693	26.087547505835783	27.60620525494886	2.1041229447453107E-4
159.0	27.278528441117526	21.40074611518746	24.073857940723205	27.246320415427423	5.470875443877375E-4
160.0	26.868369012129662	20.96759554563427	25.84325270878805	26.320670508771972	1.1222467604593748E-4
161.0	24.683757302588987	20.512186003578613	28.424716962207153	26.37584669350274	0.0034930381225130517
162.0	25.786224224255115	23.80285088611466	24.208402833210116	26.202522056420108	0.0
163.0	25.31320082815038	23.787999563422556	27.306867088261317	23.59189043365103	4.208651472312545E-5
164.0	25.512933465394315	23.645977424305766	24.890586726748804	25.948762770025898	0.0017396135252145757
165.0	26.355731604593384	21.789337316977498	26.376355044156607	25.477874556736346	7.01477536163973E-4
166.0	25.10526696814296	23.485842062789228	25.587505569903552	25.821231069342915	1.543298213477988E-4
167.0	26.91224167755309	22.96111292492993	26.222184558395295	23.903969775153033	4.910639686583333E-4
168.0	25.858674947496503	23.588073988683263	24.12410918033928	26.429043667421343	9.821605961658695E-5
169.0	27.32694814442725	22.109034630716536	25.339228361239304	25.224381955153074	4.06908463836361E-4
170.0	30.9163766669459	23.027808963183823	22.66058589835929	23.395046059687115	1.8241182387829707E-4
171.0	25.534203565080198	23.177427257894415	26.485599754387874	24.801997675216132	7.717474213813887E-4
172.0	27.706682532309134	24.34206392485026	23.723974287336436	24.22715302602908	1.262294750873508E-4
173.0	28.48687661465185	20.508273469078627	23.080566393923156	27.922698674057017	0.001584848289345612
174.0	24.661633360636422	25.211687779809928	23.83021217867442	26.296031888513628	4.3479236560708235E-4
175.0	25.57486499754541	24.312616593028963	23.211305140612946	26.89951609509783	0.0016971737148467633
176.0	24.94574958710772	24.031915935215398	27.66699518500408	23.35389448529649	0.0014448073763167737
177.0	22.952132241571178	26.03295489045434	23.81821946843656	27.172015392117967	0.024678007419957113
178.0	24.94792601903394	23.223227913449453	23.855073846291972	27.97335136469743	4.208565272041659E-4
179.0	28.63603776258507	23.70002062379256	22.901444928160455	24.76129012344813	0.0012065620137800604
180.0	26.57185076093259	21.890357020152166	25.769901657410234	25.76765148017362	2.390813313904928E-4
181.0	27.923319344892526	22.043582753486266	25.90636138852317	24.126004133998332	7.323790997032739E-4
182.0	26.186379814222178	23.042024876577006	25.225222052936637	25.546246491612195	1.2676465198666268E-4
183.0	24.62601013007051	24.046810903988856	25.66380780952684	25.662666877199197	7.042792145934542E-4
184.0	26.181002093799517	21.894742061479725	26.390649686380836	25.52995778593661	0.0036483724033167225
185.0	25.383328910740815	23.88164748050256	24.221792733088936	26.51268157277531	5.493028923755068E-4
186.0	27.99259315393546	22.74296424278296	25.282299378903332	23.982129138637216	1.4085741032524258E-5
187.0	25.229003992788822	22.48765870404257	27.896126532008346	24.386477010138318	7.337610219371968E-4
188.0	27.832784054555137	27.337205426499896	22.15376738822245	22.675805664537947	4.3746618456952336E-4
189.0	25.555614515016412	23.22709998859699	24.764079048830855	26.452331464067534	8.749834882148192E-4
190.0	28.703107390682415	21.29070365642208	25.346789542433847	24.659145359943714	2.5405051794549343E-4
191.0	27.014763338954406	23.58531487834694	24.23686188907927	25.16256520522996	4.94688389423223E-4
192.0	27.041671484290962	23.085810628777008	24.355500812894594	25.51691813016434	9.894387309854612E-5
193.0	27.673655347593435	24.00637910102232	22.02679946234826	26.293038857608806	1.2723142718036498E-4
194.0	28.31200429785249	22.989594672924945	23.91974043233003	24.77866059689254	0.0
195.0	26.570133627521365	21.396565471659777	24.611230492238466	27.421462387309266	6.080212711292694E-4
196.0	28.71563130266739	22.15044477241962	25.693001913650544	23.44079442510884	1.2758615361344543E-4
197.0	25.14244368928198	23.965788276322538	24.08211108601465	26.809075617908213	5.813304726202564E-4
198.0	27.674317437517015	23.328987880689276	23.497456426055273	25.49911043438383	1.27821354602428E-4
199.0	25.96916403923511	23.292648517883872	25.631035332059493	25.106682566664958	4.6954415657277153E-4
200.0	28.039257650136136	23.38221068535965	23.363242406071443	25.21523233936514	5.691906763152076E-5
201.0	25.82766208541118	21.098095334456694	28.173717997704035	24.900239970525593	2.8461190249822366E-4
202.0	25.388220757508844	24.677338393810043	28.20298758453558	21.731439032266376	1.4231879153129184E-5
203.0	26.44340390879479	23.789406847224438	22.646921482426368	27.119627115555456	6.406459989521879E-4
204.0	25.22006586029007	23.80544218771891	24.5846997274236	26.389649842411426	1.4238215598477765E-4
205.0	27.209191260858002	24.37103192797538	24.813895392978317	23.605112508564797	7.689096235019789E-4
206.0	25.8889443004093	21.52166997094645	25.80851373485768	26.780786550551213	8.544323535937282E-5
207.0	26.652218549422702	23.112201936366755	26.339085803357477	23.896280065586247	2.1364526681730083E-4
208.0	28.453023877326867	22.37660674423011	22.05646166535843	27.113893467319507	1.4245765090182816E-5
209.0	27.55976338577875	20.759669232514106	24.869199913825828	26.8106835458621	6.839220192113696E-4
210.0	25.219050132670638	24.198215163429502	24.280130500195167	26.302290679451236	3.135242534524365E-4
211.0	25.383599539158812	25.125281575276286	25.312138364116425	24.1783247835566	6.557378918711025E-4
212.0	28.33517094022579	22.53090024768117	24.338457953315228	24.795271196406876	1.996623709307561E-4
213.0	30.118505104731003	23.015005604537283	22.26837135928045	24.597803991743387	3.1393970787910186E-4
214.0	28.022907446962407	24.29249294424414	24.079138711526085	23.605460897267367	0.0
215.0	26.674366301139212	24.279071858117536	23.27598164971349	25.770207997494275	3.7219353548500323E-4
216.0	26.39389282314402	24.1897243953835	25.642737157302953	23.77358774501512	5.787915440291792E-5
217.0	29.422804120427376	23.0528594485969	24.842951951975603	22.680830234669966	5.542443301534294E-4
218.0	24.474690721300384	24.352062854253784	24.71884223039316	26.45415390305258	2.502910000951106E-4
219.0	26.443161307492087	22.55536927137128	24.434932608563535	26.565987024100497	5.497884725999541E-4
220.0	27.431953408327626	21.651469889389716	25.201548337934444	25.714729768688393	2.985956598225058E-4
221.0	26.24687886642142	22.285814439430055	24.211218088001573	27.255863131443785	2.2547470316631118E-4
222.0	25.539806181640202	24.448320959714664	24.08342742775729	25.928218271602542	2.2715928530237024E-4
223.0	31.0641924124346	22.660172695482096	23.594682060085812	22.68034075139321	6.120806042826974E-4
224.0	30.44238170162428	22.676151405111693	24.122005530787337	22.759323330514924	1.3803196176085227E-4
225.0	30.809448312847536	19.631209383180995	23.712805533000296	25.845781216799946	7.555541712295457E-4
226.0	25.7902111183935	21.94543085370543	25.636118510261685	26.628005996814775	2.3352082460873584E-4
227.0	27.401991227485702	23.58702238638035	25.153217280017703	23.856637655433037	0.0011314506832076376
228.0	27.83390036465431	27.5481879280655	22.896031769960132	21.721690514710165	1.8942260989313251E-4
229.0	27.350892167208062	25.69482597418793	22.05569233186985	24.898573620456492	1.5906277666981716E-5
230.0	26.357463071821208	22.518035157879655	26.862404218650653	24.262081524314826	1.6027333655910136E-5
231.0	24.759006164305138	24.99896756836681	24.29853355840073	25.942310473488533	0.0011822354387866832
232.0	25.571506440964598	25.02389538503531	24.069089705123865	25.335101323109736	4.0714576649017713E-4
233.0	23.1637595128925	25.61524577736038	22.071046275804836	29.14937236882257	5.760651197178532E-4
234.0	27.78228961455237	21.45267466854679	25.812059731047825	24.951891810657642	0.0010841751953725401
235.0	25.6238928783594	21.883453635913128	27.88548242419622	24.606901186136096	2.6987539515661374E-4
236.0	28.565444449932397	23.49549212050385	23.835490811370455	24.1033504415078	2.2217668549642558E-4
237.0	27.63222194153287	24.279980038845565	22.450638936399013	25.63700378378453	1.5529943802310029E-4
238.0	27.120338546329574	22.533210469082317	24.170164076181656	26.176217033003024	6.987540342127445E-5
239.0	28.25761335877829	23.04127373410022	24.081331843440978	24.618931718870407	8.493448101050798E-4
240.0	25.501791448159583	21.71304085289414	26.244259745033133	26.540652709925418	2.5524398772786905E-4
241.0	29.324845476836636	21.65212289838729	23.48799557104505	25.532863207263805	0.002172846467216403
242.0	27.230959494686736	24.030429897225815	20.642188153843087	28.095690561678143	7.318925662220968E-4
243.0	28.31574278207712	22.966593545447243	24.661479572837063	24.053927724829403	0.002256374809171228
244.0	26.7609991213203	22.728484295898145	25.483843690601805	25.025717006312526	9.55885867227453E-4
245.0	29.0065204952886	20.720046215634262	23.463224203872127	26.808513774857257	0.0016953103477505352
246.0	24.532933330256387	26.53615489349918	23.279108300833084	25.649717305517733	0.002086169893614566
247.0	25.785600884930687	23.1222756608706	24.603046354649376	26.357100112041614	0.13197698750772102
248.0	26.189012575869135	22.311469913930196	24.42265698709537	27.06731636152839	0.009544161576910468
249.0	25.504782443203954	21.428720257861627	28.073185315162764	24.977666304639417	0.01564567913223594
250.0	27.702194904279093	22.356183778778345	24.2056808497789	25.73463570732522	0.0013047598384483647
