# Position (bp)	A	C	G	T	N
0.0	24.045125160245597	24.40045880844747	25.34096214830308	26.213399905539436	5.39774644086094E-5
1.0	22.80630871593809	29.854834026382743	23.553498404612643	23.710693755121103	0.0746650979454169
2.0	24.13951482028023	27.11340145267056	22.593749143852634	26.152528797439967	8.057857566086519E-4
3.0	25.542259470821314	22.277645437183782	24.762511553709587	27.41060568812874	0.006977850156572222
4.0	25.63322777749172	23.46949393268455	24.392249369239483	26.504975284485866	5.363609838147709E-5
5.0	27.907809171071303	24.091798591374204	22.116410962075133	25.88296317253737	0.0010181029419959963
6.0	25.748026442461974	24.065635496224033	23.955939926833963	26.224675352459194	0.005722782020837345
7.0	24.97840101903432	25.86808158891656	23.69505600793199	25.457767655265855	6.937288512757407E-4
8.0	27.29955971545599	24.14100826439236	24.04846539738557	24.510966622766077	0.0
9.0	25.67318012920548	26.073689462189897	22.570482728101503	25.682381738050942	2.659424521808877E-4
10.0	24.830214148865217	24.88585724649042	23.60484365990216	26.679084944742204	0.0
11.0	26.98467123737039	22.57176033845793	23.275482219136876	27.168035028983557	5.117605124565067E-5
12.0	28.263680251431044	24.752812355982442	20.456222439918708	26.527284952667802	0.0
13.0	24.794906129587627	23.248510023029738	25.203081563041117	26.75345259773976	4.968660175940257E-5
14.0	26.612641688005013	22.057332156473898	24.051598646448102	27.27842750907299	0.0
15.0	25.12302224404559	23.74515377901329	24.739915849015386	26.391859798621454	4.832930428033316E-5
16.0	26.36473563026232	24.915508450104866	21.951797547037906	26.76791087875011	4.749384479771421E-5
17.0	28.3754791052057	26.927547678227135	19.114358057097725	25.581407233617504	0.0012079258519361658
18.0	25.306255857620126	26.195300258207816	20.017259954554316	28.481137829311777	4.610030596773071E-5
19.0	24.95654199992111	24.568561817686465	21.933103575435293	28.54128808136255	5.045255945834132E-4
20.0	22.240525684325615	26.082372856380083	24.288204030137344	27.388897429156962	0.0
21.0	23.234211737021585	24.49748046064611	24.0956093059291	28.172427602466758	2.7089393644557356E-4
22.0	22.133591413708764	26.773368855097186	26.375266781511243	24.717728309396467	4.4640286340652706E-5
23.0	24.65910785685371	24.04057504243397	23.70203541017137	27.59801536855412	2.66321986833041E-4
24.0	27.648598124266883	21.31777901662062	25.361394296125255	25.67218459774441	4.396524283762229E-5
25.0	24.281337402193238	26.22940770089271	19.94603644844007	29.543044540798956	1.7390767502394492E-4
26.0	25.834106654362653	25.699142693714762	20.011690540253305	28.454973707085003	8.640458428162365E-5
27.0	25.273873706228883	25.333834731562415	20.18976458405485	29.202526978153852	0.0
28.0	27.492086636689645	24.057987184460895	22.966021829938384	25.48139183210596	0.0025125168051176984
29.0	27.903772396696652	23.99544220509656	22.325739114684147	25.774709293141612	3.3699038103081146E-4
30.0	23.373623076235127	25.10240994569619	25.384418643332552	26.139339377491293	2.0895724484021875E-4
31.0	25.784535170909912	24.72434689244127	23.134293008366825	26.356409412593784	4.1551568821032405E-4
32.0	23.79078346550321	23.34490042617482	25.073381231027238	27.7908525882776	8.228901713175048E-5
33.0	23.51439351081192	25.648979857631836	25.522850944847598	25.31365358708349	1.2209962515415077E-4
34.0	25.886464917369985	27.044160058187146	22.737617996083497	24.331636073932184	1.2095442719410322E-4
35.0	24.82263846006269	22.112767119222614	26.543225880047082	26.521208998044404	1.595426232077879E-4
36.0	23.5346275621726	24.9582660016857	26.118449236753015	25.38845794420456	1.992551841217529E-4
37.0	24.8098750638862	25.75369783091658	21.140865139665294	28.295561965531924	0.0
38.0	26.71923684696797	26.234858959736464	21.00391229825221	26.041912247277637	7.9647765720876E-5
39.0	23.083186250835613	27.839700847537596	21.675056308077348	27.401857519562007	1.9907398744002398E-4
40.0	25.565123167691254	26.572303322010633	23.64132587439089	24.221168020069562	7.961583766012238E-5
41.0	23.470018512422747	24.85257926091212	22.11416564538541	29.55830099662987	0.004935584649854102
42.0	24.347823664445386	26.560932938108717	20.804413164673033	28.286790434375625	3.9798397238946395E-5
43.0	26.21158749916434	25.78094408878051	22.765564762847674	25.238003902929744	0.0038997462777319715
44.0	28.967368859131536	25.164222003480592	22.857435009465394	23.01081497879736	1.5914912511747194E-4
45.0	25.740766746243505	24.527064147736834	22.216338937659152	27.51173264410058	0.004097524259929436
46.0	24.8997336971546	24.369315707094714	22.887566103366872	27.843384492383816	0.0
47.0	24.50278342647216	25.1973176335645	23.857327568549607	26.440781642311105	0.0017897291026258506
48.0	22.936674577391177	24.634147214222924	22.507435935257963	29.92174227312794	0.0
49.0	21.728056114773857	26.10164680514078	24.85926781097043	27.309319810321632	0.0017094587932970134
50.0	26.229495815188553	25.52693245668606	21.02617817696853	27.21731404868334	7.950247352070741E-5
51.0	24.525930730562685	27.751970519314114	21.603854873120497	26.115700245778367	0.0025436312243450943
52.0	22.431143185693326	26.57714421666204	21.42872437447956	29.56298822316508	0.0
53.0	22.558202676955055	24.766464999236128	24.53591820160041	28.137791389383842	0.0016227328245604176
54.0	22.56957801238244	29.30065014935864	22.46778934970817	25.66194291286542	3.9575685332142896E-5
55.0	23.605001016065675	28.801890868627638	22.741798968939957	24.849691333058438	0.0016178133082901094
56.0	25.91649951630288	26.491333694199266	25.032075510406983	22.560091279090873	0.0
57.0	22.949753921554706	28.19566668402392	22.53172037157135	26.317415158558465	0.005443864291563904
58.0	24.70337981937536	26.0426621880612	22.224829833633954	27.02900983034442	1.1832858507016688E-4
59.0	27.633039738095118	22.965896914193497	24.85225256420925	24.545892315634667	0.002918467867471585
60.0	23.827338412773415	23.41551001122202	24.30393951922509	28.453093930265982	1.1812651349595417E-4
61.0	24.68512039068655	24.517557311415747	22.904132737046048	27.886772083896506	0.006417476955155223
62.0	24.945976557625073	22.116797717886023	25.56890454355949	27.368084969849626	2.3621107979564593E-4
63.0	26.182703273403796	24.19180548770382	23.044600535141864	26.57829254552977	0.0025981582207497576
64.0	24.857647666977243	22.050313536512746	24.113283232434963	28.97871628362995	3.9280445094579456E-5
65.0	23.62394707963114	27.095805443332203	23.77693131302499	25.497856649649215	0.0054595143624504815
66.0	24.2948046755642	24.350928098393904	23.73329552497198	27.620264758025176	7.069430447408543E-4
67.0	26.47456399687077	25.92902990678283	21.37994087134648	26.21560123032841	8.639946715092259E-4
68.0	23.295419291550395	23.119803083650964	27.338519090408575	26.245983643188076	2.7489120198926985E-4
69.0	22.627560376627954	25.453997843397346	25.074432635225502	26.841064039161267	0.002945105587925538
70.0	24.769879725894214	22.951615938279154	25.020659861065376	27.257295635947376	5.488388138809176E-4
71.0	24.03116135572924	22.959984867208977	26.841123672265642	26.166753039260055	9.770655360845934E-4
72.0	26.702860874264793	26.459755534739916	22.096520752661323	24.739221554897217	0.0016412834367537288
73.0	25.24527990765933	22.458062401068453	23.23279094129889	29.060232828843485	0.003633921129844691
74.0	24.026009798018908	25.921343138905804	24.198113926290986	25.85351731219064	0.001015824593660395
75.0	24.87055801965979	24.638845838146832	22.93806045457156	27.550386948794774	0.0021487388270464494
76.0	26.78816290653384	24.41125109874011	25.405137220431683	23.39443305010255	0.001015724191815607
77.0	23.683791100398846	25.843962045244133	24.15775677861158	26.313982241424437	5.078343210059808E-4
78.0	27.12946766531016	26.4241958807909	20.423819319173468	26.022204635457886	3.1249926757984163E-4
79.0	27.093190629180786	21.211722312822868	23.086003339745904	28.606427546067987	0.0026561721824555923
80.0	23.507862319378358	23.52606412190364	28.612725794141518	24.35061358823148	0.0027341763449999336
81.0	25.19406368616717	25.41689418422165	22.08146729879441	27.307184242739552	3.905880772208252E-4
82.0	21.96041716953703	22.743684143511196	24.465746618953546	30.82882409965699	0.001327968341234745
83.0	25.064110826000523	22.44363207455056	24.536929632363567	27.954507285942487	8.201811428638382E-4
84.0	23.236009257255958	26.59570895099794	25.038135801726636	25.12897438320759	0.0011716068118782185
85.0	24.502224787499014	27.556982599248485	21.367059086325817	26.57330395588071	4.295710459742554E-4
86.0	25.391527579435046	25.413161418508178	23.048122014852375	26.145470776158884	0.0017182110455197061
87.0	21.45365416702298	22.49108046887233	26.569952669963097	29.48457078282967	7.419113119217729E-4
88.0	24.596895898304727	27.519744730996464	25.541191294396114	22.3413871505699	7.809257327914228E-4
89.0	26.451125470979836	26.841926478339808	23.165531109072095	23.540440817601468	9.761240067938231E-4
90.0	22.998531551725417	25.81427428552241	25.125536514619867	26.061540515858344	1.1713227396301822E-4
91.0	26.26131064489026	25.18342219431977	24.51122553199464	24.043416946992625	6.246818027067462E-4
92.0	25.758144800796423	24.644400632454275	22.67778016357922	26.919635362782802	3.904038728064183E-5
93.0	25.966308377776226	26.462731019427082	21.451540428814532	26.11934209555472	7.807842743800866E-5
94.0	27.51476217728354	23.848518941573555	22.885415210878765	25.74642393428518	0.004879735978957017
95.0	23.166226336137708	27.347570687103	24.08896862723054	25.394501801919965	0.002732547608786624
96.0	25.3567781604924	24.78366908474301	24.202167524912017	25.656643568468617	7.416613839557564E-4
97.0	25.36632452957451	25.24579068329576	23.54375753336539	25.844088220783036	3.903298130788591E-5
98.0	27.466128448044362	24.05828654755288	24.955465037126782	23.520119967275974	0.0
99.0	21.666527462182565	22.70267717543434	26.739477116734278	28.89131824564882	0.0
100.0	21.88439836052394	25.12810845956846	24.991316334423768	27.996176845483827	0.0
101.0	22.833050525990437	22.327548661335214	28.89165798991884	25.947586719346365	1.5610340914235226E-4
102.0	24.831152286118424	24.51668024942312	25.144180179167485	25.507987285290966	0.0
103.0	25.375803397334522	25.857373458577715	25.446639742350847	23.31991020371206	2.731980248563369E-4
104.0	25.169830672789388	27.91167009723455	23.203791343416626	23.714395661951297	3.1222460813860273E-4
105.0	26.83698201872675	23.401883603748473	21.573351651568434	28.184699329849227	0.003083396107114839
106.0	25.906707439635774	23.367282619513652	25.09141718592357	25.634475665992106	1.1708893490050368E-4
107.0	25.139793012281338	24.71511575489788	23.33796870712881	26.80661514545616	5.073802358225277E-4
108.0	23.26785223668107	25.067125408996677	24.98185272373055	26.683091577790545	7.8052801158928E-5
109.0	25.695277246497223	24.96933619047582	25.7972102665127	23.537629948014942	5.463484993172595E-4
110.0	24.361303756706175	24.633414033756814	23.224590683393664	27.780613479312127	7.804683122060562E-5
111.0	24.72916396741226	24.347300771609515	24.872269980596588	26.050640874542818	6.244058388189988E-4
112.0	24.667477842262507	24.557391583962136	24.05398402207813	26.720912408645187	2.3414305203907379E-4
113.0	28.09491365100772	22.369180964511376	23.039275367748058	26.496044679203816	5.853375290327415E-4
114.0	26.138911295279282	22.516412599662907	27.80415162771857	23.540134235416563	3.9024192267512396E-4
115.0	26.396964523927167	23.72144776784634	26.60955244524895	23.271684007003262	3.512559742786959E-4
116.0	26.637358760231844	25.12456966046254	25.033789044738917	23.204165448647874	1.170859188180879E-4
117.0	25.53916261483233	26.8796829616886	24.074491826209677	23.506116194822134	5.464024472585038E-4
118.0	26.070352504058945	24.344284688397654	25.77280036218309	23.812289246908954	2.731984513550643E-4
119.0	26.753004366972434	21.6403798785959	25.16049765298161	26.445688780717408	4.293207326397332E-4
120.0	25.61226058903469	24.247119496874983	24.638888216730294	25.50165364023314	7.80571268888849E-5
121.0	27.415017547584554	23.518759054803418	24.944305153119846	24.121293775291004	6.244692011789978E-4
122.0	26.745266615486152	23.914700529589535	24.530974294085528	24.80855117901875	5.073818200410355E-4
123.0	23.693248832836233	28.028986095510334	23.529990312989572	24.74711126479884	6.634938650234917E-4
124.0	24.85038400203573	25.465825418991145	23.15322692065415	26.53048560119209	7.80571268888849E-5
125.0	26.429032229108802	23.930740647798025	25.17243223012351	24.46705337486355	7.415181061159242E-4
126.0	23.67058882300575	24.158201227734192	25.798965843324755	26.372166050483926	7.805545137321005E-5
127.0	25.90265993733794	23.23807836348054	27.62395426637464	23.234448834569974	8.585982369075477E-4
128.0	25.89103085722314	23.50655762337133	25.069186292703584	25.52389761482427	0.009327611877679495
129.0	23.776028911581218	26.9377257497673	22.780593179161652	26.502490930981796	0.00316122850803674
130.0	25.470854573193456	24.99630201041838	23.92164086920513	25.611202547183034	0.0
131.0	25.93614277640917	24.67528108481096	24.61970419355745	24.768403600633203	4.6834458921496077E-4
132.0	26.6114959970432	26.046012244797602	21.999655768742162	25.336357260528032	0.006478728889003372
133.0	26.753758779331438	25.8402711972362	24.774106377631067	22.629912249616353	0.0019513961849424025
134.0	26.150798993866804	23.062930158042526	21.913916679838504	28.872237085257886	1.1708299428049573E-4
135.0	26.14453618321945	24.378187506146705	26.508226048920758	22.96865999466115	3.902670519383003E-4
136.0	27.642949720897143	26.645297986158624	24.272952956250144	21.432203743721015	0.006595592973078662
137.0	27.86415189772638	21.72373837130113	24.934794987165844	25.477197661634865	1.1708217178062079E-4
138.0	24.56972330309829	24.760710234113137	27.660324240705975	23.007798307810525	0.001443914272077937
139.0	25.426197949410785	24.04796441576393	25.01866353845079	25.5060814061986	0.001092690175895801
140.0	26.009514257727893	21.60544318567632	26.441714439583684	25.943172017623624	1.5609938848064564E-4
141.0	25.37785643621349	25.50133370277648	25.462073863913538	23.658423791618453	3.1220547803536896E-4
142.0	27.905738811713338	22.85799473308742	24.12196009072702	25.11418928728089	1.1707719133379019E-4
143.0	26.36543402016916	25.806940061121743	24.428442254159826	23.39914463904728	3.902550199478853E-5
144.0	27.826738183288402	25.213784953722858	23.207531412104647	23.75112590286873	8.195480153669157E-4
145.0	27.375103126217127	22.480188448770953	23.716181040074243	26.42743465680922	0.0010927281284611188
146.0	27.547108253369114	22.196881356355536	24.856969804823297	25.394162338686137	0.004878246765917524
147.0	26.07769066564682	25.181407001838068	26.92804208439513	21.808957763407964	0.003902484712016141
148.0	24.168394827770566	24.53480140521547	23.532480973316986	27.763698392244308	6.244014526699796E-4
149.0	27.188783811048772	25.01160027614316	24.597775790955414	23.19957665333692	0.002263468515738326
150.0	25.335681654450244	23.84520281392664	25.310080635404802	25.509034896218306	0.0
151.0	26.200421569595473	24.451582915386744	26.07573032190636	23.271913950160187	3.512429512369411E-4
152.0	26.813395672671643	24.70089606294296	23.86903275156889	24.616597458553187	7.805426332386275E-5
153.0	25.254046122084194	23.254225646189212	25.531176702454406	25.960005151561273	5.463777109115532E-4
154.0	22.35641646980493	24.9190469927475	25.370206093067566	27.351910732942304	0.0024197114377027726
155.0	26.950528714171195	24.200332988064417	24.40862615494014	24.440356030276465	1.5611254778019666E-4
156.0	25.837581262252517	23.629581899197923	26.35767528975747	24.17496640620335	1.951425887381651E-4
157.0	24.664106624119846	23.104117286844065	26.70676766852822	25.52481327548194	1.951450259289196E-4
158.0	24.513777681331035	21.714372025692473	26.50679058338092	27.264981650183774	7.805941179891427E-5
159.0	26.057593868810624	22.23742668648885	24.21501315515748	27.489615016980125	3.512725629197463E-4
160.0	25.970878144244754	21.67539271102729	26.22579000820433	26.127900105461926	3.903106169952171E-5
161.0	24.126210806973063	21.035772010565058	29.24558680203323	25.588371100896122	0.004059279532527124
162.0	24.896350426503062	23.436279029101506	25.59037907133417	26.07695244102454	3.9032036715095016E-5
163.0	24.869786177662238	23.949858310499074	27.599007002505914	23.58127044349204	7.806584073007175E-5
164.0	24.92492844147424	24.474674741957987	24.964820880217683	25.633624251480057	0.0019516848700314494
165.0	26.600377778740636	22.2871110621875	26.673060565996714	24.438982175541813	4.6841753333669035E-4
166.0	24.51427317810478	23.642205573737726	25.893693631798538	25.94974954405776	7.807230119669223E-5
167.0	26.63393519731205	23.899450862392367	26.69569219562525	22.770687520909348	2.3422376098558237E-4
168.0	26.228625033816975	24.73966293498981	24.275340678010433	24.75633231482251	3.903836026394616E-5
169.0	25.95447115495353	22.574260286074903	26.135576188455424	25.335614291174263	7.807934188484313E-5
170.0	30.84840743045562	23.000533290024666	23.851454913568755	22.299487245154907	1.1712079604662658E-4
171.0	25.459737199330522	23.966886975098472	27.007049635571672	23.565974820889597	3.513691097360867E-4
172.0	26.73109744957472	24.927857926961615	24.361769073536507	23.979197474090533	7.807583662162732E-5
173.0	29.12894203161628	19.588976657668578	23.885925310004666	27.394906808293857	0.001249192416621286
174.0	23.79479175775443	26.16574121497545	24.37457839377397	25.6646153702015	2.7326329464966083E-4
175.0	25.70448570650014	24.57183525055885	23.152830708713676	26.569755230695595	0.0010931035317394322
176.0	23.633466751412914	24.56125076716697	29.012615114087293	22.791457078472007	0.0012102888608136577
177.0	22.046727297076647	26.687245553941295	24.80648726905854	26.43369263091807	0.025847249005447052
178.0	25.180650733066383	23.617028254446186	24.26884670885364	26.933201004491476	2.7329914230920594E-4
179.0	27.80991754899189	24.54986966212111	23.48736995497135	24.151476199475525	0.001366634440125012
180.0	26.632849959641618	22.36500503451709	25.803398093423873	25.198668584652534	7.83277648819816E-5
181.0	27.753179540630374	22.77022221577137	26.248936426447784	23.227230307364422	4.315097860535253E-4
182.0	25.802381862133196	23.04744658698881	25.799478874488152	25.350692676389848	0.0
183.0	23.283518268248145	24.879143382259194	26.75745705828931	25.079332076678195	5.49214525155006E-4
184.0	26.017533095227634	22.84469095428496	26.619257373848964	24.514163941423487	0.00435463521495421
185.0	24.450910272061662	25.069749341735687	24.710175401156786	25.768968839540424	1.9614550544343006E-4
186.0	26.916765106163616	23.216290046501626	25.494803139968212	24.37214170736654	0.0
187.0	23.711017999948105	23.096670406663748	28.02941729168125	25.162501169568113	3.9313213878822525E-4
188.0	27.41128345851508	28.05921447062963	22.88071991461039	21.64850695952839	2.751967165100339E-4
189.0	24.907128672933705	24.029426322735773	25.027078051229513	26.03561997237744	7.469807235727066E-4
190.0	28.730562950503714	22.05419274884869	25.107660877965465	24.107308200863176	2.7522181895672847E-4
191.0	26.223885140496773	24.330615667005734	24.93164484381787	24.51346054106803	3.938076115922783E-4
192.0	26.96005803553495	23.416763353174744	24.498273820916896	25.12482602336072	7.876701269015341E-5
193.0	27.518256512868184	25.361191419635894	21.516570690320698	25.603863212043393	1.1816513183289874E-4
194.0	27.274961829896053	23.79198908390175	24.597067086419635	24.33598199978256	0.0
195.0	26.515745759166098	21.932292427939213	24.604341829118535	26.947029022877672	5.909608984811911E-4
196.0	27.76998492181153	22.789559697930464	26.870390800092302	22.56998555402069	7.902614500981505E-5
197.0	24.692045953027375	24.615852766942904	24.169166261593972	26.522302709837536	6.323085982113571E-4
198.0	27.118636015604775	23.784846078259818	24.635911087321954	24.460527638927047	7.917988640853496E-5
199.0	25.57320721478507	23.07525055745562	25.881136971409074	25.470008490783137	3.9676556709702503E-4
200.0	27.15989722445728	23.634724675493683	24.670772292500846	24.534566131998968	3.967554922862797E-5
201.0	24.83133500943651	21.51127798966011	29.36570061284754	24.291488016999608	1.9837105623462376E-4
202.0	24.98967496676351	25.52034795262823	28.830706351293934	20.65927072931433	0.0
203.0	25.256125605417555	25.11231351353496	23.317559242129324	26.31328734044854	7.142984696155289E-4
204.0	25.837886619213013	23.765691771384304	24.384869862274346	26.011432689682323	1.1905744601141681E-4
205.0	26.97684792543331	24.525514826781112	26.127154049380668	22.36968946288314	7.937355217679983E-4
206.0	24.90790402174267	21.235891912143494	26.30380996755904	27.55227503458808	1.1906396671924003E-4
207.0	25.248070256051914	23.694434425211487	27.516384917899828	23.54103104057571	7.93602610635148E-5
208.0	28.285475050993274	22.70581839250141	21.982705937442955	27.025921252093305	7.936696905481877E-5
209.0	27.425255405970677	20.7711668864006	25.535040881623868	26.267862146259457	6.746797453996763E-4
210.0	24.362632093684905	24.847465134887976	25.617244259005233	25.17249974597368	1.5876644820403394E-4
211.0	24.84212908374126	26.04903864095632	25.19840560895336	23.909791450792632	6.35215556428977E-4
212.0	29.227736251673477	22.2092002219256	24.88199777518397	23.68090689252137	1.5885869558742173E-4
213.0	29.168570667917017	23.212987209085163	23.126879994278063	24.49128397897188	2.781497478771214E-4
214.0	27.84652087475149	25.005685884691847	24.929662027833004	22.21813121272366	0.0
215.0	25.14428515248505	25.282145456965072	23.041198316829277	26.532012477552875	3.5859616772259957E-4
216.0	25.44631455639246	24.337648170631983	26.74149083845665	23.474465868688977	8.056582993681223E-5
217.0	28.29801946670038	23.228286758814306	26.518104649267265	21.954857386073297	7.317391447514181E-4
218.0	24.01884959151686	25.004550113906916	25.97858262411129	24.997853332265134	1.6433819979827486E-4
219.0	26.39288924878876	23.125290649798572	25.244643643123325	25.236554192886512	6.222654028318054E-4
220.0	28.038631815579407	21.92160798823415	25.21722160669556	24.822371792653183	1.6679683769875407E-4
221.0	25.166554817180753	23.30648945671425	24.51652428983986	27.010221192870564	2.102433945730293E-4
222.0	25.234487995217986	25.16697517926183	24.459323528386417	25.139170782766033	4.251436773057455E-5
223.0	30.01921171759979	23.08587998954277	24.50220668161867	22.39201363567566	6.879755631079983E-4
224.0	29.21989839871476	23.479667238975157	25.47560387744032	21.824614899049784	2.1558581997204284E-4
225.0	30.572957138090835	19.778972062162374	24.740646640348444	24.90651304391967	9.111154786805485E-4
226.0	24.99871539301727	22.22080220082821	26.626499092430656	26.153851559161534	1.3175456233110712E-4
227.0	27.05257346338305	23.733334515872258	26.312185841904896	22.900753203387087	0.0011529754527091597
228.0	27.45495754650083	27.554769429199123	23.20920624131998	21.780932986890658	1.337960894078988E-4
229.0	27.89469584016867	25.573391345306483	21.96136247681465	24.5705503377102	0.0
230.0	25.19943999328355	23.55159527034846	28.109795806303023	23.13916893006496	0.0
231.0	25.424213286592583	24.83246653358195	24.6919404883936	25.050182941620243	0.0011967498116269768
232.0	24.791115483809165	25.272862991656652	25.073129827019784	24.862614033244743	2.7766426965272994E-4
233.0	23.151454367789963	25.66098573165959	22.077239782635694	29.109992056220403	3.280616943449194E-4
234.0	27.00131146041029	21.44056682538896	27.58565475804699	23.971418550302513	0.0010484058512483655
235.0	25.976728083360072	21.860498780431904	27.680842286081003	24.48188259817463	4.825195239462377E-5
236.0	28.375442241539833	24.1924987994551	24.23385634622735	23.197859599949037	3.430128286797926E-4
237.0	27.342356359657817	25.08413871292545	22.524597442341694	25.048907485075038	0.0
238.0	26.64080431445992	22.39951601125686	25.050842957118917	25.908836717164302	0.0
239.0	27.478232791873715	23.358684556598828	24.770474867955993	24.39179033179346	8.174517780087079E-4
240.0	25.470460052536207	21.903206915428587	27.403701298976856	25.22257868761325	5.304544509372069E-5
241.0	28.8021785909258	21.14253881464771	23.60110076620295	26.452004511824423	0.002177316399122276
242.0	26.708844059966868	24.631962967021625	21.258693568275564	27.39964826756348	8.511371724584779E-4
243.0	27.607932168342742	22.77966968839433	25.695503647923427	23.914549592040117	0.0023449032993855287
244.0	26.304776912701488	22.68912007051188	26.780571840653838	24.22478332287229	7.478532605066705E-4
245.0	28.552007330524443	21.41828734628164	23.375199105950056	26.6529540472031	0.0015521700407631967
246.0	24.521492566913857	26.447421669181438	23.91607192150704	25.112869811780914	0.0021440306167572073
247.0	25.2454428495641	23.190456348652347	24.929604993266565	26.4898397077238	0.14465610079319224
248.0	25.265272810558436	23.16201534216644	24.367624888976824	27.19406528700432	0.011021671293976468
249.0	25.269788640364617	21.161667980689266	28.59041375511659	24.960093313604993	0.018036310224535862
250.0	26.913748132473486	22.033945979395273	24.8065399399146	26.244846384111664	9.195641049774383E-4
