# Position (bp)	A	C	G	T	N
0.0	24.761692818931234	23.201814249225784	24.702181577234875	27.334174547155932	1.368074521755349E-4
1.0	22.800830460399897	29.463792854148345	24.258092032690968	23.401531968451238	0.07575268430955474
2.0	24.81881568965666	26.672987655933227	21.96634458641731	26.5412172484108	6.348195820075806E-4
3.0	26.280002029735627	22.243591834663533	23.52178160044654	27.947375479343815	0.007249055810480685
4.0	25.898992679133087	23.194183142993207	24.177737901013476	26.72895047052369	1.3580633654258797E-4
5.0	28.56471071252389	23.445224225658563	22.50372921912706	25.485702813678312	6.330290121717914E-4
6.0	26.048605778758255	23.592766688740916	23.798702720368933	26.55369526974596	0.006229542385941819
7.0	25.88213296929312	24.917561561318024	23.19355180251719	26.006032795157548	7.208717141203E-4
8.0	28.003351541457345	23.87424886993358	23.6956138679018	24.426650867912585	1.3485279468931715E-4
9.0	26.431547808527373	24.87470958358478	21.990586517863466	26.702887082152316	2.6900787206702957E-4
10.0	24.624586157969418	24.76741540423946	23.213895417998366	27.394103019792755	0.0
11.0	27.473375849671083	22.123941891343822	22.703220110508862	27.69941867870142	4.3469774813525534E-5
12.0	28.387958042461687	23.916894305346208	20.131618883978867	27.56344302859759	8.573961564645097E-5
13.0	25.480523004392285	22.63427001543236	24.968880899486155	26.91611409771567	2.1198297352756625E-4
14.0	26.49387142055143	21.822160133728204	23.599114357180436	28.084770109512853	8.39790270777776E-5
15.0	25.635834577220724	23.471304575818497	24.509366285355373	26.38349456160541	0.0
16.0	26.877699275673088	24.49923254185894	21.313484799100777	27.309542539400134	4.0843967060157446E-5
17.0	28.772592198567377	26.289300126784276	19.007883022505208	25.928944810843458	0.0012798412996788398
18.0	25.7509539198009	25.60270748152475	19.759829659445867	28.886389897655988	1.1904157249155598E-4
19.0	25.282827772107176	24.68272728134569	21.86278428931227	28.17114714312349	5.135141113677804E-4
20.0	23.021998039930054	25.368905321719325	23.65845212515427	27.95056607902478	7.84341715723973E-5
21.0	24.048388101056958	24.123923973786212	22.968976199000636	28.8583614825423	3.5024361389144004E-4
22.0	22.86012119660736	26.707086096315024	25.252595734641186	25.18011987045325	7.710198317866033E-5
23.0	25.53824746150937	23.416746635737624	22.72034451519566	28.324239488382048	4.2189917530217566E-4
24.0	28.699256275178186	21.039164038717438	24.065483026182275	26.196020707632293	7.595228980963318E-5
25.0	24.931591681819395	24.75897660478785	19.78575865417427	30.52356018972609	1.1286949239203187E-4
26.0	26.720367774245773	24.913531586325828	19.579472724183535	28.786515642905098	1.1227233976304548E-4
27.0	25.368369498348535	24.622372735580285	20.036978802702073	29.972092314859612	1.8664850949966252E-4
28.0	27.519876171782116	23.633554729443322	22.450547730136012	26.3937320826447	0.002289285993852898
29.0	28.18025709030619	23.480471137285406	21.980643661489964	26.358006731368118	6.213795503258953E-4
30.0	24.05724371075065	23.69201520774437	24.82787403594023	27.422576460977577	2.905845871755578E-4
31.0	26.52963204344678	24.235193020044516	22.392263718712773	26.842260210506826	6.510072891116138E-4
32.0	24.575065875220854	22.57597632682562	24.266794554912018	28.581948344944397	2.1489809711316643E-4
33.0	23.888561865742155	24.798064685296698	24.41759424742039	26.895637274677796	1.419268629586145E-4
34.0	26.56195291752103	26.54756052458689	22.38488636871481	24.505529810727715	7.037844955571844E-5
35.0	25.873377398505177	21.844150095757232	25.36418243887308	26.918115804386883	1.7426247762905442E-4
36.0	24.654709407114183	24.01757931655027	25.524900201407906	25.802636967125665	1.7410780197953606E-4
37.0	25.876183331795882	24.731725910854365	21.11984655630649	28.27224420104326	0.0
38.0	27.36592480812593	24.735911050756098	20.94200222804659	26.95605750601472	1.044070566641458E-4
39.0	23.863434316160788	27.133456066433148	21.039656755580314	27.963174502877013	2.7835894873567626E-4
40.0	26.74076081605616	25.748575074599188	22.47466480375986	25.035825353878653	1.7395170613572895E-4
41.0	24.42537332123715	24.246852580550005	21.28671989358327	30.036462478641518	0.004591725988055947
42.0	25.410696776720286	25.371949664927918	19.919389312127464	29.297790336386843	1.7390983748821325E-4
43.0	26.01888629100663	25.417860840454903	22.366375126546775	26.19353909812796	0.003338643863729077
44.0	29.503710988029695	24.433963051467007	22.08229129865108	23.979860796221132	1.738656310766038E-4
45.0	25.972649682007003	23.955553299464146	21.625957351527937	28.442084665547583	0.003755001453324636
46.0	25.816833154694628	23.89751295289953	21.822024396611994	28.463629495793853	0.0
47.0	25.942924641115063	23.85006646532401	22.955600329267547	27.249809503150846	0.0015990611425361389
48.0	23.296079251739922	23.54332394162593	22.54061901869399	30.619977787940154	0.0
49.0	22.672301674692605	25.371504339356925	24.452867846367617	27.501623545280847	0.001702594302007567
50.0	27.3778692551489	24.14117781130198	20.146891132122803	28.33402705732013	3.4744106183547555E-5
51.0	24.991089449421768	26.689165951622485	20.94073181153404	27.376789492150728	0.0022232952709814804
52.0	23.250055823461942	25.66738509035079	21.391342578530782	29.69121650765648	0.0
53.0	23.264003910056243	24.39953325780445	23.25926172073628	29.075747301538513	0.001453809864515305
54.0	23.633344801591065	28.0780330715017	21.910544820697137	26.377904243970683	1.73062239411533E-4
55.0	24.697959793794148	27.067815047172367	22.15076584975336	26.08187130465282	0.0015880046273073966
56.0	26.897212061885455	25.23579133903248	24.4640698007945	23.402926798287563	0.0
57.0	22.907678884758056	27.585685629994906	22.706260535118442	26.795439579326942	0.004935370801656075
58.0	25.760714535906757	24.743449184527822	21.580291596742182	27.915406645595287	1.38037227950192E-4
59.0	28.122969518143254	21.923251710910108	24.320648001272595	25.63030125061292	0.0028295190611241678
60.0	24.74158245706766	22.380256517249254	23.479498019249647	29.398559635970578	1.0337046285503016E-4
61.0	25.96295603393417	23.326556283792655	22.6391353766465	28.06563298572961	0.0057193198970660235
62.0	25.664286034197044	21.920663958740295	24.45350531766457	27.96123462149322	3.100679048711668E-4
63.0	27.274549995693736	23.434984066833174	22.046197571268625	27.242029110326417	0.00223925587804668
64.0	25.636292789088692	21.52550003215641	23.434524564916913	29.403682613837983	0.0
65.0	24.512163626490814	25.42836027897882	24.031987443820967	26.0228117216223	0.004676929087094393
66.0	24.786545515693447	23.506764277954893	23.275367890682144	28.430875272567334	4.470431021765153E-4
67.0	27.17905744615884	24.54531762777046	20.87563923053012	27.39933236686537	6.533286752144981E-4
68.0	23.944670729015304	22.299467667743798	26.120899456527347	27.63479022698218	1.7191973136510455E-4
69.0	23.356017646385336	24.47891005273905	24.937295231755794	27.22512962996709	0.0026474391527369534
70.0	26.64729540521369	22.97503023111611	23.924434913316865	26.453033446154965	2.060041983655627E-4
71.0	25.07092828820462	22.207394485931285	26.03616940329148	26.684412008343255	0.0010958142293532333
72.0	28.076733308064185	25.01656362125444	21.75331623385539	25.151811794804896	0.0015750420210939216
73.0	26.177915830606757	22.343537686288297	22.34846760104528	29.126004855281323	0.004074026778338366
74.0	25.59192226777855	24.793473297519625	23.346194685176425	26.267827839532497	5.819099929006981E-4
75.0	26.211216562933835	24.087146530266896	21.925083721019384	27.77425992809439	0.0022932576854937416
76.0	26.9960311430007	23.273773097474525	25.264601875315734	24.46477245813123	8.214260778136923E-4
77.0	24.84554549511687	24.18823257227499	23.65703639007001	27.30839838242018	7.8716011795081E-4
78.0	27.399392406830753	25.80320264638755	20.27274957982848	26.524244692286608	4.1067466660917225E-4
79.0	27.574163265613414	20.679407583635793	22.2042178763876	29.539678878518234	0.0025323958449544066
80.0	24.165239425727293	22.768807499559422	28.039338809604065	25.024116237011533	0.0024980280976831647
81.0	25.677290427665124	24.166877681889417	21.311294219095394	28.844092828448048	4.44842902018218E-4
82.0	22.77357511818697	22.403411066187438	23.743673199000305	31.078245659178073	0.0010949574472162076
83.0	26.194444396922638	21.979754570789716	23.499479065979845	28.325295495332124	0.0010264709756777702
84.0	24.352590953397087	25.208298906236156	24.425396779779142	26.01261853613075	0.001094824456872983
85.0	25.304535306115888	26.597052731837188	21.140768079677645	26.956925437002948	7.184453663352922E-4
86.0	26.044796185974782	24.51761927210303	22.331588385778687	27.104285646842776	0.0017105093007232716
87.0	22.599163819992103	21.65755479948305	25.155663439941385	30.586660116977626	9.578236058364299E-4
88.0	24.6010337172431	26.936406891904376	25.783377744635583	22.678565931115163	6.157151017811269E-4
89.0	26.72985016835708	26.12124035589633	22.418581805395362	24.72926731492009	0.0010603554311405183
90.0	24.165322182063452	25.1497345975422	24.606855828268074	26.077916374368815	1.7101775745782788E-4
91.0	27.126784148321843	24.88607307466574	23.63544204741494	24.350982487198184	7.182423992853146E-4
92.0	25.760913393614743	23.951923987834277	22.418794009342832	27.86836860920815	0.0
93.0	26.416672680083597	25.490207478273895	21.15080042284296	26.942080022106573	2.3939669297408324E-4
94.0	28.33833601393113	23.26703028864618	22.653473770894898	25.73674831118919	0.004411615338605157
95.0	24.30291882065324	26.263982745537373	23.263362753053883	26.167376084431144	0.0023595963243644735
96.0	26.56644423638387	24.105873349469046	23.697168818361064	25.629727099449383	7.864963366368459E-4
97.0	25.958066090172576	24.773334144879446	23.194033494742104	26.074429492771138	1.3677743473237272E-4
98.0	28.864457993018583	22.321114428160094	24.0303957333275	24.783963460564635	6.838492919253468E-5
99.0	22.243562569228875	21.27753770837037	26.677424207201174	29.801475515199584	0.0
100.0	22.692584066549024	24.509698684758387	24.398254913610568	28.39946233508202	0.0
101.0	24.06292974583829	21.585508547316778	28.567648895663222	25.783707712496767	2.0509868494141524E-4
102.0	25.276380397878384	23.9535147655843	24.257140083327748	26.512862200186238	1.025530233314965E-4
103.0	26.052231752981854	25.103029619413352	24.703352970230192	24.141078029747593	3.076276270117565E-4
104.0	26.55428717133304	26.400203439744992	22.448577801688632	24.59665814671588	2.7344051745883523E-4
105.0	27.710927795866997	23.037938599039794	20.65239460190004	28.595047480501584	0.0036915226915849005
106.0	26.126027281141777	22.90011498165899	24.834500239943893	26.139152417007445	2.0508024790100366E-4
107.0	26.378206815275	24.067666032521203	22.38445758004349	27.168883441420615	7.861307396943388E-4
108.0	24.122358685915803	23.902916317647012	24.245015384205278	27.729572909308203	1.367029236996049E-4
109.0	26.30288267340842	24.323415493318734	25.321179861405856	24.051599286730216	9.226851367726933E-4
110.0	25.280938616044352	24.109137967386687	22.401789805802515	28.207928577262265	2.050335041831961E-4
111.0	25.20668259779172	23.633663403553985	24.45554132848907	26.703155845837834	9.568243273952133E-4
112.0	25.750909292207762	23.267048289191145	23.840473036974466	27.14129601305608	2.733685705420762E-4
113.0	28.40987759615273	21.497829178600547	22.908401792969315	27.182934671704693	9.567605727168788E-4
114.0	26.481030669681054	21.798088304843343	27.215070489145738	24.50560550681928	2.0502951058088963E-4
115.0	27.40683431455234	22.513030141899716	26.302774979393718	23.776540413601925	8.201505523030511E-4
116.0	27.257234499234695	24.008446186657444	24.46345903397851	24.27072358832392	1.3669180542878338E-4
117.0	26.47886313192324	25.827012748245643	23.98351493446469	23.709686513787958	9.22671578468946E-4
118.0	27.03128203726233	24.174070833959842	24.395785775797258	24.398553795262245	3.0755771833180693E-4
119.0	26.995694866577768	21.052539851018736	24.571007362946872	27.380176975908615	5.809435480067826E-4
120.0	25.705490591009728	23.27241561604991	24.68830060653447	26.33365649488073	1.36691525159613E-4
121.0	27.779985749752672	22.914397704924195	24.115450924642847	25.18927711605067	8.88504629621719E-4
122.0	27.34875023451364	23.614404554058428	24.24011599753816	24.79628496218222	4.442517075497844E-4
123.0	24.85542298367048	27.810388221283226	22.465164995326855	24.86840868743582	6.151122836214394E-4
124.0	25.57212492020597	24.637697503044816	22.186875914982963	27.603199142666945	1.0251909930820112E-4
125.0	26.980918526983277	23.381109348548026	23.90737225993014	25.729643022881497	9.568416570583816E-4
126.0	24.30874410682822	23.862817759685715	24.523693660320927	27.30457360706538	1.708660997557298E-4
127.0	26.413564284672002	22.37286131540017	27.39662362329147	23.81578888914329	0.0011618874930671198
128.0	26.10116690030189	23.45388956515142	24.431842647188486	26.002746210632576	0.010354676725625673
129.0	24.763006775921625	25.82207772147504	22.002642295037596	27.409197592545254	0.0030756150204835964
130.0	26.429184845625652	24.082240944067642	23.559486588721125	25.929087621585584	0.0
131.0	26.269875959047383	23.785434474820853	24.066993118404653	25.876944622243574	7.518254835348511E-4
132.0	27.02053676848762	24.64176419025943	22.024253173468114	26.307157881427027	0.006287986357803511
133.0	27.049950072482044	25.275865769133244	24.526474570455896	23.145864217655273	0.0018453702735453867
134.0	27.259722702549755	22.558850184741942	20.727321440043962	29.45400315216366	1.0252050068278653E-4
135.0	26.89734454121521	23.313845525060195	25.80592248025988	23.982443202516237	4.44250948475775E-4
136.0	28.122463667328155	25.85353201037652	24.296952077814986	21.720422537858532	0.006629706621812486
137.0	29.136843198814045	21.17962017560377	23.7083199060093	25.975080025712117	1.3669386077115158E-4
138.0	25.454777198042805	23.918162486549324	26.45500512056828	24.170961713457988	0.0010934813816000572
139.0	26.125806270835927	23.627887300456937	24.644789771585643	25.6005256906353	9.909664861968619E-4
140.0	27.242398334061193	20.847164329663975	25.66369987951058	26.246498254851186	2.3920191306855732E-4
141.0	26.195685863502206	24.999478869971394	24.87864504825664	23.925814321199944	3.758970698139959E-4
142.0	29.01276967427899	22.51218942093587	23.251858656026638	25.2229772122415	2.0503651700367836E-4
143.0	27.281860617699927	25.03369396584129	23.603716587956285	24.08062631136505	1.0251713744814341E-4
144.0	28.291017971029152	24.85858523381406	22.657083758070286	24.192800448071143	5.125890153540914E-4
145.0	28.381649693234344	22.0710321227418	22.458239615519464	27.08815591363677	9.226548676195299E-4
146.0	27.989122263137894	21.49945460957427	24.479452859950847	26.027322830125232	0.004647437211756376
147.0	26.89440108745014	23.95797133688641	26.128839468863436	23.015063494390358	0.0037246124096567924
148.0	24.595681690118706	24.034356762364474	23.548788659644096	27.820660324780476	5.125630922452962E-4
149.0	28.413708311392487	24.10231035846077	24.065747024786866	23.41621819630683	0.0020161090530472466
150.0	25.933090644165123	23.648798497254457	24.574824091359385	25.84328676722104	0.0
151.0	26.81155606829592	23.584298936139675	25.16488263090485	24.43868143103771	5.809336218409171E-4
152.0	27.843707208852752	23.56458394061806	23.038898914901086	25.552673243168712	1.366924593946506E-4
153.0	25.39041648753996	22.761986908770794	24.421902007836692	27.4249086026613	7.859931912485468E-4
154.0	23.142051217558432	24.57405275949838	24.650329575993855	27.63120842708456	0.0023580198647795217
155.0	28.136553341597654	23.309446102662797	23.860058902923647	24.693565691251475	3.7596156442391924E-4
156.0	26.38707075402373	23.35976512166028	25.292999791507874	24.959993437624966	1.7089518314836776E-4
157.0	25.2886433455148	22.445344040993163	26.223683724821896	26.042123813469065	2.0507520107623467E-4
158.0	25.38171089469253	20.56595512404002	25.849836740427705	28.202326342093485	1.7089874625261775E-4
159.0	27.12854244369825	21.315810701433932	23.772176162402793	27.783060529165343	4.101632996817133E-4
160.0	26.959055852318325	20.648137640806606	25.635586558036454	26.757083226804077	1.3672203453325149E-4
161.0	24.888510468411557	20.514415621215534	28.45586785119416	26.13696762830055	0.00423843087819946
162.0	25.93170005393828	23.183342983887563	24.08908224938354	26.79584053137068	3.418141993720189E-5
163.0	25.703716591642532	23.5755697396311	26.89875894846117	23.821920538109172	3.4182156025818465E-5
164.0	25.995441363270295	23.27167642703515	24.520960294465507	26.21031531710145	0.0016065981275953396
165.0	27.196344778007685	21.733987978870214	25.81250989198212	25.25664459180768	5.127593323053078E-4
166.0	25.1339274878926	23.0120429620853	25.704779410633595	26.149113400201074	1.3673918743421564E-4
167.0	26.698696396381923	22.81496062319179	26.33625951601925	24.14963905019795	4.444142090845785E-4
168.0	26.13371723324039	23.832471586985328	23.615997987055344	26.417608069282494	2.0512343644660567E-4
169.0	27.072606705586804	22.05199790493148	25.25750744282665	25.617717004380225	1.7094227484509212E-4
170.0	31.497302673257817	22.482156001522085	22.902951965053557	23.11731584962801	2.735105385319937E-4
171.0	26.234607893380996	23.188682773798043	26.063836152121212	24.511984278743242	8.889019565073948E-4
172.0	27.666048283139666	24.14074942340607	23.79597240553243	24.39709315303471	1.3673488712022313E-4
173.0	29.247968278655602	19.587759252770915	22.958972474555413	28.20383014724105	0.0014698467770191165
174.0	24.779050244193233	24.962434439722827	23.72899199877493	26.528976411972856	5.469053361553649E-4
175.0	25.68859929776203	24.00960654984577	22.74100462689506	27.55931969329046	0.001469832206689856
176.0	24.797269188710995	23.941361119096637	27.72760663300553	23.53215645831332	0.001606600873512313
177.0	22.825664086510553	25.979626316088154	23.733071785134825	27.437023656255104	0.024614156011358065
178.0	25.6015732705356	22.867561071740987	23.511821235665494	28.0189760546611	6.836739681907012E-5
179.0	28.83368950190984	23.806567472777974	22.60100720895227	24.757573468101914	0.0011623482579989218
180.0	27.108073048312164	21.535200382480607	25.040964152724914	26.315625326659344	1.3708982296562985E-4
181.0	28.29213803185694	21.594116607440377	26.175606089983923	23.937487238178907	6.52032539855489E-4
182.0	26.504645552939337	22.08604385390996	25.52115586970014	25.887983180562955	1.71542887608874E-4
183.0	24.23260800576374	24.212194766319868	26.07793054352394	25.477026528634283	2.4015575816315154E-4
184.0	26.43728085523923	21.899002998552184	25.876613351448157	25.78271132245072	0.004391472309708585
185.0	25.3399023430398	23.713166812001777	23.773404841408638	27.17290852944425	6.17474105537302E-4
186.0	27.548291304649126	22.938206753269565	25.097069759176428	24.41643218290488	0.0
187.0	24.876347649961016	22.643990167606365	26.964098979612526	25.514910275799814	6.529270202850679E-4
188.0	28.435217142226776	27.318018314926423	21.56349413907921	22.682995477112872	2.749266547233946E-4
189.0	25.507146360248594	23.156049343171357	24.259647938610073	27.07626278369694	8.935742730343686E-4
190.0	28.710492225530587	21.183354018736818	24.971137245790366	25.134913397989113	1.0311195311568232E-4
191.0	27.26699168142129	23.199775307506545	23.964514556824344	25.568408675993975	3.0977825384193876E-4
192.0	27.407452284682975	22.777364320378158	24.104195395453836	25.710987999485035	0.0
193.0	28.07875566327444	23.886176790558686	21.785050332566755	26.249741795998183	2.754176019389399E-4
194.0	28.45382788512454	23.231383555597482	23.144897128664397	25.16989143061358	0.0
195.0	27.07375898149672	20.810591916188077	24.3657598106904	27.749062852743055	8.264388817455491E-4
196.0	28.783214475222767	22.129082083041755	25.882908563894592	23.20458773779246	2.0714004842243864E-4
197.0	25.756965756130167	23.382586921753155	23.42001568969756	27.439533894442587	8.977379765262235E-4
198.0	27.968431363325706	22.76769285257732	23.640852455568993	25.62288497881866	1.383497093272607E-4
199.0	26.218473475859927	22.636758166818215	25.219659965403295	25.924450001108866	6.583908096959482E-4
200.0	28.200118245011147	22.97117275346608	23.68133593296769	25.147269101663678	1.0396689139687835E-4
201.0	24.98673469776772	20.851356873194106	28.882037411791373	25.279420464852237	4.5055239456467456E-4
202.0	25.754543482043395	24.942792713791654	27.489513441719275	21.813115701866334	3.4660579344651635E-5
203.0	26.356645592223742	24.33068359834151	21.83347653413831	27.478258095699747	9.361795966938299E-4
204.0	26.100381066187754	23.001188382769524	23.99114902777667	26.907177492092764	1.0403117328784628E-4
205.0	27.72965335852496	24.167972372444858	24.8490201831248	23.252348362995225	0.0010057229101598127
206.0	26.271209367499548	20.993701355457205	25.20567710428835	27.52930812025694	1.040524979536342E-4
207.0	26.35332562064318	23.225488648643022	26.524658349218356	23.896249863409068	2.775180863740354E-4
208.0	28.77886572703102	21.725006167204626	21.23461364848356	28.26151445728079	0.0
209.0	27.388428937580723	20.452988611607154	25.173456279023604	26.984362735129814	7.634366587014776E-4
210.0	25.223827551786805	23.960966751769032	24.402339829156652	26.412657623325547	2.082439619663228E-4
211.0	25.740620587927964	24.959044862668804	24.90492402427141	24.394646792967137	7.637321646842611E-4
212.0	29.326412813958658	22.090846577017114	23.75177122693932	24.830726272505004	2.431095799066459E-4
213.0	30.372484672084777	22.45238998719836	22.221446154573215	24.953262194571046	4.1699157260031777E-4
214.0	28.15920768227175	24.077722635940546	24.130264245000376	23.632805436787333	0.0
215.0	26.139704818934913	24.588141528834537	22.606711359811644	26.664954401352436	4.8789106647062735E-4
216.0	26.49304707521068	24.16842569059432	25.293661390416034	24.044760267151098	1.05576627868429E-4
217.0	29.633033249888808	22.575421059090502	25.24187444448149	22.549032821434626	6.384251045775789E-4
218.0	24.899012691815045	24.070177724062628	25.163850498342438	25.866815930208798	1.4315557109588812E-4
219.0	27.107491468285872	22.571853382786262	23.800384085214166	26.519656816428583	6.142472851173303E-4
220.0	28.185588635938323	21.303517468386016	24.50158196860434	26.00905805774004	2.5386933127916777E-4
221.0	26.0115689239601	22.382917947823014	23.89036830856695	27.71492576655804	2.1905309189788327E-4
222.0	25.87289569212261	24.34427024537151	23.778019790368578	26.004519234776346	2.9503736094981377E-4
223.0	31.585757453531226	22.14456819881352	23.27904675917055	22.98988203033378	7.455581509263188E-4
224.0	30.66349823597534	21.93810648273924	24.2378595080761	23.160386295428633	1.4947778068844232E-4
225.0	31.162810443004567	19.690127098156474	23.523734494051208	25.622200908332367	0.0011270564553849066
226.0	26.00749301397357	22.547412161703022	25.01337224730059	26.43153276513778	1.8981188503321898E-4
227.0	27.76169556225428	23.154862916898953	25.18793187138965	23.894167689751185	0.0013419597059344526
228.0	28.138303203176196	27.70620205835871	22.42477739660024	21.73056315769186	1.541841729946421E-4
229.0	27.6961496676246	25.32580871278942	21.393800736401516	25.58424088318446	0.0
230.0	26.16506409879747	22.820785826264565	26.74545142585842	24.26869864907955	0.0
231.0	25.194356087245744	24.811970724513163	24.109833452134595	25.88229274138175	0.0015469947247479887
232.0	25.240116069057738	24.88734778694518	24.468196232938702	25.404140561893527	1.9934916484660878E-4
233.0	23.533993891683213	25.14787972865365	21.68254896229173	29.635174228144624	4.0318922678386033E-4
234.0	27.431503777230446	21.196073138552247	26.54604706679408	24.825311028087455	0.0010649893357702475
235.0	25.872962438134156	21.338026942788655	27.901258419103232	24.887544909484536	2.072904894294288E-4
236.0	29.15545531756964	23.136613953558673	23.86964620907709	23.838158569235233	1.259505593674259E-4
237.0	28.023013212025216	24.22736552310316	22.42755354673437	25.321856075148496	2.1164298875456144E-4
238.0	27.40104308083148	21.70405557844391	24.306490004736606	26.588411335988	0.0
239.0	27.998628186427727	23.110022921441967	23.991890671667708	24.898199277627285	0.0012589428353129122
240.0	25.50840154335225	21.726723666284048	26.14397052039864	26.62072547568219	1.787942828740108E-4
241.0	29.27720216066789	21.60148675722565	23.01009254634031	26.10920432348428	0.00201421228186081
242.0	27.648984702658915	24.079320876146966	20.41370365300595	27.857272688512747	7.180796754279867E-4
243.0	28.190270931804733	22.739194111175852	24.763027471130677	24.30458287120672	0.0029246146820156443
244.0	27.165736783480188	22.412130659368845	25.752046877472246	24.669364432317472	7.212473612489119E-4
245.0	29.008936077748075	20.876477393724553	23.201005054636973	26.91181964672203	0.0017618271683687875
246.0	24.56262867689489	26.45413660151337	23.058130162067826	25.92261531644842	0.002489243075491501
247.0	25.778606217959826	23.043105005095573	24.72813781550125	26.312801911543037	0.1373490499003119
248.0	26.182312420844532	22.631241357630998	23.826409444326334	27.347589948777212	0.012446828420924481
249.0	25.57256831373157	21.505762030531812	28.876329984207683	24.02747361680503	0.017866054723907926
250.0	28.124574599586865	21.7635079762863	23.74430934158751	26.366785832076356	8.222504629726913E-4
