# Position (bp)	A	C	G	T	N
0.0	23.598166303246742	24.150541695997802	25.285098638462994	26.965987328949403	2.0603334306268565E-4
1.0	22.82561390258295	30.617442516347776	23.433879321511625	23.046782635752848	0.07628162380480129
2.0	24.43027164407521	26.759605924792307	22.82507105378225	25.984299846961083	7.515303891560997E-4
3.0	25.411372488521984	22.030698155735188	24.934299175275466	27.6154389088134	0.00819127165396792
4.0	25.712260914285874	23.812739324441754	24.08795816946387	26.386905176024104	1.364157843975811E-4
5.0	28.097706028811942	24.271081899118688	22.162721639481433	25.467809041514432	6.813910735043807E-4
6.0	25.79488738826068	24.135013002950238	23.876722644316423	26.187798926703902	0.005578037768757683
7.0	25.464530954587268	25.78862152887386	23.635802029130133	25.110230848344756	8.146390639797154E-4
8.0	27.357102801459654	24.197570497034913	23.977728653126682	24.46759804837875	0.0
9.0	25.861628245095584	25.92188102274187	22.641654888860334	25.574430100691792	4.0574261041270785E-4
10.0	24.665640136561386	24.844956343192575	22.962136173565113	27.52726734668093	0.0
11.0	26.88959895305805	22.697259940299755	23.075104632156503	27.33790586795549	1.3060653019590326E-4
12.0	28.11231163178926	24.689884545093264	20.149755701687262	27.048048121430217	0.0
13.0	24.86480112292732	23.66167376526812	25.020573053041073	26.45282526028557	1.2679847791107117E-4
14.0	26.600582126621617	22.34407076676306	23.353244676621713	27.702039822269192	6.260772441582297E-5
15.0	25.631556762543063	23.43215577885099	24.30045748232679	26.63582997627915	0.0
16.0	25.997226418485365	25.10832025880284	21.592890693686822	27.30156262902497	0.0
17.0	28.349542257601556	26.78671076207201	19.480244723556872	25.38219484582951	0.00130741094005818
18.0	25.255001689690292	25.981008234954828	20.078533738072643	28.685279406361374	1.769309208605684E-4
19.0	24.610139880638314	24.914054896994852	21.83544971683844	28.6397692497098	5.862558185889995E-4
20.0	22.06596474899657	25.572450700948167	24.617008900005814	27.744459310104126	1.163399453202257E-4
21.0	23.55397984364415	24.832593443033836	24.060805180059866	27.552332776803386	2.887564587600913E-4
22.0	22.287885328235593	26.79608579370137	26.04398628725953	24.871928394097402	1.1419670611020896E-4
23.0	24.89405750798722	24.150685126020587	23.527042953496625	27.427760028399007	4.543840965566205E-4
24.0	27.599016370406805	21.823593058385445	24.854071523923277	25.723206632473826	1.124148106513033E-4
25.0	24.95486819844975	25.379566100495516	20.02861731737128	29.63667022157837	2.7816210508630536E-4
26.0	25.821836671264226	25.817412396596406	19.937274845896983	28.42347608624239	0.0
27.0	26.054716885397433	24.971376382371822	20.169171646845225	28.80456963094836	1.654544371570957E-4
28.0	27.4663462508679	24.114143219535183	23.045011838331103	25.372098845292296	0.0023998459735220627
29.0	27.346839598699766	24.036004708474174	22.27880430674197	26.337973412239872	3.7797384420998066E-4
30.0	23.134595533812615	25.101160762808426	25.26360752946927	26.50026100816682	3.751657428656875E-4
31.0	25.77593698830573	25.21608051446904	22.536740747608476	26.470602339919786	6.394096969677594E-4
32.0	23.915163901113576	23.0623798570477	24.722081179425086	28.30011115697201	2.639054416246441E-4
33.0	23.64788747827421	25.25889629068808	25.246060398611846	25.847051475579715	1.0435684614826708E-4
34.0	25.934766958776766	26.994663051853717	22.98396745014602	24.086602539223495	0.0
35.0	25.254140094183885	22.26808981712135	26.27683356519837	26.200578759663458	3.577638329386006E-4
36.0	23.66749095083042	25.082781583759132	26.245783053786457	25.003740170245404	2.0424137858845719E-4
37.0	25.376892501861814	25.607353940278077	21.532142352176724	27.483509118667477	1.0208701590975099E-4
38.0	26.349853212760106	26.073730926971756	21.30275014938976	26.27361468107136	5.102980702057879E-5
39.0	23.09563543953507	27.712589099083335	21.922239223035074	27.269179102231234	3.571361152876196E-4
40.0	26.2653371885885	26.158923167648506	23.437662605317232	24.13797501158005	1.0202686571427989E-4
41.0	23.96144215481593	24.459023618159403	21.9275556074702	29.64723489058564	0.004743728968830641
42.0	24.340663095800338	26.613290681507763	20.36184348099284	28.684100736376422	1.0200532263773525E-4
43.0	25.962880591740056	25.980321909610115	22.554479894291333	25.498237763921054	0.004079840437440491
44.0	28.683908201295488	24.863687378162545	23.10367000031105	23.348530454837725	2.0396539319173713E-4
45.0	26.137666056213366	24.497905560563357	21.664549114298882	27.695290672300782	0.0045885966236086356
46.0	25.00460096036445	24.66996712288821	22.80628503930826	27.519146877439084	0.0
47.0	24.638302470992322	25.20188895266506	23.386799964520964	26.770867635679263	0.002140976142389187
48.0	22.882000250714178	24.555823142549354	22.652077003904413	29.91009960283205	0.0
49.0	22.336824040632976	26.221475798759165	24.4577955959204	26.981866393823527	0.0020381708639398656
50.0	27.060157799971265	25.172794331184296	20.33679482437289	27.43020209523635	5.09492352010304E-5
51.0	24.454670122545124	27.289468536427325	21.557060710166724	26.6958969593975	0.0029036714633281576
52.0	22.471228079807954	26.075204039405765	21.737123428207717	29.716444452578568	0.0
53.0	21.960040811975574	25.37895746722098	24.791143192166537	27.868031126745553	0.0018274018913609575
54.0	22.896505304706547	28.96012929667017	22.530878767620806	25.612435870689115	5.076031335356639E-5
55.0	23.506114662837955	28.54294034381436	22.86052615058737	25.088798796305483	0.0016200464548320923
56.0	26.2783517835801	26.00368616846529	25.03754758938655	22.680414458568062	0.0
57.0	22.65378998969967	27.885901709044802	22.996864346941408	26.458179903981698	0.005264050332419717
58.0	24.99263615521264	25.993208055185818	21.643124294614523	27.370727831284448	3.0366370257152545E-4
59.0	27.44794995625069	22.81983430421891	24.732911578816324	24.995862919154607	0.003441241559469462
60.0	23.678658256857556	22.992447743518337	24.19733276208068	29.131561237543423	0.0
61.0	24.958371475973674	24.021982285648466	23.157735731621308	27.855646020131232	0.006264486625321055
62.0	25.109281156559117	22.284970096391714	25.195564394928688	27.40988124940958	3.0310271090012915E-4
63.0	25.553512525067816	24.532513651540945	22.802948025641157	27.10814647181544	0.0028793259346443527
64.0	24.65259886601171	21.99771911656605	23.845617870348615	29.50401372966792	5.041740570180525E-5
65.0	24.01807617036851	26.944060463620296	23.335783416666413	25.696685732953018	0.0053942163917632836
66.0	24.75354887105092	24.292985840812356	23.30536649696344	27.647594672269783	5.041189035010553E-4
67.0	26.8621580845121	25.483532254218826	21.035927748291524	26.617424148862757	9.577641147965987E-4
68.0	23.343955754808572	22.99095598768861	27.150687500189026	26.51429994344342	1.0081387037554175E-4
69.0	22.874516680721214	25.376108213113625	24.783649884043697	26.9625497180606	0.0031755040608648357
70.0	25.026937553692676	23.31476097419078	24.752302840005775	26.905847650959764	1.5098115100983743E-4
71.0	24.08000365423507	23.501349507004537	26.1837989889615	26.233341983697496	0.001505866101397996
72.0	26.566624975657938	26.21469397260439	22.336576933964253	24.88084937232614	0.0012547454472816191
73.0	25.025317992988246	22.97704468512848	23.311573409131743	28.681145848702283	0.004918064049252905
74.0	24.75362443929143	25.99715675151082	23.261345519926575	25.98747184225541	4.01447015768337E-4
75.0	24.63598815973618	25.180632266876618	22.392580315435946	27.78803940666208	0.0027598512891767162
76.0	26.696328305874488	24.334620220961984	25.465171241021977	23.503127568464794	7.526636767520255E-4
77.0	24.100235722435578	25.40418520217037	24.232547357731125	26.261978041386396	0.0010536762765288089
78.0	27.191355794780403	26.5195895447503	20.396326533888846	25.89217622361904	5.519029614109449E-4
79.0	27.311254490357022	20.89019446507054	23.15594332617552	28.639346565253167	0.0032611531437516305
80.0	24.07058814085519	23.319583222121658	28.334042412286596	24.27377939751033	0.002006827226223613
81.0	25.205858404335856	25.6249250591625	21.962795229272555	27.20566876325418	7.525439749071737E-4
82.0	22.60701527137659	22.687332849387733	24.208450452683113	30.496097749652968	0.0011036768995909875
83.0	25.13547219371144	22.685835944452638	24.580690860530613	27.59679702698608	0.001203974319227771
84.0	23.394015883271198	26.52010690508963	25.038474194700495	25.046449940407634	9.530765310422042E-4
85.0	24.928146722136226	27.319895307391583	21.376111907530223	26.374893035172743	9.530277692228209E-4
86.0	25.085039899286276	25.39119356796421	22.854993304142404	26.667067916560082	0.0017053120470264876
87.0	21.99903102330359	22.66979159979457	26.51244623483341	28.817677906528854	0.0010532355395775823
88.0	24.92748171997713	27.003179570507225	25.62668632584078	22.44205057222239	6.018114524719405E-4
89.0	26.53321899259794	26.532667348699125	22.67040781528956	24.262251509498306	0.0014543339150668994
90.0	23.728743012543447	26.345099490549412	24.498961691662792	25.427045362114107	1.5044313024012229E-4
91.0	26.308650320530823	25.123859688535504	24.45541853542688	24.11121897991768	8.524755891107776E-4
92.0	25.211991144784772	24.738944143448467	22.463514858559748	27.58554985320701	0.0
93.0	26.522577361716635	26.195455696424673	20.940650282170015	26.34091552950438	4.0113018429424905E-4
94.0	27.539701680223544	23.79769328386908	23.073930136675163	25.584563463273096	0.004111435959120293
95.0	23.65932228458833	26.991544225480634	24.141248787287005	25.204776146342812	0.003108556301219106
96.0	25.841376765527517	24.939736928127513	23.99889099904341	25.218942458292137	0.0010528490094194893
97.0	25.339047118676017	25.411288268759137	23.12789641391121	26.12166793335165	1.0026530198906307E-4
98.0	27.823694636375073	23.563544816018137	24.10019305299959	24.5125674946072	0.0
99.0	21.71588622777902	23.156735038399578	26.638911639367763	28.48846709445364	0.0
100.0	22.46868767671057	25.156166907501778	24.613448372821768	27.76169704296589	0.0
101.0	22.721707189085187	22.333682331837938	28.824653561764467	26.119806558933217	1.5035837919681562E-4
102.0	25.174047706289578	24.58582686006359	24.770187854730754	25.46978720290085	1.503760152260728E-4
103.0	25.483776872733984	26.067065683392155	25.307557293916815	23.141399672620512	2.0047733653829768E-4
104.0	25.39615477525753	27.33460431633043	23.24229967734272	24.02659040768684	3.5082338247867747E-4
105.0	27.278741668182793	23.313751464129393	21.302387263916184	28.101160126763407	0.003959477008219173
106.0	25.347589241009743	23.726182725612873	24.930346829935	25.99568072660824	2.0047683415002582E-4
107.0	25.363583420455694	24.858390660349084	22.705206993712153	27.0719167955543	9.021299287618066E-4
108.0	24.005286229692395	25.110693589619586	24.363013832501494	26.520856000356822	1.5034782970402025E-4
109.0	25.803260499704077	24.52485916788151	25.58431359971455	24.086614571770635	9.521609292288849E-4
110.0	24.57707678238102	24.530173007779712	22.965010084812647	27.92763990328602	1.002217406010799E-4
111.0	24.42217068589858	23.88297691088069	24.826115018651294	26.867735165656764	0.0010022189126726573
112.0	25.64162693139477	24.603348786495822	23.34504847402526	26.409825485491865	1.5032259228303941E-4
113.0	28.487309695537917	22.148295307931846	22.752409416704452	26.611033587782433	9.519920433507114E-4
114.0	26.523785783894958	22.69200610270889	26.978232168490884	23.805725423193802	2.505217114641241E-4
115.0	26.915235043430986	24.198487243792265	26.026171333795993	22.859354761123317	7.516178574381356E-4
116.0	27.03387138314578	24.662453663478853	24.801851556776832	23.501723182440877	1.0021415765490855E-4
117.0	25.703773333426867	27.01892328767947	23.778624691969203	23.497626446705038	0.0010522402194271603
118.0	26.427715334787074	24.623053889815292	25.482118233709596	23.46691211839405	2.0042329399692148E-4
119.0	27.171383732885978	21.000364778437188	24.91226276874851	26.91548765064648	5.010692818474625E-4
120.0	24.88084763529155	24.057904642031826	25.140998635109163	25.92014887531792	1.0021224954453533E-4
121.0	27.62654785401156	23.48869871782345	24.34246425022811	24.541287046905243	0.00100213103163878
122.0	26.97207749714642	24.008061178371108	24.19651276871012	24.822897594774464	4.509609978864962E-4
123.0	23.65511066215911	28.224800689862857	23.455637679699805	24.66344884327216	0.0010021250060753828
124.0	24.598144046819726	24.77938007956948	23.350286109413048	27.271989337288428	2.0042690931684485E-4
125.0	26.610524817890568	24.33371847971067	24.64692966853027	24.40777481262946	0.0010522212390356041
126.0	24.27678527585229	23.957405315917587	25.18035898427753	26.58524999724413	2.0042670846231626E-4
127.0	25.97780016945747	23.231506863729038	27.650629001879462	23.138861428182754	0.0012025367512768185
128.0	26.17377261273233	23.023886581454438	24.996955990385437	25.796616063451694	0.008768751976100893
129.0	24.32497300493302	27.033498936482047	22.449623822802124	26.188496969788073	0.0034072659947337698
130.0	26.323703905620516	24.4681032305651	23.815095345565037	25.39309751824935	0.0
131.0	25.585952865212423	24.826863611970047	24.336053707982387	25.250528516331016	6.012985041196463E-4
132.0	25.916086207734562	26.225853601584614	22.197975538297264	25.65427212930258	0.005812523080977967
133.0	27.078719246379716	25.719396702911258	24.333867815803977	22.86526030966578	0.0027559252392644184
134.0	26.2309457272981	22.97917352522773	21.44756601881764	29.342214512239178	1.002164173532744E-4
135.0	26.1204290902677	23.89370154494945	26.414566780780735	23.570550954469287	7.516295328271693E-4
136.0	27.880138724708825	26.36546173670467	24.35153815355428	21.39699850722111	0.005862877811112108
137.0	28.368293929584382	21.563004239369004	24.467372894095952	25.601178604716424	1.5033223423766524E-4
138.0	25.103449174360843	24.15905266712967	27.437156317740545	23.299489994818774	8.518459501740271E-4
139.0	25.906852846057248	23.851720602634348	25.263199037099916	24.976824454134466	0.0014030600740214407
140.0	26.168275345078307	21.722369933564973	25.675700053216172	26.43345423058537	2.0043755518296439E-4
141.0	25.153287539161234	25.337493159938184	25.54635306945895	23.96216468663998	7.015448016532404E-4
142.0	28.322364975954468	23.173058179815584	23.823743265772663	24.680432694307296	4.008841499928092E-4
143.0	26.720585692917115	25.412498089532644	24.044528296213894	23.822187478859583	2.004424767674642E-4
144.0	27.695909550795744	25.414033517559815	22.990442238760124	23.899163689627574	4.510032567446284E-4
145.0	27.618253951152482	22.88032865009619	23.02655348857487	26.4737113497635	0.0011525604129573848
146.0	27.047572658875364	21.909009911012358	25.167647344752698	25.871560736395534	0.004209348964049154
147.0	26.571259914331357	25.109390878714933	26.416719616595746	21.898871314634828	0.0037582757231423595
148.0	24.72522819351913	24.263604543074266	23.920994805982264	27.089821679574456	3.507778498821136E-4
149.0	27.483663406029507	24.82931767158435	24.124138069275176	23.560174791533033	0.0027060615779345735
150.0	25.286094284328307	24.232170848751387	25.506691068285782	24.975043798634523	0.0
151.0	26.390535687617955	24.36187454083131	25.788767869367074	23.458120307458856	7.01594724809492E-4
152.0	27.123768496667633	24.352431835391624	23.357406710443428	25.166192499149304	2.004583480127311E-4
153.0	24.54812929763905	23.511358721717208	25.80014202473957	26.139317549577108	0.0010524063270668383
154.0	22.918736011562604	25.007241663066715	24.752505515190453	27.318660237205812	0.002856572974414127
155.0	27.012662592824267	23.595406502109096	24.300760637700687	25.09096978299572	2.0048437023849623E-4
156.0	25.81689501951045	23.67072079635705	26.32985562018661	24.182378194412767	1.5036953312766124E-4
157.0	24.8637020024791	22.73771889506019	26.761673860206898	25.63685511887511	5.012337869666183E-5
158.0	24.818750501243084	21.774149891731494	26.32313136578715	27.08396824123827	0.0
159.0	26.675675919530264	21.772383365096296	24.45946989101678	27.092119944701366	3.508796552958267E-4
160.0	25.6883589762612	21.769136454729463	26.114031244705416	26.42842319803585	5.012626806926648E-5
161.0	24.236100633155367	20.809111502213863	28.939024897627935	26.012003434708703	0.0037595322941317713
162.0	25.008697169083995	23.526418841627308	25.557796824104646	25.907037037408355	5.012777570025996E-5
163.0	24.6369103239183	24.273469739686306	27.37559804774757	23.713971758912063	5.012973575613688E-5
164.0	25.191010751545406	24.292968207569444	24.87769346339928	25.63662313143836	0.0017044460475149426
165.0	26.705268382187064	22.084843562787945	26.746827891494085	24.462358314157807	7.018493730981135E-4
166.0	24.754735218313105	23.289388127725687	25.936728730057588	26.019047657244442	1.0026665918008944E-4
167.0	26.964518839527614	23.447385888954177	26.376892826560837	23.210851503733014	3.509412243637436E-4
168.0	26.55546447471002	24.670191244707492	24.045393356446144	24.728850651645846	1.002724904929145E-4
169.0	26.578621605618224	22.47049273781166	25.956814434028626	24.993870671929784	2.0055061170443452E-4
170.0	31.00258064451434	23.31630117981632	23.056381592438665	22.624636305612086	1.0027761858705826E-4
171.0	25.34808312980747	23.242060485664275	27.316271422862652	24.092632305183002	9.526564826017349E-4
172.0	26.973445417920832	24.691881019750497	24.361803674165934	23.972669355145978	2.005330167585442E-4
173.0	28.452878461826113	19.854511696359335	23.64119769195719	28.04970783538528	0.0017043144720860861
174.0	23.756337492994543	26.13122432795254	24.30910423415213	25.80288278858715	4.5115631363183836E-4
175.0	25.882217884281246	24.531908430009594	23.50057800222779	26.083340602225185	0.0019550812561848247
176.0	24.507229934631543	24.380343240789433	28.491351802006626	22.619420632648733	0.0016543899236624382
177.0	21.81288643150373	26.43407074942894	25.128551459690797	26.598620628799136	0.02587073057739861
178.0	25.003020524022062	23.250464859900326	24.374500861538678	27.371863355002564	1.5039953636836255E-4
179.0	28.216477477838836	24.227166980867192	23.231719545946813	24.323532950944607	0.001103044402551041
180.0	26.29170095301384	22.412689827397877	26.11450944594101	25.181049506553073	5.0267094205058574E-5
181.0	27.889257888306446	22.300351430413908	26.1114156740683	23.698119210472132	8.557967392130596E-4
182.0	25.147237463231537	23.219193150280127	25.70910337557522	25.92436532711913	1.0068379398686178E-4
183.0	23.418596795232265	24.919488127236196	26.76326916716213	24.898343849255394	3.020611140114572E-4
184.0	26.382107006152655	22.095688610514944	26.65120070160706	24.866976086657736	0.004027595067605701
185.0	24.96576811319881	24.809358595123364	25.03669859629128	25.187872649326536	3.020460600105112E-4
186.0	27.163849533151623	22.91811198521068	25.669260100951618	24.24877838068608	0.0
187.0	24.009331887311156	22.99498095790562	28.196221846704834	24.798859996469016	6.053116093722414E-4
188.0	26.96884793035884	28.47746731534862	22.256739222994174	22.296541954803466	4.0357649489778416E-4
189.0	24.736334682539642	24.145159329274783	24.96860736784698	26.14919231764652	7.063026920727109E-4
190.0	28.535281037883266	22.008903321313227	24.928088752682324	24.527676432939767	5.045518141917307E-5
191.0	26.391412348287098	24.082823938483465	25.07961216078599	24.445898855535706	2.5269690774793987E-4
192.0	26.730144032089797	23.28966947829814	24.651393415444833	25.328793074167226	0.0
193.0	27.541243823220896	25.07108825053395	21.491526280536352	25.896040542419147	1.0110328964828693E-4
194.0	28.021056931366296	23.63540953638554	24.298835327031554	24.044698205216612	0.0
195.0	26.048313536406052	21.91679627535965	24.667601736925025	27.366631138041853	6.573132674132396E-4
196.0	27.822539355210235	22.358737429499246	26.693209318924467	23.125311125913353	2.0277045269517416E-4
197.0	24.77611743548689	24.71228498375796	24.123850166628557	26.38703760131944	7.098128071524794E-4
198.0	27.501079047188636	23.47097743902749	24.259468956447115	24.76832222126307	1.5233607369003672E-4
199.0	25.508674081751124	23.171248562036332	25.69112565907198	25.62854466629322	4.0703084734155435E-4
200.0	27.553377102531968	23.910591158947526	24.080793401953585	24.45518745398306	5.088258385831439E-5
201.0	24.853474429392435	21.493741559323137	29.044019242962243	24.608612111016466	1.526573057206799E-4
202.0	25.1340828094617	25.033422102709547	28.366523037714174	21.46597205011458	0.0
203.0	25.809821350846818	24.633098022605918	23.165082854252773	26.391285069435078	7.127028594147793E-4
204.0	25.620862655171116	23.8316662610571	24.410041738751463	26.13732751835171	1.0182666860816181E-4
205.0	26.564945585484303	24.50099236353601	25.773040502077905	23.16030871721865	7.128316831279868E-4
206.0	25.032183289947003	21.623402547775893	25.886364469647898	27.45799876970208	5.092292713132819E-5
207.0	25.593114674609495	23.33790372034936	27.010579800790886	24.058249005278697	1.5279897156105543E-4
208.0	27.768548476248263	22.770818018381508	22.171618140238856	27.289015365131377	0.0
209.0	27.42336540029349	20.603701288113484	25.139613565954672	26.832759253220285	5.604924180661992E-4
210.0	24.447267446039405	25.146928906749018	24.584090131689287	25.82125472112182	4.587944004653195E-4
211.0	24.294773470836358	25.997515644504638	25.836838219096492	23.87000579275009	8.668728124209616E-4
212.0	28.468353106530387	22.55251524759648	24.54910223478365	24.429621278017695	4.081330717880565E-4
213.0	29.511398523077297	23.563073461232566	22.58223588495399	24.342985842328854	3.062884072900725E-4
214.0	27.70301545894016	25.3553594364522	24.020315595760312	22.92130950884733	0.0
215.0	25.908558810908133	25.181967802427057	22.798079493327077	26.110933020895956	4.6087244177388785E-4
216.0	25.873362275844393	24.437316682328756	25.938288767561605	23.750980498753506	5.1775511736214125E-5
217.0	28.39181630312388	23.102510443853998	25.780630733016164	22.72415423723943	8.882827665305504E-4
218.0	24.432302469054257	24.258768511301636	25.974186559573038	25.334372564302416	3.6989576865661787E-4
219.0	26.359118815302768	23.18976146491516	24.67543272081881	25.775047037190312	6.399617729500958E-4
220.0	27.96964366045467	22.156760660723297	25.115560090442763	24.75760664476552	4.2894361375343354E-4
221.0	25.334304611282565	23.034850901089065	24.27609440346115	27.354371804550485	3.7827961672709233E-4
222.0	25.115138439096185	25.514710860027908	24.386310481801683	24.98373103136526	1.0918770895797801E-4
223.0	29.94415923972228	23.081436327900125	24.401645031154807	22.571986671516466	7.727297063240752E-4
224.0	29.399834203451626	23.11312349407925	25.053983488965898	22.43305881350323	0.0
225.0	30.47008468504877	19.913984528125646	24.211640812482152	25.403343648287347	9.463260560859621E-4
226.0	25.344116601693305	22.267809657063452	25.918597138693762	26.469307621118848	1.68981430630588E-4
227.0	26.926724201721044	23.943985856440136	25.73190987009646	23.396013984182986	0.0013660875593821185
228.0	27.082466455773364	27.989933440974006	22.979433610104564	21.948166493148065	0.0
229.0	27.708587200638807	24.9315461075028	22.045995700072858	25.31387099178553	0.0
230.0	25.758104193656383	23.3332071791438	27.730651101180513	23.178037526019303	0.0
231.0	25.235752297016905	24.729862547925233	24.486008340982675	25.546782995729156	0.001593818346029769
232.0	25.02945036091915	25.292142233807645	24.645630326832173	25.032717672770993	5.940567003358203E-5
233.0	22.732438137715587	25.741135223226397	22.38779123385276	29.137913505598632	7.218996066248726E-4
234.0	27.148394762609694	21.532172592816252	26.53870649515122	24.77913698702143	0.0015891624013955293
235.0	25.664912464203688	21.81986075721388	27.774225911486944	24.7406914111747	3.094559207891869E-4
236.0	28.077594994276033	24.098169899791426	23.92485141217244	23.8991327802782	2.5091348189502406E-4
237.0	27.73750162460653	25.319706714934654	22.30291541585172	24.639686046769647	1.9019783745058817E-4
238.0	27.02177599297524	23.22362720344646	24.100821315314782	25.65377548826352	0.0
239.0	27.578743617877066	23.575936235297345	24.00233687153284	24.841806997675544	0.001176277617201361
240.0	25.237722430986697	22.33479667360847	26.841137176836305	25.586276169394417	6.754917411002275E-5
241.0	29.249046343640938	21.319495170846523	23.501001001001	25.928022617211806	0.0024348672997321647
242.0	26.236858704437804	24.51731971433159	21.390238465775553	27.854160329056615	0.001422786398433038
243.0	27.59895652575508	23.31184218301006	25.24360070606341	23.842544327619944	0.0030562575515030335
244.0	26.137958351425333	23.17826618989997	26.06887981150746	24.613738666695706	0.0011569804715307942
245.0	28.766414152609247	21.305302385981616	23.29406372575432	26.632310022786964	0.0019097128678499159
246.0	24.565075855962824	26.675871265869223	23.862638777778614	24.89340814518217	0.0030059552071683834
247.0	25.382825671343877	23.25251401007452	24.78374824510426	26.444969686764374	0.13594238671296646
248.0	25.945620726564545	23.350414512103697	23.934185153764872	26.758609914575832	0.01116969299105191
249.0	25.39156665866557	21.592374517440906	28.472310582014586	24.526622681257553	0.01712556062138962
250.0	26.446529204745612	22.464023189380168	24.92369285919464	26.16472147463076	0.0010332720488200379
