# Position (bp)	A	C	G	T	N
0.0	23.988827355305652	23.756468227899948	25.530069259394267	26.724613498271925	2.1659128207094186E-5
1.0	22.820194161157346	30.415259478537493	23.690739482540994	22.999962602284374	0.07384427547978784
2.0	24.772153920672768	26.63771206946689	22.275639056544026	26.313481801091488	0.0010131522248283946
3.0	25.264348484646142	22.331001136014592	24.245274037133935	28.15196661487038	0.007409727334958016
4.0	25.74411272812028	24.31262881988556	23.85269192535382	26.09039435429668	1.7217234365513707E-4
5.0	28.36078969585062	23.90385769256484	22.62691056748022	25.107646612547224	7.9543155709167E-4
6.0	25.7169214232485	23.410912178520775	24.48086406610049	26.385335499136314	0.005966832993924991
7.0	25.584397303824897	25.409828514230636	23.67022524472946	25.334606248611408	9.426886036017989E-4
8.0	27.656406872580746	24.14682156713497	23.998756829050528	24.1979719812011	4.275003265033744E-5
9.0	26.041668889013103	26.00497350465242	21.993506623730223	25.959616302820553	2.346797837020437E-4
10.0	24.735237899535882	25.246142476467544	23.183360983883528	26.83525864011304	0.0
11.0	26.91068855861845	22.506144722676908	23.191597615481367	27.39142426591798	1.4483730528952045E-4
12.0	28.71072545203767	24.713302553552843	19.87014588963522	26.70580571631291	2.0388461354181216E-5
13.0	25.03655292900341	23.346727018741902	25.052168163193684	26.564390907265228	1.6098179577607916E-4
14.0	26.3970511956918	22.237591639904032	23.66468421753724	27.70057338967739	9.955718953239781E-5
15.0	25.412338889843618	23.99106375665922	24.168256696044978	26.42834065745219	0.0
16.0	26.471012707750713	24.82844295036201	21.472128439569357	27.228319302160465	9.660015745825666E-5
17.0	28.456355789496403	26.40817440002332	19.51909859573019	25.61525426584558	0.0011169489045097663
18.0	25.192843794649328	25.953876659556563	20.29390940959091	28.55910735509311	2.627811100925215E-4
19.0	24.766172617601995	24.608086616579055	22.359982436132324	28.26531065251559	4.4767717103842073E-4
20.0	22.390661976808516	25.37593185026746	24.30335808399188	27.929992580353293	5.5508578850861406E-5
21.0	23.89660992453787	24.5103262080175	23.861259719699504	27.731583782831848	2.2036491327814294E-4
22.0	22.315372715373734	27.04431483796292	25.78126661445166	24.85899130272933	5.452948236434746E-5
23.0	25.224446262241884	24.60539885840312	22.88354898336414	27.286244345118387	3.615508724674491E-4
24.0	27.789391394933393	21.756036211089185	24.33354897358404	26.120951798942833	7.162145055281912E-5
25.0	24.887634058601456	25.32657265362231	19.894326578678132	29.891254079389558	2.1262970855200235E-4
26.0	25.942767627812803	25.569874723000513	19.9243815418629	28.562852732065775	1.233752580085083E-4
27.0	25.62908341482511	25.133312227212024	19.942700572168082	29.294868628457788	3.51573369934465E-5
28.0	27.33424005794519	24.182012060571612	22.82704673636432	25.653958054322224	0.002743090796652596
29.0	27.270291113790883	23.656625088823514	22.609911240208746	26.462948668534242	2.23888642611382E-4
30.0	23.143906117008903	24.926380233776968	25.21235813142633	26.717013418502372	3.420992854230126E-4
31.0	25.978814851890935	25.354907629508126	22.01641193120484	26.64945727115108	4.083162450149265E-4
32.0	23.7770347176695	23.23897707454254	24.25582755155507	28.72790753204763	2.5312418525652873E-4
33.0	24.16383244090702	24.85773772851206	24.491383786725972	26.486945865035754	1.0017881919225819E-4
34.0	26.26521548665128	26.59284893865278	22.828376680752818	24.313442958539014	1.1593540410527266E-4
35.0	25.001955953405496	22.56979965296384	26.29595239840893	26.13206236547182	2.2962974991187958E-4
36.0	23.548790473695018	24.90647705297801	26.069981333919323	25.474570885797377	1.8025361027498017E-4
37.0	25.312104310507223	25.76458062032646	21.5783188776137	27.344996191552617	0.0
38.0	26.56323461812508	25.69460126760238	20.889057525527353	26.853008332611424	9.825613376197027E-5
39.0	22.97468655975499	27.202374413105378	22.05230604951093	27.77046925210015	1.63725528559217E-4
40.0	26.220628356484475	26.594701522321124	22.75406314078712	24.430492389703993	1.1459070328898236E-4
41.0	24.230418513462	24.50633501471571	21.695512383506426	29.562987348957527	0.004746739358342321
42.0	24.166896884013664	26.159313459138932	20.418963930288005	29.254809360397292	1.6366162108799626E-5
43.0	25.811910928879122	25.71829120855024	22.89885011877153	25.56713487981787	0.0038128639812321998
44.0	28.48959096037063	24.867848923917926	22.868635931904993	23.773564221733366	3.599620730870266E-4
45.0	25.600422983084275	24.46465385437119	21.5773395188502	28.353837390356652	0.0037462533376826953
46.0	24.979565344197795	24.440273635458173	22.709760494547297	27.870384168257573	1.635753916526496E-5
47.0	25.361988877984952	25.032433758586848	22.689057899901865	26.914883873078182	0.0016355904481517827
48.0	22.42505499931736	24.13370863401398	22.882953440860305	30.558282925808356	0.0
49.0	21.949314220345105	26.44148118792068	24.39937159822113	27.208001871668113	0.001831121844972974
50.0	27.18451950747454	25.11517561901225	19.763222370316775	27.93690267539627	1.7982780016815534E-4
51.0	24.78217796050411	27.02452928291538	21.63857747844745	26.552557693725337	0.0021575844077259174
52.0	22.522794621678383	26.319268457406338	21.948578525124056	29.209342078661944	1.63171292817575E-5
53.0	22.384028411375045	25.41199280329467	23.900348998818092	28.302081722464056	0.0015480640481353406
54.0	22.976975394120675	28.736793254363086	22.3162918420695	25.96989062424126	4.888520547918419E-5
55.0	23.97642705117011	28.276904916369528	22.306207694946725	25.439045765470457	0.0014145720431785922
56.0	26.80422930155006	25.738905204233724	24.615053962027588	22.84181153218863	0.0
57.0	22.759251868824265	28.02005008457156	22.69656893862486	26.519203556150885	0.004925551828428237
58.0	25.281420379102165	25.709164726597795	21.59993550351228	27.40926808677053	2.1130401723070481E-4
59.0	27.765231443701015	22.719893172954073	24.25562947554012	25.25664544417463	0.002600463630159462
60.0	23.474924089849054	23.046029708417386	24.060101689579007	29.418928283367602	1.6228786946862083E-5
61.0	25.22332846063369	24.326882631984816	23.247937757536892	27.195960419484916	0.00589073035968832
62.0	25.486806168247988	22.246510851261906	24.644204760336898	27.622299720095683	1.7850005752570035E-4
63.0	26.067238551989735	24.133920860962938	22.55151657354302	27.24489004464548	0.0024339688588288326
64.0	24.993019731970666	21.84882197045031	23.914754569889165	29.243403727689866	0.0
65.0	23.679082912660476	26.556996988515678	23.693754910908908	26.065387881641993	0.004777306272943216
66.0	24.867090831655943	24.278420214824614	23.100026395606992	27.753879587451237	5.82970461210603E-4
67.0	26.873028228345714	25.556443818180615	21.041903451987913	26.527895827466835	7.286740189335418E-4
68.0	23.98599514431841	22.575405716906054	26.2804455672394	27.157943074468356	2.1049706777584586E-4
69.0	23.31656176000324	24.841466129652492	25.10889918840697	26.7303041955919	0.0027687263454026596
70.0	25.56845650497273	23.264653428686458	24.600184648319328	26.566333534366095	3.718836553899685E-4
71.0	24.147629179483268	23.17917716898173	26.269821212953488	26.40225964609651	0.0011127924850059276
72.0	27.06509897110303	25.96170034077253	21.88544353644873	25.08614456160449	0.001612590071218428
73.0	25.2534586732884	22.802250959398883	23.4229578509465	28.517382050372476	0.003950465993743752
74.0	24.52442112133235	26.452017433431536	22.998657280095756	26.02401740247545	8.867626649056098E-4
75.0	25.105402886421224	25.49135213471578	21.785455812366013	27.61548369247943	0.002305474017549655
76.0	26.8355899700378	24.674490533733472	24.97203285927438	23.516854847355596	0.001031789598754759
77.0	24.52945315730463	24.845663214928532	23.91371809990239	26.710488453053326	6.770748111243392E-4
78.0	27.264356491186444	26.950754070834748	20.26215962998332	25.522133360501247	5.964474942434756E-4
79.0	27.32709816362323	21.36316155988858	22.562529015784587	28.74450312080883	0.0027081398947694213
80.0	24.3190580881835	23.100499490386657	28.117535228442662	24.460344215884557	0.0025629771026204748
81.0	25.408925872942312	25.15171566158248	21.969801132356793	27.469025407507402	5.319256110092482E-4
82.0	22.56377548553313	22.619561103707415	24.186361681647064	30.629076734318616	0.0012249947937721265
83.0	25.255935729652958	22.817704260212125	23.95688339620379	27.968396716337658	0.0010798975934723897
84.0	23.56575911457746	26.299987299900913	24.448883390526756	25.684145312341855	0.0012248826530184653
85.0	25.069263707171206	27.283397709781077	21.087432547358873	26.5591969197292	7.091159596377643E-4
86.0	25.560353906542975	25.103555261677375	22.39588109279064	26.93821139600212	0.001998342986887808
87.0	22.148119212431386	22.708653824150417	25.86423340208073	29.27809111076517	9.024505722986995E-4
88.0	24.75725331369068	26.94286382352036	25.883488358714136	22.415588772811663	8.057312631626273E-4
89.0	26.934249558433926	26.123582424244084	22.690671059579714	24.250368972145687	0.0011279855965907763
90.0	23.95562740829175	26.019517224165444	24.416108340720115	25.60863423098943	1.1279583325746472E-4
91.0	26.21624604725171	25.023956172329754	23.956204555983003	24.80294869987311	6.445245624282463E-4
92.0	25.552516365544093	24.681663823333977	22.36098552252764	27.404834288594294	0.0
93.0	26.605166378660993	26.289866631219816	20.912047498781515	26.192581135024305	3.383563133662828E-4
94.0	27.520616270318804	23.851666936002438	22.569601814318794	26.053748678630118	0.0043663007298489175
95.0	24.394881615363275	26.619392724304724	23.580001424243918	25.402775857841124	0.002948378246961962
96.0	26.220566670436607	24.602311521486893	23.94605182476413	25.230054999247624	0.0010149840647501835
97.0	25.66645997244829	25.27878345872729	23.40629172045469	25.64830374609508	1.611022746513465E-4
98.0	28.627412001290708	23.09758807523026	24.01169949201355	24.263284321788227	1.6109677260336735E-5
99.0	22.629024653056383	22.13773229383014	26.50061399463151	28.73261294947943	1.6109002532174107E-5
100.0	22.71297730237395	25.25298962848033	24.46012072883178	27.57391234031394	0.0
101.0	23.641922262554154	21.956845819363245	28.407373790008545	25.99374537406545	1.127540086063524E-4
102.0	25.031348649172852	24.411914806421287	24.85301897479285	25.703669241787974	4.832782503523099E-5
103.0	25.680347993838843	25.82166733301911	25.317408744885167	23.180382626983633	1.9330127324326997E-4
104.0	26.171350349854688	26.700393008640777	23.000702641073477	24.127070753475433	4.8324695562472074E-4
105.0	27.610963775672037	23.32345148645734	20.724396348458097	28.33791824609488	0.003270143317655439
106.0	25.440244389237932	23.279689010699762	25.22015038495107	26.059803453782838	1.1276132840577068E-4
107.0	25.47906474306756	24.617143670855594	22.668603131150956	27.234366918030112	8.215368957857896E-4
108.0	24.1933862715959	25.545734554635306	23.87880425975937	26.381994375859946	8.053814947171806E-5
109.0	26.297189945267878	24.759439599769344	25.37505516701512	23.567542144378116	7.73143569539432E-4
110.0	24.956431120904043	24.641849317716186	22.692089631089978	27.709613823495303	1.610679449018774E-5
111.0	24.95407420770458	23.586697667750954	24.67669128122692	26.781747588140874	7.892551766683284E-4
112.0	25.693704541790265	24.129580530964613	23.94140566927708	26.235212617621368	9.664034666825157E-5
113.0	28.726555916619205	21.655320434685134	22.896088400751445	26.721197729164466	8.375187797480228E-4
114.0	26.778810983122785	22.307104549306896	26.770725588470164	24.142875688184663	4.831909154953851E-4
115.0	26.65539784684359	23.873355603588177	26.29602300540198	23.17449870584144	7.248383248116508E-4
116.0	26.917506191739022	24.815262604473514	24.4931278784177	23.774055002744728	4.832262503962455E-5
117.0	25.793362260675316	26.972512796789022	23.86346247332962	23.369808759321142	8.537098848973567E-4
118.0	27.051572688500496	24.610593004252703	25.16699456178404	23.17032430529135	5.15440171409629E-4
119.0	27.273064071554582	21.172117321264963	24.773411999386617	26.78082672807378	5.798797200598436E-4
120.0	25.228647585371966	23.792106109231533	25.01570492396884	25.96352527381334	1.610761432701421E-5
121.0	27.66881587272542	23.25058342342946	24.349278307472847	24.730517007872187	8.053885000831161E-4
122.0	26.98030228177948	24.1121835848536	24.20153342822962	24.705336394025885	6.443111114189487E-4
123.0	24.04060012989155	28.14613314914849	23.35875002577213	24.45380796152736	7.087336604676096E-4
124.0	24.782009357159954	24.910724266602067	22.826770123966423	27.480399607363953	9.664490760263609E-5
125.0	27.117068026666306	23.757492430054413	24.229543912288335	24.89489698930471	9.9864168623548E-4
126.0	24.505781851403714	23.724226820729104	25.1063721491813	26.66352253530383	9.664338205448369E-5
127.0	26.393006466319118	23.094645740872398	27.16749580170857	23.34362785855084	0.0012241325490724136
128.0	26.52410983996142	23.177229221545467	24.87480626985019	25.414464132177518	0.009390536465402074
129.0	23.961978597377296	27.34710306910092	22.40009419499201	26.28739330178252	0.003430836747257505
130.0	26.404591570630416	24.606708561484194	23.416340138583426	25.572343621692827	1.6107609137911095E-5
131.0	25.717188309660216	24.67634531349238	24.385602547067712	25.220074555787736	7.892739919561705E-4
132.0	25.8762150133733	25.54251469613491	22.334549185642043	26.24084184550756	0.005879259342183364
133.0	27.218741714621856	25.098683585294733	24.66715934632534	23.01316028121399	0.0022550725440729767
134.0	26.304330247885005	23.130006014546375	20.90035536401214	29.66526005100928	4.832254720388023E-5
135.0	26.09775748407315	23.703301857617053	26.375414278498237	23.822930411520936	5.959682906211988E-4
136.0	27.75095417311306	26.027700215277882	24.371163877772418	21.844125281580734	0.006056452255907658
137.0	28.031740263706485	21.880650732426734	24.466928446687046	25.62043894382103	2.4161335870595752E-4
138.0	25.027260863836776	24.095011801497744	27.15647526453105	23.71999573490296	0.0012563352314733235
139.0	26.196151575698856	23.815727271336222	24.95880254779122	25.027643486405367	0.0016751187683367117
140.0	26.62235435631234	21.49833744274792	25.74707159916682	26.13178560774988	4.5099402304064033E-4
141.0	24.930428722077462	25.57320499498984	25.525978511950214	23.969888445957167	4.993250253165841E-4
142.0	28.186801672659435	22.984796040537233	23.62140979592376	25.20675087950567	2.416113739037488E-4
143.0	26.468098691449327	25.533836131809593	24.186949800743164	23.810954301800535	1.6107419737935503E-4
144.0	27.91515342268446	25.774257152710405	22.84461895084292	23.465326168877787	6.44304884427006E-4
145.0	28.199189084534037	22.685965801866278	22.69050811398691	26.423048400429614	0.001288599183156978
146.0	27.537384859079722	22.08316917037329	24.640567682227328	25.734287631546476	0.0045906567731838635
147.0	26.395047947638133	24.554908844319772	26.54851904737744	22.497867785807305	0.003656374857349031
148.0	25.154583679107674	24.45733831935632	23.923922343808794	26.463527465220686	6.281925065332021E-4
149.0	27.870555637346257	24.744590189389683	23.41218744452953	23.970186161722015	0.002480567012517843
150.0	25.23345487768596	24.392819191647636	25.146214844046362	25.22751108662004	0.0
151.0	26.530007698060764	24.25162977723948	25.296417220396012	23.92130098032283	6.443239809170566E-4
152.0	27.1496129657676	24.116370902087603	23.04407328763085	25.689830086382393	1.1275813155265692E-4
153.0	24.924415406386494	23.95328889028495	25.228831763168003	25.892577978703095	8.859614574549227E-4
154.0	23.23620752339897	25.239555215413233	24.607694859048827	26.913771720652807	0.002770681486161332
155.0	26.975366972728303	23.825769425689007	24.323056496772868	24.875613795938644	1.9330887116962502E-4
156.0	25.758498141702308	23.444466048914848	26.269229969957614	24.527403104889956	4.027345352757596E-4
157.0	24.954623782953234	22.986358379566035	26.67739769026316	25.38128184933598	3.382978815947749E-4
158.0	25.372693836316767	21.39056980163001	25.80201728860572	27.434606305561342	1.1276788615469724E-4
159.0	26.548557658771273	21.72084712808462	24.272296831525995	27.457702316261646	5.960653564720535E-4
160.0	26.38460001804333	21.529832712556868	25.737440553672464	26.348094495495612	3.2220231727906584E-5
161.0	24.292869034450916	20.694247676835502	28.560367801218767	26.448697381423642	0.0038181060711752965
162.0	25.24296620391456	23.7160630686698	24.984908506157186	26.055997779331186	6.444192727116308E-5
163.0	25.05563095459045	23.88734868638126	27.23074811309082	23.826223913222798	4.83327146745855E-5
164.0	25.462882033453848	23.607986635344126	24.926665333724085	26.00053263998837	0.0019333574895610778
165.0	26.523193601956095	22.113695204512197	26.620154166976146	24.74226422092315	6.92805632413121E-4
166.0	25.02567888527778	23.57304750646141	25.71761910692744	25.68349337891594	1.611224174291919E-4
167.0	26.639628414430632	23.475376268737307	26.360185161165266	23.524423449902027	3.8670576476785006E-4
168.0	26.326340342866867	24.631809351687973	23.69007918757646	25.35162609748206	1.4502038664368684E-4
169.0	26.47904713440006	22.5530013442294	25.753530656712947	25.214146926755127	2.739379024671492E-4
170.0	31.464894273761672	22.768981469768825	22.435723175011606	23.330207710753523	1.9337070437051631E-4
171.0	25.264153418307185	23.784185247243087	26.744089360801098	24.206766259394225	8.057142544065318E-4
172.0	26.97042906281359	24.89563937919207	24.214048676487554	23.919705644077595	1.7723742919364702E-4
173.0	28.482478950104912	20.485556982181606	22.873271406412858	28.157049239651638	0.0016434216489867258
174.0	24.24232805699107	26.127013753120547	23.69500999444771	25.935068153336065	5.800421046118825E-4
175.0	25.903526031091744	24.458055177932177	23.07355548383531	26.563139228382916	0.0017240787578512047
176.0	24.941628936965053	23.907031050343974	28.326892777392665	22.822868114752435	0.0015791205458729686
177.0	22.265365524127464	26.113502748727	24.820229676711545	26.776632935927925	0.024269114506065507
178.0	24.76973304163473	22.79340355520163	24.600637227279826	27.835839450179172	3.867257046424326E-4
179.0	27.809483752601544	24.241236138204208	23.281580480399906	24.666378210783897	0.0013214180104440367
180.0	26.515031699887803	22.554052165681085	25.53548133830149	25.39519247312436	2.4232300525760147E-4
181.0	27.88978775099525	22.398975070730796	26.16879303902205	23.54168385396699	7.602852849209545E-4
182.0	25.919105696710403	23.09675445374384	25.10549553550203	25.87854728434908	9.702969464431663E-5
183.0	24.110031394247088	24.193218952596837	26.275398363126307	25.420752934730594	5.983552991719895E-4
184.0	25.90323606287696	22.580974347678566	26.613058428580622	24.89896299401395	0.003768166849899845
185.0	25.32481319067624	24.92833808222731	24.21141975732858	25.534879185776376	5.497839914867566E-4
186.0	27.30111366418918	22.727970295388563	25.422501718597612	24.548414321824648	0.0
187.0	24.67143263117339	22.747662140166923	27.934002344097582	24.64623860476616	6.642797959462083E-4
188.0	27.683134969048822	27.94358631868098	21.93298485509832	22.439742980289303	5.508768825812406E-4
189.0	24.68343611225568	24.09905534344806	25.379326570270145	25.83706396057723	0.0011180134488916354
190.0	28.45021814219721	21.790269775557576	25.288971163487705	24.470265445770387	2.7547298711888313E-4
191.0	26.704633144793828	23.831895444395883	24.566308558994614	24.896854506715187	3.083451004856111E-4
192.0	27.179005343547257	23.144069649355984	24.44136859601676	25.235491489326133	6.492175386767291E-5
193.0	27.138562289050178	24.388278993573444	22.182478160560564	26.29042083885978	2.597179560391648E-4
194.0	27.929559096668754	23.76719815830081	23.912237488551877	24.39100525647856	0.0
195.0	25.978880062758464	21.795025820327922	24.90624220714449	27.319251210490226	6.006992789011035E-4
196.0	28.246855095204594	22.35498684375799	26.07862961615533	23.319463363299064	6.508158301839271E-5
197.0	25.618814640299014	24.177377772809177	24.150023343205987	26.053117062475987	6.671812098338604E-4
198.0	27.890031889220403	23.302921521883306	23.92071202420778	24.88628567983353	4.888485498307769E-5
199.0	25.43658392786139	23.13372490462632	25.65250093529215	25.77671687319267	4.7335902747898124E-4
200.0	27.983269040624144	23.62065326355081	23.9067831624112	24.489245560930016	4.897248383051015E-5
201.0	25.432807322339464	21.23081413781203	28.460932166229096	24.875119868274684	3.2650534472924053E-4
202.0	25.522139532499306	25.341993740774548	27.795529138671604	21.340337588054542	0.0
203.0	26.00456362238997	24.493508792616154	22.59762287925639	26.903684115804694	6.205899327901103E-4
204.0	25.66022875811122	23.693413367693815	24.110430039050808	26.535797170356012	1.3066478814256248E-4
205.0	27.148971674160727	24.209530455144765	25.288263142695484	23.352418025985497	8.167020135298122E-4
206.0	25.297294224368986	21.34454503589911	25.86758291852223	27.490528813301268	4.900790840617951E-5
207.0	26.198382647857795	23.784608587645135	26.110773622657703	23.905973719906658	2.6142193271195516E-4
208.0	28.16550832865945	22.612153528158988	22.07321912068287	27.149037311296148	8.171120254049934E-5
209.0	27.60393119493537	20.369226212717216	25.26285387570329	26.763269531833572	7.191848105552792E-4
210.0	24.619665259654276	24.53892280177473	24.70745367812221	26.133713041402785	2.4521904599982344E-4
211.0	24.79687878660033	25.79515949630714	25.722178779372573	23.684867203875385	9.157338445744568E-4
212.0	28.958217895416887	22.527330054528413	24.46567275131847	24.048533903696846	2.453950393883578E-4
213.0	29.957537641554836	22.98546065274827	22.803137696556195	24.25348751174508	3.7649739562018944E-4
214.0	27.806470436077625	25.036297891880032	24.445899145019396	22.711283381733253	4.9145289694281894E-5
215.0	26.009951405191533	24.948557922834997	22.617015028227275	26.424065256213964	4.103875322297849E-4
216.0	25.889986681176204	24.56357438442916	25.62433954961324	23.92204965675228	4.972802912073385E-5
217.0	29.01988729375385	23.23672654770639	25.2890987375671	22.45356914248908	7.182784835838287E-4
218.0	24.695094470328446	24.388948286496248	25.493501841738443	25.4222022067102	2.5319472666278885E-4
219.0	26.75834224384188	22.87660482739704	24.6224916436332	25.741931707503003	6.295776248792743E-4
220.0	27.780574116575004	21.939817658186833	25.139273919941935	25.14007776045245	2.565448437821483E-4
221.0	25.602831796939707	23.145250869260227	24.19943992491907	27.05228791497443	1.8949390656503362E-4
222.0	25.3021020019728	25.049719362591865	24.092669389683103	25.5552313869323	2.7785881993359175E-4
223.0	30.8486448791908	22.72626993849717	24.089134194728093	22.335212679353965	7.383082299745759E-4
224.0	30.02890254906384	22.776354190164675	24.676115215429732	22.51848705729754	1.4098804421385067E-4
225.0	30.925495543027143	19.742775777963843	24.07791136511248	25.252931482346973	8.858315495638697E-4
226.0	25.586110915874283	22.11324819732658	26.007804532395053	26.29272877492796	1.0757947613098304E-4
227.0	27.091412120565906	23.61247310138355	25.927378849645265	23.367450623942904	0.0012853044623779618
228.0	27.489802216248542	27.815384839461714	23.20858097645657	21.486177349040485	5.461879268800016E-5
229.0	27.77205226610938	25.254664925393133	21.723390842599912	25.24987360836105	1.835753652140103E-5
230.0	26.21181537104108	22.945548713553013	27.115666606709706	23.7269693086962	0.0
231.0	25.47810827381083	24.93969868955724	24.58658907863651	24.994158940986445	0.001445017008976183
232.0	25.417755829798217	25.02549647981342	24.46401646892132	25.092542253671503	1.8896779554138045E-4
233.0	23.75211811266349	25.388153120638123	22.198050474744438	28.661276209550028	4.020824039166656E-4
234.0	27.31087758598611	21.136748610757827	26.424972761195697	25.126137962139083	0.0012630799212848594
235.0	25.44336865812958	21.584634028190635	28.494437838739	24.47730389705165	2.5557788913109806E-4
236.0	28.611205103884004	23.773274676525837	23.691662142052866	23.923618803065345	2.3927447194616483E-4
237.0	27.675973894527743	25.022768038061155	22.152284872726366	25.148751852732747	2.213419519865038E-4
238.0	26.83723967444222	22.848918203985445	24.70145269663098	25.612328225268648	6.119967270415038E-5
239.0	28.26942578404712	23.26696302550921	23.87296718943373	24.589547142165323	0.0010968588446144231
240.0	25.403447343658765	21.84368613668159	26.59866935287159	26.153962830416944	2.3433637111382422E-4
241.0	29.27722883149986	21.252912851741847	23.518778228666193	25.948819128570744	0.0022609595213591354
242.0	26.986341215913683	24.29316128966073	21.29673066726053	27.422676842986927	0.0010899841781316262
243.0	27.986492018975273	23.597212281096773	24.659606462115974	23.75424695233837	0.0024422854736073562
244.0	26.503178990630232	22.97651912652988	25.914407861213913	24.604928154511267	9.658671147145348E-4
245.0	28.871338978943044	21.058415265210254	23.500038601295497	26.56827171355129	0.0019354409999090343
246.0	24.68998927283615	26.687568121798545	23.86089582588391	24.759048082681016	0.0024986968003756663
247.0	25.772341967449307	22.397755196029724	25.353469868358182	26.338571410689752	0.13786155747303305
248.0	26.567094975603656	22.715706675176524	24.1073236139736	26.599763155694344	0.010111579551879859
249.0	25.452887751470026	21.647698526004007	28.72659908340765	24.156686914475802	0.01612772464251294
250.0	26.87380231678907	22.598668906792433	24.48930147457096	26.03690302540722	0.001324276440318877
