# Position (bp)	A	C	G	T	N
0.0	24.52839082994796	23.24370303900656	25.264740890640546	26.963081062061327	8.41783436058972E-5
1.0	22.72451974593512	30.441616744475752	23.816715011410086	22.93903861465553	0.07810988352351544
2.0	25.304819720459648	26.76167483077665	21.908756494622406	26.02395354474199	7.95409399311008E-4
3.0	25.73931134521161	22.270522995174012	24.142987762286026	27.83981636318463	0.00736153414371555
4.0	25.732744785989876	23.933167389952455	24.25112337762205	26.082880861791118	8.358464449779002E-5
5.0	27.84443974102234	24.30443275268335	22.547203641617607	25.303088937676456	8.349270002450511E-4
6.0	26.089413812405464	23.476221100852808	23.80353185517635	26.625831666492306	0.0050015650730707815
7.0	25.84030005235696	25.222121999611584	23.51035307885107	25.426767421579967	4.5744760041702587E-4
8.0	27.752532888506387	24.518219518111522	23.101745857161372	24.62741866345895	8.307276177057962E-5
9.0	25.799411854466324	25.97576429064275	22.31897026431718	25.90564626346797	2.0732710577994797E-4
10.0	24.806796648241885	25.070781157173528	22.983969528266478	27.138452666318113	0.0
11.0	26.9312429467343	22.617931004537812	23.355390514219504	27.09515410744805	2.814270603375597E-4
12.0	28.3732605755854	24.35124760152915	20.264376246837905	27.01111557604754	0.0
13.0	25.306365156241924	23.403226842617386	24.46420373263304	26.825969235783266	2.350327243896592E-4
14.0	26.750610010532665	22.132213675094352	23.109936850530744	28.007161903698226	7.756014401367541E-5
15.0	25.360042096053036	23.785378963904776	24.214408414315717	26.640132284399222	3.824132724939311E-5
16.0	26.73990729729801	24.55699318902791	21.41113945722278	27.291847123735486	1.1293271581724324E-4
17.0	28.537214253234673	26.552045624996307	19.541321447763927	25.36790541937084	0.0015132546342500458
18.0	25.850987206645108	25.813181005696183	19.644694907984174	28.690953887414377	1.829922601593643E-4
19.0	24.998889088812433	24.844490645399333	21.693145204469577	28.462892288236652	5.827730820027289E-4
20.0	23.063901115265043	25.738669939953944	23.579791262798192	27.617565306821827	7.237516098949872E-5
21.0	23.914318943469837	24.25913452688065	23.459193951857873	28.367065500606987	2.8707718464840405E-4
22.0	22.707189398279784	26.997270569479486	25.939803068207297	24.355701378237864	3.558579557383875E-5
23.0	25.504546156341316	24.276007427961943	22.90752159052439	27.31157070799356	3.541171787909306E-4
24.0	27.960885401562496	21.808815232054446	24.20564690189054	26.02458233145365	7.01330388680808E-5
25.0	24.518470758610587	24.929074800695936	20.3010124136025	30.251129543040683	3.1248405029326627E-4
26.0	26.358472517917615	25.360019096462356	19.74214248627787	28.539296809391534	6.908995062486679E-5
27.0	25.446221418421395	24.525547948154845	20.370839254187658	29.657219136201178	1.7224303492227531E-4
28.0	27.262210289145532	24.049508646031708	23.09407923235989	25.591920108324	0.002281724138870499
29.0	27.838594343485116	23.865508122913194	21.787047659198425	26.508579628601193	2.702458020692721E-4
30.0	23.782829573667513	24.119351361214363	25.244131748296596	26.85335190190321	3.3541491831640493E-4
31.0	26.42904733738082	24.869415963564652	22.27062006053865	26.430482693609527	4.339449063546892E-4
32.0	24.32730592471094	22.519480407750933	24.415653945764902	28.737394276040913	1.6544573231079047E-4
33.0	24.076004418511097	24.930125413907827	24.755619122246785	26.238021733518707	2.2931181558612755E-4
34.0	26.666976650117235	26.534670077351706	22.27728583259658	24.521067439934473	0.0
35.0	25.26235998455002	22.48020471224411	25.73088064889919	26.52629715462856	2.5749967812540236E-4
36.0	23.73928367001743	24.978454790432643	26.079029114974244	25.20320026754648	3.215702920501393E-5
37.0	25.41193451223315	25.527370684805568	21.406546847927068	27.654083663097396	6.429193682674287E-5
38.0	26.857004021727743	25.116804934313496	21.276398815014023	26.749631539806877	1.6068913786420995E-4
39.0	23.85266713321496	27.24111871340632	21.206804921763194	27.6991521802136	2.570514019262147E-4
40.0	26.667251379697866	26.142905149908213	22.689082379640677	24.500696836573994	6.425417925245402E-5
41.0	24.361926819905523	24.610207821702822	21.311112574505984	29.711870041969096	0.0048827419165725725
42.0	24.892534025672347	25.571168444141946	20.475982001155682	29.060315529030028	0.0
43.0	25.9321303386289	25.600881787881452	22.447019180556474	26.01637165612071	0.0035970368124601353
44.0	28.461078521159777	24.77996966073197	22.49344597311083	24.265313173947277	1.9267105014713644E-4
45.0	25.760534922913475	24.27746332855693	21.523641590603273	28.43476421017416	0.0035959477521634283
46.0	24.85168158411773	24.837138674508495	22.423015679375393	27.88816406199838	0.0
47.0	25.54819316943767	24.479509404429972	22.88576074863076	27.08480326036503	0.001733417136561812
48.0	22.89430160685073	23.953833446395418	22.291532024380338	30.860332922373523	0.0
49.0	22.38264414228251	26.306624345741252	24.017585088932982	27.29167041017756	0.001476012865698231
50.0	27.45235185463846	24.398725211782903	19.851653307143685	28.297269626434947	0.0
51.0	25.146053999638774	26.49477779356846	21.729331967564157	26.62733396873894	0.0025022704896654627
52.0	23.111733935909918	25.853124200043382	21.68490768000005	29.350234184046652	0.0
53.0	22.917677570082994	25.29577021484303	23.895565693821734	27.889227269426858	0.0017592518253837007
54.0	23.554350152081074	28.266608408105064	22.094410216828685	26.084503275924554	1.2794706062419615E-4
55.0	24.243605012592752	28.040866136405125	22.319173026869223	25.394983577720847	0.001372246412054323
56.0	26.688860185299816	25.58951201487708	24.414923285261914	23.306704514561186	0.0
57.0	23.010394588522146	27.617559289738747	22.529542372010706	26.83781359805783	0.004690151670571404
58.0	25.572234883964278	25.296725018439638	21.698698889027842	27.43211789116914	2.2331739910519906E-4
59.0	28.12220981341816	22.258236463318585	24.086828453228218	25.530141431656993	0.002583838378038522
60.0	23.723105670509483	23.492925281840375	23.580015398450023	29.20392179473172	3.185446840148226E-5
61.0	25.385541289873988	23.850128696910733	23.14152328345459	27.616754901264418	0.006051828496276692
62.0	25.808148915853906	21.82487787073057	24.306638901858964	28.06017506097705	1.5925057951285884E-4
63.0	26.429726618906667	23.9014340102412	22.343182798246804	27.323267935638018	0.0023886369673100697
64.0	25.251340178987203	21.78672519536496	23.466490360088173	29.495444265559666	0.0
65.0	24.54371569762933	25.80069059245764	23.698083199100907	25.953251518299048	0.004258992513072564
66.0	24.8522998758267	23.724442690063498	23.592768772273406	27.830043710147027	4.449516893703267E-4
67.0	26.921157859075578	24.707824339295602	21.293149420670026	27.07729632875967	5.720521991275569E-4
68.0	24.270734850374758	22.243210733801654	26.33385186679993	27.152107210899057	9.533812460375092E-5
69.0	23.956697404907736	24.891556019379774	24.505670229878994	26.643343398629586	0.002732947203909004
70.0	25.95624053645506	23.39297859314794	24.45251478383843	26.198043928303814	2.221582547501402E-4
71.0	24.530052715171806	23.08234113002706	26.083479676393136	26.303239710723712	8.867676842853683E-4
72.0	27.42931967015846	25.675389818485822	21.95925747653489	24.9346080281708	0.0014250066500310335
73.0	25.296149838377374	22.74884802913482	22.967321167862412	28.983628129588134	0.004052835037265502
74.0	25.084538313640703	25.95276365332152	23.125585895390625	25.836320654512228	7.914831349190645E-4
75.0	25.76314412371506	24.999912941816323	21.899945137515527	27.33490840054489	0.0020893964082009443
76.0	27.028750170549714	24.59274627932545	24.365642123230753	24.012196639149728	6.647877443530238E-4
77.0	24.508452085434403	24.834684033627276	23.66631403481116	26.98985344569438	6.964004327812144E-4
78.0	27.54110554895236	26.005517140962475	20.229105371694818	26.223828794537933	4.431438524077747E-4
79.0	27.338279104570205	20.780215564556052	22.919401949526037	28.95944459145161	0.002658789896091959
80.0	24.314003522759464	23.03447904781046	27.967101921059168	24.681820124040378	0.0025953843305253593
81.0	25.19884933090219	25.279746850266477	21.326244566873857	28.19481110144378	3.48150513696083E-4
82.0	23.034834782751805	22.198320197945474	23.690791851523173	31.075040399942015	0.0010127678375317834
83.0	25.67135875657402	22.394554567935927	23.879022186945573	28.0544631820003	6.013065441773589E-4
84.0	23.682545790681388	25.782497784002857	24.782427213868964	25.751611483248137	9.177281986546105E-4
85.0	25.31500648856882	27.298790287746904	20.94496092460761	26.44070435384392	5.379452327451693E-4
86.0	25.61374220580781	24.682299455189682	22.79887835775983	26.90333967648051	0.001740304762169951
87.0	22.766509242188917	21.92580115159164	25.55743736531728	29.749524546860172	7.276940419892118E-4
88.0	24.916945308394624	26.96691954016443	25.65642549564692	22.459171829012845	5.378267811794794E-4
89.0	26.678390622859688	25.778847464876375	23.21001667484433	24.332144171128004	6.010662916013006E-4
90.0	24.19533363258517	25.59884373644707	24.833537210511015	25.37228542045674	0.0
91.0	26.68764042384872	25.33634506870508	23.40707993993821	24.56820704425967	7.275232483217145E-4
92.0	25.40837486351657	23.876660732879632	22.99348801666015	27.721476386943642	0.0
93.0	26.64634200341844	25.957751521661297	21.288013066487522	26.107672006872306	2.21401560438198E-4
94.0	27.94910380389954	23.68793424521666	23.130689782554793	25.228445243986986	0.003826924342022033
95.0	24.241726553177738	26.244855631946457	23.751997578711638	25.759396170657816	0.002024065506350031
96.0	26.446797159833523	24.05859321758935	23.956038326372482	25.53743285152879	0.0011384446758579208
97.0	25.83888362397852	24.901571472976464	23.15150261806759	26.107820937394365	2.2134758305830898E-4
98.0	28.702652949395613	22.758235152947023	23.802176099582912	24.736904178830855	3.16192435981308E-5
99.0	22.131000346508234	22.271279272990316	26.660046335991584	28.937610813080305	6.32314295614521E-5
100.0	23.141179881188016	24.75416112234991	24.044456963614426	28.06020203284765	0.0
101.0	23.916393523981604	21.967436566042473	27.792116737005717	26.3238002874676	2.5288550261151697E-4
102.0	25.15582828446952	24.526888321429542	24.379073521109127	25.93820987299181	0.0
103.0	25.97659990708229	25.718010549636706	24.956401366585652	23.348703734723095	2.844419722574263E-4
104.0	26.569890141979215	26.664983285223176	22.4942530115989	24.270525929236037	3.4763196267317603E-4
105.0	27.033882422989393	23.216717490353822	20.76024103353542	28.986219928089408	0.0029391250319590343
106.0	25.80381944993095	23.18914272531626	25.010128526417912	25.996846093801846	6.320453302910885E-5
107.0	26.007230392931408	24.004809728165036	22.72757724954336	27.259750602006054	6.320273541438874E-4
108.0	24.142953460760022	24.832818028039433	24.328791948726018	26.695436562474526	0.0
109.0	26.30211772019861	24.75257251923348	24.92568488368934	24.019119439318114	5.054375604550708E-4
110.0	25.025633250258227	23.754426197402875	23.130762743184206	28.089177809154688	0.0
111.0	25.015722580088816	23.90596586233811	24.355390010010016	26.722258214199186	6.633333638677263E-4
112.0	26.121454870958583	24.07331777426335	23.60850398247125	26.196691786699873	3.15856069442852E-5
113.0	28.21472665659963	21.83816160466996	22.66160135358574	27.2849102794629	6.001056817690105E-4
114.0	26.345387614711495	22.199365464396994	26.988451073009497	24.466480001389723	3.158464922878183E-4
115.0	26.740155828863056	23.567607281194753	25.919727951750982	23.771940381103814	5.685570873957527E-4
116.0	27.25524551177755	24.25502156260927	24.553388818398073	23.936186174092207	1.579331229032404E-4
117.0	26.30639008091757	26.587286295562322	23.771501526561796	23.33415878643233	6.633105259799781E-4
118.0	26.986925604532463	24.212916212749438	24.68831718919923	24.111525133458773	3.1586006009553505E-4
119.0	27.215713847566004	21.091208529840134	24.712777103408456	26.97985830979358	4.4220939183258205E-4
120.0	25.628189590339495	23.64913929821669	24.68348493017764	26.039154595300072	3.15859661025729E-5
121.0	27.416381154051102	23.307463210803224	24.50072537629389	24.77476694937338	6.63309478408171E-4
122.0	26.976739925640786	23.610455267763598	24.583770664592954	24.828465598204414	5.685437982452843E-4
123.0	24.114601494868023	28.157801310915364	23.188647493139676	24.538349580800194	6.001202767375693E-4
124.0	25.126394109578094	24.615574609557722	23.12518694199689	27.132654830612786	1.8950825450579563E-4
125.0	26.861947495773205	23.779929105365046	24.303379513073942	25.054017441608888	7.26444178923833E-4
126.0	24.762689862323167	23.72198060080035	24.601071977916117	26.91400488296364	2.526759967278459E-4
127.0	25.684786024600974	23.114207069502722	27.90901209203019	23.291142039110778	8.527747553405019E-4
128.0	26.30364087053419	23.867202601596436	24.376606099197236	25.443390767566964	0.009159661105173123
129.0	24.744639482115605	26.51397044703409	21.671974964878057	27.06631982696759	0.0030952790046593426
130.0	26.042013772967447	24.07110800595188	23.402231861270977	26.484551604724743	9.475508495267141E-5
131.0	25.79953140229978	24.37794571265953	24.30157275235136	25.520413184664005	5.369480253262591E-4
132.0	26.26009943083114	25.312411166069705	22.467767101913445	25.954352783621076	0.005369517564639516
133.0	27.025551923635128	25.330639346090084	24.383374556981334	23.25866541505965	0.0017687582338064656
134.0	26.870469728492452	22.54651913117332	21.07826028730319	29.50462451315719	1.2633987384331896E-4
135.0	26.726549264011943	23.067265429470602	26.427599520417022	23.778143599474934	4.421866254969862E-4
136.0	28.625863661847266	25.573582015303103	24.327224200693298	21.46767634494358	0.005653777212751005
137.0	28.964752874036996	21.24780125943733	24.150154594874255	25.637070173659836	2.2109799157742993E-4
138.0	25.14100703882376	24.29730202637016	27.085353397213147	23.475105759227123	0.0012317783658028006
139.0	26.264471862303168	23.501173667401105	25.063768419882354	25.1693542681571	0.0012317822562713508
140.0	27.029125256860294	21.21484417194811	25.898403028566847	25.857438036106046	1.8950651870839938E-4
141.0	25.769194689569503	25.33755560124836	25.14384547914434	23.748898871819364	5.053582184354047E-4
142.0	28.490768541722073	22.764308018074416	23.36294567757268	25.381725079610945	2.5268301989057564E-4
143.0	27.00407387684119	25.042687583740626	24.071501623802206	23.881547403590496	1.895120254855772E-4
144.0	28.158041443396332	25.293421836036266	22.904859594346817	23.642982244184708	6.948820358780228E-4
145.0	28.365147419549853	22.342054543306723	23.209711440120934	26.08198110043026	0.0011054965922277903
146.0	27.68996547661538	21.44919250656197	24.824556139192726	26.032084953426597	0.004200924203324732
147.0	26.465435201524677	24.19445875429835	26.695817707867782	22.640877133857163	0.0034112024520228587
148.0	24.810405657665736	24.615994466150976	23.59779151413311	26.97527140181366	5.369602365151912E-4
149.0	27.784986490507347	24.804369785484294	23.507970190042585	23.900652005955926	0.002021528009849895
150.0	25.42708666312051	24.33288437799681	24.83562169995717	25.404407258925517	0.0
151.0	26.724633524457392	23.799620447326326	25.60698104005519	23.868228004518244	5.369836428464934E-4
152.0	27.636174110809275	23.57555752100575	23.01013961715838	25.777939225472235	1.8952555436224652E-4
153.0	25.351895565804732	23.05454922210398	24.81957860030204	26.773313268786904	6.633430023472866E-4
154.0	23.279198698317526	24.942533346768805	24.982523882973666	26.792806378522112	0.0029376934178925746
155.0	27.53543983173622	23.57013381115057	24.010568926421243	24.883604706482945	2.5272420902061154E-4
156.0	25.949498651064935	23.39483045118245	26.16889804325438	24.48658330858706	1.8954591117878602E-4
157.0	24.930017384689403	23.33039218380826	26.582305273629576	25.157032427516146	2.527303566120106E-4
158.0	25.988239003367053	21.068510617057427	25.760082997986338	27.18307260617847	9.47754107092423E-5
159.0	26.586456245946327	21.592713075779198	24.536566518425662	27.28372709291037	5.37066938443599E-4
160.0	26.936366585989003	21.11241028019402	25.798422947039924	26.152768593905545	3.1592871510843776E-5
161.0	25.04717653232505	20.301278987147576	28.793876228619702	25.85400344176222	0.00366481014545821
162.0	25.22211336351398	23.47136624559304	25.263880564760804	26.042639826132174	0.0
163.0	25.867637255180735	23.641918555238554	27.076196885396627	23.41421570950589	3.1594678192405266E-5
164.0	26.18694425302773	22.94296013550724	25.03670619593004	25.83155687035406	0.0018325451809275016
165.0	26.561365980969416	22.082526963684536	26.632616144876387	24.722764190394344	7.267200753261156E-4
166.0	25.327495739032237	23.37117911105185	25.361273822396164	25.939956534021068	9.479349868268634E-5
167.0	26.683852277477886	23.100279555832643	26.224245677975823	23.99118010353709	4.423851765575039E-4
168.0	26.07098211069301	24.01392668582039	24.070332417780353	25.844727185856414	3.1599849837513574E-5
169.0	27.197904987505005	22.494302359827937	24.92813957985987	25.37927386214681	3.792106603700843E-4
170.0	31.12939266280776	22.851184707119998	22.771107676429388	23.2482833526047	3.160103815730554E-5
171.0	25.335477524388384	23.666535103755105	26.342328802576315	24.6549317605614	7.268087187973907E-4
172.0	27.690206908492225	24.507514567382774	23.705996520194027	24.096155626376135	1.2637755484075006E-4
173.0	28.774011540387406	20.11003331327271	23.04498160582927	28.069520329941984	0.0014532105686318182
174.0	24.413590318605426	25.742731893743226	23.8788062966088	25.96449241323146	3.7907781109099544E-4
175.0	25.771065102476996	24.32891322765429	23.0170648636662	26.881314192247746	0.0016426139547636753
176.0	24.901854250244813	23.77170925861579	28.108001389897968	23.21707679186278	0.0013583093786524308
177.0	22.5815582403613	25.821300357482684	24.415505069076673	27.15709019961661	0.024546133462729682
178.0	25.04126120133034	22.52468327980828	24.51627657655694	27.917526242124048	2.527001803963413E-4
179.0	28.156887694662817	23.74578358239602	23.01584343199177	25.08015852908862	0.0013267618607771918
180.0	26.429460009559598	22.480556355705527	25.44573980811173	25.643927283777497	3.1654284565687385E-4
181.0	28.068829276656814	21.93131334644832	26.18835948248731	23.810927401987026	5.704924205327829E-4
182.0	26.022091585668516	23.138547956640835	25.09930057784966	25.739869724740984	1.9015510000732099E-4
183.0	24.202883760260093	24.1120491787172	25.56815984857945	26.116463498506903	4.4371393635747624E-4
184.0	26.42187365292844	22.11260757555011	26.31718242074782	25.144627942004288	0.003708408769340778
185.0	25.30008604447374	24.695587962647508	24.126838745050065	25.876948479484813	5.387683438736493E-4
186.0	27.494400401630735	23.164097153309033	25.136784868612676	24.20471757644755	0.0
187.0	25.540666237103988	22.934709119484374	27.356992307567722	24.166997201279543	6.351345643723172E-4
188.0	28.049327745904307	27.578090884116957	21.87427649516393	22.497955528172426	3.493466423817819E-4
189.0	25.664811005906184	23.06530850254275	25.007590762010874	26.261273393204014	0.0010163363361837333
190.0	28.545646621026293	21.00605962046537	25.49620725820437	24.951768876838962	3.176234650051995E-4
191.0	26.871447429107626	23.43877729535442	24.711802407875695	24.977559361928844	4.135057334160345E-4
192.0	27.19280414191301	23.363061579939398	24.384733455809254	25.059369010410453	3.181192788235949E-5
193.0	27.7581772939327	23.78272404975656	21.970510931533983	26.48830137989598	2.863448807739457E-4
194.0	28.31336015514013	22.580461443255015	24.006917035347197	25.099261366257657	0.0
195.0	26.628486545469126	21.224239635471807	25.05195748698557	27.094775356860662	5.409752128339687E-4
196.0	28.751755884525632	22.26815626064535	26.322957719704053	22.657034446594956	9.568853000728509E-5
197.0	25.20470158883588	23.78219821130353	24.152538452827	26.859955625525373	6.061215082217193E-4
198.0	27.54261496166347	23.115061994113084	23.751746200536033	25.590480986384428	9.585730298448517E-5
199.0	26.063619276144774	22.993225354929013	25.54749850029994	25.39524095180964	4.159168166366727E-4
200.0	27.91480157803296	23.394338662767446	23.82439423947578	24.866465519723814	0.0
201.0	25.420393462618872	21.133472864531118	28.265402801140528	25.180442892628278	2.8797908119954167E-4
202.0	25.245938046204547	24.643245031798664	28.32724368266744	21.78357323932935	0.0
203.0	26.51065080196307	23.994361227162905	22.812382765636265	26.682061045733725	5.441595040338224E-4
204.0	25.342585911384486	23.647407500363347	24.406112924819016	26.60376561188472	1.2805154843133652E-4
205.0	27.759666720983827	24.12770530687223	24.69493015975969	23.4169294752994	7.683370848458635E-4
206.0	25.417145191660268	21.134513255635923	25.694574959346056	27.753638524220914	1.2806913684283323E-4
207.0	26.232730817213724	23.40315296275518	26.89077217871571	23.47302382654094	3.202147744535215E-4
208.0	28.685022655678523	21.706407515254313	22.079678554545932	27.528859247834035	3.202668719790827E-5
209.0	27.431196745324737	20.053819634076458	25.36188594862951	27.152521101672082	5.765702972123787E-4
210.0	25.138797140570666	24.140867324349934	24.677122450954073	26.042956793963857	2.56290161469209E-4
211.0	25.2633622960296	25.717925811235336	25.676013427343534	23.34196147393165	7.369914598711354E-4
212.0	28.990436408382063	22.525195898652917	24.16283715931488	24.321274111312295	2.564223378473281E-4
213.0	30.128656546027106	22.145344698208685	23.09724921273225	24.62849299957029	2.565434616692E-4
214.0	27.515667828244734	24.37286174611461	24.9458006883481	23.16566973729256	0.0
215.0	26.257920220565424	24.29370230547578	23.00354503108935	26.44441451048383	4.179323856127097E-4
216.0	26.26596142336	24.080830833512763	25.680358766064533	23.972816501316405	3.247574630076893E-5
217.0	29.22322780197595	22.456498898979575	25.170615642471255	23.149101585652584	5.560709206310162E-4
218.0	24.628543454304733	24.161786585414195	25.222807861335223	25.98649873549519	3.63363450657886E-4
219.0	26.453168436488827	22.58151794529362	24.387792808687607	26.576821077527306	6.997320026429877E-4
220.0	27.65333039750472	21.046410966256822	25.4200705602759	25.879920371226156	2.6770473639951186E-4
221.0	25.69729094083116	22.304005027439867	24.58718825456269	27.411246064726942	2.6971243933998667E-4
222.0	25.6357697410622	24.19278463254343	24.508889099647863	25.662454546597957	1.0198014854428436E-4
223.0	30.94184248326869	22.080417572881693	24.46275172607747	22.514231844814272	7.563729578789652E-4
224.0	30.479304018823868	22.421456340197405	24.561719794360425	22.53724407945128	2.7576716702321064E-4
225.0	30.772012858047038	19.58011457782295	23.90558848360197	25.741452651686398	8.314288416429451E-4
226.0	25.835483456340096	22.227514593226612	25.496425373074217	26.440401462142017	1.751152170570627E-4
227.0	26.86180343181065	23.88923450399595	25.614547476257187	23.63324747381686	0.001167114119357578
228.0	27.799333875701105	27.669073201523037	23.278879751093708	21.2526420880946	7.108358754601329E-5
229.0	27.943587275287584	24.77661613116209	22.229168642340678	25.05062795120965	0.0
230.0	26.357241207020664	22.796547573749258	27.02287441777852	23.823300700290325	3.6101161229952124E-5
231.0	24.917581132329246	24.472665444455167	24.595800329236877	26.012600766659943	0.0013523273187662098
232.0	25.48819788032615	24.60979633446879	24.40351786919821	25.49812041473254	3.675012743106687E-4
233.0	23.80190575708928	25.56498783503881	22.20114720533368	28.431028875129964	9.303274082641356E-4
234.0	27.654062808480322	21.030282767968462	26.066606090061917	25.24750121505399	0.0015471184353123368
235.0	25.40034152809975	21.72828482298732	28.63829503067075	24.232773341728436	3.0527651374221305E-4
236.0	29.24235855191849	23.283809730265396	23.603558267009383	23.869963766993898	3.096838128271035E-4
237.0	27.756493487475765	23.889864048249887	22.729383189467498	25.62410307575459	1.561990522622504E-4
238.0	27.52034029670668	22.237602849422824	24.308326993277827	25.93372986059267	0.0
239.0	28.16238489933882	23.55450738882662	24.028228294243704	24.25391665175717	9.627658336870161E-4
240.0	25.216440063594053	21.808157379997628	26.493817680784122	26.481419567446356	1.6530817783688462E-4
241.0	29.713475252424114	21.348269978369558	23.511396942610645	25.42420987652278	0.0026479500729013755
242.0	26.741117374056156	24.244850893412632	21.062727684579684	27.95010202673212	0.0012020212194049332
243.0	27.872348638773165	22.918602831577623	24.947087959548178	24.259636134513425	0.00232443558760694
244.0	26.890730083028462	22.381741226431657	26.038105396808493	24.68830005067074	0.001123243060645973
245.0	29.001961399556713	21.05460541366279	23.745227240243736	26.19620579402513	0.0020001525116290116
246.0	24.60672853731478	26.340236259182316	23.344303562918007	25.70597725882258	0.0027543817623202245
247.0	25.739330673553162	23.155388939545396	24.805731947505087	26.158992310384054	0.14055612901229844
248.0	26.66457686023464	22.195376533454763	24.165095824181712	26.96494817056838	0.010002611560507848
249.0	25.48034419384874	21.505189018641175	28.944531527454657	24.05356346756244	0.016371792492987418
250.0	27.45588781067041	22.072715368554636	24.188846539990255	26.281456259777812	0.0010940210068864414
