# Position (bp)	A	C	G	T	N
0.0	23.853749131159837	24.68659939394106	25.855630130049	25.604021344850104	0.0
1.0	23.07261709519738	30.820213592862995	22.62442942666433	23.40752405101699	0.07521583425829922
2.0	24.329242866775612	27.08859696905826	22.894979118820615	25.686040495892655	0.0011405494528556165
3.0	25.214946607536216	22.235599716990766	24.91785073451108	27.62526623291368	0.006336708048257451
4.0	25.655624191402904	24.362278831611363	23.871426228612037	26.11030631024618	3.644381275169008E-4
5.0	28.07703056116648	24.517523537823916	22.18440472950277	25.22008536699707	9.55804509758764E-4
6.0	25.67068227835677	23.981844321738464	24.594500768830905	25.74765624716005	0.005316383913803696
7.0	25.42475926376271	26.194198737609298	23.481492437633616	24.898369926209305	0.0011796347850705421
8.0	27.356348489692632	24.61749839011043	23.640696196856663	24.38527578246067	1.8114087960199727E-4
9.0	25.923802409695213	26.272017204098812	22.794345726060175	25.009337275034976	4.973851108219244E-4
10.0	24.489977591413613	24.830873690855498	23.856671807522037	26.822476910208852	0.0
11.0	27.35387546676224	23.356250795897175	22.740275613448006	26.54929179920679	3.0632468578745353E-4
12.0	28.299512721282778	25.623830479387145	20.00793464813583	26.068679074928582	4.307626566683782E-5
13.0	25.321636830730338	23.35541294567005	25.07977205072789	26.24305074148079	1.2743139093911838E-4
14.0	26.482789122268734	22.532503281379558	23.888736895462465	27.09588677813846	8.392275078635617E-5
15.0	25.21915486336754	23.67724977198956	24.779272650830357	26.32428133260723	4.138120531864356E-5
16.0	26.263308147148052	25.02830395848753	22.005148392449026	26.703036168880285	2.033330351115485E-4
17.0	28.268843989812627	27.042525626837854	19.21912216598436	25.468352553876834	0.001155663488326404
18.0	25.40148745346764	26.170883122101863	20.11242123315303	28.315129088242603	7.910303486703571E-5
19.0	24.926384108565248	24.929098239748253	22.062582358147313	28.081384600255678	5.506932835087029E-4
20.0	22.25174334770343	25.874677101855813	24.5262567919282	27.347244752015392	7.800649716114855E-5
21.0	23.320257948711998	24.61417944224587	24.701529201047578	27.363762616005356	2.707919891992681E-4
22.0	22.23718211711684	27.05667087142621	26.404065655483233	24.302043084497296	3.8271476421708806E-5
23.0	24.54479045583416	24.866925857821666	23.770378168223388	26.81744848042584	4.5703769494562013E-4
24.0	26.969428451515242	22.09356296843836	25.29580325946823	25.6411299710884	7.534948977093002E-5
25.0	24.491911366770992	26.299781325878076	20.052353661348242	29.155581181138228	3.7246486445817353E-4
26.0	25.608712413404135	26.29551710512526	19.955775791930694	28.13988359204853	1.1109749138161211E-4
27.0	25.362713736748987	25.67661766486787	20.3883591929324	28.5720878783314	2.2152711934995083E-4
28.0	27.768812307836072	23.74311148327647	22.994039473295167	25.49133553541985	0.0027012001724387785
29.0	27.009107312927505	23.821656096946345	23.19577654049191	25.972990712172667	4.693374615775082E-4
30.0	23.30521013581534	25.28322030315732	25.685650720634545	25.725775537475503	1.4330291728913873E-4
31.0	25.543456600335922	25.133337603552825	23.029400461183705	26.293093631679337	7.117032482136248E-4
32.0	23.618228048917327	23.401891174542328	24.70506413889032	28.274569637467245	2.4700018278013525E-4
33.0	23.47280781826296	25.38267542098312	25.493058868145386	25.6512483700894	2.0952251913115204E-4
34.0	25.452757322905732	26.909411148928392	23.21503740033731	24.422690276466174	1.0385136239140609E-4
35.0	24.751388774867962	22.815826560490382	26.445146813343186	25.987329994800646	3.0785649782448076E-4
36.0	23.116116793120668	25.352679695854242	26.674816316752313	24.856250493404698	1.3670086808468756E-4
37.0	24.763369867263016	26.14239418518131	21.857907815883205	27.236293968656117	3.416301634836984E-5
38.0	26.17457343350932	26.47157669248482	21.512243870550844	25.841469387420535	1.3661603448735174E-4
39.0	22.850408107027402	27.856757728559913	22.426815447114773	26.8654723664266	5.463508713101255E-4
40.0	25.47513133649285	26.95925845881444	23.60055405955833	23.964987860742177	6.828439220233212E-5
41.0	23.36143392923347	24.572499742253786	22.089567320921006	29.972265824763983	0.004233182827752474
42.0	23.739972105197403	26.863630188375254	21.349866772620494	28.046428529979405	1.024038274454546E-4
43.0	26.04202504409749	25.878843853929457	22.82522922503099	25.250830070392155	0.0030718065499107127
44.0	28.38778723697601	25.16942263550569	23.55597448132341	22.8865085047467	3.0714144819240434E-4
45.0	25.1919776952713	24.710075719654046	22.319878772120727	27.774826243338147	0.0032415696157784596
46.0	24.609154561961738	24.993022749589382	23.03795965409215	27.3597947971889	6.823716782999665E-5
47.0	24.711902350257283	25.149366592851898	23.598096486401012	26.539201715604914	0.0014328548848922852
48.0	22.710783377445495	24.641600043657398	22.9040014734372	29.743615105459902	0.0
49.0	21.98267526889348	26.030410192799792	25.0089952317598	26.976418680205956	0.0015006263409716352
50.0	26.595066981047783	25.1950843052025	20.709321827548273	27.500390475534402	1.364106670413413E-4
51.0	24.430282416523884	27.696698463033524	22.13831845808932	25.732757077462086	0.0019435848911848195
52.0	22.07749823292213	26.6142515808413	21.75181820997139	29.556431976265173	0.0
53.0	21.996690852901924	25.825647826177047	24.589965695877087	27.58640484707508	0.001290777968865756
54.0	22.54338421134329	29.12118164424386	22.974075957312607	25.361290254648196	6.793245204563295E-5
55.0	23.27134522940117	29.367585785040507	22.814796489807122	24.545188056939814	0.0010844388113872853
56.0	26.188029218252158	26.23221509849148	25.1327524787635	22.447003204492862	0.0
57.0	22.417136890067678	28.197852298238757	23.245751048473387	26.1347873609913	0.004472402228882638
58.0	25.089210365036653	25.658537312512557	22.303997213838255	26.948017959631144	2.3714898139430728E-4
59.0	26.758771286475675	23.554328638217736	25.058258436082394	24.626202559475434	0.0024390797487612356
60.0	23.432481742568097	23.8571667712203	24.162745200819067	28.54753864961794	6.763577459025402E-5
61.0	24.80987249537235	24.693885418294037	23.374980471563553	27.115614430550792	0.005647184219264946
62.0	24.886029722555666	22.49121679882327	25.63406428052141	26.988486313760628	2.028843390197305E-4
63.0	25.929111768642	24.11242628559179	23.318959847900054	26.637405753248743	0.002096344617415417
64.0	24.39492616688713	22.514746375833493	24.08731069297843	29.002746807763952	2.699565369975434E-4
65.0	23.40355463717718	27.300772890982085	23.69204751663305	25.599137288193923	0.004487667013757905
66.0	24.31581806433981	25.12569189164568	23.354617981338116	27.203129771121148	7.422915552526406E-4
67.0	26.129590910977228	26.30732808196693	21.21125115429631	26.35098637719485	8.434755646815862E-4
68.0	23.246379197672915	23.16483544659964	27.021446647546448	26.567001332297362	3.373758836296112E-4
69.0	22.927072825965947	25.166841531750663	25.66805771559853	26.23556519656297	0.0024627301218882727
70.0	24.787891588322896	23.169342801619727	25.004657003678783	27.037603325690117	5.052806884752549E-4
71.0	24.066534470373764	23.635575003477378	26.513733788203265	25.783014411456595	0.0011423264890057796
72.0	26.045915359240972	26.63244700168075	22.47670284490859	24.84325505408595	0.0016797400837384026
73.0	24.51784896071979	23.754563521123544	23.646530514621407	28.077395437083542	0.0036615664517203987
74.0	24.164783646054154	26.60142967367284	23.50839406753614	25.724452082149973	9.405305868944453E-4
75.0	24.77272780709919	25.505238722714317	22.656447073499987	27.063873353000865	0.001713043685637002
76.0	26.6080304874096	25.08644783454682	25.375710098215485	22.92863599004309	0.0011755897849980636
77.0	24.035754613243878	25.696058918400784	24.193778073934155	26.073535151067738	8.732433534425604E-4
78.0	26.96170149310877	27.066454540905244	20.767065023800335	25.204342331213752	4.36610971899382E-4
79.0	27.1166050894641	21.285695718276994	23.223119040638267	28.372195651275895	0.0023845003447450146
80.0	23.78886182414018	23.66409829552534	28.872866468097314	23.671352379557856	0.0028210326793127296
81.0	24.64173835481739	25.81183136582719	22.70552021149124	26.840473491056223	4.3657680796531026E-4
82.0	22.89068948818816	22.379703765295822	24.644113354472168	30.08404936036113	0.0014440316827267615
83.0	24.518303574276974	23.25860743668022	24.44583545034506	27.77627968531775	9.738533799932234E-4
84.0	23.07168732228268	26.968137475470478	25.349860512470602	24.608770051752092	0.001544638024152766
85.0	24.355556301730942	27.658982925641755	21.44431946006749	26.540335443144237	8.058694155767842E-4
86.0	24.813490780389024	25.708943208996093	23.189326961851357	26.286190880547807	0.002048168215719792
87.0	21.62544831629155	22.543535616509185	26.946621066719135	28.883320585851436	0.001074414628692377
88.0	24.82863719566651	27.721022428920023	25.29941486854351	22.150119725658357	8.057812115994891E-4
89.0	26.702950345904707	26.378834647276577	23.005466388859606	23.911640702270827	0.0011079156882875852
90.0	23.068731413484954	26.389343048735697	25.213973634929793	25.327784040893857	1.6786195569921554E-4
91.0	26.0663001156858	25.098581355047976	24.31855827160179	24.51588883689108	6.714207733558753E-4
92.0	24.919649876898305	24.9728249740335	23.048551146453754	27.058906862340283	6.714027416059551E-5
93.0	26.22716387227412	26.647581591048098	21.332003107143407	25.792915739883487	3.356896508894769E-4
94.0	27.280737854874133	24.31327949449046	22.974413681842382	25.427003699881904	0.004565268911122942
95.0	23.570492047603604	27.15324953626965	24.28399564701041	24.98987950060119	0.002383268515143154
96.0	25.43268239927014	24.904890766197436	24.366123054263454	25.294826876691307	0.001476903577664653
97.0	25.141652639298893	25.430546488347076	23.41446550274478	26.013100414695423	2.3495491383028534E-4
98.0	27.33865927720484	23.89008712556782	24.461917890244205	24.309335706983134	0.0
99.0	22.00124171490897	23.130195486198506	26.442587465391394	28.425908213776324	6.711972480912828E-5
100.0	22.377983545447346	25.5293230115402	24.814688285695492	27.278005157316958	0.0
101.0	22.92351378977316	23.086334657958727	28.350529302051502	25.639454462842142	1.677873744698758E-4
102.0	24.58976007861785	24.63248571225276	25.31955283412251	25.45820137500688	0.0
103.0	25.45331833822822	26.248347534718132	25.51134550192154	22.78658589178085	4.0273335125496745E-4
104.0	25.01565618021421	28.177969656879625	23.049421174404813	23.756348891515593	6.040969857574067E-4
105.0	27.174730248063035	23.792140978531275	21.46751497950597	27.561988907848683	0.0036248860510357107
106.0	25.748611724113623	23.793362119744984	24.849878247911082	25.607980090051235	1.6781817907206617E-4
107.0	24.77449553287188	25.273147792313367	23.153548445995227	26.798002705885786	8.055229337413755E-4
108.0	22.931220400997574	25.686975415313167	24.687418089359745	26.694251848978006	1.3424535150299418E-4
109.0	25.532394014527405	25.10745875154543	25.83564113475368	23.52380134158996	7.047575835271976E-4
110.0	24.452507590241403	24.909012746773033	23.432477138666084	27.205868287707986	1.3423661149206343E-4
111.0	24.340874332601594	24.138972576465758	24.983295113178755	26.536052518620366	8.054591335206249E-4
112.0	25.24032693524219	25.069308459138966	24.133975659399386	25.556254708797084	1.342374223730156E-4
113.0	28.508013637950015	22.30237724502671	22.862325163091626	26.326445005235037	8.38948696609305E-4
114.0	26.275402594011872	23.073074164818987	27.564555820183678	23.086497600728624	4.69820256837311E-4
115.0	26.55845794687362	24.555076298524774	25.89558640520981	22.99017455964065	7.047897511488073E-4
116.0	26.175724235792252	25.218176063879948	25.403973501043264	23.20199195258138	1.3424670315268314E-4
117.0	25.203167445416476	27.583886490698966	24.047896972776535	23.16431072754989	7.383635581337122E-4
118.0	25.92897630115751	24.962872495844238	25.607456310366807	23.50019146884629	5.034237851628928E-4
119.0	26.904308887451656	22.10896283360961	24.69265744205474	26.29339958174092	6.712551430729994E-4
120.0	24.59013092182281	24.503303923358644	25.472430162497716	25.434067866693876	6.712562695335573E-5
121.0	27.393390379751935	23.913816163748617	24.50473158591617	24.187323478030304	7.383925529754703E-4
122.0	26.570134082108638	24.349416988343123	24.55811371454329	24.52176463855828	5.70576446671408E-4
123.0	23.786413143620656	28.1681570409065	23.905193335823725	24.13929670983231	9.397698168086558E-4
124.0	24.61197770877217	25.312438327916258	23.566421924987953	26.509061349207308	1.006891163120396E-4
125.0	26.98765314423952	23.863215310799234	24.744423978971277	24.40353288959653	0.0011746763934347001
126.0	23.814176218849333	24.611119072894848	25.557549544203727	26.017054476388914	1.0068766317694414E-4
127.0	25.78982626708499	23.835213504475224	27.29074118078238	23.08324573521337	9.733124440345346E-4
128.0	26.21134285317282	23.388987676298605	25.116950644109576	25.273388282851066	0.009330543567932734
129.0	23.878754071994678	27.365985813717614	22.734870102278975	26.017067304626483	0.0033227073822502985
130.0	25.716895982536325	25.140982774626924	23.85127819235951	25.290775923813925	6.712666331480862E-5
131.0	25.254319035170187	25.065088018602232	25.000209771878957	24.679611213834068	7.719605145553156E-4
132.0	25.805462034966986	26.506197978881257	22.220391154173655	25.46167248263851	0.00627634933959044
133.0	26.637636807462826	25.674140389822185	25.01053042815462	22.67584640309103	0.0018459714693362323
134.0	25.75498732318069	23.921698405144028	21.541094442136043	28.78198488716389	2.3494237534796647E-4
135.0	25.644906863567712	24.492297365329755	26.248498070146	23.613660010068806	6.37690887732841E-4
136.0	27.403954105392465	26.81461418020531	24.220061857365575	21.55505993586032	0.006309921176330412
137.0	27.66603007957898	22.23398435271176	24.957659686584346	25.142057373390216	2.685077347009327E-4
138.0	24.74705572392776	24.53433618279516	27.808733650835205	22.908364126987323	0.001510315454554608
139.0	25.50281892745835	24.190552649402484	25.448480987762384	24.85683849180165	0.001308943575134368
140.0	26.286142930501526	22.056123699022315	25.36544844923124	26.291815042171645	4.6987907326421634E-4
141.0	24.588331718947916	25.649530015821647	25.885982100124117	23.875753407830004	4.027572763136432E-4
142.0	28.122306533594323	23.33719984211756	23.990847920006228	24.54941076017174	2.3494411015253914E-4
143.0	26.3172291760435	25.82058839027904	24.51952848493514	23.342452567062615	2.0138167970445224E-4
144.0	27.383918391375957	25.92650645719209	23.422336980946778	23.26653332845538	7.048420297973646E-4
145.0	27.622813483001252	22.84261642292599	23.321874634993133	26.21158785203444	0.0011076070451863397
146.0	27.412673458208925	22.146397654286513	25.13757840525852	25.298047386849397	0.005303095396644685
147.0	26.100130863474053	25.11142190766657	27.03262121988655	21.75186553450798	0.003960474464840888
148.0	24.496344250014097	25.206047091107784	23.385925295427022	26.910978527335562	7.04836115534051E-4
149.0	26.937147997234323	25.830642616920297	23.905611234552154	23.324483617396908	0.0021145338963139983
150.0	25.24935354028995	24.63343787676585	24.892995142489653	25.22421344045455	0.0
151.0	26.172910947213595	24.918829779342534	25.931741491853778	22.975947164924662	5.706166654303305E-4
152.0	27.26660906704046	24.366924388071105	23.499304843672064	24.86702743635342	1.3426486295249778E-4
153.0	24.46330437211076	23.97027883064868	25.922643862892713	25.64290020395038	8.727303974682762E-4
154.0	22.691458054935403	25.117023637012398	25.135821266765557	27.053481606351447	0.002215434935193493
155.0	26.255281992162494	24.236383479932712	24.729274296996092	24.778690948863503	3.6928204520482227E-4
156.0	25.178423175222488	24.125492281449866	26.725087478468197	23.970627780334794	3.6928452466199554E-4
157.0	24.42498607598634	23.788426165126882	26.815283480832196	24.970934985347473	3.6929270710690386E-4
158.0	24.502597551714345	22.139285443302732	26.369430472434125	26.98858581321129	1.007193375084856E-4
159.0	26.018399361014854	21.952053955164274	24.64027708157838	27.388631691474117	6.379107683702354E-4
160.0	25.851615062840178	22.411512915030038	26.17886812141569	25.557836026979324	1.6787373477762942E-4
161.0	24.289738484627705	21.401251003051964	29.026124677260682	25.278017465694784	0.0048683693648624606
162.0	24.79622181461549	23.872458711351648	25.669151590421713	25.662134308097638	3.3575513512297534E-5
163.0	24.732119323704747	24.307109628527826	27.395867084580555	23.56480323407599	1.0072911088092643E-4
164.0	25.16745521460692	24.686167321243722	24.776454969161513	25.367975048509884	0.0019474464779591029
165.0	26.3689007560383	22.443182962880385	27.183062270747406	24.004081720366564	7.722899673489233E-4
166.0	24.66414467366091	23.702816725474367	26.178012053452104	25.454892232145138	1.3431526748213944E-4
167.0	26.62670232385087	23.945025970554614	26.54883095566537	22.878903474426355	5.372755027891314E-4
168.0	25.87054869686342	25.158064832438516	24.049864803693353	24.9213873437989	1.3432320581135916E-4
169.0	25.453108770619554	22.744816085071715	26.541086977473764	25.260685932009924	3.02234825041297E-4
170.0	30.792908890819497	23.453156184336063	23.578048846833372	22.175684584067806	2.0149394325997725E-4
171.0	25.275829806611856	23.953787802972855	27.101810700859915	23.667698544736247	8.731448191280507E-4
172.0	26.63377472770981	25.19194611944508	24.42443023864842	23.749513167967123	3.3574622956984197E-4
173.0	28.539538075592514	20.423562764563055	23.455193493628997	27.580194836588667	0.001510829626764649
174.0	23.314649087023597	26.886009310227315	24.23989699322969	25.558840267320697	6.043421986976425E-4
175.0	25.51895446255174	24.583150902395197	23.36534044970681	26.530237424352716	0.002316760993534558
176.0	24.185042291639384	24.745696124749422	28.671515346878746	22.395933018370588	0.0018132183618579443
177.0	21.653427360114176	26.771002812408177	25.052965621458256	26.497653528103093	0.024950677916299378
178.0	24.86937671851753	23.77859131340488	24.544753394727927	26.806942802431383	3.3577091827638044E-4
179.0	27.280792597338575	25.150371597162618	23.372977975497285	24.194682527209938	0.0011753027915791905
180.0	26.580316061529015	22.907306865034705	25.92982492759322	24.582451148358235	1.0099748482596955E-4
181.0	27.500365809335452	22.88250339005794	26.649429236291255	22.96679125536998	9.1030894537E-4
182.0	24.97392912160105	23.76177235445066	25.640021942357144	25.624209149639256	6.743195188865096E-5
183.0	23.389363487024003	25.169128972305465	26.479507610803754	24.96152787930611	4.720505606611945E-4
184.0	25.7113800234623	22.908077227982517	26.93335500398063	24.443107638262497	0.0040801063120593445
185.0	24.567891827302386	25.266358814318913	25.079267034489085	25.085774281471814	7.080424178097618E-4
186.0	26.609453782291837	23.239668618909384	25.734737994954898	24.41613960384388	0.0
187.0	23.763279836678535	23.347677798268798	28.56446325503571	24.32390333434474	6.757756722109555E-4
188.0	26.573528417922553	28.57677231871325	22.87318375346354	21.976042441035347	4.7306886531053594E-4
189.0	23.98217584824734	24.7717995587218	25.75583845392448	25.489138534252113	0.0010476048542629576
190.0	28.648842294524602	22.038041549645644	25.138684700578263	24.17419487845022	2.365768012788666E-4
191.0	26.007370778604088	24.68347466019763	25.0558394883454	24.25287492530188	4.4014755100209746E-4
192.0	26.131719153910282	24.22264677657372	24.942146756595136	24.70341958890166	6.772401920382289E-5
193.0	27.012289535606737	25.314621323265452	22.056919027511924	25.61586531362564	3.047999902464003E-4
194.0	27.306482023693846	23.996090200404325	24.58875810689021	24.108669669011622	0.0
195.0	25.664367903306285	22.476980468923337	25.16791902355117	26.690122882614702	6.097216045027263E-4
196.0	27.302217918806683	22.897343169021926	26.704349467520228	23.095987593126242	1.018515249210311E-4
197.0	24.498524087108912	24.823554299774155	24.755913244234126	25.92132924181915	6.791270636549193E-4
198.0	27.038366857044878	24.075393309954507	24.19317196772688	24.69293178363564	1.3608163809632675E-4
199.0	25.153522077320044	23.589226186012585	25.393826394617186	25.86294814198747	4.7720006271772256E-4
200.0	26.896186390123077	24.09169653381948	24.803803996937496	24.208244902244587	6.81768753583547E-5
201.0	24.963352455964994	21.64980084190488	29.088468194022667	24.29800350998245	3.7499812500937495E-4
202.0	24.96711645581877	25.724102802584863	28.527267259854668	20.7814793878649	3.409387680791305E-5
203.0	25.088846063473998	25.297997932694226	23.328294090786166	26.284179859012614	6.820540330025485E-4
204.0	25.387391928796216	24.35668877573816	24.18581442772953	26.069968441110937	1.364266251565922E-4
205.0	26.661409351562938	24.795756036930364	25.78767632584621	22.754305563703788	8.527219567035543E-4
206.0	24.289944794804715	21.76752141533799	26.432007346592634	27.510424104028512	1.0233923614676403E-4
207.0	25.387182181704038	24.067971831370354	26.73133350620283	23.81320540990542	3.0707081735427785E-4
208.0	27.587675502867633	22.99209567367643	22.64264268363516	26.77758613982078	0.0
209.0	26.746645559229332	21.283184738203268	25.809815299683624	26.15963762380225	7.16779081519285E-4
210.0	24.03271866353272	25.150970481852646	25.405338973069576	25.410767048509587	2.0483303547196092E-4
211.0	24.40903150591233	26.157512145831248	25.90460703237397	23.528063896275437	7.854196070101775E-4
212.0	27.670850233412413	22.920811969082422	25.18394210060239	24.22419070942068	2.0498748209775991E-4
213.0	29.105801394413117	23.53809680898523	22.975545638057667	24.38028267717747	2.7348136651801814E-4
214.0	27.408352458646217	25.917570243613376	24.48768795153187	22.186320919328814	6.842687972059936E-5
215.0	25.494813626485126	25.326539286865074	23.405455804419216	25.772848494820483	3.427874101040017E-4
216.0	25.188967555510843	25.115010909645928	26.573469267406004	23.12255226743722	0.0
217.0	28.423551979449087	23.434064944273068	25.40503160185683	22.736721850841473	6.296235795429703E-4
218.0	24.39069557042995	24.377690290569053	26.108876810313753	25.12263130738403	1.060213032138591E-4
219.0	26.210032157777995	23.593653960929636	25.407708958747182	24.78807044424055	5.344783046348177E-4
220.0	28.11735792214762	21.83297585852248	25.537727852076813	24.51179487510623	1.4349214685416785E-4
221.0	24.907698834016305	23.514239640552553	24.9390897291378	26.638863302416194	1.0849387714804314E-4
222.0	25.033120428914586	25.766505272757655	24.18250224794741	25.01761608239536	2.55967984987112E-4
223.0	29.3497329351397	23.320323998266407	25.034797567646322	22.29447987066103	6.656282865396647E-4
224.0	29.050376708073962	23.544857281137524	25.25151267344982	22.153030817186714	2.225201519812638E-4
225.0	30.15807826250436	20.321102765418395	24.490119455809108	25.029804269135163	8.952471329710566E-4
226.0	24.538863273328726	22.603044412472197	26.518977542643302	26.33896372156956	1.5104998621668877E-4
227.0	26.49456744790503	24.194031771047488	26.319100921122914	22.991116338964986	0.0011835209595835229
228.0	26.796018968839867	28.190055250314856	23.814198079938357	21.19942071207594	3.069888309788569E-4
229.0	27.488335563982453	25.423939512231392	22.3696929139713	24.71795455672045	7.74530944060277E-5
230.0	25.510420931242795	23.088714642431896	28.30617286651395	23.09465249499189	3.906481947365625E-5
231.0	25.149807915186894	24.945015251403316	24.93902808930625	24.964760991299585	0.0013877528039545404
232.0	24.795224007268164	25.80811637992577	24.921052862476838	24.475327573788356	2.79176540875035E-4
233.0	22.941284313274167	25.194376939832193	22.786905370513498	29.077150705022746	2.8267135739593453E-4
234.0	26.8399834184802	21.807483967374385	26.714352190169716	24.636582896129557	0.001597527846139226
235.0	25.20172839536899	22.423138297762023	27.481104749437012	24.893821156624526	2.0740080745282357E-4
236.0	27.836034398613286	24.348210228707025	23.747707039598794	24.067964187745073	8.414533582403528E-5
237.0	27.96507726733319	24.80068861726385	22.508432200090457	24.725674267525083	1.2764778741707682E-4
238.0	26.995244480485713	23.33445686563834	24.53013404272674	25.140164611149206	0.0
239.0	27.63975604464479	23.073504370903304	24.506205170573708	24.779482504333647	0.0010519095445450822
240.0	25.180497253656515	21.770717847344176	27.024625757573016	26.02402349719759	1.3564422869978676E-4
241.0	28.73869751362273	21.167270688014035	23.814237523191114	26.277666961322264	0.0021273138498541884
242.0	26.08551969493388	24.484530007053657	21.954778625788094	27.474446360476314	7.253117480557112E-4
243.0	28.041167247165188	22.907934206533927	25.497420915025554	23.551161087885113	0.0023165433902203715
244.0	26.26509828329539	23.404409235590546	26.25549835026743	24.074266173839774	7.279570068591749E-4
245.0	28.575700593752494	21.807560372434384	23.674290858946744	25.940852678724056	0.0015954961423182558
246.0	24.538235084637115	27.196602096889364	23.811528325903577	24.45135169192053	0.002282800649411129
247.0	25.26229735309085	23.26615357111668	24.962542013070173	26.368639629247088	0.1403674334752096
248.0	26.0612706688733	23.252940142650008	23.93827165014133	26.73694510757334	0.010572430762020532
249.0	25.64058346435169	21.81652904388091	28.26813602916221	24.257919348950356	0.01683211365483435
250.0	26.126305307031366	22.541585632826443	25.377731762907462	25.953137100530345	0.0012401967043839575
