# Position (bp)	A	C	G	T	N
0.0	24.570907083748295	24.153839787037697	25.214351629652842	26.06090149956117	0.0
1.0	22.715695263230053	30.893007094872498	23.805899969152726	22.50731551617768	0.0780821565670414
2.0	24.161572738515012	26.170142722621314	22.09031510563911	27.576900590108284	0.0010688431162762361
3.0	26.45692450307362	21.347649825493722	24.46617525812832	27.722148413637548	0.0071019996667933995
4.0	25.746455214821477	23.149409500392455	24.023966819113905	27.07990166966279	2.6679600937201025E-4
5.0	29.37224906194245	22.929010405922114	22.361298349477146	25.336429363027076	0.0010128196312163805
6.0	26.20067454253495	23.80068177623506	23.989555813581166	26.003449836683263	0.005638030965555354
7.0	26.54471039633664	25.32371403782089	22.596954916322325	25.53393037108307	6.902784370821824E-4
8.0	28.670229954647937	23.534096824294316	23.042000139022353	24.753513896133324	1.5918590207201678E-4
9.0	26.594299209429657	25.472144706673518	21.981456280348	25.951993899952875	1.0590359595660071E-4
10.0	24.51999851843229	24.55497409902164	22.965146119615426	27.959881262930647	0.0
11.0	27.229130017899216	22.742577005376948	22.06570024219609	27.96249013080436	1.0260372338651797E-4
12.0	28.23638653964551	24.93812984025145	19.697747561647386	27.127736058455653	0.0
13.0	26.264540507693283	21.6380073691761	24.902929800613784	27.194422211443598	1.0011107323575506E-4
14.0	26.79522080165792	21.813339435617927	22.625408882786605	28.76603087993755	0.0
15.0	25.540437274878876	23.99021633126103	24.374595685882866	26.094750707977227	0.0
16.0	26.928249503369393	24.774484009215925	21.485707139455798	26.811415048508664	1.4429945021909467E-4
17.0	28.29112766725587	26.897942151434023	18.67297133828142	26.136599134475176	0.0013597085535045318
18.0	26.37657405352026	25.711654383243726	19.6020533955439	28.309532019968064	1.8614772404158356E-4
19.0	25.685488968778408	24.201445698770616	21.78991011734436	28.32264580750598	5.094076006392602E-4
20.0	23.048103365850032	26.358346814412563	23.585312520932757	27.008237298804644	0.0
21.0	24.534791190941835	23.03204700980767	22.8688893259184	29.563999329888084	2.7314344401105687E-4
22.0	22.97319129078087	26.96742930610926	25.306921086820832	24.75241331484674	4.5001442296225596E-5
23.0	25.076478517406432	24.070935114110164	22.38091906954052	28.471308560661296	3.5873828158982046E-4
24.0	28.31530198078667	21.471773656832834	23.694546048276464	26.518333945618433	4.436848559710221E-5
25.0	25.555113518483026	24.659440164677573	19.451902297038092	30.333412432139145	1.3158766216534516E-4
26.0	26.91573363630097	25.864116572730993	19.421298659595095	27.798807501241278	4.363013166701135E-5
27.0	25.28729079568464	24.346880435591466	20.141927549671816	30.22390121905208	0.0
28.0	27.49400305877325	23.332024805558934	22.768813239835943	26.402536107412217	0.0026227884196581863
29.0	29.055586741364962	23.3613040230262	21.90265995551834	25.680108555010488	3.407250800065079E-4
30.0	24.343601523880746	23.272299994882047	25.619367345013828	26.764477353485937	2.5378273744441627E-4
31.0	26.756551430222235	24.21144480998031	22.78248594708321	26.249096688447217	4.2112426703321324E-4
32.0	24.60769404652429	22.93922551654918	23.426582014476242	29.026165386490316	3.3303595997407313E-4
33.0	24.410129714789036	24.280501481966013	24.953372992565644	26.355913376191026	8.24344882817314E-5
34.0	26.270014838675394	25.94438153790811	22.842485212421973	24.942995777313588	1.2263368093168894E-4
35.0	25.776459639051087	22.31612995260116	25.61840961506676	26.288919969949887	8.082333110934468E-5
36.0	24.811447275886486	23.35453887040346	25.885356068123627	25.948415559626746	2.4222595967906676E-4
37.0	25.37569368690935	24.935923124699592	21.13368548878216	28.5546976996089	0.0
38.0	27.720843608381855	25.291789859656827	20.66955121170258	26.317694279111205	1.2104114753463392E-4
39.0	24.092103304599963	27.090652315712916	21.182501485478614	27.634581538758184	1.6135545032490938E-4
40.0	26.818253318436835	24.89051477616937	22.359387415148447	25.93172348981378	1.2100043156820592E-4
41.0	24.33983014380792	23.359884369705604	21.664669726535482	30.630211721359707	0.005404038591288125
42.0	25.140761667502048	25.818248389754267	20.35940144384796	28.681507850514997	8.064838072164978E-5
43.0	25.82642928681213	25.168253374340978	22.59723859642898	26.403724233808084	0.00435450860983119
44.0	30.2222283141545	24.59935690696114	22.079473915062696	23.098860235306258	8.062851540327159E-5
45.0	25.590585617632417	23.634388534736598	21.628975143950647	29.141334644693323	0.004716058987014714
46.0	25.56601655658634	24.24759186269456	21.76160498688669	28.42474628859277	4.030523964084807E-5
47.0	26.283298291514885	23.526500601897133	22.971030350365794	27.2171960016459	0.001974754576292225
48.0	22.87325766354071	23.48804115370917	22.557465475589964	31.08123570716016	0.0
49.0	21.60967153350837	25.88520291309503	23.661262660791703	28.842211112771842	0.0016517798330574324
50.0	27.804246861140907	23.89851394907489	20.000636493388726	28.2964818432204	1.2085317507475777E-4
51.0	25.367382722106285	26.43266472759321	21.274100963132227	26.922669476591143	0.0031821105771341588
52.0	22.957811038090544	25.82373105505949	20.802666502762072	30.415791404087894	0.0
53.0	23.189319604175026	23.44401558640002	23.671414123882297	29.69340680528103	0.0018438802616225587
54.0	23.026065807425983	28.504927620809678	22.098419345581174	26.37046698165389	1.2024452927473309E-4
55.0	24.863562126436758	27.063511695274293	22.4429062895492	25.628461397982193	0.0015584907575503881
56.0	26.509699596401216	24.977854209777874	24.708988134171722	23.80345805964919	0.0
57.0	23.20556040754588	27.779264892835826	22.61858055711148	26.390841004849413	0.005753137657402251
58.0	25.92268279685439	24.289237637708336	21.543419920440954	28.2444199611872	2.396838091190102E-4
59.0	28.031964632155482	21.806602471642893	24.550222746640028	25.608014644997418	0.0031955045641791128
60.0	23.98469715037051	22.59191616921641	23.666791452825848	29.756555359804743	3.986778248616289E-5
61.0	25.27103544389379	23.792160183183125	22.461140557330832	28.468687612815163	0.006976202777086802
62.0	25.765468417402122	21.293798282748558	24.465531399233058	28.475042452943004	1.5944767325982794E-4
63.0	26.938248377684594	23.62916341140643	22.58135493231716	26.848124172898164	0.0031091056936494526
64.0	24.90949944572015	22.071236594959654	22.905699237850293	30.113564721469903	0.0
65.0	23.883262994741607	25.856919730482087	23.13326309417417	27.121105276408592	0.005448904193548258
66.0	24.588170818233593	23.874996420605857	22.52739429651383	29.00864304372588	7.954209208428917E-4
67.0	27.59319111232008	24.925980409117066	20.89032692698497	26.589626639019432	8.749125584550953E-4
68.0	23.690407829875497	22.421695677693666	26.148418325064544	27.739319101148617	1.5906621767575624E-4
69.0	23.07875838045475	23.98881810734935	25.236959097813727	27.692004867224966	0.0034595471572065944
70.0	26.115896539393695	22.831816917636775	24.03158647542612	27.020421947633995	2.7811990941237235E-4
71.0	24.68466897573889	22.25467428607661	26.225023579484656	26.83464242405028	9.907346495573396E-4
72.0	27.320042080821327	25.104221356214946	22.01243008818349	25.561840382135063	0.0014660926451679369
73.0	24.90597314673102	22.887798121483527	22.412959045773537	29.788911546810574	0.004358139201343258
74.0	24.53638615518511	26.336768272900024	23.323085162812017	25.80288889866037	8.715104424777358E-4
75.0	25.921463027793823	24.380772884170366	21.184796464117113	28.5104720980401	0.0024955258786033612
76.0	26.46527118162035	23.895773538808644	25.41053735654265	24.227665333923788	7.525891045694834E-4
77.0	25.587370567366758	25.190027285664552	22.912987287153793	26.309099961224174	5.148985907225572E-4
78.0	27.66033540617194	26.05336730987901	20.00579037648933	26.280031637159638	4.7527030008170696E-4
79.0	27.186378948852543	19.8700659887983	23.73525430360867	29.2049343874432	0.003366371297288606
80.0	23.84536210263439	23.262493866577113	28.46260681264378	24.42692345923863	0.0026137589060864544
81.0	25.740635357004678	23.95904739614829	22.247989535725022	28.05212970410227	1.98007019744864E-4
82.0	22.57258591132993	22.206879400803643	23.479941977999	31.739523508374816	0.0010692014926052837
83.0	25.583842175707034	21.915108460642923	23.605692698804916	28.89444589639415	9.107684509808581E-4
84.0	23.59062324043211	25.999632544809337	24.078253700883558	26.33038181286869	0.001108701006304549
85.0	24.623233961781555	27.729101427401144	20.166579625987723	27.480609857544962	4.7512728461985264E-4
86.0	27.002689044755652	24.46615018425816	21.5552750728085	26.97386653912972	0.002019159047970468
87.0	21.31279548429138	21.627134157687163	25.791963223167	31.267275760529355	8.313743251021996E-4
88.0	25.164870010106565	26.536837100631374	25.59070750304523	22.706872819992707	7.125662241234545E-4
89.0	26.097370870126124	26.65342409954568	22.50157054259822	24.74684278383673	7.917038932434801E-4
90.0	22.83781922279768	25.383684863032464	25.32066760295326	26.45770956009836	1.1875111823969675E-4
91.0	27.399936114907668	24.645277431106816	23.448045468453074	24.506226421591737	5.14563940704818E-4
92.0	26.06018986702975	23.59694518712609	22.91026536658348	27.432599579260682	0.0
93.0	26.613224327214667	26.060066825352475	21.03435228407028	26.29231698426256	3.9579100018760494E-5
94.0	28.76113077029937	22.058664636060072	22.685181703801884	26.49059017274536	0.004432717093309091
95.0	22.882293018031746	26.850606664803944	24.075042960052496	26.189524475159153	0.0025328819526620194
96.0	26.44509345332083	23.72230334833177	23.226642605849786	26.6047338074264	0.0012267850712128947
97.0	25.41532551342393	24.78676751664191	23.394276497455138	26.40359090070889	3.957177013233591E-5
98.0	27.998968011931176	22.760639310277423	24.196084064291906	25.04426904340483	3.957009466353746E-5
99.0	21.210845708950796	22.096114438528062	26.712740622354442	29.98025967038792	3.955977878171705E-5
100.0	22.240708743148645	24.900354751325963	24.4242015721718	28.434695375890833	3.955746275269307E-5
101.0	24.017122313711575	21.808839066151986	28.07500940406137	26.09891055284014	1.1866323492591261E-4
102.0	24.433970474216366	24.85355780945901	24.607193151790376	26.105239006946313	3.955758793651798E-5
103.0	25.670477625695398	25.162217910914137	24.857341188615774	24.309725955063513	2.373197111819115E-4
104.0	25.068316898648142	27.197620843486764	22.89534709414383	24.83820098240274	5.141813185270208E-4
105.0	27.649130523521194	23.1232012809174	20.841329837812694	28.383292698169598	0.0030456595791135783
106.0	26.801613924588857	23.024569988612665	23.818361101585406	26.35537587901815	7.910619492478386E-5
107.0	26.347225573218054	23.408813141001556	22.437041929857173	27.806365617596224	5.537383269983031E-4
108.0	24.382566892376616	23.604393553148086	24.404357485958712	27.608563426446263	1.1864207031994601E-4
109.0	25.950297658828486	24.894947432193344	25.57026559535325	23.583935676903938	5.536367209837018E-4
110.0	24.937303219897835	23.81374370362989	22.434256365967293	28.81457807894377	1.186315612150719E-4
111.0	25.62697898924885	23.55073824924775	23.685270961616258	27.136497712508895	5.140873782453248E-4
112.0	26.064019303781077	23.465704113877123	23.788066501873793	26.682012360652017	1.9771981599403044E-4
113.0	29.253665714081222	21.61953761051711	22.411737560930472	26.714386887299536	6.722271716595351E-4
114.0	26.58569185809702	21.979737184480992	27.356580471929043	24.077397311736537	5.931737564112197E-4
115.0	27.44934186042925	22.9426390520797	26.555554984305342	23.05198952608335	4.745771023666765E-4
116.0	26.316465948584742	24.38973846273098	24.621567451874327	24.672109493519702	1.1864329024736334E-4
117.0	25.952977932452743	26.702958158664874	23.670173218381713	23.673337024440404	5.536660602705054E-4
118.0	27.641024079399095	23.33926416785936	24.76729153327562	24.251747908817276	6.723106486492686E-4
119.0	27.053399357972214	21.242838289597483	24.348846434183056	27.354520434826114	3.9548342113724424E-4
120.0	25.3628495813487	23.16704606034337	24.27536862353654	27.19461709185651	1.1864291488240904E-4
121.0	27.431263846693522	23.713409333768887	23.899758837166445	24.9550538602268	5.141221443480971E-4
122.0	27.217382259992778	22.86632015094513	24.513594671519943	25.401793323659998	9.095938821506439E-4
123.0	24.87257831569256	27.650030926057457	22.382437479534225	25.094360067894954	5.932108207981296E-4
124.0	25.48467580909806	24.627894183811197	22.456022959295655	27.43128840736694	1.1864042814957711E-4
125.0	27.004083085349333	23.39823428803053	24.184203501764724	25.412569575576626	9.095492787867404E-4
126.0	24.161856248613425	23.845331597535978	25.19483231193101	26.797861204494144	1.1863742544132133E-4
127.0	26.464885573764395	22.569675811775554	26.956275182926564	24.008253890167737	9.095413657435876E-4
128.0	25.989512480622608	23.203162074092823	24.26824638552311	26.529785820494162	0.009293239267297288
129.0	24.098584832165827	26.589305529301875	22.431236668293298	26.877907073308272	0.002965896930731675
130.0	26.807933254424203	23.80573484555179	23.39614821681318	25.9901045895295	7.90936813244395E-5
131.0	25.770445928689533	23.80195148920385	24.610135199532714	25.816953270798887	5.141117750183596E-4
132.0	26.11581216540663	25.973877543918068	21.40661995096948	26.497797818501645	0.005892521204178233
133.0	27.365978317352525	24.578175459077503	24.20441989387256	23.849725822946404	0.0017005067510118014
134.0	26.91420185384454	22.666826433122907	21.01221541105655	29.406756301976	0.0
135.0	26.337019253203792	23.275789114026768	26.41223511323111	23.97452151719327	4.3500234505809655E-4
136.0	27.575582613922624	26.479165101297507	23.968102060750823	21.970941475625718	0.00620874840332346
137.0	28.76513569978649	20.86307349961858	23.849421858681136	26.522092120597602	2.768213161904483E-4
138.0	26.02776939687983	23.531109783348406	26.67947593003912	23.760616774335393	0.0010281153972539038
139.0	26.320580429026514	23.64335628940467	24.732649290913635	25.302346327713998	0.0010676629411820531
140.0	27.804054201004952	20.911762228620304	25.864146344453264	25.41979996702101	2.3725890047107754E-4
141.0	26.30960190854229	24.369978183681773	24.56421736281561	24.755846650698878	3.5589426144229706E-4
142.0	28.50482479138442	22.510789642891886	23.29874795062033	25.685321261271092	3.163538322707799E-4
143.0	27.561319743719732	24.644712064327898	23.610266395760192	24.183622707108608	7.908908357106194E-5
144.0	28.730262299360565	24.175712494908634	22.102744790986996	24.990726790283098	5.536244607104583E-4
145.0	27.96784296357223	22.11476408155518	22.675653659385333	27.240829787570586	9.095079166732574E-4
146.0	27.432567630089803	21.470166045167133	24.192334004262843	26.900305674956403	0.004626645523819316
147.0	26.795865653510827	23.90488377390006	26.771862781074823	22.52359162058537	0.003796170928923027
148.0	24.356192584455297	23.405236349084138	23.960277172423694	28.2778193649773	4.745290595664465E-4
149.0	28.0846037432324	25.079831080399735	24.022956551724413	22.81023593618575	0.0023726884577010944
150.0	26.257352193863408	24.04274663290975	23.761768552363755	25.93809307433521	3.9546527874172444E-5
151.0	27.039393807567123	23.455629070976876	24.90633045555393	24.598211637407704	4.35028494366381E-4
152.0	27.570874443753667	23.71796392881945	22.82089065854187	25.89007322756546	1.9774131955155433E-4
153.0	25.420238522734646	23.369074304625077	24.504145435907496	26.70579032209586	7.514146369243571E-4
154.0	23.442493607984037	24.35111892412435	24.483210700224834	27.719933795918205	0.0032429717485747732
155.0	27.72807249332677	22.94961416322391	24.26005098077066	25.062143692355892	1.1867032276745522E-4
156.0	27.37473481760317	23.13442725151376	25.395879788463265	24.094523011878668	4.351305411402082E-4
157.0	24.782294987029076	21.86860403756069	26.6470777646183	26.701667192782168	3.5601800976438726E-4
158.0	25.410962182578565	20.455443609718547	26.34121718780225	27.792139669584625	2.373503160121666E-4
159.0	27.484352513289785	21.55080814689926	23.629425740600237	27.334938893508482	4.7470570224401296E-4
160.0	26.95333531394157	20.49146248402294	25.170313187963018	27.384809895234792	7.91188376809794E-5
161.0	24.721242680469306	19.725052278123574	29.263090101929485	26.287173246892788	0.0034416925848535463
162.0	26.128716795989526	22.14953662934541	24.80973438374037	26.911853949430764	1.5824149392629585E-4
163.0	25.328690866205715	23.304857934888094	27.858798526236917	23.50749442472719	1.5824794208441816E-4
164.0	26.21060777257665	23.291974857338182	24.45439569308482	26.041122684415917	0.0018989925844339576
165.0	27.95452396429302	21.62509252947393	25.972306240017595	24.447721193413603	3.560728018537941E-4
166.0	25.463482068037248	22.433529126432543	25.811889861040445	26.290901120396537	1.9782409323370383E-4
167.0	26.564404118672986	23.051883821262507	26.434231642119855	23.949005624717103	4.747932275494022E-4
168.0	26.83381375095704	23.46331976821251	23.781404375790117	25.921303834306368	1.582707339607449E-4
169.0	26.8793607544073	22.11378549391448	25.323981325000624	25.68267458152783	1.9784514976679994E-4
170.0	32.0859791960798	22.3041481218859	22.78190704712221	22.827728219511116	2.3741540097878456E-4
171.0	25.999688985209385	23.22675075409216	25.781622507974205	24.991146366488593	7.913862356566192E-4
172.0	27.672980608732225	24.702868078213914	24.12868272075158	23.495191647666285	2.7694463599781767E-4
173.0	30.080138057744026	18.823898042362078	23.023787425256305	28.07027746852991	0.001899006107678394
174.0	25.539320005966175	24.203774280626416	24.454725684359868	25.801744830333824	4.3519871371085634E-4
175.0	25.675159190307497	23.907626495660892	23.22409927999373	27.191571993900638	0.0015430401372435287
176.0	25.105308764585548	23.000914008063848	28.046752897326428	23.845639469321377	0.001384860702797023
177.0	23.137706940686865	25.348371837745287	23.794741271957367	27.694012891390297	0.025167058220190393
178.0	25.949528865914928	22.452287138953494	24.070532021053246	27.52717716018559	4.748138927379589E-4
179.0	27.904889588157733	23.93988486334447	23.194480278455327	24.959399845830212	0.0013454242122541238
180.0	27.974081110383388	21.566002998269983	24.79543095073086	25.66412790926008	3.5703135568376066E-4
181.0	28.66081510078785	21.093269852260402	26.179669646444516	24.065491059872414	7.543406348213165E-4
182.0	25.92347753308407	21.311817121730254	26.638024440783763	26.126601497066492	7.94073354114233E-5
183.0	23.095929822806	24.149477137340337	26.478605254871972	26.275352496030436	6.352889512530876E-4
184.0	26.8633928819603	21.486028772350586	26.055178109824134	25.592025063631922	0.003375172233053657
185.0	25.40289553560262	24.627933799313535	22.66593348566029	27.302641635284797	5.955441387538437E-4
186.0	27.362451792066523	23.008103578415394	24.65951192705866	24.969932702459424	0.0
187.0	24.640404480059075	22.49367303653267	27.325758350378305	25.539567343518804	5.967895111458399E-4
188.0	28.61544056442667	27.22080662848012	22.113090643447038	22.050304065291677	3.5809835449827237E-4
189.0	25.05322014717808	22.613051529835513	24.35027650602074	27.982656001680763	7.958152849058511E-4
190.0	29.320701603028493	20.258455166496812	24.973387649720586	25.447057639067687	3.9794168642115523E-4
191.0	26.88630465202502	23.487523770416647	24.019821637158792	25.605951275130863	3.986652686804578E-4
192.0	27.36914876778708	22.75306981749143	23.657778392647188	26.21992328396614	7.973810815756728E-5
193.0	28.345112894382694	23.390320490455068	21.91967302995564	26.344734087623983	1.5949758261476352E-4
194.0	27.88858618066045	23.18509314392447	24.485351704249098	24.440968971165976	0.0
195.0	27.502936396358667	20.811701713978046	23.712522309632774	27.97244074860658	3.9883142392789126E-4
196.0	28.84879550507503	21.513341008349983	26.475567285868234	23.162136193410422	1.6000729633271278E-4
197.0	26.243759497286945	23.741636986186272	23.09856213376181	26.91536121898153	6.801637834390521E-4
198.0	28.241106449933955	21.87104783458426	24.096811161376262	25.79087416185022	1.603922552995606E-4
199.0	25.637292068512767	23.14798362035765	24.962110217658207	26.252171878505052	4.4221496632332026E-4
200.0	27.387202877416694	22.627009714819412	24.1399773483042	25.845729648753974	8.041070572053823E-5
201.0	24.981775590267823	20.38665100687602	29.705003801694296	24.9262881430965	2.814580653618003E-4
202.0	25.308622117851424	25.99551241324401	27.774864688804357	20.921000780100208	0.0
203.0	26.23967789813247	24.561031626960343	21.27654182940024	27.922024640310195	7.240051967484122E-4
204.0	25.968448563483214	22.89729833232029	23.706539539460213	27.427552657800426	1.6090693585324323E-4
205.0	27.663953386397445	23.56703963877998	25.23044913544866	23.537793497299457	7.643420744565728E-4
206.0	25.91614031572608	20.814810970308294	25.01507739461012	28.253810386524453	1.6093283106196759E-4
207.0	26.019645638080828	23.897659183188935	26.772393089821854	23.309899679279525	4.024096288575993E-4
208.0	28.795266796132136	22.083012185182575	20.83418693337895	28.287493836974132	4.024833220973406E-5
209.0	26.908122308219646	20.1640539364451	25.100083206430448	27.827056219288192	6.843296166184215E-4
210.0	25.205392752492372	24.289409117884126	24.826816245252193	25.678059794393864	3.2208997744564933E-4
211.0	25.629854619658786	25.7585258266672	24.970147877247264	23.6404648594705	0.0010068169562473595
212.0	29.536577956449882	21.28928362209077	23.605507462891023	25.568268349815916	3.6260875240832645E-4
213.0	30.71706395151953	21.485673879179394	22.384442839035938	25.412496815163372	3.2251510176964035E-4
214.0	28.191726705488502	24.700505189468238	24.435081015091136	22.672606401648622	8.068830350421233E-5
215.0	25.342707000123337	23.752580487972548	23.015667934416683	27.888761507308264	2.8307017916320414E-4
216.0	25.969281951397523	24.003123924821253	26.012401605163888	24.015069787155007	1.2273146233310054E-4
217.0	29.765439240183273	21.771877694113243	25.879360623923127	22.58249784470941	8.245970709487443E-4
218.0	24.67677060285654	24.04350569459775	25.608375495499097	25.670973617222476	3.745898241425639E-4
219.0	27.978541603528978	22.610196316126206	23.4021113243762	26.008435195474288	7.155604943260263E-4
220.0	29.00716369179395	21.098542588392757	23.248199359847497	26.645756370260965	3.3798970483359076E-4
221.0	24.964824548336985	21.59487583257081	23.926457131913264	29.513587129998086	2.5535718085672337E-4
222.0	26.843723978272582	23.88370280426677	23.61301238902767	25.659260061304934	3.007671280434411E-4
223.0	30.781494002218952	22.055279055936396	23.819007522876433	23.34339339809337	8.26020874851751E-4
224.0	30.615179732466892	21.735932199844516	24.1002046415635	23.54842195905077	2.614670743228874E-4
225.0	32.13327089153483	19.322465598234338	23.58867443626052	24.954318625778093	0.0012704481922179353
226.0	25.740450007587988	22.378927227207416	25.170152851352658	26.710292417071287	1.774967806521409E-4
227.0	28.26413953688622	23.05227072136394	25.003139328793566	23.678746205896914	0.0017042070593638106
228.0	28.036194384521206	27.82254197290554	22.916506258507262	21.224577276658934	1.801074070521956E-4
229.0	28.224084180897286	24.921244057506158	21.308289625489923	25.546382136106633	0.0
230.0	25.665207171329353	22.8965206804622	27.32382461119851	24.11444753700994	0.0
231.0	26.03708856835889	24.36449062065204	23.49537732968833	26.10122564271082	0.001817838589916589
232.0	24.970406381536954	24.96103389746315	24.244273177918803	25.82400536855888	2.8117452221419314E-4
233.0	22.867339700795046	24.929494522667962	21.96584633124962	30.236750470352614	5.689749347575409E-4
234.0	26.75128845069117	20.224957309204985	27.80585733161282	25.216593004118405	0.0013039043726191671
235.0	25.674939440716344	21.551635759707793	27.93376898915547	24.839314081290524	3.417291298697621E-4
236.0	29.023871565591364	23.505799586564127	24.04779065254754	23.422340189610246	1.980056867233227E-4
237.0	28.644186240508624	24.020192322581643	22.39832283439788	24.937098797222106	1.9980528974514335E-4
238.0	28.33887550387581	21.841695792971873	23.733296396763468	26.086031202639216	1.011037496347627E-4
239.0	28.22634922293487	22.67144245948208	24.060335616740065	25.040489749255514	0.001382951587474761
240.0	26.301379409379642	20.97179517502365	25.97389638802541	26.75266505608866	2.639714826327882E-4
241.0	28.277346254200946	21.406687584857938	23.153393551087582	27.159771538258674	0.002801071594861461
242.0	27.082078670223954	24.006425993812357	21.084219608815243	27.826375282911638	9.004442368125968E-4
243.0	28.691668849021013	22.510234093287433	24.60465811607863	24.190788308800844	0.0026506328120775554
244.0	27.4228109295932	22.14531475446226	26.014685585408092	24.416073530950243	0.0011151995862078489
245.0	28.57822857599233	21.55541357186593	22.852913771530496	27.011474056917713	0.0019700236935282062
246.0	24.99726695964859	25.95193795225152	22.753454163047053	26.294781199455418	0.0025597255974159567
247.0	26.555570696099885	22.64364591432411	24.972439756219426	25.695231530094503	0.13311210326207482
248.0	27.216570175630984	22.424202872424818	23.372138367235806	26.976443634453478	0.010644950254917138
249.0	25.384299324894787	20.2632942516824	30.408538959889547	23.926702862519058	0.01716460101421336
250.0	27.718665377071964	21.207252141225684	23.783554655182247	27.28955955463797	9.68271882137643E-4
