# Position (bp)	A	C	G	T	N
0.0	23.43697324729921	24.035548871085144	25.59531513991536	26.93216274170028	0.0
1.0	22.513628953206542	30.643768732369264	23.40583533018436	23.35921690871504	0.07755007552478865
2.0	24.06672173976101	27.04069333301975	23.08892932808865	25.80287164049225	7.83958638342241E-4
3.0	25.449443345829636	22.066898379462916	24.991835869395455	27.484013236907646	0.007809168404349437
4.0	25.715041297405417	24.005630597020403	23.25583841732666	27.02331844137951	1.7124686801710316E-4
5.0	28.111107064616835	24.054238557457925	22.48235477288209	25.351664115338444	6.354897047001551E-4
6.0	25.44735724640157	23.5377121353371	24.342886846510904	26.666284330904283	0.005759440846149716
7.0	25.30922893453636	25.84893456072328	23.708993104153954	25.13223433451614	6.090660702691707E-4
8.0	27.07547130812184	24.34140150683396	23.961252146288807	24.62177777032053	9.726843486090978E-5
9.0	25.84214505361323	25.455905467078228	23.095058784456025	25.60669647040772	1.942244447972855E-4
10.0	24.685604129886972	24.51240953014263	24.09738781592124	26.704574263704608	2.426034455026537E-5
11.0	27.320860232739836	22.595407470936895	23.08985919298843	26.99375561730099	1.1748603384772636E-4
12.0	28.560820322830615	24.339446797158573	20.28582878220771	26.813881000527772	2.3097275329915706E-5
13.0	25.166921578266965	22.98262504324393	25.41086287576701	26.439431182971905	1.5931975018663172E-4
14.0	26.814554170631368	22.183327999589793	23.690772113914367	27.311255758137857	8.99577266153203E-5
15.0	25.495120318750548	23.75249107029198	24.251813995945092	26.50057461501238	0.0
16.0	26.270464342944965	25.36172916634457	21.986221769969276	26.38145406773966	1.3065300152406725E-4
17.0	28.616704662947612	26.91874474911274	19.378486615761233	25.08478618972727	0.0012777824511487797
18.0	25.472184136657695	25.504396391973934	20.326144332449065	28.69704278822523	2.3235069408433022E-4
19.0	24.95624200468925	24.503762356915086	21.758285944172727	28.78114188652216	5.678077007762773E-4
20.0	22.259763937361747	26.120655626734756	24.08183621502816	27.53766085659301	8.33642823231458E-5
21.0	23.443818974305668	24.697278216369224	24.174509268629794	27.68398021926289	4.133214324315555E-4
22.0	21.94669045197332	27.33192713138689	26.042333728005257	24.678925971505492	1.2271712904094725E-4
23.0	24.89232515636976	24.53074836431241	23.214714589216836	27.361703486287638	5.084038133539786E-4
24.0	27.225274984856814	21.786311440491836	25.07961608971765	25.90871706971778	8.041521592591186E-5
25.0	24.81361667095773	25.83346047608604	19.566077677864765	29.78648758609948	3.5758899198047085E-4
26.0	26.13935680744874	25.4443724401077	19.900935275819144	28.515177610843484	1.5786578093439179E-4
27.0	25.73750122160638	24.79395900161183	20.66619775334543	28.802283032383926	5.8991052433803676E-5
28.0	28.020948705565957	23.386530332836188	23.16654721106883	25.42345345390174	0.0025202966272808926
29.0	27.301575871693412	23.038989064309185	23.017118448726045	26.641876138775377	4.404764959826628E-4
30.0	23.394438285126824	25.099169661451327	25.75521145768707	25.75097144723725	2.091484975247275E-4
31.0	25.79884399006758	24.483789136107298	23.03150015554839	26.685356413715628	5.103045611021671E-4
32.0	24.003313201345257	22.744251795819853	24.844894776114796	28.407315755084234	2.2447163585762286E-4
33.0	23.55469002610754	25.110555168571917	25.576185786635087	25.75842120530724	1.4781337821932918E-4
34.0	25.26051913853443	26.77209567235699	23.483161654921084	24.48411372247432	1.0981171317619766E-4
35.0	24.802560759481526	22.70757162812006	25.95143802884945	26.538176172041794	2.534115071631288E-4
36.0	23.52088419340085	25.282463831517997	26.468997294315237	24.727473831574063	1.8084919184825884E-4
37.0	24.942321647252534	26.089633660656403	21.70177625101735	27.266232284764204	3.6156309511025686E-5
38.0	26.36755496516388	25.941822322227342	21.376257217990076	26.314275128545738	9.036607296156731E-5
39.0	22.90268727721442	27.514745159588877	22.20777064173269	27.37458008752502	2.168339389926871E-4
40.0	26.002037969835158	26.353497430857175	23.510710181899647	24.13360988054028	1.4453686774153917E-4
41.0	23.880212797820935	24.447596576548484	22.30529286617146	29.362110549150835	0.004787210308290924
42.0	24.117631970914253	26.364993058392947	21.025482905005653	28.491819813727222	7.22519599247279E-5
43.0	26.107864677447175	25.641425757809728	22.73592632627426	25.51108076892165	0.003702469547187974
44.0	28.400607840711782	25.194744687939885	23.404865073266837	22.999565699075507	2.1669900598360128E-4
45.0	25.625410985393565	24.186289545326023	22.03145317935231	28.15285605282857	0.003990237099527347
46.0	24.688983208433154	24.565154204029906	22.887622335076703	27.85824025246024	0.0
47.0	24.568750531395526	24.53535497401555	23.848995037420174	27.045022085294416	0.001877371874333781
48.0	22.313724747098775	24.55190622239427	23.420255017193945	29.714114013313015	0.0
49.0	22.335020983902027	26.40828175253161	24.505032725936722	26.749878059321546	0.0017864783080931619
50.0	27.706649801652638	24.857557093094698	20.30214478590484	27.13359418770508	5.4131642741984236E-5
51.0	24.54662344267243	27.128282279214762	22.045662304757304	26.27688818272138	0.0025437906341237064
52.0	22.959931814762477	26.078873734214348	21.52884807116834	29.432346379854835	0.0
53.0	21.989177258231567	25.51355573015067	24.32709928175305	28.168353521342816	0.0018142085218942638
54.0	22.739798563135913	28.45190629309685	22.6306812405499	26.177506133022188	1.0777019514667702E-4
55.0	23.58835854244799	29.24730188942525	22.394474504554516	24.76832459115235	0.0015404724199012557
56.0	26.29408989684104	26.003085562939717	25.36234946955469	22.34047507066455	0.0
57.0	22.704016303754127	27.62757454794869	23.061717517402432	26.601659386925835	0.005032243968918283
58.0	25.27370736813681	25.581463642787128	21.93994070136271	27.204637598945965	2.506887673883996E-4
59.0	27.122623520021143	22.999094367351674	24.873635776679368	25.001709923248615	0.002936412699197106
60.0	23.559882114471172	22.81109996417695	24.74645588538768	28.882526302248273	3.573371592231847E-5
61.0	24.451089870283184	24.1794150639723	23.290036035723798	28.073581407131503	0.005877622889214312
62.0	24.87840737148053	22.541735220506666	24.92467563091863	27.654931678394508	2.5009869966540366E-4
63.0	25.96362450248825	23.78272734596629	23.256603256563956	26.99452618732504	0.0025187076564604227
64.0	24.91235423857611	22.170617319857485	23.706093358596984	29.210845975851257	8.910711816174154E-5
65.0	23.846858002688297	26.856195759848163	23.714813231491945	25.57725037880455	0.004882627167044476
66.0	24.131757002974197	24.64717618889877	23.839914810162693	27.380706518979096	4.454789852416376E-4
67.0	26.98528743578733	25.97940918105345	20.462455966544375	26.572188139788068	6.592768267759047E-4
68.0	23.265564732009224	23.113046180336795	27.121611451149874	26.499670730977233	1.0690552687319864E-4
69.0	22.687937456182	24.992156188504474	25.582744861880325	26.73431081804584	0.002850675387357789
70.0	24.410898772822847	22.937692235465505	25.21963924463021	27.43150300036704	2.6674671439180325E-4
71.0	24.452450928873695	23.19847454199662	26.332458464712793	26.01555268166521	0.001063382751683645
72.0	26.300374037902813	26.249248849594657	22.66336181162858	24.785668502152486	0.0013467987214627085
73.0	25.24044054260702	22.84759710073279	23.649458358694393	28.2586234239598	0.0038805740060016
74.0	24.56961014520049	26.640080919511554	22.959405413804472	25.83012395008121	7.795714022735492E-4
75.0	24.95284762101499	24.959473579963102	22.552195371537362	27.533038554931505	0.002444872553045762
76.0	26.82311703022683	24.37465531746933	25.36928974095464	23.432016691093764	9.212202554366611E-4
77.0	24.073233273840895	25.03961487871957	24.828435909813596	26.05779476437008	9.211732558603006E-4
78.0	27.065034798916663	26.291768841449127	20.364571551458273	26.278128806920353	4.960012555917498E-4
79.0	27.353620401925788	21.0463412651049	22.906340545918876	28.690881270358854	0.002816516691581325
80.0	23.98599709001916	23.011982503270804	28.8461858667892	24.153336930363455	0.0024976095573775313
81.0	25.27817740790981	25.329297787369686	22.287564356589975	27.104411338025447	5.491101050784182E-4
82.0	22.02658567012294	22.34987750796052	24.69269828415496	30.929669500872613	0.0011690368889590312
83.0	24.96750701490692	22.814893246949875	24.467793420777163	27.74879672338932	0.0010095939767269103
84.0	23.09003877120209	26.02652650870913	25.574045273981564	25.30822051853981	0.0011689275674032858
85.0	24.80442803513114	27.468184522244048	21.40480275262748	26.321858561944122	7.261280532134974E-4
86.0	25.53925727812923	25.19283697525364	22.904649498486616	26.361255047055675	0.0020012010748397843
87.0	21.65598677327198	22.24639739545664	26.78008652059557	29.316785519736317	7.437909394929612E-4
88.0	24.905772042364863	26.971438002572718	25.841995245569994	22.27996240090215	8.323085902746689E-4
89.0	26.352612931421614	26.676528879022744	22.535639254107917	24.434191867605996	0.0010270678417267207
90.0	23.16258316398915	25.87089775672377	25.02594171065838	25.940347169148453	2.301994802449889E-4
91.0	26.589138982318556	25.010159461490993	24.54729528131748	23.852839646955392	5.66627917580428E-4
92.0	24.86979062917487	24.897501343482713	22.68866525545649	27.544025065359218	1.7706526714279515E-5
93.0	26.19866482145918	26.44561123442398	21.11679554317233	26.238574279752907	3.541211916036449E-4
94.0	27.48716643032442	23.776731918844636	22.984275701178657	25.747753627332575	0.00407232231970811
95.0	23.419004138416526	26.56467165505146	24.48988625108754	25.523994636028625	0.002443319415855443
96.0	25.832421988627623	24.601013376362612	24.164010532825493	25.401562644126574	9.914580576947149E-4
97.0	25.424965100767384	25.48547775876553	23.148729597116354	25.940668206334355	1.593370163789601E-4
98.0	27.179906072168077	23.50164430357158	24.753301353682474	24.565130567051046	1.7703526825800127E-5
99.0	21.583707507762874	22.635850719183136	26.93255797240237	28.847848398198302	3.5402453319210116E-5
100.0	22.507179692775527	25.168830088421956	24.57381609189299	27.75017412690953	0.0
101.0	23.065756037883357	22.277596170813872	28.674859540991125	25.981664353633686	1.2389667795837392E-4
102.0	25.16167201014988	24.134806247617917	25.03970215989309	25.663766475002287	5.310733683169063E-5
103.0	25.516299667550967	26.127102411330842	25.599602215288407	22.75688949773662	1.062080931629071E-4
104.0	25.092197426579272	27.461946545495096	23.481764965154913	23.96370163330259	3.894294681278532E-4
105.0	27.369544705401257	23.64823407159308	21.277636058185088	27.70132787619471	0.003257288625866766
106.0	25.78100991189895	22.920151078922736	25.161321501555683	26.137393591183383	1.2391643925049672E-4
107.0	25.264313203445575	25.34689448360589	22.55874511858778	26.829197483439486	8.497109212636619E-4
108.0	23.87089031263132	25.16330416970393	24.224652583677123	26.741064427039653	8.850694797242973E-5
109.0	25.564337791793797	24.905047589933744	25.838614269209398	23.69104449686684	9.55852196220879E-4
110.0	24.025396000496322	24.896155464390002	23.148476755055402	27.929883277449836	8.850260843737848E-5
111.0	24.7899151482538	23.64165957872396	24.649082668276314	26.918422131020588	9.204737253430313E-4
112.0	25.201102757335857	24.698772894826508	23.519796087247045	26.58016895375234	1.5930683824603173E-4
113.0	28.56612355203061	21.616684685526643	23.228593842151955	26.587659806755692	9.381135351020845E-4
114.0	26.63072136003323	22.09799117056013	27.95627018206361	23.314734076890574	2.832104524481685E-4
115.0	26.779319568448102	24.205550977488596	25.840767651841105	23.173529784038173	8.320181840229496E-4
116.0	26.146970482587506	25.114044266647877	25.10400691957359	23.63488981843023	8.851276079621124E-5
117.0	25.23026364122545	26.977309190842526	24.091270950499492	23.70039500068244	7.612167500966125E-4
118.0	26.366683460514572	24.72259171441348	25.55107247542616	23.359386810940336	2.655387054527842E-4
119.0	27.126390794423543	21.180863022792654	25.251692852400975	26.440309803053776	7.435273290551007E-4
120.0	25.10424874604979	24.042048956326436	25.368590461357023	25.485023321092864	8.851517389071457E-5
121.0	27.395823633361786	23.651932623805862	24.5323743299717	24.41917898142598	6.904314346704924E-4
122.0	26.846903083196633	23.80638945667772	24.403792219619028	24.94247265437316	4.425861334577768E-4
123.0	23.940017094271298	28.170760723397837	23.423294237446086	24.465025078443162	9.028664416227803E-4
124.0	25.149454344926237	24.8535640406712	22.91476911120494	27.08207087806696	1.4162513067131197E-4
125.0	26.742261576942187	23.730290701040026	24.64519411491977	24.88119143328495	0.0010621738130605954
126.0	23.836719895580384	24.823133342668736	25.089634922576636	26.250387917886925	1.2392128732265756E-4
127.0	26.05476347020129	23.167850457495234	27.566907107029063	23.209593821840453	8.851434339528984E-4
128.0	25.89546457513674	23.022850615930636	25.473738326492807	25.59907716623754	0.008869316202275643
129.0	24.110257977211106	27.508038995056577	22.574953316824566	25.80366936486097	0.003080346046783021
130.0	26.50925767740599	24.154106669758903	24.061729061680374	25.27488888751194	1.7703642790058695E-5
131.0	25.088687795943184	25.4230440618745	25.173702028125867	24.31371632581306	8.497882433920997E-4
132.0	26.389302471000175	25.982237351557462	21.74458553643262	25.87801465951383	0.005859981495913416
133.0	26.962632019586085	25.335562598134477	24.898012728691285	22.80189834502936	0.0018943085587870335
134.0	25.9089658571509	23.22555723031809	21.3179566764072	29.54750253250296	1.7703620850758123E-5
135.0	26.468679911065113	24.06057259578301	26.32096259852173	23.149182978447683	6.019161824634552E-4
136.0	27.49457641125727	26.425084013841616	24.01838089367146	22.055709205707593	0.006249475522061358
137.0	28.18834269188001	21.72245649324749	24.652354053498538	25.436581203723257	2.655576507070649E-4
138.0	25.1799912440759	24.18444302780776	27.44725511693124	23.187124507435012	0.0011861037500882938
139.0	25.730028864971942	23.7712470889397	25.229153887211513	25.268454860972806	0.0011152979040365818
140.0	26.469450529996237	21.64742747128726	25.618694815109873	26.264073115138643	3.540684679899976E-4
141.0	25.058200983264673	25.295306920561632	25.675830702855436	23.970378133779942	2.8325953832236E-4
142.0	28.46208496363024	22.81712826619263	24.04433664022253	24.676202277024867	2.4785292973670403E-4
143.0	26.491893909137005	25.774299152780024	24.226231953024755	23.50738024626314	1.9473879508380141E-4
144.0	27.49756530480118	25.464760785553676	23.410977434743884	23.626023735998842	6.727389024193993E-4
145.0	27.759996473441852	22.488960474399967	23.353498329753368	26.39673035656654	8.143658382736719E-4
146.0	26.87593552687369	22.339111507279295	25.103836290874394	25.67663765334674	0.00447902162588485
147.0	26.389723395448943	24.32831614417016	27.013422878198472	22.265085469011176	0.003452113171245703
148.0	24.21382005514568	24.63841520356544	23.96232744847243	27.184977007882377	4.6028493407746066E-4
149.0	27.67984276421696	24.96918255839912	24.106311897116925	23.242520651624908	0.0021421286420834095
150.0	24.933128133913335	24.172995645384102	25.258099998070282	25.635740814932984	3.540769929798925E-5
151.0	26.52285304202358	24.377475178942305	25.734407468120217	23.36468006732611	5.842435877938413E-4
152.0	26.961913329245927	24.10483319697839	23.492342494107465	25.44071622904727	1.947506209446503E-4
153.0	24.63206237695282	23.805822698752177	25.52837698114811	26.032852711641148	8.852315057433821E-4
154.0	22.564564069043026	24.688413346014688	24.90437641239987	27.840096682334227	0.0025494902081871214
155.0	26.75393506361511	23.86006482801947	24.181531203398	25.204291837286135	1.7706768128808946E-4
156.0	25.899514206816686	23.451141352801656	26.440305517608344	24.208808730997006	2.3019177631025602E-4
157.0	24.363185250386767	22.78648938997702	27.267490791850403	25.582515839469295	3.187283165142171E-4
158.0	24.52759391944452	21.602362043683428	26.274955894953937	27.594999604236563	8.853768154872945E-5
159.0	25.94517512365904	21.947994937651195	24.79660205684925	27.30969664333408	5.31238506433564E-4
160.0	26.088756604293472	21.456472048228786	25.85748680203801	26.597231420676582	5.3124763152097616E-5
161.0	24.309382187986596	20.620845477667913	29.240913198473738	25.825140353061236	0.0037187828105108385
162.0	24.80876327801594	23.586966223050833	25.80874061082415	25.79551217936549	1.7708743585893072E-5
163.0	25.023181467859757	24.392234686417964	26.62217147131661	23.96235924651906	5.312788661517276E-5
164.0	25.251114915158063	24.146365133961602	24.501834549459517	26.098896720125214	0.0017886812956003043
165.0	26.070078672384472	22.446299925581613	27.16292384565605	24.31993601648043	7.615398974294309E-4
166.0	24.35873685284359	23.270604104154984	25.70629713946072	26.664202506500743	1.5939703996154634E-4
167.0	26.35734977708412	23.790257162673687	26.655344348889386	23.196605925956362	4.427853964417057E-4
168.0	25.798898315591845	24.987247383056733	23.794399475725747	25.419348553817816	1.0627180786057138E-4
169.0	25.842470745667757	22.17310558659663	25.981956322859073	26.00220165806284	2.656868136977494E-4
170.0	31.124287857027976	23.082944065115075	23.368934872882345	22.423709215401065	1.2398957353963307E-4
171.0	25.378338481289695	23.800173090364435	26.880781265996955	23.939786092051058	9.210702978564215E-4
172.0	27.372997363169016	24.76350866754148	24.17258581211384	23.690695652327904	2.1250484776683966E-4
173.0	29.051118050771187	19.428315548314888	23.385037283114226	28.13382932012874	0.001699797670958479
174.0	24.004925242238308	26.160745698956433	24.411431250676166	25.42250826495523	3.8954317386675255E-4
175.0	25.778980243079552	24.290495595495678	23.12498018960255	26.804056531924093	0.001487439898131616
176.0	24.503977512502058	24.32309857972672	28.54007112965747	22.631152721569165	0.0017000565445890298
177.0	21.734534915764783	26.086262727731913	25.166178680247636	26.98851218808954	0.024511488166122714
178.0	25.22825650582177	23.386655904280403	24.28664805916668	27.09806764046428	3.718902668702264E-4
179.0	27.74305333552714	24.05141937080149	23.54127086204365	24.663229191886433	0.001027239741284358
180.0	26.722766633284124	22.46412916698355	25.71295657260561	25.099863318745946	2.843083807713713E-4
181.0	27.9689225095693	22.55968107903918	26.059494695272335	23.411136243151244	7.654729679451963E-4
182.0	25.018540440947408	23.10046373354458	25.762614709521227	26.118220900942596	1.6021504419264969E-4
183.0	23.41407990806539	24.69574962628424	26.839057114875185	25.050508143069678	6.052077055045065E-4
184.0	25.69458894805898	22.311023834389097	26.933968636984947	25.056858525735016	0.003560054831964522
185.0	24.87019178315278	24.936241663894563	24.86106120141725	25.33186460895747	6.407425779316509E-4
186.0	26.713618040263714	22.977687298939074	25.57574201972905	24.732934841174217	1.7799893948231856E-5
187.0	23.751201758184042	23.248501559854915	28.0948718621155	24.90472905337046	6.957664750811238E-4
188.0	26.900552456621362	28.453264167738464	22.692873719868636	21.952935048440295	3.746073312438569E-4
189.0	24.590421278167817	23.811695022013723	25.54615996479374	26.050760450610177	9.632844145398149E-4
190.0	28.713057461938206	21.588577082411213	25.090481443164524	24.607705609679993	1.78402806062056E-4
191.0	26.42258180670044	24.014838610710132	24.937344075336576	24.624681267371397	5.542398814570287E-4
192.0	26.71257799278162	23.573555719858064	24.57161299666617	25.14218176844134	7.152225280791895E-5
193.0	27.610480836635716	25.02269345770326	21.572590451937796	25.79394912659695	2.861271262822072E-4
194.0	27.772405577494442	23.72802999100606	24.33188835353676	24.16767607796274	0.0
195.0	25.78702637110726	21.919042174596793	25.189065198695538	27.10418655100718	6.797045932289974E-4
196.0	27.849410795758434	22.67673167863752	26.475342239223632	22.998425608099453	8.96782809606194E-5
197.0	24.82099018462027	24.668669268434446	24.02675437691668	26.482796849534886	7.893204937199688E-4
198.0	27.27330733259893	23.172610834286388	24.98189600461133	24.572077986386372	1.0784211698389325E-4
199.0	24.96591666821311	23.161351312444744	25.72049740134301	26.15167609637345	5.585216256870942E-4
200.0	27.37477850896397	23.6845045105431	24.318661680618305	24.622037281486502	1.8018388125449785E-5
201.0	24.341625134381527	21.734830790100293	28.977954402362162	24.945211260550053	3.7841260596904443E-4
202.0	25.012898560100805	25.5221912000013	28.188097859298562	21.27679435955833	1.802104100705902E-5
203.0	25.54587608758821	25.015051564677744	22.90073033436465	26.537458747897286	8.832654721071974E-4
204.0	26.226479245778272	23.87584604046572	23.752644665167722	26.144957937745268	7.21108430190214E-5
205.0	27.285324402646754	24.351174874944064	25.754743615954517	22.607819615130968	9.37491323698086E-4
206.0	24.574250659704347	21.463240922134602	26.213923615837952	27.748440555386765	1.4424693633030385E-4
207.0	25.572864960492538	23.785376603539486	27.225388650091837	23.416081245700074	2.885401760636087E-4
208.0	27.99429077405899	21.986111494407748	22.484920208462867	27.53462341060413	5.411246626764134E-5
209.0	27.086740829662894	20.913322674702854	25.555149031396052	26.44388541358842	9.02050649783165E-4
210.0	24.592457941183156	24.681958222856423	24.848093120712424	25.87707569378056	4.150214674365134E-4
211.0	24.792580663676898	25.75745104983082	25.911668585360957	23.537451360287466	8.483408438572722E-4
212.0	28.363726195889406	22.64022967375362	24.538508962556662	24.4572281752689	3.0699253141346224E-4
213.0	29.158452179123596	23.48220665199112	23.027682717609682	24.331278973574257	3.7947770134815774E-4
214.0	27.528784857963835	25.581990908064967	24.407899305806744	22.48127067170938	5.425645507131469E-5
215.0	25.514039695010666	25.643535106940192	22.791554978006623	26.050471493791648	3.9872625086768266E-4
216.0	25.484091606366366	24.792414349498983	26.388586995367923	23.33476042931641	1.466194503163498E-4
217.0	28.5435781725372	23.0981052164344	25.851468942749612	22.506015406097706	8.322621810817559E-4
218.0	24.218714187968114	24.262158713967192	25.708737944003712	25.81003366483016	3.554892308279513E-4
219.0	26.469869404378038	23.41298561767773	25.118416135631488	24.997991665364005	7.371769487414405E-4
220.0	28.13512168697904	22.321818856276824	25.232871883435433	24.30986434479584	3.232285128617379E-4
221.0	25.066068676166147	23.32724382483983	24.476854119289985	27.129545957968976	2.874217350615427E-4
222.0	25.307746716314313	25.434542980558035	24.532962566778522	24.724631338309738	1.163980393914245E-4
223.0	30.01152642521494	22.67517314224907	24.77140895796002	22.54104567886907	8.457957068983492E-4
224.0	29.3421575121042	23.457301558605803	25.0995493045364	22.10077452674608	2.1709800751395939E-4
225.0	31.0390962445512	19.806724124914073	23.988103043379784	25.164963979321385	0.0011126078335538681
226.0	24.888486564854894	22.88524963633861	26.06180271399672	26.164300083640107	1.6100116967349766E-4
227.0	26.725891047958434	23.79702850665348	26.129181926248705	23.34651413769017	0.0013843814492071464
228.0	26.51401442145725	28.217134087112417	23.555094623789362	21.71365446870002	1.0239894094919312E-4
229.0	27.54626215198801	24.908884622170216	21.9377651291192	25.607067437981424	2.065874114721295E-5
230.0	25.22863012864822	23.22642804196055	27.8955230351942	23.649397948999308	2.0845197725038502E-5
231.0	25.32075287219978	24.952134412621998	24.924580087534714	24.80103004924013	0.001502578403377119
232.0	24.952914094381082	25.468987529678582	25.138556763824415	24.43928640395539	2.552081605361413E-4
233.0	22.67588414996289	25.504724254810757	22.621170792552515	29.19776809167872	4.527109951212845E-4
234.0	26.559654831826286	21.58539276620392	26.987915476049334	24.865700118055475	0.001336807864988542
235.0	25.24840371762448	21.859016500449926	27.710782651825834	25.18148629935798	3.108307417820237E-4
236.0	28.365927529490207	23.932185750312275	24.146909849443084	23.55459391757721	3.829531772160881E-4
237.0	27.94012433767346	25.21972840201437	22.11715949581121	24.722851184727105	1.3657977385576312E-4
238.0	26.637966325642076	23.03276337174454	25.028333958610578	25.300866997173653	6.934682915091048E-5
239.0	27.521798046490748	23.643408757296864	24.15995693864815	24.67366100232818	0.0011752552360558904
240.0	25.810073823897532	21.751250337265617	26.589839196118774	25.84869119124033	1.4545147775065108E-4
241.0	29.340568767447245	20.797601521062415	23.955301074344984	25.9042715078934	0.0022571292519582417
242.0	26.4066075050673	24.263257690412267	21.415993276184793	27.91312041089766	0.0010211174379871732
243.0	27.62103257744818	23.18314704191313	25.732164261282243	23.461049338803512	0.0026067805529298264
244.0	25.9196813006495	23.04248828393765	26.476433757782537	24.56029833398948	0.0010983236408305963
245.0	28.891779446084136	21.146259993147765	23.505756781865887	26.454271849812322	0.0019319290898877695
246.0	24.163607103330094	26.790557858136676	23.893567116545544	25.14979431064493	0.0024736113427570577
247.0	25.9392739877033	22.716793701133977	24.76629293185333	26.435155437920134	0.14248394138926387
248.0	26.024811901963062	23.62362837369851	23.635602328012094	26.705557021224386	0.010400375101944576
249.0	25.511319085540247	21.51588808129539	28.960546070912606	23.99607681611789	0.016169946133866943
250.0	26.220789701656628	22.155820525763144	25.563042484024905	26.05940888441528	9.38404140041507E-4
