# Position (bp)	A	C	G	T	N
0.0	24.77694784932053	23.999679237235444	24.803096987735472	26.420043488922644	2.3243678591061177E-4
1.0	22.658880117887207	30.782045370818743	24.281451069163737	22.19931000766916	0.07831343446115492
2.0	23.024197928004753	26.5155769395202	22.536588071352806	27.922597134887678	0.0010399262345657614
3.0	26.847556794174082	20.488156287592442	24.42247615441273	28.231535976762817	0.0102747870579244
4.0	25.956319141842226	23.16405299110393	25.264453666240954	25.61482809502219	3.4610579069598415E-4
5.0	29.481727345019536	23.701437149212275	21.429888554668143	25.38579446576542	0.0011524853346241168
6.0	26.372722955733675	23.94583040612248	23.184544786613515	26.49161275041307	0.005289101117265121
7.0	25.480475864948314	25.303494661889054	23.198875028101355	26.016351549130352	8.028959309234221E-4
8.0	27.894169196790326	25.87843715722985	22.79197283168689	23.43530619940469	1.1461488824475322E-4
9.0	25.97557376936679	28.564026782385117	21.261663536565003	24.198278405958554	4.5750572454037836E-4
10.0	24.41444201112823	23.988103674510683	23.097250860677658	28.500089153861275	1.1429982214947672E-4
11.0	26.615177844662767	24.058886999629202	22.354655985853935	26.97094511607812	3.340537759768567E-4
12.0	28.45465511569251	24.990678802500273	19.730014255949115	26.824651825858098	0.0
13.0	24.38550160746627	24.374344665031757	24.900562396554562	26.33948301111795	1.0831982946126049E-4
14.0	25.91516933079597	23.013776880642087	23.412246330069628	27.65880745849232	0.0
15.0	24.33132490873822	25.187725002049056	23.273171664610608	27.207778424602115	0.0
16.0	26.46459329201506	25.83362779771385	20.07887845857482	27.622796827867347	1.036238289212034E-4
17.0	27.43463467500063	26.434155808150816	19.192277641958817	26.93802454822693	9.073266628021272E-4
18.0	25.90913995899428	25.942012477568753	19.765076396132834	28.38327158495498	4.995823491561054E-4
19.0	24.302189287984742	24.008562460267004	25.291540845518117	26.397409408773044	2.9799745708836617E-4
20.0	22.36954766979179	26.229934277310324	24.625264935704358	26.775155038265492	9.807892803654813E-5
21.0	23.48393674909495	23.977300035122095	23.867652939213478	28.67111027656948	0.0
22.0	22.926375546943607	25.677325153586672	25.163974872095274	26.232228240325266	9.618704918332387E-5
23.0	23.783743979924797	25.279056067508996	22.91004410577736	28.026964581492404	1.9126529644208296E-4
24.0	27.864805136911592	21.681446985289234	23.2735481300921	27.180104900742652	9.484696442290365E-5
25.0	24.121562952243124	26.45926894169273	19.119555576303625	30.29942579711498	1.8673264553475561E-4
26.0	25.622045649048893	26.596522658657996	19.93928451625073	27.842054253661374	9.292238100592195E-5
27.0	23.530454835786756	24.364889856062742	21.68082767635656	30.423641954219338	1.8567757460524948E-4
28.0	27.510627262273264	24.41381627157062	22.96992987760421	25.102765580037172	0.002861008514730502
29.0	28.0816824116733	23.47251535947981	23.324418310744655	25.121292669150463	9.124895177766645E-5
30.0	23.716062945073354	22.4084533359571	26.121140290461565	27.754072627125453	2.7080138253132496E-4
31.0	26.289126742336418	24.82596856380254	22.426195033835704	26.458440052843006	2.696071823353374E-4
32.0	23.01865447681733	24.2334429438628	23.166446943213824	29.581012347364606	4.432887414412026E-4
33.0	24.285803401434062	25.391792241384614	25.654671063209527	24.667557572834216	1.757211375835005E-4
34.0	26.877112094936212	25.904871680681808	23.119831643657385	24.098097258970128	8.73217544686908E-5
35.0	25.826124825865953	23.076516816868555	26.692790742172516	24.404307875058116	2.5974003485711264E-4
36.0	24.505589961083974	24.743948462652554	26.19858421106364	24.551617809662734	2.5955553709827294E-4
37.0	25.28249601500072	27.368447454660092	19.17513325854883	28.17383678238661	8.648940375069948E-5
38.0	27.693567465862394	24.859748758318233	20.044081432188264	27.402602343631106	0.0
39.0	22.026719646020453	26.147143930414458	24.038949507943876	27.786927551944064	2.5936367715446925E-4
40.0	24.95178572200395	26.53233230896902	23.099458426801174	25.416423542225854	0.0
41.0	22.720259719380678	24.74776155395997	21.471967887731527	31.055256923213886	0.00475391571393874
42.0	24.310771743780546	27.038213395214576	20.073030236246332	28.577984624758546	0.0
43.0	25.982050116572275	25.72825266025015	23.36578461176853	24.9205424715396	0.0033701398694459665
44.0	29.894530753871397	25.10750398090892	21.604044931782383	23.39366113155446	2.59201882842477E-4
45.0	25.47090021140078	25.221918986934966	22.827569703079956	26.47650099307397	0.0031101055103294377
46.0	24.979592189315376	24.976482427687245	21.952498391130266	28.09142699186711	0.0
47.0	24.660734908091143	22.849334426283317	23.525748387135785	28.962368373090975	0.0018139053987871019
48.0	21.26723480612651	24.486960396321745	23.618603357889	30.627201439662745	0.0
49.0	19.773185888618624	26.607312311495523	24.36809716361476	29.249677712931803	0.0017269233392825842
50.0	25.489916741998623	24.17003178188355	21.730139776395756	28.609825359370127	8.634035194054258E-5
51.0	24.573534122018582	28.621625331628536	20.788846403217132	26.01392213927492	0.0020720038608338606
52.0	21.256636847414423	27.999492609617466	21.338095439440625	29.40577510352749	0.0
53.0	22.738577998705644	23.65151191771202	23.302793192239374	30.30556779532655	0.0015490960164135329
54.0	21.1357438690363	31.230719056048013	22.72898984848889	24.904461174794097	8.605163270065304E-5
55.0	23.84517627204687	28.29665429549493	22.048755222303782	25.80804217632007	0.001372033834354355
56.0	24.73993276362754	27.011753933053424	24.649049628193666	23.59926367512537	0.0
57.0	22.895351847755823	28.88236191769501	23.030549311495985	25.186593075352228	0.0051438477009572705
58.0	25.2543928901141	26.16275830382453	22.13147425726534	26.450860234133177	5.143146628538806E-4
59.0	28.18679886996352	21.1774698976933	25.332393921939712	25.30068021613319	0.0026570942702762008
60.0	21.18725475829955	24.04133471469912	25.566064332912582	29.20526050142207	8.569266667866364E-5
61.0	24.684750456721954	25.914986306910297	24.063077329110584	25.331359060575213	0.00582684668195357
62.0	25.313651935036646	21.51683978002807	24.64324823616307	28.526088677683543	1.71371088669115E-4
63.0	25.833930242202204	24.441533204698043	23.83834108458056	25.88379640895055	0.0023990595686490894
64.0	24.245834746590198	23.230859362955197	23.94159908729302	28.581706803161584	0.0
65.0	22.41834571654926	27.62923152688264	22.740637646403872	27.207074492002654	0.004710618161574203
66.0	22.802890025882107	24.652235950263872	23.038415487469187	29.505687725783268	7.708106015577225E-4
67.0	25.395861577554097	26.85795230220196	21.18198798776681	26.563427348941417	7.707835357211065E-4
68.0	22.191268632814307	20.992071580151716	28.761118028805395	28.055370481066166	1.712771624169948E-4
69.0	22.282955886407972	24.60552614497182	26.818912822691004	26.290036120497568	0.00256902543163909
70.0	24.558676186579586	23.99877342430721	24.599248850512367	26.842874457927856	4.2708067297664125E-4
71.0	23.644628373179994	22.955689062578372	27.405570512989446	25.99309190419799	0.0010201470541978627
72.0	25.01393998327202	26.409978308026034	23.467196839363794	25.107099871480155	0.0017849978580025702
73.0	23.172647073821626	23.661335010453673	24.01259540038415	29.149343033434754	0.004079481905797964
74.0	23.74489370145989	27.54269660152303	23.42171078740887	25.289934080203412	7.64829404801259E-4
75.0	25.963756009932005	23.903001524470557	22.040326240098164	28.091216704254414	0.0016995212448653214
76.0	25.38044064752022	24.101357936677207	26.103296996496606	24.41413967178736	7.64747518606732E-4
77.0	23.202321991025734	26.636112364381297	23.592322679262246	26.568563225569093	6.797397616322591E-4
78.0	26.554808056674727	29.42346481874521	19.605475792761364	24.41540168671546	8.496451032403765E-4
79.0	26.747052031568476	20.83760621309995	23.158512723481877	29.254280172336887	0.0025488595128109926
80.0	22.785734978900837	24.950448617361374	30.22672571769857	22.03445700775066	0.0026336782885508906
81.0	24.773934407845775	25.58024351537518	21.807811114169496	27.837586186976036	4.247756335103798E-4
82.0	21.952257571252602	21.917342734570784	25.563182262243554	30.565943167820585	0.0012742641124750455
83.0	23.249832014794592	24.40827158301952	24.213655094730065	28.127561721289823	6.795861660042118E-4
84.0	24.729323142213016	27.64225294206589	22.416019245111844	25.21121544229949	0.0011892283097498034
85.0	24.67384647531647	29.178031110616566	21.14580776244964	25.00155017952353	7.644720937956294E-4
86.0	26.382174174500655	25.258971858787717	23.905930956692497	24.45062972035456	0.002293289664568165
87.0	20.061338334165672	23.632160244062362	26.677589000886698	29.628148027355095	7.643935301731607E-4
88.0	25.947117034178426	26.843362197528936	24.947514497209266	22.261581631093158	4.246399902162947E-4
89.0	26.43163538190956	25.19029449256359	24.5542102576863	23.82250107641758	0.0013587914229688403
90.0	21.43521954682641	25.554408175535553	26.0508576193865	26.95951465825154	0.0
91.0	26.38788875151153	25.03804296137281	24.74991847936849	23.82330063450225	8.491732449287374E-4
92.0	27.26005994786404	24.137591386527866	22.177143390875358	26.42520527473274	0.0
93.0	24.129706597833977	28.120332672460275	21.68824056345443	26.061295622529684	4.2454372163517256E-4
94.0	26.62229490157721	24.11129111138281	23.44095991088288	25.820869163576095	0.004584912581000122
95.0	23.76486529855403	28.05344078544642	22.898778852921524	25.280452901826838	0.0024621612511854457
96.0	24.689372836646832	24.42074985206209	24.97531538155246	25.91311863304521	0.0014432966934072753
97.0	25.73553695152566	25.853290782345585	23.87753941187607	24.53346305781314	1.697964395384593E-4
98.0	26.923236917863054	23.81225258357295	24.782519740254667	24.48199075830933	0.0
99.0	20.298965563193843	23.80647620082351	29.505936955970018	26.388621280012632	0.0
100.0	21.15900402653575	26.663067907898935	24.857577424239338	27.320350641325973	0.0
101.0	24.899278334678552	21.02487848473198	28.48078543802785	25.594887998866113	1.6974369550696927E-4
102.0	23.593955600831954	25.945328749098007	24.665987520692727	25.794728129377308	0.0
103.0	27.471403495071794	26.007371090792418	24.04279374866312	22.47809214033253	3.395251401390016E-4
104.0	25.121591408728776	27.611393008897178	23.163057262126465	24.103109514602004	8.488056455761099E-4
105.0	28.081578947368417	23.96646859083192	19.506027164685907	28.442869269949068	0.0030560271646859084
106.0	26.59309595460121	25.14760124108132	23.47816859860527	24.7811342057122	0.0
107.0	26.19267320597111	25.49496818774114	21.428941303305162	26.88256841015106	8.488928315244842E-4
108.0	22.866613191411705	25.674064076936464	24.605577553973934	26.853660296320818	8.488135708313704E-5
109.0	24.969297296379757	26.742033635055822	25.213730707371617	23.074089634071303	8.48727121499531E-4
110.0	26.10915448134224	24.549998727011957	22.53358566785196	26.80700652618536	2.545976084797977E-4
111.0	25.060999466175105	23.82140544467444	24.74299598825076	26.373835281497154	7.638194025404633E-4
112.0	24.65804926195332	24.040131951357576	24.527184203178614	26.774295115134944	3.394683755504692E-4
113.0	28.75500385711776	22.049814103048266	22.931986581133984	26.26234680792742	8.486507725692308E-4
114.0	26.80118306536139	22.161428165272703	28.168752307359362	22.867957514883795	6.789471227493964E-4
115.0	26.064500248273752	24.74640003055677	26.997670046301998	22.19075063553837	6.790393291091428E-4
116.0	23.920883918999554	25.81000019522679	26.543713400281977	23.725317604278693	8.488121298648606E-5
117.0	25.710039181600266	29.16270549968424	22.64239829420832	22.48426284945981	5.941750473642394E-4
118.0	27.25521069853706	22.603927493729337	26.15106463345797	23.989118117655046	6.790566205898455E-4
119.0	27.084970893169697	22.280179343572645	24.401608048390848	26.23247775606626	7.639588005507294E-4
120.0	24.593258709276004	25.031597943438623	25.252380350111153	25.122678113511526	8.488366269609187E-5
121.0	27.03307001594165	23.40299105467868	23.662573447895923	25.900431731867858	9.337496158893625E-4
122.0	26.847276632047162	23.241047667958355	25.051250164467405	24.859661557920113	7.639776069674757E-4
123.0	25.36271989840787	26.568702017921233	24.034925690381684	24.03263375561524	0.0010186376739748262
124.0	24.616162962346746	25.75237322363691	22.31539023750487	27.315903802845238	1.6977366623685634E-4
125.0	26.545683579342843	23.168892197499133	25.368250300703437	24.91615530812659	0.0010186143279989066
126.0	23.994424599671316	23.309383785839433	26.405904084099586	26.29020264305214	8.488733752563597E-5
127.0	24.067572454233847	23.297064480915136	27.58846368672404	25.04579586334752	0.001103514779458327
128.0	26.787788032516353	21.775954335852877	26.15679902749764	25.27122425279628	0.008234351336851183
129.0	23.280998646004438	27.974312284856893	23.454938263744754	25.28720410528058	0.002546700113328155
130.0	27.176440525298386	24.060611874650338	24.21427243422946	24.548590270485033	8.48953367840458E-5
131.0	25.5074744830174	23.715449245760187	25.28556184053361	25.490495703944426	0.0010187267443785386
132.0	24.808502871501883	28.25311663009198	21.925625342224446	25.006388189701646	0.006366966480043805
133.0	27.34936077013192	25.06502657090952	23.958810845684987	23.625273773748283	0.0015280395252890544
134.0	27.518862606876787	22.98046166697227	21.710843537137773	27.7897472987932	8.489021996753798E-5
135.0	25.931547444722597	24.37732011446393	26.628313948997167	23.062054493456355	7.639983599501873E-4
136.0	25.898770003675814	28.852068514420132	22.53994368282411	22.702935810813678	0.0062819882662646185
137.0	29.871483714111324	19.990356397333407	23.800683031928305	26.3369675114157	5.0934521126366E-4
138.0	24.784915795648146	23.60828741616279	27.705731702244517	23.899961545872888	0.0011035400716621945
139.0	26.385375460518496	24.889136007877624	24.175565779867913	24.548904093309112	0.0010186584268518362
140.0	27.09458461444431	21.830979937420096	25.47159880952179	25.602497084075402	3.3955453840107166E-4
141.0	24.840447477126137	25.698015759154213	25.018803343344803	24.44239385661241	3.3956376243440053E-4
142.0	28.361693385446557	22.843453191482137	23.71734575719811	25.07699830552792	5.093603452783994E-4
143.0	26.044144488305953	25.387919690988582	25.18791120166391	23.379515259561103	5.093594804533299E-4
144.0	29.479545508569256	23.913095153200693	22.108491831446976	24.498188350431093	6.79156351979571E-4
145.0	28.203761180649412	23.339966449562283	21.316667911790873	27.138331035513207	0.0012734224842265401
146.0	27.18115591988923	23.570636011474473	23.54813870902838	25.69531521267591	0.004754146932004663
147.0	27.379600152807843	24.423702194490428	26.194235748546202	21.99932085402606	0.0031410501294622016
148.0	24.565403974589387	23.62723516532774	23.406509538318392	28.400341954932923	5.093668315600293E-4
149.0	27.372579115683738	26.616929572036298	23.081735964962174	22.926887659422018	0.0018676878957694322
150.0	24.18813693429368	26.38533739477107	22.59055885519073	26.83588191947079	8.489627373275332E-5
151.0	24.91272396321502	25.387223739082003	25.731064156376927	23.968224051509843	7.640898162109295E-4
152.0	27.555244631753396	24.064738184423852	22.9949942777191	25.38468330486343	3.396012402237293E-4
153.0	26.687959845208443	23.608769257676325	23.273325284715607	26.42909660209094	8.49010308683168E-4
154.0	23.223908475367733	24.54023305669348	24.78865705856133	27.444824146201686	0.002377263175768896
155.0	26.287804103481154	23.25574878808644	26.874209783108014	23.581982587844095	2.5473748028968747E-4
156.0	26.84523410228171	22.943373732347546	26.026413194199726	24.184554403656715	4.245675143015567E-4
157.0	23.602513480236063	23.378847705175563	26.915976733324843	26.102407336645012	2.547446185199338E-4
158.0	24.878400456507784	22.39546005726727	26.781025715925804	25.945113770299145	0.0
159.0	27.225944513795124	21.68870319890624	24.050815648910064	27.033857284793516	6.793535950543059E-4
160.0	25.076364562766702	21.503343736067766	28.072521920047556	25.347599940555803	1.698405621722608E-4
161.0	25.25304335641769	20.500439466186577	28.922564784109582	25.3197912641765	0.004161129109645752
162.0	26.64593440804788	21.916635599416757	24.899006668914264	26.538338401753464	8.492186763568179E-5
163.0	25.247386013900496	22.955349924247056	29.99859024791255	21.79850396429081	1.6984964909062496E-4
164.0	25.321151406136146	25.937126852045296	24.063637490849114	24.676555565180614	0.001528685788827345
165.0	26.610618326601195	21.867515516766943	27.85017614545504	23.67092563842111	7.643727557166589E-4
166.0	24.727830200698154	22.680420251573395	25.306398049923985	27.285096696931348	2.548008731176586E-4
167.0	26.696717280461918	24.058327748743576	26.010598404718404	23.233846945717787	5.09620358314074E-4
168.0	25.006306937631393	26.203138603979532	22.912148818245527	25.878065872459704	3.3976768384617016E-4
169.0	26.25994492174028	22.155323410638836	25.001061810990848	26.58333007711296	3.397795170713724E-4
170.0	31.49693853974122	21.76134201370012	22.748671441774494	23.992708220071762	3.3978471240621945E-4
171.0	26.48392012817006	23.387298183974327	26.188979481577253	23.939122619535063	6.795867433013984E-4
172.0	26.053070613579067	25.450381575638957	24.272271037627505	24.22402193635196	2.548368025116715E-4
173.0	28.541297690795037	20.042641930948953	24.489719642045625	26.924811742670386	0.0015289935400022933
174.0	24.266967476366872	26.773875425031022	23.16917062994206	25.789476813670987	5.096549890551591E-4
175.0	24.43042039307364	26.131513850001358	22.048634707913124	27.387392285318185	0.0020387636936961425
176.0	23.03258439184184	25.02361680293052	29.24100012912784	22.70152438817189	0.0012742879279058863
177.0	22.668695550219965	24.911427508194546	24.68305066601416	27.71346182929171	0.023364446279615498
178.0	23.442871815085745	22.403667838705484	26.226032174291998	27.926833515836115	5.946560806557527E-4
179.0	24.860513426140297	25.10053143811146	23.31836583842752	26.71965471391127	9.345834094452398E-4
180.0	27.981448178915485	20.929263927308543	25.89488041091225	25.19423678152875	1.7070133496979012E-4
181.0	28.28925752773918	22.67613780263257	25.318974899550284	23.714859712648792	7.700574291718288E-4
182.0	26.461595320020464	23.54524875651684	24.881554700426214	25.111430121123046	1.7110191343269792E-4
183.0	21.7952600699132	24.13562407710642	26.644440223872806	27.424162316340972	5.133127666018182E-4
184.0	25.261662973641208	21.651252919486343	27.531547563030962	25.551857777169403	0.003678766672085005
185.0	24.452752979054452	26.437990931322865	24.33676423920026	24.77146540139717	0.0010264490252583443
186.0	25.744437515664604	23.81464401896604	24.666798399024152	25.77412006634521	0.0
187.0	23.983574265779264	21.217400530867135	27.79813357931432	27.000035938780854	8.55685258425505E-4
188.0	29.5644219603964	26.545162673247585	22.669431154915454	21.2202140795512	7.701318893645643E-4
189.0	24.048208689818292	24.31049148286904	25.45264105508709	26.18703287562918	0.0016258965963994092
190.0	30.399607726017503	20.720264322835327	24.894422332917728	23.98544889441891	2.567238105344048E-4
191.0	25.754730385569435	23.695581093179992	25.239194109722007	25.310237627728544	2.5678380002362413E-4
192.0	27.56008703825129	23.24095933820798	23.980972794554457	25.21798082898627	0.0
193.0	26.438254720413674	25.42623912196667	23.049145381464218	25.085932717785397	4.2805837003933857E-4
194.0	26.753998823661355	22.770885361775502	25.411996770633653	25.063119043929483	0.0
195.0	25.567732256440294	20.589842131042538	26.049148658507765	27.792677538354038	5.994156553668252E-4
196.0	28.02937671155778	22.768498142688603	27.67157681999761	21.53037647182154	1.7185393446693915E-4
197.0	25.656035058437894	24.421529758676733	23.714465215295007	26.207540245611895	4.297219784743667E-4
198.0	27.517951979263344	21.78882974552267	25.070381754774196	25.622750347492413	8.61729473819366E-5
199.0	24.36796929422232	23.48376428556649	25.861186021008493	26.28656311858141	5.172806212885116E-4
200.0	27.23635065647212	22.76873626961053	23.20009035760228	26.794736497228914	8.62190861466621E-5
201.0	24.454776146300116	20.2204262459334	31.54171621026201	23.782822721734714	2.5867576975442186E-4
202.0	24.369724710516603	26.384122133191685	29.805234673850435	19.440918482441283	0.0
203.0	25.319780455805212	23.997529567130822	23.44841030577645	27.23384838063298	4.3129065453532316E-4
204.0	24.484065399881125	24.02702882228972	23.834397135283	27.654422376676468	8.626586968505194E-5
205.0	27.56331620056212	23.744502588894584	25.636440179367863	23.054878353873683	8.626773017524426E-4
206.0	24.009211182492887	21.212293770804106	25.81141406663871	28.966908421381397	1.725586828940852E-4
207.0	26.395106814078957	23.73010503643311	26.74614872164828	23.12812166691404	5.177609256184654E-4
208.0	27.97655781355866	22.709574959325735	21.299936561093393	28.01393066602221	0.0
209.0	27.004848099779693	19.59647511377841	25.51718243910524	27.880544755143337	9.495921933162523E-4
210.0	24.351185044037134	25.347621839242223	25.509334525960803	24.79134055759363	5.18033166210078E-4
211.0	25.81202604286762	27.024786322571952	25.027181962403827	22.135142067314543	8.636048420596284E-4
212.0	28.09593371061109	21.447557902575262	26.361210479348923	24.094693203385305	6.047040794201061E-4
213.0	28.757441666068768	21.171026710038028	23.659981449321464	26.411204402371652	3.45772200087999E-4
214.0	29.56819166798587	25.35227106597843	24.54906967912602	20.530467586909676	0.0
215.0	24.386136349460465	23.987636096499436	24.272996929815445	27.352884102265563	3.46521959096548E-4
216.0	24.98326362026684	23.361713805284676	27.1749864972811	24.480036077167384	0.0
217.0	29.46134192382155	22.87199902934986	25.55421133796737	22.111744339192988	7.033696682381117E-4
218.0	24.529141936788477	24.367015634367938	27.56510772352676	23.538468633704532	2.6607161228754184E-4
219.0	26.08695652173913	23.83734668591806	23.36744256253184	26.707535447213054	7.187825979139132E-4
220.0	28.415976146600226	22.212215120990667	22.447753004687293	26.92342401692263	6.317107991863565E-4
221.0	24.743547621655168	22.208410907896177	24.592505384587305	28.455262293286605	2.737925747453729E-4
222.0	26.080009599675087	21.392322106021027	24.58089110830095	27.94659257686663	1.846091363061558E-4
223.0	27.986477379685994	22.361427486712223	25.705509855138654	23.945935509502405	6.497689607223945E-4
224.0	30.474104607424806	21.098593538603353	24.640579236110078	23.78662969625786	9.292160390122062E-5
225.0	29.66762113982207	19.89026203975924	25.423747802486606	25.017342033447953	0.0010269844841316893
226.0	24.43592038447674	21.93440574166138	26.71268771346477	26.91689104938829	9.511100881393719E-5
227.0	28.247678944930506	22.45043572828048	27.26603160720297	22.034127493318064	0.00172622626798512
228.0	26.581133007444883	26.92226431695112	24.25071221772976	22.24569751030099	1.9294757325013435E-4
229.0	28.073441406690492	25.043842423912494	22.20108410357311	24.68163206582391	0.0
230.0	26.47674515513852	20.366312218414638	28.91699635746817	24.239946268978667	0.0
231.0	23.786048656288532	25.778911598720946	25.267689778570784	25.165645893685912	0.0017040727338338629
232.0	25.291999560121592	24.635914861332367	24.043188795610902	26.028493224762734	4.035581724061047E-4
233.0	22.903840636143787	24.50598434233717	23.347747673894332	29.24222240439398	2.0494323072508915E-4
234.0	26.12923430241662	20.853698000939506	28.325173547679945	24.69053708439898	0.0013570645649564172
235.0	26.917035856439668	21.908740913936555	27.155581161123738	24.018431803797803	2.1026470223364191E-4
236.0	26.928693633796065	25.993601891167913	23.819679537828712	23.257810810405708	2.1412680160937705E-4
237.0	29.03066485282777	23.597163132857922	23.11377362250778	24.25807346047535	3.2493133117867756E-4
238.0	26.777456631559794	21.25209758899203	27.08775183398604	24.88269394546214	0.0
239.0	27.187330677202183	24.277787852928512	26.074181047862655	22.459476569340712	0.001223852665940514
240.0	26.571568828915222	20.70724022193301	26.073589515263603	26.647373107747107	2.2832614105988995E-4
241.0	28.805324299488415	20.553025835150617	24.140618928099556	26.49840216153941	0.0026287757219989666
242.0	25.83237026660818	25.10620459316969	22.5254530231514	26.53482674534607	0.0011453717246663819
243.0	25.86323900618327	25.087292544081873	24.27191254926326	24.774804723770398	0.0027511767012015765
244.0	27.3561973982271	20.959683898039188	25.448253589534065	26.234945678595196	9.194356044542059E-4
245.0	25.63983494672411	23.5804715379891	24.660623316944	26.116765628726924	0.0023045696158628137
246.0	25.602261198947886	26.715202269508787	23.73058585504182	23.94906531647206	0.002885360029453755
247.0	26.00003004394505	22.873610900867693	26.29180297180838	24.698780562491983	0.13577552088689726
248.0	26.80307550297336	21.327481842294297	23.782748357738324	28.07628376338476	0.010410533609251031
249.0	24.71074725366526	19.931405445794987	31.42064519722095	23.920494363458317	0.016707739860490373
250.0	24.650108875695594	22.692789078930225	24.142371256816364	28.513567586681805	0.0011632018760119856
