# Position (bp)	A	C	G	T	N
0.0	25.01932796197024	22.854276750857778	24.062833447277793	28.06356183989419	0.0
1.0	23.093230462441188	29.708907655110682	24.178057536768804	22.940485026487558	0.07931931919177117
2.0	24.258894457046434	26.59424005231987	21.781796304909275	27.363958023464573	0.0011111622598500566
3.0	26.633677337726276	21.992709791678887	23.483254559551238	27.881955069612136	0.008403241431468395
4.0	26.415130206394444	23.16690085177904	23.779636825622124	26.638173704628944	1.5841157545064133E-4
5.0	28.65700871303919	23.200760571757602	22.305886521681355	25.835869627117358	4.7456640449509296E-4
6.0	25.860146442853804	23.877355689349095	23.77990611989614	26.475326463954712	0.007265283946249534
7.0	26.29794544838402	24.304707263829016	23.67817541315638	25.7188566384793	3.15236151281829E-4
8.0	27.924656024684364	24.036081987342968	23.769087875066905	24.270174112905764	0.0
9.0	26.80719104231763	24.83386667840235	22.06445407050214	26.29433103439604	1.5717438183315624E-4
10.0	24.62683169234006	24.53875031205302	22.963490974406156	27.870927021200764	0.0
11.0	27.706282542264958	22.175658918979853	22.86298811493265	27.254918090224145	1.5233359839379455E-4
12.0	28.806035928576044	23.871911001340216	19.951595847892435	27.370457222191302	0.0
13.0	25.75384153152577	22.5573124822444	24.773657899551257	26.91503934864641	1.4873803216608684E-4
14.0	26.79133507433118	21.322068399710716	23.143340683231187	28.743108550184775	1.47292542136714E-4
15.0	25.579050007774434	23.232914773313492	24.642194395723045	26.54584082318903	0.0
16.0	26.77060191017155	24.563826985181283	21.262253498545615	27.40317445775406	1.4314834749547652E-4
17.0	28.59539607502069	26.472568631026693	18.861363221905815	26.069690125829393	9.819462174028926E-4
18.0	26.07066083024248	25.294884218264446	19.442031164723048	29.19242378677003	0.0
19.0	25.402136878262233	24.384272287784377	21.587430910327875	28.62560568208428	5.542415412348779E-4
20.0	23.487807830277955	25.262302207354914	23.55080437509628	27.699085587270844	0.0
21.0	23.852090313342043	24.143542683493386	23.51049119220826	28.493602531659405	2.732792969070249E-4
22.0	23.846432000736744	26.196161070880557	25.253289959275875	24.704116969106817	0.0
23.0	25.788360216140465	23.089703682742453	23.26582312595168	27.85570872242659	4.042527388123055E-4
24.0	29.603979189725326	20.749052255604923	23.46275591772135	26.184212636948395	0.0
25.0	25.719674409370658	23.809145655482762	19.662100456621005	30.808682416782478	3.970617431010522E-4
26.0	26.639127378422994	24.57328583727598	19.92846630386419	28.85912048043684	0.0
27.0	25.65871707071131	23.762657031217177	20.09526910634007	30.48322549472711	1.3129700432754925E-4
28.0	27.392931955213264	23.322935452957935	22.684759585315714	26.59586225907496	0.0035107474381295776
29.0	28.655306500014195	23.139157741005747	21.500672166129537	26.704218519789553	6.450730609748861E-4
30.0	24.540454127394444	23.722046160822483	23.86474556209986	27.87249795686225	2.561928209647709E-4
31.0	27.112233799056146	24.317131858168977	21.404844758355022	27.16515201554648	6.375688733775465E-4
32.0	24.513360344327058	22.432125411791436	23.927322756131115	29.12693904855668	2.5243919370921525E-4
33.0	23.747203117749837	24.827934678338217	24.47861362189529	26.945998441625363	2.501403912946141E-4
34.0	27.258583597803508	25.46283315178148	22.439312468517915	24.839146714573197	1.240673238926371E-4
35.0	25.832326036941446	21.473796562608747	25.689931421868025	27.003577080615273	3.6889796651144263E-4
36.0	24.74929290893945	24.0568228451231	25.179690821208556	26.014070559210122	1.228655187750799E-4
37.0	26.21202537475666	24.43738907755513	20.69725311504001	28.6533324326482	0.0
38.0	27.516629357800422	24.487673338875428	21.04109541942083	26.954356296193517	2.4558770980865035E-4
39.0	23.480118344648098	27.377389297420724	20.97941245074088	28.162834378874745	2.4552831555299114E-4
40.0	26.488877759692837	26.09129541387107	22.23834319003675	25.181483636399342	0.0
41.0	24.68174833448704	24.268622570462124	21.04155313685926	30.00378023574925	0.0042957224423268575
42.0	25.261823474404256	25.379389393541484	19.49998895518505	29.85879817686921	0.0
43.0	26.440359767844214	25.004355988563997	22.37567027007129	26.17691448764985	0.0026994858706455454
44.0	29.54407153127776	23.752643899279093	22.40848795952319	24.29442854969549	3.680602244676622E-4
45.0	25.884487339582783	24.457507071728052	21.443834655270123	28.210490936166764	0.0036799972522687185
46.0	26.10470928057598	24.057009340062923	21.66085084722895	28.177430532132146	0.0
47.0	25.891741343808366	23.40976626167067	22.90216200902871	27.79547191007102	8.584754212354932E-4
48.0	22.660574415733603	23.304576176225755	22.875486863124188	31.15936254491646	0.0
49.0	22.29882464854687	25.3303683944709	24.222193891310635	28.147509794595443	0.0011032710761551248
50.0	27.712308382506883	24.290344169900642	20.163811046091162	27.833413825142372	1.2257635894280343E-4
51.0	25.586650784080156	26.35112281062957	20.420888542478565	27.63962215130615	0.0017157115055613564
52.0	22.743678335299037	25.74325746193788	21.763557260799562	29.74950694196352	0.0
53.0	23.644882403064628	24.67887601110414	22.75640477858864	28.91898226707066	8.545401719334826E-4
54.0	23.401374993286165	27.75926387078188	22.23719610744088	26.602165028491072	0.0
55.0	24.56209774236517	27.17879659370122	21.86175121940529	26.39650213928616	8.523052421642708E-4
56.0	27.02117687161788	25.03326576699963	23.709452590955852	24.236104770426643	0.0
57.0	23.520311031692316	27.442411907625342	22.863482990150015	26.16929024593317	0.004503824599159611
58.0	25.690485348029934	25.12548746585913	21.273229178330954	27.910554579136214	2.4342864376165413E-4
59.0	28.73828306603349	21.10411184971169	24.196457475835913	25.958470147528097	0.002677460890815579
60.0	24.273395003815924	22.065750521347287	23.516165411706375	30.144689063130414	0.0
61.0	25.65738871992525	23.331968393336012	22.89733423573283	28.10723325042437	0.006075400581537344
62.0	25.62214926722347	21.022582299151676	24.95364711542901	28.40149981653249	1.2150166335777137E-4
63.0	26.925343250470483	23.720700241894235	22.14128032638105	27.210610785980098	0.0020653952741326253
64.0	26.358776755144774	21.12252103164878	22.683364190266357	29.83521669817066	1.2132476942227571E-4
65.0	24.914746155236607	25.59204564341025	23.10752235525044	26.38083326155552	0.0048525845471871385
66.0	24.164091888934582	23.200779287262705	23.314202947074218	29.320319333093142	6.065436353556711E-4
67.0	27.06345730918107	23.767772425613884	22.000992259646935	27.167292793016824	4.8521254128855467E-4
68.0	24.236535898005055	21.745733128101374	26.7176350291655	27.299974649243786	1.2129548429041536E-4
69.0	23.433059749735897	23.730819938167762	25.081474707364197	27.752462434307795	0.002183170424347687
70.0	26.655311463065928	23.057358305096646	24.115522853860465	26.171686320369275	1.2105760768376848E-4
71.0	24.53039474240056	22.360609041477826	25.760064694061064	27.348086636934752	8.448851257973603E-4
72.0	28.2639125198802	25.342518649377226	21.721727881995477	24.670030915370077	0.0018100333770154722
73.0	25.976084659148484	21.965343023003314	22.5121965343023	29.543239187187243	0.0031365963586529044
74.0	24.961132412733374	25.205735878914048	23.037352686115135	26.794814117045412	9.649051920342253E-4
75.0	25.870118154441375	24.098344245865437	22.03061137114388	27.999358393765323	0.0015678347839825175
76.0	26.962885784882985	23.106996554722272	25.447904193060968	24.48148992283398	7.235444997955987E-4
77.0	25.17109991077242	24.32669351532544	23.55089589311983	26.950346058311432	9.646224708804592E-4
78.0	28.16678442162222	25.556723727583353	19.863974941102427	26.411552363980967	9.645457110269277E-4
79.0	27.557838137605938	19.854847071021254	22.58466249532834	30.000843912377782	0.0018083836666787226
80.0	24.43507421845806	22.936119328140332	28.222421520339257	24.40433569839123	0.002049234671121944
81.0	25.457490893574757	24.690285113676634	21.627850353288316	28.22377096406367	6.026753966206785E-4
82.0	22.667730454998498	22.46079791356077	23.620560200255746	31.250067792402188	8.436387827979641E-4
83.0	25.7569896593652	22.192296522312322	23.989284590996018	28.06046517793339	9.64049393070654E-4
84.0	23.657471278217233	25.083830856261557	24.30317671652941	26.95467771960793	8.434293838748351E-4
85.0	25.775802666640967	27.08081358088345	21.09339989495343	26.049381526259236	6.023312629200056E-4
86.0	25.782810977599908	24.409828148315867	22.54184887794785	27.262741943059755	0.00277005307662569
87.0	22.649322065121723	21.682838934328032	25.7109556828895	29.956281297521965	6.020201387776824E-4
88.0	25.33285181172505	26.389550981100278	25.576140604309614	22.700734320452632	7.222824124232575E-4
89.0	26.45846347537321	25.897694214050404	22.455444781860876	25.187434628073607	9.629006418936404E-4
90.0	24.31308977520396	24.69916274636522	24.576890259239335	26.41025548451075	6.017346807376305E-4
91.0	27.265168606924767	24.80028878260085	23.771500767078784	24.16268086514454	3.6097825106037363E-4
92.0	25.90537492104551	23.947664450927903	22.666947393749812	27.48001323427678	0.0
93.0	26.840728809032882	25.88316247109858	20.87542735608235	26.400440769228915	2.4059455726992544E-4
94.0	27.831505003849117	23.131134526558892	22.965983448806774	26.065964203233253	0.0054128175519630485
95.0	24.198708311785154	26.450383056514365	23.35225564361913	25.997330029946962	0.0013229581343884927
96.0	26.348212664486937	24.164352856718548	24.162308607132506	25.32440437180811	7.214998538962797E-4
97.0	26.41833121945648	24.62500225413408	23.149055367544076	25.80749093838099	1.2022048436833152E-4
98.0	28.91682122676039	22.13717243377155	23.281257700458333	25.664748639009726	0.0
99.0	22.436200917543637	21.441995044591465	27.230594721120088	28.89120931674481	0.0
100.0	22.465553634693727	24.646285775384108	24.563871592455857	28.324288997466308	0.0
101.0	24.51819948451008	20.463820822814153	28.671424419233105	26.346435168615166	1.2010482749343627E-4
102.0	25.701782294711943	23.54862140794679	24.325531416771216	26.424064880570047	0.0
103.0	26.334913169016026	24.987674402703355	25.121786497862963	23.55526605896374	3.5987145391666093E-4
104.0	25.707017949938777	26.419522702169175	22.721118132352466	25.15186149512064	4.7972041893984185E-4
105.0	27.495461053802998	22.692932195219058	20.365897823944053	29.44211134748541	0.0035975795484797825
106.0	26.149383941717865	22.58097005798478	25.231771245497665	26.037754852448163	1.1990235152491812E-4
107.0	26.6636453447664	23.500968741307705	22.681375228997016	27.153291322571672	7.193623572065721E-4
108.0	24.022899263370284	23.93351641241679	25.1367102318203	26.906754276238537	1.1981615409315946E-4
109.0	26.23894976190277	24.187134726993413	25.424138760936486	24.148699116220428	0.001077633946906173
110.0	25.337281449280912	23.214371205882916	22.879842586031902	28.568385070568187	1.1968823608265192E-4
111.0	25.18442733293845	23.1871675671148	24.907532054158516	26.720035419620796	8.376261674414708E-4
112.0	26.393352012652805	22.412551354170905	23.682138917668226	27.51171844156093	2.3927394713481412E-4
113.0	28.064811325833016	21.1285161460109	23.384830704634762	27.42112409012339	7.177333979293391E-4
114.0	26.236124401913873	21.933373205741628	27.37535885167464	24.454665071770336	4.7846889952153106E-4
115.0	27.57082623127299	22.192518166322778	26.508058969528424	23.727639723692473	9.569091833378188E-4
116.0	26.68987088170037	23.75382002380226	25.277643217252454	24.278546267889077	1.1960935584381412E-4
117.0	26.75683369255022	25.39547745545272	24.23745152964197	23.609519685962315	7.176363927767505E-4
118.0	27.387308512979498	23.88815531379472	24.908861268191863	23.815196486494244	4.7841853967524946E-4
119.0	27.62633535380597	20.22131112248657	24.84906256129591	27.302692953541886	5.980088696675549E-4
120.0	25.425078844546185	22.79453535835549	25.667981041429716	26.11228515832894	1.1959733967677622E-4
121.0	28.12079172397297	22.71219278837529	24.192788375291517	24.973389941996054	8.371703641691084E-4
122.0	26.505228714396427	23.581238817822598	24.928721093772424	24.98409380112707	7.17572881485663E-4
123.0	25.303441091945434	26.815952468370252	22.948267016201466	24.931143478692448	0.001195944790404696
124.0	25.753631074463186	24.21605266777089	22.3797365415548	27.65046012545071	1.195907604178501E-4
125.0	26.420922717781536	23.604071840819344	24.472901832376206	25.501027288317612	0.0010763207053009992
126.0	24.663294227388512	23.243760389385187	24.568578911491407	27.524246881689567	1.1959004532462717E-4
127.0	25.276486233090335	22.570341350477392	28.124581443851294	24.027873447754626	7.17524826358992E-4
128.0	26.20433408394313	22.417481753963422	25.135223371190698	26.23267628069059	0.010284510212159878
129.0	24.855540408026595	25.902035349549163	22.30979885676018	26.930233670565162	0.0023917150988974193
130.0	26.57716210673341	23.353658609502375	23.901113684822292	26.16806559894192	0.0
131.0	25.926497265740377	23.65693621814764	24.768099148451224	25.647869453901446	5.97913759311012E-4
132.0	26.12228449662367	25.514461359644038	22.183691015864625	26.172029612693613	0.007533515174054096
133.0	27.46804261781482	25.192700921951044	24.34070336135459	22.997476891434584	0.001076207444963947
134.0	27.367726243816342	22.078928393343354	21.077824692057774	29.47552067078253	0.0
135.0	26.296600988638076	22.980334855112147	26.55751152095774	24.165074339174126	4.78296117909559E-4
136.0	28.00962323734409	26.223919627793073	24.426737007493642	21.33206745353691	0.007652673832279696
137.0	29.370280692314594	20.254924819896573	24.276447553283713	26.09822736376409	1.195707410396676E-4
138.0	25.53214129856466	23.228537097150237	26.577831979291833	24.660533127686413	9.564973068622703E-4
139.0	26.8265708246052	22.91409605249314	25.2776263307412	24.981108974910807	5.978172496580485E-4
140.0	27.587996236120095	20.331049259240217	25.74599071464697	26.33448553333389	4.7825665882724296E-4
141.0	25.745785935822358	24.968614219133727	25.22161350413575	24.063866776028675	1.1956487949055797E-4
142.0	29.585585154718064	22.45348892821273	23.027165335501458	24.93352145009326	2.3913147448467167E-4
143.0	27.09052213733156	24.73355094037328	23.92720924949484	24.248598108492654	1.1956430766287648E-4
144.0	28.56362258086887	24.681414807605393	22.384779650722063	24.36910686144862	0.0010760993550577864
145.0	28.085008184441072	21.51880269219686	22.720941049306326	27.6744110968825	8.369771732411223E-4
146.0	27.689682714289816	21.236835560487073	24.81586524205351	26.251279377863657	0.0063371053059506615
147.0	26.37498101887113	23.68007920062844	26.451503365189744	23.491164658154354	0.002271757156333958
148.0	24.60010761045017	24.161893943922998	23.813594786871526	27.423805822921025	5.978358342799068E-4
149.0	28.054098456704136	23.762116970993404	24.256301661909756	23.926167635386637	0.0013152750060682007
150.0	25.63770827977497	23.335704848053666	25.300275613853636	25.72631125831774	0.0
151.0	26.38957479603148	23.452762887115693	25.59378964725971	24.563274784432508	5.978851606098907E-4
152.0	27.90795839641075	23.33541399110818	23.288180668058555	25.468207788356445	2.3915606607403792E-4
153.0	25.121642354139784	22.408261515815	24.674892946357787	27.79436612644587	8.370572415615661E-4
154.0	23.62841043890866	23.76616729805227	25.071748364137296	27.53164102858455	0.002032870317223434
155.0	28.03696288163123	23.148088345401526	24.054458773182535	24.76037039429147	1.1960549324109358E-4
156.0	26.46366858158497	22.93105696074597	26.067886903800776	24.537267946229193	1.1960763910069409E-4
157.0	25.450963646606695	22.44525700233122	26.499713531481035	25.60370698636314	3.5883321790864824E-4
158.0	25.75428095709713	20.738539857516734	26.25402498480912	27.253034587358314	1.1961321869602454E-4
159.0	27.272477161890112	20.851968856198557	24.459774184712074	27.415301324293385	4.784729058736138E-4
160.0	26.739292703583374	20.315871823458203	26.10613752613724	26.83845870435852	2.392424626662137E-4
161.0	24.664193700035767	19.65290745036024	28.7551152967859	26.92287908820022	0.004904464617876415
162.0	25.9183675910652	22.621706359222312	24.59690394477294	26.86290248299275	1.1962194679933537E-4
163.0	25.614192491042964	22.830004725247775	27.893197437599817	23.662605346109448	0.0
164.0	25.426683015820796	23.031970571522564	25.270568531865894	26.269103089391994	0.0016747913987498878
165.0	26.45955406469148	21.972925185367735	26.290755180606435	25.276047785277296	7.177840570590473E-4
166.0	25.3558213290616	22.722318793419653	25.459783247176937	26.46171772843807	3.589019037353314E-4
167.0	27.17397156205323	22.553433310801516	26.096751230775673	24.175484982443127	3.589139264585365E-4
168.0	25.751640868206522	23.808560989091188	23.60074559902756	26.838932903265945	1.1964040878734875E-4
169.0	27.10434568291183	21.37355261552156	25.955530988803783	25.566211782947963	3.589298148640015E-4
170.0	31.181659705264064	22.586530972159576	22.778443142430177	23.453246534154744	1.1964599144052578E-4
171.0	25.594367107160167	22.61496401672639	26.729919060067836	25.060031945250387	7.178707952213734E-4
172.0	27.04607091458739	23.694860791930203	24.6745152271724	24.584433435776948	1.1963053306169226E-4
173.0	28.282917702454068	19.449515383087814	23.43375785663187	28.832732397196853	0.0010766606293918781
174.0	24.714196160251134	24.8010499014222	24.06769806481251	26.41621844074804	8.374327661122064E-4
175.0	24.83436102477227	24.02405204736712	23.298087943588232	27.842182964967567	0.0013160193048068205
176.0	24.75062843906624	23.721316437764493	28.017674063562975	23.5088256654395	0.001555394166793292
177.0	23.3165333677948	25.246136247241886	24.204275136529635	27.211277515328174	0.02177773310550474
178.0	25.024020599683393	22.461384567706983	24.075760313302805	28.438355902127572	4.786171792457233E-4
179.0	29.179077417957405	22.851179883992135	22.730672436344662	25.237634224593812	0.001436037111985764
180.0	27.074980469148457	21.21536498991356	25.80076491335022	25.90864961712331	2.4001046445625026E-4
181.0	28.52658622293981	21.54945341625361	25.883652739891538	24.03946607550105	8.415454139982664E-4
182.0	26.999842539181902	22.045716524851763	25.05562213250027	25.898698604368274	1.2019909778557202E-4
183.0	23.620481790131247	24.480160204053423	26.14783055007639	25.7511668523774	3.606033615445363E-4
184.0	27.04935275372667	21.378179584545904	25.67889035940229	25.888769084118575	0.00480821820655865
185.0	25.015084315917257	23.105445978918016	24.96941069003233	26.90957824012308	4.807750093150158E-4
186.0	27.45754440288102	22.371407141002585	25.61375503649354	24.55729341962285	0.0
187.0	25.062318776036367	22.00662246075813	27.948541722586057	24.981674488360138	8.425522593038834E-4
188.0	28.356753711670546	26.809732798239676	21.761090474000852	23.07206190009606	3.61115992864348E-4
189.0	25.26480009533887	22.583274047484053	24.8620174523095	27.288704631278133	0.0012037735894482023
190.0	30.423696676758983	20.41725605388454	25.133477394617564	24.025329103790334	2.4077094857734464E-4
191.0	26.972398536441283	23.17220926237364	24.492064353183	25.36296617780912	3.6167019295104796E-4
192.0	27.474681712962962	22.34350887345679	24.626374421296298	25.555314429012345	1.2056327160493826E-4
193.0	27.485223581499994	23.482749390495343	22.298586142118882	26.733199736665053	2.4114922072629322E-4
194.0	28.704514268212982	21.940587899089138	24.177223432039995	25.177674400657885	0.0
195.0	26.490029486429613	20.22334915188828	25.23616278438727	28.049493786141984	9.647911528651282E-4
196.0	29.297929140027275	21.135031483648813	26.495715128594505	23.071203342780038	1.209049493650072E-4
197.0	25.632179321136572	23.257765668892944	24.083701255591393	27.025265405875388	0.0010883485037021987
198.0	28.238514965357354	21.99144628965544	23.876340834695732	25.893576718589234	1.2119170224653058E-4
199.0	26.22782462180161	22.218472542226387	25.56368615664005	25.989288324224844	7.283551071046186E-4
200.0	28.169065381416893	23.389563011029434	23.40413133342641	25.037240274127264	0.0
201.0	25.47726003448025	20.50287740086929	28.584124517397957	25.43537381929437	3.6422795813806667E-4
202.0	25.861673310255817	24.51454041459396	27.950548870144644	21.67323740500558	0.0
203.0	27.177760018266927	22.998957910768983	22.20718871531531	27.614757343814144	0.0013360118346357425
204.0	26.032558919205194	22.49145455914757	24.797326679996015	26.678538371276627	1.2147037459034115E-4
205.0	27.59691787020604	23.684610123700644	25.30524285195403	23.412014378089328	0.0012147760499613093
206.0	25.61098132402268	20.744512192899652	25.6696588563591	27.97460465557017	2.4297114839098432E-4
207.0	26.4971866050567	23.005563608484287	26.792195152771413	23.704811628294088	2.4300539350470885E-4
208.0	28.4189023493656	21.72856339082492	21.642769560932454	28.209764698877027	0.0
209.0	27.23466318252256	20.169791255203428	24.69168363161253	27.902646531554797	0.0012153991066816566
210.0	25.40457224682402	23.418937858821213	24.314934863655534	26.861068802505052	4.862281941849539E-4
211.0	26.036818736656798	24.913071599822985	25.295191826055664	23.753945212008034	9.726254565260736E-4
212.0	28.871147825706217	21.550040257942733	24.64077995811228	24.937667082624866	3.6487561390322043E-4
213.0	29.93004406165468	22.323719918277252	23.178304289470834	24.567323312278003	6.084183192322247E-4
214.0	28.527017186666637	24.159480186747004	24.18687851459661	23.126624111989752	0.0
215.0	25.995583049647987	24.02869797576778	23.331625120490013	26.643361762875656	7.320912185658333E-4
216.0	27.024132250939953	23.349263918332976	25.906529077626516	23.71970541959979	3.6933350076452035E-4
217.0	29.929304469609853	22.029491411466843	25.633859425181697	22.40622825265806	0.0011164410835432864
218.0	24.95504075428912	23.37192465618848	25.876752221681308	25.79603207280582	2.5029503527282783E-4
219.0	26.501001173091705	22.35371748715667	24.53152178309939	26.61262185995712	0.0011376966951175114
220.0	27.870236050984676	21.024135607159582	24.920074677347912	26.18517291664287	3.8074786495634723E-4
221.0	25.46179152224028	22.039413540429372	24.091152602487863	28.407386618626113	2.5571621637171933E-4
222.0	26.23301281142642	23.13182805730736	24.281918389332315	26.353111880272053	1.288616618515359E-4
223.0	31.219250752551652	21.65748688075471	23.8538709904022	23.268480769280803	9.106070106332881E-4
224.0	31.137594149679735	21.745185587014127	24.323087274927495	22.793741784723238	3.912036554069561E-4
225.0	30.9390461657057	19.099759561809922	24.101896498831895	25.857986769344528	0.001311004307960156
226.0	26.48657534827731	21.56707553123227	25.480190485281405	26.46602605915013	1.325760588849823E-4
227.0	27.975609006439857	22.030337734812758	25.954652422996382	24.037663585497434	0.0017372502535717197
228.0	27.790218902598756	27.17468548284177	23.086533359305207	21.948024906131824	5.373491224417144E-4
229.0	26.90785984130936	25.44029616479579	22.1783970729912	25.473446920903648	0.0
230.0	26.820423082269627	21.878603027156093	27.183076709214752	24.11789718135952	0.0
231.0	25.30828177485326	24.21751815755168	24.733861678426827	25.738131203399067	0.0022071857691697535
232.0	25.05553537208006	24.530826638120146	24.726205762366845	25.686738901938817	6.933254941330797E-4
233.0	22.99592610349884	24.96796678078063	22.646995326093965	29.388551033053794	5.607565727679786E-4
234.0	27.32166910146116	20.857503296227634	27.125604071090304	24.69479637429199	4.271569289125439E-4
235.0	26.081144087308893	20.765075290108676	28.44115513906797	24.712481580401548	1.439031129121385E-4
236.0	28.72218258119965	22.931869485216332	24.571548640993875	23.77410745684114	2.918357490037457E-4
237.0	28.141552296428824	23.83339414769651	22.790525906918713	25.234380517432143	1.4713152381176582E-4
238.0	26.905653355167665	22.082399791581373	24.86225762030593	26.14968923294503	0.0
239.0	27.881921577433204	22.892915324786493	24.714908546188056	24.508898229094925	0.0013563224973212632
240.0	25.654761442903812	21.546877303517252	26.51494812964098	26.28341312393796	0.0
241.0	29.550318204070216	21.23924749982516	23.562176065148304	25.645927065606767	0.002331165349558244
242.0	26.666614772665355	23.618828181556353	20.695431511594418	29.018814170176	3.113640078775094E-4
243.0	27.506126954233366	22.743160572971558	24.801692473668126	24.946525564833465	0.002494434293482667
244.0	26.431442761818612	22.386735221561356	25.89790820080897	25.283288885139303	6.249306717536023E-4
245.0	28.266684614264896	21.014967983884727	24.180736488041106	26.536202236041177	0.0014086777680909443
246.0	24.50995148903878	26.071897822807994	23.374475144012017	26.041950849333794	0.0017246948074143061
247.0	25.98209095907627	22.050742282617232	26.079805199905742	25.758542141230066	0.12881941717068573
248.0	26.23935454952936	22.1887753898417	24.105467613453175	27.45570784873434	0.01069459844141955
249.0	24.339009378339682	21.120601880719388	29.87350843987428	24.652673087274916	0.014207213791731716
250.0	27.874320234043598	21.759472420924055	23.887256553996004	26.478476121762164	4.746692741832128E-4
