# Position (bp)	A	C	G	T	N
0.0	22.903941169355214	24.579225040863232	25.617197604344682	26.89957415396831	6.203146856400252E-5
1.0	22.45900482820334	30.128681953708163	23.61277338881456	23.720637506018235	0.07890232325570169
2.0	24.5657906421439	26.97716037810317	23.272227868334845	25.18408108694794	7.400244701424794E-4
3.0	25.61374170165517	22.09131229381224	25.181248051344678	27.106118993366252	0.007578959821654136
4.0	25.594048036136396	23.82053964455944	23.889317510524492	26.695910087564013	1.8472121566263502E-4
5.0	27.76556069049132	24.411462751348203	22.810597145938047	25.011518235720004	8.611765024300555E-4
6.0	25.438275486044937	24.102450118379817	24.20885687339745	26.245259895275613	0.005157626902181922
7.0	25.003492878205176	26.034382177251924	23.926215705451096	25.035173896311765	7.353427800369142E-4
8.0	27.428188855057044	24.588576250045858	23.69859495946293	24.28457879354831	6.114188586032748E-5
9.0	25.690523950551885	25.874761312228927	22.610727020523637	25.823743612870864	2.4410382467975105E-4
10.0	24.223376772244787	24.658904041934516	23.791020077666897	27.3266381355555	6.0972598304595935E-5
11.0	26.57778505018352	22.796480678813676	23.517096301039928	27.10834367296776	2.9429699510996116E-4
12.0	27.356415761885305	25.13933198304314	20.318853933951686	27.18539832111987	0.0
13.0	24.694332703703516	23.56042819394425	24.979635499705164	26.765546519254514	5.7083392557353115E-5
14.0	25.992169324818526	22.42697929223958	23.72912224040308	27.8516727580689	5.638446991268301E-5
15.0	24.834761315103655	23.736042912293247	24.55902525439835	26.870170518204752	0.0
16.0	26.00824583200838	25.284358817172226	21.807471952041734	26.899868761671854	5.463710580694088E-5
17.0	27.945337185568768	26.98628884386415	19.671052033519366	25.39614551867484	0.001176418372874359
18.0	25.45771573410419	25.88237039423211	20.02621573622349	28.633486205478814	2.11929961386361E-4
19.0	24.705541386505914	25.3850409965643	21.658305756381342	28.250479522795775	6.32337752671627E-4
20.0	21.99375801276191	26.264096453017395	24.380947206412927	27.361146084861353	5.2242946418589297E-5
21.0	23.3201402673087	25.423008838541666	23.732581340672073	27.524113954481074	1.555989964902053E-4
22.0	21.94421627615664	26.690299197075795	26.411945294371314	24.953436556666738	1.0267572951105817E-4
23.0	24.388536487799303	24.77095629954365	23.667066689525114	27.172981313217896	4.5920991403590407E-4
24.0	27.18053168585698	21.830644130865487	24.959054663980577	26.02966851322599	1.0100607096989565E-4
25.0	24.490393738258987	25.944105023529517	19.865821263645568	29.699480021155072	1.9995341085527073E-4
26.0	25.48191933240612	25.587124975163917	20.278412477647525	28.652543214782433	0.0
27.0	25.452793595672325	25.114049840610114	20.691011500345528	28.741996448094874	1.4861527715510727E-4
28.0	27.65581287864471	24.395808628913255	22.529598792057897	25.41657649859338	0.0022032017907624157
29.0	27.018814168352982	24.213624666970542	22.57579232704001	26.191478510466776	2.9032716968752087E-4
30.0	23.176780556425687	25.823953554963225	25.590700230803083	25.40842152599081	1.441318171947336E-4
31.0	25.904198702383358	24.86640145128303	22.72977971460456	26.499047106053204	5.730256758479705E-4
32.0	23.846492106250956	23.23270477761984	25.08732044223739	27.833151331923712	3.3134196810502217E-4
33.0	23.217230413306055	24.99887693658248	26.01286281967532	25.77084265319989	1.8717723625323582E-4
34.0	25.807082572226193	26.94196458574837	22.895369764814998	24.355583077210447	0.0
35.0	24.858020365501023	22.39581781690299	26.36441844380879	26.381605874342924	1.374994442730794E-4
36.0	23.34994677136872	25.20926292654449	26.211060108288788	25.22959282958825	1.373642097551483E-4
37.0	24.884142978435147	25.7423431381748	21.626003235986737	27.747464876728127	4.577067518611501E-5
38.0	26.0080928383917	25.942063403815062	21.653078696744608	26.39671930260471	4.575844392005267E-5
39.0	23.425611108467866	27.52042213056256	21.942353229661133	27.111430537306987	1.8299400145663225E-4
40.0	25.524552453415676	26.444460403156718	23.86395187624903	24.16698952564659	4.574153198453753E-5
41.0	23.93459522896975	24.57709909140221	22.22579473721281	29.257800101168748	0.0047108412464794466
42.0	24.175582950248693	26.346223148251468	20.991239511285826	28.48695439021401	0.0
43.0	25.607594074251566	26.264882619533093	23.138303588290622	24.985744420203734	0.003475297720982064
44.0	28.70679076130193	25.184669715995444	22.904211329091584	23.20423675032508	9.1443285959615E-5
45.0	25.616278107653073	24.27206612764094	22.328364404187926	27.779588549078483	0.003702811439584517
46.0	24.762947821094627	24.838369358926073	22.742381967578794	27.656300852400506	0.0
47.0	24.922118380062305	25.36897788600763	23.35881853948196	26.348531218463428	0.001553975984672312
48.0	22.7166043085791	24.210776884757777	23.066354822924808	30.006263983738314	0.0
49.0	22.15930843360504	26.156547211686675	24.980423832031455	26.702258591813372	0.0014619308634620533
50.0	26.766981385481515	25.14906050312374	20.574460814857993	27.509405932452708	9.13640840476482E-5
51.0	23.850874484562922	27.76084267681981	21.77473869601042	26.61139743966851	0.0021467029383339027
52.0	22.34379323123374	26.410896538584083	21.623331545017916	29.621978685164258	0.0
53.0	22.144378698224852	25.66809285389167	24.7011379153391	27.484934000910332	0.001456531634046427
54.0	22.615467102640054	28.78694228146864	22.757018874176403	25.84052622667582	4.5515039079212557E-5
55.0	23.319009059932668	28.79864520976775	23.007688797782574	24.87343108344627	0.0012258490707383017
56.0	26.001140347134015	26.127568164340726	25.0810999265493	22.79019156197596	0.0
57.0	22.32788434521586	27.903273614311868	23.137266294423295	26.626854994396375	0.004720751652603517
58.0	24.62850098673043	25.748898438478673	22.041488065736036	27.58088557013411	2.2693892075111336E-4
59.0	27.006598310008474	22.995330489601955	24.977455736318117	25.018164753978205	0.0024507100932495193
60.0	23.95096291449189	23.19455232111832	24.451067593887448	28.403417170502344	0.0
61.0	24.67261057832605	24.00065795078238	23.02922896505973	28.291702388741975	0.0058001170898637515
62.0	24.955447704690215	22.87606872268014	25.397685591518094	26.770616736075965	1.812450355851972E-4
63.0	25.89006661283994	24.802929841301776	22.762452867632465	26.542511787056394	0.002038891169426419
64.0	24.679066145678128	21.794199879987538	24.072311352301693	29.454422622032645	0.0
65.0	23.570473537352555	26.930003721306267	24.025892695252146	25.46897276121377	0.004657284875263894
66.0	24.789660635611916	24.664867719508933	23.423223419108872	27.12170564787418	5.425778960999501E-4
67.0	27.16400419388631	25.723542595118616	20.743641691280956	26.36826897297258	5.425467415320886E-4
68.0	23.263721701766354	23.445108897873855	26.929849903451558	26.36113865224611	1.808446621211361E-4
69.0	22.60119795996884	25.07777155394369	25.035184253368215	27.28322408470081	0.002622148018447263
70.0	24.889839309594983	23.26885346676133	25.117359555556963	26.72372199833275	2.2566975397934758E-4
71.0	23.81650365113671	23.36750004389197	27.035518283144178	25.779757743331462	7.202784956803548E-4
72.0	26.784580143669352	26.412690867827166	22.00371889275842	24.79783978333016	0.0011703124148991573
73.0	24.890712755811816	22.925365127186364	23.474040425816316	28.706011124728104	0.003870566457401041
74.0	24.545536772180466	26.256470394471876	23.711557318143832	25.485490521488032	9.449937157917899E-4
75.0	24.459278558106153	24.982327305943468	22.785333576318813	27.771035680618084	0.0020248790134789444
76.0	26.562357982795504	24.11469005715335	25.99320927160304	23.32920274184883	5.399465992813311E-4
77.0	24.14473577649119	25.741252989757886	24.358765547190934	25.754525805052488	7.198815075038649E-4
78.0	26.866371347768148	26.437025179490366	20.605646691699487	26.09055186481917	4.0491622283349575E-4
79.0	27.12437296142166	21.04496682038016	23.159464627151053	28.66876616803509	0.002429423012034642
80.0	23.677817566716453	23.51622249014774	28.587752604775872	24.21559806373828	0.0026092746216551796
81.0	25.040566359005638	25.261628835472205	22.454126387095062	27.243318528355516	3.598900715776366E-4
82.0	22.185329321249096	23.046391935764664	24.242099803369484	30.525099293686637	0.001079645930117218
83.0	24.96841027551098	22.510282123567215	25.03071254452813	27.4899203025776	6.747538160702068E-4
84.0	22.97760655273154	26.59343872219936	25.501046916712212	24.92714314308911	7.646652677790297E-4
85.0	24.75358856193952	27.50448204796983	21.483829994323788	26.257469705133868	6.29690632992011E-4
86.0	25.198083502478823	25.058749293321895	23.316666899040268	26.42474625927227	0.001754045886739908
87.0	21.584603242061807	22.641635017325626	26.693335312119842	29.07966189734146	7.645311512714828E-4
88.0	24.29809835729405	27.408442381624575	26.049181794920106	22.243962676771105	3.1478939015851443E-4
89.0	26.312965953338452	26.369445827212058	23.192093177402114	24.12450574489354	9.892971538370565E-4
90.0	23.377369121348206	26.297365002407965	25.07710647145768	25.248024504996465	1.3489978969122787E-4
91.0	26.12047843890893	25.252935836290114	24.55697727905294	24.068844051415862	7.643943321509203E-4
92.0	25.208647507335595	24.90128529202558	22.56198726128396	27.328079939354865	0.0
93.0	25.881460080326267	26.128922177576534	21.408528720035573	26.580774299190846	3.1472287077613807E-4
94.0	27.57999173658127	23.7250934130482	23.30180675739043	25.38915172275196	0.003956370228134198
95.0	23.6639965329322	27.132233210661234	24.05561514828099	25.14590726852422	0.0022478396013591337
96.0	25.500220951805534	25.13424564176497	24.26967898377454	25.094775512516033	0.0010789101389231668
97.0	24.965566657736176	25.64011852981316	23.32926366590128	26.06491629011754	1.348564318426603E-4
98.0	27.339331186212878	23.530702099398344	24.754740558775737	24.375226155613042	0.0
99.0	21.744467051297782	23.06339492015466	26.522872697348166	28.66926533119939	0.0
100.0	22.681270440212	24.894756924111284	24.870173615683342	27.553799019993374	0.0
101.0	22.963243584782965	22.79921463839257	28.827255948520975	25.410151009991385	1.3481831210169617E-4
102.0	24.849694535069926	24.5771514119972	25.34916216810212	25.22394694038434	4.494444641700626E-5
103.0	25.52709110780359	25.73196862169877	25.36989401554535	23.370776620145676	2.696348066179167E-4
104.0	25.029265940556773	27.651314462025727	23.39846212818774	23.92050808818474	4.4938104501764494E-4
105.0	26.621863513368364	23.748742214538314	21.718893319569414	27.907220261547472	0.003280690976436999
106.0	25.537091622741357	23.36634490978029	25.24650825843674	25.850010268836797	4.49402048104894E-5
107.0	24.980765773863023	24.671355383785727	23.29309724968542	27.05415243573611	6.29156929714183E-4
108.0	23.735573952798713	25.038158678094426	24.470350358896013	26.755917010210844	0.0
109.0	25.206633106945997	25.05050132902964	25.650137216244534	24.092144257675393	5.840901044353107E-4
110.0	23.764634632327535	24.676486960412866	23.4858134090275	28.07302007054545	4.4927686641965426E-5
111.0	24.022175186489292	23.961206453070925	25.034067459185323	26.981876965365537	6.739358889281768E-4
112.0	24.877022021246244	24.530765273687496	24.056734529754404	26.53543324774632	4.492756553247027E-5
113.0	28.36473664348482	22.10779556849426	23.26616888601362	26.260490233076357	8.086689309396732E-4
114.0	26.488234030872132	22.170960353594577	27.634100778767074	23.706390346774636	3.144899915806537E-4
115.0	26.469375082561786	23.798237423874667	26.664333219806203	23.067515094765202	5.391789921486553E-4
116.0	26.85487393039887	24.30418638423146	25.290394123641484	23.550455698159055	8.986356912934782E-5
117.0	25.536937720616255	26.672684562793407	24.234403194846834	23.55534547336789	6.290483756173661E-4
118.0	25.825878043728412	24.630919917810964	25.77204988674969	23.770882561609202	2.6959010172982487E-4
119.0	26.427793444443846	21.22696955154992	25.44533172293186	26.899411017230936	4.94263843431593E-4
120.0	25.077868042200613	23.96664210356045	24.965941156383114	25.98954869785582	0.0
121.0	27.520788456060036	23.489315277279765	24.298072265553035	24.69123986638592	5.841347212374309E-4
122.0	26.19497275007852	24.474064608083268	24.48552265075302	24.844945722577872	4.94268507322588E-4
123.0	23.755657633474765	28.069545587506457	23.759611742445518	24.414600906838945	5.841297343153303E-4
124.0	24.801181564962484	24.651958213867033	23.045953692682573	27.50081666197114	8.986651676931669E-5
125.0	26.11089218707805	24.135992713649014	25.034564784763724	24.71760671947504	9.435950341738668E-4
126.0	23.891341515745864	24.38547655475948	25.381744817468395	26.341347244782643	8.986724361437067E-5
127.0	25.593237779038898	23.26724153812489	27.911101165963693	23.227745523448007	6.739934245201504E-4
128.0	25.737279148767904	23.51865664935205	25.38310836313964	25.351789276920034	0.009166561820371335
129.0	24.200708065285077	26.922387363564425	22.624343911775373	26.24950516760046	0.003055491774661076
130.0	25.508088023506247	24.89117936094751	24.4820488071856	25.118683808360643	0.0
131.0	25.56730456413934	24.875305333426798	24.840525631831245	24.716190445377894	6.740252247200099E-4
132.0	26.008536788670217	25.730477791453055	22.49208803523998	25.763190614655073	0.005706769981670933
133.0	27.199633686465813	25.505793074193768	24.89561502209025	22.396936123403442	0.002022093846723489
134.0	26.24919790709922	23.018313780540193	21.49361830623143	29.238870006129158	0.0
135.0	26.27914176728645	24.051374616539434	26.234611587642448	23.43437774803108	4.942805005893171E-4
136.0	27.87857708731861	25.961285695605106	24.570017062262203	21.584368325575102	0.0057518292389745745
137.0	28.011349108666277	21.72795302180803	24.914475011604797	25.345953240198384	2.6961772251213616E-4
138.0	24.993057671205914	24.713522218597532	27.093595173710995	23.19883638481261	9.885516729439697E-4
139.0	25.195666885047896	24.33445399749985	25.35729595509435	25.111414867717592	0.0011682946403135342
140.0	26.016764310190965	21.863926357101196	25.92240103314308	26.196638690201766	2.6960936299395805E-4
141.0	25.117056555616468	25.681758948872574	25.70076659686711	23.499968545263368	4.4935338048548144E-4
142.0	28.21716398963789	23.341713792708326	23.527926251957503	24.912971288501247	2.2467719504002623E-4
143.0	26.459024025063066	25.91422945539416	24.005965599395353	23.62064611449673	1.3480565069339535E-4
144.0	27.198909672789494	25.95692344747228	23.15853377412558	23.68509387355997	5.392320526721869E-4
145.0	27.65247072632155	22.745124648486684	23.285482286604793	26.315888806306166	0.0010335322808080246
146.0	27.061229460277175	21.713296093301693	25.658010329008533	25.56301544498183	0.004448672430768097
147.0	26.18646523969256	24.82674329519132	26.96019465682299	22.023181776310913	0.00341503198222386
148.0	24.183288773057136	24.68390662562628	24.13997169111865	26.99233862814262	4.942820553146554E-4
149.0	27.499176561040308	25.076580946633513	24.215171677474352	23.206824050978174	0.0022467638736545816
150.0	25.34860636094548	24.253008837667238	25.324745063834587	25.073639737552693	0.0
151.0	26.572094160279548	24.278528134481817	25.626294200543565	23.522634129506333	4.493751887375793E-4
152.0	26.958026575424586	24.667717316717063	23.80899739314759	24.56507896277742	1.7975193334438807E-4
153.0	24.732985177851845	23.826390820631023	25.631355743689138	25.808459360314863	8.088975131344733E-4
154.0	22.59789915324389	25.22355313999024	25.155738949972097	27.020471886097326	0.002336870696450383
155.0	26.909185538217866	24.34149200387963	23.848178434250773	24.901009189403467	1.3483424825861567E-4
156.0	25.76951686229036	23.701096885976444	26.23353041774254	24.295631108324514	2.2472566614305586E-4
157.0	24.724103183656446	23.03096822096555	26.992448288167786	25.25225558063504	2.2472657517598338E-4
158.0	24.7318178406364	21.617906886956504	26.289739658688283	27.360400775410167	1.3483830864219172E-4
159.0	26.270911428134802	21.91612056488948	25.063060147604794	26.74950333953597	4.0451983495590736E-4
160.0	25.672818475202487	21.755198173335373	26.476344153684344	26.095594250321376	4.4947456423440995E-5
161.0	24.16425334871744	21.054815091825944	29.342500270810007	25.434206203054917	0.004225085591694021
162.0	24.83511771334462	23.63467847673174	25.376207597283134	26.15395126415372	4.494848678671808E-5
163.0	24.711206565238168	24.56952371277398	27.11419628918585	23.604938582371364	1.3485043064485026E-4
164.0	25.566518627733025	24.18126078826237	24.82145425776755	25.42874352704258	0.0020227991944764094
165.0	26.3724744074941	22.337010586731772	27.018934386177683	24.271041191201743	5.394283947015545E-4
166.0	24.39514497639919	23.51629579680827	26.17145425938413	25.916970105641717	1.3486176668914363E-4
167.0	26.26490035262744	24.031982823572992	26.807103258162492	22.89578879036739	2.2477526968536858E-4
168.0	26.049355187051056	24.498621180147513	24.13842865787375	25.31350506166701	8.991326067742449E-5
169.0	26.3243598043447	22.201077183139116	26.198568551287583	25.275769673428282	2.2478780031650122E-4
170.0	31.091272936702723	23.367842824829747	23.346756771702786	22.19399258796009	1.3487880465008168E-4
171.0	25.309875600159877	23.759115079181313	27.199994245119253	23.730430595463805	5.844800757486177E-4
172.0	27.2530758342432	24.820412454639566	24.222034529894398	23.704387280693275	8.990052955906937E-5
173.0	28.148569348020057	19.847618876380253	24.332568431036304	27.66984988886067	0.0013934557027174635
174.0	23.569650455394203	26.482627055027585	24.193789090137578	25.75348389376203	4.495056786052378E-4
175.0	25.814750284094995	24.598491059997986	23.28113537306348	26.304274730649173	0.0013485521943641305
176.0	23.936701764922454	24.79144911007648	28.558828725516594	22.711491977809114	0.0015284216753569428
177.0	22.009319639352885	26.327329291675937	25.08961105229203	26.549508055216503	0.024231961462639395
178.0	25.13171191323017	23.4804131348694	24.19147765482668	27.19603767410247	3.5962297127691326E-4
179.0	28.023862990111787	24.475389605572826	23.387438662269904	24.11204995583009	0.0012587862153918086
180.0	26.601610230185486	22.15069349512257	25.831696105222495	25.415819882822692	1.8028664675400654E-4
181.0	27.61996599680554	22.389785317590377	26.492109109984895	23.497733270852688	4.063047664966507E-4
182.0	25.386475381532865	22.963243481860065	26.036991682581267	25.613063768381533	2.2568564427157925E-4
183.0	23.442391928442202	24.72871520242089	26.938580399605666	24.88986108051697	4.513890142747262E-4
184.0	25.761410721887195	22.477015144477203	26.709424569452928	25.04804169978914	0.004107864393527992
185.0	24.32986665944443	24.980499959374917	25.35163267701252	25.337459036372994	5.416677951412399E-4
186.0	26.86145048230234	23.054268493071532	25.52717397192498	24.5570619102134	4.514248774832883E-5
187.0	23.868699739149037	23.133685326081793	28.355680033073387	24.641482585133893	4.5231656188753506E-4
188.0	26.74624416320368	28.696750753926594	22.62114504566079	21.935407703870027	4.523333389121112E-4
189.0	25.015731186925404	24.054760363470713	24.999038712517137	25.929700707100455	7.690299862886477E-4
190.0	28.073012144562092	22.21693904917362	24.93272625603292	24.777096343963823	2.2620626754229605E-4
191.0	26.180383720145194	23.883346103463886	25.357854400574904	24.578007977442407	4.077983736094642E-4
192.0	26.49208955981409	23.61544638519711	24.880002030177135	25.012462024811665	0.0
193.0	27.450559162446037	24.77745674564057	21.8765197094848	25.89537373806044	9.064436815210125E-5
194.0	27.820358944885516	23.728427136799013	24.55934157781279	23.891872340502683	0.0
195.0	26.285874376442724	21.8747790009665	25.002719988104587	26.83594663746004	6.79997026146339E-4
196.0	27.859127188810668	22.654789718298915	26.562394197921975	22.923552559404815	1.3633556363167038E-4
197.0	24.66182295844971	24.665595505669046	24.68850350324189	25.98321443749276	8.63595146595276E-4
198.0	27.161935747867204	23.497212791437054	24.929164802382886	24.41150459194147	1.8206637138535667E-4
199.0	24.98949890747591	23.143632598127635	26.220030839690615	25.64638158119773	4.560735081037421E-4
200.0	27.243735202050313	24.193037101433145	24.20804315174492	24.35513893367645	4.56110951725673E-5
201.0	24.629618141777794	21.608223571977238	29.098010702758526	24.663965129369092	1.824541173508392E-4
202.0	24.91184517960775	24.938348646954655	28.876736524515024	21.273069648922572	0.0
203.0	25.25564065883169	24.780796320252982	23.975304078796963	25.98757446536662	6.844767517471268E-4
204.0	25.626600986570537	23.7724799849582	24.588963169949988	26.011864585458284	9.127306299164805E-5
205.0	27.013283373305917	24.40941360102415	25.57080168044599	23.005497276463487	0.0010040687604542956
206.0	25.045746980060297	21.559391196587633	26.194704807027392	27.20011137204425	4.56442804293301E-5
207.0	25.410855346049765	23.61030461728368	27.078928051011804	23.899729383278732	1.826023760221168E-4
208.0	28.14936236079466	22.80479062695481	22.138522722602975	26.907324289647548	0.0
209.0	26.877116935437833	21.48141754814751	25.243802919104695	26.397114597304476	5.4800000548E-4
210.0	24.535510739501433	24.810792392780833	25.037978545661492	25.61544427362092	2.7404843532045854E-4
211.0	24.945105252625492	25.46275609553285	25.23869963184197	24.35266231529277	7.767047069219009E-4
212.0	28.426710572687426	22.701710424129786	24.938028608088025	23.93327613483183	2.742602629333141E-4
213.0	29.193025273618005	23.449802890752675	22.918415204146086	24.43852793993279	2.286915504418092E-4
214.0	26.815134836233668	25.63412762934318	24.767597922892133	22.783093836057887	4.577547313529033E-5
215.0	25.524147924101676	25.163918103808225	23.084762062950055	26.2268966093156	2.752998244504786E-4
216.0	25.209821186173638	24.674600231760465	26.47434044099459	23.641191733288906	4.640778239947726E-5
217.0	27.76533227919986	23.522413840747472	26.088491944356367	22.623153061210154	6.088744861450611E-4
218.0	24.30042592447015	24.541565284266937	25.88748471568571	25.270287293016523	2.3678256068026683E-4
219.0	26.054144362039917	23.327296278040784	25.332324610170527	25.285518327047917	7.164227008562684E-4
220.0	27.789029604765503	22.09784110605913	25.311087534838105	24.801753588030724	2.881663065388297E-4
221.0	25.12537086208407	23.11595286452398	24.792580967824826	26.965901738666293	1.9356690083422495E-4
222.0	24.84763554157137	25.42130051946157	24.778742862850688	24.95232107611637	0.0
223.0	30.267627609777843	23.017014637045843	24.544319786016793	22.170195903608487	8.420635510315278E-4
224.0	29.536806284646655	23.621757082792413	24.917831363835468	21.923456277544744	1.4899118071537619E-4
225.0	30.895697843423815	20.073531910810072	24.09729483337365	24.932475794246596	9.996181458682783E-4
226.0	24.883210992572614	23.092328268853805	26.08506869852413	25.93924039883661	1.5164121284663918E-4
227.0	26.563681836219494	24.091238969103017	26.30382789170505	23.03997450489601	0.0012767980764270901
228.0	26.928147981756208	27.795565913739335	23.664806065911424	21.611377233504793	1.028050882350371E-4
229.0	27.42098370786342	24.99074604983343	22.322083087511782	25.26613531193329	5.184285807602859E-5
230.0	25.109705666449845	23.139209554933814	28.423576987280462	23.327507791335876	0.0
231.0	24.740869373583564	25.00172171018267	25.195612764600366	25.060471759185194	0.001324392448208309
232.0	25.1556502561927	24.93388661434445	25.142592795906033	24.767603854775462	2.664787813605554E-4
233.0	22.965294707540156	25.062297923474592	22.88554472050763	29.086700555008036	1.6209346957829761E-4
234.0	27.000154891098376	21.427206127096383	27.02997966642389	24.54139601918892	0.0012632961924252761
235.0	25.5134359862227	22.295152741468605	27.413350809953442	24.77778229034593	2.781720093310019E-4
236.0	28.290039221795332	23.541882205925432	24.261522284290002	23.906386960911973	1.6932707726225208E-4
237.0	27.19267731317477	25.04123031722823	23.03029715482298	24.735567107901392	2.2810687263196552E-4
238.0	26.7923312202476	22.908847892024546	24.46134861509516	25.837472272632688	0.0
239.0	27.212385345122286	23.76619319034313	24.556163753260407	24.464257450618014	0.0010002606561592227
240.0	24.799189693564813	22.67700785943644	27.221216580341178	25.30252495967958	6.090697799065443E-5
241.0	29.038612840858498	21.405944096461962	23.52077628216466	26.03234915620178	0.0023176243130988467
242.0	26.342535156178382	24.483306544763394	21.752828078495604	27.4202912722228	0.0010389483398216676
243.0	27.393082593267852	23.241609323844813	25.759547334784056	23.603432727557884	0.00232802054539395
244.0	25.998785723099438	22.771006898296022	26.727413252561615	24.501811900036405	9.822260065207528E-4
245.0	28.95434310224753	20.95497309016456	23.66318286629737	26.42583984033744	0.0016611009531028135
246.0	24.45214246668544	26.602281838412612	24.123418702496366	24.81975350031646	0.002403492089121487
247.0	24.961313386587527	23.400258343181303	25.113156413761743	26.389860987646845	0.13541086882257408
248.0	26.057743385953813	23.17230563538194	24.056322280497028	26.703734143202656	0.009894554964562033
249.0	25.624968175648068	21.345539809314694	28.611365360947143	24.40179532812304	0.01633132596705667
250.0	26.118302239746082	22.603127047097313	25.606998374453095	25.670639188931098	9.331497724047705E-4
