# Position (bp)	A	C	G	T	N
0.0	24.743330963570013	23.478928012594093	24.41658649592825	27.36112566355538	2.886435226517334E-5
1.0	23.162527027377187	29.71914560378657	23.599715546751966	23.4436693317364	0.0749424903478794
2.0	24.919989386537864	27.105724398975333	21.7990795725063	26.17474668695835	4.599550221482717E-4
3.0	26.334889198466154	22.142699162705195	23.667724654956988	27.848281606801763	0.0064053770698990365
4.0	26.116926072495865	23.2170800283343	23.68775896095308	26.978177534846715	5.740337003704814E-5
5.0	28.138665914306653	23.319863107178044	22.396387066289112	26.14436710581095	7.168064152453828E-4
6.0	26.054896097421082	23.425691181260387	23.89785073953633	26.615923657663853	0.00563832411834642
7.0	25.56250907042305	25.352532347842583	22.755477392791885	26.328909823710973	5.713652315114782E-4
8.0	27.909832766295878	23.797331545914048	23.628362187632206	24.664473500157865	0.0
9.0	26.352916370454054	25.219249569393533	22.084263524034892	26.343285602143844	2.849339736749502E-4
10.0	24.585336555567892	24.963152096871983	23.17484038268305	27.276670964877077	0.0
11.0	27.045156397186084	23.026022671076753	22.75677233128029	27.171855964277547	1.9263617933107364E-4
12.0	28.29162301148913	23.987699896367882	19.936381770195162	27.784295321947827	0.0
13.0	25.614777786330606	22.435020776668978	24.9057721134806	27.044295219931225	1.341035885852098E-4
14.0	27.004865619451635	21.641283541322686	23.14984082894912	28.203956860247047	5.3150029511553884E-5
15.0	26.051987836657382	23.12072522013097	24.22911480638507	26.598145872915236	2.6263911337237553E-5
16.0	26.89469071511209	24.96317283672865	21.147509352407603	26.99457543569446	5.1660057192849317E-5
17.0	28.779981075932188	26.467211388940328	18.401043106794145	26.350698998242038	0.0010654300912972118
18.0	25.721920932181536	25.792103492457453	19.176534698942753	29.309415694301187	2.518211707065498E-5
19.0	25.21045561471618	24.618593407088678	20.764052596063685	29.406347533135445	5.508489960151082E-4
20.0	23.6000161140637	25.34722325836315	23.32552994878314	27.72723067879001	0.0
21.0	24.216417689428045	24.025760555371274	23.100388570345448	28.657161698968554	2.714858866827781E-4
22.0	22.60879767116156	27.166017730262432	25.775020714636632	24.450114999841126	4.888409824726066E-5
23.0	25.6042380045859	24.04578601969383	22.673932744180956	27.675605320617695	4.379109216200271E-4
24.0	28.409783310783116	21.663984563416047	24.090930766092498	25.83530135970834	0.0
25.0	25.478525595588415	24.49598549709813	19.699273852533782	30.326024126635005	1.909281446700738E-4
26.0	26.750290725069153	24.872393117738252	19.584080965774557	28.793163978908755	7.12125092843309E-5
27.0	26.25837539482228	23.577799111771235	19.758022310389396	30.405779501968606	2.3681048483157802E-5
28.0	27.34618615611055	23.237947261150673	22.592295326324262	26.820646260334012	0.0029249960805052522
29.0	28.092437803442056	23.844382442849934	21.460141417774093	26.602667099775516	3.712361584018283E-4
30.0	24.427742384891108	24.181101889995528	24.16341057234988	27.227606759144358	1.383936191315339E-4
31.0	26.879396389796245	24.762656920475266	21.343594559906578	27.013778338410237	5.737914116737634E-4
32.0	24.53995106478972	22.73896258717934	23.879678023135696	28.84122649410925	1.8183078599766573E-4
33.0	24.52546814733441	24.468379068779164	24.014076117420185	26.992009105426522	6.75610397103523E-5
34.0	26.46322969494277	26.146311472390543	22.507623249510146	24.88281325868327	2.232447327079653E-5
35.0	25.72938295825195	21.719639090163227	25.58573242019151	26.96495858348385	2.8694790946307854E-4
36.0	24.810941228539654	24.20221311173548	25.536215066880924	25.45043212330868	1.9846953525712058E-4
37.0	25.8601564105119	24.84513701571424	21.423778312921545	27.87090621629939	2.2044552923239984E-5
38.0	26.953256115581993	25.234799339267	21.185198082155253	26.626614228239394	1.3223475636297118E-4
39.0	23.666683045827643	27.910663208386776	20.59129358720592	27.831249984851112	1.1017372854559441E-4
40.0	26.989419870866993	26.204403459351038	21.902004148154415	24.90408439427648	8.812735107248783E-5
41.0	25.052082197460095	23.951774870089146	21.010719559313127	29.98035669008135	0.005066683056284901
42.0	24.686434305062825	25.53220593152503	20.002894350905464	29.778443385483044	2.2027023633674737E-5
43.0	26.704335216320317	24.930687460575328	22.20089227505471	26.160406880244143	0.003678167805503772
44.0	29.19582163665998	24.45610606540095	22.458383627101792	23.889424401446348	2.64269390931728E-4
45.0	25.354432135708766	23.9410854146987	21.25115325586977	29.449497852026536	0.00383134169622745
46.0	25.648337702335127	23.63772351594484	22.031724545482167	28.68219221875863	2.2017479236416206E-5
47.0	25.90797442958725	23.955893525741804	22.974998684581603	27.159548253399556	0.0015851066897886767
48.0	23.126524284903784	23.32168557025696	22.57255497108893	30.979235173750325	0.0
49.0	22.91640993320822	25.88097719502706	23.687600566163294	27.513383881950727	0.0016284236506969654
50.0	27.871317280889603	24.416032728044073	19.314026040552708	28.398601946396205	2.2004117410449843E-5
51.0	25.197771834105087	26.521633621640817	20.70425847745224	27.57413597408995	0.00220009271190688
52.0	23.583382119967485	25.14988856452271	21.314523753548144	29.95220556196166	0.0
53.0	22.848128445352007	25.02136227794186	23.608494079910255	28.520525314847113	0.0014898819487655889
54.0	23.920160530755798	27.6373528024417	21.733873255806564	26.708503866588934	1.0954440700216613E-4
55.0	24.227041711150473	27.835961565990292	21.684028555599387	26.251656873854667	0.001311293405177642
56.0	27.142849962752425	25.274199614216098	24.1639837268858	23.41896669614568	0.0
57.0	23.244109229496527	26.99122005451249	22.69872214232243	27.060857420170493	0.005091153498059462
58.0	26.017794512553888	24.672118092325828	21.307358987675194	28.0025973180419	1.3108940319145893E-4
59.0	27.590835329370094	22.307600552627648	23.99593743527991	26.102808491450613	0.0028181912717339347
60.0	24.612038853241536	22.13336548717873	23.505478509398895	29.74907354189143	4.360828941251785E-5
61.0	25.315551326935466	22.808059067737524	22.681563831693747	29.188743014092378	0.006082759540884646
62.0	25.867001931975793	21.54902949936495	24.708252470997472	27.875432688890854	2.8340877093464286E-4
63.0	27.31544649764881	23.281959746226878	21.596744191014785	27.80353881096876	0.002310754140773322
64.0	25.81489067100582	20.90434759909113	23.061298852162487	30.219419370206698	4.3507533873334344E-5
65.0	24.541080056276314	26.25734232756678	23.182613507533524	26.014048196817445	0.004915911805931983
66.0	25.337951441135875	23.629347257258967	22.477017126933145	28.55524916074939	4.3501392262059347E-4
67.0	27.352319009470214	23.92538402212197	21.235130330233144	27.48660114811881	5.654900558573678E-4
68.0	24.5185349343131	22.534498481003354	26.121653265119665	26.825161082803533	1.522367603495443E-4
69.0	23.713857046827926	24.179485344919637	24.751739935363112	27.352286267346887	0.0026314055424359814
70.0	26.573607349762945	22.71236414379416	23.935067283184097	26.778700759620495	2.604636382993548E-4
71.0	25.062414224404648	22.350233456794637	25.672131126252367	26.91422559503725	9.955975110927959E-4
72.0	27.886448616131194	24.854108064990136	21.52840386021209	25.729373111563454	0.0016663471031313044
73.0	26.2273915228029	21.97593968562678	22.558989878793938	29.233848892951166	0.003830019825221265
74.0	25.087717286487894	25.409118357161294	23.191007433873704	26.31139966650447	7.572559726401254E-4
75.0	25.861235277204276	24.3087823054501	21.771380492578267	28.05650334291109	0.002098581856267047
76.0	27.101022270672733	23.882447850739354	24.77034984532783	24.24522813793915	9.51895320936916E-4
77.0	25.26912425209612	24.274291489655358	23.527415174103847	26.928368666369863	8.004177748126266E-4
78.0	28.136413626133628	25.44099157992924	20.088587693423243	26.333574458916786	4.3264159710510857E-4
79.0	28.188575227037287	20.150969549758496	21.802004318050997	29.855811879896667	0.002639025256553273
80.0	24.520754886760066	22.18710632510106	28.11394682014508	25.175380004429925	0.0028119635638739686
81.0	25.539892089715426	24.501171785862216	21.345298851357857	28.613118161653457	5.191114110421486E-4
82.0	23.11639413545654	22.135826827003065	23.484041989459808	31.262569088078457	0.0011679600021282826
83.0	26.112785122665684	21.95100639671392	23.90170567502894	28.03361605528477	8.867503066858378E-4
84.0	24.267981681375662	24.979908856712303	24.592446076149972	26.158603680680148	0.0010597050819130401
85.0	25.336155343484297	26.588370085856205	20.78591267065113	27.288848251788934	7.136482194368796E-4
86.0	26.324493931065206	24.549852196082924	21.864664808395524	27.259064477972135	0.0019245864842129846
87.0	22.98944749012182	21.142363631606457	25.176475218219487	30.6910433299233	6.703301289390814E-4
88.0	24.6924063250713	26.819560756534923	25.67208747678263	22.815318383400687	6.270582104623582E-4
89.0	26.936891589595763	26.07887372912469	21.83991998204526	25.143384961865635	9.297373686529749E-4
90.0	24.597947826944274	25.4869359799669	24.06200798850458	25.852913616132334	1.9458845191049103E-4
91.0	27.041276965585233	24.47936800321706	23.510704077970484	24.968110452420795	5.405008064272032E-4
92.0	25.71837350341781	23.918875360140675	22.509032837306457	27.85367506171601	4.323741904603985E-5
93.0	27.48932937638247	25.61825195469568	20.463752738995165	26.42840651444166	2.5941548502913235E-4
94.0	28.258897216614322	23.28601943011034	22.836356844583978	25.614186864301164	0.004539644390199296
95.0	24.7061333596191	25.8292445566201	23.172285465139154	26.289980411052298	0.0023562075693492413
96.0	26.7367716613215	23.538448336348342	23.829480109262285	25.894154268887505	0.0011456241803653418
97.0	25.85649837285627	24.564401864730925	23.264307971102205	26.314597260311874	1.945309987307933E-4
98.0	29.36600858105653	22.282152107018756	23.711333967190026	24.640483731071562	2.1613663120368865E-5
99.0	22.992460815168958	21.538583217577486	25.772157052232323	29.696798915021233	0.0
100.0	23.224646982202387	24.50579237013085	24.122717171743364	28.146843475923394	0.0
101.0	23.928043206055243	21.870159278573826	27.920541134450648	26.281169951523914	8.64293963662921E-5
102.0	25.644265184182576	23.693124409560433	24.59519506437898	26.067415341878014	0.0
103.0	25.50211879558468	25.37351968968552	24.90942210992847	24.214788162573296	1.512422280400066E-4
104.0	26.401511354169187	25.908903922537913	22.625092039809594	25.064233416414027	2.5926706927961783E-4
105.0	27.848051489835107	22.901840857968022	20.448364648077245	28.798242822304626	0.0035001818149998343
106.0	26.687190460562494	22.50488230506591	24.583894086334322	26.223925120488527	1.080275487533729E-4
107.0	26.16763994751651	23.79242273365708	22.96094439173962	27.07821513781022	7.777892765760333E-4
108.0	24.420257574965447	24.168403233102882	23.785912143492595	27.625340634185562	8.641425351263138E-5
109.0	26.937548848356123	23.859340929014184	24.808116960408473	24.394193974580926	7.992876402911827E-4
110.0	24.86409876609348	23.530371131067653	23.090475605174973	28.51496809115714	8.640650675558472E-5
111.0	25.52429999006312	23.6803176345043	23.70690958736029	27.087695119264154	7.776688081361439E-4
112.0	26.50894182145735	23.360133236271892	23.27947431291947	26.851407426928503	4.320242279187017E-5
113.0	28.714704330932662	21.668487584279543	21.886608889793226	27.72931357670124	8.85618293331467E-4
114.0	26.538070469483333	22.20575233138841	26.924455260520812	24.331376315716145	3.456228912953363E-4
115.0	27.32541736820298	22.84267051706953	26.06798777998266	23.76323305954515	6.912751996813221E-4
116.0	27.601284653822	24.134050044641437	24.258415283984576	24.006163607797358	8.640975462438004E-5
117.0	26.95942229732211	25.795782068802232	24.158507042630802	23.0855757087672	7.128824776511343E-4
118.0	27.272540707380383	24.243724962930447	24.283365189529967	24.200001901002693	3.672391565078235E-4
119.0	27.62059026023305	20.638218309918486	24.534617630469192	27.20601212820879	5.616711704773535E-4
120.0	25.85705382381183	23.099078975650695	24.14150960719019	26.90227118318199	8.641016529184493E-5
121.0	28.149114029493756	23.016244376813546	23.606840974645326	25.227130934913617	6.696841337570921E-4
122.0	26.499301263989572	23.9820586108709	24.396806876884423	25.121466004100608	3.6724415449918376E-4
123.0	24.931860478429417	27.505770553919167	22.544077094816384	25.017449377363445	8.424954715868402E-4
124.0	25.804160379508527	24.3769205760459	22.3476689539861	27.47116368141417	8.640904529886189E-5
125.0	27.46175135833875	23.43389245275193	23.73988590645781	25.36358459719899	8.856852525196665E-4
126.0	25.155254144142898	23.874250839888845	23.575342868203123	27.395087341527148	6.480623798924389E-5
127.0	26.53668454428491	22.840839081562205	27.02920471817045	23.59229957669187	9.720792905635726E-4
128.0	26.618781186281375	23.59292747684879	24.30526918139245	25.47375497354965	0.009267181927742335
129.0	24.608980941884695	26.33068312065243	21.52908616697852	27.527901542215545	0.0033482282688104543
130.0	26.32151396040297	24.18805176491326	23.17909477935452	26.3112962916559	4.320367334912284E-5
131.0	25.962234299250795	24.167551273726154	24.134370408198095	25.73506634228914	7.776765358139487E-4
132.0	26.62916989076726	24.569288243881555	22.115364259640653	26.680366663944817	0.005810941765722701
133.0	27.20667019211992	25.47703789343799	24.065042020292093	23.249392118538182	0.0018577756118130335
134.0	27.06708917061099	22.677868248845865	20.453004356882907	29.801951816145543	8.640751468873746E-5
135.0	27.083973733217924	22.597714671582057	25.871492885809833	24.44632187068844	4.968387017475113E-4
136.0	28.24000737917944	25.94321617733879	24.351205737614436	21.459565401758084	0.0060053041092481465
137.0	29.512015667481638	21.002478610802804	23.714369159635584	25.77100695021997	1.296118600036378E-4
138.0	25.663172601134793	24.046864888356655	26.07645125977306	24.212215232363135	0.0012960183723564466
139.0	26.23130103375415	23.46938158354599	24.653518043068697	25.644827319553116	9.720200780467323E-4
140.0	27.35282262680792	20.87691452305031	25.453538862447246	26.316399977362476	3.240103320414681E-4
141.0	26.648814344125878	25.017480429155608	24.52210979977591	23.8113578183906	2.3760855200700382E-4
142.0	28.962981299698193	22.377395644055746	23.061624678903126	25.59780396954796	1.9440779497494732E-4
143.0	26.99529664570095	24.980786104303267	23.427128249459656	24.596680996625526	1.080039106055952E-4
144.0	28.929090081580117	24.627271091495576	22.40840516892227	24.034434424747545	7.992332544972532E-4
145.0	28.584777869197186	22.091489347454786	22.356920044834634	26.965797500657207	0.0010152378561891816
146.0	28.402358300233548	20.713905538385237	24.426776825513947	26.452293540725048	0.0046657951422160275
147.0	26.92512149766077	23.898604453643397	26.33264017187121	22.83996178431727	0.0036720925073544454
148.0	25.032962864719195	24.148300922009774	23.069339524418872	27.7487918656463	6.048232058567623E-4
149.0	28.269910948153964	23.909489661596073	24.167253130941596	23.65101336274511	0.0023328965632545464
150.0	25.90146044292621	23.853807522396778	24.29983135857763	25.944879074789995	2.160130938496968E-5
151.0	26.993073187970946	23.50862708451333	24.872301349373917	24.62545833479145	5.400433503598201E-4
152.0	27.56413413623595	23.958093011239082	23.008988154334954	25.46867668826001	1.0800993000092457E-4
153.0	24.944779505781707	23.00203341031619	24.55810103282036	27.494351578004604	7.344730771332824E-4
154.0	22.94647794829255	24.249014931563668	24.785618000829533	28.016404845845432	0.0024842734688234483
155.0	28.20770925319526	23.364881950872135	23.333424077199698	25.093833478955634	1.5123977727134059E-4
156.0	26.28385677740519	22.944502540878766	25.620894838731978	25.150594600200506	1.5124278355861307E-4
157.0	25.037994561278953	22.559802812872302	26.3707534568893	26.031060256759837	3.8891219961393984E-4
158.0	25.05031648338827	21.077912495233033	25.32677355475827	28.544781400132447	2.1606648797968113E-4
159.0	26.849792377629417	21.464747843289945	23.45123737228599	28.233595801659163	6.266051354828338E-4
160.0	26.87256404727158	20.903180723870403	24.964618049958666	27.25955074970841	8.642919094066506E-5
161.0	24.92730731874906	20.268839218287635	28.25022228608408	26.5499795269925	0.0036516498867232273
162.0	25.64407620162987	23.167447604086878	24.461336845300924	26.727117741306422	2.160767591079055E-5
163.0	25.68372004379542	23.48547855919372	26.797901674654124	24.03289972235673	0.0
164.0	25.758491828302077	23.38656666815045	24.220872025207647	26.632211144729183	0.001858333610642806
165.0	27.09805638438746	21.98160886356486	25.35845299053691	25.56127670461814	6.050568926352475E-4
166.0	25.281434263430334	23.13107206281688	25.641625172391585	25.945782062458157	8.64389030384571E-5
167.0	27.30589340477457	22.968742875307978	25.967602060166488	23.757372671826232	3.889879247342942E-4
168.0	26.336261008497324	23.510439635366453	23.405711549113388	26.747522973292178	6.483373065604604E-5
169.0	27.038242040958703	22.07314801247114	25.223762600491632	25.664631223414208	2.1612266430833617E-4
170.0	31.789897657333505	22.32257964121604	22.435614115433918	23.45182213517583	8.645084070200676E-5
171.0	25.16772409410834	23.2763932700714	26.783032315025846	24.7721154708605	7.34849933917539E-4
172.0	27.651115948283223	24.120573369847666	23.577115426629287	24.65110881713998	8.643809983989503E-5
173.0	28.62181177608868	19.945452302309967	22.494281307182877	28.937158226134624	0.0012963882838476718
174.0	24.99622421038462	25.02539340054635	23.686765247005784	26.29124982633528	3.673157279625148E-4
175.0	25.946715765195695	23.893008883154675	22.614565815314826	27.544153779635273	0.0015557566995313067
176.0	25.144728815657917	23.301258288778257	27.812069381668543	23.74049573954583	0.001447774349457722
177.0	22.699155148485453	25.789041696255417	23.717994987165365	27.767637523388256	0.026170644705512173
178.0	25.457481941772414	22.839857388244493	23.75463759400251	27.947612502104192	4.105738763943575E-4
179.0	28.884978197402706	23.95677213935595	22.31616910525391	24.840762266432776	0.0013182915546569082
180.0	26.710131391037322	21.59682477077541	25.561418754483178	26.1314083740928	2.1670961128797024E-4
181.0	28.551472765753083	21.399676761851993	25.770274248723158	24.27785975007664	7.164735951255478E-4
182.0	26.15378538060652	22.48620718769446	25.405145887246977	25.954839839723604	2.1704728440204885E-5
183.0	24.683132985165987	23.95174279028778	25.534341368966224	25.830153375964297	6.294796157135477E-4
184.0	26.442449207119644	21.800888609491988	25.806100094904256	25.946633069575327	0.003929018908783376
185.0	25.20116880295365	23.566620053743407	23.9673190088485	27.26443635078761	4.5578366684037087E-4
186.0	27.781327869279455	22.096186738671783	25.335830938468618	24.78661104213515	4.341144499335805E-5
187.0	25.215605972785138	22.443356739175115	27.491993549165862	24.848369511435223	6.742274386643337E-4
188.0	27.93905991061662	27.466694391885678	21.421864365821506	23.172033316374836	3.480153013627627E-4
189.0	25.930413329241013	23.085744440512126	24.195760447974006	26.787037675505104	0.001044106767747803
190.0	28.99305279851375	21.05201101197242	24.919427908236464	25.03505144322754	4.5683804982362785E-4
191.0	27.27594697902586	23.730586706571742	23.63902618487074	25.354069615637602	3.7051389405307766E-4
192.0	27.2469382719709	23.230488158935223	23.754754865590858	25.767666129314907	1.5257418810915246E-4
193.0	28.648180027288088	23.460434338002187	21.0655435197976	26.825645923168263	1.961917438590349E-4
194.0	28.927407240113943	22.330824100926208	23.53997313825688	25.201795520702962	0.0
195.0	26.954382586604535	21.118324976267502	24.498085484084072	27.428465653178936	7.41299864952607E-4
196.0	28.93487752694722	21.447225808482138	25.677125577526272	23.940683661713802	8.742533057156715E-5
197.0	25.472693128344627	23.275867156929287	23.935933596389354	27.314631742340627	8.743759961055294E-4
198.0	28.17653180649095	22.668694942217797	23.64011220048917	25.514595349391346	6.570141074069143E-5
199.0	26.39810049985229	22.575900772275514	24.991253572646706	26.03410865235662	6.365028688720686E-4
200.0	28.080734515249834	23.403355838607357	23.53957716951566	24.976266626805575	6.584982157990843E-5
201.0	25.665556235550714	20.55087071087201	28.053744105041982	25.729477731524447	3.5121701084470325E-4
202.0	25.801491761111865	24.41707844094126	27.75847054203171	22.02293730340152	2.195251363964554E-5
203.0	26.906267512969478	24.107442452052894	21.51576452731013	27.469581234704975	9.442729625224648E-4
204.0	26.264879040502702	23.470928014642563	23.526997226847072	26.737020021298836	1.7569670882728816E-4
205.0	27.788863150325486	24.02834848838591	24.53644778979879	23.645242405799895	0.0010981656899214966
206.0	26.342249889073887	21.401556919373192	24.988512008575356	27.26761528627723	6.589670033255868E-5
207.0	26.717927030871554	23.437820262855823	25.894978498107946	23.948966645979446	3.0756218522932607E-4
208.0	28.714948650679606	21.85879266475947	21.376785800605557	28.049384994660727	8.788929464446583E-5
209.0	27.330612395591412	20.386067837672005	25.020613608673713	27.261915017431466	7.911406314005475E-4
210.0	25.232002943543186	23.497088437515316	24.228820039656068	27.041758881348088	3.2969793734376435E-4
211.0	25.332986841899874	25.048956205549448	25.58647962285199	24.030785851804996	7.914778936926468E-4
212.0	28.97882289801646	22.180220921076362	23.696116944760934	25.144575292207932	2.6394393830750346E-4
213.0	30.241369323498628	22.753387612601312	22.240195003948145	24.764695940146673	3.521198052425357E-4
214.0	28.157600955114592	24.10087461874591	24.104970987359177	23.63646534483165	8.809394867250127E-5
215.0	26.73439208863673	24.259949209245672	22.672611170742123	26.332650073077126	3.974582983441225E-4
216.0	26.467339972891164	23.95500442545372	25.628502646673695	23.949108287267894	4.466771352897941E-5
217.0	29.868856527189692	22.63555211566441	24.850356103045705	22.64458220522894	6.530488712500639E-4
218.0	25.298681703480426	23.83938665069971	24.57594208266536	26.285671435924062	3.181272304411402E-4
219.0	27.127072380887707	22.15854293052804	24.073731657473417	26.64003362242131	6.194086895239179E-4
220.0	28.196924244968553	21.204871507998977	24.519175729163283	26.078706029586456	3.2248828273377005E-4
221.0	26.31089489058472	21.92535941331175	23.762190799779514	28.001253559827116	3.013364969029562E-4
222.0	26.01064732580153	24.60838161302404	23.458926767139545	25.921833891057076	2.104029778099668E-4
223.0	31.680314878679933	22.388389794827397	22.93692018752691	22.9935709115681	8.042273976620637E-4
224.0	30.978506560729684	22.127287946468257	23.702735448896338	23.19125669069735	2.1335320836998858E-4
225.0	31.555155237133448	19.011314133144435	23.72032837657241	25.712320366178538	8.818869711687314E-4
226.0	26.008256337038482	22.14512090840417	25.201381562645313	26.645096707217903	1.444846941343308E-4
227.0	27.26854087427613	23.037598082085474	25.089455240754955	24.603140816135394	0.0012649867480474808
228.0	28.23241193376563	27.573290332296445	22.940541417997657	21.253560738149694	1.9557779057725763E-4
229.0	27.153175495727762	25.24004445208271	21.74855379089127	25.858176946806676	4.931449158115328E-5
230.0	26.595639441386382	22.621833216263685	26.246443791903353	24.53603383934266	4.971110391957141E-5
231.0	25.76765041684912	23.94626384239217	23.92904490447637	26.355683430957587	0.001357405324749169
232.0	25.758628226130405	24.583171860280867	24.255411075820323	25.402535877372895	2.5296039550863755E-4
233.0	23.84416633561181	25.251772338011786	21.015080743255695	29.88846864262048	5.119405002273015E-4
234.0	27.55775367688568	20.971115699422626	26.079160918660136	25.39054216625117	0.0014275387803887318
235.0	25.907016657696513	20.897204647459766	28.070281888770598	25.125155336034098	3.414700390247721E-4
236.0	28.989531901339905	23.1831974427562	23.429313281774057	24.397611743157903	3.456309719382214E-4
237.0	28.39175620832115	24.19357562361975	21.83716503799897	25.577342304876836	1.608251832938016E-4
238.0	27.37767605891911	22.04482055082934	23.65444004175541	26.923036199334575	2.7149161566017937E-5
239.0	28.886370263593697	22.33198721369741	23.696996539335487	25.083655650126268	9.903332471376618E-4
240.0	25.967320136946466	21.021333138502364	26.64420614291818	26.36702686705828	1.1371457471175489E-4
241.0	29.51776703213615	21.339341175639998	23.02036414857681	26.12013634932483	0.002391294322213245
242.0	28.053657925731574	22.94108233787994	20.53587754076303	28.46821266803758	0.00116952758787217
243.0	28.485543012294123	22.409130524673344	25.282480390286693	23.820390218159844	0.0024558545859943185
244.0	27.10071545245717	22.50645795250723	25.468333862556463	24.92343428622103	0.001058446258106411
245.0	29.911933579179212	20.431518580936757	23.149977263747978	26.504792962484895	0.0017776136511553629
246.0	24.75554447643095	26.210301824456124	23.003517494422784	26.028051501080977	0.002584703609165244
247.0	26.461568748105847	23.11616942048978	24.32414074761196	25.957381530538328	0.14073955325409132
248.0	26.614522963484138	22.561011273216238	23.17479031449009	27.638986248963853	0.010689199845683681
249.0	26.372579730145233	21.49651458044325	27.9959234521316	24.118381564303068	0.016600672976847114
250.0	28.325677059528008	21.127931128249337	23.7700687907523	26.77522375797689	0.0010992634934593824
