# Position (bp)	A	C	G	T	N
0.0	23.963738155045526	24.05724817341551	25.43200843703045	26.547005234508518	0.0
1.0	22.817701059957418	30.06034178415522	23.917480682315208	23.129832433468	0.07464404010415224
2.0	24.4888657455567	26.57350940972878	22.980146308083985	25.956336068442265	0.001142468188273947
3.0	25.611549868533	22.17814619514798	24.362613381273523	27.83999961545302	0.007690939592476339
4.0	25.77509233865351	24.110294859294623	23.82013054692341	26.29448225512846	0.0
5.0	28.18954437693451	23.999750511122347	22.632419520345636	25.177625885430626	6.597061668732747E-4
6.0	25.789576104496426	23.60408477311307	24.279611162172436	26.321099571583822	0.0056283886342475475
7.0	25.479007005135667	25.510563285582542	23.60391847721822	25.406033106602255	4.781254613163631E-4
8.0	27.242321026737816	24.56215791956648	23.837575125738883	24.357945927956827	0.0
9.0	26.09443317409289	25.79504606024302	22.121599517931966	25.98874261580261	1.7863192950469533E-4
10.0	24.59962279642311	25.26478620172657	23.367285621642203	26.76830538020812	0.0
11.0	27.138167001974935	22.554114601598403	22.84118385352258	27.466534542904075	0.0
12.0	28.212806756752144	24.75578312608972	20.0441518176514	26.987258299506735	0.0
13.0	25.12849119956766	23.040217787597545	25.082819171915016	26.748303309452425	1.6853146735292682E-4
14.0	25.989758086605676	22.13684516398229	24.113888921298834	27.7595078281132	0.0
15.0	25.310008869542038	23.85753222682551	24.43216007082469	26.40029883280776	0.0
16.0	26.61190823360914	24.768933936136253	21.80185154827744	26.817252357574866	5.392440230192488E-5
17.0	28.504260775516066	26.700613450277572	19.457506316171937	25.336193566376842	0.0014258916575832087
18.0	25.43307338192953	26.4085589641332	20.15752122744412	28.000636914984945	2.0951150820525634E-4
19.0	25.249237528214586	24.737463545295622	21.9873498525123	28.02532324214268	6.258318348137733E-4
20.0	22.37567459886269	25.418988632071322	24.415589119490022	27.78974764957597	0.0
21.0	24.082798272283984	24.52882919702639	23.738301174972015	27.6496098383202	4.615173974110925E-4
22.0	22.616347871645342	26.878286248940864	25.974064873860332	24.531301005553466	0.0
23.0	25.143030622646673	24.184222835799936	23.127872356976955	27.54441955784014	4.5462673629527705E-4
24.0	27.50949669161243	22.006145757260107	24.914543540622915	25.56976395546904	5.0055035511544945E-5
25.0	24.65689743696488	25.694233815252925	19.882850521666555	29.76577042706679	2.4779904884813093E-4
26.0	26.350627696314355	25.64572308417208	19.95069314963032	28.05285749561221	9.857427103094394E-5
27.0	25.507646901520335	25.349802977749462	20.16322172671716	28.979279236764903	4.915724813792344E-5
28.0	27.86054170898591	23.96159641226826	22.725639553342177	25.449305154106867	0.0029171712967847427
29.0	27.358512786568777	23.924085741465245	22.83518086165433	25.881499576753303	7.210335583438725E-4
30.0	23.372367486307493	24.718654276569577	25.295286492349767	26.61354851769523	1.4322707793844671E-4
31.0	25.90603178765538	25.16571014868665	22.832347837157744	26.095197647920624	7.125785796028657E-4
32.0	23.996432975391013	23.052744033496886	24.62315769252681	28.327524048930762	1.4124965452688663E-4
33.0	23.767702620694546	24.936550206383835	25.25891853844141	26.036735343109335	9.329137087471389E-5
34.0	25.7452402869675	26.629149014768643	22.79414654354145	24.831417920350198	4.623437220426531E-5
35.0	25.00649882014378	22.54912101169238	26.297429945464827	26.14662985832572	3.2036437328490647E-4
36.0	23.2033025094847	25.04875527162802	26.580070902625263	25.16773413847549	1.3717778652667215E-4
37.0	25.304524627092178	25.68342054933281	21.491018763324664	27.52103606025035	0.0
38.0	27.185226043526523	25.19388967059663	21.25595630073452	26.364882286086143	4.569905617739277E-5
39.0	23.37224008202309	27.38183137383193	21.859025555456054	27.386674537569245	2.284511196846278E-4
40.0	26.198842912381497	26.57888918126731	23.103469070017326	24.118707468075932	9.136825793624689E-5
41.0	23.959852147443275	24.814270731698404	21.633348681349602	29.587412434085753	0.005116005422965748
42.0	24.322364064034346	26.51624837287903	20.65144214300395	28.509854072940694	9.134714197629542E-5
43.0	25.89058230759289	26.02375007934808	22.634776425650962	25.44673540303573	0.004155784372332706
44.0	28.962704787597147	24.864920893163646	22.82045814339915	23.35159654303422	3.196328058326594E-4
45.0	25.64816645216724	24.150429310833644	22.139354474652926	28.05789521501152	0.004154547334675267
46.0	24.855059364032446	24.40215982090359	22.93577144025798	27.807009374805986	0.0
47.0	25.160172140546145	24.800343988957295	23.034068418015966	27.003589608758205	0.0018258437223841136
48.0	22.45971613289478	24.215678400765157	22.986080436314253	30.33852503002581	0.0
49.0	22.19274114544858	26.15671653708935	24.627568827160633	27.021193979046483	0.0017795112549524026
50.0	26.99978556535466	24.879255044917215	20.65014759491014	27.470766170425353	4.562439262527318E-5
51.0	24.830028793833957	27.254969582179207	21.284491473156773	26.62800118240839	0.002508968421667269
52.0	22.772737146846538	26.376761697094892	21.546682041312074	29.3038191147465	0.0
53.0	22.21669993679434	25.239112938062995	24.28952741261476	28.252840844500426	0.0018188680274830958
54.0	23.119302181659943	28.32379272980092	22.698466758548687	25.858392858848024	4.5471142421529315E-5
55.0	24.276407042392194	28.2389436865434	22.505282520110327	24.97796019631873	0.0014065546353461734
56.0	26.156868989727556	26.20051201158491	24.99951230510918	22.643106693578353	0.0
57.0	22.999483761158334	28.018023903037825	22.589713510124724	26.3875166371349	0.005262188544215539
58.0	25.64422520836877	25.46414923172875	21.919011169700063	26.97243295345013	1.8143675228213414E-4
59.0	27.3092389514753	22.66372879941436	24.87588297031805	25.148291843064186	0.0028574357281063727
60.0	23.55898985288311	22.98959567307518	24.58194313122421	28.869426059361174	4.528345632320071E-5
61.0	25.358973000557405	24.102527878111964	23.06025982893908	27.47176417157168	0.006475120819868025
62.0	24.966867476698564	22.396091562129993	25.034151288964956	27.602753836784682	1.3583542180294357E-4
63.0	26.384809619946203	24.269183908259347	22.415662702424683	26.928034678024375	0.002309091345389809
64.0	24.871845742178444	22.13508631516344	23.82622992159576	29.166838021062354	0.0
65.0	23.858697936177915	26.56650698416988	23.74296917258679	25.826674372879793	0.005151534185626045
66.0	24.408330881930972	24.415606011516395	23.43793704437242	27.737629003637114	4.970585431033353E-4
67.0	26.319235431985355	26.18666235299593	20.90330434106797	26.590120097473296	6.777764774510544E-4
68.0	23.731326221750706	22.561073415516105	26.875059020954755	26.83240579126033	1.3555051809667192E-4
69.0	23.12897907510831	25.17235599198842	25.334512268348984	26.361261050821465	0.002891613732815795
70.0	25.560958970244922	23.06187716972568	24.68787985709477	26.689013280729	2.707222056279537E-4
71.0	24.55380002285782	22.812195997721417	26.509088683848432	26.123835398486523	0.0010798970858077225
72.0	26.773404311797737	25.779183909628433	22.651290398920924	24.794681654208542	0.001439725444357761
73.0	25.199720360005003	22.981494994282137	23.1176260471879	28.69692980838182	0.004228790143140047
74.0	24.7827119598612	25.91924019133763	23.516858996907903	25.780469131648527	7.197202447408693E-4
75.0	25.025155419334205	25.002035373669866	22.371387998897074	27.59921715705303	0.0022040510458222213
76.0	26.530778392693932	24.458090145588795	25.331541960231156	23.67873489597202	8.546055140946939E-4
77.0	24.084795145413608	25.011041737317296	24.035545848621602	26.86789764421948	7.19624428011021E-4
78.0	27.185488216124227	26.315358661402804	20.70469385130036	25.79405449699613	4.047741764869379E-4
79.0	27.61426113940702	21.187978547576485	22.69050269279635	28.504424281265106	0.0028333389550376092
80.0	23.702879561727027	23.556317870227918	28.495883096026915	24.242625932200266	0.00229353981787495
81.0	25.144286679216332	25.407361970915115	21.89717308735269	27.550638620891867	5.396416239975032E-4
82.0	22.971887044530952	22.140104749617656	24.166205364831665	30.720723597084067	0.001079243935660873
83.0	25.12512084897812	22.680846280099825	24.110843806911436	28.081974953346673	0.001214110663938665
84.0	23.871878043494487	26.084147254998413	24.856902364472038	25.185633491995972	0.0014388450390871248
85.0	24.78458586171051	27.222034379934605	21.40706662686009	26.585458848750587	8.542827442079631E-4
86.0	25.56363595490463	25.101307226274912	22.77963739364034	26.553531084559445	0.001888340620679578
87.0	21.74002960983446	22.212815852096494	26.498374066712493	29.54797121380989	8.092575466638133E-4
88.0	24.714323092512654	26.84126623046747	26.18948500381682	22.254386193638997	5.39479564064547E-4
89.0	26.64513907370511	26.28760960101275	23.203811130212117	23.862361267955144	0.0010789271148769664
90.0	23.66896277658624	25.98756477336123	24.726420068986695	25.616917518511013	1.348625548272478E-4
91.0	26.196283662897223	25.07943158095368	24.14805471294047	24.57555575134993	6.742918586900037E-4
92.0	25.30797826194447	24.809432410200163	22.574673996592754	27.307915331262617	0.0
93.0	26.199295828776627	26.339581695503707	21.204471707518575	26.256291176104384	3.595920967051026E-4
94.0	28.185928812538485	23.45927554015363	23.007600580718528	25.34261044664087	0.004584619948490447
95.0	23.84219661960335	27.00928471971904	23.920445709693627	25.22609537489899	0.0019775760849926245
96.0	25.87961989202949	24.635918621227727	24.059078169858502	25.424169862097607	0.0012134547866746485
97.0	25.525066669782564	25.173269529280322	23.26993374816754	26.031595230155684	1.34822613886909E-4
98.0	27.643512813668153	23.630888341822452	24.6501665916173	24.0754322528921	0.0
99.0	22.021145080670276	22.306276072409343	26.72555928590078	28.947019561019605	0.0
100.0	22.5362296046985	25.03547692763965	24.97629628963912	27.45199717802273	0.0
101.0	23.725896632032736	22.393322390311788	28.080757881379505	25.799933227497867	8.986877810365195E-5
102.0	24.759623054794933	24.52008874903321	24.919567256334513	25.80067599906703	4.4940770311767606E-5
103.0	25.646369746637887	25.660345308727354	25.096065137803087	23.59695018183959	2.696249920797658E-4
104.0	26.04451642358727	27.037175509675844	22.938468617772777	23.97952488972452	3.145592395934816E-4
105.0	27.254011610819145	23.50381949032117	21.017173550198052	28.221445051739956	0.0035502969216678667
106.0	25.764413505484974	23.368731377827313	24.91301788177982	25.953702413748164	1.34821159731616E-4
107.0	25.888737542170233	24.553580857870752	22.61812047148872	26.93857245640518	9.886720651157397E-4
108.0	23.516514824291544	24.67849769967115	24.832991362195518	26.971906239692554	8.987414922883487E-5
109.0	25.80752134847213	24.601878629599742	26.003436605237944	23.586219788159887	9.436285302940705E-4
110.0	24.8785217896906	24.66598547204181	22.974861402056703	27.48054146884613	8.98673647563561E-5
111.0	24.624265144989373	24.413340469004094	24.798208353497895	26.16328733342051	8.986990881349702E-4
112.0	25.687075380135877	24.254376505266183	23.754178798662785	26.304189582659333	1.7973327581868507E-4
113.0	28.45178790551552	21.927279605929744	22.88293502001489	26.73696403610184	0.00103343243800641
114.0	25.876275411627475	22.484898155786688	27.650933070208072	23.987668699417135	2.2466296062646817E-4
115.0	27.03382823453284	23.586790451881942	26.283297983247657	23.09536434554409	7.18984793471618E-4
116.0	26.445712046604303	24.632578613752116	25.064730692458888	23.85684383838402	1.348088006779984E-4
117.0	25.64211103396986	26.926400506885418	23.89807468920689	23.532604910227807	8.088597100237939E-4
118.0	26.295494936831155	24.771668722490713	25.27643531344015	23.656176347014114	2.2468022387137508E-4
119.0	27.064315828166386	21.605608435841	24.67724352262688	26.65215816572764	6.740476380921396E-4
120.0	25.253360882149273	24.059903396404124	24.97529638718369	25.711304526007435	1.3480825547782112E-4
121.0	27.48865021728942	23.319461501510084	24.61910879659275	24.571925695153126	8.537894546217645E-4
122.0	26.97243221066718	23.99924148024591	24.700018468697806	24.327858480345217	4.493600438934891E-4
123.0	24.08157249437968	28.381549981643804	23.338652210584403	24.19723673018014	9.885832119697654E-4
124.0	25.000898709991677	25.399791139797934	22.968915418807843	26.630304860403374	8.987099916779454E-5
125.0	26.456107272414364	23.917459806770538	24.564343991764314	25.060920619186255	0.0011683098645344711
126.0	24.141896172874453	24.025738845975834	25.04410383611257	26.788126339628747	1.348054083929847E-4
127.0	25.680693792266734	23.189647037677773	27.45278483003438	23.675391493855173	0.0014828461659439664
128.0	26.093540558162566	23.5373362829035	24.916139010851488	25.443457809328535	0.009526338753909956
129.0	24.186188423504206	26.795535051089164	22.488264028905967	26.526911962355022	0.0031005341456433228
130.0	26.054942477291537	24.36363734406048	23.785309668182812	25.79611051046517	0.0
131.0	25.50472097449973	24.429762360541176	24.956591839265784	25.107936234040984	9.885916523320877E-4
132.0	26.33154308372293	25.491554731130034	22.304604859916562	25.866141095395502	0.006156229834977092
133.0	26.703978646343547	25.682669926035107	24.793069048881538	22.81852986905607	0.0017525096837394062
134.0	26.3866988709768	23.011132955119923	21.34718867606583	29.254934561590744	4.493624669999438E-5
135.0	25.608565846258376	24.296709439578393	26.260494761381793	23.833600851264226	6.291015172131163E-4
136.0	27.731692476931634	26.19610828358068	24.332754246313602	21.733378509909937	0.006066483264145466
137.0	28.362953486271554	21.93446133921827	24.074850483723186	25.627510006322623	2.2468446437245854E-4
138.0	24.475732182038854	24.610402361423848	27.31099554829007	23.60165666338791	0.0012132448593242585
139.0	25.481950936311748	24.138572521135202	25.33478862999307	25.043564536175865	0.0011233763841120429
140.0	26.290249669500888	21.885736727685806	25.88106884896438	25.942450465574616	4.942882743138155E-4
141.0	25.222129504433155	25.418724170269403	25.272143187421896	24.086598714562967	4.0442331257743025E-4
142.0	28.30545710763993	22.971609703182345	23.664257632316023	25.05836100285211	3.1455400959749216E-4
143.0	26.481403342271157	25.880021012207845	23.793000094815568	23.845350869270003	2.2468143542678012E-4
144.0	27.59561405046062	25.199213257606907	23.340967987924756	23.86362053385064	5.841701570833552E-4
145.0	27.6732043941941	22.65269339185788	23.029436175485564	26.643767319990058	8.987184723942894E-4
146.0	27.276751049695157	22.05366386747958	24.939336966524788	25.725574815943865	0.004673300356608766
147.0	26.16850566077074	24.945674933902257	26.61407005731766	22.26869384387812	0.003055504131221321
148.0	24.531248034135498	24.66083782224451	23.65346144928474	27.153868551739755	5.841425954983276E-4
149.0	27.30511272695247	25.22927782316153	23.953230469483692	23.510581604032595	0.0017973763697131297
150.0	25.204273476621335	24.09775469927853	25.07930987378721	25.618661950312926	0.0
151.0	26.25780588954001	23.94923526210758	26.061976190379898	23.730308622752823	6.740352196882991E-4
152.0	27.196830395418687	24.39399331712043	23.21141302101027	25.197673394482223	8.987196839382615E-5
153.0	24.688513731818265	23.525251204401588	25.35725375318092	26.42799271494878	9.88595650448755E-4
154.0	22.983050877923002	24.981823214698167	25.149570902044875	26.882768946771	0.0027860585629509932
155.0	27.176813964827296	23.5386609925381	24.470443377424665	24.813812039248553	2.6962596138506857E-4
156.0	25.47032029953822	23.78712546488281	26.060130535678017	24.68233382405545	8.98758455070166E-5
157.0	24.999112466054633	22.75246071595004	26.610110157567608	25.63795715300681	3.5950742090724397E-4
158.0	25.297454804306284	21.327136470592464	25.833628436301797	27.541690409722758	8.987907669022097E-5
159.0	26.402587165380304	21.970142975401973	24.230407282604492	27.396323284218777	5.392923944492432E-4
160.0	26.116313089435828	21.41457857234345	26.192668693528198	26.276394703195116	4.494149740575206E-5
161.0	24.511241633435606	20.88390648952823	28.813519711902103	25.787242419026395	0.004089746107662791
162.0	25.350130740045284	23.887990522357942	24.726182974940517	26.035695762656257	0.0
163.0	25.093417493723475	24.07133078467099	26.9441940027632	23.891057718842333	0.0
164.0	25.447643497837458	23.97815840415582	25.05891199224784	25.513623131344865	0.001662974414015009
165.0	26.421980412514777	22.346767705369704	26.455240483799198	24.775337207682178	6.741906341437105E-4
166.0	24.64790631570715	23.500539815554777	25.696433981141965	26.155029993248935	8.989434717376667E-5
167.0	26.301460375679287	23.637454658234333	26.598929327525994	23.46157130849481	5.843300655798127E-4
168.0	26.061903882174146	24.400651411624093	23.98014659908024	25.55725315738207	4.4949739448835286E-5
169.0	26.190917141277424	22.566494203530475	25.651276841542188	25.59108705717355	2.2475647635786624E-4
170.0	31.11520064513548	22.95571121556704	23.18536542169124	22.74367776669488	4.4950911357252314E-5
171.0	25.302773687456288	23.844057167411915	26.74193757180537	24.110287652982517	9.43920343910635E-4
172.0	26.998871558556942	24.591529813368997	24.343910842789818	24.06559790544011	8.987984413037431E-5
173.0	29.265518697930244	20.091489992720344	23.23589679066047	27.405476817442416	0.0016177012465286827
174.0	24.25787398832658	25.90647870919211	23.837859042678677	25.997428773382907	3.594864197264578E-4
175.0	25.61951235294937	24.26151700931858	23.247514198960246	26.869524148904954	0.0019322898668472533
176.0	24.32258142796604	24.456543964293434	28.2196733938539	22.99980811136192	0.001393102524706224
177.0	22.060274903463796	26.379730633435685	24.388109688135934	27.14721141608002	0.02467335888456643
178.0	25.141322400207063	23.456013459105026	24.042602525020133	27.35988187334637	1.7974232140802946E-4
179.0	27.990839693284315	24.369543597963915	22.995227958349005	24.643265282644265	0.001123467758497573
180.0	26.824425953679764	22.119089096026308	25.464865093820155	25.591529735775126	9.012069865170422E-5
181.0	27.656322049636472	22.551902809749706	26.491029862558058	23.29975265684092	9.926212148420332E-4
182.0	25.592342858586715	23.049618189726587	25.650593515993435	25.70735519455088	9.024114238066962E-5
183.0	24.019605188823128	24.406492707165768	26.13643132137384	25.437019549235877	4.5123340137933027E-4
184.0	25.991366550663532	22.308432369207665	26.66270162163723	25.033754025212634	0.0037454332789418204
185.0	24.667163884816844	24.78100067183106	24.604582979708354	25.94657566942844	6.767942153044829E-4
186.0	27.317226809231453	23.07015461866055	25.404686119516533	24.207932452591464	0.0
187.0	24.488011638010146	22.59326366078347	27.684034172640732	25.233876808154566	8.137204110915517E-4
188.0	27.618404342709475	27.898843116591188	22.364754863598613	22.11740994470342	5.877323973016754E-4
189.0	24.781900807650867	23.877176301010568	25.064033787232848	26.27598483173526	9.042723704550705E-4
190.0	28.20357919478291	22.09623952578857	25.3093936567122	24.39069718648358	9.04362327340275E-5
191.0	26.667792923873918	23.96174107286416	24.726448580395065	24.643745671798083	2.7175106877430757E-4
192.0	27.048222405222578	23.272345294490147	24.216473112084095	25.462913891085798	4.529711738204404E-5
193.0	27.64362080221155	24.651987951015776	22.003621581435976	25.700543146607906	2.265187287950155E-4
194.0	27.363225327099418	23.866795331811097	23.993557681852778	24.776421659236707	0.0
195.0	26.22017088192327	22.03725218677387	24.87366917636653	26.86818275738319	7.249975531332582E-4
196.0	28.046112404776345	22.42033363243035	26.52671166442041	23.00675147944041	9.081893247794009E-5
197.0	25.19503015433917	24.24972943071678	24.21662074293352	26.33784759012807	7.720818824627959E-4
198.0	27.166648547865247	23.42119663235921	24.38810381663834	25.023960030075692	9.097306151189041E-5
199.0	25.629498615390084	23.211966966187088	25.398958102678915	25.75907514071628	5.011750276329686E-4
200.0	27.331891352993416	23.52534575860484	24.22454067063477	24.918176652767823	4.556499915476927E-5
201.0	24.954056033184465	21.408362007016564	29.023326730525707	24.614027389120448	2.278401528169473E-4
202.0	24.973853126345798	25.365543547361728	28.288934916500896	21.371668409791578	0.0
203.0	25.4971207568088	24.766779478052836	22.91911314204023	26.81630282563347	6.83797464661347E-4
204.0	25.67036987055807	23.69067244881956	24.323703301152175	26.315163197496506	9.118197368852967E-5
205.0	27.347500786489704	24.54992271883791	25.412416962645157	22.689110879090315	0.0010486529369121275
206.0	25.285788676430222	21.793170619601707	25.77346476648546	27.147484740457827	9.119702478826331E-5
207.0	25.905958789187828	23.453066730758792	26.980763696613774	23.659937145325095	2.7363811450569327E-4
208.0	27.89739645769358	22.316402736191773	22.31202366159971	27.474177144514933	0.0
209.0	27.354924599982755	20.395484530598225	25.416282096847265	26.832533169574646	7.756029971124757E-4
210.0	24.483638514105486	24.70750467262426	24.99917864026634	25.809404386426028	2.737865778868057E-4
211.0	24.826659814151387	25.98831633973444	25.47885069443335	23.705397222996883	7.759286839382305E-4
212.0	28.72951487778449	22.638534427608388	24.499222125872684	24.132545915578625	1.826531558127312E-4
213.0	29.291308938605937	23.09789797308627	22.810695130481744	24.79968675426521	4.1120356084007974E-4
214.0	27.91013159380717	24.90351418242072	24.831867090300484	22.35444141101335	4.572245827711376E-5
215.0	25.480597649479947	24.997216814927583	23.18968127835012	26.33204611978187	4.5813746047991733E-4
216.0	25.92557448013968	24.53971231093674	25.689228046073204	23.845392586887172	9.257596320660919E-5
217.0	29.19212935191932	23.13514179667788	25.422943935333375	22.249224740883967	5.601751854529974E-4
218.0	24.180871272336073	24.773972141404066	25.54685906647845	25.498156215571814	1.41304209593708E-4
219.0	26.30618243771311	22.992450175003338	24.893185488334616	25.807469247920366	7.126510285692296E-4
220.0	28.278084362886442	21.686207489163436	25.16966144092879	24.865855754358495	1.9095266283488324E-4
221.0	25.713524581098536	23.141835520766914	24.160441929865563	26.983957538110587	2.4043015840500556E-4
222.0	25.24817582862274	25.229401527819522	23.978040877392143	25.544235851910653	1.459142549472228E-4
223.0	30.729738234310776	22.708714378429406	24.11543453891085	22.44552284303892	5.900053100477905E-4
224.0	29.641449933410158	22.766332255212095	25.147843248204143	22.444325273875982	4.9289297617651086E-5
225.0	30.69404833773966	20.217203603967974	24.332384659840578	24.75561992392769	7.434745241019571E-4
226.0	25.247375711018883	22.297602260232285	26.210378934554956	26.244593000393234	5.009380064170159E-5
227.0	26.85087313562985	23.70338916649606	25.819185477817125	23.625591758226484	9.604618304885971E-4
228.0	27.31038492777077	27.801824256945157	23.24016536839398	21.64757462060721	5.0826282880793054E-5
229.0	27.541638934724222	25.372548094623266	21.882425451923837	25.203387518728675	0.0
230.0	25.805785412710268	23.21163024580266	27.31727844297895	23.665305898508123	0.0
231.0	25.002834419510883	25.691125957403926	24.331811844934155	24.973073014646598	0.001154763504434292
232.0	25.021465429582847	25.286328789202102	24.934548898986957	24.757604141614877	5.274061322565809E-5
233.0	23.53189420770632	25.38416748131647	22.184169618102853	28.89934133559833	4.273572760247226E-4
234.0	27.30580115261584	21.25581541658938	26.908904732927436	24.52801433556459	0.0014643623027585332
235.0	25.661553867209953	21.751110481595735	27.69190565833675	24.8951554948732	2.744979843613008E-4
236.0	28.389577788262105	24.159448801374435	23.976238906148463	23.47462323188264	1.1127233235710408E-4
237.0	27.361930791940424	24.98540726237995	22.224332090820482	25.42816131505987	1.685397992690991E-4
238.0	27.33184906429032	22.361387459652484	24.72138661756782	25.5853199608772	5.6897612177909725E-5
239.0	27.691100624213966	23.2408358236509	24.475187206498287	24.59189560281069	9.807428261546804E-4
240.0	25.33399460280421	21.679231975946916	26.750907164188693	26.235687857023077	1.7840003710720771E-4
241.0	29.019638428116068	21.212848268643885	23.767106079422934	25.998323476214914	0.0020837476022018664
242.0	26.731125579775362	23.98500173254203	21.54948301065111	27.733196877010986	0.0011928000205161603
243.0	27.903347280334728	23.30968320382546	25.198147041243274	23.586790197250448	0.002032277346084877
244.0	26.76574092484746	22.740704451753704	26.433590222096587	24.05918582951434	7.785717879122537E-4
245.0	28.756252996368058	21.34008079918349	23.51066632025302	26.391619829821295	0.0013800543741423414
246.0	24.726560927075504	26.477328251294097	24.00103612058184	24.793091407591447	0.0019832934571148847
247.0	25.541013636062353	23.02668763595389	25.147477961158614	26.143278078056365	0.14154268876877746
248.0	26.114371889609412	22.99930628864425	24.34993213693259	26.526014175840746	0.01037550897300558
249.0	25.37197018434049	21.669621306297373	28.784639421100238	24.158109095130527	0.015659993131369808
250.0	26.863243924431686	22.15478824000334	24.67718386485536	26.30351226619561	0.0012717045140060083
