# Position (bp)	A	C	G	T	N
0.0	22.886599822683692	25.065122613313346	25.52989242201281	26.517928141194965	4.570007951813836E-4
1.0	21.86518482725296	29.715499596566485	23.545474022984315	24.793610707171087	0.08023084602515419
2.0	23.73518713266593	27.297559376664527	23.177499465075094	25.78884351511675	9.105104776993221E-4
3.0	25.300727934485895	22.746132848043676	25.46223839854413	26.481346678798907	0.009554140127388535
4.0	26.17641308252284	23.8460943858644	23.22816207196024	26.74933045965252	0.0
5.0	28.186934737282016	24.090469290136777	22.72225528184209	24.999432182101472	9.085086376458723E-4
6.0	24.597902335726044	24.594728178804797	24.0093229523287	26.794418925230467	0.0036276079099990476
7.0	24.0628975808971	26.847831500405224	23.98592818302417	25.102889974509544	4.527611639584003E-4
8.0	26.85017195158277	24.445106375296742	24.556130231886414	24.14859144123408	0.0
9.0	25.6525733638378	25.11709390931527	23.051737493469762	26.178595233377166	0.0
10.0	24.21854608620519	25.47454255807465	23.456217880061562	26.8506934756586	0.0
11.0	27.246267590078094	23.013387733180878	23.645742648874105	26.094602027866927	0.0
12.0	28.815712331444203	24.83409946385025	20.67575260640151	25.674435598304036	0.0
13.0	24.147020061502417	23.657929418655733	25.115578520176555	27.079471999665294	0.0
14.0	26.16971052304634	22.550627407131323	23.320909429742827	27.958752640079513	0.0
15.0	24.660984825326178	23.63425897620882	25.105668390783514	26.599087807681492	0.0
16.0	25.60060480483844	26.041808334466676	21.951775614204912	26.405411243289944	4.000032000256002E-4
17.0	28.27959048851327	26.04674435240817	19.533494646563753	26.139779608079213	3.9090443559263073E-4
18.0	24.92025162888228	25.508238404024823	20.95356958747902	28.61755278121233	3.87598401544192E-4
19.0	25.05327209926688	24.138222827383014	21.56039171339995	29.24772872385436	3.846360957897733E-4
20.0	23.549079028724535	25.55208659343679	24.28570338083861	26.613130997000066	0.0
21.0	22.776590747223104	25.111757663923868	24.89506144777318	27.216590141079845	0.0
22.0	21.452574241476324	27.10305582299678	26.620537737934235	24.823457571750215	3.746258424398632E-4
23.0	24.687423296912538	24.39028018475682	23.608187612962727	27.313737011610524	3.718937573913884E-4
24.0	27.12882055955259	21.52925268054647	24.934777656111056	26.40714910378988	0.0
25.0	23.610142653766815	26.803872860919842	19.815726778814028	29.770257706499315	0.0
26.0	25.190378382656053	24.701167989812912	20.496836319555108	29.61161730797593	0.0
27.0	25.50623680881789	25.0644105937958	20.250189021353144	29.17916357603317	0.0
28.0	27.22816477920391	24.239397799979532	23.280550252151848	25.250122635083866	0.0017645335808385769
29.0	27.385149143810516	23.636833250727744	23.011357686857334	25.966659918604407	0.0
30.0	23.801060796602126	25.902906970701643	25.23635809333763	25.05932770023315	3.4643912544907174E-4
31.0	26.031433169195356	23.868119902275303	22.769578536403827	27.330523805749767	3.4458637574387587E-4
32.0	23.99157843013475	22.869271165677667	24.60408725947512	28.534039453075682	0.0010236916367805582
33.0	24.769420169932793	24.270250997329242	25.398427146191988	25.56190168654598	0.0
34.0	25.37263862688312	26.56528150490209	23.4556420543614	24.60643781385339	0.0
35.0	25.315592619181082	21.961509337476766	26.084291338453617	26.638278901596728	3.278032918006563E-4
36.0	23.884566009064947	26.109866645707246	25.859663601351883	24.14492127118866	9.824726872592943E-4
37.0	24.950246802047737	25.828456210639327	21.44690155413279	27.774395433180143	0.0
38.0	25.477902920754175	26.916356354260063	21.469146548169864	26.1365941768159	0.0
39.0	23.074733701483943	27.083278808657646	22.06417336229684	27.777814127561566	0.0
40.0	25.214660713409547	27.206057929771195	23.510459087712412	24.06882226910685	0.0
41.0	24.48360891633091	24.30308461095704	21.581811522160013	29.62724347234577	0.004251478206268641
42.0	24.126001039871554	25.696926492853333	21.638484403561723	28.538588063713387	0.0
43.0	26.19970115776843	24.65056057440485	23.49017646077941	25.656946120118885	0.002615686928431536
44.0	28.497407632609562	24.49280479113953	23.440820142661934	23.568967433588973	0.0
45.0	24.83885729227953	24.644374713996207	21.54311302869844	28.971693796169184	0.0019611688566385566
46.0	24.91894683173624	24.05023989123188	22.924646699698012	28.106166577333873	0.0
47.0	25.141256785064197	24.85433149348209	24.072313016539056	25.931771910732905	3.26794181756388E-4
48.0	24.106148080623925	24.145028964624927	22.73747561776497	29.011347336986177	0.0
49.0	22.27177240457778	26.050436640562978	24.36333460748088	27.313476233881218	9.80113497142969E-4
50.0	27.00975764326945	25.76024356541084	19.36730487163489	27.862693919684826	0.0
51.0	24.548791879233647	27.199537523923993	21.660602655971363	26.590088118676064	9.798221949323597E-4
52.0	22.39143173383684	26.136467217917836	21.167719252555507	30.30438179568982	0.0
53.0	22.44788553011203	25.412951940321783	24.307631325864893	27.830881397343592	6.498063577054038E-4
54.0	22.948438870658567	28.999317716624972	22.151466909256314	25.90077650346015	0.0
55.0	23.39607609448982	30.52232377078381	21.84089333946511	24.24038293379624	3.238614650197232E-4
56.0	26.905977703015566	25.939429655701662	24.228785322716956	22.925807318565816	0.0
57.0	22.851675694577104	27.33562781481397	23.254127314582476	26.55436010839968	0.004209067626765785
58.0	24.949499527367372	25.504357284369455	21.23803850984759	28.30745723645875	6.474419568285704E-4
59.0	26.993318918079055	23.222262504369894	24.896093638729557	24.886706459673974	0.0016184791475146636
60.0	23.75866954548829	22.36863762671495	24.627802574802566	29.2448902529942	0.0
61.0	24.062164194276015	24.44520457325042	22.927241689766337	28.56022640364776	0.0051631390594696815
62.0	24.771139542763105	22.85861796356948	25.605588809473872	26.76433100466272	3.226795308239622E-4
63.0	26.10202303746007	23.86022650275869	23.31268350917949	26.724098990094536	9.679605072113057E-4
64.0	25.11175717657956	21.976124164635205	23.633024808485185	29.279093850300058	0.0
65.0	23.940061417753267	26.883933308680486	23.910799556248694	25.261668569223595	0.003537148093959516
66.0	25.809086202849528	24.373068723693645	22.940266688960413	26.876292206727353	0.0012861777690603507
67.0	27.253786721796917	24.732735088627457	20.408589773680877	27.604888415894745	0.0
68.0	23.047443906108843	23.63739828511354	27.151725978247242	26.16343183053038	0.0
69.0	23.452956172583512	24.80349513439486	25.24488765869074	26.497375112919975	0.001285921410912972
70.0	24.078187757038407	23.605381338410794	24.717357925678034	27.59843188542378	6.410934489865915E-4
71.0	24.26494087567913	23.71077021412592	25.60338766379035	26.420262064557363	6.391818472355385E-4
72.0	26.55797634036135	26.14159993353316	21.67841553278924	25.620410432737472	0.001597760578772792
73.0	25.432789085215834	22.630284052784614	23.27347669105665	28.65993545707256	0.00351471387033901
74.0	24.237283803901274	26.325928197657706	23.326816302799127	26.108374384236456	0.0015973114054423595
75.0	25.09671009969685	23.661790965631578	23.431795022504463	27.808426156927506	0.0012777552395950794
76.0	26.968348628248904	23.86485959874404	25.736024557043702	23.429808954632712	9.582613306416838E-4
77.0	23.622955113095582	25.339031229838582	25.77116429999553	25.266210579435196	6.387776351174392E-4
78.0	26.702351562225534	26.631130813034353	20.64092286760925	26.025275381573948	3.193755569111274E-4
79.0	27.707765123691384	21.537886675310904	21.901327933877962	28.85142342503465	0.0015968420850925211
80.0	23.7275253089771	23.33120429214703	27.67380959984671	25.26490594960559	0.002554849423562099
81.0	25.370755946146183	25.30624888230335	21.844902025905014	27.47745446184503	6.386838004240861E-4
82.0	22.55155544485531	21.965589255264113	24.795789984608408	30.685468677153388	0.001596638118777103
83.0	24.726671264720157	22.47713745625463	25.0	27.79555266048484	6.386185403734642E-4
84.0	22.831108542748865	26.158237365626587	25.388473658500764	25.621861161573754	3.192715500314482E-4
85.0	24.705570613568813	26.978319653420936	21.159967180980292	27.155504049701022	6.385023289372448E-4
86.0	25.208216947853984	25.12617516081148	22.928923720291774	26.735088027325983	0.0015961437167802588
87.0	22.425229021034824	20.94321555108685	26.651345398831754	29.979571642886782	6.383861597880558E-4
88.0	24.40339213502153	26.623536208200743	26.21116902267062	22.761902634107106	0.0
89.0	26.29333043958394	27.009852578362626	22.01430490969268	24.681554581752145	9.574906086129471E-4
90.0	23.54367925040132	26.057873052042346	23.99143425214064	26.407013445415693	0.0
91.0	26.38735536082408	24.635410350835766	24.37852223917081	24.598073817836013	6.382313333290785E-4
92.0	24.844916714531877	24.258727423575213	23.016146531367667	27.88020933052524	0.0
93.0	27.176476219346814	25.18340060947397	20.9576080539911	26.681876924549673	6.381926384479155E-4
94.0	27.02201659221442	23.183471601786852	23.91544352265475	25.87523931078494	0.0038289725590299932
95.0	23.789468310488296	26.554164433213366	24.193723358092758	25.461048574418665	0.0015953237869157926
96.0	25.512147654218577	24.43409319316605	24.264999122625106	25.78748384832581	0.0012761816644599358
97.0	25.585735615022397	24.594834296798236	23.486530633079386	26.332580426987228	3.190281127572962E-4
98.0	27.68588318238516	22.95741443168731	24.468278552811658	24.88842383311587	0.0
99.0	22.11635048646787	21.683934601880818	27.16534805333129	29.03436685832002	0.0
100.0	22.191540583199146	24.76571592557754	25.12060966471629	27.92213382650702	0.0
101.0	22.12748861708776	21.987832719017433	29.246113229686127	26.638565434208683	0.0
102.0	25.602900426964787	23.64696166245229	25.223128162775943	25.527009747806982	0.0
103.0	25.956403495627278	25.96150473937427	25.227563295275928	22.854528469722524	0.0
104.0	24.328003698330967	27.63545934227097	23.337106056016964	24.698793260110634	6.376432704723343E-4
105.0	26.937167015791943	22.847140520531436	22.161005735857238	28.05213604088751	0.00255068693187434
106.0	25.80263602568435	22.266573995549237	25.275303359753103	26.655167796361596	3.1882265171175885E-4
107.0	24.712993633416115	25.08281022351587	23.127564407066046	27.07599412119145	6.376148105168187E-4
108.0	23.607715381354176	24.505038076446155	24.131127056430916	27.75611948576875	0.0
109.0	25.436284181570716	23.888451497948868	26.038714941876588	24.63591188573578	6.374928680485387E-4
110.0	23.139031177383725	24.038875306402822	23.674538841837172	29.147554674376273	0.0
111.0	24.02524544179523	23.616600790513832	25.518615325768202	26.83890093076629	6.375111564452377E-4
112.0	24.809870782255032	24.339408543543257	23.25186304321495	27.59885763098676	0.0
113.0	29.281928202382208	21.192185961121048	22.717638321811165	26.80761005026407	6.374644215169741E-4
114.0	26.893421434286058	21.450542024855686	27.579678131902806	24.07603966455339	3.18744402051439E-4
115.0	26.152816295304582	24.310350323547226	26.18469286921042	23.35150298045966	6.375314781167321E-4
116.0	27.36395164992095	24.05390931810068	24.623858825929513	23.958280206048858	0.0
117.0	25.068693140886282	25.850296767119097	24.854166533849302	24.226206034796025	6.375233492926678E-4
118.0	26.20164033189148	24.845322376536817	25.54021618210043	23.412502350844868	3.187586264053271E-4
119.0	26.745613056436575	20.64389653029023	25.068931992413496	27.540920899542577	6.375213171190411E-4
120.0	24.618768328445746	23.422159887798035	25.627310977942113	26.331760805814103	0.0
121.0	27.990411557133793	22.554197972018834	24.576122609663035	24.8783115670155	9.562941688369231E-4
122.0	25.88753199641704	23.52163005607143	24.815831333059194	25.774050308090036	9.563063623062285E-4
123.0	23.51478599593891	27.326280087597105	24.778058646707617	24.38023773624601	6.375335103551381E-4
124.0	24.991393379915337	23.681912072219106	23.578313867496302	27.748380680369255	0.0
125.0	26.510601945708856	23.651965471955528	24.78929987632126	25.04717642708692	9.56278927437555E-4
126.0	23.991342294929378	25.063992426101894	24.713986528916926	26.2306787500518	0.0
127.0	26.062966776211983	22.407489457192856	28.188103442230517	23.340802815240295	6.375091243493423E-4
128.0	25.911877113741188	21.995977317425357	26.096754759802497	25.989334472349633	0.006056336681318751
129.0	24.18870029484421	26.849948203044065	22.862698222965975	26.09578452466332	0.002868754482428879
130.0	26.126648773739475	24.76427874715509	24.12134464710345	24.987727832001987	0.0
131.0	24.98621351362551	25.55297357776056	24.7930433230373	24.667132060195147	6.375253814792501E-4
132.0	26.483441872029527	25.536397917842102	22.00227596561188	25.973421566846127	0.004462677670354751
133.0	26.556334032475025	25.14965669805367	26.06034719078918	22.232068290630437	0.001593788051689734
134.0	25.364342271353706	23.388032487982763	22.061673615626873	29.18563286539418	3.18759642479185E-4
135.0	27.36609903666537	23.76140413513462	26.258997392429755	22.61318066190206	3.1877386819338096E-4
136.0	28.209983391828526	26.01968116136066	24.37289010873411	21.39266371481124	0.004781623265466161
137.0	28.82393818455379	21.343414895380416	24.655093271449882	25.17723488084461	3.1876777130325013E-4
138.0	25.840135913479468	23.888451497948868	27.326450535334633	22.944005813934957	9.562393020728082E-4
139.0	26.012520639292113	22.866104385411287	25.156029860832202	25.964388853825998	9.562606383996023E-4
140.0	25.755861211609265	21.453229842372853	26.20276365490971	26.588145291108173	0.0
141.0	25.654249995218635	24.9979280755328	26.04154049177924	23.30628143746932	0.0
142.0	29.31486239233962	23.125545872407706	23.79684939977942	23.76210482025258	6.375152206758936E-4
143.0	26.611946959071787	24.653193930893792	24.08708402397042	24.647775086064005	0.0
144.0	27.91341130268749	25.136669503654613	23.342035554790524	23.60756487617663	3.1876269073962505E-4
145.0	27.375282904593412	22.2785375027892	23.751872748716966	26.593669312422303	6.375314781167321E-4
146.0	26.954376368661126	21.38537991004689	25.274210360226828	26.38284579512239	0.0031875659427704414
147.0	26.20072164422685	24.25189973480212	27.182145042839657	22.36204610363117	0.0031874745002039985
148.0	24.368087208746374	23.918656169317565	23.68756574124247	28.02505338985752	6.374908360692315E-4
149.0	27.99822775852891	24.414857503498265	24.2975580680018	23.287125430708866	0.002231239262161051
150.0	25.111564452377916	23.784584980237153	25.5692974627056	25.53455310467933	0.0
151.0	26.624419850053556	24.32135206813893	25.388572958637223	23.66501759575662	6.375274136787882E-4
152.0	26.770391054329394	23.735161738642592	24.13966772494868	25.354460722436855	3.18759642479185E-4
153.0	23.443103178979783	22.645250337087248	27.28063828227351	26.63005192578024	9.562758792159813E-4
154.0	21.92775539348192	23.897077574335697	25.496633855255773	28.67693935839241	0.0015938185341969704
155.0	27.06120561835371	24.54920842434195	24.06995838846994	24.319308706535082	3.188622993160404E-4
156.0	26.32783926584208	22.812018711078373	27.12691837977622	23.732904776937033	3.188663662945496E-4
157.0	24.803336660214857	22.976209076965755	27.170311887170882	25.050142375648505	0.0
158.0	24.27273625907585	21.411511860385772	26.01472543661334	28.301026443925043	0.0
159.0	25.98789525376599	21.57202260232911	25.48980216584395	26.94964221482417	6.377632367759793E-4
160.0	25.78318324447052	22.136087655297327	25.040179596418277	27.04054950381387	0.0
161.0	24.29189175399098	20.92945385895874	28.79916576844334	25.977575243476984	0.001913375129950061
162.0	25.236067926333412	22.96165191740413	27.305110420154666	24.49716973610779	0.0
163.0	24.673108814899862	24.20940170940171	26.441829314963645	24.67566016073479	0.0
164.0	24.854892205638475	23.32408470468172	25.466577369562444	26.35348896542926	9.567546880979717E-4
165.0	26.32106010109869	22.517261724418365	27.0616000382708	24.099759212897258	3.1892331488893495E-4
166.0	24.059922561220652	23.10533332482825	26.34353730648279	26.491206807468316	0.0
167.0	27.197310632760395	23.191965068844866	26.858269198261098	22.75213615240598	3.189477276569143E-4
168.0	26.505082594148398	24.521164451504045	23.944807524854795	25.02894542949276	0.0
169.0	26.14084722678515	21.851765613985844	26.397292650797244	25.609775546461595	3.189619701642973E-4
170.0	31.55977583066731	22.240545049168613	23.898530523455168	22.30114859670891	0.0
171.0	25.327256025210836	22.950343842100562	27.685349392056548	24.036412814656988	6.379259750698529E-4
172.0	27.545956703108853	23.801171082677417	24.859036344385053	23.793835869828676	0.0
173.0	28.4977579905472	19.482201060090958	23.301271216170534	28.71781297240064	9.567607906671174E-4
174.0	23.800077815551628	25.889616726516607	24.599600716923607	25.710385824812953	3.1891619520222475E-4
175.0	26.603769372334757	23.657292673358278	22.5610553477053	27.17628784761759	0.001594758984074737
176.0	24.281850252301332	23.76799760138303	29.567738601784928	22.38145664946382	9.568950668869653E-4
177.0	21.637010903198227	26.18011649643046	26.032422500526337	26.12429263188787	0.02615746795710175
178.0	24.24629046045497	22.888146059531252	25.08612000663443	27.779443473379352	0.0
179.0	28.931888939927525	23.936482417189815	23.325294748124332	23.80505792885214	0.0012759659061909866
180.0	25.71765819828926	22.064910720569138	27.263974102247502	24.9534569788941	0.0
181.0	27.884991691634536	22.71936971905535	25.881681176900816	23.513315839786483	6.415726228130393E-4
182.0	24.35731720224903	22.967229993039943	25.56971444516789	27.105738359543135	0.0
183.0	23.563767688301024	25.292506446688133	26.486266309158786	24.657459555852054	0.0
184.0	26.326863799800492	21.72281400652406	26.641199092918157	25.306557098364497	0.0025660023927972313
185.0	25.064708052023025	24.644867456741025	25.5179049665635	24.77155732315538	9.622015170710586E-4
186.0	26.657642428460992	23.340272587593383	25.07658306415656	24.925501919789063	0.0
187.0	23.23659730288921	23.61210771710905	28.420378599445904	24.7302728322881	6.435482677289503E-4
188.0	26.525502815768302	29.06226870474658	22.335961383748995	22.075301689460982	9.654062751407883E-4
189.0	25.237584920719208	24.32554202831388	25.392703013217222	25.042882750675023	0.001287287074672305
190.0	29.121873028543472	22.26925107182861	24.454107710728586	24.154446318445753	3.2187045357984315E-4
191.0	25.86863114126978	24.868208245499066	25.11452082035323	24.148316971678895	3.228211990224974E-4
192.0	26.454759990831583	23.125720318053713	24.556187229426747	25.86333246168796	0.0
193.0	28.330416588635675	25.182915410098612	21.588215920905633	24.898129193493183	3.228868668995757E-4
194.0	28.953843570584397	23.2955316029785	24.12766479595461	23.62296003048249	0.0
195.0	26.166476654318554	21.782520371153865	25.554453878674156	26.4962261286895	3.229671639284434E-4
196.0	28.16651330369756	22.159761012973213	26.45219611451678	23.22120556253969	3.2400627276144066E-4
197.0	24.667273734797643	24.44043332998474	24.60602682549816	26.286266109719463	0.0
198.0	26.966846649112153	23.316763692681327	25.064855370089578	24.65088492270928	6.493654076553687E-4
199.0	25.301299005876142	21.91567536579328	26.276530598949847	26.506495029380723	0.0
200.0	28.58241117470576	24.022490137761867	24.248238478853605	23.146860208678767	0.0
201.0	24.499030802560636	20.768190777149744	28.641331791304914	26.091446628984706	0.0
202.0	25.383229455480222	24.46543359908253	28.68136486702223	21.46997207841502	0.0
203.0	26.5143196029809	24.665104745394885	23.541238305956263	25.27933734566795	0.0
204.0	26.05344630927163	24.06029004399544	24.062897181033076	25.82304057357015	3.2589212970506764E-4
205.0	28.082783345555285	24.0397620793612	25.894239387272876	21.983215187810643	0.0
206.0	25.302257354738817	21.53597913780458	25.694727406079377	27.46671012957379	3.259718034390025E-4
207.0	25.110443829328013	24.24710726826358	27.11554951306905	23.52689938933936	0.0
208.0	28.284191922156353	22.895919338955085	21.682547135972037	27.137341602916525	0.0
209.0	26.82357238841994	20.781745358713096	25.61677256063354	26.77758353011781	3.2616211561794676E-4
210.0	24.493617409970085	23.471554820462128	25.630511161784714	26.403011708211405	0.0013048995716667157
211.0	25.023984962896726	24.591602978703964	25.939003139256368	24.44508259311713	3.263260258058621E-4
212.0	27.89515441803062	22.29894965048208	25.18651295061039	24.61807698209802	0.0013059987788911417
213.0	29.400137223510963	23.23063351520894	23.293690985722222	24.07553827555788	0.0
214.0	26.81710571062338	25.510110654772806	24.759986397049204	22.912797237554607	0.0
215.0	25.690873035383582	25.805595162004032	22.88575315076126	25.617778651851125	0.0
216.0	25.537581737331337	25.016853913927147	26.624202552496207	22.821361796245313	0.0
217.0	27.344661254811005	22.67130540009076	26.875745810853964	23.107951394141075	3.361401031950117E-4
218.0	24.69723345472384	23.769260380932266	26.13075426768821	25.40207056547082	6.81331184868997E-4
219.0	25.818469529919675	23.3447427716335	25.245016254149537	25.59142744113246	3.4400316482911645E-4
220.0	27.929142596376234	22.27638397687869	25.211835841483527	24.581254731951173	0.0013828533103779682
221.0	25.08754996010161	22.691207370574155	25.20219249492123	27.019050174403002	0.0
222.0	24.54512141840373	25.72125209645822	25.64514537792623	24.088481107211816	0.0
223.0	29.29857253734973	23.59694835596791	24.89421897298515	22.210260133697204	0.0
224.0	29.64486464368014	23.99048090797493	24.257891298573572	22.106404209649746	3.589401216089132E-4
225.0	30.470692266991385	19.77066979785021	24.076771981705768	25.681503547949873	3.62405502765154E-4
226.0	24.763823743145934	22.278376017558156	26.680760168241175	26.276306034514395	7.340365403389781E-4
227.0	26.021240160917063	23.52576270305007	27.09327766365659	23.35860508827779	0.0011143840984818374
228.0	27.280076046196566	27.360538311265465	23.97700650434496	21.382379138193006	0.0
229.0	27.600300969075047	24.71689623750846	22.5537755360539	25.12902725736259	0.0
230.0	25.516749821810407	23.506542512034944	28.10288114468233	22.873826521472324	0.0
231.0	25.605270275491677	23.799312236776014	25.148950967891505	25.44530736833971	0.001159151501101194
232.0	23.983963157341062	25.153218862381603	26.629496725226858	24.232931633022805	3.896220276709564E-4
233.0	23.11422562609248	24.926904911279728	22.100166905384768	29.857913406487608	7.891507554145606E-4
234.0	25.781049319291032	22.07246981762137	27.267692011302337	24.877183406113538	0.001605445671718469
235.0	24.90015917538196	22.328927174209518	27.652549859347587	25.118363791060936	0.0
236.0	28.36749391566365	22.97188788265095	24.553401433751095	24.10638896707008	8.278008642241023E-4
237.0	28.145720250521922	24.75073068893528	22.918997912317327	24.18455114822547	0.0
238.0	26.620985192413766	23.376469090754807	24.301412872841443	25.700708557851414	4.2428613857185284E-4
239.0	28.072360001383558	22.67389574902286	24.67832312960465	24.57412403583411	0.0012970841548199648
240.0	25.62289078767861	21.351960221153156	28.457761901342714	24.5669383212465	4.4876857901917136E-4
241.0	28.665384822728175	20.640083379755254	24.389476899854444	26.30191018706536	0.003144710596776223
242.0	26.127432002953064	23.768130295036507	22.115583725724985	27.98750348875944	0.0013504875259968848
243.0	27.137857062210678	22.090098227390765	27.06063001016145	23.708704979112564	0.002709721124534267
244.0	25.461733666864188	22.198951458594376	27.02142769904419	25.31653013312586	0.0013570423713863092
245.0	28.85713767656071	20.954289133469928	24.24253413356059	25.944225852659063	0.0018132037497053542
246.0	24.824114672694428	26.34830287680311	24.43103933476765	24.392004139546284	0.004538976188530915
247.0	25.19098565900296	23.20418848167539	24.705212838606876	26.7470976553608	0.15251536535397223
248.0	25.444504187589423	23.65919674835276	23.598137228991426	27.289048473967686	0.009113361098706814
249.0	26.556080994723292	21.2875896949004	28.30524566816995	23.833738063503077	0.017345578703281055
250.0	26.223809806943805	21.76124331666979	26.366966854341133	25.646150539011437	0.0018294830338317152
