# Position (bp)	A	C	G	T	N
0.0	23.82218490530833	24.57552010448736	26.541655005131076	25.060639985073234	0.0
1.0	23.41267992733032	29.188987748637444	23.6199748451111	23.680532910979643	0.09782456794149161
2.0	25.17081106204973	26.149198233790376	22.691145712293746	25.98652103183825	0.0023239600278875203
3.0	24.075622445187665	22.791248606466	25.37857673727239	27.742939427722035	0.011612783351913786
4.0	25.442688389148042	25.270950822715776	24.860173130033186	24.426187658102997	0.0
5.0	26.97264719517849	25.229485396383865	22.82336578581363	24.972183588317108	0.0023180343069077423
6.0	24.45760281260119	25.08211130129065	24.64264236480548	25.808391543692466	0.009251977610214183
7.0	25.03980983591424	25.367519789527126	25.164431930950126	24.428238443608503	0.0
8.0	26.707988663333253	25.926864674301253	24.986750846793704	22.378395815571785	0.0
9.0	26.224870037263653	26.28007544739385	22.694024014353406	24.801030500989096	0.0
10.0	25.318928858751867	25.767153200781518	23.503045626939432	25.410872313527182	0.0
11.0	26.274991622919693	22.988942253993073	24.673293867977215	26.062772255110016	0.0
12.0	27.472286247393264	26.22324662495884	21.32806497640215	24.976402151245747	0.0
13.0	24.45912290200325	25.05468327016784	24.794802382241475	25.691391445587442	0.0
14.0	25.91901914131996	22.543030458920114	24.18708336012689	27.350867039633037	0.0
15.0	25.87225809165282	24.341205913899348	24.336999726597824	25.44953626785001	0.0
16.0	25.977254365794543	25.453151865432023	22.091023967849523	26.478569800923914	0.0
17.0	27.09398749006744	25.75538395713209	21.438031009963122	25.71259754283735	0.0
18.0	25.00453931042831	26.8182460104505	21.28633970181774	26.890874977303447	0.0
19.0	25.870516888228444	24.1656291417326	22.731836619944577	27.230009237318768	0.0020081127756134787
20.0	22.12905286695416	24.756428685513495	26.070116594793163	27.04440185273918	0.0
21.0	23.442795140609206	26.504686973582515	24.590261400344833	25.462256485463445	0.0
22.0	21.99249228592205	26.69758849079224	26.243587979795997	25.06633124348971	0.0
23.0	24.439321716027194	26.80120340704853	23.6090489958584	25.150425881065875	0.0
24.0	26.800783750751737	22.887849923370904	24.331192891923877	25.98017343395348	0.0
25.0	23.66577750484561	26.68061179450767	22.103667312748275	27.549943387898445	0.0
26.0	23.530421841909448	26.07559193329899	21.233281819395952	29.16070440539561	0.0
27.0	24.259611724400457	26.553102398172822	20.76513132851161	28.422154548915113	0.0
28.0	26.831334600975204	25.989796110473108	22.930511888849146	24.242709490370316	0.005647909332228853
29.0	24.27939777242962	24.678644055148226	25.094681069383036	25.947277103039124	0.0
30.0	21.587882822902795	25.917295457907976	26.422177836958127	26.0726438822311	0.0
31.0	25.828338175265692	25.62608024123855	23.461920347148162	25.083661236347588	0.0
32.0	22.821933336990107	23.53683286709451	25.85888504927504	27.782348746640338	0.0
33.0	24.257865626983406	25.222594976879137	24.86716837428597	25.652371021851483	0.0
34.0	25.605692155273353	27.343961091596864	22.109339818067188	24.941006935062596	0.0
35.0	24.35197086546701	24.341259640102827	26.160382747786347	25.146386746643817	0.0
36.0	21.846625876308888	27.228455734137246	27.07326209886013	23.851656290693736	0.0
37.0	24.05891688510851	26.90133561582767	22.61809233402878	26.42165516503504	0.0
38.0	25.824166027778272	26.394708221156414	21.653859183054898	26.12726656801041	0.0
39.0	21.87299436639806	27.000285245667833	23.452542252014545	27.674178135919558	0.0
40.0	24.38272155170877	29.37443174727684	23.00108747972118	23.241759221293208	0.0
41.0	23.391625220600034	26.844572793554022	21.699912651300426	28.060324081501687	0.0035652530438347865
42.0	22.841354723707667	26.771836007130123	21.636363636363637	28.75044563279857	0.0
43.0	25.36539284186511	26.251247682874663	23.19264223584771	25.188934835305858	0.0017824041066590616
44.0	26.058208130602935	25.537792511005364	24.053182198934216	24.349034914184887	0.0017822452725944145
45.0	24.468995010691373	25.244119743406984	22.736992159657877	27.546329294369208	0.003563791874554526
46.0	25.14387527839644	24.7804008908686	23.791536748329623	26.284187082405346	0.0
47.0	24.429439327263978	26.492543961232162	24.171105845463128	24.90512925582141	0.001781610219316218
48.0	22.752453730917903	24.870410944263348	23.272591246726872	29.10454407809188	0.0
49.0	21.925371805147385	25.968474485706654	25.072579926974797	27.033573782171167	0.0
50.0	24.721282279608193	27.193232413178986	21.81300089047195	26.27248441674087	0.0
51.0	23.654688557284803	28.101071975497703	22.5025820007835	25.739876776238468	0.0017806901955197834
52.0	21.852537185965414	26.562166393850973	22.34360543733542	29.241690982848194	0.0
53.0	21.910381969748137	27.788343612804606	24.764934857183484	25.53633956026377	0.0
54.0	23.257426270598902	29.721081542317744	23.349865784935915	23.671626402147442	0.0
55.0	23.590936534431936	30.338814504386118	21.381894377952197	24.688354583229746	0.0
56.0	25.71022727272727	26.416903409090907	24.465553977272727	23.40731534090909	0.0
57.0	21.62666003834955	28.538456075562813	24.051913926567714	25.777643633264685	0.005326326255237554
58.0	24.046655304644226	27.188964635705155	21.914500781139044	26.849879278511573	0.0
59.0	26.78666524656513	23.479603791671106	25.297333759363795	24.434622075478394	0.0017751269215748927
60.0	21.618121829212047	24.01993826941498	25.492248199524603	28.86969170184837	0.0
61.0	23.762815282557025	25.87179396218383	24.866082514455993	25.493987016212	0.005321224591152578
62.0	24.379644903244117	23.18771173663953	26.371521311126482	26.05934833892052	0.0017737100693520635
63.0	26.074000496647624	24.81464401007485	22.804994856149563	26.304586895597577	0.0017737415303841924
64.0	24.007159439295396	23.4099487851991	24.76209041450318	27.820801361002324	0.0
65.0	21.828427637291558	27.196044727188955	25.361946447874395	25.60826496074852	0.005316226896563945
66.0	23.71568818557176	25.133348691322144	24.64957204373483	26.501391079371267	0.0
67.0	24.896331738437002	26.44515328725855	21.93691298954457	26.719829877724617	0.00177210703526493
68.0	23.075014620142127	24.17019617572525	27.058781832036722	25.69600737209591	0.0
69.0	24.633649331088865	25.893505803136353	25.120935589616373	24.350137326127403	0.0017719500310091256
70.0	24.44263427245843	25.55825113775212	24.768465229941032	25.230649359848417	0.0
71.0	23.92488329325223	24.273235252510965	26.326213042863206	25.475668411373604	0.0
72.0	25.809816818728343	26.522384892849566	24.207864771200228	23.4546290402433	0.005304476978569912
73.0	24.37808306370339	24.28967980339115	24.23486978199756	27.092063155289164	0.005304195618734419
74.0	23.093782035420126	28.746155749584645	23.694722330234367	24.465339884760862	0.0
75.0	24.19406150583245	25.337575114881584	22.691763874160483	27.77483209614705	0.0017674089784376105
76.0	24.826806164286726	25.546090767708186	26.275979075356993	23.3511239926481	0.0
77.0	22.699961121125366	26.398755876011737	25.23592408016117	25.66535892270173	0.0
78.0	26.17562337639387	28.492409917472212	20.796295969038823	24.535670737095092	0.0
79.0	27.904716464330527	22.705826220643587	22.050221774549826	27.33746841258902	0.0017671278870451854
80.0	23.367673304942482	24.6417274831687	28.225336184198902	23.759961831386615	0.005301196303299111
81.0	23.570469324286115	27.085100367543113	23.766610121571954	25.577820186598814	0.0
82.0	22.65081104003958	22.91585680460826	25.672332756122557	28.760999399229597	0.0
83.0	23.512677798392083	24.060429366551816	25.488117324852016	26.93700856966163	0.0017669405424507465
84.0	23.426622848863918	27.435598431039963	25.197003427682958	23.94077529241316	0.0
85.0	24.721304524495167	27.904881366712015	22.011200819744538	25.362613289048287	0.0
86.0	24.092852347807654	26.009610288661978	23.69360138501219	26.200402784157156	0.0035331943610217996
87.0	22.614148193941535	23.17053784332774	26.394065177073212	27.82124878565751	0.0
88.0	23.54603415693824	28.922131364688013	26.23055050246375	21.30128397591	0.0
89.0	26.588605135812937	27.655328317615062	22.91512133093144	22.840945215640566	0.0
90.0	24.37038606901911	26.747553954293384	24.259121896082796	24.621171982621597	0.0017660979831161032
91.0	25.008828930639922	25.70984602344964	24.247775109478738	25.031784150303714	0.0017657861279841785
92.0	24.644231787845616	25.56057770401497	24.520639853102157	25.274550655037253	0.0
93.0	25.28601694915254	27.35169491525424	21.555437853107346	25.806850282485875	0.0
94.0	26.256598577002528	25.27144647869918	23.919069225472715	24.544058191063012	0.008827527762574814
95.0	23.684768024857	28.661464585834334	23.746557446508014	23.90720994280065	0.0
96.0	24.503521686172746	26.475312891666224	25.502656710621547	23.51850871153948	0.0
97.0	24.43252021039997	25.378614043139052	24.000070604017367	26.188795142443606	0.0
98.0	26.743036678787025	24.358385992162955	24.79966110071663	24.09891622833339	0.0
99.0	22.27437969858469	22.893798750573534	28.0256238308686	26.806197719973174	0.0
100.0	23.052217339898	26.419256357315547	24.949265004323504	25.579261298462953	0.0
101.0	22.470839436023223	22.15320545624592	29.31232243378214	26.06363267394872	0.0
102.0	23.66312519854576	25.655642229360065	25.376795736119444	25.304436835974727	0.0
103.0	25.262507720815318	27.184328950851494	25.772522721256507	21.78064060707668	0.0
104.0	25.05734956767249	27.859537674254454	23.257455443797422	23.82565731427563	0.0
105.0	27.12947113942367	23.238454887151704	21.519702129912297	28.10531331062839	0.007058532883940072
106.0	23.329392458223783	24.35813731891091	26.84618235076141	25.466287872103898	0.0
107.0	25.476875297771347	25.47511072682677	23.45997070812232	25.58804326727956	0.0
108.0	22.54433171592413	25.909131010145565	26.080282311424792	25.466254962505513	0.0
109.0	25.123943612272626	25.570317048642355	26.45777095573316	22.846204061468974	0.0017643218828843135
110.0	24.17912027806694	25.6700248778164	23.70450094394552	26.446353900171143	0.0
111.0	23.44108409499947	24.9991177612309	25.87782757525497	25.68197056851466	0.0
112.0	25.0061756713837	24.951476867699473	24.531531213607654	25.51081624730917	0.0
113.0	26.129686810763125	23.793559770621968	23.601235112483458	26.475518306131452	0.0
114.0	25.274376257190244	23.659879309736386	27.37410452764936	23.689875427885802	0.0017644775382009389
115.0	25.0194099378882	25.479954827780915	26.18577075098814	23.314864483342745	0.0
116.0	26.308916691665633	25.67011946566906	25.221902627538867	22.799061215126436	0.0
117.0	25.53818464144551	27.06451157538114	24.19536984754376	23.201933935629587	0.0
118.0	25.624194942918145	25.96827413406737	26.41116581087996	21.99460060346197	0.0017645086725601258
119.0	26.80641575353343	21.811091701515714	25.237767543627477	26.144725001323383	0.0
120.0	23.949602075208666	23.762550953784256	27.233584499461788	25.05426247154529	0.0
121.0	26.601489429287405	23.797338792221083	25.59559524229697	24.005576536194543	0.0
122.0	26.632784513032277	25.32161575520144	24.21868106658196	23.825153969682532	0.0017646955017911658
123.0	23.353980270704287	28.300421762224925	25.378086011258755	22.965747260310234	0.0017646955017911658
124.0	24.05237523822969	25.239994353074046	23.916496082445118	26.791134326251147	0.0
125.0	26.263499682360415	23.11180913390273	25.749982353356394	24.874708830380463	0.0
126.0	25.01235265052587	23.78061692666055	26.33055692807228	24.8764734947413	0.0
127.0	24.555769264703287	24.345785322298884	27.184979972119777	23.911700869933476	0.0017645709445748268
128.0	25.158375831583406	22.915527007711447	26.86124688983395	25.04720393866135	0.017646332209850183
129.0	22.678265779675673	28.9989589031427	23.74759577208802	24.573414974149035	0.0017645709445748268
130.0	24.855307735742517	27.47212027103331	24.0330321852061	23.63953980801807	0.0
131.0	24.793111358142326	25.763591128050393	24.803698410177685	24.639599103629596	0.0
132.0	24.21039630165508	25.955464586935804	24.208631824116882	25.613155944524824	0.012351342767406572
133.0	25.845670625187484	25.529812426108588	25.98330715886432	22.6412097898396	0.0
134.0	25.11116600790514	24.073616600790515	23.148997741389046	27.666219649915302	0.0
135.0	24.291133656815177	24.767534186149096	27.070136744596386	23.87119541243935	0.0
136.0	27.65593295103661	25.884428760476403	25.570357300397	20.876929863255402	0.01235112483458315
137.0	27.816404319898357	23.845909508011577	24.276487612056187	24.06119856003388	0.0
138.0	25.21705371638314	24.523540622573588	27.639937883814497	22.61946777722877	0.0
139.0	25.46057739817887	24.523540622573588	25.767628996964774	24.24825298228277	0.0
140.0	24.71717760011295	22.7846314043169	27.30096539065671	25.19722560491343	0.0
141.0	23.357805936959515	27.01987222477145	26.712788111962162	22.909533726306872	0.0
142.0	27.720518160319084	23.841375172072997	24.224347887473087	24.213758780134835	0.0
143.0	23.46981997882104	27.873279209318742	24.481115425344157	24.17578538651606	0.0
144.0	27.591197077457952	27.381183488343364	22.857949632035012	22.167904982087077	0.0017648200765931913
145.0	27.015723436920958	23.904565267263134	23.698095893553567	25.378086011258755	0.0035293910035823317
146.0	27.04090636360428	22.969681996258778	24.92146966434899	25.057353615924892	0.010588359863057213
147.0	24.60248830847966	25.98076414012177	26.45724874261008	22.9577340510015	0.0017647577869937352
148.0	24.67440793421099	25.646772314968413	24.755585359827762	24.923234390992835	0.0
149.0	26.714431934493348	25.913246038188685	23.670278473864396	23.700278826809726	0.0017647266438428689
150.0	23.734227477278743	25.078972910967966	26.282537721697697	24.90426189005559	0.0
151.0	24.76748495490885	25.61283377159699	26.38406014506821	23.235621128425958	0.0
152.0	27.01152468187995	24.175358712341822	23.871798944600343	24.941317661177884	0.0
153.0	24.97793780225211	23.207667054961348	27.454198877475378	24.360196265311167	0.0
154.0	23.391637396967717	26.143283265968904	25.97384259667826	24.491236740385126	0.0
155.0	25.703895920492858	24.418789387279563	25.829229112605695	24.048085579621883	0.0
156.0	24.437775816416593	23.830538393645188	27.38217122683142	24.349514563106798	0.0
157.0	24.160208998958534	24.446170411819736	27.385218266226545	24.00840232299518	0.0
158.0	25.347314162650708	23.635015622517606	25.723313738989212	25.294356475842466	0.0
159.0	25.829346233293904	22.425451528045055	25.702229833512824	26.042972405148213	0.0
160.0	25.764022527850848	22.870358927278826	26.457866209989227	24.907752334881092	0.0
161.0	24.29560059317845	22.621989972459573	27.697549608078525	25.376032766047597	0.008827060235859049
162.0	23.73680307898732	25.343384767487027	25.678824900250696	25.240987253274955	0.0
163.0	24.447818640865833	24.92275640459754	26.95492505164286	23.674499902893768	0.0
164.0	25.975883194152644	25.12667502339295	24.748856835154747	24.146819441747144	0.0017655055525149625
165.0	25.456375127996893	23.470216447159352	28.15225451078705	22.921153914056706	0.0
166.0	24.497722538045974	25.33102644680626	25.465202499911726	24.70604851523604	0.0
167.0	25.843073554857167	24.78901091140224	25.677107242487374	23.69080829125322	0.0
168.0	24.15424818136874	25.434352708524617	25.992301716222897	24.41909739388375	0.0
169.0	25.372554558937775	23.8328978035172	25.810438590295924	24.9841090472491	0.0
170.0	29.74485742032312	22.53023748565375	24.28886730820164	23.43603778582149	0.0
171.0	23.99096013277305	23.939757759807904	28.61682969031392	23.452452417105125	0.0
172.0	25.66944978905933	24.795678805316765	25.851264761434045	23.683606644189865	0.0
173.0	26.36790454673821	23.97451284947755	23.660336063258967	25.997246540525275	0.0
174.0	23.21948636483982	27.895154884829232	23.34833642220457	25.53702232812638	0.0
175.0	26.282436010591347	24.370697263901146	23.81818181818182	25.528684907325683	0.0
176.0	23.61819690363126	25.21757551150105	29.330767737038148	21.83345984782954	0.0
177.0	22.20044842257649	26.80648976925657	26.320992885263845	24.647352717899828	0.024716205003266066
178.0	22.60347718647957	22.767628629423704	27.002029829670814	27.626864354425912	0.0
179.0	27.71482030643225	24.24980583209772	24.445738897126315	23.5861046388477	0.0035303254960107324
180.0	26.2814621040724	22.82593325791855	26.38574660633484	24.50685803167421	0.0
181.0	27.350397113190528	22.883979268745687	26.602161569348876	23.163462048714912	0.0
182.0	24.918664686328597	24.733007992078647	24.998231841007144	25.350095480585615	0.0
183.0	23.22382148035506	25.08575874385543	26.72843653852955	24.961983237259965	0.0
184.0	24.547287260380564	23.068897220060833	27.52705665982882	24.847916814034097	0.008842045695692156
185.0	23.945330457229748	26.339333074012515	26.028148095760105	23.687188372997632	0.0
186.0	26.477349082293028	23.996534285815326	24.472185875446474	25.05393075644517	0.0
187.0	23.7297134665416	23.489018282215106	28.92943737500664	23.85183087623666	0.0
188.0	27.268543919576643	28.126935806445903	21.941204580449902	22.663315693527547	0.0
189.0	24.312844020459814	26.70218226226084	26.567671368648345	22.41199270809366	0.005309640537335622
190.0	28.33123904925402	22.972231562925863	24.857087234306142	23.83767233598216	0.0017698175318124703
191.0	25.237336167198016	25.148777895855474	26.438186326602903	23.175699610343607	0.0
192.0	26.461783721548137	24.08289788326986	25.06952439996457	24.38579399521743	0.0
193.0	25.728507909514448	25.484048112522366	23.618713574604524	25.166958955554374	0.0017714478042904465
194.0	27.380150940722103	24.77412039825674	23.9574106225419	23.88831803847925	0.0
195.0	24.54595389549409	22.511827347307616	27.809770186225347	25.132448570972944	0.0
196.0	27.181142583494438	22.936804952022843	26.67210585126195	23.209946613220765	0.0
197.0	23.96359959555106	25.2017809944477	25.29757153247122	25.53704787753002	0.0
198.0	27.800071022727273	24.028764204545457	24.359019886363637	23.812144886363637	0.0
199.0	25.784151694478506	22.567574772085088	26.932167546338253	24.71610598709815	0.0
200.0	26.88753021470212	24.960898620787713	25.090644106355754	23.060927058154416	0.0
201.0	24.615193203227754	22.00063986349579	28.356617254985604	25.027549678290857	0.0
202.0	25.039994311920083	25.16442106011589	28.55060613601621	21.244978491947812	0.0
203.0	24.46174907106157	25.12489554998489	24.80487848240795	25.606699023947943	0.0017778725976496524
204.0	24.74617258486104	24.31942246483757	26.66299187396646	24.271413076334927	0.0
205.0	27.70970782280867	24.64567069158679	24.832393790123238	22.8122276954813	0.0
206.0	24.255198050619853	23.205805453284242	27.172153744908666	25.366842751187235	0.0
207.0	25.889092494084576	22.983863794054333	26.437047447917593	24.6899962639435	0.0
208.0	27.011494252873565	23.159318173730473	23.349702857549552	26.479484715846414	0.0
209.0	25.219341175633108	21.24895445889911	26.59322667331067	26.93669804773006	0.001779644427043477
210.0	22.932464665883444	24.48823382818897	27.290042365338746	25.289259140588843	0.0
211.0	25.08145642303926	26.087420991720823	26.14973738093119	22.681385204308732	0.0
212.0	27.05012910693616	23.194728875434066	26.63164455524886	23.12349746238091	0.0
213.0	28.782156345756434	22.928098054585618	24.57065488491413	23.719090714743817	0.0
214.0	27.547418710781518	24.7593411294923	25.263833428408443	22.42940673131774	0.0
215.0	23.573329522924965	26.014967760372944	25.763123582260167	24.648579134441924	0.0
216.0	27.088589346212068	24.35125783896778	25.308152526490307	23.250198226771428	0.0018020615584228357
217.0	27.36405011876915	22.921539828464706	27.037661607644743	22.676748445121397	0.0
218.0	23.931764576819702	24.54061762931271	27.096703417256325	24.430914376611266	0.0
219.0	24.09089237783579	24.44571092399897	26.10949737103357	25.353899327131668	0.0
220.0	26.48574753837912	22.09085366980104	26.899558478505845	24.523840313313997	0.0
221.0	23.940065972157512	23.62138690620399	27.63189772451965	24.806649397118843	0.0
222.0	23.435707434503772	25.376615072125787	26.834176524797353	24.353500968573094	0.0
223.0	30.0402995855986	23.14374786146067	25.236665019199332	21.579287533741397	0.0
224.0	29.074352770845636	23.477416036423904	26.23206903777647	21.216162154953995	0.0
225.0	27.846548882842143	20.432683095082975	27.239106273713254	24.48166174836163	0.0
226.0	25.47886777820861	22.097712291585886	27.71616905777433	24.707250872431175	0.0
227.0	25.514547939855497	23.692638156610037	28.17418472954501	22.618629173989454	0.0
228.0	27.750604042666037	25.80784567937612	24.65476260632133	21.786787671636514	0.0
229.0	25.683135796117853	25.002473337422586	25.62575436791389	23.68863649854568	0.0
230.0	25.661934763537765	23.34715687056384	27.958768641837466	23.03213972406093	0.0
231.0	24.491482713436145	25.811914121560324	26.37032557201895	23.32426166717065	0.0020159258139300475
232.0	24.84242952394463	25.590255963358533	25.565936404353202	24.001378108343633	0.0
233.0	23.574932775006673	25.387441755444712	23.83562206211384	27.202003407434777	0.0
234.0	27.325352200344422	21.15484366246862	25.785837292777558	25.7339668444094	0.0
235.0	24.15095131211848	22.539908959325373	29.359568710536806	23.94957101801934	0.0
236.0	27.3073793310206	23.510642854083684	25.080303224977513	24.101674589918197	0.0
237.0	26.008900795022466	24.89846180435534	24.710508123055654	24.382129277566538	0.0
238.0	24.931500843909603	23.603165209004626	26.926196269261965	24.53913767782381	0.0
239.0	27.403642524354087	24.189125927907444	25.192269109877618	23.214962437860855	0.0
240.0	24.320546312846602	22.556029148906916	28.07873871396489	25.044685824281586	0.0
241.0	29.44496707431797	19.860954959502557	25.95736869880458	24.73670926737489	0.0
242.0	24.922412009471483	23.58445021724637	24.478723648819514	27.014414124462633	0.0
243.0	27.820016588332873	24.092249562252327	25.271864344300067	22.81356556999355	0.0023039351211869875
244.0	25.205485777613596	22.73734761728851	27.798300701884003	24.258865903213888	0.0
245.0	26.407758002175573	22.028837919781516	25.567616358460434	25.993473279792628	0.002314439789848867
246.0	23.213415907035	25.936492473267926	26.066383689374433	24.781388444320736	0.0023194860019019785
247.0	24.228481130321622	23.301264175497305	27.031046662948505	25.304424614240567	0.13478341699200597
248.0	26.728228507629325	22.229717156680312	25.418682545589878	25.602437662820993	0.02093412727949386
249.0	26.411309135019128	21.37258561164505	28.181860595315854	24.006251749556778	0.027992908463189324
250.0	24.96088915870829	24.46820930721274	26.1353818852593	24.43551964881967	0.0
