# Position (bp)	A	C	G	T	N
0.0	24.610673762592594	23.100945447303346	25.35820779924873	26.9300807880756	9.220277972940329E-5
1.0	23.10114372615321	30.23684342434489	22.9340753688449	23.64934683308202	0.07859064757497958
2.0	24.812378129595256	27.03196942574068	22.037843085568063	26.117304196796535	5.05162299462048E-4
3.0	26.425931246162165	21.774358616625715	23.917259686033994	27.87547465260982	0.006975798568309131
4.0	25.94649998165609	23.51749091976373	23.360421176211617	27.175542062589425	4.585977913930366E-5
5.0	28.63954180985109	23.682611683848798	22.201008018327606	25.47605956471936	7.789232531500573E-4
6.0	25.931122764092997	23.480214584852607	23.709604072098024	26.873294104406533	0.005764474549844863
7.0	25.48676106715234	25.08062829329244	23.031742566715288	26.39995469653529	9.133763046438791E-4
8.0	27.381781969742203	24.45955030319327	23.493752691823012	24.664915035241517	0.0
9.0	26.537278675142684	25.07740938267695	22.364474997167534	26.020745942064792	9.100294804050178E-5
10.0	25.141807451057957	24.234467110901953	23.245918559895603	27.37780687814449	0.0
11.0	27.22088964345148	22.729398605062148	22.881564794080074	27.168102710186464	4.424721983655962E-5
12.0	29.410146705927737	24.273891750161834	19.36871334258918	26.947248201321244	0.0
13.0	25.08350544817673	22.832793834661363	24.721526642173455	27.361959021040015	2.15053948433504E-4
14.0	26.856728635257394	22.288741217004077	23.192724571799037	27.66176303554633	4.254039316682173E-5
15.0	25.849931221379848	24.06147721448477	23.85587594410567	26.23267364345348	4.1976576230931615E-5
16.0	27.167188791392615	24.875613888352742	20.962771599714277	26.99438447846091	4.124207945863997E-5
17.0	29.241525495473198	26.271185757398136	19.12521295611713	25.36066481815785	0.001410972853688565
18.0	25.972284595112487	25.286551268384912	19.908081448961752	28.832962825047105	1.1986249374717323E-4
19.0	25.228088608703263	24.135364679099904	21.016190271509423	29.619799253368996	5.571873184166329E-4
20.0	23.142186796432494	25.568107309597355	23.354214887784686	27.93549100618547	0.0
21.0	24.113517649798716	24.063377621734393	23.439230168562087	28.38360057068041	2.739892243952177E-4
22.0	22.74079821920637	26.82072473745032	25.00773828593964	25.43073875740367	0.0
23.0	25.770240064073562	23.588196448615044	22.748655668142078	27.892522761709117	3.850574601994983E-4
24.0	28.09905707453126	21.1326304626559	24.20485183416031	26.563422536810048	3.8091842479565635E-5
25.0	25.210582101491624	25.049087154143272	19.443185316394075	30.29676863154698	3.7679642405121714E-4
26.0	26.634090406616178	25.051168960619947	19.590648315040415	28.724017372339905	7.494538355173667E-5
27.0	26.25936113847576	24.24612353453884	19.442936172850665	30.051541810408892	3.734372584327734E-5
28.0	28.14302335810647	23.10181107315369	22.874373294630754	25.878105276563822	0.0026869975452621054
29.0	27.80393840288414	23.211293532157317	21.906993157088653	27.07741111672966	3.6379114023057084E-4
30.0	24.174735533845887	24.251004393317533	24.856602982831376	26.717584831493152	7.22585120527198E-5
31.0	26.43478861092107	24.344535491916997	22.04824817001291	27.172032268026374	3.9545912264877083E-4
32.0	24.54750011923346	22.347589384164515	24.137159054588995	28.967537889546392	2.135524666377659E-4
33.0	24.686811631547574	24.33593208855813	24.528045159614237	26.449175870175274	3.525010478093646E-5
34.0	25.80199065865382	26.404313965469445	22.73458407647421	25.05907643062246	3.4868780063426314E-5
35.0	25.543970417854357	21.89880586940987	25.354169805018305	27.202847078135733	2.0682958173198402E-4
36.0	24.44766670914545	24.360493350921846	25.531323512697142	25.660481984976286	3.444225927443937E-5
37.0	26.120863404466583	25.294594391740823	21.13925209898289	27.445290104809704	0.0
38.0	27.03897361796981	25.271256780343876	20.95124967602012	26.738485505492942	3.442017325050004E-5
39.0	23.62866976786441	27.327429632887284	21.562890789800594	27.4808033382267	2.0647122100885966E-4
40.0	27.07016373453323	26.583629023906298	21.902869904520013	24.44330293107832	3.440596214036738E-5
41.0	24.97326131461792	23.97090032912062	20.645292460499164	30.404766417931246	0.005779477831058294
42.0	24.89214686051223	25.74998434916968	20.16291310452622	29.19492128836259	3.43974292737258E-5
43.0	26.450322844248543	24.867433348672478	22.096001023526668	26.581634162128548	0.004608621423761365
44.0	29.462150613508957	24.36821403935178	22.178206109573985	23.991188524449232	2.407131160450422E-4
45.0	26.177523182920126	23.189555849941843	21.359402220870628	29.26898032284006	0.004538423427341732
46.0	25.43763177771032	23.87880008842192	22.385012828397873	28.298555305469886	0.0
47.0	25.39741577054402	23.80328396308558	22.945666831780336	27.851570945998205	0.0020624885918599763
48.0	23.49646033937583	23.547179095625474	22.499919248592693	30.456441316406007	0.0
49.0	22.41154611971145	25.850162262082897	24.101545655860075	27.634753119400497	0.0019928429450782794
50.0	27.55340011296376	24.156963281281136	19.739111434213726	28.55052517154138	0.0
51.0	24.822363465046866	26.444442230726718	21.06998596083117	27.660254175252934	0.002954168142319455
52.0	23.579038449285896	25.03177103208069	20.898590976136273	30.490599542497137	0.0
53.0	23.322045256015986	24.825678694936435	22.9417265117106	28.908703329840353	0.001846207496628107
54.0	23.735597858324052	27.541411125268763	21.752520257271883	26.970470759135303	0.0
55.0	24.063620358842115	28.07154750491952	21.99680759522326	25.866081278816534	0.001943262198572759
56.0	27.2991050580209	24.75356200815517	24.71817883704584	23.22915409677809	0.0
57.0	23.377706549162173	26.88631044936061	22.377195966327438	27.352822282407523	0.005964752742252468
58.0	26.019362945659765	25.14255352722635	21.033917361726232	27.80406392150942	1.0224387823299404E-4
59.0	27.642042027305276	22.242499091800717	24.101632441355545	26.010282247208778	0.003544192329686223
60.0	24.178750566273372	22.113026124078146	23.591900896378434	30.116322413270048	0.0
61.0	25.099564605705115	23.407195857377847	22.805166239139375	28.680999798337254	0.007073499440411379
62.0	25.586594952364077	22.060071213295416	24.30858459919823	28.04457921008398	1.7002505829309125E-4
63.0	27.194520346721905	22.799937162435103	22.151669751873225	27.850812467952164	0.0030602710176013187
64.0	25.702360299690014	21.40074481502765	22.974470172458126	29.922424712824213	0.0
65.0	24.615980567777203	25.869502759919715	23.31995632430863	26.188895669166474	0.005664678827974558
66.0	25.11101478297678	24.038007554296506	22.52287454006708	28.32783177580237	2.713468572606992E-4
67.0	27.25356146807474	24.874501133313863	20.363121698882082	27.508001708025926	8.139917033895632E-4
68.0	24.037152887176273	22.674527644389336	26.106865931418348	27.181419622305437	3.391471060747012E-5
69.0	23.789807459156076	24.04924162137873	24.911648254754173	27.245809629585672	0.0034930351253507873
70.0	25.498053289095036	22.396858177878592	24.62934624369435	27.47547144259742	2.708467346040559E-4
71.0	25.125974977133815	22.259888149745688	25.75930932299208	26.853916277688338	9.11272440083837E-4
72.0	27.689166053867183	24.836248391506818	22.044650049592043	25.428686845234015	0.001248659799937702
73.0	25.934874630153555	22.499487074271645	22.49806977949593	29.063046670842063	0.00452184523680971
74.0	25.34471914298016	25.71008904119758	22.802617921886156	26.14223646329497	3.3743064113171537E-4
75.0	25.645609289971492	24.681446780253953	21.770941306037834	27.899539496415304	0.002463127321413147
76.0	27.86252755309612	23.066357201492803	24.466913172615236	24.603493528459698	7.085443361496283E-4
77.0	24.52950946716595	24.188346686432872	24.505555197553562	26.775880142281615	7.085065660002544E-4
78.0	27.6448909143171	26.055264141598844	19.969420652260457	26.33015439466791	2.698971556888248E-4
79.0	27.863318565739633	20.389467732380435	21.812136236112366	29.93173755156625	0.003339914201315184
80.0	24.308837221854883	22.505093985723345	27.947730983577802	25.23607756352301	0.0022602453209548358
81.0	25.881742161195554	24.682033756051418	21.448549059215278	27.98727021809231	4.0480544544285214E-4
82.0	22.970240185447736	21.736305705412143	23.515424686987792	31.7771186449254	9.10777226926218E-4
83.0	25.44691917709799	21.883169231910895	24.11127189564971	28.55766149570098	9.781996404273044E-4
84.0	24.31510534103661	25.147235950902573	24.72993953384361	25.80677475943563	9.44414781575412E-4
85.0	25.147862935376068	26.269853904404457	20.963753344117254	27.61788898677463	6.408293275879049E-4
86.0	25.854266594447733	25.12790643555708	21.43236321178203	27.583844902865305	0.0016188553478549154
87.0	22.72925634595487	21.350156954211457	24.759139024873907	31.16070573412348	7.41940836288731E-4
88.0	24.82069195302446	26.85216410682537	25.6360596340052	22.69051100601358	5.733001313869007E-4
89.0	27.198041958419267	25.828822436814853	21.96015258588014	25.012207409965292	7.756089204468046E-4
90.0	24.17748538208893	24.9011309913203	24.559978958301016	26.361337226946862	6.744134289201966E-5
91.0	27.14823781713222	24.482540025087335	23.59564883128094	24.7731349725523	4.3835394720869694E-4
92.0	25.28345860123671	23.61819516437008	23.164148889144396	27.934163627272046	3.371797677303452E-5
93.0	27.12407249000378	24.93331638496752	20.63137607805599	27.311032745523995	2.0230144871439114E-4
94.0	28.51775291869791	23.009390204800262	22.747620250151467	25.72068498494418	0.004551641406180724
95.0	24.748217835401622	25.80962733003018	23.54598159980796	25.893509765156153	0.002663469604080301
96.0	26.581114717355923	24.456576890387577	23.256334556130152	25.70492871064218	0.0010451254841712374
97.0	25.941912065394863	24.557189992539342	22.776611500063886	26.72415159055595	1.3485144596148574E-4
98.0	28.102758696947877	22.69691686152037	24.257027543818484	24.943296897713267	0.0
99.0	22.21376855807757	21.309840761733195	26.339812128644617	30.13657855154462	0.0
100.0	23.034420085287575	24.46582345384672	24.033520423073824	28.46623603779188	0.0
101.0	23.71345779253063	21.514462171309308	28.228544540615864	26.54329955180802	2.3594373618254495E-4
102.0	25.199868136579763	24.42739523228793	24.48456301365892	25.888173617473388	0.0
103.0	25.802460230896067	25.629652199822306	24.54217837213284	24.025405847767146	3.0334938163913827E-4
104.0	26.212543445962527	26.231519455971615	22.415285428851085	25.14034832269598	3.0334651879535034E-4
105.0	28.298490740419286	22.692014578577258	20.734395997868425	28.271795481962332	0.003303201172703828
106.0	26.123732126407667	22.456542687816178	24.425515449410273	26.99420973636588	0.0
107.0	26.586963064927165	24.161408388326034	22.182783496224523	27.068137243171257	7.078073510175068E-4
108.0	24.362400002157013	24.279051614660148	23.999650833281656	27.358897549901183	0.0
109.0	26.15992245726353	24.123549359686	25.106752702435813	24.609067727891322	7.077527233313719E-4
110.0	25.003387065789962	24.409150806997914	22.600760994482957	27.986667430582003	3.37021471637958E-5
111.0	25.6822440615816	23.437744344684408	23.800183342770094	27.079019385801722	8.08865162177465E-4
112.0	25.939062070304285	23.600607438083376	23.320513235302048	27.13971615143623	1.0110487406376887E-4
113.0	29.226437413010437	20.892491852890327	22.470419336031625	27.409943686369136	7.077116984743758E-4
114.0	26.820500048362206	21.572105353443476	27.374222034090806	24.232970352787973	2.0221131554300646E-4
115.0	27.486535493046986	23.32248083961902	25.559442680633353	23.630900622164702	6.403645359379318E-4
116.0	27.156897539004216	24.50372440514167	23.939157095715576	24.400153553140814	6.740699772265459E-5
117.0	26.53816455958577	26.092099954871134	23.403410582667888	23.965482317675516	8.425851996876368E-4
118.0	26.77752448178426	24.46237138974569	24.855616789974334	23.90431882401156	1.6851448415694227E-4
119.0	28.041705692167746	20.611430037036452	24.532764063757025	26.813560955782407	5.392512563711693E-4
120.0	25.440650009740168	23.461272207756142	24.648898888946558	26.44914519054671	3.3703010420296766E-5
121.0	28.248040319965916	22.80791866443146	23.892795104658944	25.05053814104573	7.077698979395808E-4
122.0	27.265248180100226	23.50199305103134	24.39779593193125	24.834659506265293	3.0333067188754927E-4
123.0	25.118819482687844	27.41631070814457	22.406378471143263	25.057952092038505	5.392459858191787E-4
124.0	25.603989614115314	24.176469715925023	22.784169344923537	27.435236513448803	1.348115873255538E-4
125.0	27.482240701434158	23.146201542340904	23.8936794489579	25.477035755859607	8.42551407431573E-4
126.0	24.92813837873981	24.444544802253738	23.551570002436673	27.07564570982161	1.0110674816769295E-4
127.0	27.068968073906014	22.229299534784655	27.009956767730692	23.690663474461687	0.001112149116953601
128.0	26.184376110062974	22.86910036283683	24.855367430423698	26.08171950819197	0.009436588484531072
129.0	24.679856928561005	26.927607240388124	21.378887559909394	27.0104465876626	0.003201683478875124
130.0	26.298285713515384	23.521880356513353	23.55160553009556	26.62822839987571	0.0
131.0	25.830126851639967	24.293004067516254	24.789740516795987	25.086555626966735	5.729370810608233E-4
132.0	27.183671901224184	25.400646534582727	21.532358408791577	25.877122031380384	0.006201124021132352
133.0	27.394889616994256	24.881387051961873	24.376671180440642	23.345164858348603	0.0018872922546199903
134.0	27.37851585261585	22.69746387129584	20.138654149530925	29.785298723830472	6.740272691212269E-5
135.0	27.06798489277028	23.094063635177996	26.00028780169048	23.837259265175557	4.044051856876961E-4
136.0	27.704925822663913	26.404577119591977	23.771627965130367	22.11266812950981	0.006200963103932523
137.0	29.183215206109566	21.37141713238483	23.60683063046607	25.83843592838023	1.0110265930324765E-4
138.0	25.11825869816862	23.70700621917582	26.807562760431146	24.365992852412944	0.0011794698114701754
139.0	26.05542126367814	23.285234262660083	24.574335187808117	26.08386350822955	0.0011457776241087787
140.0	27.096445896512623	21.451128338975167	25.500983178962162	25.951240389362457	2.0219618759088296E-4
141.0	26.494793560521174	24.70496730620887	24.722659663413857	24.077343571760032	2.3589809606646664E-4
142.0	29.404174281457497	22.05056951277583	23.49373736461455	25.051350341262825	1.6849988929557274E-4
143.0	27.177167259556217	25.314856028264586	23.36155568466274	24.14638732784523	3.369967122600752E-5
144.0	28.331907284710184	24.609701331836177	23.053325681310316	24.00445911194521	6.065901981089887E-4
145.0	28.463769092731916	21.999848353370346	22.10448452783137	27.43108924404155	8.087820248194984E-4
146.0	27.28930143402646	21.832533019880508	24.297806245848612	26.575910930150815	0.004448370093607861
147.0	27.333597085160388	23.54389445972887	26.227625465216438	22.890940192138938	0.0039427977553686076
148.0	24.798687335272405	24.316312029491147	23.10599282401861	27.7786034166622	4.043945556360975E-4
149.0	28.912423400131026	24.1661971147495	23.63282882338827	23.286360168337733	0.002190493393471925
150.0	25.755095727181825	23.73628358606819	24.512972734156765	25.995647952593217	0.0
151.0	27.416052126239105	23.448955230721428	24.959069956168285	24.175484571951614	4.3811491956547094E-4
152.0	27.738240275004422	23.09224949237082	23.218731306186758	25.950677821870606	1.0110456739883224E-4
153.0	24.913521397893238	23.199418443196432	25.34689175817806	26.539359559559017	8.088411732510832E-4
154.0	23.2216165207647	24.275784205515347	24.216198909737376	28.283367175849083	0.0030331881334939802
155.0	28.16291149496412	23.485393858261986	23.3814542645566	24.969903353703337	3.370285139603951E-4
156.0	26.88784169820147	23.174475210071005	25.16470672294624	24.772774150582457	2.0221819882902182E-4
157.0	25.069740118843836	22.716152239553473	26.309777906748266	25.90399270395509	3.3703089932988144E-4
158.0	24.81269349949546	20.900372152654715	25.682746096980786	28.604053437373402	1.3481349563979452E-4
159.0	26.808573744550408	21.31258710500461	23.743859465817764	28.134440413014644	5.392716125737917E-4
160.0	26.690017465912486	21.367565443243876	24.74358948432079	27.19882760652285	0.0
161.0	25.12248458325581	20.22883113171171	28.604632977676392	26.039972981936728	0.00407832541935971
162.0	25.60383379689613	22.866173038576605	25.0265936291237	26.50339953540357	0.0
163.0	25.89194015543247	23.15436162435255	26.3102332835269	24.643464936688083	0.0
164.0	26.041194420447077	22.91050745240348	24.081885935537105	26.96438978401024	0.002022407602095349
165.0	27.30483855309923	21.961376249211238	25.552706871538213	25.180539001278202	5.393248731238236E-4
166.0	24.53224450501481	22.976126991917383	25.422215360677193	27.06934572546344	6.741692717690943E-5
167.0	26.676442381431535	23.135341399983485	26.401340284203624	23.786538840768774	3.37093612581682E-4
168.0	26.549793947361767	24.290816541518133	23.178250280214733	25.98107181081924	6.742008612916003E-5
169.0	26.81151749860437	21.52104498100059	25.11579661327774	26.551539774703954	1.0113241334300608E-4
170.0	32.12629412916834	22.11549644566419	22.763391167070132	22.994717124627112	1.011334702231038E-4
171.0	26.228487479149898	23.128176396265925	26.105443208832757	24.537319832848574	5.73082902846941E-4
172.0	27.640268031090525	24.493531794985877	23.88264202074949	23.983524447051053	3.370612305431405E-5
173.0	29.77926344302922	19.960795693727817	21.555054716498468	28.703403177800226	0.0014829689442710382
174.0	24.887821798261903	24.925635811285833	23.654990607160936	26.531147355344547	4.0442794677997843E-4
175.0	25.892832769796065	23.582762466092557	22.36359426799525	28.15932765111623	0.001482844999897212
176.0	25.351269213102366	23.55378320641146	27.896165922614784	23.19743363604287	0.001348021828517469
177.0	22.581072423158936	25.490077788948312	24.146861058712947	27.75536368296513	0.026625046214676734
178.0	25.699382060165643	22.34571807830383	24.241964709660614	27.712497063968584	4.380879013264291E-4
179.0	28.747739899266488	23.988191026325858	22.691023798249883	24.571865726846713	0.0011795493110589488
180.0	27.50122118799196	22.114134173488136	24.95976417972507	25.424474804652174	4.0565414265842064E-4
181.0	28.887741402457916	22.04932423395405	25.33485253012293	23.727336907847622	7.449256174840815E-4
182.0	25.683760756105777	22.25094843332865	25.283531202229177	26.781691893328546	6.771500784647653E-5
183.0	24.637085470282248	24.523901099273154	25.859327705827624	24.979076296355483	6.094282614907699E-4
184.0	26.574093323193875	21.732344036420788	26.098857008584453	25.59081191733949	0.003893714461390943
185.0	25.521342545072436	24.025631095306835	23.97586657964083	26.476618125387624	5.41654592283047E-4
186.0	27.32118354317457	22.36140541773974	24.833186118891266	25.484224920194425	0.0
187.0	24.516573648292823	22.82266427062918	26.755597389694508	25.90455391898715	6.107723963451379E-4
188.0	27.775053873917223	28.044228356868427	21.43538913238139	22.74502325799185	3.053788411144428E-4
189.0	25.623442729252822	23.441880950627795	24.339554329174504	26.594104028315645	0.0010179626292345972
190.0	28.76249981335965	21.228745057424145	24.594243875821046	25.414137972692142	3.732807030165153E-4
191.0	27.606255979990873	23.272985435853354	23.728059766247384	25.39222279873433	4.7601917405233087E-4
192.0	27.700977023473655	23.211184713644357	23.701447632351098	25.38632262346767	6.800706321358537E-5
193.0	28.89000057133374	24.45730096500989	20.676431939188326	25.9759604528228	3.060716452507203E-4
194.0	29.10905608427605	22.918639165945685	22.980568841585182	24.991735908193082	0.0
195.0	26.870699129272978	21.009184828213474	24.349267693371026	27.770202081186902	6.462679556197591E-4
196.0	29.1943948530119	21.875347490597715	25.71870435721658	23.211519189667275	3.410950652412531E-5
197.0	25.799485692803454	23.388935094813874	23.423799910074703	27.38706290199439	7.164003135786515E-4
198.0	27.92368348195823	22.68081935666898	23.733931250875855	25.661531730759375	3.417973756797495E-5
199.0	26.038865092946985	22.481629788002664	24.806906699305017	26.672152852776794	4.4556696854400026E-4
200.0	28.6507564352526	23.302408198074428	22.959359258070975	25.087441831129976	3.427747202272733E-5
201.0	25.515467098136547	20.58245005416227	27.968572172935318	25.933339275185453	1.7139958041382714E-4
202.0	25.74721832926973	24.61775168052131	27.630794061746645	22.00423592846231	0.0
203.0	26.591908259775177	24.19459819070938	21.76639026631825	27.44648601194763	6.172712495627661E-4
204.0	26.364044176202718	23.45439193244479	23.15001347839239	27.031481820632436	6.859232767378037E-5
205.0	28.050050349427774	23.945337258850934	24.581701892973854	23.422087347339712	8.231514077260991E-4
206.0	26.280511230328056	20.82375176652992	25.210954543583554	27.684679554903063	1.0290465540661059E-4
207.0	26.500222827024817	23.678673481045294	25.959091085306557	23.861772454325607	2.4015229772572343E-4
208.0	28.787556965322054	21.5956775497697	21.261597660891756	28.355064882390906	1.0294162557866061E-4
209.0	27.289711928507206	19.991832140185185	25.6364066907813	27.081225590797086	8.236497292251515E-4
210.0	25.538180184342394	23.27943150625922	24.381174737410085	26.800938977127274	2.745948610258246E-4
211.0	25.522071235897887	25.112186909175556	24.81020663127542	24.554848592732768	6.866309183722865E-4
212.0	28.86764491229275	22.171155778031544	23.742278928795283	25.218714313925833	2.0606695458799486E-4
213.0	30.280068445140806	22.918126967110595	22.198765788424797	24.602729559229786	3.092400940089886E-4
214.0	28.094686169062406	24.797579724311646	23.99343425608808	23.11429985053787	0.0
215.0	25.653678117966354	25.029559610877385	22.733088682276804	26.583260288173914	4.133007055387461E-4
216.0	26.125706130535324	24.55914423581807	25.272443653283243	24.042705980363362	0.0
217.0	29.446029138498346	22.366765409809865	25.095463049480244	23.09121430125554	5.281009560035572E-4
218.0	24.972178217223522	23.959113442141888	24.810703469023544	26.25786269705837	1.4217455267442772E-4
219.0	27.36617086693458	22.520591513550283	23.593521996887716	26.519177165092877	5.38457534546538E-4
220.0	28.56020596826075	21.251405788204437	24.508470076819698	25.679773890824993	1.4427589012813862E-4
221.0	25.88172417664385	22.077029810384747	24.102852712378418	27.938211638508438	1.816620845433542E-4
222.0	25.948193614920946	24.532534784838607	23.611887784083073	25.907310284988426	7.35311689433755E-5
223.0	30.844583645522583	22.212571135327092	23.5134166476152	23.428757263644613	6.713078905156503E-4
224.0	30.378759334846688	22.425370802803364	23.736168674725842	23.459588939354877	1.1224826922522877E-4
225.0	31.854167724799048	19.26624868086163	23.23207241575855	25.646608238947927	9.029396328421719E-4
226.0	26.04059088928899	21.704237001562827	25.712564470481432	26.542455316206198	1.5232246055609883E-4
227.0	27.60429438287975	23.083867038736678	25.119499068221007	24.191069164909678	0.0012703452528930188
228.0	28.115672696821832	27.541693747235456	22.6927161726577	21.649839918010755	7.746527425418371E-5
229.0	28.042361751692436	24.99910101468082	21.058105720673538	25.900431512953205	0.0
230.0	26.885505310490558	22.730951587030685	25.937528979316415	24.446014123162342	0.0
231.0	26.46593305999123	23.761838689750313	23.98124853966821	25.78957939243796	0.001400318152284199
232.0	24.613074260326258	25.109324554684783	24.75721951952652	25.520060181750814	3.2148371162589586E-4
233.0	23.58652496360255	25.05321193250105	21.350972390050387	30.00880215746498	4.885563810348927E-4
234.0	27.02869090005796	20.863625072451768	26.317835555187546	25.788689244017554	0.001159228285170158
235.0	25.88547020740063	21.380013510621783	27.619067599263207	25.115238890450676	2.097922637004838E-4
236.0	29.32613741036119	23.520244383414774	22.912817152788563	24.240588324139882	2.1272929558948352E-4
237.0	28.637416272465188	24.148932970710938	21.76241358716901	25.45115124017719	8.592947767766993E-5
238.0	27.57145969498911	22.684923747276688	23.910980392156862	25.83259259259259	4.357298474945534E-5
239.0	28.501384330965667	22.752651458191437	23.494794384835163	25.250196813827387	9.730121803433849E-4
240.0	25.483266746885462	20.902297868627787	26.413356429560746	27.20085174912117	2.2720580483566658E-4
241.0	29.509700648044042	20.434764415432255	23.121500070953726	26.93157877501119	0.002456090558787892
242.0	27.78596844517543	23.11074258170039	20.734153108783502	28.368042425429746	0.0010934389109348447
243.0	28.473986929775624	22.72081456516439	24.975414573747603	23.827364195766652	0.002419735545732545
244.0	26.405378664198974	23.17623148602615	25.835922015224238	24.581644457598145	8.233769524897775E-4
245.0	29.72962198216726	20.53853816974739	22.858178472220313	26.871965899853272	0.001695476011763854
246.0	24.77000149585062	26.17513749436762	23.31608975470803	25.73624758071399	0.0025236743597438147
247.0	25.969799908194958	22.83124367346995	24.20400018195594	26.85099967790122	0.14395655847792935
248.0	26.55442297008429	22.62391601084633	23.047669768246156	27.763183552430675	0.010807698392550321
249.0	25.541998272386984	22.30394471638353	28.15479412611575	23.982447451770803	0.016815433342931185
250.0	28.070440293384262	21.33259280906616	23.559013182162968	27.036891866375072	0.0010618490115339887
