# Position (bp)	A	C	G	T	N
0.0	24.63549966401075	23.24139387539599	24.654084669290583	27.468944993760196	7.679754247864069E-5
1.0	22.346798373359086	30.275907562472167	23.48703875745939	23.8167136282449	0.07354167846445588
2.0	23.991861672897034	27.200340574620313	22.493134624041847	26.31351666988949	0.0011464585513196884
3.0	27.02768966615518	21.473105820764538	23.940070008959253	27.551420228663343	0.007714275457681852
4.0	27.002012871077785	22.174938877265244	22.27210933164589	28.550862588153752	7.63318573296521E-5
5.0	29.35522376675629	22.788703926167457	21.97273229983029	25.882882367522836	4.5763972312796747E-4
6.0	25.48960041662289	23.81184055647174	22.856166125331008	27.836606472577657	0.005786428996709349
7.0	24.907799392748377	26.29906952400558	22.257207599684904	26.535011922459574	9.115611015608205E-4
8.0	28.06836013266943	24.110899982463586	23.076099688823533	24.744640196043452	0.0
9.0	26.441905971102415	24.04978330218531	22.766489828725017	26.741593632318995	2.2726566826333422E-4
10.0	24.00929595270268	24.258575857017952	23.413840220135427	28.318287970143945	0.0
11.0	27.605552668782764	22.764227046430786	22.476640959323866	27.153432747436533	1.4657802604838103E-4
12.0	29.762789438362127	23.594033083607684	19.227722715240752	27.415454762789437	0.0
13.0	25.36220017510093	22.26631646480436	24.456354143405537	27.914845652428195	2.835642609783676E-4
14.0	27.331466527650218	21.82331392856416	21.951010734249614	28.89406848337591	1.4032616009390626E-4
15.0	25.319218687105515	23.49084360047971	24.214627277342284	26.97531043507249	0.0
16.0	26.710560533986367	25.749089795962593	20.72901654620911	26.81133312384193	0.0
17.0	29.217813707527817	26.040703144212074	18.492444885142078	26.24791747292138	0.0011207901966459365
18.0	26.233132904614386	24.628375378089363	19.832974616425403	29.305321199646855	1.959012239908475E-4
19.0	25.194144451640383	24.108270984747854	20.572537320012422	30.124723102265943	3.241413334007547E-4
20.0	24.63825204312573	25.262595794611727	23.148399235570885	26.95068866735124	6.425934041642623E-5
21.0	23.773670173830574	23.615752321666125	23.738089327655672	28.872424525960017	6.365088761162775E-5
22.0	22.23852258240557	26.857973239261767	25.317652218792002	25.585788942684278	6.301685637891279E-5
23.0	26.251713603316183	22.77049870555596	22.525456564071845	28.45201785405488	3.13273001130289E-4
24.0	28.576666226951332	20.711892937366574	23.682758390047322	27.028620513897174	6.193173760018234E-5
25.0	24.985139237682727	24.983484637342247	18.628716263005465	31.402476017487285	1.8384448227555346E-4
26.0	27.457486848230555	23.6130017677682	19.556749618910555	29.37264005987896	1.2170521172142894E-4
27.0	26.50467951434164	23.27809087696263	19.616921783398407	30.600307825297325	0.0
28.0	27.871418086772582	22.9731929235471	23.014450172630585	26.138434764359697	0.0025040526900382224
29.0	30.15632630247404	22.581119642279294	20.86170682199276	26.400553055040742	2.9417821316153327E-4
30.0	25.55206245729819	23.701967220204875	24.2324778651929	26.51325867493321	2.3378237082208984E-4
31.0	27.092699947510106	22.764553143399834	21.815894312586053	28.326561632563752	2.9096394025695605E-4
32.0	25.082271337325967	22.364146854121945	23.07212506505676	29.481227215788753	2.2952770657637048E-4
33.0	24.810156143277485	23.587287929518713	25.361166707194656	26.24133253751106	5.668249808838275E-5
34.0	26.33927746827876	25.915394729256302	22.982359022466962	24.762968779997973	0.0
35.0	26.849141983527808	21.021638475131148	23.873623655575212	28.255374797358655	2.2108840717409775E-4
36.0	25.941839580424293	23.640500606516365	24.25932950264554	26.15816467098765	1.65639426158772E-4
37.0	26.537579764071644	24.349276397340702	19.866041615845415	29.24710222274224	0.0
38.0	27.688261184547024	25.388368611815675	19.97909940967419	26.944160442377434	1.1035158566952239E-4
39.0	24.147198368949134	26.381067276986837	21.293521305767428	28.178213048296602	0.0
40.0	27.34907018930446	25.995043877622496	22.069580957812292	24.586194667618255	1.1030764249954913E-4
41.0	25.61592654378007	22.211021190354735	20.799636027739098	31.36834268539837	0.005073552727723933
42.0	25.88331238906384	24.28533539044842	20.30963699234041	29.521660087464152	5.5140683182036487E-5
43.0	27.326978645138134	23.67620310964015	22.545084048277104	26.447488916786444	0.00424528015816701
44.0	31.147147868922588	23.067377724072387	21.732711801244974	24.05254210005226	2.2050570779024614E-4
45.0	25.5666234533605	23.16911174608214	20.68070878641162	30.57931185014684	0.004244163998906439
46.0	25.41747497905736	23.164267448525198	21.700762752965037	29.717494819452405	0.0
47.0	25.617322559544508	23.28354047141847	22.63669432855133	28.460569001973386	0.0018736385123089786
48.0	24.71773682615762	22.84720271051979	22.217998512519628	30.217061950802965	0.0
49.0	22.73336487998409	25.291012344509255	23.16827897962927	28.805195391838602	0.0021484040387792437
50.0	28.705027728631766	23.443087451499682	18.70757254942571	29.144202105040506	1.1016540233506587E-4
51.0	25.73216745358226	25.813126225740596	20.21854462563177	28.23346306930677	0.002698625738611111
52.0	24.23440874604165	24.753230570780786	19.54702357513209	31.465337108045468	0.0
53.0	24.01502025427051	23.501077366447294	22.754001236743417	29.728206224504465	0.0016949180343106087
54.0	23.79497603483218	27.64651500481381	20.76531083645461	27.793198123899398	0.0
55.0	24.4261252720272	28.202170125715863	21.154782321128348	26.21534491770786	0.0015773634207247062
56.0	27.360147656057965	25.14982043300552	23.944459308661635	23.545572602274877	0.0
57.0	23.89577045270788	26.971730701368525	22.000094609797117	27.12729313214433	0.00511110398214811
58.0	26.724152459673235	24.165724789076503	20.34939445289824	28.76056520266542	1.6309568660837626E-4
59.0	28.332368441795296	21.510449367656292	24.05477322330852	26.099038641867594	0.0033703253722986433
60.0	24.78915122429108	20.797370059446756	24.08414552670065	30.329333189561513	0.0
61.0	25.004767838760362	23.011323617055858	21.127214606924202	30.85095085875278	0.005743078506799588
62.0	26.034127059802536	21.3355343567695	24.2018129729636	28.42847143364857	5.417681579015802E-5
63.0	27.956253531457943	22.057154496781802	22.437888324939095	27.54621164965337	0.0024919971677910446
64.0	26.546015467438423	20.655839243958	22.271481923901586	30.526663364702	0.0
65.0	25.571494079249053	25.92215358886521	22.110862352655573	26.39031100801122	0.005178971218946403
66.0	25.39894893906716	23.849653620291022	22.184646656014362	28.566103446750525	6.47337876925965E-4
67.0	27.808092675122474	24.487802299401146	19.363074297390224	28.340545258199857	4.854698863029526E-4
68.0	23.54273743303019	22.530497457668712	25.852707136488696	28.073896161125607	1.6181168679514155E-4
69.0	23.770632384889037	22.77819606455663	24.964511542917304	28.483585779591873	0.0030742280451577135
70.0	24.80296122664029	21.736629319799576	24.113621212447043	29.346573191974368	2.150491387281994E-4
71.0	25.122308020518876	21.653091144738912	25.142037707763233	28.08154723522385	0.0010158917551294513
72.0	27.733802372640326	24.591577608006457	21.7251629252228	25.94785323631776	0.0016038578126587153
73.0	26.693912025467014	21.70084809866063	21.873407977419674	29.727394949897228	0.004436948555452502
74.0	25.63189206814161	25.58816769206921	21.99913406492375	26.78027164704059	5.345278248459224E-4
75.0	25.788578532875654	23.12456371218527	21.849561012946726	29.234784579383806	0.0025121626085441323
76.0	28.0094903760019	22.898712310550586	24.43525955825603	24.655629124914213	9.086302772712016E-4
77.0	25.0301699027829	23.902419471211658	23.935555591185793	27.130999909142894	8.551256767518052E-4
78.0	27.829068635808067	24.820630450896967	19.62688996048926	27.72309029215926	3.206606464411745E-4
79.0	27.98837730057087	19.080188502783827	21.57750835575251	31.350612398899933	0.0033134419928536538
80.0	24.59135804976277	21.727577733623058	27.64394788793062	26.034871777331954	0.0022445513515940057
81.0	27.041110795217705	23.71918881423829	20.932581459527285	28.306477643653714	6.412873630049871E-4
82.0	23.21727634260699	20.719256226346936	23.590755626236426	32.471749917972424	9.618868372198905E-4
83.0	26.231168238507234	20.8125264177692	23.85238004395703	29.102696255636907	0.0012290441296310248
84.0	24.28396545358072	24.768669050197893	24.221554054523413	26.724903056608955	9.083850890190669E-4
85.0	25.640652977388594	26.10616466353796	20.32200028960897	27.930327135238304	8.549342261696436E-4
86.0	27.861834529933162	23.64758037843438	21.24978560585781	27.23914310735523	0.0016563784194195941
87.0	22.580996763228395	19.881567713069654	25.276952882479225	32.25957433621605	9.083050066840562E-4
88.0	25.56547886186159	24.99882459042319	25.47844512546963	23.956503434333072	7.479879125153337E-4
89.0	26.405522986353347	25.760294827115505	21.5653768336538	26.267469697997747	0.001335654879601398
90.0	23.15677225854499	25.16938259363457	23.495056624699888	28.17857482484755	2.1369827299740676E-4
91.0	27.83621913309012	23.726151484053087	23.27558528463828	25.161776985223845	2.671129946732327E-4
92.0	25.567089724700654	22.701378152768857	22.349868531127832	29.381663591402653	0.0
93.0	27.279050238145608	24.989422873516798	20.82780438085348	26.9034554083305	2.6709915361620203E-4
94.0	28.697511603843783	21.401499672277215	23.05266694764822	26.84410171104947	0.004220065181310561
95.0	24.315405094719388	25.43011533843005	23.7720986979022	26.47933608823668	0.003044780711688112
96.0	26.237278937146254	23.04865359181066	23.441582999126112	27.2718434777778	6.409941391769207E-4
97.0	26.929238165186618	23.672457768578486	22.68726714295253	26.710930092808972	1.0683047339253523E-4
98.0	28.107673867571997	21.645767589730003	24.132184436045407	26.114374106652594	0.0
99.0	21.573043787505487	20.83871319135848	26.311964483859356	31.276278537276674	0.0
100.0	22.41045583837171	23.72918280790542	24.2350054010298	29.625355952693067	0.0
101.0	23.993114160449245	21.129692032748316	27.747861657417733	27.129225359069085	1.0679031561343828E-4
102.0	25.66202365028128	23.74356879487159	23.64819872857711	26.946102028883352	1.0679738666794823E-4
103.0	25.98948944459158	25.19228058334544	24.363674614904866	24.454448564276497	1.0679288161368316E-4
104.0	25.548017802268802	26.247453672185156	22.52836001804789	25.675474357844823	6.941496533256443E-4
105.0	28.645255133017113	21.98251855981298	20.50099080005703	28.867871432545765	0.0033640745671156902
106.0	26.95901982928711	21.05994708274262	23.48031088221238	28.500615410082048	1.0679567584308512E-4
107.0	27.03554467193025	23.666100295716124	21.558548908498874	27.738951761641484	8.543622132680316E-4
108.0	24.859288907731646	22.954396310568775	22.834736484072852	29.351524901898703	5.339572802138392E-5
109.0	26.34049735400578	23.178759856068165	24.746760385747564	25.733021292364338	9.611118141466048E-4
110.0	25.122582718973614	23.585379671372056	21.650860708761186	29.64101671439334	1.6018649980216966E-4
111.0	25.599452356453156	22.39010952336963	23.68157859747505	28.328058561976473	8.009607256917764E-4
112.0	25.446315580383793	23.309383173018905	23.23959380129412	28.004547255467543	1.601898356345493E-4
113.0	31.403069996518653	20.15376680072361	21.48308768092882	26.959007622664238	0.0010678991646892735
114.0	27.918251783055688	20.265103373440958	27.884929628308452	23.931341408971775	3.738062231260026E-4
115.0	27.57141979808337	22.742936789573605	25.830536352737305	23.854466223956038	6.408356496871921E-4
116.0	27.371829892268806	23.039137936835225	23.792182879749387	25.796795887491314	5.3403655266588375E-5
117.0	26.02367507281639	25.966052128737882	23.604632906065522	24.404945640041912	6.942523382952794E-4
118.0	27.746191993386386	23.09872032179405	24.057704611263432	25.097009242179713	3.738313764150853E-4
119.0	27.9178863078158	20.307859589196557	24.225344289943216	27.548322355895426	5.874571490063696E-4
120.0	25.54107768544197	22.576879306044873	24.443034574392808	27.438955029951728	5.340416862259434E-5
121.0	28.854277593648632	22.054090889185346	23.59023710825975	25.50064673657047	7.476723358031443E-4
122.0	26.620852741412293	21.935357078390304	24.092898165128794	27.3504113747275	4.8064034110510966E-4
123.0	25.98736788589122	25.701764832480567	22.688940999044608	25.62101841947441	9.078631091961726E-4
124.0	26.23855964471749	23.437388186514774	22.568033332300867	27.755965433011237	5.340345563080696E-5
125.0	28.210371278615966	22.850638378772118	22.825378787069653	26.11270370552336	9.078500189046415E-4
126.0	24.747882555245816	24.809456673822723	22.94509062556741	27.497516741965462	5.340339859228641E-5
127.0	26.92183635019844	21.21768636280135	27.35663660481986	24.502826041448607	0.0010146407317375347
128.0	26.640506429159622	21.88408180877322	25.217910007786127	26.248797102579246	0.00870465170178611
129.0	25.400234648393216	25.630717685514547	21.55256706089804	27.412902671114697	0.0035779340795016952
130.0	26.908214521067926	22.23253489070055	23.820733305492688	27.038517282738834	0.0
131.0	25.676445692893896	24.448811644045936	24.29586471887191	25.578237105116298	6.408390719582173E-4
132.0	27.931446795807386	25.071040212418378	20.29157327702452	26.700599349223058	0.005340365526658838
133.0	27.670418801474366	24.1108572661431	24.782994594490674	23.433005755836746	0.002723582055118892
134.0	27.52874843060511	22.112673875068957	19.982622506257552	30.37595518806838	0.0
135.0	28.68564788410478	21.683466945211656	26.503427342266423	23.12681700406069	6.408243564521401E-4
136.0	28.58040791390573	26.658752333713565	22.80235742452012	21.952661394716944	0.005820933143645677
137.0	30.50613841759183	19.432367930165853	23.38088522021563	26.680448222772036	1.6020925464780398E-4
138.0	26.848900180588885	22.949792872772942	26.52558093340211	23.67455127773844	0.0011747354976232964
139.0	26.545307555691306	22.85289848958795	23.680138236396626	26.919840190865337	0.0018155274587848568
140.0	27.8919370927056	21.03689598680852	24.623169244373436	26.447784083506164	2.1359260627834106E-4
141.0	27.806892103034453	24.11541874967293	24.17511883949006	23.902196514753612	3.7379304894446185E-4
142.0	30.1873311571214	22.314840871844684	22.588353652773336	24.90931411944317	1.6019881741232984E-4
143.0	28.221068893389944	23.35186503382645	23.622444593134745	24.804514678954444	1.0680069441811511E-4
144.0	29.034190822887723	22.754703661200757	23.148586725564005	25.06177118149433	7.476088531840395E-4
145.0	29.097444315512412	20.99576589099185	22.079150978106416	27.826944611617023	6.942037723032987E-4
146.0	27.399922248969904	21.183738073013345	23.73040471119978	27.6812891291671	0.004645837649868314
147.0	28.802734507457046	22.69639053346071	25.368526784641514	23.128449974074297	0.0038982003664308346
148.0	24.490633988065934	22.628912829177487	22.32425978120518	30.555766193070465	4.272084809427637E-4
149.0	29.05349152531511	23.215547344648577	24.384471239366924	23.343606164125692	0.00288372654368819
150.0	26.060266545904298	23.269897487274026	23.890228715098356	26.77955384855288	5.340317043942265E-5
151.0	27.64586665527379	22.53856444407655	24.763433136717193	25.051494914593476	6.408493389906089E-4
152.0	27.272785532784827	22.08411082189308	24.058869457757137	26.584180782512195	5.340505275885162E-5
153.0	24.411160748856446	22.192949897327306	24.981000878525787	28.413980576302233	9.078989882266863E-4
154.0	22.790722763324933	22.548788700771357	23.79205206549203	30.86555248820905	0.002883982202625385
155.0	29.069905346193174	23.358302962699412	22.083056872417693	25.488681396290563	5.3422399157208233E-5
156.0	27.92600420122276	21.983870381806952	25.522374823435385	24.567376629149134	3.7396438576883876E-4
157.0	24.969761985152385	21.880836577954245	26.30087572710138	26.848044893301477	4.8081649050975094E-4
158.0	24.367087424129828	20.44435706489481	26.185674300920564	29.002720935065657	1.602749891413695E-4
159.0	27.147947898746622	20.53303343413081	23.80961030912413	28.508606964642524	8.013933559148173E-4
160.0	27.241691211787217	19.97191892176353	24.05815390418347	28.728235962265785	0.0
161.0	25.454128724656943	18.942777643616875	29.28579976876834	26.312966283346405	0.004327579611436778
162.0	26.818402816735855	20.892732158981016	25.953186192010342	26.335571975829076	1.0685644371069687E-4
163.0	26.061466110076065	22.914214485425294	26.21021322021999	24.814052755000578	5.342927806893766E-5
164.0	26.710158633475988	21.677486228434343	23.962791393506127	27.64790741660923	0.0016563279743108874
165.0	28.093313278601368	21.393928545666814	25.668525202439696	24.843538360018062	6.946132740596673E-4
166.0	24.782459779438128	21.456879614297247	25.600843818277706	28.159656488162128	1.6029982479229152E-4
167.0	27.525194771884454	22.841211486464825	26.32861677229056	23.30438918040846	5.877889517051224E-4
168.0	27.197910393366953	23.94422870676199	22.34998452994271	26.50776949561201	1.0687431633835768E-4
169.0	27.32033688170664	20.695085716728656	24.618229233465865	27.365974092599714	3.7407549912359453E-4
170.0	33.1535224251493	21.274833331106628	22.301380111958743	23.270103809002123	1.603227832035164E-4
171.0	26.86417924167313	21.95030708026841	25.86961540681455	25.315310404388264	5.878668556391396E-4
172.0	29.119385510176926	23.987611023324984	23.24536255017124	23.647480603481675	1.6031284517359476E-4
173.0	31.440925531795514	17.802252058972677	21.75091627156157	29.00435653129697	0.0015496063732638398
174.0	25.59874743836718	23.705797639690815	23.826297916226924	26.868729510277255	4.274954378221245E-4
175.0	26.539195755387535	22.88683242374298	21.901300361484672	28.67101474370074	0.0016567156840739386
176.0	25.238169299155604	22.33716702395402	27.927578361373843	24.495802608491626	0.0012827070249053602
177.0	21.907919634133044	24.712482708339124	24.324208752840963	29.03170975238983	0.02367915229703813
178.0	25.98465937942646	21.5329395729214	24.101504663655557	28.38036186760029	5.345163962904563E-4
179.0	29.794809261836168	23.07066017819941	21.599528707618568	25.533825759742456	0.001176092603393241
180.0	27.754568081983344	20.569362234107448	25.40201325075662	26.273787698735816	2.6873441676300797E-4
181.0	30.043733853193995	20.441047714755214	24.91934683878425	24.594955080070907	9.165131956335156E-4
182.0	26.304058436569438	21.138505948847513	25.178233585607384	27.378986364045637	2.1566493002481764E-4
183.0	23.690249596945957	24.583438927202238	26.33007834615737	25.395532166139144	7.009635552871524E-4
184.0	27.748568001975837	20.57649851542438	25.53766659009212	26.133060684792188	0.004206207715479168
185.0	26.233075044081726	23.218262505998887	23.554847372082115	26.993060161444266	7.549163930094743E-4
186.0	27.31432596055219	21.860348228817593	24.353906437908037	26.47141937272218	0.0
187.0	24.067065795642932	22.81824472042022	26.649547217087832	26.46427600754079	8.66259308226973E-4
188.0	28.525758866277418	27.957803791529244	21.0943680450682	22.421744411011257	3.248861138801636E-4
189.0	25.761857907103565	22.337254154443997	24.02914054034442	27.870501890734346	0.0012455073736744146
190.0	30.155094639846492	19.77566329672377	24.526421655732904	25.54238713706137	4.3327063546179335E-4
191.0	27.289228826718272	23.332797275668014	23.919617428683505	25.45792182757995	4.346413502568187E-4
192.0	28.426792843027037	22.138387197910006	23.667359093495012	25.767406529170223	5.43363977250437E-5
193.0	30.168630984666255	24.019806586325824	19.77435795986291	26.036932729128466	2.717400165435322E-4
194.0	30.8277256568863	21.410416689314797	22.46882711687521	25.293030536923695	0.0
195.0	27.84539175906237	20.05620674600564	23.994376063255153	28.10369921724848	3.26214428355428E-4
196.0	29.878532598598	21.508331347857542	25.33039045747548	23.282636303823697	1.0929224527802853E-4
197.0	26.471736043472415	23.253117938930046	22.091536062493237	28.183172694845904	4.372602583989497E-4
198.0	28.09518718043618	21.129963948403724	23.976477361516636	26.798316678318322	5.483132513605022E-5
199.0	26.279679338990398	21.14896004289868	24.94047202859765	27.630668370428317	2.2021908495666913E-4
200.0	29.220461723468077	23.13044282637136	23.044106440430095	24.604878886789212	1.1012294125161331E-4
201.0	25.237264270685287	19.163629335252555	28.33008354015087	27.26902285391129	0.0
202.0	25.426483295049835	23.94568020622974	28.460728071156087	22.16710842756434	0.0
203.0	27.87417137556339	23.29182453268171	21.799116207381687	27.034337028839488	5.508555337294352E-4
204.0	26.735300793551104	23.00615051687701	22.614057820588254	27.644380684159607	1.1018482402381755E-4
205.0	28.80782186804069	22.829686162200403	24.587413650803796	23.774417167030116	6.611519249989257E-4
206.0	26.84341205214419	20.00045183693756	24.55843959766676	28.597641411185943	5.510206555602944E-5
207.0	26.506215330689763	23.610816411449104	26.552840644487492	23.329907162717383	2.2045065625404733E-4
208.0	29.120867005501474	22.11801153214337	19.950828528273597	28.81023780911326	5.512496830314322E-5
209.0	27.72133654888443	19.241533539984317	24.803080577343597	28.233442834095868	6.06499691787884E-4
210.0	26.60926170617807	22.506446752799842	23.817525461640443	27.066269751107914	4.96328273726146E-4
211.0	26.542639490577972	24.25844903876548	24.540952523857783	24.657407289924926	5.51656873837728E-4
212.0	30.251954735576685	21.079075856876816	22.689614594475852	25.978968447151214	3.8636591943497846E-4
213.0	30.605507424888078	22.114429165987744	22.113932056129226	25.165799946422606	3.314065723446739E-4
214.0	28.213218135670896	23.950138017163553	24.364327718479263	23.472316128686284	0.0
215.0	25.853613116658476	24.677866941269777	22.408068276856245	27.060119126465043	3.325387504634759E-4
216.0	26.19077564367465	23.855265285588516	25.791342508579334	24.162391972258657	2.2458989884470955E-4
217.0	29.852184724769913	21.28825228837503	25.79124246205741	23.067865918384513	4.546064131326701E-4
218.0	25.18665084217136	22.708208266918756	25.189870942960514	26.914867435350725	4.025125986443376E-4
219.0	27.77431586801477	21.317170845732573	23.670835531435532	27.237211417112846	4.66337704277774E-4
220.0	29.497048381262754	20.352883198306873	24.038748555796303	26.110676045357657	6.438192764173682E-4
221.0	25.969568233918928	21.208864859639327	23.562661108396295	29.25878790486728	1.1789317817019177E-4
222.0	26.243429106035816	24.150719982985425	24.14420808443244	25.461284373414966	3.5845313135694226E-4
223.0	30.8823109604808	21.445929489223555	23.889298870576372	23.781974775497066	4.8590422220400086E-4
224.0	31.753977086423845	21.842069657369024	22.768400766955107	23.63543059556039	1.2189369163577679E-4
225.0	33.3536703633413	18.332052550558185	22.77432280145248	25.53915635288716	7.979317608758098E-4
226.0	26.656045077956207	21.207033364174883	24.974631843266113	27.162103298264277	1.8641633852212855E-4
227.0	27.68904996077958	22.317486775679317	25.159270097950483	24.832998954122168	0.0011942114684527043
228.0	28.320523561864714	27.29919853301507	22.532193047629587	21.848084857490633	0.0
229.0	28.386154557484733	24.272317086781143	20.64418615774621	26.697342197987915	0.0
230.0	26.39962017993782	22.413248865886672	26.623543947938366	24.56358700623714	0.0
231.0	26.935895346074005	22.925287503052274	24.16001057903871	25.97730089182082	0.0015056800141926708
232.0	24.640065979381443	24.21984329896907	25.677261855670103	25.462696907216493	1.3195876288659794E-4
233.0	22.71400426683513	24.918223454744513	21.147334298769472	31.22010337840189	3.3460124899954225E-4
234.0	26.176947470106533	20.415351058346445	27.643374283597932	25.762961799854583	0.0013653880944985099
235.0	26.06076627028647	20.916080214085547	27.84236099113782	25.18058437805498	2.0814643518007788E-4
236.0	29.474995051907428	23.013243983577265	23.6243422206476	23.887137001941905	2.817419258046725E-4
237.0	28.929644787869783	23.982699549651027	22.3312541618371	24.75625936746472	1.4213317736586003E-4
238.0	28.196914362914562	22.046374864086754	22.876628701265393	26.8800098254892	7.224624409838494E-5
239.0	28.635743208925547	21.762823787448575	24.395754792910544	25.204281664301114	0.0013965464142200765
240.0	26.12966839690393	20.667773957817214	27.247481089677684	25.954924802588298	1.5175301286637918E-4
241.0	28.79441717870634	20.299255507354154	22.545266991120933	28.3585536135733	0.002506709245275423
242.0	27.57597673497975	23.469731112396843	19.781509790188494	29.17156429854746	0.0012180638874508968
243.0	27.427973207625662	21.95033307605624	26.040581715446454	24.577911910659576	0.003200090212066931
244.0	27.161219815627025	21.541135670923797	25.463891780350096	25.832454439438802	0.0012982936602793165
245.0	29.29857155537327	20.608535163244255	22.731460368083887	27.35898432598043	0.0024485873181541323
246.0	25.71630240353886	26.402907360828188	22.193687127632344	25.684267480874844	0.002835627125762362
247.0	26.075362292141147	22.237625571196865	24.09063310067112	27.45137774257012	0.14500129342074863
248.0	25.6207700960776	23.284833508522816	22.256901543511535	28.827121790497966	0.010373061390082431
249.0	25.25717717162852	21.218021263982877	29.383483074269968	24.12538205110439	0.01593643901425041
250.0	28.122785374944225	20.280291438867472	23.863989019319636	27.731467399947196	0.0014667669214723869
