# Position (bp)	A	C	G	T	N
0.0	24.38585173130513	23.794743875494458	24.846114294999747	26.973290098200664	0.0
1.0	23.179906349920426	30.039980263826205	23.59543020505304	23.108132948284453	0.07655023291587455
2.0	24.737953713350468	26.578054049553973	22.431705082023882	26.251020283815357	0.0012668712563200287
3.0	25.923472432354234	21.961712105412264	24.377128528459743	27.731960627120994	0.005726306652762792
4.0	25.937722482090003	23.51518991763871	23.741903308304913	26.80500359585266	1.8069611370845044E-4
5.0	28.175478498408513	23.75331684687449	22.208162602213037	25.86250052648363	5.415260203252767E-4
6.0	26.23554478825454	23.551955865012005	23.936947614330656	26.268823837891382	0.0067278945114197
7.0	25.806035756922004	25.284258355963473	22.783420406161316	26.125745835284555	5.396456686539618E-4
8.0	27.8265998371734	24.102165617745108	23.425436243096172	24.6456786645108	1.1963747452469527E-4
9.0	26.101763143545003	25.277318392511912	22.017584252651346	26.603274486230088	5.972506165119489E-5
10.0	24.488916630961345	24.72677970632921	23.207105577548973	27.57719808516047	0.0
11.0	27.35015543371318	22.6657805636262	22.955977384741168	27.027971139677863	1.1547824158971966E-4
12.0	28.356316896976875	23.78623719721065	20.292090104301625	27.565298852767565	5.6948743283607586E-5
13.0	25.484391425001434	22.37805571923831	25.09309261264347	27.044347574296633	1.1266882014338234E-4
14.0	26.02598526824708	22.095398307287454	24.28831666910225	27.590132425139245	1.6733022396592712E-4
15.0	25.748493746649398	22.929687586177987	24.20782435464407	27.113994312528543	0.0
16.0	26.655033892684944	24.467746231579177	21.640221131423168	27.23683566804194	1.6307627077184E-4
17.0	28.56042374965524	26.410893980964556	18.85913226065789	26.168109626925112	0.0014403817972017117
18.0	25.579368369995116	26.151416033749914	19.74949152201322	28.51951226357296	2.1181066879748202E-4
19.0	24.926790085195467	24.656508988638496	21.662703106124333	28.75362887158696	3.689484547384577E-4
20.0	23.074621322096583	25.427328630429724	23.77853979812564	27.719353311518972	1.5693782907901034E-4
21.0	24.09987891515449	24.37385023869382	23.175815818225395	28.350195634512605	2.593934136899543E-4
22.0	22.740245037507627	26.675566723717438	25.943649180913948	24.640487691621754	5.136623923106794E-5
23.0	25.41595529318135	23.7967345527528	23.273088651542757	27.513914618814635	3.0688370846456873E-4
24.0	28.020274752262175	21.42829654610177	24.627443831745886	25.923934233645756	5.063624441102452E-5
25.0	24.937558852287534	24.285841921500836	20.47592803406757	30.30052061059813	1.5058154593038315E-4
26.0	26.619744683825896	24.884313759759117	19.740938722620175	28.754952899084447	4.99347103661962E-5
27.0	25.693170021181167	24.095566302223126	20.04907733416225	30.162086713253274	9.962918019132789E-5
28.0	27.576283044645926	23.286229238394775	22.72099982102383	26.413776135820726	0.0027117601147419665
29.0	27.59137037964383	24.1142687239836	21.81993521329536	26.474132265030832	2.934180463835248E-4
30.0	24.151334152276842	24.230053801478764	24.743578031581155	26.87469386803088	3.401466323539702E-4
31.0	26.408146345545404	24.421236337182165	22.093121683908286	27.07706029996406	4.353334000844547E-4
32.0	24.346298494934864	22.316750387739347	24.458229668987123	28.87843432262498	2.871257136868521E-4
33.0	23.73353582350744	24.61331581452052	24.80917007468247	26.843836089133593	1.421981559743133E-4
34.0	26.26474518109535	26.40334095688403	22.425219357178698	24.906694504841926	0.0
35.0	25.709405822399805	21.573415431951386	26.06103142891914	26.655822167555872	3.251491737959494E-4
36.0	24.14897808684417	24.30018011512331	26.46541358024405	25.085288989401473	1.392283869973681E-4
37.0	25.564046165701594	24.805133770024213	21.746008843616632	27.884811220657564	0.0
38.0	26.962100526300407	24.832501775284058	21.605172187479273	26.599993599237102	2.3191169915672268E-4
39.0	23.139811393550875	28.207821380343972	20.928536185430858	27.723738295567525	9.27451067681669E-5
40.0	26.64031224701565	25.935410343506955	22.19451082506396	25.229627486491275	1.3909792215523886E-4
41.0	24.56826811187709	24.409251695634236	21.269488783083993	29.74798447851424	0.00500693089044557
42.0	24.61051940635036	25.977873497148195	20.478974908586558	28.932632187914887	0.0
43.0	26.053063742587867	25.4941150241281	22.578533940410015	25.870440146043254	0.003847146830762157
44.0	28.421879525889537	24.811595546235036	22.9847177003557	23.781621847084313	1.8538043541229768E-4
45.0	25.568557525802245	24.23031173064189	21.81841098140033	28.378595666734164	0.004124095421373658
46.0	25.37384385711784	24.21647313059538	22.167594731667357	28.242088280619427	0.0
47.0	25.693179738660504	23.865517409120706	23.008207107266866	27.43142791621014	0.0016678287417853641
48.0	22.35659928568253	23.81959778887621	22.87663759503238	30.947165330408883	0.0
49.0	22.602340074964644	26.42054479494012	23.77228493973839	27.2030704569472	0.0017597334096501925
50.0	27.199299865483418	24.600420914203426	19.938923450570364	28.261355769742796	0.0
51.0	24.675841173981365	26.82626679593203	20.993954344140324	27.501622761815604	0.0023149241306765415
52.0	23.302167877715622	25.486721575764854	21.39583978122589	29.815224571436488	4.61938571408774E-5
53.0	22.704787816603453	24.714863789903273	24.05363092424574	28.525011240359234	0.0017062288882996508
54.0	23.522513952337718	28.084604448977768	22.499749842412246	25.893039532276784	9.222399548471319E-5
55.0	24.792040029907405	27.465853798815203	22.094944498763443	25.64578133087939	0.0013803416345545523
56.0	26.937588187204614	24.90436562029735	24.9903042955996	23.167741896898434	0.0
57.0	22.9485331764379	27.159823115426246	23.034601791202416	26.85170575482083	0.005336162112604981
58.0	25.678245278662192	24.95227835769475	21.743682114526422	27.625518268534627	2.7598058200625E-4
59.0	27.6414186176899	22.325810723111616	24.394754670796306	25.635256353943358	0.0027596344588195847
60.0	24.276883272186716	22.65345550716791	23.5779795026803	29.491635794857807	4.592310726765319E-5
61.0	25.56868770310275	23.50011043371291	22.76155914953643	28.163351895074655	0.0062908185732515306
62.0	25.514961088359662	22.148894132513085	24.601918468531135	27.733950813703036	2.7549689308378826E-4
63.0	27.16914254493197	23.168573219192705	21.968030523205766	27.692003957732155	0.0022497549374086035
64.0	25.59645205588039	21.12633204838422	23.32432356891141	29.952800686568793	9.164025518145458E-5
65.0	24.59803155270192	25.92033295550239	23.956146564197205	25.520494961592277	0.004993966006210844
66.0	24.64629286703214	23.5436868740087	23.16242260866856	28.646818811969187	7.788383214109985E-4
67.0	27.05227410474062	24.472812948523014	21.27924891163378	27.195022674391705	6.41360710884212E-4
68.0	24.051180873319918	22.379309602414654	26.408850560443568	27.160384113077264	2.7485074459357136E-4
69.0	23.14106598580188	24.546219927021408	25.147152726436556	27.162721370377803	0.0028399903623552865
70.0	26.75674810431092	23.014671581585517	24.17147639649858	26.056555105326222	5.488122787600502E-4
71.0	24.572931733392448	22.52474649129169	26.186647910374848	26.71485282103843	8.210439025858778E-4
72.0	27.68024219128752	25.029063045715976	21.803692067168132	25.48554327258332	0.0014594232450549495
73.0	25.63170936125467	22.430276450079297	22.703188026728462	29.231132621802463	0.00369354013510149
74.0	24.937588442966142	25.585091251258262	23.55559871329161	25.9207642201701	9.573723138868222E-4
75.0	25.87912117968626	24.647804499131134	21.806490316675085	27.66430471703102	0.002279287476500546
76.0	26.77121780469049	23.682956970205023	25.221594532489668	24.323273431584784	9.572610300402186E-4
77.0	24.554871728486113	24.222672164429667	24.27882884155886	26.942761212874828	8.660526505313462E-4
78.0	27.180063356047313	26.300052416873676	20.211034891405912	26.308347956881423	5.013787916771121E-4
79.0	28.051756388192057	20.709300799253253	22.019208330902515	29.217318855376	0.0024156262761799194
80.0	24.029510500856347	22.59245046718579	28.289555838523526	25.0857487141111	0.0027344793232345972
81.0	25.224171308989092	24.58073266056116	21.584475077291025	28.610210800326662	4.1015283205973285E-4
82.0	23.29428213111288	22.067149596424326	23.79223508738671	30.844966058811952	0.0013671262641360856
83.0	25.83819248625189	22.26678344430855	23.762807110919926	28.13135115134127	8.658071783617469E-4
84.0	23.74430492909839	25.351386842888264	24.69520349612081	26.207828908428226	0.0012758234643072438
85.0	25.634575701893507	26.60823496124727	20.96875679158088	26.787703553787956	7.289914903912088E-4
86.0	25.457097546185835	24.485385133697587	22.856676861089635	27.19906368636591	0.0017767726610268561
87.0	22.890491077997314	21.67305715083562	25.215983483897304	30.219784975430386	6.83311839379808E-4
88.0	24.633624508451245	27.43121050471518	25.548008820433303	22.38651845690701	6.377094932623715E-4
89.0	26.735896813406097	26.133978052169937	22.2820168172868	24.847333998639932	7.743184972390991E-4
90.0	24.37732882549084	24.943966995524192	24.914544259583227	25.764068827340008	9.109206173673392E-5
91.0	26.8895029108863	24.648282137592037	23.9674130115684	24.494164336758324	6.376031949385237E-4
92.0	25.785435448290688	24.293531622349775	22.2528203175806	27.668212611778937	0.0
93.0	26.796247460669697	25.93994498060751	20.832003235041917	26.431348940528327	4.553831525538115E-4
94.0	27.99215131621188	23.201293967269223	23.085858753745953	25.71564140312754	0.005054559645397596
95.0	24.435502561975305	25.88476142643718	23.696484358814054	25.98056514174533	0.0026865110281277704
96.0	26.616369153995535	23.914327278356666	23.958083382469784	25.510081889025233	0.0011382961527866627
97.0	25.78922998543534	24.981412876357954	23.418774155862305	25.810400867232165	1.8211511223071433E-4
98.0	28.54966704407893	22.62939344978027	24.155340884310167	24.665507569414945	9.105241568887753E-5
99.0	22.89261156574866	21.627400123630665	26.565252500607684	28.914690290623096	4.5519389894513365E-5
100.0	22.755325303332576	24.97160915443755	23.979989176203485	28.293076366026387	0.0
101.0	24.15167089850817	22.053666637690803	27.927787292278328	25.8668751715227	0.0
102.0	25.18420015491472	23.751921643370295	24.825265844398995	26.238521338091818	9.101922417033701E-5
103.0	25.814543295749466	25.245394516864973	25.514751875970966	23.425219327675663	9.098373893125952E-5
104.0	26.275577972103044	26.624881275996465	22.902724556672744	24.196406802112104	4.0939311564536733E-4
105.0	27.682927328528873	22.967530987689532	20.819487866708698	28.526323785817965	0.003730031254932625
106.0	26.478785086221052	23.04604505755575	24.586156689380875	25.888876708739733	1.3645810258647236E-4
107.0	26.156871181912333	24.06925194022872	22.90986777380501	26.863190394167873	8.187098860583258E-4
108.0	23.699957997174355	24.271314615710512	24.351910946736417	27.67668006756818	1.3637281053452687E-4
109.0	26.02902839940227	24.17303238426271	25.441752320563115	24.35523249261019	9.54403161710436E-4
110.0	25.00086342129324	23.508371551086366	23.2862450625935	28.20442907857497	9.088645192015807E-5
111.0	25.44366840404793	23.243571159168056	24.531338752993463	26.780649177735466	7.725060550842259E-4
112.0	26.292467704778737	23.500924667960142	23.82162768823922	26.3848436243349	1.3631468699875954E-4
113.0	28.36644907554442	21.607220990160013	22.79545298618712	27.230013671574167	8.632765342809382E-4
114.0	26.476240931098154	22.132800346035854	27.133236525683714	24.257313278762414	4.0891841986652905E-4
115.0	27.46292744697933	22.64300711485869	26.653253892635103	23.239948257225382	8.632883014893541E-4
116.0	27.143472464921775	24.444714026474166	24.869487463981265	23.5421443039286	1.817406941949296E-4
117.0	26.541342280964397	26.217573735037746	24.137976469305368	23.102289687885484	8.178268069996889E-4
118.0	26.8605748457614	24.45963671521641	24.6964410740159	23.982756717142827	5.906478634676573E-4
119.0	27.07851344057197	20.97523430812541	24.872554917244752	27.07301580955116	6.815245067125621E-4
120.0	25.631330685429166	23.516687520956516	24.340999897318746	26.51089102793021	9.08683653598887E-5
121.0	28.099667327286888	23.21430356362354	24.041623617309156	24.64363310225256	7.723895278519121E-4
122.0	26.824680552551854	23.887772218658164	24.66524124620398	24.621624470465083	6.815121209202413E-4
123.0	24.540246622356847	28.00628073295209	22.68274165987814	24.769958614585892	7.723702270359565E-4
124.0	25.323692893158857	24.58334961376752	22.761909781254573	27.330956844279385	9.086753966140937E-5
125.0	26.934225519255477	23.904425007133003	24.22968093207017	24.930669012228787	9.995293125600853E-4
126.0	24.083757264222566	24.008792259249887	24.40833301908609	27.498935724096068	1.8173334538831192E-4
127.0	26.0337708785008	22.92464385471053	27.381071370807263	23.659332651240216	0.0011812447411892772
128.0	26.458395993846473	23.280224478354068	24.448867658270235	25.802107574054507	0.010404295474722105
129.0	24.2702130240584	26.56124276982616	22.189267789146754	26.97586890435748	0.003407512611204174
130.0	26.455708682434903	24.356442301183048	23.366577207614515	25.821180941269155	9.086749837687931E-5
131.0	26.15697200005089	23.866199243617913	24.70040944950577	25.27555606441424	8.632424111905295E-4
132.0	26.496002980443112	24.508465412548304	22.5191559348755	26.469787802445687	0.006587869687394225
133.0	27.15656302006736	25.563586618489374	24.210678875457344	23.067490460178544	0.0016810258073807936
134.0	26.684688409369183	22.66895951695672	20.966222862322216	29.6799020465279	2.2716482398133615E-4
135.0	26.599490431043726	22.85568512854622	26.586769380066837	23.957464440119285	5.90620223926843E-4
136.0	28.153628355895272	26.127869764094626	24.354990250116764	21.356424109925616	0.007087519967724524
137.0	29.045792648242752	21.38604630876508	24.09379696617799	25.47413691271265	2.271641015296322E-4
138.0	25.14144416147031	24.295504951340664	26.614671305302235	23.946834985294533	0.0015445965922564829
139.0	25.927818823365868	23.60396163748046	24.83042288994558	25.636433763051336	0.00136288615675644
140.0	27.687433445635307	20.893754701963648	25.410365581080935	26.008219123317744	2.2714800236960797E-4
141.0	26.43053207061323	24.843560754397426	25.015423587594622	23.710211005581566	2.7258181315970476E-4
142.0	29.060835125176098	22.253755828126653	23.571640470856757	25.113405134248513	3.634415919832054E-4
143.0	26.928215744825646	25.21964225763029	24.0590443454981	23.792870502495692	2.2714955026660545E-4
144.0	28.57364812989219	24.950459065695686	22.561454836203723	23.913938243057228	4.997251511668582E-4
145.0	28.413010216134293	22.008164548451226	22.659938288879278	26.91779664404895	0.001090302486253103
146.0	27.738917784651782	21.0146978453185	25.1299855034079	26.11103817133055	0.005360695291265202
147.0	26.861110467538264	23.748792165189553	26.315693834375242	23.07058752446902	0.003816008427927185
148.0	24.707905263133988	23.88982648534586	23.88850905506177	27.513168624262068	5.905721963152838E-4
149.0	28.040680818122926	24.39617959744398	24.441744948515243	23.11921404085163	0.0021805950662219463
150.0	25.641415866808646	24.115128673865087	24.619620720108447	25.623789309947558	4.542927026054595E-5
151.0	26.80629266488761	23.41513543276609	25.58185071003277	24.196085165771233	6.360265422962194E-4
152.0	27.808090601066183	23.92002805841748	22.936620505360448	25.335033678278624	2.2715687726532197E-4
153.0	25.118450254073466	22.91622276689072	24.510945489486105	27.45356372962131	8.177599284005751E-4
154.0	23.07867395212478	24.207611023048962	25.043103507023996	27.667703876748728	0.0029076410535292174
155.0	28.01613543001839	23.30809029697788	23.8836805973635	24.79200280252682	9.087311341736976E-5
156.0	26.225526166685825	22.97708498135511	26.00429557207124	24.792684350877447	4.0892901037816386E-4
157.0	25.282958342534307	22.32928672233597	26.611533522896114	25.775767043156883	4.543690767311235E-4
158.0	24.88122630432965	20.846146715957296	26.342497173785816	27.929948055819093	1.8175010814131434E-4
159.0	26.94538048812406	21.312215097384893	24.097490312402307	27.64405076083084	8.633412578973005E-4
160.0	27.04687071871707	20.78149218003438	25.80913549381496	26.362410727795947	9.087963764470877E-5
161.0	24.75612172193423	20.764370051547516	28.480547901383567	25.99432541096239	0.004634914172295209
162.0	25.83030961236541	23.18986847097796	24.391101740163723	26.58862929446006	9.088203284931078E-5
163.0	25.464997971008827	23.637906190172593	27.67934759640662	23.21761191601749	1.3632639447132852E-4
164.0	25.678327334860217	23.223406769186024	25.01440542407387	26.081997309775694	0.00186316210419166
165.0	26.68091199811678	21.694879360796044	26.312902552934876	25.31066986535253	6.362227997711415E-4
166.0	25.139767374009402	23.09422379685536	25.91611139943702	25.849715648037986	1.8178166023008106E-4
167.0	26.860679932647535	23.06571864213437	26.43434157514776	23.63871448600573	5.453640645983734E-4
168.0	25.995873252495137	23.673350664460887	23.96822222626211	26.362326612976528	2.2724380533386662E-4
169.0	26.979787622782283	21.892469716884914	25.920583064725783	25.20679599824746	3.635973595559749E-4
170.0	31.649678005520425	22.50293496979583	22.880401855655393	22.96675791623735	2.272527910051527E-4
171.0	25.33612526799346	23.437297598751357	26.378873775252288	24.84679432783355	9.090301693477754E-4
172.0	27.769035049730544	24.241158723760645	23.57464626033658	24.414887308179424	2.726579928100087E-4
173.0	28.325240325307572	19.984133554397328	23.05619002658493	28.632573194885115	0.00186289882505608
174.0	24.885178534429173	24.756952900934564	24.131319042824273	26.22586795395146	6.815678605312231E-4
175.0	25.64054445199239	23.83324737759259	23.23663123169654	27.28780481155245	0.001772127166027868
176.0	24.77895167336923	23.672278644945813	28.177811101265537	23.369095494512983	0.0018630859064367347
177.0	22.81972800708954	25.989024847472646	24.092573025665494	27.072542804231002	0.026131315541315883
178.0	25.260115396814005	23.102536676066478	23.745498133821407	27.89134996460304	4.998286950745062E-4
179.0	28.419211036939757	23.751005403047337	22.94809166549275	24.880283194205244	0.0014087003149126833
180.0	26.57294520579148	21.781971184728068	25.916251117268295	25.72833137289382	5.011193183319469E-4
181.0	28.049460401293175	21.888125543499584	26.39174674493365	23.66975482408635	9.124861872403406E-4
182.0	25.772660739022967	22.62098674148519	25.846782893245397	25.759295944446244	2.736818002058999E-4
183.0	24.17459306685545	23.86933618945267	26.118256477813684	25.837130037970084	6.84227908105455E-4
184.0	26.266182951456507	21.78908027966439	26.41525700905803	25.524690048668024	0.004789711153047693
185.0	25.172973056795367	23.92031517811778	24.049662993298178	26.856273414645493	7.753571431829232E-4
186.0	27.803987161025862	22.43363055883838	25.5474968607276	24.214885419408162	0.0
187.0	25.162282168978194	22.17512032918922	28.038620505592814	24.623108688379848	8.68307859922748E-4
188.0	27.623221655020497	27.419074735047733	22.236750101685	22.72045079588507	5.027123616969741E-4
189.0	25.63256471439925	23.133292535729513	24.760915834604262	26.47213004167663	0.00109687359034605
190.0	28.595502613701857	21.176949695437575	25.48351313341192	24.743623202780025	4.113546686241054E-4
191.0	27.27757934627921	23.22582328473478	24.41815169870637	25.077804830376543	6.408399030866969E-4
192.0	27.05137202176997	23.167330212220133	24.141751091908954	25.63940934145793	1.3733264300791448E-4
193.0	28.308574421406934	23.79249944145946	21.830099292026972	26.068552153036446	2.7469207018931773E-4
194.0	28.18077265747399	22.887306210689303	23.884100463235544	25.04782066860116	0.0
195.0	26.458901123858926	21.074323779799844	24.69458364470233	27.771458818702655	7.326329362462819E-4
196.0	28.481792495992664	22.20410081275592	25.945549804531993	23.368373327141256	1.835595781617334E-4
197.0	25.29252313886255	23.50851522992911	24.31129584055825	26.88702323570476	6.425549453323433E-4
198.0	28.0891009040015	22.927101977052164	23.642515057879912	25.34109816206743	1.8389899899177374E-4
199.0	25.74415176858001	23.323766550848546	25.643384936210957	25.28800561382298	6.911305375106491E-4
200.0	27.937877122773553	22.995141034413642	23.91458910753082	25.152300578514108	9.215676787783699E-5
201.0	25.45963616188483	20.54660506542137	28.765311605162193	25.22812459967024	3.225678613658629E-4
202.0	25.352639078603673	24.85289807384959	28.22951402906277	21.564948818483963	0.0
203.0	26.402030936094846	24.25183681334436	22.210574549866635	27.134727919286238	8.297814079177741E-4
204.0	25.77369873800673	23.267830904980986	24.04716580552865	26.911120137167366	1.8441431626778617E-4
205.0	27.53521422225337	24.013261783756942	24.992358014679066	23.458243869467978	9.22109842646566E-4
206.0	25.669609098051943	21.22290116602912	25.84759361247699	27.259757793508456	1.3832993349096798E-4
207.0	26.52526022020264	23.257313188363828	26.584009208004616	23.633140700597817	2.7668283109250985E-4
208.0	28.379836788231483	22.026532289530703	21.70308814671533	27.890542775522476	0.0
209.0	27.26296901091399	20.857066415727953	25.187235338075336	26.691852794922184	8.764403605398873E-4
210.0	25.502698961937714	23.871787773933104	24.378085351787774	26.24705882352941	3.690888119953864E-4
211.0	25.117400140658656	25.295484709370047	25.49728927505413	24.088579882858287	0.001245992058877278
212.0	28.67969075334782	22.075697656273803	24.511158160660155	24.733222593509442	2.3083620878304074E-4
213.0	29.99696057898661	22.617449602427104	22.667336755838413	24.717883528278165	3.695344697134168E-4
214.0	28.101693787043793	24.004561511529975	24.723965686043385	23.169732790093736	4.622528911607078E-5
215.0	26.862601096744747	24.383272210007853	23.08742681997308	25.666236525260576	4.6334801374290204E-4
216.0	26.370608613077994	24.064188668226215	25.71854158591213	23.846614261950773	4.687083289001337E-5
217.0	29.74342589713026	22.951769589025815	24.811111814810648	22.492700167596023	9.9253143725169E-4
218.0	24.370880952676206	24.47814669221839	24.974936351209685	26.175702139877576	3.338640181393091E-4
219.0	26.877898974009	22.250914755223455	24.514524269448913	26.355987260900914	6.747404177221535E-4
220.0	27.661826666621515	21.483049678980905	25.22105591116835	25.63377746901202	2.902742172150995E-4
221.0	26.126014240768342	21.95284571851592	24.291614310900712	27.629233511586452	2.922182285730984E-4
222.0	25.466169131508483	24.711223856938506	23.472542020654682	26.349770358945197	2.946319531299489E-4
223.0	30.799371019266253	22.68879342844104	23.454979265461617	23.05566578701958	0.0011904998115041966
224.0	30.443714377761783	22.20351757794633	24.233711712930003	23.119006614351115	4.9717010774670576E-5
225.0	30.762679844789226	19.541984275013345	23.9953980524686	25.69863840727036	0.00129942045847552
226.0	25.40820587339824	22.437021504556544	25.668183243400723	26.486437906104193	1.5147254030053163E-4
227.0	27.422346832030254	23.26011968730124	25.342686889634802	23.972908417741632	0.0019381732920740443
228.0	27.60857166721582	27.77536652593724	23.103983143214524	21.51197617831216	1.0248532025893941E-4
229.0	27.12230691576695	25.562588667321755	22.214644922572052	25.10045949433924	0.0
230.0	26.280727959544137	22.697686442042745	26.97655171407382	24.0450338843393	0.0
231.0	24.929508947509493	24.796863359215227	24.374128095327542	25.89770566397717	0.00179393397056682
232.0	25.46485159751966	24.675054679064125	24.327940736592225	25.531834776945484	3.182098785074684E-4
233.0	22.91019364510354	25.41953222137211	21.90848490145101	29.76119945547535	5.897765979862883E-4
234.0	27.402395503279177	21.16181963416564	26.745635876323863	24.689278961886952	8.700243443686859E-4
235.0	25.89861827135524	21.66604377122883	27.826662856012224	24.608400294592904	2.7480681081199914E-4
236.0	28.786802755969664	23.250393602697912	24.01262865427641	23.950008147339492	1.6683971652819898E-4
237.0	28.332920099221067	23.955592852583123	22.466379384815944	25.24493937799478	1.682853850874467E-4
238.0	27.206346630933588	22.353107365466254	24.201012197771714	26.239533805828447	0.0
239.0	28.24940809044631	22.758304269683077	24.320956990397207	24.669778288332108	0.001552361141295911
240.0	25.41180633184701	21.14244904477316	26.2962393490174	27.149386542584043	1.1873177838238638E-4
241.0	28.897914736059356	21.88977304677028	23.58843008709949	25.620791176993325	0.0030909530775490406
242.0	27.465580863311324	23.373691697665375	20.87585173258321	28.284161153193665	7.145532464238099E-4
243.0	28.18814064159534	22.560733524738488	25.28786893702078	23.960630001176135	0.002626895469262039
244.0	26.722274393927613	22.583336822523822	25.571619123953994	25.121752809795257	0.0010168497993217013
245.0	29.164851169160418	20.66832283990758	23.61611142909371	26.548856611157895	0.0018579506803995194
246.0	24.484202955713524	26.12619265027859	23.706042361184902	25.68104060519066	0.0025214276323254226
247.0	25.98649554928655	22.797730635814485	25.185451410586595	25.886560687551846	0.14376171676052116
248.0	26.91314962115163	22.218418906923166	23.811191107955967	27.04675446298628	0.010485900982962822
249.0	25.84266335827719	21.329261903222356	28.84807252673009	23.964048458317496	0.015953753452869653
250.0	27.896673156640517	21.913563237881263	24.060281057250048	26.12821079596552	0.001271752262659234
