# Position (bp)	A	C	G	T	N
0.0	25.176175298609472	21.91927106525492	25.085810136748798	27.818743499386805	0.0
1.0	23.811306565790566	30.9272712179194	23.012251953687713	22.173806179203744	0.07536408339857834
2.0	25.576395744214103	26.01708651725104	20.951417579694425	27.454531420748378	5.687380920461978E-4
3.0	27.146184502252435	20.7809193045181	23.8518435531049	28.216019269690424	0.005033370434144437
4.0	26.500469245176344	22.326580042195566	22.400961688990623	28.771907909518823	8.111411864237676E-5
5.0	29.286138523206716	22.272468352635464	22.19662649587124	26.24436149016284	4.051381237405268E-4
6.0	26.71505718070267	23.92500117256426	23.274591907204073	26.08033601648383	0.005013723045173645
7.0	27.04869945683268	24.874739048089392	21.48863835353567	26.587196874145125	7.262673971302754E-4
8.0	27.89949662929313	23.5789987522464	23.387606721597898	25.13389789686257	0.0
9.0	27.53085635889741	23.918108585771314	22.153085475148142	26.3977888385857	1.6074159743392115E-4
10.0	25.009414623218344	22.808360024827305	23.67498713267914	28.507157923981236	8.029529397311553E-5
11.0	27.02332686357724	21.90737629893692	23.225077582683635	27.844141555569713	7.769923248698149E-5
12.0	29.223135724578658	24.09859990771997	18.925544141254473	27.752720226446904	0.0
13.0	26.441271949519418	21.9691697707156	24.832517660706944	26.75696489515647	7.572390156801483E-5
14.0	28.042511663048824	20.158410587289975	23.61160248491899	28.18747526474221	0.0
15.0	25.930148899245854	22.51035388434262	24.65159853917987	26.90782473411905	7.39431126057479E-5
16.0	26.779681462797477	24.257922553762327	20.818209102080296	28.1441868813599	0.0
17.0	30.05114545392654	25.90802328352112	18.318185428509832	25.721794828153545	8.510058889607517E-4
18.0	26.993533003919328	25.0435813181299	19.31125682398637	28.651628853964407	0.0
19.0	25.40747008611774	24.025685174193022	20.99493565375532	29.57162843499212	2.806509417943979E-4
20.0	24.06547681174547	26.294541279615906	22.894756984309222	26.745224924329403	0.0
21.0	24.93692448560026	23.0336368191006	23.0052346975796	29.024134892800994	6.910491854257727E-5
22.0	23.90857131900055	26.598810334177486	24.66207655991267	24.830541786909293	0.0
23.0	25.92523370860859	22.958865238551603	21.923487502003706	29.19227712844509	1.3642239100703597E-4
24.0	28.96737623672212	20.757369403425553	23.999306551937437	26.275947807914886	0.0
25.0	25.97718905797029	23.318119351182176	19.24672397823899	31.45783386331491	1.33749293636543E-4
26.0	28.107474674259613	24.27213895413986	18.967557203595902	28.652762547616923	6.662038770400828E-5
27.0	27.417174821384805	23.213632206459703	20.268980500275305	29.100146053661934	6.641821825159354E-5
28.0	28.418882358306526	21.738636863238145	22.492340582739097	27.347449802846697	0.002690392869540225
29.0	29.995758505432622	22.3113022819501	20.879537651070716	26.813076293558264	3.252679882955567E-4
30.0	26.02394291976891	23.23607667165612	23.665212935513175	27.074638156724934	1.2931633685612587E-4
31.0	28.191970750656182	22.617862715665854	22.09414310014404	27.09570090636585	3.2252716807600285E-4
32.0	24.634491612363384	22.45860309855083	24.240884339575903	28.665957269316912	6.36801929764568E-5
33.0	24.802955960507216	24.686967848499446	23.53965158105624	26.970298330011115	1.262799259747074E-4
34.0	27.437495688817265	26.052775147520833	21.781788309953658	24.727940853708244	0.0
35.0	26.71731829973983	21.033201393965403	24.973060395023115	27.276295694072918	1.2421719874068605E-4
36.0	26.453559634655928	23.079023622496823	24.95142130313169	25.51599543971556	0.0
37.0	26.301902384308427	24.74495493438685	20.733159953147645	28.219982728157074	0.0
38.0	27.918272612356237	24.619566093839744	20.600370416774695	26.86166682586566	1.2405116366194074E-4
39.0	24.31347549484397	26.618044759357527	20.68773064761478	28.380625073252226	1.2402493149172848E-4
40.0	28.369041020127504	24.477839409034374	21.831105555617558	25.32201401522056	0.0
41.0	25.330436076428064	23.494686984662312	20.993912040768247	30.176377230288526	0.004587667852847453
42.0	25.626598148394958	24.327933076906387	20.1596831133248	29.88578566137386	0.0
43.0	27.001276200381437	24.611019206226917	22.493790996930052	25.89050461049856	0.003408985963035435
44.0	30.15867802194125	24.212962216980603	22.163360771253025	23.46487504198733	1.2394783779194363E-4
45.0	26.784901016632823	22.078598041833942	21.501161503156723	29.63205538037137	0.003284058005139241
46.0	26.545160756693058	23.396940440130034	21.501552332277793	28.556346470899115	0.0
47.0	26.793909492350316	22.727396628884936	21.95914468239061	28.518186278639856	0.0013629177342855585
48.0	22.552264560187393	22.714908081017036	22.379339689602336	32.353487669193235	0.0
49.0	22.983398246990635	25.41151377740509	23.232421445597936	28.37124212474198	0.0014244052643541344
50.0	27.712243776987748	23.494522411637465	19.32702233577917	29.466087625313264	1.2385028234768118E-4
51.0	25.875097054136088	25.22255891046748	20.436598108574323	28.46351693230915	0.002228994512958507
52.0	24.562263687229493	24.434624687617905	21.234510572053665	29.768601053098937	0.0
53.0	23.66307688894695	23.266837405007283	23.95332385152173	29.115406136227506	0.0013557182965276357
54.0	24.509077778544597	25.980796912125726	22.14831310571927	27.36181220361041	0.0
55.0	25.077116248711658	26.31828990301084	22.393735069194125	26.209691049475474	0.0011677296079071274
56.0	29.22167066304678	23.74390557153971	23.477268565346655	23.55715520006686	0.0
57.0	23.56489472238625	27.011617496969205	22.428214781447643	26.99060314269054	0.004669856506369746
58.0	26.68921866302624	24.025617363972266	21.139547542893233	28.145554991687384	6.143842088513105E-5
59.0	28.83648867070368	20.92806666293969	23.581879760728015	26.6511075575127	0.0024573481159204827
60.0	24.20978561481278	21.731202067355785	23.538789890747896	30.520161132142086	6.129494145107193E-5
61.0	26.49665734269163	22.350512001451303	22.207158949667697	28.939849329139587	0.005822377049783162
62.0	26.670176236372583	20.959853014808218	23.8026044766012	28.5671824181589	1.8385405909927444E-4
63.0	28.22426653528156	22.71847063812472	20.89519586431056	28.159922149421146	0.002144812862013771
64.0	26.17220744030442	20.131423205219757	22.764594970017708	30.931774384458116	0.0
65.0	25.237271691905345	25.671436859290015	22.44411391975586	26.642653701621793	0.0045238274269875645
66.0	25.12986909781781	23.52088603184345	22.595022367193643	28.75397798613344	2.445170116597937E-4
67.0	28.581706597715694	24.2915868198503	20.435405835770762	26.691117366415128	1.833802481134757E-4
68.0	23.942321562606203	21.139999364317166	26.328271505028006	28.58934644469926	6.112334936395043E-5
69.0	23.601424140091375	23.791085372003117	24.708586097825588	27.896459514386567	0.002444875693351466
70.0	27.7628947505015	21.42936091866987	24.066842331848424	26.7406577368503	2.4426212990470724E-4
71.0	25.490002708963015	21.746215822170274	25.22915087706482	27.534265338361656	3.652534402308402E-4
72.0	28.54403739808201	24.5831519936209	21.69983534861355	25.17175787420147	0.0012173854820694335
73.0	26.535507498215143	21.14637268250404	22.304260948477502	30.010937369711705	0.00292150109160671
74.0	25.54178049803213	25.442276314900614	22.279443044353307	26.73589155443792	6.085882760337328E-4
75.0	26.60630521198725	24.96957178988469	20.153151267152385	28.269206894788983	0.0017648361866880232
76.0	26.991279688916748	23.271242446555384	24.526285682989613	25.210401085627005	7.910959112512095E-4
77.0	24.917821706265997	22.459166424279744	23.996122620602197	28.626463296940813	4.2595191124622576E-4
78.0	27.924195359110644	24.608944071411404	19.88560545442929	27.580707481585826	5.47633462838506E-4
79.0	28.699797138027677	19.308699456398063	21.609728612786753	30.379706014425466	0.002068778362038647
80.0	23.57292576153521	21.738487607655358	29.159352744508094	25.526921824946534	0.00231206135480711
81.0	25.976961421667554	23.95626405839409	21.123929250038483	28.94241937318956	4.258967103129671E-4
82.0	22.776880039132752	21.371337692773825	23.207997391149863	32.643054788286456	7.300886570992604E-4
83.0	26.121268976795292	21.384994263006185	23.444593293983516	29.048352576293503	7.908899215072172E-4
84.0	24.253097809192354	23.832614581983584	24.92591963976657	26.987455462054005	9.125070034912518E-4
85.0	25.20840683739887	26.339801691100433	20.82529350933755	27.62595048360606	5.474785570898472E-4
86.0	27.70597423831746	23.69184278268994	20.849979805254527	27.750439174886495	0.00176399885157592
87.0	22.977598037098783	21.261701712246904	24.414800343288746	31.34529167074692	6.082366186423307E-4
88.0	25.60455581364372	26.446697698068473	24.36986852100884	23.578391391006004	4.865762729595576E-4
89.0	26.01096445613792	26.325581338772984	21.612105907839695	26.050618468795577	7.298284538219291E-4
90.0	23.852046013641104	25.10954542828385	24.514092665853752	26.524133443208182	1.8244901310287995E-4
91.0	28.704358011012093	24.098593142435966	22.63955766753792	24.556822231438833	6.689475751866668E-4
92.0	25.705167692632326	23.771836102518325	21.83430862401009	28.68868758083926	0.0
93.0	27.804627993437574	24.65159919587185	20.69924609945552	26.84422267004112	3.0404119393328367E-4
94.0	28.766634337955633	21.663114562209458	22.259746498314144	27.306004931395233	0.004499670125534716
95.0	24.488684074037366	25.75796729839982	23.21885361379375	26.5324884822048	0.0020065315642616055
96.0	27.63391983111588	23.027182220471122	22.518450420082228	26.819657100052414	7.904282783620867E-4
97.0	25.92169246801634	24.382488238305488	22.69122405526446	27.00435203976784	2.431986458699398E-4
98.0	28.733263172870156	22.071788623669367	23.429886047005077	25.7650621564554	0.0
99.0	22.122093765463543	21.38628739974152	26.08124751519455	30.410371319600387	0.0
100.0	22.99722690618287	24.06081354621681	23.68612371086394	29.25583583673638	0.0
101.0	24.89323291817867	21.413288596315276	27.59149510384945	26.10192259766468	6.078399192788587E-5
102.0	25.77497928789252	23.22637193778405	23.716593938752943	27.282054835570484	0.0
103.0	26.339362231036567	24.724700327843347	24.91153578257556	24.024280100018355	1.2155852617580524E-4
104.0	27.096422074721378	26.44257505596111	21.959912212620015	24.50078676795481	3.038887426846383E-4
105.0	28.409293268415542	22.42082750128695	19.805781459775137	29.361180481146103	0.0029172893762652984
106.0	26.10490094012528	22.521558338635934	24.753330306748616	26.62014963969664	6.0774793532832676E-5
107.0	27.506814183224805	23.197515595895386	22.10201979379689	27.1931034692321	5.469578508202849E-4
108.0	24.35981419723678	23.903632439159562	23.924354162818055	27.812199200785603	0.0
109.0	27.584495004827765	24.430314597715608	24.193331789906843	23.791433253792178	4.2535375760547706E-4
110.0	25.608190343206683	23.86089444099109	21.808083036051194	28.72283217975103	0.0
111.0	26.176108692415895	22.29209263889606	23.532746567663885	27.998565998985264	4.861020388942394E-4
112.0	26.83844750756159	21.69668821218385	23.416197902805777	28.048605617389043	6.076005973929073E-5
113.0	29.138287414133142	20.701006524240793	22.514706579287935	27.645452656419558	5.468259185764055E-4
114.0	27.552647345120374	21.587447030615607	27.071532821878254	23.788190516004136	1.822863816274771E-4
115.0	28.508339126080973	22.404747784577843	25.559202691075605	23.52722429356835	4.861046972296893E-4
116.0	27.30449502992859	24.18324521753291	23.916558458721884	24.59570129381662	0.0
117.0	26.812911583457794	25.163175106241546	23.45711268469988	24.56619301023589	6.076153648912551E-4
118.0	27.883548567810706	22.89023831542312	23.935625306081775	25.290405528733107	1.822819512918322E-4
119.0	28.020330476575296	20.59198993805463	24.168598345490505	27.21865591610185	4.253237777257938E-4
120.0	26.833533334346	22.973098597967585	23.55347622013276	26.63989184755366	0.0
121.0	29.08028943398267	23.065523658840235	22.581877991266428	25.271762080356876	5.468355537894793E-4
122.0	28.288243293000804	22.174505321973633	23.905437903826545	25.631448920840576	3.645603584357444E-4
123.0	25.871656402354553	25.988193205624878	22.016098848485143	26.12350470764938	5.468358860442621E-4
124.0	26.257294840675517	24.96082583216626	21.418290189597506	27.363589137560723	0.0
125.0	29.30062579743605	22.789598396014338	22.443890880369402	25.465034327723433	8.505984567713713E-4
126.0	24.432559004263936	24.384925432803247	24.251016770176523	26.931498792756294	0.0
127.0	27.368004073097023	22.432654767358358	26.22050133602929	23.978049992648497	7.898308668333007E-4
128.0	26.37303483288333	23.0686134650857	24.310232113911038	26.239188391145113	0.00893119697481524
129.0	24.691666302134216	26.384798024720162	21.480742965738813	27.439572670759148	0.003220036647662375
130.0	27.70411117368975	22.36870484692839	22.469073696374508	27.458110283007347	0.0
131.0	26.68791925716789	23.66790062925409	23.697306729318672	25.9465088458288	3.645384305526949E-4
132.0	27.568991893885357	24.891762530089593	20.59373553238983	26.939373650449173	0.006136393186051797
133.0	28.883881214009442	24.17337923274428	23.362767768503655	23.578027580960896	0.0019442037817193809
134.0	27.454312480216096	21.76967256391453	20.19151727100344	30.58449768486593	0.0
135.0	27.60758672311304	22.25668437501519	26.113657462537855	24.021585391341542	4.860479923787675E-4
136.0	28.18495098205997	26.307104563504602	23.22288702786513	22.27886031466747	0.006197111902829286
137.0	29.91218327897697	20.81063084168931	22.82116836216408	26.455956761170597	6.075599904734594E-5
138.0	24.787115062053598	23.2424728612331	26.391292752404656	25.578086565816786	0.0010327584918566992
139.0	26.996576083126577	22.65969571123429	24.279555887120093	26.062896551053782	0.0012757674652565994
140.0	28.683087921714524	19.765223762178948	24.858360296413657	26.69308501784241	2.4300185045909124E-4
141.0	27.46024561904444	24.04776297124319	24.814145421297717	23.677724485053567	1.2150336108672606E-4
142.0	31.02198051212327	21.388245428902785	21.970609623407324	25.619103684033707	6.075153291305423E-5
143.0	27.960678795625604	24.509654423696244	23.689622261522096	23.83992301490918	1.2150424687718897E-4
144.0	29.557294277103125	23.277605545926367	22.58515452568806	24.57939888350019	5.467677822551984E-4
145.0	30.123176277251424	20.04021834551933	21.968572582874398	27.867060749750156	9.720446046967981E-4
146.0	26.994470318208823	21.601420633695945	24.422518234827393	26.97685212748766	0.004738685780176012
147.0	27.28377841471727	22.37656327267558	26.010135681072327	24.325999079016274	0.003523552518550289
148.0	25.14593948333565	23.391263618132765	23.199472193888553	28.262838695332306	4.8600931072337013E-4
149.0	28.792574173515938	22.985117606569467	24.64370528280314	23.576233612933837	0.0023693241776166904
150.0	25.988361108191633	23.560827759832275	23.935182344460895	26.515628787515194	0.0
151.0	28.132670072077413	22.451166701498412	24.765067970508042	24.650487725454553	6.075304615773435E-4
152.0	28.52820669845297	22.529757131261878	22.504665879299534	26.43737029098562	0.0
153.0	24.79321119098811	23.589993456877053	24.088291455118853	27.52783561147823	6.68285537754184E-4
154.0	24.04913253183329	23.371913800571935	24.481757864686266	28.095251692439295	0.0019441104692171371
155.0	29.222531346700553	22.0268101857562	23.305710607236186	25.44482634380542	1.2151650163713106E-4
156.0	28.066023549112096	22.256760541900565	24.61865907741775	25.05843531285297	1.2151871661653007E-4
157.0	25.464382929081808	21.950979439070625	26.14786370485588	26.43671316774413	6.075924755747825E-5
158.0	25.038962364634266	20.068427937701532	25.929339739060005	28.963269958604197	0.0
159.0	27.528164645220564	21.376997622388075	23.080638898897718	28.013895024149804	3.0380934383865535E-4
160.0	28.529268079273184	19.693671950573354	24.183048235700156	27.594011734453304	0.0
161.0	25.659745198083062	18.39642618649624	29.433528442064983	26.506532891710705	0.003767281645013912
162.0	26.315412103620318	22.33397883868584	24.580203786870214	26.770405270823623	0.0
163.0	25.931874126885457	22.932704782009235	26.881324478683393	24.25409661242191	0.0
164.0	26.82250112111847	22.343617645736284	24.06564346123604	26.766536345506232	0.0017014264029779824
165.0	28.47072077820274	21.603839969665263	25.31626031970579	24.608632032075096	5.469003511100254E-4
166.0	24.903985921176087	22.366297356817487	24.874087866251173	27.855628855755256	0.0
167.0	27.68150193156012	22.612531531799792	25.754864146634493	23.950798542260056	3.038477455408824E-4
168.0	26.240617542119647	22.88083009873649	23.516263534713953	27.362228052295638	6.077213427481524E-5
169.0	27.524877753508775	20.44679679551927	25.04299746087079	26.985145668712313	1.8232138885141173E-4
170.0	31.988209912182075	21.976906013552526	22.823422164149626	23.211279589170136	1.823209456379714E-4
171.0	25.83020762179336	23.206615407428295	25.464238051597942	25.498452742401668	4.8617677873851714E-4
172.0	29.339777981662525	23.085289310430728	23.235914230682763	24.338896956513814	1.215207101670302E-4
173.0	29.52721484186319	19.226434410666602	21.83250956172515	29.412565276431827	0.0012759093132266228
174.0	26.743668184621367	24.0940423062785	22.990968220165204	26.170895978078264	4.2531085666720335E-4
175.0	25.853702700009478	23.191000940592012	22.7245936861242	28.229183629324112	0.0015190439501948023
176.0	25.73034493025743	22.60789514460456	28.1166315751096	23.543426941201133	0.0017014088272735834
177.0	23.577282707047456	25.33578917368183	22.831111551342033	28.232299324076738	0.02351724385194224
178.0	27.280029895457048	22.05148459502897	23.432448115887432	27.23585510425433	1.8228937222578362E-4
179.0	28.79903986387944	23.672216820612544	22.18576810889645	25.341759844433643	0.0012153621779290229
180.0	28.20969018967494	20.861439588845634	24.883201708592146	26.045424706930003	2.438059572766631E-4
181.0	30.459988896819734	20.49781291751313	24.83336078625158	24.208166328080676	6.710713348828981E-4
182.0	27.230158943209464	21.31456991622109	24.64803340418626	26.807237736383183	0.0
183.0	24.8696288839061	23.261611678030476	26.609069692948335	25.259384676398362	3.0506871672844306E-4
184.0	26.50654238454723	20.97358394778784	25.39057828284677	27.125573267140656	0.0037221176774961985
185.0	26.72325590901631	22.733354361607823	22.384374487130756	28.158649179439717	3.660628053955217E-4
186.0	27.338431067705248	22.14866330912601	25.108090924511473	25.40481469865727	0.0
187.0	25.953986071803353	21.102599978963386	26.519895501833368	26.423090376726655	4.2807067324509375E-4
188.0	29.369263361841202	26.549870833904144	20.931818404211597	23.148863925475077	1.834745679785506E-4
189.0	26.358363755682596	21.94488565090576	24.596018316405072	27.100120670052114	6.116069544603579E-4
190.0	30.129727620318715	18.879592289864682	24.785688552175166	26.204930371334534	6.116630690683822E-5
191.0	28.282395462272135	22.787272244668518	22.88112371659185	26.049147275702033	6.130076546265833E-5
192.0	29.159059783055152	22.22685412807029	22.82255127826297	25.791534810611587	0.0
193.0	29.85755111525588	23.210467874658715	20.590433551546898	26.34136351903253	1.8393950597527485E-4
194.0	29.511088601509954	21.850452722990678	23.859761642127182	24.77869703337219	0.0
195.0	27.806569076734483	20.469908340032905	24.091357029890826	27.631307026855325	8.585264864619571E-4
196.0	29.599634069191172	22.281140853236046	24.816281461780456	23.302943615792323	0.0
197.0	26.0578916689417	23.188518078541616	22.30894003005507	28.443850885542332	7.993369192817281E-4
198.0	29.17369048851297	21.577180711845863	22.890512172160037	26.358616627481133	0.0
199.0	27.358882201989925	21.862556015305596	24.68997760005535	26.08821352719437	3.7065545475099983E-4
200.0	28.266714775035712	22.04788430266754	23.867888157927254	25.817512764369493	0.0
201.0	25.344787850665355	19.820026333691494	28.805919705102202	26.029080749033497	1.8536150745863812E-4
202.0	26.79629960335238	23.804356759168343	26.927979939603773	22.471363697875503	0.0
203.0	27.240441549130374	23.723314832441254	20.798175457680752	28.23707924892147	9.88911826149301E-4
204.0	26.480589200666344	22.608937528781638	23.044285859987575	27.866187410564446	0.0
205.0	28.104407899454298	23.20891223020871	24.474325784493352	24.211426861804057	9.272240395813398E-4
206.0	27.271726907481558	20.097911029425855	24.64232305941366	27.988039003678928	0.0
207.0	27.21050916602724	23.377651204360763	26.434539373820204	22.97717659526714	1.2366052465450795E-4
208.0	29.70664644889271	20.86355538047777	20.492387723639027	28.93741044699049	0.0
209.0	27.933819581724116	19.189327606554457	24.896828911656353	27.97940536836037	6.185317046981194E-4
210.0	26.11367916240835	23.563637218487	23.28970258171641	27.032857309006687	1.2372838155853217E-4
211.0	26.737977179893207	25.296420675098435	24.16964773571794	23.79484056927126	0.0011138400191580485
212.0	29.72282524254416	21.012281806201134	23.59362145840336	25.67114769056113	1.2380229021856677E-4
213.0	31.13375935034676	21.520506662141422	21.981722309410237	25.36364007962117	3.7159848040994745E-4
214.0	29.088141714891986	23.080789238512995	24.459626451562524	23.371442595032494	0.0
215.0	26.30412803980018	24.31815318426885	22.566778939816253	26.81044332688492	4.965092297962636E-4
216.0	27.6215867620045	23.541463371833224	25.232124312714614	23.60482555344766	0.0
217.0	31.6680271044627	21.165047808769966	24.75710823491712	22.40880756260432	0.001009289245896924
218.0	24.841007377257696	22.754006614093107	24.827016026456374	27.577779191045536	1.9079114729076568E-4
219.0	28.066926709623562	20.919330861722933	23.435942093208396	27.576898601281492	9.017341636157995E-4
220.0	28.934644628675425	20.544889570088728	24.082042687040683	26.43829399038415	1.291238110118077E-4
221.0	26.520079824132182	21.212333881133265	22.703025506162586	29.564235877581336	3.249109906341158E-4
222.0	27.023164398128174	24.497593351855762	22.489277926886672	25.989898764748997	6.555838039332406E-5
223.0	32.146683765707756	21.47227785897537	23.439906003926232	22.94007086858131	0.0010615028093335288
224.0	31.44331920108091	21.326041241873067	23.82294613888813	23.407693418157894	0.0
225.0	33.83023609448053	18.835602029906326	22.457257836703263	24.87550161645883	0.0014024224510471087
226.0	26.21053654244991	21.250322157558323	25.565344347636003	26.97372948480428	6.746755148111515E-5
227.0	28.97250648110247	22.481443580297448	23.775071633237825	24.769136307818258	0.0018419975440032747
228.0	28.131497442298432	28.725656963134433	21.79112412131459	21.351584459642297	1.3701361024697387E-4
229.0	27.75365921016294	24.978942281137805	20.702637392985363	26.5646920740127	6.904170118751726E-5
230.0	26.04141162330002	22.766863467402676	26.381477174082402	24.810247735214904	0.0
231.0	26.210252638541498	24.553896621778375	23.193638306679368	26.040237978214716	0.0019744547860431434
232.0	25.483783317152977	24.521948209640854	24.011276248269926	25.98263842698601	3.5379795023619554E-4
233.0	24.104391736823754	24.853473912448827	21.118517675145668	29.923401854195	2.1482138675798008E-4
234.0	28.018548503665464	20.195369590323942	26.786994438661015	24.998138433393148	9.490339564349612E-4
235.0	25.859709083541425	20.48098601912083	28.03429888926437	25.62485811703653	1.4789103684187564E-4
236.0	29.843926465757864	23.08578944921311	22.933180549452032	24.13687855931199	2.2497626500404206E-4
237.0	28.335579030509457	24.74195918101782	21.518595658755913	25.403790474562086	7.565515472613969E-5
238.0	28.229749152625615	22.056290061796748	22.76311962693273	26.950841158644906	0.0
239.0	28.863775269694848	22.144682714911323	23.50567968693575	25.484386782525497	0.0014755459325799765
240.0	26.748786615175874	20.51460835893564	25.195798466990876	27.540806558897607	0.0
241.0	28.708666730936084	20.909733603264886	23.5226871043414	26.856663131848713	0.002249429608920595
242.0	27.803609082850457	23.003817128852454	19.871452690870534	29.320396478998546	7.246184280127823E-4
243.0	28.945651025259817	22.56442813501049	24.402627543385684	24.08455055794559	0.0027427383984182465
244.0	28.04015160334769	22.41081014655853	24.89384855187758	24.65454292625506	6.467719611419405E-4
245.0	29.563525191401478	20.16649456878539	22.170475784450243	28.09828869325025	0.0012157621126379283
246.0	25.23893572523447	26.021099088098516	22.62403873632797	26.114302694136292	0.0016237562027486946
247.0	27.929587988156147	21.378191093668356	24.207140496836374	26.345659559159863	0.13942086217926283
248.0	26.987940812946132	22.731498342381187	22.69654535781183	27.57513465861363	0.008880828247225964
249.0	25.0721025865476	21.701000454009492	29.327706664140763	23.884083864372013	0.015106430930131531
250.0	30.162186250007167	20.656608972956946	21.47069400380256	27.709445860232627	0.0010649130007036618
