# Position (bp)	A	C	G	T	N
0.0	23.39632867022052	24.15022850731794	26.016239549197213	26.437124040491117	7.923277321044859E-5
1.0	23.708714935093145	31.02061933027657	23.839910903640867	21.356823809580227	0.07393102140919161
2.0	24.647047799924724	25.95751817713673	22.586421123746263	26.808540458991402	4.724402008815734E-4
3.0	26.030832745297484	22.026052938173244	24.702225725526105	27.23262855565022	0.008260035352951311
4.0	25.85065828257025	23.867400275103165	24.102574179603064	26.179210060915704	1.5720180782078996E-4
5.0	28.661037280811936	24.466553409033814	22.082412199165955	24.789212053459277	7.850575290157262E-4
6.0	26.849171514769875	23.72539528880284	23.582223517138317	25.837648850083177	0.005560829205788275
7.0	26.080941337579173	25.54817953509967	23.255177739686143	25.114997916945125	7.034706898937055E-4
8.0	27.631998913714433	24.275673056138018	24.33662054375148	23.75570748639607	0.0
9.0	26.365432790303256	26.627923260047616	22.07572857831925	24.930759775319363	1.555960105182903E-4
10.0	25.135394526711714	24.23198722407221	23.545397674066187	27.08722057514989	0.0
11.0	26.933613409922426	23.78749841778828	23.014776350606063	26.26396113485266	1.506868305737552E-4
12.0	28.051039828085123	25.83943275218996	19.720608622624123	26.388918797100793	0.0
13.0	25.50219856006396	23.854706148500544	24.970678544601558	25.67227032258726	1.464242466838569E-4
14.0	27.978606533680257	22.209236773633997	23.222101763515468	26.589693553050015	3.613761202659728E-4
15.0	24.830741431618968	24.006358507532024	24.31765746996382	26.84524259088519	0.0
16.0	26.517543625649875	24.71347962030346	22.174915374171817	26.59406137987485	0.0
17.0	28.910302147147632	26.81431468379239	19.112340175977245	25.161944251210848	0.0010987418718853244
18.0	26.056955757496038	26.191428760319763	19.667136720126443	28.084274292210587	2.0446984717242058E-4
19.0	24.71949818289356	25.045275048462955	22.640169515207667	27.59437897555622	6.782778795948239E-4
20.0	22.489724806436207	26.861071310852353	23.810263757996488	26.83880558862901	1.345360859416517E-4
21.0	23.968464973222897	24.918044619817262	23.410399795220155	27.70275644097441	3.3417076527110273E-4
22.0	22.431688131573793	27.21920937150964	25.846686040664217	24.502217952179045	1.985040733035842E-4
23.0	25.460714777601535	24.61503585881584	22.968291488712527	26.95536478593773	5.930889323674331E-4
24.0	27.423311082922186	21.917752828041387	24.82695875902055	25.83197733001588	0.0
25.0	25.25001224602391	25.256650880037952	19.98112823262805	29.51195083028042	2.5781102967147143E-4
26.0	26.861101414755346	25.743054557401283	19.413487402722737	27.982228291000183	1.2833412044927208E-4
27.0	25.257485213878795	25.09058539088988	20.864589719534063	28.787147689704558	1.9198599270197245E-4
28.0	27.532040232798654	23.485376574128523	23.470547827144973	25.50905694238842	0.0029784235394317926
29.0	27.396916796893855	24.01044575622348	22.709427570803786	25.88270839954391	5.014765349726601E-4
30.0	23.959289582820222	24.426747868574314	25.283547408828223	26.33016635942293	2.4878035431298063E-4
31.0	26.584709545968938	24.430968481219345	22.67197785437669	26.311663514231743	6.806042032878134E-4
32.0	23.59288975868313	23.039151150494067	24.585737021005084	28.781732198219196	4.898715985306301E-4
33.0	23.547073272556045	25.66711812736046	25.56432586724143	25.22136137244051	1.2136040155729667E-4
34.0	26.355580896082277	26.97191018685156	23.12850098060606	23.543947665651306	6.027080879809159E-5
35.0	25.45099843716659	22.722834891597056	26.077562313661023	25.74830633442251	2.9802315282269646E-4
36.0	24.322660171858345	24.27359181558873	26.520672427037617	24.882599193706863	4.763918084428538E-4
37.0	24.45300882353291	26.655915553158483	21.10301900315866	27.787997090174816	5.9529975128376394E-5
38.0	27.348035061323987	25.528847985068943	20.497590843300067	26.62540708082578	1.1902948122190904E-4
39.0	22.997508581914815	27.174784254618523	22.780558251401757	27.046791890127693	3.5702193721293205E-4
40.0	26.236401119741544	25.84175469806544	23.199593037611297	24.722013154880724	2.3798970099568942E-4
41.0	24.290075754601258	25.035247841404345	21.68548336242396	28.98449332938319	0.004699712187246052
42.0	24.28709944143383	26.262543944702543	20.851828278081484	28.59840936535224	1.1897042989964844E-4
43.0	26.637479264791512	25.68798663430319	23.158781884936765	24.51200515785523	0.0037470581133027107
44.0	28.742733617001033	25.329265645581888	23.005450344772218	22.922312516168166	2.3787647669256548E-4
45.0	25.284097665856432	24.27786392803969	22.319742468855093	28.11431214829684	0.0039837889519424245
46.0	25.740504579383412	24.430155856586968	22.082170279935433	27.747169284094188	0.0
47.0	25.081607308780896	24.1607570352307	23.589580183825255	27.166509822898316	0.0015456492648357064
48.0	21.696933030877695	24.51542814965017	22.74520687644822	31.042431943023917	0.0
49.0	21.911650748525055	26.394897478927675	23.972768805830366	27.718781347012317	0.0019016197045833788
50.0	27.37648030518203	24.39536997973772	20.756775385785506	27.47131490911684	5.9420177904012645E-5
51.0	24.776294095803937	26.98747864834757	21.334303750464166	26.899546973635353	0.002376531748978834
52.0	22.539738677436524	26.250580792631368	22.092194562416147	29.117485967515965	0.0
53.0	22.716736784255758	24.318900006632745	24.296810597231303	28.666012867525133	0.0015397443550603106
54.0	22.30553584900744	29.491385507850577	23.261438318767595	24.94146266934965	1.7765502473550128E-4
55.0	24.297784828443213	28.03846340117958	22.639447843122433	25.02282738246408	0.0014765447906909168
56.0	26.694698052369876	25.145806512572783	25.608324376675682	22.551171058381662	0.0
57.0	22.45577154734629	28.220114793206886	23.27762949665777	26.041051562463092	0.00543260032595602
58.0	25.039263893513958	25.58954883719832	22.59486510933666	26.7760269427066	2.952172444658575E-4
59.0	27.520346202780132	22.324293528475827	24.733425630459234	25.418687511254245	0.0032471270305613697
60.0	22.956207542908896	23.67060402352155	24.478515923270187	28.894672510299372	0.0
61.0	25.048271909846054	24.280284248588398	23.247044285165977	27.418444792559022	0.0059547638405514705
62.0	25.914565306975472	21.71392895947102	24.8162556897803	27.555073182321166	1.7686145204431206E-4
63.0	26.183414773326824	24.452807542823052	22.464469113226645	26.896950554163347	0.0023580164601339
64.0	25.231517463906357	21.679325937963682	24.30220919004216	28.786947408087805	0.0
65.0	23.24133976114721	27.032556704575693	23.759870752897346	25.96111047000445	0.005122311375299391
66.0	23.741383736073267	25.05763800740875	23.10224358445999	28.098028179628052	7.064924299336132E-4
67.0	27.304341785260338	25.267413444233355	21.361461026135252	26.066136147280062	6.475970909938673E-4
68.0	22.60061354496769	22.294312022526082	27.19855085176313	27.906229229866252	2.9435087684182704E-4
69.0	22.237305137047183	25.371182946599806	25.72638362850977	26.66212609447608	0.0030021933671541207
70.0	25.492448110146615	23.483097591483197	24.90248610471076	26.12167430006301	2.938935964112065E-4
71.0	24.024327631801047	22.90863716498809	26.790930531330293	26.274991091355805	0.0011135805247660308
72.0	26.775450026398893	26.873662109415058	22.384561248066962	23.964334246893223	0.0019923692258649373
73.0	24.281040658713575	23.384179672166493	23.298407233944328	29.032095530810704	0.004276904364903137
74.0	24.30452113249434	26.721864099507677	23.011706268432906	25.960971295187164	9.372043779159503E-4
75.0	25.441292321569247	26.201960388094758	21.688674907676674	26.66584666567095	0.002225716988370629
76.0	26.749344773562527	24.63381993352563	25.273145233319177	23.343104382330118	5.856772625444748E-4
77.0	23.44496402772369	25.646578607549348	24.221801219865714	26.685777700995278	8.784438659728912E-4
78.0	27.236925707626586	26.79602610612862	20.527920030217054	25.438483994038574	6.441619891722226E-4
79.0	27.661531776997407	20.199457876513193	24.05118142281357	28.08501817325817	0.002810750417659945
80.0	23.596286507558254	23.97645342267324	29.005570472863706	23.419640337390085	0.002049259514711927
81.0	24.598486214576273	25.269139526333166	22.36135538126831	27.77043341006864	5.854677536070668E-4
82.0	22.356880870906647	22.523732440335927	24.773945395628488	30.343977682870783	0.0014636102581515773
83.0	25.21815182406888	22.965974989082163	23.90596260187541	27.908856852829917	0.0010537321436307162
84.0	23.533244163210593	26.24382077390691	24.80025990066409	25.421445902320666	0.0012292598977372837
85.0	25.209641366498236	28.05884415278081	21.36454331924896	25.36603467459715	9.36486874843797E-4
86.0	26.05942705580848	25.341505709367972	22.508505088421902	26.08886493281668	0.0016972135849657307
87.0	21.570413852868565	23.032272296661947	25.979102264555245	29.417216845749156	9.947401650917589E-4
88.0	25.717453565692587	26.830472724506844	25.58101027712849	21.870478341383215	5.850912888683457E-4
89.0	26.10596766503149	26.867568207945382	23.51308580438134	23.512500767860434	8.775547813572262E-4
90.0	22.8927136945384	26.067990073861054	25.776430216926617	25.262632017999024	2.339966749072496E-4
91.0	26.6924937031244	25.44347201473112	23.844188448845273	24.01926089362404	5.849396751712995E-4
92.0	25.705612614931102	24.277191586926513	22.65581498724937	27.36138081089301	0.0
93.0	25.440568119542796	26.7695687342414	21.71061673980469	26.07889548427547	3.509221356419331E-4
94.0	27.905122944587795	23.747336064135645	22.90066648107816	25.442605194762663	0.0042693154357392
95.0	23.32495523428463	27.208900044093205	23.795711614056962	25.668210903536465	0.002222204028738946
96.0	25.965958228106416	24.23398996487531	24.202590000076015	25.595999983627575	0.0014618233146785188
97.0	25.191601513285093	26.06540614142118	23.4676117585362	25.275088266194125	2.923205634069611E-4
98.0	27.832000879209275	23.773491372759008	24.090684824520586	24.30382292351113	0.0
99.0	21.36010511082693	23.147994454562244	27.039327720876514	28.45245582002109	1.1689371322231548E-4
100.0	22.23168937907723	25.355383627311927	25.203733799912225	27.20919319369861	0.0
101.0	23.62601505367172	21.908800432809127	28.64410037572834	25.82079201499875	2.9212279206290693E-4
102.0	24.554457758839728	24.622272585228515	25.09376378127528	25.729389053250117	1.1682140635450041E-4
103.0	26.050707999250776	25.270441301152484	26.017564753324972	22.66105254313144	2.3340314032255146E-4
104.0	25.370083324533983	27.359709615486704	23.477006850661645	23.792675164995178	5.25044322491557E-4
105.0	26.94663631558744	24.256225490939595	20.44888406113308	28.344928892368397	0.0033252399714846087
106.0	25.625775803335603	24.27010322267539	25.306529814180518	24.79741616657489	1.7499323359496767E-4
107.0	25.33237913764273	24.7812669689064	22.448328495281224	27.43709219945023	9.331987194180572E-4
108.0	23.466822934293617	25.176893283851175	25.6726080597048	25.68355922044046	1.1650170995384786E-4
109.0	25.716523055426176	25.077608290638096	26.560898928737775	22.64397997205403	9.897531439217514E-4
110.0	24.498693661420553	24.307966482768496	23.5090308766175	27.684134373903262	1.7460529019108222E-4
111.0	24.13567571058905	23.46208029029309	25.662728631704024	26.738642532988777	8.728344250552359E-4
112.0	25.346992345166775	23.357189481265497	25.091947590164487	26.203637878334806	2.32705068432743E-4
113.0	27.932763313344438	21.946390044679813	23.90960263995379	26.210080616780317	0.0011633852416438402
114.0	25.720424553762538	22.31344342695479	28.176824501647218	23.788784037820836	5.234798146183483E-4
115.0	26.905915931409186	24.098278366184108	26.602584050268753	22.39240733836308	8.143137748736505E-4
116.0	25.595856067440103	25.590156182659207	25.9245300357755	22.88928322785638	1.7448626880307654E-4
117.0	25.817586670381232	27.17303367126935	23.890705780468185	23.117626976099814	0.0010469017814197035
118.0	27.003723448185212	24.223700021054174	25.986899883329627	22.785153201106915	5.234463240691088E-4
119.0	26.773634255529892	21.56627816419934	25.131256990339878	26.528248970388002	5.816195428819365E-4
120.0	24.301889777335234	24.234015526743736	25.963907416497804	25.5000709568001	1.1632262312168044E-4
121.0	27.00882081633555	23.968762468432693	23.685107442265704	25.336436846188832	8.72426777220588E-4
122.0	27.406767634468636	23.292271542899684	24.613751628512933	24.686511260003723	6.979341150195422E-4
123.0	24.087503787709153	27.782621263399477	23.424880058300186	24.703947999769685	0.0010468908215010438
124.0	24.3843371581016	25.097955283420387	23.302859648704466	27.214615271427885	2.326383456621963E-4
125.0	26.440438235194907	23.805688124403147	24.926109749558286	24.82665888119518	0.0011050096484789833
126.0	23.490907145229194	23.86731161020503	26.833939446106175	25.807551003910024	2.9079454957959834E-4
127.0	25.85029701219803	23.70421376968789	27.900536099166136	22.54361548813638	0.0013376308115696923
128.0	26.068355687796686	23.21634413505035	25.00287888110977	25.702999503320314	0.009421792722886464
129.0	23.3451667948108	27.275275703755575	23.381632622201234	25.99501691851545	0.002907960716940267
130.0	26.537540377410284	23.894993724562376	24.42168847075902	25.145719267512774	5.815975554291551E-5
131.0	25.301632260184544	24.48442620805574	25.050090293388084	25.16326963844841	5.8159992322881E-4
132.0	25.11128869223137	26.644438008098163	22.700915783510776	25.53661098451671	0.0067465316429781985
133.0	26.898401973208607	25.226804417502745	24.69354723330307	23.179850567018313	0.0013958089672583929
134.0	25.93180850643112	23.289978434989752	21.87743536894313	28.900545057378746	2.3263225725405538E-4
135.0	25.485908366580208	23.97351494073721	26.947181091738102	23.592639549626046	7.560513184371837E-4
136.0	26.677770966830167	26.703651275346708	24.846724599785748	21.765281304414074	0.0065718536233013505
137.0	28.27419672834771	22.309744410525074	24.71291475058406	24.702969634828147	1.7447571501601978E-4
138.0	24.600847067799737	24.59026308183573	27.651012253580674	23.157179751555468	6.978452283960202E-4
139.0	25.79347010032177	24.4235322031651	25.48496220269405	24.296581639447606	0.001453854371478401
140.0	26.910727920997523	21.472125410211213	26.022467623627467	25.59444642494712	2.326202166741008E-4
141.0	25.145070060493836	24.933789431199745	25.85288633881434	24.068021545622777	2.3262386930260527E-4
142.0	28.060832831258736	22.565965623204455	24.303182493841348	25.069495653468504	5.233982269594285E-4
143.0	27.301017194784865	25.186954830177726	24.728865337274712	22.782930016463773	2.3262129892244002E-4
144.0	28.153143460627216	24.777062210896183	23.537252448041276	23.532018484034666	5.233964006611078E-4
145.0	28.362163466710864	22.579097499062257	23.101616406570304	25.955901381462066	0.0012212461945096261
146.0	27.16400967461855	22.20265639111605	25.136387347627377	25.492526828224342	0.0044197584136789194
147.0	25.928333950739695	24.01673917556769	27.485535535564644	22.56572760806695	0.003663730061021459
148.0	24.76902078304092	24.402582803294163	24.43497543219734	26.39307204830165	3.4893316592295436E-4
149.0	26.924363081865504	25.619907286516764	24.374829528040564	23.07903908773003	0.0018610158471315057
150.0	24.516923735452462	24.76857411880201	25.478220057704533	25.236282088040994	0.0
151.0	26.237750443455752	24.1289365785571	26.427694902439736	23.204803861699965	8.142138474512199E-4
152.0	26.880336486928968	23.816732803578898	23.832784793414962	25.469796959776385	3.4895630078404663E-4
153.0	25.1163201876012	23.70651951387467	25.09526623364538	26.080847183190336	0.001046881688410787
154.0	23.095623892770774	24.50508380336656	25.851963089063396	26.54517727881297	0.002151935986302055
155.0	26.719172623998787	23.42415235258875	25.167435448501312	24.688832401682205	4.071732289418731E-4
156.0	26.211285260987292	23.48801293666328	26.119262773064516	24.18109001858482	3.4901070008638016E-4
157.0	24.439847806827984	22.859049135871555	27.37330662991942	25.3273310759913	4.65351389742841E-4
158.0	25.007503856633296	21.02214161231703	27.502507102487556	26.46773108969959	1.1633886253167326E-4
159.0	26.88222582230767	21.085745697590884	25.532329510585512	26.499059097955612	6.398715603267999E-4
160.0	26.796987162632252	21.280199925074633	26.30845981836416	25.614120406458476	2.3268747047777718E-4
161.0	24.710928269723105	20.491007465226172	29.58883374819739	25.20550750216546	0.0037230146878746645
162.0	25.293060610943606	23.490107404656044	25.449429410946863	25.767228054703484	1.745187500036358E-4
163.0	24.603278024761455	23.982380064248076	28.423723153856805	22.990502407848457	1.1634928520816632E-4
164.0	24.99975274841948	24.362890853844064	25.720156588789205	24.91527997314557	0.0019198358016797982
165.0	26.51450008086953	21.9676545160686	27.961541012486492	23.55554805686233	7.563337130516436E-4
166.0	24.912945809093433	23.092676858916064	26.28626385230722	25.70782257177716	2.909079061205278E-4
167.0	26.647598146055714	23.548013223840616	27.06855241767973	22.735312565092272	5.23647331667747E-4
168.0	24.81745963863729	24.662746172747273	24.939647783943432	25.579913665347615	2.327393243926522E-4
169.0	26.59888245661708	22.26998744902074	25.378696851083244	25.75196774567073	4.654976082151018E-4
170.0	30.680243133503478	23.1175831887357	23.1133936395661	23.08854728546308	2.3275273164424678E-4
171.0	24.796568193879356	23.489041682571898	27.474233522954744	24.23922556257972	9.31038014282123E-4
172.0	27.131689129589848	24.358986294164605	25.051492886417748	23.457424401460653	4.0728836714602567E-4
173.0	28.493968999382734	19.948407935683292	24.37422514455726	27.181594408881654	0.0018035114950586695
174.0	23.954345635514432	25.962167244191974	24.33437202558953	25.748533302925015	5.817917790494453E-4
175.0	25.06328686769132	24.812524836204688	23.93765043540085	26.184501510099427	0.0020363506037197727
176.0	24.144190795923652	23.958177570773174	28.69229269882091	23.20405889352096	0.001280040961310762
177.0	21.95967413441955	26.777480360779748	24.445330229851614	26.793831830084375	0.02368344486470759
178.0	24.802316691278893	23.04775004683887	25.23928553557485	26.91012406191342	5.236643939631969E-4
179.0	27.325166961398562	23.54567413301399	24.354164739125906	24.773655798537224	0.001338367924325186
180.0	26.76294581278489	22.167815356895293	26.80320637447224	24.265740712646952	2.9174320063296604E-4
181.0	27.663594868546827	22.35878337162369	26.613979447076336	23.362473736242933	0.0011685765102098528
182.0	25.960095453124865	22.947480335429525	25.941168395318474	25.151138982436976	1.1683369016289538E-4
183.0	23.385095489904216	23.879077277538784	27.294071050190325	25.441230421239812	5.257611268579814E-4
184.0	25.82379512441345	21.769958965059544	27.14300069170515	25.259506272083154	0.003738946738703707
185.0	24.67831365557656	24.887903378436793	24.642213753478558	25.790809829454247	7.593830538414268E-4
186.0	26.73447320442263	23.195864545039786	25.841920142817838	24.227742107719745	0.0
187.0	24.375422920430427	21.963380135065506	28.526403394007733	25.133857788783377	9.357617129586037E-4
188.0	27.884115409653496	27.09801304438612	23.17504639700158	21.84229874112491	5.264078338844043E-4
189.0	24.953892642535052	23.422362112240485	25.117205984802265	26.505544874025865	9.943863963261517E-4
190.0	28.24367731907682	21.06975321172243	26.249984644102952	24.43635083047616	2.3399462163362176E-4
191.0	25.916825879516775	24.080187049230446	25.224703899240815	24.77799032188914	2.928501228213415E-4
192.0	26.677003116750146	23.44193244366449	24.737015054237077	25.1438736617919	1.757235563870534E-4
193.0	26.756613626431307	24.188022772034778	23.222238234663497	25.83289103846149	2.3432840892181986E-4
194.0	26.437748578318025	23.440016356592462	25.372109549332528	24.750125515756988	0.0
195.0	25.91572172559755	21.31326495694444	26.027462276577495	26.742730711717584	8.203291629361221E-4
196.0	28.281905563081505	22.277351611800324	27.396728345526945	22.04377949758497	2.3498200625287117E-4
197.0	25.023840090718668	24.792989280038075	23.959775906085028	26.222395877706063	9.988454521685228E-4
198.0	27.22869591889239	23.00176087950957	24.49524103326125	25.273948932728047	3.5323560873975546E-4
199.0	25.476663289190366	23.502991100084703	26.37160609313229	24.64809113645299	6.483811396536348E-4
200.0	27.01909926904032	22.786430087243577	24.809243103041737	25.38505069559066	1.7684508370667296E-4
201.0	25.04167855517486	21.293850909854058	29.58640960764386	24.077707219645397	3.5370768182343385E-4
202.0	25.178860633445215	25.683532087022808	28.581678657526766	20.555928622005208	0.0
203.0	25.258648499299085	24.304496057832996	23.5589962733857	26.876915573520577	9.435959616451831E-4
204.0	24.74674880017175	23.27357145679822	25.4095223040949	26.569744569439045	4.1286949608098375E-4
205.0	26.638751521786318	23.84426817413954	26.07061796321288	23.445241645511082	0.001120695350176008
206.0	24.699337117022413	21.47075427788701	26.85599269926161	26.97356195923597	3.539465929985825E-4
207.0	26.097396927288603	23.277676822504898	26.89944068156609	23.725072569796804	4.129988436032379E-4
208.0	28.339961276837567	22.014902693449105	22.927983297464348	26.717152732248984	0.0
209.0	26.650360831526765	21.048574587096237	25.710434101545136	26.58968612644538	9.443533864807549E-4
210.0	24.296633522157077	24.845336116496142	25.925740084392174	24.931463828722144	8.264482324633587E-4
211.0	24.978048874100626	26.163498244795647	25.731266256676122	23.12594661462562	0.0012400098019822443
212.0	28.485134887677287	21.506536160057653	25.760740508834008	24.246997737596654	5.907058344015264E-4
213.0	29.397885738129887	22.459333616243622	23.544479762260792	24.59770984515981	5.910382058917053E-4
214.0	28.051540934349482	25.256832249459542	24.697062450648993	21.99444607099447	1.1829454750856898E-4
215.0	25.07800693539905	24.803567183195206	24.120343224587053	25.99754907337306	5.335834456328863E-4
216.0	25.691521887701878	23.966703835593446	26.693883913048694	23.647830413774084	5.9949881898732655E-5
217.0	28.955795207773566	22.521810959814978	26.452278965479582	22.06933046281653	7.844041153460217E-4
218.0	23.86677728386886	24.36601552252324	26.333325826296498	25.43315095291688	7.304143945199443E-4
219.0	26.51656974367203	22.479679370249528	25.23994051209032	25.763011135846508	7.992381416114732E-4
220.0	27.120976914612594	21.881286794535974	25.525821474486033	25.471235580123324	6.792362420699169E-4
221.0	25.38283149313154	22.40347889967658	25.075159299115025	27.1381567683836	3.735396932616552E-4
222.0	25.068647041238574	25.18998694085624	24.92358040813758	24.81753386723728	2.5174253032710797E-4
223.0	29.6492459789249	22.344629088979886	25.292729184602532	22.712379161252816	0.0010165862398698769
224.0	29.79721663394392	21.701744349751618	25.50112947633833	22.999782131467732	1.2740849840166038E-4
225.0	30.973905476138675	19.47337437131266	24.896594530260177	24.654909840156645	0.0012157821318419739
226.0	24.76934092315468	22.109188457164702	26.999439510916577	26.121577533783235	4.535749808040589E-4
227.0	27.29767791753062	23.587269433454303	26.47155683036103	22.641597141246542	0.0018986774075065848
228.0	26.60301266941662	28.419571828436734	23.33852018267531	21.63863225018941	2.6306928192608805E-4
229.0	27.214064538292625	25.544865566777574	22.224904483141216	25.01616541178858	0.0
230.0	24.985373789831378	22.67743796884016	28.492191340215	23.844996901113465	0.0
231.0	24.38872008651837	25.52312170846671	25.291579366778787	24.79481702937342	0.001761808862711722
232.0	24.90364323268269	25.512506284137	24.81930977355308	24.76420010599585	3.4060363137967633E-4
233.0	22.253288748235708	25.385662932251236	23.781329944424844	28.579029199011995	6.891760762173607E-4
234.0	27.067474369486927	20.66434513960323	27.44805448983007	24.818515450432503	0.0016105506472663003
235.0	25.79907334737867	21.321361062614514	28.62743738159419	24.251845131393736	2.830770188876064E-4
236.0	28.157237219988513	23.81849511774842	25.13799540493969	22.8858414704193	4.3078690407811603E-4
237.0	27.390634267167375	24.533524596173823	23.188635154274632	24.887060792980964	1.451894032062176E-4
238.0	26.70526608853463	22.95393848152693	25.58904505099042	24.75175037894802	0.0
239.0	27.0628830460208	23.437411288708006	25.44239854416366	24.055588923452053	0.0017181976554819468
240.0	26.086394395007588	21.742355971504058	26.204678574094608	25.966186270262032	3.847891317079327E-4
241.0	28.939190032881502	21.03791778237163	24.577804909255995	25.443083245849728	0.0020040296411399537
242.0	26.09225430898181	24.27588307743217	22.682180264001243	26.94852261824041	0.001159731344368306
243.0	27.159918993837767	24.176574220269202	25.145921104212537	23.514564220005795	0.003021461674695491
244.0	27.336429554499674	22.133737813771845	26.181828343697628	24.346529404139144	0.0014748838917062622
245.0	27.880595248937638	21.63572801386226	24.16943592713595	26.312061209413695	0.0021796006504551085
246.0	23.957117898480643	26.80170342869622	24.336801547437055	24.901101300970268	0.0032758244158113126
247.0	25.981035158404065	22.922929030067948	25.425762492852787	25.53088806863824	0.1393852500369582
248.0	26.88245640689095	22.615398591300018	24.152454104479364	26.339431852532886	0.010259044796784769
249.0	25.22894679757425	20.902929072863714	29.597012766947405	24.254685038998762	0.016426323615866097
250.0	26.274932427695074	22.484974960236524	24.823122451021405	26.41649748972137	4.726713256303663E-4
