# Position (bp)	A	C	G	T	N
0.0	24.383268327008132	23.673900204082827	24.764778461952293	27.178004276578037	4.87303787130112E-5
1.0	23.096428946171873	29.989769507887097	23.573997644946544	23.26382816659477	0.07597573439971397
2.0	24.332368671253537	26.837516417759932	22.85027342327688	25.978871815657584	9.696720520636319E-4
3.0	26.540403967010683	21.72817044544101	24.44941111960419	27.277073627245542	0.004940840698576747
4.0	26.42967116099177	23.38870531589425	23.30371373519121	26.877812986578007	9.680134476428147E-5
5.0	28.316122429543743	24.04705124790131	22.422679041822953	25.21351882209448	6.284586375113425E-4
6.0	25.7303366989877	24.019206289977905	23.823416825439885	26.421199326322046	0.005840859272460639
7.0	25.365247229457914	25.723558470383328	23.330112594213844	25.58016654079132	9.151651535936127E-4
8.0	27.56801528413895	24.392044705721645	23.350831979328703	24.689011831547393	9.619926330604161E-5
9.0	26.16496643953764	25.201816456124632	22.452983907012964	26.18008917130791	1.4402601685968553E-4
10.0	24.495087323154667	24.517437292987	23.58943393185849	27.398041451999845	0.0
11.0	27.8500836063606	23.076006882055015	22.040488369085097	27.03318851489608	2.3262760321919381E-4
12.0	28.21772376533308	24.04435799520048	20.423633887044407	27.314284352422035	0.0
13.0	25.278370966536606	22.613029821982984	25.008707230964678	27.09966552457387	2.2645594186423062E-4
14.0	27.00930611865111	21.82909541019526	23.264401937719732	27.897107064427974	8.946900592329554E-5
15.0	25.242957715375987	23.128682348576525	25.17821021296893	26.450149723078553	0.0
16.0	26.208730946482117	24.630045008549278	21.755246583110374	27.405890623059697	8.683879853311902E-5
17.0	28.877242724776806	26.79944655657665	19.102778154902023	25.219511136325234	0.0010214274192827623
18.0	26.060872875911624	25.44123717780421	20.075858942550315	28.421735537120313	2.9546661353895557E-4
19.0	24.95345413154391	24.745991347253163	21.63950581634486	28.66041913945965	6.295653984141668E-4
20.0	23.07872038250251	25.899759686467895	23.70078674568831	27.320649887756502	8.329758478652911E-5
21.0	23.826748088598244	24.66234417594613	23.574526992412277	27.936008613557174	3.721294861760098E-4
22.0	23.186025183066572	26.968942799518253	25.66358426807225	24.18132464489496	1.231044479688792E-4
23.0	25.80343501934457	23.634007198320013	23.28385952894573	27.27820779324816	4.904601415304481E-4
24.0	28.400937846425826	21.369720414753797	24.50745052042544	25.721769798609095	1.2141978583978173E-4
25.0	25.102809490773524	24.563052140832852	19.668000277662863	30.66581709319883	3.209975319302264E-4
26.0	26.60172243061723	25.0898678533612	20.242030786073414	28.0662991360717	7.979387645833283E-5
27.0	25.325975300115296	24.716156614551466	19.98051349215885	29.97723523930848	1.193538659115015E-4
28.0	27.553713534111395	23.40916528475725	22.7767647271686	26.257839123717343	0.0025173302454082323
29.0	27.58132205668521	24.116553974312307	21.614967074013343	26.68680576769496	3.511272941779583E-4
30.0	24.177561302439845	24.24456147071573	24.69979814648377	26.877807667641946	2.7141271871018475E-4
31.0	26.64060836478434	24.2195238991634	22.57552098602372	26.563768133831612	5.786161969331798E-4
32.0	24.711156523209997	22.25680312824196	24.58503867346779	28.446581664075964	4.2001100428831235E-4
33.0	23.614959572445642	24.67958139641946	25.354927399455633	26.350380691074015	1.5094060524918596E-4
34.0	26.063480959266165	26.44079780478361	22.615105767306314	24.880578058685003	3.7409958905160144E-5
35.0	25.45344764499503	22.070455358553378	25.844323677172287	26.631440343956108	3.3297532319879775E-4
36.0	24.4984906018852	24.401831459723077	25.761491071689296	25.337965086643926	2.2178005849818677E-4
37.0	25.757362458381046	24.883766214811637	21.354205348139725	28.004629029200796	3.694946680071933E-5
38.0	26.921387628722027	25.184062756617525	21.39730700053526	26.497205674130885	3.693999430385288E-5
39.0	23.534243398139935	27.619600198844307	21.36372332276819	27.482322282898135	1.1079734943194199E-4
40.0	26.35904605336039	26.139259016364385	22.77358537943544	24.72803569766875	7.385317103360468E-5
41.0	24.52349647969098	24.392977916702204	21.492696683351628	29.585696790055632	0.0051321301995586365
42.0	25.043498292740463	25.28582614637799	20.641208951658843	29.029429691511915	3.6917710791822135E-5
43.0	25.78323900098891	25.467887320928195	22.636329709539066	26.108483488056095	0.0040604804877301505
44.0	28.824701783394353	24.69104316759183	22.757949982284163	23.72608361875517	2.2144797448919333E-4
45.0	25.45488428390344	24.11511274546887	22.03515673289998	28.390860799338714	0.003985438388997238
46.0	25.349220528931145	24.815625360917483	22.133185147302303	27.701968962849065	0.0
47.0	25.48626999122262	24.40737949001191	23.0463511164683	27.058228430952596	0.0017709713445767875
48.0	23.144447542625812	23.731036548212867	22.80243044951661	30.32208545964471	0.0
49.0	22.397251104466957	25.54415673454696	24.379888688466007	27.676859467252125	0.0018440052679542494
50.0	27.955833377278203	23.814309015164113	20.245186561646417	27.984634169097156	3.6876814108774064E-5
51.0	25.057666384479926	26.66786374804952	21.016152487028748	27.2556626619747	0.002654718467106563
52.0	23.262062774990067	25.81099077357741	21.40662477743279	29.52032167399973	0.0
53.0	22.986033995499387	24.731380619157576	23.70893777284238	28.57210530026616	0.0015423122345019653
54.0	22.95240403328266	27.612637423164205	23.042440532581317	26.392444571739116	7.343923270689668E-5
55.0	23.72693324191601	27.931983462841202	23.19491080951209	25.144707464575788	0.0014650211549054768
56.0	26.934702552894784	24.68103463429211	24.715970680088358	23.66825551213167	3.662059307782901E-5
57.0	22.563285160008963	27.43891185995316	23.1812702583549	26.811223256774515	0.005309464908464825
58.0	25.499100233774456	25.199056115023627	21.47682484123657	27.82461606618179	4.027437835581681E-4
59.0	27.86697214119191	22.223015440668238	24.247003830878995	25.660189610937334	0.002818976323527689
60.0	24.503667326165232	22.874707090894937	23.177530604912356	29.444021876394643	7.31016328346218E-5
61.0	25.640389335664594	23.75609798885148	22.558246118265533	28.038761061170668	0.006505496047728413
62.0	25.28539461513526	21.774594077620904	24.99968022500465	27.940002170815397	3.289114237881167E-4
63.0	26.429382173039496	23.49851742870904	22.705888113922285	27.363508062600538	0.002704221728640851
64.0	25.341486246792357	21.44827671750016	23.618276710203837	29.591887362254504	7.296324914104015E-5
65.0	24.501094007291435	25.21320192113371	23.575328183947896	26.705268817910348	0.005107069716608702
66.0	24.537816903925886	23.85496559115153	23.445218326386875	28.16145202203509	5.471565006204754E-4
67.0	27.29337561064218	24.420653630149904	20.99522137044282	27.290275209815068	4.7417895002919844E-4
68.0	23.862140553347515	22.39099932196565	26.96599871104175	26.780715521369753	1.4589227533227876E-4
69.0	23.239562985342882	24.52010958920097	25.15493041990229	27.08196869588559	0.0034283096682709213
70.0	26.3690116154368	23.122173478116316	24.385826086354875	26.122697496474075	2.9132361793344493E-4
71.0	24.799090979738782	22.882674942459946	25.784008186702128	26.533318032896425	9.078582027167475E-4
72.0	27.695162157059244	25.446276850681887	21.57491322091993	25.282086474082465	0.001561297256473937
73.0	25.519558759411993	22.73196405862636	22.343776603256302	29.40081616294507	0.0038844157602727367
74.0	24.854451809312543	25.593652607200813	23.65446182646874	25.896671582090054	7.621749278565136E-4
75.0	25.927940763924145	24.48648748694875	22.192769833818605	27.390515564784828	0.002286350523664998
76.0	26.902642920494646	23.51926340222123	25.437656137274512	24.13971174210368	7.257979059278818E-4
77.0	24.18879880279807	24.758079353092924	24.22671939019341	26.82578556397711	6.168899384888157E-4
78.0	27.575939225396677	25.44120080351596	20.613246982460826	26.36903241350882	5.805751177116051E-4
79.0	27.035578400274602	20.53989153838283	23.003500002539916	29.41801844558668	0.003011613215974758
80.0	24.20183836415052	23.34800115813894	27.7716782782915	24.675942421047363	0.0025397783716827774
81.0	24.905423796087646	24.840081226510144	21.657887203704462	28.59617239844237	4.3537525537479824E-4
82.0	22.71405191470249	22.349073713624172	23.85277664603899	31.08293676117764	0.0011609644567103564
83.0	25.528327986536446	22.205828522546337	23.925885160017543	28.338761151454445	0.001197179445227045
84.0	23.539481440503504	25.397081629136554	25.077094688347373	25.985108872101353	0.0012333699112155043
85.0	25.759531230049564	26.76376362433402	21.065955415491405	26.41013308028926	6.166498357535026E-4
86.0	25.40389301287394	24.611884766354667	22.817969403440355	27.164475550245516	0.0017772670855213668
87.0	22.385680116491404	21.654779973778552	25.967827047258446	29.990878708584713	8.341538868851061E-4
88.0	24.84512932544492	26.530084548762595	25.500369542717177	23.12358248273231	8.341003429965671E-4
89.0	25.87878506564008	25.49015199371631	23.102471919565247	25.527648177011	9.428440673712854E-4
90.0	23.84009207466054	25.22393157930235	25.49204753709711	25.44378376379107	1.450451489287328E-4
91.0	26.961076519875093	25.104208817936968	23.48578133407592	24.448353181596012	5.801465160026165E-4
92.0	25.795357022821136	23.935309113045534	22.92682537731577	27.342472229987223	3.6256830333624476E-5
93.0	26.5664082256395	26.13652719794214	20.716117910017566	26.58062036723159	3.2629916920605975E-4
94.0	27.81708765924309	23.721677579856745	23.090850358719536	25.365925106307074	0.004459295873556122
95.0	23.840858410984055	25.830055767856646	24.049022639581874	26.277525477641195	0.0025377039362325755
96.0	25.987386938662766	24.305971683144413	23.794039590816833	25.911623019036316	9.787683396717648E-4
97.0	25.504669163943806	25.084694523365393	23.02842821609011	26.381954357390953	2.5373920974010577E-4
98.0	28.214059944555924	22.650332606451464	24.102368552306498	25.033202649252434	3.624743368169534E-5
99.0	21.809591248187154	22.365131905573307	26.689253096785837	29.135987510663263	3.623879043614834E-5
100.0	22.805594781643855	24.514656424762187	24.21729912166175	28.462449671932205	0.0
101.0	23.69815586801385	22.330755280659893	28.146682682116865	25.824261233008492	1.4493620089606806E-4
102.0	25.286661549845878	24.049673748317645	24.47300732082249	26.190657381013988	0.0
103.0	25.637435698428213	25.157880128862214	25.161104945310374	24.043361824043146	2.1740335605560743E-4
104.0	25.387816120773554	27.18691189887324	22.793232611409948	24.63145964661576	5.797223274981866E-4
105.0	27.29547911889778	23.539902660177344	20.77533429764883	28.385551790409213	0.003732132866828803
106.0	26.36058747609492	23.516290961109092	24.256179811107316	25.866796817535874	1.449341527910332E-4
107.0	26.213157087125854	24.04904187683225	22.647048273378246	27.09013680434301	6.159583206367414E-4
108.0	23.840233822540633	24.295786383343767	24.52854385476803	27.335291031972364	1.4490737520576847E-4
109.0	26.2932311707092	24.456796178754647	24.97194415927748	24.277340226605702	6.882646529733395E-4
110.0	24.327363153443102	23.865916364354238	23.338072529626015	28.468647952576642	0.0
111.0	24.426014540264653	24.097862428955917	24.44814732975683	27.02735989509565	6.158059269509276E-4
112.0	25.9729209597596	23.477388070487077	23.8838743188856	26.665780428603565	3.6222264159554724E-5
113.0	28.301303156944606	21.49872103864267	22.9224574892949	27.27672145445905	7.968606587719508E-4
114.0	26.405796146020744	22.383854131387665	27.162153791876136	24.047833707811446	3.6222290400622154E-4
115.0	27.2953447758096	23.62366253183715	25.62943460556349	23.450869813909126	6.882728806357323E-4
116.0	27.274904067091633	24.149336919127283	24.44804843140231	24.127638132339417	7.245003935848388E-5
117.0	25.65958135860121	26.44733691456732	24.41017047267869	23.482295423910372	6.158302424088961E-4
118.0	26.4519027005488	24.624006085743783	24.796471717592507	24.127221024795784	3.9847131912118967E-4
119.0	27.05962603002584	21.052501929911692	24.967098220641343	26.92041156476262	3.622546585043447E-4
120.0	25.319085889655003	23.672307829404517	24.62251978053585	26.38608650040463	0.0
121.0	27.979563285494557	23.746776877706463	23.362827755040534	24.910143806135217	6.882756232335769E-4
122.0	26.222077803051132	23.88806596526767	24.39359343998858	25.495755634068384	5.071576242273544E-4
123.0	24.52026945765055	27.815858530386432	22.922121580520688	24.741062152328485	6.882791138442634E-4
124.0	25.42918528784965	23.977285447203624	23.36261886796007	27.230801721848884	1.086751377729059E-4
125.0	26.750678667139034	23.631273097685323	24.049050952742164	25.568019219302762	9.780631307148772E-4
126.0	23.779376099198164	23.975316378890323	25.07372665081225	27.17143597165042	1.448994488387215E-4
127.0	25.850952997806235	22.999639202594263	27.843525497798993	23.304650664070085	0.0012316377304249296
128.0	26.320578786987436	23.6157378360403	24.37316430311259	25.680847025138632	0.009672048721043625
129.0	24.899449567206595	25.921671547931485	21.907406300544636	27.268429717937153	0.0030428663801300828
130.0	26.463454968373153	23.908528653262433	23.94185629916054	25.686087627799747	7.245140412632483E-5
131.0	26.006022149803147	24.552033779681476	24.2687493026565	25.172615157675704	5.796101831713081E-4
132.0	26.639497921591005	25.38354117423316	22.210521549342968	25.760353555935918	0.00608579889694895
133.0	26.92256420139306	25.359387248544845	24.313827914329554	23.402192041244223	0.0020285944883087752
134.0	26.507560806679244	22.864955994308385	20.913534684367473	29.71376739144925	1.8112319565072492E-4
135.0	26.441441620930622	23.809682505930805	25.997007158260182	23.751397800540246	4.709143381461986E-4
136.0	27.726690992710516	26.344757735134955	24.409203518280577	21.51300844432257	0.006339309551383364
137.0	29.353985904145873	21.269554230205237	23.73973384801748	25.63647244295294	2.535746784673077E-4
138.0	25.60821354522101	23.699826276447926	26.435646218288934	24.255118614500336	0.0011953455417958
139.0	25.81654505305985	23.900587396618775	25.379801032798	24.90172625636805	0.0013402611553196052
140.0	27.32151026805653	21.61140369529049	25.121121881122882	25.945710591965877	2.535635642198628E-4
141.0	25.907447656306598	25.045497355647324	25.16753604288923	23.879011809027023	5.071361298268493E-4
142.0	29.06326762524619	23.157871476734833	23.00167032355591	24.776973225919683	2.1734854338439937E-4
143.0	27.004556278992936	25.279523985124897	23.791180568183712	23.924630495119516	1.0867257893795012E-4
144.0	27.840447848402704	24.973329850969563	22.872428481437034	24.31306933296916	7.244862215399172E-4
145.0	28.196589478641226	22.15516694891463	22.742870597611006	26.90428624471351	0.001086730119630874
146.0	27.17808632035984	21.209334135581077	25.279968644236334	26.32772061782736	0.004890281995394441
147.0	26.48217349221621	24.597950886181593	26.32210005911741	22.594370515480648	0.003405047004138219
148.0	24.508909683140427	24.406612784504194	23.57157450286026	27.512323443667157	5.795858279673345E-4
149.0	28.117512727683717	24.47942741181184	24.084066830935352	23.316602173939817	0.002390855629269579
150.0	26.21888398957281	23.59245289580493	24.849156449829668	25.33947043915615	3.622563644820676E-5
151.0	26.97040569541472	23.892151705769752	25.232031925854116	23.904794819294043	6.158536673723625E-4
152.0	27.41153787911173	23.81432826607215	23.42680269851402	25.347150018802072	1.8113750002717063E-4
153.0	24.993732601629667	23.308997955306566	24.826650282069153	26.869894606269717	7.245547248938165E-4
154.0	23.241244989580643	24.2197077943721	24.74581994081691	27.790220299045593	0.0030069761847486168
155.0	27.213419844086424	23.752325405274565	23.51375168766265	25.520394356847437	1.0870612892401949E-4
156.0	26.571567922635854	22.981975035220863	25.705540546024825	24.740590377022663	3.261190957949479E-4
157.0	24.897960514777605	22.792598948587464	26.63495084276788	25.67412733774055	3.623561264999732E-4
158.0	24.89742347481399	21.42712455614794	26.090981926311592	27.584325096651853	1.449460746247618E-4
159.0	27.713684280712002	21.11529328376571	24.07746493419148	27.092832757826596	7.247435042145647E-4
160.0	26.794011470019303	20.980438058199514	25.728073716580507	26.497404279405785	7.247579489639948E-5
161.0	24.869297495099676	20.499102920771108	28.572598550975155	26.0547973898274	0.004203643326661862
162.0	25.62663596497427	23.526983750788652	24.585416623632838	26.26092742159055	3.62390136900122E-5
163.0	25.268231516614296	23.85859815827526	27.07371610186383	23.79945422324661	0.0
164.0	25.601045476108762	23.415069743708315	24.642366208739336	26.339597806268728	0.0019207651748603003
165.0	26.653933691886174	21.85380757020049	26.404952088256184	25.08676302170163	5.436279555239849E-4
166.0	24.73765585348015	22.867160391452188	25.876987288169378	26.518051495345325	1.44971552957021E-4
167.0	26.940920287113112	23.16353588116498	26.420959083047364	23.474113572342965	4.7117633158055735E-4
168.0	25.74833088070056	23.84470122583311	23.711715368946045	26.695107541302093	1.4498321819249421E-4
169.0	26.742029340624327	22.2678614213163	25.47740225319582	25.51245325475916	2.537301043881897E-4
170.0	31.053446381624617	23.15699351280855	23.07235590855659	22.71705920753829	1.449894719519679E-4
171.0	26.01601114676232	23.18701999544734	26.023006871033644	24.773309535788385	6.524509683097315E-4
172.0	27.57021336745086	24.33418264717715	24.137994773639136	23.95735550489473	2.537068381241641E-4
173.0	28.550190885481037	20.20599105697716	23.084204887857044	28.158127256504134	0.0014859131806297808
174.0	24.663282061726697	25.462924877063752	23.795072547698613	26.078285629586894	4.3488392404462343E-4
175.0	25.288127362405188	24.11224301199187	23.307349141289496	27.290685917437674	0.0015945668757723682
176.0	24.631709796488607	24.24240886745032	27.31590019950676	23.8085677371657	0.0014133993886141618
177.0	22.616131602163406	25.940147489182603	24.271379806029906	27.14711440669058	0.02522669593350011
178.0	25.323333896293953	23.073569288734287	23.526776750837737	28.075885158932483	4.349052015386946E-4
179.0	28.26749449983871	24.12575525278995	22.4786064566638	25.126838974849676	0.0013048158578620591
180.0	26.461543046376875	22.23667875200251	25.25596537798414	26.045522077786142	2.907458503298512E-4
181.0	27.825160263934585	22.02020819661809	26.055186917265484	24.098753084168546	6.9153801329864E-4
182.0	25.53066428300542	22.927987177144804	25.29929822237201	26.24194113104047	1.0918643729750465E-4
183.0	23.989519119163422	24.67873275828496	25.96365613713517	25.367582427381613	5.095580348384828E-4
184.0	26.638412084730263	21.671718107404054	26.249171489709727	25.436476146001258	0.004222172154701844
185.0	25.445018594152508	23.4301243468026	24.451219556579144	26.673200763710504	4.367387552508737E-4
186.0	27.237635784701265	22.804258918730827	25.550964488142085	24.407140808425822	0.0
187.0	24.760995344417914	22.895554026664684	27.618003820282645	24.724826988010847	6.1982062391144E-4
188.0	27.48742223444124	27.968400073216852	22.06839066587227	22.475240087831054	5.469386385895109E-4
189.0	25.358366640861764	23.180945845076508	24.30719672342165	27.152214523699	0.0012762669410762138
190.0	28.95652291245686	21.09717659131961	24.92772903795652	25.018243243982464	3.2821428454209183E-4
191.0	27.026363602492363	23.859107741783244	24.136573206537896	24.97759017079687	3.652783896190804E-4
192.0	27.056294215316832	23.26820259999306	23.99548462635831	25.679945494033383	7.306429840920757E-5
193.0	27.71811945669946	24.28776294997214	21.817846344961133	26.17616163830506	1.0961006220371028E-4
194.0	28.27988668431028	22.981066428820156	24.28990429990876	24.449142586960804	0.0
195.0	26.6683648036861	21.352489390907245	24.238359965091956	27.740201115946455	5.847243682418654E-4
196.0	28.682314536471697	22.322413530955927	25.623414283856246	23.3717477362614	1.099124547298077E-4
197.0	24.46416367244257	24.029440811472902	24.264959974201727	27.24070263644409	7.329054387080344E-4
198.0	27.366199396160805	22.901247621061536	23.9631426070816	25.76933695166937	7.342402669110218E-5
199.0	25.64686541990878	22.785586980421478	25.637335919666683	25.92977015875632	4.4152124673826177E-4
200.0	27.662826733471153	23.695549941087336	23.61459562213762	25.027027703303894	0.0
201.0	25.855615593159715	21.185844700631602	27.869473840708537	25.088734663025402	3.312024747448913E-4
202.0	25.3939523977943	24.60264329113337	28.173636794235712	21.82976751683662	0.0
203.0	26.38838472826499	24.58695439287321	22.104005248342773	26.9199561460023	6.994845167261473E-4
204.0	25.67190568080858	23.576005469870974	23.78226702882102	26.969711362684922	1.1045781450377378E-4
205.0	27.501682737980392	24.19858222881407	25.01774791480412	23.281177047601233	8.100708001879365E-4
206.0	25.90178893979383	21.274496698421185	25.57971422774063	27.243963308671383	3.682537297658385E-5
207.0	25.977943554298033	23.386742118146586	26.817822539238918	23.817381292462635	1.104958538272449E-4
208.0	28.135588724810855	22.356976926664412	21.64327062708459	27.864126883084637	3.683835550633951E-5
209.0	27.125858110079793	20.49641428626169	25.148741536801833	27.228543931993766	4.4213486292345465E-4
210.0	25.077248896404853	23.900817760410316	24.832447742526526	26.189006537734866	4.790629234409542E-4
211.0	25.496909177365666	24.716812821845497	25.321006904127362	24.464755038022464	5.160586390059237E-4
212.0	28.17094671411909	22.210815154240645	24.336438686333533	25.28132005344113	4.7939186560507185E-4
213.0	30.102017095833638	23.38308733073715	22.113371515947183	24.401302666215027	2.213912670000819E-4
214.0	27.97505103231505	24.48136840457179	23.98932383290351	23.55425673020965	0.0
215.0	25.801803908480707	24.577614795941965	23.29622335105767	26.324061942799887	2.9600171976999187E-4
216.0	26.213468369963955	24.47977911259683	26.182677324433985	23.124075193005233	0.0
217.0	29.219841569219163	22.841795548849493	25.17808374198416	22.75990192380234	3.772161448509996E-4
218.0	24.648637349189855	23.918637669616114	25.23898458444529	26.19332079093407	4.196058146685038E-4
219.0	26.350060784476163	22.758671180066546	24.608022009567534	26.28274510786114	5.009180286178322E-4
220.0	27.558486890295363	21.53503793304767	24.513854583015224	26.39207858234623	5.420112955153985E-4
221.0	25.69576175683448	22.267532572794877	24.300653248394934	27.735896552637858	1.5586933785146587E-4
222.0	26.01772860020596	24.4283546018648	23.931960082556923	25.621681682790783	2.750325815383201E-4
223.0	30.65823699106191	22.33568707908403	24.29732286417736	22.70811738348442	6.356821922771765E-4
224.0	30.063436990238472	22.62547478155567	24.175966443126796	23.134922610855394	1.991742236686697E-4
225.0	30.434787833920613	20.02766547608174	23.627141811003057	25.909603677833807	8.012011607802417E-4
226.0	25.4204980552609	22.462959034197098	25.229842905490727	26.88653836439865	1.6164065262413497E-4
227.0	27.439231162547944	23.784592645671985	25.196394125906885	23.578639468496345	0.001142597376841265
228.0	27.477079860274433	28.377411470806635	22.50390539838342	21.64148033039752	1.2294013798801087E-4
229.0	27.159918599770787	25.386356010860517	21.79981833106419	25.653907058304505	0.0
230.0	25.620879207709972	22.63244965636325	27.465197577616657	24.28147355831012	0.0
231.0	25.077209245901972	24.490410552688466	24.22542235521476	26.205483583452537	0.0014742627422634903
232.0	24.8371724061363	25.000190689439787	24.51177147099529	25.6506535562733	2.118771553203625E-4
233.0	22.6212519437858	24.84792608556258	22.395584198714484	30.13480915323804	4.2861869909081396E-4
234.0	26.93976752990735	21.55409433707728	26.642456471694093	24.86246317337778	0.0012184879434969733
235.0	25.460082512916628	22.369487247462438	27.00632851927117	25.163792947540824	3.0877280893712016E-4
236.0	29.075169107694286	23.388135014367226	23.41455390078658	24.121873765107043	2.682120448665109E-4
237.0	27.525497578492768	23.904423346810006	22.93812557486785	25.631682309098675	2.7119073070082465E-4
238.0	27.451112285590735	22.49212374134298	24.175137791627485	25.881488904599458	1.3727683933805108E-4
239.0	27.018845249030154	23.20735160678247	24.54256782422865	25.2301208209771	0.0011144989816265554
240.0	25.497250666581184	21.848457258666034	25.559399524338765	27.09470117594825	1.913744657662179E-4
241.0	29.439271364643922	21.351397833390582	23.318094345669678	25.889080673696434	0.002155782599385171
242.0	27.121655909704884	24.35551830699534	20.530388777047207	27.991428991092025	0.0010080151605480147
243.0	27.855736185287256	22.46519517434626	25.35982775962506	24.317365776168288	0.0018751045731396558
244.0	26.989232389758	22.11455896936247	26.14424530838463	24.750614128669714	0.0013492038251855878
245.0	28.82813556049049	21.14482958385633	23.41392295066139	26.61142222651347	0.0016896784783238389
246.0	24.25034769707509	27.289481268847698	22.917492789758846	25.540550473622414	0.002127770695955108
247.0	25.675797550206607	23.630003811134525	24.373175043566214	26.180263753783255	0.14075984130940108
248.0	25.858681174446733	22.623215166377367	23.801341270673394	27.705646617504865	0.011115770997642875
249.0	25.150051992072488	21.523501535919294	28.701181098339223	24.608769994564796	0.01649537910419873
250.0	27.52335292765971	21.871961509320926	24.414329015881503	26.189039308830424	0.0013172383074365908
