# Position (bp)	A	C	G	T	N
0.0	23.44464158004905	24.851504777850515	25.931670607102365	25.772119996432018	6.303856604913037E-5
1.0	22.26587751755085	29.991271735767523	23.47739580791782	24.18763630052395	0.07781863823985874
2.0	23.55396268363648	27.351469154591523	23.45638080707834	25.63708951937397	0.0010978353196833717
3.0	25.84259345155863	21.8631453980639	25.535329691131597	26.752161878232787	0.006769581013080335
4.0	25.4261937920091	23.959862295178482	24.87912622012917	25.734661110288183	1.5658239506552503E-4
5.0	28.253937962427067	24.41176930657448	22.1916813965493	25.1417979320809	8.1340236825228E-4
6.0	24.626395278231037	24.51173070724083	24.28171438995075	26.574693457341407	0.005466167235980999
7.0	24.474417931887558	26.062480049079266	24.12577559204357	25.336515920834746	8.105061548590468E-4
8.0	27.000452255335773	24.683499025504837	23.430216752856456	24.885769757866104	6.220843683262011E-5
9.0	25.364401639865548	26.069829234962082	22.787616316134805	25.777873603779817	2.792052577452314E-4
10.0	24.361455306288505	24.71094579410283	23.43734356232322	27.49025533728544	0.0
11.0	26.188703764585668	23.108756521876746	23.24966757949799	27.45272283221969	1.493018198996035E-4
12.0	27.16219561894759	25.03115335330049	21.262876670357826	26.54377435739409	0.0
13.0	24.146856275748	23.16865343277168	25.382354246065542	27.30199105774018	1.4498767459778246E-4
14.0	25.988356061634292	22.45179909563031	24.8214477058584	26.73831141463136	8.572224563709487E-5
15.0	24.737309840744974	24.039547034987386	24.989370592461185	26.2337443370915	2.8194714957070728E-5
16.0	26.559071015290392	24.839328068222454	21.8246813913609	26.776808731224243	1.1079390201442704E-4
17.0	28.06824508985909	27.001207373926473	19.901528816225976	25.027798876551298	0.0012198434371609851
18.0	25.183243148591583	26.340900472355344	20.526938864520925	27.948756374433724	1.611400984243721E-4
19.0	24.534195433091025	24.92899194346826	22.172658137059646	28.36343298199633	7.215043847424804E-4
20.0	21.802707721380745	26.77770351075854	24.57570698730246	26.84385529865758	2.648190068016114E-5
21.0	23.44761826056816	24.77725927249653	24.208593700858273	27.566186624528864	3.421415481694506E-4
22.0	21.90946439915437	27.00173395957219	26.437416035741435	24.65130749924497	7.810628703539777E-5
23.0	24.04612266660047	24.89193070533218	23.93902300910218	27.122458193123798	4.654258413735648E-4
24.0	26.752116990469233	21.634703697979006	25.53768172777591	26.075446487309556	5.109646629613213E-5
25.0	24.0532417585054	26.457485057765023	19.738473322425236	29.750572574170736	2.2728713360367032E-4
26.0	25.286469818777014	26.763067188427325	20.216829714782598	27.73358313122087	5.014679219746001E-5
27.0	25.092462474567977	25.29989231142566	20.753230219878127	28.854390002581624	2.4991546609359384E-5
28.0	27.716657035103214	24.334940131882387	23.221518214530594	24.72436343934315	0.0025211791406536182
29.0	26.91780870458577	24.55692496652637	22.951070459701267	25.57370711385824	4.887553283494953E-4
30.0	23.247756163006013	25.218444095233433	26.014035890724855	25.51952141821262	2.424328230768895E-4
31.0	25.382128773421353	24.87804477856474	23.60095638663636	26.13838747653733	4.8258484022460467E-4
32.0	23.988118857267278	23.525779959632192	25.21297671760154	27.2728379657948	2.8649970418905544E-4
33.0	23.344087847131785	25.250737282018015	26.548646444906275	24.85643397072502	9.44552188987891E-5
34.0	25.273649475684916	26.384099933760634	23.489044551525833	24.85315927632851	4.676270010636176E-5
35.0	24.633679528552026	22.65543215254645	26.918970515531125	25.791640187085612	2.77616284786188E-4
36.0	23.12280735008267	25.751502334319053	26.682825944193166	24.442725678388	1.386930171070902E-4
37.0	25.13249159529008	26.241735378207903	21.129240857531126	27.496532168970887	0.0
38.0	25.955865995221277	25.924563808064693	22.06289036772793	26.056518120270166	1.6170871593808035E-4
39.0	22.804235431609605	27.641838340841613	22.24597053120738	27.307840213965743	1.1548237565723907E-4
40.0	24.715692394238957	27.12365570911842	23.801566512103093	24.358969917951754	1.154665877798939E-4
41.0	22.700005980442796	25.18015795296139	21.708961173995554	30.406164428002974	0.004710464597279522
42.0	24.072036346022333	27.237075233107795	21.563850502556072	27.12694556639203	9.235192177422818E-5
43.0	25.461129815372622	25.683141601827618	22.860288400628658	25.991561843798998	0.0038783383720951705
44.0	28.273446042346784	25.517758905997933	23.29934120094352	22.90922302521284	2.308254989235453E-4
45.0	25.759312334143125	25.00381969912311	22.683196693502264	26.5496323164548	0.004038956776700158
46.0	24.716427224186518	24.707542316966872	23.06898080421565	27.507026576949873	2.307768108998657E-5
47.0	24.78089258250348	25.016516272249085	24.235711376556008	25.965126032483347	0.001753736208076186
48.0	22.624176449839307	24.96258713615745	23.021847451484394	29.39138896251885	0.0
49.0	21.418309588190436	25.98138158116308	25.920944152586518	26.677242447743538	0.002122230316429154
50.0	25.816500184296977	25.81873758186684	21.281918090950903	27.082728813113643	1.1532977164243896E-4
51.0	23.956550738622685	28.01480105205184	22.207666767837324	25.818675119490543	0.00230632199760696
52.0	22.03339677113771	27.308237549611835	21.31425091043719	29.34409175909097	2.300972229796256E-5
53.0	21.936632583766745	25.257906803328968	24.284290104935646	28.519585897703532	0.0015846102651052973
54.0	22.2227912108857	29.798137876159238	22.272691261520585	25.70624186942629	1.377820081957331E-4
55.0	23.41408807988275	29.07028826972411	23.012227423805136	24.50190700522854	0.001489221359466648
56.0	25.435527378313832	26.452084371366887	25.10237158451168	23.010016665807605	0.0
57.0	22.3520049771096	27.979932132822487	23.46420388923732	26.198590521409955	0.00526847942063219
58.0	24.80223748725655	26.10220090889331	22.41076379607826	26.68454585912085	2.5194865103256574E-4
59.0	26.745722395252535	23.159288429734463	25.09725082203712	24.994348745284036	0.003389607691844352
60.0	23.050927825567374	24.55406314298837	24.261665415255347	28.13327496210867	6.865408023785435E-5
61.0	24.446205935145613	25.011006774314904	23.02578285396276	27.510848880878786	0.00615555569793933
62.0	24.210458393026183	22.954523144808043	25.893138874797522	26.94167365133061	2.0593603763961608E-4
63.0	25.370524221844793	24.864609219500664	23.61035827275479	26.152128693830473	0.002379592069277247
64.0	23.57074369714223	23.34956795833511	24.074976885696717	29.004642955086897	6.850373904825015E-5
65.0	23.351842240997257	26.748221850252975	24.12374565979853	25.770801743409873	0.005388505541370137
66.0	23.387165085078795	24.955084396128573	24.006017515087738	27.651230706952994	5.022967518980539E-4
67.0	26.248037999175818	25.81791034212728	20.96130335072641	26.971812255213646	9.360527568465981E-4
68.0	22.316219922657364	23.171673573808246	28.19814581317181	26.313823711848343	1.3697851423514966E-4
69.0	22.423506653039542	26.095958912255945	25.037079278316366	26.440555930070666	0.002899226317487197
70.0	24.509867833216024	23.680041685053556	25.33426908923811	26.47550228118994	3.1911130237528216E-4
71.0	24.244023111001187	23.31725523216481	27.43315213833138	25.004091891144785	0.0014776273578386086
72.0	25.871074456809453	26.552686568215876	22.770213275695472	24.804457311788386	0.0015683874908141364
73.0	25.10274148510481	23.735930859901117	23.004910590702742	28.152235130155884	0.004181934135446483
74.0	24.221518082633402	26.340542418779332	23.847454973232672	25.589620953170073	8.635721845217412E-4
75.0	24.469655256885396	24.799020856564166	22.870025571623383	27.858889542085464	0.002408772841586145
76.0	26.06556971005433	24.577472645959606	26.026167075804167	23.329722561371195	0.0010680068107021554
77.0	23.237389016666192	26.101335049351427	24.795529809224778	25.86463271259469	0.0011134121629144678
78.0	26.38988106598902	27.103862310660798	21.42220937693702	25.083297433184825	7.498132283413041E-4
79.0	26.62339521331416	22.068032231151083	22.869630337852698	28.43587487798804	0.003067339694011281
80.0	23.337743312837496	23.682203381166048	28.857101895973102	24.120452194436247	0.002499215587107774
81.0	24.557930978388544	25.499209126422084	22.374815459045198	27.567294685265942	7.497508782309151E-4
82.0	21.771001502647014	22.942993470960108	25.08339077501053	30.20125110017662	0.0013631512057299606
83.0	24.27780688294558	22.83651039084782	25.116444652042798	27.768011264835874	0.0012268093279311314
84.0	22.953563684236233	26.88294767977446	25.601073188795127	24.56116596828368	0.0012494789104998255
85.0	24.623787378192617	27.18399139306575	21.676216801695215	26.51502760543313	9.768216132913163E-4
86.0	24.24950599316216	25.92500636603823	23.895938160952074	25.927459647495255	0.0020898323522857655
87.0	20.920874173106046	22.828848993598818	27.150946434830093	29.098558104554513	7.722939105306591E-4
88.0	24.276047097794542	28.27014704035211	25.35657347849679	22.09655097850872	6.814048478320764E-4
89.0	25.905852895831117	26.955750097891983	23.259271574620946	23.87803521930984	0.0010902123461097135
90.0	22.80101122720202	26.301264579089512	25.066074762767926	25.831422311364133	2.2711957641290522E-4
91.0	26.084546169536114	25.67933248983843	24.716240274769486	23.51915430665014	7.267592058247934E-4
92.0	24.67142556067499	24.937001279051177	23.238170593450675	27.153379856397436	2.2710425720556387E-5
93.0	25.06566513800012	26.289196398602716	22.013593126405446	26.631045723283954	4.996137077650417E-4
94.0	27.333146360212424	23.793404542084282	23.75248240881938	25.117106110274023	0.00386057860989648
95.0	23.060761559288796	27.239343604118698	24.532935721336727	25.164393046362054	0.0025660688937268247
96.0	25.158352669003754	24.907159261888314	24.900119851636482	25.033323659821182	0.0010445576502721072
97.0	24.41472992050014	25.872639908154284	23.33103310310595	26.381324582921483	2.7248531815045145E-4
98.0	26.59996130828847	23.873648855461028	24.898002835575667	24.628364294271357	2.270640347825771E-5
99.0	21.065053102581135	23.020578527295076	27.434275083585085	28.480093286538704	0.0
100.0	21.725222208347997	25.76440806874553	24.750888265809994	27.75948145709648	0.0
101.0	22.82569459674091	23.263854362050733	28.470282097700096	25.44010083577273	6.81077355403872E-5
102.0	24.907904886405618	24.735647342985295	25.54309606253226	24.813283586190423	6.812188640402954E-5
103.0	25.96535270585767	25.80272922259072	25.248487865000257	22.98327126151046	1.5894504089201774E-4
104.0	24.773510279030976	27.67639790802266	23.300711184195137	24.248949208946375	4.3141980484838656E-4
105.0	26.848772299378826	24.123364575967198	22.177433089941452	26.8465922638715	0.0038377708410259064
106.0	25.353792785372637	24.296893681291166	24.80386099035865	25.545316291965026	1.3625101251533674E-4
107.0	24.402544173206156	25.322989142369106	23.454303959618777	26.819027298154634	0.0011354266513247818
108.0	23.089773796591327	25.377535523672158	24.391347156471284	27.141207278038358	1.362452268755518E-4
109.0	25.0229113645818	25.21401348977549	25.330682063830288	24.4312804387356	0.0011126430768168781
110.0	23.308704655682913	25.214709996185352	23.93805289640515	27.538418920637227	1.1353108935350857E-4
111.0	24.447804615752126	24.833487591385406	25.509369473618236	25.208271077568938	0.0010672416752878602
112.0	24.19019215948606	25.035343303482833	23.770477657991265	27.003805223769774	1.8165527006916071E-4
113.0	27.623906573140506	22.64707164596902	23.728986358901047	25.99871845058769	0.0013169714017389471
114.0	26.105442852669608	22.56360697272613	28.179326828428692	23.151101088815768	5.222573597983087E-4
115.0	26.25576733584454	24.30954909806214	26.60873953068301	22.8250810782332	8.629571771126498E-4
116.0	26.13832129203912	25.27649860632258	25.314627731205793	23.27041611388141	1.3625655110142984E-4
117.0	24.931910460865065	27.662077856779987	24.326127602055962	23.078771302039133	0.0011127782598555251
118.0	25.064252552672105	25.38932493544086	25.336274139985516	24.20960332948246	5.450424190617685E-4
119.0	25.843328195378838	22.356438382359652	25.351524432688294	26.447891398464606	8.175911086058504E-4
120.0	25.00512130102394	24.73545243912465	25.01039022269824	25.248945193676022	9.084347714309982E-5
121.0	26.880737487111233	23.78030278942372	24.995957356929043	24.342003061507224	9.993050287754426E-4
122.0	26.190167422315902	24.316287524781078	25.180141887783876	24.31283537778412	5.677873350265509E-4
123.0	23.78527218896745	28.11148378258314	24.241070495775197	23.861106089332743	0.0010674433414701284
124.0	25.344280791770874	24.82160263741934	23.13605984158405	26.697897750035654	1.58979190078245E-4
125.0	25.494346866197322	24.433034387105725	25.168283583530183	24.90294978598194	0.0013853771848363425
126.0	22.633841589226854	25.07812114972711	25.814511921949485	26.473230092364535	2.952467320161241E-4
127.0	24.88696682270711	23.40372716511792	28.210964377175156	23.497115235246184	0.001226399753629916
128.0	25.082239232815382	23.170954947163395	25.836768863467885	25.90081598761574	0.009220968937599024
129.0	23.751946667720485	27.150419131158788	23.165714937212655	25.928671505599432	0.00324775830864015
130.0	25.890379908752127	25.217467735283055	23.932670626434266	24.959459017495536	2.2712035016507105E-5
131.0	25.530732410840525	25.119414934390207	25.013916884798178	24.334936434302197	9.99335668901923E-4
132.0	26.29848877769011	25.988376820323577	22.66470070130636	25.042369551520967	0.006064149158991089
133.0	26.330844141169653	26.0249549104102	25.368478646238014	22.273791756843952	0.001930545338175898
134.0	25.769937987059592	23.677591761163875	22.10105856252805	28.451275417038385	1.3627221009904263E-4
135.0	25.53962381737448	25.53440013118266	26.07705027979653	22.84808543951982	8.403321265104118E-4
136.0	27.4091851963563	27.038156083426134	23.758741135649796	21.787785247368262	0.00613233719950696
137.0	28.112568469590382	21.551162004212255	25.17012210452871	25.165988434354254	1.5898731440218384E-4
138.0	24.259649353908628	24.983630534985686	28.09963172962163	22.65561212033118	0.0014762611528691136
139.0	25.309778128044808	24.367282233209707	25.458063724877867	24.86405828766361	8.17626204011365E-4
140.0	25.725805206119865	21.96902455886615	25.887037210320663	26.417792345715576	3.4067897774503226E-4
141.0	25.04966661420073	25.600309072041178	25.519248070059962	23.830639968547697	1.362751504307317E-4
142.0	27.912637511768068	23.86010736337403	24.10799478968521	24.118896930479547	3.6340469314448404E-4
143.0	25.684161610453632	26.31005393344378	24.519752504863913	23.48585025008892	1.8170114975945038E-4
144.0	27.060466079732603	26.00962667559439	23.515626313094995	23.413713106715186	5.678248628248697E-4
145.0	27.149001023222958	23.008797900405543	23.3520375310459	26.4890278927626	0.0011356525629974868
146.0	26.24712680227857	22.10804131953593	25.96146508099465	25.678824192097682	0.00454260509316883
147.0	26.016795110598206	24.991636059451775	27.534637388824322	21.45352454069872	0.0034069004269754745
148.0	23.751538800485147	24.50858321333339	24.249655899227307	27.48976782850835	4.5425844580015355E-4
149.0	27.53464393253351	25.675111221043178	24.502971913492548	22.285342307787527	0.001930625143235351
150.0	24.99281106945393	24.694578342534708	25.09207055282308	25.220517321347696	2.271384058790688E-5
151.0	25.6762024089292	25.334393045333353	26.0905849328579	22.897979172525144	8.404403544023401E-4
152.0	26.98330744204102	24.732866146751043	23.576105748230333	24.70758437309265	1.3628988495089362E-4
153.0	24.747077345789755	23.553960240181684	26.227496596123785	25.47033005673808	0.0011357611666902147
154.0	22.227689137277647	25.880693892357957	24.846561034055625	27.04253449210731	0.0025214442014620288
155.0	26.838898365941134	24.67002024825409	24.55554593841105	23.9353991414086	1.3630598512765396E-4
156.0	25.482409180035592	24.51517136234547	26.27053898018839	23.731630580399486	2.498970310642456E-4
157.0	23.8655596584468	23.701648471729808	26.663681506592567	25.76876959153287	3.40771697956324E-4
158.0	24.226012363991437	21.676697368011517	26.660734046959178	27.436419908611605	1.3631242626349692E-4
159.0	25.955336521006977	22.544551472689772	24.890231550880625	26.609153436821405	7.27018601225299E-4
160.0	25.047268685614732	22.59968001337746	26.276754348696358	26.076228792707106	6.815960434712868E-5
161.0	24.207205356850743	21.844770927015816	28.782803258605462	25.161403483261658	0.0038169742663230173
162.0	25.088808483808855	23.833845489710484	25.635166682760307	25.4421339028588	4.5440861558735154E-5
163.0	24.291262762405232	24.66356963815389	27.439989202964277	23.605178396476603	0.0
164.0	25.027061391868948	24.70759609407094	24.716207569737048	25.546999116585294	0.0021358277377676147
165.0	25.986180162329696	22.59266244330731	27.46759768412059	23.952628086854567	9.316233878370885E-4
166.0	24.24556766315376	23.05974059734689	26.528372818484954	26.16611440930428	2.0451171011328585E-4
167.0	25.751647502613277	24.465845566513657	27.399127391719315	22.382675089760486	7.044493932645548E-4
168.0	26.288756082961434	25.009715012660195	23.838732153351305	24.862660399972185	1.3635105487993607E-4
169.0	26.209629585525036	22.40587830777531	26.0682987623156	25.315784282667103	4.090617169592897E-4
170.0	30.737648382021504	23.381186319844062	24.374638227740338	21.506367987186074	1.5908320801743007E-4
171.0	25.926627931130565	24.40452408516727	26.950946957042284	22.716810140874262	0.0010908857856218525
172.0	26.564259204967193	24.658994061458113	24.884763196949137	23.891756267513927	2.2726911162776958E-4
173.0	28.376428438473933	19.74255891538108	24.89906243117893	26.980177486484653	0.0017727284814057827
174.0	23.467967016982435	26.590921488054107	24.706693879777447	25.2337585003091	6.591148769046147E-4
175.0	25.672487451234606	23.799991635671677	23.770466465862174	26.755327031599883	0.0017274156316568008
176.0	23.415171458198188	25.4389023474951	29.09452396614341	22.049606568749436	0.0017956594138694914
177.0	21.486861041582888	26.459704307228787	25.15166194486	26.87681301577393	0.024959690554393826
178.0	24.835477604202065	24.15584037742016	24.852320224350063	26.155952661554483	4.0913247323080327E-4
179.0	26.723104816564646	25.621369754898215	23.804792378167427	23.84923276122307	0.0015002891466355335
180.0	26.185373880284924	22.71158783317969	25.851906464121825	25.250881129304087	2.506931094719833E-4
181.0	26.476629494841426	23.741896288005798	26.187171269896115	23.593116175381148	0.0011867718755149334
182.0	24.559436297431024	23.549777881991428	26.246693776407593	25.643955187725986	1.3685644397690229E-4
183.0	22.826438262085773	25.489528808350403	26.768442706614355	24.914997193373488	5.930295759815722E-4
184.0	25.872232862754917	22.50179566117168	27.15769588787319	24.464329581433606	0.003946006766603279
185.0	24.372496394260374	25.18922720857824	25.231031893804694	25.2064462687779	7.982345787921389E-4
186.0	26.38021529470047	23.934999210823307	25.531394178704268	24.15336850719702	2.2808574929361842E-5
187.0	23.566767193891856	22.72934501451006	28.774301411197484	24.928580879625788	0.0010055007748069038
188.0	26.49438872937651	28.163098434219197	23.79675563709426	21.54536870211772	3.8849719230793836E-4
189.0	24.23505568737005	24.369046351216888	25.42485987314423	25.969849701006336	0.001188387262499663
190.0	28.465943308364327	22.22533811001217	24.856053983327335	24.45243604906952	2.2854922664655434E-4
191.0	25.76265239610373	24.523218598391566	25.63669395575604	24.07711483580916	3.202139395074698E-4
192.0	26.47095421827408	24.370943879254895	23.900747245749336	25.257263160976702	9.149574499037922E-5
193.0	27.993067299174957	25.054813724844255	22.151722377176995	24.800144949816616	2.516489871814581E-4
194.0	26.768189687379955	24.031108488715244	24.940075229409434	24.260626594495363	0.0
195.0	25.659512150473663	22.691112534895428	24.644020868610134	27.0044849205986	8.695254221774747E-4
196.0	27.238668023143276	23.43009084662671	27.127322882103037	22.203780643421254	1.3760470571398952E-4
197.0	24.59982373939489	25.71968875001319	24.18192736980365	25.497550840082265	0.0010093007060058437
198.0	26.330225572204597	24.309763303749655	25.287438217302714	24.072435005349423	1.3790139360850024E-4
199.0	24.503047642741635	24.007131898660695	25.45299995853547	26.036221568004127	5.989320580687666E-4
200.0	26.372331668504746	24.02131324634203	24.510348485124247	25.095891408235797	1.1519179318373298E-4
201.0	23.896833336482135	21.961335195579636	29.582621205369797	24.558795542589667	4.147199787663371E-4
202.0	24.398527243438714	25.95444261362445	28.835368830861803	20.81166131207503	0.0
203.0	24.79434067201754	25.245868086231365	23.739140235564086	26.219406367066668	0.001244639120344387
204.0	26.029714076013118	24.071250714014695	23.759135815161592	26.139761086879048	1.383079315449503E-4
205.0	27.069624301941598	25.006333673357656	26.043788216716518	21.879078130673076	0.0011756773111568318
206.0	24.285729436463914	22.052551758419057	26.23133600561816	27.430221411078897	1.6138841996586866E-4
207.0	24.699312219506808	24.244296974697445	28.20381971139323	22.852271317482668	2.997769198521039E-4
208.0	27.67613108755731	23.083878009210245	22.080581122915692	27.15936365066383	4.6129652925104355E-5
209.0	26.664798018771833	21.206731284972264	26.24670535459901	25.88081948284593	9.458588109631957E-4
210.0	23.817001981825538	25.41365329890078	25.753487115365136	25.015488419968886	3.6918393966796055E-4
211.0	24.350851762902813	26.147072638451142	25.259521960260685	24.241538054949988	0.0010155834353725401
212.0	27.505535372345584	23.28625149295712	25.602355662337207	23.605511078596283	3.463937638037915E-4
213.0	28.51299294025212	23.935041075947172	22.84971171733278	24.701768981016095	4.8528545183541887E-4
214.0	26.878495136211296	26.23837016879344	24.5545526306599	22.328512679109288	6.938522608135141E-5
215.0	25.226130955994424	25.262763267222166	23.43066112864591	26.079934900606183	5.097475313158761E-4
216.0	24.58780114793496	25.38263522986214	26.513663310971136	23.515736394118562	1.6391711320420255E-4
217.0	27.524730802543147	23.34406214896538	26.19907279583354	22.931188704864276	9.455477936587783E-4
218.0	24.187674675320643	25.006173791883267	26.809327035189895	23.996514016776473	3.104808297194161E-4
219.0	25.982391175558554	23.92789962221989	24.57638795881702	25.51242837441134	8.928689931936838E-4
220.0	28.013412717692404	22.899153450082455	24.286173535217475	24.800848150017625	4.1214699004204385E-4
221.0	24.856018798123124	23.746078630338626	24.17143262335046	27.226103179396393	3.667687913990273E-4
222.0	24.818133900840156	24.83710521062977	24.858253150486515	25.48628512815033	2.226098932288749E-4
223.0	29.243176209680442	23.4645627948725	24.681906485882372	22.609329409617438	0.0010250999472448564
224.0	28.361823233189753	24.20138982952214	24.797650975399055	22.63891020990921	2.2575197984486323E-4
225.0	29.871598585111435	20.75707096949876	23.905533984531	25.464457656784695	0.0013388040741070999
226.0	24.611625618988654	23.391818698182117	26.453854512636028	25.542445429387534	2.557408056704897E-4
227.0	26.57939289763755	24.213733581158394	26.40574277622743	22.799189218574455	0.0019415264021703676
228.0	26.295417772329344	27.94094105733768	24.12564221424888	21.63789466878092	1.0428730317726912E-4
229.0	27.60051584437414	25.657126633162918	22.44472973822819	24.29760147101428	2.6313220472422298E-5
230.0	25.41277600856428	23.157949393694466	28.26398696389453	23.165261142005015	2.6491841704887773E-5
231.0	24.597319641636396	24.940795351191273	24.879130004964424	25.580630465639253	0.00212453656865292
232.0	24.522882519479936	25.275685756233674	25.258405112906964	24.942810265297087	2.163460823375329E-4
233.0	22.732778065456078	25.098874178288384	22.334264387084318	29.833452549171046	6.308200001755325E-4
234.0	25.701421723027206	22.6797691424323	27.30502965975233	24.312692679710622	0.001086795077542829
235.0	25.243935768098396	22.73100209039401	26.586485958447348	25.438096216849864	4.7996621037878933E-4
236.0	27.24734644383827	24.910522363898526	23.960884325018156	23.88084610361858	4.007636264642543E-4
237.0	27.731357548145848	24.988343393197646	22.67250618206112	24.60750291125205	2.899653433421637E-4
238.0	26.87464909916325	22.762856359294208	24.84477971372377	25.51762655087871	8.827694006231175E-5
239.0	26.887952797072224	24.383210097841513	24.748704160131453	23.978430054522367	0.001702890432444544
240.0	25.427850586487637	22.316029670504694	26.287301165290543	25.968663643592016	1.549341251086863E-4
241.0	28.523263152603523	21.409342495489977	24.286324221443195	25.77830857552791	0.002761554935395129
242.0	26.12422031762821	25.230723763007667	21.48809283081087	27.156060912442253	9.021761109987711E-4
243.0	27.34019555170845	22.743854202752768	25.833723362027595	24.078828099153455	0.003398784357734215
244.0	25.583358931243755	23.064993276837733	26.9231165849148	24.42718751201123	0.001343694992486245
245.0	28.2694551122093	21.548293613346768	23.56470468155026	26.615229706738567	0.002316886155102378
246.0	24.737684409655458	26.978841323569032	23.852348711245394	24.428240295726585	0.0028852598035326244
247.0	25.059728835176088	23.637871257396533	24.8014751245674	26.359833293818074	0.14109148904190483
248.0	25.48999425221145	22.802383726896313	24.21619491361634	27.481606132317495	0.009820974958402505
249.0	24.90541209512841	21.412352751005233	29.479444494958678	24.186215675577376	0.016574983330302478
250.0	25.568601673254747	22.973184144063893	25.474177417640536	25.982866347132035	0.0011704179087858528
