# Position (bp)	A	C	G	T	N
0.0	24.04081952721777	23.747469274858137	25.767415666257946	26.44393909150532	3.5644016082580056E-4
1.0	22.84681983380643	29.604339932996776	23.528575844023887	23.942816337986137	0.07744805118676705
2.0	23.907522488011125	27.09344229732414	22.729562157714025	26.26805425498709	0.0014188019636219176
3.0	26.634722389583143	21.764755916897624	24.532354212887814	27.059661608035213	0.008505872596204963
4.0	26.762309160643266	22.784917714637835	23.264782856596465	27.187990268122437	0.0
5.0	29.48217602830606	23.25236620964175	21.954179566563468	25.311278195488722	0.0
6.0	25.2459699784147	24.04659033501376	23.766793964594456	26.93640638303134	0.00423933894574706
7.0	25.40193946144871	26.27931487872197	22.880146076485705	25.437542079827413	0.0010575035161991915
8.0	27.802689003406165	24.460631848874765	23.00129976716908	24.735379380549986	0.0
9.0	26.129816475085015	24.67292937241786	23.26803631151457	25.92921784098255	0.0
10.0	23.381765971712717	24.550046864633174	23.661900632935833	28.406286530718276	0.0
11.0	26.62441860859594	23.091797928533385	23.34420067375249	26.939582789118184	0.0
12.0	29.056428552339717	24.86270343942917	19.61369892300703	26.467169085224086	0.0
13.0	25.061416970183952	22.125587001337014	24.82562849483966	27.98736753363937	0.0
14.0	26.466804540051132	21.861290690289696	22.48497777198782	29.186926997671353	0.0
15.0	25.44666333192248	23.83829055882617	24.258340066951405	26.45670604229995	0.0
16.0	25.978504367087012	25.90330740768708	21.27444687759571	26.843741347630196	0.0
17.0	28.85477941176471	26.323835784313726	19.50061274509804	25.319852941176467	9.191176470588234E-4
18.0	26.45785548281257	25.109291692616164	19.869366427171784	28.563182598392906	3.037990065772485E-4
19.0	25.66623349149264	24.0814167850343	21.058055547160688	29.193991961074676	3.0221523769228447E-4
20.0	23.69968014724618	26.21983206981004	23.048583444997018	27.031604569667643	2.9976827912024006E-4
21.0	23.0421981753103	24.384003988911775	24.125793182047524	28.4480046537304	0.0
22.0	22.605636899265708	26.741708071347958	25.792844684811445	24.859810344574885	0.0
23.0	24.936442407491633	23.939929328621908	22.542828487795777	28.580508227501195	2.9154858948792406E-4
24.0	28.384633587477854	21.434136937914474	23.769342206266845	26.411887268340827	0.0
25.0	24.548041871604784	25.3461943598366	19.08286684041803	31.022896928140586	0.0
26.0	26.381920237342264	24.437914632797366	20.300875568325242	28.879005930720336	2.836308147862416E-4
27.0	25.631204631283776	23.775751339861152	20.619162841184053	29.973881187671015	0.0
28.0	28.067608209090427	23.321431657343222	23.274605391152623	25.334403647989117	0.0019510944246083177
29.0	28.46587771094765	23.318065290802632	22.50474664849522	25.711035579942905	2.747698115903402E-4
30.0	24.927463513601957	23.769333973254216	24.962095595453654	26.340834224132287	2.726935578873884E-4
31.0	26.350482227854698	23.66851380468822	22.550461603590794	27.430270991972822	2.713718934702495E-4
32.0	24.60675903007704	22.904143495451475	23.416856858143944	29.071972741007425	2.678753201110075E-4
33.0	24.008701303869163	24.403973949145126	25.640461062991605	25.94686368399411	0.0
34.0	26.183485131160143	25.90822857052892	22.80063710479429	25.107649193516647	0.0
35.0	25.531274644087492	21.72959988378367	25.34968663097165	27.389438841157183	0.0
36.0	24.437269038006043	24.89258485666751	25.39299171257833	25.27663610496364	5.182877844752076E-4
37.0	26.193424379326064	24.88627885771128	20.75967795415924	28.160618808803417	0.0
38.0	26.9589561902394	25.530140576602335	20.984191606841325	26.526711626316935	0.0
39.0	23.970699802438574	27.049343749109937	21.754801156886554	27.225155291564928	0.0
40.0	26.519052389865305	26.130988901746676	22.883060601589015	24.466898106799007	0.0
41.0	24.711455084318015	23.521037441598615	21.020357979473772	30.743266853896227	0.0038826407133705203
42.0	25.308376770934167	25.140406544886098	20.3544197651005	29.196796919079244	0.0
43.0	26.35937354436014	24.728539339799394	22.801142774333123	26.107580196052044	0.0033641454552982702
44.0	30.110873924574683	23.61317032149557	22.361860404942107	23.913836600038813	2.587489488323954E-4
45.0	24.933380247437402	23.77432591159106	21.880255198927877	29.4089340322155	0.003104609828159846
46.0	24.967534651262657	23.917261218006757	22.044359824712988	29.0708443060176	0.0
47.0	25.369833390671843	23.378333285910504	23.718484297439428	27.53179700615376	0.0015520198244665577
48.0	23.368072616307636	23.219374692906463	23.100157749101346	30.312394941684556	0.0
49.0	22.130797814433738	25.716347011654456	23.828671464293194	28.322632195470092	0.001551514148516106
50.0	27.359041851758004	24.116345094713328	19.816106695350435	28.708506358178237	0.0
51.0	25.40302983299726	26.315857504782585	20.85388552815263	27.425158988676905	0.0020681453906209605
52.0	23.163790813602944	25.466966157686667	20.633418349584417	30.735824679125972	0.0
53.0	23.470994432495292	23.992755040083978	23.361651109899043	29.173313025491144	0.0012863920305440923
54.0	23.536100641874942	28.246871020439666	21.830694228270797	26.386334109414594	0.0
55.0	24.507931618666255	28.36516248267365	21.709790030289028	25.415832434929925	0.0012834334411417423
56.0	27.10935675366306	25.249144707968778	23.8257539787441	23.815744559624054	0.0
57.0	23.3399457491063	27.807047483646464	22.779986193481168	26.068914545860483	0.004106027905592153
58.0	26.16919073987591	24.158998650292265	21.153204657774676	28.518349353628558	2.565984285912233E-4
59.0	27.347997547126724	22.31858102820548	24.932327894762498	25.399554069691366	0.0015394602139336543
60.0	24.092919447970843	21.97085261476719	24.348611736762358	29.58761620049961	0.0
61.0	25.082156019656022	23.7865990990991	22.309326371826373	28.81628787878788	0.00563063063063063
62.0	25.583496268694912	21.38257905350763	24.909660446118725	28.12426423167873	0.0
63.0	26.867997727540267	23.115368276666853	22.791133312519513	27.22319751462512	0.0023031686482447296
64.0	25.779602962720965	21.685953619430222	22.561395807065814	29.973047610783	0.0
65.0	24.098436379505266	26.225031708804714	23.381574951447888	26.290618532233246	0.0043384280088912255
66.0	25.125107499304605	23.76468306525495	22.813840551417204	28.295603310340606	7.655736826390856E-4
67.0	27.71290630438444	24.993748181869215	20.27171167125133	27.0208683137443	7.655287507081142E-4
68.0	23.08420491282504	22.75224348260966	26.687555656484985	27.47599594808031	0.0
69.0	23.56606315445694	23.411442918086994	25.746820844644937	27.27286644485722	0.002806637953909902
70.0	24.813521683436345	22.526631573854072	24.471252161467685	28.1885945812419	0.0
71.0	24.60647619047619	22.377904761904762	26.048507936507935	26.966857142857144	2.53968253968254E-4
72.0	27.235354312514126	24.943438483161046	22.22696213235014	25.592975453190427	0.001269618784263837
73.0	25.896257553445384	22.368608134870257	22.989640989183975	28.742446554613316	0.0030467678870664703
74.0	25.28342598938898	25.999796918234203	22.949254943771734	25.766760591983346	7.61556621734826E-4
75.0	25.287084983247034	23.886689003959795	22.235252309879176	28.58919687277896	0.0017768301350390902
76.0	27.550346984257523	23.45938482000985	25.082875171969153	23.907139194752848	2.538290106252824E-4
77.0	24.917508502969692	24.28575054571298	24.421036600842683	26.37545053048378	2.5381999086248035E-4
78.0	27.54365482233502	25.621319796954317	20.263959390862944	26.57055837563452	5.076142131979696E-4
79.0	27.527764806204697	19.992183217265953	22.524262481473208	29.953505370231255	0.0022841248248837635
80.0	23.87358579629376	22.246331572081882	28.915231525893443	24.962820844690107	0.0020302610408133226
81.0	26.162247756709572	24.338939867635716	21.55944212107678	27.93911648869219	2.537658857444476E-4
82.0	23.2137963235518	21.314162750332425	23.949694982693693	31.52183842710543	5.075163166495803E-4
83.0	24.79091176679557	21.933203414431148	24.595018422094334	28.680105153111455	7.612435674918547E-4
84.0	24.00392770784755	25.429624761812935	24.50174184201379	26.063690776737214	0.0010149115885142457
85.0	24.0842318914119	27.3241151845744	21.09323861474058	27.49790688824052	5.074210326018013E-4
86.0	26.471595536060843	24.41188185123078	22.231918839314936	26.88282793944914	0.0017758339443047738
87.0	22.081997321211137	21.186277295235005	25.601966474551507	31.129251562626838	5.073463755174933E-4
88.0	25.411617884673433	26.296364876964873	25.754812460525013	22.53669746878147	5.073090552129811E-4
89.0	26.427111181003305	26.021539195146325	22.524336855561586	25.0259982042216	0.0010145640671844326
90.0	22.93721546597005	25.373524227398963	24.33341364748849	27.355846659142497	0.0
91.0	27.575659972051525	24.059528730880526	23.904062166336544	24.459988282944074	7.608477873278265E-4
92.0	25.591728356551048	23.349082323343755	23.20528719716163	27.853902122943563	0.0
93.0	26.902311049571036	24.883407764700515	21.451956898278823	26.761817089036143	5.071984134833626E-4
94.0	27.797501610310043	22.617121526421766	23.38829520152967	26.194038556147838	0.003043105590692154
95.0	23.92806517952008	26.059889896717948	24.155270478272225	25.85423867206617	0.002535773423573057
96.0	25.847055780670747	24.238397833484633	23.87731193865597	26.03672730407794	5.071431107144125E-4
97.0	25.91231806886759	23.77960342816573	23.41396622546782	26.893605152391093	5.071251077640854E-4
98.0	28.47891845019105	22.473548226786715	24.012099483515343	25.035433839506894	0.0
99.0	21.616675242901792	21.538348445251092	27.237700284663408	29.60702254240167	2.5348478204111015E-4
100.0	22.43011499438588	24.525461232165984	24.89044231144545	28.15398146200268	0.0
101.0	24.073506192676245	21.082723611748218	28.62975475126654	26.213762009635587	2.534346734114081E-4
102.0	25.22227741843914	24.682678075386768	24.288560189784867	25.806484316389223	0.0
103.0	26.044610249560918	25.723250197048454	24.247984530112298	23.98390158475111	2.5343852721803066E-4
104.0	25.606090557507006	27.16015591340622	22.452088053566087	24.781412040204977	2.534353157043728E-4
105.0	27.977219386332646	22.30158207154552	21.273311603716678	28.44509892382637	0.0027880145787816885
106.0	26.564543436166222	22.44244163059236	24.08783544034307	26.905179492898345	0.0
107.0	26.83300808475049	23.66576272904681	22.429733634082673	27.070988671211698	5.068809083305877E-4
108.0	24.069671964966343	23.31699578298597	24.056240369799692	28.556838455924094	2.5342632389911603E-4
109.0	25.995783221071733	23.93706254719802	25.922040272266063	24.144860547268976	2.5341219520848225E-4
110.0	24.96502964877604	24.476458365009375	22.237088844964774	28.321423141249806	0.0
111.0	24.988849693873412	23.499523577829137	23.64295706118477	27.86841625106435	2.5341604833150873E-4
112.0	25.533607855559076	23.611529933481155	22.791257522964838	28.063604687994932	0.0
113.0	29.829518099765362	21.338364002169033	22.279207188214247	26.552403926556966	5.067832943954836E-4
114.0	26.730829171132953	21.03146547464289	27.92285295079101	24.314345590601665	5.068128314872675E-4
115.0	26.774219708258574	23.115034110837414	26.598090198582852	23.5121491348113	5.06847509858184E-4
116.0	27.05140291124356	23.448080120017842	24.923214937355553	24.57704861533471	2.5341604833150873E-4
117.0	26.341478248969846	25.75455775692977	23.842251179669642	24.0612059746276	5.068398031434205E-4
118.0	27.481614386140972	23.4332314585329	24.278386830274556	24.806260485248426	5.068398031434205E-4
119.0	27.34852132485239	20.32386406832062	24.53257646790502	27.79453130939408	5.068295278882947E-4
120.0	24.550062086617167	23.004738856085755	25.076151136565215	27.36904792073186	0.0
121.0	27.732951521755655	22.531360077038087	24.519905729707816	25.215022427206605	7.602442918324422E-4
122.0	26.712550935593082	22.89035416708902	24.67157945952521	25.72450179414925	0.001013643643440712
123.0	25.296487760377072	25.91505752369368	23.577618975216662	25.21032892402818	5.068166844052507E-4
124.0	25.597289516897437	24.043880633324548	22.804447868307417	27.554128570559733	2.53410910860178E-4
125.0	27.43946784922395	23.496484003801076	23.980234399746596	25.08305353183402	7.602153943617358E-4
126.0	24.843393644518777	24.189853529978205	24.26739648269221	26.699102934468605	2.5340834220262534E-4
127.0	26.89028994835564	21.499561605789843	27.448292289836857	24.161095934843978	7.602211736801294E-4
128.0	26.049672725614066	21.8788565288896	25.416916905502212	26.647965273184788	0.006588566809334479
129.0	24.118541418543956	26.386995413425236	22.631072143526847	26.859843397612952	0.0035476268910118337
130.0	26.812530726228665	23.221679920124476	23.429224508000225	26.53656484564663	0.0
131.0	25.677004404393244	24.406116480742817	24.344536068888967	25.571836211309506	5.068346654637791E-4
132.0	27.041519685358633	25.271408587763045	21.326987795483113	26.355522442525242	0.004561488869967157
133.0	27.340619907908376	24.541885977694264	25.23928871003302	22.87592465414957	0.002280750214770645
134.0	27.32707390935239	22.383649472257066	20.832984883617794	29.456291734772748	0.0
135.0	27.02083555069004	22.887682646839696	26.50108713831744	23.5898878397624	5.068243904169645E-4
136.0	28.119796959460313	26.481686564403027	23.690766115645932	21.703442211246298	0.004308149244426649
137.0	29.722099735936464	20.29209177855155	24.125574629626815	25.859473596180454	7.602597047151307E-4
138.0	25.668529147186643	22.802843133528448	27.367820897791628	24.160806821493278	0.0
139.0	26.400316235179645	23.047412471524897	24.504678912333425	26.045311838801144	0.0022805421608897156
140.0	26.79297683694129	20.84751303096263	25.6694126501063	26.690097481989778	0.0
141.0	26.478607701430207	24.48736531619652	25.08869112176531	23.944322247787788	0.0010136128201749495
142.0	29.979499940451	22.228247510978555	23.209665689387354	24.582333459188664	2.5339999442520013E-4
143.0	27.14574955211097	24.222244183777676	23.62953558912295	25.002217272425494	2.534025629135213E-4
144.0	28.564333353605388	24.07584787852987	22.813659307912182	24.54489245676985	0.0012670031827119951
145.0	28.0572476915436	21.780070748740613	22.765282437486697	27.396132131888628	0.0012669903404656443
146.0	27.038957221554945	21.43179318768086	24.446961519164397	27.0779803262737	0.004307745326096322
147.0	27.068652268770858	23.791243180510897	26.29858529650999	22.838225121059395	0.003294133148861877
148.0	24.889140030711378	23.080665514567634	23.089534312110725	28.940660142610263	0.0
149.0	28.34645469771873	24.353286084596693	24.021345550096417	23.276379770378234	0.002533897209925782
150.0	26.09654179769757	23.97859244299047	24.30269596353012	25.62216979578184	0.0
151.0	26.94769651816938	23.482844255232884	25.643150372510267	23.926055445745273	2.5340834220262534E-4
152.0	27.50128608970444	22.532038205100264	23.92735050315884	26.039071785345925	2.534166905300717E-4
153.0	24.367034877385578	22.798148049598215	25.30466712788037	27.529643116892334	5.068282435106979E-4
154.0	22.91473433991718	23.308295447058047	24.955271387372594	28.819418046538033	0.002280779114145392
155.0	28.331964553676443	23.024394695218398	23.904976274485946	24.738157521190736	5.069554284787282E-4
156.0	26.994294231115322	22.500399226387977	26.97173477173122	23.533318293693746	2.5347707173147655E-4
157.0	24.821679332038915	23.140116700548017	26.49158204778538	25.54586149034001	7.604292876805386E-4
158.0	24.80253685640703	20.946809157828564	25.50164256889664	28.74875793401334	2.5348285441972705E-4
159.0	26.95339829451548	21.208795108646054	24.06411283372033	27.77293329142289	7.60471695243503E-4
160.0	26.44790042713918	20.33512047352878	25.05950796608236	28.157217638186495	2.534950631836445E-4
161.0	24.30039926484568	20.255783002725142	29.253818366182898	26.186196843906455	0.0038025223398187465
162.0	25.87662370585193	21.866158978675077	25.642891185089795	26.614326130383198	0.0
163.0	25.190195278137622	23.185698024909815	27.475834235403575	24.148018952347876	2.535092011164545E-4
164.0	26.26283112477849	22.29300977814735	24.886741318947095	26.55538964282002	0.0020281353070470097
165.0	27.618666132585616	21.81078826813235	26.692812976141283	23.877225584172272	5.070389684799226E-4
166.0	25.130949785257563	22.573562594757952	25.533560160841322	26.761673926161055	2.535329821056421E-4
167.0	27.04130789748583	23.092818531252217	26.74693968621008	23.11842679080334	5.070942485370331E-4
168.0	27.016603444428668	24.10491510639593	23.021431324421364	25.857050124754043	0.0
169.0	26.36363405845794	20.581232297670457	26.29973451260114	26.754891992017626	5.071392528317388E-4
170.0	31.767283349561833	21.859278643297632	23.240222330412205	23.133215676728337	0.0
171.0	26.62232612862982	22.590599738318137	26.65934701246539	24.126966417494142	7.607030925116388E-4
172.0	28.118202422662904	24.137642543136888	24.49941943302184	23.244482078480484	2.5352269788714185E-4
173.0	29.786349486407282	19.00647948164147	22.4444579644896	28.76119206238149	0.0015210050801569676
174.0	25.36086760329154	24.620119351224186	23.552853731373553	26.46539879229135	7.605218193709978E-4
175.0	25.778498903522674	23.52672742714447	22.506813370685393	28.18669269479902	0.001267603848445284
176.0	25.105659066650777	23.02543677062285	28.141439904266676	23.726450134244693	0.0010141242150044749
177.0	22.15897421594306	25.689227188247198	24.432352665248448	27.69459749335051	0.02484843721078828
178.0	25.47390571323539	21.994498459822278	24.726507536095934	27.80458123645214	5.070543942601443E-4
179.0	29.38208372423236	23.396130733537866	22.52440477699739	24.69509876011055	0.002282005121833718
180.0	27.147367939350488	21.428680385008466	25.838074754285074	25.585368457983126	5.084633728409374E-4
181.0	29.644741936141166	21.193991075249098	25.56085335289443	23.599904232125027	5.094035902765043E-4
182.0	26.021033220670525	22.06756202609668	25.39701541196637	26.514389341266426	0.0
183.0	23.595027638382966	24.694958860840106	26.35122398553124	25.35802532032504	7.64194920651094E-4
184.0	26.7018561071172	21.340391601408257	26.00970087277285	25.944484921358736	0.0035664973429594795
185.0	25.077116271724375	24.296401580278612	23.8992941727863	26.726678536586608	5.09438624108164E-4
186.0	26.501217685480498	22.425792514545993	24.515728012879954	26.55726178709355	0.0
187.0	24.030457293632935	22.660083422946165	27.382445421316532	25.926758433610303	2.5542849407022753E-4
188.0	28.06965557936899	27.899527165624864	21.454572392705426	22.57573396616335	5.108961373697534E-4
189.0	24.764459431841406	23.75740854281627	24.70008174943797	26.77702840792969	0.0010218679746576743
190.0	29.419038689023846	21.148279394894775	24.755047866265716	24.677123067528864	5.109822867990281E-4
191.0	26.831379639755465	23.986252007263285	24.28999864261622	24.891345269773623	0.0010244405914095534
192.0	27.636587177582538	23.166670935683	23.92894649214928	25.267539253605186	2.5614097999538944E-4
193.0	28.640085257257624	24.025997315216166	21.458800864869296	25.87486038099337	2.561816635412504E-4
194.0	29.455410030949597	22.39746664207096	23.561407284428867	24.585716042550576	0.0
195.0	27.68454527051094	20.534384985765282	24.87680752761741	26.904005965513793	2.562505925794953E-4
196.0	28.80972009276309	21.670660205095807	26.903864872014154	22.61549801093536	2.568191915845487E-4
197.0	25.82146600086308	23.619330908493104	23.132051044941743	27.426895177033888	2.568686681873292E-4
198.0	27.479575573596165	21.917540160099698	24.37207601774537	26.230808248558766	0.0
199.0	25.942836199954574	22.015857611860174	25.172668332266525	26.868379756767357	2.580991513699903E-4
200.0	27.659711771523565	23.17572747618101	24.904685326057496	24.25987542623793	0.0
201.0	24.72287477089088	20.278028758034957	28.464258977205255	26.534579342747243	2.5815112166662364E-4
202.0	24.915835347088834	25.14070471115517	28.790507466385773	21.15295247537022	0.0
203.0	26.967098806879807	24.334228603894427	22.184029750529415	26.51412633644956	5.165022467847736E-4
204.0	26.361941069509875	23.234358211422432	23.230483924291264	27.17321679477643	0.0
205.0	28.05853330922429	23.959393485392503	24.7906388035027	23.190917779557253	5.166223232505876E-4
206.0	26.247574859658325	20.757651301631917	25.397903852065795	27.596869986643966	0.0
207.0	26.13734138457603	23.730753628356084	27.232372403564664	22.899015815679252	5.167678239682084E-4
208.0	29.11977008939532	22.050329126748043	20.603825468491962	28.226075315364675	0.0
209.0	27.48414813512794	19.388000403243524	25.42631370795346	27.700762285356834	7.754683182418582E-4
210.0	26.04018551935596	23.11779031349048	24.36234184578316	26.479423793839807	2.5852753059673326E-4
211.0	25.77050587803276	25.443632432879742	24.99728467470403	23.787542604746907	0.0010344096365601742
212.0	29.76909046220716	20.96994941981553	24.10229874649108	25.158402649315033	2.587221711964607E-4
213.0	30.004996388620658	21.99627730215725	22.95957067301096	25.03915563621113	0.0
214.0	27.467012795900338	25.04125829375905	24.760157830785293	22.7313120007876	2.590787677177492E-4
215.0	25.651893868561576	24.68158490722849	23.053927985206425	26.612593239003512	0.0
216.0	26.02303067252507	24.33383438097841	25.520844282801104	24.12229066369542	0.0
217.0	29.00439911115123	21.692104697252482	26.339976690286115	22.963254014819455	2.654864907199197E-4
218.0	24.55805627832071	23.934498272956017	25.853406255945504	25.65350325981226	5.359329655046747E-4
219.0	26.609782178002856	22.381983683704874	23.790526127241048	27.217708011051222	0.0
220.0	28.80018319062457	20.912899945751587	23.929002728777014	26.357641529750758	2.726050960796661E-4
221.0	24.660831810499992	21.746334895096247	24.742171720641377	28.85066157376238	0.0
222.0	25.971922547265013	24.038391846611024	24.76235078974805	25.22733481637591	0.0
223.0	30.179712832632706	22.18974305333714	24.41855534290181	23.21170607043205	2.82700696291815E-4
224.0	30.842451789618146	22.760177274699224	23.502507988986963	22.894862946695664	0.0
225.0	31.853900672780778	19.29884653918941	23.247044988111448	25.599351481573457	8.56318344907903E-4
226.0	25.90296620710802	22.074725045849796	25.220570793823438	26.801448680046512	2.892731722274613E-4
227.0	27.09853508005482	23.118149168768245	26.1011738646359	23.68126521392273	8.766726182996642E-4
228.0	28.26953759722153	27.457680904766242	22.895357754656494	21.377423743355735	0.0
229.0	28.072194797797607	24.970630814505412	21.578341560660718	25.378832827036263	0.0
230.0	26.076972425908494	22.606977762055795	27.431094749590795	23.884955062444917	0.0
231.0	26.06460415791045	23.95671533602568	24.36087202821483	25.61628565685361	0.0015228209954376284
232.0	24.19151218017466	25.04489045503294	25.827485828098666	24.936111536693733	0.0
233.0	22.977514851607943	25.079063883617962	21.957125671267875	29.986295593506217	0.0
234.0	26.623267813500856	20.261088680993137	27.183511386666076	25.93181595429525	3.16164544675631E-4
235.0	25.668859297288627	21.547569388737365	28.141504893309804	24.642066420664207	0.0
236.0	29.1653209363021	23.166462768126582	23.58339450289536	24.084495555011827	3.262376641383248E-4
237.0	28.631745352149785	23.865167059133498	22.731569153753682	24.77151843496303	0.0
238.0	27.700227303115387	21.778312608637517	24.25925925925926	26.26220082898783	0.0
239.0	28.385962769170213	22.281830459243576	24.909569666985636	24.42161912711824	0.0010179774823380907
240.0	25.258283489151218	21.512690533405834	27.17230008244023	26.05672589500272	0.0
241.0	29.06571599171086	20.549330898106845	23.237329212180814	27.1451652558744	0.0024586421270766747
242.0	27.112663657043857	23.369768080625963	20.895632760284247	28.621583362091428	3.521399545035179E-4
243.0	27.03224737675045	22.551310655486354	26.24130723653833	24.172314980279367	0.002819750945497739
244.0	27.494542140328814	21.497608433011393	25.78617907431874	25.220963833289765	7.06519051286218E-4
245.0	28.476668825813483	21.338387860639465	23.581422842357505	26.601750678715412	0.0017697924741344828
246.0	25.506159006616414	25.903285512683226	22.97695957110337	25.612177600646753	0.0014183089502386305
247.0	25.869905928260973	22.73287819717749	25.088047878143872	26.164524257146006	0.14464373927166368
248.0	26.410804695032787	23.027221654931456	22.72052884940387	27.83254999768735	0.008894802944535566
249.0	25.678720931061775	21.383898963822944	29.255065001747166	23.6666262559992	0.015688847368908986
250.0	27.09506991907118	20.690111241385225	24.561754697017356	27.65163430466985	0.0014298378563870856
