# Position (bp)	A	C	G	T	N
0.0	22.81343343568638	25.329164188222432	25.79936659003585	26.0579071748951	1.2861116023342925E-4
1.0	22.499439208428658	29.90628442770859	23.8793234302409	23.63562379116924	0.07932914245261191
2.0	24.345892173739458	26.923102761797484	23.134816575967427	25.595324736979663	8.637515159638876E-4
3.0	24.886229105798783	22.10308285102226	25.95663065652019	27.046135111841433	0.007922274817324482
4.0	25.410289331233653	23.95106824155519	24.669405436847878	25.969141318372785	9.567199049403102E-5
5.0	27.863765070228553	24.727617333459772	22.482174758962266	24.925806392074474	6.36445274934812E-4
6.0	25.179521154118557	24.23276739838674	24.274181920274504	26.308098635162835	0.005430892057368005
7.0	24.57722006804284	26.13187380857682	23.89004124720912	25.400072574805133	7.923013660860155E-4
8.0	26.472634255241946	24.7224135242086	24.240870308219925	24.564050277641837	3.1634687688127535E-5
9.0	25.06895592661075	26.19034014047846	22.87673044885991	25.863941914438143	3.156961273240365E-5
10.0	24.59857137407432	25.39088275992092	23.480867213832646	26.529647124919485	3.152725263008223E-5
11.0	26.11416881714587	23.258051130052664	23.94361408609668	26.684014186029074	1.5178067570935459E-4
12.0	28.00683582089552	25.01823880597015	20.411402985074627	26.563522388059702	0.0
13.0	24.04669997840797	24.310893504210444	25.740144884306122	25.902114548382333	1.4708469313132134E-4
14.0	26.127979298279406	22.416525531355898	24.206337545231914	27.249128530067857	2.9095064924182623E-5
15.0	24.98184173566616	23.718479777488113	24.357977702913583	26.941643411848943	5.7372083203289946E-5
16.0	25.97952960027243	25.435886796005825	22.269593833847424	26.314961579944107	2.8189930218646737E-5
17.0	27.978688732868957	27.012693958493294	19.88002054896675	25.12760245482818	9.943048428169763E-4
18.0	25.022469649205174	26.53376059659896	20.247980606153522	28.195652263185778	1.3688485656520306E-4
19.0	24.67531724976149	24.74736006377668	22.02122295263362	28.55563687372305	4.6286010516181594E-4
20.0	21.362322673265457	26.088813809964567	24.851756603961974	27.69707992757163	2.6985236377178048E-5
21.0	22.843593093588947	25.625859380812276	24.04762274326398	27.482790974501043	1.338078337528655E-4
22.0	21.07880441184217	27.424619294781817	26.818916108136666	24.67766018523935	0.0
23.0	24.550641050436987	25.162101305520405	23.376980496267745	26.910040321063338	2.3682671152690864E-4
24.0	26.42204057706712	22.106464324095484	25.601485003419416	25.869931937343278	7.815807470609308E-5
25.0	23.9380699058771	26.62527066582892	20.307398036103898	29.129106762818648	1.5462937143675943E-4
26.0	25.37183199244818	26.140579983168124	19.791818109218834	28.69569312739194	7.678777292934091E-5
27.0	25.03788058448556	25.425356505897945	20.810453256302253	28.726284153089072	2.5500225166988228E-5
28.0	27.549716248995598	24.631828978622327	22.91695528749153	24.89920731077599	0.0022921741145532906
29.0	26.337842292168094	24.544682227239086	23.156594585517844	25.960607247918105	2.7364715686823267E-4
30.0	22.526596708613393	25.97994654153411	25.78541315168994	25.70774772988903	2.9586827352726016E-4
31.0	25.074518305293342	25.367812748358613	23.409739051758088	26.147562296273954	3.6759831600760784E-4
32.0	22.81391929740643	23.518333938333672	25.429366109378392	28.238234969181402	1.4568570009870207E-4
33.0	23.400878223583387	25.253236334310603	26.105298023576907	25.240563416791378	2.400173772581135E-5
34.0	25.35752203341065	27.220443485921564	23.13143718590575	24.29052596036899	7.133439304537224E-5
35.0	24.3730005134484	23.079811133742965	26.350341076436102	26.196682709578162	1.6456679437049912E-4
36.0	22.734129575697878	25.74102513661305	26.685473310981955	24.839113751167297	2.58225539820491E-4
37.0	24.601782987735803	26.48388814226375	21.765983446030727	27.14832196977693	2.3454192788773884E-5
38.0	26.01747725690086	25.929887056221563	21.785279080380242	26.267169097370914	1.875091264207625E-4
39.0	22.727004395152353	27.64696539584716	22.49319128540754	27.13265151703268	1.874065602603452E-4
40.0	24.878509001679202	27.537904980726996	23.9785167057294	23.60495222903462	1.1708282977959625E-4
41.0	23.310714329187505	25.171889762083783	22.059732336062158	29.453028658749545	0.004634913917007887
42.0	23.74000162403041	26.994848734672043	21.342778294810195	27.9223245444583	4.680202905516766E-5
43.0	25.778283596841412	26.281664539809274	22.858543124129323	25.078023110420745	0.0034856287992476656
44.0	27.981129953252815	25.43946354965746	23.860357538466285	22.71865142864091	3.975299825297265E-4
45.0	25.124398343973343	25.05027824838156	22.45301286150785	27.368781017775735	0.003529528361513462
46.0	24.153687503198494	25.056159111680042	23.407220567379365	27.382932817742095	0.0
47.0	24.38729924821234	25.5420447194632	23.96076995802221	26.108227427155605	0.0016586471466480026
48.0	22.563282220643284	24.89957992032706	22.899514074922266	29.63762378410739	0.0
49.0	21.845730985769833	27.125694530851863	24.881555366256837	26.145361650948363	0.0016574661730996974
50.0	26.20148293855134	26.042868402448676	20.746785990107362	27.0087693113081	9.335758452187263E-5
51.0	23.795695510181417	27.799804801655288	22.51598673509886	25.886156386866038	0.0023565661983944086
52.0	21.75389391634724	26.777329475486315	22.037062432813833	29.431714175352603	0.0
53.0	21.607823371541333	25.91577842212059	25.12684336704044	27.34815993423488	0.0013949050627614285
54.0	22.605450999052284	30.03463331665089	22.42225402709065	24.937591921015862	6.973619031657208E-5
55.0	23.4382394370118	29.278179567551714	22.529294464580328	24.75301063954168	0.001275891314474268
56.0	25.477000160722074	26.938295478607383	25.201314256651123	22.383390104019423	0.0
57.0	22.037408877594554	28.80761811133164	22.63946597169409	26.510846580475228	0.004660458904490735
58.0	24.49903277888595	26.262145318452774	22.13725151573806	27.101315397534254	2.54989388964291E-4
59.0	26.538026355372473	23.57183018681638	25.276368003656323	24.61104062884295	0.00273482531187438
60.0	23.13939278658996	23.789332309609744	24.936300743333476	28.13495102024099	2.314022583472001E-5
61.0	24.04342772426213	24.93980068056233	23.53807271485512	27.47305374813641	0.0056451321840090985
62.0	24.524344489581022	23.116734047679248	25.562760804075204	26.795998731415665	1.6192724886298157E-4
63.0	25.16731922861996	25.040245432374718	23.108372160152765	26.681727093410114	0.002336085442440705
64.0	24.235473988464665	22.64970575217612	24.170249766058607	28.944524316859965	4.617644064145541E-5
65.0	22.87755133133916	27.619983961048522	24.090098832997764	25.40777210468994	0.004593769924611388
66.0	23.91220000170803	25.068488439539173	23.84558693017376	27.17312451081747	6.001177615699819E-4
67.0	26.028167388833435	26.040814442566106	21.232580010500747	26.697584251187106	8.539069126072432E-4
68.0	22.6782960887538	23.82173183256623	27.39307634335009	26.10666498061891	2.3075471097280185E-4
69.0	22.460261719366475	25.74135208444275	25.26838279064573	26.52730388813569	0.0026995174093492826
70.0	24.091565097342098	23.98547757121753	25.23448199298984	26.688198948890502	2.763895600292789E-4
71.0	23.88365856874368	23.887793209174678	26.53660466084234	25.691001782030025	9.417792092821759E-4
72.0	26.0482820280041	26.90672258698374	22.667892430708005	24.37567907151819	0.001423882785969059
73.0	24.82120498437818	23.159508322030565	23.63703745034301	28.378208029295127	0.004041213953117785
74.0	24.040090156479067	26.91898175887779	23.721952937362918	25.318125740648146	8.494066320751556E-4
75.0	24.031385875116666	25.356055643062454	22.76740727954345	27.842878726458643	0.002272475818791401
76.0	26.294834433377318	25.000579534247258	25.948904129428247	22.754901540000372	7.803629468065597E-4
77.0	23.12688228602325	26.59321462495648	24.631357086483433	25.647880468196522	6.655343403097397E-4
78.0	26.837746482751655	26.93070601976681	20.776077892335827	25.454918869799283	5.507353464240066E-4
79.0	27.279944637389587	21.80919265307321	23.016096642265023	27.892196184825945	0.002569882446234388
80.0	22.945086127643602	24.17631026921786	28.503306918821664	24.373025307043175	0.002271377273700273
81.0	24.692303439314454	25.803954694292464	22.652394939022756	26.850888098224306	4.58829146020311E-4
82.0	22.46220639286082	22.95499543616143	24.92732153028409	29.654306719773434	0.0011699209202276804
83.0	24.454392875665228	23.6135804420275	24.981758618293036	26.949465236777836	8.028272363956911E-4
84.0	23.02561097419866	27.54015153513324	24.505159923808126	24.928183080679215	8.944861807618959E-4
85.0	24.341744056604163	27.600882123738586	21.86499085172735	26.19174082294549	6.421449844119305E-4
86.0	24.902901211140705	26.105511303635943	23.31077230715253	25.679393409183938	0.0014217688868810863
87.0	21.36484329857194	22.714117344926578	27.144062588852506	28.776220088233405	7.56679415568335E-4
88.0	24.283860719659877	27.39636137024224	26.302282460735206	22.016807608982003	6.878403806783802E-4
89.0	26.47746744365084	27.24904867736464	22.671512042444647	23.601169419568244	8.024169716233263E-4
90.0	23.178439940029435	26.949433076425787	24.278496334367993	25.593355554842347	2.750943344321824E-4
91.0	25.211796706337143	25.655356018813336	24.94268113380637	24.189593066996025	5.730740471268589E-4
92.0	24.90648675571904	25.176385267002406	22.676013368629107	27.241114608649454	0.0
93.0	25.27955407034577	27.11580510747143	21.495179944167113	26.10920875907055	2.5211894513433355E-4
94.0	27.475990671289463	23.961108371087597	23.326176677123573	25.23294274247222	0.003781538027146401
95.0	23.131845492224606	27.828958314140635	24.51367414070553	24.52316163714772	0.0023604157815107487
96.0	25.096213578906823	25.06488902698884	24.860076411741645	24.977881474953307	9.395074093908121E-4
97.0	24.808811708862212	25.799077236953416	23.663537936577914	25.728389811478813	1.8330612764888812E-4
98.0	26.76994399663288	24.186681861787182	24.979385087932137	24.063989053647802	0.0
99.0	21.147230459628968	23.359898206424322	27.11850777289439	28.374340651083003	2.290996931896909E-5
100.0	22.571374770117206	25.656133827293075	24.91491931308685	26.857572089502867	0.0
101.0	22.50399031695303	23.336894534685978	28.672374362282298	25.48651172081159	2.2906526710842666E-4
102.0	24.448970559532896	25.09291491687597	25.379975277668077	25.078139245923058	0.0
103.0	25.195804482527112	26.401725997644824	25.525877022896864	22.876294721565145	2.977753660518216E-4
104.0	24.964005806711985	27.766468116451236	23.49679865835452	23.772498374936042	2.2904354621709386E-4
105.0	26.904787372812038	23.585938324933732	21.70395849085213	27.80220074711152	0.0031150642905750296
106.0	25.387029451617426	23.477282575933174	25.50601501210698	25.629581344896422	9.161544599773344E-5
107.0	24.292657878559957	25.48245569835949	23.150590306820295	27.07363192374887	6.641925113897565E-4
108.0	23.089296137887477	25.850192142679994	24.69140495561173	26.368877763546685	2.2900027411332813E-4
109.0	24.937309814199825	25.373593664095097	26.091322157829282	23.597064512443122	7.098514326748279E-4
110.0	24.187705214568002	25.477173957842002	23.340584057260873	26.994490976283263	4.579404585815752E-5
111.0	23.912638794469583	24.87331530710119	25.212492091866466	26.000912683902026	6.411226607323132E-4
112.0	24.720088981733376	25.47541714766654	23.647037597896162	26.15738758569277	6.868701114881774E-5
113.0	27.846664142190004	22.679538139820902	23.271286764217695	26.201709653742235	8.013000291673211E-4
114.0	25.805999638272592	22.805104477406918	27.75381015721406	23.634810997428986	2.7472967744446454E-4
115.0	25.588567550699025	24.7961483987455	26.801053567168342	22.813726778638706	5.037047484246634E-4
116.0	26.45087346267433	25.122014153344153	25.28647025194546	23.14045897057305	1.8316146301134388E-4
117.0	25.56834260270874	26.99448782770592	24.055929454451544	23.380393004422377	8.471107114173124E-4
118.0	25.450936902030403	25.297179014383552	25.870176693362907	23.38145555330174	2.518369213989495E-4
119.0	26.162617793399747	22.29263199007858	25.05163209149978	26.492728924021787	3.892010001092052E-4
120.0	24.726478526933192	24.495802455569216	24.857819199959707	25.919854030306567	4.5787231314803236E-5
121.0	27.35062341262265	23.58636134077097	24.79859452286991	24.2636423450809	7.783786555752288E-4
122.0	26.653825171452045	24.55924513252922	24.47976033685803	24.30680306977973	3.662893809732355E-4
123.0	23.064171966466184	28.699269981756988	24.17727294267014	24.05862122723372	6.638818729801679E-4
124.0	24.579820053856103	25.46922640739307	23.23588978521885	26.714903508384367	1.6024514760523928E-4
125.0	25.930206632210417	24.335906793229068	25.162380695342364	24.57059022011987	9.156590982863899E-4
126.0	23.937065768844526	24.367648644373567	25.53136696671647	26.16371259955083	2.0602051460719785E-4
127.0	25.408439936044097	23.64615034215493	27.791152156222708	23.153204605099763	0.001052960478501866
128.0	25.74014788078891	23.763818329398482	25.341237827486452	25.14660121859044	0.008194743735713564
129.0	23.480838261125932	27.79925095416134	23.134675804885507	25.58219063633188	0.0030443434953366607
130.0	25.516856357869393	25.855006687241506	23.675123896513593	24.953013058375507	0.0
131.0	25.402521670282102	25.558240521190058	24.51238574876092	24.526348485649628	5.035741172975192E-4
132.0	25.903367913243354	26.5887706926679	22.60467247662869	24.897855667139257	0.005333250320796151
133.0	26.463421277546367	25.98110373626716	25.115944357695035	22.43774528451745	0.0017853439739834182
134.0	25.55156605597339	23.77505997410373	22.18049613078051	28.492694729580364	1.8310956200421656E-4
135.0	25.176380275071974	24.791839804481963	26.672657206466027	23.358802282661166	3.204313188655541E-4
136.0	27.825527491154883	26.298408954932828	24.29155533501576	21.579015069083226	0.00549314981330157
137.0	28.04108506088922	22.107641834142733	24.733937243567414	25.117244308987562	9.155241306983938E-5
138.0	24.475363627042427	25.047581861858344	27.49821939930131	22.977644993079004	0.0011901187189195918
139.0	24.960480509401485	24.23410460517929	25.50840934937198	25.29583831785091	0.0011672181963366284
140.0	25.168045282625044	21.90578112390882	26.642449531487234	26.28340364877403	3.2041320486899907E-4
141.0	24.507747236399425	26.195340214679696	25.60494816103266	23.69171263131394	2.517565742796329E-4
142.0	27.48421663349976	23.361533787332796	24.120073741536142	25.03394696880403	2.2886882726468567E-4
143.0	25.597890219263032	26.659143069792307	24.179422909146503	23.56331493553753	2.2886626062740482E-4
144.0	27.535991738790518	26.064532459852025	22.951084558385986	23.44786484719875	5.263957727215302E-4
145.0	27.29115090972715	23.10003668706846	23.799722935963327	25.808105347500693	9.84119740366326E-4
146.0	26.92667096167336	22.11534038309476	25.470686579324692	25.48318253129996	0.0041195446072300294
147.0	25.610296426423428	25.77878190627978	27.138589262517865	21.469174160250244	0.0031582445286846414
148.0	24.443381013780506	24.52206267710812	24.13009617105458	26.90395664864632	5.034894104734037E-4
149.0	26.999239727510282	25.51803575981248	24.310067591474148	23.170528524407676	0.0021283967954125495
150.0	24.359626317090363	24.9369032470683	25.30793137856221	25.395539057279127	0.0
151.0	25.568511458112336	24.956327325465498	25.958767685630896	23.51593580591733	4.5772487393684814E-4
152.0	26.59474304546339	24.72574351462999	23.700717481605235	24.978589982720937	2.059755804506288E-4
153.0	24.36106872115792	23.77209757490816	25.830166674142756	26.03588890587539	7.781239157758673E-4
154.0	22.261055003070183	25.591407791420746	25.325996630694913	26.81927484187358	0.0022657329405757756
155.0	26.50976536439684	24.66716605204731	24.37465255296472	24.448095618339575	3.204122515574896E-4
156.0	24.896243243280356	24.292240912501022	26.72511771763057	24.08630657987428	9.154671377050245E-5
157.0	24.19231028028656	23.327597879209414	26.743191265264983	25.736580158807538	3.2041643150389286E-4
158.0	24.86169244684669	21.9245279736925	26.1735886816221	27.04009934890398	9.15489347365954E-5
159.0	25.237472689095824	22.621233406894824	24.895665823021222	27.245170324370914	4.577566172152193E-4
160.0	25.03127639267494	22.518178759518527	26.39459752672741	26.05590154516595	4.5775913172247896E-5
161.0	23.87953083998137	21.545952985579362	29.207992062411236	25.362793353757134	0.0037307582708965377
162.0	24.181091999404906	24.26117805930351	25.55486890742839	26.002861033863194	0.0
163.0	24.346741754189683	24.839103069710635	27.111619141092614	23.702513146191322	2.288881574640657E-5
164.0	25.114874953105844	24.6763873861522	24.833155217548843	25.37381997815917	0.00176246503395263
165.0	25.85337592993124	22.87977051491083	27.374479168693377	23.891733468963686	6.409175008703889E-4
166.0	24.10606822929519	24.104786360550307	26.113657807885417	25.675396040215887	9.156205320579349E-5
167.0	25.976354333390717	24.365662690317215	26.922263405986868	22.73526174683461	4.5782347059491416E-4
168.0	25.511395151489346	25.443727247067745	24.497635629395063	24.547104621768234	1.3735027961083173E-4
169.0	25.62359615893518	23.09643043220678	25.830629808999785	25.449068897978467	2.747018797849634E-4
170.0	30.67152799763572	22.996915769817946	23.716523695096843	22.61498675358276	4.578386672682667E-5
171.0	24.826050877042377	24.201287664177183	27.410101010101013	23.561805019028814	7.554296506137866E-4
172.0	26.89759472441653	24.695865166718956	24.706986399830296	23.69946217625141	9.153278280941113E-5
173.0	28.164806776604973	20.194104335370554	24.32319756174019	27.316564195381126	0.0013271309031583428
174.0	23.402911649457998	26.769670794840263	24.52709435689157	25.299911334839685	4.1186397048308213E-4
175.0	25.749912477604564	24.61141200509804	23.59537424118655	26.0417453224142	0.0015559536966485213
176.0	23.792238722363244	24.87852194819789	29.345687806612663	21.98231586192725	0.001235660898952457
177.0	21.266617190684144	26.995807814413347	25.227876718300646	26.48518912892292	0.024509147678942522
178.0	24.722483356324325	23.703335691931123	24.75953286948594	26.814442124495518	2.0595776309731187E-4
179.0	27.881908620779623	24.274590813009393	23.54419237807697	24.298026546460886	0.0012816416731282769
180.0	26.31851668436354	22.639601270686928	25.9023742881186	25.139415964088847	9.179274208557241E-5
181.0	26.711076087876034	23.008311479570256	27.193751540184564	23.086171257489436	6.896348797092867E-4
182.0	25.121147865682648	23.65268401142422	26.051641634038734	25.174434536015166	9.195283922781684E-5
183.0	23.50211313842436	24.973792669671774	26.74837376618647	24.775260647992333	4.597777250565986E-4
184.0	25.573455714693626	23.08952700450286	26.612083366094346	24.721508376934224	0.0034255377749453867
185.0	24.212723454681502	25.61421374640674	25.173080039676748	24.99933910400894	6.436552260781512E-4
186.0	26.733427146528594	23.804128899422246	25.418877602747177	24.043566351301987	0.0
187.0	23.55548595694507	23.45132600705607	28.21233154321613	24.78016562422277	6.908685599535736E-4
188.0	26.6002253655281	28.470533560832916	22.973282002377093	21.955590601156675	3.684701052143356E-4
189.0	24.588095729958553	24.713726503533206	25.38635205312466	25.310812376254837	0.0010133371287414882
190.0	27.759297308663804	22.571220692884392	25.54273886463767	24.126535847516514	2.0728629761567786E-4
191.0	25.56930812967811	24.659300863828758	25.520269413080836	24.250821732962738	2.998604495600124E-4
192.0	26.284923385678283	24.470124163067112	24.533030374680653	24.71187594073852	4.613583543347501E-5
193.0	27.223532001119395	25.5516163497012	21.94540117647086	25.279242835776028	2.0763693251961188E-4
194.0	27.248355222175363	24.30102133573771	24.56484563682826	23.885777805258673	0.0
195.0	25.773559845174965	22.686842963901693	25.099073163460222	26.440016374127584	5.076533355362411E-4
196.0	27.112145459254045	23.166654527334885	26.89608847607453	22.825019047189627	9.249014690903709E-5
197.0	24.159454513540148	25.27916426826874	24.696448968066406	25.864400343472937	5.319066517701969E-4
198.0	26.830764655774974	23.982082483939685	25.174221232826266	24.012838987388445	9.264007062878985E-5
199.0	25.190537822462684	23.432351965786854	26.085690209787128	25.291071892303226	3.481096601126901E-4
200.0	26.79339853045378	23.94565663659634	25.030931768614824	24.229989855354674	2.3208980390036198E-5
201.0	24.00315756807839	21.852998540750477	29.4091350830556	24.734430281087157	2.785270283788868E-4
202.0	24.51245056958141	25.449017148258296	28.740440047947157	21.29809223421314	0.0
203.0	24.755251737421254	25.168424792240874	24.191312545423727	25.884314331026058	6.965938880852259E-4
204.0	25.618614087081802	23.92408731867247	24.712887915399296	25.74434101117516	6.966767127448645E-5
205.0	27.12485870969525	24.926199257707708	25.683540837804188	22.264658019982576	7.431748102755994E-4
206.0	24.22487750221583	22.474232263602968	26.416203525632092	26.884663481817185	2.322673192449268E-5
207.0	25.409284493982188	23.61614676427104	27.036109204473263	23.93818080036979	2.7873690372078925E-4
208.0	27.693176955141713	22.71146811093924	22.892846306431807	26.702462161957463	4.646552977906105E-5
209.0	27.132951791411358	20.96912112910384	25.45460882658432	26.442807051787	5.112011134889708E-4
210.0	24.07011194633418	25.168890967133777	25.69996671915991	25.060751477650705	2.788897214263536E-4
211.0	24.182965358354235	26.13915707885909	26.09840356901245	23.578753309914983	7.206838592388184E-4
212.0	28.333940352145337	22.956870034248887	25.62496191596534	23.083971865957224	2.5583168321897655E-4
213.0	28.86536113379412	23.610432689409976	23.012547627530545	24.51137929421544	2.7925504992033084E-4
214.0	26.981285033359782	25.94617581090387	25.285337974910238	21.787201180826106	0.0
215.0	24.903737970309354	25.553785264085505	23.492276050025684	26.049803975291013	3.967402884395248E-4
216.0	25.197242022683515	25.04833825233524	26.18277347671655	23.57162264272089	2.360554380917467E-5
217.0	27.7737923925506	23.231477366425686	26.552120979147226	22.4420852869263	5.239749501866542E-4
218.0	23.7259214647073	25.75025295109612	25.96326186461094	24.56037099494098	1.9272464466393638E-4
219.0	25.472125019118437	23.631138354727742	25.7783847044746	25.117695390396598	6.565312826213981E-4
220.0	27.61874518098473	22.61503664774019	25.325052816651777	24.440945336171083	2.2001845221419236E-4
221.0	25.16532682830969	23.329728117694778	25.142614216663006	26.362182711604394	1.4812572813053236E-4
222.0	24.622026619826094	25.626338922651804	25.015056434441323	24.736503022162022	7.500091876125483E-5
223.0	29.71431608734279	23.83728140890487	24.516752006520083	21.9309671034481	6.833937841538699E-4
224.0	28.897887380271804	23.911181555186126	25.377870194716305	21.81301008508729	5.07847384751019E-5
225.0	30.05466338452919	20.30639814890309	24.777795016014096	24.860223320641502	9.201299121199256E-4
226.0	24.79831696982157	22.869995745874856	26.880045308372353	25.45156439310185	7.758282936820422E-5
227.0	26.08704171759201	23.72434943140401	26.744285692637852	23.44325196250919	0.0010711958569279462
228.0	26.603154746574297	27.592968310617966	24.14466526152019	21.659185400493026	2.6280794520979958E-5
229.0	27.608760678599857	25.37795614777083	22.43987643386587	24.57340673976345	0.0
230.0	24.904499114157808	24.183210645640358	27.937708487613612	22.97458175258823	0.0
231.0	24.885689110789116	25.160024376904104	25.033222090387454	24.91997762280626	0.001086799113063244
232.0	24.955833309198532	24.834111931208707	25.414740663792713	24.795177483703544	1.3661209650934236E-4
233.0	23.0205280621785	25.51382438028139	22.954840699148278	28.51033627888424	4.7057950759113947E-4
234.0	26.722698333382983	21.540143880686614	27.09785719063376	24.638092127931166	0.0012084673654793147
235.0	25.25536907414431	22.219392770596187	27.91150335214144	24.613592540187142	1.422629309179743E-4
236.0	28.04447060800345	24.333794018560024	24.123613000157924	23.498064631240577	5.774203802255461E-5
237.0	27.452817296017066	25.49682835837205	22.44602643670893	24.604240491704253	8.741719770186015E-5
238.0	26.35598351009895	23.08846669084396	25.180493364813156	25.374938014846833	1.1841939709724452E-4
239.0	27.074592074592076	23.94029742866952	24.699288652777025	24.28473765683068	0.0010841871306987586
240.0	25.04806033652106	22.22732985700816	27.675954101477735	25.048467693896626	1.880110964149104E-4
241.0	29.02165591505811	21.009908632244787	24.267175380908153	25.699063731519367	0.00219634026958508
242.0	25.84551738880314	24.33369903837388	22.334874743403947	27.48509149437139	8.173350476412025E-4
243.0	27.37297236017119	22.910448466220963	26.034627726744535	23.679778553860977	0.0021728930023397963
244.0	25.721187983829484	23.181590100765924	26.621233112319448	24.475168285085825	8.205179993246506E-4
245.0	28.5625570822481	21.120344801296042	23.9837026721531	26.33187694182459	0.001518502478164409
246.0	24.63417154427375	26.653351903423694	24.71128982463436	23.999094739791573	0.002091987876613287
247.0	25.101063741937452	23.527016605960664	25.261298367353678	25.96864927768962	0.1419720070585814
248.0	25.85282878921753	23.156256897914993	24.609407054432065	26.373015070294326	0.008492188141088642
249.0	25.809097012505966	21.445601978898893	28.344178305121094	24.386093333980032	0.015029369494017609
250.0	25.368799368795532	23.085318741632	25.8546068591056	25.690188069775203	0.0010869606916650576
