# Position (bp)	A	C	G	T	N
0.0	24.056879968833645	23.844358422404696	25.19227862590137	26.906428170416817	5.481244346610324E-5
1.0	22.884396946765296	30.072075602604738	23.588265915231347	23.379577435226512	0.07568410017211125
2.0	24.56215251254548	26.74856055277828	22.542017568714805	26.146301234926135	9.681310353084206E-4
3.0	26.17171424216075	22.138676061568354	24.731310379814296	26.951705956868803	0.006593359587800596
4.0	25.919301531065532	23.86965477692146	23.93504572125572	26.2758890765952	1.0889416208868804E-4
5.0	28.280637537468294	24.232334976355276	22.526820556771266	24.95937762386834	8.293055368244286E-4
6.0	25.264248946601285	24.150989547320208	24.10850339332704	26.470570669133846	0.005687443617615927
7.0	25.607195459548432	25.488420640297726	23.839605638884997	25.06389784579943	8.80415469414502E-4
8.0	27.03484807910493	24.614363073697067	23.825630778335636	24.525144550904372	1.3517957998893421E-5
9.0	26.164134012606343	25.59728445540189	22.28105800221563	25.957334597917242	1.8893185889111305E-4
10.0	24.84446835303095	24.959013851700252	23.11659210962716	27.079925685641637	0.0
11.0	27.43459929944852	22.71719120926787	23.019517975638788	26.82846940868595	2.221069588723238E-4
12.0	28.165665652768602	24.637375113767195	20.36597734654184	26.830943234420722	3.86525016414429E-5
13.0	25.35351932072928	22.879323562375145	25.20573712373883	26.561190695721535	2.2929743520627724E-4
14.0	26.73431611026019	21.809193483373747	23.802018031378037	27.654346529605945	1.258453820848276E-4
15.0	25.17036001582225	23.477158117152232	24.48002490612993	26.872419691148085	3.726974749994534E-5
16.0	25.997534148834333	24.611694484440566	22.112002379506016	27.27868337588013	8.561133895278009E-5
17.0	28.54929917283549	26.48218013244715	19.360426942204114	25.606845383495365	0.0012483690178816858
18.0	25.66034838169719	25.913381378728634	20.18128039172851	28.24478745954466	2.0238830100378642E-4
19.0	25.09955690632732	24.873367121051864	21.84134380207772	28.185057047866195	6.751226768969467E-4
20.0	22.72825389468657	25.63402797669217	24.21707786314677	27.420569685584233	7.057989026003396E-5
21.0	23.83048414643384	24.96216393244399	23.77184655766191	27.435096861149948	4.085023103139947E-4
22.0	23.003389331793652	26.720643371603263	25.944627034709423	24.331270865255785	6.93966378716884E-5
23.0	25.280311874314137	23.99702527114398	23.70733818663625	27.014910039444988	4.14628460650377E-4
24.0	27.97750472596261	21.628648897678417	24.647424882203108	25.746364462084337	5.703207152916786E-5
25.0	24.80182060491628	25.36941484543832	20.063234785415226	29.76515683765953	3.729265706452319E-4
26.0	26.124979448568713	25.422797586129743	20.038699061528654	28.41341152410763	1.1237966525918628E-4
27.0	25.36034992964599	25.070157863318425	20.26183078230473	29.307571758957778	8.966577307251653E-5
28.0	27.538027282080392	23.689743942242877	22.889275197786212	25.880259516798525	0.0026940610919927626
29.0	27.263678030869006	23.965607132219805	22.34236556523843	26.42793209034523	4.1718132753465926E-4
30.0	23.561358371008843	24.794253057477825	25.027128438554808	26.61706380693823	1.9632602029814725E-4
31.0	25.909545732863094	24.80028158152062	22.7872340310141	26.502320390092365	6.182645098274229E-4
32.0	24.20229197314799	22.490817118898875	24.85182987762538	28.454802978519982	2.580518077711872E-4
33.0	23.461637332219034	25.17526445941108	25.286566469300475	26.07639330373373	1.3843533568332642E-4
34.0	26.041957377135766	27.13165553120131	22.527002403147858	24.299331872078593	5.2816436475031035E-5
35.0	25.3576260396568	22.470676641709534	25.76825870286647	26.403198033164	2.4058260319999964E-4
36.0	23.722603706142415	24.839881269662097	26.25193616154015	25.185432540055814	1.463225995254967E-4
37.0	25.205372995976855	25.604197710571448	21.560021907567368	27.630376041596794	3.1344287534941044E-5
38.0	26.778215974289253	25.18904101118244	21.369771237187663	26.662856877842195	1.1489949845324385E-4
39.0	23.316858577417392	27.6262921314051	21.431747703347455	27.624861390442106	2.4019738794739634E-4
40.0	25.82503992208654	26.57844563396524	22.97959470506733	24.616836203487622	8.353539326740232E-5
41.0	23.901516013665653	25.03004317656033	21.751291151843382	29.312273840918063	0.004875817012571255
42.0	24.6025961964781	25.823169544514645	20.842033482275916	28.732127699134104	7.307759723783386E-5
43.0	25.83741856716202	26.009321462694473	22.326697548922333	25.82285671755868	0.003705703662498289
44.0	28.417954714610865	24.897184220680764	22.90105042589107	23.783612329063516	1.983097537817409E-4
45.0	25.66244549518905	24.57670621725576	21.960005681242436	27.797064851424135	0.003777754888618324
46.0	25.42865386351174	24.668092408524608	22.27396261105891	27.629280682102177	1.0434802570926657E-5
47.0	25.00513344665869	24.819578130849468	23.318577108751022	26.85498973101992	0.0017215827209020175
48.0	22.522312029308573	24.132476862381537	22.8732421809197	30.471968927390193	0.0
49.0	22.368075358481263	25.811756698222826	24.744450779990025	27.074100538815728	0.0016166244901505329
50.0	27.043552506389595	24.950647292476415	20.643224117556695	27.362471793424568	1.0429015272562835E-4
51.0	24.75280035511536	26.958548915378877	21.416763893434943	26.869540672210356	0.002346163860463521
52.0	22.820367200231708	26.24963275709891	21.742132676183186	29.18785695931932	1.0407166874653897E-5
53.0	22.895412099690574	25.194256463629376	23.90092790466122	28.007886431069895	0.0015171009489362525
54.0	22.916670563236128	28.434129792131007	23.011102625248732	25.638013892568985	8.312681515194023E-5
55.0	24.09991498917714	28.104694177764493	22.747933888582523	25.045974076987576	0.001482867488265126
56.0	26.753553069936824	25.110832058778914	24.795047398286307	23.340567472997954	0.0
57.0	22.689363135062013	27.539677833122315	23.23355833785015	26.532413879476263	0.0049868144892568885
58.0	25.13299150253885	25.78658972933955	21.911971780247605	27.16818782095879	2.591669152077384E-4
59.0	27.55741945354729	22.570400467867973	24.511219149748225	25.358234739611614	0.0027261892248977575
60.0	23.839218208812643	23.699846252011117	23.406012162185238	29.054892327245685	3.1049745314464056E-5
61.0	25.216896802419598	24.383657903656044	22.823102059191072	27.570433959188744	0.005909275544551125
62.0	24.929871693683324	22.264028481193755	25.329960317111265	27.475880798798848	2.587092128109905E-4
63.0	25.979998733415922	24.055991294511013	22.72996882795856	27.231640429198155	0.002400714916345433
64.0	25.006751737526333	22.110643775848512	23.879010103326898	29.00355305667224	4.132662602192997E-5
65.0	23.941509378214825	26.002600887169475	23.87648719897799	26.17465035857242	0.004752177065290987
66.0	24.111409841633797	24.005327563768684	23.619923179447746	28.2628022373867	5.371777630719626E-4
67.0	26.5788318370526	25.149653897922352	21.393353972400668	26.877488851494785	6.714411295912369E-4
68.0	23.44301515039299	22.624597885157147	26.980158977329104	26.952104033022202	1.239540985577631E-4
69.0	23.18068865389625	25.248862823890416	24.944589842955146	26.623018192132204	0.002840487125982731
70.0	25.850143108330048	23.56704204174004	24.531993110336217	26.050481361569854	3.403780238332692E-4
71.0	24.54101982152408	23.20290825560938	26.039344288605026	26.215770862938804	9.567713227034324E-4
72.0	27.43936492267836	25.964549245063367	21.882376637242498	24.712145593518954	0.0015636014968192539
73.0	25.240740883598576	23.155034753025944	22.82388457315364	28.776400342515952	0.003939447705888857
74.0	24.717747347429295	25.70329570307458	23.65247145590688	25.92558043384245	9.050597467992512E-4
75.0	25.481660153138613	25.035025575380498	22.084259044147085	27.396741271682153	0.0023139556516515625
76.0	26.382704997395614	24.4193906498018	25.566751834256912	23.63021668630029	9.358322453854986E-4
77.0	23.83959397795113	25.312631177786017	24.41062161380067	26.436453958383847	6.992720783332809E-4
78.0	27.427316547884107	26.158916630641826	20.476222990112262	25.936937133333306	6.066980284987658E-4
79.0	27.34951104702014	21.226837946395428	23.022311622358142	28.398665880519474	0.0026735037068128893
80.0	23.897133747679558	23.876723532166192	27.928238710477444	24.295199784649093	0.002704225027715736
81.0	25.150243813964796	25.211102197872926	21.827482984020534	27.81069803815766	4.729659840807875E-4
82.0	22.859609850748356	22.73113112684971	24.014016272052462	30.394008959787065	0.0012337905624069773
83.0	25.336012080889645	22.37657246703726	24.1536468239754	28.132925564924292	8.430631733967098E-4
84.0	23.216241234233134	26.009823745014415	24.96232154393462	25.81049288972066	0.0011205870971694998
85.0	25.19636139790482	27.24312133717784	21.40171670501853	26.158183750104858	6.168097939526323E-4
86.0	25.136131739935873	25.398233718236828	22.659408363147087	26.8043347105072	0.001891468173015472
87.0	22.178456565198047	22.36392522949473	25.974761541757225	29.481982926562512	8.737369874864416E-4
88.0	24.62871593712524	27.153586328831793	25.490482474754945	22.72657797204303	6.372872449938775E-4
89.0	26.248063800285948	26.100218827827003	22.987436672008023	24.66331452722808	9.661726509413503E-4
90.0	23.85402589991708	25.638617673431146	25.123398522342267	25.38376262095748	1.952833520325708E-4
91.0	26.39497199279863	25.406433562638732	24.08937925772309	24.108639636564668	5.755502748817835E-4
92.0	25.320286623113912	24.574469626687605	22.901740948785694	27.203482246996458	2.055441632703063E-5
93.0	26.260082157689652	26.224945419357333	21.220020726462085	26.294622835529648	3.288609612852544E-4
94.0	27.563504808116218	23.724914544872703	23.522465382734765	25.18499434478305	0.004120919493264609
95.0	23.7806376881175	26.631009360453934	23.99186653337652	25.59408176955822	0.002404648493826836
96.0	25.939072450805746	24.63509687591711	23.87655955470536	25.548109955748394	0.001161162823388984
97.0	25.41714840935517	25.165402319023332	23.2372533247952	26.180000715164404	1.9523166188999868E-4
98.0	27.770843910093095	23.133643081481353	24.51878632895426	24.576695854670515	3.0824800771606415E-5
99.0	21.862293195814864	22.464083743817064	26.840160461042995	28.833442053736984	2.054558809177714E-5
100.0	22.47387500475093	25.085162399729633	24.668035620184224	27.77292697533521	0.0
101.0	23.539877421605336	22.446588171682066	28.412413805004455	25.60102815638134	9.24453268065563E-5
102.0	24.910785450655332	24.35504036650823	24.532200804977748	26.201891197439586	8.218041909753778E-5
103.0	25.695140640792815	25.847706934663456	25.249182368747586	23.207744077309293	2.2597848684805205E-4
104.0	25.647585236479227	27.203309999362133	22.969185948752365	24.17957985293343	3.3896247284833557E-4
105.0	27.088356101274407	23.512691452394716	21.056422467911208	28.33903751653912	0.0034924618805489698
106.0	25.482313163867527	23.720398677976075	25.031904263379246	25.765311992058653	7.190271849798098E-5
107.0	26.03467423646668	24.114418858432742	22.654539127205016	27.195607675310473	7.601025850883486E-4
108.0	23.423674824450487	24.85101567546288	24.98856099881404	26.736584169942425	1.6433133016865428E-4
109.0	25.736301201037865	24.742289958048303	25.413580814944204	24.107109112211344	7.189137582839405E-4
110.0	24.268799399912027	24.177839323857615	23.275961491753463	28.277297085960406	1.0269851648911975E-4
111.0	24.454098332034167	24.35634758514164	24.672337812120972	26.516487094087402	7.291766158194353E-4
112.0	25.60608002523896	23.792974828412888	23.746206351475475	26.854564208990396	1.7458588228721472E-4
113.0	27.782809230949656	22.197078078420084	23.033112872501974	26.98616799380301	8.318243252749411E-4
114.0	25.99883747440287	22.755298631465006	26.915753864986826	24.32978140000123	3.286291440648549E-4
115.0	26.967864185358643	23.716796072631666	25.923640210336046	23.391083312792706	6.162188809465122E-4
116.0	26.87221918791917	24.670431210866305	24.637812738335146	23.819434159880224	1.0270299915352189E-4
117.0	25.846307301385547	26.5012286965423	24.19095876125287	23.46076577368136	7.394671379263349E-4
118.0	26.472982109330285	25.18789675894587	24.713626965892402	23.62514497739159	3.491884398496723E-4
119.0	26.88772928974484	21.314361398494643	24.6401808908934	27.157163547642128	5.648732249885946E-4
120.0	25.154213498320704	24.009990524632975	24.96133750361771	25.874366040843288	9.24325853209249E-5
121.0	27.441867343881764	23.673480412692584	24.208834189763124	24.67516074940491	6.57304257616436E-4
122.0	26.157489142649858	24.13427229410473	24.68267041002095	25.025023822185744	5.443310387212452E-4
123.0	24.194106793758323	28.17026735155937	23.241463703956278	24.393422688448624	7.394622774103004E-4
124.0	25.34681725917311	24.72024770284532	23.065776657449426	26.867035137110364	1.2324342177965966E-4
125.0	26.290709553262122	23.98685902547974	24.244919287742583	25.476577541886392	9.345916291606146E-4
126.0	24.004028029829193	23.97034129387877	25.20806181105233	26.817435350737462	1.335145022425301E-4
127.0	25.462442744438203	23.301153445573185	27.9627028394363	23.272684212218213	0.0010167583341061724
128.0	25.95191765928423	23.878220105879663	24.587227271952326	25.573576465324955	0.00905849755882734
129.0	24.410349696429666	26.556724866557634	22.328051098575834	26.701711077616153	0.003163260820714182
130.0	25.9559817886418	24.778101836983303	23.84181642779211	25.424038323182074	6.162340070585497E-5
131.0	26.070644194134935	24.734074676004933	24.29345740716852	24.901115054092983	7.086685986273602E-4
132.0	26.541991994325738	25.546007156095857	22.14029875334229	25.765971139394328	0.0057309568417867685
133.0	26.60295174907052	25.696392991393303	24.20477374032003	23.493899307766572	0.0019822114495819895
134.0	26.5007301246193	23.150845656646908	21.18128596831738	29.167066357430972	7.189298544249209E-5
135.0	25.851496003553535	24.328568750946797	26.02277448128359	23.796657517504514	5.032467115651742E-4
136.0	27.62925255131254	26.2378917605687	24.632443072081735	21.494424933408858	0.0059876826281715844
137.0	28.695243142426367	21.642911136034048	24.146207947678263	25.515432365036133	2.0540882518476524E-4
138.0	24.854080318317184	24.399360555789823	26.92281543596798	23.822511303550524	0.0012323863744897663
139.0	26.034696126468738	23.850998910354303	25.13654462155609	24.97658956302229	0.0011707785985780176
140.0	26.625211833226643	21.834784615379878	25.385859723243954	26.153866536003868	2.772921456588939E-4
141.0	25.401259352687667	25.38650107267123	25.164048501233506	24.047800805738415	3.9026766918899395E-4
142.0	28.751349894088197	22.935171705500995	23.549321522562426	24.7638795814879	2.772963604852686E-4
143.0	26.45090214155533	25.885396051450236	24.011933110005174	23.651604374350796	1.6432263846287673E-4
144.0	27.819747017862884	25.77569662108847	22.676720387088572	23.727322463130694	5.135108293785296E-4
145.0	27.812528756597587	22.507008393640028	22.8769722917858	26.802381374926874	0.0011091830497111195
146.0	27.263964847671566	21.617554309038994	24.97055764493203	26.14347616260458	0.004447035752832315
147.0	25.87700960774823	25.170716718032395	26.242449320054963	22.706199021324455	0.0036253328399594247
148.0	24.472687375646654	24.95141406310097	23.62021639189838	26.955220008563323	4.621607906687888E-4
149.0	27.67039624315205	25.251253687989728	23.828878714526	23.247263207873985	0.0022081464582409207
150.0	25.855246623562284	24.10177600433995	24.76986898500378	25.273067304649636	4.1082444352031764E-5
151.0	26.310343216124014	24.340916478923944	25.893849656208705	23.45432575155719	5.648971861444073E-4
152.0	27.52474393309522	24.121217412292754	23.190949264216883	25.16295586841923	1.3352197591982517E-4
153.0	25.19248587406402	23.28372689504465	24.974443233267625	26.548625029002682	7.189686210253745E-4
154.0	23.224181422294137	24.63383587700209	24.85382348382596	27.285498987623562	0.0026602292542432454
155.0	27.266363677735413	23.828958669963445	23.931852042699518	24.972681788992773	1.4382060885632927E-4
156.0	25.703172657171518	23.756363877686162	25.97904427650115	24.561172636214565	2.4655242659980163E-4
157.0	25.174808867248817	23.10367885280387	26.1432702810903	25.577902988051516	3.390108055071381E-4
158.0	25.167621172913137	21.40241789528933	25.99225621771434	27.43754034183059	1.6437225260768873E-4
159.0	26.94274579066951	21.842421684652695	24.31359137163787	26.900665841231202	5.753118087269048E-4
160.0	26.55346196896451	21.464962688886388	25.915143221561802	26.066391026223855	4.109436344574183E-5
161.0	24.566903732698417	21.163539603896822	28.398024364121095	25.867679655214037	0.0038526440696249834
162.0	25.1370840578114	24.07483928607387	24.624079616629015	26.16391484863939	8.219084632325414E-5
163.0	25.384742072218934	24.21050446980025	26.814270606949876	23.590431480511718	5.1370519219303726E-5
164.0	25.46927715305896	24.122190062448365	24.50182631235731	25.904733802041118	0.001972670094249451
165.0	26.51852877799702	22.184927343484464	26.716378406525504	24.579569539376966	5.959326160496572E-4
166.0	24.982614714116853	23.576667055746352	25.608238406110413	25.832294874176565	1.8494984982072194E-4
167.0	26.631104520302003	23.766041164311275	26.25153474527672	23.35093938381666	3.80186293338797E-4
168.0	25.79000763786825	24.216162871863123	23.89680688195255	26.096858198398177	1.6440991790499018E-4
169.0	26.52388487563008	22.68285041154528	25.4012924841029	25.391684503087035	2.8772563469962935E-4
170.0	31.066143280829305	23.1086479819197	23.081950494967092	22.743032166566834	2.2607571707363892E-4
171.0	25.229912572952212	23.587627793861785	26.87467392250431	24.307086927314916	6.987833667773108E-4
172.0	27.0369405919185	24.55010834667443	24.177553979448287	24.235263542563885	1.335393948919127E-4
173.0	28.445610858650163	20.502197264546627	23.34734694468724	27.703365742313423	0.0014791898025476786
174.0	24.307959668225777	25.924673864161413	23.722220749879764	26.04469374283902	4.5197489402729556E-4
175.0	25.582510274305754	24.05592312301503	23.46634279503234	26.89355966134006	0.001664146306812491
176.0	24.39832553420622	24.605995207212008	27.75546528742089	23.238724379145754	0.0014895920151293237
177.0	22.70654092229661	26.590775390053917	24.199370045281206	26.47838915042825	0.024924491940019305
178.0	24.948722379273384	23.496142390191515	23.856025713700447	27.69877050822322	3.3900861143510975E-4
179.0	28.121205757683416	24.209703438578813	22.82866858348355	24.83911744780756	0.001304772446657923
180.0	26.335809657468435	22.561637482337535	25.368618815099037	25.733707454690418	2.2659040457613741E-4
181.0	27.576273890589015	22.62702448831461	26.090671953610535	23.705266492848487	7.631746373553977E-4
182.0	25.888197635734805	23.41780250511188	25.16105343832426	25.532833001099448	1.1341972960942678E-4
183.0	23.830035750167863	24.808638854014927	25.869245039602344	25.491606051957348	4.7430425751999095E-4
184.0	26.230577361109248	22.166725612981526	26.09220990937391	25.506280102576902	0.004207013958418616
185.0	24.742430661110188	24.680839393914713	24.59254551841052	25.983638002533553	5.464240310278123E-4
186.0	27.18275276714417	23.42341450619499	25.00362931197318	24.390172483051526	3.093163613507969E-5
187.0	24.543916724647076	22.671898223785988	28.027016081482763	24.756528759004517	6.402110796581603E-4
188.0	27.33025381071304	27.80935529947483	22.438802645916585	22.421092568252472	4.956756430771874E-4
189.0	25.302770435197132	23.905253239513534	24.65570422474121	26.135332332842175	9.397677059464782E-4
190.0	28.9526544369095	21.60567021835075	24.995917871604593	24.44545796213334	2.99511001813694E-4
191.0	26.578314314740048	24.180829679969236	24.61005901993927	24.630445319105053	3.5166624639102514E-4
192.0	26.870544202227624	23.879047138995496	24.086099540103074	25.16421602422359	9.30944502157257E-5
193.0	27.53608045748827	24.445971823782312	21.943427216472195	26.074292912620788	2.2758963643693526E-4
194.0	27.67866980186256	23.458890487017143	24.201232153089812	24.661207558030487	0.0
195.0	26.289794805548212	21.89569605374591	24.62003355498107	27.193854772013925	6.208137108777426E-4
196.0	28.43371692699569	22.40719693788619	26.06871342573671	23.090258661857593	1.1404752381053098E-4
197.0	24.42749587677988	24.312756032396766	24.456084918891424	26.803020255497067	6.429164348624547E-4
198.0	27.3071276828319	23.474934271235078	23.925353517676793	25.292491056577887	9.34716783411062E-5
199.0	25.888792316686438	23.05546586815456	25.680937212587718	25.374221909047577	5.82693523704857E-4
200.0	27.348257433389595	23.841115079461296	24.137098896556765	24.6734765595448	5.2031047550445925E-5
201.0	25.455518969636927	21.467180904648124	28.28594739953211	24.791061333910566	2.913922722769392E-4
202.0	25.268936780589364	25.046680999415194	28.022681225886082	21.66169058643991	1.0407669453250778E-5
203.0	25.783608586263185	24.877380516991828	22.727295914675807	26.610986235115213	7.287469539678658E-4
204.0	25.736082885115692	23.621318830721734	24.319250419828244	26.323254158483454	9.37058508787995E-5
205.0	27.552682009790626	24.47794870620158	25.120997992000277	22.847423778527578	9.475134799410876E-4
206.0	25.46624553617963	21.69614812641121	25.899004284163734	26.93849791956527	1.041336801540262E-4
207.0	26.081430276350442	23.519058724820507	26.655490072345135	23.74366681931463	3.541071692849941E-4
208.0	28.05125709421467	22.7424449556441	21.840650011520744	27.36556460594687	8.333267361633386E-5
209.0	27.250658361712055	20.769224438078368	25.077723510897126	26.901633149612643	7.605396998076877E-4
210.0	24.589938449217037	24.59370012330163	24.839646919475477	25.976266441563645	4.4806644220969275E-4
211.0	24.93538625609879	25.72381099193992	25.272304314187526	24.06767503401231	8.234037614543019E-4
212.0	28.019825074467068	22.47542120150178	24.798881307413048	24.705559606447267	3.128101708350186E-4
213.0	29.70661888852816	23.073124838817638	22.500765746630087	24.719135820500643	3.547055234744115E-4
214.0	27.81259196598708	24.904339714095983	24.1677870923	23.115229029823627	5.219779330696927E-5
215.0	25.6305385139741	25.120546435327984	23.06462452238588	26.183966225656903	3.243026551390673E-4
216.0	26.112367171602983	24.46560143345849	26.06177141154669	23.360217723412664	4.225997916583027E-5
217.0	28.957453565900167	23.060407263449363	25.322726456302902	22.658763252873573	6.49461473998597E-4
218.0	24.391155598769764	24.5707450965135	25.242792426460465	25.794952213179933	3.546650763341345E-4
219.0	26.17848405219037	23.073717978942923	24.661989941778863	26.085103472511044	7.045545768027898E-4
220.0	27.8828240923323	21.71553172343017	25.033946979089272	25.367348584053634	3.486210946266595E-4
221.0	25.58422518499276	22.813425759136205	24.476353004313975	27.125787615194003	2.08436363061917E-4
222.0	25.674679242678224	25.015719460453827	24.1364490162637	25.17298608366553	1.6619693871886758E-4
223.0	30.4954385917758	22.528820977326227	23.896661089496778	23.078362596676545	7.167447246468352E-4
224.0	29.64749014587153	22.999283795419455	24.56103418189935	22.79209082897733	1.0104783233874197E-4
225.0	30.173413784932222	20.08383316412336	24.12731739858211	25.61453249672521	9.03155637085422E-4
226.0	25.229504065412577	22.510125170967964	25.82842956119829	26.43175866926944	1.8253315172805844E-4
227.0	27.295303684313062	23.853478627979648	25.544385454544617	23.305449747391048	0.0013824857716292491
228.0	27.283661788779725	27.913692127774443	22.783283057670708	22.019282013773196	8.101200192808565E-5
229.0	27.20518359236562	25.488180428421643	22.152085986133972	25.154549993078763	0.0
230.0	25.867798718622538	23.02897973053213	27.220135192494688	23.88307460043669	1.1757913957937238E-5
231.0	24.826945341575453	25.139230595652034	24.381956994729347	25.650403955779748	0.0014631122634144495
232.0	24.916270041630824	25.352303391746634	24.388596959943712	25.342566445982502	2.631606963279872E-4
233.0	22.87384175625881	25.222527123224562	22.454416372663626	29.448718744370815	4.960034821863979E-4
234.0	27.309826408152095	21.656528828139983	26.167465091243002	24.86501391000044	0.00116576246448566
235.0	25.420170807088894	22.65381835534676	27.187351844245317	24.73838573774843	2.732555705942725E-4
236.0	28.34999537369527	23.920701989814578	23.680134143954238	24.048929309434325	2.3918310158798695E-4
237.0	27.65408089055144	24.155882120595848	22.643711367117003	25.546122085730126	2.0353600558299263E-4
238.0	27.175395913768863	22.743062598594495	24.37474234551259	25.706721869925392	7.727219866064099E-5
239.0	27.28025453591194	23.80664096414485	24.166785256866373	24.744896160680362	0.0014230823964707557
240.0	25.53152904020838	22.16220866524377	26.072324219688753	26.233763051523773	1.7502333532276522E-4
241.0	29.319045651516003	21.399964545914727	23.468164455729237	25.81035838957569	0.0024669572643466037
242.0	26.699800094624486	24.32170813545051	20.918967752984432	28.0585650762162	9.589407243622134E-4
243.0	27.750627315334025	22.983044313227612	25.050365939021034	24.213173913049364	0.002788519367959073
244.0	26.743866463397925	22.820321230812308	25.65344036143418	24.781408778268585	9.631660870034709E-4
245.0	28.670681185462506	21.165770384308917	23.231500112510883	26.930186724585315	0.0018615931323791104
246.0	24.495377331885905	26.97133031144076	23.35978578171599	25.17100224409822	0.0025043308591270338
247.0	25.405302630419595	23.70259648468114	24.560939767982298	26.192079798332767	0.13908131858419392
248.0	25.895623215140322	23.201868440438002	23.79253538656058	27.099445571295057	0.010527386566044331
249.0	25.66958038820793	21.347175782326083	28.28049150849096	24.685999027130883	0.01675329384414396
250.0	27.24892475124924	22.371252821224388	24.24588507407635	26.13290821031185	0.0010291431381675433
