# Position (bp)	A	C	G	T	N
0.0	23.890424255496985	21.960041522304756	26.949458727098698	27.200075495099558	0.0
1.0	24.951762872191765	29.39723745028485	25.21296893475223	20.366010964205095	0.07201977856605396
2.0	24.45431228981312	24.831318377250863	22.65841173215274	28.054760333744838	0.0011972670384402537
3.0	25.42809641455548	21.077427474453756	24.541536482386416	28.942174922487474	0.010764706116878128
4.0	26.25583479964145	21.023604793997546	25.27724843132698	27.44317917731815	1.3279771587928688E-4
5.0	29.117555769552173	23.17583359198627	24.034428695354592	23.67112080285871	0.0010611402482537612
6.0	30.235816386435445	22.63705384529126	23.56026675285783	23.56171793062051	0.005145084794955178
7.0	26.408781797785615	24.929148293443767	22.023011845221735	26.6385320183958	5.26045153085715E-4
8.0	30.3656810844689	24.09308962477975	23.628876599222416	21.912221298088358	1.3139344057665954E-4
9.0	28.962681498614096	22.07065104801764	21.984507223231823	26.98176687933833	3.933507981087694E-4
10.0	25.665773597018156	22.144939308384156	24.38787608822393	27.801411006373765	0.0
11.0	24.88442400064921	21.154819670526283	23.56230412621453	30.39832339124263	1.288113673455455E-4
12.0	28.351534406668844	26.908941851912388	18.186984104282445	26.55253963713632	0.0
13.0	27.367332509731	25.349548738051688	23.512672321174716	23.770194821369714	2.516096728822643E-4
14.0	24.2027371897518	24.213620896717376	23.855709567654124	27.7279323458767	0.0
15.0	24.352521510039228	26.505279379514146	20.506902687409205	28.635175461197253	1.2096184016828212E-4
16.0	26.11992903040184	23.87072024551645	18.848422365013906	31.160808477989832	1.198810779706531E-4
17.0	26.50627687813699	26.02348468163535	20.05135100673475	27.4172646025803	0.0016228309126105553
18.0	26.362793629178437	23.67079027998859	21.52073001297351	28.445571064471903	1.1501338755831178E-4
19.0	25.81289359245542	25.376878943097736	24.989412384468743	23.820011683677627	8.033963004748072E-4
20.0	22.512992509397385	24.66585814273102	25.568507613473983	27.25264173439761	0.0
21.0	25.32389013646571	22.437528014027052	21.281628330493827	30.956501907494154	4.5161151925502167E-4
22.0	24.51954264874059	24.008934801363406	22.92563472088777	28.545776366915376	1.1146209285684031E-4
23.0	23.88783961126481	24.52871178264879	22.78731733702206	28.795355394764844	7.758742994963467E-4
24.0	29.52998200914398	21.199060294125736	21.23603232852293	28.034925368207354	0.0
25.0	25.977536129752703	25.154005442501383	20.694298383512038	28.173834795147286	3.252490865921485E-4
26.0	28.620612796492615	25.694800599855878	19.817965813408467	25.86662079024304	0.0
27.0	25.11407526588728	24.465522237648514	21.715821752801602	28.704148230806158	4.325128564446578E-4
28.0	28.49070091659236	25.62167302635055	22.29925484415989	23.585675670138887	0.0026955427583165584
29.0	29.89922473173028	21.7058036776942	22.908787761371507	25.485436634120983	7.47195083029385E-4
30.0	25.927968474322	21.230917139446188	25.45793582876401	27.382861610302893	3.169471649076099E-4
31.0	28.68678063267387	20.719889734827458	24.041248124077867	26.551026137320665	0.0010553711001399422
32.0	23.218852891608783	20.605542653532627	26.8229413350627	29.352454929376602	2.081904192850949E-4
33.0	26.106093123555716	23.3985414382839	24.549744983299107	25.94541458870515	2.058661561185995E-4
34.0	30.40677492372396	26.05921937814247	20.007222124181773	23.5267835739518	0.0
35.0	27.47018821496766	23.64589476975364	23.527226252846166	25.356284711048758	4.060513837723594E-4
36.0	27.653961473484483	22.074871519093303	25.267590342497375	25.003373733581586	2.0293134325329382E-4
37.0	25.2846165081632	26.51903664513616	20.29125012171768	27.904995293583045	1.0143139991560909E-4
38.0	26.25266840757549	26.088177876936335	20.98237963643739	26.67677407905078	0.0
39.0	24.326738616407297	23.427772437652344	20.628059587688238	31.617023779105374	4.055791467425911E-4
40.0	26.093444906516567	24.41335877320865	23.935347300933312	25.557646257317174	2.0276202429494577E-4
41.0	22.907421110784483	24.36285491277331	21.614276591215496	31.110277645436945	0.005169739789763915
42.0	24.438396707868986	26.026180955711308	20.94283875349054	28.59248222421561	1.0135871355520754E-4
43.0	25.32838230480242	24.911855409427698	25.928748564705074	23.827466655045804	0.003547066019006193
44.0	32.566328458995066	23.11583401647027	21.089931895722735	23.227804298240194	1.0133057173748492E-4
45.0	27.850900967076836	22.807916960065654	24.61714598351562	24.720084701543573	0.0039513877983171145
46.0	26.992989281300023	23.595424796871516	24.15709278058071	25.254493141247746	0.0
47.0	28.432359716282168	21.92360445633918	21.640068964259736	28.00204218489472	0.0019246782241905715
48.0	21.73965440240458	23.390473837129814	21.844976297510048	33.024895462955556	0.0
49.0	20.467753352053457	23.937828661234253	25.18305791526122	30.409233551622282	0.002126519828784775
50.0	26.322024716609544	22.361393081171936	23.406963380738055	27.909618821480464	0.0
51.0	22.030438762038216	30.68549987445428	20.783182543475267	26.498448902892413	0.002429917139825532
52.0	21.512694866684416	27.40305632344352	21.39315065303937	29.691098156832695	0.0
53.0	26.00054957488766	21.997037952995182	24.35717922606925	27.64321275013739	0.002020495910516277
54.0	23.75894978423545	30.452903528194852	20.549553116868424	25.238492557335185	1.0101336608860086E-4
55.0	25.098948542730366	25.686850390608875	23.53570756137025	25.676681168715447	0.0018123365750664776
56.0	27.728695827251222	23.972315900739922	25.206624049932046	23.09236422207681	0.0
57.0	22.740235124059698	29.749565395955237	22.684368246273277	24.820496198535785	0.005335035176000797
58.0	26.03272887212309	24.06323945178787	22.739510667228956	27.164219063425655	3.0194543443405863E-4
59.0	28.471606491382563	20.67047427349352	26.16771920996352	24.68728141904642	0.002918606113976601
60.0	22.46495008537961	20.938883896811923	26.516280487866233	30.079784905770495	1.006241717372864E-4
61.0	26.598548077938933	23.42836731716397	23.887689854153777	26.07885456127906	0.006540189464257864
62.0	27.65950382289997	20.294522773899036	23.5860703365299	28.459601219061874	3.0184760921601124E-4
63.0	29.862231125322086	22.604740263464233	22.70183145170946	24.828883069007183	0.002314090497036455
64.0	22.766871819840773	21.861488410086373	25.19269576904273	30.178843402873483	1.0059815663937774E-4
65.0	23.120542976047126	26.7975217211544	23.093382102191278	26.98302043000693	0.0055327706002653715
66.0	23.716543005214703	23.50228143307796	23.303511073198997	29.476859750209233	8.047382991051311E-4
67.0	26.01767330044108	27.518244136980652	19.829402859715035	26.633874999371326	8.047034919102152E-4
68.0	23.101867730971907	19.54866269496812	26.36539291350542	30.98357374414228	5.029164122747814E-4
69.0	23.753764204402586	23.281440787581193	26.256193210049144	26.705584399648373	0.0030173983187056566
70.0	27.194295971882116	22.403294498609693	23.068228100785912	27.333779170039772	4.0225868250225015E-4
71.0	22.06497801220731	22.72636600477747	26.203314157291658	29.00423917826702	0.00110264745654316
72.0	24.908367635960175	24.89904654232528	23.310351325048583	26.879929279960553	0.00230521670540433
73.0	23.76394687211267	23.55731169843691	23.495180850871936	29.178149182177666	0.005411396400820127
74.0	25.00794079423974	23.57639344656522	24.670870361148324	26.743993803675508	8.015943712043254E-4
75.0	26.426497434057993	21.913305025479072	21.74648372765947	29.91110879554021	0.0026050172632490175
76.0	25.72459049241096	22.921104042478586	25.430446325702547	25.923057656664827	8.014827430746881E-4
77.0	25.555980750043076	22.606878533733507	21.842530223313926	29.993508549080577	0.0011019438289142046
78.0	25.140460552346283	28.552282177211186	19.51572787564746	26.791228890849954	3.005039451159595E-4
79.0	26.244999268796438	21.240361635251624	23.624185409183514	28.887448740627068	0.00300494614134866
80.0	22.36848167266594	24.034657580619637	31.33844924252895	22.255707323522163	0.0027041806633054705
81.0	25.121478816818353	25.09503989873093	21.38007146519677	28.40270878733496	7.010319189847456E-4
82.0	21.990446338263716	24.109376408263817	21.6929208768539	32.20625494457073	0.0010014320478283947
83.0	23.48008427731402	24.08102078092705	24.41708858731354	28.020804960505025	0.001001393940364988
84.0	24.70498351312191	26.328738235638692	22.308503383990555	26.656873671361897	9.011958869419719E-4
85.0	26.9712443429853	28.384496776002244	19.602607232968882	25.040650406504067	0.001001241539508991
86.0	29.77631074415247	20.25157157145131	24.048872643393693	25.921242720312843	0.0020023206896793385
87.0	21.386793727696336	24.993218184275197	23.182698612105167	30.436188369311157	0.001101106612145206
88.0	25.65971749557586	27.47751895774445	24.873281391382335	21.989181874234283	3.0028106307503826E-4
89.0	24.492759715432996	26.193936336740293	23.68515871776702	25.626844100679392	0.0013011293803021021
90.0	19.519286295475997	25.472461946334047	28.421777435719854	26.58627415853584	2.0016393426216072E-4
91.0	27.51205940633694	24.29324873401253	25.73117031284402	22.462921078441184	6.004683653249534E-4
92.0	28.088783480188333	24.57006759833281	20.817384429867356	26.5237644916115	0.0
93.0	23.43255921932163	28.368036376153764	21.57042276071311	26.628781510923254	2.0013288823778988E-4
94.0	27.766126062663098	22.999051408078643	22.070872224267944	27.159647620114953	0.004302684875362226
95.0	22.506951469288964	28.023901647840916	22.888469315979425	26.577875967177256	0.002801599713436372
96.0	26.18024462842993	24.8574501613347	22.421371219890442	26.53993346506916	0.0010005252757697791
97.0	23.99419753395193	27.672860965910512	24.321336568041417	24.01150488957807	1.0004251807017982E-4
98.0	26.881189059738087	22.241551267597462	25.9136475175737	24.96351211977828	1.0003531246530024E-4
99.0	20.336131427748345	23.88149576684858	28.481847062400973	27.300425715794695	1.0002720740041292E-4
100.0	20.600781958737624	25.249225592795337	23.987269415691383	30.162723032775652	0.0
101.0	24.122391176505886	18.871040008961113	31.183566762278524	25.822702015049863	3.0003720461337205E-4
102.0	23.740699255940477	26.008780702456196	24.46905752460197	25.78146251700136	0.0
103.0	28.07795615591231	23.816647633295265	25.273050546101096	22.83194566389133	4.000008000016E-4
104.0	26.194028507486866	26.366225407942657	22.953986828237092	24.48545926173329	2.9999460009719827E-4
105.0	26.803377370338815	24.218653131587054	20.38441385985753	28.590455849002268	0.0030997892143334255
106.0	25.64499195072443	26.404223619874212	21.993520583147514	25.957063864252216	1.999820016198542E-4
107.0	27.117308626816545	25.12653557494446	20.28618737463929	27.46896853758671	9.998860129945186E-4
108.0	23.011295181475784	24.44386453780941	25.74435515881943	26.800285154090194	1.9996780518336546E-4
109.0	25.344664683680357	26.74301997150499	24.49741295273327	23.413902567050766	9.998250306196416E-4
110.0	27.38593567388855	25.169583112971093	20.686790362780393	26.75749089974776	1.999506121987869E-4
111.0	27.43114047233672	21.893485800206147	25.46285419505509	25.21161976724075	8.997651612929025E-4
112.0	24.530859643282376	22.670593539654117	25.35402339528555	27.444323479161483	1.9994261646907337E-4
113.0	28.927190425348993	21.302938694881977	23.923731490700863	25.845139696973334	9.996920948347908E-4
114.0	25.780169884447783	22.590312967659575	26.33878721658018	25.290230094759014	4.998365534470228E-4
115.0	26.838891676779713	21.909056557752322	28.112935569066273	23.138316482699196	7.997137024945069E-4
116.0	25.439316406777152	24.684988719072415	25.577766426320096	24.297728520004277	1.9992782605479423E-4
117.0	25.214942676954728	27.10711797381603	22.74278951161705	24.934050258750897	0.0010995788612961235
118.0	29.103362378585217	20.954764777442463	26.461900473114063	23.47947256728106	4.998035771941626E-4
119.0	26.10089863156106	20.670225207664856	25.106406373386914	28.12187003328635	5.997541008186643E-4
120.0	26.345413399757707	22.828746666453426	25.37923465369099	25.44640536725987	1.9991283800263086E-4
121.0	27.183974970887665	23.33894755781235	25.935318136610576	23.540459899943524	0.0012994347458855399
122.0	30.668675114274606	21.015532150321707	23.56480791970741	24.750185168340764	7.996473555162173E-4
123.0	26.148380931818814	28.55859151663448	21.865316876771697	23.427010991032056	6.996837429481874E-4
124.0	23.614999495245815	26.159560294136757	21.448154748637414	28.77718551065631	9.99513237053555E-5
125.0	28.320223090685566	23.5738488140811	24.17315515397455	23.93137362692281	0.0013993143359753721
126.0	24.34197834798158	24.97588611650029	26.99875357460211	23.683182053073534	1.9990784248461458E-4
127.0	25.99696547477926	20.75741189781766	24.919389176860047	28.32493408203613	0.001299368506905644
128.0	27.898546016813714	21.293902106261616	25.815572922549183	24.983183290637715	0.008795663737777275
129.0	22.569021731525403	28.85459208661425	23.96834725662231	24.604340707778853	0.003698217459184673
130.0	26.184869413987144	24.487101320353027	23.575647932513068	25.752181431098762	1.9990204799648172E-4
131.0	28.348913705096695	21.744688464194798	24.401830664530426	25.50376757476929	7.995914087901082E-4
132.0	23.840131611167358	28.15017745718989	22.221178323736684	25.78331532608446	0.005197281821607299
133.0	30.6028274872943	24.70218433138271	21.366868725232003	23.32602057899024	0.0020988771007510983
134.0	27.54120741833475	22.40072440302714	22.37873645242407	27.679231780984022	9.994523001395236E-5
135.0	27.938561729610445	22.054891864366464	27.67640565329634	22.32954108194601	5.99670780741373E-4
136.0	27.804463154191506	26.63290516796795	25.09854599679376	20.458588693396017	0.005496987650767379
137.0	29.450889698210208	20.856337025917384	24.82040129367037	24.872172094938456	1.9988726358333899E-4
138.0	26.02524636696184	23.407859755731906	26.38465228776461	24.181042237191917	0.0011993523497311452
139.0	25.012393406707634	24.99580223321193	24.347746998596747	25.64275805271595	0.0012993087677355647
140.0	28.852108382557244	21.157986267278343	26.31105514077539	23.678650315332874	1.9989405615024038E-4
141.0	26.94675776923969	23.21786255452361	26.873893035770685	22.960587075855283	8.995646107284075E-4
142.0	29.103939069855773	23.35335685514098	22.051894571659886	25.49060960129537	1.9990204799648172E-4
143.0	27.003860093114003	23.143467127239145	24.7172896589085	25.135283170113965	9.995062439155058E-5
144.0	29.231272057787276	22.427353605258187	24.65544624321712	23.68532839178928	5.997019481317785E-4
145.0	31.475421633280494	22.246465316827152	20.684468183353758	25.592545431648134	0.0010994348904663004
146.0	27.493498263871537	23.621541985923066	23.775764566187775	25.105197191010113	0.00399799300751023
147.0	27.744494219855394	21.749255867601406	26.20035702363033	24.302294666434783	0.0035982224780958206
148.0	25.586804483133275	23.768942517499433	24.03092174507552	26.612431669000593	8.995852911807658E-4
149.0	28.900594732370433	25.7399170373332	22.072067569593685	23.285221650257384	0.0021990104452996153
150.0	23.82681151018156	26.046043924848767	23.490558116661138	26.636586448308535	0.0
151.0	26.44537227975934	23.971403924563457	23.883940396854513	25.6986836489184	5.997499042899112E-4
152.0	29.714614154338264	23.541983206717312	20.97780887644942	25.765493802479007	9.996001599360256E-5
153.0	28.486861637099892	22.780992631880935	23.398051361917492	25.332994799033575	0.0010995700681033717
154.0	26.52360883977017	25.77180054138994	24.231298256276563	23.47019356489682	0.003098797666505396
155.0	26.17485557655917	22.817854026112677	26.889400484027203	24.117689984675472	1.9992862548070338E-4
156.0	29.21110980044825	22.523396998226605	24.095859216148078	24.169633985177068	0.0
157.0	24.554398830790518	21.817612917285626	28.367625213178798	25.26026307213391	9.996661115187528E-5
158.0	27.595669385796544	20.881517914267434	26.62937859884837	24.893434101087653	0.0
159.0	28.822366822852675	20.40611694656519	24.628637522830584	26.142578798624015	2.999091275343571E-4
160.0	27.37096350118317	22.856323085859046	26.192292350434226	23.580321090415772	9.997210778192885E-5
161.0	25.818970688207305	18.55770384292398	29.513336265845563	26.10659015475667	0.003399048266485384
162.0	29.636864778292864	17.901327753456346	24.264966843653806	28.19684062459698	0.0
163.0	24.026142170296026	22.744727925672574	32.35048584165731	20.878444106964146	1.9995540994358259E-4
164.0	28.924928239567365	25.19208600654067	21.781678319301182	24.100007698437217	0.0012997361535608272
165.0	29.78412188035521	19.646788523026533	25.191412865904017	25.37707684709166	5.9988362257722E-4
166.0	25.909254519276914	24.674752039673653	22.268936970084788	27.146956486962086	9.998400255959046E-5
167.0	24.896589580869097	24.214285785704213	23.971120072069837	26.91750463184691	4.999295099390986E-4
168.0	23.610761151706402	22.91554179715153	25.13168472457195	28.341912338168772	9.998840134544392E-5
169.0	28.45043776672973	19.89378807210652	25.315276039021033	26.340298137341563	1.999848011551122E-4
170.0	29.676155583708884	22.376032293448816	22.390131179636807	25.557480959004238	1.999842012481014E-4
171.0	25.584202095428175	25.34662157703068	25.65219651988537	23.415679914247033	0.0012998934087404834
172.0	30.186670239239042	25.914980109236733	20.800569478701036	23.097680194118652	9.997870453593385E-5
173.0	28.27062347290926	21.63700128365598	22.905561309569038	27.185114389343656	0.0016995445220680857
174.0	28.934358294517377	25.557745045404424	20.434938659292385	25.07275804737496	1.9995341085527073E-4
175.0	24.587093955309463	26.011156136925134	22.496743043911664	26.903307147706336	0.0016997161474033838
176.0	22.94689733711807	24.08251904451001	27.117042624307985	25.852441166736824	0.0010998273271096437
177.0	26.15054645081943	23.257706806387425	24.078432941035306	26.488816006559407	0.02449779519843214
178.0	23.964225516012743	21.87388154750836	27.336428510016336	26.82536445305549	9.997340707371839E-5
179.0	25.281053907159222	25.604900796269416	25.522614291256236	23.590431169288237	9.998360268915897E-4
180.0	29.330962360301648	21.49120563577481	25.424874556069398	23.75275685791914	2.0058993499883157E-4
181.0	31.084705707699804	20.56314660749859	23.242160463982568	25.10898414538977	0.00100307542926613
182.0	29.37222114148539	20.566210283756927	23.504154374677867	26.5573139255281	1.0027455172261652E-4
183.0	22.391353831683297	22.877389944958693	28.830755747550015	25.900400200150216	1.0027565778324615E-4
184.0	24.20861671637361	22.390185102358856	27.7833044852574	25.614484074056985	0.0034096219531517943
185.0	25.914993327364222	26.47156434456268	20.155069849612524	27.457369828456613	0.0010026500039604675
186.0	25.879876910983057	25.909155171774152	22.678419415096553	25.532548502146234	0.0
187.0	26.812824475248874	21.507701163372566	24.103202308092662	27.57536951444413	9.025388417618762E-4
188.0	32.97537552475184	24.94870318852556	22.658047331462647	19.417171946109764	7.020091501878376E-4
189.0	25.767004682612356	22.83628508072968	25.761187772855692	25.634419256779456	0.001103207022815324
190.0	29.44661415237969	21.13599756083373	23.64647333866901	25.77081465345184	1.002946657279086E-4
191.0	25.859388166183823	23.297173558892215	24.09577157348185	26.747265446316078	4.0125512603423507E-4
192.0	27.093262975205786	19.227331323578834	25.824408986712548	27.85499671450284	0.0
193.0	25.660104749864548	22.867477374430596	25.830172777075433	25.641542752794333	7.023458350891979E-4
194.0	26.714352652211037	22.782516387249803	24.5313592713255	25.971771689213664	0.0
195.0	28.809456667145028	20.141480700198	25.435114871530345	25.613044564714528	9.031964121024305E-4
196.0	31.54384915780985	23.0119107664026	25.08066521494448	20.36337351241263	2.0134843043864763E-4
197.0	27.446623203362954	23.930123090089864	19.830040023158055	28.792307498678483	9.061847106501877E-4
198.0	28.317697514242735	22.219072302758153	22.685776028619653	26.77725238017891	2.0177420054539566E-4
199.0	25.303015166147468	24.52497938861121	26.45180366050192	23.719192659217303	0.001009125522096317
200.0	30.814915733171865	23.215965284085176	20.756685841154507	25.212332223231403	1.0091835704914723E-4
201.0	22.825507744849887	20.386192892581334	33.14410224735884	23.64359157573482	6.05539475118383E-4
202.0	24.808530824821347	26.756328475110013	28.92789373814042	19.50714602931083	1.0093261738463403E-4
203.0	24.80543224882866	23.34136607812593	24.103080273268123	27.749212794375534	9.086054017600696E-4
204.0	22.811993271554954	23.261498633915643	23.20576481540192	30.72064231206496	1.0096706252486313E-4
205.0	26.941547098559127	23.96013611074649	25.473711845068003	23.62298938780456	0.0016155578218241665
206.0	24.907095481608945	19.793812559075157	26.161609429404685	29.13738154673905	1.0098317216419056E-4
207.0	26.250590854183248	23.573061897278233	27.97103703494221	22.20450220787563	8.080057206805023E-4
208.0	30.174976740145247	22.71869061918188	20.354317544244235	26.75191407642971	1.0101999892918801E-4
209.0	27.819804127013313	20.570907213432445	24.204449123643688	27.40322292196908	0.0016166139414765547
210.0	25.327850712090633	25.501060582021545	23.777450581122146	25.39333495696533	3.031678003458134E-4
211.0	30.190824764463475	25.35829550496949	23.487850954730288	20.96191692011923	0.0011118557175158717
212.0	27.80370524647047	20.429508514949184	26.00456584071727	25.76191708692083	3.0331094224555246E-4
213.0	33.55659887770369	18.536401793003403	23.900338793071178	24.006357048848315	3.0348737340782936E-4
214.0	29.875716533264757	23.764606547053784	24.159345254125064	22.20033166555639	0.0
215.0	26.181104956135236	21.65474808804375	22.973985231436668	29.18935082179909	8.109025852588047E-4
216.0	24.514404562829085	23.786508186414025	27.160939182999243	24.538046164303015	1.0190345462901537E-4
217.0	30.13549528289767	22.33076964979665	24.757104431989756	22.775397271593885	0.0012333637220450404
218.0	23.00391544955989	23.812145685058233	28.13015207818017	25.053579015932943	2.077712687656413E-4
219.0	28.259365903216803	25.28217464770939	19.579830605724034	26.87747077185465	0.0011580714951229397
220.0	27.444920966342846	22.772886665198104	23.58467199214143	26.19720417844943	3.1619786819397266E-4
221.0	25.221291248145477	19.824458074747504	23.83927934299052	31.114651818417098	3.195156994038902E-4
222.0	23.792748477119957	21.848797346967093	26.50612647944986	27.85222012944615	1.075670169407295E-4
223.0	30.118488039537013	21.958531883240248	25.434634152130315	22.487051327555832	0.001294597536596654
224.0	30.383269016064563	23.686210910253116	22.54502028855311	23.38517585932118	3.2392580803292814E-4
225.0	32.65280947387899	19.873698926895354	22.682253032816423	24.78961543747112	0.001623128938116586
226.0	25.385401659242813	20.859493062990424	26.713765194672444	27.041009644403914	3.304386904053822E-4
227.0	31.622536204798763	24.562808407654334	21.099215068205993	22.713222057947643	0.0022182613932677986
228.0	26.301440128457454	27.84794741273089	21.64664165165952	24.20385929894792	1.115082042161252E-4
229.0	29.463982957765044	24.302646120154066	23.469460175266455	22.76391074681444	0.0
230.0	28.19017314586747	19.492452193820714	27.43158824738498	24.885786412926834	0.0
231.0	23.606764126385034	26.12956799120414	26.309273302212134	23.952315726986516	0.0020788532121746887
232.0	25.446679805556776	25.05598695683388	23.0300349469774	26.466950905170716	3.4738546122367684E-4
233.0	24.34178087793707	23.994999240538867	24.533982964702584	27.128302195426873	9.347213946043208E-4
234.0	26.75183606789403	18.931260352808106	28.35802814164621	25.958155763807845	7.196738438139835E-4
235.0	27.990553854636737	21.545965920358306	26.509182543252514	23.95417676335302	1.2091839942733047E-4
236.0	28.101205970686944	22.685408142459902	25.808973542696815	23.404162168720816	2.5017543552416133E-4
237.0	27.985067587029228	24.543896036596486	23.51465129822187	23.956259299741273	1.257784111419548E-4
238.0	26.35700566017268	21.271528757123075	27.288030681071284	25.083434901632963	0.0
239.0	26.534892883906707	24.23895940687634	26.09903764192657	23.125307416363437	0.0018026509269488589
240.0	26.67220883954755	21.670114160033517	23.842951403435276	27.814725596983664	0.0
241.0	26.50736643422639	21.48062706443664	24.426545378283436	27.582053164158758	0.003407958894772715
242.0	25.570640678331287	24.462203840969465	21.077510437988234	28.888988152324995	6.568903860150664E-4
243.0	25.938224537381032	26.634964012314587	22.54132369979445	24.882068492988548	0.003419257521380223
244.0	26.951380075514315	21.073823024213656	25.429880132242396	26.543993287616658	9.234804129804407E-4
245.0	23.512857629992688	22.684120651154274	25.04242533605245	28.758473457462546	0.0021229253380426892
246.0	22.822751382522473	26.03302105580726	24.712630693394328	26.428938810173452	0.002658058102492062
247.0	26.188828590971635	20.597401836972058	27.413787138001794	25.66224945239496	0.137732981659556
248.0	27.652844508043607	22.456411035342835	26.57934217503804	23.301276158042143	0.010126123533377569
249.0	25.06449441227952	20.400026928773393	32.39921906557156	22.11794802746735	0.018311565908172883
250.0	28.098980550545903	24.001609088651065	20.33512780915561	27.56293264506096	0.0013499065864642167
