# Position (bp)	A	C	G	T	N
0.0	25.219547824905302	23.217147095627162	23.48100083232831	28.08202114227152	2.8310486770509534E-4
1.0	22.50966818125444	29.254845365474164	24.425828419379204	23.729324749416527	0.08033328447566324
2.0	23.364883278341463	27.75475501402011	22.421481740070494	26.457472325762097	0.00140764180583552
3.0	27.695064791838988	22.094495366384766	23.16301210310427	27.04320768836898	0.004220050302999612
4.0	27.053141454720265	22.311651874696032	22.03923971988496	28.595685823603993	2.8112709474826473E-4
5.0	28.86039685994748	22.36402701905658	22.35138816722605	26.423626227021863	5.61726748023424E-4
6.0	25.517022845749825	24.251210709768962	22.49831047449728	27.726725909890103	0.006730060093828255
7.0	25.095989164138672	25.836197149989363	22.0604367926746	27.006537337825886	8.395553714752666E-4
8.0	28.21567959620098	24.553459259962366	22.978911105031298	24.251670863600577	2.791752047750127E-4
9.0	26.65435132710322	22.973959465257927	22.68112186613616	27.69028871391076	2.7862759193317396E-4
10.0	24.161017774870203	23.994822042509362	23.273526996367078	28.570354801442033	2.783848113246941E-4
11.0	27.915382968749576	22.930164123657708	21.88017374292442	27.274008199408755	2.7096525954407386E-4
12.0	28.909003931252524	22.887051988208913	20.053931118897005	28.150012961641558	0.0
13.0	25.753687073677973	21.821073074704582	24.654841219023023	27.76986945086812	5.291817262966275E-4
14.0	26.861185718964954	22.004061578774976	22.17124140189977	28.963511300360302	0.0
15.0	25.140898803750407	23.42088587132234	24.634982217911414	26.802974458454575	2.5864856126737795E-4
16.0	26.72165900019779	25.10028958459065	21.31438946338099	26.863154798431882	5.071533986885013E-4
17.0	28.65242841793652	26.1509333770059	18.35091402211916	26.84448348507068	0.0012406978677366445
18.0	26.083318567519147	24.492055991967394	20.108085759848798	29.31653968066466	0.0
19.0	25.59860154926405	24.53336010106451	20.774534094581494	29.093259428280433	2.448268095149491E-4
20.0	25.26730389807541	25.030835739777984	22.76054679612406	26.94131356602254	0.0
21.0	24.162971469377712	23.363940342869274	23.303627003006017	29.169219931387545	2.4125335945303039E-4
22.0	22.79794482831272	27.388083643380785	25.09373249249422	24.720239035812277	0.0
23.0	26.675885574472037	22.305552051524334	22.930565439568156	28.087996934435477	0.0
24.0	29.188007921873933	20.290264619790086	23.146754834015077	27.374972624320907	0.0
25.0	24.95016781891429	24.013276133302835	19.75361662597622	31.282706015806255	2.3340600040145835E-4
26.0	27.540944067458568	23.727382780068552	19.57012787628885	29.161313364162172	2.3191202185538894E-4
27.0	25.340358193911122	23.157996943769522	20.18059964074265	31.32104522157671	0.0
28.0	27.70195710064568	22.721655783752233	22.646189763980594	26.927233429394814	0.002963922226680772
29.0	29.87709027834241	22.96257148277638	20.51160437614621	26.648508008781203	2.2585395379931523E-4
30.0	26.81209403274475	22.63980102408786	23.70612857492715	26.841751689025994	2.2467921425185192E-4
31.0	28.028980056061542	22.533426470719935	21.251667965216768	28.185477732104637	4.4777589711900986E-4
32.0	25.94989814457964	21.247591256950944	23.454275174805925	29.348015195727577	2.2022793591367062E-4
33.0	24.66363022206725	23.04792206943143	25.241135833678385	27.04731187482293	0.0
34.0	26.128363141858745	25.821742722875392	22.80933158900384	25.24034737403818	2.151722238479679E-4
35.0	28.098652136507024	20.727994986670065	23.351071174415022	27.822281702407885	0.0
36.0	26.113492636135987	23.087093077543397	24.645600780951575	26.15338907516659	4.2443020245320654E-4
37.0	26.46851062656312	23.02673027684854	20.656197431975784	29.84856166461256	0.0
38.0	27.026534109224166	24.783901396264188	20.838776445040125	27.350788049471525	0.0
39.0	24.21538259308023	26.628122197416378	20.60326970739702	28.55322550210638	0.0
40.0	27.223835668708794	26.23365060521909	21.801030250355076	24.74127149004727	2.1198566976872365E-4
41.0	26.45883716937581	22.262116969798452	20.098898466925395	31.174424593628192	0.005722800272150946
42.0	26.274095925944764	24.007553023752607	20.36073953512029	29.35761151518234	0.0
43.0	26.94663815955366	23.98708280270973	22.432399788951304	26.629429426884126	0.004449821901175812
44.0	30.787191036946325	22.88498290189033	21.95571017538804	24.371904013288642	2.11872486662627E-4
45.0	25.17269940664699	23.348366637503894	20.964574643638667	30.51012258956961	0.004236722640833956
46.0	26.168719206605406	23.266567534706777	20.961325826417397	29.603387432270416	0.0
47.0	26.277676820305583	22.76393319015728	22.026873043507727	28.929398957102254	0.0021179889271538887
48.0	24.253318174215526	23.20318934288612	22.697603123286395	29.84588935961196	0.0
49.0	23.190915518898482	24.53775250547245	23.171439095955254	29.097987577429368	0.001905302244446044
50.0	28.49715705824326	22.94442398147325	19.006854389730695	29.551564570552795	0.0
51.0	25.950007407877752	26.04461658941308	18.99930154295511	29.003111308654518	0.0029631510995407114
52.0	24.648335306334808	25.229914353480414	19.53924447384053	30.582505866344246	0.0
53.0	24.44586310955058	23.563654079980513	21.640686195245184	30.347906617302723	0.0018899979210022868
54.0	24.04754955178185	26.71816958164206	21.220278905293576	28.013791973860762	2.0998742175343696E-4
55.0	24.65728546289164	27.509430259914037	21.1657408625113	26.665873418461388	0.0016699962216335487
56.0	27.463371874608672	24.212964895437658	23.54572776224068	24.777935467712986	0.0
57.0	23.279801676898614	27.060961816960134	22.19115308690408	27.46182322032979	0.006260198907386618
58.0	26.778993398926804	23.23727979036794	20.189603518346978	29.793914661726294	2.086306319839104E-4
59.0	28.074215930473674	20.989740444511202	23.853988042339964	27.079135009742195	0.0029205729329645066
60.0	25.970213181800222	19.615511767311013	23.99995009886662	30.414324952022138	0.0
61.0	25.569564991424564	22.33127176342186	21.740450080557146	30.350605477885768	0.008107686710669923
62.0	26.346435282965526	21.41137682726048	24.278658262792902	27.963113868054744	4.157589263441486E-4
63.0	29.55451533380171	21.27567585544613	21.723821124354075	27.442661933011014	0.003325753387071965
64.0	27.011570412211466	19.619385616909202	22.471405262591208	30.897638708288127	0.0
65.0	26.421223269574362	24.675321986596746	23.073929074960095	25.82372877145111	0.005796897417689233
66.0	25.395418937047648	23.085220026830523	22.018831050530814	29.49970188310505	8.281024859636628E-4
67.0	27.964775437201904	22.88271727609963	19.79042461579226	29.36104762851086	0.001035042395336513
68.0	24.036638377147586	22.76630097288346	25.55412957979714	27.64251707720969	4.1399296211964395E-4
69.0	24.302338578472163	22.451843664228317	24.865145700600685	28.376739237529858	0.003932819168974611
70.0	26.499951556280266	22.12579287939163	23.16908507335616	28.20475820399547	4.122869764728437E-4
71.0	25.320738380478918	21.120824963940656	24.82852576268335	28.728885022497337	0.00102587039974066
72.0	28.20873140099988	23.874623301652036	21.531451875952644	26.383141966811568	0.002051454583872695
73.0	27.344519199212343	21.979405973088284	20.66581883820151	30.006563833278634	0.0036921562192320312
74.0	26.643045200659433	24.404542211067643	22.274099226561024	26.677083077024022	0.0012302846878767747
75.0	27.1125800386687	22.249058398755057	22.219534048342023	28.416162121488604	0.002665392745621067
76.0	27.605838817475448	22.301699571519364	24.631281136601267	25.46015540111118	0.001025073292740431
77.0	25.50465034757171	23.04838124445228	24.19021223296632	27.25573119207565	0.0010249829340341482
78.0	27.537025079687194	24.340927958675397	19.700724615400382	28.420707396816614	6.149494204101712E-4
79.0	27.91809293459323	19.412548424785292	20.884456925000514	31.782032098714826	0.0028696169061430297
80.0	24.23548654210358	21.832495716265075	27.48600100022136	26.44273732711338	0.0032794142966066264
81.0	26.873698535801537	23.024643788224104	20.508206397875025	29.592631458131795	8.198199675351293E-4
82.0	23.536198974468277	20.76886187292752	23.368556098880607	32.324948456988736	0.0014345967348578315
83.0	27.136539320684804	20.152593849521068	23.530110951262596	29.18034601055	4.098679815231514E-4
84.0	25.5276159484587	23.43190634368654	24.02186898689951	27.017379205200033	0.0012295157552198066
85.0	26.351097988029398	25.636386362285847	19.752514707117815	28.259181319142918	8.19623424017835E-4
86.0	28.16001049034151	22.68597818336789	21.541465533491237	27.610906676938455	0.001639115860904628
87.0	23.343481485427226	18.991522263789125	25.255376949899816	32.40920955046281	4.0975042101855754E-4
88.0	24.122523984242	26.456314160280087	25.51189942085456	23.908647848025026	6.14586598324637E-4
89.0	26.028929454494797	25.885326936431813	21.218757233900025	26.86596210614295	0.0010242690304064505
90.0	24.120519638006826	24.408319779756077	23.771882028571078	27.699073713707477	2.048399585403924E-4
91.0	28.30609532041448	23.77070502041059	22.911678379114633	25.0115212800603	0.0
92.0	25.41315839598895	22.41388138477955	22.617055571826786	29.555904647404716	0.0
93.0	27.868415986368085	24.586188675844724	20.030679998197705	27.514510533192972	2.0480639651337593E-4
94.0	28.4429880702473	21.36787670882187	23.868721519635454	26.316317648865905	0.004096052429471097
95.0	24.53854928455428	24.94608813898099	23.25940974447928	27.25288093107269	0.0030719009127641575
96.0	26.818030091108852	22.778441053659815	22.89209673224565	27.510203412946915	0.0012287100387658018
97.0	26.99870172952562	23.66763456757764	23.089760864312307	26.24349328953889	4.0954904554594933E-4
98.0	28.912018740503814	20.859048968576076	23.117246915147618	27.111685375772492	0.0
99.0	21.719295875826585	20.658115827239477	26.275513858786304	31.34686977468599	2.0466346163685743E-4
100.0	22.538197386246893	23.422886916090587	23.872087359765555	30.166828337896963	0.0
101.0	25.269148363622968	20.230584585539148	27.494572012662914	27.005490401517584	2.0463665738298362E-4
102.0	25.729031518718458	22.77627480753568	23.73788017075197	27.75681350299389	0.0
103.0	26.003609310548025	24.687152163949452	24.930842008773652	24.37819190728737	2.046094414980685E-4
104.0	25.701143969046747	25.791581157145867	21.985648723137395	26.52162615066999	0.0
105.0	29.145532259681588	21.546557760104104	19.915005411908655	29.39044926003147	0.002455308274184275
106.0	27.15145339856082	21.36302534419367	23.50153759276196	27.983779061321613	2.0460316193726457E-4
107.0	27.317590156354214	23.37865873369861	21.810001595868748	27.492931119849747	8.183942286838992E-4
108.0	25.14954012830584	21.91264074365017	23.178106179628173	29.75930380989788	4.091385179366327E-4
109.0	26.3902468959028	22.68189907337329	25.265612535029764	25.661832388978667	4.091067154867347E-4
110.0	24.865255161213124	22.401291095897417	22.526882490227802	30.20636670641682	2.0454624483776416E-4
111.0	25.78217044115722	22.266494305537375	24.329305210106035	27.621620958240605	4.090849587642361E-4
112.0	26.07071779358193	21.867003749225304	23.701321944524555	28.360751972280685	2.045403875222182E-4
113.0	30.900619530024404	19.75091988652517	21.94944356836204	27.39840341651685	6.135985715425255E-4
114.0	27.62467782187129	20.397250746635027	27.699341324714645	24.278525549237003	2.045575420365749E-4
115.0	28.1585294256029	21.803932960071023	26.010805105115548	24.02591425058761	8.182586229116505E-4
116.0	27.971148200956137	22.798935445531594	22.898149303559627	26.331562485296917	2.0456465572791263E-4
117.0	26.672258077713796	25.110413321195878	24.369074041874214	23.84743630394092	8.182552751894773E-4
118.0	27.817029615477452	23.276112472538486	23.543056788567828	25.363596568384793	2.045550314401083E-4
119.0	27.689239360559665	19.643664406328945	24.89848935800272	27.768197764208935	4.091108997371462E-4
120.0	26.261033209577285	21.853681486709007	24.46994569052806	27.415135057735775	2.045554498685731E-4
121.0	28.87701081709133	22.280794344346802	23.170217814652986	25.67156790547728	4.091184316035806E-4
122.0	25.581818739708094	22.39764347301347	24.981027093923554	27.03930613372063	2.0455963424737396E-4
123.0	26.4227750377927	26.036154165584197	22.23663242992241	25.303620121468505	8.182452321873127E-4
124.0	26.227559854026545	22.82492185837956	22.892017281162552	28.05529644721554	2.045592158017903E-4
125.0	27.853544083443627	22.498808445005388	22.590450786221737	27.0559693325451	0.0012273527841475114
126.0	24.163402235836802	24.44937660451463	22.603635024700573	28.783381575313744	2.0455963424737396E-4
127.0	26.646510600345298	21.262672547110373	27.221735821884742	24.86826278710121	8.182435583775866E-4
128.0	26.60761772286544	22.26240641492452	25.095323814589044	26.02442417051917	0.010227877101828745
129.0	26.372581107065418	24.85660516303236	21.01460540850141	27.752935400728223	0.0032729206725851984
130.0	26.857263256084163	22.153375977547352	24.188760992613293	26.800599773755195	0.0
131.0	26.01268282704306	23.607855170297636	24.809655313490847	25.569397565715455	4.091234530019433E-4
132.0	27.98631879978562	23.82754487098186	21.193381964872373	26.986412898949773	0.006341465410374637
133.0	27.25197351329347	24.532115233947497	24.815842929002617	23.397818140161892	0.002250183594525099
134.0	28.205579296420325	21.968402943276267	19.71962368285932	30.10598494813263	4.0912931145582526E-4
135.0	28.751646715161232	21.147709327158324	26.626259072275456	23.473975763625802	4.091217791887933E-4
136.0	28.312744069207746	26.631236358206145	23.7612177225185	21.2886649606114	0.006136889456210225
137.0	30.89473802641726	20.184433984457304	22.718355640926507	26.202267785217053	2.045629818736742E-4
138.0	27.530460429565178	23.352416483096174	25.28854826932399	23.827143070444027	0.0014317475706311757
139.0	26.245408209181125	23.16696528647048	23.76645476932643	26.819739996236574	0.0014317387853946281
140.0	28.859794809699906	21.122206041168962	24.11333736950617	25.904457243839378	2.0453578558104525E-4
141.0	28.774797660904834	23.4026103123907	24.49218358501719	23.329590290177887	8.181515093872659E-4
142.0	31.465265974092915	21.838777175747236	22.30553834007294	24.389804888924342	6.136211625666546E-4
143.0	28.002069969891348	23.91735665663045	23.203503403586858	24.876865427411964	2.0454247938211806E-4
144.0	29.610122377515104	22.58942067552061	22.604147703913092	25.19549107480717	8.181682440268604E-4
145.0	29.27692336013516	21.19730740830891	21.774116020347844	27.750835042964063	8.181682440268604E-4
146.0	27.796049940274575	20.255919362492435	24.29781715837874	27.645713677940865	0.004499860913389949
147.0	28.97261254627641	22.03166226912929	24.718455339428523	24.273997259209263	0.003272585956515514
148.0	24.219726364750183	22.746825008846407	22.471921603439565	30.5607088580668	8.181648970441747E-4
149.0	29.062484659063013	22.51129092961987	25.095113809297835	23.32886059792836	0.002250004090916529
150.0	26.641357063813338	22.44134029074679	23.81959544181689	27.097707203622985	0.0
151.0	27.769402437053692	21.627266200147687	24.871079982572017	25.73163771889811	6.136613284949547E-4
152.0	28.048668230846808	22.188106639719674	23.93972928910263	25.823291283207293	2.045571235995508E-4
153.0	24.18709497938077	22.015529881521243	24.383468612947567	29.413497414413825	4.091117365974995E-4
154.0	22.50549243741485	22.538222045846	24.10822045027759	30.844587545565748	0.003477520895809383
155.0	29.830916391409524	23.155777125619583	21.8265613935993	25.18674508937159	0.0
156.0	28.608470535266612	21.26474771557502	25.008646535757773	25.117930561666686	2.0465173391181557E-4
157.0	25.052596249089287	21.904188871697897	25.99544029404782	27.047569930499275	2.0465466571706903E-4
158.0	24.032115133120623	20.28603179995784	26.141333600754784	29.54031480689374	2.0465927300933041E-4
159.0	27.768112975849363	20.070814572247237	24.009209987720016	28.151657797789603	2.0466639377814165E-4
160.0	28.13004635741258	19.05995763362294	24.363532168769638	28.44625917170663	2.0466848821621182E-4
161.0	26.142696626913875	18.96283895105024	29.29617705990344	25.59419405938973	0.004093302742717503
162.0	27.862101712676424	21.09367324884566	24.742320791171366	26.301904247306545	0.0
163.0	26.96901966563508	22.40793502644463	26.39632558824974	24.226515039871625	2.0467979892256554E-4
164.0	26.77824695992484	21.533413706077283	24.173433192032864	27.514087404335623	8.187376293861309E-4
165.0	27.92183335857831	21.934474952205115	25.023232203313505	25.119640729839155	8.187560639120984E-4
166.0	24.618347955311197	21.566564456107457	25.000307041065717	28.814575853471812	2.0469404381271314E-4
167.0	27.71665148460129	21.787253206145156	25.741277135809543	24.754408769433898	4.0940401011227906E-4
168.0	25.738190185304983	23.328120010153697	22.798530989248544	28.1349541036496	2.0471164317941747E-4
169.0	28.797382837770336	20.555901307762227	24.357173857857628	26.28933727490849	2.0472170131922664E-4
170.0	33.20701797485977	21.12639724849527	22.41718871555501	23.24898661098145	4.094501085042788E-4
171.0	26.89674516114503	21.430998972242353	25.415504809168745	26.25634159224637	4.09465197505538E-4
172.0	28.993737601618108	23.642754636406256	22.751401823240275	24.611696497847365	4.094408879953979E-4
173.0	30.100802076637418	18.39310353298586	21.955363759565348	29.549502335807666	0.0012282950037053565
174.0	25.706828254705876	23.201121835880322	23.635321453064066	27.45631902719633	4.0942915340286804E-4
175.0	26.071673507825533	22.57418648214304	21.808113170851545	29.544389055510628	0.001637783669249588
176.0	25.151647289797307	22.36620952404349	27.507170362909417	24.974358659403155	6.141638466310043E-4
177.0	23.339421064916237	24.376451125479615	23.090656696982478	29.167673326317427	0.025797786304241895
178.0	25.208513321513827	21.93658410753842	23.44787064599208	29.406827199063173	2.0472589250252837E-4
179.0	30.461329298331467	22.516088477926587	21.282450813177093	25.739107644867964	0.0010237656968875475
180.0	26.633524480242208	20.270348095798333	25.930092885879535	27.16603453807992	0.0
181.0	29.647497124258866	20.836474103873627	24.94222703176016	24.573182190850083	6.195492572636988E-4
182.0	26.355596759906426	20.99453445851495	25.458645033005922	27.19101726797259	2.0648060011521616E-4
183.0	24.153268604137327	24.59268926269013	25.58634161652288	25.66728752730892	4.129893407451154E-4
184.0	27.179215007620282	20.31331959341971	25.803846900465476	26.699075240482905	0.00454325801162248
185.0	26.522697987907623	22.322579046486272	23.282576733736413	27.871526745300162	6.194865695311726E-4
186.0	28.18079688745524	22.060202298888555	24.050975354890404	25.708025458765803	0.0
187.0	25.0292269169541	22.222613756964712	26.51192292385248	26.235821836030777	4.145661979304855E-4
188.0	28.477816520379946	27.217000493380823	21.314673311414513	22.989473160498026	0.0010365143267010235
189.0	25.96595397089647	21.620949233643	24.01424700474969	28.398435151457353	4.1463925348348806E-4
190.0	29.882702750897298	19.813427497361484	24.099328397048183	26.204334005834795	2.0734885823351214E-4
191.0	27.82933399902227	23.299944872634985	23.050727577204313	25.819785523345917	2.0802779251307977E-4
192.0	28.285455120416756	21.52272689446266	23.874889735865388	26.31672020371819	2.0804553700714014E-4
193.0	30.25749018857088	23.363894773203043	20.431286701819953	25.947328336406123	0.0
194.0	31.30975919412242	20.721793244115137	22.3637271837992	25.604720377963247	0.0
195.0	27.962061629035013	19.591846081464244	24.42303448677861	28.022225090453368	8.327122687662119E-4
196.0	30.6163217529143	20.92600076639745	24.618319411842307	23.83914867063546	2.093982104828932E-4
197.0	26.424001256610293	21.87046442222106	22.957851196397716	28.74684538457511	8.377401958217707E-4
198.0	28.616056235057837	21.270288780299243	23.45851488018958	26.65493002130243	2.100831509111306E-4
199.0	26.722553222024537	20.87472589628485	25.03287134062307	27.369216385228896	6.331558386465661E-4
200.0	29.407667417380974	22.717515424118403	22.602269872997713	25.27233621306496	2.1107243794998007E-4
201.0	25.26798643918956	18.850244238133236	28.285393419713838	27.59616480691044	2.110960529260024E-4
202.0	25.35763144116604	23.374402540154367	28.52902430373761	22.738941714941983	0.0
203.0	28.80277421684762	22.682432846254404	21.054143268363664	27.460016092823064	6.335757112415338E-4
204.0	26.011781677780192	23.113674814709988	23.032778748202016	27.84155354242397	2.1121688383282606E-4
205.0	28.92479932403887	22.366286438529784	24.672158850866076	24.035699197296157	0.0010561892691170259
206.0	27.82051146626668	20.172812641941924	23.9755358142581	28.030928815134835	2.1126239846200974E-4
207.0	27.295375019017193	23.1382169481211	26.503837246648747	23.062359484084723	2.113021282350356E-4
208.0	29.397306190942157	21.33912701649974	19.982500597050887	29.281066195507215	0.0
209.0	27.443805320023763	20.01150001162685	24.659280445963685	27.884568633295494	8.455890902095581E-4
210.0	27.37944712504176	21.66462978860166	23.177487493286762	27.77801271181065	4.228812591712373E-4
211.0	26.82151490988924	23.290898823409975	25.009570501282763	24.877169754254908	8.460111631172973E-4
212.0	29.338192345785615	20.832804259677815	22.99756202859537	26.831018107016785	4.232589244144213E-4
213.0	31.02801244432773	21.650504147756273	22.486197088840555	24.83443918989036	8.471291850829022E-4
214.0	28.899666976866445	22.96778515238299	23.668808387688955	24.46373948306161	0.0
215.0	26.461907220766633	24.21881806456	23.157834343743424	26.160802888221657	6.374827082815379E-4
216.0	26.59061596332685	24.193253191567244	25.517896246342264	23.69801927967151	2.1531909212857994E-4
217.0	30.405387739450244	21.594315943595195	25.08867720625403	22.91096547035959	6.536403409388018E-4
218.0	25.420347363975505	22.589216583374395	24.635962905609908	27.354033223059055	4.399239811360597E-4
219.0	27.19415874378126	21.518512062006355	23.36837729473134	27.918057920873952	8.939786070919323E-4
220.0	29.098001412350214	19.71573649580218	23.927454518960243	27.25835920773878	4.483651485770011E-4
221.0	26.165632552938206	20.465306085639046	24.151816312542838	29.21701958803795	2.254608419609682E-4
222.0	25.771856073451794	23.60690363093843	23.872970641587933	26.748269654021843	0.0
223.0	31.960558986145337	21.256657344077386	22.93172357138242	23.85036782691367	6.922714811840611E-4
224.0	32.05968380910067	21.245001666111296	22.224999074382612	24.47008404605872	2.3140434669924838E-4
225.0	32.890602984295995	18.245334563010474	22.43625125471318	26.42664673099182	0.0011644669885253422
226.0	26.700088414003275	21.628980981583553	24.95673357286631	26.713961887921144	2.351436257265938E-4
227.0	27.560780287962285	22.055325448708352	25.008614154779135	25.37409194927035	0.0011881592798804236
228.0	28.581743240561654	27.648129065883754	21.890084563209626	21.88004313034497	0.0
229.0	26.8526076769895	24.63176600616914	21.6071544668463	26.908231056145905	2.40793849161917E-4
230.0	26.178495151410598	21.96115783002845	26.481243454829517	25.37910356373143	0.0
231.0	25.306076327477108	23.03949023307	24.371143340014935	27.28181621664112	0.0014738827968399952
232.0	24.532049888324472	24.211353349277566	25.346638863083825	25.9097108295614	2.4706975273259147E-4
233.0	22.765405048473752	23.961491130654018	21.0137967604126	32.25905693789957	2.5012256005442664E-4
234.0	26.120217744829322	21.035433161041084	27.217594678027268	25.625227453764854	0.0015269623374739461
235.0	25.796902284539318	21.558983684814166	27.45141091743214	25.19270311321437	0.0
236.0	29.384783838722523	22.06353863241057	24.344862633332635	24.206552945367672	2.619501666003059E-4
237.0	29.480393244478254	22.64827229168978	22.96602693122448	24.90530753260749	0.0
238.0	28.169619496150105	21.546844797573662	22.935689189333505	27.347846516942724	0.0
239.0	28.946207695284276	21.363763053002156	24.47321208710029	25.216005368677123	8.117959361495435E-4
240.0	26.151054849975967	20.646052196527457	26.35610668252253	26.84678627097405	0.0
241.0	28.480736221578656	20.996113582431278	22.800780065487665	27.72070094614933	0.0016691843530658745
242.0	28.604878048780485	22.64	19.233170731707318	29.5205574912892	0.0013937282229965157
243.0	27.4216944244921	21.594367756018077	26.182723723228534	24.798419215365136	0.0027948808961506108
244.0	27.22959992382702	20.835830425504508	25.452417091872455	26.481592463355756	5.600954402630208E-4
245.0	29.388741119827618	20.247915333939375	22.68105450994916	27.680605591282	0.0016834450018517895
246.0	25.216704517347605	25.699862838126503	22.470094214467203	26.610808805342568	0.002529624716119893
247.0	25.309668653131645	23.035006511921612	24.632823467725114	26.880986880310314	0.14151448691131946
248.0	25.72630735323582	23.111741980635568	22.423178622929722	28.726919723107226	0.011852320091657943
249.0	25.667672144494798	21.076304176361	29.56274436079598	23.673772860014306	0.019506458333922297
250.0	29.05805939246107	20.302067674504354	23.228862353575177	27.409876052982383	0.0011345264770116572
