# Position (bp)	A	C	G	T	N
0.0	23.48209114008926	23.752537247540758	25.696363458324413	27.068842185277575	1.659687679972383E-4
1.0	23.20654782594303	29.83787675654203	24.205190592051906	22.672592151215717	0.0777926742473145
2.0	24.55425339918901	26.18794273591411	23.22138527881433	26.03575870954544	6.598765370999086E-4
3.0	26.083029888023944	22.019952816623448	24.734026993242214	27.15524451552989	0.007745786580507152
4.0	25.964935385628447	23.249238620462588	24.806156885340357	25.979586797267263	8.231130134167421E-5
5.0	27.940841660043382	24.39188372825103	22.844295111152025	24.821746624179006	0.0012328763745544178
6.0	25.97592314172078	23.50680252858686	24.399042306338938	26.112900566692833	0.005331456660588806
7.0	25.38436375531567	25.105332024860978	23.69038272816487	25.819021916912003	8.995747464834805E-4
8.0	27.3637839166877	24.211227948077664	24.145389732015587	24.279598403219047	0.0
9.0	26.07880383629025	25.204156388560882	22.283748246915753	26.433128545386243	1.6298284687028114E-4
10.0	24.20197419981754	25.196886920132723	23.356725650681057	27.244413229368686	0.0
11.0	26.748569497261897	23.10501225469921	23.12911985970319	27.01706203926704	2.363490686664949E-4
12.0	27.424555819913003	24.595680734247203	20.536792392721555	27.442893351712307	7.770140592923888E-5
13.0	25.25656550454235	22.84444662861601	25.684347450163138	26.21433326755223	3.071491262759167E-4
14.0	26.41380690709269	22.162757620971167	23.4894525516455	27.93390710481944	7.581547120831665E-5
15.0	25.099553634847883	23.647035073683895	24.575878337458036	26.677532954010186	0.0
16.0	26.219462759786733	24.113014137822766	21.95357263415159	27.71387676464822	7.370359069153131E-5
17.0	28.11936528876844	26.493386074049646	19.67904250864125	25.706325631250394	0.0018804972902757315
18.0	25.51574897811974	25.366028716719363	20.36195555045164	28.75597965928951	2.8709541975144716E-4
19.0	24.616260497118382	25.086434251393662	22.21138817693734	28.08505987536324	8.571991873751704E-4
20.0	22.478960730719354	25.80443221121531	24.208024200216762	27.508440904441933	1.4195340663334074E-4
21.0	24.2347443561318	24.613736822054516	23.63407439434793	27.516810660800335	6.337666654226061E-4
22.0	22.675498648265773	26.391058037340525	26.270399881644746	24.662973647812173	6.978493678182577E-5
23.0	25.086727679253407	23.85886094407488	23.935728470843113	27.11812740428014	5.555015484605664E-4
24.0	28.056734623140045	21.32259289111651	24.699051213560853	25.9214837270334	1.3754514919522333E-4
25.0	24.88516278702496	24.74636428242739	20.652931582343793	29.715200988947853	3.403592560018951E-4
26.0	26.268306590440275	25.35800532826241	20.491259292969104	27.882428788328205	0.0
27.0	24.930633979758902	25.611528673089495	20.280071216681346	29.177563503341997	2.0262712826027047E-4
28.0	27.7178208313787	23.740207038284485	22.887105981143176	25.651988572675204	0.0028775765184402466
29.0	27.174483181644867	24.30841663765521	22.390477611445434	26.126224697866412	3.9787138807380513E-4
30.0	23.815265886892558	24.18894333821598	25.19927597111001	26.796317125708097	1.9767807335042587E-4
31.0	26.165030816827873	24.22830086874542	23.123995691347883	26.482082576379906	5.900466989181821E-4
32.0	23.883878966513443	22.451080154859234	25.602847663270833	28.061738358590883	4.5485676560451117E-4
33.0	23.288320333750736	25.041992460993207	25.23751734261277	26.432041100785124	1.2876185816237514E-4
34.0	25.944208625995486	27.18397436429597	22.488650594115615	24.383102556226575	6.385936634905146E-5
35.0	25.678861621474592	22.40516938725808	25.683416147693165	26.232426328956983	1.2651461718258273E-4
36.0	23.845455648709056	24.2670482701429	26.35086619269627	25.536377059293496	2.528291582811662E-4
37.0	25.15414527252025	24.958643951275057	21.94979394640964	27.93741682979506	0.0
38.0	26.511747490080662	24.88845680310849	21.64901368840172	26.950592507101934	1.8951130719214364E-4
39.0	23.478685940349937	27.615626942062743	21.41580479080037	27.489629700739183	2.526260477665331E-4
40.0	25.978000938360573	25.99075658004828	23.118905944823638	24.91233653676751	0.0
41.0	23.948474658457094	24.90115807006002	21.620148979506794	29.52560924637685	0.004609045599245379
42.0	24.323672549751173	26.091375621593745	20.976772579864182	28.608179248790904	0.0
43.0	25.639041313362064	25.87632061173747	22.58780249323164	25.893300694542198	0.003534887126635438
44.0	28.208431186794975	24.87675355191498	23.009264548003788	23.90536137038816	1.893428980950211E-4
45.0	25.512126139872294	24.31449905566735	22.172223810308086	27.9973648291777	0.0037861649745664365
46.0	25.087213759362587	24.480929068666203	22.62611055972652	27.805746612244693	0.0
47.0	25.4479027212953	24.17129006330384	23.609858086853823	26.769119537883252	0.0018295906637881107
48.0	22.820189907064474	23.74620283618261	23.00099071527625	30.432616541476666	0.0
49.0	22.181739762099337	25.548594085777417	24.757231352845626	27.510543095533563	0.0018917037440600501
50.0	27.092331302655854	24.19429686899041	20.862405312464137	27.85084041296187	1.2610292773167315E-4
51.0	24.55567344164985	27.287983120224276	21.216786223339305	26.937035587101114	0.002521627685454684
52.0	22.756820910663	26.172876953011926	21.734093351893293	29.336208784431783	0.0
53.0	23.200586578805506	24.557835438759188	24.038924303940306	28.200768785161113	0.0018848933338862354
54.0	22.74981716557636	28.540076551705074	23.23153246661858	25.478510986401144	6.28296988446875E-5
55.0	24.253745381761817	27.660707164194825	23.025350459378316	25.058629364595642	0.0015676300694021184
56.0	26.23767807736942	25.001144184127753	25.285654188058732	23.475523550444098	0.0
57.0	22.529453472196536	27.787916193093658	23.209580583057445	26.468285288528993	0.004764463123368877
58.0	24.89602184434525	25.565431173199553	22.29661496646058	27.24161859276732	3.134232272938976E-4
59.0	27.085328613190658	22.737164604947125	24.621857904316823	25.55245225117711	0.0031966263682814433
60.0	24.071404201241403	23.308156768718874	23.78781571130316	28.832623318736562	0.0
61.0	25.324180253986057	24.322219774056567	22.8599346005929	27.488532569505647	0.005132801858825415
62.0	25.225763728587808	21.80732408330037	24.857982284400958	28.10880472282448	1.251808863808203E-4
63.0	25.873724976749486	23.994407359054307	23.111388434448564	27.01803839495711	0.002440834790532565
64.0	24.4671428455344	21.81534286066111	24.053658570125748	29.66385572367874	0.0
65.0	23.640396711901356	26.00246757402722	24.32735482064462	26.02496824904747	0.00481264437933138
66.0	24.259285531701337	24.11685185960627	22.988507183869434	28.635042933221172	3.12491601788202E-4
67.0	26.57460348608522	25.090476854111504	21.142242551087943	27.19186467624879	8.124324665512179E-4
68.0	23.219682293684617	22.74087312994463	26.821687018035018	27.21775755833573	0.0
69.0	23.181852833588902	24.924297242207583	24.785326599755802	27.10589887886184	0.002624445585869985
70.0	25.6953324957826	23.65238274445778	24.295836399255816	26.356261128596493	1.872319073127166E-4
71.0	24.107647155163125	23.187754189554493	26.2629068044804	26.440570941420656	0.0011209093813265214
72.0	27.21199695929603	25.93327012022734	21.875200394469704	24.977913805630283	0.0016187203766388765
73.0	25.06772951015056	22.894037002437827	23.077076275906965	28.95680061540032	0.004356596104331764
74.0	24.58576305267107	25.44170446690926	24.665023799999126	25.306762111371928	7.465690486159542E-4
75.0	25.404462194518835	24.765024059023144	22.067614097623338	27.760349112444437	0.0025505363902445094
76.0	26.651990599686737	24.092657031635863	25.185586518089632	24.068832786142874	9.3306444489508E-4
77.0	23.883239101092848	25.10166508057945	24.25065153974859	26.763573485597707	8.707929814085698E-4
78.0	27.02391895741259	26.161398541900155	20.791481273704076	26.022579276871046	6.219501121376052E-4
79.0	26.575665005758864	21.212769503643134	23.652139735166884	28.55644059912087	0.0029851563102472954
80.0	23.845379902844762	23.85215788596572	27.949106674261326	24.350992570335567	0.0023629665926270466
81.0	24.663168812304754	25.17883080963846	22.067883578406988	28.089494995721985	6.218039278110513E-4
82.0	23.191630914630355	22.513523596343965	24.155630168500902	30.13790959398122	0.0013057265435553068
83.0	25.350642406607786	22.382733204634405	24.362707153981738	27.90298463384533	9.326009307357288E-4
84.0	23.11716359038342	25.876027370435228	25.0847788476542	25.921035535935978	9.94655591176659E-4
85.0	25.088063133201434	27.37282514984874	21.352831228955445	26.185534585330956	7.459026634319354E-4
86.0	25.255938544916656	24.48563686310582	23.272694502106926	26.98392770575147	0.0018023841191313753
87.0	22.103246580952007	22.152025765351617	25.913180508459305	29.83067719799937	8.699472377000335E-4
88.0	24.543567949100307	27.060343970573612	25.620215727209466	22.77506461874938	8.077343672333235E-4
89.0	26.20440123804234	26.088474551420877	23.54939433586931	24.156549485039495	0.0011803896279784646
90.0	23.56183104628554	25.82181526782997	25.714720553612587	24.90163313227191	0.0
91.0	26.207953767623177	25.556258129114244	24.06019053960548	24.17423106498695	0.0013664986701483397
92.0	25.68329157541827	24.02392685056712	22.795287670007713	27.497493904006898	0.0
93.0	25.857014921294613	26.423969464321424	21.432235610632837	26.28640737506692	3.726286842108532E-4
94.0	27.609274134702865	23.768152842509245	23.43864595397709	25.179704213850346	0.004222854960457311
95.0	23.93933711208588	26.090965767681233	24.2446634641656	25.722487717398323	0.0025459386689584253
96.0	25.805370085916906	24.428638305851265	23.867800470127765	25.897383998519828	8.071395842361914E-4
97.0	24.87818535443111	25.233463844221276	23.764362767708207	26.12367763831371	3.103953256947113E-4
98.0	27.92770032842608	23.003047143512454	24.742259082306393	24.326993445755075	0.0
99.0	21.440977986006608	22.417660838672646	27.065328348252375	29.07597077211871	6.20549496579221E-5
100.0	22.169661764769756	25.012083596773323	24.83196199763106	27.986292640825866	0.0
101.0	23.39636007684544	22.262350138052575	28.80078805657581	25.539943439075426	5.582894507486351E-4
102.0	24.599813063128718	24.40760424955762	24.960041778592068	26.03254090872159	0.0
103.0	25.518295536463075	24.868826151339135	25.584804474260174	24.02770193334602	3.7190459159607193E-4
104.0	25.325806179719574	27.01321817424588	23.577905915951053	24.082883803026398	1.859270570969597E-4
105.0	26.979356915455018	23.733442738975203	20.91707378745351	28.366098215940212	0.004028342176060864
106.0	25.513463803923536	23.909755053148142	25.04577996984564	25.53087723407802	1.239390046582475E-4
107.0	25.584092966594312	23.960374934859807	23.09107481780885	27.36358977759078	8.67503146248018E-4
108.0	23.599158479716092	24.107401564663082	25.53381311711694	26.759564925593065	6.191291082311977E-5
109.0	25.58893633403418	24.424092340810326	25.824195208542356	24.16178581353707	9.90303076067036E-4
110.0	24.07332348607719	24.256056712274685	23.542697880034677	28.127921921613446	0.0
111.0	24.6953179477946	23.848080025096014	25.208746727649483	26.246741571087117	0.001113728372787161
112.0	24.909598770110215	23.517064102127872	25.0132237898299	26.560113337932016	0.0
113.0	27.654992892305753	22.336532311244014	23.467391828811586	26.540155070217093	9.278974215586449E-4
114.0	25.110073572074533	22.621340726417532	27.712746018608897	24.555654113516503	1.8556938253643654E-4
115.0	26.03952550588355	23.33259310898556	26.969610182187974	23.657343345125376	9.278578175423274E-4
116.0	26.94081523332587	24.28485537519809	25.133082529106197	23.64112315097862	1.2371139122119225E-4
117.0	25.638890830466842	26.01441606166754	24.82010850705989	23.525471200350843	0.0011134004548859415
118.0	26.30055086229185	24.78966907439548	25.44976365991274	23.459768991636246	2.4741176368712803E-4
119.0	26.155274481873057	21.325546455607807	25.300651868547575	27.2177849582214	7.422357501560242E-4
120.0	24.772785470145735	23.622826973058363	25.579216133066623	26.025171423729276	0.0
121.0	27.021319892401625	23.426645876024352	24.936585860672594	24.614273175927305	0.001175194974124062
122.0	26.384001771423303	23.945758820469585	25.045847329783477	24.624144672834074	2.4740548955670504E-4
123.0	24.056474238128462	27.88686102493308	23.503965838862747	24.551956694919866	7.422031558478187E-4
124.0	24.773802182904028	24.08053501991852	23.819902686541685	27.325636412328514	1.2369830725051444E-4
125.0	25.902471758619306	23.620030120016207	25.31157517789055	25.164871526070513	0.00105141740343195
126.0	23.69138321420465	23.63268989206985	25.92253347343864	26.753207877645764	1.8554264110054E-4
127.0	25.630380210288568	22.799753358389186	28.065440426588562	23.50337462374476	0.0010513809889289582
128.0	26.03063533658113	23.565410407999053	24.920356412398856	25.474382626905584	0.009215216115372031
129.0	24.053873195011715	26.3419440067091	22.76326173165078	26.838199823366576	0.002721243261830605
130.0	26.01545313252796	24.705653882239286	24.389676718686317	24.889216266546434	0.0
131.0	26.27175825569062	24.175234938138367	24.512358410924506	25.03941147184608	0.00123692340042612
132.0	26.00970354405094	25.32971331562493	22.91471209417818	25.738944360781357	0.006926685364594124
133.0	26.52429276365631	25.485184262101235	24.759317312764733	23.229226642786507	0.001979018691213095
134.0	26.809638044561208	23.18655853830041	21.42158745354729	28.582215963591096	0.0
135.0	25.96896204548209	23.63239554035033	26.40835924570869	23.98954104792367	7.4212053521733E-4
136.0	27.4883146214729	26.14556289572276	25.23751096180653	21.121808707354088	0.006802813643723044
137.0	28.582701854269494	21.294816048030548	24.56432428287211	25.5577867506591	3.710641687451414E-4
138.0	24.80588564135038	24.44981349190644	27.102235623540587	23.64076661257767	0.0012986306249257924
139.0	25.47826355822151	23.99443448147919	26.01564529095294	24.510605404736875	0.001051264609486117
140.0	26.74221366091664	21.710907522439932	26.057158051938817	25.489287889703448	4.328750011594866E-4
141.0	25.16550393900921	25.278426944195875	25.736179454815645	23.819518611578875	3.710504003943029E-4
142.0	28.086951144094	22.74860853432282	24.12226345083488	25.041929499072356	2.4737167594310447E-4
143.0	26.484193626987164	25.06706839677775	24.46298900560666	23.985377914491348	3.710561370829793E-4
144.0	27.717676656171903	25.325773640891107	23.529047982154573	23.427068819546356	4.32901236056715E-4
145.0	28.03650347384136	22.324733973141893	23.12061904508634	26.516721069772448	0.0014224381579549545
146.0	27.58523654966999	21.155325707274113	25.352771208327972	25.90165698566156	0.005009549066368486
147.0	25.939776851893654	24.746235666713876	26.681109469477466	22.629909465519408	0.002968546395597151
148.0	24.371433837126315	24.52215118242303	24.42944486293194	26.676599044858975	3.710726597375032E-4
149.0	27.410739300188446	24.87517943053495	24.33860405053803	23.373436302701244	0.0020409160373326836
150.0	25.676732092760908	23.96956375457051	24.97754946539278	25.376092840073028	6.18472027747129E-5
151.0	25.980047746867385	24.185210840765432	26.023279690263845	23.810781391091375	6.803310119614562E-4
152.0	27.113281042226657	23.930479464339832	23.603979599788723	25.352012498407394	2.473952373942849E-4
153.0	24.9751058542372	23.280077385230257	25.19776156789206	26.545694518834818	0.0013606738056685672
154.0	23.399562594940154	24.522515969737903	25.195013879199013	26.88030984507746	0.002597711045467365
155.0	26.930721734434243	23.803558470529502	24.574677957860317	24.69042320942838	6.186277475578123E-4
156.0	25.668182552119262	23.86031747602907	26.352279736234696	24.118910913323564	3.093222934144665E-4
157.0	24.72169946140169	22.987370840958217	26.681093628009588	25.60921741777189	6.186518586157789E-4
158.0	25.157914013113203	21.15064099788046	26.432609537573327	27.258711718611767	1.237328212444305E-4
159.0	27.243047809245585	21.31448358380337	24.85663784266015	26.585150223248394	6.805410425022628E-4
160.0	26.405118283907363	21.281204313741746	26.666575925727713	25.646977738979153	1.2373764402288405E-4
161.0	24.63168783858362	21.039638877133587	28.597307912184185	25.72691073147674	0.004454640621867831
162.0	25.386567640675235	23.74668682823973	24.815192454754015	26.051491205709915	6.187062110679116E-5
163.0	24.94740854035807	23.78977770518094	27.852127664840197	23.410624217315338	6.187230546109718E-5
164.0	25.54874053412911	23.930006230660666	25.241476771762915	25.27680653582073	0.00296992762657615
165.0	26.362417419637868	21.57184375489202	27.19136121394447	24.873573232237295	8.043792883470809E-4
166.0	25.169280461356163	23.377008300822038	25.999733928179168	25.45385355530736	1.237543352690574E-4
167.0	26.11723719709908	23.522994480334646	26.75181307393381	23.607398331724465	5.569169079973268E-4
168.0	25.602930228845228	23.53236389244194	24.764493190831836	26.100150806041896	6.188183910350541E-5
169.0	26.754753201135458	22.37115781747881	25.85977816847586	25.013815736138934	4.950767709360231E-4
170.0	30.616789023584985	23.17332559358525	22.898741940255	23.31114344257476	0.0
171.0	25.463284408915555	23.674752252837628	27.047108781023315	23.81367878700118	0.0011757702223195842
172.0	26.780888532525577	24.43829470256037	24.607443538687694	24.173187620334485	1.8560589187343164E-4
173.0	28.18235246809327	20.53797566241656	24.000049491781272	27.277209653371937	0.0024127243369647926
174.0	24.208072017410476	25.417352820727274	24.099380265240043	26.274390689007966	8.042076142376916E-4
175.0	25.35704873531191	24.240401473355742	24.031610087809923	26.36914564420958	0.0017940593128381646
176.0	24.17513275272512	24.49987657383823	27.97517370917579	23.34734225425047	0.002474710010387595
177.0	22.587754985864283	26.11732180612937	24.57071539905168	26.70094219546952	0.023265613485145584
178.0	24.78149497899407	22.871099671453585	24.671670141875126	27.6755495882342	1.8561944301792466E-4
179.0	28.00381912731827	24.192426593798807	23.572158735108992	24.229367925765867	0.0022276180080639772
180.0	26.02250468305006	22.646554199057377	25.85601690548517	25.474800199165266	1.2401324213399506E-4
181.0	27.30779091863423	22.04077755849909	26.992302759372922	23.658135491052168	9.932724415940286E-4
182.0	25.999695806160233	23.280699521670705	25.695874448648663	25.023543982394003	1.8624112638633238E-4
183.0	23.44608252133059	24.566124834867946	26.31025457651698	25.677165588962726	3.724783217616735E-4
184.0	25.96083227534743	22.323988912100774	26.65745779179458	25.054244411816747	0.0034766089404723844
185.0	24.699944318604352	24.409122313465772	24.65394664393889	26.23630389751147	6.828264795142745E-4
186.0	26.791469876885333	23.190154799684144	25.680693991269237	24.337681332161285	0.0
187.0	24.642296462305485	22.527771666374562	28.38552057346922	24.443789799218653	6.214986320815108E-4
188.0	27.43199209964196	27.097009958105478	23.20730174060201	22.263261159908293	4.350417422551693E-4
189.0	25.3542730604556	23.38112080865184	25.136062856471632	26.12785961955228	6.836548686481471E-4
190.0	28.064029715118238	21.858400699120754	25.680816071821482	24.396629203705935	1.2431023359135994E-4
191.0	26.175691476155126	23.937094011137294	24.76128368241349	25.125744150866847	1.8667942724262662E-4
192.0	26.132798814134055	23.70929108789634	24.71232358408316	25.445586513886443	0.0
193.0	26.858855270405257	24.023762179050323	23.019377565341326	26.097880510718806	1.244744842866523E-4
194.0	27.453483335158978	23.1376529809502	25.13175779966342	24.277105884227403	0.0
195.0	26.414184107554807	21.599664856076103	25.106164183173835	26.879239875653138	7.469775421201961E-4
196.0	27.581640888616114	22.724789216254955	26.672329979005827	23.021052802279296	1.8711384380484775E-4
197.0	24.60312113227133	24.028139597556596	24.510420409629894	26.857445502455384	8.73358086796822E-4
198.0	26.90010834019571	22.97668124115128	24.539429208366812	25.583593770501228	1.874397849690787E-4
199.0	25.54032571006547	23.014883522976206	26.08684767233718	25.35737979896604	5.632956551128469E-4
200.0	27.177892490725213	23.664646775716992	24.55497614876212	24.602484584795672	0.0
201.0	24.85396223675019	21.55869178207385	28.737264730847333	24.849705670997512	3.7557933111824986E-4
202.0	24.682466994659425	25.23787195762095	28.54701379059505	21.532647257124577	0.0
203.0	25.339273848435447	24.434418329086082	23.42228031356801	26.80327596778143	7.515411290277124E-4
204.0	24.816116482840567	23.695433901211818	24.93462371760703	26.55363799046305	1.8790787753667805E-4
205.0	27.088880829294666	24.142076030370056	25.653249947852757	23.115041520482123	7.516720004059028E-4
206.0	25.454420162065823	21.348710897000185	26.30634637732457	26.890459917369608	6.264623981607064E-5
207.0	25.522996560869597	23.25745609610769	27.239616977738066	23.979742400424048	1.8796486059586114E-4
208.0	27.813332848728823	22.156932904625446	22.611061641067224	27.418672605578507	0.0
209.0	26.39663517733821	21.505333213835584	25.456781194396726	26.640561004332632	6.894100968495839E-4
210.0	24.550306273146	24.562466934284792	25.346140055713377	25.54077331775432	3.134191015151933E-4
211.0	25.256550687217892	25.140932805570728	25.96536855707755	23.63608205860021	0.0010658915336235486
212.0	28.163061518139067	21.872879155287546	25.126482317565017	24.83726339056661	3.13618441767955E-4
213.0	29.781563420533086	22.646792669748343	23.47772772741364	24.0934768993653	4.392829396312282E-4
214.0	27.113741983732936	24.812202873015046	24.853394853388576	23.220660289863446	0.0
215.0	26.071634885854632	23.973988020997865	23.695153399944875	26.258657339876184	5.663533264447987E-4
216.0	25.52008954662574	24.474955404560678	26.653969883467415	23.350985165346167	0.0
217.0	28.944155761847846	22.81852943228791	25.42941225048445	22.80668622609513	0.0012163292846639443
218.0	24.092495135454897	24.559543129931953	26.055104171981124	25.292534658874782	3.229037572435385E-4
219.0	26.224595948640484	22.921637714890963	25.117204370418573	25.73584541855819	7.165474917906456E-4
220.0	26.89595885118819	21.888700105528226	25.51735327618366	25.697660649224307	3.2711787561800744E-4
221.0	25.36102598754858	22.32186783159168	25.16950620430577	27.147402397685426	1.975788685448514E-4
222.0	25.089436579461292	24.54776531522489	24.941073558013795	25.421658076412275	6.647088774529419E-5
223.0	30.51684292791569	22.31222558756545	24.522820045817863	22.646836856881233	0.0012745818197674225
224.0	29.092357972885736	23.0360985582096	25.446121153432323	22.425355067785667	6.724768667957822E-5
225.0	30.33565085497758	19.866180361133228	24.25016255997145	25.546654373843324	0.0013518500744193465
226.0	25.09036894042759	22.19015484396661	26.359703928929818	26.359635571183652	1.3671549232615942E-4
227.0	27.31771155081934	23.789247433546223	25.770833433992113	23.120205909901305	0.002001671741019569
228.0	27.37735206311345	27.619557065260754	23.29511198252183	21.707909509269495	6.937983447359092E-5
229.0	26.86064033817371	25.46584154817354	23.092740560156113	24.58077755349664	0.0
230.0	25.441642823920734	22.462262688334203	27.97043029696551	24.125664190779553	0.0
231.0	24.524795567323835	24.811457350598122	25.04973649632748	25.611944169714036	0.002066416036528535
232.0	24.926813719696725	24.978529398071046	24.729549206894948	25.365107675337278	0.0
233.0	22.865115215774562	24.742960161357068	23.39026359424601	29.000792895196035	8.681334263200692E-4
234.0	26.67620756593312	21.33506537350786	27.097474964313367	24.890004440187735	0.0012476560579205978
235.0	25.18809326575634	22.328392730425385	27.944171780962645	24.538971083815074	3.7113904056104344E-4
236.0	28.11910098992307	23.569310050651954	24.214450452268423	24.09691261766019	2.2588949636430857E-4
237.0	27.180475967188954	24.018804844927015	23.75908119332818	25.04118127066676	4.567238890952604E-4
238.0	26.969164095466773	22.49250216535615	25.18347733080169	25.354856408375383	0.0
239.0	26.86645036623714	23.687708834836346	24.896783455360307	24.547182809270822	0.0018745342953859902
240.0	24.96578366891012	21.570200942814168	26.80060165899807	26.662929821236304	4.83908041341877E-4
241.0	28.73576403642985	21.428871479279998	24.369206857497378	25.462845528586637	0.0033120982061352984
242.0	26.334819345808924	23.99467368202789	21.889579337514903	27.78011767145301	8.099631952724068E-4
243.0	27.31228776254559	23.16641039268747	25.506063347681973	24.011911668647887	0.003326828437080343
244.0	26.278229162344687	22.361637545650314	26.79947054176724	24.55952378046846	0.0011389697693016732
245.0	27.97731044804117	21.443584003131843	24.152873099179114	26.423867255518445	0.002365194129425054
246.0	24.369720430529306	26.672893667826266	24.009992620758467	24.944369671399024	0.0030236094869425015
247.0	25.09178672698366	23.14131877858091	25.399108357509302	26.23862909967055	0.12915703725557687
248.0	25.95542668573459	22.494074094130216	25.254738058140745	26.28599746800339	0.009763693991061707
249.0	25.20245782814971	21.33417896678967	28.862842646283603	24.585776884554562	0.01474367422245651
250.0	26.88453702205506	22.54575954403912	25.092625308338256	25.47608748055859	9.906450089653372E-4
