# Position (bp)	A	C	G	T	N
0.0	24.663908188492837	23.27739563768905	25.317908151785634	26.74078802203248	0.0
1.0	22.872057706909644	29.63594207614709	23.9790785334635	23.434754311747476	0.078167371732292
2.0	23.81944120228185	26.915475298780787	22.233499309503944	27.030704576625443	8.796128079744344E-4
3.0	25.52830863487226	22.62520561392786	24.103665252074393	27.734977929250554	0.007842569874931293
4.0	25.966407390617285	23.226679512237634	23.9971435269605	26.80956688761319	2.0268257139324675E-4
5.0	28.269710725339575	23.67655931743544	22.074892050109806	25.978230499167854	6.074079473255828E-4
6.0	25.821394482880333	24.114109117803768	23.46995343461008	26.589760464077695	0.004782500628124202
7.0	25.827156874544876	24.602399220565978	23.614053749479737	25.955448809971273	9.413454381391483E-4
8.0	27.551188255017113	24.299054753657888	23.847815271780984	24.301941719544022	0.0
9.0	26.41276480228431	25.459895503430158	22.540225146874988	25.58684643562133	2.681117892105113E-4
10.0	24.944916587976078	24.864551731527804	22.998077940516612	27.192386769265802	6.697071370689598E-5
11.0	26.730379530342212	22.969282038258815	22.87657619370922	27.423567885814386	1.943518753660294E-4
12.0	28.727860472301415	24.481309789332172	20.133389337789858	26.657440400576554	0.0
13.0	25.739616465546067	22.56931434699459	24.48541232819003	27.20553091619181	1.2594307750725904E-4
14.0	26.449591979176994	21.814939493908224	23.801682481644832	27.933786045269947	0.0
15.0	25.79171406441007	23.997233961003523	23.768801959359653	26.44218849300708	6.152221967246801E-5
16.0	26.99807879952243	25.13839310064788	21.21150780904358	26.65195968509282	6.0605693298828496E-5
17.0	28.2569564750657	26.290989039144385	19.178146375254954	26.27242539103761	0.0014827194973462288
18.0	25.84351963070256	26.05437009821239	19.653430368119835	28.448621022633596	5.888033161402765E-5
19.0	24.969609513013694	24.446670410040056	21.873824090366128	28.70925125107993	6.447355001916623E-4
20.0	22.80978965120923	25.050301050552193	23.78313895995856	28.356770338280015	0.0
21.0	23.675647960917832	24.23192363307467	23.775542535847404	28.31648260486338	4.032652967168444E-4
22.0	23.022134441889463	26.402709888344255	25.910541983370518	24.664613686395764	0.0
23.0	24.53336298629534	24.568538056021406	23.16023038535991	27.737471434439342	3.9713788400396686E-4
24.0	28.18984751913378	21.636622350950162	24.246394261128746	25.92713586878731	0.0
25.0	25.055070086928794	25.40285192216131	19.5929508066483	29.948904959446747	2.222248148450621E-4
26.0	26.125733272759227	25.85530526364658	19.510057180629108	28.508738477931907	1.6580503317758713E-4
27.0	26.15508107771365	23.940928739931095	19.791584545148318	30.112295376147337	1.1026105959775663E-4
28.0	27.16952635011548	23.5936824887773	23.30272869975803	25.931828546489676	0.002233914859511274
29.0	27.661141029956244	23.60143783065358	22.264529339167506	26.472622099094668	2.6970112799799774E-4
30.0	23.30792720480103	24.111669146227694	25.614454501929558	26.965842038574046	1.0710846767412891E-4
31.0	26.671721671369987	24.911226586411807	21.69929151782289	26.71722737077234	5.328536229783534E-4
32.0	24.255869173001408	22.995098528396905	23.90031051981577	28.848457776221924	2.640025639929015E-4
33.0	23.936537531938402	25.366729235591883	24.241534884791566	26.45509371736842	1.0463030972664284E-4
34.0	26.65435823757275	26.117192370158097	22.521518556332346	24.70682702573922	1.0381019758713959E-4
35.0	25.66073420050468	22.39147081648071	26.054456030712466	25.893030594257343	3.083580448044239E-4
36.0	23.865592480146585	25.08452850962783	26.313632610133563	24.736092338409836	1.5406168218923705E-4
37.0	25.70638842713	25.539590505712408	20.99148504055207	27.762484688371785	5.1338233738871156E-5
38.0	26.665759879277513	25.626632858895327	21.048212003469747	26.659292603181285	1.0265517613061844E-4
39.0	23.5518927135583	27.412708138960824	21.79912736364672	27.235963866984026	3.079168501337899E-4
40.0	26.288785430855725	26.720223559662177	22.1137184291506	24.87706732908087	2.0525125062152645E-4
41.0	23.87507266409001	24.557717477913453	21.476041758057953	30.085986053625458	0.005182046313127971
42.0	24.74853966778404	26.144076535465068	20.283714358710743	28.823618135309925	5.130273022869731E-5
43.0	26.45358172097838	25.531207647789657	22.624864960249838	25.38619060174636	0.004155069235764784
44.0	28.981411480136927	24.819382283820364	22.380645617936725	23.81835545812736	2.0515997862233023E-4
45.0	25.81669012033166	24.128692926566096	21.921911603615282	28.128397533467624	0.004307816019331837
46.0	25.78186895769095	23.640648724708388	22.512092950987718	28.06538936661294	0.0
47.0	25.47681150428729	24.121891053628186	23.611148854611525	26.78784124895721	0.002307338515786554
48.0	22.762152794685313	23.865603332904488	22.7757357746476	30.596508097762605	0.0
49.0	21.907065376722368	26.270621785133656	24.10552654615979	27.714889918056144	0.0018963739280361972
50.0	26.884432798271046	25.072659036293388	20.538560923147724	27.504244743206492	1.0249908135198339E-4
51.0	24.865181735635268	26.573699626341778	21.469718926209165	27.08883760112651	0.002562110687281068
52.0	22.856554114271777	25.778004347201396	21.60066184632832	29.764779692198506	0.0
53.0	22.59633954872225	25.180106469341716	23.770890385970496	28.45072463546267	0.0019389605028643038
54.0	23.87845255382091	28.545975715409668	21.9814931788241	25.594078551945326	0.0
55.0	24.65968104052474	28.136851358043796	21.68141615441739	25.520117310471164	0.0019341365429141634
56.0	26.591790796772013	25.6074355413216	24.74771507134311	23.053007698449978	5.0892113300094E-5
57.0	23.09152788704528	27.54976067448779	23.074378684915725	26.278989530335767	0.005343223215439777
58.0	25.11156250604244	25.363080621147464	21.72011320604946	27.805091015669127	1.5265109150618795E-4
59.0	27.493872832722865	22.531948528233308	24.683592929170096	25.28748205860609	0.003103651267638025
60.0	23.343536029956375	23.228190147357033	24.141349287565063	29.28692453512152	0.0
61.0	25.43473100280544	23.447897599238736	23.265714441116057	27.845557074313344	0.006099882526429012
62.0	25.20095723451127	21.70922680134639	25.486978825151198	27.60268464836169	1.5249062945082024E-4
63.0	26.872145712564837	23.6365114984739	22.4778963472745	27.010498440863355	0.0029480008234071264
64.0	24.935068757593072	21.60218538415241	23.64446199175254	29.818283866501975	0.0
65.0	23.76748627890361	26.382410609898677	23.85989055598857	25.985087441543257	0.0051251136658872435
66.0	24.044339714550148	24.340922191371554	23.32569170441814	28.288589718609447	4.5667105070875346E-4
67.0	26.632999588505974	24.888538901914742	21.181743872113138	27.29600729019259	7.103472735603164E-4
68.0	23.552715162166933	22.379767541447396	27.156593936269747	26.910872622698296	5.0737417627802484E-5
69.0	23.71262898824107	24.348342704994845	24.96782111533511	26.967655718151022	0.0035514732779540264
70.0	25.928039238241375	23.271228414583906	24.328753545311322	26.471725429605332	2.5337225806876625E-4
71.0	24.87196935151023	23.206534542744794	26.296155491137196	25.624380068775082	9.605458326971824E-4
72.0	26.779385649863798	25.812623562304722	22.387379167376466	25.019600627422278	0.001010993032741515
73.0	25.00687404723684	22.686175482295283	23.456624761935572	28.845726162219425	0.004599546312882369
74.0	24.53705201190322	26.100714435890797	23.22376560680554	26.137810923146592	6.570222538491397E-4
75.0	25.59445415337094	24.87009186811987	22.105810565086475	27.427116509476395	0.002526903946316431
76.0	26.683653461303663	23.742161884624558	25.27825056903404	24.29522658268277	7.075023549721244E-4
77.0	24.118885129757412	24.853086460304667	24.252091455541883	26.775280018798465	6.569355975713597E-4
78.0	27.357412729076223	26.966302354595623	20.102416344573292	25.573514854361918	3.537173929411146E-4
79.0	27.657697352863302	20.516269471522612	22.41162904917728	29.411321830136167	0.003082296300638086
80.0	24.16454455425534	23.414933608197416	28.31105115301441	24.107348572121506	0.0021221124113260173
81.0	24.9386502292564	25.60860943045889	21.543129255137742	27.909206886533873	4.041986130935088E-4
82.0	22.219724190334535	22.442728268469832	24.29360149060089	31.043188220696234	7.5782989851142E-4
83.0	24.97306046731564	22.716202063924364	24.001620666120047	28.30835900987808	7.577927618666557E-4
84.0	23.55181733222197	26.126240812305827	24.85979136672476	25.46149377383749	6.567149099542825E-4
85.0	25.437168821066138	26.778655028363314	20.990771189137583	26.792748286330546	6.566751024160593E-4
86.0	25.230465082096636	25.419221426799965	22.5545900825386	26.79415759462693	0.0015658139378654725
87.0	22.69019056050982	21.962867695521364	26.063522190140308	29.28261147342855	8.080803999593939E-4
88.0	24.885120308668938	27.2056925986622	25.632652648962306	22.27613042676814	4.040169384101429E-4
89.0	26.49226446461288	26.768901511555327	22.58525854807465	24.152666482174638	9.089935825053075E-4
90.0	23.320323565992545	25.739241440847305	24.728590062045935	26.211743936672445	1.0099444177089714E-4
91.0	26.874875972714758	25.119684752306465	23.850402769930078	24.154531559358134	5.049456905662511E-4
92.0	25.413094825749365	24.32778366282293	22.72503733833938	27.534084173088324	0.0
93.0	26.331366772441893	25.715093544176938	21.1652946180858	26.78809359719077	1.5146810460387304E-4
94.0	28.104071276495308	23.811254815894127	23.133508121701578	24.947480184845517	0.003685601063472614
95.0	23.764065733402195	27.41190505399616	23.177935660991654	25.643518820025758	0.0025747315842323437
96.0	25.889883664284756	24.964649995835238	24.019728356483526	25.125031235723068	7.067476734119001E-4
97.0	25.461888664148475	25.09556795862398	23.63775591844935	25.804585545753238	2.0191302495493554E-4
98.0	28.795914319013633	22.924262163183947	23.839330736542124	24.4404927812603	0.0
99.0	22.112143099383093	21.981636171312296	27.212158037531086	28.69401222505733	5.046671619133749E-5
100.0	22.837474837341613	25.29961793635166	24.146765731045562	27.71614149526117	0.0
101.0	23.364139361323673	21.947869438956886	28.68174925760248	26.00619148179265	5.046032430850433E-5
102.0	24.960324889325992	24.403687501923834	24.949980345366477	25.686007263383697	0.0
103.0	25.768397493014568	25.764512493049885	25.029742954275065	23.437145241480497	2.018181799834711E-4
104.0	26.134917139280777	26.613459424306313	22.56691393453582	24.684154524003045	5.549778740412127E-4
105.0	27.460311453863405	23.384670496141513	20.701969480245914	28.45027358797575	0.00277498177341517
106.0	26.362115895451417	22.969155594348262	24.881877051227395	25.78675055309037	1.0090588256068858E-4
107.0	25.964753313048316	24.533585054540996	22.785528586787564	26.715325815668027	8.072299550927885E-4
108.0	23.131640822643533	24.525649219786104	24.886132103407032	27.45652740875561	5.044540772753023E-5
109.0	26.406496453714684	24.721248001888526	25.317112711898176	23.554436652363155	7.061801354554383E-4
110.0	24.873636685990004	24.186450261452645	23.061248062496436	27.878664990060916	0.0
111.0	25.025093539636696	23.99850296229866	24.651439385609272	26.324308401871903	6.557105834714529E-4
112.0	25.866978700654165	23.8787707609359	23.788640685129796	26.465508980223838	1.0087305630229637E-4
113.0	27.939304440100305	22.144417747489847	22.650836112304738	27.26468517431363	7.56525791477283E-4
114.0	26.41450241996171	22.330325277554174	27.554224694302043	23.700392802454864	5.548057272090852E-4
115.0	27.575362468696174	23.259683695781014	26.389335135694058	22.774912551038167	7.061487905940981E-4
116.0	27.01058518638825	24.532100059417466	24.84093974423252	23.616324570686107	5.0439275651650224E-5
117.0	26.712680806162076	26.496447304243613	23.66624482555298	23.123920913113675	7.061509276553419E-4
118.0	26.760581140572103	24.45293616815227	24.85766050770106	23.928317791326876	5.043922476929098E-4
119.0	27.6745510406153	21.30430374536766	24.454926006126517	26.56576524227388	4.539656166441953E-4
120.0	25.204294870598538	23.736337678072342	25.07299938311801	25.986368068211107	0.0
121.0	28.010747833964427	22.784217611860345	24.7908868375351	24.41349199183471	6.557248054136639E-4
122.0	27.713615148982445	23.45409873854316	24.504110617190296	24.3275702139014	6.052813827047906E-4
123.0	24.576912368201242	27.927062274787044	23.017369391617336	24.477899370916912	7.5659447746559E-4
124.0	25.462693719027023	25.156274037552173	22.030793286508707	27.350238956912097	0.0
125.0	26.986351877341917	24.035857656824287	24.488945671302123	24.487987341982844	8.574525488281398E-4
126.0	24.640457502790543	23.704963560273963	24.878883116974823	26.775695819960667	0.0
127.0	25.44429167040756	22.62515673910039	27.718786599777868	24.21090752821808	8.574624961035895E-4
128.0	26.128104171647564	22.84686473241352	24.659256098385228	26.35770468088455	0.0080703166691382
129.0	24.139343332063948	26.83309921138312	22.565539434627016	26.45899166996623	0.003026351959688992
130.0	25.978118157510732	24.66471329701996	23.25617876308222	26.1009393424754	5.043991168980261E-5
131.0	25.727202844045582	24.2032395002744	24.43097903283081	25.638074216354067	5.044064951415567E-4
132.0	26.417912329858844	25.10364203586804	22.2690531614667	26.203944929371087	0.005447543435331859
133.0	26.737679838470086	25.96049619100317	24.407944745712957	22.892063375170174	0.0018158496436142873
134.0	26.650179416123343	22.989525568689086	21.06608586350251	29.29420915168506	0.0
135.0	25.743490673580354	23.36674165464505	26.80682356976404	24.082540579256914	4.035227536392708E-4
136.0	28.108401756557583	26.616962099637124	23.935064266885377	21.334073807297198	0.0054980696227113655
137.0	28.937816516352928	21.608861449064825	24.2959970139015	25.157173698121582	1.5132255916712063E-4
138.0	25.124908329945615	23.62858068023972	27.55236163243814	23.693342358273302	8.069991032222466E-4
139.0	26.383054916676755	23.47380260662551	24.91803857482952	25.223842956865596	0.0012609450026227656
140.0	26.645126081022326	21.38177174175104	25.750801719346278	26.22209870403417	2.0175384618488523E-4
141.0	25.684584306387098	25.382302947154983	25.047286630115153	23.885473042837905	3.530735048598046E-4
142.0	28.79750506663546	22.471650547922955	23.743832525126376	24.986860542182956	1.5131813225003002E-4
143.0	26.400848589517516	25.574452330897458	24.302324642991167	23.72222311891955	1.5131767430787295E-4
144.0	28.5596760957166	25.289562338813283	22.591536906052323	23.55877070112849	4.539582893035826E-4
145.0	28.25547471763894	22.265264041384707	22.626664003454106	26.85173976378112	8.574737411276688E-4
146.0	27.629562675215908	21.70901776193738	24.42364747694136	26.233585566900068	0.004186519005283084
147.0	26.346998521101046	24.18640381406629	26.840099346500175	22.623068402607544	0.0034299157249530407
148.0	24.414189388222855	24.617109664714974	23.566494094480245	27.401853772309632	3.53080272295506E-4
149.0	28.25749990542364	24.89310349175925	23.593346868261435	23.253779901892788	0.0022698326628920193
150.0	25.3934994158796	24.27978660941816	25.136900065978367	25.189813908723874	0.0
151.0	26.63838459249096	24.029237140652036	25.282257454310663	24.049515488723323	6.053238230234916E-4
152.0	27.321277239709442	23.84074858757062	23.159755851493138	25.678218321226797	0.0
153.0	25.184841042000546	22.996308980270676	25.068213494997675	26.749980705001413	6.557777296874109E-4
154.0	23.079111634847337	25.12018636579635	24.74482151883281	27.052803305995244	0.003077174528259056
155.0	27.55075682433462	23.614372245973712	24.143710351354976	24.690958771967885	2.0180636880719318E-4
156.0	26.108973602185202	23.61262889380634	26.088338484544852	24.18980675641177	2.5226305183803904E-4
157.0	24.796247133030416	23.107194643143643	26.433989318173335	25.662316642600775	2.5226305183803904E-4
158.0	25.2306096429467	21.670924088396283	25.57904046812635	27.519375347182105	5.0453348563517486E-5
159.0	26.297413221134804	21.629566243163975	24.37174659668218	27.700618023646257	6.559153727895021E-4
160.0	26.011866049566162	21.176140551989775	25.92084490228597	26.89114849615809	0.0
161.0	24.441274681849233	20.839518406879787	28.39011827912501	26.326212636016955	0.0028759961290101225
162.0	25.23849721149873	23.46942739981906	24.920618662296427	26.371406269473212	5.045691257179388E-5
163.0	25.36125556175631	23.783528219763674	27.306066388877397	23.54909937139161	5.0458211014220126E-5
164.0	25.28919372914462	23.890618795107283	24.707955331584422	26.11056699379303	0.0016651503706473349
165.0	27.0959316642311	21.839097279971583	26.221600771845406	24.84256291428156	8.073696703509636E-4
166.0	24.886612275545794	23.54271290853895	25.50774689962537	26.062826992636612	1.0092365327477071E-4
167.0	26.458548223985527	23.770960038917497	26.11711178889277	23.652824849063496	5.550991407065302E-4
168.0	25.52075658326352	24.60808260242034	24.10125457977129	25.76985576874552	5.0465799327795555E-5
169.0	26.63978109336235	21.8224320761611	25.64275058491515	25.89458204053124	4.542050301693075E-4
170.0	31.35223191846276	22.618348301610276	23.092579247084565	22.936638668015124	2.0186482727436054E-4
171.0	25.57031399820342	23.461045449498876	26.821966753131406	24.145815880577732	8.579185885725244E-4
172.0	27.631831884862322	24.818880157418736	24.194906595693688	23.35433090730206	5.0454723192774886E-5
173.0	28.61867247864024	20.320213509306978	22.83848313543866	28.221016439510322	0.001614437103800738
174.0	24.388766130903733	25.52668220480068	24.21224687471623	25.87195165017001	3.531394093491136E-4
175.0	25.651764202607865	24.338398798978165	22.96293418997615	27.045439870212157	0.001462938225667806
176.0	24.83903920416281	24.26602230220727	28.527100889616435	22.366475560140543	0.0013620438729465298
177.0	22.26186506220792	26.03676929464726	24.306520770701205	27.369468297695974	0.025376574747634252
178.0	24.96330142869682	23.117224569025094	24.42051568681061	27.49865564683817	3.0266862930457847E-4
179.0	28.241153199256196	24.022445291745406	23.17890550195183	24.55633570472223	0.0011603023243377953
180.0	27.05642753529028	21.882475120221294	25.481959600790976	25.578884938955238	2.5280474221247635E-4
181.0	27.652327354232852	22.403100304320624	26.163677116425415	23.779933466562188	9.617584589187406E-4
182.0	26.06365048917142	22.962308747387123	25.363019349222338	25.610970801552796	5.0612666325874714E-5
183.0	24.19293616065057	24.433387689246132	26.08284165019288	25.290429614153997	4.0488575642275333E-4
184.0	26.269327516309765	21.673136587020007	26.556956387506897	25.497239106999153	0.0033404021641757053
185.0	24.906202525624145	24.19782537627792	24.41507520497797	26.48003659796788	8.602951520850012E-4
186.0	26.688205575115674	22.649356590900922	25.680289925043994	24.982147908939407	0.0
187.0	24.43833280704093	22.927628627806182	27.72908798679724	24.904139598088317	8.109802673295079E-4
188.0	28.27645348719342	27.864096565314174	21.597801979475413	22.26144523600034	2.0273201665646246E-4
189.0	24.478200776572468	24.00491832608644	24.755946314017685	26.759768863002016	0.001165720321394161
190.0	29.292961547156004	21.226713945833726	24.83545045469705	24.644671311459625	2.0274085359981594E-4
191.0	26.460724628785385	23.99732359221001	24.246854485291173	25.29484365385464	2.536398587936178E-4
192.0	27.009314168911203	23.30221507668627	24.047896511714626	25.64052350915715	5.073353075441267E-5
193.0	27.753882218033382	24.58321176957092	21.616311785046516	26.04628978940505	3.044379441305633E-4
194.0	27.337848041145886	23.395783521350314	24.17863507386043	25.087733363643377	0.0
195.0	26.34301536600195	21.50250652895221	25.04899886016116	27.10487024817631	6.089967083727912E-4
196.0	28.654122027897323	22.066355339865094	26.132476675925076	23.147045956312507	0.0
197.0	25.396940882812192	23.8171143884742	23.961507406120372	26.823775902850667	6.614197425652606E-4
198.0	27.420339981992438	23.3396791472205	23.997577238275962	25.24235264846808	5.098404301421742E-5
199.0	25.927184240332977	22.953420209252197	25.172644048001608	25.946240607841926	5.10894571285375E-4
200.0	27.101347308678232	23.388264940901642	24.230147647536405	25.280240102883717	0.0
201.0	25.002209993873336	21.17613574523293	28.595072403487144	25.226275268661162	3.0658874543374387E-4
202.0	25.19553866264126	25.01438498197661	28.32671232386701	21.46336403151512	0.0
203.0	25.71337142343037	24.67403011595209	22.366285510103825	27.245648410035788	6.64540477927288E-4
204.0	25.740974209690563	23.212045361824043	24.06015114473064	26.986829283754755	0.0
205.0	27.444311739731518	24.573953109789517	24.885831908575543	23.095187454496372	7.157874070498924E-4
206.0	25.069898960975213	21.186339278409555	25.61656303689765	28.12714759060787	5.1133109711200194E-5
207.0	26.272151643022735	23.75063224654265	26.897263836418322	23.07964542028477	3.068537315203733E-4
208.0	28.568103719026443	22.61702713181863	21.41107758977869	27.403740407800818	5.1151575417371275E-5
209.0	27.229151744602476	20.122019850608822	25.45748490739793	27.190576076946687	7.674204440806302E-4
210.0	24.282546134826678	24.288635358844623	25.05997118108431	26.368693815395194	1.5350984919192416E-4
211.0	25.23439011482275	25.505861928125483	25.724564616331097	23.534569151097813	6.14189622856862E-4
212.0	28.701070941214724	22.065587788761135	24.57296763110261	24.660322434464696	5.1204456835923E-5
213.0	29.431988991431062	22.905333889363064	22.822749129837383	24.83951813944529	4.0984992320437064E-4
214.0	28.191751424073104	24.906757881169934	24.09473758143145	22.806701846181134	5.126714437391794E-5
215.0	25.133789052964172	24.784418849545197	23.607311591659315	26.474120754224383	3.5975160693333855E-4
216.0	25.992903089170255	24.197963946530237	25.651190362486453	24.157942601813055	0.0
217.0	29.136984481764998	22.559959669532823	25.46033316563836	22.841885951379616	8.367316842049114E-4
218.0	24.79509234828496	23.98221635883905	26.28765171503958	24.935039577836413	0.0
219.0	26.55352883550558	22.82061930317744	24.15080074963796	26.474571939688218	4.7917199079989777E-4
220.0	28.014142119425312	22.321955089735525	24.180821528185064	25.482974335998836	1.06926655264721E-4
221.0	25.255673569561253	22.637446932752127	24.495857778428988	27.61075237654542	2.6934271220569595E-4
222.0	25.38025932671259	24.549736935038815	24.11007101584049	25.959769480111373	1.6324229673205247E-4
223.0	30.38907496649227	22.62601520851853	24.257944840910532	22.726304462101176	6.605219774927136E-4
224.0	30.496462901154903	22.853173291634505	24.00283387250112	22.647474758064202	5.517664527100286E-5
225.0	30.325368130386888	19.980884844222018	24.480268566274564	25.21264640068162	8.32058434909178E-4
226.0	25.814262725073966	22.525891329106003	25.83637791377434	25.823355772204575	1.1225984111864687E-4
227.0	26.6775956594125	23.734312026524552	26.000017017462753	23.58699752395917	0.001077772641025132
228.0	27.66268030843955	27.511573895882552	23.102630905195838	21.723000847906548	1.140425755147169E-4
229.0	27.75291174186869	25.47999884968222	22.222759037184023	24.5442728553763	5.751588876427113E-5
230.0	26.270851886727826	22.87899142296166	26.77343359036195	24.076723099948563	0.0
231.0	25.360018145986817	24.41801755093985	24.55399462101105	25.666850286771396	0.0011193952908807579
232.0	25.298338968032656	25.158971965495265	24.642016930158945	24.90055367732245	1.1845899068201579E-4
233.0	23.355312233190038	25.26624825871392	22.130285645811178	29.24755471008523	5.991521996375129E-4
234.0	27.00403848727025	20.94953107324016	26.667335693172276	25.378121616854603	9.731294627108953E-4
235.0	25.47056903492547	21.143503808380466	28.271577390557084	25.114288296030203	6.147010677972248E-5
236.0	28.50143073336231	23.690936651778394	24.206798805030544	23.600833809828757	0.0
237.0	28.11391570132466	24.819460137867374	22.242385257760937	24.824113146068616	1.257569784119283E-4
238.0	26.55838566737862	22.240619720105837	25.12671745991265	26.07427715260289	0.0
239.0	28.387777779215085	22.719264317619405	24.797652418792552	24.094335302586764	9.701817861952186E-4
240.0	25.30516714077754	21.905591837279808	26.951867729743444	25.837172963660404	2.0032853880363796E-4
241.0	29.339243042006714	21.412753791409305	23.592989653775227	25.652673343059522	0.0023401697492274097
242.0	26.361961669602962	24.10119171227417	21.38028282232836	28.155893918181146	6.698776133600391E-4
243.0	27.755007274035183	23.11901770999415	24.68347210367245	24.440221388347585	0.00228152395063319
244.0	26.68366211594688	22.23109642833373	25.957859622160505	25.12664231638293	7.395171759587E-4
245.0	28.548087254157867	21.05422446066054	23.55062841489538	26.845576964816047	0.0014829054701686602
246.0	24.447091490557067	26.517122066640734	23.439593327282942	25.594099788236313	0.002093327282942219
247.0	26.274974201079328	23.033073370438668	24.94026492531001	25.610055657999357	0.1416318451726413
248.0	26.495025895152573	22.43871706370309	23.5340024184616	27.523583387810817	0.00867123487191299
249.0	25.408796744974804	21.893046261590527	28.663006959239517	24.020140841913815	0.015009192281336103
250.0	27.26926908671225	21.82144451461173	23.984691433299943	26.923233961935455	0.0013610034406166978
