# Position (bp)	A	C	G	T	N
0.0	22.73445786606527	23.85109552692734	25.512321459832965	27.901953515194577	1.716319798435403E-4
1.0	22.833860339293356	31.973450171252033	23.73431043625505	21.38186854709452	0.07651050610504312
2.0	22.7900287469033	24.661888534009808	22.476325829933117	30.070822996843443	9.338923103307168E-4
3.0	24.93825883119218	21.0603536886956	25.28614657082085	28.706675170212257	0.00856573907910672
4.0	26.504713007425888	21.412444509231936	24.72866942503174	27.35408830723283	8.47510776099518E-5
5.0	29.652719633391943	23.031272249487177	22.29719261738205	25.017799589741678	0.001015909997146986
6.0	27.250864500058224	23.71624483789253	24.791363943976684	24.235113638089643	0.006413079982920955
7.0	27.06125370382675	25.17559271741242	22.30033819102705	25.46214253814006	6.728495937250047E-4
8.0	29.46821543627206	25.17826143217495	22.623699065461395	22.729740039962827	8.402612876500076E-5
9.0	27.421744837366468	24.502458077815817	22.541021712671686	25.53452407777058	2.5129437544552395E-4
10.0	24.358174821551295	22.085114611489526	23.886469206036157	29.670241360923022	0.0
11.0	26.78249232374508	21.486224511107125	22.643334455389265	29.08778490597253	1.6380378599690573E-4
12.0	28.952170697049723	25.60188098961206	19.389554311223	26.05639400211522	0.0
13.0	25.049283522576204	23.700563776351412	24.27663605725432	26.973356956422105	1.5968739595368107E-4
14.0	23.358974075821084	23.19948192658944	24.249747983473398	29.191638257291913	1.5775682416582134E-4
15.0	23.216148173407618	27.12854116841085	22.8721500535313	26.783083802212214	7.68024380165924E-5
16.0	25.797852274727763	25.300587800902164	19.409318393298474	29.492089112842073	1.5241822952508766E-4
17.0	24.639966935927287	27.32457775038839	20.597219813350357	27.436759425659346	0.001476074674617789
18.0	25.25973200363018	25.68931828843588	20.357011850706527	28.69386478590834	7.307131906883757E-5
19.0	24.739846930230186	24.85301078479206	25.11786080991531	25.288990191009518	2.912840529263124E-4
20.0	23.32356956182673	25.554725891244463	23.4851619022633	27.636470569580567	7.20750849404876E-5
21.0	23.889602356322374	21.640216814781553	24.13410078475072	30.33593727134043	1.4277280492166412E-4
22.0	23.59339597564629	25.521257459343676	23.294108050254493	27.5911681933445	7.032141104130538E-5
23.0	23.122600994376025	24.812242607599295	24.10970041378693	27.955316049531287	1.39934706465963E-4
24.0	27.90127753267317	20.752072143021543	22.34663091312944	28.999950085547827	6.932562802086424E-5
25.0	25.099559175516937	24.63648530687431	19.83751123559847	30.426307782712225	1.3649929805235975E-4
26.0	27.640503314975078	25.329488225606294	20.481260548731566	26.548747910687066	0.0
27.0	24.231560619910848	24.686100196095914	22.25889425318494	28.823444930808297	0.0
28.0	29.60310741159658	24.406726855269664	22.00647490297805	23.980507561955203	0.0031832682005052595
29.0	29.094002780777554	22.74337347697324	22.9369795702227	25.22544256901375	2.0160301275542263E-4
30.0	25.543534575520948	22.873220875766183	25.840309900392956	25.7426689586826	2.656896373070761E-4
31.0	28.24193139781495	22.503750293457976	23.157780250709273	26.096272785270997	2.6527274680644773E-4
32.0	23.95679649044927	21.274953976315754	25.170581399903387	29.597472287866722	1.9584546487185178E-4
33.0	25.24411968727479	23.64757789682588	25.161958923475414	25.946150626781193	1.9286564272153996E-4
34.0	27.873868706182282	25.936966220522628	21.478712555768006	24.71038878266412	6.373486297004462E-5
35.0	26.285447110800675	23.175787806719015	25.650734961491473	24.887840314724095	1.898062647455742E-4
36.0	25.093492279693997	23.467289400498544	26.693895463174094	24.745196387536726	1.2646909664388957E-4
37.0	24.685084563201794	26.30536304402242	20.576835068254855	28.43271732452093	0.0
38.0	26.921066850352148	24.800447417396825	20.53348837062338	27.744934167080064	6.319454757443528E-5
39.0	22.208750285901306	25.266219923498497	22.55107366207666	29.97382976330531	1.2636521822641364E-4
40.0	25.991859302260202	23.986440172568134	23.56822335557716	26.45341399484873	6.317474576902934E-5
41.0	22.110339138185118	24.33382329996633	22.44847296540145	31.10237439051583	0.004990205931270336
42.0	23.987362838990517	26.503236661914887	20.757206459807474	28.75206771820546	1.2632108166215806E-4
43.0	24.16663456455965	25.44855063723209	25.277030658248968	25.103931887117625	0.0038522528416679875
44.0	31.199896952522387	24.243055660791953	20.925394131345122	23.631274404319914	3.788510206246496E-4
45.0	26.362960259908508	23.988630896838394	23.82359960150056	25.820894957012314	0.0039142847402240735
46.0	24.855866075548715	24.718818117601163	23.260592494115016	27.164723312735106	0.0
47.0	26.719738026437213	21.43381039486657	21.917878256522513	29.92680596005004	0.001767362123662328
48.0	19.58672329985278	24.985028721506456	24.249432542795137	31.178815435845625	0.0
49.0	20.178783936073415	27.039634835040992	23.27030611716929	29.509697643514905	0.0015774682013959965
50.0	25.53578785911368	23.839917623030722	21.47542855772792	29.14880286502253	6.309510514483798E-5
51.0	23.050168009014318	29.3635341576269	20.50385039059099	27.079734567208025	0.0027128755597671723
52.0	21.35766915045393	27.837086766043385	20.553623440695006	30.251620642807676	0.0
53.0	23.234307910821162	22.367015474071454	23.84412879990594	30.552850200601462	0.0016976145999885567
54.0	21.655061508595107	30.220246537312534	23.046863212529047	25.077828741563312	0.0
55.0	25.29979738349551	26.61624183905746	22.094829526978014	25.98775545938915	0.0013757910798709258
56.0	26.49793889010811	24.38787255819595	24.923829906695154	24.190358645000785	0.0
57.0	23.01623323443101	28.489807809407345	24.55240760260022	23.936049833766578	0.0055015197948433256
58.0	26.498264177550197	23.17882409124038	23.18845018620868	27.134149009449825	3.1253555091891706E-4
59.0	29.004596324690272	21.15028119206937	25.555977784639	24.2862071508662	0.002937547735150696
60.0	22.018027588146158	23.18054145251746	24.729101901176325	30.072329058160065	0.0
61.0	26.219890904319463	25.344688614934736	23.667639321932228	24.761407871634496	0.0063732871790706256
62.0	25.170992050673753	22.096352856865266	23.206059557154486	29.526595535306495	0.0
63.0	27.14772145097402	23.885091654275325	24.1798598008222	24.784640567794174	0.0026865261342763247
64.0	23.391530855097542	23.09544185349216	23.058649359410822	30.454377931999478	0.0
65.0	22.897296378910468	26.147600733824838	22.980935420540725	27.968795579061386	0.00537188766258549
66.0	22.335700405935565	23.841390936749878	23.71821738133771	30.104191586096878	4.996898799682446E-4
67.0	25.22089983854497	26.624465590091596	20.755059913245248	27.398825157004868	7.495011133214454E-4
68.0	22.52383804556444	19.549789303342603	28.082582347198866	29.84366539109884	1.2491279525481274E-4
69.0	22.350063920849315	24.336637732099508	26.123985838112564	27.186127395782783	0.0031851131558288505
70.0	25.77627341308048	22.73805197675769	23.734828873312427	27.750720858761635	1.2487808776681764E-4
71.0	23.709875728938258	22.038264436275306	27.750800805409888	26.500312357665706	7.466717108488911E-4
72.0	24.994540747796236	24.937677425696624	23.45780013599915	26.60836413429947	0.0016175562085229036
73.0	22.11383600732307	25.059734759627077	23.977510741681456	28.844315135770998	0.004603355597400473
74.0	23.487395062527057	27.15012963230208	23.573920269913863	25.78780859205884	7.464431981607639E-4
75.0	25.766839874553867	23.85379877614135	21.896595264545297	28.480651264973233	0.00211481978625392
76.0	26.37650385281135	23.618427067764575	24.473764248622484	25.53030967410484	9.951566967514975E-4
77.0	24.499893025246042	25.344744803017182	21.92876725278881	28.22615955657721	4.353623707595705E-4
78.0	25.715341191425793	29.49129289108604	19.063036595293728	25.72976959946864	5.597227257999215E-4
79.0	24.945724603747628	21.06109254771291	24.625762514124663	29.3647462100506	0.002674124364195838
80.0	23.07773627238757	23.713707744151293	31.007511390835468	22.198743727811422	0.0023008648142424774
81.0	25.135901163694523	25.414419265816584	22.052054716152806	27.397127389541055	4.974647950382862E-4
82.0	20.699108765659403	23.077205281121536	24.999642461629914	31.22286206045321	0.0011814311359336011
83.0	24.053672579852886	24.108638474882948	23.984094710465282	27.85291027004172	6.839647571614219E-4
84.0	23.261237757472355	26.9595505394422	22.03082953228446	27.74701429061734	0.0013678801836441324
85.0	26.262957857779252	28.453537612527334	20.36226355970298	24.920619229078575	6.217409118576561E-4
86.0	27.704681680189946	21.44944763970031	25.187617231627	25.65607745540613	0.0021759930766117423
87.0	19.38971587006052	24.87779708379051	24.741218268115965	30.990584951463855	6.838265691488535E-4
88.0	25.286208827856978	26.78710737780684	25.780271436057493	22.145479930105182	9.32428173503748E-4
89.0	25.706032598121638	25.554672188161813	23.7514009384967	24.986837549565095	0.0010567256547503237
90.0	20.082086945279098	24.98337251411316	26.960209649287474	27.974268732494522	6.215882574519108E-5
91.0	27.786918209127403	24.11068299222984	25.617227741357627	22.48436302519755	8.080320875757607E-4
92.0	27.61598961771254	24.268161855286923	22.022209045468504	26.093639481532033	0.0
93.0	23.96468257889768	27.737824209686934	21.27535269874595	27.021767598888967	3.7291378046938655E-4
94.0	27.879718631641882	21.984917283718893	21.63793028438888	28.492399598755497	0.005034201494847091
95.0	21.482871774474223	28.9659051359817	23.736078655595882	25.812161288718737	0.002983145229453587
96.0	25.331070369194187	24.791638053345384	23.360278018941035	26.51608135981689	9.321987025036992E-4
97.0	26.08221462955068	25.868561989716337	24.188051609727847	23.860985337637043	1.8643336809279906E-4
98.0	26.254782587621477	22.924044709776084	24.717332526318604	26.103840176283832	0.0
99.0	19.449527380149345	23.91062646199103	30.149345139823176	26.49043890476918	6.211326726966227E-5
100.0	20.795998208783544	26.492178334106587	23.535801659421683	29.17602179768819	0.0
101.0	25.315026500109926	19.34551497905206	29.428226125990726	25.91085976616308	3.726286842108532E-4
102.0	22.723905412378656	26.496754535050588	24.93633573252873	25.842880127372002	1.2419267002442247E-4
103.0	28.816042958645106	24.941907518755926	23.94788061746846	22.29385858204694	3.1032308356876507E-4
104.0	24.719472070079547	27.036922576649502	24.027228057633426	24.216004954617834	3.7234101969311654E-4
105.0	28.67174439429047	22.40571101631914	20.765481711865228	28.153898088839963	0.003164788685197849
106.0	25.700385966218647	24.878253099519714	23.143514898792457	26.27772193057572	1.2410489345594897E-4
107.0	27.880854739358107	25.118594868759146	21.22154731477638	25.778134363875427	8.687132309368637E-4
108.0	23.867826363042184	23.376943903222486	25.486262608473492	27.268781090979445	1.860342823975602E-4
109.0	24.075755988297733	26.699962368747833	25.687700284125253	23.535961404098273	6.199547309055492E-4
110.0	25.746485368434296	24.987804704192023	22.634035133608997	26.631550826335886	1.239674287977577E-4
111.0	27.102963023102888	20.931242915338565	24.862087323313425	27.102901046841037	8.056914040784098E-4
112.0	24.07106507130304	23.18668679462296	25.826188156730346	26.91581209610851	2.4788123514261846E-4
113.0	28.640080012790147	20.30603405005261	23.821961627075456	27.231118729016163	8.055810656226335E-4
114.0	27.123945679734497	21.482790072845074	26.984216487920705	24.408737938675305	3.09820824420821E-4
115.0	26.92263604633943	23.214328865734732	27.24322254490163	22.619130971419224	6.815716049834037E-4
116.0	22.89522485363649	25.316534910075273	26.520777143933465	25.267277214257344	1.8587809742614598E-4
117.0	23.92022934651485	29.185979725857308	22.5576324817516	24.33529102335411	8.674225221301172E-4
118.0	28.926131375283692	21.435550596132437	26.587760620128908	23.050185658248797	3.717502061664685E-4
119.0	26.61280929061422	21.96229777152147	24.22782673777707	27.196508584797176	5.576152900590824E-4
120.0	24.60276549316805	23.22584282611147	25.3005822677837	26.870623543246303	1.858696904774001E-4
121.0	27.687905894948408	23.605753562829843	26.28241428576739	22.42318277400736	7.434824469989951E-4
122.0	29.21237279472127	22.316444912563313	23.689533929152272	24.780904880655505	7.43482907637738E-4
123.0	26.172557722558743	27.229521633994334	22.48879686405127	24.10825639986692	8.673795287279198E-4
124.0	23.143425186532603	26.528303453215212	21.049947926379488	29.278075611764365	2.4782210833419554E-4
125.0	27.00179978130024	23.083976370513327	25.701992150351437	24.21111651492951	0.001115182905485151
126.0	23.8385957390653	23.535570880618366	27.824757335388604	24.800890178116166	1.8586681156017223E-4
127.0	24.599045776342912	22.874231686396087	25.929767106729685	26.596026112594924	9.293179363937631E-4
128.0	28.02763707015335	19.27674491222157	25.742039968675346	26.94347931680528	0.010098732144450282
129.0	22.36519528120754	28.646943695297004	24.6187092525233	24.36568225285724	0.003469518114911679
130.0	26.71915106374147	25.237614051956953	22.87036411747468	25.17280881153013	6.195529677516485E-5
131.0	26.09805193477578	22.752457617825325	25.197839241714853	25.950969695730585	6.815099534528701E-4
132.0	23.67411675417809	28.07007109335068	22.04284187537754	26.20615522822669	0.006815048866998126
133.0	28.864065820369373	25.083235755131373	22.257928616124257	23.792477495059135	0.0022923133158621887
134.0	26.250295823529342	23.158676643508798	22.831567065517323	27.75946046744454	0.0
135.0	26.05524730442023	23.845813580617104	27.926107287915926	22.172398155284228	4.336717625163866E-4
136.0	26.61472485834334	28.43287401013807	23.3623523493384	21.582924130513707	0.007124651666487001
137.0	28.284328302728422	20.7577503531336	25.982145069759373	24.975466508066315	3.097663122940054E-4
138.0	27.31878064721972	21.72909948672199	26.21633258680346	24.73473408358037	0.0010531956744634122
139.0	25.185131033679507	23.889012450693162	25.697420339291767	25.22676344550336	0.0016727308322083702
140.0	29.260016690095163	21.575138573015447	24.965507756185836	24.199151122182773	1.8585852077681429E-4
141.0	26.265824745397705	24.834240554716416	25.52503398208026	23.374033353860945	8.673639446720931E-4
142.0	29.149365896573304	22.09120928820574	23.432708213296657	25.326344875440647	3.7172648365332785E-4
143.0	26.461857961821718	23.384461162819946	26.21738114901624	23.93598994832283	3.097780192669537E-4
144.0	28.731883541678155	24.243233414143493	21.85963318837895	25.16494008008322	3.0977571618596707E-4
145.0	30.160203311620158	21.721556756381677	20.47514550138346	27.641979240109187	0.0011151905055158562
146.0	25.939085445298517	24.56865975217103	23.625407890603846	25.861332992998566	0.005513918928044597
147.0	27.691097205873245	21.551143051855522	25.72430456601202	25.029799888482746	0.003655287776469859
148.0	23.566410170625627	23.03724768595963	24.836623173859707	28.559471147293163	2.478222618737841E-4
149.0	27.38391897903472	26.743647157810212	23.421532315325507	22.44848519394648	0.00241635388308069
150.0	23.773201229013797	25.705384897058632	23.2589435908938	27.262470283033775	0.0
151.0	27.536210332213066	25.322509889064033	23.245434672694287	23.895163528933566	6.815770950440671E-4
152.0	28.222941677639223	24.477608241034776	20.89176671055689	26.407497482766633	1.858880024785067E-4
153.0	27.182124622019533	24.100158627868932	22.551863877459972	26.165047340504632	8.055321469290635E-4
154.0	25.24209819259788	24.023427817931253	24.95736791489446	25.774131743057417	0.002974331518991107
155.0	25.09724454671179	23.117516044187923	27.765851868428047	24.019015609338204	3.719313340371101E-4
156.0	29.57462028745458	21.9202402190933	24.742591405621393	23.762238143707453	3.0994412327345626E-4
157.0	23.473151366979256	23.002779582343578	27.747286125892018	25.776101046868572	6.818779165778159E-4
158.0	25.320033796411952	22.285113523585892	27.871749683391094	24.522979018577487	1.239780335720117E-4
159.0	28.005209579576267	20.5365544619268	25.285367677050697	26.172124410016973	7.438714292621663E-4
160.0	25.973033337321322	21.42449340648918	27.799863251211736	24.80254801549985	6.198947790602024E-5
161.0	24.50940766896114	18.514994247287298	29.591011882327265	27.379936918529683	0.004649282894606335
162.0	27.038376514609556	18.47095259998934	25.339806908590916	29.150801985218727	6.199159146053429E-5
163.0	24.576288523663305	22.375264015691844	31.726394501902277	21.321866977627092	1.859811154775344E-4
164.0	27.223486905567828	24.874833545353777	22.76894979207118	25.130683945712846	0.0020458112943662074
165.0	27.548991041815196	21.28588698428443	27.815690772139735	23.34874926381699	6.819379436471282E-4
166.0	26.086115538626636	22.863524856185823	22.81337045626865	28.236679171169094	3.099777497971196E-4
167.0	24.468657586221862	25.490176628497384	25.782180918666576	24.258302903303804	6.819633103739019E-4
168.0	25.147400359836674	24.144333936367683	24.27087195295092	26.43720775669982	1.8599414490431842E-4
169.0	27.850063302362088	19.890891775900958	25.95508446308313	26.303526456171326	4.340024824941998E-4
170.0	30.715651529092565	21.57104309632874	23.56930456111286	24.14387680952747	1.2400393836508247E-4
171.0	26.425886278791623	24.09186533807776	25.33755694151741	24.143947411985945	7.440296272597575E-4
172.0	27.548299707706565	25.34007395674801	24.115913099271282	22.9955892517846	1.239844895403585E-4
173.0	29.044854730781104	20.541401076454026	22.922692945270956	27.48950141159054	0.0015498359033745506
174.0	26.274353965479936	25.118952929047328	23.401505114898455	25.20475402549111	4.339650831694082E-4
175.0	25.173099624041505	24.961808965469352	23.284255374024145	26.57922407721533	0.0016119592496701685
176.0	23.282011347340084	24.478621901445173	29.836523158134256	22.401231578862525	0.0016120142179654024
177.0	24.270254819446315	24.212714744458204	24.699263201819953	26.79184939877442	0.025917835501110188
178.0	23.707594944554984	21.76475692830268	26.279450322628634	28.24782589830845	3.719062052550347E-4
179.0	24.128243419245933	25.627669077476316	24.399947680037393	25.842404089883715	0.0017357333566417525
180.0	31.101890575980057	19.78965818366377	25.96581339052249	23.14251345346705	1.2439636663092344E-4
181.0	30.492916740282134	21.966814561181298	23.504154400877912	24.035367774589847	7.465230688070313E-4
182.0	26.742463258619015	21.789374295588047	24.5284638408085	26.93951200579204	1.865991923986953E-4
183.0	20.28343110501805	23.4255814517649	28.969239085202876	27.321250739430113	4.976185840636404E-4
184.0	23.770991996028805	21.49166105262765	28.12506026149914	26.607745694296447	0.0045409955479582004
185.0	25.29751577900072	26.57743369710537	22.02611696670087	26.098187358144454	7.46199048596213E-4
186.0	25.79152711222105	24.180800376097416	24.2184225549004	25.809187771361625	6.218541950905856E-5
187.0	25.740041508873034	22.468403438382584	27.616648080758825	24.17422282813871	6.841438468413389E-4
188.0	31.606667823540647	26.09963670425263	22.46251199634776	19.83062369812804	5.597777309223085E-4
189.0	24.251852524552596	23.093717557883423	25.603310627609755	27.04987525432753	0.0012440356266922772
190.0	30.26582030460326	18.970121262825277	25.167556673809532	25.596252950708013	2.488080539167053E-4
191.0	25.87184308006635	24.234917024503808	23.97666458040666	25.916450885996884	1.2442902630554044E-4
192.0	28.325045607380805	20.391103511954984	25.274764247795538	26.009024412703862	6.222016480877256E-5
193.0	26.37792507064727	24.751342158044515	23.90152135100101	24.968900267404802	3.1115290240315836E-4
194.0	26.68918918918919	23.097180805782756	24.845238035972976	25.368391969055075	0.0
195.0	26.88313062530344	20.599783390805314	24.681621830223207	27.834903957474882	5.601961931556474E-4
196.0	29.017841501198777	24.119312067351732	26.853223683222634	20.00949761495993	1.251332669292797E-4
197.0	27.73848969822124	25.086904147306832	20.293236964377904	26.880805994899955	5.631951940676772E-4
198.0	27.347581108870816	22.08583064874542	24.567180818608904	25.999281877964453	1.255458104107608E-4
199.0	23.78597127948813	24.997833717403726	26.375589448633985	24.840103228075023	5.023263991359985E-4
200.0	28.143608794512755	22.845123966008014	21.987914546563157	27.023289898291548	6.279462452896183E-5
201.0	23.170590791598947	20.113076592655485	32.64413089403732	24.071887724727638	3.139969806050345E-4
202.0	23.38708816382568	28.028380339762688	28.665160601898343	19.91937089451329	0.0
203.0	25.91200018092998	23.65207164827212	22.504736847395613	27.930563094304727	6.28229097561466E-4
204.0	24.058750127234138	23.289941780172082	22.55814128832575	30.093041140922644	1.2566334538444815E-4
205.0	26.71925955248921	24.69572156559659	25.43007408245207	23.154253614582746	6.911848793882385E-4
206.0	23.972338883864914	20.993062725803906	25.613932112874142	29.420603434136115	6.28433209175879E-5
207.0	25.967162666861093	24.991923288208504	27.72794869119557	21.31277679237005	1.8856136478201678E-4
208.0	29.807917191637685	21.44604052399023	20.26425846429317	28.481720949298488	6.28707804275716E-5
209.0	27.095710857677545	20.355692948521238	24.891903652763595	27.656189474849207	5.030661884184101E-4
210.0	25.16746230918731	25.12161065720701	24.363769018372107	25.34696932530772	1.8868992584485913E-4
211.0	28.96507511495775	25.94952994563689	23.861951296542237	21.22294033898774	5.033038753769274E-4
212.0	28.7350824508454	19.66083263900601	26.049231373358474	25.55460181691406	2.51719876053133E-4
213.0	30.67445407724349	19.678284384915063	22.819552328854776	26.827457297926394	2.5191106028105717E-4
214.0	28.573553651287902	24.2249739204977	25.788546449878506	21.412925978335892	0.0
215.0	24.600800513560824	22.589858941203726	25.51474435894215	27.294280576152623	3.156101406800641E-4
216.0	25.01474209445246	24.721554118912564	26.915088716556756	23.348551458020175	6.361205804727521E-5
217.0	30.789829062296516	22.498147560071978	25.056471350532956	21.655231258279844	3.2076881870467136E-4
218.0	23.505241226642358	23.462725437854026	28.22989777980337	24.801940230483755	1.9532521648544827E-4
219.0	27.58707983623743	24.514746959856488	21.611755265638283	26.28595525744222	4.6268082558122625E-4
220.0	28.198545596573517	22.528093420760833	23.433570437942915	25.839525746647823	2.647980749179953E-4
221.0	23.406547249403616	20.42701083705298	25.023228955437247	31.1429449961112	2.679619949502562E-4
222.0	25.871905605133982	21.499027521709454	24.0026949901672	28.62616935366818	2.0252932118247418E-4
223.0	28.78430356497304	22.68659287710776	24.710368407451845	23.81832819781697	4.0695265038087375E-4
224.0	30.506839485102084	23.168165996940917	21.591306396305203	24.733552343497006	1.3577815478845424E-4
225.0	30.95830217603268	21.43046200805202	23.56322034601784	24.04747113853029	5.443313671630741E-4
226.0	24.622238271660667	21.39500484376682	25.850714759426246	28.131694901718408	3.472234278591245E-4
227.0	30.036641330495833	22.758547716766508	24.97160279368247	22.232157059499944	0.0010510995552447415
228.0	26.79441541775194	27.02755242765357	23.24298511163107	22.934835740537526	2.1130242589271754E-4
229.0	29.989130427045374	25.30745516034222	23.51885162641413	21.184562786198278	0.0
230.0	27.012719177136546	18.93660258180312	28.47059229600994	25.580014036541026	7.190850936536426E-5
231.0	24.289133436976464	25.622612939989743	26.761559238083187	23.32566433015905	0.0010300547915573766
232.0	24.42262409482644	25.79644932653019	23.72677422881133	26.05393076511725	2.2158471479092741E-4
233.0	22.37729378411821	24.361715854567205	24.882770225166194	28.37739969554195	8.204406064398621E-4
234.0	26.25427895556582	20.03041967433144	27.68266451390532	26.031571634985212	0.001065221212206522
235.0	25.829008576466016	21.625061394562646	26.936064602787717	25.60971217922538	1.5324695823943764E-4
236.0	28.84681052619984	23.52737532672102	25.032219688708242	22.59343709725389	1.5736111701215302E-4
237.0	31.06350061557978	23.286185307419828	22.75440714534129	22.89582734797726	7.958368184354008E-5
238.0	26.209830432388525	21.31576780169261	28.418440094238317	24.055961671680546	0.0
239.0	26.97784835925246	24.13217939144131	26.398703445847016	22.490290518132518	9.782853266983849E-4
240.0	27.736691934460307	20.683529629277995	24.124163639361793	27.455448232670243	1.6656422966542244E-4
241.0	26.859102333812	21.35964188085934	25.56986008469304	26.209227505391304	0.002168195244313908
242.0	24.990023433428064	25.390759315017725	21.207043246847444	28.411504717221852	6.692874849096587E-4
243.0	27.290863180110804	25.04951780337768	22.676767042290088	24.980423194013476	0.0024287802079538366
244.0	27.596543152608515	20.158640521821265	26.443756481168684	25.800303532982742	7.563114187898009E-4
245.0	23.265311634132775	22.931518896213667	25.65933560475564	28.142399104709643	0.0014347601882742957
246.0	25.29330044704273	25.54324527485053	23.4375700221788	25.724362264418964	0.0015219915089784816
247.0	27.260327671207822	21.01220618005068	27.191748869508086	24.39593505502814	0.13978222420526906
248.0	29.287898875299657	21.967174482831112	24.415694944104054	24.317448961254293	0.011782736510885893
249.0	24.347169553774425	20.600512726450628	31.792964301100955	23.24126722773671	0.01808619093728272
250.0	26.562565555529872	23.708475789513344	22.1133946911687	27.6145364811975	0.0010274825905918555
