# Position (bp)	A	C	G	T	N
0.0	23.848398879373857	23.619111601678686	24.781109261048904	27.751326598343745	5.365955480813758E-5
1.0	23.005270535794097	30.333333154919067	23.48350997237612	23.102417102934147	0.07546923397657028
2.0	24.88651149187889	26.760766331618065	21.946590755049478	26.40533089118232	8.005302712516772E-4
3.0	26.2103574382005	22.181653187000443	24.232154882244643	27.36927638478711	0.00655810776730554
4.0	26.076910987930884	22.971970134861927	24.454465786410456	26.496546543746884	1.065470498453736E-4
5.0	28.168253486881135	24.0807748683857	23.033393720288686	24.716779858955228	7.980654892540482E-4
6.0	25.79409383502555	24.133678412635213	24.628362864158206	25.437069480390207	0.006795407790828854
7.0	26.374739104378914	25.621208436194692	23.001310372929062	25.002159227531713	5.828589656160899E-4
8.0	27.55147325242192	24.36302759257251	23.711257864795602	24.37418839540979	5.289480017666864E-5
9.0	26.494298664499755	25.15953713914847	21.966156070431676	26.379691531630407	3.165942896943282E-4
10.0	24.02852465203361	24.978731434149672	23.68316741919263	27.30952378442371	5.2710200372555694E-5
11.0	27.302092879231594	22.552762511455075	22.660231503987056	27.48491310532627	0.0
12.0	27.90594893065928	24.79227888624106	20.229132172755275	27.072640010344383	0.0
13.0	25.29682429438743	22.94982177569683	24.975701221824394	26.77760281326963	4.9894821715823044E-5
14.0	26.612133201939297	21.88757906487951	23.295372311917586	28.20481662875504	9.879250856407558E-5
15.0	25.12118945467551	23.47306166402453	24.879274078216053	26.52647480308391	0.0
16.0	26.058136128068547	24.849112156041517	21.561087602845326	27.531471991008686	1.921220359172146E-4
17.0	28.315149046085253	26.980267230985476	19.651619893935603	25.052067935158036	8.958938356374308E-4
18.0	25.527872066421647	25.32741994905838	19.99563705340069	29.14897730565577	9.362546350456025E-5
19.0	24.849269437928086	24.821448709668097	22.43753384389263	27.891561604971756	1.864035394304067E-4
20.0	23.238276856424758	25.758145218401552	23.707619175457193	27.29586617726698	9.257244951330034E-5
21.0	24.154750980266915	23.956147271864214	23.762690165807903	28.12613587122098	2.7571083998524025E-4
22.0	22.77273906336038	26.73127244098788	26.018985815247813	24.476911664990467	9.10154134602695E-5
23.0	25.40758024469772	23.79130984982192	23.392998458061726	27.407658202776215	4.5324464242170427E-4
24.0	28.45912825636897	21.747135401690723	24.34940012364138	25.444246362643053	8.985565587440336E-5
25.0	25.0610778283142	24.868327021846426	20.12507207562208	29.945389497774837	1.33576442458608E-4
26.0	26.7908696541882	24.745161230312945	20.225654227174356	28.23818200984895	1.3287847554726E-4
27.0	25.49849746101395	24.737066722273717	20.284541387637386	29.47985024974575	4.417932919873718E-5
28.0	27.677493150553158	23.939177436745915	22.601950288713038	25.777837437462995	0.003541686524888437
29.0	27.535995756946523	23.761229445543147	21.99363715306365	26.708747657914213	3.8998653246507885E-4
30.0	24.268390886267824	24.02198767553322	24.520392212590593	27.188841663759955	3.8756184841164234E-4
31.0	26.068421293917986	24.495829229115405	23.09440393902093	26.34100277594376	3.427620019186103E-4
32.0	24.67139812577116	22.566459665330846	24.08438448543683	28.677460307748788	2.9741571238710946E-4
33.0	23.44181131732054	25.139615846287956	24.316814529906967	27.101674041922465	8.426456207496428E-5
34.0	26.11784928050445	27.47181535322153	22.477482991861415	23.932727030395505	1.2534401710026643E-4
35.0	25.304841811089396	22.32291468653569	25.63570228438263	26.736416974479972	1.2424351231439572E-4
36.0	24.213943052743396	23.984197548029513	25.993353436064996	25.808257679115215	2.482840468809937E-4
37.0	25.662742307787774	25.301111120303798	21.99352191215283	27.04250055845585	1.2410129975427942E-4
38.0	27.026142858265434	24.867416323291177	20.78789630866696	27.318379077441772	1.6543233465968709E-4
39.0	23.671904687672505	27.48139581137501	21.571885956334068	27.274730845552465	8.269906595539956E-5
40.0	26.576716995485288	25.580380029436572	23.05449899948734	24.78815591460087	2.480609899287238E-4
41.0	24.3162466299088	24.4726287827491	21.714300596013185	29.491987429900863	0.004836561428050569
42.0	24.54442683156183	25.366973709500417	20.58731500445374	29.501160452442114	1.2400204190028997E-4
43.0	26.180204828937253	26.158424189322115	22.299159358235727	25.358905264550046	0.0033063589548599343
44.0	28.8571364814472	24.61192675411917	22.446344978974373	24.084095898019093	4.958874401629155E-4
45.0	25.848039039481986	23.997580484225427	21.909756523830122	28.240988068101768	0.003635884360697908
46.0	26.091854870494448	24.323180944212673	21.818795512027613	27.766168673265263	0.0
47.0	25.678891680956333	23.813062662062578	23.20829066399752	27.29835046785145	0.001404525132118309
48.0	22.597393586882365	23.796404742356938	22.863643196614206	30.74255847414649	0.0
49.0	22.278094511301234	25.817870377941144	24.461780133251075	27.44068576317913	0.0015692143274223507
50.0	27.433208825494404	24.126993040719267	20.26449726278201	28.175176996302753	1.2387470156519813E-4
51.0	24.883825389643203	26.680857528808332	21.072811012725538	27.36056569686601	0.0019403719569187883
52.0	22.75260404858967	25.43047695205748	21.967040803287677	29.849878196065177	0.0
53.0	22.711778181869068	24.781506704412344	23.917041283440774	28.588233260371897	0.0014405699059184375
54.0	23.168411781169226	27.98801468530317	22.496666172766336	26.346701568956714	2.0579180454717572E-4
55.0	23.87901573656464	27.466255755839438	23.224855777940544	25.42859924568669	0.00127348396868544
56.0	27.371685021827393	24.76402268011087	23.727242256904336	24.1370500411574	0.0
57.0	22.258790033950156	27.537697977530307	23.51830540023477	26.680195798658257	0.005010789626515456
58.0	25.62728260972235	24.881611277596143	22.329030914744102	27.161828790051036	2.464078863665391E-4
59.0	27.720782897895006	22.104139726816054	24.587376278586355	25.585606820605538	0.0020942760970413627
60.0	24.40228320372019	22.777774815608375	23.445698444683334	29.37412049202819	1.2304395991555902E-4
61.0	25.46632682145618	23.724667963984064	22.79683312383503	28.006225483059342	0.005946607665382336
62.0	25.5585191236259	21.53834608296405	24.88544196395984	28.017487785533906	2.0504391630599443E-4
63.0	26.29678807775931	24.09384557217619	22.740775247457353	26.866540747526656	0.0020503550804928396
64.0	25.936234102467765	21.30913599286109	23.236280933122302	29.518348971548843	0.0
65.0	24.02718713895922	25.86883311619675	24.16738362708226	25.931720786935752	0.004875330826020337
66.0	24.56308173833246	23.82124246198217	23.383259045621397	28.23192514420556	4.916098584163608E-4
67.0	27.741041121659187	24.560095498009503	21.262808785226976	26.43548108269312	5.735124112182305E-4
68.0	24.06836578908669	21.936399858923057	26.885726445905554	27.10934405365184	1.6385243286044156E-4
69.0	23.285266873711265	24.571117033172737	24.891842273634744	27.249152310491525	0.002621508989727781
70.0	26.947498331484425	22.82549761865693	24.308072423601217	25.91872702594209	2.0460031533000602E-4
71.0	24.595189124160793	23.027130365870846	25.603442817489412	26.773420697346197	8.169951327514966E-4
72.0	27.247930582933122	25.612247648751733	21.794251787177416	25.34369110646929	0.0018788746684398885
73.0	26.205011173695418	22.63130725702113	22.237124112965407	28.923535331094236	0.003022125223800625
74.0	25.47686171255341	25.30686896470619	22.93819989807785	26.277211906597497	8.57518065047237E-4
75.0	25.54699133837659	25.0347171324404	21.760996684876233	27.655416587215033	0.0018782570917475507
76.0	26.970554526409142	23.79821580444975	24.900752132047945	24.329415953398108	0.0010615836950543674
77.0	24.870881370907092	24.33762653625651	23.73422915463941	27.05652803374681	7.349044501730699E-4
78.0	27.429886033546925	25.91368107764947	20.579201887805407	26.076332823685753	8.981773124493499E-4
79.0	27.439922531255306	20.9121928357741	22.853442982742628	28.7921146485166	0.0023270017113668725
80.0	24.459259537459932	23.587526800250163	27.28955374011473	24.660557379886708	0.00310254228846785
81.0	25.273063268382707	25.010256328613995	21.557598520965975	28.15875531237001	3.265696673112336E-4
82.0	22.78335559379929	23.103342988606343	23.76164592470193	30.35026761543059	0.0013878774618496976
83.0	25.63569310396202	22.572365641652567	23.753319033342382	28.037765037950763	8.571830922675963E-4
84.0	23.575660237585534	25.27471720138037	25.02982573931712	26.118082581482533	0.0017142402344427596
85.0	25.482175908448102	27.085272804817578	21.08313828083071	26.3489232489659	4.897569377131207E-4
86.0	25.495326187429985	24.504571786537053	22.46731596034044	27.53033744090142	0.0024486247911016975
87.0	22.285572045915472	22.405053476917804	25.25828473959332	30.050600059577487	4.896779959111887E-4
88.0	25.093329296442572	26.066997969177358	25.775370695519012	23.063159522607744	0.001142516253313807
89.0	26.09609251830357	25.669267628712532	22.586833833288182	25.646908385858513	8.976338372051273E-4
90.0	24.171670709884626	25.81511029294766	24.810344110079974	25.202507692721966	3.6719436576965165E-4
91.0	27.01131254301512	25.0926801168257	23.846174872193842	24.049057328878867	7.751390864700288E-4
92.0	25.49117835074383	24.509617145847976	22.674998031655868	27.324206471752323	0.0
93.0	26.532073310423826	25.575389249501505	21.403297076263858	26.48895481083339	2.8555297742010227E-4
94.0	28.430166793325	23.400178749382516	22.812900141424944	25.351002681240736	0.005751634626798456
95.0	24.369799314733235	25.86176374612498	23.757668461412955	26.008402675803556	0.002365801925273291
96.0	25.955842405712787	24.196129806947162	24.020338009694246	25.826506955808142	0.0011828218376646366
97.0	25.226523325264942	25.254093162394902	23.269431943082154	26.24978843412705	1.6313513094653044E-4
98.0	28.87442870326908	22.762476362068874	23.274323976580046	25.088770958082	0.0
99.0	22.21219692385974	22.139378737742	26.429699056217597	29.218684510519903	4.0771660760212075E-5
100.0	23.014474248004046	24.686985162907146	24.27750048005597	28.021040109032842	0.0
101.0	23.52763010766364	21.508187793174606	29.057809639464793	25.906290930303378	8.152939358844696E-5
102.0	25.26584881247539	23.456576736404674	24.591596054928363	26.685978396191572	0.0
103.0	25.952448687965607	25.217504008529794	25.080313248160397	23.74961178193924	1.2227340496381116E-4
104.0	25.867377776038857	26.979240154693183	22.618886050918007	24.534006947254905	4.890710950424085E-4
105.0	27.174951896878973	23.111792020078394	21.051743511427983	28.657885223365177	0.003627348249478416
106.0	25.78062339017313	23.32431286883375	25.032644843663395	25.862255876886962	1.6302044276352256E-4
107.0	26.365883041450466	24.437059750811418	22.362009745187315	26.834232374953338	8.150875974640995E-4
108.0	23.885253643428666	24.37742771307951	24.759464643044428	26.97760952288982	2.4447755757140885E-4
109.0	25.839831392030234	24.540396202653874	25.486391865227702	24.132402724682628	9.778154055631993E-4
110.0	24.705747672441785	24.575136345433148	22.624725465664415	28.094227557849287	1.629586113644891E-4
111.0	24.43290262681141	23.795581364178748	24.664585445821377	27.10611578274531	8.147804431509352E-4
112.0	26.282023863789583	23.35296386865343	23.58291691260847	26.78197314783923	1.2220710927637505E-4
113.0	28.095443512038386	21.492876197738518	23.213937291313552	27.196887580506075	8.554184034715324E-4
114.0	26.136523798544786	22.38903612288576	26.629660376928083	24.844290882961328	4.888186800429183E-4
115.0	26.97327790877108	23.27395724530583	25.695875910684112	24.056318611930838	5.703233081359064E-4
116.0	27.4318604093162	23.974642095799332	24.35035850506991	24.242894568427193	2.444213873602368E-4
117.0	26.089661072185105	26.155328336320675	24.109418282548475	23.644899788170115	6.925207756232687E-4
118.0	27.03533608057265	24.419389056992998	24.31400489158507	24.23069966612732	5.703047219601537E-4
119.0	26.558715338457965	21.195856298450796	24.599907935848396	27.644909381988832	6.110452540115121E-4
120.0	24.709257681874604	23.21828292469113	25.53945536913449	26.53296328839756	4.073590222079918E-5
121.0	27.23931988468396	23.744072373564	24.45088619568286	24.565151239256338	5.7030681284445E-4
122.0	26.951949383011765	23.808144603206415	24.294940419450974	24.944395289608885	5.703047219601537E-4
123.0	24.63318667182107	27.455100272561477	23.164263202082076	24.74643146510655	0.0010183884288262584
124.0	25.15131024200677	24.58203829906839	22.627449702430656	27.638957346357678	2.4441013650306127E-4
125.0	26.208552620859336	23.905585518061688	24.184046730647026	25.70083750183305	9.776285988952796E-4
126.0	24.488119150260477	23.704793278143416	24.512396956801393	27.29444620734632	2.444074483984591E-4
127.0	25.724705571813107	22.66233469983641	28.189014097358456	23.42296800557898	9.776254130467372E-4
128.0	26.45745134564521	23.537192062141358	24.411273854656713	25.58259559684047	0.011487140716251738
129.0	24.754515585296925	26.408078072720254	21.856768917554874	26.977623096594545	0.003014327833407062
130.0	26.130754795144956	24.223980225920812	24.168825926268397	25.476357583980974	8.146868486324055E-5
131.0	26.45590946529549	24.663839154418504	23.25165809478575	25.62769712814154	8.961573587146822E-4
132.0	26.448291102244653	24.963369851463067	22.549466484992536	26.03129601681504	0.007576544484703324
133.0	26.38671358666275	25.690734549945642	24.628476483721318	23.292201621289806	0.0018737583804861913
134.0	26.925782559514523	22.509102892110718	20.750805808091197	29.814186540143357	1.2220014020429418E-4
135.0	26.037401990954795	23.794431208434368	26.031047619901077	24.136630382936396	4.887977733632098E-4
136.0	28.073410564734253	25.889912666601493	24.10638055202529	21.922271645973865	0.008024570665102485
137.0	28.56289788647916	21.822865389573863	23.764044280190287	25.849866578574442	3.2586518224213983E-4
138.0	25.120237934253637	23.97027939841931	26.472955425614593	24.435427504508922	0.0010997372035393617
139.0	25.61157508178773	23.90283063748811	25.66175560131903	24.822779674934505	0.0010590044706281037
140.0	26.680222332470628	21.47326625559762	25.3369161349082	26.50931015184138	2.851251821746253E-4
141.0	25.683237062028702	24.971517787279314	25.42817003870811	23.91666778681089	4.073251729808178E-4
142.0	28.85584825239998	22.646132990960577	23.36706280671798	25.130589354727285	3.6659519418140104E-4
143.0	27.063225977790278	24.99980652133092	23.447333680644515	24.489389426125975	2.4439410830976626E-4
144.0	28.068544708029197	24.79992179353493	22.891928441084463	24.238994069343065	6.10988008342023E-4
145.0	28.334958562759518	21.93147315846028	22.802131779630294	26.930255254704814	0.0011812444450961656
146.0	27.47371229447933	21.59003195460776	24.76520796971135	26.165100843365398	0.005946937836170009
147.0	26.042803749890027	24.72058301209884	26.05147952517034	23.181671548996544	0.0034621638442563925
148.0	24.763196150366728	24.521209193467776	23.776552478095518	26.938757056255756	2.8512181422195754E-4
149.0	27.98795320093911	24.717607323880326	23.648849004436492	23.643553887186304	0.002036583557764841
150.0	26.017451333085685	23.81412073696079	24.8217555933551	25.34667233659843	0.0
151.0	26.459493289852233	24.188018556317218	25.83232756812286	23.51971252290721	4.4806280048211554E-4
152.0	27.70706305832189	24.039098774629707	22.988269308553562	25.265283727621807	2.8513087303407356E-4
153.0	25.26346232179226	23.167942973523424	24.95152749490835	26.616496945010184	5.702647657841141E-4
154.0	23.41978270140935	24.24769741947231	24.75181907018558	27.578216046433283	0.0024847624994755522
155.0	27.10623247870351	23.215847705838186	24.204964487863784	25.47275162119736	2.0370639715495498E-4
156.0	25.277553471567526	23.89603997910761	26.17513593499565	24.651026163565266	2.4445076394937913E-4
157.0	25.738009146558838	22.592204035486205	26.132716772425873	25.536784852157794	2.85193371291213E-4
158.0	25.06661343024535	21.008816603244707	25.571856946130715	28.35267227822006	4.074215917146745E-5
159.0	26.721457682211298	21.943011313888388	24.19951458941166	27.135405271394387	6.111430942663777E-4
160.0	26.87747389865037	20.973486121721415	25.784242424242425	26.364634581105168	1.6297428062133943E-4
161.0	24.734797184425357	20.39164780218616	28.944876602665964	25.924115080665004	0.004563330057514256
162.0	26.23486908234389	23.243746050346143	23.744616145594172	26.776768721715793	0.0
163.0	25.505350845561946	23.363668033663572	27.43886712423374	23.69199176134801	1.2223519273434015E-4
164.0	26.30711916920684	23.328062168506413	24.644929800878725	25.717973802813344	0.0019150585946811083
165.0	26.699861867759772	21.637457877816125	25.97745877424954	25.68469176951882	5.297106557410448E-4
166.0	24.716830209776074	22.99782445082562	26.205771337924034	26.07937026021426	2.0374126000929875E-4
167.0	26.803818720008344	22.987299186313372	26.351987925099102	23.85640517421239	4.889943667848946E-4
168.0	26.07370550804721	23.662129093646787	24.137280430977746	26.1266812146107	2.0375271755187035E-4
169.0	26.796780728382817	22.219763497887197	25.558683976629347	25.42440502606723	3.6677103340183805E-4
170.0	30.997135415499237	22.97711388934284	22.531960147675463	23.493627532288215	1.63015194238717E-4
171.0	25.577928439735853	23.407507812487264	26.66173275017483	24.35221969186931	6.113057327436542E-4
172.0	27.3070309125435	24.952445375343313	23.81386459768054	23.926496116576068	1.62997856578186E-4
173.0	28.303457549764676	20.329822130763432	22.96073837126383	28.404800228194212	0.0011817200138546486
174.0	24.753264407647134	25.410750581489168	23.433646666481938	26.401727108397406	6.112359843588786E-4
175.0	25.56827396791374	23.901491843961516	23.476310202484914	27.05237549969234	0.0015484859474900266
176.0	24.47062198554856	24.24120175451465	27.781771238282456	23.504978785759807	0.0014262358945270031
177.0	23.01038160995239	25.44374719308556	24.414552022567797	27.105848081435767	0.025471092958485788
178.0	25.797440106412285	22.818572595250245	23.931231386407983	27.45259290291346	1.6300901602867655E-4
179.0	28.501387916991522	24.037923491967362	22.937982464684634	24.521524226701395	0.0011818996550890764
180.0	26.733252451756805	22.747576002011698	25.2684032801126	25.250564157160632	2.0410895826053447E-4
181.0	28.23557918419099	21.86254884438566	25.570697332135282	24.330684305603736	4.90333684330529E-4
182.0	26.192012862293236	22.820358435120337	25.492119149408964	25.495427856701113	8.169647634927858E-5
183.0	24.3951588195742	24.282250230596595	25.72575631189241	25.596385291164452	4.4934677234213425E-4
184.0	26.381917451187455	22.16546120426409	25.83789679662239	25.610271724366136	0.004452823559930307
185.0	25.26559883863183	24.10741675234371	23.988428799414415	26.63794290130454	6.127083055061644E-4
186.0	27.290953505281816	23.341802763049323	25.12761333649235	24.23963039517651	0.0
187.0	25.330183298189834	22.59377426465447	27.145010788379707	24.930500100789676	5.315479863122304E-4
188.0	27.586275989934023	26.746068029569827	22.465902204324248	23.201222180148896	5.315960230074759E-4
189.0	25.460451493356747	23.348940379828264	24.77459479818735	26.41499094371444	0.001022384913197476
190.0	28.580099445104985	21.112473092683867	25.257314311399703	25.049867748726264	2.454020851815178E-4
191.0	26.497798890231167	23.96691168942853	24.606523475091628	24.92831548557505	4.50459673621491E-4
192.0	26.634666382705102	23.47941654089763	23.710162615777477	26.17571350462495	4.0955994831353455E-5
193.0	27.477188906492948	23.646530862356823	22.32632192928848	26.549671575960243	2.8672590150719516E-4
194.0	27.92225028653729	22.793048388140676	24.304629901958776	24.980071423363256	0.0
195.0	27.16746073138625	21.250835273598963	24.35004344856661	27.231455697006375	2.0484944180575605E-4
196.0	28.703357075538307	22.427435217932427	26.12258267902706	22.746460835213338	1.6419228887334535E-4
197.0	25.24038392456496	23.832463458482277	23.741856341533406	27.18496784001583	3.2843540353010584E-4
198.0	27.37400170622154	23.656288865362672	23.81272676814916	25.156859318950364	1.2334131625741333E-4
199.0	26.27515830616317	23.316774564941145	25.081551659816135	25.32630958253621	2.0588654333788205E-4
200.0	27.523113725997284	23.68972116101715	23.52326856562091	25.263773005111766	1.235422528918153E-4
201.0	25.641038313006998	21.638412425029784	27.980945014910645	24.739398327355484	2.0591969708388879E-4
202.0	25.599217107002794	24.90117046786588	27.568723490661544	21.93084774691732	4.118755246264495E-5
203.0	26.142020932106607	24.415394046659713	22.337303215621134	27.104787424256653	4.943813558903067E-4
204.0	25.63922857059275	23.518980217360582	24.4510258847553	26.390600516599115	1.6481069225847097E-4
205.0	27.34356264540262	24.487881981901058	24.749534588002216	23.418361502537	6.592821571052898E-4
206.0	25.99741528378305	21.750972153309277	25.35148349193842	26.899964229373786	1.6484159546883422E-4
207.0	26.309500403322705	23.201586746119386	26.38258074594709	24.106002356871965	3.2974773885792696E-4
208.0	28.34150767681956	21.95006016871977	21.827743901810585	27.880523350369113	1.6490228096957595E-4
209.0	27.919003166644675	20.523650877424462	24.845378677925847	26.71139002506927	5.772529357435018E-4
210.0	24.72346134067278	24.83418814979832	24.16364143978668	26.278379157461774	3.2991228044853226E-4
211.0	25.871318649316876	24.85284496975227	24.90469468888931	24.370646706655986	4.949853855564914E-4
212.0	28.327163532661015	22.334582148856775	24.517375234333443	24.82059022936308	2.8885478568419176E-4
213.0	30.118565847850263	22.888105184149055	22.458315339410117	24.5347659111008	2.477174897630747E-4
214.0	27.453830266919127	25.232072600745887	23.870602043982352	23.443412459806375	8.262854626227705E-5
215.0	25.9375941941617	25.21691569808846	22.700668757846064	26.14465573379529	1.656161084851757E-4
216.0	26.025830358504322	24.725038068759805	25.74989712557364	23.499150894328643	8.355283358991015E-5
217.0	29.318221535364852	23.549896936302634	24.80198926621595	22.3293027251347	5.895369818654213E-4
218.0	24.851997146932952	23.8836950614768	24.74772433937912	26.516328714081922	2.547381292031791E-4
219.0	26.583280326890662	22.633693948362165	24.574543038805853	26.2080118346336	4.7085130772530015E-4
220.0	27.9275525709524	21.57561075867454	24.84892811411893	25.64765057096444	2.579852896787825E-4
221.0	25.59512886740714	23.21846522449658	23.64177665290973	27.544542697282775	8.655790377530953E-5
222.0	25.98143992564789	24.717139680107756	23.954052285811866	25.347149734063695	2.18374368788887E-4
223.0	31.038038148004514	22.445185350876844	24.09916557582239	22.4170814963251	5.294289711474447E-4
224.0	30.452213879013946	22.504460309218622	24.465758004895065	22.577390898227108	1.769086452601309E-4
225.0	30.618597951344427	19.657979442310427	23.89164532650448	25.831021482429932	7.557974107269882E-4
226.0	25.55050137010781	22.502589577841565	25.513908289208366	26.432776265413434	2.2449742883094763E-4
227.0	27.15945083060331	23.8306957208709	25.331951410431103	23.676678963847735	0.0012230742469486562
228.0	27.62905444170399	27.79448289730924	22.85669828279257	21.719627886069112	1.364921250868431E-4
229.0	27.34769827026194	25.861244765459556	21.61525714851965	25.175799815758857	0.0
230.0	26.005284976919246	22.909039140906987	26.566461334944307	24.519168325636667	4.622159278684312E-5
231.0	25.15760895219783	24.786376716359033	24.469312699245805	25.585206047210946	0.001495584986383166
232.0	25.192606177678726	24.85211603723594	24.07976526474424	25.87518368052554	3.288398155490498E-4
233.0	23.19521843547801	24.95566387476385	22.774487821680054	29.07434520595779	2.846621202963143E-4
234.0	27.435342224053265	21.56884355987519	26.033872266450146	24.960786852297222	0.0011550973241689197
235.0	25.738403822411684	22.05675421567304	27.590585122793954	24.6142080987908	4.874033052767744E-5
236.0	29.02899611219243	22.88464064195731	23.630009489923992	24.456205630161566	1.4812576469926025E-4
237.0	27.33944689204751	24.938549922555726	22.41826280867555	25.303690589338228	4.978738298097972E-5
238.0	27.04722045640039	22.82178385030043	24.07643877230544	26.054506508950908	5.0412042832088073E-5
239.0	27.288751829652224	23.42169497346493	23.923316106663613	25.36511272293137	0.0011243672878625574
240.0	25.246565631990446	22.314156852998064	26.028418695741507	26.41059608216945	2.627371005279439E-4
241.0	29.054129072282777	22.082266255323113	23.636801812633816	25.224434985811172	0.0023678739491243867
242.0	26.79384938788303	23.963263484143845	20.901939926953304	28.34010297452652	8.442264933047563E-4
243.0	28.28136441863109	23.038192195542347	24.2619180428846	24.41635758490606	0.0021677580359054753
244.0	26.458068480379694	22.917673107890497	26.233896940418678	24.38946097126875	9.005000423764726E-4
245.0	28.96941304973793	21.373198619140567	23.18618758055279	26.46955383449875	0.001646916069969495
246.0	24.800008089620217	26.668816802566965	22.93508452322599	25.593482746489933	0.002607838096895555
247.0	25.69417252501155	23.102648444893504	24.825850051266073	26.241508556259852	0.1358204225690225
248.0	26.04002559142794	22.909081004986913	23.827584696838773	27.21129269821875	0.012016008527627742
249.0	24.99446703774579	21.802443506177895	28.630145721881433	24.55515251416197	0.01779122003291376
250.0	27.625798539782288	22.307515535887443	24.07238375870219	25.99333570295662	9.664626714531626E-4
