# Position (bp)	A	C	G	T	N
0.0	24.391753053927612	23.530102558471867	25.363222761491905	26.714859709619926	6.191648869115973E-5
1.0	23.15285107304825	30.831534400207243	23.421501820692615	22.517158249210944	0.07695445684094644
2.0	24.81827534516895	26.358018018536427	21.71490941614237	27.10789296402417	9.042561280821262E-4
3.0	25.393070587993677	21.89649011110883	23.955987759544886	28.746893676449446	0.007557864903164856
4.0	26.02191985377734	23.681244944915093	23.85659392406757	26.440097615857262	1.4366138273259958E-4
5.0	28.70985361724952	23.666605566210546	22.303040219272724	25.319741967442887	7.586298243218362E-4
6.0	25.946009444438307	23.856784593212563	23.551049861837125	26.63936154058051	0.006794559931497738
7.0	25.559851395262868	25.55691034494027	22.972135590589456	25.910387830587332	7.148386200755278E-4
8.0	27.946129183169106	23.828479963161904	23.785249085783285	24.440060123169218	8.164471648463977E-5
9.0	26.294124333884874	25.9035717501588	22.430442688735845	25.371718622865668	1.4260435481104313E-4
10.0	25.14255468583003	24.39919383569313	23.53961096464888	26.918640513827956	0.0
11.0	27.423578518012796	22.716375221923812	22.82726774617387	27.032659573034046	1.1894085547020888E-4
12.0	29.03455663298432	24.738768449697986	19.545839163871523	26.68075762228113	7.813116503724121E-5
13.0	26.017843780889237	23.30792396589366	24.51776217940625	26.156373845646947	9.622816390504667E-5
14.0	27.552130290809213	22.26308123880394	22.813089059632006	27.371661353197347	3.8057557488794906E-5
15.0	25.735845491193547	24.1360020636368	23.77250353937707	26.355648905792577	0.0
16.0	26.676620025451403	24.83710713571639	21.464325295014564	27.021762926058557	1.8461775908379374E-4
17.0	28.772864904548417	26.31315178445423	19.3176162135765	25.59517600548913	0.001191091931723723
18.0	25.90162459709422	25.55313697103021	19.643613297185382	28.901499695631085	1.2543905910670545E-4
19.0	25.32880749614535	24.086254277321192	22.249457422353363	28.33508824615244	3.9255802765999554E-4
20.0	22.810669220768013	26.022424547667995	24.02797603973759	27.138894822993137	3.536883326707572E-5
21.0	24.48150366613215	23.775778273198142	23.88299195133984	27.859427757303614	2.983520262577863E-4
22.0	22.651245288981535	26.995027873254614	25.626013069739134	24.727679040406453	3.472761826707448E-5
23.0	25.646963998036266	24.011644920108303	22.79294630021755	27.548151119319837	2.93662318045964E-4
24.0	27.652108117829417	21.857722368739793	24.16379705161478	26.326304079984858	6.838183115260825E-5
25.0	25.600148211455554	25.59844093989863	19.01415378831726	29.786969697789267	2.8736253928414945E-4
26.0	26.584267203443385	25.40131742975947	19.675788743862114	28.338592998735564	3.362419947085597E-5
27.0	25.8643538598457	24.80101314583188	20.039921350182016	29.294644628276405	6.701586399532497E-5
28.0	28.217256535303825	23.61992386574407	22.664910800184238	25.494631858053516	0.0032769407143499055
29.0	27.920029227377423	22.963061426827725	23.020477029743184	26.095973384598164	4.58931453506392E-4
30.0	24.236631288292866	24.035476833812297	25.132725830723817	26.594987127546272	1.7891962475024447E-4
31.0	25.95321382960568	24.943387650023336	22.72958958775986	26.373275120896224	5.338117149024864E-4
32.0	24.066071053889026	22.926539648130348	23.80761633547948	29.199612670564644	1.6029193649810526E-4
33.0	24.46582117967623	25.584851815833957	24.607445094725385	25.34173896760502	1.4294215940814322E-4
34.0	26.186101103419833	26.181076035577483	22.860703386627932	24.771946196173293	1.7327820146048321E-4
35.0	24.92375470170245	22.50545121532558	26.144365456085794	26.426116817057743	3.118098284328781E-4
36.0	24.197944095036693	23.80666729805139	25.783410324884827	26.21180693584425	1.7134618284320017E-4
37.0	25.342533583800055	26.236502949793717	21.324124778267194	27.096807545891217	3.1142247822534034E-5
38.0	27.15380601517711	25.847742580656814	20.217285990842925	26.781056444979395	1.0896834376212274E-4
39.0	23.421674431258076	26.92879827656886	21.84116220167643	27.808116075739083	2.490147575483377E-4
40.0	26.233165573911815	26.639544643810265	22.602394609871425	24.52475512218137	1.4005022512295632E-4
41.0	24.760093529137926	23.9948947330424	21.312295708414137	29.927565952107706	0.005150077297836906
42.0	24.384267913136078	26.15034331582333	20.638496644629424	28.826814338754353	7.778765681019267E-5
43.0	26.57368710139921	25.295349004702594	22.56099752029258	25.565890824118103	0.004075549487515207
44.0	29.03232027781973	24.595438551686737	22.8180200211743	23.553894529475343	3.2661984389748927E-4
45.0	25.633910096375295	24.342343642455642	21.40321897909427	28.616375185328142	0.004152096746653363
46.0	25.352263788235735	24.21643960393638	22.507828645682782	27.923467962145104	0.0
47.0	25.897484772687978	24.103463630449898	22.681076589927894	27.316109295843322	0.001865711090906151
48.0	22.373538527631336	24.450603893135618	22.694560026932606	30.48129755230044	0.0
49.0	21.674903949310913	26.35602001316991	24.226050037898077	27.74111438847948	0.001911611141615728
50.0	27.617639828076047	24.57823214458321	19.805956172382704	27.998047533635912	1.2432132213239662E-4
51.0	25.32082721843567	26.79259795036658	21.431822225260788	26.45221989236744	0.002532713569517938
52.0	23.095265330643805	26.059575745006807	21.64657424431381	29.198584680035577	0.0
53.0	23.324479537116705	24.65384864727537	23.46492208664487	28.555140604235618	0.0016091247274351587
54.0	23.14082576536213	29.036269789193252	22.094179873386917	25.728585324585083	1.392474726196921E-4
55.0	24.171919006420133	28.36504291306176	22.063547393322494	25.397823441109473	0.0016672460861398128
56.0	26.97084727072967	25.458824669805068	24.538636229981048	23.031691829484217	0.0
57.0	23.345222422688767	27.809403132731315	22.069241727153887	26.770777225422997	0.005355492003031178
58.0	25.50424796367186	25.519957728695136	21.892113111542727	27.083496012219666	1.8518387060832594E-4
59.0	27.82191637929598	22.19991803223037	24.351510262327725	25.62364634363876	0.0030089825071644644
60.0	22.824491749888637	23.408108342898544	24.050856741149023	29.71649695730742	4.620875637449794E-5
61.0	25.17151123168513	24.213481718431268	23.205922056240436	27.402662707540333	0.006422286102835123
62.0	25.892016725968126	21.774281975970588	24.27037953754719	28.063029154633888	2.9260588020776863E-4
63.0	26.820859434781198	23.78904399056752	22.104712343424037	27.282812520933646	0.0025717102936015385
64.0	25.293463331295072	22.159930678679086	23.43586087800861	29.11071438448137	3.072753586671624E-5
65.0	23.954769122476918	26.59178268138599	22.868378834638335	26.57989227041867	0.005177091080087141
66.0	24.320263921843445	24.62498882455176	23.08617184598128	27.967914865665737	6.605419577787725E-4
67.0	27.032411988592532	26.031125069545546	20.68879815155538	26.24705036249705	6.144278094942E-4
68.0	23.91154353979441	21.918075230876326	25.987295427693365	28.18288612149277	1.996801431307266E-4
69.0	23.335499022368037	24.84349440837523	25.52344396778806	26.294552140115474	0.0030104613532023782
70.0	25.51393564601244	22.835338341829477	24.600415389817044	27.04991194625233	3.9867608871156326E-4
71.0	24.741414212119743	22.510294600651413	25.99553445953557	26.7516715973867	0.0010851303065737654
72.0	26.720790632707892	26.030881988868547	22.517444472631357	24.72906434053322	0.0018185652589850878
73.0	25.33560731281729	22.49676468300617	22.894430945598845	29.268933729064035	0.004263329513654955
74.0	24.16322364560923	26.579261808136124	22.913590357911207	26.343053246626248	8.709417171914726E-4
75.0	25.75528899395439	25.106143520340684	21.324732861190494	27.81126774508198	0.0025668794324507343
76.0	27.17284637393836	24.467595057660173	24.591747885727454	23.76686341768015	9.47264993867987E-4
77.0	24.207178212300573	24.924489161731152	23.63266944907109	27.234868728017066	7.944488801173584E-4
78.0	27.57044811927522	26.635692491583747	20.060931901831868	25.732285841567275	6.416457418860841E-4
79.0	27.840574042219053	20.67141674279621	22.58370939800118	28.901381942174137	0.0029178748094215276
80.0	23.991294924310267	23.191547411834833	28.879238308932422	23.935047400988623	0.002871953933858901
81.0	25.488558546062478	25.114341214347995	22.096283093265157	27.30028248466743	5.346616569378613E-4
82.0	22.688738156892985	22.26826432262866	23.73938809951815	31.302311002159342	0.001298418800859828
83.0	24.54667057911878	22.710577780683433	24.062206766576764	28.67956726976169	9.776038593356357E-4
84.0	24.082044749320865	26.14712425623366	24.07223860398371	25.69730934340831	0.0012830470534595303
85.0	24.486319415954576	27.621647364155642	20.95052787757505	26.94083329540341	6.720469113182169E-4
86.0	26.211210955129754	25.325398419381024	21.763453932723273	26.697615172964678	0.002321519801265687
87.0	21.878064571012366	22.12074843152764	25.994801464289353	30.005484441429264	9.010917413720084E-4
88.0	25.772307412239076	26.37029032142784	25.28316945755902	22.573423382284798	8.094264892607431E-4
89.0	26.988679662518756	26.47822141533082	22.302314067206087	24.2295172996858	0.0012675552585369846
90.0	23.32303182340391	25.548060231839713	24.622069685690683	26.506655003465823	1.8325559987117132E-4
91.0	26.76434517573015	25.087834151164074	23.832523901563444	24.314640124695707	6.566468466214985E-4
92.0	25.95392232839217	24.0909490015232	22.291377329174765	27.663690260317846	6.10805920236382E-5
93.0	26.263184150785168	26.78449569979051	20.78725984204596	26.164693831772734	3.664756056276605E-4
94.0	28.213306345158017	23.435721352179655	21.871385444067307	26.47473118583316	0.004855672761859332
95.0	23.993180940224054	26.802019760920647	23.521557298577402	25.680768449709817	0.0024735505680768453
96.0	26.250531335349557	24.148382419762253	24.07268240070747	25.52742667572176	9.771684589564818E-4
97.0	25.800609921623817	25.329977247792034	23.250063285399285	25.619151062629797	1.9848255506287773E-4
98.0	27.765549433495256	23.49566810246445	24.45904144200042	24.279741022039875	0.0
99.0	22.131924766301136	22.158626228835963	26.537437084010985	29.171950854042233	6.106680968513494E-5
100.0	22.3213834541379	25.028490683069567	24.66942792845675	27.980697934335787	0.0
101.0	23.84805090819717	21.731867923851425	27.938292816781324	26.481559365036716	2.2898613336305064E-4
102.0	24.76095701470625	24.580586967554154	24.968426844632592	25.690013905623747	1.5267483253097618E-5
103.0	25.9223065595099	26.117309608293176	25.07965461575407	22.880393346477046	3.358699658053841E-4
104.0	25.984657074157475	26.88770657608488	22.647898935155148	24.479264150223273	4.732643792221671E-4
105.0	27.84191196958119	23.07841576086334	20.175392124606578	28.90076863827588	0.0035115066730077352
106.0	25.97323208150223	23.35967682467418	24.664652927745855	26.002270227274636	1.679388031001503E-4
107.0	25.733258667533015	24.618477709266273	22.08250713426837	27.56496260501405	7.938839182934671E-4
108.0	23.76617139179232	25.878440413892367	24.247126315702697	26.108109213895787	1.5266471683290328E-4
109.0	26.93731674855956	24.58574449967071	25.249365461116575	23.226718384422632	8.549062305260758E-4
110.0	25.294003331948712	24.90574413851967	22.347062164978936	27.453083502823667	1.0686172901361586E-4
111.0	25.56630065149936	23.44866436905321	24.149352508100804	26.834827545408395	8.549259382239677E-4
112.0	25.703424525994688	23.825768412387905	23.548306728052744	26.92236293850777	1.3739505689223982E-4
113.0	28.89511866201408	21.31106023214284	22.722910893041913	27.070131660779694	7.785520214721595E-4
114.0	26.34192563878976	22.39421895570911	27.6743405706302	23.58907212138532	4.4271348560234687E-4
115.0	26.821655127138378	23.882289177779985	25.90167863876823	23.39361369170757	7.633646058366858E-4
116.0	26.401377358021023	25.558696725202147	24.507449009768195	23.532339500981003	1.3740602763601632E-4
117.0	26.13656766458582	26.913618170425913	23.572603290189644	23.376325364555406	8.855102432160755E-4
118.0	27.321298280911087	23.915578854896463	25.169105041387507	23.593544534798347	4.732880065918332E-4
119.0	27.85033498865762	20.994877075147937	24.565214005857303	26.588993757647213	5.801726899279273E-4
120.0	25.28980070676471	24.09467337094643	25.20963088292458	25.40581870169161	7.633767267199871E-5
121.0	27.906591857177776	23.6277085397966	23.574027453997402	24.890832427833978	8.39721194242322E-4
122.0	27.743730957445443	22.956122045789463	24.29892558617021	25.000656508194748	5.649024001328895E-4
123.0	24.746803284595305	27.762170969463718	22.320960730691766	25.1692405686361	8.244466131122432E-4
124.0	25.006316908658338	24.920330613640157	22.871774311624897	27.201410224094147	1.6794198245739122E-4
125.0	27.526024789294052	23.144806759689494	24.215554033928218	25.112667852925302	9.465641629281199E-4
126.0	24.682163588366333	24.468392236994596	25.22831717732656	25.620974325300395	1.5267201212093638E-4
127.0	26.99177017433991	22.768965499342144	26.72772751713796	23.51043758562875	0.001099223551230993
128.0	26.818032408209643	22.687456669893635	24.82545438501058	25.65930082212126	0.009755714764884984
129.0	23.784570081227134	27.057227846964928	22.605796494305064	26.549184217227772	0.003221360275101114
130.0	26.792750918868148	23.95454224839257	23.53645991255447	25.716201118000775	4.580218403134335E-5
131.0	26.04648720001209	24.07401102522501	24.88486446106186	24.993812872248675	8.244414523665973E-4
132.0	26.339950597620998	26.143916681310685	21.642052756024647	25.867453896532872	0.006626068510800263
133.0	27.542101627117866	24.34432455333458	24.210979515032616	23.90067061836586	0.0019236861490780429
134.0	26.554937506927473	23.178238310010705	21.096331820154056	29.17037022561506	1.2213729269866319E-4
135.0	25.64179134100196	23.950785221215362	26.34393704489956	24.062936780016685	5.496128664372032E-4
136.0	27.276219347604908	26.644926881281776	23.877646301559597	22.194474538221677	0.00673293133203947
137.0	28.785542418838705	21.652157583604076	24.042018833817817	25.520036885946702	2.442777927058651E-4
138.0	25.01055704237931	24.063217065920828	27.235108310827417	23.689774096086644	0.0013434847857981445
139.0	26.488040986106824	24.08159725879915	24.35904247279669	25.07009793100037	0.0012213512969682092
140.0	27.139314993559637	21.06913193220438	25.53211791150027	26.25906875606002	3.664066756853599E-4
141.0	25.338685368254687	25.080320218282903	25.0203663127142	24.560261690324566	3.664104236437318E-4
142.0	28.125534828979156	22.674916652557233	23.871055700687222	25.328233275435036	2.595423413558889E-4
143.0	26.586173150880686	25.35498419086383	23.789841542226654	24.268817910201665	1.832058271666761E-4
144.0	28.602855264104065	24.867017804904076	23.088680089594753	23.440714009921013	7.328314760890066E-4
145.0	28.24493922427902	22.492925173557676	22.730956289358875	26.53008007347804	0.0010992393263861407
146.0	27.447536566348745	22.471279521058428	23.943628211726423	26.13254802370036	0.005007677166045567
147.0	26.695150083740334	24.088863986467196	26.78800490380931	22.424591718180583	0.0033893078025835077
148.0	25.276971072503933	24.211316035115928	23.639877605396794	26.871224596417502	6.106905658383973E-4
149.0	27.8827192875852	24.428173777521828	23.8644545589454	23.822469133842205	0.002183242105366012
150.0	25.40385313587536	24.575428617318867	24.440050065788448	25.58060711028245	6.107073487331333E-5
151.0	26.81737976442452	23.775421727804925	25.518534312376072	23.88805347694988	6.107184445978365E-4
152.0	27.28793837708052	23.623462721086543	23.56110815844716	25.527292259224588	1.9848416119295698E-4
153.0	25.39157073053353	23.730808511015127	25.11923278169007	25.757624569380983	7.634073802866533E-4
154.0	23.405203904722573	24.82903669819322	24.35466497086421	27.408315590262166	0.002778835957831928
155.0	27.35423003163668	23.583831091892947	24.421027398096914	24.64059083635653	3.206420169298985E-4
156.0	26.274718717515555	22.97871157902966	25.886050514193297	24.8601680060489	3.5118321258738354E-4
157.0	24.13879662623295	23.360965559804907	26.560040505481787	25.939815584624593	3.817238557712906E-4
158.0	25.044238558555147	21.214108515745018	26.098253040737646	27.643262462569574	1.3742239261241648E-4
159.0	26.766486833803526	21.50878815289682	24.086767473237316	27.63731622508568	6.413149766591887E-4
160.0	26.8443569796678	21.443239055221607	25.396485100906684	26.315796706694627	1.2215750928168024E-4
161.0	25.14172333436812	20.387713814224817	28.32790057370369	26.13858522662983	0.004077051073539465
162.0	25.492215320152212	23.285156273859478	25.082351468064186	26.14024639779134	3.054013278849736E-5
163.0	24.999286105973027	23.838272996435418	27.21431220853463	23.94794544353129	1.832455256405538E-4
164.0	25.763862589638027	24.0868068705181	24.09519039300243	26.052078624919066	0.002061521922376828
165.0	27.133432697241428	21.862676228406674	26.661861362914458	24.341296699000658	7.330124367776774E-4
166.0	25.215667487609878	23.112206041423246	25.169196410777438	26.502777345510392	1.527146790418498E-4
167.0	26.345147749047378	23.346641801928875	26.563597431322517	23.744063228232424	5.497894688132688E-4
168.0	26.069848094429965	24.511756095832585	23.770738415260688	25.647504670305167	1.5272417159354842E-4
169.0	26.015349001233595	22.392042064125892	25.360048152531483	26.23219423150145	3.665506075805415E-4
170.0	31.83844098781995	22.568434505885364	22.483485118125774	23.109486656439753	1.527317291614356E-4
171.0	25.390248655794913	24.101775920813324	26.40386268428027	24.103226886423297	8.85852688196349E-4
172.0	27.674274160873907	24.371083998055582	24.066745540948318	23.88778939681028	1.0690331191041869E-4
173.0	29.325230200890793	19.82284897034782	22.934552621109834	27.915841043602825	0.0015271640487256961
174.0	24.80704279297578	26.07990367869441	23.295974822558783	25.81655946991517	5.192358558625699E-4
175.0	25.22997400393469	24.78361811105033	22.759385660837943	27.225372843931673	0.001649380245372801
176.0	24.597801385511993	23.807867117915134	28.25754151037912	23.33509474996029	0.0016952362334599926
177.0	22.44170032329609	25.521482381378807	24.433361248365536	27.578896113466893	0.024559933492677613
178.0	25.034830538719966	22.903368028719026	24.86033805361009	27.20106631920885	3.970597420669372E-4
179.0	28.198545633486994	23.529730696455932	23.635143479443517	24.63523618526686	0.0013440053466976338
180.0	27.306365502136238	22.30635401081563	25.24952636606904	25.137493651045368	2.6046993372572363E-4
181.0	27.60136968473678	22.31465179608444	26.492306880099793	23.590781515885936	8.901231930499181E-4
182.0	26.174010164839927	22.57728084777889	25.25103300189607	25.99749185651259	1.8412897252504193E-4
183.0	23.7949616911944	24.39823849005717	26.18403908969728	25.622116251738365	6.444773127873966E-4
184.0	26.618051365404433	22.095082039663605	26.155724668861264	25.12713677246615	0.004005153604546172
185.0	25.436885696018237	24.82813412695819	23.808991172450153	25.925390609836352	5.983947370722571E-4
186.0	27.388421559811814	22.544553118488125	24.98629724993632	25.08072807176374	0.0
187.0	24.450975663919596	22.0142610993651	27.63279468458321	25.901184231651975	7.843204801148614E-4
188.0	28.301833979684236	27.56230867849128	22.48133846312847	21.654026733335957	4.921453600535454E-4
189.0	25.074482658702163	23.745983642499233	25.11181050190492	26.06672348127433	9.997156193568937E-4
190.0	29.537605809021407	21.09784819612461	24.928507002253074	24.435839033700148	1.9995890075516785E-4
191.0	26.844129207497215	24.061095854148263	24.4939508620505	24.60034641343755	4.7766286647335184E-4
192.0	28.167672594986875	22.879553027585363	23.67204517801603	25.280621333323474	1.0786608825788254E-4
193.0	27.914520717848678	24.319683046589518	21.643724233395602	26.121810011347286	2.6199081891703166E-4
194.0	28.077114836160256	23.375507917463267	23.767138963443813	24.78023828293266	0.0
195.0	26.627074642905697	21.54175829155814	24.8243468749605	27.006234448945065	5.857416305998826E-4
196.0	28.633040932284604	22.225832111712744	26.358022660115722	22.782949807035703	1.544888512348062E-4
197.0	25.75888329932156	24.11040302828635	23.293286127353856	26.836886735471033	5.408095671993744E-4
198.0	28.167237672019457	22.428707403111616	24.078877528291116	25.325053562226685	1.2383435112270545E-4
199.0	25.72044413610711	22.944771910627207	25.205672158757388	26.128677322304362	4.344722039424939E-4
200.0	27.814080664671554	22.83079754534585	24.21943534264368	25.135608856804343	7.759053457550608E-5
201.0	25.279696843710102	20.84401241341701	28.31855371928402	25.55747319890379	2.6382468508256084E-4
202.0	25.489922494576422	25.47885649933992	27.872805308946134	21.15841569713752	0.0
203.0	26.08879247095586	24.626703938055723	22.160827720424837	27.123054887740278	6.20982823304616E-4
204.0	25.810088704722872	23.17749934130925	23.830398892561135	27.181857801359367	1.5526004738226126E-4
205.0	27.076407343315612	24.15258954586001	25.584112203949587	23.186145613287344	7.452935874473928E-4
206.0	25.372584339454175	21.344974571994253	25.411778407546876	27.870569509685932	9.317131876237432E-5
207.0	26.294681060899034	23.72693824364894	26.401053630474525	23.576969849456955	3.5721552054843457E-4
208.0	28.833132526751598	21.82663981512953	21.586759317311476	27.753390669360105	7.767144729246656E-5
209.0	27.32264514735745	20.38787270504118	25.06735918737056	27.22140827389266	7.1468633814918E-4
210.0	24.8507917604762	24.510754383246972	24.664029925402485	25.97405099768175	3.729331925924902E-4
211.0	25.455346326812347	26.1815162015414	24.96388656698416	23.39853594106462	7.149635974730078E-4
212.0	29.472463941171494	21.874222602007055	24.572400007960553	24.080618037623573	2.9541123731908396E-4
213.0	30.265040539619815	22.228190412545583	22.760520841013943	24.74596820484198	2.800019786806493E-4
214.0	28.730733429426213	25.032579222145777	24.39165735312888	21.844998863696503	3.113160262377147E-5
215.0	26.156738972989462	24.647186191744318	22.534794805622564	26.660968122462247	3.119071814133263E-4
216.0	26.079612513748344	23.97645252579504	25.765931966433786	24.177955715001428	4.7279021399903455E-5
217.0	29.5508514948557	22.64104067481009	25.11264493728022	22.694875145805003	5.877472489854608E-4
218.0	24.788114739775885	24.407691126355914	25.52198236434935	25.28195527894472	2.5649057413170724E-4
219.0	27.55098343450866	22.50807504616623	23.80373820286224	26.13665333335059	5.499831122832581E-4
220.0	28.337873507643945	21.591601512076387	24.827394256424796	25.242789316619767	3.414072351021263E-4
221.0	25.553186444049942	22.66508820583968	23.628486826030247	28.153041871983746	1.96652096385092E-4
222.0	25.75202786826291	24.250247706675577	24.056070828469807	25.94143845132479	2.151452669117006E-4
223.0	30.624966499611396	22.515594430895398	24.19798394661378	22.66088561627315	5.695066062766329E-4
224.0	30.073205497352724	22.55321523074974	24.488904229893695	22.884591017513056	8.402449078637849E-5
225.0	31.398032854915154	19.08486576349415	24.066074122686445	25.45030070173595	7.265571683059542E-4
226.0	25.687301439263194	21.462348221092594	26.588455947217604	26.261757490868238	1.369015583675516E-4
227.0	27.175929176360807	22.953145432706027	26.01761252784598	23.852102356303334	0.0012105067838529464
228.0	27.22381574468189	27.965171691854906	22.866678326869803	21.94421253467201	1.2170192139516301E-4
229.0	28.293746009696	24.889569433043576	21.188952733752885	25.627696743911937	3.5079595602421896E-5
230.0	26.034479496266687	22.73908790911665	26.591359665790552	24.635072928826112	0.0
231.0	25.9045370653055	24.676007977676306	24.505191257763435	24.912987874816107	0.001275824438650724
232.0	25.120415857997735	25.168448626418062	24.76967375984843	24.941245147986415	2.1660774935884107E-4
233.0	23.89806345714447	25.177834863619275	21.95260258867255	28.971005675913197	4.93414650504352E-4
234.0	27.300610136408444	20.890696287840147	26.631129379036405	25.176282982673715	0.0012812140412888865
235.0	25.861002616684843	21.42892114885014	27.8964791529062	24.813409492137282	1.875894215323767E-4
236.0	28.338155125127546	24.119834906725043	23.65064589915322	23.891040267056603	3.238019375927002E-4
237.0	27.89711269286753	25.16767556377404	21.6613725937905	25.27370449743882	1.3465212910984749E-4
238.0	26.777761930904592	22.48210877163505	24.911818663144754	25.828271559833777	3.907448182352792E-5
239.0	28.304239352054882	23.179537832353002	24.02785234553372	24.487339518513906	0.0010309515444843695
240.0	26.415916496843455	20.56342161698019	26.106418655920095	26.914060059310753	1.8317094550603314E-4
241.0	29.149812829458348	20.437128523771932	23.94202042323461	26.468471313249637	0.002566910285466908
242.0	27.242732632014693	24.248625806966526	21.116165825382314	27.391700076157516	7.756594789568687E-4
243.0	27.962735010191146	23.552352747237933	24.442285513048304	24.04015503451589	0.0024716950067266877
244.0	26.69572159672467	22.80765609007165	25.375803480040943	25.119815762538384	0.0010030706243602866
245.0	28.239181735681356	21.313588944520752	23.2769096581184	27.168883735966904	0.0014359257125883915
246.0	24.67073098583911	26.241768788198	24.141834029846823	24.943570903867993	0.0020952922480760284
247.0	26.388968912974768	22.320279164252227	24.85957830690618	26.291286940947163	0.13988667491966497
248.0	26.953304908443016	22.10599600403716	23.80329151990772	27.12647016416404	0.010937403448062783
249.0	25.32034923765305	21.268290628360198	29.32029638291933	24.07429889021576	0.01676486085165493
250.0	27.28888162643936	21.912150101042275	23.385691917238415	27.41224214569531	0.0010342095846407465
