# Position (bp)	A	C	G	T	N
0.0	23.365663214610777	19.56927105202077	31.791426626643332	25.273508709247526	1.3039747759119349E-4
1.0	23.516138283449788	34.50294608405465	22.047789133382	19.85725831682136	0.07586818229220983
2.0	22.414611559443117	22.264029073703707	20.658075293836884	34.66120886218784	0.002075210828450103
3.0	21.714938214319968	22.780213029040695	26.212448382322062	29.272181020247867	0.020219354069404227
4.0	25.345627491665308	20.105715255273456	27.360460266761994	27.18754937998171	6.476063175291487E-4
5.0	31.456950643052075	21.178340034083895	27.08906196824789	20.274741556342594	9.057982735484906E-4
6.0	25.803616919442746	21.751951788131272	29.547396157666395	22.891888692752264	0.00514644200731824
7.0	31.415160681938854	25.76889107156861	21.7453181305691	21.06985875005303	7.713658704028201E-4
8.0	31.814450181600474	20.17750209736663	28.059232460169305	19.94881526086359	0.0
9.0	31.17125399835278	24.78985104739285	16.88316829154616	27.155598970803247	1.2769190497168432E-4
10.0	24.597959558635896	24.89320601414733	23.612060958058162	26.896773469158614	0.0
11.0	23.828828997605765	16.976468545835814	26.206079135926903	32.98837353076724	2.4978986427667723E-4
12.0	34.045464073657406	30.12047595008304	16.81677062932032	19.017289346939233	0.0
13.0	30.041020004612296	22.516228907327175	27.253892239074005	20.18885884898652	0.0
14.0	24.14207015677683	22.88195139088811	23.417105410825553	29.55887304150951	0.0
15.0	21.651635633146228	31.29681375059906	19.301189412217703	27.750361204037006	0.0
16.0	26.88871705726063	26.094428585547924	16.74284750847369	30.273890571676077	1.162770416795056E-4
17.0	27.329394617666964	25.413066298821857	19.02620894279319	28.23046258220117	8.675585168219596E-4
18.0	27.732870711939327	20.84723664013291	22.041741786831924	29.377826795673514	3.2406542232745947E-4
19.0	24.423584515060554	23.0745178207915	25.62428837594452	26.87717800089708	4.3128730635199947E-4
20.0	18.829077500213145	24.950976212805866	25.98271378634155	30.23712592718902	1.0657345042203086E-4
21.0	25.027796567176797	21.324828781601422	24.690961359600912	28.956307601251375	1.0569036949353176E-4
22.0	25.150227233172235	22.233527525954425	25.413041217100623	27.20299805670068	2.059670720441923E-4
23.0	19.856490302035006	25.86660876532525	24.43487577206036	29.841719343635287	3.0581694409360444E-4
24.0	32.33009424662731	19.105499519232225	22.105429901233247	26.458774541605834	2.017913013823713E-4
25.0	27.87962836466496	27.20814507655912	19.317823301217064	25.594108402485038	2.9485507381696774E-4
26.0	25.706633005575448	24.458454654060745	22.751127780494667	27.083784559869144	0.0
27.0	23.46610374440562	24.388424192994083	24.96472760704841	27.180646544676247	9.791087564633417E-5
28.0	29.604082904205857	23.52240333523116	21.823048759884255	25.048414173365224	0.002050827313504112
29.0	29.912385041631612	21.53258483468237	27.24593112651948	21.308712176158288	3.86821008248958E-4
30.0	24.490722438799644	19.965392498886654	29.55969216829749	25.983904337864626	2.8855615158431756E-4
31.0	25.706765797828147	21.509733008659566	21.718369522931287	31.06465138394594	4.802866350638061E-4
32.0	19.229117139180804	27.233460410697457	24.23822939935616	29.299001717218587	1.9133354698912746E-4
33.0	26.45406719624405	27.10505105550273	20.368277946194986	26.07250853148026	9.52705779684883E-5
34.0	30.739892132458323	24.812551859395036	22.10794297352342	22.33961303462322	0.0
35.0	23.570761871426903	24.295636824851996	27.96282287232641	24.170590249942606	1.8818145208335685E-4
36.0	25.993959158947867	21.328533520459565	26.968282292208517	25.70903689879663	1.8812958742240828E-4
37.0	23.795109345731117	26.84217653298427	22.11317113904624	27.249354909085437	1.8807315293356504E-4
38.0	21.429847423269738	27.634929052008466	20.408124889525723	30.527004614534093	9.402066198067687E-5
39.0	21.199074222047578	22.318411963668293	24.18754712085689	32.294496659942055	4.700334851854846E-4
40.0	24.09797896529716	22.195380787527693	25.479268438264018	28.22737180891113	0.0
41.0	20.298507462686565	24.975093048610848	22.558930786871688	32.162769277040496	0.004699424790405654
42.0	23.738802407364943	29.06947676276328	17.733735062044907	29.457985767826866	0.0
43.0	24.78718415911549	25.283151488042936	27.13358510707275	22.79185064974727	0.004228596021548925
44.0	33.75982291506162	26.126417299605016	19.418460879336457	20.69529890599691	0.0
45.0	29.285262670360652	24.403414775753852	23.077356677216883	23.22936248688269	0.004603389785923586
46.0	28.958545294669708	21.011721403186396	24.948542128754124	25.081191173389776	0.0
47.0	26.538736846456036	20.998607852015233	24.311957630605463	28.149006802925573	0.0016908679976929046
48.0	20.089193464155425	21.606872480397353	23.984738675172732	34.31919538027449	0.0
49.0	17.428394857653785	21.187007385923916	28.36433342600176	33.018291995702185	0.001972334718350602
50.0	26.01424450054093	22.685644308210122	22.03145660536122	29.2685606743599	9.391152782786393E-5
51.0	21.528350326689367	29.932314545799425	25.15245190745648	23.384347832619355	0.002535387435371096
52.0	17.83074171942983	26.29600251573508	24.123083277402035	31.75017248743306	0.0
53.0	23.551819182571435	21.64887791501378	25.312863364931715	29.484937981025954	0.0015015564571150782
54.0	21.37064231203805	36.7140958794581	17.860373803008294	24.054888005495556	0.0
55.0	24.61019149870345	28.292404222503254	19.34172555229907	27.75436529231416	0.001313434180060568
56.0	28.797366527544423	25.978522827586918	24.97811850063182	20.24599214423684	0.0
57.0	24.618816497220507	33.78964036389493	21.80180146375966	19.784769920320596	0.004971754804309855
58.0	24.275084986154575	24.529668235064577	23.43601086622091	27.75895450145208	2.814111078592494E-4
59.0	29.25850819961206	24.19701579893223	26.49303848996575	20.048717438854645	0.002720072635318924
60.0	20.518701829438115	24.345902495609028	26.32809855278495	28.807297122167906	0.0
61.0	26.619638011256118	27.700334382929405	24.52519686959066	21.149110781458344	0.005719954765472478
62.0	30.067793113794917	20.001406496136823	23.296451879078838	26.633973445352936	3.7506563648638514E-4
63.0	28.329615659050354	21.456465705978374	28.046453582515962	22.16530852008435	0.0021565323709573222
64.0	18.473062480197825	24.327475951488655	25.81988035268025	31.37948747752629	9.373810697767721E-5
65.0	17.81285706653119	27.284265029952582	26.387421697272256	28.51076952494861	0.004686681295361216
66.0	25.403468450819872	23.711047415158678	21.293142395446885	29.59131068898483	0.001031049589735995
67.0	28.84152690987925	32.14442039791436	18.06407832691138	20.949318266812757	6.560984822567538E-4
68.0	21.24219271344915	21.865557213445403	26.775150147335587	30.11681875098411	2.8117478574481326E-4
69.0	20.875535740561453	22.02775869485961	31.446483114507195	25.647598223398543	0.002624226673202241
70.0	26.232560493033567	22.17929532631989	21.020550249299795	30.567125410775407	4.685205713327255E-4
71.0	20.973275846726942	25.02784253815294	28.020318261988685	25.977158347000923	0.0014050061305100829
72.0	22.719703128687943	25.291570038626237	22.810836327397656	29.176579236241977	0.0013112690461828957
73.0	24.721206825340186	25.266664606214885	27.71420035271188	22.291559546588218	0.006368669144828219
74.0	22.67065999488659	27.934286150437217	23.50060546123222	25.893699176141926	7.492173020497649E-4
75.0	28.630854608487837	22.10718145329705	20.045531421550542	29.21399768128754	0.002434835377034258
76.0	29.07166756722083	20.789035277063213	27.53157948459584	22.60678121965312	9.364514669980455E-4
77.0	30.58448624281051	22.008974807983684	22.157961864557564	25.24745336077717	0.001123723871078906
78.0	21.70799377869418	36.823032689946935	20.140962579463512	21.327355486201043	6.554656943301282E-4
79.0	27.157521772554176	21.521798772066337	24.910367584199225	26.407315540748687	0.002996330431574581
80.0	23.36457523805957	24.427673898184473	32.423760077152835	19.78136908830442	0.002621698298705068
81.0	25.06942558868967	29.61780815504892	21.767801132905763	23.544309723327558	6.554000280885727E-4
82.0	18.737091830333988	24.231595267207304	23.469978148563552	33.560211286725675	0.0011234671694806398
83.0	20.98376739792484	23.05087538465715	27.770865573383734	28.193368215780612	0.0011234282536588655
84.0	23.765016027081273	29.571462808184297	21.745341661424163	24.916962493634102	0.001217009676163087
85.0	23.423507759593942	30.15794410546083	20.169421077562237	26.24809731274094	0.0010297446420514012
86.0	28.06765622966948	18.73361272247148	25.47676973236492	27.720089152406246	0.0018721630878709105
87.0	17.140696212662277	32.06436630120291	22.819971113605156	27.974404744632476	5.616278971809088E-4
88.0	28.920846878401868	27.19182063505584	24.744301242948218	19.142656833407123	3.744101869523666E-4
89.0	27.013239857164923	24.746973178642133	23.9863716988108	24.252385654715383	0.0010296106667665077
90.0	20.349405878966852	22.13443655611039	29.42253962756871	28.093617937354043	0.0
91.0	25.182282258109804	22.520914490667334	29.316790184931087	22.97907708550559	9.359807861864212E-4
92.0	27.86163945841827	26.41979884428121	20.735830090244903	24.982731607055612	0.0
93.0	23.43234941213688	27.550854231285438	25.333708956746527	23.682806618209998	2.807816211582055E-4
94.0	26.694257340120565	22.74162195349081	18.71888678932724	31.8415838618894	0.003650055171987792
95.0	20.629675279522406	32.03405835553696	22.059130441293043	25.27432829926281	0.0028076243847793064
96.0	27.397916641321103	26.218669371857345	22.47859976435643	23.9036912189548	0.0011230035103218059
97.0	23.451711284944643	23.380308314843116	30.453039211741157	22.714660442848146	2.8074562294178366E-4
98.0	29.704478673429286	21.091875502985157	28.922254870767905	20.281390952817652	0.0
99.0	19.69518335092622	18.247393089314215	34.95602401359063	27.10130604986532	9.349630362363624E-5
100.0	17.689877648479886	26.306651969899676	26.472691780187972	29.530778601432466	0.0
101.0	23.690159437714208	19.76077798574092	34.42560726379303	22.123268332906395	1.8697984544245976E-4
102.0	21.49185748756817	26.394847578561993	29.885484086597923	22.22771735726179	9.34900101249681E-5
103.0	26.4571094150247	24.50320291085325	26.228904353939413	22.810596343483674	1.8697669896377514E-4
104.0	25.89277617655555	30.547767580438435	22.378978917777367	21.179916404046487	5.609211821600888E-4
105.0	31.867203159122866	21.973161665719328	20.923953690130734	25.232222454901727	0.003459030125347773
106.0	26.323435650728538	21.55143884421293	24.805408730477772	27.319623288503642	9.348607711853474E-5
107.0	24.33914568523553	24.89791301291232	21.942625617476693	28.819287335604425	0.0010283487710297324
108.0	22.00992811001318	27.458516018659612	26.635099888752816	23.89636249754602	9.348502837270611E-5
109.0	27.01655687024578	26.13173513868751	25.45454035544313	21.39641976728207	7.478683415178174E-4
110.0	26.487804786850184	24.774903623602963	23.068452481107983	25.668839108438874	0.0
111.0	24.96966615004085	21.340634645837113	25.393124825895853	28.295546112125873	0.0010282661003101624
112.0	22.302976029673363	24.00173493453333	25.633377298718145	28.06181825999901	9.347707614923054E-5
113.0	32.728039237864124	24.35381754991433	22.39127000522536	20.5257514841795	0.0011217228166833836
114.0	25.467176804137686	21.76266642487173	26.040099946063528	26.729309005521714	7.478194053527044E-4
115.0	21.94533506576057	24.9023640153675	29.79453911515344	23.356827040821095	9.347628973910768E-4
116.0	25.591195215473807	25.821802946768596	26.525871626181786	22.06094325759828	1.8695397753934912E-4
117.0	23.327207566288216	28.749726583897147	21.77373672412923	26.1483008941875	0.001028231497908951
118.0	33.26868053134321	17.10124254895931	27.302987333347666	22.32624832097452	8.412653752931576E-4
119.0	26.39848422957528	21.790228066616876	24.109685844053992	27.701134490974646	4.673687792047066E-4
120.0	21.338442023871508	24.22867216732675	28.71796980962058	25.714915999181166	0.0
121.0	24.382806928004502	22.92824005915108	31.18546124847285	21.50246353767937	0.0010282266922040787
122.0	35.67987392224457	21.05446170182536	21.65409752705138	21.610164738609257	0.0014021102694295096
123.0	27.480407992342666	23.717639536970566	22.25263220866236	26.54829205551567	0.0010282065087341469
124.0	19.730258478144844	26.688127839796454	21.346109087442127	32.23522417859136	2.80416025215009E-4
125.0	25.9041437507244	24.49553770054176	26.307377095149608	23.291632861367738	0.0013085922164934962
126.0	27.236451737733237	24.327517521278843	28.616562071782564	19.819188253966473	2.80415238885742E-4
127.0	30.423411482529065	22.211015914618528	21.7024323399705	25.66201859353881	0.0011216693430943492
128.0	25.7978882507777	19.712120872218232	24.696211713328548	29.7857404582436	0.008038705431921513
129.0	17.700635430434485	30.903903999341946	27.23340057168175	24.15925580421489	0.0028041943269279303
130.0	32.61120931158611	23.439648459955862	23.361783947945753	20.587264805707946	9.347480433386583E-5
131.0	27.414427770476298	21.07304369609964	25.742055976922746	25.76972475177557	7.478047257519644E-4
132.0	21.94435927731746	32.17186144596333	19.878350183960993	26.000755287009063	0.004673805749154976
133.0	32.63466756901517	23.57027148039682	24.065223345276365	19.72787462341127	0.0019629819003721253
134.0	24.29647341672049	25.477640917975414	22.09267434980169	28.133211315502404	0.0
135.0	28.991897490353264	21.84247031198588	26.35942314019922	22.80555472465676	6.543328048816966E-4
136.0	26.34186923662945	28.002561238368102	26.132202898686195	19.518786309526593	0.00458031678966531
137.0	26.022798973625545	22.490967811289185	22.284571198885757	29.20138158601962	2.804301798959604E-4
138.0	21.94175102146502	22.810522094585185	31.357176709008428	23.889334979767	0.001215195174366486
139.0	32.1710404549712	21.1148626542604	26.933244343240027	19.77973082366314	0.0011217238652360948
140.0	27.881444339749628	16.858856433496356	30.937317718849556	24.32228803039141	9.347751304946083E-5
141.0	22.68562229954213	21.96599876977843	28.533007517812976	26.814997485337365	3.73927529105584E-4
142.0	22.323215609508022	22.47858525745835	28.09245896306185	27.10545971934371	2.804506280691816E-4
143.0	24.34882188246402	21.653618019752923	27.803947780483583	26.193331868768784	2.804485306834063E-4
144.0	28.19942827122155	24.670526801889807	24.50843103638461	22.621053005502283	5.608850017480916E-4
145.0	27.45216814974148	20.091199986538747	23.688626269821462	28.76650989916213	0.0014956947361828188
146.0	24.2320819112628	25.127343670395604	25.562775358193512	25.074340285470438	0.003458774677656222
147.0	27.19358270373756	21.57966372948789	29.494902471081595	21.728579254281904	0.0032718414110423713
148.0	30.12173997582588	21.944137775663037	24.276575875049897	23.656892008237524	6.543652236667074E-4
149.0	27.012549954427538	27.9362452966884	20.34363972048891	24.705601907032182	0.0019631213629671177
150.0	26.563385179742323	26.409416489513866	23.798305690017184	23.228892640726635	0.0
151.0	24.437852452395553	26.560793831241682	21.16686984877268	27.83392293539557	5.609321945163269E-4
152.0	28.28639221867585	21.91769551941872	22.17236111656467	27.62336416619454	1.8697914621582256E-4
153.0	28.51411892732801	24.896038622773524	24.266754423033056	22.322153122393953	9.34904471461106E-4
154.0	29.389496752503053	23.014735511545044	23.69377884859007	23.89937106918239	0.002617818179438347
155.0	24.397471706411032	24.192270083886573	30.49138911112047	20.91849481381672	3.7428476520648824E-4
156.0	29.839679377469775	23.099906332257543	24.791072275751844	22.26906129201597	2.807225048681961E-4
157.0	24.78821628187049	21.409034296189343	30.468595747388555	23.333779374375972	3.7430017564035745E-4
158.0	26.96709016167172	22.467568804291783	22.711334987137942	27.853818894358938	1.871525396131744E-4
159.0	28.591868512758317	21.382959211555665	22.518612511650364	27.50553041447228	0.0010293495633686308
160.0	23.870394198151832	23.26569189378875	26.742870511170896	26.120949818692246	9.357819628026669E-5
161.0	24.218281384078253	18.996031400688164	29.05527498060617	27.726856309754744	0.003555924872665138
162.0	27.488950837191066	17.63570842375259	27.568304553574517	27.30694260798609	9.357749573520563E-5
163.0	21.748386686231058	19.764965263220937	35.650491106186735	22.83606336467629	9.35796849733485E-5
164.0	32.21655128269914	20.97040443343945	24.895518086179568	21.915280281039035	0.0022459166428038025
165.0	32.372593314903995	18.96843117914702	25.98798786433661	22.670145407108087	8.422345042888454E-4
166.0	32.01996720795993	21.5603920071274	23.453889001190394	22.965471029954557	2.8075376771556274E-4
167.0	24.254043182811476	23.957934614661117	25.954889300878687	25.83285214131229	2.8076033642575245E-4
168.0	28.242280173886186	21.086554704426234	23.296724893894798	27.374253052133103	1.8717565967721559E-4
169.0	24.89332648226819	17.41462140845545	29.896007944240566	27.79576338367743	2.807813583640555E-4
170.0	30.492566760635093	24.019789525702798	19.33756004058238	26.149802890932982	2.8078214674798115E-4
171.0	27.633899155385166	26.592918863064575	25.28911959386606	20.48303282616509	0.0010295615191086617
172.0	26.623144623500032	27.395037364734048	25.696274750044427	20.28535620422937	1.8705749212020314E-4
173.0	30.72100518718188	18.369881796601863	20.1824960202923	30.725026983447034	0.0015900124769214366
174.0	26.565193358280776	26.071731540309827	19.836959317458877	27.5255546067504	5.611772001185955E-4
175.0	27.368571687787668	28.326335608334418	19.556435584296786	24.746880018556677	0.0017771010244519746
176.0	25.35828196758112	20.556901405815946	30.425579676933584	23.65755333776061	0.0016836119087482347
177.0	25.429713661414823	22.70457700236838	30.361318661583187	21.47820002918386	0.026190645449749504
178.0	24.459583081559693	18.450970084614653	30.367174828497724	26.721617237966775	6.547673611565811E-4
179.0	24.908352610699477	23.50943788042202	30.387926397722076	21.193067070267517	0.0012160408889071814
180.0	28.507275114327236	21.21962152000247	27.986521223645315	22.286394988784842	1.8715324013725818E-4
181.0	32.32345827842338	20.49098852881275	24.523125823649217	22.661304211093807	0.001123158020845813
182.0	32.17119961214372	19.294258809831557	23.364409880975668	25.170131697049055	0.0
183.0	19.121338677159635	23.999015348212932	29.44754670076133	27.431724881551634	3.7439231447456843E-4
184.0	23.560372618249758	21.795659027343557	27.36892651348083	27.271204082626	0.003837758299854353
185.0	24.614390953936592	31.152755286386913	17.881888215967276	26.35021669740057	7.488463086557272E-4
186.0	22.77971965783803	24.654439999026458	22.758189439708836	29.807650903426676	0.0
187.0	23.91760917542695	22.781355133930035	25.727469444738354	27.572629901412288	9.363444923748787E-4
188.0	35.473646163411765	25.35339461087264	22.282962896375036	16.889528132982747	4.681963578068933E-4
189.0	22.298885449032376	23.74549806437838	29.052959431543425	24.90162697097223	0.0010300840735892062
190.0	34.39593874403356	23.104058914807084	21.183371775170038	21.316443273240456	1.872927488675812E-4
191.0	20.979038009589743	25.481290259732354	26.576832687179362	26.962370702857534	4.6834064100846856E-4
192.0	26.972226125240034	17.740902065477027	24.507236195025996	30.779635614256946	0.0
193.0	20.14023419203747	21.820796252927398	27.301639344262295	30.736768149882902	5.620608899297424E-4
194.0	23.248517733333458	24.88690368568921	27.47081136124963	24.393767219727707	0.0
195.0	29.8378815928527	19.696580748158084	24.37903328561471	26.085567489375734	9.368839987708081E-4
196.0	26.502229082379046	22.154276679871533	28.948362324993372	22.3950381947666	9.371798944922875E-5
197.0	32.747776160515706	19.57034980660024	21.48138498033199	26.199364362896116	0.0011246896559480618
198.0	29.203334898969587	21.425310244417382	22.831195349216575	26.539972006048796	1.8750134766593634E-4
199.0	24.03862476190119	21.85707224980047	22.308651087587535	31.794714042273032	9.378584377716858E-4
200.0	27.64659924272338	21.068778612422374	28.282040051060363	23.002582093793876	0.0
201.0	20.947454320339173	19.091659475481183	36.49786140396954	23.462368213709524	6.56586500581548E-4
202.0	26.215033005297165	30.272944473993025	24.01014595123452	19.501876569475282	0.0
203.0	23.306565097472653	27.552019813497946	23.268382835806893	25.872000300204512	0.0010319530179935081
204.0	23.652545449939623	23.196380705225817	22.632413967160268	30.518566055225772	9.382244852196806E-5
205.0	26.975412666361404	23.678491806724267	26.044895998318555	23.299792071701482	0.001407456894286851
206.0	23.086970842064073	17.207057659952014	25.538459517359357	34.167418143737464	9.383688709264235E-5
207.0	21.38671847503203	30.494666647895517	26.549722421665656	21.568423176735042	4.6927867175364745E-4
208.0	29.172103432155737	23.24426112244879	17.43169388647846	30.151847686707136	9.387220988324174E-5
209.0	25.791111311408304	23.145967829767418	25.666426310037515	25.395180098471105	0.0013144503156558543
210.0	22.86639904218607	27.604009672042633	23.609362161654577	25.92004131746367	1.878066530506843E-4
211.0	30.94107736044156	28.499608835343626	21.719171012679745	18.839109703607075	0.0010330879279918932
212.0	29.082150744497877	20.01666442783429	25.710375250224743	25.190527766374863	2.818110682236415E-4
213.0	34.4705484343871	17.43976243280833	25.40286809758298	22.68597526594745	8.457692741420141E-4
214.0	29.905316975145823	26.780466842134466	23.912800215902497	19.401415966817215	0.0
215.0	24.44993940488826	23.280943025540275	17.738183953210036	34.53018088205406	7.527343073715271E-4
216.0	23.096501750256504	25.098923441366406	26.345132476311186	25.45944233206591	0.0
217.0	27.66669809083871	19.390618646722793	28.626278035360762	24.315548204203793	8.570228739405054E-4
218.0	22.909059269097018	22.676618313976	33.421108239462946	20.993022946731724	1.9123073230852783E-4
219.0	31.567572653527954	24.422280959298277	19.080738090140397	24.92844819226674	9.601047666321348E-4
220.0	29.723290516114144	24.899719252365202	19.47744404276594	25.899353895854166	1.9229290054611182E-4
221.0	22.92788641464804	20.939543186822647	21.421615605027476	34.71047127051467	4.835229871663329E-4
222.0	24.00319173976187	22.16227672227469	28.206951312295324	25.627384892757348	1.9533291076313637E-4
223.0	28.062760248055397	18.73511731304015	28.549291263305648	24.651753695999908	0.0010774795989033216
224.0	28.994666650974576	24.826651445339547	22.502358717250118	23.67632318643576	0.0
225.0	31.99692180216281	19.200652640922513	19.554133671331527	29.24711099127221	0.0011808943109432493
226.0	20.88788483123751	24.120640378735253	26.23483133936447	28.75654159630228	1.0185436048702682E-4
227.0	31.380950226058197	23.121392633670535	23.251288675698024	22.244825756235628	0.0015427083376186343
228.0	25.8886375937725	27.910830288529965	24.477206309365872	21.723325808331662	0.0
229.0	34.42323765592103	23.696717062177974	20.96636655064061	20.913678731260383	0.0
230.0	29.977087413437786	18.889976916742402	29.860284423281236	21.27265124653858	0.0
231.0	27.1527970745479	26.94161322233214	23.64469984105636	22.259556069312765	0.0013337927508363992
232.0	22.807954254121476	27.858615808188336	22.378362110285018	26.95506782740517	0.0
233.0	24.01334790064971	27.220135135740225	23.42330442258352	25.342876716622413	3.358244041355656E-4
234.0	25.675650438294443	17.68596874161054	27.129200564938778	29.50777958049794	0.0014006746582937448
235.0	23.013057455637224	20.29499653028565	33.24694452705669	23.444883469525525	1.1801749491344598E-4
236.0	28.118711720528246	22.918873482413282	24.768750145084773	24.19342029867304	2.4435330066329704E-4
237.0	27.96622968089848	28.76088320484061	21.625208885090792	21.64755544586914	1.2278330097993353E-4
238.0	26.72598103363934	16.541308574592826	29.565720500703975	27.16698989106386	0.0
239.0	26.484732132248563	21.785117971871852	27.245280187104076	24.48386915221592	0.0010005565595862698
240.0	24.495124570199934	18.72772796161453	31.947375745806056	24.829644043191315	1.2767918816464997E-4
241.0	26.18325890488543	21.826861488935453	19.898412519832316	32.088910139954464	0.002556946392340411
242.0	25.240892885621534	25.1648823701905	21.451427865892242	28.14189658454273	9.002937529902613E-4
243.0	22.926767738522585	29.675817535224773	21.064073241271196	26.331539541714342	0.0018019432671033376
244.0	30.1125164574965	23.400047923199207	24.27696517323206	22.20943983963764	0.0010306064345912743
245.0	24.655356897655054	26.730340251671723	22.56767855246011	26.044551646592172	0.0020726516209431086
246.0	24.65405362638959	27.067020665342845	24.061966197190408	24.214624883755015	0.002334627322143551
247.0	26.007332191385004	19.853667848873226	28.55892440414582	25.443976785289905	0.1360987703060534
248.0	31.854460734794916	23.155829618275355	23.769480489932615	21.210478348655105	0.009750808342011552
249.0	21.038363151297137	18.528530216422602	35.00511743968545	25.408251430334193	0.019737762260614276
250.0	27.824788582127407	24.815254512078404	16.30794052581207	31.051624139031116	3.9224095100126035E-4
