# Position (bp)	A	C	G	T	N
0.0	23.710733843498378	24.35838731788018	25.554323233934113	26.376495196764715	6.040792261986744E-5
1.0	22.73107289723533	30.560703750552165	23.47498539949122	23.156045173351146	0.07719277937013426
2.0	24.45023639399092	27.067157060339948	22.722747241535586	25.75885708260931	0.0010022215242306096
3.0	25.487598578253916	22.119704354367766	24.910179472809887	27.476148338765892	0.00636925580253224
4.0	25.866580897062263	24.114275055035385	23.731434126361926	26.287549804046208	1.6011749421725662E-4
5.0	27.930910796567616	24.485827748046898	22.572894635925696	25.009607052556277	7.597669035140019E-4
6.0	25.57740992018073	24.111086386219878	24.232147436633042	26.07300983196942	0.006346424996931563
7.0	25.05973528231208	26.15948199873906	23.690729104105227	25.089057611803835	9.960030398012774E-4
8.0	27.03233324515242	24.593968624157107	23.987150099486758	24.38646852925165	7.950195207105567E-5
9.0	25.77931559900959	25.695233635959617	22.7899220684401	25.735350136499267	1.7856009142276682E-4
10.0	24.660970531510426	25.144410526134248	23.298172078629424	26.896446863725902	0.0
11.0	26.946441401119387	22.998564803087255	23.21542876051647	26.83941139449939	1.5364077749147246E-4
12.0	28.181326765832456	24.989374824290465	20.184284255878023	26.64499527318927	1.8880809790379588E-5
13.0	24.92613814384491	23.915770800928605	24.801964319084707	26.355940791510513	1.8594463126714758E-4
14.0	26.61184273463014	22.19666486622524	23.330630218275314	27.860770196463974	9.198440533185766E-5
15.0	25.468846093125947	23.60872333680556	23.97869971392626	26.943730856142228	0.0
16.0	25.899406027501886	25.41093324769385	21.769313813658965	26.920257851784918	8.905936037923613E-5
17.0	28.263495505861965	26.658132005398695	19.54995430104336	25.527196290459635	0.0012218972363477422
18.0	25.695593341834815	26.04926183432849	19.960903580923787	28.293998838188788	2.4240472412178065E-4
19.0	25.009366752436733	24.76786294788229	22.10627613737169	28.116029268346438	4.6489396285256176E-4
20.0	22.38732985103092	25.640817688270474	24.700671162482653	27.27113007616889	5.1222047061792396E-5
21.0	23.67810809753666	24.96471664353388	23.830823438613056	27.526013167824832	3.386524915764426E-4
22.0	22.044982251431243	27.05400229052702	26.300182344178154	24.600782853616025	5.026024756187539E-5
23.0	24.808114482612943	24.94674983232819	23.226835219176124	27.017867334532998	4.331313497472345E-4
24.0	27.326332652325323	22.36314121498842	24.481020618368024	25.82943956244892	6.595186931505192E-5
25.0	24.7407912954373	26.062191837256176	19.87341697890348	29.323355444132424	2.4444427061740757E-4
26.0	25.657298159979685	25.62986755584573	19.856437868871996	28.85633164410038	6.47712022053299E-5
27.0	25.557869215782176	24.863512878747525	20.53853939167954	29.04004623015969	3.228363106912087E-5
28.0	27.29629320627201	24.404232534478158	23.017592701747848	25.278946329840785	0.0029352276612026234
29.0	26.779071610444483	23.76396223484075	22.99233609824682	26.464078072598497	5.519838694542378E-4
30.0	23.169537936753823	25.31812420785805	25.34328498333568	26.16883381057441	2.190614780390868E-4
31.0	25.49818844808467	25.247720893086843	22.95898121096511	26.294502536732907	6.0691113047002E-4
32.0	24.02179271478032	23.02191653702339	24.26399395661102	28.691957552563156	3.392390221095949E-4
33.0	23.96072075536774	25.11935011758745	25.197044823634084	25.72276221390996	1.220895007607702E-4
34.0	25.842372990329377	26.90752584064839	22.8019923678846	24.44807854498145	3.025615618227821E-5
35.0	24.990077870577135	22.970017591303414	25.642597193858734	26.396978227265162	3.29116995556771E-4
36.0	23.062102111222476	25.48175611669222	26.327760660960575	25.128127024287412	2.540868373153723E-4
37.0	24.88540582973142	26.60202866680801	21.525057571627052	26.98750793183352	0.0
38.0	26.2558350009388	25.966682146506603	21.143021621935702	26.63432679649916	1.3443411973808052E-4
39.0	23.073149343153204	27.54222543869684	21.935245117965998	27.449171022696557	2.090774874023347E-4
40.0	25.65264388133902	26.828852017812675	23.46150808067279	24.056906428208688	8.959196682588652E-5
41.0	24.153051641790597	24.58151621336335	21.798064160695862	29.462008071222645	0.005359912927542637
42.0	24.053049444352467	26.41341502028564	21.033365126136417	28.50012562362088	4.478560459297275E-5
43.0	25.939410910717115	25.918976116815966	22.682531669452505	25.454857017642585	0.004224285371822196
44.0	28.26111842011983	24.793131007700453	23.43889896727811	23.5066874320455	1.6417285610771532E-4
45.0	25.20938544604953	24.329225682346532	22.194178318341685	28.262957708668807	0.004252844593448202
46.0	24.56721105227725	24.951522743875362	23.01623726968454	27.46501401349306	1.4920669782898287E-5
47.0	25.245920716360548	24.881683244390008	23.302589824803775	26.568060667455395	0.0017455469902741701
48.0	22.607155385749845	24.284034855777836	22.907170778038427	30.2016389804339	0.0
49.0	22.013179111716415	26.64865664572159	24.309755060135814	27.026455462035486	0.0019537203906963537
50.0	27.06975494287588	25.388667873308833	20.116242082622428	27.42527545010104	5.965109181630268E-5
51.0	24.497219798446572	27.171109879839705	21.898910762180194	26.430329157017123	0.0024304025164059626
52.0	22.292551592345312	26.50846403195704	21.736562772547188	29.462421603150457	0.0
53.0	22.15943287183235	25.747748395723598	24.587387925046684	27.503796141058036	0.001634666339337116
54.0	23.008837984938246	29.2101836697149	22.421308290444173	25.359625474153418	4.458074925973666E-5
55.0	23.44399586444872	29.212351303542555	22.302774144528648	25.039425223036343	0.001453464443736169
56.0	26.520058748753577	25.926313142008382	24.556210824030757	22.997417285207284	0.0
57.0	22.517719664527455	27.997262719605214	22.982553173821753	26.496874221521015	0.005590220524561383
58.0	25.107390379672363	25.726957105527543	21.850168847389714	27.315201958558553	2.817088518258885E-4
59.0	27.24107727674771	23.255699485936567	24.743198081209393	24.756822822910085	0.0032023331962457977
60.0	23.566023836833693	23.059652484617146	24.449320229213534	28.924973841304507	2.9608031119225027E-5
61.0	24.638587772682843	24.668370855033512	23.350025379271717	27.336813651309676	0.0062023417022511835
62.0	25.04945342201102	22.567634696556407	25.21730789839683	27.16530794339485	2.96039640892074E-4
63.0	26.191855525630725	24.186049884935116	22.787198935257575	26.832320237388302	0.0025754167882835704
64.0	24.908205580497953	22.32080993598693	23.828300780182392	28.942683703332726	0.0
65.0	23.52910676463906	27.347793626909773	23.452173756330946	25.665607902237177	0.005317949883049419
66.0	24.221012445632066	24.653518655153846	23.31759442055173	27.807150680702435	7.237979599237501E-4
67.0	26.665472210655956	25.75945320108056	21.07976066173848	26.494575392305684	7.385342193183713E-4
68.0	23.487140070257862	23.12851008671753	26.713229533823856	26.670928299407663	1.9200979309024694E-4
69.0	23.113465871563317	25.180629221820368	25.199755537622277	26.503121651048566	0.0030277179454762646
70.0	24.86363156457417	23.748235674383793	24.85128939540771	26.53647472258874	3.6864304559318205E-4
71.0	24.226573639211747	23.51716357131441	26.00345860750245	26.251613181173422	0.0011910007979705347
72.0	26.257873493941364	26.52697964076152	22.386987988580042	24.826365227792678	0.0017936489243913758
73.0	25.10920712138481	22.942087994589	23.503989229748555	28.440570083592053	0.004145570685581837
74.0	24.52567873156838	26.35533171913972	23.27494816980313	25.843203511870673	8.37867618092296E-4
75.0	24.87600171680885	24.81923531452291	22.481597220180735	27.820608173656392	0.002557574831111869
76.0	26.720241402320543	24.800502088606294	25.227218611378127	23.250964933167538	0.001072964527498758
77.0	24.025557724902157	25.530461094914497	24.34581560083552	26.09713675643294	0.0010288229148845984
78.0	27.393064595611104	26.48452829611893	20.358867282243683	25.762981341776047	5.584842502297502E-4
79.0	27.604766702159004	21.44458969605183	22.603344804046273	28.344285990372242	0.0030128073706495247
80.0	23.946194667375998	23.641823902606056	28.222595829542968	24.186799088254443	0.0025865122205354376
81.0	25.279574858990987	25.366441200186873	22.52395290495241	26.82926685895513	7.641769145974985E-4
82.0	23.03578204129305	22.392189065502883	24.52266168517435	30.048015245435582	0.0013519625941340694
83.0	24.674720090214176	23.282081379968876	24.546640413957746	27.495367838922906	0.001190276936297701
84.0	23.38872637442275	26.54980906754313	24.758050343631403	25.30213584563653	0.0012783687661889974
85.0	24.797873131356827	27.65916618497492	21.32477033809324	26.217205901843027	9.844437319879856E-4
86.0	25.30527022267841	25.598488903398568	22.720635046104405	26.373622337218965	0.0019834905996503473
87.0	22.072127530910414	22.384449207251244	26.51133249608753	29.03095948486464	0.0011312808861719864
88.0	24.85041512951045	26.970717403558947	26.01929783296416	22.15877629460863	7.933393578152962E-4
89.0	26.628737495405396	26.391140281520304	22.714502259325762	24.264297775580008	0.0013221881685313926
90.0	23.486667335578154	26.16971244200339	24.705339838130275	25.638162859576035	1.1752471214158083E-4
91.0	26.341462339749476	25.08848576016077	24.33717577133993	24.23222976476758	6.463639822484946E-4
92.0	25.193328045126034	24.47420529995887	22.901844996768318	27.430592279217347	2.9378929431811505E-5
93.0	26.503432425707164	26.43924061528952	20.79071383937241	26.26618713278833	4.2598684258846053E-4
94.0	27.350583655129878	23.929221358859074	23.21641428974953	25.499403411315107	0.004377284946414248
95.0	23.965493461392537	26.776189131154194	24.162670324661754	25.09257721059074	0.00306987220077963
96.0	25.486088936451594	24.879434315827012	24.26233659336324	25.370950433895462	0.0011897204626925694
97.0	25.41871322113598	25.635615438009413	23.192821782105508	25.752541125206683	3.0843354241210893E-4
98.0	27.640264450526413	23.495458474173628	24.377885497298728	24.486362204400606	2.9373600623307805E-5
99.0	22.234128507406094	22.737751154168887	26.730548447191655	28.29751315116668	5.874006668759771E-5
100.0	22.730549322489683	25.460238146598087	24.7562153754027	27.052997155509534	0.0
101.0	22.89885840129193	22.458626481107807	28.662503153323932	25.97989449470021	1.1746957611397133E-4
102.0	25.06586460176367	24.349504451477834	24.81396370676874	25.770637868929885	2.9371059872318126E-5
103.0	25.936569504392075	26.10116861107224	25.205660776057844	22.75643957844185	1.615300359962343E-4
104.0	25.529550385848427	27.242431931732614	23.24139109840809	23.986200735161958	4.25848848915877E-4
105.0	27.098787505424394	23.450407261016387	21.265670168873996	28.181316877927433	0.0038181867577940574
106.0	25.856216963170564	23.12630559494011	25.04803855125862	25.969306724956624	1.3216567407797923E-4
107.0	25.305138258660442	25.027607677283875	22.900641731647504	26.76551096230377	0.0011013701044098859
108.0	23.6268459253451	25.416951163463413	24.439809288031164	26.516261469809564	1.3215335074820824E-4
109.0	25.80167343681517	25.046196811263727	25.608164409991286	23.542952205663724	0.001013136266093633
110.0	24.50131703750253	24.91150741329136	22.8783656401507	27.70878054367073	2.9365384671856513E-5
111.0	24.33968572383818	24.17240008710071	24.71324087912985	26.77368953588918	9.83774042079393E-4
112.0	25.478594703850003	25.054366490713686	23.34235978833959	26.124561555230347	1.1746186637215061E-4
113.0	28.306817285862216	22.05601985168789	22.901824969860844	26.734251399997095	0.0010864925919558143
114.0	26.422173041851295	22.26987396555185	27.353934371759266	23.95368091975679	3.377010808049678E-4
115.0	26.45375012114217	24.252266459917358	26.008137817208944	23.284861780452204	9.838212793200768E-4
116.0	26.52281897386936	25.114116161045118	24.880700411708027	23.48226166586835	1.0278750914441734E-4
117.0	25.869065356898318	26.808073994139054	23.861168627290898	23.46054667430036	0.001145347371376389
118.0	26.34086402826811	25.038321099019313	25.23133991178255	23.389063813972445	4.111469575785911E-4
119.0	26.986567574457187	21.276053995190665	24.947225351566676	26.789389505686266	7.635730992022424E-4
120.0	24.81914527143407	23.981999253468565	25.33879517109872	25.860030936121635	2.9367877004981673E-5
121.0	27.272422910930377	23.607780058874518	24.56685878882133	24.55189566872739	0.0010425726463885799
122.0	26.77425678458702	23.81528625476406	24.502984902582263	24.906943431856043	5.286262106090875E-4
123.0	23.720517851473787	28.149414887040468	23.80612551463715	24.322943235511527	9.985113370683532E-4
124.0	25.08562928678726	24.831891127534263	22.876609541318352	27.2057525729901	1.1747137002453684E-4
125.0	26.59222776061571	23.743883840770323	24.934928852706765	24.727740792612536	0.0012187532946719335
126.0	24.513186675061906	24.324190979188888	24.88674354733365	26.275717276183048	1.615222325074359E-4
127.0	25.729410370615753	23.01841295069308	27.79881710847793	23.45197930005913	0.0013802701541100995
128.0	25.94632963526231	23.287568645929806	25.25076257755546	25.505662376046732	0.009676765205700275
129.0	24.177836186896126	27.543346744588998	22.424363454817772	25.85062112713283	0.00383248656427124
130.0	26.10077956038715	24.98302494334795	23.786562451174685	25.129603676480087	2.936861012465213E-5
131.0	25.323984009172523	25.258593953747365	24.58818802732021	24.828279517596723	9.544921631788055E-4
132.0	26.016927051211113	26.029849361109253	22.44009040917907	25.506980396855884	0.006152781644681118
133.0	26.700019750468613	25.38134924335147	24.755046464996518	23.161044146335556	0.0025403948478442987
134.0	25.957951823187024	23.236174225014455	21.630872725660126	29.174971857554144	2.936858424921711E-5
135.0	25.835406989157473	24.13892500389866	26.398458509898777	23.626475286320154	7.342107249391119E-4
136.0	27.635079671124412	26.20889972936341	24.43158239437757	21.71797699515556	0.006461209979045121
137.0	28.52296301104152	21.66258458528339	24.340561155374655	25.473641609652383	2.496386480569376E-4
138.0	25.346659947266808	24.26370002813455	27.466222387466203	22.92206670883912	0.0013509282933135511
139.0	25.77522305302172	23.856658698039954	25.230923753751817	25.13556454881322	0.0016299463732958983
140.0	25.858862724401817	22.017479016868442	25.92229890364074	26.20097756326951	3.817918194935268E-4
141.0	25.18311672597279	25.747988506084702	25.490890860669168	23.5774899469358	5.139603375339067E-4
142.0	28.339699168403136	23.187411065539465	23.699467971846417	24.773113414657427	3.083795535545149E-4
143.0	26.349532535436687	25.673729162631442	23.986695098153092	23.989866987693215	1.7621608556230774E-4
144.0	27.828837339347405	25.79421166809084	22.87085250483751	23.50567263105849	4.2585666575083007E-4
145.0	27.885430242333687	22.76732515152739	23.122914318649894	26.223243622266356	0.0010866652226745916
146.0	27.412331486624147	21.913879336030536	24.75575169855198	25.913235555204427	0.004801923588913636
147.0	26.08270951170251	25.057218117254482	26.853380942409483	22.002682562725536	0.00400886590798757
148.0	24.782732557883406	24.6202904339475	23.86214887052649	26.734255434439437	5.727032031730694E-4
149.0	27.58685455109888	25.456839769282663	23.548889983403132	23.404684305576236	0.0027313906390837328
150.0	25.104979960006656	24.445869549798058	25.275591210275213	25.17354459484087	1.4685079210583008E-5
151.0	26.05923765551757	24.778501274686025	25.76353399358545	23.397934068774305	7.930074366475171E-4
152.0	27.131154089254707	24.26415560949362	23.506224285757924	25.09830447542359	1.6154007016125813E-4
153.0	24.953409841545	23.56077162994917	25.722070356499522	25.762690806708044	0.0010573652982695334
154.0	22.79765596328187	24.98962078070233	25.093258772331104	27.116630116051933	0.002834367632755245
155.0	27.047519817242655	23.84340607329769	24.256296199903915	24.852572286982724	2.056225730110679E-4
156.0	25.565750690756637	23.751658961564967	26.632435805017156	24.04993422904039	2.2031362084554604E-4
157.0	24.992020976203637	23.20548339959142	26.615159308021457	25.186851626288814	4.846898946710109E-4
158.0	25.194019108888348	21.71438013615634	26.026614377932976	27.06485418640346	1.32190618872414E-4
159.0	26.017602277250557	21.891128505143058	24.77242917007554	27.31813501639932	7.050311315309017E-4
160.0	25.992718696874118	21.92930737727673	25.929456023261626	26.14844446089538	7.344169214358967E-5
161.0	24.179493875929893	21.24063645793644	28.78640504320324	25.789322470121416	0.004142152809011209
162.0	24.809586446423996	23.82768955977171	25.25935506235729	26.103310176565763	5.875488124536846E-5
163.0	24.68090444473855	24.477004687446982	26.958012749279973	23.884004672904744	7.344562974265974E-5
164.0	25.51082898244333	24.278076405952103	24.57826982182149	25.631047367424493	0.0017774223585924635
165.0	26.26092073755018	22.3283755037021	27.189035611083145	24.2207279869823	9.401606822746071E-4
166.0	24.447026711776363	23.493494302280997	25.973063458648383	26.086268622073096	1.469052211584652E-4
167.0	26.354858229738593	23.6182646032485	26.741334115285788	23.28476442923372	7.786224934048471E-4
168.0	25.969749427070255	25.096137162884524	24.064253929337955	24.869741949123224	1.1753158404220793E-4
169.0	26.017795872840782	22.535650365928444	25.873375565376854	25.572737442118015	4.4075373590212445E-4
170.0	31.085613405336538	23.043375288186173	23.089009050941147	22.78184064208144	1.616134547020994E-4
171.0	25.178651554317742	23.69174228571143	27.07942945515206	24.049133548409657	0.0010431564091089006
172.0	27.37711637458995	24.84922297347408	24.068341384418527	23.705172407969364	1.4685954808086146E-4
173.0	28.46183522634903	20.190212574542954	23.528867528650768	27.817381125218066	0.0017035452391858288
174.0	23.866914818828413	26.43920494773076	24.12725136332669	25.566188293799197	4.4057631494039807E-4
175.0	25.90936888310309	24.509282409419992	23.401705505412828	26.17763116154365	0.002012040520439982
176.0	24.424063438500184	24.39405786918453	28.742706428917202	22.43746856979034	0.0017036936077415839
177.0	21.95006307881922	26.41171631231925	25.02170560603183	26.59054612347644	0.025968879353257396
178.0	24.533734384133428	23.361101401425806	24.832877549281957	27.27189011834719	3.9654681161676545E-4
179.0	28.026793295830082	24.43298231626612	23.300805023882507	24.23820023175264	0.001219132268653862
180.0	26.603918544195636	22.479531323048498	25.85716865459231	25.059116349400824	2.651287627294947E-4
181.0	27.733338132746155	22.65702968176205	26.30499157127711	23.303607953669538	0.0010326605451533037
182.0	25.367844267949486	23.428068403041895	25.46149452113563	25.74243052797617	1.6227989682539214E-4
183.0	23.557109765512678	24.83033347304699	26.378573265356074	25.23342287105226	5.606250319961984E-4
184.0	25.94168970865805	22.517060368615795	26.43109319587367	25.10605512697771	0.004101599874768418
185.0	24.49448432466593	25.46766958199355	24.87313703324688	25.163941959390574	7.671007030625463E-4
186.0	26.950849516801128	23.254195579547275	25.152173897007568	24.64278100664403	0.0
187.0	24.08755585600951	23.180927506089958	27.94775037399916	24.782776027045585	9.902368557881118E-4
188.0	26.882391256440986	28.14465708590304	22.600533946294103	22.37188562736177	5.320840001010959E-4
189.0	24.711710968684844	24.68982083792642	25.26231944337285	25.33512888571992	0.0010198642959699396
190.0	28.53124999076148	22.347798734515134	24.898147181867554	24.22264149493123	1.625979246000904E-4
191.0	25.97603067462595	24.520072455969913	24.985748756837157	24.51779284916952	3.5526339746380425E-4
192.0	26.602754793205463	24.015685844916497	24.35119357348151	25.03026216352449	1.0362487204178746E-4
193.0	27.39386421975319	24.89552757648554	21.93364220789546	25.776699503465437	2.6649240037699795E-4
194.0	27.86076546275178	23.79340900459935	24.218684184616567	24.127141348032303	0.0
195.0	26.32482057218774	21.885284365077496	25.237599605406146	26.55158469086027	7.107664683480144E-4
196.0	27.850877973859	22.50232342007435	26.80921130719234	22.837453768984982	1.3352988933042773E-4
197.0	24.766391960538712	24.732291738234345	24.45529049813183	26.045194814213886	8.309888812203784E-4
198.0	27.281788921622844	23.735702384591754	24.530288882313364	24.45211577882481	1.0403264722811699E-4
199.0	25.190524422128895	23.342667927027886	25.641437556213397	25.824759666098572	6.104285312508886E-4
200.0	27.680054818034083	23.884364561367878	24.073330138989686	24.362250481608353	0.0
201.0	24.666518555270617	21.565292258429768	28.980044570411927	24.78778724254601	3.573733416760154E-4
202.0	24.886462682457523	25.499952123490715	28.379273685804712	21.234296616642293	1.4891604753578936E-5
203.0	25.563283376575168	24.816389772940887	23.275621942125948	26.343900547650478	8.043607075156784E-4
204.0	25.830290845363752	23.70205884123069	24.287098440748505	26.180462489951893	8.938270516161286E-5
205.0	27.545667302862192	24.327856767958867	25.293115009660628	22.832407445618095	9.534739002162746E-4
206.0	24.786533126327928	21.88063019438046	25.919753619862984	27.413053260186125	2.9799242503255565E-5
207.0	25.94714341085329	23.583649265122368	26.640929172516266	23.827905605080222	3.725464278534784E-4
208.0	27.9929531019095	22.652394015204187	22.34960692825742	27.005016145415304	2.9809213580779617E-5
209.0	27.25329402667957	20.852471997661397	25.188487240915293	26.704986480138942	7.602546047950599E-4
210.0	24.353629117626888	24.629573857113467	25.171876537540587	25.84448811266799	4.3237505106498447E-4
211.0	24.70238099676659	25.85560290283762	25.723543208574828	23.717592990978332	8.799008426318221E-4
212.0	28.239763940820495	22.817388029885155	25.02387834442285	23.91862654090291	3.4314396858830273E-4
213.0	29.49954069183721	22.98823173970169	23.040626008515037	24.471198527109035	4.0303283702576093E-4
214.0	27.471659771162987	25.53511792364402	24.625798738927223	22.367348877631485	7.468863428695284E-5
215.0	25.454688904235855	25.36908455293584	23.10052433039447	26.075208168433672	4.940440001574952E-4
216.0	25.556950696545126	24.764692977043968	25.788029649934007	23.890266113260182	6.056321671835485E-5
217.0	28.45635280136119	23.357296872473366	25.55266265250283	22.63292419564155	7.634780210710772E-4
218.0	24.61557755457901	24.425950127045596	25.70731200152035	25.250774675783838	3.856410712060015E-4
219.0	26.0652424155867	23.3969236612525	25.237574513226953	25.29944996999624	8.094399376108603E-4
220.0	27.97110830646357	21.947390749627225	25.32924191294761	24.751852308400824	4.067225607753008E-4
221.0	25.02963303303616	22.96736320658518	24.87504441997567	27.127659658365634	2.996820373583628E-4
222.0	25.165393005436304	25.343741743113995	24.69076964708075	24.7999520063515	1.4359801745386037E-4
223.0	29.875384982921933	23.242185734486075	24.65674373857965	22.224943019299186	7.42524713159475E-4
224.0	29.717863608198968	23.027913461356313	24.97715879908794	22.276950795608855	1.1333574792445816E-4
225.0	30.46458652092937	19.888953523424043	24.746858028342515	24.898542789963287	0.0010591373407831425
226.0	25.412315474469704	22.473288927082137	26.13601262489258	25.978267469780914	1.15503774663356E-4
227.0	26.663069599743494	23.861942659574133	26.257949381731894	23.215404339056462	0.0016340198940254732
228.0	26.997031433527948	27.469529801143448	23.846315507342418	21.687039395438244	8.386254794212209E-5
229.0	27.71218369383368	25.017734104570778	21.931373501743277	25.33867483998674	3.385986552893004E-5
230.0	25.51397623203654	23.50068489173245	27.426651682169243	23.558670114467443	1.7079594325475583E-5
231.0	25.108025423778724	24.77068955781374	24.893689402959687	25.226002039084882	0.0015935763629668098
232.0	25.16560700144106	24.876209735814765	25.022145704883453	24.935811003335058	2.2655452566191828E-4
233.0	23.259254551921785	25.110385592722928	23.012666562516827	28.617093107310527	6.00185527938195E-4
234.0	26.941550345381067	21.250877783828713	26.65938762933876	25.14673321104073	0.001451030410731176
235.0	25.295913228166896	22.069264325210835	28.017127012404913	24.617423392637793	2.7204157956046423E-4
236.0	28.155057296368696	23.742126376514364	24.192821222290608	23.90977410375779	2.210010685401664E-4
237.0	27.56432450052119	25.191438923805215	22.435647623406908	24.80836594369145	2.230085752372393E-4
238.0	27.088388182180374	23.04506926834426	24.718517693308435	25.14798709231562	3.776385130861186E-5
239.0	27.608025183250234	23.608048993203795	24.324901409510847	24.457699505329014	0.0013249087061095188
240.0	25.356833875767304	22.0691532008886	26.97225188795543	25.60156297040434	1.9806498432909845E-4
241.0	29.58136024656405	20.79314370152631	23.97568862306321	25.647646047418327	0.0021613814281020434
242.0	26.390738969299093	24.24760582211613	22.13711355669391	27.223568186762265	9.734651285917634E-4
243.0	27.551852892489244	23.206502940847905	25.422239727940955	23.816497144180502	0.0029072945413951947
244.0	25.869068430148324	22.852791764743905	26.2749376222765	25.002124812906736	0.0010773699245402125
245.0	28.836647869872163	21.164292036513164	23.730836408693694	26.266103896051952	0.0021197888690286447
246.0	24.455616958768616	26.61816936539295	24.28849652691901	24.634913450841662	0.0028036980777645716
247.0	25.57040839273008	23.074591457821004	25.20577310124151	26.008002838927567	0.14122420927983478
248.0	26.458031585823267	22.9470811255941	23.925611528791357	26.658111143752667	0.011164616038613507
249.0	26.05644284967607	21.267048618839056	28.437443666418588	24.221279818403193	0.017785046663088173
250.0	26.08408489101758	22.563454224074942	25.327584739112346	26.023443838840855	0.0014323069542739031
