# Position (bp)	A	C	G	T	N
0.0	24.13408974043873	23.41654874019295	25.675787898436997	26.77348973725115	8.388368017837026E-5
1.0	22.928218456387647	30.137792009973708	24.056963414654582	22.80027950513515	0.07674661384890971
2.0	25.307694363613887	26.16437761214474	22.862760295734038	25.664332510365057	8.352181422743993E-4
3.0	26.76508949261787	21.691017860138004	24.80583994719481	26.731210055016536	0.006842645032782111
4.0	25.435594391776917	23.92265474345389	24.380446753645206	26.26097062577692	3.3348534707070644E-4
5.0	28.645237895003294	23.830633712221193	22.542925682635133	24.980370050567416	8.326595729622114E-4
6.0	25.536270405453585	23.86576804128424	23.893528018876783	26.699945394295575	0.00448814008981267
7.0	25.740814612029677	25.68052273965605	23.845311125135908	24.732770996209158	5.805269692096788E-4
8.0	27.94982204078118	24.064358398855497	23.251019777938026	24.734634200458498	1.6558196679915984E-4
9.0	26.411236840865687	25.895490504433138	21.874305320839508	25.818884695448524	8.263841314413544E-5
10.0	24.49296838559747	24.430556874140912	23.886685131448054	27.189789608813562	0.0
11.0	27.398865648494926	22.257431441281923	22.96130494390196	27.382397966321193	0.0
12.0	27.99419439342031	24.839421484677683	20.169448192041283	26.996935929860722	0.0
13.0	25.637952582588746	22.944530458194208	25.34439179988435	26.0731251593327	0.0
14.0	27.163820169676455	21.708189971904872	23.297994949173077	27.829841341993504	1.5356725209062617E-4
15.0	25.34769304932243	23.602349358277134	24.660833947908763	26.389123644491676	0.0
16.0	26.051867566583713	23.984609508805224	22.299950468756528	27.663274074869758	2.983809847766021E-4
17.0	29.37372210375805	26.118024431804475	19.32643308959035	25.180650759409374	0.001169615437754163
18.0	26.509103379971044	25.576107533789198	19.683616671246572	28.23109990987614	7.25051170486357E-5
19.0	25.046004101761792	24.831751273321373	22.364776806139076	27.75725132888711	2.1648989064373993E-4
20.0	23.10293098972712	25.5333276923099	24.412317700527627	26.951351909510336	7.170792501645697E-5
21.0	24.26712147139472	24.569621594029904	23.61342261648743	27.54976322522716	7.109286078382722E-5
22.0	23.56611535318813	26.37534867994703	26.09830661294413	23.960158913527373	7.04403933391564E-5
23.0	25.471651781016057	24.09405673151806	23.008608653556067	27.425542513558455	1.403203513621598E-4
24.0	28.118541764242345	21.54109574762309	24.699351101487505	25.64101138664706	0.0
25.0	25.503075333806375	25.10273480003276	19.967887417387182	29.42623362626487	6.882250881444282E-5
26.0	26.980379536654418	24.661871390276385	19.870863047043237	28.48688602602596	0.0
27.0	25.747762941821122	24.767178660803598	20.16100673592642	29.323983380390363	6.828105849296876E-5
28.0	27.262684069160066	23.994520104199005	23.185425636734198	25.55514313865756	0.0022270512491732917
29.0	27.970109635389896	23.454309240964193	22.338394284165425	26.236986555611487	2.0028386900366787E-4
30.0	23.70794368976327	24.86434303839768	25.218138515968537	26.209176934868744	3.978210017663253E-4
31.0	26.213993560177528	25.11899958597374	23.217181826093146	25.44956131676173	2.6371099384762253E-4
32.0	24.767407639938003	22.026395129065378	24.906642599750175	28.299227635098458	3.2699614798537674E-4
33.0	24.09245628893141	24.95128815059559	24.602286460017407	26.35383950458089	1.295958747041164E-4
34.0	26.80954912071759	26.536518773085945	22.52950276726027	24.124365066255493	6.427268070424862E-5
35.0	25.09223379670101	22.649174616394504	25.550748455882587	26.70771597776089	1.2715326100432004E-4
36.0	24.365634740013302	24.311517820790424	26.16184642863268	25.160810458031126	1.9055253247491534E-4
37.0	25.591257885396264	25.96715357434258	21.4200221600668	27.021502884300958	6.349589340309415E-5
38.0	27.402004659341216	25.653291691264684	20.682333225419434	26.262306945211478	6.347876317977821E-5
39.0	23.990729005557647	27.322587831058215	21.006595936831832	27.679960296179335	1.269303729785545E-4
40.0	25.93822955871276	26.369357312514317	22.80757195880109	24.88446042718072	3.807427911111788E-4
41.0	24.983709490245047	24.09682051125869	21.54921954658134	29.365174538456706	0.005075913458213494
42.0	24.906421929877986	25.66703717238159	20.62060976104919	28.805931136691232	0.0
43.0	25.94817305252474	25.916582085765032	22.04947982745496	26.08170515097691	0.0040598832783557475
44.0	28.996533647091656	24.431730607610756	22.341516632468277	24.22990197166661	3.171411627029307E-4
45.0	25.663989568958517	23.958798400844223	21.812913487296047	28.56030319019401	0.003995352707200259
46.0	25.328713535546722	24.42882951665239	22.255816652198092	27.9866402956028	0.0
47.0	25.192198805054456	24.72496152853609	23.22769717140424	26.85343053863854	0.001711956366670619
48.0	22.988855444023372	23.823033350002948	22.247913287583803	30.940197918389877	0.0
49.0	22.176287501354697	26.1133712289499	24.27440499466677	27.43397156751337	0.0019647075152597563
50.0	27.808428739998302	23.998942953721905	20.24123215600685	27.951206034035874	1.9011623706734296E-4
51.0	25.01682255781447	26.273033598227897	21.265740655084976	27.442058802284574	0.002344386588081139
52.0	22.872953610858342	25.874503520020138	21.653894091437685	29.598648777683838	0.0
53.0	23.056950630152564	25.177295555766133	23.548880255219686	28.21523105593986	0.0016425029217600048
54.0	23.252286643625983	27.7785744382333	22.439208665588122	26.52986708123894	6.317131365378457E-5
55.0	23.707740111250597	28.012952990922702	22.81884394367049	25.45888823730605	0.0015747168501631722
56.0	26.564787995246164	25.03912717891938	24.887342066330724	23.508742759503733	0.0
57.0	22.79261038916056	27.619158576867004	22.994763540640026	26.58824048038138	0.005227012951026668
58.0	24.842338981108384	25.29314087197012	21.92387058667216	27.940397680438828	2.5187981051081855E-4
59.0	27.663897525402685	22.246882984577685	24.607138314765354	25.479247811068756	0.002833364185521131
60.0	23.916151446451675	23.4417339062054	23.162905150441787	29.479083756763245	1.2574013788663521E-4
61.0	25.231519171880862	24.008589988363532	22.742974899556103	28.010440758690102	0.006475181509396242
62.0	25.51640118709882	21.783678208463957	24.527068354990575	28.172537936054827	3.143133918249601E-4
63.0	26.457439412435455	23.779794045653926	22.44332861045562	27.316923533383036	0.0025143980719595583
64.0	25.06049257522666	21.63431610759144	23.626366730589666	29.678761834958184	6.275163405255073E-5
65.0	24.408451287508676	25.659566618016715	23.35040892314604	26.576867135429673	0.00470603589889678
66.0	24.175471840176687	24.55520279088445	22.93369139644614	28.33488103604056	7.529364521634374E-4
67.0	26.955596435266866	25.32368449451512	21.010317247194816	26.709774405898724	6.274171244720285E-4
68.0	23.732577806999494	22.60894987527793	26.343334521162596	27.31463589686965	5.018996903278911E-4
69.0	23.70744682519518	24.734776839906274	24.509813147139177	27.044826493772096	0.003136693987271296
70.0	26.052925642528923	23.215475814655022	24.58415387621954	26.146630387396463	8.142792000521138E-4
71.0	24.556634029267464	22.689343349854013	26.034187436204647	26.718773230252957	0.0010619544209162543
72.0	27.894842689990547	25.83620322452105	21.141136189608932	25.12669367299854	0.0011242228809335546
73.0	25.780596751158853	22.82712750511905	22.331677044232723	29.056539677563787	0.004059021925587512
74.0	25.07246711588058	25.645773620409035	23.1213645481442	26.159458246267704	9.364692984783621E-4
75.0	25.579571949822554	25.325750742080572	21.333528932558842	27.758651364148534	0.0024970113894932
76.0	26.584023930147143	24.208549834081982	25.402997260917004	23.80349264292795	9.363319259224118E-4
77.0	24.116252563825682	24.863522705851953	23.87975017757965	27.139725534892374	7.490178503437368E-4
78.0	27.795936938854354	25.56361881947908	20.524456821939456	26.115488103478302	4.993162488117833E-4
79.0	27.658520114861822	20.496195092846225	23.48669671148425	28.355717159310558	0.002870921497148114
80.0	24.364283556866887	23.92557867856849	27.15970105663599	24.547940520854393	0.002496187074244092
81.0	25.747963050672094	24.801827622636612	21.841176298065733	27.60834660930697	6.864193185853023E-4
82.0	22.673746004924503	22.441248522711245	23.950922190093834	30.93258571394698	0.0014975683234348227
83.0	25.561643869805188	22.18479246973556	23.819652512687917	28.43316241406721	7.487337041229021E-4
84.0	23.502389825041472	25.66599098972634	25.195075980901365	25.635233027438225	0.0013101768925973135
85.0	24.92908462869167	26.90267485232073	21.8252153662552	26.342338925255483	6.862274769224818E-4
86.0	25.667842089537157	25.224641337998428	22.231211687774582	26.874807795592442	0.0014970890973862697
87.0	21.98927963754846	22.138658669846766	25.345037497567525	30.52590151337488	0.0011226816623672118
88.0	24.597171531708632	26.57146135865267	25.391789508872332	23.43870446273322	8.731380331443197E-4
89.0	26.253284989267268	25.36990818868155	23.205401164697857	25.16984657369539	0.001559083657934551
90.0	24.281628906454614	25.126587961796627	25.268827932662685	25.32283048188233	1.2471720374051837E-4
91.0	26.380457996227534	25.274595083321643	23.605044505760027	24.739528285709834	3.741289809661881E-4
92.0	25.402334039352077	23.794868405546975	23.09865952043516	27.70401333309224	1.247015735468058E-4
93.0	26.12019629738393	25.823044305324604	21.26956099939335	26.78657491491016	6.234829879549321E-4
94.0	27.801029069691324	23.678266404733744	23.228882281684292	25.288206222922703	0.003616020967933999
95.0	23.891936710596863	26.12832437689363	24.020360834382753	25.95688440582023	0.0024936723065221997
96.0	26.442821984006464	24.39556699257176	23.274847457965226	25.885766151252877	9.974142036769675E-4
97.0	25.388354930943542	25.268300102165036	23.09609310669608	26.246877857613477	3.7400258186449014E-4
98.0	27.842017244614098	22.611537423480375	24.675081825587924	24.871363506317604	0.0
99.0	21.860467725028638	21.881469608342922	26.689342884100764	29.56871978252768	0.0
100.0	22.840194724588837	24.640811402306184	24.947343101136145	27.57165077196883	0.0
101.0	23.36701217859446	21.741766441414075	28.543522352347395	26.347449785495975	2.4924214809345335E-4
102.0	24.903882942197665	24.481466388005092	24.67108337788678	25.943567291910462	0.0
103.0	25.91180666745581	25.348418488452506	25.284310732597763	23.455152606363427	3.1150513048949915E-4
104.0	25.609910322421886	27.094465158438695	22.753746429561517	24.54125511230723	6.229772706742795E-4
105.0	27.552246709757807	23.58626275212211	20.726423175765127	28.132014640604314	0.003052721750642473
106.0	25.751534716935527	23.04579792198019	24.70766554820575	26.494877216415336	1.2459646320479547E-4
107.0	26.2980117804268	23.20121106026956	22.90031491304849	27.59971467818752	7.475680676299911E-4
108.0	24.09464601486038	24.379732627748638	24.737507918207484	26.78780200526074	3.1143392275317553E-4
109.0	25.92841706680617	24.868312065218067	25.425704837172802	23.776756410016876	8.096207860795047E-4
110.0	24.622825803341964	24.295205635988523	22.76409043836089	28.31762902885312	2.490934555053701E-4
111.0	25.28959668811735	23.70775923589567	24.47015731193496	26.531739498111286	7.4726594073932E-4
112.0	25.463775913043264	23.304864167457477	24.07450303496751	27.156794616014963	6.226851678883751E-5
113.0	28.09053198656553	21.719619580851525	23.415428718731672	26.773610258415538	8.094554357423142E-4
114.0	26.271750013698835	22.22181402461805	27.311117974365747	24.194819847868214	4.981394491573971E-4
115.0	26.936800390560784	23.85260315736511	26.612308642651826	22.59754056302525	7.472463970269557E-4
116.0	27.19531483511009	24.456137292019527	24.406632958055198	23.94172810600777	1.8680880741257346E-4
117.0	26.074448251254438	26.359772189198043	24.0823491463322	23.48268316588766	7.472473276567444E-4
118.0	26.605999884179333	24.366302163667054	25.42188923434444	23.605248295225636	5.604225835356563E-4
119.0	26.728168851831207	20.98144037162846	25.04656253016212	27.243267814721296	5.604316569161937E-4
120.0	24.759001821380203	24.15162600993197	24.83571773277083	26.253529897099803	1.2453881719258372E-4
121.0	27.632656390789695	23.535880570173553	24.22409407328116	24.606621719823874	7.472459317129306E-4
122.0	26.361200485454727	23.673141264461364	25.03161744971876	24.933542642614782	4.981577503694151E-4
123.0	23.967829353099997	27.78342349881938	23.343146924908588	24.904852995387113	7.472277849179544E-4
124.0	25.92132267963177	24.727575917586577	22.91513071374487	26.435659347228313	3.1134180847248235E-4
125.0	26.333394770532063	23.251281463732955	24.554102925572984	25.860411363557112	8.094766048807703E-4
126.0	24.273550681772047	24.298457871356856	24.86366427101015	26.564202639913027	1.24535947924048E-4
127.0	26.145004063003014	22.99591208969118	27.952838030953547	22.904938183199405	0.0013076331528592022
128.0	26.06925315735267	23.419766939363633	24.550386254976857	25.952249594317077	0.008344053989765458
129.0	24.465060499036102	26.68831912805671	22.287257094751105	26.55631217403	0.0030511041260890574
130.0	26.239314855588653	23.678553993603856	24.23921273649288	25.842856146573283	6.226774132485828E-5
131.0	25.296880536056875	24.789516977189187	24.467464408894678	25.445266319167047	8.717586922125174E-4
132.0	26.31191246091894	26.064832370978802	21.864719914667702	25.753366995504862	0.005168257929695502
133.0	26.97624662118196	25.329070880301575	24.31229650035088	23.3804556897708	0.001930308394786673
134.0	27.158551233426714	22.494276055699565	20.959567813406576	29.387418094824756	1.868026423856441E-4
135.0	26.39031236496003	24.205139955890576	25.83197073983534	23.57189201036609	6.849289479615891E-4
136.0	27.65207580019166	26.116295621494697	24.623293620820956	21.603166705999342	0.005168251493344475
137.0	28.600917859655894	21.186367853740247	24.10116382611728	26.111363650515905	1.868099706708346E-4
138.0	25.038432872761508	24.00409203466648	26.855067130663052	24.100851344948186	0.0015566169607738752
139.0	25.33509418501769	24.154613736511084	25.564727176952516	24.944257338386752	0.0013075631319499315
140.0	26.275329281437017	21.844250020392316	25.607644348028046	26.272527283674872	2.4906646774558114E-4
141.0	26.234433561922337	25.030215967107093	25.241743304073193	23.493109015971342	4.981509260314371E-4
142.0	28.961110287771664	22.379798321965023	23.520199560876403	25.13845594379816	4.358855887506647E-4
143.0	26.563802779803243	25.658725943232035	24.09864372352409	23.678578478287807	2.4907515282317346E-4
144.0	28.350692963387548	24.97937330977895	22.937813564609645	23.731248392674896	8.717695489651162E-4
145.0	28.263544420768422	22.1420129544229	22.863896364616814	26.729549957719414	9.963024724491231E-4
146.0	27.172920794606974	21.45098840170718	24.66763723857762	26.704655133549117	0.0037984315591129353
147.0	25.855492236496687	25.142467882459012	26.516959157546566	22.481905084509357	0.003175638988378406
148.0	24.562904513363495	24.566391563331678	24.021041855807994	26.848790305004787	8.717624920451673E-4
149.0	28.39151920930974	24.55962059620596	23.203112545831342	23.84363043998087	0.0021172086720867207
150.0	25.266261024542157	24.109738835967764	25.042952357288883	25.58104778220119	0.0
151.0	26.54878333566858	23.94681861348528	25.588404714087776	23.915370603895195	6.227328631700217E-4
152.0	27.43234701598264	23.883223679089305	23.412182674733234	25.27199753394715	2.4909624767639906E-4
153.0	25.15925451016121	23.662271455999424	25.15190597865314	26.025883022588015	6.850325982103211E-4
154.0	23.491730956538635	24.73538811818542	24.50558867269335	27.264552096592993	0.0027401559896073355
155.0	27.818923223242365	23.200259599352496	24.01742454770979	24.963081210126617	3.1141956873372446E-4
156.0	25.74365528551293	23.48050417645304	26.099172308039183	24.67648137802085	1.868519739976793E-4
157.0	25.71256669753838	22.411743126580046	26.489798943552103	25.385392966605608	4.982657238648728E-4
158.0	25.725742309706938	20.039761753353808	26.11314535773433	28.12116372886022	1.8685034470774427E-4
159.0	27.153355685260124	20.909432342860203	24.98877317071196	26.9475668144269	8.719867408187582E-4
160.0	26.500491127013483	21.288689877426904	25.811293865864087	26.39946284345412	6.228624140527726E-5
161.0	24.26522112037312	20.59162258335965	29.63170584802206	25.508024687897663	0.00342576034750913
162.0	25.265159631454896	23.740227026973155	25.0182503575326	25.976362984039348	0.0
163.0	25.49320918597437	23.973031087501962	26.893915799387567	23.6398439271361	0.0
164.0	25.868874740637892	23.805750784393236	24.265766195065222	26.05792643615441	0.0016818437492408342
165.0	27.001764756083052	21.47047226068805	26.658531222104486	24.86860883275058	6.229283738267922E-4
166.0	24.55381977863705	23.286654867785877	26.192705500807666	25.96669526057523	1.2459219417444278E-4
167.0	26.725056286031467	23.192399174180817	26.77701262277332	23.30503353488737	4.983821270201608E-4
168.0	25.919529918363686	23.51404961972828	24.306303140855036	26.259992723503085	1.245975499137785E-4
169.0	27.222750740288713	21.73274596182085	25.665543384064836	25.378586109299196	3.7380452639901014E-4
170.0	31.70480832190631	22.383097015599525	22.82836161690797	23.083670744676542	6.230090965558188E-5
171.0	25.43756144300892	23.135091761123284	26.87954865164913	24.547237447559286	5.606966593693035E-4
172.0	27.651654059829195	24.58155863222299	24.07649649252026	23.690166293203763	1.2452222379258582E-4
173.0	29.26005318198487	20.255412988432823	23.055343008860135	27.427696594970808	0.00149422575136208
174.0	24.633262565449915	25.504267863702303	23.514839464820476	26.347443328622393	1.8677740491473613E-4
175.0	25.729205320608767	24.024924476942118	23.35225249232317	26.892061175544725	0.001556534581217484
176.0	24.451869152186514	24.32559654157501	27.57294453656146	23.648219948457363	0.0013698212196514552
177.0	22.7104824317239	26.08315804287424	23.730031521147566	27.450672704379958	0.025655299874338844
178.0	25.551886069943553	22.345237161262684	24.407392602167572	27.694986046407372	4.981202188242121E-4
179.0	28.216298615534928	24.312422200510493	22.66915998657443	24.800562429205968	0.0015567681741786956
180.0	26.318957196247446	22.660553093560395	25.291787008906887	25.728390529455908	3.121718293643807E-4
181.0	27.966475794117756	21.51199070606169	26.16371187290614	24.357321414949585	5.002119648200925E-4
182.0	25.952626158599383	22.919492232858545	25.48402769570739	25.64366632337796	1.875894567221744E-4
183.0	24.0547640591789	24.444846046433387	26.033313927202624	25.466325569005054	7.503981800342807E-4
184.0	26.655618578298636	22.089214355844334	25.949207977136712	25.30183168966962	0.0041273990506982185
185.0	25.18410180765871	24.040316373102158	24.549304643236113	26.225651883287863	6.252927151522807E-4
186.0	26.49625615480146	23.39593711190514	25.95146946080375	24.156337272489647	0.0
187.0	24.258612200716865	22.337412098987848	28.02884994844644	25.374499341642874	6.264102059762039E-4
188.0	27.310646402125023	27.82768039493303	22.214857601082556	22.646502361829825	3.132400295698588E-4
189.0	25.636031123187703	23.154872254965042	24.67807649728183	26.52970442494842	0.0013156996170061066
190.0	28.41377313944571	21.568745394667587	25.059524704632153	24.957580815751616	3.7594550293989387E-4
191.0	26.935851779803272	23.771331754074957	24.34086880128014	24.95125739296864	6.902718729899753E-4
192.0	27.281992643500995	23.416159320104356	23.875611028096152	25.426048734138686	1.8827415981087235E-4
193.0	27.74411733876308	23.61538012514444	22.146825349501224	26.493488886196893	1.883003943637926E-4
194.0	27.9079781287681	22.66369057893736	24.76513407773188	24.66319721456266	0.0
195.0	26.37416517982143	21.667217040062578	25.344129859661063	26.614174019278554	3.139011763760486E-4
196.0	28.946882970277453	22.06868502187527	26.066801274048164	22.91731593636811	3.1479743100112505E-4
197.0	24.815419558820473	23.95550296871468	24.5486791754221	26.680020477802806	3.7781923994103497E-4
198.0	27.21143233889079	22.572591406206175	24.609695326302838	25.60609183513319	1.8909346700980828E-4
199.0	26.221772579094875	22.39709045531419	26.200869225843366	25.180078283373685	1.8945637388078648E-4
200.0	28.02509915872976	23.403102341914458	23.906285526614962	24.66551297274082	0.0
201.0	25.275593584968348	20.87803392960797	28.86871620413853	24.977529956373694	1.2632491146202768E-4
202.0	25.68683609423798	24.700200119262995	27.575335300835853	22.037628485663173	0.0
203.0	25.726770914628943	24.538735943429312	22.710173181374394	27.023940800470157	3.7916009719137156E-4
204.0	25.885011821645776	23.470122299207404	24.28629302134216	26.35838325642891	1.8960137574758242E-4
205.0	28.06862194850636	23.500988512023945	25.65618489978359	22.77369900693728	5.056327488218757E-4
206.0	25.96135429986985	21.45007657964884	26.145802847384946	26.442766273096364	0.0
207.0	26.26425529197784	23.497627041922996	26.377229211882046	23.860635574709775	2.528795073401438E-4
208.0	28.40829045161437	22.539554670872004	21.702554945298143	27.34959993221548	0.0
209.0	27.294212884640316	20.311601741731675	25.74157989103109	26.65209953294523	5.059496516852867E-4
210.0	24.027887682623902	24.43164171589455	25.289943216356626	26.24995809383565	5.692912892739828E-4
211.0	25.4494755617535	25.587220879077076	25.06243463108362	23.900172925104386	6.960029814236804E-4
212.0	28.140772227901866	21.854131916200075	25.15763919441165	24.847076846139966	3.798153464390729E-4
213.0	29.47073518643793	23.104520267856465	22.872058760188402	24.552495762486412	1.900230307913319E-4
214.0	27.505768109327853	24.990365355847977	24.77358586242742	22.730280672396745	0.0
215.0	25.456204379562042	24.132830449545576	23.143286298111136	27.26742471992355	2.541528576947319E-4
216.0	25.64610997952874	24.259819876067642	26.202116241022548	23.891953903381065	0.0
217.0	29.52802035254439	22.62556885491044	24.734685422425347	23.111207493672197	5.178764476265075E-4
218.0	24.302711824999054	24.732063434839002	24.99552622676087	25.969176028935188	5.224844658837237E-4
219.0	26.59512707569251	22.415307006342594	24.70511804493264	26.284052941842432	3.9493118982235993E-4
220.0	28.189682887235712	21.292093282935394	25.09171781210847	25.425910662286615	5.953554338090443E-4
221.0	25.576268871052115	22.82285283994549	24.341533140749476	27.259078596203633	2.665520492854739E-4
222.0	25.750078984046233	24.69448836189446	24.171543243849516	25.383754682625597	1.3472758419295146E-4
223.0	30.70694888750345	22.243662466059572	24.113324407469108	22.93558728439098	4.76954576890188E-4
224.0	29.837993513182663	22.4082104417539	24.722042336456514	23.03168539755665	6.831105026873567E-5
225.0	30.896865574184705	19.84037779817761	24.25092983640235	25.01120884568458	6.179455507577043E-4
226.0	24.947240479351983	22.233160312630513	25.887476880854365	26.931914202821332	2.0812434180676905E-4
227.0	27.262851179177556	23.772667735993107	25.819890872668438	23.143469520694268	0.0011206914666349137
228.0	27.942514879089376	28.313243690717506	22.672834461251067	21.071406968942057	0.0
229.0	27.342578896687282	26.12535826676178	20.9607151011656	25.57134773538534	0.0
230.0	25.438459034105747	22.9894137303095	27.02478954467234	24.54726613788983	7.155302257855628E-5
231.0	24.780719049062643	25.27191706140735	24.342265675250754	25.60379587752536	0.0013023367538967001
232.0	24.67561371557578	24.961960980548458	24.69663336494766	25.665573741875797	2.1819705230328808E-4
233.0	22.488029827748722	24.50119683326674	22.821803925377647	30.18830716341318	6.622501937081817E-4
234.0	27.189344577898893	21.302096767561224	26.72109514891199	24.78619251085018	0.0012709947777067515
235.0	25.504647013899035	22.150577025986795	27.643734232737472	24.700814656089182	2.2707128751690736E-4
236.0	28.70119677188449	23.2203206480168	23.78997455162292	24.288201144217954	3.068842578349469E-4
237.0	26.944317397809286	24.538407274474995	23.01196133303359	25.505081434739807	2.3255994232513429E-4
238.0	26.91147319623644	22.7955832767439	24.292605953077224	26.000337573942435	0.0
239.0	27.644278682329382	23.35789468648796	23.935519671140437	25.06095159430874	0.0013553657334840713
240.0	25.223886121816097	21.73268568749306	26.027136963933913	27.016044452304666	2.4677445226353864E-4
241.0	28.71806108974322	21.35241313464902	23.451070458572605	26.476066360276096	0.002388956759058883
242.0	26.62941687763783	24.141759412808174	21.510060992471075	27.71760708764046	0.0011556294424665756
243.0	28.069590649562908	23.6461477254587	24.82446425307255	23.45723329691244	0.0025640749934037104
244.0	26.667722077678803	23.01652491833688	25.809357959221902	24.50515175953869	0.0012432852237208875
245.0	28.802237621887095	21.166028952182213	23.447014316593258	26.582393099059793	0.0023260102776425555
246.0	23.877138002140292	27.18060823529216	23.409053462327726	25.530121344155727	0.0030789560841004374
247.0	25.819796312387783	23.063811601062092	24.702861659867896	26.273464934796092	0.1400654918861346
248.0	25.720846899004552	22.811302906117756	23.948730119467047	27.509092063831638	0.010028011579010704
249.0	25.61802144235616	21.64775524547665	28.101681353805585	24.617445251372754	0.015096706988852758
250.0	27.318036320960232	21.82388875876942	24.62003017092661	26.237289216957844	7.555323858957215E-4
