# Position (bp)	A	C	G	T	N
0.0	24.65904960973775	23.679718265215392	24.277602708381202	27.38359759229545	3.18243702116257E-5
1.0	23.577517910587428	29.84175875069192	23.380307156463275	23.122604057459796	0.07781212479757904
2.0	24.706316102612142	26.311861917933072	22.17728000607622	26.803497623312428	0.0010443500661421708
3.0	26.035421193078673	21.756785942069726	24.18913521986228	28.013029109961018	0.005628535028302361
4.0	26.364610643397462	23.06282191515942	23.253277523647395	27.319226727481027	6.31903146940862E-5
5.0	28.48132063575413	23.249912114558434	22.166570208318475	26.101565907138696	6.311342302592257E-4
6.0	26.390802425387825	24.055153949129853	23.327033624694856	26.22080478777857	0.006205213008898339
7.0	26.020123685662938	25.711051045101396	22.309270764049078	25.959019886251962	5.34618934630256E-4
8.0	27.98866135605664	24.221276115118297	23.400557833672696	24.389504695152368	0.0
9.0	26.158334865346244	24.93401904874056	22.122339504291777	26.78524394395557	6.263766584496489E-5
10.0	24.38732108361394	24.571329699259646	23.04303505018388	27.998314166942528	0.0
11.0	27.176095942365073	22.758273127346484	22.129850514582337	27.935719660389935	6.075531616610868E-5
12.0	28.5361507792809	23.707906395686706	19.611045090555834	28.144897734476558	0.0
13.0	25.5365014501804	22.80671345076451	24.30975449627156	27.34688220118745	1.4840159608884627E-4
14.0	26.628174616820992	21.886974573673214	22.745609463824206	28.73915316902495	8.817665664098081E-5
15.0	26.004969868106002	23.20305357429558	24.342395402102625	26.44955212250066	2.903299512797309E-5
16.0	26.273911677897964	24.777981890713825	21.149087813504217	27.79901861788399	0.0
17.0	28.753812289346666	26.693732683195883	18.76986019877435	25.781305614862504	0.001289213820596368
18.0	25.987249726678442	25.60104991114787	19.40175220905348	29.009725431196603	2.227219236047098E-4
19.0	25.444257895201922	24.74963358817111	21.730721446954842	28.074971558242652	4.1551142947289055E-4
20.0	23.89185850287452	25.19529230315658	23.112201904904392	27.80061978697985	2.7502084658017076E-5
21.0	24.05114603374909	24.593126170782668	23.02354427403223	28.331965289047435	2.1823238857804412E-4
22.0	23.213355115774178	26.968096148357017	25.10509198792523	24.713402688279	5.405966457059327E-5
23.0	25.83813785955901	23.32934223270727	22.26735422323305	28.56497729809216	1.8838640851269738E-4
24.0	28.84846731537245	21.18293971980343	23.615666329953413	26.352926634870705	0.0
25.0	25.299945852001983	24.63411820209638	19.49032239839462	30.575481543611318	1.3200389569896986E-4
26.0	27.269501795284988	24.709644955868974	19.582814216892277	28.438012769739206	2.626221455598999E-5
27.0	25.55169288161879	24.446918651562942	19.69534942208343	30.306039044734828	0.0
28.0	27.643500812607375	23.207268397827484	22.469092800513764	26.67739085520609	0.00274713384528505
29.0	28.35687759832321	23.585270705768195	21.212613738224338	26.844878483656387	3.5947402787310257E-4
30.0	24.207168908236525	24.00185393123721	24.30091130362384	27.489759759284834	3.06097617591226E-4
31.0	26.924413785048806	24.407894653323567	21.920700550828144	26.746584776628335	4.062341711489953E-4
32.0	24.70074100313661	22.583147737107815	23.758125723071586	28.957684060581624	3.014761023662105E-4
33.0	23.864128147729453	24.523392737531715	24.464652551425676	27.14772696147152	9.960184163805189E-5
34.0	26.606113562117105	26.08517985426885	22.5410737141801	24.767583517559764	4.935187417443568E-5
35.0	26.221618881282822	21.97768680451363	25.275386229369843	26.525112723493372	1.9536134033508378E-4
36.0	25.00152503224528	24.101878010108646	25.0676504304007	25.8287757236339	1.7080361147156096E-4
37.0	25.658064681367975	25.061670124291552	20.99882062671433	28.281444567626142	0.0
38.0	27.49163160223053	25.16533164120095	20.488417883862294	26.854521324721148	9.754798507320732E-5
39.0	23.867879398465004	27.455018732746634	20.877442535111403	27.799439895020544	2.194386564112417E-4
40.0	26.60197777080014	25.786812846051383	21.91303639792569	25.69805109322495	1.2189199783909865E-4
41.0	25.18543183087379	23.587484652467513	20.76719502560786	30.45469647291339	0.005192018137450027
42.0	24.892697900169196	25.771051806745565	20.0805186182853	29.255634182829617	9.749197031759471E-5
43.0	26.142699118009677	25.86451063074822	22.024437207509116	25.964331922366522	0.0040211213664599
44.0	29.580005818835385	24.693353710628436	21.94436822993854	23.781955469827096	3.1677077053758926E-4
45.0	25.95529910152841	23.91652531863606	21.254074161060256	28.86991092272287	0.0041904960524065385
46.0	25.710305130957295	24.19390751501976	21.936327232208328	28.15946012181462	0.0
47.0	26.412920440337135	23.512651544621853	22.229118441510735	27.843604464365534	0.0017051091647425323
48.0	22.793783712770303	23.510586823495146	22.372434201122253	31.3231952626123	0.0
49.0	22.69516135276711	25.524858219311003	23.815527685189043	27.962675233772867	0.0017775089599843775
50.0	27.812656889045144	24.015497655094638	19.871167768227615	28.300580297730672	9.738990193323826E-5
51.0	24.87075201549442	26.84526343900301	20.098953186875413	28.182499590413464	0.0025317682136987646
52.0	23.22844372407792	25.78389052825718	21.3716374629138	29.616028284751106	0.0
53.0	23.291504874141257	24.891481017421224	22.754680184181638	29.060733778400166	0.0016001458557192122
54.0	23.60637225501239	27.621274984351068	21.992435177539623	26.779772124390465	1.4545870645511799E-4
55.0	24.47888930279016	27.260515341730024	22.43126250819174	25.827858273651376	0.001474573636702283
56.0	27.20658611428538	24.563279831547685	24.389863084154616	23.840270970012316	0.0
57.0	23.304525317839953	27.467070483170865	22.531950748371194	26.69099168095145	0.005461769666539628
58.0	25.75528014668712	24.519613216146023	21.02409859817917	28.70074223141111	2.6580757657916284E-4
59.0	27.821230778077844	21.914616163195248	24.48218631023904	25.779284746245136	0.0026820022427337673
60.0	24.804322062226237	22.047321574568887	23.26943140889562	29.878876719160978	4.823514827725756E-5
61.0	26.049637948609366	22.999855068514492	22.60234248829274	28.341774004789734	0.006390489793664347
62.0	25.910858540615266	21.285666024201788	24.460887730046114	28.342322456281565	2.65248855270338E-4
63.0	27.649149338738933	23.11007900797217	21.88513836582473	27.353029185473066	0.0026041019911012047
64.0	25.935978916952774	20.837027005435353	23.27761783896841	29.94937623864346	0.0
65.0	25.208465067664527	25.00507688472729	23.317722514323552	26.46334585471159	0.0053896785730441
66.0	24.76498674888812	23.42211919143556	22.885265701935996	28.926858433854512	7.699238858058517E-4
67.0	27.59189809000561	24.004968660771254	20.916084198734882	27.48630322207498	7.458284132717039E-4
68.0	23.96373608581356	21.563527648179214	26.641789195549574	27.83077866516674	1.6840529090931397E-4
69.0	23.275142230084	24.204049200097863	24.73188044421446	27.78606536100544	0.0028627645982350455
70.0	27.31986418456221	22.65419850591491	23.678289943576743	26.347335157590766	3.122083553680384E-4
71.0	24.73861194565744	22.547290093733466	25.530075644508894	27.18316002474776	8.622913524393144E-4
72.0	27.86072761629682	24.847087056017187	21.57823833080065	25.712174717962167	0.0017722789231729061
73.0	25.749126049542774	22.381010310196736	22.250043464038356	29.61625205406495	0.0035681221571764996
74.0	25.34279112643513	24.35341019286715	23.634881298710628	26.668055405906934	8.619760801637755E-4
75.0	26.600614646750504	24.01082383542254	21.76448533150989	27.62199320613268	0.002082980184394025
76.0	26.812029311943125	23.255509396523326	25.039623028185737	24.891976372704498	8.618906433151761E-4
77.0	24.92040551472058	23.592693610488205	23.610481023846386	27.875821351168305	5.984997765201834E-4
78.0	27.640663167742485	25.75156489240377	19.96064907245952	26.646524392404253	5.984749899695591E-4
79.0	27.44350930982661	20.40305318074771	22.09874338526179	30.05210879266455	0.0025853314993438525
80.0	24.28700449370587	22.720083990385916	28.153966096972415	24.836432026744408	0.0025133921913931398
81.0	25.732902609333397	24.705919806059306	21.125997301911163	28.434797303443077	3.829792530564138E-4
82.0	23.573330231317957	21.550964604712046	23.30621224056225	31.56817648169703	0.0013164417107136095
83.0	26.20574491570939	21.824705779859286	23.636554237698665	28.332181312174438	8.13754558222224E-4
84.0	24.33595988967267	24.77870514960602	24.44678979771328	26.437420350726043	0.0011248122819928323
85.0	25.532215305075827	26.73518295073117	20.704741656787117	27.02733360359502	5.264838108621268E-4
86.0	26.502453388020577	23.969690697226433	22.480619969537546	27.04548908029955	0.0017468649158932403
87.0	23.16991232347808	21.35895498353044	25.09144037675876	30.379070191466074	6.221247666433928E-4
88.0	24.807330554969354	26.9149584226396	25.536543430001835	22.740473719193822	6.938731953913421E-4
89.0	26.293744172687276	25.724369214706133	22.281203472713525	25.699893604065966	7.895358271021811E-4
90.0	24.08159740123962	25.23042155451442	25.01531757562911	25.672424224952206	2.3924366464832738E-4
91.0	27.520512951783736	24.970084032648476	23.336296620943042	24.17250831450976	5.980801149844906E-4
92.0	26.24266643382656	23.591614407220597	22.187588585891085	27.978058807276575	7.176578518347522E-5
93.0	27.394392358822824	25.873940861682478	20.15671694810285	26.574758462282226	1.9136910962890417E-4
94.0	28.517398949554252	23.12150356738686	23.016253276214318	25.34008402322108	0.004760183623485263
95.0	24.290395650499555	25.75079352550165	23.50593559467172	26.450602888026197	0.0022723413008795155
96.0	26.545225800124854	23.786113549442586	23.403349988399654	26.263971240710752	0.0013394213221523544
97.0	26.257937786362422	24.805284913643725	22.91360976238601	26.02304795211031	1.1958549753187493E-4
98.0	29.000862414099394	21.801833215905344	23.862275864411092	25.335004589497107	2.3916087060296763E-5
99.0	22.28172496580485	22.009622466450494	26.36024945718194	29.348403110562714	0.0
100.0	22.59677853619998	24.500857708400186	24.402078968473536	28.500284786926294	0.0
101.0	24.576852111094986	21.09521727102816	27.988264162970427	26.339642545206665	2.390969975872722E-5
102.0	25.477618217696975	23.735642641316435	24.022640374361917	26.76407485612454	2.3910500128758045E-5
103.0	26.262221601806683	25.30987843892402	24.819532380910495	23.60824806337927	1.195149795294743E-4
104.0	26.414406163088966	26.732914646609984	21.800885112273882	25.05141165751566	3.8242051150655517E-4
105.0	27.980590585989628	22.960038415361556	20.343768725755858	28.712040868667128	0.003561404225833183
106.0	26.693955459164687	22.96565565403114	24.31169932486291	26.028546154763593	1.434071776726497E-4
107.0	26.79310806353698	23.455217709284373	22.47582468535045	27.27525203034402	5.975114841707258E-4
108.0	24.215516508174055	23.418060226237813	24.632055358216242	27.734224561624814	1.4334574707503003E-4
109.0	26.519476908480005	23.613288164225473	25.12155003102948	24.745111603399817	5.73292865226969E-4
110.0	25.329505749138782	23.574275443232196	22.460226793678515	28.635848706446758	1.4330750374808834E-4
111.0	25.143667145537247	23.421882594308247	24.54900780642642	26.884821474419834	6.209793082529345E-4
112.0	26.62998841953247	23.221571910547876	23.45447089873169	26.693801595950344	1.6717523762168864E-4
113.0	28.75428186057708	20.864577621797796	22.60860594273531	27.771794264360594	7.403105292217282E-4
114.0	26.573064338286656	21.924495777578283	26.81150023320578	24.690438133121454	5.015178078226748E-4
115.0	27.82825989814837	22.897223381213262	26.09755124763827	23.17634451386184	6.209591382615675E-4
116.0	27.053638747775633	23.906622681204194	24.584483780221397	24.455111494931746	1.432958670367203E-4
117.0	26.634100603723603	25.895226406501177	23.83947577140802	23.630480745876522	7.164724906804841E-4
118.0	26.8097869554865	24.126735298872983	24.76866064982553	24.29436333705654	4.537587584396144E-4
119.0	27.240789572043276	20.65054599464215	24.73016713839005	27.37813905423024	3.582406942800186E-4
120.0	25.323200508981692	23.53245044879805	24.25871420983649	26.885467655589057	1.6717679471453845E-4
121.0	28.438004751274576	23.264957236379374	23.367868878769414	24.928619825668775	5.493079078605246E-4
122.0	27.01782383088055	23.33526862085329	24.417007571026286	25.229183498931373	7.164783084997971E-4
123.0	24.934711101250276	27.887166453435373	22.42790397976289	24.74954975438	6.687111714649479E-4
124.0	25.528656207899697	24.5706351278058	22.043345235556306	27.85717236904231	1.9105969588550557E-4
125.0	27.267924793258363	23.523254389356595	23.474272138317662	25.73366504021393	8.836388534570937E-4
126.0	24.326128397300167	23.919605886671402	23.969782352117942	27.78426842426793	2.1493964256015088E-4
127.0	26.226799770830684	22.487203558763564	27.467313639323887	23.817823287911033	8.597431708331173E-4
128.0	26.622503840245777	23.191549930837365	24.33595750128008	25.840340348946512	0.009648378690266027
129.0	25.11610767570428	25.76865585916575	21.585746536472268	27.526480813187188	0.0030091154705074443
130.0	26.632421037346905	23.726541907111695	23.563975075474044	26.07703809776507	2.3882302282598806E-5
131.0	26.662933074768162	23.732724176719106	24.12632755462468	25.477561431120005	4.537627680484141E-4
132.0	26.946621035863807	24.512290941744304	22.032895255335866	26.501505768730162	0.006686998325862205
133.0	26.991984631279188	25.344776445199972	24.423732675201553	23.23802554734589	0.001480700973393714
134.0	27.53772919807184	22.609433302572977	20.239023234575402	29.613694853467994	1.1941131178580094E-4
135.0	26.675862813423855	22.97229620986129	25.91371782174553	24.43776492556829	3.582294010332769E-4
136.0	27.862480565725463	26.369522281052447	24.348811494104638	21.41230753799087	0.006878121126578922
137.0	29.461646704127077	21.23306973482844	23.444870719549403	25.86031731171558	9.552977949816297E-5
138.0	25.573461535522423	23.787191179954302	26.063819625404054	24.574238122893757	0.001289536225460603
139.0	26.200262588411054	23.274417307336858	24.946806503672082	25.577725548782553	7.880517974506287E-4
140.0	27.67919039876128	20.969718997512384	25.112649589508695	26.238202210699686	2.3880351795790513E-4
141.0	26.90917740087036	24.73055932805266	24.63422433253866	23.72577625015194	2.6268838637927283E-4
142.0	29.91011662056834	22.517985989483755	22.840952890868994	24.730514640736338	4.2985834257130756E-4
143.0	27.823429097221506	24.531375786075284	23.81620937203054	23.828890220391234	9.55242814365037E-5
144.0	28.53345394963871	24.497400882603763	22.48146395970944	24.48679760127029	8.836067777893735E-4
145.0	28.84509480165851	21.991396039618145	21.93035539696239	27.232150746506044	0.0010030152549067746
146.0	28.287885101967465	21.24278633460422	24.219025568585494	26.245335670523108	0.004967324319709411
147.0	26.84702924497798	23.75269077582703	25.867364751947125	23.529452502642417	0.003462724605452382
148.0	24.702302910460414	23.898206724603625	23.498594563096596	27.900203233101923	6.925687374471917E-4
149.0	28.404853441930598	24.230932548467788	23.885595529629008	23.476898959546848	0.0017195204257532573
150.0	26.16466825469686	23.573722319530336	24.777856484040008	25.48372905918525	2.3882547541793263E-5
151.0	26.89066177281918	23.282539922130887	25.316871688878933	24.509377300260375	5.493159106248684E-4
152.0	28.45215385912448	23.48658565507826	22.586173830115456	25.474823936051177	2.6271963062575275E-4
153.0	24.969936098535555	22.81968943721093	24.497870150218002	27.7118355638937	6.68750141810856E-4
154.0	23.252055783266023	24.06347783905168	24.623851791097216	28.057676815035276	0.0029377715498082446
155.0	28.01431306485189	23.0055047493243	23.63693258025719	25.343106283822436	1.4332174417785271E-4
156.0	26.558358542378908	22.508007017128136	25.496473281596664	25.43687451150507	2.866473912220925E-4
157.0	25.644364373661105	22.388717854638085	25.897189305295182	26.069298492032093	4.2997437352733776E-4
158.0	25.297643788704445	20.337240445538832	25.944983197219823	28.419869801147197	2.6276738970697135E-4
159.0	27.499610022877864	21.006950789784295	23.902408493928657	27.590529038305668	5.016551035165306E-4
160.0	27.150243199294422	20.58385030552501	25.803969495993023	26.461865332974366	7.16662131787955E-5
161.0	25.083576006746284	19.888390137625088	28.749764095164608	26.273802499277355	0.004467261186667017
162.0	26.815226458961032	22.95863470048668	23.97339273240508	26.252722218559153	2.3889588057499374E-5
163.0	25.74502172113993	23.582416101738644	27.14566733496043	23.52687095177391	2.389038708160765E-5
164.0	26.15474997061401	23.0942587897559	24.694696282648312	26.054383673048125	0.0019112839336516893
165.0	27.418062759240065	21.37565639506005	25.54977827292034	25.655976955005443	5.256177740995152E-4
166.0	25.487970346789556	22.87742605393113	25.218250180566056	26.416186172618517	1.6724609474395697E-4
167.0	27.639398347347555	22.376849103236303	25.87640659914099	24.10703533724929	3.106130258678528E-4
168.0	25.837976579354766	23.530271956944514	23.532756956744993	27.098851141582625	1.4336537310479937E-4
169.0	27.148171388236687	21.92948206657239	25.302713658231895	25.619370042088637	2.628448703911944E-4
170.0	31.24228791098087	22.56211965243389	22.694832099876987	23.50061696712153	1.433695867228293E-4
171.0	26.09703085655408	22.965759915583785	26.050578999459496	24.88586558877968	7.646396229562019E-4
172.0	28.1292594845119	24.263695922313214	23.686018451854	23.920858927067354	1.6721425353407324E-4
173.0	28.781647293080354	19.75112123476277	22.468957036691656	28.996936788539042	0.00133764692618291
174.0	25.13240448162866	24.61002392631926	23.543431273516976	26.713519289982834	6.210285522654047E-4
175.0	25.179564506956265	24.211250169287812	22.625593641896145	27.981800276449682	0.0017914054100921092
176.0	24.773116879053234	23.996142957086935	27.420426992899056	23.80902334982314	0.0012898211376365747
177.0	23.39985691199849	25.82994026852291	23.16551746378309	27.579818142077546	0.024867213617964592
178.0	25.498918945257454	22.58420332045749	23.437391022707406	28.479032888331773	4.5382324587761293E-4
179.0	29.197532058563088	23.861441174032677	22.189209958237814	24.75035968318737	0.001457125979051306
180.0	27.007522852112203	21.652148797857237	25.086144464050676	26.25399229417772	1.9159180216996876E-4
181.0	28.81800607235734	21.402193043583807	25.730900584279087	24.04820464376775	6.956560120151787E-4
182.0	26.082020265309026	22.633521069257597	25.187374109425757	26.096964617387407	1.1993862021172044E-4
183.0	24.486433515771093	24.01226327171711	25.49942485927344	26.00111069929676	7.676539416031254E-4
184.0	26.320062356820063	21.101325274352494	26.054244579704427	26.520073440557702	0.004294348565315722
185.0	25.45365615182138	22.959233974957908	24.144867719054748	27.44171441689469	5.277372712768675E-4
186.0	27.545481915788134	22.612887632349466	25.17566029294108	24.665970158921315	0.0
187.0	25.20359463093831	22.41187582061653	26.955140671281754	25.428787913024625	6.00964138787139E-4
188.0	28.255666944651924	27.251313979180676	21.737902292308593	22.754635979145576	4.808047132324429E-4
189.0	25.69395308692731	22.916794389568675	24.150194920174687	27.237903589344125	0.0011540139852069832
190.0	28.983687204030772	21.125437454391136	25.09989769187582	24.7906410307273	3.36618974971177E-4
191.0	27.34686945964696	23.429358089878978	23.833827950358437	25.389414553303013	5.299468126108071E-4
192.0	27.768894923394516	22.55309215279516	23.519426790490737	26.158441587851243	1.4454546834297654E-4
193.0	28.012370998893587	23.879251687567702	21.745962752075005	26.362197712386802	2.16849076897574E-4
194.0	28.396568433034375	22.689506512257076	23.70045207743097	25.21347297727758	0.0
195.0	26.60344705841809	20.968267850373458	24.4400765306061	27.987557872113683	6.506884886699469E-4
196.0	29.3233349840954	21.974011736120726	25.609724559593356	23.092783704488937	1.4501570157508806E-4
197.0	25.07525935559668	23.722851213347855	23.235118856961897	27.96604535746532	7.252166282503303E-4
198.0	27.803062177823733	22.583833954765186	23.415712112943392	26.19722219598103	1.695584866565949E-4
199.0	26.35179874135678	22.71230138310948	25.361626915780416	25.573763250025728	5.09709727591704E-4
200.0	28.205668461581595	23.17904088284278	23.053252001832217	25.561941556961465	9.709678194563017E-5
201.0	25.629712419655664	20.393120094889884	28.54731907185224	25.429629929932286	2.1848366992361084E-4
202.0	25.614041391378827	24.895691258750258	27.561882408008504	21.928384941862415	0.0
203.0	27.086922913842056	23.94895261353031	21.55744506621342	27.40585372700756	8.256794066570645E-4
204.0	25.80710344782362	23.29256092848682	23.842056982922998	27.058132918055993	1.457227105687096E-4
205.0	27.74371524390955	23.872892289637	24.74138165539057	23.641087868059955	9.229430029262151E-4
206.0	26.183051427133435	20.88181898119292	25.461991122347307	27.472944146185412	1.94323140922656E-4
207.0	26.75225604415761	23.317092487788997	25.989385751057114	23.94099847795217	2.672390441102337E-4
208.0	28.798050673640674	22.61232184004123	20.82822557698714	27.76135331224382	4.859708713919396E-5
209.0	27.767804350272172	20.347606689279225	24.612115758077564	27.271476804713107	9.963976579308515E-4
210.0	25.989522035857643	23.602496549719287	23.568054508358696	26.839513698793287	4.132072710868178E-4
211.0	25.744569999170963	24.635971927541803	25.354728772859563	24.263829760335774	8.995400918940983E-4
212.0	28.416528263139295	21.942234595377318	24.279865916592104	25.36098209797292	3.8912691836530703E-4
213.0	30.31615005886083	22.505446877553414	21.835810646729417	25.342154428042573	4.379888137656965E-4
214.0	27.90148135883751	24.183450855117066	24.276242744166115	23.63875199657174	7.304530756944173E-5
215.0	26.849929991503323	24.01752628185826	22.749345180199285	26.38261290547706	5.856409620714512E-4
216.0	26.5988412953385	24.037992532090755	25.611298825365246	23.751768708858563	9.86383469396713E-5
217.0	29.732425358591406	22.584698557874187	24.82898369192267	22.853071602873555	8.207887381815748E-4
218.0	24.68619551274573	24.094299023005764	24.745477986583545	26.47365116064948	3.763170154749083E-4
219.0	27.127412142778013	22.286585744557176	23.37440278687207	27.21068672760288	9.125981898614904E-4
220.0	27.982910080945018	21.311881351903402	23.809098437546922	26.895753835128293	3.562944763667329E-4
221.0	26.276039377748145	22.079526815116925	23.400378279354257	28.243696774836657	3.5875294401634686E-4
222.0	25.791963703711367	23.69791720555826	23.737622737948662	26.77223768481826	2.5866796345539014E-4
223.0	30.915483310309344	22.14412773242116	23.689227387427334	23.250220392387337	9.411774548260965E-4
224.0	31.08083213862793	21.979574664785883	23.55446323683363	23.384946528471286	1.8343128127012014E-4
225.0	31.042987871217097	19.443485856778047	23.387750672138257	26.12456382797686	0.0012117718897371877
226.0	25.60985599632331	22.354427134309812	25.087821391184455	26.94773589963999	1.5957854243087057E-4
227.0	27.94670354957713	23.060497054176345	24.8516341402276	24.139418906091777	0.0017463499271503412
228.0	28.22714971496178	27.92556837624829	22.037459235918377	21.80968773714953	1.349357220194588E-4
229.0	27.570152823537057	24.993967527752773	21.706943450367376	25.72893619834279	0.0
230.0	26.10960361783751	22.460924155420376	27.011401368734987	24.41801597909333	5.4878913792635085E-5
231.0	25.052504034286716	24.883663720961742	23.599605511729695	26.46242199360956	0.0018047394122879987
232.0	25.07025488839194	25.150063659987275	24.243638118723855	25.535680438867292	3.6289402963950943E-4
233.0	23.153400841379025	25.2635300366447	21.445043943756954	30.13757409711889	4.5108110043489856E-4
234.0	27.681258408836186	20.960377907709656	26.22347850202958	25.13330941995934	0.0015757614652404212
235.0	26.033828240085853	21.733411118056868	27.36596408281697	24.866564711876286	2.318471640309991E-4
236.0	29.262315194306467	23.276770923708547	23.396051530161206	24.064480794765743	3.8155705804245965E-4
237.0	28.312942729686608	23.935480242378315	21.943318759454026	25.807991853625754	2.6641485529233113E-4
238.0	27.304053107454223	21.768075178084555	24.050814417275248	26.876967491561267	8.980562470588657E-5
239.0	28.117613045407268	22.648448239495522	24.108322605202357	25.124252364431577	0.0013637454632734257
240.0	25.874204864081918	21.30861289853526	25.390367817254006	27.42656479441138	2.4962571743991353E-4
241.0	28.96801220249086	21.846257863226874	23.279994301171822	25.902892467736322	0.0028431653741199468
242.0	27.58767075898622	23.814670049887372	20.166176454474442	28.430386998915218	0.0010957377367380513
243.0	27.952643713080384	22.65194202454623	24.66153681024532	24.73070764526032	0.0031698068677474974
244.0	27.126186366880127	22.40105880984492	25.35038495031327	25.121238128471862	0.0011317444898190153
245.0	29.294313229646146	20.795110116573262	23.195253521566038	26.712991855969975	0.0023312762445786015
246.0	24.569078819691086	26.594407578242375	22.930658476405718	25.902920415390884	0.0029347102699396996
247.0	26.206124946684838	23.02645317821628	24.48795298900284	26.14091275551725	0.13855613057879063
248.0	26.103149511771985	22.52472181915339	23.713275994613923	27.64767127574691	0.01118139871379072
249.0	25.523396648101475	21.3923510237324	28.72336640846507	24.344304942592338	0.016580977108722292
250.0	28.29678738100099	21.378211671497596	23.49972307479656	26.824354257880266	9.236148245912129E-4
