# Position (bp)	A	C	G	T	N
0.0	24.495132850560896	23.57832140695315	24.131052492033398	27.795439651420484	5.359903207294613E-5
1.0	23.003233660002017	30.110959480704068	23.92106490878356	22.887170463743125	0.07757148676722744
2.0	24.734693950092552	26.323873234617974	22.479305941494133	26.461273785393168	8.530884021743092E-4
3.0	25.585276560775966	22.27215115926007	24.40405186138242	27.73154216551706	0.006978253064482965
4.0	26.341970092348244	23.285217804490426	23.06727757827475	27.305410322201283	1.242026852975426E-4
5.0	28.684552441788107	23.23548599602188	22.09683145052222	25.982368019345092	7.620923226996642E-4
6.0	25.845042917255416	23.898819147513517	24.24193430840281	26.008790767147268	0.005412859680987985
7.0	26.196641598380488	25.699001859813965	22.686851969968913	25.41670993047418	7.946413624602943E-4
8.0	27.787978485289216	24.087386198081468	23.591337511012096	24.533262559867108	3.524575011150874E-5
9.0	26.54359091997373	24.893091256061854	22.246289529056188	26.316887561854372	1.4073305384921614E-4
10.0	24.3743069264207	24.637149780879334	22.986446033813117	28.002097258886856	0.0
11.0	27.549838315533947	22.012470832381005	22.833784692894817	27.60368491840725	2.2124078298134208E-4
12.0	28.149714430645783	24.165669581843314	20.285734180157448	27.398848169406087	3.363794737208582E-5
13.0	25.319363575556213	22.71032639630291	25.059536448068965	26.910557597422297	2.159826496153349E-4
14.0	26.53064578096104	21.894036222207834	23.385120347951947	28.190131918195533	6.573068364183482E-5
15.0	25.63813587211578	23.225101439002557	24.437290217132368	26.699456244105306	1.6227643986262326E-5
16.0	26.40964910852502	24.75990400949051	21.023814700135006	27.806536408426403	9.577342306664585E-5
17.0	28.147895262307145	26.81485614769071	19.098621029611206	25.937298258959178	0.001329301431767114
18.0	26.022873385995695	25.470770030059924	19.356632418112024	29.149568801313013	1.5536451934257194E-4
19.0	25.20038760361038	24.9249899203273	21.516406367879608	28.35750496563017	7.111425525441589E-4
20.0	23.04144592086953	25.43671923100373	23.644691066458478	27.877082351409033	6.143025922494363E-5
21.0	24.091198797217604	23.8657076008301	23.52398587298036	28.518711193895435	3.965350765015296E-4
22.0	22.9730066311658	26.633288183621506	25.82808058476349	24.56556421969116	6.038075804116971E-5
23.0	25.256607998467373	24.03000937924474	23.107909659571103	27.604947472776242	5.254899405460682E-4
24.0	28.440922812614318	21.143584980177817	24.221579195913883	26.19385355440001	5.94568939748316E-5
25.0	25.19825665152446	24.263405240790846	20.082451215431952	30.455577777473568	3.0911477917502564E-4
26.0	26.5521524119218	24.952422944812668	19.757388167352207	28.737919209814116	1.1726609920624043E-4
27.0	26.245752944666457	24.297886220512215	19.970981348849715	29.48524790200328	1.3158396833563385E-4
28.0	27.684477097028783	23.24800535957378	22.58319759722479	26.481801131787265	0.0025188143853832334
29.0	28.028739998643687	23.546391006049376	21.727784948856733	26.696566809232568	5.172372176315823E-4
30.0	24.319248987319632	24.590411806201047	23.932584012740964	27.157612280900327	1.4291283803173578E-4
31.0	26.77395513460359	24.091136074924087	22.095029070777137	27.03928184845843	5.978712367564403E-4
32.0	24.511544867078666	22.434957178923042	24.658055659993384	28.39520245929335	2.3983471155996256E-4
33.0	23.893639982367997	24.585641646154407	24.418397322415306	27.1021534975608	1.675515014918367E-4
34.0	26.66815665480492	26.319435732075764	21.9886107300748	25.023699950730688	9.693231382695145E-5
35.0	25.872428177563407	21.545415222305127	25.880939471406165	26.70099783613032	2.1929259498247578E-4
36.0	24.538642159504686	23.924402109377397	25.90202557631047	25.634793224928686	1.3692987875680817E-4
37.0	25.609387685096756	24.811914085839422	21.60952237682722	27.969107411316653	6.844091994999433E-5
38.0	26.176103834113277	25.34944278006193	21.35323239019135	27.121097831935742	1.2316369769169335E-4
39.0	23.678888930239076	27.486944590994366	20.885425445979998	27.948481073898375	2.5995888818593574E-4
40.0	26.95251328666794	24.948770624962123	22.788921841737587	25.30964376312199	1.5048351035894283E-4
41.0	24.609811226603036	24.150161328182065	21.384711220639062	29.850391843912455	0.004924380663379734
42.0	24.470039237913497	25.588732832045096	20.21084907518448	29.730296790062937	8.206479398454118E-5
43.0	26.171351251109808	25.26144450516598	22.740734905638185	25.822557995904855	0.003911342181172276
44.0	29.059087605489164	24.38568266863395	23.22333447970075	23.33163543328244	2.5981289369345225E-4
45.0	26.02362800063549	24.129324528707414	21.6891663342008	28.153697398726884	0.004183737729411704
46.0	25.360605103217225	24.720976978063	22.002335291348853	27.91608262737092	0.0
47.0	25.927758690947684	24.473853032486677	22.0150261113577	27.581475733586096	0.0018864316218431831
48.0	22.496196688727604	23.668444734047004	22.58803374137046	31.247324835854933	0.0
49.0	22.983285683168354	25.685092399231586	23.882175230714527	27.447642895151326	0.0018037917342063688
50.0	27.543471209077463	24.119501177970086	20.045085606082758	28.291846359141914	9.564772777891492E-5
51.0	25.196869972369896	26.291062622411864	21.081604447922494	27.42796280428092	0.002500153014829323
52.0	22.888144081845322	25.84027720676359	21.4917195101946	29.77985920119649	0.0
53.0	22.609386830324897	24.464551964216007	24.296254583383995	28.628091107959346	0.0017155141157539065
54.0	23.298445820884446	27.694721672531173	22.49962049193775	26.507198400007624	1.3614639004443137E-5
55.0	24.091947533463358	27.674124191307538	22.775040343774194	25.45732566728039	0.0015622641745247422
56.0	27.0431382307653	24.912279367259586	24.291511229001653	23.753057589722804	1.3583250656614338E-5
57.0	22.86066953574078	27.68822220900235	23.07178905867368	26.37399502950974	0.005324167073449329
58.0	25.873699458115183	24.50830617979016	21.218808282562897	28.398982368542242	2.03710989515267E-4
59.0	27.932231165689892	22.293609725321748	24.12305537970085	25.64821129288648	0.0028924364010269373
60.0	24.758886525199685	22.52194578750446	23.079255427053308	29.63988513989219	2.7120350351533983E-5
61.0	26.239823558173004	23.09024854097329	22.546528721829958	28.117012843990917	0.0063863350328306435
62.0	25.495176834051797	21.870758731065212	24.718789887418332	27.915057611431227	2.169360334276734E-4
63.0	27.071163136708016	23.589479662532906	21.955426761487036	27.381273089959002	0.002657349313041308
64.0	25.19672398541617	20.870901174733188	23.697583868179738	30.23470975488096	8.121678994698574E-5
65.0	24.281117165087675	26.060923111489792	23.446227852247482	26.20649376401312	0.005238107161927217
66.0	25.15396244699526	23.422837413328025	22.688776732458187	28.733868490043296	5.549171752279559E-4
67.0	26.965008234057276	24.420110696911983	21.106349264781514	27.507828038670297	7.03765578933806E-4
68.0	23.877898803153407	21.99545978906181	26.820171485396564	27.306185719366567	2.8420302164652617E-4
69.0	22.876753501996838	24.53755886620167	24.726504504341136	27.85620590067403	0.0029772267863259223
70.0	26.456600716430557	22.547714296832268	24.035499415224905	26.959766716893192	4.188546190746934E-4
71.0	24.384385161592704	22.781904140682848	25.977956096325443	26.85473014368424	0.001024457714766439
72.0	27.927901821095112	24.94309414724248	21.77431963675142	25.353120899193343	0.001563495717639143
73.0	26.141190347450177	22.598210430243924	22.48787177804936	28.768630345164425	0.004097099092115187
74.0	25.13810475788123	25.165433955449906	22.969786278398008	26.725731692772925	9.433154979324546E-4
75.0	25.544515123690775	24.37534749331829	22.06052656472721	28.017427825823077	0.002182992440647535
76.0	26.919364097201825	23.74758464196107	25.12081506374928	24.211252536631246	9.836604565801495E-4
77.0	25.09815229269042	24.21869589295074	23.67858543204121	27.003730986319717	8.353959979142048E-4
78.0	27.499849095001167	25.91475376615761	20.147299447256547	26.43758569248148	5.119991031931497E-4
79.0	27.43379584076106	20.684150626798772	22.553613347419237	29.325503002595365	0.0029371824255710562
80.0	24.35630171489854	22.32225703470822	28.292585659037183	25.026470887413005	0.0023847039430473418
81.0	25.6213968561313	24.882266930961773	21.64118045766453	27.854643799113266	5.119561291320417E-4
82.0	23.007554797101488	22.19740496080874	23.72100129050059	31.072839927137036	0.0011990244521502347
83.0	25.737281198790562	22.20105812407685	23.92954928419275	28.13114142790708	9.699650327605689E-4
84.0	23.804365060174256	25.28612055165877	24.88697498988665	26.021542544700466	9.968535798561217E-4
85.0	25.426239803180056	26.45027949908118	21.496104740020996	26.626567728652716	8.082290650486999E-4
86.0	25.71456858237961	24.399676452780223	22.807667880529987	27.07647069520222	0.001616389107961996
87.0	22.696181030025077	21.988215069393757	25.426431600219118	29.888444951912163	7.273484498790245E-4
88.0	24.759151450222973	27.2694690092059	25.315904321367196	22.654815240234367	6.599789695681003E-4
89.0	26.78646227148241	25.905901677939397	21.635871715794117	25.670794598894343	9.697358897367194E-4
90.0	23.875087155433846	25.355258141027964	25.008037087911532	25.761442530343288	1.7508528336812368E-4
91.0	26.950810982177703	24.388036191377626	23.94912510030041	24.711233134110707	7.945920335549482E-4
92.0	25.392837615447394	24.020895675150093	22.87648172638463	27.709784983017887	0.0
93.0	26.856663978698798	25.655858773414003	20.88544301104114	26.601684100750855	3.501360952068523E-4
94.0	28.201900739403868	22.87712095334041	22.66056653200638	26.25621023433421	0.004201540915130624
95.0	23.935021434098328	26.25163310942688	23.914768318633218	25.896166693913216	0.0024104439283610677
96.0	26.251754739732963	23.73660422430236	24.24326196774578	25.767342214813134	0.0010368534057604612
97.0	26.202252165577487	24.39450613684083	23.281578866931454	26.12139352627286	2.6930437736760623E-4
98.0	28.315694610305158	22.609670155722284	23.67306978411948	25.40156544985308	0.0
99.0	22.482699609432004	22.098674287400534	26.539184152836853	28.879401563456664	4.038687394287357E-5
100.0	23.132608166253817	24.53312932484291	24.272119253965396	28.062143254937876	0.0
101.0	23.832056625469022	21.994141134528565	28.090045393957684	26.08364915620976	1.0768983496802016E-4
102.0	25.573905383779554	23.634884206527182	24.2918242421199	26.499345779432552	4.03881408032905E-5
103.0	25.88024303400217	24.73508941056325	25.339510822250322	24.044995187971992	1.6154521226435098E-4
104.0	26.010197385027006	26.88351086206606	22.910259646288726	24.195641711679876	3.903949383276961E-4
105.0	27.655065056193738	23.01990464949812	20.815558720472893	28.506132838841552	0.003338734993698811
106.0	26.814055644780222	22.640387496819546	24.713032380701087	25.832497553239754	2.6924459390511012E-5
107.0	26.22569730842066	24.051508291128414	23.269358115871576	26.452615094206017	8.211903733333369E-4
108.0	24.31071476311623	24.29663404993753	24.142998123065166	27.249572294971824	8.076890924684204E-5
109.0	26.768311815649554	23.718338138697355	25.068345024015155	24.444183898694426	8.211229435076838E-4
110.0	24.52345040870376	23.701048933399292	23.205825837346335	28.56960751651473	6.730403588651193E-5
111.0	25.122021021888536	23.04853191123326	24.775752971136836	27.052846026418305	8.480693230710662E-4
112.0	26.21661324229046	23.789585537848836	23.266451569220184	26.727295806730517	5.384391000475038E-5
113.0	28.67491727806818	21.8423454989066	22.597254636022154	26.88459418939506	8.88397608002901E-4
114.0	26.804281635780967	22.452217660273615	26.51388648272685	24.229250772966935	3.634482516321855E-4
115.0	27.941413044604968	23.024919554737846	25.84615438463194	23.18685338035683	6.596356684121883E-4
116.0	27.331947736832873	23.692986673045848	24.715518119889413	24.25949362232071	5.384791115202356E-5
117.0	26.358893559025592	26.019865147895487	23.8893467483616	23.73112720754155	7.673371757630226E-4
118.0	26.985510785499827	23.999357596495482	24.751179702957035	24.26357498088742	3.769341602371347E-4
119.0	26.92915874750578	21.062006255632262	24.736631527535792	27.271611130900595	5.923384255590799E-4
120.0	25.63345264860931	22.89923062311437	24.70706639101513	26.76016956419836	8.077306282973079E-5
121.0	28.060115086497962	23.31692997127684	24.036072498247208	24.586195866751247	6.865772267449562E-4
122.0	26.808604988909764	23.91668941793899	24.18542367715487	25.088810735800376	4.711801960001917E-4
123.0	24.91830132450465	27.614159048524606	22.709007592810703	24.75768391608693	8.48118073113432E-4
124.0	25.159175989626636	24.65151981837998	22.143057535981526	28.046165883351353	8.077266050066126E-5
125.0	27.19769261576466	23.536005761729594	24.03085486970481	25.234410179953088	0.0010365728478492796
126.0	24.17454054161023	23.742083775507496	24.910110137546397	27.17318477268624	8.077264962695826E-5
127.0	26.42224840995669	23.139232681431057	26.8542248722271	23.583109395895274	0.0011846404898811509
128.0	26.623609060594	23.087786872523253	24.02792924343962	26.25166877727644	0.009006046166688856
129.0	24.911559433447287	25.577662051293444	22.30741737660759	27.20033223687089	0.00302890178079232
130.0	26.72688560448064	24.050877275172493	23.346025458561584	25.876171275302806	4.038648248276709E-5
131.0	25.921778052766957	24.509048055032657	23.909196489956948	25.659196590923926	7.808113195024724E-4
132.0	26.71509304496133	25.253632012027705	21.763411052204827	26.261792419492085	0.006071471314048133
133.0	27.499039130121638	25.50437422970545	24.06972650715217	22.924894640870257	0.0019654921504840025
134.0	26.23160609282967	22.943652485720982	20.89727709526673	29.9273835529893	8.077319331569516E-5
135.0	26.56023710526096	22.82669889672712	26.624101303912006	23.988451134329942	5.115597699704185E-4
136.0	28.247165202884762	26.088560880641204	24.21140009205543	21.446802312236464	0.006071512182132441
137.0	28.8732046430597	21.08502839009445	24.396337753878203	25.645267664667195	1.6154830045129865E-4
138.0	25.887722581014273	23.480970185670678	26.262308212654684	24.367908621890766	0.001090398769599413
139.0	26.392586763146298	22.741161605623358	25.531827535302824	25.333441386498002	9.827094295142911E-4
140.0	27.58785202093202	20.691669799899817	25.34959949135948	26.370609451877375	2.6923593131199074E-4
141.0	26.25552175410246	24.85193877614209	24.983987014067466	23.908215907013485	3.3654867449631453E-4
142.0	29.430936205374415	22.545705575403062	22.85141457554387	25.17172825136714	2.153923115175923E-4
143.0	27.43555457014011	24.79091220796466	23.831707195915534	23.941651020504047	1.7500547565209396E-4
144.0	27.702254271436068	25.231446018993854	22.115496712705927	24.950291439573373	5.115572907818184E-4
145.0	28.37732324541813	21.694752523257694	22.82114843596659	27.1057526802251	0.0010231151324920635
146.0	27.642533187404332	21.29911809883055	25.109601562678797	25.944129656030274	0.00461749505604939
147.0	26.967711068882945	23.938523736112135	25.95092797560937	23.139471769801094	0.0033654495944498626
148.0	24.349846088980033	24.274593521709757	23.886578361346405	27.488430086057164	5.51941906633507E-4
149.0	27.54279813978785	24.527014337957386	24.279605314084126	23.648616721312138	0.0019654868584990815
150.0	26.1213741273983	23.66070935749967	25.033662831038033	25.184253684064	0.0
151.0	27.07390664811688	23.809528297085947	24.986678671792898	24.12924017405638	6.462089478937493E-4
152.0	28.195954456672933	23.796054512840094	22.68963417031197	25.31822223131715	1.3462885785723634E-4
153.0	24.79166627399483	23.13219918936377	24.489394225381428	27.585892140092028	8.481711679424687E-4
154.0	23.46846331965864	24.166267142675775	24.566195033139287	27.79632798745326	0.0027465170730367554
155.0	27.373270238775255	22.98872630486672	24.237394217373517	25.400434185788534	1.7505319597313013E-4
156.0	26.407936110587816	23.153327129179136	25.77335913205759	24.66509484586142	2.8278231403999375E-4
157.0	25.376984402182412	22.260450737082422	26.307310846617664	26.05501162588238	2.4238823512143584E-4
158.0	25.13632253360005	21.578207786069267	26.04167410117621	27.243701315184378	9.426397008869567E-5
159.0	27.394658278983474	21.45460514807208	23.845927090233534	27.304297753955158	5.11728755749037E-4
160.0	26.75164682442155	20.75131419383206	25.986623402245325	26.510388645850096	2.6933650970857115E-5
161.0	24.772714387274565	19.64008414708691	29.281284706936262	26.30237494258016	0.0035418161221045822
162.0	25.56448430734838	22.776262718084425	24.836137877165694	26.82310163020423	1.3467197274239272E-5
163.0	25.141220644125596	23.63394682475765	27.450553919997418	23.774251676035586	2.6935083754642936E-5
164.0	26.108805556101757	23.06791512313298	24.55254919083504	26.26897930279909	0.001750827131140454
165.0	27.09450872454947	21.815037073072446	26.11803745180339	24.971810673316817	6.060772578802164E-4
166.0	25.22229522292556	23.431084238232273	25.116430734319735	26.230095523171258	9.428135117567498E-5
167.0	27.25920300804136	22.965705085121073	25.969476720301778	23.80517070413824	4.444823975542154E-4
168.0	26.483459362943325	23.311605297863743	24.000488143329875	26.204406786647017	4.040921604908588E-5
169.0	27.242675504481767	21.544006241500373	25.96668092700074	25.24634098506221	2.963419549086081E-4
170.0	30.91975831247091	23.251452960712644	22.948744112554024	22.879936850343533	1.0776391888879236E-4
171.0	26.171919727543298	23.028866217691096	26.374535288192043	24.423803159137744	8.756074358199955E-4
172.0	27.65863407613444	24.305090618214813	23.944363603347387	24.091790463109472	1.2123919388329406E-4
173.0	28.079632709799817	19.841077288312867	23.138913500064863	28.938584829166707	0.0017916726557478811
174.0	24.533252972510724	25.514112134600964	23.775451672637598	26.17665783936978	5.253808809317185E-4
175.0	26.216961303444762	23.928639460016235	22.758821927086995	27.09390683437159	0.0016704750804185564
176.0	24.523727056969804	23.58056429989531	28.34537512779714	23.548838142304817	0.00149537303292771
177.0	22.972009661141925	26.133626036419116	23.939929221505267	26.929052151007955	0.02538292992573337
178.0	25.218998245104256	23.185019249698886	23.33287935324137	28.262766371471837	3.367804836517997E-4
179.0	28.506859690584395	23.97690686249282	22.658575024135626	24.856405498961422	0.001252923825734193
180.0	27.088922436259246	21.61170059061976	25.45634625927316	25.8428011634156	2.295504322299609E-4
181.0	28.333058367568825	21.746429276551552	25.76031189231439	24.15940261208461	7.978514806230274E-4
182.0	25.671342660992956	22.74080298500967	25.146078924181147	26.441694333052784	8.109676344168717E-5
183.0	23.8855846548017	24.134321305632913	25.96894164129696	26.010571206289633	5.811919787937915E-4
184.0	26.060768504930632	21.952211165235873	26.120633293500067	25.862710535432342	0.0036765009010806347
185.0	25.382492916147132	23.824477762662074	23.815368696871104	26.977120026943375	5.405973763187535E-4
186.0	27.372811302322088	22.749480583865363	25.374039086908873	24.503669026903673	0.0
187.0	25.041476520823814	22.765669028193205	27.7893095621249	24.402813905788737	7.30983069349176E-4
188.0	27.40498483149893	27.548188369647075	22.028760111600747	23.017647013431862	4.196738213833017E-4
189.0	25.316640954319574	23.01892514491542	24.68953948610958	26.973919624489167	9.747901662626478E-4
190.0	29.331809299127055	21.14650266238865	24.808896590298417	24.71262897119161	1.6247699427309213E-4
191.0	26.894239728055553	23.884446929507252	24.2064671409497	25.01449368894076	3.525125467350288E-4
192.0	27.324733639171345	22.39120418768659	24.154396401101756	26.12963865393309	2.7118107221199418E-5
193.0	27.855341315804573	23.754187041079888	21.45005838566979	26.940128482375336	2.8477507041063617E-4
194.0	28.401001584504083	22.49305525042596	23.99288247926882	25.11306068580114	0.0
195.0	26.817116712900145	21.23193544204286	24.315856663018987	27.634453697168105	6.374848699069706E-4
196.0	28.291925626253793	22.34278986097265	25.541133897047608	23.824109836472477	4.0779253473236985E-5
197.0	25.029032578209865	24.09735260409515	23.58755929212443	27.28538936011409	6.661654564660875E-4
198.0	28.174496622363154	22.769569624307003	23.31444946670755	25.74141620557644	6.808104585557994E-5
199.0	25.501494108278038	23.20282086769864	25.328852509018805	25.96634143586629	4.910791382215897E-4
200.0	27.745727274041904	23.629274806421417	23.49237349896277	25.132610778191506	1.3642382407438481E-5
201.0	25.49940556214829	20.77938892825734	28.619187859005947	25.10166292522362	3.547253648009295E-4
202.0	25.800367063306616	24.805044521196056	27.47133605613113	21.92321142598132	4.093338487301305E-5
203.0	26.486342704239824	23.773635737570945	22.392620537382495	27.34670497899182	6.960418149167493E-4
204.0	25.907620558023144	23.048943897808545	24.264696347842513	26.778684598708193	5.4597617605656964E-5
205.0	27.29892415934934	24.0036844157078	25.28944885552701	23.407041667531168	9.009018846867428E-4
206.0	25.336130799996013	20.98243337826044	25.919527919992348	27.761866947232424	4.0954518778261175E-5
207.0	26.2463877444438	23.56641327685255	26.678691020306456	23.508248538201332	2.5942019586224787E-4
208.0	28.622522514402583	22.165362083596555	21.12728104021415	28.084752424192022	8.193759468913287E-5
209.0	27.406756455532438	20.722595128411335	25.111316412874352	26.758567129670098	7.648735117746813E-4
210.0	25.141482698517365	24.44376504152304	23.996397343061	26.418109020398887	2.4589649970430946E-4
211.0	25.38526223849324	25.26015056580374	24.744071748182833	24.609668251833565	8.471956866261416E-4
212.0	28.720862661652347	21.975313974945433	23.906851285789138	25.396767028287105	2.0504932598236055E-4
213.0	29.81790190197912	22.872208815995123	22.438208143882896	24.871298168213794	3.829699290643949E-4
214.0	28.028441855884612	24.699941541143	23.738881217104915	23.532721698474116	1.3687393349541943E-5
215.0	26.44188414287147	24.546721785129343	22.567507383700462	26.443502638490763	3.84049807968238E-4
216.0	26.815048479038843	24.3591319547565	25.04164819446883	23.784143654777523	2.7716958302192174E-5
217.0	29.476441026542183	22.79296266874259	24.588571970553605	23.141256060457273	7.682737043517955E-4
218.0	24.969104451568576	23.636022015996424	25.329469056420823	26.065277522499336	1.2695351484206488E-4
219.0	27.186715439265775	22.567341381485814	23.984878653657667	26.26031025145365	7.542741370925977E-4
220.0	27.981337891030865	21.522109874616188	24.255814342093817	26.24052366105138	2.1423120774557219E-4
221.0	25.823552984807723	22.0719640222979	23.865362269088735	28.238862180753195	2.585430524454582E-4
222.0	25.598543042791967	24.43425383626513	23.84574814370533	26.121237875213808	2.1710202376717166E-4
223.0	30.640382251091047	22.58555928953965	23.37173257917606	23.401492713371468	8.331668217769929E-4
224.0	30.280752453677184	22.584746576076117	23.97799533537215	23.156388411079817	1.172237947305853E-4
225.0	31.088254918298396	19.7526598382597	23.424265283051408	25.733907570160603	9.123902298899628E-4
226.0	24.97048474673144	22.609249601105	25.4539663261175	26.966224905336855	7.442070919959038E-5
227.0	27.63777149224153	24.136925260203007	24.578421285987037	23.645573936564396	0.0013080250040255598
228.0	27.78495107588886	28.17791977177721	22.43602481729262	21.601043843419856	6.049162145674108E-5
229.0	27.74845316993224	25.335942683756457	21.74818751760404	25.16740137886063	1.5249846624667573E-5
230.0	26.140501878903883	22.61620119405425	27.16674691968235	24.076534643029774	1.5364329741870043E-5
231.0	25.069835735775943	24.812137400342678	23.827307751335177	26.289210831695602	0.0015082808506019828
232.0	25.324451010820347	25.147086959185792	24.04179332922344	25.48652802248852	1.4067828189926935E-4
233.0	23.442306158437436	25.086304045159086	21.983654471092073	29.487229907469047	5.054178423554367E-4
234.0	27.234225898682325	21.135717328925686	26.625613408756088	25.003240286839173	0.0012030767967230113
235.0	25.694193679955525	21.752332867452605	27.382583767606917	25.170629900190683	2.597847942764214E-4
236.0	29.079869135481623	23.63298720139747	23.309921589849285	23.97713983061302	8.224265860907926E-5
237.0	28.61950189659195	24.5211032694107	21.674862124531664	25.184399877462475	1.3283200321453448E-4
238.0	27.570227383734775	22.43281691296877	23.77202153411025	26.2249341691862	0.0
239.0	27.97445728015495	22.94523239880181	24.172177205171018	24.907010194425343	0.0011229214468808815
240.0	25.485165200098486	21.48881520046728	26.276876692717526	26.749055098778662	8.780793804833863E-5
241.0	28.990024685522897	21.975003600228515	23.215240562961448	25.81760354371504	0.0021276075721025985
242.0	27.106981362397782	23.73452159036315	20.683068094872407	28.474636170277613	7.927820890442272E-4
243.0	27.856611387989076	22.798861349409012	24.678178653444327	24.663841346040098	0.002507263117488584
244.0	27.14545105596775	22.86582545378002	25.691515377179353	24.296359058221284	8.490548515967095E-4
245.0	29.36497535894929	20.96412466593027	23.072485705778885	26.596906954520055	0.0015073148214975723
246.0	24.62934351000763	26.68708964712628	22.866751243337454	25.8144175631474	0.0023980363812316527
247.0	25.724642520850686	22.945293004937128	24.531332621999383	26.660632617030377	0.13809923518242762
248.0	26.69087638564563	22.892235249141617	23.25612993508096	27.150523446315194	0.010234983816600502
249.0	25.524144642454644	21.449948658869495	28.532377112231355	24.478288247353337	0.015241339091172547
250.0	27.943313875322932	22.038419591761812	23.64392056083813	26.373109082213382	0.0012368898637413444
