# Position (bp)	A	C	G	T	N
0.0	23.209273141573924	24.841675282545793	25.60880606354666	26.340182004625056	6.35077085656657E-5
1.0	22.570105196616957	30.394936804068845	23.379927519528803	23.575506054441274	0.07952442534412167
2.0	24.38745568239887	26.876490204032176	23.124531800677474	25.610574061099022	9.482517924592911E-4
3.0	25.746648750955973	22.121517103953295	25.256584034205172	26.86842962255965	0.006820488325913246
4.0	25.492204134335942	24.230314831863424	23.954463874251505	26.322975093066837	4.2066482289274794E-5
5.0	27.841063799032543	24.623316279022863	22.67735166279527	24.857280801126795	9.8745802252917E-4
6.0	24.583764644929612	24.517712354756803	24.628107147763945	26.263661696488782	0.006754156060858722
7.0	25.125906534372806	26.04734793108926	23.69684146900689	25.129129674678403	7.743908526440947E-4
8.0	27.052991972837308	24.50776399072298	23.869509313781187	24.569692949330623	4.177332789723093E-5
9.0	25.993999844866718	25.948606677904102	22.26813203677493	25.78909463047001	1.66809984244797E-4
10.0	24.24473099140359	25.039457149618844	23.53843968014293	27.177372178834634	0.0
11.0	26.79410678359972	23.084991500749283	23.19277951162269	26.928041690107957	8.051392035361714E-5
12.0	27.802297430781138	25.246440328362755	20.393785891169955	26.557456554487274	1.979519887246547E-5
13.0	25.01861594180274	23.161880639420527	25.332042836179713	26.487343501202037	1.1708139498579413E-4
14.0	26.369538558787564	22.53121545806779	23.987766702959266	27.111460020003626	1.9260181750631108E-5
15.0	24.662198223385445	24.120913871990307	24.587042527449775	26.62982638407467	1.8993099806840173E-5
16.0	26.051396919171417	24.85160037892045	21.9137535990443	27.18319310476777	5.599809606473379E-5
17.0	27.47717119609546	26.5972847567305	19.96568455688017	25.9586342000098	0.0012252902840698364
18.0	25.264433499606803	25.875453189085572	20.512418349897292	28.347586293830616	1.0866757971581979E-4
19.0	24.884298610070648	24.971187202507867	22.025420810907374	28.11871520854703	3.7816796708426017E-4
20.0	22.107452601089648	26.033556532447566	24.79486667651938	27.064070577836645	5.361210675743077E-5
21.0	23.41211105581855	24.94057821841696	24.520797800773813	27.126300261292798	2.1266369788144424E-4
22.0	21.818178308605148	26.719477606531882	26.563125965901303	24.899200571078314	1.754788334798874E-5
23.0	24.37028987582138	25.347512970628312	23.740300400380196	26.54161740190755	2.7935126256295006E-4
24.0	27.03342193665093	21.97661923484904	24.793053398481206	26.196888142690987	1.7287327835502085E-5
25.0	24.34188808588658	26.006111555112977	20.168405396973284	29.483424009436582	1.709525905728194E-4
26.0	25.493548788202258	25.805271858665158	20.249480376615693	28.451665003101773	3.3973415123197795E-5
27.0	24.989712174587194	25.47885381939964	20.68084913255427	28.850500199998713	8.467346018772446E-5
28.0	27.47601664602971	24.17187942130898	22.75712744273663	25.59215019690399	0.0028262930206951545
29.0	26.380843501615313	24.320639190320065	23.00154070649914	26.296645373682185	3.312278832931802E-4
30.0	23.324266847229435	25.65444690599999	25.500256381601005	25.520799779117393	2.3008605218351666E-4
31.0	25.508604567061415	25.064290373219677	22.95860615891245	26.46807440719876	4.2449360769770175E-4
32.0	23.501155493924898	23.23016186301971	24.982864637677924	28.28570471372575	1.1329165171621478E-4
33.0	23.51168792897314	25.0577249398807	25.67292377200871	25.75758328014754	8.00789899156528E-5
34.0	25.35156975295613	27.10172964034463	23.00126481636358	24.54534057203978	9.521829587815867E-5
35.0	24.86579357080532	22.47286087877684	26.232320389567114	26.42883680645754	1.8835439318571476E-4
36.0	22.9981125424035	25.701759118007182	26.73319604468175	24.566853886067562	7.84088400008029E-5
37.0	24.708925774602868	25.868143544415673	22.0467396128228	27.376175391826013	1.5676332641118738E-5
38.0	25.81853953133536	25.68893476162909	21.66788017686428	26.824582843462824	6.268670844317873E-5
39.0	22.732434653067592	27.539657520467237	22.30052788952613	27.42720758787139	1.7234906765421638E-4
40.0	25.332042702360685	26.625091388797983	23.60656266737642	24.43625624486856	4.699659634983703E-5
41.0	23.459974048871075	25.036871654688337	22.04254556641064	29.45586271840268	0.004746011627258585
42.0	23.816529704551176	26.535579166431095	21.529110198604595	28.11878093041314	0.0
43.0	25.649107163969546	26.03187309766051	22.766766778052915	25.54868258708618	0.00357037323084483
44.0	28.06806309036442	25.314979757592138	23.40325159284585	23.21347070123421	2.3485796338376465E-4
45.0	25.049354528398325	25.071427285528337	22.083057750003327	27.792497297652694	0.003663138417320696
46.0	24.828290699044963	24.899793521512443	22.774572481838238	27.49734329760436	0.0
47.0	24.547164380609335	25.45614587277139	23.78622868858091	26.208661156672964	0.0017999013654051758
48.0	22.724932064228817	24.57243141604794	23.280654261337457	29.421982258385786	0.0
49.0	22.251387538578378	26.20591551261403	24.98016907991102	26.560822487997406	0.0017053808991706844
50.0	26.431981672336697	25.244482004779034	20.673736241971714	27.64970621484129	9.386607126374707E-5
51.0	24.27080835539213	27.786138300406638	21.89779640398984	26.042895033912128	0.002361906299266667
52.0	22.391483227321533	26.613463365733757	21.589314023222254	29.40573938372245	0.0
53.0	22.247703528035814	25.757529261139577	24.466654131982747	27.52655533021856	0.0015577486233007104
54.0	22.209580504394154	29.514528958066638	22.740994775114327	25.534895762424874	0.0
55.0	23.142201029166774	29.382562111081995	22.528481147434217	24.945263535520183	0.0014921767968373314
56.0	25.511787111481627	26.03137614005902	25.156022800247918	23.300813948211434	0.0
57.0	21.955608253638704	28.04956658761954	23.637151941420175	26.35284025746778	0.00483295985379908
58.0	24.913976355929044	25.88065462501398	22.08340066879654	27.121828499683005	1.3985057742749523E-4
59.0	26.69476132899157	23.470727139331938	24.782438054858705	25.0492612138597	0.0028122629580842307
60.0	23.14268665347084	24.008300311447815	24.329597686485176	28.519399837474467	1.5511121706930695E-5
61.0	24.589956459410068	24.75659347655783	23.221885780747314	27.425934235144002	0.005630048140789047
62.0	24.348709018738855	22.75798610583376	25.444804700331243	27.448314067587425	1.8610750872456491E-4
63.0	25.396294182598663	24.77843566616627	23.231734550823173	26.591007778866793	0.0025278215451037802
64.0	24.26228833216184	22.564921118868952	24.08572078242008	29.087038808795164	3.0957753965417404E-5
65.0	23.114726391013612	26.743886214024766	23.965883151946795	26.170721680886405	0.004782562128422783
66.0	24.13921401537722	24.74922019684748	23.616636791108093	27.494402782373555	5.262142936517198E-4
67.0	25.97896926949272	25.77527333821139	21.210577826640865	27.034622427414174	5.571382408545757E-4
68.0	23.053025164424483	23.58684084155746	27.208195387618368	26.151799325913398	1.392804862931752E-4
69.0	22.870150083826953	25.73758279401101	24.96274443596082	26.42669079909045	0.0028318871107664016
70.0	24.817272692854786	23.840816039547196	24.62068022354242	26.720860173181244	3.7087087435126574E-4
71.0	23.98352389066667	23.653123512273886	26.601937260134257	25.76058336581616	8.319711090328952E-4
72.0	26.586832712254232	26.28021117202941	22.288600746527322	24.84255298171886	0.001802387470172028
73.0	24.579246147357733	23.80144724969262	23.572243415703976	28.04313529896159	0.003927888284079669
74.0	23.95918350373065	27.08190638192482	23.497579002216533	25.46054559896226	7.855131657397355E-4
75.0	24.332303036846252	25.365500104497908	22.495419264547273	27.80459060769422	0.002186986414347986
76.0	26.290751913696685	24.537731211398032	25.826404024399707	23.34418880575224	9.240447533354934E-4
77.0	23.440009449331576	26.233460397275405	24.427168922663782	25.898668238680628	6.929920486092342E-4
78.0	26.367596329885306	27.143652839907006	21.048122864424023	25.439996599863534	6.313659201303632E-4
79.0	27.072618406739945	21.749196495995722	23.008933092046018	28.166572631957592	0.002679373260717185
80.0	23.673539151142048	23.72653984175244	28.186574133599617	24.410867759273387	0.00247911423250242
81.0	24.67476275377005	25.650077997811348	22.275623678383248	27.399089032372903	4.4653766244924677E-4
82.0	22.299792504925623	22.63539376948153	24.788101275334075	30.275634633754873	0.0010778165038958446
83.0	24.67971097658032	22.94604160196784	24.75058265511513	27.62260238401672	0.0010623823199873994
84.0	22.696516080162947	27.240776749850276	24.80563548551484	25.25587081060526	0.0012008738666752883
85.0	24.75441686321118	27.53817992598021	21.376909766055583	26.32989303462673	6.004101263016584E-4
86.0	24.876563859277333	25.235761373882386	23.488928117238817	26.396806955312673	0.0019396942887856881
87.0	21.186253213633734	22.851146779069637	27.022524568779264	28.9392749645136	8.004740037600727E-4
88.0	24.297395913185202	27.408270791040707	25.733282597572444	22.560388793554097	6.619046475557863E-4
89.0	26.060379650524983	26.665105864414308	23.16305965881848	24.110423526923608	0.0010312993186190008
90.0	23.22880482497996	26.527200233466775	24.61272036812883	25.631166829001593	1.0774442284083256E-4
91.0	25.89066782944848	25.31245271902089	24.21411028336958	24.582045764370765	7.234037902972465E-4
92.0	24.815591479354417	24.802909473719854	23.06855285849175	27.312915406866907	3.078156707418896E-5
93.0	25.33304317406739	26.80920791907019	21.357732977857452	26.49972351248873	2.924165162388895E-4
94.0	27.041904146891827	24.312768112698983	23.166199170356926	25.47445001595941	0.004678554092857602
95.0	23.290797399859677	27.2611222265706	24.472784292047486	24.97260292735086	0.0026931541713803276
96.0	25.320393261954273	24.841696182241904	24.625084484102217	25.21204124670835	7.848249932597383E-4
97.0	25.084093039316873	25.207691610485384	23.55526858144941	26.15288521567504	6.155307329109048E-5
98.0	27.261052230203802	23.828910071551114	24.340026814548303	24.57001088369678	0.0
99.0	21.43824005988552	23.040540717244763	26.951682841817654	28.569536381052067	0.0
100.0	22.708174792787794	25.412820736464965	24.751476878731424	27.127527592015817	0.0
101.0	22.827292619240815	23.174376348345067	28.744205721405468	25.2540022534908	1.2305751785295397E-4
102.0	24.592796869416087	25.058578453128856	24.77702035473367	25.57160432272139	0.0
103.0	25.73207265925266	26.00133369124048	25.171599298850673	23.094809756712877	1.845939433188914E-4
104.0	24.823104799763353	27.58326830370582	23.566906218739824	24.02647455737936	2.4612041164254146E-4
105.0	27.193625313164077	23.931319422587443	21.44754334455386	27.42405069327596	0.00346122641866441
106.0	25.33630572797697	23.51911876662031	25.1625707788399	25.981912428909652	9.229765316295596E-5
107.0	24.793790922816484	25.295944117690038	23.103800221664855	26.805818663996227	6.460738323946034E-4
108.0	23.4139107801694	25.214356127182146	24.290561778016496	27.08110978986678	6.15247651791978E-5
109.0	24.951536497585284	25.185225629825585	25.515887907963947	24.346734750376818	6.152142483619921E-4
110.0	23.808152808915494	24.721852209517984	23.748817484511374	27.721177497055148	0.0
111.0	24.19579417166388	24.516059969359194	25.009662728108438	26.27786791539003	6.152154784523086E-4
112.0	25.0358619707466	24.89698190391191	23.928066584917627	26.1390741605715	1.537985236264523E-5
113.0	27.972623031951688	22.479620144030054	23.168273647876568	26.378760349872522	7.22826269167584E-4
114.0	25.976549613643357	22.825854759185148	27.68358419126711	23.513734604522533	2.76831381851519E-4
115.0	26.044026882056997	24.555002224892743	26.095584714579257	23.30478631108784	5.998673831646758E-4
116.0	26.602426213279678	24.958935811894257	25.214557402728367	23.224049809525845	3.076257185559987E-5
117.0	25.153431889253714	27.310468683836557	24.385522606680173	23.149823138610202	7.536816193510986E-4
118.0	25.766907117501596	24.922383737876135	25.642598050276423	23.66781885575672	2.922385891213108E-4
119.0	26.521864053322652	21.954772216823386	24.939082370233372	26.58383530198563	4.460576349531993E-4
120.0	24.693537029807867	24.203660790120583	25.31429200739898	25.78851017267257	0.0
121.0	27.25800864682217	23.8797400169934	24.688172360562763	24.173402192899076	6.767827225984519E-4
122.0	26.214168211850243	24.586745747252316	24.42142712668147	24.777182092738702	4.768214772698433E-4
123.0	23.606292316502174	28.107686081865086	24.320486512784143	23.964889079410405	6.460094381978922E-4
124.0	24.87650917212118	24.73886390745513	23.300102514883115	27.0844936433851	3.076215547347187E-5
125.0	26.4061156817088	23.669873527685034	25.068764043699527	24.85443156056965	8.151863369848042E-4
126.0	23.922356313406073	24.63927810400788	25.60777082866137	25.830533230096346	6.152382833252276E-5
127.0	25.33932510579733	23.84004385394201	27.505459440486945	23.314156462227192	0.0010151375465232923
128.0	25.675262463639005	23.428955781090803	25.486459066500633	25.39926342834361	0.010059260425946617
129.0	24.121319042349228	27.332437647417112	22.76111718232694	25.782311407998264	0.002814719908452388
130.0	26.150561649124267	25.117751742319722	23.79894145713455	24.932729770095317	1.5381326147177757E-5
131.0	25.188780574316244	25.41258090074171	24.79744532311922	24.600608706124945	5.844956978809416E-4
132.0	25.788733189434858	26.3283140114281	22.303114910257772	25.573516118131284	0.006321770747982379
133.0	26.708546006260832	25.549668254843283	24.964422916010395	22.775363246180504	0.001999576704992912
134.0	25.502482380008555	23.88391339617702	21.695069171021355	28.918535052793064	0.0
135.0	25.7133632934791	24.698186241199373	26.38880472061482	23.199153552565967	4.921921407374207E-4
136.0	27.691821403521725	26.639903035672535	24.201705489313007	21.460094503303925	0.006475568188809726
137.0	28.23043606530043	21.94336063977614	24.550526558333026	25.275446012581533	2.3072400886349354E-4
138.0	24.94247150799631	24.759023256107266	27.44563959332228	22.85166593068957	0.0011997118845766424
139.0	25.04212101011673	24.278867080950167	25.46030104409655	25.21724966492379	0.0014611999127586747
140.0	25.728830989531144	22.265969573356685	25.56309931610883	26.441807879537453	2.922414658954978E-4
141.0	24.53152734667007	25.814678204800856	25.809909957024246	23.843346140949404	5.383505554239587E-4
142.0	27.887089279471077	23.481572824347687	23.857325610423313	24.773812327257005	1.9995850092034746E-4
143.0	25.578981547436207	26.21520100446475	24.23094321768648	23.974766560847993	1.076695645673614E-4
144.0	27.19405781296385	26.464866311558747	22.978861183361506	23.361630194530026	5.844975858711552E-4
145.0	27.589962101548288	22.75486781840183	23.426654367627748	26.227208285823757	0.0013074265983790065
146.0	26.76794610051825	22.10797646681342	25.390357324634337	25.72895182138552	0.0047682866484743715
147.0	26.09131479510959	24.86589766046521	26.803640705093596	22.235809085396973	0.0033377539346273978
148.0	24.214352437276705	24.778394082530966	24.436769731805658	26.57000692016188	4.768282247854388E-4
149.0	27.040229694993634	25.497531741726032	23.92273174117228	23.537276445080504	0.00223037702754731
150.0	24.911268125160166	24.54866493791922	25.042016315528304	25.49803523925227	1.5382140043309956E-5
151.0	26.3981502746484	24.821988854700233	25.337428588261517	23.441878509248856	5.537731409874113E-4
152.0	26.702412060316966	24.54542839479073	23.432948390434333	25.31913424074086	7.691371711534797E-5
153.0	24.361298162897217	23.889366186079243	25.828719104407583	25.919801252937173	8.152936787819819E-4
154.0	22.746603845682884	25.33561579352514	24.899439866055193	27.01574072991551	0.002599764821274629
155.0	26.426115595916666	24.689337993462175	24.184745438025697	24.699600945053206	2.0002754225389494E-4
156.0	25.463208014003335	24.02925423879032	26.414766278752012	24.092586825344853	1.846431094884401E-4
157.0	24.46987409553045	23.49111975349959	26.692901572940347	25.345735289026344	3.692890032658996E-4
158.0	24.750739211573308	22.032028603364058	26.29583604151895	26.92125765677933	1.3848676435830772E-4
159.0	26.37418303318769	21.932979561865434	25.00293134016564	26.689352110734184	5.539540470497793E-4
160.0	25.32607911208677	22.468656196907265	26.171577402270902	26.033687288735063	0.0
161.0	24.003289949496658	21.517516134293952	28.86444423243232	25.610441050198656	0.004308633578412515
162.0	24.401448329773547	24.08803850722934	25.63611406904957	25.87439909394755	0.0
163.0	24.466247646319086	24.7059091471473	26.890992950190913	23.93675792495674	9.233138596181297E-5
164.0	25.264236728532087	24.68354147927633	24.448031737799976	25.601866350068363	0.002323704323244199
165.0	25.742017503375237	22.61494621241629	27.49403245060334	24.1483574869488	6.463466563333278E-4
166.0	24.638437931825727	23.716594127254766	25.90110231896811	25.74383484252553	3.0779425862135566E-5
167.0	25.81227653507476	24.485368895652346	26.477900365423636	23.224054060043734	4.001438055276481E-4
168.0	25.893692638805778	24.669007286580037	24.06167428814866	25.37559500503584	3.0781429686595795E-5
169.0	26.042021302465834	22.351628590196874	26.087948241693905	25.518124826465737	2.770391776492179E-4
170.0	30.463867575289864	23.30061029779799	23.42406431367817	22.811396247835205	6.156539876832264E-5
171.0	24.86441118584437	23.899693906433907	27.24736044899264	23.987764876675246	7.695820538390371E-4
172.0	26.630863844525653	24.763888816216934	24.134741192595012	24.47044458924118	6.15574212241986E-5
173.0	27.88956623616185	20.58477134990295	23.94959625363255	27.57455820862727	0.0015079516753804731
174.0	23.19353452839061	26.942491253726857	24.060945089900116	25.80259827708883	4.3085089358475327E-4
175.0	25.744004271699144	24.29445794738393	23.74824673371203	26.211613758995227	0.0016772882096641039
176.0	24.01108317474543	24.89647224689886	28.577306851936118	22.513629685870537	0.0015080405490560205
177.0	21.541315662309444	26.361707104625715	25.82380478976673	26.248903512146775	0.02426893115133533
178.0	24.518878478211693	23.28941152574296	24.67838803939883	27.513060364659232	2.615919872835519E-4
179.0	27.633458846790482	24.70926922113329	23.226868497722723	24.428879913968803	0.0015235203847027473
180.0	26.333354220730815	22.69312842693511	25.855115133289893	25.118139840405878	2.6237863830425614E-4
181.0	27.342866526283256	22.73528195815544	26.229793481830647	23.69133164615652	7.263875741359659E-4
182.0	24.772863582808732	23.885283401791753	25.420723419021463	25.921067796856317	6.17995217335013E-5
183.0	23.180066033357782	25.284130057165882	26.417267049502772	25.11794981440091	5.870455726567766E-4
184.0	25.498743100648348	22.925529022386897	26.99463253305386	24.576908769128476	0.0041865747824217
185.0	24.442241051466407	25.519188415432293	25.264100796836008	24.7740063337851	4.6340248019186096E-4
186.0	26.506355946276656	23.77444759598028	25.30451215105786	24.414684306685203	0.0
187.0	24.266177887855843	23.10970299505995	28.567172444191723	24.056327599839847	6.19073052632198E-4
188.0	26.59603261866203	28.26203256140373	22.818269112473104	22.323263351823638	4.0235563750542596E-4
189.0	24.484362503683123	24.593324196707346	25.479951419891105	25.441402410187465	9.594695309617723E-4
190.0	28.632703899485378	22.134273511839726	24.779802360701932	24.452941653506603	2.7857446635965697E-4
191.0	25.910840980809674	24.230631194882164	25.37270255961466	24.485484199780323	3.410649131796009E-4
192.0	25.93104124055315	24.2982073153639	24.679879958472924	25.090824972309083	4.651330094353782E-5
193.0	26.987207000238172	24.975686725944747	22.212734325381074	25.824201383375673	1.705650603366148E-4
194.0	27.379298912826894	24.237954624079325	24.473730281021943	23.90901618207184	0.0
195.0	25.836190616799477	22.171056743331143	25.10416568124053	26.88788908307061	6.978755582422903E-4
196.0	27.131673069095406	22.9887211880993	26.654432191837564	23.225111383920837	6.216704689586725E-5
197.0	24.54436372742765	25.149210240824043	24.53166366056965	25.77412503612213	6.373350565215154E-4
198.0	27.183578562361177	23.613431350198514	24.578323796994965	24.624666290445347	0.0
199.0	24.571906797173597	23.361983175943372	26.241935403314116	25.82373760265309	4.370209158210312E-4
200.0	27.193386919939762	24.144425977308316	24.19211135558214	24.470075747169783	0.0
201.0	24.48438863642146	21.78195087450266	29.08342018757394	24.650006157974765	2.341435271724344E-4
202.0	24.762467639025743	25.118891066060723	28.39095553698923	21.727685757924302	0.0
203.0	24.935601549528915	25.01311234740452	23.822141137419433	26.228551611432938	5.933542141968115E-4
204.0	25.847544242733157	24.023928640083003	23.996913038026253	26.131551615337806	6.246381978438427E-5
205.0	27.18115329013627	24.658761554663354	25.416503536342677	22.74286324678876	7.183720689443538E-4
206.0	24.712484172670525	21.83683391873823	26.05199907351456	27.39863597977788	4.685529881107803E-5
207.0	25.089956713310656	23.918020208785798	27.124862229864316	23.866973405677754	1.874423614738468E-4
208.0	27.44227531060893	22.58200285151232	22.84284467569281	27.13283029314709	4.686903884412201E-5
209.0	26.190519718125653	21.590944070296395	25.516725097513653	26.7012329775919	5.781364723956241E-4
210.0	24.0654000400698	25.074849574156794	25.432930437013994	25.426585531051437	2.3441770797617194E-4
211.0	24.728561942586747	25.97509803970608	25.624205928401	23.671430679425168	7.034098810018058E-4
212.0	28.07703482053699	22.65436502190572	24.987967413974438	24.280429464026867	2.0327955598741168E-4
213.0	28.860012425094688	23.228997686604444	23.469098326429545	24.44162560038849	2.659614828322645E-4
214.0	26.970553554107052	25.541205173276456	24.996148785865604	22.492076831408873	1.5655342009732612E-5
215.0	24.745596348455067	25.15610018841693	24.060790466219334	26.037214893676776	2.981032318940334E-4
216.0	25.205272398086393	24.815961173260707	26.637352651943775	23.34141377670913	0.0
217.0	27.974792071883826	23.288765247808445	25.9454533494724	22.790381154999533	6.081758357976458E-4
218.0	24.41053903138326	24.434278210893826	26.004540845781037	25.15056105642583	8.085551604416005E-5
219.0	25.92272365256193	23.5632951621261	25.437962532096808	25.07548041032376	5.382428914016676E-4
220.0	27.6195723909293	22.372797475919135	25.38863631963071	24.618780497970384	2.1331555047390512E-4
221.0	24.833202992157034	22.98530254370399	25.424998246679607	26.756347350633643	1.4886682572259958E-4
222.0	24.83470452447138	25.276188481192623	24.749227457365453	25.139812718860632	6.681810991278399E-5
223.0	30.1557455054613	23.007018517663496	24.559230697807987	22.277379516630653	6.25762436563333E-4
224.0	28.843826158697766	23.80878637298697	25.009668253391016	22.33765136753204	6.784739221763272E-5
225.0	30.165052544184533	20.57745859092211	23.888341346194878	25.368345265288134	8.02253410345109E-4
226.0	25.050650065305334	22.59989505548276	25.999347810241797	26.349986165148405	1.2090382170071606E-4
227.0	26.518722179722808	23.70403193940097	26.316283459566776	23.459654001453217	0.0013084198562308262
228.0	26.562037186589006	27.689528476380325	24.171861575944938	21.576485075892414	8.768519332042256E-5
229.0	27.391133876473873	25.190316424433433	22.795190081209338	24.62335961788335	0.0
230.0	25.44819563024982	23.287850857107077	28.111492158594647	23.152461354048455	0.0
231.0	25.003902035840852	24.870862056024734	25.096972146788893	25.026617943215655	0.0016458181298622846
232.0	24.56181547319997	25.233236056077136	24.898408613988412	25.30641243517883	1.2742155564972617E-4
233.0	22.80721921423679	25.02968827495808	23.021162998039728	29.141449776812074	4.797359533312865E-4
234.0	26.519980123416058	21.72396787243038	26.853927703606733	24.900888567182143	0.0012357333646885072
235.0	24.653080001805286	22.68446616854458	27.37352291858431	25.288760243379706	1.706676861216451E-4
236.0	27.78896149809477	23.87214323713068	24.052978960218642	24.28568542587977	2.30878676141671E-4
237.0	27.536342433227723	24.93591207997456	22.972371850429475	24.55531525963829	5.837672994574467E-5
238.0	26.72695717598264	23.031917668127697	24.751485397346755	25.489580484905773	5.927363714101909E-5
239.0	27.10220312092061	24.11724539593919	24.38856867431165	24.390697487598658	0.001285321229891752
240.0	25.27028677948804	22.24417186989667	26.79155111243714	25.69388635364456	1.0388453358753188E-4
241.0	29.096951984410175	21.065920427243423	23.889673154870124	25.945083262423534	0.002371171052743788
242.0	25.924747469380332	24.45824975031886	22.15045213488053	27.465633810858282	9.168345619958322E-4
243.0	27.910238751339598	23.08739152697114	25.42522596720479	23.574157587745272	0.0029861667391978025
244.0	26.324823888393585	22.924331654884035	26.551226188831823	24.198571853116853	0.001046414773702341
245.0	28.293071730246243	21.216757991911262	24.229054659474723	26.259291280314155	0.0018243380536158277
246.0	24.57988999228871	26.80377450099205	23.854898350388336	24.758623122787622	0.002814033543279836
247.0	25.108516394843868	23.178929515176737	25.206314147577253	26.365630702985214	0.1406092394169311
248.0	26.33460885436519	23.264034537357556	23.82066571379682	26.56940967882	0.011281215660432041
249.0	25.506858714182417	21.45464909456528	28.774805111180314	24.24658647680071	0.01710060327128207
250.0	25.923942844104463	23.01996387736575	25.568679844809278	25.48612349068735	0.001289943033155131
