# Position (bp)	A	C	G	T	N
0.0	22.724264290441827	24.869646633412433	26.995657578252374	25.41043149789336	0.0
1.0	23.091313743831243	29.37780214817921	24.067025771699512	23.378382737154467	0.08547559913556753
2.0	24.315537027797003	26.914967245569706	23.0230649133255	25.746430813307796	0.0
3.0	24.669936479858485	22.735386347189838	25.319610838626676	27.268633914931257	0.006432419393744472
4.0	25.57220007715057	25.083579786550082	24.646393210749647	24.6978269255497	0.0
5.0	26.532774647208978	25.677085841801922	23.317118592367834	24.473020918621266	0.0
6.0	24.565335724120267	24.893535269443824	24.44686369312542	26.089462393135026	0.004802920175466683
7.0	24.49312179456454	25.469331671699504	24.78390771541325	25.25363881832271	0.0
8.0	26.409765438008613	25.994893888622943	24.823679591511087	22.771661081857346	0.0
9.0	26.25834515065088	25.95560937524896	22.609582383964565	25.17646309013559	0.0
10.0	25.075220886730875	26.121149406988774	23.795271829976915	25.00835787630343	0.0
11.0	26.28050374425292	22.85455076653391	24.644411298879028	26.22053419033414	0.0
12.0	27.788933343398504	26.455801313504946	21.464482524345136	24.290782818751417	0.0
13.0	24.957929380928977	24.517118646591907	25.450863006150502	25.07408896632861	0.0
14.0	25.84057479234594	22.951859665688023	24.138032782048064	27.06953275991797	0.0
15.0	24.939936897559846	24.583900193938693	24.692447969432944	25.783714939068513	0.0
16.0	26.335285150517873	25.018877064011058	21.971477824792352	26.674359960678718	0.0
17.0	25.963275767889403	26.37645839461042	20.958863817807472	26.700001400619072	0.0014006190736305447
18.0	25.299334811529935	26.256929046563194	21.5839800443459	26.85975609756098	0.0
19.0	25.731510477740837	24.640280326127442	22.935146991874404	26.693062204257316	0.0
20.0	21.69305641236548	25.165535677565288	26.15258071149496	26.988827198574267	0.0
21.0	23.059037881054035	26.168656351127183	24.98028444782857	25.792021319990212	0.0
22.0	21.84893201266761	26.806818947510276	26.47800013476181	24.866248905060306	0.0
23.0	24.141211146838156	27.187834941050376	23.34405144694534	25.32690246516613	0.0
24.0	26.29801491803061	22.90755341638856	24.62804642937868	26.16638523620215	0.0
25.0	23.38373819251941	26.859965579305545	22.12120814010011	27.635088088074937	0.0
26.0	23.664371054416446	26.113893671414413	21.50571294412271	28.71602233004643	0.0
27.0	24.030029404876526	26.62832756512009	21.295115667855004	28.046527362148378	0.0
28.0	27.058551201759233	25.721119841565827	22.73504713159553	24.480137858309437	0.005143966769974666
29.0	24.422736477450744	24.641797317778316	25.063362074455213	25.872104130315726	0.0
30.0	21.610040952525406	26.27155063451135	26.56099903938521	25.55740937357804	0.0
31.0	25.855116883769426	25.46571367558944	23.394339835948198	25.284829604692938	0.0
32.0	22.422571064913026	23.231176221018742	26.445631286031595	27.900621428036636	0.0
33.0	24.180895817866865	25.129918337045286	25.519673348181144	25.169512496906705	0.0
34.0	25.458408557778515	27.435736831116515	22.432236591626445	24.67361801947853	0.0
35.0	24.543230314169904	23.817754677248548	26.579674509756185	25.05934049882536	0.0
36.0	21.87347931873479	27.06934306569343	27.360097323600975	23.695863746958636	0.0012165450121654502
37.0	24.195137377005317	26.879431761514976	22.655347304151107	26.2700835573286	0.0
38.0	25.363587723138288	27.050196994017217	21.798239213969552	25.787976068874947	0.0
39.0	22.809236044404997	27.55614459589266	23.037826927519667	26.596792432182674	0.0
40.0	24.264786335177195	29.425566834842865	23.278828034769923	23.030818795210017	0.0
41.0	23.259828353310155	26.628333860105517	21.88738421142204	28.215944178356956	0.008509396805329313
42.0	23.01390509529366	26.943553092182032	22.06461493582264	27.97792687670167	0.0
43.0	25.15465671678071	25.98962068085417	23.69498900083861	25.152225962882387	0.008507638644125475
44.0	26.595938605125962	25.684494513106564	24.24684336529464	23.472723516472833	0.0
45.0	24.5810802600401	25.116957287806063	23.233489276383743	27.061182331854912	0.007290843915183183
46.0	24.847203489714335	25.301644005394962	24.172833205749768	25.678319299140938	0.0
47.0	24.08539178401759	26.865363352490192	24.35391176506324	24.691688030812973	0.003645067616004277
48.0	22.730861258547606	24.994838035781523	23.29442629322386	28.979874412447014	0.0
49.0	21.368019626417937	26.217542325536204	25.745099468046345	26.664480555757976	0.004858024241540965
50.0	25.379206489926283	26.75637273356569	21.802703326330107	26.061717450177913	0.0
51.0	23.42748202836604	28.930687779288906	22.295754808626384	25.34121818535069	0.004857198367981349
52.0	21.608674032479108	27.35619079960705	21.98585861035984	29.049276557554	0.0
53.0	22.057451628926934	27.807460715540532	24.73860841541574	25.391633046196343	0.004846193920449726
54.0	22.79071457995105	30.020111948435872	23.407400227773874	23.7817732438392	0.0
55.0	23.618540481665253	30.626890959699864	21.522449473556822	24.228488442454317	0.003630642623744403
56.0	25.470145460706245	26.485466030931576	24.86748795895152	23.176900549410654	0.0
57.0	20.963662984160788	29.14100407778033	24.4497416599107	25.437121111285894	0.008470166862287187
58.0	24.247080888136	27.032488353802407	22.046100792546433	26.674329965515152	0.0
59.0	25.747162597100886	24.18144858795344	25.63705442489655	24.42949447039179	0.004839919657333688
60.0	21.929813957424173	23.821669910423946	26.093105907667756	28.155410224484122	0.0
61.0	23.8606416672711	26.254200817194945	24.693551896714297	25.180725804501826	0.010879814317835641
62.0	24.313673343568297	23.437254451603547	26.25025688139937	25.9976064697847	0.0012088536440893103
63.0	25.529728880347147	24.846792617035938	23.632012184066433	25.985422634804365	0.006043683746116933
64.0	23.43259431000338	24.09071149108825	24.82611215765831	27.65058204125006	0.0
65.0	21.78281187736225	27.40753263376523	25.125282262446717	25.67592044727277	0.008452779153031529
66.0	24.135682457644517	25.464008404680538	24.525727258456	25.874581879218944	0.0
67.0	24.91849204240829	27.145168691284084	21.795831622672495	26.140507643635136	0.0
68.0	22.694230444127804	24.233825198637913	27.445842490400175	25.626101866834112	0.0
69.0	24.228702529734953	25.855219465072754	25.663225261124197	24.246815190484817	0.006037553583288052
70.0	24.037359269225664	25.160792074428933	25.379203822808943	25.422644833536463	0.0
71.0	23.644928496560365	24.320807681650063	26.880956110020122	25.152102936038457	0.0012047757309976747
72.0	25.345155771871912	27.47391754812905	23.527214900127703	23.650097583307232	0.0036141965641037993
73.0	24.242533762212826	24.350958352909995	24.47263483802571	26.927849458479404	0.006023588372065006
74.0	23.112968896812585	28.542173609270726	24.074252535716866	24.26940034211097	0.0012046160888524828
75.0	23.827936783270694	25.669750409559605	22.74501300954033	27.752481449359163	0.004818348270212971
76.0	25.09274873524452	25.58058299205011	26.59720549265237	22.729462780053	0.0
77.0	22.385902362052974	26.518591681622723	25.457414389130463	25.63688705267342	0.0012045145204225437
78.0	25.548034303333978	29.020524185777607	20.999951821160145	24.430285218731935	0.001204470996338408
79.0	27.01452627014526	23.179398231793982	22.613283226132832	27.187974271879746	0.004818000048180001
80.0	23.105275837147676	25.26017827029631	28.647313900264997	22.984822934232714	0.0024090580582992053
81.0	23.648518429294146	26.658636473139	23.84003854492893	25.851602023608766	0.0012045290291496026
82.0	22.602442726024428	22.83009322830093	25.718484257184844	28.84777528847775	0.0012045000120450003
83.0	23.12222971670842	24.143621121603392	25.354114472923495	27.378830217768357	0.001204470996338408
84.0	22.66223442694031	27.939972057619116	25.634725634725637	23.7606590547767	0.002408825938237703
85.0	24.200308314866557	28.207197225166205	21.946960208112536	25.644329896907216	0.0012043549474901243
86.0	24.21089393884654	26.31357105868468	23.63885978539687	25.835470934643595	0.0012042824283150886
87.0	21.718868537986342	23.351757523210868	27.041412280384865	27.885553267584264	0.002408390833664487
88.0	23.448093156557444	28.86576833688571	25.820358127716965	21.865780378839876	0.0
89.0	25.881460430615093	27.49626703915996	23.088964886084483	23.530899282308173	0.002408361832281682
90.0	23.173257550214345	26.64852367419681	25.022879437406676	25.15533933818217	0.0
91.0	24.583669488362013	26.16711019061495	24.574036389032717	24.67397979457416	0.0012041374161619325
92.0	24.338382257326558	25.51352132347629	24.251691670479445	25.8964047487177	0.0
93.0	25.055085306972657	27.32592440971428	21.705417022864918	25.91236921002252	0.0012040504256318255
94.0	26.135747913932406	25.271218889597957	23.855221490409505	24.73179130895474	0.006020397105393072
95.0	23.534723560007706	28.75288961664419	23.799605085725297	23.91037372375265	0.002408013870159892
96.0	24.39168282023189	26.688900393705527	25.134546155050145	23.783666638573507	0.0012039924389274834
97.0	24.09072850074042	25.622133131072346	24.022104236645355	26.26503413154188	0.0
98.0	26.380294238039053	24.55635549348679	25.37983674845296	23.683513520021187	0.0
99.0	21.776697393439072	23.650388697682253	28.027148667837977	26.545765241040698	0.0
100.0	23.0906224805362	26.56703127444256	25.27947246188465	25.06287378313659	0.0
101.0	21.99547576647254	22.657265245223083	29.83346970207441	25.513789286229965	0.0
102.0	23.335860682865775	25.733232239352034	25.993188191260185	24.937718886522006	0.0
103.0	25.31712600794319	26.436394271272114	26.033216993621373	22.213262727163315	0.0
104.0	23.81726059380679	28.57710221323609	23.658398623196256	23.946035069983512	0.001203499777352541
105.0	27.183776627753037	23.62257792754844	21.804067878204357	27.38355999518594	0.006017571308220003
106.0	23.47454567336623	24.314598627993742	26.722830665543384	25.48802503309664	0.0
107.0	24.847456403220566	26.192969154300705	23.355116679303414	25.60325426339796	0.001203499777352541
108.0	22.072999025235568	26.064719544628566	26.01056596507696	25.851715465058906	0.0
109.0	24.585153363897813	26.293876274021393	26.432258763221544	22.687508272866204	0.0012033259930447758
110.0	24.46062210456651	25.52072679140846	23.83972083508814	26.178930268936888	0.0
111.0	23.97708674304419	24.969914315971888	26.338211225570422	24.713584288052374	0.0012034273611244825
112.0	25.087850197362087	25.265957446808514	24.3020121305478	25.344180225281605	0.0
113.0	25.91335740072202	24.267148014440433	23.732851985559567	26.08543922984356	0.0012033694344163659
114.0	24.66457287943877	24.275898583685308	27.67048121006462	23.38904732681131	0.0
115.0	24.36068690807129	25.585761218816565	26.442591188610898	23.60975727162232	0.0012034128789246302
116.0	26.212739328736294	26.10924582114878	25.02376740435876	22.654247445756166	0.0
117.0	25.122749590834697	27.2118994897468	24.166024838740732	23.498122653316646	0.0012034273611244825
118.0	25.53521787790173	25.7831209309602	26.12248336281695	22.55917782832112	0.0
119.0	26.100821930996304	22.521872029074455	25.639914798368174	25.736187828682144	0.0012034128789246302
120.0	24.115813668034512	24.272253577058688	26.593581150194346	25.018351604712453	0.0
121.0	26.456962010084112	24.11402991540415	25.716898713613556	23.710906005944572	0.0012033549536106666
122.0	25.956991058857508	25.34567202974765	24.82701356213673	23.87032334925811	0.0
123.0	23.559850299040903	28.33247090819384	25.450366430402294	22.656108978447396	0.0012033839155705846
124.0	23.70276774969916	25.38387484957882	24.61853188929001	26.29482551143201	0.0
125.0	26.07099879663057	23.886883273164862	25.750902527075816	24.290012033694346	0.0012033694344163659
126.0	25.028880866425997	23.918170878459687	26.235860409145605	24.817087845968715	0.0
127.0	24.302664195807562	24.279800726817648	27.285745228755026	24.129383167673463	0.0024066809463069477
128.0	24.83935404683401	23.687757214026135	26.794782315708403	24.668479699646216	0.009626723785227791
129.0	22.565429276216832	29.024727754046086	24.057517598219118	24.34871548041634	0.0036098911016184346
130.0	25.049036714359634	27.255989699281596	24.03099842360501	23.663975162753758	0.0
131.0	24.620642350874235	26.012924032201777	25.002105871168816	24.363124390801556	0.0012033549536106666
132.0	24.600204560495758	26.538716082064855	23.69773178509115	25.154924493111125	0.00842307923710968
133.0	25.492437460141744	25.8630440275789	25.92441069945973	22.71770127666743	0.0024065361521893465
134.0	24.951569625431663	24.02507550325476	23.41142355220253	27.61193131911105	0.0
135.0	24.490753552392526	25.726420656215033	26.682949719057188	23.098672891124135	0.0012031812111222072
136.0	27.405188179805563	25.836221002983926	25.689431129078834	21.06073731831745	0.008422369814226586
137.0	27.959188584354024	24.19929253795991	23.968284524869457	23.873234352816613	0.0
138.0	24.451663357997955	24.511820970943873	28.22474884196595	22.810563676833304	0.0012031522589183662
139.0	24.743731652148803	24.937436835266375	26.341498628422926	23.976129746378554	0.001203137783338948
140.0	24.651106833493746	23.36381135707411	27.10057747834456	24.884504331087584	0.0
141.0	23.85226179018287	26.216313763233877	27.017564966313763	22.912656400384986	0.001203079884504331
142.0	27.15930555722656	24.428215647821748	24.323543920016363	24.088934874935333	0.0
143.0	23.460696325882438	28.37034720050047	24.334111306272707	23.834845167344383	0.0
144.0	27.057167605023817	27.47942832394976	23.26644531062028	22.194552716423658	0.0024060439824839996
145.0	26.669072536990257	23.60760255022254	23.794057500300735	25.925658607001083	0.0036088054853843374
146.0	26.54877902081078	22.885841453145677	25.213520991218573	25.345843859016	0.006014675808973896
147.0	24.653249768432197	26.29166716789568	26.490153857257997	22.562523307149128	0.0024058992649977746
148.0	24.211513941347704	25.87028171385955	24.584405898910195	25.33379844588255	0.0
149.0	26.484633427557586	27.223191195044205	22.832741925783363	23.45702772598785	0.0024057256269922416
150.0	23.340550944304102	25.214723926380366	25.899194033441596	25.54553109587393	0.0
151.0	25.152776441150998	25.787941487826004	25.425849292657105	23.63222981426234	0.00120296410355115
152.0	26.61148673034816	24.76480354178196	23.822814657972618	24.800895069897262	0.0
153.0	24.887520150133533	23.34889204340399	27.378918749849625	24.383466063566154	0.00120299304670019
154.0	23.46409710443057	26.24297761256872	25.97711934750442	24.310994021196482	0.00481191429980632
155.0	25.51025320111678	24.790603639164342	25.801482622508903	23.897660537209976	0.0
156.0	24.57880042360643	24.57880042360643	27.64272648502936	23.199672667757774	0.0
157.0	24.03119433880518	24.342897029798298	27.90762046887787	23.717084677225245	0.0012034852934097145
158.0	25.55091528361155	23.228104803283227	25.29095307441418	25.930026838691045	0.0
159.0	25.89967022121657	22.71381460173796	25.330380569530362	26.054931035312805	0.001203572202296416
160.0	25.13931515917434	23.740747427333453	26.32605163386893	24.793885779623277	0.0
161.0	24.111204717775905	23.02082079672644	27.787940787098325	25.074016127091102	0.006017571308220003
162.0	24.346507485678526	25.440475617387953	25.892986087710007	24.32003080922351	0.0
163.0	24.57244641288257	24.801116874676552	26.67140054640205	23.955036166038827	0.0
164.0	25.273495324403367	25.860803215751403	24.828200406782923	24.0350940535076	0.002406999554705082
165.0	25.59032374533638	23.33373450475388	27.938380069803827	23.136358165844264	0.0012035142616440004
166.0	24.558869550564502	25.05115428131244	25.575937026070626	24.81403914205243	0.0
167.0	25.1736299185113	25.177240939346884	25.761022641100638	23.886902827429317	0.001203673611863407
168.0	24.180599188723985	25.273534828295958	25.519084245116098	25.026781737863963	0.0
169.0	25.368642792657237	23.44267228408065	26.15106831176648	25.036412879927777	0.0012037315678603672
170.0	29.558696070878277	23.290639445300464	23.821504237288135	23.329160246533128	0.0
171.0	23.586836150031296	24.317492416582407	28.482353507631565	23.612114208676395	0.0012037170783379075
172.0	25.477975237934807	25.18439195774326	25.57784168160653	23.759791122715406	0.0
173.0	26.244180591143675	23.686648140796613	23.994610655984218	26.072154654925594	0.00240595714990316
174.0	23.308795227097768	28.596516551193226	22.806004618937646	25.287480754426483	0.0012028483448806775
175.0	26.420881698442294	24.735670896734227	23.76135201780237	25.078486798580624	0.003608588440488362
176.0	23.346846467538406	25.64448026561128	29.33873858701536	21.668731730202456	0.0012029496324988873
177.0	22.162337740456913	26.895083189971487	26.483644719271442	24.431264511627347	0.02766983867281017
178.0	23.504222099261433	22.54192027329372	26.475328986936752	27.477325763225636	0.0012028772824596435
179.0	26.754955735180907	25.528050423402615	24.34925904541955	23.36412625096228	0.003608545034642032
180.0	25.843644205631122	23.167837307085286	26.385793284580078	24.602725202703514	0.0
181.0	26.565645606548287	23.65556399406893	26.763347919906455	23.01423697756561	0.0012055019107205284
182.0	24.935819402427413	25.392616519422916	24.674275934385133	24.997288143764536	0.0
183.0	23.248050711625833	25.326889936007905	26.557321732004485	24.865327371985682	0.0024102483760951566
184.0	24.132944493986646	23.68585958400617	27.260128702610203	24.91504181629751	0.006025403099467355
185.0	23.824670473987325	26.795826405455553	25.893395021566786	23.484903250680738	0.0012048483095978217
186.0	26.2531328320802	24.69997108155003	24.397532292269133	24.649363794100637	0.0
187.0	24.064938667695905	23.1735999710526	28.31417578308748	24.44607943649061	0.0012061416734009576
188.0	27.064939450957688	28.560573165436388	22.44777343561538	21.926713947990546	0.0
189.0	23.874944214601904	26.612951861724582	26.417552197040056	23.09213938509414	0.0024123415393151365
190.0	28.57642574544051	23.250989095821673	24.487358872913248	23.684020071407893	0.0012062144166747081
191.0	25.12828562114389	25.53155524431619	25.850307281793704	23.48985185274622	0.0
192.0	25.733811472935606	24.129145989543716	25.219449173518793	24.917593364001885	0.0
193.0	25.442843860560032	25.786976103940013	23.596604561865316	25.173575473634642	0.0
194.0	26.801671255373616	25.152151862048978	24.617205235956142	23.428971646621264	0.0
195.0	24.760570524510573	22.846342435477833	27.339041799012087	25.054045240999507	0.0
196.0	26.645790765436278	23.48055276807196	26.645790765436278	23.227865701055485	0.0
197.0	23.720963977799006	25.99910518869636	25.121222747554384	25.158708085950256	0.0
198.0	27.540916134030603	24.100571373232615	24.492785202401706	23.865727290335077	0.0
199.0	25.62356078051145	22.4397042782693	27.045206641619195	24.89152829960005	0.0
200.0	26.893190937412868	25.256688446292415	25.067581491762937	22.782539124531777	0.0
201.0	23.869215755209915	22.3235176452047	29.296737667753707	24.510528931831683	0.0
202.0	24.896341019858877	25.48798525738949	28.586843190029338	21.02883053272229	0.0
203.0	23.832104395071312	26.37285340060153	24.761084699718637	25.033957504608516	0.0
204.0	25.115827774408732	24.244996967859308	25.915100060642814	24.724075197089146	0.0
205.0	28.379099553658065	24.465117407335534	25.015767514069477	22.140015524936928	0.0
206.0	24.532123667325674	22.819508290174294	26.80267323250088	25.845694809999152	0.0
207.0	25.349378881987576	23.439926242236027	26.852435947204967	24.358258928571427	0.0
208.0	27.5145308271954	23.522345317979397	23.14618194173108	25.816941913094126	0.0
209.0	24.75272758164541	22.13497736623017	26.410514690712265	26.701780361412155	0.0
210.0	22.920434545123506	24.79941736966681	27.37512896765188	24.903805304363658	0.0012138131941494203
211.0	24.96843281045117	26.13763294643291	26.454518964596186	22.439415278519743	0.0
212.0	26.49330774649598	23.38402118201472	26.652415769912796	23.469040736512255	0.0012145650642504918
213.0	28.41156243545036	23.405547927728705	24.69593322073851	23.486956416082432	0.0
214.0	27.109393044260482	25.24099534420092	25.31271653112578	22.336895080412823	0.0
215.0	23.155600472439026	25.5202308619577	25.735750727531748	25.588417938071522	0.0
216.0	26.25909001572327	24.442315251572328	26.106770833333332	23.19182389937107	0.0
217.0	27.543206363737582	22.741949451337945	27.159699627627333	22.555144557297144	0.0
218.0	23.64621163902305	24.974103610518302	27.234265603354675	24.14417112833377	0.0012480187702023039
219.0	24.21129307746408	24.794031950165778	26.332512810207977	24.66216216216216	0.0
220.0	26.41018516179554	22.354560840680023	26.512491474473943	24.722762523050495	0.0
221.0	23.299772157376882	23.705815714776676	27.376754960986727	25.61765716685972	0.0
222.0	23.256920248396096	26.161303179521468	26.325872022011083	24.255904550071357	0.0
223.0	30.063735691987514	23.445629552549427	25.244536940686785	21.246097814776274	0.0
224.0	28.55112154407929	24.45357329160146	26.0302556077204	20.96244131455399	0.0026082420448617634
225.0	28.297551047206355	21.029479351322962	26.049504300439892	24.62346530103079	0.0
226.0	25.100433660574133	22.433288104929897	27.417724213158806	25.04589352701732	0.002660494319844627
227.0	25.685330902559016	23.71077360286331	28.019142347752652	22.582072145739218	0.0026810010858054397
228.0	27.40008629523758	25.728116067094547	25.327652230192548	21.542797044388113	0.0013483630872121245
229.0	26.480542605102553	24.46072501393212	25.31160375691509	23.747128624050237	0.0
230.0	24.97841489988625	23.99166746611482	28.517000835994356	22.51291679800458	0.0
231.0	24.160915717413598	25.875114326099606	26.135639256118175	23.824173387655552	0.004157312713062277
232.0	24.144465499944264	25.702262846951285	25.929383569278784	24.222494705161076	0.0013933786645858879
233.0	23.653544641722107	25.00105936692233	23.910617681540177	27.43477830981539	0.0
234.0	26.54143614816086	21.54508155708996	26.218352846992893	25.69227030349816	0.0028591442581235435
235.0	24.283646888567294	22.80607814761216	28.34008683068017	24.570188133140377	0.0
236.0	27.751358695652172	23.75649810964083	24.602729206049148	23.887937145557654	0.001476843100189036
237.0	25.938007358088683	25.720541579159033	24.36361469830347	23.977836364448812	0.0
238.0	25.747046560111187	23.419041000694925	26.46010212405958	24.373810315134303	0.0
239.0	27.250368912936544	24.38514510575504	25.336633054599115	23.026315789473685	0.0015371372356123953
240.0	24.31191202644292	22.400203407068396	28.69946605644546	24.588418510043226	0.0
241.0	29.726332537788387	20.20525059665871	25.27128082736675	24.795544948289578	0.0015910898965791566
242.0	24.889228905677218	24.068407127601926	23.61097829205317	27.431385674667684	0.0
243.0	27.12951879339239	24.35719415848695	25.365892586385762	23.144202378102307	0.003192083632591174
244.0	25.139977603583425	22.6219804831227	27.21804511278195	25.01999680051192	0.0
245.0	27.072567962255672	21.42696665275861	25.678017780916008	25.82084282825689	0.0016047758128189492
246.0	23.15491780887953	26.8956984236659	26.050487683383416	23.895682355020647	0.003213729050503752
247.0	24.513023600244697	23.740300717988344	26.51566373675907	25.095785440613028	0.1352265043948614
248.0	26.824276413330754	22.930767743183136	25.224005672661637	25.00805775800941	0.01289241281505834
249.0	26.326500944904787	21.45176139942821	28.135549417712525	24.071651241297992	0.014536996656490768
250.0	25.36126466880031	24.402741408851387	26.24866647269906	23.987327449649243	0.0
