# Position (bp)	A	C	G	T	N
0.0	23.37874186086569	23.667084469884596	25.120377930258652	27.833771410387538	2.4328603528426025E-5
1.0	22.298909667642697	29.862664096609677	23.88788842437884	23.877693638429296	0.07284417293949419
2.0	24.136095863710434	27.6871596574359	22.544606213514186	25.63153294285998	6.053224794977276E-4
3.0	25.08149918337516	22.528612110337132	24.596362819969723	27.78738093861415	0.006144947703833842
4.0	25.21953139239686	24.04325021043008	23.977353323828325	26.759865073344734	0.0
5.0	27.757710394620076	24.276650588881576	22.941087695363198	25.024068383910947	4.829372241975696E-4
6.0	25.77238978290653	23.71703032096899	24.681378669363664	25.82329592182051	0.005905304940305803
7.0	25.70521309570633	25.43328197337702	23.167790691940095	25.693112834335874	6.014046406787693E-4
8.0	26.92337710272844	24.53341876045976	24.810112356042843	23.733091780768955	0.0
9.0	25.514389973348216	26.234757694602735	22.80543526651664	25.445273222137594	1.4384339481919245E-4
10.0	24.02888019199172	25.47741654252032	23.153684392050163	27.340018873437792	0.0
11.0	27.09924096954644	22.819167364629696	23.603840582544358	26.47761222354473	1.3885973477327791E-4
12.0	28.21876078497253	24.391567772082603	20.47455705147753	26.915068740789977	4.565067736475074E-5
13.0	25.051237068874084	23.60353318009226	25.40149055753062	25.943626361376026	1.1283212700745278E-4
14.0	25.479514291726062	22.80022050844709	24.017037583377522	27.703227616449322	0.0
15.0	25.242067192947008	23.52258279121517	25.024969934610535	26.210291848242797	8.823298448952365E-5
16.0	25.9732859954691	24.878532717367623	22.232612860250118	26.915524981736734	4.3445176423258545E-5
17.0	27.668628849013178	26.274751225216207	19.86850025763119	26.187051988116295	0.00106768002313022
18.0	25.06333128606873	26.359595349705938	20.478737669506195	28.098123689409675	2.1200530946097011E-4
19.0	24.603102146496457	25.11011850482147	22.154276599804547	28.131933470311594	5.692785659240393E-4
20.0	22.494932361686978	25.586736189638565	24.075365414415547	27.842924152950538	4.1881308372073544E-5
21.0	23.353026654928456	24.60386142174177	23.626183361898946	28.416595798577816	3.32762853017192E-4
22.0	22.110395999311788	27.53092054360402	25.93400389230533	24.424576539227495	1.0302555136699453E-4
23.0	24.552683673079287	24.644108524897224	23.48809115662864	27.31476910011737	3.4754527748321614E-4
24.0	26.894726420217218	22.111914197981047	24.685472640401958	26.307785506290955	1.0123510882166787E-4
25.0	24.170816620678657	25.670296559976492	20.744213384366482	29.41441265236976	2.607826086084339E-4
26.0	25.206959476553966	25.86593224620338	20.28050353310923	28.646505059873355	9.968426007463958E-5
27.0	24.85177875436492	24.935209748621382	20.535696177564063	29.677255669072434	5.965037720910201E-5
28.0	27.068632602942603	24.0803107558598	23.368198007037254	25.479984036136454	0.0028745980238910596
29.0	26.16938754707564	24.439651990797135	23.100796053281634	26.28985197072299	3.12438122606187E-4
30.0	23.328207609644735	25.219995130174773	24.961130574903027	26.490356505326567	3.101799508985138E-4
31.0	25.88800596451507	25.402115635415157	22.331370566916426	26.378025454540545	4.8237861279873954E-4
32.0	23.319229113863514	22.438161733059157	25.724661661326575	28.51775620486825	1.9128688250203243E-4
33.0	23.36960859107842	25.115352218102405	25.073651809722076	26.44129282234794	9.455874916173669E-5
34.0	25.62915818628112	27.399860813220606	22.68962042066213	24.2813230732936	3.750654254751563E-5
35.0	25.2622192568783	22.498784248160693	26.286901848703508	25.95176067398573	3.339722717665964E-4
36.0	23.256339899667918	24.941634847138356	27.280578724275124	24.521279691892794	1.668370258074634E-4
37.0	24.728050174418517	25.800079166586364	21.980180185522595	27.491653410463922	3.7063008597135476E-5
38.0	26.090301830547663	25.320658482111842	22.589093415271517	25.99985363770515	9.26343638288747E-5
39.0	22.92477649971594	28.064111419774868	22.024996022071896	26.985912299605502	2.0375883178763734E-4
40.0	25.663462434247364	26.83917081989542	23.07028820681829	24.426967411732043	1.1112730688713336E-4
41.0	24.17362569106432	24.671086441166683	21.845030846381448	29.30562724000398	0.00462978138357498
42.0	23.77876393941908	26.181462053968218	20.988213710107487	29.05152326297951	3.703352571015489E-5
43.0	25.849706226618196	25.393688176968332	23.081011986072472	25.67216838341509	0.0034252269259125267
44.0	28.214863297824287	25.21300244214168	23.13862597319124	23.43323060244925	2.776843935446894E-4
45.0	25.318468773373947	24.565190150239264	22.747489240926072	27.365242494931653	0.0036093405290626873
46.0	24.985364923752318	24.79021823522172	23.258398164762365	26.966018676263598	0.0
47.0	24.62059482677257	24.746881240064475	24.429555166102535	26.201636319557924	0.0013324475024937125
48.0	22.285152369758457	24.19582781630908	23.113917625509757	30.4051021884227	0.0
49.0	22.137211848404085	26.65557980459822	24.552701345202234	26.65302727379167	0.001479728003796982
50.0	26.449334533548345	25.48462503484033	20.790174019463237	27.275736945765978	1.294663821118889E-4
51.0	24.120486018390643	27.702748684612498	21.83406404252439	26.340593083868946	0.002108170603521163
52.0	22.379844660696055	26.577033635925584	22.120047336578956	28.923074366799405	0.0
53.0	21.860014597444767	26.14301329385128	24.671285565140312	27.324377603707212	0.00130893985642589
54.0	23.214449660947768	28.837580504395273	22.531846869551078	25.41608609356743	3.687153845388052E-5
55.0	23.83659914261007	28.491288108774448	22.787455612592225	24.88346120586558	0.0011959301576787917
56.0	25.88283991555864	25.677568309655108	25.398359924389112	23.041231850397143	0.0
57.0	22.013989142447617	27.457499849159785	23.557102955438122	26.966514943482743	0.004893109471735486
58.0	24.856202222993147	25.304178054297893	22.492565926245305	27.346869853032878	1.8394343077307378E-4
59.0	26.97963886210701	23.233220389609865	25.154765762859384	24.629873571941204	0.0025014134825451
60.0	24.333661826926363	23.628912676412263	24.041874301430767	27.99555119523061	0.0
61.0	24.958180767431813	23.976831346326787	23.775213889145476	27.284264821656055	0.005509175439875522
62.0	24.889363793149037	22.683213558545194	25.452405681026907	26.97479661300795	2.203542709064787E-4
63.0	26.078041378368184	24.285397410298945	22.945137691024332	26.689293529933895	0.002129990374646945
64.0	25.32378348543777	21.99883010695903	24.022561699022095	28.65476969793655	5.5010644559722304E-5
65.0	23.340994496613902	27.145619247824726	23.952536847383943	25.556155532310278	0.004693875867152312
66.0	24.331153762166696	23.937855544723806	23.66310966861632	28.067459325784437	4.2169870874021916E-4
67.0	26.234826839699853	24.69875519950249	22.338445077413187	26.727532869069343	4.4001431513238565E-4
68.0	22.969763783165483	23.566901518841924	27.296363106678278	26.166824919472575	1.4667184173814933E-4
69.0	23.10288854398009	25.358863428948357	24.790570569843847	26.745055808126082	0.002621649101617686
70.0	25.68512323192676	23.50779945890945	24.968062915598587	25.838666554870088	3.478386951142577E-4
71.0	23.73588789520877	23.277566863436874	26.88607357347077	26.099650042258943	8.216256246408811E-4
72.0	27.537889990324405	26.009474779560765	21.741552111287586	24.70940358179528	0.0016795370319659711
73.0	25.06654813981909	23.09099521481318	23.96616508757631	27.872896384231428	0.003395173559994633
74.0	24.265852871076902	26.271024811919887	24.117272271166073	25.34513826062691	7.117852102348873E-4
75.0	25.397898363731265	24.47121473700347	22.78954072787132	27.339393452735084	0.0019527186588655253
76.0	26.24148989188853	24.80715105477255	25.426972154311272	23.523364965225966	0.0010219338016831615
77.0	23.81811250916731	25.52542677838546	24.410130602370153	26.245545448424096	7.846616529828366E-4
78.0	27.024343709211912	26.836142573764572	20.288480189157287	25.850595596195614	4.3793167061626295E-4
79.0	26.77813571708137	22.009982765998018	22.781124525471927	28.42833018121704	0.002426810231650897
80.0	23.79051430852673	23.01426564913575	28.876672727916308	24.31617536242514	0.0023719519960705877
81.0	24.653735265708946	25.801023988299775	22.23001896396263	27.314747409286248	4.743727423962611E-4
82.0	22.687871817475934	23.023638688283405	24.076987745713335	30.210279384892026	0.0012223636353021537
83.0	24.80407032397197	23.841949301195253	23.872744179394033	27.480305781464732	9.304139740151797E-4
84.0	23.301077846233888	26.475640193525624	24.591570960065003	25.630470544840815	0.0012404553346693765
85.0	24.844952416808763	27.58613896495341	21.759578474871713	25.80865523035693	6.749130091853836E-4
86.0	25.04460894331112	25.068520759596876	23.56338956835615	26.321693270310227	0.0017874584256321537
87.0	22.515112358987032	22.062904253893105	25.814945756000945	29.606362829752175	6.748013667463358E-4
88.0	23.683081293700713	28.04032780015111	26.34995439925463	21.92583409425759	8.024126359565115E-4
89.0	26.362409111788782	26.129048905347886	23.36098509846371	24.146736285095894	8.205993037306086E-4
90.0	23.4961841498485	26.1710811566312	24.952503592659433	25.380048755502045	1.8234535882740262E-4
91.0	25.73805350138044	25.642839612915978	24.4558385878442	24.16275776762633	5.105302330534047E-4
92.0	25.200293391097517	25.101712377906406	22.682986105856717	27.014989893030396	1.8232108968210314E-5
93.0	26.67395183222096	26.66470864169036	20.951651185689865	25.709414873223352	2.734671754614622E-4
94.0	27.0930941420199	24.347446262532422	23.756401571306377	24.798573369317523	0.004484654823774942
95.0	24.27118238696997	26.70434182467544	23.70054976004737	25.321574445108396	0.0023515831988312813
96.0	25.61105228534311	24.479440561174133	24.430097397608378	25.47826139262922	0.0011483632451578716
97.0	24.559836981385182	25.463329013631665	23.778481324125263	26.19817041496476	1.8226589313021622E-4
98.0	27.93476489840641	22.994509429980194	24.298989112538276	24.771736559075112	0.0
99.0	21.709672740313337	23.39364096628273	26.79955289524745	28.097096953360868	3.644479561029726E-5
100.0	22.690368880276306	25.592487010520042	24.64274033157225	27.0744037776314	0.0
101.0	22.979138346536185	23.12864859389129	28.605340500205244	25.286745021988356	1.275373789283107E-4
102.0	24.821244941255525	24.154124721509422	24.806086016693765	26.218507880818787	3.6439722504225184E-5
103.0	25.11463751629189	26.211055441149277	25.859305480541266	22.8148558344316	1.4572758595878278E-4
104.0	25.574228793880916	27.379156032125486	23.55855366839758	23.4878247102171	2.3679537891996532E-4
105.0	26.714087426637473	24.199651721537528	21.2801419344027	27.80269442207998	0.0034244953423220263
106.0	25.213886317577966	24.018472637669568	25.212884508127953	25.554701892472696	5.464415181893988E-5
107.0	25.383452483948822	24.73475706935021	23.17936341696644	26.701680251354677	7.467783798551978E-4
108.0	23.58786271803146	25.042595580549172	24.626564782068698	26.742867653218433	1.0926613223387323E-4
109.0	25.338946078895503	24.691188530858568	26.01101160519328	23.958052623222333	8.011618303197509E-4
110.0	24.603333403124395	23.801306670720617	23.794279014343882	27.801008086356426	7.28254546811747E-5
111.0	24.377034299116023	24.279977817742093	24.849790939865763	26.49239587683822	8.010664379015118E-4
112.0	25.515114410095897	24.57662957766453	24.444151951127644	25.464013036220805	9.102489112057649E-5
113.0	27.79259802418829	22.850028653420313	22.933622367580785	26.422913561332518	8.373934780883253E-4
114.0	25.6906132163662	23.03862715324247	26.752554544804134	24.518023037462044	1.820481251500759E-4
115.0	26.36947308898221	24.835794309866397	26.0169210418136	22.77710153972305	7.100196147469982E-4
116.0	27.066223957489434	24.540738990315766	25.15985338019671	23.233092644505234	9.102749285161098E-5
117.0	25.28970023301273	27.39080179572181	24.883024843464202	22.435672083968328	8.010438329364829E-4
118.0	26.138322575477186	25.322285101545	25.45119732162607	23.087994742289343	2.002590624052752E-4
119.0	26.283984120262467	22.094743905915866	24.933157781861517	26.68760443243192	5.097595282248389E-4
120.0	24.76904061990417	23.981762469712894	25.089329781321133	26.159794307107298	7.282195450848912E-5
121.0	27.38463510262101	23.533470530320244	24.62705941124724	24.454052117377703	7.828384337988127E-4
122.0	25.743162966250765	25.47836206121243	24.37743113446934	24.4008253704937	2.184675737683071E-4
123.0	24.1611229436673	28.522812114441887	23.702909000411264	23.612373105468585	7.82836010966258E-4
124.0	24.466113696577917	25.301121469363174	23.608494846877313	26.62414254955003	1.2743763156797624E-4
125.0	26.358820912140786	23.806992414240575	24.63354672302038	25.19965686763552	9.830829627353302E-4
126.0	23.465950828938997	24.48905989861393	25.454967489643384	26.589894344754512	1.2743804917834318E-4
127.0	25.518639792343826	23.54249811484808	27.678199196566638	23.259570582236133	0.001092314005322482
128.0	25.618948962835393	24.301019869430498	25.08775027945369	24.983232778552523	0.009048109727901313
129.0	23.94473070354442	27.711165367137536	22.15674562393146	26.184208777642798	0.0031495277437893774
130.0	24.642702981099575	26.094174615349186	23.942555024824138	25.320530967683556	3.6411043542328476E-5
131.0	25.42728939199388	24.828253158712744	24.65238730612656	25.091360125749546	7.100174172734129E-4
132.0	26.11382010803946	25.213879676842883	23.289126435877606	25.377020278152813	0.006153501087239897
133.0	26.28822332875827	26.442752416474097	24.941136760973468	22.32579385040499	0.002093643389175354
134.0	25.984439757539125	23.640008046831834	21.892006783370004	28.483454384749614	9.102750942362291E-5
135.0	26.588443177676467	23.913660085193705	26.060943466231095	23.436370700035354	5.825708633736606E-4
136.0	27.437713142193836	26.304541280495307	25.067124088718128	21.18423131904023	0.006390169552498793
137.0	28.115983084040362	21.74950448778319	24.879419443741	25.25489272231053	2.0026212491586713E-4
138.0	24.76861468086648	24.798851966188128	26.845830622414766	23.585410227666188	0.0012925028644412075
139.0	25.466628874329007	24.155657099707508	25.36643184809082	25.009898643353385	0.001383534519277278
140.0	26.357731101829966	21.849346215924058	25.63728154859061	26.15533165437791	3.0947927744962863E-4
141.0	25.11521735647802	25.700370064531914	25.553421968230666	23.630644722029253	3.458887301441664E-4
142.0	28.047318556281947	23.128281522872378	24.10829869724873	24.715809947339075	2.9127625787196844E-4
143.0	25.730973711670895	25.872788400832757	24.40670850837162	23.989329127317184	2.0025180754563377E-4
144.0	27.62370118196424	26.087247802875492	22.74060959680319	23.54782244594232	6.189724147661331E-4
145.0	27.538899862551087	23.17432345096897	23.32296853239152	25.962861486086712	9.466680017112844E-4
146.0	27.13769096133057	22.072375331930544	25.549248789247724	25.235842272504005	0.004842644987152426
147.0	26.318646709072308	25.213436058387252	26.186168527830066	22.27807128371121	0.0036774209991662084
148.0	24.27220416969405	25.320662722074466	24.131131687493777	26.27543705798791	5.643627498010621E-4
149.0	27.694757623467623	24.983960751357785	24.325641533534228	22.993382581048273	0.0022575105920940525
150.0	25.20611676827842	24.00066707460658	25.556203493439128	25.236994457491196	1.8206184677347265E-5
151.0	25.958266499407372	24.994437839442	25.383115428941807	23.663542996138347	6.372360704746681E-4
152.0	26.967761363923948	25.3420196863074	22.89212804420325	24.79798166463873	1.0924092667621554E-4
153.0	25.03728314011888	23.630437462186585	25.34871183587444	25.98274825218496	8.193096351359299E-4
154.0	22.701505458961517	25.414827364267907	25.246702455872672	26.63472524031174	0.0022394805861612847
155.0	26.919989037972865	23.580212630549642	24.879923010879175	24.61969322712428	1.820934740430305E-4
156.0	25.118280689882983	23.6464322406702	26.64921940753857	24.58594019445706	1.2746745118633957E-4
157.0	24.294521315000942	23.539416431229405	26.800551027896468	25.365110610746868	4.0061512631668075E-4
158.0	25.56151181623137	21.696111491293657	25.867019550528326	26.875193252716826	1.6388922981895338E-4
159.0	25.985992566518007	22.399146296825748	24.514137637784376	27.100104345545827	6.191533260370363E-4
160.0	26.363160237204998	22.190984840703923	26.354473744209916	25.091308335172613	7.284270855413779E-5
161.0	24.58914800396488	21.054445003114978	28.716853167725663	25.63552921204448	0.0040246131499955115
162.0	25.873966683275494	23.686828180226172	24.6415807815473	25.797606143517747	1.8211433283506854E-5
163.0	24.862282533156364	24.24326419171029	27.535899057212664	23.35846315902962	9.10588910629705E-5
164.0	25.526397313890755	24.169665185210008	25.290346503503063	25.011678696255004	0.001912301141170259
165.0	26.081324718056837	22.104059752043373	27.376457434100036	24.437447785352195	7.103104475556851E-4
166.0	24.29889741131352	24.282140744345718	25.628156446071216	25.790714329427328	9.106884221630962E-5
167.0	26.51088492867239	24.161791277485538	26.047455811852476	23.279412621854373	4.5536013522374575E-4
168.0	25.58265259823232	24.600033406065293	24.48979703356326	25.327389458073114	1.2750406601359082E-4
169.0	26.250516411126647	22.967398519293557	26.158236384051037	24.623520805448347	3.2788008041076817E-4
170.0	30.480955630354845	22.753291919672897	23.710000666708687	23.055678918926404	7.286433716951925E-5
171.0	24.99936698519	24.170163124728692	27.276489757091728	23.553233266595054	7.468663945279832E-4
172.0	26.85206142306739	24.750369322480573	24.125457294339775	24.271893453036363	2.1850707589642985E-4
173.0	27.277633735500505	21.686017536234285	23.51287703968933	27.52216064994012	0.0013110386357623298
174.0	24.44927916511965	25.62108993533399	24.362385298548354	25.566735745955256	5.098550427486139E-4
175.0	25.724702273373307	24.402448060477123	23.61780348686004	26.253425501922873	0.001620677366657859
176.0	24.003373305903523	24.737673748290266	28.882775434597217	22.37475709520557	0.0014204160034264805
177.0	22.381224175209365	26.941558025281342	24.73672554767497	25.916689006871067	0.02380324496325522
178.0	24.57597178936281	23.52453771100341	24.466707288779883	27.432418995851954	3.6421500194308706E-4
179.0	27.65804886853039	24.5723170362346	23.61806555859727	24.15042114007144	0.001147396566297393
180.0	26.632096215388312	22.454189191508664	26.009148832128865	24.904237086660093	3.286743140658364E-4
181.0	27.96056216269982	22.947803357149283	25.698955087102892	23.39183831386296	8.410791850454658E-4
182.0	25.63141629915926	23.577323156823756	25.564842711215768	25.226344715186784	7.311761443546438E-5
183.0	24.432860371172136	23.97107970866925	26.275047318761924	25.320537311533858	4.7528986283500163E-4
184.0	25.171329699823165	22.72157139046755	27.313282299901154	24.789776397077226	0.004040212730911412
185.0	24.31636139031484	25.13171731817453	25.0365543776872	25.514836809083874	5.301047395567996E-4
186.0	26.578971085063728	24.2538828401508	25.071042890437013	24.096103184348465	0.0
187.0	24.28971003331202	22.897001478967955	28.203107937933503	24.609411684158054	7.68865628466188E-4
188.0	26.966958312039612	27.73153635398667	23.285902126466656	22.015200373976	4.0283353105745816E-4
189.0	25.170129067724574	24.066638661278986	25.31463027577738	25.447704699667856	8.97295551208657E-4
190.0	28.026046259490116	22.52666298554013	25.246502700866348	24.200513343167984	2.7471093541820617E-4
191.0	26.395926610014364	24.477115611421194	24.92809021326236	24.198464041438232	4.0352386385104834E-4
192.0	26.107299398348218	23.757889364899476	25.00648466079629	25.12823485515267	9.172080334215932E-5
193.0	27.422836870246247	24.26384210218284	22.637257839236057	25.675787987406075	2.752009287847879E-4
194.0	27.234610861919435	23.28940722225922	24.856975474144583	24.619006441676763	0.0
195.0	25.904105059215453	21.66903205514273	25.353129194252162	27.073128122578872	6.055688107839694E-4
196.0	27.79779238099126	23.41388636522854	25.86098189418499	22.927265810295395	7.354929981985938E-5
197.0	24.384354042998943	25.364543544954028	24.40035368401849	25.85016023548529	5.884925432477653E-4
198.0	27.13070593751577	23.52077767714185	24.452983969911863	24.895440332940815	9.208248970425683E-5
199.0	25.423747260211048	23.504446934332503	26.550874574205164	24.5205069582615	4.2427298978535107E-4
200.0	27.825879534048916	24.022035325073805	24.07326610914832	24.078782135233403	3.6896495552404186E-5
201.0	25.48368480499291	21.20670931975834	29.130014933132998	24.179351096886034	2.3984522971822614E-4
202.0	25.086033724888036	25.390996548318284	28.726914906552548	20.796017917672955	3.690256817887856E-5
203.0	26.24325141920686	24.596847798381354	23.218661677363436	25.94051928103978	7.198240085670132E-4
204.0	25.533691293403947	24.036948597140604	24.815371461101744	25.613914811705474	7.38366482296556E-5
205.0	27.251019653928697	25.011159243231628	25.239568368963532	22.497385100407342	8.676334687949162E-4
206.0	24.898867683611627	22.370425921628293	26.132339466352217	26.59827461649477	9.231191309239555E-5
207.0	25.92802554321904	24.128008591716032	26.60647344292228	23.337233902488972	2.5851965367968565E-4
208.0	28.040404204575697	23.135047420880703	22.50814358116625	26.316349385442894	5.5407934453152315E-5
209.0	26.639144772025354	21.561676636087537	25.250476272987687	26.54792646452212	7.758543773057423E-4
210.0	24.190994252723847	24.486348856540175	25.120217600924676	26.202162152374964	2.7713743633460246E-4
211.0	24.64126292305435	25.37827112069969	26.54532397128403	23.434495162321063	6.468226408622626E-4
212.0	27.386950607585074	22.622802481185783	26.021425733325966	23.968543838886	2.7733901718078233E-4
213.0	29.40010048704398	23.29085079523878	22.98446890599356	24.324394820847438	1.8499087624998336E-4
214.0	27.19553365935729	25.635120985299302	24.744818618317964	22.42452673702544	0.0
215.0	26.048012469325364	25.48500016236101	23.380337618117633	25.08629719486568	3.525553303118723E-4
216.0	25.753433855575597	24.681915993224663	26.090006375090518	23.474625020326577	1.8755782642235883E-5
217.0	28.51853105406792	22.77136962593381	25.95722208051449	22.752215446512665	6.617929711157622E-4
218.0	24.287757128735805	24.55924883662793	25.635449229426072	25.51733456875917	2.1023645102522762E-4
219.0	25.640791390159833	23.596785052161664	25.444082932100887	25.3177816852206	5.589403570164072E-4
220.0	26.916058447145634	22.367753993149485	25.487535411587416	25.228303718422353	3.484296951143382E-4
221.0	25.526069847180153	23.003053041698372	24.928745779415152	26.541936261634223	1.9507007209594793E-4
222.0	24.9916500750018	24.930279601516794	24.763379451670556	25.31461219171664	7.868009421154481E-5
223.0	30.960352646846996	22.92714833856337	23.950366691799182	22.161357894492287	7.744282981660147E-4
224.0	29.119013360576307	22.997048235510515	25.88491223935171	21.998926631094733	9.953346673472102E-5
225.0	29.892584892584896	20.29608755042281	24.44722178826225	25.363104322641895	0.0010014460881512905
226.0	25.283866586093236	22.065272169006754	26.78328909145091	25.867491229344374	8.09241047214562E-5
227.0	26.862789443823704	23.566584107795205	26.863953971335054	22.70542622830582	0.0012462487402161812
228.0	26.885306201551185	28.073090556277187	23.558612059575193	21.482908801977793	8.238061864137472E-5
229.0	27.292583128275698	26.546859856843056	22.117677200109956	24.042879814771293	0.0
230.0	25.42281009018429	23.031028623709318	27.876533786433143	23.669627499673247	0.0
231.0	24.57233469947609	25.141532643788743	25.30016851491524	24.984483342916217	0.0014807989037011087
232.0	25.376001893177218	25.079703484522913	24.54535336293267	24.998707165960944	2.3409340624846374E-4
233.0	22.96922021739561	25.328498686349484	22.637666529837038	29.064119742278375	4.948241395008214E-4
234.0	26.998434352293614	21.88673078159269	26.296780126188807	24.81692163372124	0.0011331062036475125
235.0	25.331692586021866	22.17607528570361	27.866166683969013	24.625933197074605	1.322472309082938E-4
236.0	28.093856482273445	23.89216004616493	24.093684971698522	23.920164507226445	1.339926366579735E-4
237.0	27.86373475258089	24.142918420900862	22.559737081146547	25.43349710190899	1.126434627141127E-4
238.0	26.662367319610997	23.406045204259275	24.51898014258082	25.412561725199662	4.5608349246846525E-5
239.0	27.60029852478003	22.81186028134273	24.78264155600841	24.80409022400684	0.0011094138619875287
240.0	25.759003431392113	22.192640202800796	26.566034164802886	25.482107126632688	2.15074371522815E-4
241.0	28.850246008347053	21.990107018417124	23.911221618103152	25.24629551633036	0.00212983880231267
242.0	26.910708107629887	23.49665499757963	21.800645384189167	27.791176328848156	8.151817531634446E-4
243.0	27.740524094932507	22.628032707644437	25.792393521895267	23.836863464131238	0.00218621139655184
244.0	26.08191092924837	22.964461100841948	26.509853782581054	24.442979828336615	7.943589920113963E-4
245.0	29.18757885037064	20.999683995455324	23.91351124469607	25.897489090606463	0.001736818871501938
246.0	24.678033337368866	26.62463429492593	23.854663783314596	24.84025209757097	0.0024164868196351152
247.0	25.48959482325563	23.741285824941905	24.94444872351959	25.688862471655167	0.13580815662771417
248.0	26.805151673285053	22.437451865531937	24.28981654099165	26.457152806203116	0.010427113988240155
249.0	25.676801768384962	21.267611731700896	28.39736221098712	24.641392719908584	0.016831569018432514
250.0	26.46764547061931	22.757265002251582	25.846584518093547	24.92772524089962	7.797681359447768E-4
