# Position (bp)	A	C	G	T	N
0.0	24.831574315611782	23.36926054668273	24.51447421582063	27.28464593038375	4.499150110544118E-5
1.0	23.004327170339362	29.35093342476549	23.632287458386553	23.93703388225537	0.07541806425322876
2.0	24.39775085095313	26.256840534831095	22.69665054460105	26.647929727972603	8.283416421223814E-4
3.0	26.109294784770178	21.683298390981875	24.337791372019964	27.862950536033715	0.006664916194270229
4.0	26.338878874843402	23.68375887688147	23.489270867738767	26.487867908160005	2.2347237635608622E-4
5.0	28.206748648267943	23.85888276759004	22.424922811584814	25.508597486886732	8.482856704682514E-4
6.0	25.54176706406615	24.49700262082624	23.754951520620814	26.1993249907004	0.006953803786390737
7.0	25.32507300688751	25.195048251704087	23.29377811421186	26.185366777885605	7.338493109377348E-4
8.0	27.444340677584027	24.700512924156296	23.70524683989193	24.149766302470898	1.3325589685105212E-4
9.0	26.405319409317123	25.781629663262517	21.51736274923646	26.29553298736126	1.5519082263551262E-4
10.0	24.5925612539746	25.259640655162524	22.936070819041753	27.211727271821122	0.0
11.0	27.640464041196843	22.67855675045499	22.446123013005703	27.23474860705444	1.0758828802503622E-4
12.0	28.53198311060929	23.299027864267458	20.501284623856062	27.66770440126719	0.0
13.0	24.992874570582526	22.85015915560929	24.996468813740012	27.16037134627317	1.2611379499950394E-4
14.0	26.76139721493602	21.57678056984723	23.548276147457088	28.11342130008746	1.2476767219706306E-4
15.0	25.57108823310633	23.617562702066706	24.41711705084427	26.3941909174111	4.109657160070735E-5
16.0	26.713199406157717	24.62599822752957	21.098139229492872	27.56248119984604	1.8193697379784133E-4
17.0	28.47412845840831	26.278302961196605	19.461922842012886	25.78429773052966	0.001348007852542214
18.0	25.265734234143107	25.943266426006396	20.215561104486483	28.57526146221641	1.767731476089173E-4
19.0	24.888556703025774	24.445969424263218	22.284828485702207	28.380078568819258	5.668181895475208E-4
20.0	23.445370392998637	25.017834304473762	23.719392202248578	27.817383704624348	1.939565467510921E-5
21.0	24.18480081766388	24.36455054288846	23.457136959470336	27.99318433714617	3.273428311534868E-4
22.0	23.51483418994132	26.82943172927904	24.93622690050709	24.719411725850318	9.545442223156403E-5
23.0	25.485417135887577	23.256096804313866	23.435518658373844	27.822549964793016	4.174366316962291E-4
24.0	28.747123448243535	21.352481539517886	23.985796051986256	25.914561305970974	3.765428135768536E-5
25.0	24.746425824050785	24.740997687725848	19.652129209790196	30.860186130981116	2.611474520589238E-4
26.0	26.15724219205561	25.23883620584895	20.04760304794572	28.556262895429697	5.565872002383677E-5
27.0	24.92862929545907	24.872466008990198	19.791179234583105	30.4076328739474	9.258702022563456E-5
28.0	27.378349284924465	23.504108114441376	22.744052021470573	26.37034175704274	0.003148822120841541
29.0	28.13136176240758	23.758842724983857	21.715493183693127	26.393830499148713	4.7182976672373387E-4
30.0	24.051334023638287	23.963167789358785	24.360114172568906	27.62504144624357	3.4256819045204754E-4
31.0	26.433211610755592	24.280031279593654	22.397785318678796	26.88829024019284	6.815507791201538E-4
32.0	24.29933588902929	22.814833709003562	24.356291195655885	28.529307969900845	2.3123641041403414E-4
33.0	23.796396636296222	25.064530948138053	24.859400391673802	26.279530943729295	1.4108016263015747E-4
34.0	26.519575461927342	26.519016095591514	22.28884314126849	24.6724079794307	1.5732178195235983E-4
35.0	25.659366258377286	22.03936815245866	25.883626185900106	26.417414329608597	2.250736553537145E-4
36.0	24.33893581021178	24.036862555285097	25.873503234979328	25.750490812817855	2.0758670593976492E-4
37.0	25.619456546344395	24.935025003419735	21.01200340538328	28.433480458388242	3.45864643450733E-5
38.0	27.214201455961128	24.469323832317066	21.070444528544975	27.245874583749924	1.5559942691002187E-4
39.0	23.232764096877656	27.24490880664312	21.882862148210055	27.639222952913755	2.4199535541771425E-4
40.0	26.394692865894243	26.749202345030433	22.152988330672034	24.702874496005286	2.419623980063681E-4
41.0	24.152013768030663	24.948420863633213	21.30353554912361	29.59079370954868	0.005236109663836575
42.0	25.001347758263314	25.7642307721549	20.139655402402603	29.094679672418717	8.63947604687987E-5
43.0	25.547325958888333	25.862986112922755	22.184390379923798	26.40122027847407	0.00407726979104165
44.0	29.35347773122976	24.625220504252546	21.96369185441917	24.05719533101031	4.145790882162113E-4
45.0	25.92791785469962	24.699220194427216	21.019897468632735	28.348853970262343	0.004110511978083717
46.0	25.594590193292	24.202713019860052	22.156852688350863	28.045792291011622	5.180748545634365E-5
47.0	25.25526885660377	24.38694118900472	22.857978601154468	27.497963737343618	0.0018476158934336595
48.0	22.779910383382223	23.77467624538202	22.849389327550846	30.596024043684906	0.0
49.0	22.449558695218787	25.417550182399072	24.676993552384825	27.454050709272188	0.0018468607251258496
50.0	27.105746767771045	24.422157958103906	20.503494562786152	27.968445382096128	1.5532924276648975E-4
51.0	24.903524839883932	26.777704630617865	21.244517917555005	27.071750461387932	0.0025021505552617206
52.0	23.136283308977326	26.27118206249856	21.553791529344828	29.038708657501278	3.444167801232943E-5
53.0	23.286406202323292	24.795128219453602	22.657389540455632	29.25928822839265	0.001787809374825409
54.0	23.127754667033383	28.003197304637812	22.57532574689724	26.293687901811808	3.4379619761405435E-5
55.0	24.089406941388877	27.84611096101312	22.677490876186308	25.38546451040179	0.001526711009902179
56.0	26.485593192721385	24.596113703919055	24.66734588515376	24.250947218205802	0.0
57.0	23.14228770772518	27.407967392696868	22.63589420462674	26.80841408640709	0.005436608544119107
58.0	25.712149031401864	25.494948185440062	21.472394005695648	27.32032014574715	1.8863171526762812E-4
59.0	28.181161301473566	22.12173785411252	23.908765711232594	25.785300140226962	0.003034992954358164
60.0	24.172361789516337	22.732960470349038	23.237111308828514	29.85751507119624	5.136010986954703E-5
61.0	25.537915387219996	23.647084641881037	23.50152814634325	27.306949770598305	0.006522053957414582
62.0	25.181900204328016	21.71094287185876	25.25831138480373	27.848605898210515	2.3964079898296443E-4
63.0	26.638070162136053	23.34624289616032	22.579217343989384	27.433850828395467	0.0026187693187725196
64.0	25.83493392980359	21.8734726141261	23.47258850061339	28.818987871798075	1.7083658848216305E-5
65.0	24.28571282153599	25.692200048923077	23.564831960161854	26.451874314154484	0.005380855224588356
66.0	23.99897308674206	23.82337980178456	23.540568710438134	28.636617212446353	4.6118858889615023E-4
67.0	26.849223396885392	24.680104694872245	21.098452396080567	27.37148506301232	7.344491494737245E-4
68.0	24.081512538446088	21.81770234837109	26.797777334468325	27.302819903561975	1.8787515252046474E-4
69.0	22.98636696208559	24.429258291962615	24.837135887011655	27.744232977660154	0.0030058812799862275
70.0	26.332130340759957	22.852651433612582	24.359917319988632	26.4548062447357	4.946609031279968E-4
71.0	24.943781549804452	22.99826519122606	25.90739036020453	26.14955952931429	0.0010033694506654295
72.0	27.823746031918773	25.38130053251229	21.657676401817312	25.13545761250102	0.001819421250602152
73.0	25.699919375762338	22.464952599681105	22.640975951126276	29.190173568239697	0.003978505190589101
74.0	25.056543124077308	25.19246082612122	23.613979445911383	26.135962582936152	0.0010540209539365644
75.0	26.06023104063483	24.021324212517943	22.244108174819786	27.6721096333796	0.002226938647840252
76.0	26.674189234511857	23.82664005549792	25.206778538515113	24.291202250378777	0.0011899210963321023
77.0	24.343272416736088	24.76218627992081	23.632742151165605	27.261000249699517	7.989024779745136E-4
78.0	27.414668256929826	26.16824256714298	19.948981040072216	26.46751323193791	5.949039170683542E-4
79.0	26.923467192929113	21.020793224716634	22.21190335077589	29.841082769907658	0.00275346167070876
80.0	23.715646515409727	23.209079155547705	28.26261757232118	24.809954384293338	0.0027023724280510336
81.0	25.016778931270878	25.344743516466295	21.117506564985238	28.520461118512706	5.098687648786078E-4
82.0	22.746369662624414	22.26626184655414	23.809098935350296	31.17687596818202	0.0013935872891243258
83.0	25.205911713133112	22.4623992109196	23.90020389788587	28.430431530043077	0.0010536480183429924
84.0	24.138030650027112	25.786765766710346	23.819526354221026	26.254283783368138	0.0013934456733766742
85.0	25.462378374134847	26.87380850790142	21.196549912972966	26.46654952044647	7.136845442945763E-4
86.0	25.714983829031212	24.488338449524047	22.946174819098225	26.848497885726967	0.002005016619548776
87.0	22.525176786740115	21.61573540038614	25.912240647790725	29.946099562635574	7.476024474465214E-4
88.0	24.567868176857008	27.049219600577945	25.812681031869765	22.569432645610448	7.985450848360706E-4
89.0	26.59813354359808	25.465581975132828	23.024006640940836	24.911326416139687	9.514241885668375E-4
90.0	23.80287540614581	25.208910785958505	25.114383401643696	25.87366051519463	1.6989105735946825E-4
91.0	26.84638690227228	24.912568671774316	23.683008813295338	24.557356072557216	6.795401008505464E-4
92.0	26.162120473413392	23.901175719132066	22.83691292611537	27.099773893633177	1.6987705997169846E-5
93.0	26.476084541777162	26.434755074920485	20.753066033208643	26.335805570423933	2.8877966977535147E-4
94.0	27.61688466111772	23.886903346356377	23.17254968574826	25.318549346016646	0.0051129607609988114
95.0	23.912762840704332	26.356498555514186	23.499596413652903	26.228713198224764	0.0024289919038132796
96.0	26.22168496005835	24.538684998954558	24.042834749025175	25.195691251053297	0.0011040409086222707
97.0	25.73661417175724	24.645964235160797	23.06768606049036	26.54961664030089	1.1889229071814681E-4
98.0	28.38495601899698	22.371164644406146	24.184380022497052	25.059465346033537	3.396806628120837E-5
99.0	22.1105669297757	21.853152553425627	26.8501637072561	29.18604888122054	6.79283220345891E-5
100.0	22.448543626011908	24.804122079746342	24.41078698942684	28.336547304814914	0.0
101.0	24.175435867724698	21.63137704247728	27.991676928437474	26.20132337788742	1.867834731266127E-4
102.0	24.976328298313703	24.19202063275783	24.33568103180091	26.49593607485827	3.396226927732366E-5
103.0	25.933126130452234	25.906229602617387	24.502125572824728	23.658348892793565	1.6980131208869877E-4
104.0	26.411121072578347	26.954287053262156	22.096458698398468	24.53772566119239	4.075145686458291E-4
105.0	27.4450250667527	23.22255286092091	20.545873643190376	28.78303356525209	0.0035148638839245915
106.0	25.926631525541836	23.51938976424747	24.691683153926142	25.862261596944748	3.3959339803266753E-5
107.0	27.138879875739086	23.612935672598027	22.738759187257823	26.50854234360798	8.829207970805205E-4
108.0	24.054402651813486	24.029869574008995	24.655794127239577	27.259848757395368	8.488954257609541E-5
109.0	26.6887890780978	24.41355689803635	24.55650484461117	24.34030031971446	8.488595402305095E-4
110.0	24.55905271199389	23.936168406756643	22.909837874543758	28.594907053730584	3.395297512944571E-5
111.0	24.250283381991114	24.411612066224382	24.580614176246705	26.756573638828485	9.167367093124662E-4
112.0	25.995562132437634	23.285852009628112	23.871456322348557	26.84699372753544	1.3580805025984323E-4
113.0	27.99914918957421	21.26280841453548	22.888650779666243	27.848407039115212	9.845771088538265E-4
114.0	25.917238656138654	22.34866264552395	26.91189175067059	24.821867429270256	3.3951839654967826E-4
115.0	27.38883909980353	23.400792781071175	25.75679456906429	23.45282657230753	7.469777534745925E-4
116.0	27.074241590325173	24.146537648092206	24.3502074046358	24.42892847332736	8.488361946469674E-5
117.0	25.94606239820235	26.67313146458571	24.167479010627872	23.21247828231949	8.488442645800038E-4
118.0	26.938776480302916	24.554717357823286	24.365019380634575	24.14113026991642	3.5651132279961213E-4
119.0	27.333676041221377	21.296488387261725	24.433980234084878	26.93524416748637	6.11169945650015E-4
120.0	25.24999435525368	23.716354977639163	24.752798308715164	26.280818405030665	3.395336132335263E-5
121.0	27.93125307278807	23.274281476893993	23.873916545113282	24.91976797564043	7.809295642277218E-4
122.0	26.42642703819673	23.799107436916557	24.56198607509237	25.212055034146786	4.244156475598137E-4
123.0	24.848128032855684	27.84550278347057	23.190812034588646	24.114725299499803	8.318495852975169E-4
124.0	25.675548352256705	24.215420359965375	22.704329047174348	27.4046003818684	1.0185873517594654E-4
125.0	26.865514296321912	23.726806641246682	23.605919966944175	25.800655650208526	0.001103445278705662
126.0	24.143365140306557	23.83180291027948	24.608340320410168	27.416372796354622	1.188326491685025E-4
127.0	25.562436966844114	22.876174150349982	27.729207270586475	23.8312139933309	9.676188885318319E-4
128.0	25.980450657849502	24.013650145918103	24.338419996628545	25.65717470431446	0.010304495289385708
129.0	24.56190593728711	26.257599495610613	21.96832050319428	27.20850725900052	0.0036668049074751385
130.0	25.99621398537032	24.220392837638506	24.062362122062726	25.720946174320662	8.488060778589444E-5
131.0	26.772202128986972	24.301195380093183	23.719709129553127	25.20612943174671	7.639296200129188E-4
132.0	27.32796288616181	24.81261351708721	21.889956478361494	25.96277853330873	0.006688585080754478
133.0	26.48726013172331	25.390052525336205	24.574764785259973	23.545851489836235	0.0020710678442781064
134.0	27.311594129090743	22.92564261875418	20.848008908897693	28.914686440073744	6.7903183640765E-5
135.0	26.57051296197524	23.74995034669044	25.790574053370264	23.888453373250634	5.092647134214678E-4
136.0	26.990835041786294	26.930130286054187	24.38637015268027	21.68568754671474	0.00697697276451257
137.0	29.250410642272357	21.630102132623705	22.998309898940242	26.12087176349721	3.0556266648921397E-4
138.0	24.5993036563727	24.407080087665083	26.503104621123168	24.489068769831967	0.0014428650070776772
139.0	26.429855458704303	23.724734979333057	24.415087293436656	25.429117050440926	0.001205218085061237
140.0	27.36436531064088	21.69588069249981	25.29674186135847	25.64268961306304	3.225224378011235E-4
141.0	25.66989270784778	25.658061136462322	24.602555958919154	24.06906582190039	4.2437487035347705E-4
142.0	29.060858881250667	22.554464114599433	23.275175017301848	25.109315260985888	1.8672586215998706E-4
143.0	26.443946848313587	25.806278029037227	23.58987599535494	24.159763326667218	1.3580062702544512E-4
144.0	28.016272265937648	25.366860153742866	22.52785390608224	24.088453498172214	5.601760650347437E-4
145.0	28.452579034941767	21.87894351419334	22.234672471677992	27.432786476731803	0.001018502455100168
146.0	27.582463023280923	21.808608515628237	24.485079283599195	26.11850204141773	0.005347136073918809
147.0	26.591367021267565	24.831280246743834	25.28969824125423	23.28386913885791	0.0037853518764651263
148.0	24.46142352817559	24.414708508974392	23.29308972491949	27.830167140295625	6.110976348993785E-4
149.0	28.293315973474726	24.3755161488274	23.74748874763728	23.581387492923508	0.0022916371370831873
150.0	26.25174506560632	23.52260165516417	24.73374169226549	25.491911586964022	0.0
151.0	26.240725286500115	24.15082091442377	25.415855507653696	24.1921399455553	4.5834586711229205E-4
152.0	27.61019633087453	24.07905181551566	22.916857646704926	25.393792350884485	1.01856020403798E-4
153.0	25.362670173262075	23.09769406041543	24.0082103495493	27.53055963266308	8.657841101114416E-4
154.0	23.068666012395838	24.944542313446657	24.35885617704494	27.625015554635436	0.0029199424771332006
155.0	27.702704538123292	23.634895842175855	23.649123104870885	25.013021850223254	2.5466460671295905E-4
156.0	26.065355704299183	23.27776810991371	25.64152408925183	25.01516534169769	1.8675483758695774E-4
157.0	25.257824724009044	22.676402637126216	25.820264962187068	26.2451171875	3.9048917767732966E-4
158.0	25.378622793174493	21.08555823336811	25.75329394996405	27.78237222122712	1.5280226622738845E-4
159.0	26.8574776708781	21.51531399314277	24.014956598156623	27.61167447276175	5.772650607605434E-4
160.0	26.857011589020267	21.19230214817178	25.856043644273768	26.09460866151799	3.395701619019597E-5
161.0	25.35475463833508	20.443191802742888	27.978556056895215	26.21930379343863	0.004193708588188853
162.0	25.626551011731657	23.89442661295033	24.18447514510067	26.29449629387147	5.093634586729656E-5
163.0	25.764480638092458	23.663540566908804	26.693770020616164	23.87812387831065	8.489607192666881E-5
164.0	25.69804988349492	23.453610129175203	24.535749815390012	26.310518668743377	0.0020715031964822477
165.0	26.144656278372636	22.405305117436715	25.710255130655703	25.739240111273798	5.433622611477135E-4
166.0	24.89607877364802	23.176301341670577	25.243314910522464	26.68422007119623	8.490296270586421E-5
167.0	26.58782483242686	23.346959485447332	26.165540342619643	23.899420623913954	2.5471559221120475E-4
168.0	26.318214260666494	24.32391768497963	23.17229670236925	26.18545248111524	1.1887086938587744E-4
169.0	26.691856688587645	22.366429908764005	25.205809554943258	25.73571704529534	1.8680240975108578E-4
170.0	31.4121001737786	22.587771101329757	22.691430301669673	23.30851161928951	1.8680393246052875E-4
171.0	26.424020054864904	23.440566812812317	26.1025369838839	24.03219687513904	6.792732998383669E-4
172.0	26.8075611270108	23.824864543277556	24.629981404838002	24.737457094617998	1.3583025564612415E-4
173.0	29.05704993558648	19.926476230834687	23.111532837991007	27.90349788830961	0.0014431072782181802
174.0	24.47558822995122	25.684449568611846	23.60916177136453	26.230257152126825	5.432779455808669E-4
175.0	25.116805928308324	24.671517281844555	22.17173459519955	28.038380254908567	0.0015619397390066608
176.0	24.344365931629845	24.606135680534283	27.388776295185547	23.65912614269592	0.0015959499544050681
177.0	23.108267371930282	25.877041730191504	24.012039197687926	26.976825766980127	0.025825933210163497
178.0	24.575534956259368	23.243019045133828	23.707071964110387	28.4740684349449	3.055995515156804E-4
179.0	28.444915780873387	23.980633098548026	22.56602954749665	25.00702929688694	0.0013922761949974498
180.0	26.96611286131742	21.81216253470968	25.198526523245672	26.023010771474027	1.873092531963047E-4
181.0	27.643057759119515	22.51123434020436	25.491509842813002	24.35344790842994	7.50149433176859E-4
182.0	26.324876552965655	23.326055145443565	24.744679498031786	25.604371754629764	1.7048929233475028E-5
183.0	24.53927199749989	24.49843887913005	25.319687513266505	25.64217537713519	4.262329683699334E-4
184.0	26.13621309303358	21.900936707337053	26.165658360896003	25.79291230067114	0.004279538062228576
185.0	24.929901507526722	24.21161357455943	24.32598390189484	26.532211211940197	2.898040788048889E-4
186.0	27.768939082675292	22.829599316150954	24.6380690743454	24.76339252682836	0.0
187.0	24.774937265278542	22.649471921557858	27.171717896321862	25.403343437842242	5.294789994964825E-4
188.0	28.126257529806658	27.483546642271584	21.85529585299549	22.534507130300753	3.928446255097586E-4
189.0	25.480192425418412	23.55344444505176	24.291966833193044	26.67352517572723	8.711206095521278E-4
190.0	29.466706000499133	21.50898429032468	25.04293098774325	23.981088329791977	2.9039164095704203E-4
191.0	26.82563560115806	23.604787647086297	24.471057310557402	25.09809174664127	4.2769455697088234E-4
192.0	27.40536917160942	23.100933391092855	23.905580294970473	25.587997380291	1.1976203625573233E-4
193.0	27.652771411250725	24.466302521281598	21.944456279197976	25.936332904373423	1.36883896276912E-4
194.0	28.226062281648232	23.3899589244594	23.597407001697707	24.786571792194657	0.0
195.0	26.767814361010334	21.360958997878022	24.238705592443015	27.63183653911972	6.845095489082072E-4
196.0	28.782894539408282	22.51993989094559	25.45294003962341	23.24417408440956	5.144561315539782E-5
197.0	24.9872224966384	23.594543234269093	23.887705469114458	27.529774155484205	7.546444938393567E-4
198.0	27.716239587617952	23.08176956459139	23.714630717596577	25.487342948754293	1.7181439784036174E-5
199.0	25.90058973359123	22.90387196127092	25.298804952350455	25.896234089201187	4.992635862103397E-4
200.0	27.82009737170098	23.809028602183897	23.434720723106352	24.936136085535033	1.7217473738617743E-5
201.0	26.00875488508503	20.75861322041714	28.157339986077172	25.07501641347246	2.754949481974796E-4
202.0	25.67609383580267	24.740890463078063	27.89404633105304	21.688969370066225	0.0
203.0	26.344881353199494	24.010409650906695	22.550540171172198	27.09332478035037	8.440443712403422E-4
204.0	26.255524988703243	23.633230159439755	23.622738775036982	26.48845439512345	5.168169656538949E-5
205.0	27.91364110363443	24.542691987188707	24.917345255899363	22.62533966788565	9.819853918474884E-4
206.0	26.171472934784145	21.21811131529916	25.2824508814411	27.327964868475597	0.0
207.0	26.418267333574352	23.253494424188993	26.163265784402896	24.16471397538765	2.5848244611244124E-4
208.0	27.867638961011654	22.290860689380843	21.568930242402004	28.27248393330761	8.6173897891859E-5
209.0	27.57222025907763	20.576762305325484	24.67213665784688	27.17805338412611	8.273936238978858E-4
210.0	25.295266631267545	23.690703592091744	24.29180487266659	26.721983546302745	2.4135767138118653E-4
211.0	25.410367366153064	25.02499027892376	25.216014815696152	24.34745497482004	0.001172564406979862
212.0	27.96161973349433	22.142636594937255	24.94080814179137	24.95469403596533	2.4149381172107465E-4
213.0	29.596321003395342	22.86719294436738	22.154954278316016	25.381031291214317	5.004827069418332E-4
214.0	27.99167172635021	24.530468274575384	23.877216504031516	23.600539883775788	1.0361126710362993E-4
215.0	25.601576790059983	24.83487594438469	22.854407976263033	26.70863758965502	5.016996372711623E-4
216.0	26.11346738783756	24.723106917672144	25.666787886536802	23.49658540743326	5.240052023236486E-5
217.0	29.280662475404668	23.04642154419057	24.9269406312259	22.745059354681878	9.159944969869067E-4
218.0	24.60334236524867	24.065282025612177	25.027825807072745	26.3032478303331	3.0197173331419664E-4
219.0	26.328831248835975	22.97060572198106	24.063498373948796	26.636240884801076	8.237704330883512E-4
220.0	28.016599299419013	21.63760895517124	24.133154295170396	26.21240351535746	2.3393488188627816E-4
221.0	25.85145309588672	22.14136784730481	24.252779474825832	27.754073458868987	3.2612311364955683E-4
222.0	26.037505803729744	23.780211383718846	23.736304111782577	26.44575934720379	2.193535650438159E-4
223.0	31.2757812471118	22.407679197920864	23.089498219943287	23.226098625862765	9.427091612845983E-4
224.0	30.192281765344685	22.913286901846444	23.935272225703844	22.95904799154929	1.1111555573334046E-4
225.0	30.235477783911545	19.930143297470952	23.743608027935235	26.08959792366219	0.0011729670200772856
226.0	25.902978081133256	21.82884074878457	25.707144257165115	26.560905240957805	1.3167195925241928E-4
227.0	28.16253948031956	22.634081421405252	25.46483455234152	23.73697102059233	0.0015735253413412503
228.0	27.812585609970323	27.527511562830753	22.634970914549136	22.024779293204087	1.5261944570143515E-4
229.0	27.298036217741643	26.093366782917492	21.573501655146988	25.035095344193874	0.0
230.0	26.440705019864012	22.668993255204846	26.501859327271625	24.388384284602115	5.811305740349697E-5
231.0	25.225981776229812	24.950460539859908	23.978236982019	25.8438095447433	0.0015111571479793768
232.0	25.066774431864825	25.151209359154887	24.01207780563115	25.769701614583663	2.367887654780923E-4
233.0	23.389636781811316	25.047507907993516	21.960862675669357	29.60149307713366	4.995573921505546E-4
234.0	27.447792813339415	21.01679590492119	26.34570979676651	25.188485124930317	0.0012163600425726016
235.0	25.88588653935296	22.28440830658098	27.052760067186426	24.776739799582117	2.0528729752000626E-4
236.0	28.721610825521683	23.951815903279304	23.45417462276804	23.872273941932914	1.2470649806071003E-4
237.0	27.71380921579492	24.095837519829253	22.262556183317223	25.92767119769835	1.2588336025488864E-4
238.0	26.977667973589043	22.1722317757897	24.371639452250196	26.47841839565508	4.240271597876387E-5
239.0	27.541699364995413	23.422365162761952	24.116962521646418	24.917791406825497	0.0011815437707186386
240.0	25.774801918244478	21.777840266111877	25.66417988151239	26.782868440023687	3.0949410756379284E-4
241.0	29.094833262253335	21.62280178550601	23.124511578589065	26.15546313802969	0.0023902356219027915
242.0	27.42546156564521	24.288890278200853	19.94419399879307	28.340523022746734	9.311346141311649E-4
243.0	27.39116399597887	22.932577713995446	24.863638624148795	24.81008869927854	0.0025309665983453697
244.0	27.28693751211629	22.251369321369914	25.850499419197188	24.61021442852631	9.793187903009157E-4
245.0	28.57389111974812	21.06497282420237	23.828267423317822	26.531419137925226	0.0014494948064601085
246.0	24.672793491919624	26.4887064113669	23.011711489159826	25.82466671818763	0.002121889366028596
247.0	25.595924057310732	23.12833031190412	24.550024061807633	26.58640694680383	0.13931462217368842
248.0	26.028637364566926	22.480949334996065	24.043547320723075	27.435958768501944	0.010907211211986017
249.0	24.925774130798043	21.63357835120217	28.67343022993103	24.749952059766464	0.017265228302295266
250.0	28.108101288863942	21.535485434837263	23.357313489592578	26.997793170814344	0.00130661589187348
