# Position (bp)	A	C	G	T	N
0.0	24.079074119735296	23.246860053571673	25.778190600606166	26.895798651366015	7.657472084685515E-5
1.0	22.823825252151806	30.494633085128157	23.64001491064308	22.963459758068705	0.07806699400824363
2.0	24.321080452889735	27.10012116559628	22.724299147271413	25.853966136081684	5.330981608875019E-4
3.0	26.07859325006563	21.967608532720558	24.437866895950876	27.507865792647436	0.008065528615506358
4.0	25.915189059242667	23.29883175118718	24.271232006033593	26.514747183536556	0.0
5.0	28.528544491771584	24.146231999507915	22.16163099665183	25.16275717836425	8.353337044240032E-4
6.0	25.779177945090186	23.744436609573203	23.899187953506356	26.570980142392465	0.0062173494377848046
7.0	25.43618366440437	25.06509554535349	24.055651110578054	25.442842668172005	2.27011492078434E-4
8.0	27.44736420251587	24.176852045090904	23.68867978743032	24.687103964962905	0.0
9.0	25.525467489034675	25.697666518197533	22.86955602696602	25.907309965801772	0.0
10.0	24.490442448772704	24.64891782663201	23.54456846573809	27.3160712588572	0.0
11.0	26.88240808385698	22.763489787014286	23.531639751797094	26.822243863213075	2.1851411856139044E-4
12.0	28.564517645572657	24.113666068779295	19.912448617932746	27.40929589252095	7.17751943492825E-5
13.0	24.69684752575619	22.9181783879488	24.98639008391071	27.3985132095828	7.07928015047718E-5
14.0	26.57889806407593	21.87478153391852	23.386007544595046	28.160242948264436	6.990914607376254E-5
15.0	25.60068831602876	23.59498733575846	24.329775744870087	26.474479550771594	6.905257110343246E-5
16.0	26.28472957491055	24.918351224120798	21.80816406313629	26.98868726686322	6.78709691431426E-5
17.0	28.970932607894134	26.4308324946273	19.433200801171864	25.163506156600533	0.0015279397061705514
18.0	25.724378880454196	25.54399598154301	19.77292821353122	28.958367758597646	3.291658739255203E-4
19.0	24.65007979831598	24.269432658869405	21.689942267425252	29.390217696095515	3.2757929384386785E-4
20.0	22.42877865036225	25.68426826383419	24.143056194613198	27.74376691336458	1.2997782578292143E-4
21.0	23.473597678667605	25.099664221124435	23.758803565492343	27.6676768379577	2.5769675791708865E-4
22.0	22.79735156705319	26.666815288044155	26.007637015640277	24.52806873951025	1.273897521313898E-4
23.0	25.255881439804345	23.63854093406071	23.21269491278425	27.8928193528357	6.336051499426588E-5
24.0	27.713657133186665	21.67064678487931	24.729445980080605	25.886187422826445	6.26790269707853E-5
25.0	24.54732128506829	25.028685114085768	19.694463974661534	30.729343459949128	1.8616623527812926E-4
26.0	25.94206939434166	25.30312526216572	19.9859109056006	28.76889443789202	0.0
27.0	25.857295767270262	24.69999182312874	19.8417006908534	29.6010117187476	0.0
28.0	27.334802377858836	23.542248804932683	23.3567748436051	25.763500037070486	0.002673936532900966
29.0	27.574520989001034	23.882537676758403	22.362086893702248	26.18061443252205	2.4000801626774336E-4
30.0	23.335797758168376	24.938170760791795	25.362091581206776	26.363761030288575	1.788695444788934E-4
31.0	25.882659836843104	24.95731360273193	22.368205748434832	26.791405805350028	4.150066401062417E-4
32.0	23.920563222183215	22.77581366513595	24.49408280897201	28.80930547124418	2.3483246464890784E-4
33.0	23.204629503205734	25.334793610030594	25.44251322528448	26.018005560284347	5.810119485107211E-5
34.0	25.93575418189945	26.556393506643865	22.947757432839914	24.56003727867944	5.759993733126818E-5
35.0	25.220590120959123	21.983159754377464	26.224622091780763	26.57145706592201	1.7096696063485732E-4
36.0	23.423067463426186	24.8707619012917	26.086795623895497	25.61920421213722	1.7079924939423198E-4
37.0	25.562085049104006	25.52440686744622	21.03626382695356	27.877244256496216	0.0
38.0	26.677565262121085	25.318579070485992	21.38410265543728	26.619639208313583	1.1380364205795678E-4
39.0	23.15655153463547	27.773172850511923	21.85206445178831	27.218097383118128	1.1377994617070747E-4
40.0	26.328977119210478	26.638642795182093	22.918729824661195	24.113650260946233	0.0
41.0	24.25962272907461	24.42063427515514	21.346798167960465	29.968622370196883	0.004322457612900034
42.0	24.671272248337452	25.896729271186036	20.538361712557567	28.893636767918945	0.0
43.0	25.98193546919733	25.68904784513517	22.347024356127697	25.97858070899161	0.0034116205481905617
44.0	28.786681433236605	24.931719774771906	22.416608297781377	23.864592524537674	3.979696724368479E-4
45.0	25.7994047240084	24.3069514047422	21.484449608454828	28.405499367888748	0.003694894905819971
46.0	24.861768858433578	24.4331500103446	22.362695325377462	28.342385805844355	0.0
47.0	24.710383457757814	24.572451874551028	23.491391068716865	27.224182299291645	0.0015912996826493774
48.0	22.50399653690278	23.91519729314868	22.96227746362214	30.618528706326405	0.0
49.0	22.081295695953166	26.368641903916867	24.662451367946044	26.886134106030802	0.0014769261531242953
50.0	27.219257229583583	24.53599569224058	20.286059308940875	27.95857416798444	1.1360125052256576E-4
51.0	24.64115606949547	26.583896646133176	21.816234425960452	26.956498035338356	0.002214823072550221
52.0	23.105700382776096	25.764050331032745	21.33446832434295	29.795780961848205	0.0
53.0	22.387707604734388	25.27728717367913	23.95084580649468	28.38274511756207	0.0014142975297313626
54.0	22.94028867976187	28.479690819856863	22.27940028465209	26.300563647348184	5.65683809903087E-5
55.0	24.060734618698802	27.832524407441326	22.423245149971528	25.682141500804413	0.0013543230839290943
56.0	26.14440523653204	25.753109769240055	25.28609425622264	22.816390738005257	0.0
57.0	22.912824355041725	27.67231656905385	22.86689997455541	26.543050721616446	0.004908379732566648
58.0	25.342854064409348	25.583617693531817	21.679839656387205	27.39340652893648	2.8205673514816157E-4
59.0	27.442306195407056	22.73300039370656	24.566668960468025	25.25559903750591	0.002425412912447106
60.0	23.972298027096034	23.08236820557756	23.76663937315783	29.178581766209135	1.1262795944041925E-4
61.0	24.920197775504192	23.850518566651257	22.93202579122308	28.29140185579235	0.00585601082911541
62.0	25.102811841942273	22.002072002072	24.743758656802132	28.151244890375327	1.1260880826098217E-4
63.0	25.48033776502607	23.9917214012812	22.723019391423904	27.802669375152718	0.0022520671161041944
64.0	25.31975662640039	21.794987079348203	23.43960227547347	29.44565401877794	0.0
65.0	24.196798658502594	26.325425511828016	23.7069430582904	25.766393332074557	0.0044394393044353934
66.0	24.38648858839554	24.32102414486017	23.314557494077295	27.977480231423833	4.495412431613538E-4
67.0	26.910107845412394	25.181142420787594	21.12619312380842	26.781882330332973	6.742796586122088E-4
68.0	23.05306942553587	22.661444248475778	27.136590658419124	27.148783293056432	1.1237451278625301E-4
69.0	23.072726547439995	24.757522927377956	24.898882439564034	27.267834137423247	0.003033948194772732
70.0	25.35351280028813	23.158833079575302	24.771197023569762	26.71617659763775	2.804989290550889E-4
71.0	24.549304301991018	22.754858918733206	26.588332327994777	26.106777026354045	7.274249269497506E-4
72.0	26.830033855479456	26.237297201425836	22.262929117222992	24.66839702053877	0.0013428053329513799
73.0	25.636422529175718	22.43418435820134	22.846373013950526	29.07955162735639	0.0034684713160219316
74.0	24.82065836628372	25.547533853267918	23.66923613468927	25.96178855558458	7.830901745116453E-4
75.0	24.747230964647294	25.138137152196126	22.397095582128053	27.715578693850933	0.001957607177594682
76.0	26.990809176170416	24.035964628219904	25.106391070588636	23.86599618899327	8.389360277721382E-4
77.0	24.330584964635467	24.99979027913009	24.05263490504678	26.616374669969257	6.151812184055509E-4
78.0	27.469599232745868	25.86859934179438	20.709710070769688	25.951532131562832	5.592231272316498E-4
79.0	27.554093175645335	20.704630262876087	23.018783094376253	28.720200731774014	0.002292735328311311
80.0	24.47548341749792	22.861603445836717	28.38744526412732	24.272895684931623	0.002572187606417273
81.0	25.401777876188337	25.275018368106927	21.72407468914006	27.598905406206352	2.2366035832626009E-4
82.0	22.639265525666904	22.078065854435867	24.151546835598744	31.12972395708111	0.0013978272173733148
83.0	25.39554476093989	22.048300686703055	24.52992542545733	28.025781836195435	4.472907042927607E-4
84.0	23.12287934467033	25.842126243321108	25.33984995446304	25.693690852969574	0.0014536045759472051
85.0	24.775767957011848	27.068849467679502	21.64233339967307	26.5128255585396	2.2361709597422145E-4
86.0	25.166124889245417	25.435234073001595	22.76197477171279	26.634597915438	0.002068350602197483
87.0	22.352290131806953	22.22243960245503	25.972677167995172	29.45203412000134	5.589777415063332E-4
88.0	25.1303056404386	26.628128802619024	25.699877533658682	22.540905490751303	7.825325323926548E-4
89.0	26.4978623724452	26.30508743620513	23.07832900069475	24.118218153709087	5.030369458279513E-4
90.0	24.07729191037197	25.531559335731774	24.690465158781745	25.700627704744587	5.58903699215914E-5
91.0	26.553094172358428	25.198473354969558	24.421290539283053	23.826359497072293	7.824363166698616E-4
92.0	25.270024751686766	24.28973724315724	22.935519872044566	27.50471813311143	0.0
93.0	26.396603166034343	25.62870543765029	21.684546651980437	26.289865325905275	2.794184296572486E-4
94.0	28.09408188297881	23.31728606514092	23.606528062229497	24.977745242399436	0.004358747251334866
95.0	23.964541182821115	26.477492625319282	23.950012544920035	25.606389024396375	0.001564622543193361
96.0	25.99176493004549	24.520035336261632	24.19924868536702	25.28805702526118	8.940230646775399E-4
97.0	25.428947862468487	25.29496102201005	22.9325349997318	26.343444366965258	1.1174882440236728E-4
98.0	28.41794910761777	22.682890308277496	24.64532667045104	24.253833913653693	0.0
99.0	21.75207902472707	22.097549639054716	27.001791039439738	29.148580296778476	0.0
100.0	22.672088298336472	24.79787588828191	24.62771903226221	27.902316781119403	0.0
101.0	23.57161530194324	21.9783890551021	28.64757312574433	25.80236665765466	5.5859555670750375E-5
102.0	25.202253687941877	24.545924338880027	24.695648773293183	25.556173199884913	0.0
103.0	25.55671007279045	25.711955398392238	25.129073164736575	23.60214963660639	1.1172747434457871E-4
104.0	26.28838480355326	26.56154947492611	22.972981276768323	24.176637549584417	4.4689516789013533E-4
105.0	27.232733423908183	23.249600010725967	21.26937378215556	28.24505264663294	0.003240136577343178
106.0	25.65517618936691	23.250438106219182	25.006829261752618	26.08738885341583	1.6758924546294015E-4
107.0	25.977097663121473	24.137726848937195	22.811728579544535	27.072944149647814	5.027587489798187E-4
108.0	23.51460303114766	24.73687062184162	24.778037389702945	26.97037724287667	1.1171443110263819E-4
109.0	26.0957256784367	24.241970636171597	25.28181388609927	24.379819545277336	6.70254015100823E-4
110.0	24.53474811609291	24.15997739088084	23.244888931585074	28.060329708874075	5.5852567095688856E-5
111.0	24.92931612865749	23.99554057661953	24.329047803633447	26.745648655079464	4.468360100672153E-4
112.0	25.027619495509946	24.338500515526682	23.552029097375897	27.08168333145294	1.6756013453961735E-4
113.0	28.792795489808615	21.560191551322195	22.910087721747914	26.736366713322024	5.585237992576102E-4
114.0	26.022192085649433	21.75329317771542	27.76652621137107	24.45759754419203	3.909810720477578E-4
115.0	26.79385986962278	23.53532306626671	26.493109669923303	23.17737223423212	3.3515995508856604E-4
116.0	26.860377362706483	24.480312106006107	24.939991430938335	23.71920737855422	1.1172179485532306E-4
117.0	26.342088519383132	26.471519809355588	23.93875559383936	23.247189184750457	4.468926714629422E-4
118.0	26.72610991041618	24.478330792602033	24.986830837569904	23.808281573730273	4.468856816151789E-4
119.0	26.927765090743332	21.186199237586194	24.986257781670783	26.899554439295148	2.2345070454007142E-4
120.0	25.28584484272668	23.792435418170278	25.005865489248833	25.915742526249463	1.1172360473976221E-4
121.0	27.301994122152202	23.317660189787116	24.305755341428547	25.07425517188599	3.3517474614702664E-4
122.0	26.540749525590197	23.9905280040042	24.647244121759503	24.821087313189793	3.9103545630206707E-4
123.0	23.83737493925022	28.06399535229285	23.369643545440834	24.728539268097848	4.468949182461609E-4
124.0	25.171062517631356	24.748636276035047	22.689852999913416	27.39033648300268	1.1172341750761813E-4
125.0	26.495528357642012	24.192953741823402	24.483931693638034	24.826915879497477	6.70327399073831E-4
126.0	24.357234070364896	24.03022309812452	24.49219452628098	27.120236582997887	1.1172223171861192E-4
127.0	26.201904949169887	22.507749225077493	28.0539543810982	23.23533009827509	0.0010613463793285476
128.0	26.073991979519228	23.100191211211023	25.059338039411966	25.756982449123463	0.009496320734322551
129.0	24.479077639803595	26.898206335640353	22.20468218457259	26.415911160267903	0.002122679715560918
130.0	26.123416625515876	24.0617619391296	23.704252794716016	26.11056864063851	0.0
131.0	25.63832425777418	24.56523342099795	24.773651011420235	25.022400282433487	3.910273741506327E-4
132.0	26.25168557904039	25.662640641810402	22.102675364459333	25.97702138213571	0.005977032554159177
133.0	26.93501599560714	25.455722584166164	24.72266739806466	22.885811977461472	7.820447005578772E-4
134.0	27.026632986739923	22.85863033226715	20.71522177025181	29.39940319050646	1.1172023465718087E-4
135.0	26.321986816300154	23.90141885924856	26.27517747610517	23.501081697938993	3.3515040712395704E-4
136.0	28.364188462256045	26.236262662035507	23.75329154270431	21.639721728483057	0.006535604521074253
137.0	28.544535689607304	20.93811149884564	24.521232887807926	25.996008202568362	1.1172117077083698E-4
138.0	24.836537784823065	24.02299698043145	27.45277106576359	23.686465339754527	0.0012288292273680377
139.0	25.992733203562462	23.645183722599402	25.350562883482702	25.011017491139924	5.026992155099465E-4
140.0	26.496713750859474	21.71225672903288	25.566889846001235	26.223860397388428	2.792767179846945E-4
141.0	25.897761586696205	25.10593279509531	25.050522653922336	23.945671250291852	1.11713994300352E-4
142.0	28.760555025216995	22.36685042013427	23.71425172083847	25.158007687147293	3.3514666297260567E-4
143.0	26.98505261746766	25.51466809661059	23.939774783832696	23.560504502089056	0.0
144.0	28.005127732486528	25.309884290873143	22.95727168882819	23.72715771128855	5.585765235872901E-4
145.0	27.977420014321957	22.530998325381034	22.6992422321252	26.790998839273445	0.0013405888983599012
146.0	27.329031566153077	21.984368855682266	24.47382297215172	26.208084581560794	0.004692024452150288
147.0	26.360571861062006	24.639403003415637	26.636559896553365	22.360728259867788	0.0027369791012095772
148.0	24.683915156599895	24.174492797985547	23.54134560117703	27.59979958251944	4.4686171808276215E-4
149.0	28.10406002337122	24.92425579644248	24.10497833805152	22.865700388105257	0.001005454029524599
150.0	25.73958382210663	23.806164241233922	25.397554234284964	25.056697702374485	0.0
151.0	26.539514742405913	23.908661994411617	25.907497840953397	23.64399025328717	3.351689419051673E-4
152.0	27.106126227080484	23.57458118799658	23.583742569644656	25.73538242902862	1.6758624965993956E-4
153.0	24.76371735350029	23.444590120343687	25.077327088697253	26.713862678709788	5.027587489798187E-4
154.0	23.201543138497016	24.414535801550514	24.595138421042634	27.78649228710063	0.0022903518092103428
155.0	27.845330535503887	23.650765185124353	23.72741498548291	24.776265825083144	2.2346880571007493E-4
156.0	25.558529612726353	23.573974969873003	26.33504346276348	24.53206087636172	3.910782754341946E-4
157.0	25.009846858307476	23.092880037052122	26.423045615117175	25.47405988342437	1.67606098850725E-4
158.0	24.790166911097145	21.11180948390251	26.024275438228926	28.073580557301486	1.6760946993505134E-4
159.0	26.603152361142072	21.362439959482256	24.50016286435662	27.53390958821298	3.352268060763211E-4
160.0	26.26554006600704	20.856583020869824	25.9534955964575	26.9243254447821	5.58718835361762E-5
161.0	24.43573714125442	20.59611814195114	29.04197254126548	25.922149408904726	0.004022766624222754
162.0	25.211185999565306	23.7694389176728	25.174309814708344	25.845009395046187	5.58730073590338E-5
163.0	25.272752467148457	24.010821816621387	26.893454723034576	23.822915118471176	5.587472439792191E-5
164.0	25.46352818382106	23.469391746200614	25.04194844155184	26.023455367025818	0.0016762614006728513
165.0	26.24177278210857	22.20358407477709	26.853795653760336	24.700512226208748	3.352631452488463E-4
166.0	25.22796981003028	23.133759983370595	25.71662622003452	25.921532229809884	1.1175675471795109E-4
167.0	26.66174174563491	23.663984782664578	26.650286275005058	23.023763675317316	2.235213781434091E-4
168.0	26.212697566473924	24.02024967294621	23.800406938178593	25.966534056903168	1.1176549810250126E-4
169.0	26.253451577876145	21.915402881079064	25.72511776300311	26.105804239300458	2.235387412198174E-4
170.0	31.14966097025156	22.819471199656192	23.07022970641639	22.9604704669965	1.6765667935827728E-4
171.0	25.757762888689317	23.303727158975267	26.882566521681543	24.05532869224463	6.147384092470069E-4
172.0	27.298808823956744	24.531598911869963	24.614527474836436	23.554953025774914	1.1176356194942476E-4
173.0	29.294281071681617	19.86823018759122	23.117438406469248	27.718821033997976	0.0012293002599411277
174.0	24.41475720343955	25.471317543594985	24.030964872581393	26.082625141777992	3.3523860607787595E-4
175.0	25.80412493239831	24.019998927311978	23.308505075155207	26.866030205106888	0.0013408600276217165
176.0	24.619202560102977	24.5304839077326	27.823856602053265	23.025060225886183	0.0013967042249744125
177.0	21.95323639711963	26.021864286320906	24.35734687400825	27.64375047492189	0.023801967629324024
178.0	25.373438697724726	23.166105353962227	24.16345038584196	27.29672620976483	2.793527062572771E-4
179.0	28.422147188633733	24.221036063243517	22.563958435886793	24.791684942367983	0.0011733698679735399
180.0	26.570820080953876	22.51399552098516	25.26324575092958	25.651714584357954	2.2406277342660322E-4
181.0	28.383738823063464	21.914957951325526	26.126445028742097	23.574185014167693	6.731827012241267E-4
182.0	25.977012139026634	22.87746538918931	25.778210335001233	25.36714385083133	1.6828595148876972E-4
183.0	23.85270405893543	24.92352295377269	26.217167322745194	25.00626907017488	3.36594371805509E-4
184.0	26.601015898235136	21.40017571202079	26.340365180295567	25.6545160570043	0.003927152444203579
185.0	24.47627612027796	24.536750569823027	25.093698932609136	25.89276948856455	5.048887253298746E-4
186.0	26.803901613628945	22.96467430637294	25.3383840820627	24.893039997935418	0.0
187.0	24.175104081430792	22.695933855463938	28.02257645376806	25.105767415093833	6.181942433752057E-4
188.0	27.59492646385187	27.768656913555752	22.07382785341444	22.562307742892422	2.8102628551258913E-4
189.0	25.260636814936056	23.53133937082936	24.891743259528393	26.31549364174326	7.869129629296545E-4
190.0	28.778222803097375	21.83925685456104	25.08835392160996	24.29399777955788	1.6864117374256924E-4
191.0	26.814579014515733	23.689378439336494	24.644594857843575	24.851053575671315	3.941126328863345E-4
192.0	26.893672368554405	23.90316550489296	24.155245999481988	25.047859821398404	5.6305672233420795E-5
193.0	28.129754958108506	24.153694887536616	21.78121364269633	25.93505494493118	2.815667273724531E-4
194.0	28.025672130667452	23.185509077945643	24.158689180467462	24.63012961091944	0.0
195.0	26.699103773770894	21.53871977820499	24.599441344243587	27.162115501711508	6.196020690202908E-4
196.0	28.314905428769215	22.391174481069378	26.458940083995557	22.83486707855132	1.1292761452836346E-4
197.0	24.880970196665302	24.34979034603493	24.1497084609846	26.618853326933124	6.776693820502323E-4
198.0	27.240653970315844	23.059593491979257	24.55364568423268	25.145937126246505	1.6972722571797445E-4
199.0	25.82827560168393	22.69947379938162	25.241246146467677	26.230437548116008	5.669043507641303E-4
200.0	27.30752330924687	23.461589706228366	24.17511204596932	25.055774938555437	0.0
201.0	24.590055180954064	21.684550013267923	28.51435543973528	25.210642462345177	3.9690369755484645E-4
202.0	25.27799987524738	24.80768249323784	28.311926917646257	21.602390713868523	0.0
203.0	25.76763541969213	24.550662122422306	22.781560866250363	26.89929068036596	8.509112692419401E-4
204.0	25.822137475172056	23.760276541147864	24.11826411767409	26.29920839926224	1.1346674374840791E-4
205.0	27.48957170220685	24.463095854099148	24.9645392485271	23.08194213713155	8.510580353495464E-4
206.0	25.67266520571202	20.944574134747533	26.114526436205043	27.268120736439165	1.1348689623552617E-4
207.0	25.902505716479634	23.714721417743704	26.822988051720447	23.559444294048106	3.405200081043762E-4
208.0	28.599405446797594	22.289898328791214	21.82879887651356	27.281840583222973	5.676467466178188E-5
209.0	27.46954830314186	20.336578259186037	25.13850454830882	27.054744355634487	6.245337287956605E-4
210.0	24.763387145591793	24.683432528922502	24.750951022686554	25.801945373052455	2.839297466949158E-4
211.0	24.952115440981004	25.629258772019515	25.26112137344049	24.156879585386744	6.248281722526305E-4
212.0	29.203959743366802	22.289979598911184	24.297583124492103	24.20813656795722	3.409652726869768E-4
213.0	29.669913533755498	23.19219478245839	22.59801298784742	24.53970811743307	1.7057850562994357E-4
214.0	27.447386719136745	25.2092525175738	24.38806085649289	22.95529990679657	0.0
215.0	26.068138650117785	24.86222257713083	22.85268567582521	26.21683901915936	1.1407776681363685E-4
216.0	25.953523769988497	24.03341722232312	25.73154946711753	24.281394229244682	1.1531132616673442E-4
217.0	29.15848416460578	22.542371698949033	25.92611970927846	22.37261748212639	4.069450403282535E-4
218.0	24.61290894509982	24.564768402896416	25.331201059561593	25.490828052550686	2.9353989148417294E-4
219.0	26.645284542099095	22.72424705659901	24.800261279999336	25.829792202973305	4.14918329254291E-4
220.0	28.04604795559874	22.000749473789565	24.814255015308213	25.13870924885211	2.3830645137267497E-4
221.0	25.77515613490824	22.771523583988944	23.997149623188825	27.45605069255999	1.1996535400576315E-4
222.0	25.65967100290892	24.566213763053078	24.635899031089227	25.13791243107416	3.0377187461269085E-4
223.0	30.309634732768608	22.379330812440937	24.296851670019528	23.01369122304245	4.915617284785059E-4
224.0	30.292377546252634	23.03360813074883	24.228280340211285	22.44554905855071	1.8492423654028944E-4
225.0	30.80233401749893	19.81601939640472	23.76437832910639	25.6165861583585	6.820986314621094E-4
226.0	25.68536493082506	22.17394223426677	25.526176921440687	26.614202180693763	3.137327737177271E-4
227.0	27.10627893048563	23.167038025824265	26.18672090709761	23.53888358778626	0.0010785488062368036
228.0	27.593360069453528	28.09072334877241	22.733335587213354	21.582453416446224	1.275781144847726E-4
229.0	27.781246620560378	25.164852283085036	21.570158453877408	25.483742642477175	0.0
230.0	26.149408114905736	22.91800910432559	27.40294175725956	23.529641023509114	0.0
231.0	25.631890461342284	24.839450357062407	24.228077316756046	25.299462133996215	0.0011197308430519384
232.0	25.42381861616276	25.171219608147013	24.602043972361137	24.802785344489017	1.324588400711834E-4
233.0	22.867421659839696	25.60603905063053	22.461896913636583	29.064105523672502	5.368522206892108E-4
234.0	27.509878889855493	21.03733115893218	26.575781789026724	24.87598550278027	0.0010226594053303736
235.0	25.597722449030336	21.66104576996155	28.180065765527452	24.560958814701035	2.072007796274668E-4
236.0	28.618719057436255	23.57318797338581	23.677912614737142	24.129830572739554	3.49781701240256E-4
237.0	27.75660747861148	24.574015003609833	22.466806157292535	25.20228851366115	2.8284682500903343E-4
238.0	26.89567064768029	22.6655087276068	24.570725195222785	25.8680236564079	7.1773082223243E-5
239.0	27.926708508686342	23.72413391387922	23.844271963419782	24.503647828049687	0.001237785964963376
240.0	25.302549893895666	21.681442928524778	26.651886638236583	26.363743882145467	3.7665719750472137E-4
241.0	29.676084138025704	21.093034078027316	23.078222660006382	26.15024561250018	0.0024135114404213384
242.0	26.611061201020636	24.313878976132063	21.076531687786318	27.997545884331664	9.822507293211664E-4
243.0	27.5948233614269	23.282319201844132	25.248894307270646	23.871694266128593	0.0022688633297233197
244.0	26.332367278636042	23.139763660175102	25.972218853830668	24.554437586399246	0.0012126209589406543
245.0	29.501370528697578	20.950941906287728	23.09580033560869	26.44998899021268	0.0018982391933242723
246.0	24.751286253721865	26.856597445365114	23.254934917272877	25.135127940891273	0.0020534427488753597
247.0	25.700780166686886	23.266260213788414	24.446164072343425	26.448131469114237	0.13866407806703648
248.0	26.034003034511844	23.172608106394325	23.639168122040548	27.14314308808182	0.011077648971459393
249.0	25.334067314113362	21.658924345033324	28.459798068393617	24.529269655900507	0.017940616559189083
250.0	27.032063932742485	21.839026597415927	24.743977881962877	26.384470667405164	4.6092047354969455E-4
