# Position (bp)	A	C	G	T	N
0.0	24.94183906942511	23.766460263364213	25.51624825997216	25.775452407238514	0.0
1.0	23.177608246370525	30.23594774577093	23.168997014773048	23.341859515729848	0.07558747735565025
2.0	24.813971630076576	25.794341935586584	23.01434416442456	26.37670545906102	6.368108512569054E-4
3.0	26.52772916732954	20.75853511088485	25.637150402494512	27.07053994718254	0.006045372108562156
4.0	25.849667383202537	23.426588992482735	23.010659001004846	27.713084623309886	0.0
5.0	29.1785008546031	22.87191119752451	22.62093110437595	25.328339147176	3.1769632044121665E-4
6.0	25.773101032916273	24.58854655736873	22.960497931629572	26.67246148770398	0.005392990381443037
7.0	25.70384282823036	26.12667112193608	22.551159056285254	25.61706009229376	0.0012669012545489674
8.0	27.81092055333842	24.229285413627114	23.11621562601868	24.84357840701579	0.0
9.0	25.50284905684216	25.47979127973822	23.03377174695827	25.98327205650103	3.15859960327989E-4
10.0	24.661840170168716	24.76440848066351	22.932380657825803	27.641370691341972	0.0
11.0	26.81485417945593	23.664495163748423	22.742751730941322	26.777593510535304	3.054153190215715E-4
12.0	29.16597853014038	24.949478267397343	19.500638090233466	26.38390511222881	0.0
13.0	26.111347568040483	22.443309451183467	24.658024165898183	26.78731881487787	0.0
14.0	27.856764407131923	22.22973546553324	21.872612471788745	28.040887655546094	0.0
15.0	26.6697390402673	23.635578086295293	23.355031971887783	26.339362866524567	2.880350250590472E-4
16.0	27.178117880585567	25.490887149527442	21.414352739494284	25.91664223039271	0.0
17.0	29.20110949386208	26.291983632219264	18.590338615329692	25.915195122621043	0.0013731359679235438
18.0	26.396839562066038	25.61897351065451	19.824021069586227	28.15989378142481	2.720762684195634E-4
19.0	25.34920442123163	24.034441340405145	21.577391797238754	29.037882775281048	0.0010796658434214612
20.0	23.63506573019739	26.14610097078034	23.77061671688559	26.447949223188576	2.673589481029546E-4
21.0	23.52783455892113	24.474236109267565	23.890466962223577	28.106665958745918	7.964108418062599E-4
22.0	21.984903521111974	27.735843114199927	25.63383165011443	24.645159258403844	2.624561698196401E-4
23.0	25.55370183257487	23.987697545514123	22.379397043964566	28.078420314715167	7.832632312741344E-4
24.0	28.11857878922424	21.605986762625584	24.35981496587401	25.915361343149502	2.581391266637067E-4
25.0	25.467455500482387	25.438614402172526	18.797760093108256	30.295404311361352	7.656928754830246E-4
26.0	26.87808444525681	25.168311704136965	19.23830703304291	28.714789089949022	5.07727614289486E-4
27.0	26.397818040132474	23.568658109862085	19.485832694482607	30.547185135145394	5.060203774405995E-4
28.0	27.590231639432574	23.02976796153309	23.74054787414457	25.636709163823546	0.002743361066219748
29.0	29.554323522813835	22.67997524978245	21.524307721131112	26.24065395793942	7.39548333181315E-4
30.0	23.247766821487353	25.370324244333414	25.588636063940456	25.79302867357255	2.4419666622711267E-4
31.0	27.228134312757962	24.074983349457217	21.96437513065207	26.73153491266365	9.722944691029124E-4
32.0	25.13816062356295	23.252942431674924	23.47447894563964	28.134178240990487	2.39758131996442E-4
33.0	25.458949334268695	24.4682918505387	25.19564300306677	24.876878812727814	2.3699939802152904E-4
34.0	26.396480406641754	25.32820020153571	23.9874474726999	24.28787191912264	0.0
35.0	25.049805994345657	22.432759008565007	25.358266867359507	27.158936204261398	2.3192546843146485E-4
36.0	24.620509292397212	24.957087957525765	24.879718876897453	25.542452229225592	2.3164395397697924E-4
37.0	25.216038233904804	25.878740726333042	20.30527846471607	28.59994257504608	0.0
38.0	27.259195125564855	26.521177494629235	20.286919401437142	25.932707978368768	0.0
39.0	24.124642404155054	26.20772499606529	22.33203410700564	27.334904131910047	6.943608639700778E-4
40.0	26.903192661229852	26.428551592627908	22.5818993048163	24.08635644132594	0.0
41.0	25.418363569048502	22.88041466123658	21.07367641614217	30.62152906330989	0.006016290262865606
42.0	25.3208606260571	25.042515334442395	20.358540202731625	29.278083836768882	0.0
43.0	27.087811028722804	24.854997859960438	22.425069695883025	25.627031591611043	0.0050898238226890465
44.0	30.94774341298665	24.108121862638505	21.806194915450277	23.137939808924564	0.0
45.0	25.549385100393895	22.91261417333762	21.72306041212267	29.809851808847988	0.005088505297827902
46.0	25.538582513269425	23.72122067139239	22.23851428703586	28.501682528302325	0.0
47.0	25.38324742208439	24.239228718176413	23.171755433915404	27.20276211024853	0.0030063155752584852
48.0	23.95033072009359	22.905574269260022	22.349326422235116	30.79476858841127	0.0
49.0	21.791777629826896	26.05322532919071	23.747040982393845	28.405875499334222	0.0020805592543275634
50.0	28.211588648514958	24.12780013545594	20.014886284046018	27.64572493198309	0.0
51.0	25.816241153439005	25.80237325900142	21.60433048116971	26.773588132780468	0.0034669736093968857
52.0	23.27534976712903	24.714727303718103	21.231336923523422	30.778586005629442	0.0
53.0	22.881521556689343	23.654072100118874	24.38339660123746	29.078020707113673	0.002989034840649954
54.0	23.675624969823495	28.447536562430308	21.517171294497413	26.359667173248784	0.0
55.0	23.727707848348132	28.143219134340043	21.9374686690976	26.188857529373795	0.0027468188404304265
56.0	27.320621029312143	25.303236968820375	24.454860030392354	22.92128197147513	0.0
57.0	23.6561600388106	27.684590635111693	22.65156958676778	26.00035698430642	0.007322755003501192
58.0	25.989804510177184	24.800712036901448	20.617266437252894	28.591988212036902	2.2880363157124032E-4
59.0	28.63307015276065	21.299094692385303	25.005662462336048	25.057825751734775	0.0043469407832272145
60.0	23.379454391229398	22.168890631983146	24.674157918259013	29.777497058528446	0.0
61.0	24.879618060938796	23.39536347137737	22.321045863694813	29.39622073670099	0.00775186728803203
62.0	25.828610251102308	21.200293644243615	25.298317929169727	27.67232220616197	4.5596932238399E-4
63.0	27.184937455972975	22.59814750222842	22.198285197115702	28.014754326332326	0.00387551835057939
64.0	25.106467109957688	20.90436821939724	23.775685048245396	30.21347962239968	0.0
65.0	24.53917888403123	26.06479672062606	22.800647149180612	26.589469283136857	0.0059079630252406356
66.0	24.76062802481198	24.44707005066915	23.27440867055963	27.516757174342775	0.0011360796164595214
67.0	28.02072091517375	24.956661024458406	20.176536744407965	26.84471809785634	0.001363218103536415
68.0	23.283693985346737	23.552450729823367	25.81155222354745	27.352075878911798	2.2718237064803771E-4
69.0	24.083716112148515	23.50579961017896	25.192298081335384	27.21409716448358	0.004089031853558139
70.0	24.67977404611979	21.783295455317912	25.03868995692556	28.49756077665415	6.797649825866871E-4
71.0	24.82340249786729	22.324632474080225	26.19646218218092	26.654148743618794	0.0013541022527747812
72.0	27.570442478275485	24.959439303371443	22.29992124793812	25.16748916312959	0.0027078072853555014
73.0	26.32317539533383	22.124932033490285	22.684231544131418	28.86224626776436	0.005414759280107754
74.0	24.600414134715585	26.466501554133004	22.553875858833294	26.378080634465213	0.0011278178529054844
75.0	25.44308365473532	24.268443963281232	21.938787017615084	28.34607664027787	0.0036087240904887565
76.0	26.912997194330924	23.529955704710094	25.664203812462222	23.8912645358016	0.0015787526951563866
77.0	24.531374034783866	24.790268456375838	24.553700295879338	26.123529624016744	0.0011275889442159198
78.0	28.311090263714554	25.465570975613055	19.952236409476946	26.27042581308605	6.76538109391702E-4
79.0	28.597329556857982	18.771578114182756	22.856846477707595	29.770186741594824	0.004059109656847379
80.0	24.84655106320608	22.10002931427154	28.306988071346428	24.742823640832526	0.003607910343427966
81.0	25.505993451849445	24.862678247693264	22.29821143491084	27.332891378268435	2.254872780077748E-4
82.0	22.563094274446847	21.171446416371477	24.34729866539798	31.916582300457947	0.0015783433257497692
83.0	25.070629589795967	21.33656211458115	24.409090191675066	29.182590736193692	0.0011273677541256022
84.0	24.047779015290548	25.967101198984537	25.078121124944197	24.905645914028433	0.0013527467522805056
85.0	24.910444766570254	26.72138797649133	21.100092204129574	27.2673987389	6.763139088464114E-4
86.0	27.956744425107534	24.9377812243573	21.33405170470428	25.769168342365578	0.0022543034653152868
87.0	22.160732882795557	21.11230833735331	25.711535600449036	31.014746921901278	6.762575008227799E-4
88.0	25.28581732936615	25.667433053827427	25.93318907222072	23.11288432062032	6.76223965377333E-4
89.0	26.589730874994366	25.675742685840508	22.87765405941487	24.855294594960103	0.0015777847901546228
90.0	22.08202603772224	26.170029571928303	24.464234195246853	27.2837101951026	0.0
91.0	27.14532665309885	25.080854727437867	23.057401785452686	24.716191454979413	2.2537903118569652E-4
92.0	25.935900585282962	23.161159027037503	22.541169258784315	28.36177112889522	0.0
93.0	26.733585895578056	25.749855201152084	20.66938760792303	26.84717129534683	0.0
94.0	27.701017057631766	21.88082419303587	23.515147690830705	26.897151652690482	0.005859405811178394
95.0	23.649405407110777	25.742705899055547	24.636449884957486	25.96918528267106	0.0022535262051294764
96.0	26.04719916895572	23.645102629912635	23.756644636181523	26.549926878018116	0.0011266869320089505
97.0	25.86044897692476	24.875791162414462	22.746947448113943	26.516361768238138	4.5064430870036436E-4
98.0	28.198472835258627	22.519033231266995	24.216759157242993	25.065734776231384	0.0
99.0	21.944703491960517	21.65749863718481	26.147805754909513	30.24999211594516	0.0
100.0	21.992679768004955	24.538093361112676	25.27597274621319	28.19325412466918	0.0
101.0	23.365426843687715	22.026282895848112	27.70964944877988	26.898640811684288	0.0
102.0	25.132486649985246	24.285878375791373	24.39668743961244	26.184722312936508	2.2522167443306075E-4
103.0	25.34245187208525	26.01125480490996	24.80042875447276	23.845864568532033	0.0
104.0	25.66828422486686	26.1326097481338	22.40652127408041	25.79213438868685	4.503642320726888E-4
105.0	27.977390188152366	22.7393003118983	21.625474321874545	27.654006823479072	0.003828354595714495
106.0	26.458096885189793	22.315750599001962	23.776324559981266	27.44937757841071	4.5037741627483834E-4
107.0	26.328636763848202	23.373108180227568	22.158020009772947	28.13955949676074	6.755493905418582E-4
108.0	23.998261958043848	24.500087802637683	23.844945044554212	27.656705194764264	0.0
109.0	26.53261535136693	24.447105860317688	25.228721679933724	23.791106868854232	4.50239527428592E-4
110.0	24.386252414246417	24.476294238673866	22.417487923140296	28.71974031937835	2.2510456106861638E-4
111.0	24.847940499826667	23.047087796071438	24.34910430088647	27.755417190039484	4.50213175938807E-4
112.0	25.66512919905366	23.926417655440677	23.50907285975729	26.899155180680584	2.2510506779039116E-4
113.0	30.224329106059994	21.286504688716917	21.932750788955968	26.555515038558674	9.003777084486943E-4
114.0	27.930199263454558	21.067180507658094	27.77240025571993	23.22976976201839	4.5021114902889453E-4
115.0	27.42259732599735	23.369045233823275	26.525484969709794	22.682872470469583	0.0
116.0	27.384573130511324	23.55363249354456	24.359352452391832	24.702441923552282	0.0
117.0	26.05140581416553	25.99287243550635	24.023899628763303	23.931596993185362	2.2512837945838613E-4
118.0	27.41607232908292	23.146071968878324	25.360879979828542	24.07652546646495	4.5025574526330955E-4
119.0	27.90825423698287	20.94469859337572	24.841281991246873	26.30554004646723	2.2513192730940333E-4
120.0	24.782753559239616	23.32844059829445	24.57946492089078	27.30934092157516	0.0
121.0	28.434616995123797	22.83666292959446	23.863682411897397	24.86458741372091	4.502496634383766E-4
122.0	26.61338796276494	22.379982215418558	24.40157134656296	26.60438311140127	6.753638522754133E-4
123.0	25.577217469608282	26.121116614137772	23.662539396668166	24.63890139576767	2.2512381809995497E-4
124.0	25.41816184382921	24.12529321981243	22.834000441236725	27.622319374344332	2.2512077729701987E-4
125.0	27.734980009364985	22.871717753845044	23.858642797968518	25.533758959766594	9.00479054857184E-4
126.0	25.27937614249309	23.8833959171912	24.603785648035586	26.233217170489237	2.251217908888709E-4
127.0	26.91956165469051	21.949457020908746	28.199569578763484	22.93006105138041	0.0013506942568480198
128.0	26.237734090617465	22.083927072007274	25.163264065697327	26.504269290597655	0.01080548108027797
129.0	24.586237325985557	26.392340663100832	22.699092333459397	26.31985340464999	0.00247627280422137
130.0	26.625604452008538	23.90185590404409	23.606496114397892	25.866043529549486	0.0
131.0	24.72642628648869	25.083237095717596	25.12533401768971	25.064777482874206	2.25117229797417E-4
132.0	27.31271681896053	25.949388460785173	20.60863516333601	26.12115522718012	0.008104329738162613
133.0	27.198724933140035	24.454764842012374	25.355010670580715	22.98992373011085	0.0015758241560336055
134.0	26.612068111622378	21.895176177140645	20.88237148028419	30.610384230952786	0.0
135.0	26.997944707452852	23.134534992875135	25.999788392662175	23.86750679282066	2.2511418917245773E-4
136.0	27.845374261910177	26.3591770762751	24.250541959970377	21.537252853872285	0.007653847972067957
137.0	29.375204006978446	20.411278068546345	24.448196296921605	25.765321627553604	0.0
138.0	26.066374181465385	23.506490875407156	27.53045095095208	22.89533336784929	0.0013506243260947373
139.0	26.439635591713245	23.28899414038318	24.48905627078048	25.781413556582557	9.004405405344565E-4
140.0	26.789939196657503	21.054254770732452	25.56104083796506	26.594540080455808	2.2511418917245773E-4
141.0	26.487895582799435	24.509137405508106	25.05211405210955	23.95040273019103	4.502293918751604E-4
142.0	29.389318991735873	22.468927914562737	23.008538773415214	25.132989201029243	2.2511925692635673E-4
143.0	28.097739096764318	24.047338716757878	24.26458173402701	23.590340452450796	0.0
144.0	29.060063798510168	23.59374261330764	22.76193070410233	24.58358752934979	6.753547300719703E-4
145.0	28.222618436574187	22.31587288723199	22.582867331226193	26.87774085780407	9.004871635554836E-4
146.0	27.679355288926903	21.242599554284944	23.85070796659388	27.22125925759179	0.006077932602480697
147.0	26.444329386340105	24.073882310566834	27.058439511953537	22.42019719958579	0.003151591553734636
148.0	25.282352014227342	23.098499600418716	22.946095922019744	28.672377114685453	6.753486487399119E-4
149.0	28.537404016505448	24.18547691781269	23.819889828619797	23.455878545845838	0.0013506912162299057
150.0	25.570746444724097	24.103611219295857	24.64503522070063	25.680607115279415	0.0
151.0	26.606390666825764	23.92616490198771	25.429162567343344	24.038056729381623	2.2513446155716504E-4
152.0	27.187849669832882	22.583521137224796	24.077997338850754	26.15063185409157	0.0
153.0	24.746151179074303	23.31626748798862	25.62871204650555	26.30819385719625	6.754292352790198E-4
154.0	22.7248371104497	23.612343132972807	24.39223173318084	29.267661189735367	0.0029268336612887974
155.0	27.96040335256419	22.89305031998883	23.878012421241312	25.268533906205665	0.0
156.0	27.35391876919751	22.640676653125198	26.03925524919607	23.965924137744672	2.2519073655386112E-4
157.0	24.79012034301362	22.331015349138863	27.233687036102904	25.644952078979603	2.2519276500684586E-4
158.0	25.390770145408602	20.60739676484431	26.17647654928737	27.825356540459712	0.0
159.0	26.60707891661093	20.45057887494905	24.66428405746187	28.278058150978154	0.0
160.0	26.297227971164954	21.04615994396939	24.596266577786384	28.06034550707927	0.0
161.0	24.622106116566076	19.66557066930907	29.100756688586614	26.606386811998917	0.005179713539320782
162.0	25.571748045753356	22.051964606234222	26.48429283409116	25.891769305434504	2.2520848675661496E-4
163.0	25.564163776406467	23.980226115940724	26.55465970001351	23.900950407639296	0.0
164.0	26.01105818497123	22.124252559035167	24.897131853653594	26.96530522617479	0.0022521761652196434
165.0	27.28601544130233	21.347104981036207	27.639390636120396	23.72703849514869	4.5044639237484346E-4
166.0	24.16829018344801	22.218943907025977	27.056385770110026	26.55615491165441	2.252277615738916E-4
167.0	27.309890020788618	22.556661929354743	26.923397440950648	23.209600151353737	4.5045755225870673E-4
168.0	26.71501773748522	24.420519173376878	24.019595697955967	24.844642153274396	2.2523790753983895E-4
169.0	26.67097649043692	21.43228808844299	25.29806485909354	26.59844530991312	2.2525211342795424E-4
170.0	32.013938789163426	21.779695950588028	23.837401816908102	22.368738188182665	2.2525515777997528E-4
171.0	26.093058039636162	22.24161932522109	26.436574476616105	25.228072388486684	6.757700399605351E-4
172.0	27.762999934682185	24.50769511445258	24.758380388438294	22.970699328577897	2.2523384904376967E-4
173.0	30.3193142558568	18.490182741985613	22.74725571716207	28.441445540005496	0.001801744990022837
174.0	25.177584490579125	24.62399834239461	24.498101411216762	25.69964010143824	6.75654371258564E-4
175.0	25.864220332264225	23.668870950304516	22.765685249918917	27.700097300803634	0.0011261667087102238
176.0	25.591285465865372	22.41726508510006	28.417967870110918	23.57145431446926	0.00202726445439556
177.0	22.342335442510468	25.63134527057011	24.166709841349935	27.837083523865086	0.02252592170440134
178.0	25.844091192708905	21.59373247225407	25.129803869450534	27.43147144089616	9.010246903290768E-4
179.0	27.77457363642508	24.24696420123009	22.873814405118615	25.103070718904185	0.0015770383220312255
180.0	27.690585241730282	21.064404862878146	25.22838563754594	26.01639807746678	2.2618037885213457E-4
181.0	29.498402679055257	20.419180548281265	25.75439121552836	24.3273453636881	6.801934470163314E-4
182.0	25.709155949701103	21.745862265173205	26.08954871997153	26.455433065154168	0.0
183.0	23.676789292806557	24.134710421559472	27.0862614593629	25.10178543901488	4.53387256191003E-4
184.0	27.207394291958458	21.41524426600045	25.792286050460554	25.5798611189829	0.005214272597637255
185.0	25.620164440202842	23.883273298529016	24.15711361426146	26.338995269000502	4.533780061795422E-4
186.0	26.21839252438145	21.966883844085654	25.919376850428687	25.895346781104205	0.0
187.0	23.753550320751156	23.08066647110056	27.271466222777086	25.89386218047113	4.548049000679933E-4
188.0	27.552206154902702	28.598489586057436	21.28110026901832	22.567521779568704	6.822104528285582E-4
189.0	24.732444589990948	22.895829637816618	25.074024042463193	27.296792064076847	9.096656523894642E-4
190.0	29.372135603243375	20.385748240137378	25.195319163453995	25.046342101372638	4.5489179261483175E-4
191.0	26.534407652585053	23.584821703622065	24.487313768309406	25.393228685328058	2.2819015542031485E-4
192.0	28.06138749429484	22.49452304883615	23.98219990871748	25.46188954815153	0.0
193.0	28.365019184986178	24.118072690668633	21.429663800521794	26.087244323823395	0.0
194.0	29.202630731897738	22.229501909586283	23.629332523690056	24.938534834825923	0.0
195.0	26.75821566227646	21.171656650165318	25.483851816670622	26.585362512102005	9.133587855981588E-4
196.0	29.40133658075672	20.858732495791653	26.270416798535905	23.46928478710571	2.293378100073847E-4
197.0	25.721055698025957	24.082365732478817	23.033182095522964	27.162478954394693	9.175195775739864E-4
198.0	27.867221251953307	22.66637558599136	23.855823145509696	25.6103502160125	2.2980053313723686E-4
199.0	25.791554751172953	21.87118862900158	25.03671596712278	27.30007954165562	4.611110470679101E-4
200.0	27.574487316058637	23.364184294140163	24.709590544572492	24.35173784522871	0.0
201.0	24.973828267316005	19.703971185729372	29.40734284278052	25.914627116220938	2.3058795316297496E-4
202.0	25.532371213903225	24.25385009201478	28.628818382661557	21.58496031142044	0.0
203.0	26.560265365061497	24.47591323042287	22.46053202188616	26.502366694654867	9.22687974607627E-4
204.0	26.33390546850488	23.530673827584298	23.379565546389088	26.755624457855788	2.306996659468837E-4
205.0	27.908913677944792	22.9942205867085	25.797639784512093	23.298303090428785	9.228604058278635E-4
206.0	25.734288001956717	20.67359055238025	25.304871717365167	28.28701898338406	2.3074491380523744E-4
207.0	26.133764738191562	24.11513155617302	26.389469044316694	23.361403881259044	2.3078005967972344E-4
208.0	28.81432221758008	22.20950121067611	21.114468329682452	27.861708242061354	0.0
209.0	27.26987293144208	18.75392471926714	25.903147163120565	28.072593454491724	4.6173167848699765E-4
210.0	25.415404366941296	23.329838918239922	25.16094321498504	26.0935825913474	2.309084863486903E-4
211.0	25.66064234763647	25.571709723916175	25.439581254388884	23.32714269874709	9.2397531137968E-4
212.0	29.629963460885122	20.90148305819218	23.93184911957142	25.536473247405166	2.3111394610885006E-4
213.0	29.704765472870154	22.227232991521777	22.21266321617384	25.854875786883504	4.625325507282575E-4
214.0	28.135602634660696	24.535161981642542	24.99710705739135	22.332128326305412	0.0
215.0	25.467041955461916	24.225154713811357	23.226215144434363	27.08135614458055	2.320417118181164E-4
216.0	25.588786320928804	23.704952175435874	26.61744344854011	24.088818055095214	0.0
217.0	28.689333048818078	21.39033122317851	26.614505536192713	23.305118903667875	7.11288142826659E-4
218.0	25.064948137354527	22.743351803209542	26.017361044538607	26.17409935387388	2.3966102344843455E-4
219.0	27.241502440019723	22.620646769190408	23.887902408927385	26.249219655215132	7.287266473473135E-4
220.0	29.44982161451665	20.514696378884427	24.04753369571314	25.98770444829747	2.438625883087398E-4
221.0	25.721834540699994	21.628442964852578	25.012188575734147	27.63728768486007	2.462338532150754E-4
222.0	26.008286019646288	24.73997194811148	25.02921033684688	24.222282566722885	2.4912867246804305E-4
223.0	30.286780017386732	21.6482522289388	25.197117036977133	22.867092574247415	7.581424499120555E-4
224.0	31.659961518278816	21.362425311745035	24.039414611392925	22.93769155303405	5.070055491757357E-4
225.0	32.19859457558171	19.019108572477233	24.735112925877498	24.045909511465908	0.0012744145976545675
226.0	26.26650561113348	21.991565232652977	25.7133934194361	26.028019533145436	5.162036320087548E-4
227.0	27.211837884257484	22.87547408178873	26.105103247378686	23.805235585694934	0.0023492008801672634
228.0	28.27038107311491	28.369330425219747	23.299554071752716	20.060209499662733	5.249302498930454E-4
229.0	28.196007856005046	23.973007572404327	21.3784585373094	26.45252603428123	0.0
230.0	25.71085901418646	22.559439700190453	27.93432183582596	23.795379449797128	0.0
231.0	26.220375508518103	23.667798065661	25.2912514504825	24.818400950049053	0.0021740252893491783
232.0	24.69664368824263	25.1258788219332	26.024093083174588	24.152836213630817	5.481930187619061E-4
233.0	22.588249684475063	25.09048754857972	22.307752183654976	30.01351058329024	0.0
234.0	26.5895806429688	19.91096309386257	27.999614853077777	25.49842542875915	0.0014159813317021228
235.0	25.51557441910654	20.2825695993094	29.08596503848644	25.11531544493202	5.754981655995972E-4
236.0	28.864718754022395	23.332533729624732	25.154752571408512	22.64770240700219	2.925379421710996E-4
237.0	27.50004424074041	24.699900310864937	22.765990078276616	25.034065370118036	0.0
238.0	27.725931434877527	21.855132787947124	24.153131972266873	26.265803804908476	0.0
239.0	28.316627583241598	22.242178994971503	25.02996057097377	24.409098255425686	0.00213459538744431
240.0	26.083382673435707	21.616633703279124	27.130232675325328	25.16975094795984	0.0
241.0	29.036092534612195	20.35521839341399	23.246530897946442	27.359951065245287	0.002207108782085844
242.0	26.9287397867944	23.458935488559312	21.369217256131083	28.242475560975915	6.319075392888513E-4
243.0	27.43554549134703	22.527767938467765	26.169542556421415	23.863981378402997	0.0031626353607934424
244.0	27.253662121749713	22.053512595671346	25.87403061483096	24.81784429013128	9.503776167063713E-4
245.0	28.60733383050632	20.7790806530949	23.64977865223807	26.96222014185297	0.0015867223077289244
246.0	25.221686149621465	27.036811024873348	22.776622996878913	24.96201936217955	0.00286046644672858
247.0	25.865196117495177	22.42704365427219	24.74730248792694	26.822115614490862	0.13834212581483193
248.0	25.922688453673366	23.199844317757666	23.048628369260413	27.815758998784528	0.013079860524023877
249.0	25.8787495124275	20.90327201110067	29.711229194242488	23.48852526105111	0.018224021178230927
250.0	26.873988105733932	20.982960101309654	25.44988217943991	26.692207813025988	9.618004905182502E-4
