# Position (bp)	A	C	G	T	N
0.0	24.391654051075086	23.5423741059172	24.81352167389438	27.25243336699358	1.6802119755428345E-5
1.0	23.045566500810942	30.031998438478887	23.50979706933073	23.339911218670643	0.07272677270879643
2.0	25.097562044709065	26.312675018595595	21.99685740298754	26.592069024707467	8.365090003349382E-4
3.0	25.61662683054887	22.34181879695314	24.312992034838036	27.723163191126275	0.005399146533672705
4.0	26.13018260624418	23.89610537103125	24.05231340880577	25.921315107002425	8.3506916376842E-5
5.0	28.32354544429477	23.597886563236635	22.519183795472483	25.55876703289518	6.171641009320179E-4
6.0	25.99149487149643	24.23688542920194	23.89595096404944	25.869940703212514	0.00572803203968061
7.0	26.027504720902506	25.07135784158443	23.15839928414465	25.74208997453488	6.481788335373712E-4
8.0	27.25847377516261	24.33753801962924	23.946296548132768	24.457658488369393	3.316870598927324E-5
9.0	26.520736553070517	25.533720617127422	21.737967609102103	26.207492470110072	8.275058988758002E-5
10.0	24.928683773301373	24.96559029265944	23.240971130900412	26.86472173278093	3.3070357847728195E-5
11.0	27.972828315403188	22.138386216156892	22.806478025192963	27.082226981279394	8.046196755902207E-5
12.0	28.84042627017724	23.866321387844277	20.240861992274898	27.052390349703586	0.0
13.0	25.194032596189174	22.92299074579364	25.26239974662092	26.62046704682946	1.0986456680950629E-4
14.0	27.08686416784048	21.368876181557553	23.73411464754137	27.8101294472959	1.5555764694169778E-5
15.0	25.7902095191392	23.259733189930394	24.439284919356613	26.510741607213255	3.076436053430926E-5
16.0	26.254102565968534	24.773661465838025	21.653801044046944	27.318374280155833	6.064399066567696E-5
17.0	28.60788145304152	26.508354212720853	19.467885811385585	25.41479117112101	0.0010873517310267177
18.0	25.926819967345548	26.0595851181595	19.285467288162575	28.72796472430683	1.6290202553859482E-4
19.0	25.23059751886506	24.203421217920553	22.142743402758324	28.422795537849545	4.4232260651865565E-4
20.0	23.01633508209127	25.331911601135587	24.183231252492963	27.46850742133664	1.4642943536224005E-5
21.0	24.42950028233089	24.37766081039222	23.50970247809553	27.682830892018657	3.055371627033405E-4
22.0	23.380247866447572	27.175181489421213	25.180666798093938	24.26387498206826	2.886396902087933E-5
23.0	26.30169270234206	23.274916026319424	22.594556664979525	27.828532646206227	3.019601527630792E-4
24.0	28.541417088437843	21.657262145712927	24.620434446398793	25.180843565150003	4.275430044130989E-5
25.0	25.112316218016645	25.1204718206966	19.969085036080415	29.797985580272545	1.4134493379473973E-4
26.0	26.648521028276594	25.305515021483373	19.73380365357938	28.312132169702313	2.812695833947439E-5
27.0	25.822311154679532	25.065111820064402	19.945623949815012	29.166939047256186	1.4028184867909208E-5
28.0	27.90906823219653	23.559742278233056	22.77776989858928	25.750749936526184	0.0026696544549441583
29.0	27.76070150960397	23.14520282430741	22.208654923112693	26.88510998263646	3.3076033946484906E-4
30.0	23.707581105322397	24.340107921772532	24.90868089235746	27.04343835595615	1.9172459145886116E-4
31.0	26.3165962402739	24.664902427000097	22.616711545450762	26.401367024355913	4.227629193279706E-4
32.0	24.530097835877267	22.073288758379114	24.673329051460545	28.72309493079751	1.8942348556261548E-4
33.0	23.5725396772137	25.525161896453376	24.126202060195283	26.77602925879945	6.71073381874308E-5
34.0	26.502088332521385	26.91077362113021	22.127530064419567	24.459541355699844	6.662622898741991E-5
35.0	25.22500437427745	22.440135832547902	25.938738442524638	26.395962766573227	1.5858407678429553E-4
36.0	24.1798854880886	24.487901348297335	25.482346894658708	25.84974742039193	1.188485634245923E-4
37.0	25.341869701788607	25.186106544164844	21.65983142885733	27.812152721030152	3.960415907036893E-5
38.0	27.76329100809131	25.102165932282695	20.897600455082692	26.23679742155004	1.4518299326416904E-4
39.0	23.555113637113408	27.710366887611226	21.081502282243367	27.652792861506953	2.2433152504529514E-4
40.0	26.865960732726972	25.889193748321865	22.562274997575564	24.682504550351396	6.59710242067479E-5
41.0	24.26819631212261	24.52740578128937	21.598832185351657	29.60077678407698	0.004788937159381897
42.0	24.75927805445855	25.547750100320048	20.2412878535045	29.45160484375004	7.914796686021862E-5
43.0	25.9049716609614	25.938750850580046	22.0908118098167	26.06170657319816	0.0037591054436990866
44.0	28.700069395959737	24.829154321474476	22.366230781262406	24.104334491163552	2.1101013982850677E-4
45.0	26.352110083420182	24.498745743545168	21.341492681218433	27.803840725253487	0.003810766562725481
46.0	25.559312639165622	24.726678979517143	22.256663864455977	27.45734451686126	0.0
47.0	25.8166833482923	24.44829346442384	22.720149997521485	27.01309340620514	0.0017797835572257103
48.0	22.82987746010616	23.854467813096182	22.269706385320255	31.0459483414774	0.0
49.0	22.275627276562314	26.056069903732528	24.39674846377552	27.269788391312982	0.0017659646166585023
50.0	27.384476024549148	24.908147595852846	20.105467025049506	27.601843465660625	6.58888878785926E-5
51.0	25.409719103025953	26.154799476286854	21.149997542706508	27.283046348244472	0.002437529736215802
52.0	23.24861811590199	25.881182961191485	21.752052765478286	29.118133002891366	1.315453686822048E-5
53.0	23.297461887848364	24.82640221078335	23.70950041888416	28.165085032958874	0.0015504495252470997
54.0	23.334327106636255	27.780803479511736	22.854845722278945	26.029944855436206	7.883613685585456E-5
55.0	24.607398918738006	27.488246197137066	22.851643263542105	25.05120341970778	0.0015082008750450329
56.0	27.290160897069647	25.09659633400111	24.202409004056882	23.41083376487236	0.0
57.0	23.32501137494575	27.479692279853822	22.170575670597305	27.01975110176348	0.00496957283964539
58.0	25.504756300718512	25.08099359839185	22.136183049334573	27.277896607721946	1.7044383311922966E-4
59.0	28.043585905060013	21.712404921637166	24.23279517375092	26.008526457280468	0.00268754227143469
60.0	24.10620194793386	23.111758289769007	23.03830915643605	29.74370442078681	2.618507427199929E-5
61.0	25.921757504032172	23.567635784755243	22.880281100102636	27.624368991014016	0.005956620095934313
62.0	25.30607505508592	21.702385241163213	24.886503112459053	28.104787866855453	2.487244363642457E-4
63.0	26.92071064349936	24.217679274224395	21.886091369123122	26.97300542216351	0.002513290989616181
64.0	25.751563689335594	21.733481115140005	23.40535975279532	29.10954315526358	5.2287465504978615E-5
65.0	24.562967420595765	25.87105560312607	23.109897732618396	26.45103390818352	0.0050453354762502595
66.0	24.435844199638083	23.307356150122633	23.93661175188163	28.319795789931835	3.9210842582190823E-4
67.0	26.863918549788924	24.947237724308287	21.440983885091423	26.747088730019737	7.711107916301804E-4
68.0	24.193010025035143	21.950877484629448	26.668896252883695	27.187020201148933	1.9603630278669523E-4
69.0	23.419561522431586	25.34769241384826	24.595878056806423	26.63377078633595	0.003097220577776697
70.0	26.959272078389553	22.661030987316458	24.432419167140402	25.94689921241033	3.78554743258299E-4
71.0	24.631209933627233	22.86790851335968	25.876143853299155	26.62376072925244	9.769704614934907E-4
72.0	28.05972567639839	25.33338317593405	22.03484935594937	24.57032248249496	0.001719309223234328
73.0	25.73653799693547	22.30102556789137	22.60614976065307	29.352600907636372	0.0036857668837101476
74.0	24.923561419268903	25.077506467879907	23.71868518608715	26.279348338797355	8.985879666829628E-4
75.0	26.165392462915953	24.71759505480109	22.058227560618224	27.056519014606508	0.0022659070582223516
76.0	27.05427533614278	24.47001208178947	24.423888242275428	24.050899779485857	9.245603064643956E-4
77.0	24.284935977651102	24.60002796998097	23.649660623084714	27.464672273337033	7.031559461861733E-4
78.0	27.88895761040111	25.85408759171609	20.067643669555142	26.188933521702616	3.776066250431318E-4
79.0	27.373364053079452	21.325072247608617	22.624871666502823	28.67397074419431	0.002721288614792482
80.0	24.143172710685235	23.363886087416862	27.506058861379344	24.984148138542274	0.0027342019762811886
81.0	25.12677976658722	25.013716301319604	21.902166511601504	27.956881729417933	4.5569107374097116E-4
82.0	23.63212715586603	22.43176063650841	23.387064855907585	30.54786259534034	0.001184756377634716
83.0	25.791526078866127	21.89016660671465	23.8021476751572	28.515222278767627	9.373604943951701E-4
84.0	23.704708810083844	25.73087135404001	24.92510592961077	25.638181317333714	0.00113258893166401
85.0	25.55354763861765	26.41346171620401	21.298042363431346	26.734375500370096	5.727813768987378E-4
86.0	25.5400686160112	25.246297531479378	22.394447820225842	26.817402682470533	0.0017833498130476642
87.0	22.85447073938075	22.259300671264988	25.190569228025737	29.694891383154726	7.67978173799969E-4
88.0	25.05928483337835	26.271846618919476	25.54037089221738	23.127755740889583	7.419145952172542E-4
89.0	26.820261526805606	26.045848863605155	22.407857335952237	24.725108169045544	9.241045914592171E-4
90.0	24.42112384516309	25.435240629851407	24.87885470582049	25.2646376521865	1.431669785103762E-4
91.0	26.75354149384236	25.27736268129796	23.53283386402923	24.435702328927686	5.596319027666901E-4
92.0	26.350898317057798	24.13576708983587	22.211411773463663	27.301909805458774	1.3014183898747566E-5
93.0	27.122571621065717	26.063616926773474	20.67704334945713	26.136468782823513	2.993198801627311E-4
94.0	28.273834737560318	23.42125156764462	22.607956822086177	25.692584320313404	0.004372552395475501
95.0	24.303453657033405	26.309603422256245	23.408407628790396	25.975919644178212	0.0026156477417395305
96.0	26.253260814544216	24.350716146248452	23.783051064482635	25.612100125273056	8.718494516392265E-4
97.0	25.62870754599995	25.38341697276482	22.9695214328998	26.01821091554111	1.4313279431257939E-4
98.0	28.189377195865546	23.342514299067876	23.727435655821	24.740646826100072	2.6023145506076014E-5
99.0	23.02597649287422	21.883315248927296	25.965199878222993	29.12548235924738	2.6020728112014032E-5
100.0	22.941803465624183	24.68731310632909	24.76327723211132	27.607606195935407	0.0
101.0	24.17235170759376	21.82128156693778	28.103511976312763	25.902737665932946	1.1708322275473405E-4
102.0	25.28872179199021	23.738013075745755	24.137256299916785	26.836008832347247	0.0
103.0	26.046080148449747	25.37330014618356	24.75331118052492	23.827100378812762	2.0814602900957223E-4
104.0	26.68945556288821	27.114220398728932	22.144424987547282	24.051612856226104	2.861946094724952E-4
105.0	27.2463723619632	23.11628086084477	20.489113508273142	29.145019918867465	0.0032133500514266106
106.0	25.93183165528854	23.215598954210343	25.272534569873667	25.579943755697247	9.10649302058861E-5
107.0	26.5016682275471	23.770840810880745	22.531732879088725	27.195042579577912	7.155029055272079E-4
108.0	23.92724887753196	25.101267976529247	24.88845563278892	26.08293645652358	9.105662629476018E-5
109.0	26.9990977875503	24.089904898274767	25.095775522882587	23.814584415138437	6.373761539109922E-4
110.0	25.189644010756044	24.55470289441005	22.296638755913957	27.958910280065304	1.0405885464760014E-4
111.0	24.772680829354822	23.787959534111305	24.491922808714477	26.946747420151958	6.894076674359849E-4
112.0	26.32883161776642	23.70261986422533	23.239523456718185	26.728960025140374	6.50361496934456E-5
113.0	27.644494032212165	21.73834550164432	22.989484248484317	27.626895808631218	7.804090279797447E-4
114.0	26.188328791711918	22.47201212255224	26.91548682062655	24.423938138563894	2.3412654539778748E-4
115.0	27.533496294608177	23.16505968742862	25.7096516052362	23.591181047791046	6.113649359575718E-4
116.0	27.02713390098004	24.52838361432318	24.479643818364327	23.964760620222034	7.804611042249872E-5
117.0	26.174965971670115	26.22682795609409	23.640583830403635	23.956880798864475	7.414429676866147E-4
118.0	26.357381602265196	25.21459930882841	24.842491027360698	23.585241894447005	2.8616709869226843E-4
119.0	27.400853288114625	21.30815137428452	24.48740990934448	26.802987067738183	5.983605181958181E-4
120.0	25.323675668869445	24.156423153784008	24.664610831494578	25.85523831475975	5.203109221977777E-5
121.0	27.825025856328693	23.303111357624083	24.21209903178764	24.65906133104257	7.024232170124822E-4
122.0	27.335936706323423	23.41734915128922	24.36837246522668	24.877938436615594	4.03240545082358E-4
123.0	24.515302674782863	28.055985563693515	22.83740593422937	24.5906294343573	6.763929369488616E-4
124.0	25.4078142850472	24.875881195062902	22.60266230592962	27.113499133779577	1.4308018070246386E-4
125.0	26.939624196937945	23.440495854116726	24.18875660441436	25.430225868662344	8.974758686298237E-4
126.0	24.43448866375945	23.795992283778595	24.691700379502716	27.077727624564286	9.104839495336957E-5
127.0	25.994144364438526	23.28970438275202	27.715534733205693	22.99954996670274	0.0010665529010238908
128.0	26.279670775405627	23.77604413593892	24.17189510170524	25.7637404209308	0.008649566019405985
129.0	24.730700985160038	25.78808770840449	21.84251798903632	27.6354156071555	0.0032777102436509324
130.0	26.202309537312114	24.524643215766666	23.623720753578247	25.649274465018756	5.2028324219705205E-5
131.0	26.699763712689407	24.36860196110924	23.65179268006209	25.279204297343767	6.373487955018263E-4
132.0	26.927865501343234	24.89574236560449	22.311146767642633	25.85940522095907	0.005840144450575079
133.0	26.609596301850765	25.64720863352397	23.913870270818673	23.827399758330007	0.0019250354765828538
134.0	26.873214243674354	22.561827636363923	21.198360775357887	29.36645426948511	1.430751187295866E-4
135.0	25.67739941680496	23.843010523602178	26.038725929937772	24.440356867811598	5.072618434909916E-4
136.0	27.707723610175883	25.95966810162563	24.35744538716643	21.96919275721402	0.0059701438180331376
137.0	28.631726458711455	21.678018609677252	23.73211200768757	25.957921807514783	2.21116408944653E-4
138.0	24.760468613474004	24.01382626694174	26.793893884337677	24.430419556135003	0.0013916791115728654
139.0	26.30035842983851	23.34945777699624	25.089100210781407	25.259756931555483	0.0013266508283633785
140.0	26.61978083265797	21.4670344384827	25.660564406696114	26.252230127139846	3.901950233746329E-4
141.0	25.59224896118979	25.36019696260439	24.883190348842792	24.163908493914764	4.5523344826460456E-4
142.0	28.824322287187986	22.698239915258505	23.30171352062082	25.175464142180292	2.6013475240309233E-4
143.0	27.05351973890006	25.33554133585974	23.62212825378294	23.98864158549565	1.6908596161202392E-4
144.0	28.060222380007417	25.203921610962844	22.587697706055028	24.147403916902554	7.543860721601494E-4
145.0	28.100566535760898	22.377486218996157	22.842090285182433	26.678959513724553	8.974463359607268E-4
146.0	28.023091146139528	21.696086408667085	24.388384296106075	25.887781836948953	0.004656312138355422
147.0	25.994853724988516	24.920883565267744	26.21673871208901	22.86381724376706	0.0037067538876694897
148.0	24.47159556697857	25.087132576391635	23.66156207701015	26.779137501624163	5.722779954818653E-4
149.0	28.10677096847911	24.33300986140652	23.934282262357716	23.623478677191017	0.002458230565638853
150.0	25.740644755984228	24.236847119694964	24.529680353418524	25.49278875075032	3.9020151957478436E-5
151.0	26.55667698025919	24.40161826457981	25.539954808879433	23.501268691543807	4.8125473775778994E-4
152.0	28.150090354052875	23.758882083701163	22.95593872547521	25.134945758302223	1.4307846852449287E-4
153.0	25.441506566488698	22.761594583594725	24.926031317950414	26.87015213608755	7.153958786173505E-4
154.0	23.23962962148806	24.777046178427835	24.983080834653677	26.99756387432042	0.002679491110007808
155.0	27.329220097818013	23.439419705208728	24.091344683560063	25.139755352199096	2.6016121409954107E-4
156.0	25.850336861866865	23.426351922308434	25.639564046421793	25.08351302074661	2.3414865629891105E-4
157.0	25.858760590562174	22.518861090250823	25.751585031428753	25.870481088047214	3.121997110331508E-4
158.0	25.517147358492064	21.199864346260984	25.579952906246067	27.70294432876181	9.106023907995856E-5
159.0	26.780762540191	21.73756257932178	23.645929436594873	27.835173052216174	5.723916761761738E-4
160.0	27.050230969340117	20.83647989950762	26.3129945800357	25.800229505820973	6.504529559249174E-5
161.0	25.2482638927284	20.587634958834407	28.222383044566453	25.937802341417797	0.003915762452937674
162.0	25.69259720128975	23.964663892630895	24.070078986516418	26.272620891390453	3.902817248630924E-5
163.0	25.553163357927332	23.570495681880185	26.917700407841583	23.95857550377197	6.504857892923013E-5
164.0	25.7347629122851	23.74812641295556	24.84047595908597	25.674943429737933	0.0016912859354352896
165.0	26.91419240457384	21.697266189371618	25.908914265001926	25.479028668277078	5.984727755384921E-4
166.0	24.715890277252477	23.531090900409275	25.298922317082674	26.454005430894274	9.107436130526213E-5
167.0	27.242015369388493	22.619970316676334	26.42449442783878	23.71310353369989	4.1635239650487775E-4
168.0	25.799926979509763	24.331736302867967	24.42791724795505	25.440328389226796	9.108044042337311E-5
169.0	27.218394729076117	22.72260977144514	24.979649545393745	25.079059694493356	2.8625959164809014E-4
170.0	31.014016068552497	22.5522756235848	23.066710802748407	23.36682835149913	1.691536151640751E-4
171.0	25.62096250277629	23.415567979063205	26.426324836457333	24.536494115170314	6.50566532853805E-4
172.0	27.43285188065204	24.27081628771964	23.919202945586107	24.376959784882512	1.6910115969575318E-4
173.0	28.74983156206866	20.255331093043814	23.251120014692468	27.742156515387293	0.0015608148077622442
174.0	24.7521292148569	25.72134469608287	23.56285150905014	25.963167314405823	5.07265604270396E-4
175.0	25.710888977048796	24.15635954500816	23.003037181079726	27.127984339331817	0.0017299575314936818
176.0	24.610873493870116	24.00788171495982	27.985655466086136	23.394314556028505	0.0012747690554234465
177.0	22.980867272933995	26.434486209122422	23.745179872923742	26.814775730261776	0.024690914758064158
178.0	25.449300299292894	23.012786384430267	23.489737683939474	28.047746380070105	4.2925226726494897E-4
179.0	28.39557484468078	23.79322963152021	22.8632591206745	24.946674570681022	0.001261832443481289
180.0	26.871871025030238	22.52280601222039	24.976490730165203	25.628649737559115	1.8249502505526339E-4
181.0	27.937615049558907	22.08905856999646	25.970540005078952	24.002120839848402	6.655355172816085E-4
182.0	26.235413503632778	22.767867047000692	25.021565398686473	25.97508879985196	6.52508280982594E-5
183.0	24.629994060589812	23.56370614497303	26.03273109636866	25.773007514508876	5.611835596186405E-4
184.0	26.626387805246676	22.283806743951057	25.778245081714523	25.30752743634166	0.004032932746082639
185.0	25.186110678645434	23.950488458560528	24.150076623637457	26.712802235324805	5.220038317691271E-4
186.0	27.64412551484235	22.984139090405918	25.52459138558581	23.847130958249206	1.3050916715966504E-5
187.0	25.22614990791955	22.292565450828306	27.228723351425327	25.251999345530923	5.619442958994794E-4
188.0	27.650430585840358	27.289949233058998	21.98024004905746	23.078883493242312	4.966388008734569E-4
189.0	25.534785009028756	23.360695804740537	24.457137733704588	26.646597252791487	7.841997346268098E-4
190.0	28.886972097837038	21.33486908990999	25.290692734792596	24.487283083315404	1.8299414497162153E-4
191.0	27.38571969106522	23.915405865290015	24.137836710499744	24.560736708759038	3.010243859855087E-4
192.0	27.985009084966755	22.77948412676598	23.64148922775034	25.593965205140144	5.235537677939564E-5
193.0	27.76111236196271	24.11493813520717	21.677339630643885	26.44642660788246	1.8326430377890994E-4
194.0	27.689617421099133	23.312062004568446	23.69096368453084	25.307356889801586	0.0
195.0	26.562426967904436	21.802655674478448	24.282221744197265	27.352158817288867	5.367961309829692E-4
196.0	28.900582141198754	22.511982559374992	25.560025604768366	23.027304757082632	1.0493757525991727E-4
197.0	25.449796964916754	23.961563973631154	23.55746170986082	27.03060010012689	5.772514643820104E-4
198.0	27.741434335267005	23.28341922049292	23.706878774720305	25.268188861910417	7.880760934752816E-5
199.0	26.59370000139447	22.958793979368703	25.152963995610317	25.294199984160944	3.4203946556596613E-4
200.0	27.25016850304174	23.52307725300375	24.014133862789645	25.21260722457367	1.3156591195635486E-5
201.0	26.233076679056193	21.346715898464748	28.13082013100381	24.28921624417765	1.7104729760400892E-4
202.0	26.086317475702476	24.835679781273935	27.480711922915326	21.597290820108263	0.0
203.0	26.544568993793238	24.152658155472757	22.240745800868808	27.061447913820345	5.791360448482954E-4
204.0	26.031876454812945	23.119413824328163	24.76373172956338	26.084912173823415	6.581747209043006E-5
205.0	27.38751293202576	24.149408717307598	25.411366439407036	23.051014217033718	6.976942258957506E-4
206.0	25.92107076883702	21.67981969535213	25.4870162142791	26.91201432831608	7.899321566767238E-5
207.0	26.515790546503364	22.880221280177356	26.41226627044249	24.19153755539971	1.8434747708626697E-4
208.0	28.719812775664	22.09564561183085	21.539780561910067	27.644708370703132	5.2679891953541607E-5
209.0	28.30534061961878	20.198919965852618	25.131941752394066	26.363204917096706	5.927450378349157E-4
210.0	24.81586876244152	24.481187693580537	24.578585628633647	26.12410760278295	2.503125613430455E-4
211.0	25.011082325469847	25.34841460811263	25.15278059631081	24.487103124925877	6.193451808356152E-4
212.0	28.910419052964848	22.471912482238295	24.47919104046841	24.13825332266961	2.241016588400261E-4
213.0	30.151425867348124	22.803748572972037	21.984908849578062	25.05971887812917	1.978319726010631E-4
214.0	28.368300819929242	24.21836328488467	24.275134012303493	23.13817549016878	2.6392713816282166E-5
215.0	25.914013861277763	25.17786648003763	22.63806878076755	26.26973360150241	3.172764146496039E-4
216.0	27.33261881814389	24.20817453366553	24.89148300560281	23.567683651065973	3.999152179737895E-5
217.0	29.568755345359193	23.26284214996588	24.582733140878034	22.58513247900646	5.368847904297064E-4
218.0	24.793958097451167	24.495753884251254	24.65868253589659	26.05140254876529	2.0293363569543125E-4
219.0	26.810187998510592	22.296244051890298	24.511999703318835	26.38103651073499	5.317355452804858E-4
220.0	28.18561679755543	21.191443564553726	25.091364845172443	25.531355823646688	2.1896907171346585E-4
221.0	26.154859492238618	23.120954866160222	23.738776538123847	26.985271335237382	1.3776823992945166E-4
222.0	25.789772773082515	24.947294731641705	23.62864130641785	25.63415217984208	1.390090158467498E-4
223.0	31.742941231822204	22.762314288426833	23.125088435751927	22.369039009614937	6.170343841008189E-4
224.0	30.00328636465097	22.481194066439105	24.92900159173624	22.586433639329773	8.433784390864299E-5
225.0	30.70203172644194	19.63915579997604	24.504585144448438	25.15347858419962	7.487449339635223E-4
226.0	25.6068711417235	21.947873311008685	26.04615780573568	26.399012235612133	8.550592000237137E-5
227.0	27.7942050888635	23.427667145273976	25.376099784231265	23.40093511767341	0.0010928639578499627
228.0	27.72029065090999	27.934124285368654	22.232938203768597	22.112545811182	1.010487707561393E-4
229.0	27.637637992817986	25.778412262059913	21.271114642558718	25.3127914765177	4.3626045679959915E-5
230.0	25.917529489574598	23.21644098051179	26.7873879311241	24.078612314570496	2.9284219012574206E-5
231.0	25.65061104560907	25.121185354106583	23.85799527022282	25.368919360588173	0.0012889694733507783
232.0	25.61519388244119	24.7575539289956	24.289673196388758	25.337459927191762	1.1906498269092814E-4
233.0	24.013538507965766	25.22378950478583	21.806715420965332	28.95547564596991	4.809203131572734E-4
234.0	28.05451034808682	21.47758992971151	26.158886151404502	24.307673756416264	0.0013398143808976573
235.0	26.0558024418588	21.345008680041353	27.820751876367535	24.778190824897035	2.4617683528292564E-4
236.0	29.014786659894682	23.620629567373808	23.580673194067653	23.783739359300256	1.7121936360253013E-4
237.0	27.485274168997577	24.917947569265365	21.888297638722097	25.708355136598236	1.2548641672282184E-4
238.0	26.990573622818186	22.705215736026503	24.30026312040891	26.003883999614423	6.35211319719802E-5
239.0	28.200280851151465	23.158684118395108	23.570580906240508	25.06942442246603	0.0010297017468890136
240.0	25.8007867958975	21.639994433390928	25.716576958535704	26.842410421062407	2.3139111345734352E-4
241.0	29.21313338144738	21.66130169081554	23.310959362273145	25.812503816659984	0.002101748803947713
242.0	27.499069861642848	23.818475475448743	20.74692059098246	27.934489065835884	0.0010450060900632694
243.0	28.365653281617426	23.115683916442496	24.148106618169702	24.368261689409596	0.0022944943607813052
244.0	26.69892707408799	23.426792896380224	25.3356808168683	24.5375497415969	0.0010494710665824424
245.0	28.83001486211409	21.166447333947666	23.275529177036717	26.726323163704535	0.0016854631969932673
246.0	24.73944180322237	26.56012694360241	23.432659591843287	25.265197215117887	0.0025744462140511602
247.0	25.507519952870126	23.107009513271112	24.794925227736588	26.457456357364016	0.13308894875815763
248.0	25.89918077184957	22.478709914863142	24.397556054063656	27.21450518784106	0.010048071382572686
249.0	24.99792695793987	21.776360727147466	28.4731023423441	24.73743850045304	0.015171472115523863
250.0	27.767596123131415	21.862242044157266	24.28066862639651	26.08839810280899	0.0010951035058138203
