# Position (bp)	A	C	G	T	N
0.0	24.397307820682993	23.521459871971015	25.164096473739487	26.917046269443635	8.956416287063889E-5
1.0	23.103542411981522	29.758243354721397	23.926218183236337	23.136021939608323	0.07597411045242404
2.0	24.834006645669927	26.314413316032592	22.61824911883735	26.23241087762494	9.200418351926092E-4
3.0	26.23217439399983	21.72371404295198	24.08187656532435	27.955117359474833	0.007117638249001678
4.0	26.312794843383873	22.793417971047823	24.587334095726696	26.306364186754568	8.890308704116006E-5
5.0	27.969028842024063	23.941375261257726	22.44079909565829	25.648263999580863	5.328014790569059E-4
6.0	26.572344838366433	23.481596546805786	23.838162252022542	26.102902610904877	0.004993751900358989
7.0	25.72169940407381	25.065466950396104	23.276007483285284	25.936088921812406	7.372404323885646E-4
8.0	28.37216528608508	24.00281658063227	23.187179320436655	24.437838812845985	0.0
9.0	25.696252382072544	25.60568296651839	21.755102532272698	26.942756546532976	2.055726033978802E-4
10.0	24.414508088214586	24.924481049261594	23.10067198370152	27.560338878822304	0.0
11.0	27.398156746249004	22.777479938510805	22.39281697010721	27.43140414070843	1.422044245484654E-4
12.0	28.24225850144068	24.21261669338123	19.698524049693848	27.84660075548424	0.0
13.0	25.474150033385285	22.931186401310242	25.2009699887219	26.393499556664484	1.940199180847906E-4
14.0	26.112406229051977	21.85314488474793	24.018901246288227	28.015520178346392	2.7461565479494038E-5
15.0	25.791320540469314	23.603859007722463	24.440635301428717	26.164158036897113	2.7113482396029283E-5
16.0	26.96366634886147	24.808669433912495	21.04677610165423	27.180861416731254	2.6698840549451457E-5
17.0	28.7128668800429	26.615429489488985	18.81857399602852	25.851872837261524	0.0012567971780714027
18.0	25.22270409468114	25.7934040277706	19.899771797920295	29.083938328056913	1.8175157104759787E-4
19.0	24.486308177402773	25.269940877100684	22.049934609071705	28.193429102344936	3.87234079903429E-4
20.0	23.165605322266362	24.97622890723653	23.866279568537703	27.991732550942356	1.5365101705449463E-4
21.0	24.15487679631013	24.132104833374548	23.04672598390256	28.666063650177918	2.287362348440006E-4
22.0	22.821942029182456	26.96740988034041	25.20300405995537	25.0075936994566	5.033106516388172E-5
23.0	25.372010705430554	23.714187150627353	22.911204701651133	28.00237196986987	2.2547242109028945E-4
24.0	28.569561437990355	21.4534659505897	24.05983896948406	25.917059240034174	7.440190171260777E-5
25.0	25.14916825904111	24.6488740551529	19.41883416543508	30.782975926447058	1.475939238533428E-4
26.0	26.539590985602008	25.474661901349016	19.828587550354793	28.157061685431778	9.787726240233379E-5
27.0	25.36724201248623	25.09193259155656	19.913795797813737	29.62700518045647	2.4417687000414124E-5
28.0	27.303925380624598	23.743000569469753	22.924756091611695	26.025975355821995	0.0023426024719527695
29.0	27.850893035267394	23.96251897517547	21.59921558909039	26.58701358845027	3.588120164709068E-4
30.0	23.435188846766618	24.330442866866168	24.805958188683263	27.42824374218129	1.6635550265978684E-4
31.0	26.703883105945526	24.5620694572847	21.866313611884287	26.86737906726654	3.547576189520034E-4
32.0	24.236752932449697	23.035862801440093	24.618598905318684	28.108551214376966	2.3414641456278307E-4
33.0	23.88977863481814	24.745085859838362	24.517068829251446	26.848066676092053	0.0
34.0	26.76311088932628	26.497696964737667	22.357933904186652	24.3812582417494	0.0
35.0	25.824119106248393	21.874222673933456	25.90399468860346	26.39748163407297	1.818971417137894E-4
36.0	24.339033137680616	24.271493307241258	26.061628221062662	25.327663592123944	1.817418915287151E-4
37.0	25.79477558469389	24.801040677112347	20.990160305244697	28.414023432949065	0.0
38.0	26.958130419195314	25.187751156976702	20.950592900182933	26.903502818906784	2.270473827453525E-5
39.0	23.326910670352586	27.24731535260102	21.251039104846644	28.174598670581403	1.3620161834762922E-4
40.0	26.936165567006988	26.07678998183513	22.214865685964977	24.77213337004288	4.5395150027566205E-5
41.0	24.448532040029185	24.075882517812623	21.519874452061092	29.951376272755848	0.004334717341252325
42.0	24.690787071569474	25.582554774456383	20.068109104367775	29.658503664716402	4.538488996319966E-5
43.0	25.70907929172167	26.07116909307827	22.433888773673228	25.782436625208693	0.0034262163181380256
44.0	29.078111692364793	24.947489787223038	22.059167178269735	23.915027154665662	2.0418747677367454E-4
45.0	26.064151713812585	23.863303314202756	21.847197332304972	28.22180886055849	0.0035387791212031852
46.0	25.470797234191	24.07255938949693	22.2466436757206	28.20999970059147	0.0
47.0	25.75100423831549	24.22435333765927	22.843107481113336	27.179901942884467	0.0016330000274434725
48.0	22.512152721486313	23.90223042317251	22.64812897178419	30.937487883556987	0.0
49.0	22.13920642042609	26.196909179166084	24.197146331183472	27.465082993003563	0.001655076220794423
50.0	27.51850694823858	23.795217732936813	20.33000789381929	28.3562447546455	2.2670359819416983E-5
51.0	24.637956777176672	26.677602745610134	21.4753415749087	27.207081538011334	0.002017364293150686
52.0	23.312531291335116	25.799654878641675	21.22781540534105	29.659998424682154	0.0
53.0	22.712884067213203	24.694149555206746	23.754328051013264	28.837282456258496	0.001355870308293271
54.0	23.226760607936804	27.772163797661715	22.172655497959536	26.828216727752597	2.0336868935658667E-4
55.0	24.436578836127943	27.29734817528533	22.392763139354656	25.871957164999294	0.0013526842327744118
56.0	26.487866192919125	25.389495951189755	24.957834755522732	23.164803100368385	0.0
57.0	22.90535848199222	27.612471004726924	22.827166195687184	26.65058641960699	0.004417897986678234
58.0	25.242037955301576	24.892734331369446	21.824163183546784	28.040816620893672	2.479088885252892E-4
59.0	28.271444300772092	21.87582111454793	24.376538850351746	25.473807037461526	0.002388696866705757
60.0	24.153096807577224	22.885104276811628	23.558032801637832	29.40369862089136	6.749308195909919E-5
61.0	25.794084644172514	23.436396292307013	22.895076175795975	27.869381298304436	0.0050615894200633305
62.0	25.71865036865776	21.6014753058801	24.916099626337125	27.76363972969222	1.3496943279770715E-4
63.0	26.42980520697223	23.406879422398262	22.426559818682936	27.734596158574153	0.0021593933724168538
64.0	25.670055561831152	21.04809991383099	23.43365873344357	29.8481184187212	6.737217309168881E-5
65.0	24.16782500712969	25.849623080878736	23.984406753779858	25.993788750137544	0.004356408074175707
66.0	24.18838882247218	23.703070308198477	23.5430564400305	28.564900600983883	5.838283149547174E-4
67.0	27.22972005031451	24.239680113957608	21.194358882931642	27.335612245951914	6.287068443272455E-4
68.0	23.846467496857706	22.283718409234098	26.405971232358137	27.463685690767832	1.5717078222102075E-4
69.0	23.51077140894847	24.227413449628163	24.614686188739164	27.64452453284903	0.0026044198351716573
70.0	26.725125194607664	22.9556106196595	23.97131465099761	26.347635651406552	3.138833286699239E-4
71.0	24.93056471940721	22.53890008431986	26.523449644044938	26.006258009827626	8.275424003650134E-4
72.0	27.892056805569005	25.26519843728999	21.56061673774333	25.280763812649237	0.001364206748440052
73.0	25.200446868610253	22.430617297643472	22.80452092214504	29.56088182310944	0.0035330884917916068
74.0	25.077720369444535	25.252680637253366	23.420304424158246	26.248467280976577	8.272881672749844E-4
75.0	25.90836590499434	24.826134180189065	21.760627021429105	27.5029948339952	0.00187805939228681
76.0	27.174922019201876	23.52694987766315	25.03809612385354	24.259137704073602	8.942752078295583E-4
77.0	25.066128517353036	24.25792089079897	23.40160353830044	27.273631667288157	7.153862593972691E-4
78.0	27.330492466157956	26.17856419514799	20.157101653774568	26.333461650752177	3.80034167307136E-4
79.0	27.341463207446363	20.701246351191426	22.44107249599743	29.513893080352254	0.00232486501252521
80.0	24.33020151571002	22.9771364869979	28.001561177293993	24.689111347215086	0.0019894727830064153
81.0	25.00753290785443	25.09696662988879	21.201693272509758	28.693404838585657	4.023511613642744E-4
82.0	22.3593149357892	22.743636476615933	23.742483556697596	31.153559187618384	0.0010058432788881543
83.0	25.798438315472794	22.040493829368028	23.618606553621298	28.54174606030601	7.152412318689141E-4
84.0	23.769010655823624	25.645630893283748	24.43636019039543	26.148014859193697	9.834013034984278E-4
85.0	25.3673886491965	27.18920724954939	20.687006437612375	26.755995382708846	4.0228093288948336E-4
86.0	26.026020880887586	24.39923534777865	22.270719424749828	27.302594087577443	0.0014302590064973985
87.0	22.69081097653905	22.005861102507616	25.380330311607384	29.922237820245517	7.597891004231132E-4
88.0	24.584218875380408	26.824041575542708	25.881208840590364	22.70994971990764	5.809885788818249E-4
89.0	26.03927856714476	26.412347195147785	23.167905908767114	24.379485158143023	9.831707973247028E-4
90.0	24.00233718992014	25.787226340979473	24.932029333297585	25.27829541544333	1.1172035947142864E-4
91.0	26.885744634357895	25.511003426128216	23.241411330666732	24.361371398644117	4.6921020304289523E-4
92.0	26.00623435212025	23.719582845343652	22.352757445184665	27.92142535735144	0.0
93.0	26.32625353191362	25.537486486178533	21.150306313286517	26.98573025351136	2.2341510996603422E-4
94.0	28.19538298037283	23.55396706635321	22.74471184790479	25.50220717139129	0.0037309339778838274
95.0	23.98345931346321	26.290978914199098	23.431388209064092	26.29135869765551	0.00281486561809199
96.0	26.55835324520283	24.222208421425112	23.61328051698779	25.605040845395134	0.0011169709891358933
97.0	25.338074507743503	25.47474292576747	23.050118305972845	26.13688555058742	1.787099287662224E-4
98.0	29.413563576107755	22.40781420816295	23.847903774818136	24.33067376480622	4.467610494059642E-5
99.0	22.51007851952981	21.70167492843179	26.616159405009952	29.1720201355954	6.701143304396307E-5
100.0	22.635782058959453	24.591708437485828	24.402988691780607	28.369520811774112	0.0
101.0	24.138218313336864	21.685729518425216	28.58878314091799	25.58715735055359	1.1167676634115868E-4
102.0	25.13018820895509	24.198858971484114	24.764615966001426	25.90629218441923	4.466914014585368E-5
103.0	25.514825031399123	25.289850088167665	25.014783940085287	24.180406946933246	1.3399341467031366E-4
104.0	26.959960785933852	26.081395985024514	22.696257356824553	24.26207323159859	3.1264061849246925E-4
105.0	27.363419281807722	23.81303409808814	20.375489644579613	28.444997569223535	0.003059406300992431
106.0	25.792059618514397	23.82788843055672	24.692814228980687	25.687170728831514	6.699311668057146E-5
107.0	26.15719981849948	24.31839050480726	22.33642176005488	27.18740732933413	5.805873042527574E-4
108.0	24.221870725530554	24.29512980097021	24.008948280119842	27.4739618802731	8.931310629644002E-5
109.0	26.714581320206403	24.25435415911279	25.16137761289735	23.869106412773032	5.804950104221181E-4
110.0	25.086389775844264	23.834089657829956	22.59013939797969	28.489336516698156	4.465164793604455E-5
111.0	24.995032637247675	23.431641721203473	24.598871504483576	26.973829030741392	6.251063238881257E-4
112.0	25.513694883924448	23.792128874115118	24.082658207219254	26.611473386003958	4.464873722208952E-5
113.0	28.607615508547013	21.11658466749875	22.8082402634034	27.466912169325397	6.473912254379211E-4
114.0	26.307249586429993	22.229639072263684	26.863163581728355	24.599545910177728	4.018494002397701E-4
115.0	27.51291177131151	23.185219119467877	25.89292930104754	23.408359353337595	5.804548354790069E-4
116.0	27.423419441114287	24.015207835205292	24.543017054118195	24.0181993940977	1.5627546452881832E-4
117.0	25.93210005119141	26.6095546436504	24.423728257324246	23.03401427063848	6.027771954652401E-4
118.0	27.13552279110658	24.191432927326133	25.118918905644684	23.55367887888165	4.464970409524853E-4
119.0	27.64872977863942	21.195240861402837	24.51772576863607	26.637901742639137	4.0184868253909426E-4
120.0	25.16530921009891	23.494457768600814	24.747501469526824	26.592664577516338	6.697425710479663E-5
121.0	27.843836410339527	22.889617565390008	24.150335070637418	25.11571981138352	4.911422495297313E-4
122.0	27.258806777971905	24.152809323886096	24.30633661164807	24.281489167809323	5.581186846080243E-4
123.0	24.56308059185962	28.391652135243035	22.452896867485695	24.59176764248032	6.027629313298981E-4
124.0	25.17163181493054	24.581346068497346	22.170999581189797	28.07591091219363	1.1162318869051712E-4
125.0	26.82961568264657	24.087215310453615	24.387769157321845	24.694618494408957	7.813551690104717E-4
126.0	23.77857645641336	23.98244563990746	24.49589147337009	27.74293015739139	1.5627291770243986E-4
127.0	26.17378241735721	22.620360764731398	27.61999353042542	23.584947992255263	9.152952307090927E-4
128.0	26.566861967466732	23.50201979499555	24.262520887214066	25.660672208312917	0.007925142010731311
129.0	24.49555917950023	26.5951179437723	21.83280815901006	27.073076807163353	0.0034379105540505396
130.0	26.16438622218779	24.167740642126077	23.574678482666336	26.09319465301979	0.0
131.0	26.028664852593735	24.275626570654303	23.969605013860043	25.725567779600183	5.357832917319931E-4
132.0	26.212564450135645	25.298676260740198	22.138030000232174	26.345728654883025	0.005000634008954707
133.0	26.915466068019338	25.587038713836936	24.51913546181748	22.97630592450114	0.002053831825106397
134.0	27.418790970632855	22.81710968454008	20.485070861726097	29.278961510264256	6.697283671040141E-5
135.0	26.8723245848537	23.397898623601808	25.74285430449531	23.986587624136472	3.348629127045873E-4
136.0	28.125784141696915	25.982270026030157	24.69563023784329	21.191091703836655	0.005223890592978555
137.0	28.301320675612263	21.73437627668509	24.095599072548975	25.86852537876944	1.7859638422690314E-4
138.0	25.110654336123094	24.19247112986627	26.683142413492284	24.012705269709063	0.0010268508092923748
139.0	25.931666238437533	23.90918208831015	24.84527385718071	25.312583083334577	0.001294732737027057
140.0	27.114976662411156	21.643585048317036	25.40972207185196	25.831470664330492	2.4555308935922474E-4
141.0	25.633342389187263	25.284963613995604	24.93073611144906	24.150489094244204	4.68791123864214E-4
142.0	28.4924004341461	22.203443255399257	23.758047039042342	25.545819066800192	2.902046121102831E-4
143.0	27.817285467515017	24.71301984249409	23.652518161308944	23.816975616899626	2.0091178231520916E-4
144.0	27.93310119650625	25.299573036707773	22.735717178229383	24.030916553522662	6.920350339387375E-4
145.0	29.148853192115855	22.11444036092252	21.91549051784778	26.820256005050542	9.599240633094475E-4
146.0	28.200870053820825	21.009609792893972	24.765191060684767	26.020422400481486	0.003906692118951855
147.0	26.0780405740263	24.434157618814176	26.49342027129717	22.99009535851641	0.00428617734594541
148.0	24.589776005632842	24.324876999216198	23.740451658833475	27.344493500642823	4.0183567465865735E-4
149.0	28.250877408785986	24.6466310203883	23.720052516161267	23.379871736799466	0.0025673178649827442
150.0	25.57364495975371	24.09216182457284	25.23531046738382	25.09886042334787	2.2324941759808184E-5
151.0	27.06701669964505	23.98249061159846	25.104522082864406	23.845568748148384	4.0185774369825666E-4
152.0	27.612390480621624	23.961781744433498	22.385845778497366	26.03980338977602	1.7860667149500035E-4
153.0	24.79126377676934	23.626899880288395	24.415071963149725	27.166139253930144	6.25125862394616E-4
154.0	23.374164301015732	24.840640896978925	24.56754635764177	27.215036274554677	0.0026121698088985685
155.0	27.459788494693615	23.56849005858973	23.97133072944459	25.00021210366198	1.7861361008916839E-4
156.0	26.048228736521416	23.656930941209435	25.76103544089853	24.533603937604727	2.0094376588711648E-4
157.0	25.57993212467625	22.824394927212648	25.81115477360007	25.784317227828886	2.0094668214700365E-4
158.0	25.208730860104662	20.85484424839698	26.19356273446916	27.74277284607659	8.931095260401712E-5
159.0	27.064936735202416	21.20960488863127	24.243452694079178	27.481648430459632	3.5725162750444554E-4
160.0	26.788465879645145	21.136799601122945	26.01726040861676	26.057362467911094	1.1164270404881198E-4
161.0	24.233571166047188	20.62977364285973	28.834555692555853	26.298817148070626	0.0032823504666073316
162.0	25.324027337423633	23.473769555799244	24.55460127192662	26.647601834850505	0.0
163.0	25.330012147412422	23.568815984565642	27.594566712517192	23.506560495900246	4.46596044945426E-5
164.0	25.737289721420936	23.29882413259179	25.056551411206136	25.905704625001057	0.0016301097800780935
165.0	26.3176053340646	21.948126945306544	25.927282325529255	25.80651644474894	4.6895035066320744E-4
166.0	24.986740504470486	23.22183744561932	25.37111513529822	26.42017292392031	1.3399069166664994E-4
167.0	26.635882087184665	23.075950755094652	26.56685239101582	23.72097977950249	3.3498720237224534E-4
168.0	26.175009860144517	23.877920020939687	23.80567184992391	26.14126426929294	1.3399969894734303E-4
169.0	27.335332250121443	22.385478260384037	25.1957989246051	25.083167222231527	2.233426578893002E-4
170.0	31.571735579201654	22.847048165888598	22.67037990153927	22.91068000977371	1.563435967693159E-4
171.0	26.22141575878107	22.998748537298525	26.39516425699232	24.38393437269734	7.370742307457784E-4
172.0	27.213072059513642	24.86261726643483	24.068016486598108	23.856115499997653	1.7868745576089473E-4
173.0	29.053707685823206	20.036734773195274	22.770935704765535	28.137259303585	0.0013625326309812669
174.0	24.350691269150236	25.687952076889985	23.753461706677793	26.20735885462016	5.360926618296218E-4
175.0	25.435814430170957	24.448742772539266	22.767026248940063	27.346875226172273	0.001541322177437009
176.0	25.077677404827448	23.74063643534374	28.053488787178093	23.126879386631646	0.0013179860190723747
177.0	22.44713438437147	26.527210898791985	23.93032737349864	27.0712881245589	0.024039218779008758
178.0	25.44468320335878	22.832577776417555	23.590800531410476	28.131603397291883	3.3509152131327286E-4
179.0	28.228014275188347	24.618846483637913	22.37372593229071	24.778273903277423	0.001139405605607484
180.0	27.061872465199997	21.983371062585473	25.214210264312275	25.740322273276828	2.2393462542119304E-4
181.0	27.968046230984957	21.744232170241315	26.42686391193295	23.86016257172859	6.95115112183731E-4
182.0	26.155913490511256	22.30685396061072	25.43452298111395	26.10266474558821	4.4822175861151656E-5
183.0	24.65802821295257	23.886098451299667	26.216634275079876	25.238723604143733	5.154565241556374E-4
184.0	26.25627332642006	21.697814877675597	26.406925048639078	25.635714633096267	0.003272114168993939
185.0	24.861770113479388	23.710212965461352	24.004668620291824	27.422832852098505	5.154486689322504E-4
186.0	27.26012930329256	23.040716237859606	25.563757604065486	24.13535202940186	4.4825380489035934E-5
187.0	25.257130079656275	23.13170551447007	27.06932662036346	24.5412540750288	5.837104813972592E-4
188.0	28.159088572081593	28.032528802058003	21.481954961156454	22.325933729110453	4.939355934928027E-4
189.0	25.333619535642743	22.916632051455345	24.438234413163272	27.31079550021712	7.184995215242249E-4
190.0	28.32699009295809	21.717954136003055	25.511323408252355	24.443507810056232	2.2455273025805375E-4
191.0	27.031482672833036	23.41288729131145	24.08514447928523	25.47019313391608	2.9242265420796203E-4
192.0	27.131890898840233	22.91363278551179	24.280873145840697	25.673580672310685	2.249749659106683E-5
193.0	27.668341622610193	24.141416323305197	22.365274500168304	25.824630042643427	3.3751127287651406E-4
194.0	27.817655632205945	23.126035247177814	24.074957915043406	24.98135120557283	0.0
195.0	26.592026661367278	21.28279922750813	24.383637053953127	27.740906892493683	6.30164677784422E-4
196.0	28.96379886055297	22.316415467552467	25.59695551951941	23.12267225299631	1.5789937884640068E-4
197.0	25.916071383451428	23.746927327921338	23.433726839903407	26.90257508870592	6.993600179036164E-4
198.0	27.532771136770307	23.639438297530038	24.005488952161926	24.822120847782355	1.8076575537377047E-4
199.0	26.16415192066314	22.91357089406931	25.409581038586595	25.512198334001983	4.978126789721435E-4
200.0	27.943314635994792	23.412730830513496	23.379374784594393	25.26453448967626	4.525922105712415E-5
201.0	25.662141833721723	20.871496358731946	28.74835385353862	24.717645852706696	3.621013010073432E-4
202.0	25.611879505621143	24.859044264548412	27.98029347039573	21.548782759434715	0.0
203.0	26.523363466083616	24.28236893363029	21.8650698505181	27.328450600651287	7.471491166999374E-4
204.0	25.778428598956456	23.255502738604093	23.817692679914707	27.148217478835797	1.5850368894692641E-4
205.0	26.93142406321642	24.376436232413088	25.11249826768972	23.57869036436939	9.510723113865094E-4
206.0	26.34732369671348	21.035323276384318	25.041698872652717	27.57551827197607	1.3588227341008115E-4
207.0	26.49466345326218	23.567717063359034	26.28398764168124	23.653292078535124	3.397631624249123E-4
208.0	28.303952232660073	22.573901318105634	21.85071256362054	27.27134326613446	9.061947929141005E-5
209.0	27.712356631841605	20.297761194198948	25.213558140678387	26.775530958141267	7.93075139790823E-4
210.0	24.949125345765204	24.322447513380162	24.232562725009434	26.4955697859287	2.946299164950825E-4
211.0	25.124908415608154	25.35940072977345	25.67622831898209	23.838623767691203	8.387679451001442E-4
212.0	28.896543575049407	22.10986142865988	24.296806978303817	24.69647050071793	3.1751726897046614E-4
213.0	30.35228273575629	22.832985626425028	21.838815437869016	24.975507711468246	4.084884814191072E-4
214.0	27.65674701189564	24.647304318201176	24.359038128495587	23.33686511654317	4.54248644351702E-5
215.0	26.527675719568254	24.14492172138492	22.77941513681822	26.547554773853555	4.326483750524017E-4
216.0	26.17474970954544	24.43064115470046	25.60104584359353	23.79349423222967	6.905993089863315E-5
217.0	29.927751119905206	22.999547791941602	24.863809735721627	22.20807928049498	8.120719365804301E-4
218.0	24.76577149533652	24.482344576832716	24.801765190815797	25.949837536269037	2.812007459318454E-4
219.0	26.96669439924885	22.763457164518574	23.758682995762502	26.510479224699225	6.862157708474718E-4
220.0	27.440804133856634	22.143332150932622	24.52523205900948	25.890275272864898	3.563833363705113E-4
221.0	25.650590258274477	22.724345510410497	24.168892235881312	27.455908850381466	2.6314505225103846E-4
222.0	25.95580593796273	24.39283460423122	23.49992549228827	26.151240752651063	1.9321286672104E-4
223.0	31.221930210429132	22.68510132830919	23.362291485922324	22.729920229191556	7.567461477959402E-4
224.0	30.76932861644528	22.34172356889887	24.432278230511404	22.456547275126308	1.2230901813744892E-4
225.0	30.888590651563298	20.221892505200913	23.683872041923085	25.204587280284635	0.0010575210280678378
226.0	25.662659130959607	22.07162398957817	25.435917305922633	26.82957603575611	2.2353778347385166E-4
227.0	27.712939614496772	23.667185410999302	25.219078116975634	23.39951734950163	0.001279508026654912
228.0	27.75224888057039	28.36848035146094	22.302017708681824	21.57717742640984	7.563287700657175E-5
229.0	28.025165841041737	25.603304465696187	21.356670478286226	25.014859214975854	0.0
230.0	26.345547360822437	22.52120569776682	26.74440743845216	24.388839502958586	0.0
231.0	24.92436076924916	24.98615056338365	24.202682997049266	25.88550647363722	0.0012991966807083843
232.0	25.636564177310717	25.224504354110998	23.64121978912202	25.497554783978458	1.5689547780164332E-4
233.0	23.705646228110297	25.091719393345034	21.96548707745055	29.236644112333977	5.031887601402467E-4
234.0	27.561359564321652	21.131865839293802	26.717706668914904	24.587725428988676	0.0013424984809629688
235.0	26.21435339081526	20.765021386675603	28.062886683885356	24.957439823073496	2.9871555028971334E-4
236.0	29.183916389084402	23.23389715597638	24.025838951473684	23.556127382057575	2.2012140796256175E-4
237.0	27.944449128474563	24.440125891937946	22.451681147715576	25.163521956760977	2.218751109375555E-4
238.0	26.639584306824894	22.45722600860742	24.104815748743054	26.798345871203033	2.8064621597690845E-5
239.0	28.497662481642323	22.845958834977097	23.59483546312287	25.06026270012751	0.0012805201302032868
240.0	25.057462230936295	21.68321668847465	26.072985097649138	27.186160033266216	1.759496737013301E-4
241.0	28.920776557835094	22.1854536078175	22.95688968064755	25.934383881955124	0.0024962717447294894
242.0	26.803958337441763	24.303816320709984	20.661359410646753	28.229776890978535	0.0010890402229647973
243.0	28.135118054666336	23.277478180259294	24.43704744432728	24.147995994526404	0.002360326220686961
244.0	26.985745006554257	22.44864353174277	26.183151447997272	24.38145485012124	0.001005163584460644
245.0	29.181066323810867	21.296489175181517	23.77237583008844	25.74826115157946	0.0018075193397161485
246.0	24.956027165341123	27.39353972635761	22.185671787652694	25.462208298686946	0.0025530219616292675
247.0	25.4891087860047	22.690274585144422	24.673275479693267	27.00903860244518	0.1383025467124363
248.0	26.000094717362497	22.845142771531297	24.26072056084593	26.88558291537063	0.008459034889646826
249.0	25.602226946059275	21.748775637037927	28.486082633401978	24.14829686276702	0.014617920733801684
250.0	27.723614620607428	21.994029654016504	23.98740026331832	26.293667329206315	0.0012881328514318495
