# Position (bp)	A	C	G	T	N
0.0	24.773282972045834	23.048043938398656	24.75872696750735	27.419821711752956	1.2441029520074846E-4
1.0	22.922865104894527	30.08848020772176	24.117182525572435	22.802300485400764	0.06917167641051508
2.0	24.831623770596895	26.473109068055038	22.259920871314264	26.434356872269056	9.894177647486117E-4
3.0	25.586175596512845	22.633840613612552	23.626916715538655	28.147218909177173	0.005848165158773565
4.0	26.50659954944355	23.355666430253432	23.239941878547228	26.897545306593955	2.468351618333599E-4
5.0	28.8592263515928	23.35259417590894	22.28632006460077	25.501284375634075	5.75032263417351E-4
6.0	26.7315010154794	23.36705419142504	24.03144091484158	25.865740258654125	0.0042636195998593
7.0	25.968649575237134	25.444615135999804	22.884746379850306	25.701129768993642	8.591399191181133E-4
8.0	28.366951551124593	23.938055501205614	23.323708288009566	24.371202964552083	8.169510813777227E-5
9.0	26.392555370957382	25.248463475043575	22.06908501595132	26.289814597751526	8.154029619512593E-5
10.0	24.923685341272638	24.70615547215304	22.774860047367017	27.595299139207306	0.0
11.0	27.307234239950223	22.59050963408258	22.68680890037954	27.415328484198888	1.1874138877553483E-4
12.0	28.26658903657276	24.349538615436014	19.7153736892595	27.66849865873173	0.0
13.0	25.608307585221773	23.029723859470355	24.56190227138323	26.799950402937505	1.1588098713605162E-4
14.0	26.633294851921818	21.739982237582474	22.981399970842393	28.645284675074418	3.8264578900222435E-5
15.0	25.624692870748678	23.20320181182179	24.32660082092509	26.84550449650444	0.0
16.0	26.3136895751506	24.873157224060954	21.355656918225314	27.457384731569267	1.1155099386357981E-4
17.0	28.642953095468737	26.597553713418133	19.11415591013421	25.643988842215897	0.0013484387630224564
18.0	25.95439360130227	25.56072061020943	19.526875522504678	28.957865440087883	1.4482589573911353E-4
19.0	25.212861370665436	24.571673807988937	21.85810346995834	28.3569289443539	4.3240703338866943E-4
20.0	23.3605650092932	25.31344203830221	23.123880819603944	28.202112132800643	0.0
21.0	24.336094770302523	23.948031615649988	23.115484273435488	28.60021191598021	1.7742463179066164E-4
22.0	23.11183210304422	27.08350681762523	25.3751564872233	24.429504592107246	0.0
23.0	26.17347370600501	23.19940291951095	22.676992465845892	27.949746191828197	3.847168099561912E-4
24.0	28.605946628767747	21.690490923592147	23.841880569897384	25.861681877742722	0.0
25.0	25.375287018522997	24.566485300257078	19.47303948495968	30.585016534464195	1.7166179604930675E-4
26.0	26.77751396409477	25.13701040261005	19.569308029995046	28.516133440377157	3.416292297969014E-5
27.0	25.475253169064356	24.381273854661075	19.801826354253024	30.34161254697671	3.407504483424024E-5
28.0	27.8296493387979	23.675874628090696	22.561057923355634	25.93132569805554	0.0020924117002262504
29.0	27.923216242949177	23.64811398936028	21.475392306252843	26.9528430507659	4.344106717993959E-4
30.0	23.77196904123075	24.273710488608348	24.474626284662044	27.479461682511193	2.325029876633915E-4
31.0	26.841790934217286	24.411720160080105	21.943487833607694	26.802571175924754	4.2989617015422695E-4
32.0	24.483705974039584	22.58205954392445	24.14001205024428	28.793993215188546	2.2921660314092237E-4
33.0	24.03071495601858	24.709516262806012	24.274082698305772	26.985686082869638	0.0
34.0	26.716731772551995	26.36212093018464	22.341094744676973	24.58002035913724	3.219344914819353E-5
35.0	25.52432514806397	22.301716065956974	25.512242197171442	26.66162094539686	9.564341075879976E-5
36.0	24.66815047157732	24.093091134244425	25.192058034013705	26.046509257643148	1.9110252140666745E-4
37.0	26.03878777768262	25.15153415698808	20.724434988272996	28.085243077056298	0.0
38.0	27.333267978807307	24.944347862620543	20.813644751893637	26.908643921169713	9.548550880089935E-5
39.0	23.83948246427702	27.323938731967473	21.40063037276637	27.435757505365803	1.9092562333238402E-4
40.0	27.11488174644358	25.661007426063094	22.418718476774185	24.805265088595117	1.272621240239393E-4
41.0	24.91620182817915	23.956368008932532	21.13950244388139	29.983060633389165	0.004867085617762
42.0	25.163115857186437	25.267284810003783	20.074327330975137	29.495272001834643	0.0
43.0	26.579405332997492	25.44276269674985	22.087695127892967	25.886702108036385	0.003434734323300093
44.0	29.334762972721425	24.402952256213258	22.23776085910643	24.024333123784324	1.9078817456736396E-4
45.0	26.02034717365041	23.85725185985884	21.510141794366376	28.60888917148852	0.0033700006358491764
46.0	25.726276545051284	24.086470038658668	22.17925401901049	28.007999397279555	0.0
47.0	26.174933107529526	23.899953402536607	22.425966929150878	27.497334790378165	0.0018117704048257936
48.0	22.615775848564258	23.937902499832383	22.17310745837929	31.27321419322407	0.0
49.0	22.757765893360514	25.876673470269612	23.795971978984237	27.56790470211149	0.0016839552741479188
50.0	28.078015207323205	23.93482339770003	19.840556292956048	28.146414486287423	1.9061573329554906E-4
51.0	25.31327086868384	26.340227568852885	20.618988296295637	27.725226269711843	0.0022869964557907705
52.0	23.168445293780245	25.765313806642514	21.363152249149213	29.703088650428032	0.0
53.0	22.77420958393822	24.91858766015315	23.495165919694266	28.810453708555695	0.0015831276586650116
54.0	23.540120506684033	27.59454892627728	22.221423670815582	26.64387523559465	3.166062845714275E-5
55.0	24.595674311822336	27.25563031492384	22.60069152415662	25.546393744459344	0.0016101046378590533
56.0	27.14104525243674	24.887577565639994	24.325323346681557	23.64605383524171	0.0
57.0	23.145637172096688	27.780976115988576	22.709348069255807	26.35876769712074	0.005270945538191946
58.0	25.836325054974463	24.815668290022796	21.272466314729115	28.075350990802665	1.8934947095757814E-4
59.0	28.206010122158208	21.942786676415004	24.164183564540828	25.684369031206778	0.0026506056791751062
60.0	24.36386836591629	22.28084878463744	23.569180358858834	29.786070984104978	3.150648245876589E-5
61.0	25.972791207295664	23.19133104073128	22.495454070040715	28.334595566599923	0.005828115332416796
62.0	25.87107728558558	21.372831914719352	24.513555061333268	28.24237823125823	1.57507103570371E-4
63.0	26.77594939898697	23.407598971851925	22.202265453720738	27.611792203210445	0.002393972229922133
64.0	26.13812287807999	20.65436128674299	23.394700869432842	29.812814965744185	0.0
65.0	24.51362173640657	25.883437790128642	23.557124993395444	26.04084633906399	0.004969141005351577
66.0	24.73112564787248	23.849223433572416	22.706363954562363	28.712846689022154	4.402749705880595E-4
67.0	27.56912596006531	24.57201150191573	20.791750419497912	27.06645173950123	6.603790198214336E-4
68.0	24.164574539270784	22.014913639999797	26.433820014992882	27.38653458173384	1.572240026967061E-4
69.0	23.05659574053292	24.26297623116622	24.95370657151293	27.72373427682102	0.0029871799669020462
70.0	26.599174340103293	22.74260903754033	24.105142568589876	26.55276001911843	3.140346480707909E-4
71.0	24.892224433806287	22.486766520000426	25.500942585899367	27.11922067035431	8.457899396105982E-4
72.0	28.04896765621408	25.1809945255303	21.771776192603106	24.997165353541494	0.001096272111025428
73.0	25.86187241425748	22.52509403411849	22.474451846075308	29.13482347266982	0.0037582328789003408
74.0	25.500600288213498	25.132379677754514	22.99780238775049	26.368309542046163	9.081042353355258E-4
75.0	26.006500419583922	24.683621197129295	21.814136846983377	27.49367492892123	0.002066607382172067
76.0	27.24411509893046	23.656110932118985	24.805553494275955	24.293343778541548	8.766961330499101E-4
77.0	25.020147365375838	24.00407518426934	23.452096860141904	27.523210954656374	4.6963555654631266E-4
78.0	27.842172244894126	25.784982694737042	19.91005333245672	26.462290806686674	5.009212254411629E-4
79.0	27.71265803247823	20.37523624843897	22.553558777296733	29.355948482891343	0.0025984588947282903
80.0	24.72309486354707	22.775390732001284	27.7794839285295	24.719651256525243	0.0023792193968991886
81.0	25.334106348670193	24.661933617307945	21.823669232914803	28.179946450322547	3.4435078450934865E-4
82.0	23.424750843148416	21.941610994141943	23.53108740007275	31.101329942583895	0.0012208200530023723
83.0	25.89813321012858	22.194728614616416	23.362387868338697	28.54374864227488	0.0010016646414259698
84.0	24.14951092320034	25.258779860508806	24.68868323454559	25.90211828425142	9.076974938472196E-4
85.0	25.761521688168976	26.551422920781715	21.252436947647368	26.43418027012131	4.3817328063152034E-4
86.0	26.234833145035346	24.48600909463617	22.24292630715835	27.034697946039326	0.0015335071308081583
87.0	23.27069395056215	21.718317114104988	25.37103108227322	29.63908161729339	8.762357662540952E-4
88.0	25.137201447210067	26.28431757261241	25.780385059014304	22.797532658294077	5.632628691484029E-4
89.0	26.524939734606978	25.982207002550794	22.370100855355545	25.121688532428166	0.001063875058513128
90.0	24.206695869837297	25.464205256570715	24.65622653316646	25.672778473091363	9.386733416770964E-5
91.0	27.375458794030692	24.961461457859784	23.08098084226934	24.581723454242304	3.7545159787506907E-4
92.0	25.955340530566236	23.667992044603782	22.189855149091724	28.18678098976918	3.128596908758538E-5
93.0	26.876640502060113	25.80406891438261	20.819414158921045	26.499720000125137	1.5642451109519056E-4
94.0	28.642799648248296	22.97047494300928	22.712855298471208	25.670522775484873	0.0033473347863477543
95.0	23.887264815692458	26.561839650013532	23.505933471913963	26.04233434844425	0.0026277139357993176
96.0	26.64687432257725	23.940061166288533	23.65274790036095	25.759034101910654	0.0012825088626054512
97.0	25.879738772252104	24.95876676580993	23.19770964358784	25.963659703283366	1.2511506676296356E-4
98.0	28.605980650835534	22.36914042218861	23.646302878353982	25.378544771684613	3.127693726221709E-5
99.0	22.4795374892461	21.864403440372495	26.200863939666203	29.45513258531115	6.254540405425564E-5
100.0	22.923004373017385	24.53286517697211	24.464474237223683	28.079656212786823	0.0
101.0	24.119651090615438	21.31142773607591	28.035422526512953	26.533373567252927	1.250795427717314E-4
102.0	25.537259655225686	23.831337900220216	24.257130366420434	26.37427207813367	0.0
103.0	25.989997701878988	25.185092542362813	24.902470558255803	23.92218906188199	2.5013562040668926E-4
104.0	26.669828637639693	26.285483457962304	22.460134309771647	24.584303471675295	2.50122951063132E-4
105.0	27.913591193662878	23.17300645567942	20.427247919600404	28.48377826079344	0.0023761702638549482
106.0	26.36577485669908	22.908669463382058	24.52207493854959	26.203418212332352	6.252903692152043E-5
107.0	26.63167412100222	23.802423946081174	22.26499459448644	27.300438381209695	4.68957220471796E-4
108.0	24.26200337686072	24.117075342258058	24.50446710343066	27.116360393131362	9.3784319199307E-5
109.0	26.821110385548714	23.578742570843666	25.261429092565262	24.338186543446792	5.314075955650597E-4
110.0	25.391721072154073	23.631887059553105	22.53223304375767	28.44412756749255	3.1257042602411354E-5
111.0	24.659692196901712	23.287740167401026	24.59005376974248	27.462045025556492	4.6884039828929514E-4
112.0	26.463087386760627	23.75496853081505	23.358798714104534	26.42308286124868	6.250707111241959E-5
113.0	28.925762145100553	21.27127834117224	22.37973655015079	27.422691688672906	5.312749035111021E-4
114.0	27.038030952162934	21.604667231903086	26.814457343349247	24.542531957056614	3.125155281153032E-4
115.0	27.640670872380362	23.060066117169526	26.159972548061205	23.13900919252422	2.812698646841933E-4
116.0	27.378490951433882	23.60640081203959	24.48800629030665	24.527008191649344	9.37545705353136E-5
117.0	26.63742166461502	25.77438471584565	23.82880142056082	23.758892177571354	5.000214071664943E-4
118.0	27.374779333937717	23.961248398813613	24.614316817246156	24.04934294717046	3.1250283205691554E-4
119.0	27.653729313406828	20.97470623842368	24.231372964466107	27.139910230099822	2.812536035617956E-4
120.0	25.23618720476599	23.321377098278628	24.794156507304365	26.648216689729136	6.249992187509765E-5
121.0	27.85672187684179	23.33055417882547	23.73458366119648	25.077671535187037	4.6874794922772213E-4
122.0	27.244957620670075	23.255678780210292	24.31529483969979	25.183568763638558	4.999957812855954E-4
123.0	24.853128121027428	27.709411175012534	22.494959482111003	24.942126229817614	3.7499203141933235E-4
124.0	25.27732822430876	24.43913278661937	22.23819400022937	28.045282490580732	6.24982617670946E-5
125.0	27.10678133571821	23.71142621976485	23.78510989742407	25.39599508275508	6.874643377874773E-4
126.0	24.555872519765472	23.63541595380968	24.516124395380093	27.29239963989199	1.8749115276122907E-4
127.0	26.318203791192257	22.445735541482158	27.401227483097184	23.834176976676822	6.562075515740075E-4
128.0	26.437338329709586	23.259679281141786	24.231091567802622	26.06411002360488	0.007780797741131298
129.0	25.10379738924607	26.110632846128006	21.785530704872315	26.99666429704161	0.0033747627119968125
130.0	26.60086869570652	23.77192050496844	23.495906505843383	26.131304293481655	0.0
131.0	26.02527281914207	23.976742681778653	24.059425091642797	25.938184430520995	3.7497691548364057E-4
132.0	26.562292494540213	25.230195327379363	22.15537258879632	26.047358663490634	0.00478092579346963
133.0	27.202121110802103	25.403926617315737	23.99548779611338	23.39643335906081	0.00203111670796604
134.0	27.135111217770845	22.401012684175527	20.53279036862604	29.93096073755206	1.2499187552809067E-4
135.0	26.450913154258483	23.130553904630485	26.115780572997032	24.302471137975882	2.8123013812149513E-4
136.0	28.010710553814	26.047681900676455	24.09680870743402	21.840017898836575	0.004780939238949468
137.0	28.836894786312822	21.27028628282303	23.906659350438975	25.986003339799613	1.5624062556246626E-4
138.0	25.54534674626101	23.408579253498395	26.846373650752486	24.198637980624266	0.0010623688638433692
139.0	26.52042718850682	23.15018871273201	25.32350196086886	25.004351063487405	0.0015310744049041875
140.0	27.303468459150725	21.256771966355927	25.278206032760416	26.161241073565634	3.124681673054558E-4
141.0	26.53758097280164	24.83746070293969	24.812994269605095	23.81124537270377	7.18681949802878E-4
142.0	29.80701538946107	22.145094205024705	22.72222633641085	25.325414093085445	2.499760179257802E-4
143.0	27.661219916270817	24.28621155772645	23.83203794122959	24.22043684408862	9.374068451947587E-5
144.0	28.596363936337948	24.56802136317078	22.64228000477459	24.192959727823304	3.749678933741298E-4
145.0	28.929501485189046	22.32642536589146	22.074446311650345	26.669033136620516	5.937006486335823E-4
146.0	28.303377246706496	21.424268179886507	24.11647251456141	26.152132340074495	0.003749718771092168
147.0	26.79763784423758	24.432013653732763	25.682772567671066	23.083888776572927	0.0036871577856680176
148.0	24.977064363520466	23.914838169398735	23.662171198590116	27.445301319267813	6.249492228756413E-4
149.0	28.259081631250087	24.56693277536751	23.701235799307295	23.470593676137337	0.0021561179377763114
150.0	26.121274410328827	23.67506205214724	24.977321240911703	25.22634229661223	0.0
151.0	26.799903127270454	23.917845675491982	25.226908744326305	24.05502996023531	3.1249267595290735E-4
152.0	27.90165339126614	23.496943308951263	22.544389441470685	26.05688885944471	1.2499886719776601E-4
153.0	25.438390351006028	22.900579437137853	24.473265954208777	27.187045508096556	7.187495507815307E-4
154.0	23.678965385127412	23.904624878982634	25.045141273905813	27.368518422452322	0.00275003953181827
155.0	27.928829493318	22.83391256516358	23.956757635233963	25.28025027815629	2.500281281644185E-4
156.0	26.513593296567805	23.178879562939223	25.642565919323157	24.664867458130896	9.376303892260017E-5
157.0	25.778713745949027	22.61207005134177	25.85497473229737	25.753991434391015	2.500360208142486E-4
158.0	25.522188539528617	20.67438107659807	25.737911970962664	28.065393392086868	1.2502082378096103E-4
159.0	27.120880151276	21.23005516573161	24.22131928925284	27.427464095391397	2.812983481535889E-4
160.0	27.150641652762992	20.755399303743147	25.47923137944248	26.61469640813229	3.1255919089677606E-5
161.0	25.163266926343443	20.148985954074593	28.586449423353784	26.09810956059364	0.0031881356345421366
162.0	26.628833024043928	23.050796916420595	23.64046286823646	26.679907191299012	0.0
163.0	25.45266371882242	23.676486493076027	27.12171954385726	23.749130244244295	0.0
164.0	26.117881096112395	23.065261099413334	24.805163221518136	26.010350449878217	0.0013441330779272091
165.0	26.904988388591594	21.5897485752619	25.847067013565763	25.657914685454152	2.813371265913913E-4
166.0	24.944692703375644	23.30684022388631	25.488371947626483	26.260032604499294	6.25206122643559E-5
167.0	27.047371280625775	22.529727796607414	26.37794487907872	24.044674693281166	2.813504069264719E-4
168.0	26.151582289462354	23.576452183993066	23.80907422928512	26.462797510653374	9.378660608468743E-5
169.0	27.38701290905885	21.850986218082184	25.28546114589625	25.476414675535313	1.2505142739951803E-4
170.0	31.203609509226045	22.582504809823607	22.80093989299276	23.41278947259823	1.5631535935963224E-4
171.0	25.86741429648195	23.134799393884638	26.280359304986884	24.71686428149163	5.627231549011155E-4
172.0	28.116938789735034	24.180544229466683	23.78949592557736	23.912927286144775	9.376907614642855E-5
173.0	29.090995465666204	19.89590534781353	22.840346944669125	28.171345810773136	0.0014064310780012926
174.0	25.24120584325863	24.922046234388542	23.46385686197847	26.372453512927805	4.375474465512354E-4
175.0	25.795476316907223	23.965256483623847	22.906705013594053	27.3309057086269	0.001656477247972456
176.0	24.95560074489479	23.762712627266925	27.627182533604973	23.65331636336813	0.0011877308651869207
177.0	22.9639567771412	25.992076392726837	23.552725685891556	27.46757785441169	0.023663289828724045
178.0	25.65514106859405	22.835457171776152	23.460730297003956	28.048452649853928	2.1881277191394282E-4
179.0	28.822828774810315	23.726182251302845	22.583305458035433	24.866651869312268	0.0010316465391384815
180.0	27.102796124013274	21.83550025554338	25.149698910047164	25.91191070302162	9.400737456517672E-5
181.0	28.657761412993686	21.415183608108602	25.659171997143694	24.267380994512024	5.019872419942447E-4
182.0	26.3784312925725	22.46391044204806	25.088525701161828	26.06910118881404	3.137540356612837E-5
183.0	24.492201105117996	24.19819327955218	25.73249366957537	25.576860925199014	2.510205554457341E-4
184.0	26.50407136762744	21.628879676487173	25.758896084966366	26.1052659325266	0.002886938392420908
185.0	25.479465034804864	23.5240797716364	24.067597933984647	26.92860625540051	2.510041735718961E-4
186.0	27.13194470157136	22.929933107954184	25.303850795405978	24.634271395068478	0.0
187.0	25.1789925512075	22.9382587642326	26.518266902757198	25.364041861553954	4.399202487434778E-4
188.0	28.0479733810838	27.244886863949507	21.52466705927976	23.181938456955127	5.34238731805243E-4
189.0	25.488420711225533	22.816862189995373	24.333980328660218	27.359888217309976	8.485528088983648E-4
190.0	28.71742503105371	21.313062927145722	25.372801723921167	24.596490301686206	2.200161931918189E-4
191.0	27.145480899523612	23.81735685856063	23.68078211780555	25.35606536324191	3.147608682993313E-4
192.0	27.740616040523747	22.34875050522475	23.97655001693526	25.93398900278393	9.443453231612652E-5
193.0	27.7784546568176	23.81109344929058	21.792671635273646	26.6175598793959	2.2037922226913152E-4
194.0	28.41735690583938	22.619536767574296	23.352202546981758	25.61090377960456	0.0
195.0	26.76597216011649	21.185336384946662	24.400268548690825	27.647887572317316	5.35333928708636E-4
196.0	29.15594448898751	22.100448949908156	25.652922595376985	23.090620808956135	6.315677121112266E-5
197.0	25.54533102649766	23.84527146061482	23.268309876503437	27.340613888641485	4.7374774259200655E-4
198.0	27.670630536484058	22.718961450714993	23.724799874495556	25.88554488001642	6.325828897082243E-5
199.0	26.46142898376329	22.88309233477904	24.756680648479854	25.898449517353384	3.485156244306918E-4
200.0	27.940122898757924	23.748111096218516	23.072177433537043	25.239556885115675	3.168637083637127E-5
201.0	25.479547989656748	20.94718095624398	28.446261978400848	25.126850631242714	1.5844445571160576E-4
202.0	25.665119675271253	24.965645888979175	27.75517435028263	21.614060085466942	0.0
203.0	26.727019750275566	23.63027063149462	22.118495313109758	27.523707083070608	5.072220494497117E-4
204.0	25.77541849882263	23.127729210915035	24.483817897567935	26.612970982580926	6.341011346922755E-5
205.0	27.55928655429492	24.202338899075645	24.49033364332217	23.747438470174963	6.024331323003402E-4
206.0	25.951553582108577	20.95910410975759	25.498395076840335	27.5909155197116	3.171158189420889E-5
207.0	26.64546854457711	23.17074215101204	26.269579848991132	23.914019148089235	1.9030733047978063E-4
208.0	28.750860141677116	22.25819827245164	21.212386547749006	27.77855503812224	0.0
209.0	27.874551634677143	19.913576235432092	24.93212643838642	27.279174525487964	5.711660163835799E-4
210.0	25.161345402461365	24.1409854931163	24.03615660414066	26.661258600459746	2.538998219210124E-4
211.0	25.708290910961118	24.924957244280797	25.027278894913472	24.33893324520274	5.397046418726355E-4
212.0	29.28878838672749	21.816274806706453	24.15488767994064	24.739763248163786	2.8587846163082226E-4
213.0	30.39815626780903	22.654627272603026	22.193789577166555	24.753140825503056	2.860569183342461E-4
214.0	28.127454376627703	24.527049874682653	23.9310170857219	23.414478662967745	0.0
215.0	26.53746333375845	24.668027037367683	22.301237087106237	26.492985588572886	2.869531947455682E-4
216.0	26.770507643026843	24.492329605914932	24.82427815678725	23.912884594270974	0.0
217.0	30.048503777651288	22.323835284998207	24.500618662359543	23.126458478268976	5.837967219814061E-4
218.0	24.65993355890455	24.078925712991875	25.116998299545095	26.143913389029205	2.2903952927795943E-4
219.0	26.627615372391894	22.72369728166123	23.925233212607107	26.723024659402387	4.294739373741105E-4
220.0	28.211983532618813	21.432374239846457	24.1269159949275	26.228427694151996	2.98538455235983E-4
221.0	26.246039067291534	22.290598496055843	23.720357065709667	27.74287182353312	1.335474098312929E-4
222.0	26.07411832850418	24.270013560286635	23.6785126435681	25.97725432179349	1.0114584759208824E-4
223.0	31.12554902215691	22.383258133831742	23.585032156890502	22.905480045984113	6.806411367251496E-4
224.0	30.80388271880377	21.88757527253673	24.19125944787176	23.1172143327916	6.822799613010806E-5
225.0	31.023746649384076	19.645553772521847	23.78089688690542	25.549151337280996	6.513539076606419E-4
226.0	25.763602742662872	21.8859565118155	25.46456562555524	26.885805850307577	6.926965881575899E-5
227.0	27.41538458311352	23.470003842142816	25.14387059355338	23.96951736882788	0.0012236123624004198
228.0	28.013113998476687	27.96941003870119	22.184818565329692	21.832657397492433	0.0
229.0	27.84238266543964	25.367293084354397	21.22997276054377	25.560351489662192	0.0
230.0	26.422191299300085	22.364338189693658	26.606096502155214	24.60737400885104	0.0
231.0	25.19462883092333	25.0418445649143	24.05216900061925	25.71005392172839	0.0013036818147250861
232.0	25.606366851945427	24.53375718822856	24.350420044472727	25.50941951004277	3.640531051545551E-5
233.0	23.36519025888625	25.238467219216247	22.267005316597967	29.12889587176613	4.4133353340453514E-4
234.0	27.930754661906775	20.78890533748107	26.213133441879112	25.065974780650187	0.0012317780828605919
235.0	25.99370863404214	21.538218574717718	27.766149489081542	24.7016966134981	2.2668866050426137E-4
236.0	29.13479729470967	23.286062240060048	23.687604837659602	23.891420736984813	1.1489058586539418E-4
237.0	27.931710955106276	24.445265387077026	22.07207207207207	25.550874381108336	7.720463629281866E-5
238.0	27.363682427219093	22.61442050112845	24.05685347089096	25.96496546669672	7.813406477235836E-5
239.0	28.03815484680101	22.938841072244564	24.230938896460867	24.79072003228365	0.001345152209907046
240.0	25.627875006609212	21.62362884300176	25.939056977496143	26.80927648463206	1.6268826082181973E-4
241.0	29.35632026602214	21.718081375599052	23.068801947266422	25.854352552650894	0.002443858461493344
242.0	27.443620991996237	23.975814009685497	20.60131893897091	27.97838886330907	8.571960382848243E-4
243.0	27.871079501028888	22.97080338536129	24.404911849091665	24.75071073612306	0.0024945283950940397
244.0	26.893403091241918	22.559583058941936	25.51235550142629	25.03371582162312	9.425267667356898E-4
245.0	29.140759324384156	21.22179970903272	22.91572710193466	26.719988762189693	0.0017251024587638902
246.0	24.5904433207147	26.471423655078276	22.939125938781793	25.996989970410155	0.0020171150150748475
247.0	25.812215127662853	23.125204088414712	24.71704212054623	26.211784637854784	0.13375402552142396
248.0	26.565113466023853	22.6565361506299	23.711616800925356	27.058341553112452	0.008392029308438909
249.0	25.501559725886473	21.596147145203844	28.484701412049713	24.40402707949624	0.013564637363731395
250.0	27.79189389410529	22.107043766519805	23.658440056438597	26.441333540640695	0.0012887422956075504
