# Position (bp)	A	C	G	T	N
0.0	24.23769697427664	23.783171590274385	24.907217189389826	27.07186872523952	4.5520819629669926E-5
1.0	22.39180309186561	30.35502106934473	23.92157236653622	23.254735891984023	0.07686758026941337
2.0	24.284081160869654	27.15124405420266	22.86542365419578	25.698435862386326	8.152683455759463E-4
3.0	26.326212261843402	21.99378838981904	24.433811686751294	27.23890171346493	0.007285948121334116
4.0	25.76392735461088	24.000289387831693	23.862604083533608	26.37304352347772	1.356505461064902E-4
5.0	28.014830652966964	24.184180847609124	22.491229924351746	25.30890042424267	8.581508294931083E-4
6.0	25.70600667643978	23.887098454263953	24.052634118383928	26.347812480694643	0.006448270217694505
7.0	25.268409324895423	25.517514777137013	23.776071477425717	25.437509449448154	4.949710936881286E-4
8.0	27.63018576908834	24.288625193696724	23.37870001186449	24.70244408411561	4.494123484132149E-5
9.0	25.61660607641948	25.655744282706067	22.545982909201605	26.181397740564353	2.689911084989086E-4
10.0	24.51033129199264	24.805626235341066	23.589510915790555	27.09453155687574	0.0
11.0	26.84697241758018	22.893958877529304	22.722459945659498	27.536565418586118	4.3340644900127985E-5
12.0	27.769637760937183	24.314460703100785	20.38530521500262	27.530553566275106	4.2754684310099726E-5
13.0	25.234832183659407	22.64465421692397	25.02320542920432	27.097181422305855	1.2674790644145537E-4
14.0	26.11804259496059	21.889846720909194	24.057405373281828	27.934580110109874	1.2520073851742295E-4
15.0	25.61972777594405	23.62026429576005	24.787833609628677	25.972174318667225	0.0
16.0	26.68852098005989	24.639942225593835	21.87383870286095	26.797576648647247	1.2144283807054857E-4
17.0	28.75558071802164	26.936106953000365	18.967002299932275	25.34031816589427	9.918631514507586E-4
18.0	25.550282114247814	25.93287325355505	20.130313099212472	28.386256146046346	2.7538693831883357E-4
19.0	25.08563877162707	24.815856078296513	21.861210747753965	28.236902731745605	3.916705768445922E-4
20.0	22.303559563803073	26.152609829709956	23.868092767853707	27.675660082398284	7.775623498089724E-5
21.0	23.339312028512673	24.799915486028592	23.643477503167347	28.217102204071935	1.9277821945409834E-4
22.0	22.291825581959422	27.23481852048637	25.615534553166164	24.857668556525205	1.527878628377519E-4
23.0	24.86462687009422	24.357058359172058	23.28208895915975	27.495921901081694	3.0391049228181314E-4
24.0	27.556048278487605	21.418349858026577	25.020351781100608	26.00513722592809	1.1285645711981293E-4
25.0	24.74199162024384	25.004906376651082	19.97802092220516	30.2748948806475	1.8620025241306219E-4
26.0	25.85166305537892	25.582167468503325	20.09964785317765	28.46637356877893	1.480541611732404E-4
27.0	25.440436899527946	24.952290692597796	20.0769179953492	29.530317507239896	3.6905285168983764E-5
28.0	27.31752908327248	23.80279320577093	22.95564949205317	25.921108669638038	0.002919549265386663
29.0	27.413592896051586	24.239578140797565	22.1493046318532	26.19723556464529	2.887666523606854E-4
30.0	23.397387165901197	24.801125687418065	25.074084805227965	26.727043750914405	3.585905383734907E-4
31.0	26.09480434255389	24.935054281923623	22.69366021370387	26.276017518581398	4.6364323722841206E-4
32.0	24.310757191745484	22.947997223804602	24.87348804073261	27.867333481284007	4.2406243329851307E-4
33.0	23.682539749205855	25.105699217825787	25.279262933454294	25.932428100032062	6.999948200383317E-5
34.0	26.10108482512269	26.502290595346444	22.809107100133723	24.587343857374368	1.73622022772959E-4
35.0	25.45945021830193	22.321244049821864	26.16004872057009	26.059016704097377	2.4030720873564762E-4
36.0	23.573238269046154	25.046533506697156	26.461282441836975	24.918568506890935	3.772755287773769E-4
37.0	25.231332270903224	25.381850822743317	21.44944222419104	27.93734039547635	3.428668606835942E-5
38.0	26.551686667733875	25.164700724412388	21.504486571479205	26.77892036399897	2.0567237556050005E-4
39.0	23.303307687641436	27.771648812700082	21.779405923356293	27.145466216607566	1.713596946233154E-4
40.0	25.89761725102854	26.330551506291837	23.174558790169094	24.597032580752828	2.398717577048522E-4
41.0	23.764500869932277	24.902059810499352	21.49829131458793	29.830008586255552	0.005139418724889657
42.0	24.42320453837692	26.331472947783247	20.545001265875257	28.700149952259885	1.7129570469168656E-4
43.0	25.836723159003522	25.537299500732203	22.461227530808163	26.160810475203604	0.003939334252511325
44.0	28.747688071132053	25.275890178241152	22.569357866038278	23.40665287501199	4.1100957652313305E-4
45.0	25.386554469326832	24.243988119556466	22.17737585754974	28.187972095409293	0.004109458157668266
46.0	25.087284835518254	24.450026777850677	22.34762307196051	28.115031071894762	3.424277580158914E-5
47.0	25.15933380766542	24.655977988069566	23.576712714313985	26.60588687659171	0.002088613359318879
48.0	22.306402665478238	24.115437880925633	23.239450118466458	30.33870933512967	0.0
49.0	22.462510687029695	25.814490277455484	24.75882736673642	26.96239192324094	0.0017797455374591942
50.0	27.32319711484988	24.48469317388074	20.891739450793413	27.300233367796068	1.3689267990350435E-4
51.0	24.83671245926366	27.28397249980496	21.330239127965147	26.54630426778609	0.0027716451801432494
52.0	23.171304255486966	26.226707772321834	21.468815824561847	29.13313800293849	3.414469085909066E-5
53.0	22.29072874925827	25.342029913153493	23.913004208891056	28.45239665483651	0.001840473860669994
54.0	23.020974416406002	28.101635024296677	22.471717494630465	26.40550265733198	1.704073348769966E-4
55.0	23.524650298180593	27.974105781188275	22.945831149078057	25.553746958190803	0.0016658133622708912
56.0	26.037396443911454	25.642241502384188	25.277645209668364	23.042682852213073	3.399182292707666E-5
57.0	22.567413746398486	27.55669545610429	23.678329612153217	26.192224982470403	0.00533620287359623
58.0	25.204544550865194	25.465783838508106	21.763234351046197	27.56596147578617	4.757837943281813E-4
59.0	27.34624845934977	22.946385881782046	24.66895772017408	25.035383557766185	0.0030243809279140504
60.0	24.082350079437212	23.384700355643943	23.83065472343535	28.70219306414585	1.0177733764733542E-4
61.0	25.415004128499813	23.756073169093447	22.878232662845065	27.944448100652618	0.006241938909058343
62.0	25.06290769580423	22.331061713653803	24.950796649898066	27.654996489109458	2.3745153444573725E-4
63.0	25.985703567120783	23.875259993731657	22.870120495985955	27.265863179189104	0.003052763972500702
64.0	24.79651685480766	22.189406516946235	23.800950361185333	29.21299082044418	1.3544661659430996E-4
65.0	23.956951456113444	26.305694095977195	23.529242468874962	26.202897667442045	0.005214311592362727
66.0	24.04363037021011	24.583795913986577	23.5471073854112	27.824890749707386	5.755806847310972E-4
67.0	26.37496610173508	25.234968722185226	21.221854283335663	27.16746606195435	7.4483078967976E-4
68.0	22.97570373911286	22.96852661409987	27.340648358452707	26.714782744701875	3.3854363268828356E-4
69.0	22.93424835702986	24.93079602931533	25.36353877470464	26.767997687163863	0.00341915178630369
70.0	25.23367328318566	23.254124341896283	24.831849854355482	26.679879429316788	4.730912457844191E-4
71.0	24.594992834773794	23.03296678112155	26.31040056512941	26.06076354483895	8.762741362970273E-4
72.0	27.124078500300413	25.8870103292884	22.23696674159863	24.74982148760219	0.0021229412103662883
73.0	25.343472820348335	23.22694306662992	22.915561850713562	28.509844457636724	0.004177804671459462
74.0	24.698016918531184	25.81664370864229	23.835684551691937	25.648475758987573	0.0011790621470182698
75.0	24.969287231336963	24.740764694885023	22.524190410744332	27.763298620409714	0.002459042623966907
76.0	26.42106536070341	24.09391725313862	25.855101539676244	23.628669526913935	0.0012463195677898475
77.0	24.28527930339699	25.02915199523598	24.16102544964132	26.523936971062223	6.062806634866123E-4
78.0	27.196193030772818	26.25657568789804	20.77050104055767	25.77575350756682	9.767332046515403E-4
79.0	27.302058593323753	20.951855239706695	22.82251991437459	28.920501466382326	0.0030647862126382355
80.0	23.884828754217622	23.33650009244332	28.574854001852906	24.20092093081838	0.0028962206677674547
81.0	24.991471539187646	24.813965055705246	21.994235332983774	28.199822931305224	5.051408181058634E-4
82.0	22.27221388965405	22.440552719788418	24.431086144087804	30.854530870425233	0.0016163760444988325
83.0	25.1814375259912	22.518793637859016	24.433934785866175	27.864958557187375	8.75493096231844E-4
84.0	23.64079041247593	25.753187855793865	25.333146124353227	25.271192073383226	0.0016835339937500485
85.0	25.064796016282337	27.37334558885421	21.60055755886185	25.960863138827445	4.376971741597056E-4
86.0	25.20382792839047	25.170800683438404	23.10964472986508	26.513538308742458	0.0021883495635925967
87.0	21.768241447196555	22.300813873006724	26.313925523348352	29.616110214887254	9.089415611172306E-4
88.0	24.230464710444675	27.328938297138915	26.00467107247501	22.43481504222682	0.0011108777145811789
89.0	26.655037779856556	26.115748715060743	23.13250838252664	24.095695280976635	0.0010098415794191594
90.0	23.38538582946443	25.506048481425392	25.266054755595167	25.84230897526045	2.019582545555892E-4
91.0	26.292030605715972	25.52914277944141	24.081015684874078	24.097036800435127	7.741295334119355E-4
92.0	24.865268186396875	24.7042934122849	23.010171061359898	27.42023368435011	3.3655608219103393E-5
93.0	25.893972849570112	26.247917207242043	21.362091775143526	26.495883550051474	1.3461799283899587E-4
94.0	27.446547374138596	23.906843194749523	23.418094049967976	25.223702936903468	0.004812444240429714
95.0	23.464118799939694	26.860354612220284	24.196892970213867	25.47621066744201	0.002422950184144214
96.0	26.155136779097397	24.388284788032273	24.07769087728815	25.377373284078008	0.0015142715041696307
97.0	25.244401224151247	25.201195886071158	23.005361970890235	26.548973620852966	6.729803439266048E-5
98.0	27.94210622830792	23.19411708296952	24.312053014894037	24.5516563789643	6.729486422419958E-5
99.0	21.551538239763488	22.536291585492584	26.965494945199715	28.9466079465881	6.728295611704678E-5
100.0	22.45435095603967	24.98435754941669	24.63618687514297	27.925104619400678	0.0
101.0	23.15235723930165	22.61028335848323	28.312133641814803	25.92509120901817	1.3455138214543523E-4
102.0	24.96069876634664	24.51529039179453	24.67178886297402	25.852154696653013	6.728223180545478E-5
103.0	25.316078876172966	25.585377035924022	25.364179846500722	23.734027870980416	3.363704218724194E-4
104.0	25.535848890327024	26.627946988102565	23.46322376137448	24.372643998825428	3.3636137051113135E-4
105.0	27.028911673892708	23.81737431853265	21.397612295156136	27.75310791496135	0.002993797457155899
106.0	26.04343684280634	23.543729489503065	24.695109234584248	25.71755624534961	1.6818775673861067E-4
107.0	25.6881005511801	24.491724225619883	23.082794072038894	26.73687659230366	5.045588574634683E-4
108.0	23.816216648891967	24.350264871640423	24.408415219718517	27.424867833238658	2.3542651043763433E-4
109.0	25.715419525917802	24.657116865952478	25.544141905173472	24.082749992853625	5.717101026219633E-4
110.0	24.221823315337684	24.111219693296054	23.689991061586277	27.976730531374912	2.353984050749206E-4
111.0	24.83569860753666	24.34145768955402	24.779404173522718	26.04286784158598	5.716878006195078E-4
112.0	25.556961906132603	24.04455964264049	23.937357169854717	26.46088589325754	2.3538811464880765E-4
113.0	28.126786345961662	22.117535343590404	22.944315098986262	26.81085883142543	5.043800362346618E-4
114.0	26.17423079522631	22.544901732852303	27.61826877520064	23.66209430566031	5.043910604418532E-4
115.0	26.84564277482578	23.73869797588386	26.390787482097178	23.024333715686186	5.380515069982006E-4
116.0	26.455605788929258	24.91283515756256	24.993139804067425	23.63825110738359	1.681420571709897E-4
117.0	25.991029284965812	26.650986859361947	24.16910921028384	23.18830296239402	5.71682994381365E-4
118.0	26.122454881707295	24.574643632155816	25.212673980380558	24.089723080772227	5.044249841022059E-4
119.0	26.495498279718365	21.612292808714972	25.211651305587996	26.68018768909899	3.6991687967713655E-4
120.0	25.470733669261	23.934577503248526	24.845106495169585	25.749380560495226	2.0177182565838148E-4
121.0	27.457737808792526	23.537961400156508	24.122665864955362	24.881029607158098	6.053189375038463E-4
122.0	26.210311621971087	24.14445619586802	24.904973206193766	24.739485511839888	7.734641272382119E-4
123.0	24.246074462221586	28.202130095851285	23.236479917569845	24.31471021152657	6.053128307151872E-4
124.0	25.376179992016528	24.858397595138353	22.886035748070633	26.879151263282107	2.3540149237820412E-4
125.0	26.48226713764188	24.04334281202332	24.481519244789634	24.99209735520337	7.734503417977946E-4
126.0	23.90403908437691	24.30697565868965	25.052250267262426	26.73649959023684	2.3539943416701724E-4
127.0	25.730721194361518	23.285556810256296	27.53658229831732	23.446332623332637	8.070737322384929E-4
128.0	25.72796319618779	23.589784117258343	24.992559536320393	25.679469869064654	0.010223281168816973
129.0	24.575039169337646	26.37042238317045	22.733752417502263	26.317557649294955	0.0032283806946869936
130.0	25.905384655222395	24.8419927643212	23.815895759951413	25.436693191211457	3.362929353597898E-5
131.0	25.136746172536423	25.04221349722136	24.78810858982874	25.0324272971087	5.044433047762374E-4
132.0	26.022455102909692	25.77615250045568	22.247474254921176	25.9472258672885	0.0066922744249520265
133.0	26.419018806808168	25.967748227403515	24.739037208720465	22.872547925009517	0.0016478320583372904
134.0	26.235324344101755	23.246891343649786	21.237967576351075	29.279614962443233	2.0177345414630995E-4
135.0	25.99705483065949	24.217914283398734	26.078569908090405	23.706023809531818	4.371683195552451E-4
136.0	27.67598048298853	26.71664182033225	24.17108357481863	21.429467405117887	0.006826716742707772
137.0	28.370841212515803	21.911329645040798	24.48592643211673	25.231801820919287	1.0088940738570995E-4
138.0	24.999512394921105	24.11415608339459	27.3514166440799	23.533603388081854	0.0013114895225438323
139.0	25.288556894376896	24.226168477612063	25.203611555659876	25.280553335147026	0.0011097372041415394
140.0	26.59878016833637	21.760950792096953	25.497185482409222	26.142680017984393	4.0353917306080095E-4
141.0	25.542497181920172	25.619943934335375	24.99737696626644	23.83954297336343	6.389441145848746E-4
142.0	28.64503727587646	22.87493539061063	23.4742347675693	25.005389019985273	4.035459583358975E-4
143.0	26.483373172434483	25.601352960087816	24.33616444289602	23.578941279810387	1.6814477130293367E-4
144.0	27.593063775093267	25.715108188509173	22.923413525530954	23.767708297602304	7.062132642993053E-4
145.0	27.49565681763611	22.49122788138118	23.05138574925024	26.960619795495468	0.0011097562369981968
146.0	27.28900071697316	21.92007565210256	25.23271361562975	25.552661207985437	0.005548807309090762
147.0	26.252924864526396	24.861936978291265	26.519870246653767	22.361636000567653	0.003631909960916613
148.0	23.80228384947955	24.739438305931984	23.91534637083431	27.54239340107668	5.380726774765468E-4
149.0	27.381997313634216	24.908946728034724	24.639469399038315	23.067669648304005	0.0019169109887426877
150.0	25.484021872081485	23.835611647128893	25.27036584516883	25.410000635620793	0.0
151.0	26.259226412384773	24.02427126182109	25.79124252999856	23.924889848062467	3.699477331116337E-4
152.0	27.25954968925821	24.24872257698254	23.247635930824597	25.24389001163327	2.017913013823713E-4
153.0	24.995577361201452	23.41082648524991	24.918189590285397	26.67493571198431	4.708512789329703E-4
154.0	22.800348297174576	25.19030054925079	24.944548574103788	27.0617756631217	0.003026916349148747
155.0	27.565164274652638	23.46028252091863	24.329857098072353	24.64449428647928	2.0181987710514947E-4
156.0	25.719327421292764	23.67426459408877	25.976549623332783	24.629589265219735	2.6909606595006385E-4
157.0	24.822125825123585	22.95074688316546	26.60342401059172	25.62346781984387	2.3546127536590682E-4
158.0	24.961409072576508	21.528708656241875	26.173209604658698	27.336571753223925	1.0091329899365895E-4
159.0	26.61410743437188	21.657893152285762	24.478559244180435	27.249070144272704	3.7002488921959395E-4
160.0	26.248650641552874	21.34268776392173	26.12748170103431	26.281045336089072	1.3455740201950476E-4
161.0	24.346821275930104	20.941548884751175	29.10610212083138	25.60152456305895	0.004003155428396501
162.0	25.427927064179134	23.638979662825566	24.92227306459763	26.010752926912794	6.728148487545861E-5
163.0	24.9210522331949	24.346391211541665	26.891323399051654	23.84119951489217	3.364131961440319E-5
164.0	25.093877270901444	24.225987704617463	24.772968728658523	25.905450567166067	0.0017157286565037217
165.0	25.852390285849243	22.367671172780568	26.998498859173342	24.7808677549433	5.719272535447715E-4
166.0	24.7326406960779	23.41793977817261	25.93507207018377	25.914111948581425	2.3550698429605785E-4
167.0	26.492533672743964	23.808336622130795	26.23895140688195	23.45990913834852	2.6915989477193915E-4
168.0	25.97514810299968	24.018509552378514	23.951923345447153	26.05414982805012	2.691711245330301E-4
169.0	26.597202968498067	22.232914581656576	25.52493129224417	25.644816568461458	1.3458913973313666E-4
170.0	30.574115959135632	23.493074309432977	23.586109991392938	22.346430559041824	2.69180996629181E-4
171.0	25.59997200511983	23.44473635687012	26.78157802294234	24.173074308910046	6.393061576623198E-4
172.0	27.228778572046185	24.068228056227788	24.302661907560793	24.400129598047553	2.0186611768054484E-4
173.0	28.343869439528042	20.356086859545087	23.540804520943308	27.75772529106197	0.0015138889215963655
174.0	24.25364046643182	25.597975709591562	24.24933461073719	25.898376423287147	6.727899522857366E-4
175.0	25.48723201356267	24.180142724274393	23.356492810807083	26.97394600831185	0.0021864430439996435
176.0	24.377567436571095	24.625763482857522	27.77639685535374	23.21869135868079	0.0015808665368562216
177.0	22.05078592784157	26.085511532592932	24.450482913032598	27.387082580954203	0.026137045578701775
178.0	25.126267722552747	23.662214669927966	23.8787601141993	27.332185689568416	5.718037515707786E-4
179.0	27.743509753576333	24.851226467106677	22.779615360162968	24.624403804216016	0.0012446149380030387
180.0	26.77107066880884	21.99738163746808	25.44209317917235	25.789083546134307	3.7096841642351373E-4
181.0	27.496190994192744	22.25493143789547	26.36622535125621	23.882077909793285	5.743068622913493E-4
182.0	25.375380040839403	23.020798644720834	25.875200025938355	25.7285199667935	1.0132170790572758E-4
183.0	23.99338260799957	24.502116572426026	25.934151005021477	25.5699445026705	4.053118824271292E-4
184.0	26.108994537065904	22.185869467187437	26.50990695143417	25.191243227066266	0.003985817246225888
185.0	24.396900919328182	24.262847002565906	25.150831765880866	26.18901500937769	4.053028473538284E-4
186.0	26.637289083658555	23.103095590187444	25.81949742850445	24.44008411995944	3.377769010590657E-5
187.0	24.141131425315468	23.0160266192245	28.170185467024062	24.67218278858979	4.7369984618289286E-4
188.0	27.584492806293404	27.9414879829671	22.294771763339607	22.178638356103196	6.090912966944615E-4
189.0	24.74909257771548	23.756088680012752	24.837279878608793	26.656625180959935	9.136827030389086E-4
190.0	28.830868551989187	21.486239798891713	24.873647382282407	24.808905837433407	3.384294032880447E-4
191.0	26.74620148526918	24.018620273276785	24.35466522119541	24.880004528962477	5.084912961544837E-4
192.0	26.97848995015592	23.2783247072991	24.16095345874251	25.582096272102167	1.3561170030627903E-4
193.0	27.66221198687941	24.480971145962815	22.050597133245038	25.805846758744067	3.7297516866954334E-4
194.0	27.536550332238757	23.51648850965249	24.301783197765815	24.645144051508876	3.3908834065085974E-5
195.0	26.192505371111135	21.561530804827303	24.809192018706895	27.43622918323501	5.426221196515688E-4
196.0	28.098637160288785	22.46776493947373	26.192259505624243	23.241134402140563	2.0399247267775822E-4
197.0	24.671568290740527	24.618147343880597	24.339107057481755	26.370599232724224	5.780751728954834E-4
198.0	26.803582859153764	23.448970352123254	24.432236466251346	25.314971855825792	2.384666458405796E-4
199.0	25.453009812282318	23.299544651654077	25.406170861119783	25.840865004817037	4.096701267860764E-4
200.0	27.52559671029181	23.754785085964247	23.78346487340605	24.935948474713303	2.048556245843138E-4
201.0	24.899784203122223	21.525840993211958	28.85634483794747	24.71785924034036	1.7072537798598685E-4
202.0	24.928827026368065	25.053296494468537	28.395429767974566	21.622446711188832	0.0
203.0	25.570816497393523	24.736560026807698	22.9185347173048	26.77354222025013	5.465382438428197E-4
204.0	25.790300590084275	23.56346950286092	24.157140812289114	26.488849959124888	2.3913564081006855E-4
205.0	27.337735257953987	24.35733141832416	25.345219235866246	22.959030806753415	6.832811021870803E-4
206.0	25.227918037660036	21.49686849739127	26.07576425406002	27.19917586641656	2.7334447212057226E-4
207.0	25.992604718080507	23.673411500962	26.953752148698477	23.379992413342947	2.3921891606491717E-4
208.0	27.964766075025388	22.27040817198465	22.075002144783664	27.68975524856761	6.835963869196566E-5
209.0	26.521303340396045	21.251549455049908	25.32252252991397	26.90397515128766	6.495233524156458E-4
210.0	24.478111542492176	24.38288858914458	25.07922994206273	26.05922286445004	5.470618504709006E-4
211.0	25.048043495138195	25.872726035282174	25.569639041927715	23.508975814259863	6.156133920537307E-4
212.0	28.21766205879324	22.80656135264345	24.17082399424378	24.80454202222495	4.1057209457801913E-4
213.0	29.184871858160232	23.361926453023333	22.74886951794513	24.7040583013448	2.738695265035523E-4
214.0	27.525305209240088	24.980584523184323	24.36031699213069	23.133656245171824	1.3703027307050242E-4
215.0	25.472852304711818	24.948416580451077	23.42603183149382	26.152355908941228	3.433744020564006E-4
216.0	26.102512914660092	24.56018610169327	25.682200378843923	23.654996412304996	1.0419249772339393E-4
217.0	29.18600684086674	23.029786638440072	25.321914392938687	22.461732261422583	5.598663319132557E-4
218.0	24.40963038557561	24.436255901577404	25.61431139141274	25.539378573168964	4.23748265280539E-4
219.0	26.6999180770959	23.078027735482028	24.55413664341301	25.66738303180312	5.345122059425642E-4
220.0	27.68779280524432	21.913039617417855	24.816779647179978	25.58177922466675	6.08705491096429E-4
221.0	25.849556440403138	22.575908852766627	24.56926780845898	27.005086611578232	1.802867930188627E-4
222.0	25.217061914096895	24.823096590774448	24.42249590849913	25.53709038051596	2.5520611357182464E-4
223.0	30.274311493376203	22.718276386164582	24.169071695225345	22.837787474485932	5.529507479396133E-4
224.0	29.830024820774785	22.750688901251017	24.50189343885089	22.917208023227662	1.848158956455527E-4
225.0	30.23285391545263	20.27024665073772	24.04983218824667	25.446286293359115	7.809522038657134E-4
226.0	25.429373545679347	22.76528557039448	25.60792436273074	26.197078143146697	3.3837804873922215E-4
227.0	27.095594949666385	23.745817239220315	25.931996748334207	23.225300116526885	0.0012909462522121694
228.0	27.2119981011892	28.266082511196377	23.104540380472496	21.417302626981062	7.63801608642568E-5
229.0	27.074748583865244	25.41565812102702	22.089430647031037	25.420124147845506	3.8500231193888314E-5
230.0	25.408863260715574	22.93292591994234	27.665028831694983	23.993181987647112	0.0
231.0	24.731355359853424	25.345720546639082	24.433514704603983	25.48783600984778	0.0015733790557286927
232.0	24.8389042564377	25.459530994180714	24.746369564822114	24.954878961777364	3.162227821122259E-4
233.0	22.888200274253986	25.19442334216827	22.229542421712335	29.68751375872854	3.2020313687003036E-4
234.0	26.934655072868896	21.240118137445904	26.807075082449582	25.016689006708514	0.0014627005271003871
235.0	25.16611049436196	22.097884129488772	27.530570260539	25.205270405154778	1.647104554902936E-4
236.0	28.43902443094169	24.00336057894065	23.78181099162942	23.77534513095662	4.588675316180587E-4
237.0	27.72574963122521	24.586166791629804	22.694725318655998	24.993273918914248	8.433957474299623E-5
238.0	27.11479601422418	22.505644921620135	24.27171117130843	26.107762493125325	8.539972193850537E-5
239.0	27.299637780086517	23.52053870422111	24.445106006983043	24.73363573856991	0.0010817701394228627
240.0	25.47345607292877	21.709759585306998	26.44668871212798	26.369782822414873	3.1280722137813925E-4
241.0	29.320614772216764	21.423329771563473	23.682100406113356	25.572165216006127	0.0017898341002772454
242.0	26.525342678373086	24.32428795211205	21.199585143396476	27.949931903944186	8.523221741931201E-4
243.0	27.915205140737758	23.10425411862799	25.42727171444179	23.550932980650355	0.002336045542106322
244.0	26.447608152769202	22.9373505616025	26.08146016199111	24.53254566270175	0.001035460935435409
245.0	29.070782007370006	20.997161356918312	23.725858901573254	26.204257784162067	0.0019399499763596794
246.0	24.27452618105592	26.994550189509496	23.35744121951374	25.370770611700326	0.002711798220518008
247.0	25.725567245187126	23.231247173629544	24.793623980127727	26.10836768780014	0.1411939132554622
248.0	26.19580615617843	22.818376995958754	23.920976794463368	27.053726507892655	0.011113545506793552
249.0	25.343174942565337	21.42578986875327	28.6687441712349	24.54550417396447	0.01678684348201897
250.0	26.692990989496103	22.338172425834063	24.736171752986557	26.231616356576353	0.0010484751069216678
