# Position (bp)	A	C	G	T	N
0.0	23.729347761146215	23.52655946537316	25.46105763361125	27.283035139869373	0.0
1.0	22.883550084641158	30.054540768285275	23.96417656305518	23.023345072140344	0.07438751187804074
2.0	24.525857416885568	26.766336188343836	23.054077215571425	25.65304119032395	6.879888752198877E-4
3.0	26.202439911833604	22.009595892555904	24.56317381848049	27.21735869384515	0.007431683284855561
4.0	25.70787010556208	23.457429530521004	24.48597433057696	26.348726033339954	0.0
5.0	28.148480454663872	24.54393073094484	22.681476492122908	24.62555530418329	5.570180850917965E-4
6.0	25.83654742459357	23.624682510497465	24.216089555557456	26.315539668015013	0.007140841336491838
7.0	25.451553913381975	25.314988780170218	23.65471831895697	25.57792889147741	8.100960134322445E-4
8.0	27.298716063302724	24.480084079380525	23.91424039237044	24.306959464946303	0.0
9.0	25.765073977833165	25.422453200403034	22.354817839529087	26.45752770854325	1.272736914673596E-4
10.0	24.38817710864456	24.710692013095496	23.613963387016614	27.28716749124333	0.0
11.0	26.53515775404801	22.7186599751902	23.262102987766685	27.483832991124462	2.4629187064422565E-4
12.0	27.5435914708397	24.58962969919942	20.418685390056222	27.448093439904657	0.0
13.0	25.111286494702657	23.205651676174618	25.14780472198297	26.534976813728612	2.802934111427843E-4
14.0	26.11805064488623	22.133091926147753	23.800676129954898	27.94814174999644	3.954901467584836E-5
15.0	25.292679217026055	23.37050080536023	24.240016848213973	27.096803129399742	0.0
16.0	26.126218435797067	24.55718013661831	21.899071302479083	27.4174533732443	7.675186123263489E-5
17.0	28.288078976273667	26.741957501435152	19.410103767856523	25.558127025597678	0.0017327288369773375
18.0	25.421976955966418	25.55003673264093	20.4903863616151	28.537450478196952	1.4947158059470258E-4
19.0	24.648062554093798	25.174578603051305	21.954707568984354	28.221981784687074	6.694891834723948E-4
20.0	22.199145065845	25.861481164374073	24.079475707363272	27.859861125834446	3.693658321091934E-5
21.0	23.625991113441863	24.988931170373547	23.757059239936705	27.627542397554272	4.7607869361076757E-4
22.0	22.64903324443335	26.55157438592074	25.768490222876405	25.030793304456257	1.0884231324745192E-4
23.0	25.042182095136795	23.77606889609728	23.61658986574713	27.56476171000252	3.974330162781337E-4
24.0	27.923764456582823	21.320752690866268	24.83543388540686	25.920013172448108	3.579469594195532E-5
25.0	24.9561647214245	24.646766324300266	20.259163238750244	30.137551347872805	3.5436765218673194E-4
26.0	26.160155558985483	25.063553513573705	20.093693419401035	28.682562269052486	3.5238987287887725E-5
27.0	25.109457947158525	25.104676358524923	20.326673916398843	29.459156619177758	3.5158739952950575E-5
28.0	27.335393797441387	24.13858767926943	22.628505144661847	25.8944846495656	0.0030287290617345497
29.0	27.12222367042717	24.006479682718982	22.33387192765044	26.53690750314985	5.172160535587569E-4
30.0	23.298413174822127	24.89370114621172	25.18181301132233	26.625901356034177	1.7131160965073674E-4
31.0	25.906860916249375	24.733397456274933	22.769470529171	26.589691879384812	5.792189198793725E-4
32.0	24.243019045386085	22.608144238714964	24.775218227678412	28.37324686433904	3.7162388149657665E-4
33.0	23.279484561329788	25.30227622191859	25.199264767874613	26.218874080458	1.0036841901004622E-4
34.0	26.287579790147348	26.768262524937015	22.36198752568388	24.5821369652027	3.3194029058053036E-5
35.0	25.468926226615363	22.19674591002129	25.964897508368427	26.369101439760655	3.2891523426823105E-4
36.0	23.888488336250393	24.75972866410912	26.133134933805845	25.218549479497	9.858633764243262E-5
37.0	25.024449038414474	25.422433721506643	21.767249096362885	27.785868143715998	0.0
38.0	26.915457655262287	24.567573709847775	21.489389512734686	27.027480597140407	9.852501484443557E-5
39.0	23.626463288463476	27.357128574350796	21.6010320384368	27.415113426711052	2.626720378720544E-4
40.0	26.036294349419286	26.092891420947613	23.149088636135325	24.72162710671437	9.848678340195674E-5
41.0	23.78334589398113	24.852423329718317	21.632028601514104	29.726425152106383	0.005777022680065858
42.0	24.657675868499485	25.97514911091397	20.66633124300722	28.700810957260398	3.282031892816715E-5
43.0	25.830349000411186	26.08693654684158	22.386648127869137	25.69166899386113	0.00439733101696812
44.0	28.319746118243224	25.101469361666663	22.939392686593706	23.639194964888482	1.9686860792238653E-4
45.0	26.094471822414917	24.32015625891898	21.896489620027594	27.684453562901496	0.004428735737010518
46.0	25.136983066058903	24.765987262149373	22.515968236723534	27.58106143506819	0.0
47.0	25.161870969625227	24.45220030050389	23.440484191074816	26.943214210862422	0.002230327933643808
48.0	22.651986411267032	23.82444411368007	23.221462119865947	30.30210735518695	0.0
49.0	22.5006900684561	25.87664919804539	25.011064042942255	26.609203579045786	0.002393111510472977
50.0	27.21952882481553	24.432927848636528	20.601507209891597	27.74603611665634	0.0
51.0	24.206381329588414	27.577070998887336	21.378125978084356	26.835570398312818	0.002851295127071081
52.0	22.962041945616072	26.068970751120542	21.67669935878438	29.29228794447901	0.0
53.0	22.90406203235167	25.179598182026563	24.12057216726949	27.793547232664746	0.0022203856875244693
54.0	23.14769011246998	28.455313222936756	22.561847061070758	25.835084299425816	6.530409668924556E-5
55.0	24.205191715417083	27.72835563087653	23.043818338846613	25.020581094073364	0.002053220786416152
56.0	26.333792918264383	25.30182868311809	25.091349429776866	23.273028968840663	0.0
57.0	22.86486997266184	27.689648318491223	23.152393148189784	26.287190816462854	0.0058977441943062325
58.0	25.20038496850465	25.59506239448064	22.049449035004898	27.15484295982657	2.606421832431837E-4
59.0	27.41048985766724	22.449040755667966	24.79923171845661	25.337784571040633	0.003453097167548184
60.0	24.006097654205362	23.50079002097939	23.611298617520216	28.88178117606261	3.253123242296848E-5
61.0	25.373225600791077	24.032391324147444	23.03619058771485	27.551751954929284	0.006440532417346502
62.0	25.19240088857954	21.830304725538856	25.196791746488127	27.780307490153096	1.951492403815818E-4
63.0	25.794536778090393	24.23435960763359	23.0442252922893	26.923886237027116	0.0029920849596019746
64.0	25.021961965934516	21.887368321573195	24.136273633267482	28.954363603119916	3.247610489392167E-5
65.0	24.12882849473644	26.01850186103211	24.157924372798732	25.689030009670482	0.005715261762236018
66.0	24.593026219784836	23.863748169011707	23.354724493695816	28.188078987641664	4.221298659802619E-4
67.0	26.652323599594645	24.927648794438802	21.362868448899903	27.056282467938342	8.766891283079998E-4
68.0	23.63806142181621	22.46141817978745	27.11893187807067	26.78145864800315	1.2987232251973084E-4
69.0	22.74419051626292	25.142558640267833	25.164051197739322	26.945953035839977	0.0032466098899529114
70.0	25.992623740737525	23.436484661868487	24.6792098958867	25.891519571665928	1.6212984135919283E-4
71.0	24.352696319615756	23.374874893331807	25.778766770116214	26.492303392485255	0.0013586244509701548
72.0	27.314359785885394	25.741909172380627	22.085395517254426	24.85655673419278	0.0017787902867701017
73.0	25.49587509004447	22.85406393190116	22.816591203899492	28.829104961143464	0.004364813011410591
74.0	25.01768812847803	25.06794859404832	24.322703864367202	25.590980654407424	6.787586990199694E-4
75.0	25.24231147859935	24.919703518695556	22.24230307566711	27.59296713354651	0.002714793491476518
76.0	26.801224822861208	24.083152222213243	25.306391539350265	23.808488119379835	7.432961954545822E-4
77.0	24.227217718807008	24.788653655683433	24.231580205941707	26.7516436074214	9.048121464567719E-4
78.0	27.012902077147498	26.027563249388564	20.818198943832066	26.14078641632197	5.493133098938113E-4
79.0	26.780000549275684	21.016580048045466	23.21503981440944	28.985277796176717	0.003101792092691887
80.0	23.546019417099338	23.480953299391693	28.24774102005193	24.722927858991966	0.0023584044650734838
81.0	24.893585128020902	25.108643963104342	21.945822101729256	28.05130269377586	6.461133696362899E-4
82.0	22.705891892118892	22.841342514988245	24.277900873919794	30.17389559932459	9.691196484809211E-4
83.0	25.628306109211753	21.891191375108857	24.440949368560595	28.03848718127621	0.0010659658425781645
84.0	23.035218273193543	25.86805420978515	25.374500988333786	25.721192977016393	0.0010335516711238583
85.0	25.185011269418716	26.955952219860723	21.719798232353163	26.13843089774589	8.073806215086843E-4
86.0	25.303494485544032	24.637264630915894	23.213836500328256	26.843595994289366	0.0018083889224553141
87.0	22.128259860908727	22.636153850872898	25.84208532941914	29.39243544693218	0.0010655118670576987
88.0	24.812299526531508	26.906602568966104	25.603103292970935	22.677381184914225	6.134266172266338E-4
89.0	26.374175536645705	26.063937453936425	23.27557180171493	24.28524987401622	0.001065333686722811
90.0	23.963745330248624	25.526951966565335	25.219191423248866	25.29004671930295	6.45606342178463E-5
91.0	26.281314888833013	25.49195681076742	24.323622932474137	23.902653476161255	4.5189176417576396E-4
92.0	25.21409976109649	24.508007882976656	22.64664550682595	27.631246849100897	0.0
93.0	25.91915793034026	26.29599017060405	21.422022094194503	26.362442515816724	3.872890444643324E-4
94.0	28.050591684276704	23.69186590641229	23.359814007045735	24.89272616255278	0.005002239712490624
95.0	23.93023381893941	26.411349138120205	24.198691884105113	25.45653038200495	0.0031947768303166894
96.0	25.967114134455883	24.704474753181767	23.949491843390252	25.377951259428816	9.680095432834173E-4
97.0	25.16976559314072	25.27129587090846	23.489370131579626	26.06934256644797	2.2583792322026814E-4
98.0	28.013458780870593	22.916768150562852	24.624439687918873	24.445301120866112	3.2259781569019E-5
99.0	22.01481934468604	22.263980180666604	26.72120144226226	28.9999667785552	3.225382990039694E-5
100.0	22.448460955973317	24.994194964066825	24.341063921185672	28.216280158774182	0.0
101.0	23.440557735857087	22.341679314780187	28.450629471378182	25.76697225282813	1.612251564125855E-4
102.0	24.868829708200916	24.15210078831153	25.039692878368896	25.939344380700813	3.224441784638243E-5
103.0	25.519472544249332	25.198210137076472	25.495746964108935	23.78628023198202	2.9012258323858685E-4
104.0	25.821015892335424	26.75230210651449	23.276321116460416	24.149909617660786	4.5126702888366856E-4
105.0	26.845571386161303	23.694839958882902	21.011430334142503	28.444483697728085	0.003674623085207096
106.0	25.581926804072207	23.650803627403107	25.085100862370446	25.682104241908526	6.446424571191896E-5
107.0	25.633149757479394	24.12919648955094	22.73444114866679	27.502342372889004	8.702314138714244E-4
108.0	23.89317005684048	24.555943828384414	24.6861723823964	26.864681513538034	3.2218840675899725E-5
109.0	25.73974103989934	24.578208926952687	25.52928844279252	24.1519562459612	8.053443942553818E-4
110.0	24.419741013386105	23.876862501054898	23.660149161137706	28.04311848176973	1.288426515560005E-4
111.0	24.55874930467001	23.816988824150684	25.049240797889354	26.574151407521835	8.696657681194057E-4
112.0	25.282122039562466	23.940194443424538	24.168481562143505	26.609040917116445	1.6103775304667325E-4
113.0	27.936329527704867	22.002673064845975	23.236534033268384	26.82356161736526	9.017568155102172E-4
114.0	25.846961977210803	22.29431429510013	27.40716526354437	24.451139781898757	4.1868224594039254E-4
115.0	26.42422028820824	23.357647541572334	26.671195183925118	23.546002939349112	9.340469451994658E-4
116.0	27.104665188312953	24.23559611634225	25.16705557998006	23.492618699080943	6.441628379237988E-5
117.0	26.001895120354956	26.233567464223324	24.15251016485357	23.611125425790128	9.018247780222725E-4
118.0	26.734149052355477	24.07236411759572	25.154328194481707	24.03870773668407	4.508988830268456E-4
119.0	26.452955446392796	21.114877269196132	25.111084486048252	27.320342020404247	7.407779585705433E-4
120.0	25.264624861548015	23.65788937175087	25.32559365666871	25.751827695034923	6.441499748620473E-5
121.0	27.404634930164278	23.376044894806782	24.470845365552947	24.747572996897123	9.018125788683412E-4
122.0	26.65585347306745	23.924834991975455	24.611470638346663	24.80738998901396	4.5090759647248546E-4
123.0	24.008014470105806	28.25149023280741	23.277487983448015	24.462202130578792	8.051830599790523E-4
124.0	24.922269079422417	24.314818118985798	23.2737680768272	27.489015897881508	1.2882688307865332E-4
125.0	26.06095467160156	24.016292625709227	24.85333963721951	25.068285837866668	0.001127227603034239
126.0	24.173499287268942	23.715844143463453	25.23286949453101	26.877626041962564	1.6103277403430255E-4
127.0	25.549855509247376	22.968377571582746	28.058419802881957	23.422316534746862	0.001030581541060784
128.0	25.94615954906658	23.669270402244617	24.841241264968474	25.533441587928735	0.009887195791597235
129.0	24.51291015930699	26.49978712262574	22.556080789056878	26.428098009902502	0.003123919107885996
130.0	26.17360481751082	24.70172360375471	23.641339179376786	25.483300193300757	3.220605692871447E-5
131.0	26.189960888586576	24.38543808390145	24.246725256491516	25.177135024554136	7.40746466317292E-4
132.0	26.16410345925916	25.400535711582727	22.613508601691	25.815572092885446	0.006280134581673794
133.0	26.735827187156907	25.88012355368534	24.65585867138243	22.72587178229508	0.0023188054802391073
134.0	26.54235266307558	22.94288031215802	21.404794830687894	29.109907783790117	6.441028838418418E-5
135.0	25.931880301169723	23.636168063243193	26.43302471133715	23.99841164177691	5.152824730209369E-4
136.0	27.803601443205274	25.667907555249812	24.95033064060833	21.571493765122625	0.006666595813957533
137.0	28.69224199233243	21.857576624206448	24.028348895209827	25.421478223678783	3.542645725121609E-4
138.0	25.03133368799762	24.337387498212724	26.830041954294682	23.800335170631737	9.016888632408501E-4
139.0	25.530449993688187	24.011621466350302	25.44298628661818	25.013718534319523	0.0012237190238071315
140.0	26.55549225816362	21.441220428104344	25.991676732884184	26.01135295437983	2.576264680280723E-4
141.0	25.419118731575296	25.287050198924	25.512091629347616	23.781288584396655	4.5085575642968615E-4
142.0	28.356558376167442	23.020890462022216	23.375875991120694	25.246449742158067	2.2542853158752892E-4
143.0	26.5332680670997	25.648148446330865	23.891660199083482	23.926730065083746	1.932224022053117E-4
144.0	27.624284839268775	25.83669699598679	22.997984700729024	23.540389392660032	6.440713553773196E-4
145.0	27.786891581164376	22.563812725832317	22.959119922194525	26.689241847493545	9.339233152345436E-4
146.0	27.264737613319806	21.438964301241487	25.406791942418238	25.88448223113215	0.0050239118883145745
147.0	26.27579897147086	24.672944930312305	26.34793577634499	22.699938909143373	0.003381412728474812
148.0	24.50893061295997	24.594658829394408	24.29406259641204	26.601929303527484	4.186577061035785E-4
149.0	27.686789739104167	24.838805980724025	23.690472701602424	23.781451794445864	0.0024797841235203017
150.0	25.552608738359673	24.060842918540633	25.42797286351728	24.95857547958242	0.0
151.0	26.431294974803	23.816294908779028	25.68013544897748	24.071598324343874	6.763430966143231E-4
152.0	27.20093710485616	23.926996259439168	23.546369878146738	25.325503513499065	1.9324405887244665E-4
153.0	24.816392391915244	23.00223359867047	25.126165312067712	27.054242468649903	9.662286966702149E-4
154.0	23.35595626662338	24.562630804937108	25.297843928815062	26.78038040281962	0.003188596804832753
155.0	26.962209536424353	23.98849516530227	24.117375341205513	24.931791109103944	1.2884796391226226E-4
156.0	25.7006570088894	23.54363459018442	26.187261062785	24.568157424432382	2.899137087952088E-4
157.0	25.39640407235665	22.741963280498783	26.669651730075106	25.19156214918123	4.187678882340719E-4
158.0	25.470357605466248	21.040354838325193	26.023431467515728	27.46579166166015	6.442703268093445E-5
159.0	27.008538693431078	21.698899112241328	24.55085364384377	26.741160909239092	5.476412447305637E-4
160.0	26.187540812076154	21.26290241472189	26.346069654113325	26.203422689565347	6.442952328273575E-5
161.0	24.423082932442565	20.89745625906655	28.42758789985854	26.247588292883446	0.004284615748894456
162.0	25.48357603681885	23.650268583552776	24.605081986120123	26.261008961805533	6.44317027172782E-5
163.0	24.74578499062651	24.322906783480626	27.34909875008336	23.58217725897215	3.221683735684045E-5
164.0	25.670597946009373	23.849152794105756	24.85063189674697	25.627748751654767	0.001868611483133043
165.0	26.211095796757693	21.889484065232704	26.67036530854341	25.22831381236545	7.410171007415971E-4
166.0	25.039710335255112	23.392271096095467	25.895778171140105	25.67201486213667	2.2553537264565233E-4
167.0	26.18571449284468	23.753373060943055	26.22457215490868	23.83582476676542	5.155245381625094E-4
168.0	25.81509008152673	23.5697056441037	24.32974536671562	26.28529780037003	1.611072839180776E-4
169.0	26.64730945872748	21.930560876764872	25.96335191397589	25.458455524231578	3.222263001750655E-4
170.0	30.609620368025254	23.124895678058785	23.154057487109192	23.111265351839645	1.611149671293244E-4
171.0	25.64165933886412	23.50060915547304	26.85465366748328	24.002240068155814	8.377700237507803E-4
172.0	27.40043013357593	24.503471479489406	24.147045634363266	23.94892389290215	1.28859669243001E-4
173.0	28.340484994396675	20.227792296564207	23.60270415573731	27.82708581703365	0.0019327362681504068
174.0	24.546499594322512	25.636433735746934	23.73375961410553	26.082791705304537	5.15350520487921E-4
175.0	25.612524812283382	24.21244049158516	23.706741758682405	26.466553702268058	0.0017392351809915765
176.0	24.41415277168054	24.635102617675923	27.726951082155015	23.22237635746464	0.0014171710238770772
177.0	22.382579490240634	26.133857174472798	24.51733092287378	26.942297476781018	0.023934935631774384
178.0	24.896983862737923	23.279617622652985	23.93897888394675	27.884161929255807	2.577014065342769E-4
179.0	28.513859698180603	23.757227519145594	23.33891088840981	24.388745494679952	0.0012563995840350916
180.0	25.843694694515957	22.45622622903497	25.79645547647193	25.90355902141522	6.457856191937818E-5
181.0	27.478103055776998	22.017525313947257	26.49845442842946	24.005012035479936	9.051663663453973E-4
182.0	25.87797465588178	23.01718433240952	25.45606837396847	25.64864332771589	1.2931002433937933E-4
183.0	23.812966083913935	24.364208764212254	25.759563014658315	26.06274487236975	5.172648457435408E-4
184.0	26.16048228809452	22.063639293922677	26.67462850244529	25.096820686375338	0.004429229162174125
185.0	24.67883584986542	24.31727765819949	24.731336788998597	26.272129436798114	4.202661383813547E-4
186.0	26.9575664462998	23.476571795110544	25.17423078514748	24.391566311803594	6.466163857765086E-5
187.0	24.679622086811246	22.580733939013257	28.11571163073815	24.62322003276629	7.123106710614077E-4
188.0	27.62419704443706	27.611827691678016	22.63685458368709	22.126537831114945	5.82849082886968E-4
189.0	25.445162761116602	23.69249023018804	24.79278413411034	26.068850458731045	7.124158539728841E-4
190.0	28.743788634820955	21.724460213582876	25.0682343401056	24.463322503925014	1.943075655593726E-4
191.0	26.621013421612993	23.52583107564243	24.97368279383331	24.879245696658444	2.2701225282419456E-4
192.0	26.855546351440502	23.5233179443701	24.318832419444714	25.30230328474469	0.0
193.0	27.331485922384736	24.17167363040904	22.605829043233374	25.890881654871933	1.2974910091982382E-4
194.0	27.612596334816647	22.998743324927386	24.631382881062226	24.757277459193745	0.0
195.0	26.510177617190784	21.620262511505196	24.791689850089366	27.077188712465972	6.813087486856418E-4
196.0	28.625406196254268	22.304981102955495	26.230241967333974	22.839305722552314	6.501090395386566E-5
197.0	25.042729012715153	23.77452996460409	24.379937570287073	26.802153210617536	6.502417761484164E-4
198.0	26.8974403320087	23.51175674148392	24.550847300295967	25.03985791528528	9.771092613347118E-5
199.0	25.474549725920127	23.227649438788827	25.907595927956145	25.38984599321326	3.5891412163925867E-4
200.0	27.498786953064304	23.768802227503322	23.829919562017455	24.902393365261403	9.789215351969608E-5
201.0	25.04603630888495	21.397167302619835	28.913771537862353	24.642796423085674	2.2842754718742058E-4
202.0	25.157903668482252	24.63897709360651	28.30670874385241	21.896377859219832	3.263483899602181E-5
203.0	25.737874797823512	24.41638986091041	23.29282076764706	26.55216365570348	7.509179155302232E-4
204.0	25.369808139272905	23.68780232317421	24.719790865995282	26.222500713461468	9.795809613868776E-5
205.0	27.423815387689963	24.370618329631906	25.322670867388275	22.8821116985721	7.837167177552002E-4
206.0	25.62879484580255	21.19133991367869	25.94116748006563	27.238567128928086	1.3063152504467598E-4
207.0	25.425892361064612	23.465750431241023	27.247703994724176	23.860489895029026	1.6331794116177198E-4
208.0	28.143648802148043	22.384361296443245	21.97185187556701	27.50004001932688	9.800651481972844E-5
209.0	26.863574179471257	20.922564095359114	25.42677689061174	26.786431358736333	6.534758215579713E-4
210.0	24.871543571917133	24.519025734423057	24.843667636496495	25.765370898634536	3.921585287780634E-4
211.0	25.163396022273176	25.426398651972605	25.3934170892872	24.015905677306954	8.825591600651786E-4
212.0	28.49552180437065	22.4301834080326	24.55057004580705	24.52336506049349	3.596812962129156E-4
213.0	29.806806493741018	22.949768510642755	22.92294244041341	24.31999183440594	4.907207968782305E-4
214.0	27.451230717912505	24.24877481428669	24.746018044135166	23.553943688759126	3.2734906507470267E-5
215.0	25.86768486572817	24.730773924900166	23.187497621387955	26.213485844469613	5.577435140990999E-4
216.0	25.64101205650674	24.589830097658	25.961240769542282	23.807817739498528	9.933679444800033E-5
217.0	28.89322616914726	22.863839427212096	25.395276368161696	22.846957397898755	7.006375801979801E-4
218.0	24.038271459837766	24.489975985201145	25.82360387671797	25.647912941892	2.3573635111784496E-4
219.0	26.127018248069835	23.149460300642343	24.647442264818597	26.075298120858015	7.810656112093104E-4
220.0	27.214025791798385	22.27098449980618	25.092679038431086	25.421798819604824	5.118503595236925E-4
221.0	25.65867285368165	22.794613477025244	24.12774390484785	27.418763652752638	2.061116926132661E-4
222.0	25.371631418220968	24.49895316070544	24.571829547646104	25.557308381235423	2.774921920634458E-4
223.0	30.459857476195246	22.673480667240607	24.305891698440195	22.559999607719796	7.705504041536869E-4
224.0	29.566143167594706	22.900314267932632	24.64905928476929	22.88423756591711	2.457137862634059E-4
225.0	30.338458475616687	20.066029830262462	23.835723881929937	25.75879944736287	9.88364828049229E-4
226.0	25.658168230008382	22.691928489382633	25.642289193298545	26.007399987939067	2.1409937136856243E-4
227.0	26.89050782580885	23.98909882726316	25.53859385388222	23.580502934903418	0.0012965581423491183
228.0	27.426784448206508	27.564787081651254	23.24221180419904	21.766035797485205	1.8086845798787458E-4
229.0	27.389826924268885	25.194022014562133	22.349666208485704	25.06644839265987	3.646002340733503E-5
230.0	25.8741443959151	22.64283304781009	27.76801509416749	23.71500746210732	0.0
231.0	24.290378544198237	25.14858083154634	24.77148856325947	25.788100131045987	0.00145192994996426
232.0	25.40629648687842	25.082733779295502	24.070094026289937	25.440576320344295	2.99387191841699E-4
233.0	22.86708681444339	25.23413447881035	22.806413652520565	29.091948966456894	4.1608776879742697E-4
234.0	27.158708778733693	21.255300315410956	26.520561541954567	25.064087026423337	0.0013423374774487304
235.0	25.2580225439731	22.087739903174285	28.094570774423122	24.55955022392064	1.1655450885289771E-4
236.0	28.37745753927826	23.646212872116326	23.877714697843615	24.098339011841116	2.7587892068283977E-4
237.0	27.332174891062483	24.46907273772195	22.93707730829845	25.261515753872306	1.593090448108464E-4
238.0	26.834211200913177	22.246728351172827	24.946916822651403	25.972103319129452	4.030613314244349E-5
239.0	27.069871002665742	24.00453482315211	24.470191708627397	24.454299400463697	0.001103065091053938
240.0	24.886736888601533	22.163069376579774	26.897128138944517	26.052897002536906	1.6859333727560754E-4
241.0	29.20743402390334	21.828505422770952	23.540175029964665	25.421056875661513	0.002828647699528376
242.0	26.560240390210872	24.30433908562843	21.062668627596203	28.071693841058902	0.0010580555055918234
243.0	27.54697579395439	23.42845813085207	24.950984179926483	24.070737321906357	0.002844573360697846
244.0	26.24721722066855	22.860888701596664	26.006589280925564	24.884112937210283	0.001191859598939245
245.0	28.742162574618774	21.222885879575497	23.63091509036191	26.402329420239635	0.001707035204187016
246.0	24.243494546986145	26.92580865170197	23.763124755464236	25.064920904039354	0.002651141808292515
247.0	25.331890712463444	23.20569740898602	25.030158238012717	26.296439719761032	0.1358139207767853
248.0	25.88429973490973	22.66139634816047	24.540986802162973	26.901724246012698	0.011592868754127275
249.0	25.226925926788518	21.488718613575962	28.595427064113743	24.670857130041515	0.018071265480260053
250.0	27.34437511212168	22.70492600509654	24.282950804790488	25.666926752934614	8.213250566822358E-4
