# Position (bp)	A	C	G	T	N
0.0	23.69548997711014	23.86011137777836	25.606584172832257	26.83778600584302	2.8466436221376646E-5
1.0	22.787062914526864	31.01228102603766	23.63384126405441	22.495206473028905	0.07160832235216019
2.0	25.282037472717477	26.12840500014173	21.22931488987783	27.359505654922188	7.369823407692962E-4
3.0	25.193939508942414	22.168480337276744	25.050093900396757	27.58134045754742	0.006145795836662306
4.0	25.790381201496587	23.83152457676115	24.01241438368279	26.365510041619938	1.697964395384593E-4
5.0	28.637260555894787	23.677488296356604	22.5113361376846	25.17323653798313	6.78472080873872E-4
6.0	25.990087275321354	23.550283768957435	24.51757019726119	25.936471422185903	0.005587336274115846
7.0	26.24911234919795	25.447501352778414	23.324885686350896	24.97782457456844	6.760371042964692E-4
8.0	27.91221200398382	24.08610876322199	23.360175189082398	24.641391569981437	1.1247373035435412E-4
9.0	26.74758276147574	26.355548071120843	21.651693119465612	25.24506378141708	1.1226652072018973E-4
10.0	24.68842337178075	24.52991472167317	23.07686267295167	27.704799233594414	0.0
11.0	27.317958309246098	22.776536198864218	22.836494712143367	27.06895637093209	5.440881422790492E-5
12.0	28.77839900365477	25.026415806789693	20.206939016763446	25.988246172792095	0.0
13.0	25.14622996182726	23.30507655338794	25.180872260232523	26.36774176973942	7.945481285610654E-5
14.0	26.851837772850324	22.28853723232735	23.6839138707663	27.17568490798421	2.6216071815258487E-5
15.0	25.142578144213743	23.588625228267414	24.280326623682235	26.988444115839467	2.5887997133680958E-5
16.0	26.111571226953643	25.010544084998088	21.98587245793089	26.891910108228778	1.0212188860135905E-4
17.0	28.485061038039696	26.81383084980632	19.07879947590846	25.621157116815642	0.0011515194298877369
18.0	25.188301096821885	26.18554748379226	19.96051282127764	28.665464601978886	1.7399612933182007E-4
19.0	25.062126147644108	24.638049276098553	22.16671840751089	28.13263579743534	4.703713111129926E-4
20.0	22.556685342434545	26.773368487719928	24.083605703641933	26.586315889591045	2.457661255142349E-5
21.0	24.24133309572227	24.01517944110948	23.16917826444647	28.574138314051844	1.7088466993626E-4
22.0	21.94311713460634	27.160317136056882	26.19244535398578	24.704096199710136	2.417564086601981E-5
23.0	25.01744807647446	24.77530560916838	22.560272601668903	27.646732966548566	2.407461396958365E-4
24.0	27.424627973123865	21.649447203905012	24.697133684290023	26.228743491033548	4.764764755225696E-5
25.0	24.976287222928402	25.814052208200778	20.44034308650506	28.769128817804273	1.8866456148460144E-4
26.0	26.879000357725992	25.395282523723996	19.42607043164664	28.29962321406943	2.3472833950355893E-5
27.0	25.708682265995442	25.12741058677317	20.348112469985765	28.815794677245627	0.0
28.0	27.87659683508202	23.70261855699721	22.88259054157436	25.535599187617606	0.0025948787288059805
29.0	27.197569410336893	23.777544494864973	22.777368232130677	26.24733425565257	1.8360701488961089E-4
30.0	23.76018167944048	24.4448310115369	25.161216336649577	26.63358858160858	1.8239076446125072E-4
31.0	26.267495268113016	24.968720847841542	22.896089646243063	25.86744450405261	2.497337497681449E-4
32.0	23.952345402653393	22.880445558871777	24.746896282110463	28.42013270347833	1.800528860339503E-4
33.0	24.17646701716702	25.495240212371428	24.326675076532457	26.001528417222193	8.927670690367846E-5
34.0	26.509003821267456	26.33433441067197	22.46963791623095	24.687001682847438	2.2168982179907055E-5
35.0	24.589023901042715	22.45391441128683	26.762733719614584	26.19415241226819	1.7555578767931927E-4
36.0	23.70996787541159	24.47702437421078	26.41294140063732	25.39995671699029	1.0963275002132357E-4
37.0	25.2270433241602	26.124366675543893	21.42647189370999	27.222118106585917	0.0
38.0	27.22010632562991	25.868596247485392	20.607690858011896	26.303562741325432	4.3827547366621815E-5
39.0	23.292670181959917	27.255711621215944	21.836570194382556	27.614938455346522	1.0954709506299726E-4
40.0	26.037070731786926	26.39210208043945	22.733200305195087	24.837473540230132	1.5334234840301612E-4
41.0	24.283655053999524	24.739683666838026	21.588070361579	29.38388168839228	0.00470922919117565
42.0	24.76358926446246	25.997077525726052	20.67523522807958	28.56403227862323	6.570310867688393E-5
43.0	26.23869721094948	25.30637861398003	23.125158214958617	25.32637172916577	0.0033942309461013646
44.0	28.79574216429618	25.16851123105323	22.843039821089626	23.192509726412425	1.9705714854364914E-4
45.0	25.592104557432393	24.598168830716777	21.946141126964	27.860017106325202	0.00356837856161944
46.0	25.336130278146136	24.42487585146218	22.54486224470363	27.694109735793347	2.1889894705228487E-5
47.0	25.88079608771945	24.261987794150446	22.89044393125274	26.96491173927118	0.0018604476061839527
48.0	22.03647413087771	24.263452628510795	22.64209324162246	31.057979998989033	0.0
49.0	21.8375749608498	27.220183540438654	23.711314490618502	27.22904526019431	0.0018817478987330802
50.0	26.943006995148995	25.44101469480129	19.653498143349356	27.962414529746233	6.563695413027099E-5
51.0	25.191577984802393	26.416552635407335	21.616388999182913	26.773314607048825	0.0021657735585300306
52.0	22.324934688980637	26.614155755287182	22.108574532535602	28.95233502319658	0.0
53.0	22.416794044976758	25.044124370088085	24.001127210798888	28.536383956614596	0.0015704175216717617
54.0	22.86917327999773	28.962693069825217	22.52643242188054	25.64165760593962	4.362235689413181E-5
55.0	24.035086115279842	28.040636293936554	22.852777897506293	25.069997644613544	0.0015020486637644475
56.0	26.966645778150905	25.475536602317124	24.298669352934148	23.259148266597826	0.0
57.0	22.840946387234553	27.82345648810835	22.533371406583132	26.7970893116606	0.005136406413369282
58.0	25.164619934582916	25.191626787490236	22.728997873835997	26.914646593241105	1.0881084974745003E-4
59.0	27.392252067307137	22.0297331873055	24.91550920460601	25.65993779527713	0.002567745504214911
60.0	23.31604371229914	23.803073454488878	23.890488492091688	28.990372612301595	2.1728818693215806E-5
61.0	25.414912133378497	24.319531499688978	23.001733150451233	27.257392070266356	0.006431146214933687
62.0	25.355694368766336	22.166068338856025	24.735010736877417	27.742965846214545	2.6070928568262813E-4
63.0	26.35717032328424	24.831167025485165	21.936338139546	26.872847903681674	0.0024766080029197906
64.0	25.174696097006034	22.095398807270897	23.28224993953933	29.447525016619906	1.301395638372518E-4
65.0	23.428386766549405	26.353253490762874	23.655226709812307	26.558426629998657	0.004706402876761648
66.0	24.30725862489254	24.42964105491356	23.48270076747642	27.779987490663544	4.120620539428266E-4
67.0	26.637898916156423	25.44850756270301	21.643474493090924	26.269316630746737	8.023973029041144E-4
68.0	23.37936699593703	22.69697237806761	26.971155013826582	26.95237550006419	1.3011210458931414E-4
69.0	23.33884118310348	25.68993407927834	24.540831815421978	26.42766068175904	0.00273224043715847
70.0	26.27081970621743	23.04176720048863	24.411460205933697	26.27569297945428	2.5990790596531967E-4
71.0	24.363579389820252	22.9568703300503	26.504038510370464	26.17462572868774	8.860410712452659E-4
72.0	27.572751252722455	25.89581351166157	22.057790432915038	24.472218614734984	0.0014261879659555967
73.0	25.102867053826643	23.094358522932172	22.923855152298124	28.875116382433163	0.003802888509896477
74.0	24.77142120075655	26.22648692350804	23.123998840199448	25.877444860860667	6.481746752968965E-4
75.0	25.588958547671282	25.51675519607034	21.502534030852566	27.3895269276156	0.00222529779021448
76.0	26.51692141506886	25.145255198487714	24.675970834458546	23.661074804212802	7.777477720766945E-4
77.0	24.04600411710838	25.395006283245735	24.022824049460603	26.535452649689123	7.129004961571423E-4
78.0	27.066582071918926	27.001062186860636	20.36113057121545	25.57083632795716	3.8884204782368346E-4
79.0	27.086448059597096	21.38138204306169	22.87889166617522	28.650686001245568	0.002592229920425022
80.0	23.69971838689282	23.79189013870261	28.08916315523326	24.41693860609612	0.0022897130751905054
81.0	25.38016417709595	24.83954575783673	21.768898802098622	28.01102405371796	3.672092507354445E-4
82.0	22.959414990069476	22.44382692916226	24.305883903046983	30.28996698465224	9.071930690449524E-4
83.0	25.21660809669553	22.653792072642602	24.145328405824024	27.98336425626216	9.071685756805384E-4
84.0	23.9132233091783	26.237112990131866	24.472408251228465	25.376240320366104	0.001015129095262954
85.0	24.839177513252938	27.29002905981614	21.06693044758164	26.803236643661428	6.263356878515714E-4
86.0	26.04512329786616	25.123474960860992	22.344599939830996	26.485182032835517	0.0016197686063359731
87.0	21.675144619023413	22.722712000279888	25.82213533826792	29.779381752325158	6.262901036229371E-4
88.0	25.016930763542884	27.054993020379108	25.349434547050247	22.577929022092917	7.126469348407472E-4
89.0	26.33025105921681	26.65136326925486	22.349064304501617	24.668522365562605	7.990014641161964E-4
90.0	23.899385329312548	26.17903295986664	24.673678209691996	25.247709155926394	1.9434520242672378E-4
91.0	26.456559001495545	25.398815742139103	23.861012298195284	24.282965161951214	6.477962188566569E-4
92.0	25.82179331216421	24.609491902228196	22.01560520927935	27.553109576328243	0.0
93.0	26.433543573363664	26.39368498283338	21.212327316327144	25.960141841307106	3.022861687020242E-4
94.0	28.10501870013244	23.520409507206924	22.717584170028054	25.65292847830884	0.004059144323740078
95.0	23.907906804823156	27.006992747302476	23.771648844387407	25.31090391859844	0.0025476848885150364
96.0	26.225550890957432	24.34950445991474	23.600446045448706	25.82361342152051	8.85182158613848E-4
97.0	25.329205513403004	25.727414920385105	23.489756551456882	25.453515069673156	1.0794508186015284E-4
98.0	27.99991537432612	23.466461895563285	23.91547449528989	24.61812664663859	2.158818211099607E-5
99.0	22.22009958135766	22.389464736171572	26.673716712494123	28.716697383798362	2.1586178283700235E-5
100.0	22.772589038697856	25.191952407070556	24.79482661524192	27.24063193898967	0.0
101.0	23.751551373950733	22.60343752090982	27.88890112001105	25.755980479129033	1.295059993654206E-4
102.0	24.95174414011317	24.5117966203845	24.66248960086759	25.87386170783651	1.0793079822596306E-4
103.0	26.000695032031913	25.97084319041287	24.5766564210599	23.45165426257533	1.5109391998066E-4
104.0	26.132595134796784	27.22456776533057	22.85805866735738	23.784476245979842	3.021865354313713E-4
105.0	27.273875231235145	23.5980296714896	20.77101406729941	28.354123810366673	0.0029572196091721295
106.0	25.894938560258606	23.230952471404102	25.376810555616952	25.497168902304253	1.295104160910648E-4
107.0	25.38491259197862	24.757828300815692	23.09607219714777	26.760647287750356	5.396223075544965E-4
108.0	24.096397504159697	25.105646289381152	24.497247984038502	26.30053555368066	1.7266873998656205E-4
109.0	26.419882422234064	25.051631008950526	25.354672495699127	23.173145012074396	6.690610418920701E-4
110.0	24.62703897303527	24.616830619019048	22.75528438790882	28.00078127360547	6.474643139252308E-5
111.0	25.07149857693497	23.97895327076178	24.74799328082802	26.200950551754698	6.043197205280286E-4
112.0	25.616815460934895	24.253634785161076	23.66406200258776	26.465379838151836	1.0791316443484257E-4
113.0	28.283294157663384	21.677522978251623	23.158723728542498	26.879854828082085	6.043074604130054E-4
114.0	26.174471440099783	22.54496096408238	27.488093251954275	23.7921290174146	3.453264489628012E-4
115.0	27.001647318445304	23.89071492584477	25.98465697269837	23.12239800525968	5.827777518765443E-4
116.0	26.036005273486573	25.170581059135056	25.006022031570126	23.787348467123163	4.316868509048588E-5
117.0	26.167330061577985	26.625349909248612	23.761927240460636	23.444702089602238	6.90699110530636E-4
118.0	26.06367835289552	25.094285499059684	25.246389868515084	23.59534409971243	3.0217981728049824E-4
119.0	26.971089507265393	21.757703564922338	24.509143261701045	26.761631972924206	4.3169318701812253E-4
120.0	25.254745621315124	24.404532312530556	24.81586805829109	25.52478925437437	6.475348886401875E-5
121.0	27.636511588753578	23.354176829399904	24.399949060423832	24.608779738136043	5.827832866387219E-4
122.0	27.186510685113408	23.458662650787048	25.095678965046176	24.25880234606916	3.4535298420592883E-4
123.0	24.040652761475627	28.092870398709774	23.130463799435095	24.73534392662714	6.691137523597052E-4
124.0	25.22511049937212	25.470132253902282	22.5214750171485	26.78319589351137	8.633606572592012E-5
125.0	26.87731577358142	23.78282606016484	24.05072033818739	25.288360822425936	7.770056404134447E-4
126.0	24.452676367990726	23.769841115673852	25.804662972445286	25.97275479357383	6.475031630529515E-5
127.0	25.921322334883502	23.529658065737312	27.268926688536084	23.279251170720222	8.417401228811082E-4
128.0	26.127380094189355	23.831244793038103	24.431604801844074	25.6007700907792	0.009000220149269838
129.0	23.933668979875236	27.058583321804342	22.552801523424073	26.451967702132002	0.0029784727643486306
130.0	26.31983242484317	24.741142355786405	23.10387436611632	25.835129269642977	2.158361113239495E-5
131.0	25.774981308588725	24.55283064804375	24.37884512115315	25.29278174820381	5.61174010563885E-4
132.0	25.647210162405532	26.41953485260044	22.722313412782434	25.205135593348377	0.005805978863215239
133.0	26.602723281146503	25.19962073409493	24.053793943271128	24.142113775023144	0.0017482664642994277
134.0	26.05084168129489	22.899347249948036	21.72833398839282	29.32143391334696	4.3167017290764607E-5
135.0	25.5094154087356	24.186637192456274	26.429340566342553	23.874175165646747	4.3166681882922034E-4
136.0	27.385616993319033	26.59952317661243	23.87240074920756	22.13654519311002	0.0059138877509571225
137.0	28.651894801342575	21.859881459309673	24.188780182583137	25.299227722144007	2.1583462060698305E-4
138.0	24.72088278091181	24.682185145201384	26.78653365442515	23.809470366848405	9.280526132450806E-4
139.0	25.9098315898069	24.388420423324046	24.576816242313843	25.123593614096123	0.0013381304590866611
140.0	26.502989522265647	21.871393672266002	25.59373360392235	26.03164579227682	2.3740926919167972E-4
141.0	25.23021179960383	25.685261308144312	24.73860120837184	24.34553719539805	3.884884819639905E-4
142.0	28.126272723407403	22.823865548177285	23.569450796445622	25.480195101821113	2.1583014857963256E-4
143.0	26.61839697337066	25.789134376497998	23.874613043522366	23.717747691534687	1.0791507428981628E-4
144.0	28.334446659105406	25.152133538660102	22.4269494622043	24.085909180674967	5.611593552279009E-4
145.0	28.207604710781936	22.34781103519187	22.61537491965745	26.828281267333807	9.280670349294216E-4
146.0	27.21027943889914	22.332147484411045	24.372961608581797	26.080273259649978	0.004338208458038841
147.0	26.201448463349426	24.22936535411726	27.112198499392658	22.453663935438144	0.0033237477025133575
148.0	24.295505240882008	24.975390031047088	23.809090094824732	26.919561391108036	4.5324213813741223E-4
149.0	27.36596603777983	24.921297417415705	24.093630713194536	23.616947526863342	0.0021583047465869648
150.0	25.51558407249257	24.735797696275053	23.874749848484587	25.87382521596342	4.316678436809871E-5
151.0	26.1133945343029	24.57060000850393	25.508363530564836	23.80723183854789	4.100880804446045E-4
152.0	27.534813608679453	24.106462581656952	22.67467886526133	25.683893857722108	1.510866801551099E-4
153.0	24.973883419036007	23.967100014849755	24.961148887822162	26.097263327658194	6.043506338774791E-4
154.0	23.04786255754055	25.219785639527593	24.7146310292795	27.015022759369284	0.0026980142830717734
155.0	26.61919420573784	23.4845569159032	24.59919343297384	25.29686117510638	1.942702787411545E-4
156.0	25.7145361087109	24.073006380093126	25.458227194518262	24.753992873688315	2.3744298939860225E-4
157.0	24.20769515536987	23.034113267661848	26.301677979473975	26.456297738553808	2.1585894049956232E-4
158.0	25.34991968808627	20.825555961138576	26.20329178469888	27.621167807108073	6.475896819967695E-5
159.0	25.98453939053398	22.379157728998756	24.190752948647905	27.445204549462748	3.4538235661721295E-4
160.0	26.40850269443679	21.764495603677318	25.90123967405993	25.925718854667924	4.317315803879885E-5
161.0	24.933179350465725	20.712048439844146	28.67507096523513	25.676225836742184	0.0034754077128147562
162.0	25.19982782470241	23.56150733687815	24.727856823374395	26.510808015045047	0.0
163.0	25.486247768980824	23.68722816537044	26.9956774138397	23.830781890729927	6.47610791095438E-5
164.0	25.59716117188441	24.278452287766815	24.447567899896683	25.675177998823056	0.0016406416290362484
165.0	27.023656404231737	22.12241436853147	26.379194142610242	24.474195388229525	5.396963970300292E-4
166.0	24.358447935138205	23.895701455444	25.798521024687155	25.947243231293793	8.635343684519808E-5
167.0	26.961260222076426	23.631387590136374	26.007484009638148	23.39943640005881	4.317780902411891E-4
168.0	25.775097984268115	24.506624328078573	24.15911859280903	25.55905114698914	1.0794785514088706E-4
169.0	26.540047894945467	22.932447055186273	25.439288881826606	25.087978679581436	2.374884602198193E-4
170.0	31.421189511941623	22.546052469654228	23.03806612660095	22.99451917210266	1.727197005385832E-4
171.0	24.566995568323108	24.135723694110446	26.851747702499267	24.444755813027147	7.77222040030821E-4
172.0	27.131745964245447	24.394968709316228	24.083821169818904	24.38931305125127	1.5110536814772233E-4
173.0	28.690788438420967	20.3453329157213	23.667615071937703	27.294860501104218	0.0014030728158095655
174.0	24.271042219348935	26.23824931843349	23.580949379520842	25.909241027390017	5.1805530672112E-4
175.0	25.989699133535666	24.01086210394982	23.187807331488443	26.810098820969557	0.0015326100565122977
176.0	24.57557878367734	23.56530443036021	28.76229627274342	23.095266311402035	0.001554201816991441
177.0	22.396521103138785	26.33180298311434	24.336411088033888	26.90994248395982	0.025322341753173876
178.0	25.59963548637682	23.141844968177367	24.151574468764778	27.106621313988725	3.237626923069452E-4
179.0	27.41894889348802	24.014323223584405	23.631570494971026	24.934099702207497	0.0010576857490444133
180.0	26.987955299750315	22.86617485258341	24.93429042528751	25.211319828997187	2.595933815802055E-4
181.0	27.22633690667653	22.22380081336909	26.643187048468185	23.905982191470496	6.930400156973563E-4
182.0	25.855566906863025	23.105860638184076	25.29954531734026	25.73896217676021	6.496085242496696E-5
183.0	23.848344467088022	24.059347687355768	26.43594902401266	25.655947382587772	4.114389557765921E-4
184.0	25.804330054301634	22.69940284447428	26.022705986172845	25.47007454969709	0.003486565354151666
185.0	25.214508103206402	25.081473779528086	23.8600437341678	25.84336810688303	6.062762146798093E-4
186.0	27.253447411945427	23.223913200704533	25.527348681341383	23.995269052091096	2.165391756180353E-5
187.0	24.86133602777899	22.39057447168891	27.86909990897788	24.878360656235447	6.289353187736975E-4
188.0	27.633651660792236	27.293396760247607	22.6611542249582	22.411428643311666	3.6871069028930994E-4
189.0	25.271249161412097	22.97888114099577	24.87712097941428	26.87179436013438	9.543580434705752E-4
190.0	28.62997976846201	21.001559826200094	26.003220300343006	24.365088265425978	1.5183956891444905E-4
191.0	26.57178499289376	23.836788634530624	24.91479134495978	24.676265759338307	3.6926827753074216E-4
192.0	27.766475727794692	23.30911134461038	23.37690916243736	25.54750376515757	0.0
193.0	27.779845302782334	24.16025715810831	21.92070393469199	26.1389111754325	2.8242898486115464E-4
194.0	27.841024881169073	23.685581557839885	24.134594953721226	24.338798607269815	0.0
195.0	26.38264243401911	22.042403511737735	24.695219598771533	26.87927814859351	4.563068781091339E-4
196.0	28.28742758498919	22.725811062272612	26.276516973235974	22.710179064749344	6.531475288272104E-5
197.0	25.69093213697551	24.122966224724724	23.9742199202462	26.211446214307475	4.3550374609434793E-4
198.0	27.788387441162886	23.211576361447076	24.223446052587395	24.776546533489345	4.361131329800526E-5
199.0	25.875084848373664	23.7891034158623	25.122675241921606	25.212765213957677	3.7127988475472377E-4
200.0	27.202449962388247	23.286830469277618	24.15788549426912	25.352768548361027	6.552570398632173E-5
201.0	25.395808117842595	21.083940088758528	29.098812832306585	24.421111309886175	3.2765120611685485E-4
202.0	25.222513683739596	25.462809238533968	28.064773195948355	21.249816501576337	8.738020174340979E-5
203.0	25.851088236643673	24.850972431921026	22.750821011783675	26.54655022101222	5.680986394037586E-4
204.0	25.578699935252647	23.277448408073948	24.55261940510667	26.59114484373556	8.740783117352225E-5
205.0	27.16749047821862	24.300324709735634	25.509217809888668	23.022289567484187	6.774346728984829E-4
206.0	25.679291822184496	21.593247098615386	25.889604233261228	26.837769425213096	8.742072579309175E-5
207.0	26.398210046324845	23.588969908851993	26.390756277723483	23.621735888715452	3.2787838422406596E-4
208.0	28.73206261507713	21.98532347085966	21.847766536236808	27.434825515630813	2.1862195585323123E-5
209.0	27.42495092352116	20.311343193379912	25.663795180643863	26.599320341604653	5.903608504169916E-4
210.0	24.531402295210814	24.623425916064747	25.225647035616944	25.61934980325796	1.7494984953219503E-4
211.0	24.95305862640704	26.174956142845268	25.22864779970514	23.6427905837267	5.468473158546348E-4
212.0	28.785368768638538	22.411556334131188	24.87651988361918	23.92635808435093	1.969292601652149E-4
213.0	29.847149642041554	22.463271607100328	22.676969647085198	25.012390195721313	2.189080516132648E-4
214.0	27.70752221838911	25.171203434472865	25.107573691675018	22.013656848411173	4.380705184016997E-5
215.0	25.516117595125447	25.251608424625854	22.80707066186092	26.424961977903745	2.4134048403247476E-4
216.0	26.588187574045158	24.268259300182528	25.843264204202278	23.300244591448056	4.4330121985413176E-5
217.0	29.345233115482987	23.115293361755384	25.285207705187023	22.253708085002906	5.577325716937334E-4
218.0	25.05628281289679	24.39980557153175	25.630053728746194	24.913655450891177	2.0243593408775958E-4
219.0	26.822315128691997	22.500061825885147	24.625760543468818	26.051340668794992	5.218331590486209E-4
220.0	27.978381317793215	21.46847909327964	25.171523256775135	25.381320298119935	2.9603403207232703E-4
221.0	25.252475454125616	23.425768937436168	24.16506879815676	27.156572158152066	1.1465212938813826E-4
222.0	25.72420504932979	24.939706489012437	23.287185088230622	26.04869502572168	2.0834770546671969E-4
223.0	30.883834947392835	22.990165062895244	23.75206755340566	22.373347886290524	5.845500157360865E-4
224.0	29.809408170606392	22.604212539506335	25.04130607390399	22.544979418483642	9.37974996400521E-5
225.0	30.88797849289595	19.58492193873981	24.601589190470325	24.924685791265084	8.245866288330616E-4
226.0	24.999130363098423	22.532244468513664	26.369868725331497	26.09863731471373	1.1912834268173148E-4
227.0	27.229722717265332	23.272933659568146	26.007979605267433	23.48820818153951	0.0011558363595778017
228.0	27.076047291660117	27.993369107586354	23.511906345294893	21.418628890087273	4.836537136141266E-5
229.0	27.588463256274782	25.860521291057424	21.866485478627027	24.684505594595173	2.4379445591903685E-5
230.0	25.803524840240392	23.252552163584017	26.913376836237962	24.03054615993763	0.0
231.0	25.115386968522323	25.362973404914126	24.384142729166054	25.136253369339272	0.0012435280582209888
232.0	25.011916039138566	24.887609517642733	24.228430220474202	25.871894335459732	1.4988728476185908E-4
233.0	23.844217365405207	25.328742442480973	22.1028194098242	28.72386696289774	3.5381939188050207E-4
234.0	27.336293363523417	21.031095702656717	27.017040901497154	24.614390464993132	0.0011795673295749583
235.0	25.66769298762903	21.791496328351638	27.868637817033687	24.67204348792492	1.2937906072354462E-4
236.0	28.768862695488263	24.05245157699959	23.604651376154003	23.57390328532734	1.310660308041871E-4
237.0	28.22110664928954	24.140117888002166	22.04417838071139	25.594517742440527	7.933955637551518E-5
238.0	26.670092566271197	23.01028332529104	24.70071828682871	25.6188522361095	5.358549954947991E-5
239.0	27.949569076207542	23.539811706072335	23.98974424472504	24.519951031078417	9.239419166631566E-4
240.0	26.077133455308555	21.374523686012026	25.947894246810478	26.600252540247904	1.9607162104173415E-4
241.0	28.47751347268072	21.357959852406886	24.022184392692576	26.14037945865887	0.001962823560948896
242.0	27.091513706505836	23.793322090455998	21.828459312836014	27.285862095799317	8.427944028338119E-4
243.0	28.517129314695133	23.271764824752516	23.881914777145678	24.326798779981544	0.0023923034251311756
244.0	26.60124109685304	22.945346281587877	25.893134601426084	24.559291053172704	9.869669602940374E-4
245.0	28.282269172900463	21.62769572004775	23.637881709720485	26.450260300776314	0.0018930965549880975
246.0	24.858686396851894	26.42269371247496	23.554880048627442	25.161419398399516	0.0023204436461866764
247.0	25.634311412587746	22.908179840488774	25.26476062827035	26.056732111967424	0.13601600668570552
248.0	26.517849111609195	22.766935069453016	23.84151097801163	26.863886956997952	0.009817883928209136
249.0	25.578709298417518	21.694639393234567	28.889856287309367	23.82138362490823	0.015411396130317855
250.0	26.66942887535837	22.859661086112233	23.980521299450114	26.489391380370098	9.973587091784643E-4
