# Position (bp)	A	C	G	T	N
0.0	24.55228305059225	23.670416332061837	24.209260816101185	27.56803980124473	0.0
1.0	23.414775214156194	29.99390358281748	23.657850309510412	22.855389858062903	0.07808103545301069
2.0	24.99678318678962	26.190162400327534	22.595909773263408	26.216052872711675	0.001091766907765192
3.0	25.946489743373945	22.09476118784229	24.244818697263547	27.706371545148794	0.007558826371420467
4.0	26.621599946430713	22.92999085896172	23.59610314579411	26.852228186477177	7.78623362749724E-5
5.0	28.797476228837677	23.61144375013608	22.205002752695933	25.385610709697886	4.665586324233367E-4
6.0	26.041828364927884	23.4706707813053	23.74814499754736	26.733224258154248	0.006131598065209157
7.0	26.075625554555913	25.443606018702763	22.419776180071757	26.060372847393953	6.193992756125472E-4
8.0	27.620531825009024	24.158466815241866	23.43684896890202	24.784075088453264	7.730239382322952E-5
9.0	26.30565568781671	24.103380206288314	22.55340222981453	27.037330455489723	2.3142059072419987E-4
10.0	24.402004196083297	24.407397619342973	23.567487520003823	27.62311066456991	0.0
11.0	27.211856615936608	22.318322744410573	22.749397976008368	27.720348224820135	7.443882431320879E-5
12.0	28.4208731667562	23.888957069190923	20.026293917198412	27.66387584685447	0.0
13.0	25.442807001231955	22.395675948955162	25.01757862439274	27.143647869645054	2.9055577508658564E-4
14.0	26.788389869386393	21.705565490955117	23.13023238783907	28.375596871820903	2.1537999852105734E-4
15.0	25.57145215702419	23.266299291490732	24.202475353811774	26.95970233966072	7.085801258863453E-5
16.0	26.425233026070206	24.55767909240057	21.07863157557265	27.93838661070603	6.969525054745618E-5
17.0	29.15575391613959	26.404342222946898	18.630461463521794	25.80794150333642	0.0015008940552997594
18.0	26.274385532982723	25.10256634225977	19.702555914653427	28.92035678664508	1.3542345899953212E-4
19.0	25.076352236520766	24.98456781803773	21.112774881529365	28.82556378006243	7.412838497161556E-4
20.0	23.241453649522636	25.404788366518925	23.127100601223873	28.226657382734565	0.0
21.0	23.79862836894022	24.31483146589337	23.59742927008922	28.288580026742494	5.308683346992133E-4
22.0	23.370868878689077	26.19766064048637	25.74609121505345	24.685247900120068	1.3136565103502996E-4
23.0	25.69649805447471	22.941241866396364	23.306150475754503	28.055455645293137	6.539580812869895E-4
24.0	28.53099268439402	21.14216596270399	24.25980427034754	26.066907717285144	1.2936526930614937E-4
25.0	25.166384449266193	24.354059447537026	19.647774752088452	30.831397091410256	3.842596980743465E-4
26.0	27.334151864261564	24.296917631819177	19.50672674326688	28.862203760652378	0.0
27.0	25.819092098648845	24.324691889184965	19.477026655168185	30.379125806064156	6.355093384919745E-5
28.0	27.443521875398524	23.00731682341685	22.80270710530333	26.743752870158584	0.0027013257227145684
29.0	28.038844350099357	23.55783288891322	21.791807323661853	26.610893290645777	6.221466797898139E-4
30.0	24.13716077662646	24.497901762123806	24.012169903435268	27.35252005113488	2.475066795865153E-4
31.0	26.842072501434462	23.910040978428544	22.236513758188444	27.010694821334912	6.779406136348648E-4
32.0	24.74615363494083	22.35983610808568	24.669333113671797	28.224311040738066	3.6610256363320184E-4
33.0	23.932117964022616	24.601433677886824	24.636018012876015	26.830248958842223	1.8138637232092327E-4
34.0	26.591799813692074	26.25940681186856	22.182212508527126	24.96652092127711	5.994463513498933E-5
35.0	26.07289452792641	21.697241119880573	25.21802023740443	27.01131011502355	5.339997650401034E-4
36.0	24.75335264939918	24.07250874913457	25.201479054239893	25.97254099526741	1.1855195895256973E-4
37.0	25.971932036752392	24.987586053241905	21.03444025839971	28.00604165160599	0.0
38.0	26.771826600443593	24.870144641807737	20.885859983696992	27.471991052302325	1.777217493507232E-4
39.0	24.056908012217416	27.300731043248405	20.923603226469417	27.718402353932014	3.553641327427181E-4
40.0	27.08413153068542	25.31602693431223	22.527196940133273	25.07258537775485	5.921711421974642E-5
41.0	24.709032959784764	24.02742079781543	20.98769817938739	30.271703444237414	0.0041446187750046335
42.0	24.813645897900862	25.042995684742912	20.138853120820684	30.00444609421575	5.92023197836984E-5
43.0	26.654630372306265	25.159545028073175	22.22483995181536	25.95778812372916	0.003196524076041756
44.0	29.352609277998447	24.51403229348111	22.220426890439978	23.912576417508156	3.5512057231231435E-4
45.0	26.03319258980906	23.75403515727867	21.131293883722375	29.077809371920928	0.0036689972689641294
46.0	25.52940828402367	24.111005917159765	21.715502958579883	28.644082840236685	0.0
47.0	25.664427846567456	23.542400318073383	22.723728179787194	28.0679053542353	0.001538301336665531
48.0	23.001547768805803	23.353980107888418	22.6294208553123	31.015051267993478	0.0
49.0	23.067702130025086	25.744160438471265	23.8736911327608	27.312849578288382	0.001596720454462124
50.0	27.7215849319467	24.117483225425328	20.02618412501678	28.134570318390207	1.773992209808876E-4
51.0	25.34315093438273	26.29160498148262	20.562273262606247	27.800783263883304	0.0021875576451001076
52.0	23.509998814404803	25.162399998584362	21.393151034800464	29.934450152210367	0.0
53.0	23.02389475921272	24.266170274516867	23.90847593127983	28.800163894182283	0.0012951408082973784
54.0	23.790512710175733	27.366656914438025	22.1889299058076	26.65378273643611	1.1773314252715369E-4
55.0	24.369565842801123	27.415952386963365	22.260809015336147	25.952498516055662	0.0011742388437035259
56.0	27.61114737623158	24.239684790878098	24.279602513407657	23.869565319482668	0.0
57.0	23.25487344108875	27.317155346125695	23.173813284591585	26.249814371654658	0.004343556539312415
58.0	25.700532254855528	24.68948865620468	21.407338414668143	28.202405916368672	2.3475790297808007E-4
59.0	28.361674820822763	22.26645047443163	24.1547875371397	25.21409427835865	0.002992889247253144
60.0	24.903637208370366	22.592922204951748	22.710098422163647	29.793342164514236	0.0
61.0	26.303702905241057	23.32341720836282	22.036000337437258	28.331548508949115	0.005331040009748187
62.0	26.099130583520104	21.519375885261862	24.15082226109206	28.230612692004435	5.857812154022969E-5
63.0	27.078854915062834	23.056625169423324	21.9566182577718	27.90561729834085	0.0022843594011932554
64.0	25.57169968183365	20.897133228797973	23.563544988207617	29.967622101160764	0.0
65.0	24.874720561962754	25.544436493906147	23.34780798982331	26.228825845796973	0.004209108510817409
66.0	25.00681016532626	23.50097446743338	22.777752446690727	28.71381990064758	6.43019902050532E-4
67.0	27.221011911059566	24.150276806313908	20.95211317990861	27.675721300963374	8.768017545387643E-4
68.0	23.563787441827298	21.76188032409545	26.981437340649755	27.692777992745143	1.1690068234928288E-4
69.0	23.156146237655186	24.32830822336948	24.792672570240587	27.720242837128804	0.0026301316059408244
70.0	26.65378708665534	22.526933920869354	23.944990850869168	26.873996396362752	2.9174524338555183E-4
71.0	24.812137273489608	22.433308950313922	25.391335822845434	27.362112279439877	0.0011056739111585195
72.0	28.011899753940643	25.096774231086332	21.506541897292767	25.382922235585102	0.0018618820951526482
73.0	26.161713416390086	22.371509769300804	22.2492807921322	29.213598191872155	0.003897830304757971
74.0	25.41221646213611	24.827095631194734	23.258785682337553	26.501029777764597	8.724465670100034E-4
75.0	25.68790798736315	24.33704234461003	21.683525103872476	28.289430830002743	0.0020937341515956578
76.0	26.72290762579485	23.479941331987213	24.98909570539446	24.807124837017145	9.304998063397278E-4
77.0	25.106649732968606	23.25923677403748	23.90326392377975	27.73009360055081	7.559686633543609E-4
78.0	27.36878340998283	25.62624546950021	20.49108786073187	26.513243625609324	6.396341757703085E-4
79.0	27.862947397309977	20.067727387960247	22.303056803090527	29.763710028165473	0.0025583834737730807
80.0	24.42256159565852	22.755436586864747	27.852685545711054	24.966874364450014	0.0024419073156636147
81.0	25.824463322690093	24.719423172180917	21.39598890250624	28.059717632503656	4.0697011909108453E-4
82.0	23.061852247827574	21.9701026055138	23.735656942135932	31.231051059745376	0.0013371447773159785
83.0	26.429462118679787	21.66593515194675	23.743747002485215	28.160216257066867	6.394698213844521E-4
84.0	23.737388122906257	24.60723488827259	25.392561659196083	26.261594614437104	0.0012207151879639808
85.0	25.172616829872084	26.210439372970345	21.692670839656852	26.9235754570517	6.975004490159141E-4
86.0	26.609154450696927	23.892600208536514	22.04779601083832	27.448473231420895	0.0019760985073481803
87.0	23.331748701396066	21.333020281351594	24.959057217611033	30.375592638784116	5.81160857189018E-4
88.0	25.06980752590506	26.666562064338567	25.293772732846236	22.969334665269646	5.230116404957453E-4
89.0	26.77635860722421	26.25302170982288	21.657059179024685	25.312340198038214	0.0012203058900097626
90.0	24.067127103605284	24.52686676265882	25.180740673595302	26.225033033619333	2.3242652126063498E-4
91.0	27.412615692656857	24.471150410186358	23.910329003217228	24.205440060614265	4.648333252955905E-4
92.0	25.305158454642378	23.7703751260055	22.791846173064016	28.132562145768393	5.810051970914879E-5
93.0	26.793841684822077	25.18326797385621	21.288540305010894	26.734117647058824	2.3238925199709512E-4
94.0	28.624602482068852	23.033731364440722	22.709094141308984	25.627750092081246	0.004821920100202985
95.0	24.171356171760493	25.604262119662113	23.81594716384425	26.40593657360853	0.0024979711246156467
96.0	26.554385785551805	23.498126070277593	23.62330643456117	26.323019942887548	0.0011617667218893116
97.0	26.037423510654058	24.370994020253885	23.054636699203378	26.536887685905054	5.808398363193342E-5
98.0	28.912053963731065	22.00942181467798	24.25556802995094	24.822898111164868	5.8080475144751065E-5
99.0	22.21009849256036	21.355946573259104	26.671850383755725	29.762104550424812	0.0
100.0	22.575619624520662	24.484430126607563	24.149968760379334	28.78998148849244	0.0
101.0	24.31557434158577	21.58942589065911	27.85614752194714	26.23885224580798	0.0
102.0	25.611580133080952	23.61600455215821	24.453857141198192	26.318325920592713	2.3225296993485304E-4
103.0	25.736524839370965	24.659975023904945	25.451639440865236	24.15168652504257	1.7417081628636467E-4
104.0	26.449142003898977	26.262088520071387	22.593936030262952	24.6943109500018	5.224957648815502E-4
105.0	27.790779291578442	23.027445224793304	20.636024637013925	28.542209377461976	0.0035414691523522612
106.0	26.591411533031135	22.358600542468604	24.645688582150555	26.40389295533923	4.063870104778182E-4
107.0	26.74726423035616	23.690807233462017	22.8500769208441	26.710806652927342	0.00104496241037996
108.0	23.914348132945776	23.74196716287622	24.4811739086021	27.86245275484524	5.8040730663150175E-5
109.0	26.731679742408467	23.6520610688795	24.952960990993812	24.662427642338706	8.705553795099121E-4
110.0	25.032078420493974	23.356746276088565	23.087525484281137	28.523533750676823	1.1606845949878157E-4
111.0	25.524938381655925	22.800267191764647	24.508228450119464	27.165579386538386	9.865899215777082E-4
112.0	26.057920417457836	23.287480443270393	23.262468720839003	27.391898291078416	2.3212735435169149E-4
113.0	29.181640664668524	21.123622890269345	22.46450778028916	27.22918413592802	0.0010445288449542004
114.0	26.34943903100026	21.948967576786856	27.19375062021995	24.507320481505403	5.222904875233507E-4
115.0	27.43352816532339	23.02702865835221	26.200346716207502	23.338225897158658	8.705629582425772E-4
116.0	27.67484200769924	23.828587712206485	24.046576170889953	24.44993607180851	5.803739581561984E-5
117.0	26.710848422027656	25.325095151923875	24.15616871170273	23.80724930558538	6.38408760361084E-4
118.0	27.414151227555177	23.542780601244647	24.324819985850745	24.717725858487725	5.223268617035168E-4
119.0	26.867008236681556	20.64364744774304	24.902787192749493	27.586150860347853	4.0626247806182614E-4
120.0	25.670573910399007	22.79884552816274	24.66885543507721	26.86172512636104	0.0
121.0	28.367631917706614	23.106419826744652	23.849771852216417	24.675537984197383	6.384191349304645E-4
122.0	26.99847419686401	23.204511595001122	24.58336404478862	25.212953714596466	6.96448749787438E-4
123.0	24.90885369814295	27.389217052976868	22.36366358802452	25.337627259505506	6.384013501608191E-4
124.0	25.400577456001628	24.02129913091421	22.476618835512095	28.1013304702349	1.7410733717336738E-4
125.0	27.1020362682904	23.45947978733715	23.90599981544922	25.531381467039406	0.0011026618838223833
126.0	24.156858011372275	24.017112964835086	24.23996220848243	27.585950747995806	1.1606731439965923E-4
127.0	26.878280287748407	22.156581002941085	27.097527118592918	23.86639290796276	0.0012186827548265641
128.0	26.325044148310468	22.885567231072518	24.47902672343804	26.30003209203508	0.010329805143894767
129.0	25.013158742308594	25.45803159142729	22.06821190246688	27.457580102937058	0.0030176608601842282
130.0	26.82291152830572	23.462844209732175	23.476540057452922	26.237704204509182	0.0
131.0	26.470931315624995	24.079777476390525	23.799823926394968	25.64848071227983	9.865693096858474E-4
132.0	27.181582934884606	24.63547672535213	21.78399794329077	26.392152470401438	0.006789926071052804
133.0	27.243077676613332	25.646357238487266	24.15560508995988	22.953335070454987	0.0016249244845362321
134.0	27.212753239668753	22.53022046576948	20.222903137821575	30.034123156740193	0.0
135.0	26.653365692074317	22.94377494658138	26.56161682283125	23.84083631328554	4.062252275151435E-4
136.0	28.608005868285087	25.791437944568152	24.42992848607878	21.163257524978803	0.0073701760891756495
137.0	29.45075658654521	20.99778659117631	23.947992437036238	25.603406351450325	5.803379191635705E-5
138.0	25.66657459461216	23.30463625348752	26.778286624174253	24.249109841187312	0.0013926865387561453
139.0	26.087970753786337	22.90558811582429	25.645099518365928	25.360529217199556	8.123948238844079E-4
140.0	27.491706256705932	20.705140815197932	25.596258777557075	26.206545978702326	3.481718367282989E-4
141.0	26.738469394860843	24.633597177409992	24.82364615491748	23.80411318214526	1.7409066641907106E-4
142.0	29.71647993389155	22.02922536702899	23.102269054199994	25.151677461324063	3.4818355540673933E-4
143.0	27.815223238456237	24.298431971737074	23.91671072109802	23.969401948763004	2.3211994566072071E-4
144.0	28.32482614226159	24.613520514748892	22.696036786347644	24.365036257114472	5.802995274040649E-4
145.0	28.640725992244725	21.459319620198073	22.523029641124083	27.376112311065253	8.124353678649314E-4
146.0	27.843133386180074	21.563443363652507	24.65828546757179	25.929973038877176	0.005164743718452991
147.0	26.95127690453435	23.68840848410782	25.89595704443125	23.460353548981615	0.004004017944963903
148.0	24.528805549123824	23.916640117639755	23.69647179390759	27.85756026338956	5.222759392697538E-4
149.0	28.352193593314762	24.10329619312906	24.200905292479106	23.341805942432682	0.001798978644382544
150.0	26.13458111189326	23.42260103332871	25.026738526517136	25.4160793282609	0.0
151.0	27.10069768872474	23.415517683640935	25.22671111322614	24.25666727409266	4.062403155210496E-4
152.0	28.132758554649822	22.78854714009302	23.17413170928177	25.90438849096221	1.741050131797495E-4
153.0	24.80713461200295	22.813394285740817	24.591011628507573	27.787763051675096	6.964220735619029E-4
154.0	23.820398697434392	23.4196003507711	24.55264207129057	28.20503743047983	0.002321450024114062
155.0	28.42583789268148	22.79290982184006	23.548060927518264	25.232959182370447	2.321755897550199E-4
156.0	26.588456957378785	22.91578148181685	25.749417809570907	24.74587939196798	4.643592654765139E-4
157.0	25.301167054988454	22.377260711934888	26.355614529387662	25.96537725258562	5.804511033795024E-4
158.0	25.223130843833953	20.728878610784115	25.8305877326795	28.217286719651536	1.160930509021591E-4
159.0	27.427248289501104	21.075633452000673	23.99295774239106	27.50363809343587	5.22422671286431E-4
160.0	27.181823406178328	20.516294489054676	25.393757121818727	26.908066934502195	5.804844607212287E-5
161.0	25.24101980634825	19.502809575777277	29.023672417396153	26.228550862609424	0.003947337868901943
162.0	26.402229123733783	22.76608713319595	24.50724174962993	26.324383943343104	5.805009723391287E-5
163.0	25.299503135661556	23.618906968117436	26.78626474004748	24.295267104492446	5.805168108960683E-5
164.0	26.000708239965633	22.42113573825309	25.054975676020852	26.52120656224965	0.001973783510780341
165.0	27.754062757432784	21.376492928744057	25.73674759961615	25.13211617515328	5.805390537329531E-4
166.0	25.480538405046165	22.808077817352153	25.41627116479293	26.294880391525083	2.3222128366120074E-4
167.0	27.33507503846265	23.03265697117478	26.180672878748297	23.45113065691312	4.6445470115242827E-4
168.0	26.322716840563338	22.61964963657909	23.907284268365398	27.150233136300116	1.1611819206297322E-4
169.0	27.04575092055743	21.37760214965111	25.50016663512018	26.076364172636307	1.161220349689896E-4
170.0	31.21293108803988	22.543530478738013	23.2298224640437	23.013367597612262	3.48371566145019E-4
171.0	26.417319268714117	22.809776954090257	25.972458335655762	24.799342288612674	0.001103152927187262
172.0	28.254588414235915	23.985904577238912	24.14334603740396	23.615986810213958	1.7416090726221956E-4
173.0	29.269064358956047	19.39999059546388	22.462908683695844	28.866468939197354	0.00156742268687597
174.0	25.029634643449672	24.82065380815327	23.750265579811522	26.398981566729322	4.6440185621421934E-4
175.0	25.714534493917963	23.62083827955616	23.263839507283645	27.39916235897823	0.0016253602640049457
176.0	25.08462297135619	23.664536023466294	27.659158234362234	23.590289561202827	0.0013932096124497212
177.0	22.922122593997727	25.597164611048377	23.922694432269097	27.533693465659226	0.02432489702557017
178.0	26.010815781102337	22.596983284068667	23.19913065082767	28.192547838585263	5.224454160639194E-4
179.0	29.36983527450186	23.679740284771803	22.0630803331433	24.88641522622325	9.288813597894225E-4
180.0	26.835941979047405	21.841788659244767	24.895915123315767	26.426005009111975	3.4922928008130055E-4
181.0	28.904339755302118	21.47437878150109	25.78906496865195	23.831167089732276	0.0010494048125704704
182.0	26.071380056796684	22.609067763655368	25.26542917292672	26.053948104085666	1.7490253556205805E-4
183.0	23.855423372661697	24.711742303216315	25.64047548526877	25.79195070700098	4.0813185224227637E-4
184.0	26.686118176082807	21.191766460606612	25.927824171415843	26.190034716512912	0.004256475381829165
185.0	25.61913990305515	23.050521163104985	24.06666969837955	27.262853005068795	8.16230391522398E-4
186.0	27.309417720160972	22.746789373827315	25.18649210593521	24.7572424939624	5.8306114095736304E-5
187.0	24.94747497285404	22.60658477221048	27.44227503897395	25.00284747853585	8.177374256808102E-4
188.0	28.051030123895256	27.469522702446948	21.835004935949485	22.644150169691518	2.920680167997523E-4
189.0	26.086252975625428	22.82558088589663	24.147152892380937	26.939903319556613	0.0011099265403881823
190.0	29.562387284361506	20.448566616366353	24.944105895885947	25.044706520170656	2.336832155277823E-4
191.0	26.997029821157316	23.85470231505429	24.011929867266478	25.135986911552333	3.510849695843388E-4
192.0	27.592026478533004	22.58089622531097	23.60883538460818	26.218124874184834	1.170373630077666E-4
193.0	28.285289893495612	23.659916355604558	21.233046676288232	26.82122034668062	5.267279309775719E-4
194.0	28.729922666821178	22.40455676377064	23.58319564597757	25.28232492343061	0.0
195.0	26.856835117747952	20.848440856753164	24.390245330180118	27.903717709315057	7.609860037112703E-4
196.0	28.802906384714483	22.134244219657422	25.455164379179905	23.607685016448187	0.0
197.0	24.78327686322023	23.974908955150287	23.474426435057023	27.76668333767719	7.044088952755296E-4
198.0	28.043481329518933	22.26083151396522	23.19217938342242	26.503507773093425	0.0
199.0	26.033839794475895	22.712878151037582	25.376898345031023	25.8756173563648	7.663530907020148E-4
200.0	28.000299494926566	23.132681558481984	23.543779614182146	25.323239332409305	0.0
201.0	25.00555692144783	20.804995981918335	28.38404724297101	25.804928178632768	4.7167503005454334E-4
202.0	25.648213282262073	24.411311545104134	27.543278588574655	22.39713761939607	5.8964663067070536E-5
203.0	26.545216460366472	24.43880154186906	21.799397762697268	27.21569945940207	8.847756651301063E-4
204.0	25.892185062920163	23.08177851818467	23.905887571939942	27.12008985561279	5.899134243058488E-5
205.0	27.8377702315242	23.733708233728294	24.70454765349009	23.722852955821377	0.0011209254360399945
206.0	25.787900189573964	20.59606349341211	25.799051599165235	27.816984717848687	0.0
207.0	26.0996236774567	23.873614165826233	26.278962584321448	23.747209447660953	5.901247346651662E-4
208.0	28.818212134537006	22.226288250588016	20.71447332308301	28.241026291791965	0.0
209.0	27.29844922343107	20.411159451944815	24.975649206902048	27.313502440982536	0.0012396767395321106
210.0	25.607162552001594	23.70676472428969	23.92362747077696	26.76203195611024	4.1329682151127297E-4
211.0	25.715971390082675	25.150316637915402	24.612359952021514	24.520111808057717	0.0012402119226887322
212.0	28.842896548546094	21.7332713397757	23.787329800803356	25.636147836911256	3.5447396359197916E-4
213.0	30.10676610934084	22.95758022826184	22.168197849782693	24.766864736329737	5.91076284896405E-4
214.0	27.712418919166694	24.12738481302096	24.299852550730417	23.860107135823075	2.3658125886070748E-4
215.0	26.33600275042827	24.618407715425516	22.798264384917694	26.246910213928786	4.149352997314776E-4
216.0	26.663612436108192	24.235199707752056	25.510191248731147	23.590876833661216	1.1977374739117806E-4
217.0	29.863260836882077	22.17949437846082	24.882156284887447	23.07430357941794	7.849203517167717E-4
218.0	24.949510821371845	23.94295514563296	24.85115132380312	26.256139094337417	2.4361485465937774E-4
219.0	27.359945967691335	22.091426799877468	24.089711839989565	26.458054221766215	8.611706754161608E-4
220.0	27.508829058805667	21.78861116220163	24.22322181336092	26.478844204915635	4.937607161505427E-4
221.0	26.397819926689447	21.879568330586515	23.549261152546162	28.173102290256402	2.482999214751498E-4
222.0	26.17916351907519	23.944932560566972	24.11551373394728	25.760014042698582	3.761437119742216E-4
223.0	30.347157664850112	22.394668790560175	24.103126359403873	23.154032586377234	0.001014598808607349
224.0	31.02921742183058	22.035234905731173	23.38672032500264	23.548636558472367	1.907889632400545E-4
225.0	31.22054133972093	19.743635779305958	23.22816760663899	25.806632986543498	0.0010222877906252376
226.0	25.32101351530401	23.22213741000731	24.62485675820138	26.831798418959558	1.938975277418888E-4
227.0	27.70361309428128	23.302608897932405	24.963832464920433	24.02844264619591	0.0015028966699730394
228.0	28.281586490401622	27.83171287377612	22.382032885275663	21.504602113894034	6.563665255697426E-5
229.0	27.401479747943817	25.3045634717092	21.73061280678892	25.563343973558062	0.0
230.0	26.26548729318823	22.279189794201955	27.079808116888103	24.37551479572171	0.0
231.0	25.13112009241778	24.730070726100113	23.486837969431562	26.65055168791559	0.0014195241349521316
232.0	24.75371499695626	24.96874728237238	24.67463203322028	25.60256598399861	3.3970345247412816E-4
233.0	22.685411726757692	25.47054241487343	21.63839694735072	30.204962613968206	6.862970499521309E-4
234.0	27.496380338346782	20.81359527472796	26.387350896106117	25.301347735225676	0.001325755593467514
235.0	25.01338834404047	21.51162009220802	28.091115728350672	25.383380625845835	4.952095549976195E-4
236.0	29.29941101306613	22.995658964088577	23.418433125531514	24.28613837105747	3.5852625631185473E-4
237.0	28.098537392158196	24.34940092312728	22.092779070761022	25.459065373458134	2.1724049536626025E-4
238.0	27.49465742233278	22.015673516802167	24.03859269830607	26.450929689184456	1.4667337452899513E-4
239.0	27.32112195730573	23.225478721192065	24.529967976329814	24.92231734922436	0.001113995948025405
240.0	25.753843553356436	21.04261907140058	26.462471091715134	26.740682120273835	3.841632540164268E-4
241.0	29.20679819110929	21.867586552896665	23.033269953931306	25.889959917850447	0.0023853842122961173
242.0	27.383928137597955	24.158542144041018	19.96338084003489	28.492837745808426	0.0013111325177060733
243.0	27.69868230304866	22.69758499500802	25.07039772007208	24.53055307416257	0.002781907708666261
244.0	27.22054804175099	22.846173923212813	25.595676509608662	24.335820207732624	0.001781317694912944
245.0	29.255218823858147	20.834313257500785	23.015915520834547	26.891913394108037	0.0026390036984860654
246.0	24.35853476675087	27.01240983799023	22.58892188123223	26.0366347187785	0.003498795248169547
247.0	26.240724077948567	22.853827310405965	24.30098430711818	26.47195391947458	0.1325103850527037
248.0	26.098001673279324	22.57380357013126	23.43786251455917	27.877677188328292	0.012655053701954737
249.0	25.226894942902216	21.53328184166783	28.464603135560424	24.75555820150997	0.019661878359557003
250.0	28.459818798515073	21.843623778335317	23.288883931446957	26.4069665325539	7.06959148758344E-4
