# Position (bp)	A	C	G	T	N
0.0	24.82528236325124	22.981155120378826	24.70144137154239	27.492121144827543	0.0
1.0	23.131192924621804	29.879529032240548	23.555991234525326	23.356575327958552	0.0767114806537719
2.0	24.78934549236278	26.71834931690148	21.932357494435955	26.558965308148064	9.823881517213812E-4
3.0	26.937011216012312	21.7545893994502	23.403787951096046	27.89936524505115	0.005246188390286632
4.0	26.536378691869324	23.020679845394067	23.238066959154015	27.20473922846513	1.3527511746107542E-4
5.0	28.90893023871711	23.268703020345068	22.151291547817063	25.670568491827243	5.06701293507062E-4
6.0	26.15081345780272	23.54528653140514	23.35787421756961	26.940056388948847	0.005969404273688754
7.0	26.019990157738732	24.87402646100694	22.845389654585098	26.259954181648286	6.395450209400503E-4
8.0	27.903806406412997	23.96178076974489	23.454367389051185	24.679978263308183	6.717148275002737E-5
9.0	26.371682483876906	24.789726808269	22.32507794631367	26.513278109698398	2.3465184203372083E-4
10.0	24.978382379043467	24.09127291116179	23.167525678250765	27.762819031543977	0.0
11.0	27.523074368649464	22.806982702769577	22.218590371761856	27.45122233110539	1.3022571371830224E-4
12.0	28.879280597939566	23.805717789087314	19.500989450674318	27.81398006333126	3.209896753670918E-5
13.0	25.724867758466313	22.352724524851247	24.468144554442873	27.45400915689275	2.540053468125504E-4
14.0	27.18713409495006	21.689798622201522	22.65888331828075	28.464089689514537	9.427505312399243E-5
15.0	26.1517356417883	23.1718650685342	24.264797893749094	26.411601395928407	0.0
16.0	26.945960783691074	24.59089374076736	21.215999921833635	27.24693181755726	2.1373615066078058E-4
17.0	29.710800028570635	26.266305210285545	18.610809681619727	25.41074022748322	0.0013448520408727432
18.0	26.237064484177836	25.164179980071744	19.78713563747757	28.81141249744082	2.0740083203288072E-4
19.0	25.250011490040198	24.47098676465216	21.30745462023355	28.97089896896039	6.481561137030809E-4
20.0	23.595451067742637	25.20098409675314	23.25531063624686	27.94816645881932	8.774043804706163E-5
21.0	24.47680930678792	24.294760581419023	23.099625345637357	28.128456736092865	3.4803006283682785E-4
22.0	23.1035187156544	27.004833558707595	25.07900566792301	24.812526972983857	1.1508473113329689E-4
23.0	25.99518349431788	22.967411977341975	22.61881816617088	28.418214055272685	3.7230689658431334E-4
24.0	29.086422776255798	20.93177292445723	23.543054372268166	26.438693242592905	5.668442589730029E-5
25.0	25.39636701956722	24.11804826744633	19.162758242523807	31.322489375903135	3.3709455951853905E-4
26.0	27.117021540998042	24.7776630654697	19.49061405402326	28.614673413872733	2.7925636264678064E-5
27.0	25.845748298088367	23.84088163561742	19.621232416271738	30.692054106949612	8.354307285902775E-5
28.0	27.504434123363495	23.051446830392376	22.82796701287202	26.61345718630468	0.0026948470674289233
29.0	28.51745894317061	23.513049561881587	21.19747734896609	26.771659978809904	3.5416717180894696E-4
30.0	24.257663983118206	23.607183102825484	24.44721041224385	27.687617518650647	3.249831618099287E-4
31.0	26.815897633237505	23.968145664169153	21.83431908015647	27.381098668460307	5.389539765641254E-4
32.0	24.92772511911551	22.411588308194283	23.72448639354346	28.935960107573404	2.4007157333839796E-4
33.0	24.283461515719765	24.369989905901036	24.422255376480326	26.924214011791936	7.919010693832041E-5
34.0	26.691466437933453	25.834187596104563	22.62612579629494	24.848089415161244	1.3075450580026987E-4
35.0	26.08781514007908	22.057806125261703	24.896813599821307	26.957409840826223	1.552940116817332E-4
36.0	24.931580745323142	24.081560561546038	25.120281605713213	25.86634434687444	2.3274054316987965E-4
37.0	26.274910635534642	24.783038484883267	20.60715618850861	28.33484299048606	5.170058742207429E-5
38.0	27.482208789996143	24.95397944988289	20.807852864490123	26.75580383551533	1.5506011551461737E-4
39.0	24.03192626739541	27.039017491134032	20.935387340592154	27.993307182841747	3.617180366565058E-4
40.0	27.38557676286377	25.747440290670866	21.74066692585594	25.126135190885147	1.808297242734197E-4
41.0	25.05211705939679	23.593252665002055	20.874641909115493	30.47518411767	0.004804248815662265
42.0	25.584709535724098	25.06877568434776	19.85713872491999	29.489143617471864	2.3243753628608205E-4
43.0	26.437204277029235	25.184835329932774	21.81308668480654	26.560974419373938	0.003899288857510947
44.0	29.335102139246473	24.48390749812938	21.988533056410898	24.192147472557775	3.098336554742701E-4
45.0	26.051034538306883	23.347511315020707	21.159811566052564	29.43753788453774	0.004104696082106314
46.0	25.620238761463625	24.074133348752397	21.7334986752683	28.572129214515673	0.0
47.0	25.689146532522205	23.413250465229723	22.910260347973765	27.985329454913366	0.002013199360938254
48.0	23.351796923216646	23.15570513574712	22.47658251232798	31.01591542870825	0.0
49.0	22.584204642700595	25.3439895068785	24.02757643516114	28.042346060938637	0.0018833543211242956
50.0	28.35389739458258	23.48074500641442	19.469418069183885	28.695758950971033	1.8057884807720932E-4
51.0	25.31690723915025	26.078707207269947	20.63132802098116	27.970478220026713	0.0025793125719305796
52.0	23.542776569151776	25.03826791528954	21.36941114111591	30.04954437444277	0.0
53.0	23.435099057495254	24.427882363575108	22.834016039836644	29.301282077619007	0.0017204614739886768
54.0	23.696178311567667	27.22441410893771	21.998292022987336	27.081064204221878	5.135228540778593E-5
55.0	24.240827881376205	27.458246621903676	22.37057566828198	25.928659563799037	0.0016902646391003286
56.0	27.312447634674907	24.362833063952785	24.495346783924024	23.829321304416407	5.121303187294252E-5
57.0	23.37841066001922	27.338280172436967	22.27373152648503	27.00435445081099	0.00522319024779173
58.0	26.07364193434753	24.4270052512145	21.002758730860922	28.496389278019446	2.0480555760361114E-4
59.0	28.277581395729833	21.494478050818365	24.097088417486646	26.127703538281445	0.0031485976837072357
60.0	24.906021690073832	21.79215889597877	23.1129019934824	30.18889186725722	2.5553207783609303E-5
61.0	26.083215078319142	22.970404138320806	22.19523549398062	28.745166533890604	0.005978755488829692
62.0	25.83159180211436	21.23571220536613	24.497136054039416	28.435406649668643	1.532888114496523E-4
63.0	27.40724050447943	22.528293239588386	22.162034982683394	27.899723358396873	0.0027079148519166545
64.0	26.151055719305116	20.676048968301263	23.01025158103538	30.16261823181583	2.5499542410711436E-5
65.0	25.127382818515688	25.14303795273679	23.29185657653321	26.43254676907606	0.0051758831382475836
66.0	25.17367626662315	23.367208533898996	22.665390185200295	28.793240597209756	4.844170677979929E-4
67.0	27.69423859206148	24.178267427144913	20.674253093224532	27.452425069675947	8.158178931298955E-4
68.0	24.333955964422586	21.999178606236015	26.342470213004077	27.3242677498935	1.274664438213318E-4
69.0	23.60797279521979	23.82638598566345	24.646251185365706	27.916356517217118	0.0030335165339396967
70.0	26.75746501715736	22.72341092705742	23.699606457337197	26.81923762371702	2.7997473100791414E-4
71.0	25.345129230404524	22.118144592973273	25.484422070503804	27.051060420046085	0.001243686072315015
72.0	28.395496290220578	24.787914717201012	21.159548431172908	25.65536560284804	0.0016749585574647827
73.0	26.059374666156117	22.21552314113822	21.987855885510672	29.732856379060397	0.0043899281345926595
74.0	25.532595634293976	24.74569072257022	22.88836779266753	26.832533928201713	8.119222665621994E-4
75.0	26.327197093899734	24.213104547454243	21.33379610108025	28.123390524728897	0.002511732836872847
76.0	27.41667220570096	22.812618444426068	24.771838298083935	24.997856266880312	0.0010147849087277084
77.0	25.023979218433496	23.695907233847166	23.89190135351621	27.38729894176874	9.132524343885204E-4
78.0	28.01425321190656	25.297142736830786	20.085948481137983	26.60197066103113	6.849090935380349E-4
79.0	27.79794519766115	19.777757879519882	22.075693818572365	30.345483079956075	0.003120024290530574
80.0	24.782757465282664	22.32704617876602	27.505153478150696	25.382531769953097	0.0025111078475164
81.0	25.558731696676553	24.067199480544517	21.252070339548368	29.121313654222224	6.848290083422318E-4
82.0	23.447802887617474	21.794369739416442	23.267066825675172	31.489543127844765	0.001217419446145168
83.0	26.229193872817625	21.575981469425084	23.363630069220818	28.830078655523906	0.0011159330125702245
84.0	24.154305259364477	24.676049594242528	24.76443140569686	26.403894987698823	0.0013187529973099975
85.0	25.725375132821238	26.39918139006459	20.47655879511167	27.39804781310942	8.368688930760511E-4
86.0	26.174980841532207	24.322606789121945	21.677089921301935	27.823166961926	0.002155486117908641
87.0	23.014212721717193	21.144143116148744	24.982566911363836	30.858265819735525	8.114310347013554E-4
88.0	25.13266271721238	26.017765444607736	25.651218762646316	23.197617750839537	7.353246940288592E-4
89.0	26.392419233256952	25.490792171666143	22.122900693487114	25.992949763196123	9.381383936687322E-4
90.0	24.091012927269624	24.893975700171115	25.15522383442994	25.859432581425168	3.5495670415601054E-4
91.0	27.402012707835887	24.5747702149258	23.175929649031094	24.846881783457704	4.056447495118319E-4
92.0	26.041516670148273	23.62161227581647	22.248015989713366	28.088804361273418	5.070304847008622E-5
93.0	27.30652198547256	25.057488922402438	20.60728481169415	27.02827331948681	4.309609440376934E-4
94.0	28.561730424618403	22.980722162833047	22.84895339142347	25.604233838615958	0.004360182509127865
95.0	24.78425461757477	25.240333917374414	23.41507880498706	26.557671014528022	0.002661645535736013
96.0	26.697069199856227	23.849917846748315	23.37050888375505	26.08159153737859	9.12532261817673E-4
97.0	26.354266629963817	24.4223230367652	22.654274893173927	26.569008703745666	1.2673635138211062E-4
98.0	29.112694284102275	21.791679487562927	23.871706212478287	25.22392001585651	0.0
99.0	22.39746714696194	21.126504280639224	26.30959784647683	30.166405383199702	2.5342722305092923E-5
100.0	22.84966707424466	24.166874679269906	24.106282825339104	28.87717542114633	0.0
101.0	24.302830742346394	21.228362969953203	28.16389457925055	26.304810346243162	1.0136220669578466E-4
102.0	25.493234115052353	23.770801513514662	24.40647564512029	26.329438042679165	5.068363351982376E-5
103.0	26.128654858138784	24.745987248492725	24.7649921180471	24.36016305671281	2.0271860858001443E-4
104.0	26.39309563490324	26.313452884458716	22.188145925385157	25.104900119679513	4.0543557337332283E-4
105.0	27.87088966081371	23.127598024259882	20.142803276412042	28.855414786831506	0.003294251682855802
106.0	26.82841414625691	22.436089760678062	24.140185428637746	26.595183963980585	1.2670044669509486E-4
107.0	26.64285227398563	23.393852501284094	22.153948214972154	27.80843477509488	9.122346632447731E-4
108.0	24.09587512861956	23.912684897346324	23.969643630389513	28.021745668615207	5.0675029397851434E-5
109.0	26.743213243480035	23.83504126552683	24.524674945615242	24.896082422613517	9.881227643722455E-4
110.0	25.07441676988782	23.45170174918996	22.393892922445172	29.079912551902986	7.600657406194586E-5
111.0	25.063371316007828	23.32604082873593	24.208032733929148	27.401592358705084	9.627626220079934E-4
112.0	26.171411054135675	22.941815804941324	23.31768479296297	27.568936338393563	1.5200956646871643E-4
113.0	29.224543649139896	20.566487393586957	22.35895640418855	27.848948517659316	0.0010640354252860924
114.0	26.758022010206027	21.495420156378973	27.14618256847217	24.59989389619359	4.8136874923677714E-4
115.0	27.859944735563268	22.791411462632656	25.6303393953951	23.717569641754093	7.347646548810416E-4
116.0	27.85719389226175	23.64143970577132	23.838938376867496	24.662276005596347	1.5201950308878294E-4
117.0	26.71942094611098	25.5148153515764	23.956940873384664	23.80793604624648	8.867826814889435E-4
118.0	27.53422370321612	24.064208382327493	24.185721499334033	24.215415697234715	4.307178876378646E-4
119.0	27.53366587269031	20.554976042622876	24.49685200748657	27.41377130491251	7.347722877337875E-4
120.0	25.594308783654018	23.28796555433771	24.245589018494222	26.87206063360844	7.600990561089922E-5
121.0	28.582536895907033	22.67323765020534	23.126156144385632	25.617233199057377	8.361104446156641E-4
122.0	27.122429553011234	23.002797432777115	24.430524422999405	25.44358983519191	6.587560203332647E-4
123.0	25.322274114216498	27.71196336948263	22.0791750836675	24.885599308617227	9.881240161515204E-4
124.0	26.029780258480685	23.934774291787754	21.96320666040016	28.072137444228524	1.0134510287794756E-4
125.0	27.1267922363786	23.46638885398214	23.475534985345924	25.93019449590375	0.001089428389591753
126.0	24.313083451524783	23.720656723890077	23.970746285900177	27.99538685974564	1.2667893932230822E-4
127.0	26.78385937887947	21.945980045907586	27.5036609527091	23.765384868737744	0.0011147537660942575
128.0	26.51511984577775	23.116235975851215	23.986104998921974	26.373241051311737	0.009298128137326512
129.0	25.198298890924715	25.877181870510597	21.149018816986363	27.772029494268157	0.003470927310168145
130.0	26.92947506725262	22.93148466528741	23.614753064180967	26.524261867953296	2.533532570334665E-5
131.0	26.332233600150794	23.964522077173196	23.963356640380155	25.738924930162465	9.627521333827209E-4
132.0	27.257965871012757	24.66315144617745	21.746018394609003	26.326809096266402	0.006055191934383001
133.0	27.333719278999446	25.156859044113084	24.187290902112103	23.320078591036516	0.002052183738850752
134.0	27.798237191261453	22.26608835325086	19.624712764528983	30.31091102097484	5.0669983861610135E-5
135.0	27.220061031299757	22.658041044752487	25.690376993049423	24.43096356743021	5.573634681181762E-4
136.0	27.91819606110416	26.06480815262664	24.304830690715402	21.705881995269433	0.006283100284360958
137.0	29.935083508758776	20.89691317941836	23.02456682436166	26.143233805523135	2.0268193807509416E-4
138.0	25.895356584610784	23.557029977377	26.23282691250497	24.31359584121845	0.001190684288794141
139.0	26.482364639344365	23.38158119739317	24.69900502238858	25.435909128333744	0.0011400125401379415
140.0	27.78087833197334	20.642724195613077	25.08662199673044	26.489446138560236	3.2933712290582757E-4
141.0	26.546476829416278	24.97672466142141	24.606801946945655	23.86971789149626	2.78670720396746E-4
142.0	29.76188334865617	22.337632594906808	22.900300385051224	24.999930331543318	2.5333984247835275E-4
143.0	27.84701480248574	24.665683718785704	23.351472268456238	24.135702541730954	1.266685413610788E-4
144.0	28.575362545375967	24.380139432052143	22.660786527699067	24.383128817958813	5.826769140113277E-4
145.0	28.54845823515508	21.603454692251237	22.077978338252695	27.769196724770968	9.120095700204215E-4
146.0	27.898000456508683	21.186537503252183	24.224194909446865	26.686631110331966	0.004636020460303631
147.0	27.19650485545112	23.57968586562511	26.026119851984298	23.193838809612053	0.003850617327423311
148.0	24.956996465983508	23.665269104589154	23.306446096748452	28.070781663647765	5.066690311221453E-4
149.0	29.028183400856488	23.984213971719317	23.503225505714305	23.482122409107216	0.0022547126026780918
150.0	26.532724806098447	23.520945674630468	24.17466910381571	25.77166041545538	0.0
151.0	27.414021465625304	23.250331631851655	24.769175110738185	24.56578775358816	6.840381966929033E-4
152.0	27.88781465735319	23.411249392277035	22.822286984075188	25.87852229136703	1.2667492756094267E-4
153.0	24.80895994454632	23.279524752234437	24.196481549135843	27.71412168697958	9.120671038170514E-4
154.0	23.588075471545146	23.911433018902343	24.116372233865313	28.381383036941248	0.00273623874595138
155.0	28.331628499417604	23.152565194377672	22.923356461134727	25.592247140021808	2.027050481918583E-4
156.0	26.836732599585417	22.818982579124697	25.359557511338277	24.98454994150642	1.7736844519074328E-4
157.0	25.83340765951581	22.009274894034515	26.0545618370189	26.10252756318908	2.2804624169658295E-4
158.0	25.17628898292995	20.394815359319377	25.53863509035721	28.890159211838938	1.0135555452510743E-4
159.0	27.73674076135005	20.92117522717327	23.52058325015704	27.820867278509702	6.334828099371662E-4
160.0	27.07538461109637	20.23176123793169	25.032251002118645	27.66060314885329	0.0
161.0	25.1879389645296	20.095272581499763	28.223545691841167	26.48939111247045	0.0038516496590149762
162.0	26.383456950923772	23.22136375500151	23.955898041461516	26.439255912485333	2.5340127866285215E-5
163.0	25.88346643454727	23.204438649906432	26.71486438373695	24.1972051912641	2.53405452525122E-5
164.0	25.940822680398785	22.73561682784388	24.59954882881495	26.72249120287144	0.0015204600709446668
165.0	27.46745746269829	21.26066821994361	25.4813528207587	25.78981192914665	7.095674527491431E-4
166.0	25.06403422051594	22.35790890731403	25.652538294453258	26.92546789267036	5.068504641609839E-5
167.0	27.337297361408964	22.61145851126433	26.410265247915643	23.640497356948547	4.815224625160106E-4
168.0	26.531115502932543	23.90459733817774	22.72534428461436	26.838841498556153	1.0137571919736788E-4
169.0	27.23827467821166	21.81157976746791	24.898988900564323	26.050928551913195	2.281018429108228E-4
170.0	32.06138657876348	22.483717745015717	22.236730820749333	23.218012785533485	1.5206993797827582E-4
171.0	26.30674388856405	22.811279547171686	25.832813122146604	25.048352394226047	8.110478916176426E-4
172.0	28.1751761192396	24.38959435688668	23.824431631882028	23.610721874767197	7.601722448950633E-5
173.0	29.556486352256716	19.381391836693325	22.130527766797417	28.92984563302622	0.0017484112263204303
174.0	25.34770711084386	24.939330059931283	23.380498399408264	26.332008312484973	4.5611733162238653E-4
175.0	25.646807804341577	23.820777367966926	22.53143161951871	27.999564144830618	0.0014190633421729154
176.0	25.57597870892175	23.475253581668426	27.099242638110972	23.8481312780881	0.0013937932107572451
177.0	23.010239653459085	25.606964880343074	23.651893853090638	27.706546226194888	0.024355386912312243
178.0	25.699650304725765	22.320208757865863	23.37446436359591	28.605321784781424	3.5478903103821155E-4
179.0	29.110186888885508	23.59501325507013	22.091335796799523	25.202374254243903	0.0010898050009377391
180.0	26.910215925187813	21.603471839966414	24.974701230554512	26.511382286134545	2.2871815671463139E-4
181.0	28.469826428824668	21.281296679528975	25.91987225413974	24.3282665457893	7.380917173129084E-4
182.0	26.26165752797412	22.149233156668064	24.990461704411338	26.598571253676923	7.635726955566941E-5
183.0	24.556496320935388	24.254616521021116	25.48295677264531	25.705574034875518	3.5635052266440233E-4
184.0	26.938462364762067	21.11645067033826	25.730557848604786	26.211041814781527	0.0034873015133615832
185.0	25.732703031450697	23.297498976179405	23.540670684573918	27.428440094468925	6.872133270516944E-4
186.0	27.683027497364858	22.421805458440865	24.985217496883774	24.9099495473105	0.0
187.0	24.947930319445703	22.621139780317968	26.881724817093133	25.54849110123549	7.13981907698459E-4
188.0	27.934346467354924	27.6461910572371	21.55101562031827	22.867962345993046	4.8450909665828976E-4
189.0	25.744274779960087	22.821850931341224	24.010196530058394	27.422708700661563	9.690579787388679E-4
190.0	28.9784331407982	20.850896808378234	24.788549702424064	25.381839808865863	2.8053953363107927E-4
191.0	27.671125440044147	23.28539896484245	23.353992203107516	25.689227923706948	2.554682989387847E-4
192.0	27.478490314797504	22.83395164283997	23.339218791635616	26.348288154286724	5.109644018765678E-5
193.0	28.364959087183237	23.611028778993113	21.40162935829325	26.622127262060747	2.55513469648066E-4
194.0	28.643108218745432	22.624368714615567	23.386868446309695	25.345654620329306	0.0
195.0	26.882445636978762	21.011576692456828	24.050630970374115	28.054579997965686	7.667022246120616E-4
196.0	29.59122781800018	21.63326443554675	25.448316026896016	23.32703798704701	1.5373251004449786E-4
197.0	25.530720272745633	23.076696382901734	23.581380354483215	27.81045982772989	7.43162139527923E-4
198.0	27.922546956081202	22.67231438074361	23.578144928265626	25.826865346647025	1.283882625396174E-4
199.0	26.289571773683353	22.28942455142252	25.112694522559753	26.307820127342108	4.890249922656837E-4
200.0	28.148923585067386	23.200282314712954	23.12620301640195	25.524539604110757	5.1479706956916123E-5
201.0	25.67975566404063	20.61498423991876	27.95404671779737	25.75085300072204	3.6037752119470295E-4
202.0	26.25541495521303	24.391161845764778	27.17035832664884	22.18301338717998	5.148519337323779E-5
203.0	26.911151504944986	24.164585388539155	21.26686427543067	27.656523316623883	8.755144613101147E-4
204.0	26.26703520753344	23.153795420674566	23.243080652093802	27.33598570818228	1.0301151591489291E-4
205.0	28.079479340424385	23.428599242683536	24.764500745701497	23.726416272697794	0.0010043984927841695
206.0	26.6322893505098	20.567511607559783	25.07912869704031	27.72099307705998	7.726783013131153E-5
207.0	26.420918989606495	23.73000845626427	25.76677556178263	24.082039415000636	2.5757734596939104E-4
208.0	28.673788310652483	22.128800666101963	20.731753814319955	28.46563144693752	2.576198808353479E-5
209.0	27.674508245845388	20.024008620223206	24.840419200093994	27.460162129042597	9.018047948187966E-4
210.0	25.722104296380436	23.34606966784426	24.005727098499445	26.92578969869597	3.092385798836696E-4
211.0	25.80384656527214	24.459778351438885	25.112119528864707	24.62335339142404	9.021630002332736E-4
212.0	29.107271789582256	21.68965961835998	23.559179989685404	25.643579164517792	3.094378545642084E-4
213.0	30.792631248437495	22.594026969632782	21.91358128209342	24.699373501833982	3.86998002316312E-4
214.0	28.048419996587015	24.398693564714165	23.804493214173135	23.748315774010756	7.745051492974851E-5
215.0	26.430896322165825	24.325476823126703	22.12747558473597	27.115763140823862	3.88129147645104E-4
216.0	26.29666382954244	24.304688838073425	25.627703929743912	23.77089110541943	5.22972207949439E-5
217.0	29.938806657265836	22.38504977647743	24.809488068023676	22.86581127018068	8.442280523790742E-4
218.0	24.974181311027053	23.59976088229423	24.718459689664023	26.707331601515623	2.66515499075591E-4
219.0	27.543092493517012	21.832946723182825	23.76516287164112	26.858070998423404	7.269132356361944E-4
220.0	28.265698097325647	21.347152584000387	23.849560356774756	26.537291622572596	2.9733932661292397E-4
221.0	26.07107603064216	22.350534072576423	23.547012231892683	28.031051256224544	3.264086641915823E-4
222.0	26.56356140927969	23.89618926439343	23.58690644139689	25.95320559674506	1.3728818492389017E-4
223.0	31.40510848454149	21.843005595345794	23.445099387864836	23.30598028645635	8.062457915359761E-4
224.0	31.16151604278671	21.533697768124927	23.796177782931252	23.508524786099894	8.362005721841782E-5
225.0	31.656522942331478	19.132259454664183	23.46347600343523	25.746592036669373	0.001149562899735965
226.0	26.03831825951395	22.173676561317453	24.87263724499489	26.915198051101395	1.698830723127117E-4
227.0	28.022744543323814	22.932974895627332	24.76478956090237	24.277946010034423	0.001544990112063283
228.0	28.270847095713727	28.086122173717314	21.977148842982665	21.665795648126906	8.623945938207703E-5
229.0	27.625235095788238	25.06679079666389	20.911359660587827	26.396614446960044	0.0
230.0	26.19499467294698	22.431799702806515	26.761811805497143	24.61139381874936	0.0
231.0	25.59342834181402	24.2094449839255	23.577675363469407	26.617499122254625	0.0019521885364531277
232.0	24.80238430382911	25.258324380786295	24.280557448568732	25.658555311861107	1.7855495475119855E-4
233.0	23.10714103900712	25.13330162389859	21.355400609748934	30.40370488296176	4.5184438358937345E-4
234.0	27.31289767473192	20.996705308861983	26.443693238534415	25.24550960543318	0.0011941724385001195
235.0	26.035588314673664	21.565240590284564	27.466845352765446	24.93213961092343	1.8613135289573853E-4
236.0	29.389674192832032	22.95394059665929	23.345592681203872	24.31050983873131	2.8269057349436646E-4
237.0	28.182609150426234	23.967244967012	22.12815794937138	25.72176605857173	2.218746186529992E-4
238.0	27.66009161147372	22.09038977363276	23.618252391694362	26.631170026341906	9.619685724867368E-5
239.0	27.942235590843456	22.5865030611014	23.860040897056017	25.609724772372346	0.0014956786267849378
240.0	25.642668881106257	21.36252221460006	25.81142629433058	27.18318202666688	2.0058329622542356E-4
241.0	29.388019617275013	21.373872041834833	22.679536863063696	26.556261751569192	0.002309726257269361
242.0	27.660974630519647	23.69702057779908	20.082766013610307	28.55806483963833	0.0011739384326311952
243.0	28.364659801982594	22.50336883827121	24.842201833011217	24.286608350817886	0.0031611759170857186
244.0	27.3136372595761	22.339336946395388	25.557500416956568	24.788413492883098	0.0011118841888383675
245.0	29.610605800815186	20.693266674677226	22.738693297726847	26.955206571178998	0.002227655601743782
246.0	24.864895564085106	26.803415185921146	22.349853722783884	25.978860626581685	0.002974900628177312
247.0	26.09214466494143	22.856853338249667	24.14240921161972	26.770151434842077	0.13844135034710311
248.0	25.986117533153287	22.64308979027033	23.311736047903704	28.04921860661719	0.00983802205548848
249.0	25.580889974725284	21.754926393170113	28.445992637956692	24.20183316510729	0.016357829040621826
250.0	28.56272798543485	21.208233716251677	23.274949283524283	26.95292958619653	0.0011594285926685237
