# Position (bp)	A	C	G	T	N
0.0	23.515234937276706	24.665468493724553	25.33004303323527	26.4892223658118	3.1169951667872944E-5
1.0	22.62030257493842	30.0414977512331	23.030365429676383	24.227831083840638	0.08000316031146487
2.0	23.62356257896447	27.372642781572832	23.037871600473842	25.965116131112598	8.06907876258815E-4
3.0	25.63042889785292	22.13270937216181	24.94112379367731	27.288296045844522	0.007441890463434426
4.0	26.112465588896228	23.879260872421415	23.10827242314905	26.89978420627946	2.169092538445616E-4
5.0	28.26142414860681	24.170154798761608	22.400866873065013	25.166873065015483	6.811145510835913E-4
6.0	24.70025833644188	24.331003185397424	24.502063384680238	26.46123578091067	0.005439312569787771
7.0	25.36022770375076	26.230244756862103	23.395604429491705	25.012967148861637	9.559610337947645E-4
8.0	27.104932342504267	24.405001073733164	23.937604104429628	24.552400947346463	6.153198648019193E-5
9.0	25.97729921870106	25.565892082239667	23.034623543124972	25.421908796460635	2.7635947366417044E-4
10.0	24.582711585332362	24.574825626726586	23.742381381527895	27.100081406413157	0.0
11.0	27.76721778616627	22.939118218717674	22.654846351874127	26.638609385464022	2.082577779073604E-4
12.0	28.368236395438647	24.751193403097542	20.32968720161267	26.550824510451033	5.848940011224116E-5
13.0	25.165008443096472	22.823615777310845	25.23911062401124	26.772121100019792	1.4405556165390768E-4
14.0	26.925961729834235	22.134258337835146	23.313838105257172	27.62588496204259	5.686503084927923E-5
15.0	25.073973616076934	23.965322065433025	24.57616480425012	26.384511493930802	2.8020309120050215E-5
16.0	25.87432417676568	25.2616584579087	21.908788583156547	26.955173772901393	5.5009267686373455E-5
17.0	28.278722251835088	27.165084335703376	19.139301959953247	25.415735026842523	0.0011564256657650132
18.0	25.342448029558295	25.68933113691385	20.31708471998986	28.65084266478148	2.934487565108943E-4
19.0	25.187444550389028	24.847340341589497	21.756484537764088	28.20833272551498	3.978447424154215E-4
20.0	22.446585267028308	26.612801656284653	24.156824325550172	26.78370987042265	7.88807142175388E-5
21.0	23.447647476715918	24.41527461855818	24.43636553238915	27.70042559847749	2.8677385925921097E-4
22.0	21.995257872831242	26.961027947496664	26.273308602191857	24.770276617206964	1.289602732719775E-4
23.0	24.644003579462424	24.22848628146397	23.936833981905654	27.1903682905604	3.0786660755627803E-4
24.0	27.404653217493742	22.034792499200258	24.535236799211937	26.025241318377773	7.616571628778454E-5
25.0	24.500178574926874	26.183931672360465	19.35950623907139	29.9561825854535	2.009281877633729E-4
26.0	26.171705542867763	25.35135762155231	20.10123070897668	28.375606342759994	9.978384324956065E-5
27.0	25.520062140748795	25.062283672518255	20.54480037284449	28.872729532390867	1.24281497592046E-4
28.0	27.849350867058682	23.741627124941395	22.954501507123638	25.452118710218812	0.0024017906574754877
29.0	27.65851753056168	23.288162848314016	22.99623721992393	26.056864311165047	2.1809003532089282E-4
30.0	23.96147183180714	24.83953609431034	25.653522992713455	25.54520459673939	2.6448442968140444E-4
31.0	25.644110848266976	24.175739090806765	23.20306975608229	26.97679353682233	2.8676802163760313E-4
32.0	24.027312368343356	22.743449219986548	24.700698293699112	28.528137615923548	4.0250204743320895E-4
33.0	23.60224776858732	24.74131968783588	26.146969484555356	25.509392962287958	7.009673349221926E-5
34.0	25.595839459203727	26.811474338434916	23.250538170486397	24.34207862783588	6.940403908372787E-5
35.0	25.085142626043893	22.764315929266864	25.665783672231125	26.48452915561971	2.2861683840744596E-4
36.0	23.88674259337718	24.773196264798685	26.350915699882034	24.98893988481949	2.0555712261139772E-4
37.0	25.224455373527622	25.88456854752728	21.730152199989135	27.160778218502617	4.566045334437707E-5
38.0	26.290266515208266	26.305330190046515	21.26326716043567	26.14102201556078	1.1411874877464993E-4
39.0	23.065204880793683	27.40905558184758	21.910678207978183	27.614901599625046	1.597297555085088E-4
40.0	25.571937215012436	26.576503404222507	23.249486777124613	24.60195852876261	1.1407487783721331E-4
41.0	23.68837853664501	24.512944610630573	22.233856391915484	29.55980179937262	0.005018661436308966
42.0	23.973399966470545	26.569355219475366	21.145772152533926	28.31142704321536	4.561830480098444E-5
43.0	25.997530050482304	25.485728230291432	22.811819723333727	25.701136108358487	0.003785887534053032
44.0	28.6974756477459	24.69678972335675	23.54243917722822	23.06297620494545	3.192467236734899E-4
45.0	25.438540291306076	24.463317244915665	21.965649111679035	28.12870855735252	0.0037847947467048917
46.0	24.91915973543849	24.64422076459479	22.78619414247766	27.650425357489056	0.0
47.0	24.657287247743856	25.0734571714487	23.70379150700607	26.563800032369024	0.0016640414323521567
48.0	23.116705069360712	24.54493890017814	22.812818257911598	29.525537772549555	0.0
49.0	22.000044662368445	25.824282747428384	24.820199786623256	27.353695423611175	0.0017773799687454568
50.0	27.482148508640876	24.72210823384445	20.466003728995915	27.3296256034327	1.1392508605331374E-4
51.0	24.32357993875092	27.274452418058342	22.058165894655502	26.341364178241516	0.002437570293718108
52.0	22.599098961938346	26.3655207737311	21.383338385557575	29.652041878772977	0.0
53.0	22.78531773240524	24.833228733899265	24.10317987571909	28.2768674060981	0.0014062518783102206
54.0	22.277244901500104	28.776407654094687	22.89943664124873	26.04675204027315	1.5876288332447664E-4
55.0	23.688601201759298	29.074486094535622	22.54379924955642	24.69177886977442	0.0013345843742337451
56.0	25.97364501191683	25.95240776952865	25.231065268220267	22.8428593334627	2.2616871552906063E-5
57.0	22.772954096555942	27.820677558733355	22.73073275177784	26.670389019827073	0.005246573105794885
58.0	25.314300974147034	25.268918715105464	22.003770322806474	27.412670808127565	3.391798134646698E-4
59.0	27.226450332144037	22.780694495317423	24.762276215412026	25.22775268044081	0.0028262766857044663
60.0	23.74222970944722	23.134938422238864	24.4751005381142	28.647618480144484	1.1285005522881704E-4
61.0	24.669930705928415	24.596066678477086	22.87794381323888	27.84971728334742	0.006341519008195454
62.0	24.7065293454858	22.564502163329884	25.41017289714248	27.318592496259054	2.030977827815054E-4
63.0	26.12525095524901	23.948255774988848	23.513285481185324	26.410635335085757	0.002572453491056324
64.0	24.815916204529493	22.40327988503923	23.850758116583066	28.930023280772055	2.2513076157459157E-5
65.0	23.54884145708683	26.720537131879464	23.418074714655443	26.30732413066229	0.005222565715972114
66.0	24.53866286457502	24.41564563113243	23.623788314015613	27.421272909849414	6.302804275192139E-4
67.0	26.9472343145773	25.793758694115688	20.522817411190594	26.73555932706982	6.302530465982091E-4
68.0	23.26958240939059	23.514646686995658	26.7853139694741	26.430276872216357	1.800619232954213E-4
69.0	22.52669035141124	24.991509277900377	25.49239998784628	26.986294432809636	0.003105950032466181
70.0	24.430546040846057	23.209909607700883	24.762919902011163	27.596354829599136	2.6961984276220136E-4
71.0	24.210318460671186	23.127812775232755	26.50121768456798	26.15982272267911	8.283568489663674E-4
72.0	26.563859216965668	26.11512034645524	22.2038213765892	25.115699234372602	0.0014998256172901688
73.0	24.912056319768503	22.89996132179195	23.54659022945489	28.63740791542365	0.003984213561009501
74.0	24.389523894997236	26.35538821663114	23.322921028595754	25.931338769336755	8.280904391139791E-4
75.0	24.743001729062257	24.61966672918087	22.83566209925077	27.799655261778593	0.002014180727513127
76.0	26.812528924643303	24.103459141171953	25.793173023299946	23.29001089401653	8.280168682701251E-4
77.0	24.04526454931143	25.917845948454055	24.630237844981743	25.405846063027454	8.055942253215719E-4
78.0	27.150001980326078	25.992327970640154	20.66120066834327	26.19586521341314	6.041672773604424E-4
79.0	27.25957026713644	21.151587052611465	23.40669333570816	28.179195731043954	0.0029536134999827704
80.0	23.68484997650639	23.3780234041125	28.73096458058309	24.203566554046496	0.002595484751527085
81.0	25.28262069021067	25.054045068060315	22.289456927054037	27.373317957729622	5.593569453561962E-4
82.0	22.611790027609104	22.604093486130562	24.280753724096886	30.502244078809003	0.0011186833544391593
83.0	24.60807763565287	22.99767836715627	24.531987500724323	27.861406327361195	8.501691053469149E-4
84.0	23.061629596022712	26.58538216846209	24.690988481153937	25.660836437934048	0.00116331642721364
85.0	24.836817264418	27.67120149650727	21.02177067305692	26.46958418770589	6.263783119193976E-4
86.0	25.15706894121911	25.2447582169549	22.975328443314027	26.621032451742938	0.0018119467690304741
87.0	21.22110333121724	22.439133179346015	26.95903230467836	29.37983642985636	8.947549020265751E-4
88.0	24.695321012040875	26.927929900737897	25.823133749630088	22.552810092583044	8.052450080960676E-4
89.0	25.89515555246394	26.65205504699196	22.702600902598174	24.74911488164163	0.001073616304295069
90.0	22.432839436202638	26.018762081923242	25.084527332461203	26.46373695241755	1.341969953740059E-4
91.0	26.381987883255558	24.67874166213392	24.64593144341702	24.29282460421975	5.144069737482466E-4
92.0	25.294596247149087	24.601498331385386	23.15091513257446	26.952945559910667	4.472898039841892E-5
93.0	26.080932875441576	26.304526347710883	21.206000302358845	26.408227381008825	3.130934798730093E-4
94.0	27.293573775741642	23.591312908043257	22.986457335844566	26.124652980133046	0.004003000237496439
95.0	23.31867917089598	26.496952994196697	24.507784059410966	25.674392248075538	0.002191527420815977
96.0	25.421082172574256	24.854794238729138	24.315877037431267	25.406882486979892	0.0013640642854427507
97.0	25.82027202347704	24.95332185181326	23.18617101442405	26.040033863179694	2.0124710595481243E-4
98.0	26.802394390163244	23.76553651409223	25.024556787165047	24.40751230857948	0.0
99.0	21.412336432050765	22.52859903141886	26.887594198349664	29.171403271213673	6.706696703725637E-5
100.0	22.385840951686053	24.967094438960185	25.04817356252772	27.598891046826047	0.0
101.0	23.201563277813754	22.34189012751703	29.134535193309663	25.321854930519123	1.5647084042947222E-4
102.0	24.62726490878886	25.052497349143753	24.884671265880826	25.435544120241005	2.2355945552541726E-5
103.0	25.737358247624325	26.028988682163956	25.13605769123298	23.09741654688642	1.7883209231312605E-4
104.0	24.492711021597014	27.863691689011038	23.30568554845329	24.337487020890638	4.247200480157191E-4
105.0	27.185664510596517	23.252874524228627	21.666425977284586	27.892106476213556	0.002928511676713772
106.0	25.98122103930339	23.122931059458512	24.694208128935568	26.201416223891783	2.235484107496383E-4
107.0	25.15453611446179	25.020946092760116	22.689782330528896	27.133953057503618	7.824047455753894E-4
108.0	23.528141634222457	24.93134523989938	24.600421025903064	26.939846225854602	2.458741204970949E-4
109.0	25.251513124323733	24.745368875112568	26.100570381766204	23.901765324749256	7.822940482398273E-4
110.0	23.880988323414726	24.711885030269897	23.34262089966165	28.06434928997725	1.5645667647575526E-4
111.0	24.086728494678937	24.399496995473317	24.67149584390945	26.841474001747017	8.046641912811953E-4
112.0	25.062163298430995	24.684612759250292	23.32860910890965	26.92443602661807	1.788067909925185E-4
113.0	28.580975295218064	21.993994504088406	23.138145403627657	26.286124890623757	7.599064421068629E-4
114.0	26.785941783646372	22.191090216707664	27.54642346749251	23.476075167998843	4.693641546148107E-4
115.0	26.57064373453609	23.96370986759797	26.041934201111694	23.422907497849106	8.046989051400813E-4
116.0	26.308442467067643	24.85738924866934	25.08326411421735	23.75072534778694	1.7882225872183216E-4
117.0	25.067991864446785	26.782144611045407	24.409476099968323	23.73949330944854	8.941150909415636E-4
118.0	26.332388112480537	24.874858451575353	25.481041116883567	23.311242912520054	4.694065404872082E-4
119.0	26.79179521752795	21.220381143896642	25.017268026142787	26.96992971633942	6.258960932012931E-4
120.0	24.847137012715	23.859680338983203	25.372752320607006	25.92029620794284	1.3411975194998942E-4
121.0	27.198440257173374	23.625467692606197	24.431001006357803	24.74435337599289	7.376678697359015E-4
122.0	26.427400109263527	24.2625606113035	24.311045183418766	24.99845761388845	5.364821257567751E-4
123.0	23.942877094597435	28.044894864419494	23.597834610291546	24.41352165970889	8.717709826334279E-4
124.0	24.85137488845852	24.571090594035503	23.542718375419565	27.034637318068917	1.7882401749614189E-4
125.0	26.514804881172687	23.67732652683056	24.88552696489598	24.921313409455713	0.0010282176450641864
126.0	23.645405093192803	24.718132674793505	25.56487463721596	26.07136406797361	2.2352682411300084E-4
127.0	25.947512546959594	23.3324831971439	27.45384062248745	23.26520248031145	9.611530976064383E-4
128.0	26.03960858586141	23.392240965977585	25.15837466166353	25.400588815544623	0.009186970952854298
129.0	24.381064654404526	26.487140267125874	22.941317291385722	26.18732608352104	0.003151703562833234
130.0	26.214927115996574	24.463328210038977	24.40208114833323	24.919641172688998	2.2352942228373753E-5
131.0	25.46256361332398	25.42731322041733	24.688977311666896	24.420475270072327	6.705845194669569E-4
132.0	26.606244075111658	26.262905108128304	21.402892854324808	25.72239211590015	0.005565846535081709
133.0	27.44627014799599	25.034232872946085	24.544511675834922	22.97310769217014	0.001877611052870398
134.0	25.786911977218395	23.59264023639938	21.436434696794773	29.183811917649148	2.0117193830280176E-4
135.0	26.360679584849645	24.282156147871778	26.248136671577427	23.10851349699107	5.140987100816322E-4
136.0	27.261746031568627	26.31296598263871	24.47032631497772	21.949194690354503	0.0057669804604419785
137.0	28.301601692354183	21.604942410960962	24.503349301975426	25.589927774529208	1.7882018021497762E-4
138.0	25.49640143048726	24.289785426911042	27.16502011622709	23.047653106839515	0.0011399195350916406
139.0	26.017795680695183	23.94171488779521	25.061449389775202	24.97781071866897	0.0012293230654310554
140.0	26.256196943213872	21.7079423689869	25.672130854407037	26.363439264368637	2.9056902355397205E-4
141.0	25.113944184281234	25.443656442107237	25.36933651415174	24.072638174157184	4.2468530260280675E-4
142.0	28.01233756044613	23.37213985906445	23.987520279099417	24.627622312753893	3.799886361045532E-4
143.0	26.600081004310393	25.707245415343788	23.947905108725486	23.744522597609745	2.4587401058062924E-4
144.0	27.19888971989523	25.5027575949534	23.547518388064265	23.750454309130482	3.7998795661699854E-4
145.0	27.23237955079265	22.474136289305196	23.607101377877957	26.68542163816465	9.611438595424597E-4
146.0	26.876950074734008	22.135660268845722	25.335710695020662	25.647320315959327	0.004358645440286893
147.0	26.35292503066651	24.569148955192922	26.80974873131846	22.264533958465208	0.003643324356897372
148.0	24.579645978137833	24.144248977613902	23.5515153845191	27.724075560904172	5.140988249936072E-4
149.0	27.809042950426928	25.3326356320742	23.931391616721495	22.92494041337682	0.001989387400561365
150.0	25.73427720790582	24.018842024250176	24.86504767842218	25.38181073614482	2.2353277001585072E-5
151.0	26.891538880073966	24.3836892759408	25.561319904843526	23.162893089352927	5.588497887771338E-4
152.0	26.836623401416322	24.39846265032985	23.574103262989578	25.190475370818653	3.353144455922134E-4
153.0	24.509033567750137	23.72199846603378	25.775751664684194	25.992366830294202	8.494712376862997E-4
154.0	22.747601434109686	24.899078934602613	24.734368244637402	27.616291156994237	0.0026602296560613668
155.0	26.667091475977596	24.289165462108684	23.98486784517713	25.058651632888733	2.2358384785566322E-4
156.0	26.019175135151812	23.412794856103762	26.407386547713248	24.16028572431512	3.5773671606190903E-4
157.0	24.52041051549651	22.522947338672157	26.913221016415118	26.04299631326658	4.248161496318745E-4
158.0	24.40298819492626	22.064958873302672	26.191647927655833	27.340248488562853	1.56515552391457E-4
159.0	26.631621430959136	21.59778548693462	24.5055189538304	27.26458221301496	4.919152608883765E-4
160.0	25.72228427173438	21.88415859184502	25.750234502435582	26.643210833062213	1.1180092280481683E-4
161.0	24.215504432377315	21.023723196946474	29.028231040392825	25.728941316419977	0.0036000138634074245
162.0	24.861502271306847	23.37723147652275	25.593821240380628	26.167445011789773	0.0
163.0	24.68747044092579	24.51501874897836	26.849087103981077	23.948356621691033	6.708442373473745E-5
164.0	24.981702346996848	24.169986482210522	24.497633548268798	26.348843943884958	0.0018336786388737634
165.0	26.33457066510664	22.408161156816874	27.086429178577635	24.17012339102703	7.156084718203447E-4
166.0	24.850712256064206	22.827103524805402	25.66584055787167	26.656187116549322	1.5654470939263784E-4
167.0	26.154928922289983	24.055159809672222	26.91850775722563	22.87100095629063	4.025545215371142E-4
168.0	26.2546334337216	24.948147140902456	23.439840619273205	25.357244617120816	1.3418898192161307E-4
169.0	25.781182029374605	22.576384864624043	26.03225887978035	25.609771644419176	4.0258180182642416E-4
170.0	31.18609676811858	23.276354512551727	23.218269306900577	22.319189947345325	8.946508379076085E-5
171.0	25.449312471510478	23.598248422815598	26.95599719253795	23.9955919803925	8.499327434800093E-4
172.0	26.982275118076426	24.778450157435238	24.407694647201946	23.831356447688563	2.2362959782453126E-4
173.0	29.173559928779685	19.255603724530708	23.45162685458381	28.117666474795815	0.0015430173099707093
174.0	23.67102990667707	26.672431841566375	24.099057244071968	25.557011385214096	4.696224704959683E-4
175.0	25.962172603013606	24.196777785456	22.698607476069103	27.14042939751373	0.002012737947557442
176.0	24.036202471005616	24.54214068088074	28.4480319692474	22.97188041858995	0.001744460276291197
177.0	21.983619247596557	26.45624146299949	24.918591655205717	26.61638535989545	0.02516227430278693
178.0	24.92018895676819	23.241982163028553	24.487962537842456	27.349553248250754	3.1309411005123785E-4
179.0	28.011273270802956	24.155225987658092	23.24422117386142	24.58802708143643	0.001252486241103154
180.0	26.898201474695583	22.229312200758265	25.783628419087908	25.088633460129984	2.2444532826027038E-4
181.0	27.500549121596542	22.817806512705786	26.147990125028862	23.53279992661892	8.543140498914909E-4
182.0	25.07152349714097	23.099712017453868	25.59080937956612	26.237842691698148	1.1241414088954208E-4
183.0	23.029975587305398	25.079468289802833	26.701345373751657	25.18880604431158	4.047048285333092E-4
184.0	26.340702766207414	22.378117674834314	26.628644665171418	24.648734942129437	0.0037999516574197425
185.0	24.92818122277075	25.509746376347252	24.320917121906767	25.240480765923063	6.745130521648159E-4
186.0	26.954092681690657	23.185713036143966	24.85825487835947	25.001939403805906	0.0
187.0	23.38912447888062	23.231506924332532	28.133246103562893	25.245401337698425	7.211555255274408E-4
188.0	26.282439895736193	28.98240469340391	22.95291226055315	21.781724806105462	5.183442012834203E-4
189.0	24.486532073799648	24.20828012529226	25.05274977202993	26.251468902538793	9.691263393664076E-4
190.0	28.813811844120202	21.840924059380633	24.722546419576442	24.622537358579706	1.8031834301868234E-4
191.0	26.073422580964916	24.597108788586347	24.847311947409693	24.481840570393658	3.1611264538641495E-4
192.0	26.442261010392237	23.885479907634597	24.746132887493683	24.926058451420772	6.774305870748953E-5
193.0	27.36158985325366	25.06562245863295	21.258424550602182	26.31404696632619	3.1617118501637653E-4
194.0	27.48229529256696	24.23566435903945	24.360064829177468	23.921975519216122	0.0
195.0	26.172584443067002	22.199161126281037	24.46343797267968	27.164161370244738	6.550877275413338E-4
196.0	27.671571936048796	22.656754658314753	26.71671593679532	22.954821572071946	1.3589676919020926E-4
197.0	24.769145418394835	24.95959209479791	23.771627998538406	26.49895488790105	6.79600367799719E-4
198.0	27.32649730399828	23.32912464885704	24.60276048242736	24.74143599285424	1.8157186307938162E-4
199.0	24.942881259911314	23.111941809643636	25.825838465791325	26.118906177833694	4.322868200298961E-4
200.0	27.229966294494602	23.839187445433055	24.568430503926088	24.362347494135726	6.826201053009774E-5
201.0	24.707110895083304	21.581769559012002	28.933602397180476	24.777198568391007	3.18580333216824E-4
202.0	24.75364646022603	25.704355725840898	28.550475593584533	20.991499463041336	2.2757307200662328E-5
203.0	25.586011036634144	24.761382069589708	22.836913949127318	26.81512385824194	5.690864068931388E-4
204.0	26.082902224403693	23.230981198156513	24.126292985301472	26.559686997159737	1.3659497858646054E-4
205.0	26.771248216764892	24.4999770052032	26.019910306632198	22.708044854880065	8.19616519644159E-4
206.0	24.836394296746512	21.51646394458411	26.15298160735132	27.494091842336495	6.830898156090121E-5
207.0	25.347988134175097	23.93326225012514	27.17869198091229	23.53980712796663	2.5050682084526465E-4
208.0	27.982356975584356	22.486314333112308	22.245663443637923	27.285642469540523	2.277812489109209E-5
209.0	27.00609799021706	20.99672876894957	25.442450003747595	26.55397143943507	7.517976507006868E-4
210.0	24.521880164540715	24.88879966987954	25.01090869485071	25.578024112374028	3.8735835501210947E-4
211.0	24.801337627684664	25.644169793564352	25.52398660822447	24.029617075357113	8.888951694017667E-4
212.0	28.071993923970744	22.38324084839135	24.73779338992407	24.806629821656866	3.4201605696984263E-4
213.0	29.38909997869075	23.21532787263003	23.000410214383788	24.39481970872497	3.422255704558034E-4
214.0	27.308419588032308	25.985979454128422	24.176582893783312	22.528972400475084	4.566358087408313E-5
215.0	25.069315357135096	25.36563436220606	22.87714497828283	26.687539250485877	3.660518901432521E-4
216.0	25.69049612923944	24.613832681550214	26.601711390850618	23.093797730447257	1.6206791247499235E-4
217.0	28.119286363098745	23.281064536894753	25.954304462077225	22.644503151134302	8.4148679496847E-4
218.0	24.237847138785437	24.270849634332823	25.76102831419986	25.73001449126795	2.604214139320248E-4
219.0	26.23494818608903	23.32633051715475	25.06418053551594	25.373704532764506	8.362284757776865E-4
220.0	28.35890846740991	22.24885247178227	24.846767909684036	24.54511063330483	3.605178189537196E-4
221.0	24.632363009673185	23.09395516254987	24.505973972340794	27.767489734374596	2.1812106155158237E-4
222.0	25.400946818900294	25.100628924650632	24.77023266485984	24.728019995371806	1.7159621743103792E-4
223.0	29.721566399051042	22.72135212757654	24.64425218012525	22.91195928145975	8.700117874168456E-4
224.0	29.162936654605083	23.24210112525183	25.245220492039827	22.349617013294846	1.2471480841186417E-4
225.0	30.718650260188358	19.816430403099204	24.208780531416604	25.254933357576228	0.0012054477196068332
226.0	24.65369149025463	22.77558048738303	26.084148732961815	26.486375810418632	2.034789818929141E-4
227.0	26.87733227838584	23.752204554936313	25.968802446943517	23.400221220227742	0.0014394995065858387
228.0	26.588853097680015	28.07062982360638	23.28146623675859	22.058921600709688	1.2924124532728276E-4
229.0	27.86538340757566	25.072311672363952	21.813093839819516	25.249211080240876	0.0
230.0	25.36552437232365	23.276066095221466	28.091678771922258	23.266730760532624	0.0
231.0	25.653323496691343	24.641001714650546	24.56736035633983	25.136793026945426	0.00152140537285642
232.0	24.278158589066205	25.50355486032319	25.239575430846383	24.978469429543946	2.4169022027378128E-4
233.0	22.49801462660425	25.268096824735668	22.78060556133083	29.452575625790512	7.07361538739879E-4
234.0	26.550294535492526	21.885027152144954	26.976635214141243	24.586577059424915	0.0014660387963655514
235.0	25.571135925584983	22.61067563067422	26.74536335737664	25.072544774253448	2.803121107165562E-4
236.0	28.051800670600652	23.912408160919117	24.113907066917502	23.92157108250243	3.130190602997072E-4
237.0	27.744796824690148	24.817489661035154	22.42002474843364	25.017458387124364	2.303787166926371E-4
238.0	27.286176114362696	22.98812787418138	24.517222347826877	25.208444415456256	2.924817279352516E-5
239.0	27.20206298187513	23.381750416797072	24.451559314893906	24.963407537690234	0.0012197487436587941
240.0	25.748329259353543	22.10508720974811	26.371448813536453	25.774828018757685	3.066986042146522E-4
241.0	29.24216544860515	20.949747171511024	23.453223582424176	26.35222329104736	0.0026405064122856006
242.0	26.279928997941926	24.534471991410843	21.479629977142753	27.70473849523628	0.0012305382682019682
243.0	27.68884427565428	22.62695883195562	25.67705466303388	24.004305074344252	0.0028371550119731027
244.0	26.464350311612563	22.44661293652648	26.990803071494714	24.09724463038584	9.890499804044472E-4
245.0	28.435123016172938	21.35334517011135	23.62335504510655	26.58628726199961	0.0018895066095560714
246.0	24.369919153117742	26.288202509280765	24.10923882834058	25.229599686339903	0.0030398229210092708
247.0	25.264462827896146	23.024760476966975	24.667585942843896	26.896162503663273	0.14702824862970976
248.0	25.703827077230905	23.857202585230738	23.32360055845762	27.105135122355478	0.010234656725258261
249.0	25.54742089343482	21.25252308480279	28.720136673137038	24.462420346006127	0.01749900261923574
250.0	26.0507822496156	21.97016731089919	25.690051614632818	26.287811491450107	0.0011873334022819923
