# Position (bp)	A	C	G	T	N
0.0	23.59525914233914	24.08798768334004	25.298835914063023	27.017824046383225	9.32138745745175E-5
1.0	22.416615459786115	30.657254521655396	23.53303913404463	23.31378480956931	0.07930607494455086
2.0	24.06415788444352	27.34412327542884	23.01805833030071	25.57270121131551	9.592985114162711E-4
3.0	25.552521938064103	22.12385385076148	24.77290388936975	27.54450465293839	0.006215668866271276
4.0	25.663654193128938	24.020559846066895	23.89312686966332	26.422535489805828	1.2360133501801952E-4
5.0	27.990248949974777	24.441957050680887	22.284458515437517	25.28244026910774	8.952147990736689E-4
6.0	25.302825923285845	23.964798383654596	24.248355317393617	26.478257399184123	0.0057629764818168845
7.0	25.50872871042486	25.88462253111068	23.456678844736377	25.14917007418819	7.998395398830759E-4
8.0	26.88929713480138	24.666502522337545	23.80554300253953	24.638595939699677	6.140062186549825E-5
9.0	25.787314888594764	25.636616642157655	22.478200661100132	26.097684067143863	1.8374100358111215E-4
10.0	24.554992229403787	25.18838991226983	23.58647515413442	26.670142704191964	0.0
11.0	27.009913335579082	22.857692957210794	23.026863515736853	27.10541189038339	1.1830108987836578E-4
12.0	28.353328096702086	24.304621599006126	20.290877772831205	27.051172531460576	0.0
13.0	24.842774622674916	23.117358607907825	25.331587838955414	26.70822139933534	5.753112649685204E-5
14.0	26.037779323351586	22.103791444253382	24.04000665639761	27.818422575997424	0.0
15.0	25.485856204748274	23.388393107706122	24.35757983947915	26.76811472189482	5.6126171633832856E-5
16.0	26.089426309618503	25.12291239112352	21.846240857021428	26.94128263262659	1.3780960996021712E-4
17.0	28.4158050420821	27.198289305135432	19.101842029437506	25.28276862344748	0.0012949998974791748
18.0	25.99991756126964	25.86295685242504	19.58647876346187	28.550486227914185	1.6059492926864E-4
19.0	24.67350667963215	24.765817807573402	21.926104728893357	28.634144404557247	4.2637934383949806E-4
20.0	22.00856902103425	26.098533175900023	24.281948263610982	27.610949539454744	0.0
21.0	23.220692099553066	25.321892909226605	23.684470420640967	27.7727873931095	1.571774698671143E-4
22.0	22.265898526203536	26.788431833671687	26.246974759666504	24.69869488045827	0.0
23.0	24.845022960086595	24.19289102201709	23.429032799423993	27.53276964922226	2.835692500598718E-4
24.0	27.612882729649264	21.789382459255435	25.096116655112354	25.501567162333437	5.099364950585879E-5
25.0	24.384112695496356	25.882880265070913	19.825129069719342	29.90767618004078	2.0178967260634566E-4
26.0	25.841613757402644	25.949215626477677	19.93215619461254	28.27701442150714	0.0
27.0	25.424111530773047	25.119252291814608	20.313117040220188	29.143444202516456	7.493467569646162E-5
28.0	27.482001389236526	23.92567436473531	22.9750544660696	25.61475197388591	0.0025178060726520346
29.0	26.986681916863997	24.00411774829471	22.44097252185512	26.567935290019456	2.9252296670942375E-4
30.0	22.972628056417573	25.087573332610763	25.415270215050928	26.52435904352671	1.6935239402592495E-4
31.0	25.674753489930012	24.91242389577589	22.69959627644548	26.71291352307875	3.128147698621738E-4
32.0	23.648735925400032	23.208772855510702	25.058066736351513	28.084233826513323	1.906562244252549E-4
33.0	23.410100514311402	25.172162762627416	25.56034457330088	25.857321356724928	7.07930353811792E-5
34.0	25.482925533705657	26.909000706994	22.87483307086025	24.733147170714737	9.351772534966277E-5
35.0	24.91875520462727	22.733488164611103	26.163425700990018	26.184145927747	1.850020246159069E-4
36.0	23.10164663519304	25.356388937155028	26.38158478470633	25.160148581653363	2.3106129224262546E-4
37.0	24.992204307657058	25.869410257606635	21.442542629155568	27.69579660888538	4.619669536559372E-5
38.0	26.604118403405124	25.689725883148405	21.51797887316138	26.188038285467265	1.3855481782812552E-4
39.0	23.247403032022017	27.88494727103935	21.763022242046905	27.104327314125708	3.0014076601926306E-4
40.0	25.84482247578208	26.385183830896075	23.243225399569152	24.526606702438368	1.61591314328348E-4
41.0	23.517957758913788	25.14266286001555	21.54884906046671	29.785152260274117	0.0053780603298343626
42.0	24.25707121236774	26.543123115430017	20.488612091020187	28.71112434324936	6.923793269380563E-5
43.0	26.08847557803955	25.87882273176851	22.42830841883677	25.600470213142064	0.0039230582131069835
44.0	28.632484943240943	25.36644535888179	23.070863561835505	22.92997539879472	2.3073724703698764E-4
45.0	25.698933909789528	24.289092473693803	21.979684071860156	28.028413691911236	0.0038758527452803417
46.0	24.80113385364679	24.856936099162365	22.54696765891933	27.794962388271514	0.0
47.0	24.841906021964313	24.515545984726657	23.667134444004652	26.973591339753046	0.0018222095513304895
48.0	22.378189361714885	24.456004645192948	22.994189358025295	30.171616635066872	0.0
49.0	22.1869534489855	25.891365978341447	24.778877781249314	27.141050369449747	0.0017524219739880628
50.0	26.914962835349925	24.97222853712061	20.834061532062496	27.278654869770396	9.222569656915798E-5
51.0	24.22860541430236	27.563932774775214	21.612372650246485	26.592783926988638	0.002305233687301966
52.0	22.719802926103732	26.218136099902807	21.369636887756606	29.69242408623686	0.0
53.0	22.138637648811063	25.27870013389003	24.469201960718085	28.11169098722702	0.0017692693537961974
54.0	22.99405487601726	28.738151225903223	22.54262158047378	25.725080408755417	9.190885031678683E-5
55.0	23.565887172640934	28.790084924015837	22.752291811461717	24.890085657542212	0.001650434339303627
56.0	26.41085973846304	25.887089047893436	25.18825444455599	22.513796769087534	0.0
57.0	22.707209011745963	28.021103861875634	22.97067497339214	26.295718082253817	0.005294070732451875
58.0	25.0987588432675	25.833901821599103	21.60295129623345	27.464158886760575	2.2915213937583083E-4
59.0	27.3072491137752	23.027226136431075	24.84852664769302	24.814294346010666	0.0027037560900387437
60.0	24.002337227415936	23.332923815217192	24.209361218085327	28.455331983067456	4.575621409424087E-5
61.0	25.131092225513857	24.168048772118453	22.858178823475587	27.836251958777037	0.006428220115067428
62.0	25.13882611074613	22.402494615312822	25.19779689893258	27.260676503366234	2.0587164223351517E-4
63.0	25.88905891529254	23.89387150121115	23.09581483438437	27.118830157346856	0.0024245917650799315
64.0	24.784088018751564	22.030396863414122	23.944664977393913	29.240758811944122	9.132849627174245E-5
65.0	23.68572932747605	26.928148713319477	23.660022656572117	25.7211680051943	0.0049312974380540005
66.0	24.002789702755116	24.411634110622444	23.608989600252944	27.975810400660215	7.761857092796425E-4
67.0	26.48843228973937	25.757733131930134	20.990919278390923	26.762070666591487	8.446333480877844E-4
68.0	22.82253511995948	23.030466554859863	27.431061792547478	26.715594127152503	3.4240548067908594E-4
69.0	22.458499333715892	25.11767823613437	25.46871569002062	26.952048087497555	0.0030586526315597258
70.0	24.76467543455186	23.155130393479038	25.084747385212964	26.994990941209373	4.5584554676508066E-4
71.0	24.368281558984066	23.367825318203508	26.484493155592652	25.778399738303744	0.001000228916026918
72.0	26.547961490334508	26.39855526246103	22.29962392727215	24.752290929589503	0.0015683903428069413
73.0	25.300598287412505	23.045770214359806	23.24311596739193	28.406969989263374	0.0035455415723840496
74.0	24.889427943289295	25.823160158698343	23.788979746371723	25.49752312229763	9.090293430126777E-4
75.0	25.11227015920297	24.52413859552883	22.722816668658844	27.63845668242077	0.00231789418858478
76.0	26.71345950948866	24.207979097742548	25.89128980953595	23.186158117178895	0.0011134660539422038
77.0	24.099844283019078	25.1924762317445	24.57097165532854	26.135980711362794	7.271185450903252E-4
78.0	27.12523562227001	26.288537987672207	20.659392444454948	25.926265907343414	5.680382594217098E-4
79.0	27.360171478635152	21.108603741484234	22.940425079432018	28.58800503857088	0.0027946618777219554
80.0	23.769593254588088	23.486527511041245	28.651165263455162	24.090033036832626	0.002680934082874034
81.0	25.04186601919646	25.255245833220684	22.14865202891442	27.553759013036572	4.7710563186847515E-4
82.0	22.44752839462082	22.27359614913645	24.49443557668672	30.78316764787535	0.0012722316806589435
83.0	25.018628488866067	22.732163221910735	24.549326875457194	27.699086295338788	7.951184272103157E-4
84.0	23.249206755931613	25.821775412886716	25.676665358222845	25.25123938706676	0.0011130858920679228
85.0	24.837706919560464	27.30578380987535	21.75782390187115	26.098117493398448	5.678752945853091E-4
86.0	25.312444848143727	25.528861583917024	22.932837446455142	26.223925451612075	0.0019306698720329295
87.0	21.930900430316484	22.488749220383546	26.22716058804317	29.352485664823753	7.040964330474701E-4
88.0	24.850192505809694	27.235574782919947	25.740066282321262	22.173394225370792	7.722035783005343E-4
89.0	26.472224095880424	26.455758614682985	23.134682412663114	23.936449147440094	8.857293333796637E-4
90.0	23.514611226505462	25.64619197875755	25.142337787156695	25.69670003438363	1.5897319666483318E-4
91.0	26.148648786747913	25.212556714530297	24.668183520373855	23.970088656230974	5.223221169579143E-4
92.0	24.884606563221705	24.952368841160588	22.90526224955321	27.257762346064496	0.0
93.0	26.373048441057712	26.240842123812058	21.17873898971393	26.206984408419874	3.860369964232537E-4
94.0	27.61283029801813	23.79985040280883	23.195398728287632	25.387469895495418	0.004450675389990432
95.0	23.573565765987105	26.72510786288102	24.438762198933645	25.260066426413797	0.0024977457844295526
96.0	25.77016406537548	24.640118578825152	24.4555657504645	25.13303902061665	0.0011125847182174848
97.0	25.347727408957404	25.22212322832715	23.09595687135698	26.33398814616222	2.043451962531265E-4
98.0	27.49067085392224	23.513761909475726	24.57522756395994	24.42029426428933	4.540835277567638E-5
99.0	21.725970419368817	22.53183160774733	27.21519317808016	28.52698209320957	2.2701594128641306E-5
100.0	22.40404819110818	25.205396982789146	24.593155976398414	27.79739884970425	0.0
101.0	22.97788939179767	22.76521186826388	28.667200422404033	25.589584816881448	1.1350065296925653E-4
102.0	25.262739189721195	24.14689510275492	24.84596638300597	25.74433121325681	6.81112611072439E-5
103.0	25.542718346755382	25.66901190219707	25.604082984605263	23.1839597422549	2.2702418738394808E-4
104.0	25.34900921655848	27.4637687410696	23.1991523980805	23.98772911427234	3.405300190833023E-4
105.0	27.259358953489084	23.798483351076232	21.250657554331525	27.688230816157457	0.003269324945698556
106.0	26.04045416661842	23.273507772146594	24.881448854264786	25.804407580280696	1.8162668949714154E-4
107.0	25.58585466899268	24.960019760817822	22.749618814187468	26.703802958492297	7.037975097373791E-4
108.0	23.301127583397335	24.849650628265252	25.04211780180603	26.806922370892277	1.816156391042989E-4
109.0	25.54005593122262	24.635322208382053	25.888269675756455	23.93562574616015	7.264384787197794E-4
110.0	24.4107645509852	24.669322618723328	23.291178607100697	27.62862072096613	1.1350222464360301E-4
111.0	24.35803981171332	24.286961249584277	24.834272988443775	26.519999500565838	7.264496927912354E-4
112.0	25.3484587906051	24.456585893843336	23.7331990650862	26.461642745973315	1.1350449205377751E-4
113.0	28.330781462636185	22.21957135382321	23.10217433003463	26.34674644998655	7.264035194250516E-4
114.0	26.06985880501617	22.412314414564527	27.70543509203167	23.811846867073132	5.448213144994658E-4
115.0	26.886727770871037	24.298819719591457	25.925848567762372	22.888081774171138	5.221676039953541E-4
116.0	26.481696025085938	25.01512589168976	25.070521277390352	23.432497884645468	1.5892118848529719E-4
117.0	25.811022256286936	26.740032438165883	24.020952221814575	23.427380100474767	6.129832578380125E-4
118.0	25.99965128443566	24.910528122457283	25.389240126990586	23.700081003719635	4.994623968383122E-4
119.0	26.71788081755566	21.725851953461824	25.063058473310658	26.492709282615934	4.99473055925998E-4
120.0	24.905589526828376	24.100177492143622	25.310111785087848	25.684075789917227	4.5406022927317216E-5
121.0	27.544613677327607	23.488374891336356	24.384746382627256	24.581674763040034	5.902856687493912E-4
122.0	26.772468729687322	24.090531281437467	24.877031324460898	24.25940107302018	5.675913941338748E-4
123.0	24.123954337057754	28.25992786668186	23.494955980331568	24.120548823485873	6.129924429383498E-4
124.0	25.13153679704295	24.861096007161503	23.054804898719787	26.952426077739013	1.3621933674350876E-4
125.0	26.262288702872826	24.112113335650527	24.824116290637598	24.80066437263168	8.172982073698958E-4
126.0	23.654624555336675	24.4978304039492	24.998291611962305	26.849071806103293	1.8162264852589384E-4
127.0	25.94491868751273	22.97077481663741	27.956566443357094	23.126922761707295	8.172907854777417E-4
128.0	25.57085649303784	23.41665491796226	25.281418362623363	25.72167126285064	0.00939896352589176
129.0	24.365616375783585	26.669925271547886	22.647493114248533	26.31362793058763	0.0033373078323663467
130.0	26.054441506642746	24.55516369730744	24.177608502279636	25.21276359051131	2.2703258871184887E-5
131.0	25.333695377758243	24.9046227866402	24.708623861875814	25.05239957353831	6.584001874397223E-4
132.0	26.720423772546457	25.816306352388068	22.135586055300482	25.321644715886272	0.006039103878716631
133.0	26.816062152639038	25.826605579570632	24.677408369355952	22.677880598641433	0.0020432997929456208
134.0	26.252955659712327	23.359014322250058	21.334442758108697	29.053405635136226	1.8162479269232646E-4
135.0	25.980889834125502	24.370160934403927	26.334097352510096	23.314420528989444	4.3134997103144403E-4
136.0	27.615800189617534	26.371911904130542	24.260305458587457	21.745807164055492	0.006175283608981042
137.0	28.142889413837374	21.77396010820346	24.522750311317658	25.560173134619774	2.270320217315051E-4
138.0	24.538412938263377	24.340949093239576	27.77867703764277	23.340871224650424	0.0010897062038563341
139.0	25.583930610983764	23.740438657687772	25.53655098576636	25.13785382329965	0.0012259222624531568
140.0	26.280131183507528	21.841336607926497	25.79711507071114	26.08116741153218	2.4972632265276554E-4
141.0	25.052562753491415	25.611711033694423	25.39980271230846	23.935537552202348	3.8594830335990696E-4
142.0	28.36422391970733	22.84442069196306	23.858794928855314	24.93221991306531	3.4054640898352343E-4
143.0	26.587170234879537	25.565404068266673	24.33331834942741	23.513834912773234	2.724346531430105E-4
144.0	27.40334875860364	25.793855031821856	23.063915923914514	23.738244597731004	6.356879289900259E-4
145.0	27.394109542111334	22.64297570082255	23.430336160075665	26.53171588549276	8.627114976966739E-4
146.0	27.111350249335654	22.016639025769035	25.350823721452404	25.516419374282727	0.004767629160182123
147.0	26.083562039725784	25.240286439006848	26.81001178928576	21.862666285571326	0.0034734464102839442
148.0	24.197697796779167	24.732588634642383	23.840044460346203	27.229078846283073	5.902619491720895E-4
149.0	27.60553167221523	25.422635231468615	24.166489584865772	22.803118637541704	0.002224873908676645
150.0	25.31728939435424	24.281816460498373	25.20958513426934	25.191309010878037	0.0
151.0	26.053780158764035	24.445978725510408	25.930974607017692	23.568698910483857	5.67598224007861E-4
152.0	27.25441942971131	23.90046386955437	23.723915993543834	25.121041777775353	1.5892941513294105E-4
153.0	24.99099774909671	23.119846410020404	25.45963699473306	26.428860421745803	6.58424404023745E-4
154.0	22.502876103130575	24.921345646180395	24.98689377910302	27.586000989465752	0.002883482120253919
155.0	27.043173873968385	24.013750208333047	24.246742624782982	24.696174346719783	1.5894619580445623E-4
156.0	25.450427692580874	23.85039808300717	26.4103092179553	24.28852440553218	3.4060092448173594E-4
157.0	24.98001222087217	22.917632184445704	26.660756808504022	25.441280889094564	3.1789708354403474E-4
158.0	24.888745479540024	21.527267178429135	26.152385199731327	27.431511313014518	9.082928499640997E-5
159.0	26.063159539273123	21.83622682280981	24.614707917389254	27.48538343684012	5.222836876952461E-4
160.0	25.9580555829947	21.73384336073084	26.243135010792095	26.06482979595498	1.3624952738445188E-4
161.0	24.327032776580786	20.971961326468698	29.355631896579915	25.341150214186836	0.004223786183768308
162.0	25.15749078422587	23.534519895240045	25.375880730067802	25.932017755509086	9.083495719743273E-5
163.0	24.750371810823744	24.26809076249095	26.917854618050534	24.06366009916318	2.2709471598285795E-5
164.0	24.899587175319	23.758062662689667	25.504221585430276	25.83640260694085	0.0017259696202094692
165.0	26.283289164668304	22.361661311088284	26.789080752008143	24.565446424495658	5.223477396082892E-4
166.0	24.543357450646266	23.456000268903836	25.699212434258804	26.30120273146341	2.271147276860348E-4
167.0	26.400651565672245	23.46438158382151	26.92982155304203	23.20466834267067	4.7695479354330396E-4
168.0	25.949629723845874	24.74251015548078	24.11622616996703	25.19149767363686	1.3627706945247282E-4
169.0	25.767002569811236	22.61715536387337	25.93169853302255	25.683893684224397	2.4984906844910507E-4
170.0	30.79981420006655	23.384943164072926	23.60738066385998	22.207566690932715	2.95281067827197E-4
171.0	25.855471769164744	23.286983946582033	26.90862740902908	23.948371775365256	5.45099858887274E-4
172.0	26.82549330032442	24.81523871106311	24.47833074921438	23.88071019717028	2.270422278109928E-4
173.0	28.74775365431294	19.942350982943662	23.538706159368637	27.76973628650794	0.0014529168668210996
174.0	23.81757539049411	26.043534837768213	24.470434503869754	25.66804663499913	4.0863286879343425E-4
175.0	25.641349301899297	24.419369419786015	23.079539141610496	26.858266452684916	0.0014756840192728872
176.0	24.22115695919625	24.72082253199308	28.400043954586916	22.656637029105838	0.0013395251179122662
177.0	21.771453651629585	26.615104774875192	24.810514248243194	26.777791981530175	0.025135343721851878
178.0	25.258342376867926	23.39180224400743	23.980275256435288	27.36921686774341	3.632549459431234E-4
179.0	28.1128811946111	24.47369759453917	23.22539820067243	24.186865054065198	0.00115795611210105
180.0	26.722068038657582	22.30159033669684	25.617045357283992	25.359136924110725	1.593432508572667E-4
181.0	27.822228787294396	22.653784536154856	26.41821515747511	23.10517883894875	5.92680126888256E-4
182.0	25.069015212753783	23.10016107728929	25.990889763955433	25.839842761575067	9.118442642944126E-5
183.0	23.875614906112972	24.66760075706005	26.422097909877756	25.03409369142462	5.92735524600576E-4
184.0	25.67997017909641	22.219901805327407	26.784141571775926	25.312201833711985	0.0037846100882657704
185.0	24.649418061908502	24.262880317145147	25.075530560440978	26.01173792667956	4.3313382581409206E-4
186.0	26.601405131509082	23.22609385341027	25.676467751896737	24.49601046519077	2.2797993138260024E-5
187.0	23.660291550889394	23.07272236430934	27.869338828214467	25.397144787407573	5.024691792257315E-4
188.0	26.94348378148917	28.428481793162398	22.536227862019945	22.09125837444179	5.48188886703747E-4
189.0	24.53630299218973	24.22113727834521	25.141232935947826	26.1003445418904	9.822516268257033E-4
190.0	28.50589989774668	22.328300776449023	24.715376651336285	24.450171381680846	2.512927871659748E-4
191.0	26.406651840055645	24.20412216395303	24.866400336802027	24.522482450600844	3.4320858845171743E-4
192.0	26.70380044146797	23.606293504343054	24.473302538280617	25.216580632435125	2.2883473235260872E-5
193.0	27.34430320532098	25.022577356913565	21.803295721951326	25.829709284202806	1.1443161132067354E-4
194.0	27.31966089196098	23.979367517412122	24.295510395774812	24.405461194852087	0.0
195.0	25.939097333018967	21.676116659532436	25.085210169825185	27.299026463795116	5.493738282886318E-4
196.0	28.022155910518205	22.60141503210611	26.390979772635752	22.98535750383472	9.178090521212288E-5
197.0	24.579946726126067	24.77136456986751	24.37388740242934	26.274227575873503	5.737257035770421E-4
198.0	27.07299298758228	23.368084019395667	24.70598888005624	24.85286516775175	6.894521406454789E-5
199.0	25.416579081933953	23.265897118233976	25.325705844689416	25.991449581239458	3.6837390319548245E-4
200.0	27.401755271432492	23.44203312340319	24.38393269955183	24.77225588022377	2.302538871461228E-5
201.0	24.740892583571913	21.71576787420352	28.993986916425442	24.549053272655218	2.993531439103396E-4
202.0	25.37295559261244	25.166842342708527	28.306994977054643	21.153207087624384	0.0
203.0	25.517220885240093	24.93593120722076	23.224842359095305	26.321360541271588	6.450071722493957E-4
204.0	25.99546048730185	23.822903712291104	24.22299089010297	25.958575794702703	6.911560137254369E-5
205.0	27.509849731119623	24.680269663749762	25.207823566547315	22.60125062784836	8.064107349397035E-4
206.0	25.006250370125606	21.588974277969918	25.976077385227654	27.428605795320138	9.217135669093769E-5
207.0	25.662418440064467	23.6399878589173	26.8990895801255	23.79829669920652	2.074216862138559E-4
208.0	27.91217682660467	22.605765052610224	22.083454836118197	27.3985571808434	4.610382350534286E-5
209.0	27.207608012234573	20.742955678722094	25.610454814688772	26.438405087870866	5.764064836968038E-4
210.0	24.645316555061086	24.692706072914827	25.058631556760652	25.602999906373995	3.4590888944336805E-4
211.0	24.436071060732406	25.607375959161878	25.82510700284764	24.13075396207526	6.920151828131109E-4
212.0	28.141131781997597	22.976192261937044	24.666030501320602	24.216391604002073	2.538507426865024E-4
213.0	29.225820901381006	23.493746118021384	22.705851657042054	24.574281155692454	3.0016786310498256E-4
214.0	27.450448041986853	25.704122919772054	24.447049803931808	22.39835612804659	2.3106262698335492E-5
215.0	25.349359447860405	25.54321776086702	23.019169558409658	26.08797536619354	2.778666693835852E-4
216.0	25.88210862761927	24.776231711825357	25.847107336434515	23.494528911885947	2.3412234906190686E-5
217.0	28.791781005066124	22.914702628824543	25.532590370937115	22.76038269830985	5.432968623661334E-4
218.0	24.34174525045834	24.904892331323524	25.465655014352883	25.28749280806003	2.1459580522426337E-4
219.0	26.266409510819006	23.425780908705583	24.891213015494095	25.415922626032	6.739389493147364E-4
220.0	28.052156864452826	22.04171136294247	24.897386060181145	25.00845539831821	2.903141053462794E-4
221.0	25.393172434431428	22.838109513915633	24.593328135178684	27.175194802755883	1.951137183723711E-4
222.0	25.213458624963387	25.162776866395276	24.690982055397235	24.93256016482933	2.222884147723989E-4
223.0	29.58469814285964	22.839078650506323	24.71160981313665	22.86396378164047	6.49611856915493E-4
224.0	29.42258538016928	23.008368287870507	25.043112057767775	22.525859089670824	7.518452161216666E-5
225.0	30.52798703618124	20.044527811467653	24.075566107605344	25.35101093166348	9.081130822770633E-4
226.0	24.74045891131049	22.98345939104429	25.916699839748496	26.359254269120452	1.2758877627052902E-4
227.0	27.131279126109636	23.847456201503785	25.931171174704282	23.088855049437306	0.0012384482449898319
228.0	27.157470797266754	28.291979294200743	23.080033081500197	21.47043892711034	7.789992197024483E-5
229.0	27.85692337152807	25.30563605752342	21.694010557538743	25.143377621276652	5.239213311164475E-5
230.0	25.44040511456611	23.08964866956165	27.943592204684126	23.526354011188115	0.0
231.0	25.04480278323288	25.150681976307855	24.312046857311824	25.49093895739852	0.0015294257489289324
232.0	25.039156036096085	25.12977640952967	25.01596843682417	24.814883418952196	2.156985978782268E-4
233.0	22.62224015012863	25.73900303979904	22.335863679013816	29.302183535304298	7.095957542156812E-4
234.0	27.03485955190078	21.485000726102097	26.554828468079776	24.92434127020199	9.699837153591102E-4
235.0	25.581651381300034	22.003373031754524	27.55241750325437	24.862277231754806	2.8085193626346155E-4
236.0	28.601000826997954	23.78350993422746	23.580804306768396	24.03457102044257	1.1391156361846917E-4
237.0	27.72526069786481	25.120194346904505	22.28881553463947	24.865470613456303	2.588071349101206E-4
238.0	27.351184386856765	22.721650289793992	24.611562963960388	25.31551492280224	8.743658661555707E-5
239.0	27.491337583574015	23.422197968935087	24.24048021508525	24.84486029958725	0.0011239328183946394
240.0	25.230378312844724	21.68535078366857	26.955531862704618	26.128586117905982	1.529228761000507E-4
241.0	29.300215572676162	21.53396494494323	23.432014992099752	25.731354800779	0.0024496895018556396
242.0	26.415878021196725	24.33777111414822	21.567289355834134	27.67826334680385	7.981620170659318E-4
243.0	27.704388564860594	23.20312995131064	25.282072802071866	23.80727060837398	0.003138073382923097
244.0	26.308865139026704	23.25897963958449	26.137908053693966	24.293199107669363	0.0010480600254801887
245.0	29.466932335151235	21.09497751279567	23.38916345623126	26.046980821399924	0.0019458744219131405
246.0	24.20308583899322	27.10744128933136	23.699071451487804	24.98811199260948	0.0022894275781352243
247.0	25.572848738150576	23.438432643660473	24.57662243544322	26.272211267483286	0.13988491526244012
248.0	25.858996552150355	23.36671244337694	23.853485955494104	26.910680756203924	0.010124292774671131
249.0	25.37587191357304	21.53044004493933	28.559510212366035	24.517834556899647	0.01634327222194724
250.0	26.491391050234803	22.046227283259128	25.282087216193737	26.178859963183577	0.0014344871287523921
