# Position (bp)	A	C	G	T	N
0.0	24.211073843559987	20.578623571825734	26.980431546284507	28.229871038329772	0.0
1.0	22.625591159587096	33.01565788577309	22.779409181035565	21.500460736964012	0.07888103664024151
2.0	24.53835023780872	22.757649991404506	22.93314136725689	29.769425820869866	0.001432582660019483
3.0	23.686687399571266	18.668203144291713	23.365673324338736	34.27263650255702	0.00679962924126874
4.0	25.10670393857285	25.872398532954893	22.233740607551137	26.787156920921124	0.0
5.0	25.175528726774555	26.845192225361757	24.515155407141023	23.463053343608188	0.0010702971144789795
6.0	30.2961227622202	24.981648186068075	19.74936163785988	24.969706335854	0.0031610779978434424
7.0	26.35983116919539	21.038996550466948	19.631839470510698	32.96828112292117	0.0010516869057968982
8.0	26.431778227585678	25.09367755310729	31.41682483873453	17.0577193805725	0.0
9.0	28.561684086806867	21.075221424673636	23.93275406120136	26.429640823294015	6.996040241223467E-4
10.0	27.21340924261964	22.998207114922884	25.109827316858365	24.678556325599114	0.0
11.0	23.284170335930042	20.748700789960758	22.738827135784984	33.22761749340559	6.84244918626173E-4
12.0	31.42450200008081	21.968227672498553	20.573221813675975	26.03404851374466	0.0
13.0	31.20880074496597	20.67781222985805	29.1721599006712	18.940893358388042	3.3376611673136165E-4
14.0	32.73144443374518	20.374680820685143	21.160965988517848	25.73290875705183	0.0
15.0	28.331491276545357	19.001144706718247	24.690797610589197	27.976566406147207	0.0
16.0	28.88448529601611	22.748573494100334	19.352714879553844	29.014226330329713	0.0
17.0	19.966398924765592	26.68981407405037	19.001888060417933	34.340618899804795	0.001280040961310762
18.0	25.74842102582387	23.138656853257274	22.466956145265623	28.64564763408547	3.1834156776855296E-4
19.0	29.994409894486758	22.442050298244833	24.607898564994503	22.9546883833796	9.528588943025389E-4
20.0	20.682951541152818	22.468060854560136	26.721547643548053	30.127439960738993	0.0
21.0	27.349623178801735	21.513974111711622	26.148046500142225	24.988043624360373	3.1258498404253656E-4
22.0	23.570197055730162	27.16710412277969	24.752408064819583	24.510290756670564	0.0
23.0	30.63973685019521	27.770912109194875	18.891143287528052	22.697900335085617	3.0741799624950047E-4
24.0	29.65937693292261	22.756584950609042	21.797242925120493	25.786795191347856	0.0
25.0	29.646566793745116	25.853901547016044	20.390721483417156	24.10821356338709	5.966124345963619E-4
26.0	22.551411227421696	20.8559772515904	21.16885702315548	35.42375449783242	0.0
27.0	25.53128374289545	21.75148617060408	21.915528554647175	30.801701531853293	0.0
28.0	28.177751830327264	24.318363423530208	21.069919533417664	26.43249092576375	0.0014742869611112585
29.0	27.373032804443966	19.827042317996813	24.86611479061087	27.9332231928798	5.868940685550962E-4
30.0	23.61706977777258	23.959003074477163	22.6771915878564	29.74644330921291	2.922506809440866E-4
31.0	26.388783674325637	23.367927881729766	21.616542448734606	28.625871904992223	8.740902177650096E-4
32.0	21.730128123221316	23.004100407717594	21.819860841687092	33.44532983307972	5.80794294276853E-4
33.0	29.099020693523624	24.269857195314827	22.75131051272636	23.87981159843519	0.0
34.0	31.07338447843234	24.80863800966245	19.105085605141785	25.012891906763425	0.0
35.0	31.24835132066383	20.856510419653404	23.910438003922422	23.984126802078194	5.73453682146093E-4
36.0	24.1175829970653	25.261658565663975	27.088396460014675	23.532075385179752	2.865920763022744E-4
37.0	25.097134670487105	23.96676217765043	22.688252148997133	28.247851002865332	0.0
38.0	26.234561711612344	24.665736525608008	17.572503731546394	31.527198031233254	0.0
39.0	30.968531047876574	23.925684462598753	20.39838902797431	24.70739546155036	0.0
40.0	26.239481236645684	27.482542719497733	21.915403078438896	24.362572965417687	0.0
41.0	26.00844848571633	26.43946445192239	20.712823082981313	26.832963413761007	0.006300565618958975
42.0	29.494639420874186	22.863499954183084	21.42542151562357	26.216152753596628	2.863557225327591E-4
43.0	26.504230312227108	23.884729360227908	25.616365796744596	23.99009348202654	0.004581048773853664
44.0	27.994583669706913	22.71337535855992	24.37148239120104	24.92055858053213	0.0
45.0	27.769668034828005	25.91062872451871	19.3629176756141	26.952492171712834	0.004293393326349414
46.0	29.454493417286777	24.645964510589582	22.07097882083572	23.82856325128792	0.0
47.0	25.179718174429656	21.177840863563	24.995993543882143	28.64415801462929	0.0022894034959191384
48.0	25.085407236582334	23.22046798015462	23.802438898775975	27.89168588448707	0.0
49.0	19.79984436153899	18.816232175963012	26.287164404568447	35.09504245725664	0.0017166006729074639
50.0	28.42859880938418	22.226640386535344	22.114501654904494	27.23025914917598	0.0
51.0	25.826592835814065	27.86790531650783	17.29094923747526	29.011978445662244	0.002574164540597435
52.0	19.88971912392735	23.872179376504285	21.11144142650514	35.12666007306323	0.0
53.0	23.728469764106606	27.383003219714823	23.229085423862458	25.65772745842511	0.001714133890998226
54.0	25.410636851336605	30.557666268646482	22.238949226717246	21.792747653299664	0.0
55.0	28.926070461014064	28.664004133682376	17.23157471031394	25.17749426908331	8.564259063127153E-4
56.0	29.93774210215319	20.28477065058219	22.661760633940116	27.115726613324505	0.0
57.0	23.429610410369268	26.450935226335336	25.46276078014974	24.64955771914952	0.007135863996140924
58.0	30.455246032652127	23.10081059481676	24.8056284964037	21.637744034707158	5.708414202534537E-4
59.0	25.209412503389128	24.0441228933887	24.81927023131698	25.924054968106514	0.003139403798678596
60.0	22.836822375515652	23.332648648031814	27.227366871501683	26.603162104950844	0.0
61.0	26.167960359095925	23.740040565173857	23.234259599996577	26.849181422177338	0.008558053556299156
62.0	28.97922740316866	16.931577656193838	28.55419074732284	25.534718933814094	2.852595005676664E-4
63.0	29.975154535366993	23.068343569132292	23.835386673588786	23.118262700140058	0.002852521771872424
64.0	23.050779802126993	21.372850910957148	25.123884469534968	30.452484817380892	0.0
65.0	22.03934426229508	26.45531004989309	22.75894511760513	28.739843193157522	0.006557377049180329
66.0	28.227979097354673	24.042603536800573	23.267164430152036	24.461682759879007	5.701758137121582E-4
67.0	24.555216953781333	25.58004954545325	22.376129240084495	27.488034117375403	5.701433055198423E-4
68.0	24.282065462174813	22.090775888117946	28.245314967588186	25.381843682119055	0.0
69.0	26.468366517965308	20.54587175576871	28.638456166355486	24.344455054658436	0.0028505052520559266
70.0	29.81808339387723	22.415487841360743	24.71843526076613	23.047993503995897	0.0
71.0	22.904822772161666	22.184296454873873	25.38467451056307	29.52592158191254	2.8468048885333546E-4
72.0	23.825275053729772	30.897109267140156	20.081982379481634	25.194209994449107	0.001423305199333893
73.0	23.467929705512322	23.52827320805415	24.12658472853963	28.872658131286965	0.004554226606930395
74.0	21.70954328503488	23.871731600622727	25.254086299689487	29.163784982226055	8.538324268479067E-4
75.0	21.230188657766444	24.04682150510705	22.26782060294214	32.452607882701486	0.0025613514828802114
76.0	26.793743667968172	23.846858743041878	24.769200997188292	24.58962742040138	5.691714002754789E-4
77.0	21.13896097982971	23.310795428675497	24.737057778991943	30.81204753448982	0.0011382780130219003
78.0	24.692074602022963	26.89115559159518	18.298265830168013	30.11736588280483	0.001138093409016545
79.0	25.83142471015008	20.947720321502242	24.781847926595063	28.43644640443844	0.0025606373141759727
80.0	22.8112401810583	26.67651050246238	30.965691671716613	19.545419629063783	0.0011380156989265668
81.0	19.4939798798252	25.30527357975237	27.135492534595773	28.06468499635834	5.690094683175528E-4
82.0	25.63570050810522	21.01097575547223	26.988466637458675	26.363434631950884	0.0014224670129899689
83.0	20.82999072604275	23.705486427592014	22.686773516309078	32.77746485283994	2.84477216219753E-4
84.0	20.51368119223647	26.351407090495844	29.115807260035105	24.018251071709987	8.533855225990709E-4
85.0	27.44756139881782	21.986664922031892	22.550731893251108	28.014757334577332	2.844513218452926E-4
86.0	23.350067553153668	24.512835099196472	26.39891914954135	25.736756026452394	0.0014221716561188934
87.0	23.306532120215813	21.33668561807276	27.016419179695166	28.33922542882415	0.0011376531921126504
88.0	28.173071727389846	25.666409762728833	22.56877394254642	23.591175776328623	5.687910062766087E-4
89.0	23.750181298008425	25.51794352602586	20.990754512542978	29.739414329225806	0.0017063341969280298
90.0	20.689282535313	25.580919176091527	30.611333718195542	23.117895808509246	5.68761890678277E-4
91.0	28.601205710060857	27.327816641073767	24.177899107092077	19.89279417619291	2.843655803901496E-4
92.0	30.596565059144677	21.70581210191083	21.61339854413103	26.084224294813467	0.0
93.0	30.059396031355647	24.17921735990469	19.39284688675517	26.36797106682551	5.686551589817661E-4
94.0	31.548301068176198	23.08306868227942	21.124698269366913	24.240520185033024	0.003411795144446877
95.0	28.79073020132702	28.076619116116962	20.019558456473906	23.109396587504193	0.003695638577918275
96.0	23.061135731158558	24.77920128712787	25.428166155472994	26.729791268110898	0.0017055581296849549
97.0	25.50616378587488	21.88406909352412	24.554806104379313	28.05467677430908	2.8424191260698154E-4
98.0	25.745827459184138	24.58416708354177	24.04099777161308	25.629007685661016	0.0
99.0	20.39108997963132	23.745964561903197	27.27558992573092	28.587355532734566	0.0
100.0	22.04676836497932	22.5425901868125	25.0997033011295	30.31093814707868	0.0
101.0	17.496185198000987	18.02543579503877	38.01017658704272	26.468202419917517	0.0
102.0	22.820238645613816	23.814926270587936	27.44311107203331	25.92172401176494	0.0
103.0	27.516066637549137	22.857450779083024	23.141630317021843	26.484852266346	0.0
104.0	20.56588951626854	35.46948070547597	20.89060811711423	23.073454467078637	5.671940626125525E-4
105.0	27.895890581886345	21.414290940336727	22.085251071239178	28.600597228248386	0.003970178289363609
106.0	23.389545979146405	25.42868404560909	24.153194819778307	27.028291587385755	2.8356808044259306E-4
107.0	23.232858844212558	26.462031418363296	24.01434809731753	26.289910962400043	8.50677706572903E-4
108.0	19.648867125808437	26.649975757541387	29.47712844533538	24.223745133787183	2.8353752760946674E-4
109.0	21.692092661947193	27.45497174836912	25.06244276670362	25.7893587886245	0.0011340343555708019
110.0	27.578523010452727	24.884401994721188	20.0796074062104	27.45718408645682	2.835021588689398E-4
111.0	28.779799113787323	20.537114053813465	26.928278008828105	23.753674834224935	0.0011339893461700928
112.0	29.380347332074635	24.437413889881103	24.26051606538416	21.92115573245338	5.669802067209835E-4
113.0	24.571817331405732	25.95061938373445	23.40845309975338	26.068259772656404	8.504124500382685E-4
114.0	23.227223765519586	26.622540960371904	27.643290435965756	22.506377912580078	5.669255626736209E-4
115.0	26.094289934035032	23.1160864376366	23.556608828023347	27.231880894538257	0.0011339057667612534
116.0	28.200643487874366	25.26781284991425	25.931143962694712	20.600116224682154	2.834748345215653E-4
117.0	26.20078918722787	24.26410558780842	27.00103183962264	22.53350644049347	5.669448476052249E-4
118.0	28.7174937212638	23.43400098645607	23.614851266235423	24.23308709726797	5.669287767377784E-4
119.0	28.165987759834227	23.92274918998903	24.218406737477075	23.69228937588761	5.669368120576121E-4
120.0	26.227156896370897	21.852562594426665	28.742272249260886	23.17772480278468	2.8345715686802517E-4
121.0	29.69078184657859	20.12766693216702	24.044127859679758	26.13713990923856	2.834523360724277E-4
122.0	25.816619236045764	19.2689259515414	27.778376172065443	27.135511740495925	5.668998514722389E-4
123.0	25.896321743295836	28.52781864099795	21.792048253557937	23.78267758494117	0.0011337772071099168
124.0	25.420769488047256	20.855654382295086	23.319331303889392	30.403961383876695	2.834418915778076E-4
125.0	22.07382506582919	23.7492453381027	26.534904352804787	27.64117491999875	8.503232645610773E-4
126.0	26.952861475665408	22.64094787267213	27.042433175543522	23.363190566626038	5.669094928994587E-4
127.0	25.17000439361084	23.39073373301019	26.40985302663095	25.029125387984188	2.8345876383633093E-4
128.0	22.341589518858456	27.228404755290743	21.352604695197655	29.070031123684046	0.007369906969097413
129.0	24.25621052870279	29.627141512749866	21.865539644205587	24.246856469040896	0.004251845300860573
130.0	30.154118277344864	23.468384068302996	24.851678520101707	21.525819134250426	0.0
131.0	25.198633728758306	24.997094547670677	21.218872684496223	28.584548662783284	8.503762915089927E-4
132.0	24.659572779428103	28.0885054082859	21.75106011474183	25.496042994172203	0.004818703371958548
133.0	22.628053775357778	24.312289364259172	28.342039846825827	24.714782554471217	0.002834459086000323
134.0	26.368867095603864	22.267225985658005	24.783027691958846	26.580595788101245	2.8343867804200563E-4
135.0	28.717596975245307	21.83338907437745	25.272517019913725	24.176213501425647	2.8342903787178803E-4
136.0	27.825313104918138	25.49874304565564	26.613705478733806	20.0579871158637	0.0042512548287169435
137.0	31.503770692044565	24.1485831210164	19.835455557980236	24.51190722482167	2.834041371335939E-4
138.0	26.30108258232727	21.85200929547129	29.362636739783483	22.48342118687298	8.501955449753444E-4
139.0	27.58013824218739	26.093992217854723	26.76281460866805	19.561071136062846	0.001983795226988684
140.0	23.630134074697544	25.52832118981021	25.48921252724145	25.352048812145224	2.8339610557071726E-4
141.0	25.016294768104196	22.04044503137097	26.358983659889933	26.583426378820768	8.501618141319564E-4
142.0	27.938821835741674	25.604257646562058	21.91735790132938	24.538995837005594	5.667793612963378E-4
143.0	26.54241044228377	27.323711363578397	21.80529538955942	24.328582804578417	0.0
144.0	26.612766102156023	24.071334648257725	24.737015121630506	24.578033961323086	8.501666326600013E-4
145.0	24.759683507713934	21.03959554280921	23.621864266524593	30.578006506682385	8.501762698799551E-4
146.0	25.7018324444117	20.4989485974687	23.030249786035334	30.765285012271086	0.003684159813184758
147.0	25.417662112413808	23.995839674429018	25.289281493636235	25.29126530010741	0.005951419413530127
148.0	25.19830979688656	28.158715853731113	21.831506814375228	24.811184134082644	2.8340092445381553E-4
149.0	24.266000051016505	29.570582750186354	20.91138149858146	25.248351174938428	0.003684525277260527
150.0	23.36087295401403	26.845036491178348	24.23921207397435	25.554878480833278	0.0
151.0	23.209325790470146	27.25974129037378	22.07931343317424	27.451052637545775	5.668484360651649E-4
152.0	25.777926417613067	26.802785485320086	23.22768253176468	24.191038718472686	5.66846829483971E-4
153.0	27.127757574383292	16.41605324247947	23.76240430157511	32.69293454383633	8.503377258000969E-4
154.0	27.283988412107195	24.083144831652408	25.06930625712196	23.559592042677917	0.003968456440521342
155.0	24.16524926811123	22.964128221801342	25.090651984405305	27.779970525682124	0.0
156.0	25.853956354446193	25.543297695616985	27.10454203404751	21.497919950022006	2.839658673027502E-4
157.0	26.29518046630756	21.353830951441203	28.467704609408496	23.883000019876707	2.839529660307067E-4
158.0	28.783985234613475	21.18634201746291	22.79463334989707	27.234755448285654	2.8394974089586145E-4
159.0	29.54963600640538	20.56393453793824	23.3901375339292	26.495156216283743	0.0011357054434361904
160.0	24.70834741082912	24.134553414514347	24.140799563905208	27.01601569486992	2.83915881402658E-4
161.0	30.13894645990313	19.97376654496312	24.3201730726644	25.56313915655467	0.003974765914678811
162.0	29.713469651972947	17.37040549211559	27.486130591061116	25.429710346550678	2.8391829967008695E-4
163.0	23.909247581705284	22.568290030691827	28.143073328203833	25.379389059399056	0.0
164.0	27.785443745989564	26.69687625991607	24.78634662669006	20.72906196941563	0.002271397988677081
165.0	27.754133222792277	17.3548509825188	27.989222247144436	26.901225699659577	5.678478849085906E-4
166.0	23.519541176303573	23.24754049488224	21.292145199528683	31.940205278176066	5.67851109439105E-4
167.0	20.103293289911157	25.05302369953521	29.087083795900636	25.756315285873693	2.8392877930499914E-4
168.0	23.8684856830539	23.796652517709855	21.83586263681663	30.498431311310174	5.67851109439105E-4
169.0	20.043553809112797	24.114443737791305	24.82453550174897	31.017466951346933	0.0
170.0	28.134404633467717	25.841235591391744	20.162398500936916	25.861677360740448	2.8391346317642387E-4
171.0	24.268931134732444	21.769385391114746	27.12875897156355	26.832356682111385	5.678204778777142E-4
172.0	26.519319780369376	25.997753777737444	22.424218360030856	25.058708081862324	0.0
173.0	23.91059140942945	27.349143550270366	23.703705802999558	25.035142212599048	0.001417024701574598
174.0	27.500240884641762	30.8683749638673	15.821586664626233	25.80923069947232	5.667873923812438E-4
175.0	26.256443390264707	24.024529515615743	25.606365885383457	24.111244300486568	0.0014169082495232104
176.0	20.262354731481718	25.602681923934696	27.68695395898334	26.446875859000624	0.0011335265996185683
177.0	25.22764050229695	25.037196160506035	27.0345945547655	22.67109525334482	0.029473529086689015
178.0	24.60353896030289	20.11664286200095	24.904214559386972	30.375320229431637	2.833888775533338E-4
179.0	21.813590736216835	27.90811034467123	25.779492033622592	24.49738988488287	0.0014170006064762595
180.0	26.54184084991974	20.478278379344182	24.459866476837643	28.519730684802525	2.8360909591092405E-4
181.0	22.311236184553934	26.86948233211538	27.077423234913645	23.74072350952046	0.001134738896579897
182.0	25.49443512557802	26.78478329857648	18.551375918034275	29.169405657811225	0.0
183.0	24.137257012708144	20.670704415272432	23.157659163404173	32.03381283958731	5.665690279375188E-4
184.0	22.665254201281982	21.898217517780918	26.02854577435865	29.40401702889417	0.003965477684274332
185.0	29.79644782045944	25.800741477119853	21.081684268959638	23.32084321072621	2.832227348553723E-4
186.0	30.791781380646476	26.66972570612828	20.787589363606493	21.75090354961875	0.0
187.0	23.99674697224725	20.584468209304564	22.026511609455316	33.39170647941921	5.667295736493418E-4
188.0	26.47543050805192	28.956607735401548	23.990569486280698	20.576258795059182	0.0011334752066466986
189.0	23.44608112626884	24.163034668812806	24.727812696595464	27.66165460408862	0.0014169042342766136
190.0	28.742475940011563	22.168913021299748	21.685446115828015	27.40259813868075	5.667841799199701E-4
191.0	26.572298515586905	26.437351870541942	23.612260866606942	23.37752174455394	5.670027102729552E-4
192.0	22.033936747799217	21.944062486710234	24.981075372467856	31.040925393022693	0.0
193.0	24.583405400347623	24.453259461099407	22.052506372614346	28.910828765938625	0.0
194.0	26.908267077997937	23.735099638194832	24.18905737844367	25.167575905363567	0.0
195.0	27.30229485140036	24.44797949293794	25.714075069684878	22.535367025937237	2.8356003958498154E-4
196.0	30.615742579876283	27.63719425685262	21.7450768968844	20.001702514045743	2.837523409568129E-4
197.0	25.56779966455619	24.625605544188055	19.253112504221427	30.553198493624585	2.837934097494388E-4
198.0	27.779986256949613	22.04822561318424	21.19382812100699	28.97767606153706	2.8394732209280533E-4
199.0	32.065560170690546	18.29496962912876	26.325493917302587	23.313692177440892	2.8410543720985734E-4
200.0	28.86116375476989	24.086581218194787	21.436466286116943	25.61550460722779	2.841336905840936E-4
201.0	26.900892197533672	22.62061715065068	29.152696482354944	21.325794169460703	0.0
202.0	26.55152915235262	27.407956763760666	24.53236040428839	21.508153679598326	0.0
203.0	25.361766945925364	26.46610814927647	19.003705766673107	29.1675665844426	8.525536824635391E-4
204.0	26.488276254085548	20.150916583771494	26.309791104163704	27.05073184595708	2.842120221685377E-4
205.0	33.361093741117614	21.058211585469845	22.99926098573134	22.580865215166845	5.68472514353931E-4
206.0	26.359953950454102	25.12173282735684	21.235662814991684	27.2823661507412	2.8425645617476087E-4
207.0	26.447293609279054	23.239993177166248	26.016602228792358	24.295826700022744	2.8428473959517855E-4
208.0	31.85267749245787	22.195904927905463	19.642811445274404	26.308606134362268	0.0
209.0	20.89370125770064	24.913110007565546	25.418806919344473	28.773528558507827	8.532568815167494E-4
210.0	24.113239109654515	22.17414311074696	27.086178251172104	26.62615503664254	2.844917838772816E-4
211.0	30.705822767521795	21.39491475268034	25.815483371651	22.083210033916824	5.690742300425667E-4
212.0	26.10493424890652	19.378430909416878	24.631119433353916	29.885230833150732	2.845751719545477E-4
213.0	34.60117495702071	18.39172065169128	23.785194630719662	23.22190976056835	0.0
214.0	29.13770767193884	22.373190211124243	22.62602679270532	25.863075324231595	0.0
215.0	24.339106914331154	21.66703244397194	26.608731341794666	27.384844278625398	2.85021276838316E-4
216.0	22.68086995117621	25.06736537663044	26.990822272811876	25.26094239938147	0.0
217.0	29.229478330335233	18.533439847355446	22.784613704676463	29.45189340168622	5.747159466433716E-4
218.0	25.031743100204313	23.68900996156199	28.101012316322883	23.1779460482726	2.8857363822100125E-4
219.0	27.420498791378982	21.838840881786734	22.45429675626384	28.286074080507184	2.8949006325357886E-4
220.0	26.864631863107935	19.359660962830727	25.18918448208299	28.586232420429315	2.9027154903412143E-4
221.0	24.811681572779534	25.127974906423816	21.7636049860656	28.29673853473105	0.0
222.0	23.766427376862403	28.78946304773788	22.19156657206372	25.252250114958684	2.928883773105232E-4
223.0	29.05510140332058	23.041922802633362	24.837477677124284	23.064319351207352	0.0011787657144204304
224.0	28.127978939726184	24.196885228000482	24.903714765506717	22.770830812455547	5.902543110699245E-4
225.0	28.642901998886217	21.704266739339076	21.23327843406756	28.41836795146747	0.0011848762396767657
226.0	21.97800193349507	18.49923085809484	29.54568946123586	29.976773738516073	3.040086581665846E-4
227.0	23.14911779881722	21.761471363190886	23.587852216417886	31.500032057838446	0.0015265637355625233
228.0	29.02510444871905	24.776706404146093	21.241683921635893	24.956505225498965	0.0
229.0	32.24477376527973	19.103195819633193	20.64351071327664	28.008519701810435	0.0
230.0	22.826856012603496	30.2694594773071	24.359841135572488	22.543843374516914	0.0
231.0	21.53539697094255	25.39539001486072	24.1866127043349	28.88038701109811	0.002213298763714548
232.0	23.63340584627679	26.751568118828207	21.640356941264514	27.974034869635254	6.342239952306356E-4
233.0	24.49619431957499	19.011800163465466	26.904117286473234	29.586611156518185	0.0012770739681242337
234.0	25.490781877933365	19.50341965183479	25.333693127608107	29.67114160795916	9.637346645721501E-4
235.0	28.84208394842385	24.354644858714252	24.1831815747188	22.6200896181431	0.0
236.0	32.96488710768063	21.993633829762672	22.55405472267577	22.48709448650075	3.298533801725133E-4
237.0	25.377229080932786	29.728037215959922	21.438937595674044	23.45579610743325	0.0
238.0	29.29984423155347	21.59632573655745	25.55571897500351	23.548111056885567	0.0
239.0	27.327305900700257	26.204722055171054	22.57399234169495	23.89228087700164	0.0016988254320962487
240.0	25.92100331755528	23.661526075429272	28.812412376285728	21.605058230729725	0.0
241.0	29.614949037372597	20.166193053519443	26.558580967004563	23.65749779405123	0.002779148052164609
242.0	23.201864218141345	16.16235392320534	24.979827490261545	35.65491096271563	0.001043405676126878
243.0	25.508153792044354	22.2720577225099	21.548436972214773	30.66856567781117	0.002785835419807986
244.0	23.28921017926049	25.53642079114653	25.56014541800699	25.613525828443034	6.977831429548325E-4
245.0	32.27187725785201	18.43717681726097	23.125717200051003	26.163103687647865	0.0021250371881507924
246.0	22.647638772644093	25.54083384165804	25.123771154582723	26.68562836026272	0.0021278708524250633
247.0	28.982994852630345	23.648060589052335	25.707363687065506	21.525525482854533	0.13605538839728173
248.0	25.62366015720822	20.27708748840136	32.36278054486051	21.726517421955823	0.009954387574080197
249.0	28.00682085986978	16.079927946657744	33.11498987194868	22.78508951488592	0.013171806637878557
250.0	30.445931555685352	29.531702417881423	19.255795400718704	20.764789891125886	0.0017807345886325027
