# Position (bp)	A	C	G	T	N
0.0	23.2537004742317	24.4928602111775	25.34097121126105	26.91243521168732	3.289164243100814E-5
1.0	22.312824144043162	30.22891140101101	23.828914288489266	23.55033826151497	0.07901190494159091
2.0	24.05449352365934	27.11020084998904	22.943389683004472	25.890803563541425	0.0011123798057261387
3.0	25.96681217911041	21.953669639897562	24.929145224992926	27.143802340185296	0.006570615813805092
4.0	25.46944975256015	23.785421464386626	23.958057719633494	26.787038398092346	3.2665327388243746E-5
5.0	28.221865562486414	24.073977379012177	22.498085981684167	25.20558155806639	4.895187508525784E-4
6.0	25.003697465851378	24.026067948672004	24.4181622128763	26.545491860688607	0.006580511911703864
7.0	25.689412673527684	26.03274535444222	23.377866876654483	24.899259818957038	7.152764185719571E-4
8.0	27.400682112959334	24.07125012377704	23.393065563684708	25.135002199578913	0.0
9.0	25.775449591766304	25.635520787593713	22.486377357328845	26.102490233662955	1.620296481850249E-4
10.0	24.2336188074201	24.75807989669441	23.388043893219372	27.620257402666116	0.0
11.0	26.84388934317767	22.68919077021448	23.04437021497835	27.422393260036777	1.5641159272673582E-4
12.0	27.678912708558894	24.801727868152188	20.510032554483672	27.0092960931542	3.077565104351E-5
13.0	24.94464720564034	22.727134711029873	25.27816069617601	27.049966296433492	9.109072028468886E-5
14.0	25.810349145077673	22.37588718496264	23.669695461132008	28.143978131667584	9.007716009533767E-5
15.0	24.776099865634745	24.018151895817617	24.564290234871176	26.641458003676462	0.0
16.0	26.329616638746835	24.76650364898074	21.42529106282021	27.478559546080533	2.9103371683816316E-5
17.0	27.60344700856795	26.858103199434314	19.691925318612967	25.84521395372954	0.0013105196552307683
18.0	25.640269255123556	25.672283071077167	19.901997599952757	28.785252283280172	1.977905663506821E-4
19.0	24.92218483346922	24.791834768504973	21.568186040289355	28.717288471326498	5.058864099517974E-4
20.0	22.472993784168686	26.235978720416853	24.12654643598184	27.16445320074082	2.7858691800406962E-5
21.0	23.82708956313809	24.32636662739779	23.93261029636086	27.913602207818418	3.3130528484386E-4
22.0	21.442536858592764	27.003411153806667	26.42906919082582	25.124900876654515	8.192012023689114E-5
23.0	24.317912186048936	24.671192009091243	23.532450572874456	27.477929177811628	5.160541737375141E-4
24.0	27.451681829787805	21.859513794632658	24.31330547081827	26.375445150712913	5.375404835176649E-5
25.0	24.372950939543244	25.750398179144717	19.98851329612563	29.887951458040295	1.8612714611246866E-4
26.0	25.958922098792637	25.295736896814315	20.057554086097024	28.68773407274824	5.284554778902155E-5
27.0	25.31716310255325	24.647753911627763	20.721278786031203	29.313698805913756	1.0539387403376871E-4
28.0	27.634780041565104	24.05618760580995	22.506048235409583	25.799860095912663	0.0031240213027012628
29.0	27.386713237977357	23.798532962566448	22.386297912546095	26.42809585248052	3.600344295781657E-4
30.0	23.829251501757813	24.912874827063742	25.461218645016654	25.796399863845387	2.551623164043343E-4
31.0	25.7581308589528	24.804612772504417	22.989650388541747	26.447149289948456	4.5669005258024804E-4
32.0	23.88189780955861	22.968120711761518	24.76901124296906	28.38061840602051	3.5182969030442816E-4
33.0	23.679998168927394	24.910573498906082	25.51303619204568	25.896342382713083	4.9757407758473564E-5
34.0	25.617218099906918	26.433564641785612	23.077465090622226	24.87160434576729	1.4782191794996622E-4
35.0	24.88432265101796	22.372314948538417	25.884840618392108	26.85835115750474	1.7062454677854762E-4
36.0	23.617320966224234	25.223262555596467	26.05436034108908	25.104812613360295	2.4352372992633895E-4
37.0	25.230724288400797	25.499771777035292	21.52280099566072	27.74667859512029	2.4343782902144075E-5
38.0	26.472365561120377	25.386345754108895	21.314939659752408	26.826227339399928	1.2168561839049351E-4
39.0	23.314585622050522	27.465117212734818	21.76323380379018	27.456820042653778	2.4331877070490662E-4
40.0	25.72529736389088	26.121750114099374	23.505979391074266	24.646875818036555	9.731289892206502E-5
41.0	23.77987982998821	24.56720479084332	21.851204898846003	29.796723869979363	0.004986610343105549
42.0	24.642031664123778	25.937287104578488	20.948459515788404	28.47219739329052	2.4322218809004185E-5
43.0	25.842150406991433	25.597208951452615	22.79757577997876	25.759052218590305	0.00401264298688498
44.0	28.646053695074304	24.852792278086913	22.91390074688345	23.58698580639388	2.6747356145423917E-4
45.0	25.273530264102213	24.564700081881604	21.90510388850098	28.252751591439967	0.00391417407523383
46.0	24.76093193397059	24.630416254829615	22.49067866694606	28.117948835131156	2.4309122581667714E-5
47.0	25.178020886098718	24.796530196950798	23.313905949358844	26.70957414020579	0.001968827385854194
48.0	22.71132347716803	24.502943387717036	23.113017048953107	29.672716086161827	0.0
49.0	22.47614683379575	26.18394776491295	24.29311555917206	27.044943255110127	0.0018465870091146077
50.0	26.8511616923352	24.623888258297246	20.358648456389407	28.166253002868757	4.859010938605425E-5
51.0	24.44326605587489	27.236889057415187	21.64216139351277	26.67520580032759	0.002477692869564288
52.0	22.663420356738598	26.17471901805992	21.109287855908438	30.052548531040717	2.4238252325054352E-5
53.0	22.110716178189218	25.258812797762353	24.216375386833974	28.412377719330934	0.0017179178835251673
54.0	22.44577099405085	28.94947723557643	22.3019539185314	26.30274946116987	4.83906714399225E-5
55.0	23.511012493884362	28.800161812493013	22.859321367479694	24.82788716668111	0.001617159461818986
56.0	25.8538702057436	25.930566724040233	24.67137303661257	23.5441900336036	0.0
57.0	22.578713119287574	27.988680600265052	22.999028000722003	26.428438362987194	0.0051399167381750545
58.0	25.52241236827342	25.283902062384257	22.007250616784997	27.186145410456092	2.8954210123115714E-4
59.0	26.96979808208014	22.715675509789005	24.941716168416207	25.36993917443121	0.002871065283440492
60.0	23.93494139793337	23.18302765462641	24.140380995319926	28.74164995212029	0.0
61.0	24.947181364492053	24.10258892591953	22.633540899191964	28.31035514978385	0.006333660612602251
62.0	24.75781648090514	22.292153706705815	25.083200164907304	27.86663699876416	1.926487175856492E-4
63.0	25.67692424386538	24.356149308971037	23.268875824280347	26.695546327655727	0.0025042952275116095
64.0	24.85690356222677	21.976258869048017	23.598346846929097	29.568442670608146	4.8051187969520175E-5
65.0	23.54531514518321	26.56385843877331	23.891610053915343	25.994363668991554	0.004852693136586255
66.0	24.546568303621832	24.398951669665443	23.08065945839469	27.973340123618424	4.8044469961396264E-4
67.0	26.680971924829894	25.586819048973368	20.802524502538773	26.929108021593844	5.765020641175988E-4
68.0	23.223490471317874	23.14552197577836	26.7842679464453	26.846455387896867	2.6421856159415067E-4
69.0	22.658203768625278	25.095642340878715	24.86907423402062	27.37422143483687	0.002858221638515185
70.0	25.053091082113166	23.03197264277394	24.705513870112654	27.20908665112126	3.35753878976555E-4
71.0	24.72569900390494	23.030187517830967	26.226214712017732	26.016966115358393	9.326508879673448E-4
72.0	26.945256567918246	25.80102527217727	22.091198483827178	25.160726322532483	0.0017933535448263066
73.0	25.04754925576897	23.098286792245318	23.160115767942894	28.690150998026304	0.003897186016514027
74.0	24.886121583468203	26.123926301168787	23.20399142236258	25.785171779859766	7.889131406632129E-4
75.0	24.786989016873303	24.60614811264488	22.47138876969618	28.133083606347718	0.0023904944379170667
76.0	26.671871369576294	24.35832036938411	25.252785057881205	23.71597142608541	0.0010517770729808987
77.0	24.211616774510915	25.29633762997301	24.13923990422733	26.352112517828303	6.931734604438175E-4
78.0	26.446998827868807	26.62191024878628	20.754346732851605	26.175883735293386	8.604551999219853E-4
79.0	27.11734329267156	20.912602600511573	23.150250983162785	28.81707842309628	0.0027247005577987864
80.0	24.028928804882334	23.205041030672323	28.232639789295817	24.53061795168096	0.0027724234685646615
81.0	25.351748795757338	25.089211348022843	22.201084326263423	27.35754923622754	4.062937288562951E-4
82.0	22.53041129938102	22.306670171832803	24.435652319384367	30.725832277800347	0.0014339316014626102
83.0	25.262611004007486	22.571916162355556	24.37947806876985	27.785325616136618	6.691487304934183E-4
84.0	23.056302061950763	26.424757173670233	25.035570239812955	25.481888929088452	0.0014815954775970815
85.0	24.565516503084694	27.143240839465367	21.452600257977934	26.838021111369713	6.212881022850498E-4
86.0	25.192536758864005	25.09877432620199	23.252629302671775	26.454028570780004	0.002031041482230179
87.0	21.61345647761913	22.365673920595924	26.417689271738254	29.602535203594737	6.451264519526543E-4
88.0	24.913711827369177	26.55800146891786	25.696648869855505	22.83070602194202	9.318119154373518E-4
89.0	25.983003387854374	26.521571887976226	22.93226202592736	24.562230918830068	9.317794119755158E-4
90.0	23.23144457430532	26.314459122015176	24.55070578802564	25.903223278629305	1.6723702455708468E-4
91.0	26.601393709743427	24.88676616002601	24.244261620280152	24.26700514381098	5.733661394326112E-4
92.0	24.883714096854316	24.356984523959397	22.747937837835902	28.011363541350388	0.0
93.0	25.76689549371484	26.213680364995746	21.352962914920724	26.66627011911476	1.9110725392970263E-4
94.0	27.548722789982595	23.32170155801133	23.214373587334105	25.91040061305699	0.004801451614983778
95.0	23.327408582997343	26.928766601702232	24.493328743861362	25.248059606444016	0.00243646499504466
96.0	25.573603524995107	24.375005822203867	24.276930051624735	25.773385732770038	0.0010748684062496193
97.0	25.423923942333825	24.811009482845513	23.320247506519426	26.444771298186314	4.777011492056547E-5
98.0	27.525314105082643	23.163895918096824	24.41976691557825	24.890999177194555	2.3884047725104163E-5
99.0	21.511092029555822	22.533974295298425	26.748525265337626	29.206408409808134	0.0
100.0	22.70572765504893	25.098560212643168	24.64858935509112	27.547122777216792	0.0
101.0	22.912701194488562	22.57867035190949	28.74806959302198	25.760534984179493	2.3876400470269586E-5
102.0	25.149295661644416	24.428015361651415	24.685356214231184	25.737285005053927	4.775741905535347E-5
103.0	25.702519732680884	25.788787907078692	24.97075644987719	23.537792647411013	1.432629522244319E-4
104.0	24.88566000352899	27.41483326715482	23.421535005648057	24.27756581817296	4.059054951724704E-4
105.0	27.023976469807288	23.517250913984565	21.686297048625576	27.76898940085927	0.003486166723296978
106.0	25.814059270950356	22.97133156083194	24.9591278051506	26.255457485634743	2.387743236418815E-5
107.0	25.347849413969275	24.52613851991277	23.1994003950726	26.92584759977756	7.640712677924143E-4
108.0	23.895269312836177	24.5456579200887	24.253901054311903	27.305052335976892	1.1937678632438636E-4
109.0	25.160908022851697	24.71720082233257	25.734946006671006	24.386133415843535	8.11732301191838E-4
110.0	24.029944352702973	24.55039185160657	22.965080121460034	28.4544881792765	9.54949539272658E-5
111.0	24.56208121068758	23.89684096833233	24.82718412667641	26.71312970895501	7.639853486709759E-4
112.0	25.05861029382976	24.649364812432736	23.4460513134913	26.845854211012337	1.1936923386915796E-4
113.0	28.696175304321255	21.76347571995044	23.152527077966877	26.387034088277634	7.87809483793804E-4
114.0	26.47966725809748	22.172400489697072	27.683283071263908	23.66436269669531	2.8648424623129977E-4
115.0	26.312787432270916	23.833474438076028	26.31080575821953	23.54233548165901	5.968897745141437E-4
116.0	26.581045716210767	24.38886319613082	25.157035543311107	23.87296004209739	9.550224991363015E-5
117.0	25.4735036596733	26.71148461256361	24.03900149748636	23.77527008236175	7.401479149794478E-4
118.0	26.144910816417692	24.332015481869735	25.2836476511341	24.239139543828728	2.865067497408905E-4
119.0	26.47571668321679	21.59854374831524	24.670682787497608	27.254579258775724	4.775221946347039E-4
120.0	24.922773073409633	23.778897721417678	24.816859131114107	26.481326818050064	1.4325600851513716E-4
121.0	27.335935987225334	23.46125112187817	24.869439525304962	24.332680958739953	6.924068515806813E-4
122.0	26.42968763989948	23.838549283416206	24.706400606454928	25.024908822844726	4.5364738466313696E-4
123.0	23.82055340366101	27.865417440349887	23.969444397355584	24.343940105517778	6.446531157398266E-4
124.0	24.98362093006376	24.5574308449881	22.781185176129917	27.677667544037256	9.550478096933533E-5
125.0	26.403081537397398	23.544021093049945	24.998095885704437	25.053894194277916	9.072895703004966E-4
126.0	24.002587231311516	24.33983937486226	25.117942745210957	26.539463514809608	1.671338056534681E-4
127.0	25.670728155015276	23.091032031256713	27.691173759945602	23.546278141596893	7.879121855155954E-4
128.0	25.614424231716022	22.75252314223431	25.36601380535453	26.25734498821698	0.009693832478159033
129.0	24.353106651955798	26.73259974782053	22.70243180565229	26.208757900306257	0.003103894265125575
130.0	26.040100777222364	24.219793097256893	23.989362616540376	25.750671879984182	7.162899618169697E-5
131.0	25.461437078281467	25.010863803716138	24.51590413111059	25.011102568632975	6.924182588307204E-4
132.0	26.190677433942515	25.96215695066622	21.94543969002776	25.89535094165911	0.006374983704395587
133.0	26.886162664876277	25.232314270351736	25.183129543021355	22.69657893957728	0.0018145821733537202
134.0	26.422742389632752	23.1013209043263	21.37678901560001	29.099099937993444	4.775244749200564E-5
135.0	26.232470786434764	24.167572763516603	26.251070244829993	23.34857581631089	3.1038890775098406E-4
136.0	27.946802196065246	26.321146606981777	23.93944154769403	21.785828722382647	0.00678092687629918
137.0	28.257051375415156	21.23167764595207	24.665547647074273	25.845580071582237	1.4325997626659726E-4
138.0	25.468157550866238	24.164839590992905	27.23676202795969	23.128927675498943	0.0013131546822201482
139.0	25.302140284201318	23.819988162456553	25.411156466872903	25.465688433850982	0.0010266526182387465
140.0	26.111118804415874	21.725282486212937	25.58238980256168	26.580826894435177	3.820123743358357E-4
141.0	25.430808688804916	25.37021110783743	25.439833860438377	23.758835953418654	3.1038950062149527E-4
142.0	28.203370535144025	22.876069334185242	23.51865474661534	25.401642743712927	2.6264034246390545E-4
143.0	26.658349738374902	25.207551134186275	24.12330224234733	24.010701379694837	9.550539665181956E-5
144.0	27.509139326286423	25.336139299305984	23.018113427210945	24.13601103476203	5.969124346171965E-4
145.0	27.818483226402442	22.486264447967024	23.101394650088736	26.59299812163595	8.59553905848763E-4
146.0	26.86551234585882	21.86821756140935	24.997743663993603	26.263440719009523	0.005085709728700068
147.0	26.39215226545651	24.514381313544316	26.7054523332403	22.384480448829446	0.003533638929431559
148.0	24.24719222918582	24.13444923903257	24.103434172491045	27.51432745654727	5.969027432933798E-4
149.0	27.406673783420672	25.14491173975506	24.267526280138263	23.178858704099742	0.0020294925862635823
150.0	25.193126017442346	24.158623828195324	25.06657994679335	25.58164633095188	2.387661710358488E-5
151.0	26.2134698339157	24.524236923827765	25.424498951079173	23.83729287216155	5.014190158147558E-4
152.0	27.071054908094922	24.292329332525643	23.185829466596914	25.450643028735666	1.4326404686071462E-4
153.0	24.53404195472916	23.239068031378892	25.46134968211845	26.764656863189874	8.834685836183913E-4
154.0	22.677537173158914	24.586243256873022	25.014899827314824	27.718478269174934	0.0028414734783073796
155.0	26.93911055182891	23.912824898683173	24.249524672489134	24.898372697369286	1.671796294965051E-4
156.0	25.693882693205605	23.749031240334794	26.51794638475014	24.038900850359024	2.3883135043604632E-4
157.0	24.921895692625963	22.86184308730606	26.61854025849833	25.597458245452803	2.627161168456201E-4
158.0	24.9359922349983	21.24080963135349	26.094771616473118	27.728402633680695	2.388349440361959E-5
159.0	26.16587185219914	21.993101868647944	24.896373978935884	26.944222391054453	4.2990916258233054E-4
160.0	25.79363875664197	21.628499700130625	26.000334860107532	26.577526683119874	0.0
161.0	24.288457271370405	20.75338033998896	29.231106556035986	25.72340147554817	0.0036543570564798794
162.0	25.161487567774145	22.904841521962403	25.55064848209807	26.382998543005233	2.388516014999881E-5
163.0	25.08874806822769	24.209388592571006	26.8555165684558	23.84632288484368	2.388590182416632E-5
164.0	25.94113995211682	23.94340392873275	24.387122325202874	25.726757275097047	0.0015765188505075555
165.0	26.41555496261488	22.272699150632384	26.877419653817665	24.43377682057936	5.4941235571058E-4
166.0	24.906931678870336	22.91477751033641	26.142571303806918	26.03562395429524	9.555269109821573E-5
167.0	25.993821841517406	23.90535487383413	26.654637787482528	23.44570771830254	4.777788633975285E-4
168.0	26.48880197309263	24.29719086575077	23.84178277824973	25.37215271400573	7.16689011437401E-5
169.0	26.347253030786266	22.013858777125968	25.948881873096987	25.68981519639638	1.911225943936576E-4
170.0	30.9289549600129	22.950480502183016	23.407438376864224	22.713030598044543	9.556289531682086E-5
171.0	25.499574022389748	23.493823921927838	26.869391872165625	24.136493451699202	7.167318175888854E-4
172.0	27.222774752597655	24.49390115564721	24.18583527661306	24.097369363463507	1.1945167857082277E-4
173.0	28.772673739432058	19.748543362294882	23.7318353276748	27.74532311198492	0.0016244586133334605
174.0	23.860033596294087	26.00645553364216	24.20743896099925	25.925546369765627	5.255392988732438E-4
175.0	26.024737894412475	23.83879282132867	23.332640595849785	26.80222822594708	0.0016004624619890165
176.0	24.1059883605242	24.316342635247455	28.600131238517523	22.9759372959849	0.001600469725920754
177.0	21.811018016485647	25.98429410426895	24.98272791035905	27.195251537048755	0.026708431837597447
178.0	25.116377506463827	23.290788978343084	24.136484634920514	27.45611001018542	2.3887008715891742E-4
179.0	27.936582713567265	24.332487336322988	23.052478889093805	24.677232710652778	0.001218350363163965
180.0	26.833599086218925	22.318978205708063	25.393263164350273	25.45401580718606	1.437365366777312E-4
181.0	27.98467761650426	22.179910615431158	26.170860361861397	23.66390365716707	6.477490361134482E-4
182.0	25.205322864703366	22.891397797625515	25.744799802561946	26.158287661392777	1.918737163948176E-4
183.0	23.220558501644135	25.024907839793542	26.518874554189242	25.235275353350744	3.837510223367079E-4
184.0	26.08247338608785	22.4371397431863	26.426995947470623	25.05000901841291	0.003381904842312091
185.0	24.785785290058314	24.732137182790876	24.81017515375567	25.671302819223623	5.995541715180592E-4
186.0	26.682269351134273	23.584917426334158	25.216795447175688	24.51601777535588	0.0
187.0	24.248207912659645	23.327074659148245	27.89113127999783	24.53288904839387	6.970998004131157E-4
188.0	27.149107413301536	27.97070546321716	22.49984374323889	22.37983855070652	5.048295358933801E-4
189.0	25.02809794408395	23.79573113194506	25.063414204926147	26.111915283286173	8.414357586637231E-4
190.0	28.67711851386841	21.90194703261516	24.96621346263381	24.454624818564913	9.617231771198362E-5
191.0	26.143445297128014	24.074957686303705	24.895170180905353	24.886234144858683	1.9269080424083558E-4
192.0	26.372462960964484	23.508875300629008	24.475778166625556	25.642859482918105	2.408886285150469E-5
193.0	28.030150267092512	24.518112011417532	21.623760572938913	25.82778441503813	1.9273351291278397E-4
194.0	27.983906135183645	23.237974775035237	24.191704913688216	24.5864141760929	0.0
195.0	26.808485721225576	21.50377740765159	24.647536733096604	27.039573622340203	6.265156860250375E-4
196.0	27.746647860691493	23.00030508580206	26.6143519801228	22.63855013951093	1.449338727127925E-4
197.0	25.110104166792503	24.681332726106447	23.67404479546561	26.533914306112415	6.040055230265025E-4
198.0	27.10546805134129	23.398343724685674	24.773337341270793	24.722705667576925	1.4521512531702276E-4
199.0	25.227837242169493	23.19405560356526	25.461258997979385	26.116460090191413	3.8806609444704096E-4
200.0	27.419811399701217	23.93560316366486	23.951005739703255	24.69357969693067	0.0
201.0	24.554968500611647	21.38739456843861	28.992123879401166	25.065246220643445	2.668309051316677E-4
202.0	25.09754632540736	25.23267018328326	28.124781667015995	21.54500182429338	0.0
203.0	25.49246374799988	24.66873444254254	23.222634041039413	26.61560965335231	5.581150658551512E-4
204.0	26.24204439968208	23.627887223108708	23.752167502927417	26.37777953052099	1.213437608071787E-4
205.0	27.526779159158068	24.43924252628769	25.28806936430214	22.745277924410384	6.310258417217298E-4
206.0	25.24270195064502	21.561127686615205	25.718906528073234	27.47719101679957	7.281786698020423E-5
207.0	25.464585329569182	23.63253545399835	27.10560347600548	23.79705725198345	2.1848844353930885E-4
208.0	28.309614187829602	22.307578932901905	21.854102184754627	27.528704694513866	0.0
209.0	26.815826023223167	21.20645535285605	25.303962237162064	26.673052109928385	7.042768303365544E-4
210.0	24.737807292185348	24.84506960148263	24.54407446180602	25.872660012970577	3.8863155542493213E-4
211.0	25.55494977001206	25.254842963865702	25.214851399510387	23.974602684051092	7.531825607623956E-4
212.0	28.76445323798713	22.383517292841987	24.50369823024552	24.347990948268528	3.402906568338871E-4
213.0	29.38823574618497	22.85644660806663	22.837136466521347	24.917792057986848	3.8912124020721683E-4
214.0	26.883673704318355	25.486705806105235	24.92300248801443	22.706544989302486	7.301225948849071E-5
215.0	25.300400615475745	24.771410580727764	23.36702413280692	26.560798722987855	3.659480017165401E-4
216.0	25.437237235311628	24.76034725940453	26.439575004050837	23.362840501233006	0.0
217.0	28.54525490008645	22.90056839185656	25.663366543668193	22.89013804157851	6.721228102798943E-4
218.0	24.895458384443685	24.230278107341793	25.631422308914313	25.242514428200845	3.267710993585232E-4
219.0	26.59489981193488	23.35227347693132	24.593193727373574	25.45902403031776	6.089534424645564E-4
220.0	28.564240127968137	21.98105777745133	24.582680434667285	24.87156259053868	4.5906937456388413E-4
221.0	25.099891326876723	22.79908638458971	24.598570328688623	27.50224623694238	2.057229025650046E-4
222.0	25.493576354674673	24.633740662746188	24.59432588626624	25.278174861547136	1.8223476575933713E-4
223.0	30.41266186595503	22.755741952309886	24.3997244442454	22.431213143429932	6.585940597450188E-4
224.0	29.64422711690518	23.45481228997096	24.631873011311257	22.268902679654897	1.8490215770252202E-4
225.0	30.80813303027492	20.309476830836893	23.474498623239047	25.407094086772492	7.974288766539672E-4
226.0	25.20706413762397	22.776342214396497	25.452875035141787	26.563530293227082	1.8831961066265634E-4
227.0	26.73962846091814	23.498218324207897	25.998845023841778	23.76205751063486	0.001250680397324849
228.0	27.32611901815464	27.610778053447326	23.631676199048606	21.431399387207925	2.73421415130813E-5
229.0	28.205348970117527	24.89351538718178	21.86655142734224	25.034584215358457	0.0
230.0	25.493164750761473	23.276451386633255	27.52733180417486	23.70302420152355	2.7856906869346093E-5
231.0	25.274398172751837	24.630140548852882	24.668867807189134	25.42532140797612	0.0012720632300229537
232.0	25.12316643662708	24.758941829272523	24.861848289887416	25.255929703996777	1.1374021620877699E-4
233.0	22.882815974576086	24.974358752927188	22.696799989636993	29.44527684342791	7.484394318193268E-4
234.0	26.67154261463498	21.48746046943623	27.143803812597493	24.695789391801036	0.0014037115302619734
235.0	25.50989243610552	22.34927176420369	27.209775810550568	24.93091187438921	1.481147510146601E-4
236.0	28.624404508994488	23.294358107722346	24.02213871342091	24.058918377391805	1.8029247044555678E-4
237.0	28.04869651941094	24.93021320196662	22.436178786451336	24.584729499000098	1.8199317100957982E-4
238.0	27.36379792887683	22.389926966693167	24.385789151095498	25.860424415327394	6.153800710394754E-5
239.0	27.322076844406133	23.673770054587813	24.371102070985103	24.63192544366081	0.0011255863601444878
240.0	25.671475441224796	22.031548769538475	26.47339067121023	25.82329402997819	2.9108804831285367E-4
241.0	28.94201868919196	21.489105958742336	23.44979376349086	26.11629679664737	0.0027847919274710657
242.0	26.079957487851242	24.563191240109617	21.706662929334907	27.64905286864544	0.0011354740587974422
243.0	27.66155726782281	22.904107221015806	25.15678964728544	24.274686428828822	0.002859435047120565
244.0	26.488529735431822	22.53830475805979	26.54762292359886	24.424370486615313	0.0011720962942222163
245.0	28.710179356644378	21.403739568579585	23.6029311243209	26.280833397772653	0.0023165526824864375
246.0	25.02250569136667	26.905893043805307	23.242407617200328	24.826122090475657	0.003071557152039138
247.0	25.5157454986552	23.322392706831042	24.680219947517735	26.336767216753724	0.14487463024229258
248.0	26.33122810237519	23.433055949762874	23.20615640762603	27.01913717212967	0.010422368106242606
249.0	25.74232939176134	21.24453039055601	28.93278279586867	24.06420963835214	0.016147783461841404
250.0	26.785546002065345	22.088958832123716	25.04772900862714	26.07654698333554	0.001219173848259646
