# Position (bp)	A	C	G	T	N
0.0	23.645288224437326	23.784884179142303	25.461117375472426	27.10860719810314	1.0302284480072034E-4
1.0	22.68671946531351	29.99370074532617	23.954739906549065	23.292136413288652	0.07270346952260281
2.0	24.40608587329354	27.19675807691481	23.29185394149758	25.104841491538473	4.6061675559982024E-4
3.0	25.309413756620252	22.415142928879963	24.79625967693026	27.470081352947222	0.009102284622303768
4.0	25.485860691234656	23.94339064410618	24.07726964508268	26.493070228733806	4.087908426763332E-4
5.0	28.063028847724524	23.879925022052337	22.721003218007777	25.335328253128164	7.146590871965761E-4
6.0	26.2751885880841	23.363579080667154	23.870980230151577	26.484954468374916	0.005297632722254795
7.0	24.886164587859387	25.862368691525607	24.09772918812147	25.15307673304821	6.607994453351118E-4
8.0	27.246719241318058	24.536742316067766	24.02802245489163	24.188363813070687	1.521746518624402E-4
9.0	25.26013053362836	25.493096097662242	22.957563912363227	26.289006921624125	2.0253472204641084E-4
10.0	24.733864676473953	24.834895422806337	23.55918620922724	26.87205369149247	0.0
11.0	26.481308143702435	22.44329177086641	23.367474804905296	27.707778491606856	1.4678891900236378E-4
12.0	27.782269761220295	24.355057721719536	20.361855768461652	27.500816748598517	0.0
13.0	24.78167240623303	23.706032221699125	24.849464056411012	26.66278380924465	4.750641217798372E-5
14.0	26.02437593004947	22.123794841482216	23.81842896994569	28.033259297440573	1.4096108205485547E-4
15.0	25.151403205183403	23.79759328853965	24.077114020200675	26.973889486076274	0.0
16.0	26.485631138595856	24.916105856675156	21.490451073117498	27.107584576209533	2.273554019643507E-4
17.0	28.021747458638846	26.90684497028768	19.983517903120905	25.087043290004722	8.463779478452999E-4
18.0	25.250461329619128	26.15827317783638	20.119892674580562	28.47124025198142	1.325659825083605E-4
19.0	24.681173422335426	24.9718501602916	22.0495806069123	28.297088401914717	3.0740854595757766E-4
20.0	21.978242492780726	25.6877355459966	24.12918171679895	28.204709657592623	1.305868311016044E-4
21.0	23.517601791070053	24.705412698728157	23.79095426670941	27.985901631128396	1.2961236398262502E-4
22.0	21.9578464194363	27.47005337775988	25.59444970580822	24.977607702351264	4.2794644335850656E-5
23.0	25.05785512319513	24.565687538493822	23.205384516832574	27.170860001455686	2.1282002278876804E-4
24.0	27.78196862366073	21.72121969330866	24.644587269968866	25.852098126411256	1.2628665049074992E-4
25.0	24.93432843404917	25.347829183540107	19.82779409761833	29.88996498488315	8.329990924474887E-5
26.0	25.794986007848852	25.285721382325182	19.917495984501002	29.001796625324967	0.0
27.0	25.559806317190485	24.78942629579769	20.155091563387195	29.49559325784344	8.25657811899463E-5
28.0	27.14094489344392	24.72853511679512	22.604709630400155	25.523038645838596	0.002771713522212023
29.0	27.214798162494784	23.59800659894504	22.46263785121953	26.724315313054504	2.4207428614310303E-4
30.0	22.745811784068863	25.659652769017917	25.238138143549637	26.356116987728186	2.803156354054665E-4
31.0	26.037841078624112	24.99443279214894	22.41061095873494	26.556796475230403	3.1869526159901363E-4
32.0	24.00405775074189	22.745855148083834	24.90821331521471	28.34167650130662	1.9728465295064848E-4
33.0	23.58614271650933	25.011115843470204	25.350168570791155	26.052533866269773	3.900295954457024E-5
34.0	26.20176255027282	27.085087073819313	22.62894608526456	24.08420429064331	0.0
35.0	25.381358103730626	22.833106541621444	25.80599020779934	25.97943041242436	1.1473442422823889E-4
36.0	23.263420594355072	25.034939813353773	25.963356942382354	25.738091617577723	1.910323310758406E-4
37.0	25.166153022340758	25.87293117955374	21.18107767150112	27.779799932702343	3.819390203798842E-5
38.0	26.441643695852807	25.634320935139637	21.362532327466884	26.56138848976079	1.1455177988646393E-4
39.0	23.436909453102512	27.316661792765807	21.598965256849485	27.647348966974803	1.1453030739170969E-4
40.0	25.78656013021348	26.553404247359808	23.62146323736553	24.03849604038328	7.634467789798671E-5
41.0	23.94615096006055	24.913597031440187	21.583852768959893	29.55151372657387	0.004885512965502553
42.0	24.010905721382024	26.310434473315027	20.37899824293319	29.299623398451157	3.816391861010062E-5
43.0	25.459055973556605	26.249846882761997	22.903018880452546	25.38456753777178	0.0035107254570716506
44.0	28.726993707025063	24.623453608149084	23.16946466788179	23.480011706085676	7.63108583865061E-5
45.0	25.58884063029915	24.353039242054024	21.983447112972787	28.07101070272518	0.0036623119488649694
46.0	24.872517485931912	24.754762093673328	22.78816693724595	27.58455348314881	0.0
47.0	24.968313355076937	24.958472663665383	23.417069480239853	26.65450438578257	0.0016401152352592736
48.0	22.607274316159835	24.689697349587952	22.645745210583346	30.057283123668867	0.0
49.0	22.12959033934227	26.570163790299922	24.481847950781706	26.816682278995945	0.0017156405801610187
50.0	27.322068557734863	24.915681923279415	20.287651685808754	27.47452158760064	7.624557632696848E-5
51.0	24.344591130601504	27.528068259567796	21.479427409410658	26.645549958738563	0.002363241681484573
52.0	22.686328420177905	26.271772655013997	21.458483468800868	29.583415456007234	0.0
53.0	22.03418161179873	25.86851069633191	24.588210310858997	27.507349893688186	0.0017474873221694218
54.0	23.123127229850056	29.017680773602223	22.128089880811284	25.73098815406403	1.1396167241033496E-4
55.0	23.825797751447013	28.318206612321582	22.508826025031063	25.345654413770113	0.0015151974302251583
56.0	26.386432276141875	26.106990735024425	24.937373734313134	22.569203254520566	0.0
57.0	22.765292357286608	28.037774635277685	22.83512756286494	26.35688213832067	0.004923306250099413
58.0	25.076076123078973	25.672946134015152	21.892693662771855	27.35809474184861	1.8933828541307555E-4
59.0	27.623435813301356	22.99580207862801	24.44381422825379	24.934448891717707	0.0024989880991371297
60.0	23.957332333703533	22.35400725462181	24.530658315928612	29.157964307321166	3.778842487642241E-5
61.0	24.69627045739474	24.193965233858712	23.246522516831043	27.857498569862138	0.0057432220533681355
62.0	25.054396593577444	22.314485796812335	25.193283121093106	27.43768336063081	1.5112788630649112E-4
63.0	25.79139072972782	24.286379756476563	22.743097467935023	27.176600774266866	0.0025312715937301535
64.0	24.738042634051443	21.635009086316234	24.132049435592723	29.494898844039604	0.0
65.0	23.85059973708606	26.749740535531647	23.78805683072964	25.606852802499002	0.004750094153651974
66.0	24.415845749501266	24.65254583590302	23.423168034066112	27.507799529841776	6.408506878212736E-4
67.0	27.018882775107894	25.04944698909584	20.951236806125962	26.979905693556454	5.277361138492657E-4
68.0	23.75483505225362	23.00535012525339	26.673431279499376	26.566157385803812	2.2615718980091383E-4
69.0	23.399689877134357	24.935566961738196	24.73934678204182	26.922607233235162	0.0027891458504671067
70.0	24.873328025927243	23.32943747141623	24.974469871060144	26.82242586099489	3.3877060148720294E-4
71.0	23.9361524463174	23.388827653862855	26.25102407606103	26.423357828594717	6.379951639966569E-4
72.0	26.904466266131266	26.329479953154543	21.964979982611197	24.799535297885537	0.0015385002174538723
73.0	25.390968689862337	22.360433717201346	23.74409949726835	28.500108245451912	0.004389850216059423
74.0	24.644326804795504	25.50042598624914	24.075969986258144	25.778414370761478	8.628519357332873E-4
75.0	24.60230405930083	24.995929820349396	22.701586432234322	27.697966410701756	0.0022132774136915593
76.0	26.832185042877555	24.07448739556321	25.881155220085773	23.21108450710037	0.0010878343730904285
77.0	24.44676336359473	25.27283454982815	24.261053948753805	26.018672967258354	6.75170564963974E-4
78.0	27.23684881728625	26.32573313848988	20.29131246267918	26.145768006265396	3.37575279287281E-4
79.0	27.772134958565285	20.921548226225205	22.801057115915928	28.50278419367156	0.0024755056220232986
80.0	24.25771093971522	23.089461753228928	28.528976690525738	24.121525220050017	0.002325396480099857
81.0	25.369804176311828	25.037092934114845	22.455177183457376	27.137625662159508	3.000439564396184E-4
82.0	22.327639262944988	22.780244537364126	24.676101068843032	30.214627461378722	0.001387669469133918
83.0	25.365535703369563	22.449463308417364	24.732179255476144	27.452221679257168	6.000534797663842E-4
84.0	23.177490466463592	26.44924941096264	25.096235373442	25.27571223551444	0.0013125136173287799
85.0	25.470910299710926	26.922573583425546	21.764149807841076	25.841878833944616	4.874750778366456E-4
86.0	25.82161191128702	24.71196854273162	23.414172493787923	26.050447265693105	0.0017997865003263986
87.0	22.249433395633254	22.40468955329643	26.35785400822209	28.987460656379994	5.623864682317258E-4
88.0	24.6533131932752	26.748973970511987	26.31891699574217	22.278083515257443	7.123252132008108E-4
89.0	26.454132663925456	26.27141010529978	23.199691688485405	24.07390328975584	8.622525335228789E-4
90.0	23.955427264718562	25.973608742104176	24.70292965455193	25.36795936346085	7.497516447676708E-5
91.0	26.368031452437297	24.69644596905063	24.97969184078703	23.955155985780728	6.747519443164707E-4
92.0	25.55183254472892	24.436716042061736	22.869690414511172	27.14176099869817	0.0
93.0	26.08474826583464	26.69718807700871	20.805936156926126	26.41194008367774	1.8741655277987475E-4
94.0	27.8973237193483	23.465067717573135	22.98042032010717	25.652952732073196	0.004235510898194436
95.0	23.943008952780325	26.49754610010952	24.28094024058489	25.276255829277233	0.002248877248033919
96.0	25.704073192204497	24.45946690463403	24.61804101938682	25.21733198958231	0.0010868941923495392
97.0	25.60260266487579	25.751009428326654	23.40408388429969	25.24211664022078	1.8738227708442172E-4
98.0	27.602071599081125	22.968779862617904	24.848096474758943	24.58101458888427	3.7474657762687986E-5
99.0	21.774968991347553	22.73992827726794	26.7644953739962	28.720607357388307	0.0
100.0	22.671086152622895	24.864816862492212	24.60971969662622	27.854377288258675	0.0
101.0	23.073602902662348	22.10432529361206	29.05401202998279	25.767797503032973	2.622707098319294E-4
102.0	24.840247151352102	24.41886084059937	25.388206728841695	25.35264780932326	3.7469883581071716E-5
103.0	25.821845989360103	25.547700651872507	25.65626490276607	22.97366399102116	5.244649801621122E-4
104.0	25.372654613455126	26.9767776389251	23.805317558070886	23.84476320623818	4.869833107073395E-4
105.0	27.17415940170508	23.213748525372953	21.402799740308296	28.20625785078516	0.003034481828511317
106.0	25.607279524837935	22.92241154864099	25.443610092885866	26.026548987508452	1.4984612675858478E-4
107.0	25.260080593048563	24.441450914622838	23.120809781450262	27.177059338945202	5.993719331355656E-4
108.0	24.030405919094818	25.003202081690162	24.394544401824923	26.571622889903068	2.247074870287603E-4
109.0	25.284193465759724	24.84144483673387	25.886545804242417	23.987329068246876	4.8682501711377175E-4
110.0	24.126774787486085	24.587319900049838	23.224369984845712	28.061422990409024	1.1233720934151297E-4
111.0	24.5175034084905	23.731781285936123	25.126706726025517	26.623446894763113	5.616847847455399E-4
112.0	25.241902328447985	24.372956064800842	23.712007237037696	26.672984596582328	1.4977313114959115E-4
113.0	28.234872564066176	21.87627420020945	23.37369462927303	26.51459697550503	5.616309463144466E-4
114.0	26.63388138963744	22.057384718900696	27.31220263068524	23.996119385437062	4.11875339563135E-4
115.0	26.694421633596242	23.768878863349478	26.420204657307416	23.116082939869607	4.119058772602867E-4
116.0	26.87632581608485	24.27335449022196	25.351606893775568	23.498600462455883	1.123374617350521E-4
117.0	25.86405683102835	26.5242670602989	24.184042541639002	23.42699698522344	6.365818103113521E-4
118.0	26.587629383266542	24.427440898030895	25.835201235399097	23.149204247508194	5.24235795269446E-4
119.0	27.07540415410355	21.027359506552294	25.379889130040784	26.516897857942062	4.493513613099491E-4
120.0	25.106682543605412	23.754184546945563	25.25324466212826	25.88581335610026	7.489122050222053E-5
121.0	27.704446461523712	23.292809511826874	24.466734668200445	24.535335334435736	6.740240132288446E-4
122.0	26.58304874030137	23.892745873401037	24.42253827027351	25.101067972798894	5.991432251879811E-4
123.0	23.666580416330746	28.16596461888897	23.71297585751994	24.45391741911035	5.616881499902079E-4
124.0	24.52967113208077	24.69727862498947	22.85546849402271	27.91743196562474	1.4978328231340278E-4
125.0	26.325714527505852	23.79394287524513	25.439676829526302	24.439879410201904	7.863575208169432E-4
126.0	24.27416338050109	24.089968354702926	25.249921457803087	26.385759578871532	1.872281213642639E-4
127.0	26.03970350621315	22.78980507724079	27.67629828368367	23.493481667599685	7.114652627085483E-4
128.0	26.286930322463714	23.16658066535805	25.3625348342746	25.175678580281907	0.00827559762172056
129.0	24.337789633952262	27.07107139192803	22.533763011481632	26.054230514887326	0.003145447750742738
130.0	25.92911028744882	24.858432523559628	24.226368660357135	24.986088528634415	0.0
131.0	25.770055328271717	25.123454131832943	24.412443712143197	24.69344767218701	5.991555651254014E-4
132.0	26.23682272129646	25.696194331134798	21.963997302287925	26.09706895305629	0.0059166922245302315
133.0	26.730424929008734	25.80835298395483	24.77008117513525	22.68945577046726	0.0016851414339205488
134.0	26.078167771990067	23.02275680513479	21.222059533929247	29.67694099407956	7.489486633138732E-5
135.0	25.92990084802314	23.625566665643117	26.771745244052862	23.672337879140787	4.4936314008970783E-4
136.0	27.877800620883093	25.5955122659986	24.613296185201413	21.907623980017902	0.0057669478989960275
137.0	27.693720332115536	21.678133130816555	24.96431240909588	25.663684337454068	1.4979051796063205E-4
138.0	25.620250320623832	24.05358396599983	27.035451166883533	23.28929163195192	0.0014229145408760286
139.0	25.52515556767128	23.85549450261408	25.49579823122048	25.12239088544573	0.0011608130484373584
140.0	25.998289438405553	21.6492015631717	26.20372159486652	26.14848783059748	2.9957295874730573E-4
141.0	25.19721454351003	25.338202439895717	25.693686663106707	23.77052188364323	3.744698443179069E-4
142.0	28.311231060343644	22.98796167899134	23.506725050170594	25.193745180945548	3.370295488784593E-4
143.0	26.45252758561032	25.658643191654928	24.216731937444905	23.67191004840448	1.8723688536683824E-4
144.0	27.57456073175362	25.53550825773	23.22147897305542	23.66759074553055	8.612919304061141E-4
145.0	27.792623704684555	22.745462089461025	23.067250051677807	26.39346582823795	0.0011983259386636868
146.0	27.560400565903066	21.453762738623332	25.253461812402684	25.72780631675443	0.00456856631648481
147.0	26.11803200603933	25.17521089715169	26.34615442224965	22.35704528297365	0.003557391585682959
148.0	24.827417050652418	24.294586503049107	23.833541475141875	27.043930715926685	5.242552299140035E-4
149.0	27.710712983066866	24.777504076189736	23.764092531941074	23.745518438158378	0.002171970643944359
150.0	24.499546310245897	24.492206385210498	25.679813745657366	25.328433558886232	0.0
151.0	26.326182713430686	24.231516205550175	25.799080088890285	23.642809046916067	4.119452127846823E-4
152.0	26.573115972152	24.220417120750803	23.715175959943224	25.49106624572599	2.247014279775748E-4
153.0	24.948514996095792	23.16044333840787	25.315566840623998	26.574800716801583	6.741080707588771E-4
154.0	22.67018555823829	24.940499797952107	25.146068080589956	27.24055009458238	0.0026964686372609272
155.0	26.93763850173009	24.20398840040403	23.91572128761058	24.942202387707095	4.494225482033772E-4
156.0	25.799655812333455	23.305961862208832	26.443312965463257	24.45088209793431	1.8726206014482846E-4
157.0	24.98524364465498	22.848942860695512	26.829263725283102	25.336175242581	3.7452678540663873E-4
158.0	24.86779917984742	21.453705274661974	26.52184969911884	27.156533486442463	1.1235992930313248E-4
159.0	25.917210248604466	21.86551478233251	25.26506173912262	26.951726328342467	4.8690159793613646E-4
160.0	25.967254965633558	21.62095148846343	26.309177756029158	26.102540880729286	7.490914457127811E-5
161.0	24.229717895954327	20.674558198800987	28.953213382244652	26.138877381861114	0.0036331411389185823
162.0	25.206549041023646	23.047606847787083	25.282246858034945	26.46348488628098	1.1236687334680238E-4
163.0	24.734710205781727	24.488392424379768	27.237255414608715	23.539567041062703	7.491416709305313E-5
164.0	25.68954286191612	23.867455839402524	24.494920833628317	25.946170088675174	0.0019103763778589625
165.0	26.118525744185416	22.201906277439637	26.994758561166606	24.684359894152305	4.495230560375442E-4
166.0	24.08457378759527	23.890821294043384	26.099494827460255	25.924885320026895	2.2477087419012242E-4
167.0	26.360242536859126	23.800081295178295	26.340574348561507	23.498727187243027	3.7463215804981484E-4
168.0	26.239250884075332	24.21589009030138	24.613616277401277	24.9310554242831	1.8732393891291422E-4
169.0	27.00365487901058	22.02151714008996	25.864066975517368	25.110461271583173	2.997337989198343E-4
170.0	31.01620246866214	22.972892974683923	23.056670423413326	22.95404679547512	1.8733776549508126E-4
171.0	25.127101830963277	23.56680953328365	27.157883535793275	24.147455734017054	7.493659427416976E-4
172.0	27.244718441771738	24.880754718112097	24.259315592772303	23.614949005127958	2.6224221590176856E-4
173.0	28.441611030386532	19.81816554045575	23.61222083997766	28.12672897630368	0.0012736128763760168
174.0	24.24439715286547	25.74573205154091	24.11980411246938	25.889542238576567	5.244445476684506E-4
175.0	25.88959592531238	24.310302327376096	23.459610887711577	26.338954909757327	0.0015359498426213345
176.0	23.958406701683664	24.42487955102316	28.602791868663786	23.012086108842418	0.0018357697869757755
177.0	21.86741484960279	26.07144757361366	25.03748783191063	26.99854544964041	0.02510429523250699
178.0	24.937196355384142	23.033997706285387	24.402545790928777	27.62584801311936	4.1213428234120747E-4
179.0	27.999532363762537	23.904043142440575	23.290945056114477	24.804130486997426	0.0013489506849859165
180.0	26.42834058608224	22.097998541934416	25.74925029875313	25.724260257190746	1.5031603947299196E-4
181.0	27.705494141639136	21.975889289396253	26.611331431968516	23.706457366032797	8.277709632996456E-4
182.0	25.23088046429638	22.602774252135386	26.05320990617319	26.11306014139853	7.52359965120592E-5
183.0	23.69383117652524	24.18648092651405	26.8918980425288	25.227225622451314	5.64231980593429E-4
184.0	26.320487535693044	21.99481573905811	26.694918920220235	24.986129036262366	0.0036487687662384314
185.0	25.062380439058995	24.321187233091834	24.84840255675172	25.76727751979737	7.522513000783094E-4
186.0	27.003709619054998	22.90221456207913	25.725880893468258	24.368194925397614	0.0
187.0	23.903047131081127	23.27461261737925	28.296247557071997	24.525414365057294	6.783294103282436E-4
188.0	27.368522997311633	28.252774095230055	22.48997421672273	21.88842722008639	3.014706491944327E-4
189.0	25.0838670096465	23.77911415635931	25.29222499496911	25.843738671076267	0.0010551679488213397
190.0	28.2368818959838	21.873695048836268	25.170501056021127	24.718620494196784	3.015049620179124E-4
191.0	26.318645342685798	24.039963961596293	24.878695125828553	24.762129165807618	5.664040817343746E-4
192.0	26.64413003425432	23.596246865244304	24.99938636012617	24.760123453013875	1.1328736132210882E-4
193.0	27.68751416270111	24.4401389833069	21.856371327139513	26.01552232041695	4.5320643553138455E-4
194.0	28.08364253858519	23.290142798438463	24.297867390227097	24.328347272749248	0.0
195.0	26.37031037627296	22.03089030037315	24.927790919675093	26.670441761667345	5.666420114431466E-4
196.0	27.96627954460566	22.65213336353739	26.497051695152173	22.88445963402078	7.576268399914843E-5
197.0	25.02256168945568	24.495819173079035	24.28050753382359	26.20046752518536	6.44078456333375E-4
198.0	27.218349996888392	23.510791214028654	24.849807915024215	24.420937034681543	1.1383937719235667E-4
199.0	25.1428921127963	23.279982636664993	26.18225952180129	25.394409599096257	4.561296411666124E-4
200.0	27.571009838725193	24.148609870959625	23.65064866099751	24.629693617011572	3.8012306103978104E-5
201.0	24.60556671239641	21.658906295081145	29.028351300218613	24.70698562687191	1.900654319255947E-4
202.0	25.2047788251833	24.82553836293267	28.521878365540516	21.447766431060614	3.801528290403308E-5
203.0	25.40653498330506	24.1300379534063	24.011005727237464	26.451774835142267	6.46500908904219E-4
204.0	25.82439127916286	23.369768408625603	25.090453792213196	25.715272418715195	1.1410128314499649E-4
205.0	26.991140007957025	24.417847479120404	25.408672553042422	23.18154121413917	7.987457409736025E-4
206.0	24.637257766092123	21.84628037053267	25.905600289706886	27.61078549517967	7.607848865517577E-5
207.0	25.624228203085593	23.06150103895373	27.20837584636115	24.105476438842487	4.1847275704308667E-4
208.0	28.140733536670748	22.71629712831565	22.587879507363372	26.555089827650235	0.0
209.0	27.246921623756894	20.59867168198307	25.588807482178222	26.56491419820648	6.850138753366082E-4
210.0	24.958567394880703	24.636622540402975	24.810993476600952	25.59351207654812	3.045115672525215E-4
211.0	24.735436690808278	25.283277786429547	25.885910606863092	24.094841848388747	5.330675103348463E-4
212.0	28.95563405687371	22.561636931530522	24.569820522520114	23.912527538000823	3.809510748344101E-4
213.0	29.597278544368894	23.47350781572232	22.418234728597774	24.510864551622344	1.1435968866718358E-4
214.0	27.444728394034872	25.075792665757586	24.51180213707465	22.967638649261378	3.815387151149615E-5
215.0	25.976129846413492	25.085771052016526	22.771970452451146	26.165937387992706	1.9126112613786027E-4
216.0	25.487538606435795	24.78833906748898	26.078127628960484	23.645956018155903	3.867895883978595E-5
217.0	28.79327034454033	23.04319643814054	25.685691486996763	22.477568725151652	2.730051707179334E-4
218.0	24.16504721132946	24.535458184927077	25.82402935210219	25.475031468961667	4.3378267960969026E-4
219.0	26.31631526054467	23.248286086705605	24.885085720540097	25.549914926219643	3.9800598999014937E-4
220.0	27.57677723185256	22.25813882248117	25.30831266451407	24.856331377227214	4.399039249827838E-4
221.0	25.405611527147048	22.73766517710662	24.555731930787456	27.300991364958872	0.0
222.0	24.79518845594332	25.340673805137026	24.875826128886693	24.98814870564317	1.6290438978459152E-4
223.0	30.66511828155646	22.805056885007662	24.370734861593835	22.158677582341813	4.1238950023341246E-4
224.0	29.776192905952726	23.589183360058747	24.503457213009145	22.131042473149847	1.240478295351266E-4
225.0	30.709316646140532	20.031122058382987	24.487567819458775	24.771494191658622	4.99284359085311E-4
226.0	25.75408630009916	22.498724741034046	25.907580341314855	25.83935609102403	2.525265279117571E-4
227.0	26.353179368338992	23.9575789193288	26.112547009478064	23.575716003605017	9.786992491249153E-4
228.0	27.396641177988634	27.778307989453022	23.212129797529993	21.612792642963495	1.283920648568236E-4
229.0	27.634556920723757	25.042856920896394	22.241231379034723	25.081354779345123	0.0
230.0	25.48170462178878	23.09597894978647	27.886877725685927	23.535438702738826	0.0
231.0	24.771316076805153	24.926602772661603	25.23373515236404	25.067066647549936	0.001279350619271873
232.0	25.236822573287633	24.78292096941905	24.9874631835119	24.992704438943594	8.883483782534093E-5
233.0	22.636119139316396	25.39191215876003	23.27791059376621	28.693608138687793	4.499694695714896E-4
234.0	27.111754045573694	21.117334777650562	26.87668684597225	24.89317308725093	0.0010512435525633203
235.0	25.79960831730651	21.646141684661625	28.154613246914305	24.39959044197905	4.630913850646545E-5
236.0	28.415899091608132	23.294807610456736	24.686154490108333	23.602856625522918	2.8218230387742E-4
237.0	27.388945171905732	24.982810613052546	22.75537924603956	24.872864969002162	0.0
238.0	26.956150089237873	22.54369379266746	25.152407880687228	25.347748237407437	0.0
239.0	27.76104817879961	23.829497318074374	24.58533717627737	23.82309023761465	0.0010270892340017402
240.0	25.294657225782142	21.90707147035143	27.275454878828626	25.522715402589608	1.0102244819821413E-4
241.0	29.755275883697873	21.507445925985877	23.576674827509457	25.15883293203569	0.0017704307710984762
242.0	26.148387865210683	24.371605748591616	21.654025205207287	27.825322287576565	6.588934138534875E-4
243.0	27.247848850027584	23.293431181997093	25.332565906114457	24.12371563468703	0.002438427173832425
244.0	25.57708137451888	23.051642451605087	26.429957885595222	24.940554700620186	7.635876606270276E-4
245.0	28.859903302750983	20.57424325778074	23.91853506831782	26.645685316491097	0.001633054659360108
246.0	24.248894233448524	26.535891973088372	24.229210029434274	24.983958651923455	0.0020451121053764463
247.0	25.521763588878137	23.08620874440853	25.141982155503218	26.11199911387751	0.1380463973326072
248.0	25.693327288066058	23.188101435203276	24.430804367996576	26.677959609330593	0.009807299403500539
249.0	25.361733431556445	21.482591191698084	28.832610072821296	24.30738262235071	0.015682681573468204
250.0	26.10054295157885	23.04300972454446	25.318806385172586	25.536917347832716	7.235908713843069E-4
