# Position (bp)	A	C	G	T	N
0.0	24.578245421156108	23.31115302858688	23.688909034890756	28.42163710154693	5.5413819319917276E-5
1.0	23.48274158957037	28.959479004725775	24.10614151686616	23.376226607309977	0.07541128152771655
2.0	24.97022783497478	26.776249562174044	22.86397471503391	25.38833438595427	0.0012135018630011554
3.0	26.351892442740056	22.069707853996995	23.757262038546052	27.815736433125863	0.005401231591031972
4.0	27.065265995995357	22.48685494511788	22.73037163003086	27.717452359501554	5.506935434486192E-5
5.0	27.94908197610426	23.425657363855837	21.95919539313117	26.665020151475733	0.0010451154329995749
6.0	25.972178902004543	23.66517596306335	23.54491659820852	26.81064476591707	0.007083770806517508
7.0	25.89825134922697	25.038780340477686	22.551137976888562	26.511227388183805	6.029452229746248E-4
8.0	28.295368712449147	23.687524340099174	23.065677598235407	24.95142934921627	0.0
9.0	27.008075553365963	23.48094680108243	22.16050169149735	27.350311916813435	1.640372408279944E-4
10.0	24.97304701452676	24.410939362063523	23.16869892723295	27.44731469617677	0.0
11.0	28.520630625393085	22.907684095365443	21.790718200508433	26.780755672298884	2.1140643415482348E-4
12.0	28.29205475935427	23.197589812009305	20.376398816403178	28.133956612233245	0.0
13.0	25.49996072253989	22.07160694425495	24.61719980650683	27.81102580322406	2.0672347427739808E-4
14.0	27.038476777054193	21.47714254415825	22.288335751163785	29.195993738552843	5.118907092860046E-5
15.0	25.583174054246676	22.631111660039036	25.31555481765244	26.470159468061844	0.0
16.0	26.832929671206994	24.401350650488325	20.852906715723314	27.91281296258137	0.0
17.0	28.98479443681312	26.16181636140827	18.10770339159029	26.74393098466185	0.0017548255264720307
18.0	25.965794948756304	24.994882163942076	19.469313067831777	29.569864632631322	1.4518683852271424E-4
19.0	24.970056078111067	25.350500219829275	20.660055433535078	29.01847431749504	9.139510295417835E-4
20.0	24.666364626684803	24.728702234346347	22.4649333016303	28.139951995736357	4.784160219612091E-5
21.0	24.061902304259387	23.561877637451044	23.374077840857343	29.001478111053764	6.641063784571481E-4
22.0	23.274977254099902	27.001451226022816	25.14704942439714	24.576428104157426	9.399132272108639E-5
23.0	26.502036814753982	22.12722546287522	22.743160116335932	28.627156438136286	4.2116789858277006E-4
24.0	29.548995822789802	20.607632164286592	23.685268897759244	26.158056727488642	4.6387675722314096E-5
25.0	25.418049890377365	23.436008217671674	19.201606725055388	31.943967074099383	3.6809279619392046E-4
26.0	28.161141333084295	22.814072376170405	20.050512888477485	28.974136064343732	1.3733792408234232E-4
27.0	25.71391752459543	23.595847577563173	19.652947270340213	31.0372419301992	4.5697301985593466E-5
28.0	27.235401213391608	22.83320997725566	22.70215539984477	27.22572181313625	0.0035115963717105795
29.0	29.32764785195686	22.96855469667122	20.641606722403466	27.06160936091999	5.813680484592629E-4
30.0	25.42462750409924	23.54668674698795	23.22877308048763	27.799689883795537	2.227846296428317E-4
31.0	27.79248601190014	23.344148283838116	21.260137630039985	27.60256276626179	6.653079599662023E-4
32.0	25.933732281860607	21.19648558863932	24.722355268478076	28.147119549780253	3.0731124175253455E-4
33.0	24.44620006174531	23.302177389422127	24.35379889760338	27.89782365122918	0.0
34.0	26.63827376409235	25.721861263615587	21.81245170770967	25.827284699416786	1.2856516561121807E-4
35.0	25.68857429777609	21.19988588583242	24.848444770565667	28.262713534864382	3.8151096144577396E-4
36.0	25.894563609483118	22.56295390953508	25.165809720191202	26.376418662502843	2.5409828775868794E-4
37.0	26.75688294953738	23.440232347566354	21.29488643170303	28.507955939979418	4.2331213809457896E-5
38.0	27.08845385604983	25.334569029724424	20.6977029589004	26.879062563477557	2.1159184778928836E-4
39.0	24.354895483591466	27.94654703238384	19.559215246940322	28.139173007148273	1.6922993609877612E-4
40.0	27.689679181799796	25.8530603404881	21.107495797409324	25.349553175991048	2.1150431172689885E-4
41.0	25.790345617471328	23.74092625668411	20.74246196778263	29.721275414200022	0.00499074386191373
42.0	25.386914944049206	24.095274302893387	19.675751384867297	30.84189021117984	1.6915701026825342E-4
43.0	26.08238255452135	25.008509546125126	21.977969472188267	26.92686779780557	0.004270629359688896
44.0	30.06861062739682	23.79806686206892	21.403099801849766	24.729799943095752	4.2276558874124507E-4
45.0	25.439230158928083	23.76274787206118	20.76628200256405	30.027682120157056	0.004057846289627933
46.0	26.024527892796446	23.40956898041919	21.390161878006342	29.17574124877802	0.0
47.0	25.36656525911749	23.389139179642648	22.560270863381255	28.68246111431106	0.0015635835475513223
48.0	23.828077479352807	22.58612008488666	21.964887944201887	31.620914491558644	0.0
49.0	23.21211660458005	25.14592466823784	23.855494454440247	27.784690369394255	0.0017739033476090315
50.0	28.913104806694978	23.065893987154666	18.727975931050096	29.29294081078981	8.446431045026234E-5
51.0	25.405866227977576	25.985825928484445	19.855311983272163	28.75075793786852	0.0022379223972962517
52.0	24.198517567989708	23.670370641682727	21.534543629693434	30.59656816063413	0.0
53.0	24.110824509518547	23.98964537988292	22.509663878076573	29.388396121763815	0.0014701107581445185
54.0	24.58080825686879	26.318937264983617	21.46835445164558	27.631816026453293	8.400004872002826E-5
55.0	24.628188013859045	26.821113738530855	22.16212505373792	26.387191810152665	0.0013813837195138033
56.0	27.821429154394732	24.26455231517387	24.205035954662094	23.70898257576931	0.0
57.0	23.365391013443134	27.245080343680208	21.896911841449445	27.487343835463374	0.005272965963841682
58.0	26.415825410334755	23.679576949116232	20.10604725429499	29.798173797993037	3.765882609907284E-4
59.0	29.02696069509801	21.045483699697378	23.578715447705523	26.346036938064334	0.0028032194347621803
60.0	26.350820915985228	20.58013983889271	22.555187865994057	30.513851379128003	0.0
61.0	26.391196758457514	21.969796235170403	22.115223315069752	29.517649464402705	0.006134226899628191
62.0	26.445909943440824	21.398853795264554	24.0091295812201	28.145814600236584	2.9207983793741563E-4
63.0	28.8990664920981	21.710087676477386	21.811015343174926	27.577494006507102	0.002336481742481327
64.0	27.12962011433973	19.875442004477563	22.824260392695937	30.17063588317061	4.160531616087777E-5
65.0	26.33769319762162	24.65108674897174	23.144402183024443	25.86170101683944	0.005116853542755471
66.0	26.45892011895239	22.255153626038744	22.477409403628222	28.808142473316206	3.743780644404483E-4
67.0	27.709118437362218	22.736196727312052	20.74933240160723	28.804728509986937	6.239237315630537E-4
68.0	24.989519005536625	21.769108682921637	25.946824757772575	27.294339597529817	2.0795623935264054E-4
69.0	23.982903843058708	22.828493206743808	24.737442072565923	28.44841604363787	0.0027448339936877136
70.0	27.430510314424595	21.995115202707467	23.27332872461644	27.300672302800997	3.7345545049930997E-4
71.0	25.531462681728584	21.41249509484269	25.315408334446342	27.739558786010264	0.0010751029721221665
72.0	29.098235946861767	23.832453814948888	20.92706639964147	26.14025934078292	0.0019844977649593923
73.0	27.45184767520402	21.217530199322557	21.44509473381357	29.881517626020322	0.004009765639532817
74.0	25.413082075833522	24.23971407033182	23.153591313662993	27.192414002883105	0.0011985372885614906
75.0	27.213901707958833	22.90398047102454	21.49443608512974	28.385408810437607	0.002272925449285041
76.0	28.10702811037532	22.1231649741211	24.30554665950391	25.463061871752224	0.0011983842474456853
77.0	26.035526675170455	22.729378202609237	23.480835685511778	27.75318509960551	0.001074337103016945
78.0	27.78030504924048	24.65048248848783	20.025079898275603	27.543347525994054	7.850380020369671E-4
79.0	28.34511021016592	19.547715046266745	21.389171553213263	30.715276391999573	0.0027267983545011384
80.0	24.522958592446408	21.41612172534296	27.716055171513474	26.341807413625645	0.0030570970715075663
81.0	26.58471264799912	24.052766402542726	20.698581034383757	28.663361571640024	5.783434343768164E-4
82.0	23.726176809926294	21.507615448262417	22.529962165446754	32.23467584929464	0.0015697270699020116
83.0	27.111166186478307	21.272612740997758	22.70119892189969	28.9137003418115	0.0013218088127471936
84.0	24.414562660877554	23.534052346540573	24.55164933567277	27.498331334238706	0.0014043226703939042
85.0	25.59095215635483	25.70634652507659	20.661043703655366	28.040831599389076	8.260155241357607E-4
86.0	26.95964781141722	23.39303634629124	21.41717910490908	28.227700160648872	0.0024365767335830482
87.0	24.277354008992194	19.906419408867322	23.619580980948573	32.19557195571956	0.001073645472354455
88.0	23.806908671536053	26.193235849247483	26.165322692199222	23.833706953968477	8.258330487650286E-4
89.0	26.674462015634465	25.213164395569372	21.085386734776876	27.025872053054616	0.0011148009646744347
90.0	24.800017835828626	23.361591286206835	25.290255403285837	26.547681321634904	4.541530437956295E-4
91.0	27.566033132265254	23.956179241368805	23.31627330341326	25.16064735361739	8.669693352946106E-4
92.0	26.544925092852168	23.29042407960043	22.65762163871435	27.507029188833055	0.0
93.0	27.922336589604562	24.84556275425644	20.521484991775043	26.71020286851833	4.127958456226096E-4
94.0	28.44965937647568	22.879317233932245	22.206779778553432	26.459042621694895	0.005200989343750722
95.0	24.784345321555477	24.23719600006439	23.503480977521722	27.471923306637652	0.00305439422075593
96.0	27.055350291551928	23.09987717178121	23.40463643507604	26.439393188977157	7.429126136656299E-4
97.0	27.337360207407674	23.840822367144934	22.57927392455967	26.242419690192627	1.2381069509800443E-4
98.0	29.901599889070834	20.881919866885003	24.137451468490838	25.079028775553326	0.0
99.0	23.173615314379738	20.663165421261382	26.008526601172004	30.15469266318688	0.0
100.0	22.93411137992151	23.1643650922005	24.00839491585281	29.893128612025176	0.0
101.0	24.33861036911748	19.957384927960724	28.85638555707965	26.847577892142198	4.1253699941213475E-5
102.0	26.425517484917695	22.907412113371443	24.187675740254257	26.479353407875806	4.1253580810814374E-5
103.0	25.439849464343684	24.704866216880074	25.19925474620825	24.655905831070584	1.2374149741235904E-4
104.0	26.743143407706572	26.094192354140684	21.579045488441462	25.58324754343938	3.7120627190117005E-4
105.0	28.686525894481907	22.15701834415879	20.20789991635499	28.944513827823265	0.004042017181047724
106.0	27.08755739081516	22.30743659583173	23.38513835661411	27.21962019364812	2.474630908799953E-4
107.0	27.370491884412424	22.637158688555694	22.95534828666346	27.03613503776826	8.661026001637347E-4
108.0	24.976609453120975	22.272542652440595	23.715478583578168	29.035245605896602	1.2370496366166694E-4
109.0	27.649571980007863	23.060221312022904	24.301607105601907	24.987774980477077	8.246218902477741E-4
110.0	25.065071767573087	22.498112681665987	22.857723615784455	29.57884455299932	2.47381977150976E-4
111.0	25.77437838011674	22.251903502807995	23.763532320688117	28.209237498026095	9.482983610518196E-4
112.0	26.254912372995676	22.275498575968417	23.20639635078507	28.262986557867464	2.0614238336876233E-4
113.0	29.640324072776203	20.23113189656452	22.075685142157	28.051663321828407	0.001195566673867551
114.0	26.828081636288147	21.175479097183366	26.880610288936452	25.115581589902952	2.4738768908150313E-4
115.0	28.142402988582525	22.061206565975187	25.798501585416638	23.996981729567917	9.071304577297823E-4
116.0	28.563023058378022	22.880212956942273	23.836309142164673	24.720289913036808	1.64929478216733E-4
117.0	26.948536020991977	24.01431075970557	25.505667733747632	23.53045468864161	0.0010307969132167954
118.0	28.39312183164939	22.956515644101586	24.108099639021916	24.542015498762037	2.47386465074185E-4
119.0	27.420225343587745	19.821404053743706	24.30984557775475	28.44798902267413	5.36002239664743E-4
120.0	25.94694549007805	22.13512655487893	24.2650581546365	27.65270488119632	1.6491921020190235E-4
121.0	29.350962698053078	23.05820469254229	22.54637644650026	25.043549104630408	9.070582739588106E-4
122.0	26.36369408526474	23.954310857355836	23.807697921279246	25.874090987427405	2.0614867277361494E-4
123.0	25.541321336129236	26.855302141372295	20.981061689893934	26.621366556529207	9.482760753244547E-4
124.0	25.73575763772561	23.665621793177717	22.53356327971262	28.064809916994193	2.4737238986053555E-4
125.0	27.643049030068457	23.317688655519696	23.155868485759	25.882115758522257	0.0012780701305940305
126.0	23.614365242672896	24.313835754297276	23.38142828695689	28.690205804953848	1.6491111909097691E-4
127.0	27.59512332679746	21.39188518412855	26.923616046913164	24.0880149473035	0.0013604948573294393
128.0	26.10376679784048	23.799780254665464	23.93797657011752	26.14767463672963	0.010801740646908826
129.0	25.083888224892593	24.367102045763662	21.716568084173936	28.828731144990265	0.003710500179546981
130.0	26.410079233082474	22.691838637939693	24.035807845138862	26.86227428383897	0.0
131.0	26.72252963253553	24.085750367250075	23.302228567871072	25.888584387532422	9.070448108997101E-4
132.0	28.168238864059898	23.25638636476079	21.53371703745238	27.034813727592066	0.006844006134868149
133.0	28.611950691882814	24.938991532820474	24.185945644640675	22.26059716765692	0.0025149629991222367
134.0	28.590523230166028	21.860103648304893	19.372709244653702	30.17666387687538	0.0
135.0	29.095582135924893	20.872589585061487	25.81792905097307	24.213404487952253	4.947400882946144E-4
136.0	28.07631273312271	25.281581929941666	25.402794400973328	21.232178365387984	0.007132570574312109
137.0	29.80466870531019	20.994908613550617	23.0071792300788	26.193119763641587	1.2368741880436322E-4
138.0	26.175416003317636	23.083433162037444	25.28429538523437	25.45520652380925	0.0016489256013013322
139.0	25.98767999650426	23.220234387592438	25.027588711569038	25.763012864563645	0.0014840397706169194
140.0	28.74231428023737	20.351888991720138	24.92541528136485	25.97984553326476	5.359134128821218E-4
141.0	27.890624194841628	24.211784735949276	24.75660255630698	23.140493823597915	4.946893041988816E-4
142.0	29.788346221422284	21.91759757996895	23.02616011351522	25.267648739319814	2.473457737264372E-4
143.0	28.10186059281404	23.35226602841306	23.39546852030641	25.150239963459263	1.6489500722652369E-4
144.0	28.106161886116844	23.750426153872155	22.715001069764735	25.427462736528284	9.481537179786846E-4
145.0	29.057810478721258	20.93732505439546	21.67284893686664	28.330737576852393	0.001277953164253259
146.0	29.006411974075082	20.30061333001343	24.286969849623254	26.400851851821315	0.005152994466920661
147.0	27.651007984064847	23.165124377945382	25.395616844035366	23.78449950367544	0.003751290278964083
148.0	24.749747913432277	22.960531034886472	22.70036450522188	29.588738182025054	6.18364434316093E-4
149.0	29.760472204049005	22.864324197530557	23.624589865900216	23.748222700703415	0.002391031816800791
150.0	26.7062286404505	22.15028053410726	25.356160825813262	25.787329999628977	0.0
151.0	27.844056004884326	22.44581705120589	24.459242360093945	25.250224985025042	6.595987907905168E-4
152.0	27.321324403933716	22.987226341316614	23.792273966842494	25.899051612012226	1.2367589494969482E-4
153.0	24.45065308187115	22.487841418372703	23.976059230236146	29.084456845228896	9.89424291108415E-4
154.0	23.27526819038023	22.58076219209279	24.35376023093582	29.787694554233596	0.002514832357564636
155.0	29.18848307865619	22.855916429500382	22.621952677800493	25.33348287660783	1.6493743510742788E-4
156.0	27.709503979389073	21.092885674570464	26.101254329165428	25.09619107665143	1.6494022360121413E-4
157.0	25.940159820674918	21.264792731660187	26.62578301120823	26.16897578773268	2.886487239870801E-4
158.0	24.86753832203249	19.738305455454157	25.78777018615355	29.606179854278754	2.0618208104522767E-4
159.0	28.784077460113238	20.21789780576415	22.83407354257131	28.163250157732612	7.010338186961596E-4
160.0	28.058234530731113	20.04026469791373	24.01382624735407	27.88755081026313	1.2371373795698308E-4
161.0	25.521403578225488	18.86195357008097	28.39866471198316	27.213854334840583	0.004123804869801171
162.0	26.266040722134566	22.22636439440114	24.47620995644396	27.0313436885805	4.1238439834353435E-5
163.0	26.07679723265699	23.01265272575286	26.849916262965216	24.060633778624933	0.0
164.0	25.450459645966824	21.38414657532721	25.297374918601566	27.865585670741638	0.002433189362755954
165.0	29.20302959692669	20.955811848256207	24.47989376202446	25.360646171040667	6.186217519780431E-4
166.0	26.015571770536212	22.238274979749605	25.25030478701203	26.495642246861806	2.062158403460467E-4
167.0	28.076531413985062	21.863066197635625	26.5993640942137	23.460625850407475	4.124437581380309E-4
168.0	26.87853165601155	21.61253866776655	23.278861620952775	28.22998556403382	8.249123530624872E-5
169.0	27.666747923114077	21.16990310684233	25.34541208361742	25.817689404860456	2.4748156571687365E-4
170.0	32.84448490453266	21.811942811581066	22.463131157095734	22.880358630008946	8.249678159430805E-5
171.0	26.64973279237332	21.89976455369974	25.934937954042596	25.5148222273187	7.424725656386997E-4
172.0	28.10016988362209	24.170533625945055	24.074559071781295	23.654531199154004	2.0621949755856737E-4
173.0	30.074573989588842	18.69641102880102	20.874860704761733	30.352669560763246	0.001484716085166614
174.0	25.89847116998594	23.585718822301864	23.451394588263437	27.06396176069088	4.536587578823209E-4
175.0	25.907629008163774	23.055628648518898	21.858159690573427	29.177221611357517	0.0013610413863815024
176.0	24.676436172165364	22.17293336352534	27.821849029256956	25.32700786105739	0.001773573994950676
177.0	23.6876527010477	25.033175030926923	23.437019828294208	27.816618906447033	0.025533533284136253
178.0	25.732234399147714	22.398105035571827	22.23939392814528	29.629895431322595	3.7120581258808405E-4
179.0	30.37090723689041	23.162933366553666	21.702173649399516	24.762706984272867	0.0012787628835360515
180.0	26.482015487255854	21.284650034291495	24.820336987919543	27.412749151404505	2.4833912860283165E-4
181.0	29.281126272147866	20.729181573636804	25.129159174293854	24.859620414097485	9.125658239950888E-4
182.0	26.623932581193515	21.87050186624588	25.029845830419266	26.47555379674637	1.6592539496466203E-4
183.0	24.176179743958944	24.359741793531896	25.275021581504248	26.18847611971813	5.807612867844865E-4
184.0	27.510330634224818	20.452519322361837	25.484028742000262	26.548765447207256	0.004355854205826142
185.0	25.72331567873949	22.386033291519823	23.350647777578665	28.539505472260384	4.977799016386914E-4
186.0	28.385255371799683	21.633018807262378	24.941786057278453	25.03993976365948	0.0
187.0	25.42832302374049	22.89316155762903	27.048974379240487	24.628833858172726	7.071812172668694E-4
188.0	28.03222828702777	27.475413409566567	21.25868034250043	23.23322036182775	4.5759907748025983E-4
189.0	26.827028882255664	21.74375188509501	23.27541628098056	28.152929307637102	8.736440316591957E-4
190.0	28.99829707882241	20.769938386123336	25.176189725306706	25.055366781262624	2.0802848492438374E-4
191.0	28.461962258579653	23.425338141756164	22.677549706243845	25.434816245484804	3.3364793553254587E-4
192.0	27.81111955951866	21.723261033409397	23.767923959326964	26.697612029568408	8.341817657042016E-5
193.0	28.7475638895007	22.87023873882893	20.89602980731367	27.486084135914947	8.342844175693625E-5
194.0	29.63856959716052	21.8226585161233	22.901605675955413	25.63716621076077	0.0
195.0	27.80332487295878	20.151727631294012	23.386558727697636	28.65772117314783	6.675949017446341E-4
196.0	29.95236446646235	21.293573284582855	24.890958207239482	23.862894728359407	2.093133559084765E-4
197.0	25.226075822803786	22.415358166573018	23.650265161253046	28.707463453971304	8.373953988472414E-4
198.0	28.69216975442958	21.99260481236946	22.238481581903738	27.076534023024877	2.0982827234534713E-4
199.0	26.35822891839579	21.87850507803606	25.778182563508594	25.984410044204232	6.733958553326849E-4
200.0	29.524367930560015	23.70432446743359	22.495640428704856	24.275667173301535	0.0
201.0	25.653206650831358	19.79750835857849	27.99554489765766	26.55344544330668	2.9464962581602163E-4
202.0	26.487967572832943	24.169883129681306	26.92092194655613	22.42122735092962	0.0
203.0	28.468294934407595	23.536367767222032	20.337035166927837	27.657417767874776	8.843635677584626E-4
204.0	26.712430886173195	23.4148463744091	22.997973334950622	26.874580936881937	1.6846758515194092E-4
205.0	27.977119106666308	23.57594616815376	24.910412230099467	23.535637989594846	8.845054856187832E-4
206.0	27.305097182871958	20.035021386044857	25.314219424105865	27.34549351341925	1.684935580700411E-4
207.0	27.210481102913885	23.63202724001471	25.317338840656276	23.839942162997716	2.106534174093253E-4
208.0	28.77931229763917	21.847974664129485	19.82655749365002	29.54615554458132	0.0
209.0	27.921414866175258	20.073057759710938	24.630486443478638	27.37415594392893	8.849867062354056E-4
210.0	26.815726050169395	22.205610738277663	23.239363006960527	27.738920861429317	3.7934316309817145E-4
211.0	25.920568515694598	23.795675337941955	24.740433005850505	25.542479945664525	8.431948484167541E-4
212.0	29.269390311539816	20.62417623204054	23.654292661426886	26.451719025797516	4.2176919524328704E-4
213.0	30.410967921892084	23.303331537079696	21.55019080095892	24.73508775409358	4.2198597571808304E-4
214.0	27.87682669236402	23.715984017418346	23.059164436306574	25.347982625572303	4.222833876249009E-5
215.0	27.596345564888157	23.651488123339938	22.18442982335429	26.567313070529142	4.234178884742687E-4
216.0	27.074715000971906	23.909648050926048	25.262906412082092	23.752687720872643	4.281514731407736E-5
217.0	30.26775950133213	22.346627506565405	24.57756704594356	22.807483135151703	5.628110071979199E-4
218.0	24.568964384655875	23.678909231366166	23.551251744068416	28.200568086766804	3.0655314273902605E-4
219.0	27.56798004060887	21.316426242706548	23.627238906657112	27.48747008524323	8.847247842377434E-4
220.0	27.402381642471337	21.13713241511365	23.96032282533867	27.499763646685306	3.9947039103268873E-4
221.0	27.06278274695462	21.00932418798818	22.876033396671026	29.051547733211645	3.119351745232739E-4
222.0	26.73660769560669	23.717249349069316	23.231585973991482	26.31446725966706	8.972166544944273E-5
223.0	31.851914914539858	22.199969861430873	22.1748847381837	23.77227442851673	9.560573288395604E-4
224.0	31.997659480926504	21.48000890236405	22.345070589544466	24.177169814418544	9.121274643403769E-5
225.0	31.300147563280532	18.841800152835035	23.191593431302394	26.6651752950005	0.0012835575815391413
226.0	26.403562470242186	22.36154316334883	24.171281007700827	27.06347454674424	1.3881196392554683E-4
227.0	28.84432708317676	22.845147699217613	24.002925836942005	24.306012296170504	0.0015870844931108862
228.0	29.157645722138813	27.31767770772468	21.678108950667482	21.84652074727403	4.687219499208094E-5
229.0	27.003916048239667	25.52899717987841	21.180435819795647	26.28660371386867	4.7238217607573234E-5
230.0	26.495499167042034	22.117071705883614	26.085907876517254	25.30152125055709	0.0
231.0	25.612153889324485	23.4969963270526	23.440537575873968	27.448483194496788	0.0018290132521636506
232.0	24.03449252831395	24.852007099978447	24.89356086197419	26.21960049302715	3.390167062589749E-4
233.0	22.938024885371895	25.022744931042446	20.48879992225458	31.549502395115713	9.278662153655621E-4
234.0	27.030156419974467	21.158372119592485	26.714087732282916	25.096489615879435	8.941122706974573E-4
235.0	26.183576146644576	21.26355418951345	26.978008560859397	25.574558385182165	3.0271780041209986E-4
236.0	30.195600582151272	22.464433589373034	23.557779432867044	23.78188010767042	3.0628793822784863E-4
237.0	28.516544507577706	23.989535987676312	21.363802054908774	26.129860019894185	2.574299430153078E-4
238.0	27.758620599995528	21.704530621987423	22.786964613794936	27.74988416422211	0.0
239.0	28.44315571392008	21.682815003154534	23.732893629526018	26.139555753101607	0.0015799002977585428
240.0	25.675406604024044	20.544873329300298	26.098276965125844	27.681171089224392	2.7201232542248954E-4
241.0	28.642681733696207	21.477707783590855	22.989331636621944	26.88771852604009	0.0025603200509013418
242.0	28.830934397934243	22.71639121245871	18.22592465467499	30.22614947813128	6.002568007731307E-4
243.0	27.268580655698837	21.998965381806343	25.508637204629892	25.22075769667988	0.0030590611850475277
244.0	27.931471713146976	21.806260818362063	25.795955088645584	24.465436786836335	8.755930090465175E-4
245.0	29.67845317077397	20.545073260294224	22.960650354428687	26.814287704181744	0.0015355103213713422
246.0	24.20935097660251	26.752312644617522	22.027558957814662	27.008415758112996	0.0023616628523065483
247.0	26.247420531986503	22.668775632731165	24.4389398641448	26.508909536271887	0.13595443486564163
248.0	25.816671900239456	22.275704614576338	23.453451647030192	28.443134426294648	0.01103741185936792
249.0	26.320856176786904	21.128556459617197	27.558452976353397	24.97554610023196	0.016588287010541856
250.0	30.355862870308208	20.091370271344537	22.697490782312908	26.854167348072394	0.0011087279619528911
