# Position (bp)	A	C	G	T	N
0.0	23.459423544849013	24.60257704432162	25.619259808429756	26.31873960239961	0.0
1.0	23.082096724358962	30.229178793770668	23.132027674549214	23.479538552668192	0.07715825465296709
2.0	24.595625770185904	26.801361492665016	22.64431771116516	25.95797064643631	7.243795476121894E-4
3.0	25.026210606374182	22.457656350206065	24.84360933889654	27.666519325158863	0.006004379364353405
4.0	25.442149947336507	24.272275594991115	23.831519368463606	26.453884863766454	1.702254423201728E-4
5.0	27.55845650091395	24.20989703117978	22.667554468197103	25.56353924971416	5.527499950039905E-4
6.0	25.22137733732665	24.124220006951663	24.377204489636377	26.27091705495675	0.006281111128558643
7.0	24.994767308345782	25.819456461039536	23.67617138145602	25.50901166953794	5.931796207209505E-4
8.0	26.662274919430608	24.4858230847486	24.372505858246914	24.479353855026677	4.228254720212157E-5
9.0	25.704302489070823	25.84207533861772	22.872614564835757	25.580880978018396	1.2662945730413484E-4
10.0	24.446912359671884	25.741119723038615	23.298178897890732	26.51378901939877	0.0
11.0	27.02488259277513	22.881069434205116	23.470977096935805	26.62282648983964	2.443862443129285E-4
12.0	28.056334007107715	25.406961194685778	20.19963823889465	26.33706655931186	0.0
13.0	24.9355263911972	23.622537404574118	25.13223759488243	26.30942194098664	2.766683596135338E-4
14.0	26.189556397590064	22.400479388224223	24.123114473508593	27.2868106005543	3.914012281387737E-5
15.0	25.05309798053962	24.046147182738117	24.429317342560918	26.471437494161343	0.0
16.0	26.30106913896909	25.433999674350797	21.593540455840564	26.67131482193479	7.590890475975401E-5
17.0	27.99093178005661	26.648403762678956	19.498086300590288	25.861685468902852	8.92687771293393E-4
18.0	25.33872786431791	26.54173383105942	20.083078037990013	28.036386543997118	7.372263553998698E-5
19.0	25.313164511211166	24.669442042434145	21.776888087010487	28.240065482934813	4.3987640939150796E-4
20.0	22.14790148913214	25.690899966094143	24.7579983116119	27.403163892479547	3.634068226723702E-5
21.0	23.449144862495622	24.9285309398389	24.07707610489109	27.5449231513541	3.2494142028284344E-4
22.0	21.65505527005738	27.416348479756454	25.756728889752388	25.171867360433776	0.0
23.0	24.803897277599386	24.955149644356382	23.08648540047268	27.154183702229133	2.839753424210176E-4
24.0	26.656803278112413	22.253175144260844	24.912283784448647	26.17770265046353	3.514271456384377E-5
25.0	24.18245351929095	26.3111312351895	20.051719808839803	29.454486776880774	2.0865979897714964E-4
26.0	25.44632428659299	25.979453048868983	19.828015176960875	28.746138375733448	6.91118436966543E-5
27.0	25.279069358851004	25.53944107927144	20.3736909499985	28.807695262426652	1.0334945240292646E-4
28.0	27.568253838587033	24.3170872008523	22.806125401217862	25.305878628830502	0.002654930512299476
29.0	26.47684430255815	24.099121868644716	23.468761598000903	25.954936361086805	3.358697094223209E-4
30.0	23.06299581457338	25.294846008862276	25.574451551298026	26.067406976554487	2.99648711826835E-4
31.0	25.27283090693693	25.20155754810372	22.853345459519414	26.671835530762966	4.3055467696641775E-4
32.0	23.209510691785106	23.078205189618664	25.159604101771276	28.552450347031062	2.29669793894327E-4
33.0	23.904755167969558	24.87699018906715	25.530035679659218	25.688089171891853	1.2979141222141895E-4
34.0	25.530210771929756	27.3191956660613	22.759193247166646	24.39127165023298	1.2866460931956365E-4
35.0	25.03063603625219	22.81507226158704	26.296586106593356	25.857419203122568	2.863924448400196E-4
36.0	23.082078543086784	25.28178731305321	26.737587750534136	24.898387424966934	1.58968358937837E-4
37.0	25.008501741983096	26.260212419598943	21.765794329671813	26.965491508746148	0.0
38.0	26.431482202292532	26.01018373620787	21.2916027866261	26.26650885317785	2.2242169564768406E-4
39.0	22.849937781567395	27.698655020790834	22.223432951657056	27.227783635519753	1.90610464959284E-4
40.0	25.667070075631237	27.69659834125857	22.78358538452498	23.852587376158212	1.5882242699727145E-4
41.0	24.014040824726944	25.192812017533246	21.501505621824514	29.287703193836624	0.003938342078676006
42.0	24.002553321223054	26.468826615515557	21.040319609761056	28.488268695773684	3.175772665489514E-5
43.0	25.54170315702168	25.75753341923782	23.16080672315871	25.53681307899	0.003143621591790258
44.0	28.4779307434819	24.949637309252797	22.9810077491076	23.591138452394596	2.8574576310469755E-4
45.0	25.4617243380311	24.34469745548463	22.214956249674618	27.97547924732425	0.0031427094853956066
46.0	24.600322370329742	24.631651586108998	23.021736190862534	27.746289852698723	0.0
47.0	24.927976711332693	25.02011446918273	24.00669434925447	26.04407187316411	0.0011425970660011674
48.0	22.68332460774515	24.427585550425967	22.999127441181603	29.88996240064728	0.0
49.0	21.777890021514203	26.843992028861585	24.411468616577263	26.965189882453945	0.0014594505929969848
50.0	26.101832675996285	26.105036876862243	20.252230885196973	27.54080438766135	9.517428314729933E-5
51.0	24.2401923233692	27.333663853439393	21.839068428129483	26.58517220827081	0.0019031867911223949
52.0	22.296037853080342	27.099395987748203	21.495087791153498	29.10947836801796	0.0
53.0	22.0424212587851	26.01965915618817	24.098170651941047	27.838706191420826	0.0010427416648603012
54.0	22.496288041062055	29.3377625110948	22.527759512457614	25.638158337522682	3.159786284694848E-5
55.0	23.703663289116854	28.931900988981152	22.32182081777094	25.041637244905846	9.776592252082178E-4
56.0	25.654833626549873	27.057132919329867	24.366026320428336	22.921975599380538	3.1534311380512236E-5
57.0	22.549049593669487	28.366199128280496	22.392905667564158	26.68755732818571	0.0042882823001463375
58.0	24.83599484062012	25.74103028061616	22.09109376394166	27.331628884077585	2.5223074446850094E-4
59.0	27.249996610893	23.22033262430062	24.87976551793279	24.647666859924584	0.0022383869490060775
60.0	23.25535944589948	22.990400550877833	25.214620166836927	28.53955689330581	6.29430799433764E-5
61.0	24.62274096148581	24.82212481000947	23.501993523801133	27.0482001642651	0.004940540438480831
62.0	24.751247107808076	22.946028465493352	25.226773334910867	27.075730824212947	2.2026757475645487E-4
63.0	26.312488928143612	23.973420622302047	22.877389436402783	26.83475016385561	0.0019508492959479289
64.0	24.4924995533299	22.711596811858787	23.917747388510673	28.878093445583335	6.280071730979312E-5
65.0	23.14322099993595	27.3369160457204	23.837366291942917	25.678571921967368	0.003924740433366699
66.0	24.338731984220054	24.8192574382546	23.63620094472466	27.20521309679111	5.965360095822521E-4
67.0	25.845600897411465	26.299329923981862	21.106719566138104	26.74769030513685	6.593073317172978E-4
68.0	23.359269240332427	23.394525079050936	26.729890672366203	26.516032459231315	2.82549019115383E-4
69.0	23.097261176210576	25.457731600166007	25.061860712467137	26.380948972525115	0.0021975386311594656
70.0	24.54666033985509	23.790733811939496	24.880479049122844	26.781782042176932	3.447569056375276E-4
71.0	24.04958868786962	23.50541177147007	26.749631122107488	25.694337247824073	0.0010311707287502274
72.0	26.46978599224829	26.134753490377538	22.6565143559693	24.737196481268267	0.0017496801366000277
73.0	24.787196618889652	23.233105539105022	23.543492618504754	28.432987320211367	0.00321790328919703
74.0	24.366557233448265	26.856748699406662	23.283315198596455	25.49247291270116	9.059558474607775E-4
75.0	24.607677880392202	24.56444403904041	22.73659594726471	28.08931411884808	0.001968014454597594
76.0	26.313734395855697	25.098920349244203	25.57235109469146	23.013900858803872	0.0010933014047673564
77.0	23.969695265939503	25.748591276534604	24.394748678736082	25.886340067718685	6.247110711296025E-4
78.0	26.896885609962553	26.800121189783827	20.654456067141638	25.647849974543895	6.87158568086482E-4
79.0	27.47713151576502	21.87753480441656	22.220105276078755	28.42279218047292	0.0024362232667442716
80.0	23.837845941463627	23.273439378843577	28.42012386898497	24.466060960031484	0.0025298506763446467
81.0	24.988826691760675	25.448345585192456	22.305671105902974	27.25659443811299	5.621790309095401E-4
82.0	22.964417397105148	22.266250837768638	24.536549198958888	30.231533330543375	0.001249235623952594
83.0	24.449593243809183	23.18730459728654	24.817639749147496	27.544431817081666	0.0010305926751094066
84.0	23.489680546790026	27.185547175691617	24.501218360947746	24.822367252056598	0.0011866645140156007
85.0	24.55465084507592	27.31391545337445	21.614020843904914	26.516788321167883	6.245364768336E-4
86.0	25.146845801213985	25.446017481918084	23.068256794906745	26.33697516540937	0.0019047565518160918
87.0	21.55508289083464	22.140723639140887	26.766992043454067	29.536202252762244	9.9917380815738E-4
88.0	24.584781298688323	27.176600255403915	26.29005517099261	21.947782700599795	7.805743153582681E-4
89.0	26.691284002083115	26.422308338838775	22.867583421482834	24.017731475179307	0.0010927624159665704
90.0	23.65687075237717	26.49442641949592	24.37180140419761	25.476714097674407	1.8732625489858157E-4
91.0	25.772175278028058	25.273719722243555	24.61057964580496	24.34299461707961	5.307368438141371E-4
92.0	25.54278823025141	24.608637097129176	22.592265492101877	27.256309180517533	0.0
93.0	26.47391106320265	26.36639797760519	21.30835058880896	25.850934542824326	4.0582755887543306E-4
94.0	27.56411517084112	23.714411026982145	23.361912209314124	25.3551912568306	0.004370336032015833
95.0	24.11910355492652	27.013283604359984	24.125065787461082	24.740361941852314	0.0021851114001007646
96.0	25.456485882774526	24.913971889159832	24.448433701543635	25.180172081193557	9.364453284488345E-4
97.0	25.162454310212972	25.41666276489152	23.564068708699708	25.8565645025861	2.4971360970387087E-4
98.0	27.617029737459724	23.99060846754899	24.331585270576205	24.060776524415083	0.0
99.0	22.145738474273035	22.670571520246103	26.991088294303523	28.192601711177335	0.0
100.0	22.882513128223536	25.38406198550238	24.97222980828502	26.761195077989058	0.0
101.0	23.006287859565415	22.612543697768274	28.701408908742547	25.679697114113715	6.241981005027604E-5
102.0	24.686562840997905	24.899089590215716	25.036549981397275	25.3777975873891	0.0
103.0	25.8812271717056	26.194546146276487	24.936682351861673	22.987357069089658	1.8726106658285694E-4
104.0	25.225208074034033	27.246993584566003	23.434466822381488	24.092988214027567	3.433049909055387E-4
105.0	27.09407791656523	23.518854909892195	21.51641416505927	27.867563062978707	0.0030899455045974647
106.0	25.556118741869515	23.145126454747704	25.472566723013042	25.82603202504875	1.5605532098706863E-4
107.0	25.193577191645865	24.94978962359462	22.908010220913173	26.9479051154191	7.178484272409121E-4
108.0	23.228076395178206	25.52952514226258	24.722168994902454	26.52010463485469	1.248328020657332E-4
109.0	25.906228681882666	25.039086465815803	26.003344116308842	23.05056056701433	7.801689783593609E-4
110.0	24.420878337641845	24.926884251810264	23.161901920669255	27.490210665724664	1.248241539730904E-4
111.0	24.728063452277226	24.439181581463625	24.860162075930027	25.971812718916098	7.801714130214978E-4
112.0	25.175542918414084	25.0247231460137	23.385022314024052	26.414618002819175	9.361872898844651E-5
113.0	28.160410212370778	22.157290930741713	23.082372002106982	26.599115517021865	8.113377586607185E-4
114.0	26.21341257150846	22.43808425359711	27.575646369061662	23.772607158148062	2.4964768470496013E-4
115.0	26.175082676699695	24.374217664804927	26.31458059031647	23.135463708853187	6.553593257163935E-4
116.0	26.638866679274653	24.657789894760757	25.282915116414788	23.420334685883237	9.362366656492894E-5
117.0	25.412307655818054	26.958020548753197	24.050598542824883	23.578355463095946	7.177895079147216E-4
118.0	25.936924993571164	25.651372275858282	25.657395409685446	22.754057657306777	2.496635783282028E-4
119.0	26.89527024285749	21.91899798581017	24.919591569488926	26.265578450727872	5.617511155440902E-4
120.0	24.92762062942355	24.09842158826101	25.17856490830906	25.79533045781961	6.241618676421068E-5
121.0	27.39550746384175	23.10161385760403	24.922228242008735	24.579901430850544	7.490056949399672E-4
122.0	26.59866565385021	24.419633076654684	24.685278937516422	24.296110248025602	3.1208395308005016E-4
123.0	23.573023966774763	28.383168799782542	23.905357501191364	24.137763157196666	6.865750546685387E-4
124.0	24.99349317954143	25.321611694176315	23.015419760137064	26.669412950601217	6.241554396706957E-5
125.0	26.853561321844033	23.766528979781373	24.960741137421	24.418107510613623	0.001061050339973012
126.0	24.419397905219974	24.286859159404134	24.839390003451562	26.454259309075862	9.362284846892315E-5
127.0	25.84068918490871	23.08185865218226	27.639485514290662	23.437030425684966	9.362229334049024E-4
128.0	25.85598664800016	23.529529253375294	25.274676576640115	25.33050755949635	0.00929996248807077
129.0	23.954891052141615	27.601611693673345	22.572199938146216	25.868238955338885	0.003058360699940175
130.0	25.633203622256463	25.31016905091001	24.10553815013009	24.951089176703437	0.0
131.0	25.122967920204502	25.15757776057168	24.746597609268324	24.97210771431184	7.489956436540875E-4
132.0	26.150904439213985	26.06205524690838	22.584921664784822	25.196095503987447	0.006023145105367589
133.0	26.442906941544724	25.29177706416006	25.114735373697467	23.148614530962792	0.0019660896349626912
134.0	25.511522440078444	23.62842955027469	22.07710379246251	28.782913009665595	3.120751876508103E-5
135.0	25.740225071987023	24.390173876707536	26.124977647900682	23.744092882373813	5.305210309459158E-4
136.0	27.456769703684053	26.15354127982274	24.465897920014978	21.91795527954187	0.005835816936352147
137.0	28.28983359802568	21.995076066932782	24.432482229619808	25.282358444726217	2.4966069551100704E-4
138.0	24.864322718295238	24.731134140682464	27.582705332130438	22.82093282558569	9.049833061786332E-4
139.0	25.46003779101972	23.981163782409855	25.213506778822676	25.343949770086425	0.0013418776613256815
140.0	25.547036152849945	22.222721527875297	26.291469674983226	25.93855419806831	2.1844622322083352E-4
141.0	24.709334258736824	25.798691036734855	25.669117904060958	23.822232652429435	6.24148037928228E-4
142.0	28.023548187869952	23.2093643493493	24.01908297010008	24.747692414279086	3.120784015843596E-4
143.0	25.894353153754814	26.30816498172019	23.654807285709605	24.142487333644368	1.8724517102505808E-4
144.0	27.769667244841212	25.708960790029018	23.173834969968837	23.34700646436175	5.305307991853544E-4
145.0	27.570213621174123	23.155078511679697	23.422432657463386	25.85158864598404	6.865636987558217E-4
146.0	27.47056554596044	22.11010582922025	24.588910026438583	25.82595599561604	0.004462602764691638
147.0	25.672246355102857	25.370356500898744	27.189465997603357	21.76481051527861	0.0031206311164369885
148.0	24.429789741208428	24.815255870619193	23.77532118016547	26.979102692770514	5.305152363975894E-4
149.0	27.332667787837245	25.5175947739179	23.87444221035586	23.272892273690864	0.0024029541981326237
150.0	24.849484821778546	24.328564366694046	25.166056658369556	25.65583173757493	6.241558292409516E-5
151.0	25.772063676937755	24.764897228263703	25.839224751477495	23.623221378443603	5.92964877441962E-4
152.0	26.753775198941888	24.53706102174582	23.570673759020185	25.13833397519882	1.5604509328687768E-4
153.0	24.43098990233147	23.860302321480678	26.022211437782538	25.685716113669383	7.80224735932938E-4
154.0	22.07770847540147	25.672696857673866	25.25505164388115	26.992576826027452	0.001966197016061957
155.0	26.878749102712153	24.359789020317717	24.493617552510845	24.267688274398427	1.5605006085952374E-4
156.0	25.399258317400452	24.0251293200577	26.70996789704082	23.86542599309752	2.1847240350229987E-4
157.0	24.410366942784314	23.30155811251256	26.796832402797815	25.490774387193284	4.6815471202399204E-4
158.0	25.113248992978153	21.686066363254454	25.914652987108	27.285969234725822	6.242193356932985E-5
159.0	25.534405848813268	22.082553562310313	24.828960165197014	27.553518614003043	5.618096763601724E-4
160.0	25.52109554835941	22.205329483828177	26.253396277944674	26.02014747766377	3.121220397175295E-5
161.0	24.208789246850017	21.315184604397743	28.768559071909067	25.704158530555986	0.003308546287186812
162.0	24.457393171183618	23.96865295543	25.549832742722817	26.024058703761565	6.242690199944004E-5
163.0	24.917001283530357	24.448506460103182	26.805932207622273	23.82849762022484	6.242851934534958E-5
164.0	25.18790855028776	24.820129400075476	24.59416154500956	25.39652067563733	0.0012798289898746798
165.0	26.506106838297868	22.823086801824775	26.800819614304295	23.86933120396771	6.555416053527157E-4
166.0	24.143149692822536	23.913547025623096	25.87476899255781	26.068440637330802	9.365166575096148E-5
167.0	26.543232037601683	23.965952196839407	26.559902549308344	22.93032007070295	5.931455476153832E-4
168.0	25.499597275207762	25.16408693860476	24.381895491355465	24.954326637903584	9.365692842737529E-5
169.0	25.528519197153464	23.011826529251938	26.14795946242538	25.311320168601643	3.746425675753726E-4
170.0	31.17570383783826	22.419375736619862	23.363997533543035	23.04079800810184	1.2488389700200596E-4
171.0	24.79895347784414	23.6253625518656	27.535271730476836	24.039694160768533	7.180790448924287E-4
172.0	26.55366526143334	24.752845847235818	24.8003911010769	23.893004135781503	9.365447243811312E-5
173.0	28.256980397604448	19.92099106115779	24.231863608907315	27.58900992216168	0.0011550101687719588
174.0	23.566742386192054	26.524892078605543	24.66401476640001	25.244132257048484	2.185117539033223E-4
175.0	26.20035125683893	24.533317266839695	22.987125369222383	26.277270635714938	0.0019354713840555868
176.0	24.06504024430676	24.16303642685751	29.55516788597353	22.215662780743923	0.0010926621182784889
177.0	21.709273355104997	26.695348648429256	25.14215064909115	26.430591893697663	0.022635453676934317
178.0	24.799522731891642	23.371589498228506	24.772019251811685	27.056525114798152	3.4340327001081096E-4
179.0	27.591898742713493	24.295779374956485	23.477767311924506	24.63349306854898	0.0010615018565355264
180.0	26.44769286889596	22.310497121663534	26.082284257840083	25.15943181622483	9.393537559277136E-5
181.0	27.441355779121402	23.019706967058884	26.826438194636093	22.71177776662736	7.212925562608193E-4
182.0	25.32287725976455	23.442884847838734	25.54192802931129	25.69224715172856	6.271135686995075E-5
183.0	23.6365232687758	24.72088914113344	26.979864509139595	24.662284091817714	4.389891334511287E-4
184.0	25.756307698868547	22.991277418966416	26.453750440174105	24.7954346693826	0.0032297726083298653
185.0	24.838184759707033	25.64011237082372	24.59980435436942	24.921459566569677	4.389485301494933E-4
186.0	27.174432459550985	23.08506835570049	25.378182616330115	24.362316568418414	0.0
187.0	23.991881515366682	23.19517666501197	28.00742099872442	24.80489245521324	6.283656836932822E-4
188.0	26.713583868425715	28.36134163339228	22.855545794230427	22.068994554186038	5.341497655396735E-4
189.0	24.317542155666533	24.681352085873975	25.32834176137676	25.6720098566159	7.541404668318025E-4
190.0	28.125033388955405	22.71665111134156	24.994987728576863	24.163202071529355	1.256995968185432E-4
191.0	26.222577297293213	24.59832919551258	24.80004205499068	24.37895701734422	9.443485930622486E-5
192.0	26.707803138027963	23.959093125596358	24.626319933286762	24.70675232270167	3.1480387246539594E-5
193.0	27.263777141444844	25.55166024649068	22.023465257848645	25.161065869903677	3.1484312154361284E-5
194.0	27.73914051041915	24.020632384733144	23.871575936609133	24.36865116823857	0.0
195.0	25.625695540917487	22.077027673002714	25.528548116788524	26.768287805778208	4.408635130649902E-4
196.0	27.15061498426256	22.995495836583043	26.798573408146115	23.05525266981163	6.31011966510933E-5
197.0	24.679909233855355	24.858513175827376	24.421659293731853	26.039381853650163	5.364429352516533E-4
198.0	27.621492672808774	24.02897054551627	24.56244051526934	23.7870330478277	6.321857791705533E-5
199.0	25.512916795873164	22.981029054911627	25.60676901616076	25.898968385770317	3.1674728412959906E-4
200.0	27.065547732619027	23.88937073897924	24.771969460348313	24.27304871303789	6.335501553148206E-5
201.0	24.398826069022935	21.91017856701601	29.179832311867234	24.51097297259624	1.90079497581872E-4
202.0	25.07271929449374	25.683684930052923	28.29055401631333	20.95304175914001	0.0
203.0	25.722013022696867	25.07537838141049	23.436290768818292	25.76590583676183	4.1199031252317443E-4
204.0	26.189622696227723	23.79860270540018	24.197322617973395	25.81435689615882	9.508423988232375E-5
205.0	27.220975131367165	24.803527721022995	25.671701589084655	22.303256713846217	5.388446789721886E-4
206.0	25.086406853839517	21.98783789652607	25.831013141957037	27.094678707252662	6.34004247194452E-5
207.0	25.97348739571731	23.754750642587126	26.77189020962592	23.499840046771656	3.170529798699892E-5
208.0	28.046129813196202	22.59937171818523	22.7075102699912	26.646956486442093	3.1712185280345236E-5
209.0	27.646462708130798	20.52588759390567	25.34657673502465	26.48062890827575	4.4405466312903117E-4
210.0	24.002776449792478	24.53795364356691	25.910507079598013	25.548382143798655	3.806832439415055E-4
211.0	24.357103396235516	26.177373174661046	25.949569731049777	23.51528732776311	6.663702905469663E-4
212.0	28.506358111385683	22.775549906158492	25.337461174504572	23.38034509293992	2.857150113397113E-4
213.0	28.900677793173024	23.18584391253552	23.573308582351967	24.339852065874712	3.176460647781973E-4
214.0	27.57126545372244	25.80166085794464	25.00356025282881	21.623386283617368	1.2715188674327144E-4
215.0	25.216528354983247	25.852219616680717	23.143716226911206	25.78724916708839	2.866343364367339E-4
216.0	25.74361982608438	24.848059667951176	25.848932497829193	23.55938800813525	0.0
217.0	28.069704380078676	23.409531576903646	25.972878239085517	22.547333862331477	5.519416006825894E-4
218.0	24.33736046973412	24.892330717499828	25.809940167321443	24.960073256466558	2.953889780525989E-4
219.0	25.98883848057863	23.583537338492004	25.300393524874607	25.126634456429898	5.961996248579472E-4
220.0	28.208035359604633	21.998860549127414	25.220323248427263	24.572347971381202	4.3287145948606165E-4
221.0	25.041704142997922	23.185487596608297	25.062232828896597	26.71044103748148	1.3439401570326876E-4
222.0	24.84746132054914	25.692825234255828	24.35627315319242	25.10327004794073	1.7024406188712138E-4
223.0	30.466112089614363	23.465438162729225	24.06849247103768	21.999268189824118	6.890867946163027E-4
224.0	29.20171638820394	23.511671108064178	25.480375841746188	21.80609844422084	1.3821776485288103E-4
225.0	30.52623086050688	19.86720074784348	25.029908174947522	24.575929900802233	7.30315899881341E-4
226.0	25.339644967083125	22.236827707387235	26.747940562086782	25.675446025363115	1.407380797485292E-4
227.0	26.481687621907184	23.55381828934723	26.925564824766425	23.037791937492536	0.0011373264866278837
228.0	26.935290909253478	27.521097291642448	23.777430055705075	21.766145977700084	3.576569890646376E-5
229.0	27.433382940053853	25.532586272008018	21.99989457669293	25.0341362112452	0.0
230.0	25.34466032831996	23.644011222277005	27.82262228369556	23.18870616570748	0.0
231.0	25.44609173718894	25.243942438918925	24.955568846059194	24.35281048032872	0.001586497504218054
232.0	24.839669217752107	25.040152307746	25.514072056592664	24.606032164912936	7.425299629403296E-5
233.0	23.581049545879353	25.141193457166956	22.631146148459464	28.646158818483958	4.52030010272382E-4
234.0	27.086657395606924	21.378686603267706	27.0626515179895	24.47039899450541	0.001605488630464682
235.0	25.72608332560082	21.458198014289692	28.170989143546443	24.64442021589187	3.093006711824565E-4
236.0	28.152244466538416	24.366605679458292	24.181055529735676	23.299780563710062	3.137605575525108E-4
237.0	28.02047931438129	25.43508850910607	22.17872403047845	24.365510347062035	1.9779897215742106E-4
238.0	26.67707491327465	22.914405422889228	24.907873766279447	25.500445121194637	2.007763620367236E-4
239.0	27.7884111180067	23.69161664194313	24.19095322481074	24.32787730167416	0.0011417135652697257
240.0	25.732062676690052	21.63279013029026	27.16102404608992	25.473827828528012	2.9531840175368504E-4
241.0	29.11182293224127	20.733634731014398	24.373636825931015	25.77925829815056	0.001647212662757282
242.0	26.57242318086786	23.698446797734196	22.267657536397028	27.460203079493134	0.0012694055077812443
243.0	27.593326508994476	23.06492253074981	25.861177003391532	23.477902457186037	0.002671499678147896
244.0	26.018902261848325	22.85476150422854	26.71337856690133	24.41168324267928	0.0012744243425244818
245.0	28.579272816583245	21.06787905049608	24.306190197892064	26.04423169175984	0.002426243268771142
246.0	25.089857523819916	26.496758649852342	24.373341813246398	24.037058129463038	0.002983883618308428
247.0	25.522357855476578	23.1370588456297	25.205869193225016	25.992501272273323	0.14221283339538157
248.0	26.15213468759429	22.974271264179183	24.26297313445083	26.599594679029725	0.011026234745973501
249.0	26.03940295644213	21.48599734424639	28.58878939685446	23.868425007932576	0.017385294524445823
250.0	25.686442676729776	22.580930122858554	25.730054246446105	26.001500889813244	0.0010720641523188747
