# Position (bp)	A	C	G	T	N
0.0	24.024380054043725	23.935337380339593	24.84448438199009	27.195731956275377	6.622735121170113E-5
1.0	22.818443034452123	29.821965518130316	23.857043612300732	23.427336738378855	0.07521109673797344
2.0	24.57883333247236	26.771235620431604	22.274079632333248	26.375027079416135	8.243353466533468E-4
3.0	25.50841502211942	22.643098096059443	24.227242441876875	27.61464425032883	0.006600189615430782
4.0	25.666139492431395	23.832624356590852	23.751062861604748	26.7500964791396	7.681023340545083E-5
5.0	28.13266850530861	23.907854686712053	22.273824955777567	25.684972308026854	6.795441749199316E-4
6.0	25.875613409478337	23.74260563029667	24.27364450278858	26.102534019763258	0.005602437673154443
7.0	25.726752982089874	25.325812940234982	23.165604273139966	25.78107607570758	7.537288275933789E-4
8.0	27.594766398175363	24.26530634270235	23.687454275317123	24.452407575228857	6.540857630711682E-5
9.0	26.42655667543628	25.70149115359999	21.910941662442905	25.960858170115426	1.5233840540427023E-4
10.0	24.87172893982777	24.755501893718034	22.98102259142823	27.391746575025973	0.0
11.0	27.277084628211227	22.14640014718775	23.14593781317594	27.430482519609654	9.489181542276675E-5
12.0	28.471433962777954	24.203436295535095	20.198221995039514	27.126886959290974	2.0787356464602823E-5
13.0	24.822689278456718	23.337733499147006	25.187293039021252	26.652181431779777	1.0275159524420406E-4
14.0	26.40726762646766	22.15065097582299	23.620955632426785	27.821054571476346	7.119380622022318E-5
15.0	25.600238670077292	23.422856376564326	24.28946180198922	26.687443151369163	0.0
16.0	26.532034920416127	24.5739440473988	21.583634483639003	27.310287667552608	9.888099346129656E-5
17.0	28.22086615150284	26.46726881997289	19.271403676669035	26.039278656892822	0.001182694962417444
18.0	25.20028908238482	25.961998834506687	20.02478839096275	28.81274080171848	1.8289042726476586E-4
19.0	25.227112427772425	24.50207215227818	21.91917481168149	28.35118105547214	4.595527957708122E-4
20.0	22.599183422363716	25.27447708194788	23.885085975252483	28.241139452038233	1.1406839769262446E-4
21.0	23.865725158394817	24.335520111931867	23.614416228233832	28.184178113564997	1.6038787448799708E-4
22.0	22.5212781577623	27.033338551452584	25.518359124417024	24.92694010358776	8.406278032602161E-5
23.0	25.36682035104748	24.058950464911522	22.851296183179137	27.722700568343996	2.3243251786708765E-4
24.0	27.92402085622523	21.909508813974888	24.141292544387635	26.025067259576375	1.1052583587466002E-4
25.0	25.071401718565028	25.21042569493524	19.885443586966304	29.832555755252514	1.7324428090994827E-4
26.0	26.147056563963634	25.51815084648803	19.659178942302432	28.675541085039008	7.256220689970443E-5
27.0	25.576193910480434	24.72730128544943	20.05999783395442	29.636434587640203	7.238247551504429E-5
28.0	27.386931409139027	23.60779264647051	23.025176428530152	25.977608707436183	0.0024908084241291244
29.0	27.47392947264326	24.074415468903627	22.135669752718055	26.315736659789827	2.486459452240087E-4
30.0	23.69863405124927	24.690517590192798	24.901110616061548	26.70942907145047	3.0867104591508266E-4
31.0	26.32363047513725	24.88957348675347	22.124131635881707	26.662278218816788	3.861834107894379E-4
32.0	24.006132659099467	22.75228538435143	24.672297236717057	28.56901487308237	2.6984674967849064E-4
33.0	23.832550659254053	25.129197663851865	24.371357523761564	26.666842451663005	5.170146951086791E-5
34.0	26.143878866354004	26.680266601822012	22.309331576781922	24.866386151972478	1.368030695872754E-4
35.0	25.292976350731717	22.293934354888595	25.831764859554763	26.581121396148085	2.030386768375508E-4
36.0	23.924516118672102	24.670911677131286	26.269129381259017	25.13524843368749	1.9438925010543503E-4
37.0	25.319851324481913	25.423319279365593	21.617570712325378	27.639233338529117	2.5345298003677604E-5
38.0	26.56267881595302	25.599953783928207	21.095516846780125	26.741723864545357	1.2668879328671016E-4
39.0	23.119169685043193	27.311022327190464	21.555155966928247	28.014457808943625	1.9421189446525654E-4
40.0	26.135849979239577	26.313753023093795	22.618837156408283	24.93144164447522	1.1819678312258003E-4
41.0	24.21583155886555	24.578240839419987	21.529518772778786	29.67190952430194	0.004499304633735077
42.0	24.49455411356405	26.11630079126187	20.372296364395392	29.016814968831817	3.3761946875914215E-5
43.0	26.140779642573307	25.492803353205563	22.405303514608878	25.957619582555747	0.0034939070565023
44.0	28.711696054123898	24.69927721900314	22.833414240499415	23.755384658094304	2.278282792442278E-4
45.0	25.764859151649976	24.4422945960156	21.742917761463904	28.04635134706462	0.0035771438059055273
46.0	25.218659088880674	24.229338590948192	22.608837739695765	27.943156144716458	8.435758912084039E-6
47.0	25.459723054457907	24.532778389583466	23.10273882015072	26.903055901945542	0.0017038338623653127
48.0	22.979468567056312	24.008873461930175	22.62884573320487	30.382803805523857	8.432284789962747E-6
49.0	22.406598001284788	26.066541717807084	24.365499781245344	27.159741656189855	0.0016188434729285106
50.0	26.837225626486383	24.996545526420885	20.104884478103866	28.061234770071163	1.09598917702257E-4
51.0	24.930200597102893	26.59849947088841	21.4569711821737	27.012044390414054	0.0022843594209427036
52.0	22.685811423516647	26.175725862396458	21.800374554498035	29.33807974376857	8.41582029463282E-6
53.0	22.429874423611444	25.21433625607436	24.125524124230118	28.228786334105337	0.0014788619787358135
54.0	23.213006287822154	28.46256854001749	22.229832994979777	26.094516554929186	7.562225139373911E-5
55.0	24.064009188483375	27.77122688469753	22.59090080252516	25.57242113602686	0.0014419882670780246
56.0	26.17911236727292	25.785029181117235	24.547026894174014	23.48883155743583	0.0
57.0	22.82857540867884	27.764823403568016	22.738329706015424	26.663527442756802	0.004744038980913374
58.0	25.153812501780916	25.403392205537017	21.832500004190393	27.61011929205854	1.7599643313895506E-4
59.0	27.379005036694192	22.697738683192405	24.399307345609202	25.521183546039193	0.002765388465011635
60.0	24.09131626785824	23.17583166862057	23.511246248641708	29.22158907428355	1.674059592838574E-5
61.0	25.496527114021205	23.77430409203625	23.0339283902863	27.689565808067435	0.005674595588813782
62.0	24.971720687768943	21.994952741160017	25.06194834836765	27.971118779471915	2.5944323147759446E-4
63.0	26.546987786852632	24.155675325003553	22.327142765565114	26.967892723679654	0.0023013988990442415
64.0	24.96878674036841	21.82485742387761	23.66827532488144	29.538055451722506	2.5059150035396045E-5
65.0	23.668331303868552	26.30124551701823	23.873880909352792	26.152023686397285	0.004518583363144012
66.0	24.670177336369843	23.93346119449406	23.281215600843336	28.114711572414997	4.3429587776375037E-4
67.0	26.802122575919924	24.920424281346538	21.22838987049581	27.048436921930865	6.263503068698937E-4
68.0	23.845802462537495	22.827567258806948	26.685328327198143	26.6411182298591	1.8372159831109744E-4
69.0	23.258629286501574	25.15948690622834	24.729345114759173	26.84980803116728	0.002730661343630682
70.0	26.045823547348824	23.22938614517219	24.219653984097448	26.50486949922192	2.668241596268864E-4
71.0	24.49363557698698	23.158574443108307	25.941595982971865	26.405395475594734	7.985213381121509E-4
72.0	27.367653340678995	25.627949243077513	21.758768550456175	25.244081885492854	0.0015469802944652038
73.0	25.232954366841316	22.912874742462407	22.93945390303663	28.910941349705745	0.0037756379539102716
74.0	24.597893155637205	25.908336412214304	23.44535636976608	26.047557547216645	8.565151657652052E-4
75.0	25.455844139645688	25.07993830111881	21.863871646370615	27.59815901182008	0.002186901044806526
76.0	26.651824634530545	24.40820826738607	25.10443676982503	23.834673897272353	8.564309860056682E-4
77.0	24.467286922251876	25.23637890465857	23.697280353861633	26.598421923457465	6.31895770455547E-4
78.0	27.461504642123952	26.356720046851912	20.26267068539546	25.918530949100425	5.736765282493288E-4
79.0	27.358846495355856	21.24332809002963	22.49304957416171	28.90219021552971	0.002585624923096365
80.0	24.114369686511175	23.081918917847137	28.0866963346202	24.714645681781395	0.0023693792400976783
81.0	25.269494918525737	24.925306913164313	21.840392435179602	27.96442332048732	3.8241264302752435E-4
82.0	22.932267885208393	22.71808980150204	23.90705914803277	30.4414276477271	0.00115551752969971
83.0	25.46572708672444	22.462451258895637	23.826998517244625	28.24394197960021	8.811575350898129E-4
84.0	23.583209327973798	26.29920516318917	24.621338253759603	25.495150034155156	0.0010972209222740335
85.0	25.172093037173525	26.95727906771651	21.00371652968407	26.866321215788048	5.901496378434536E-4
86.0	25.424174829690482	24.98302120414925	22.59548375251212	26.99563293152469	0.001687282123462007
87.0	22.110871232034178	22.317137686203537	25.80839918464201	29.76272750129348	8.643958267966862E-4
88.0	24.64784734814299	27.01564761820779	25.743681789292772	22.59210016816093	7.230761955254549E-4
89.0	26.781041309625092	25.95103574711097	22.57006104138276	24.696889521554805	9.723803263690678E-4
90.0	23.82925467524401	25.755217020645688	24.769057215568928	25.646346427556928	1.2466098445278065E-4
91.0	26.704522222846432	25.089462817541065	23.76734947060284	24.438042199523775	6.232894858875626E-4
92.0	25.48291483332174	24.247338621809934	22.511651593120543	27.75808664149825	8.310249537680043E-6
93.0	26.4280402407344	25.93261394667648	21.0569304793539	26.582166032875904	2.4930035931660787E-4
94.0	27.959664640381217	23.44458499982591	22.810299179649803	25.781263048957843	0.004188131185231985
95.0	23.98518438377412	26.61657330458557	23.698928290891832	25.696663270548775	0.002650750199699543
96.0	26.34438935719422	24.25835375631323	23.90582988481755	25.490413261844182	0.0010137398308184553
97.0	25.4904365546952	24.91847695805073	23.79003769108631	25.800899231662207	1.49564505550962E-4
98.0	28.409131131645132	23.29635879757148	23.79617974111178	24.498322020787167	8.308884440866086E-6
99.0	22.476842076491245	22.12107695258949	26.33562503941107	29.06644762350941	8.307998783376658E-6
100.0	22.984398176079175	25.007572531392153	24.54791198350808	27.46010900125165	8.307768943665516E-6
101.0	23.577617177663964	22.121516002084533	28.29721464594836	26.003486022885863	1.6615141727574316E-4
102.0	25.264955370384186	24.34318435636296	24.527727988070634	25.864090743756034	4.1541426190274025E-5
103.0	25.67417274750074	25.708916019065764	24.722363293492666	23.894298705568055	2.4923437277636206E-4
104.0	26.011261858140134	26.95356601969413	22.793632015711438	24.241191184912633	3.489215416682936E-4
105.0	27.47927593228292	23.444119519043944	20.743151164916963	28.330238192500897	0.003215191255277961
106.0	26.023131790859473	23.059022156113667	24.923783527272438	25.993979446974468	8.307877995156174E-5
107.0	25.772194661660297	24.24812614117591	22.87554978737927	27.103423249424313	7.06160360211569E-4
108.0	23.847036447046015	24.807822793575728	24.346037597417745	26.9990117835015	9.137845900695872E-5
109.0	26.266759570952324	24.399611038065835	25.12356502585603	24.20939150683375	6.728582920563845E-4
110.0	24.64780577728609	24.106944236544667	23.015095212929708	28.230088319148432	6.645409110490393E-5
111.0	24.952830623622642	24.229629155206084	24.533699573542155	26.283151164383522	6.894832455986671E-4
112.0	25.870700945878923	24.258879872488386	23.467032627917604	26.403286872967602	9.968074748598925E-5
113.0	28.311771311464724	21.960966827609678	22.676683802596546	27.049788945560106	7.891127689493595E-4
114.0	26.319393203433894	22.889620031137923	26.82456415341295	23.966090350143375	3.322618718620462E-4
115.0	26.976793913701343	23.593894195890712	25.96754469161409	23.461135846905805	6.313518880453603E-4
116.0	27.01118316228794	24.57985469033224	24.617336809068814	23.79155057344651	7.47648645011439E-5
117.0	26.254405410311143	26.52493758179993	23.748597641337607	23.4713449476252	7.144189261203605E-4
118.0	26.477583986481452	24.881784558687134	24.871708116453767	23.768607670772642	3.156676050024676E-4
119.0	27.175204631026162	21.441141394697553	24.498378602537812	26.88481016906462	4.6520267385205424E-4
120.0	25.4320373541849	23.547481244155932	24.655295531227843	26.365111106237592	7.476419373296622E-5
121.0	27.618219591654245	23.204784533106537	24.28464230433014	24.891664075520843	6.894953882311777E-4
122.0	26.990331749302516	23.70342556875789	24.41467354441468	24.89112055262337	4.4858490154599804E-4
123.0	24.039306784011394	28.23675049564202	23.305608725492654	24.417669428328246	6.645665256844164E-4
124.0	25.14746296251069	24.76149154448212	22.563872649950515	27.527031622857667	1.4122019900750444E-4
125.0	27.103372338706695	23.54446741321398	24.372323338803472	24.978972984490476	8.639247853790699E-4
126.0	24.481831357496386	23.899227289934117	24.855098691055613	26.763693135275307	1.4952623857359944E-4
127.0	26.07340069588812	23.286209782207255	27.354179739697372	23.28530432686373	9.054553435239425E-4
128.0	26.34313799194799	23.48821667413608	24.387046503214616	25.772818291433325	0.00878053926799211
129.0	24.56704556263081	26.539492085301227	22.148845597437123	26.74160131483144	0.003015439799402644
130.0	26.08926917405661	24.621544723889432	23.352520196880647	25.936599447571183	6.645760212664327E-5
131.0	25.795265556491504	24.3789531922105	24.00681523275964	25.81837620682952	5.898117088423574E-4
132.0	26.17221027279799	25.542874545223153	22.333568039002564	25.9455154990475	0.0058316439287934676
133.0	26.9766696143419	25.584838011469767	24.084431165829784	23.352017634546698	0.0020435738118508174
134.0	26.79262261049694	23.025100861838514	21.01096267626004	29.17125570102197	5.815038253813793E-5
135.0	26.08425199571483	23.791348114338575	26.033993609459277	24.08992446455297	4.8181593435075136E-4
136.0	28.054341118835435	25.888707937171468	24.512535235464114	21.538525824276427	0.005889884252559566
137.0	28.583913280923028	21.5422914668411	24.12815131809694	25.745469480498656	1.7445364027426772E-4
138.0	24.983892651792857	24.25233328105437	26.903449946436215	23.859144521208865	0.0011795995076916534
139.0	26.13650362974228	23.756513486937557	25.049803092846624	25.0558921912256	0.001287599247942354
140.0	26.47295162689814	21.32262704475948	25.87108010319174	26.333000630930027	3.4059422061450675E-4
141.0	25.33407312433656	25.4766426691491	25.234751280858013	23.95413417620107	3.987494552500932E-4
142.0	28.55996923638497	22.758711726268956	23.432201626288037	25.248876499188334	2.4091186970289833E-4
143.0	26.72819014959693	25.245952708495324	23.94597630108127	24.079714695855014	1.661449714562939E-4
144.0	27.976851549173926	25.518340062382823	22.623570843678344	23.88063941933984	5.981254250740326E-4
145.0	28.32720297938774	22.09390527595897	22.983182502285953	26.594762212961825	9.470294055122594E-4
146.0	27.4507393162773	21.648815152529906	24.802150206591197	26.09390073936197	0.004394585239626598
147.0	26.51179234957879	24.761122150829795	26.38089684974398	22.342691346716734	0.00349730313070103
148.0	24.63223838128648	24.712942784939088	23.734405005849514	26.919882167417068	5.316605078504242E-4
149.0	27.745448751529157	24.79601976658969	23.733182606690356	23.723039461238645	0.00230941395214994
150.0	25.513871690373897	23.93515185580307	24.90926300710328	25.641705139373183	8.307346568708651E-6
151.0	26.520540320503766	24.26739385078049	25.22529138594203	23.986184609505454	5.898332682578319E-4
152.0	27.505870999836173	24.484137915908875	22.903470693849666	25.106395776003787	1.24614401503614E-4
153.0	24.942207831156647	23.301978599825308	24.98667037520173	26.768345659393983	7.975344223333564E-4
154.0	23.25410063029872	25.034412670076765	24.795083754735714	26.913877396768015	0.002525548120788659
155.0	27.052957111014585	23.92985246598456	24.000590229115907	25.016392483751254	2.0771013369553552E-4
156.0	25.958761425329808	23.81222723714046	25.72407953660505	24.504665928927263	2.65871997422371E-4
157.0	25.10497434403602	22.802443178258724	26.07753137764525	26.014743683800607	3.074162593955133E-4
158.0	25.332517747670792	21.441153824391346	25.632562872423577	27.593715703089927	4.9852424360785975E-5
159.0	26.481891890836444	21.893057394227316	23.81790265706799	27.806583058373835	5.649994944085406E-4
160.0	26.247760327916907	21.585727717693135	26.04845402386524	26.118008076944683	4.985358003543592E-5
161.0	24.552417405910834	20.77961950296768	28.459114728329588	26.205250568895966	0.0035977938959313605
162.0	25.377073361315226	23.62353536698107	24.623250695517363	26.37609072128902	4.985489732134622E-5
163.0	25.475731504883765	23.740470974002875	27.087964222055984	23.695758515164137	7.478389324449673E-5
164.0	25.72975079531862	24.016225039958087	24.449795732846066	25.80249175598291	0.0017366758943153779
165.0	26.92789591979594	21.909242266811056	26.20464307105872	24.95759551355049	6.232287837964505E-4
166.0	24.877843707089486	23.464254409509778	25.537363039527783	26.12038095478688	1.5788908607481417E-4
167.0	26.604062576168214	23.39362303202944	26.2382307775218	23.76360162245098	4.819918295736724E-4
168.0	26.09112330381853	24.19272806629869	24.128812476429516	25.587186565543025	1.49587910238611E-4
169.0	26.851864086947145	22.37650631221494	25.50239217351334	25.268963176509235	2.7425081533520807E-4
170.0	30.91595849845485	22.912371637369674	22.98409223784479	23.18737817159008	1.994547406028769E-4
171.0	25.36079038684561	23.87554490345169	26.5256527934002	24.23721411656768	7.977997348146924E-4
172.0	27.054095363080123	24.664530885756434	23.843943710228793	24.437297111960177	1.329289744704089E-4
173.0	28.720988199106202	20.24303908258449	23.04230077596295	27.992176654621016	0.0014952877253408985
174.0	24.074649987332677	26.01182006587008	23.847759545139276	26.065346773155245	4.2362850272243606E-4
175.0	26.060705530104418	24.35388369142302	22.914362470335462	26.669370515434533	0.0016777927025652289
176.0	24.707047601961488	24.1845821871387	28.07512392191258	23.031942284947306	0.0013040040399207964
177.0	22.378050527842394	26.536881271489865	24.079157046973176	26.981523958799265	0.0243871948953016
178.0	24.992745485383086	23.263720998759382	23.845759800571027	27.89744981595043	3.2389933607280196E-4
179.0	28.00651331067545	24.139606776102244	23.139528702753164	24.713105359154017	0.0012458513151206482
180.0	26.62418741403109	22.16545611176131	25.658138539855894	25.552051418700856	1.6651565084765209E-4
181.0	27.924883336846346	22.36525705915469	25.93799943702858	23.771001368740947	8.587982294415376E-4
182.0	25.973770652538768	22.949236646249314	25.05363077647026	26.023236862690034	1.250620516212794E-4
183.0	23.93567849888593	24.39306190659743	26.11386942477466	25.55688989621742	5.002735245495474E-4
184.0	26.224788403322176	22.363036986111187	26.339416038613344	25.069081348765444	0.0036772231878523225
185.0	25.027620329763227	24.71408415054939	24.016572864814282	26.241130731114215	5.919237588859428E-4
186.0	27.608442517474213	23.186999654325955	25.070681421429025	24.13387640677081	0.0
187.0	24.744141357717936	22.916064699154912	27.324442466357272	25.014641437033553	7.100397363296677E-4
188.0	27.35761529543403	27.71127032948379	22.177806262803436	22.75294053960671	3.6757267204113605E-4
189.0	24.969247390664908	23.633668501408053	24.94883754969625	26.447327572350087	9.189858807009288E-4
190.0	28.77389781874703	21.678868658620825	25.035750438379413	24.5113243419463	1.5874230642879607E-4
191.0	26.635571554613964	23.85241905830024	24.337348228562288	25.17436003301674	3.011255067691341E-4
192.0	27.088904264764206	23.192173930429266	24.31160959732356	25.407262014201187	5.019328177981362E-5
193.0	27.553070387758577	24.276998952673175	21.678368425781944	26.49131123678438	2.5099700192447765E-4
194.0	27.61168255787122	23.47372232690674	23.779629618164318	25.134965497057728	0.0
195.0	26.33653724501306	21.826875638868938	24.35536576271663	27.480543574961626	6.777784397506846E-4
196.0	28.30760916393605	22.459545204814496	25.985384955946294	23.24736003574717	1.0063955599169757E-4
197.0	25.22634438334519	24.480347586058343	23.84783228861963	26.44472082032806	7.549216487790777E-4
198.0	27.752981235028294	23.090735519310513	24.030424933686156	25.125782699952424	7.561202261404373E-5
199.0	26.060831014096507	23.09064554190707	25.313208466755714	25.534742776342323	5.722008983890693E-4
200.0	27.700877996942037	23.450099725904188	23.77971149040513	25.06926871008345	4.2076665198752074E-5
201.0	25.442609960076943	21.15697911138513	28.682463531228397	24.717593932113473	3.53465196049471E-4
202.0	25.36523092492175	25.17538995839254	27.870978504104354	21.588375363295146	2.524928620267905E-5
203.0	25.929526038010202	24.350284145846295	22.5607668347248	27.158555848930703	8.671324879942139E-4
204.0	25.89558641395818	23.407001150945636	24.229493676534602	26.4678093050629	1.0945349868108533E-4
205.0	27.350438216902234	24.554805255689605	24.98138189647602	23.11242320269101	9.514282411350252E-4
206.0	25.560813764233437	21.495200795768007	25.44964673185176	27.494262923925355	7.578422143880049E-5
207.0	26.207721463990964	23.543129098644886	26.598189907378174	23.65063108677899	3.2844320699021467E-4
208.0	28.430608376548467	22.32351985919593	21.91184180026522	27.33397942654146	5.0537448923484955E-5
209.0	27.54042341836442	20.532793382843398	25.171131181786983	26.754834880249028	8.171367561759954E-4
210.0	24.6500365908176	24.47077275796358	24.754753899580237	26.124125017756196	3.117338823893779E-4
211.0	24.97069284219388	25.735851727818225	25.29765378410162	23.994950514281523	8.511316047496515E-4
212.0	28.6860744589165	22.558692403453332	24.423191566555936	24.33176339204428	2.78179029954318E-4
213.0	29.826537611038333	22.7542221617647	22.61075455510916	24.80812303941168	3.6263267612204664E-4
214.0	27.97383982907541	24.852702424469488	24.330098119626964	22.843317435726075	4.219110206533883E-5
215.0	25.740281854888785	25.006625907157492	22.601643529322946	26.651068273770058	3.8043486071730236E-4
216.0	26.208182695387254	24.72792026833351	25.243025991475974	23.82086249958556	8.545217703093336E-6
217.0	28.85443557905833	23.12137046292261	25.161031046375943	22.862431128438974	7.317832041463352E-4
218.0	24.752784164621048	24.447612817266158	25.2367764952496	25.562513473096722	3.1304976647791795E-4
219.0	26.714847209158325	22.731141719474817	24.46131566090018	26.091994058496788	7.013519698916614E-4
220.0	28.15997542914464	21.63462757684028	24.818245762091003	25.386799012093817	3.522198302582194E-4
221.0	25.829135851701096	22.769714341821075	24.04606392577746	27.354819791600793	2.6608909958020894E-4
222.0	25.44684495087693	24.83131969499132	23.88404106699875	25.83757948472303	2.1480240997563872E-4
223.0	30.804354995249394	22.78983376537508	23.473156520215316	22.931859411691182	7.95307469030682E-4
224.0	29.943222019287358	22.787390235593158	24.768890221054676	22.500343533912755	1.5399015205802856E-4
225.0	30.76534538434452	20.026938668544652	23.836806157867844	25.369862619528732	0.0010471697142492389
226.0	25.539344327640833	22.39577316031551	25.639760676210393	26.424919309277662	2.0252655560417217E-4
227.0	27.1914849722231	23.811884684510545	25.241935034207685	23.753171250304348	0.0015240587543235873
228.0	27.435989613047745	27.81666711797557	22.902492065522583	21.84472047949548	1.3072395862026465E-4
229.0	27.715896968476056	25.77696180436359	21.370743039668607	25.13637935154035	1.8835951389306812E-5
230.0	25.973004151980568	23.21406736886554	26.893481990490013	23.919418008826472	2.8479837414304166E-5
231.0	25.176806549350665	24.84180567834456	24.400793942258257	25.5790364019026	0.001557428143918666
232.0	25.127557076153074	25.00086783387987	24.302297821055266	25.56907421028809	2.0305862370152472E-4
233.0	23.768376040295284	25.276838425392473	21.96375364430917	28.990562539748097	4.6935025497452603E-4
234.0	27.528163687119356	21.455320283807737	26.25831734619607	24.756849334096376	0.0013493487804665096
235.0	25.388536935052052	21.77209545607468	27.876228863162293	24.962877869872525	2.6087583845243637E-4
236.0	28.513236467769797	24.007108664454634	23.526165053985217	23.95324590696398	2.4390682637279146E-4
237.0	28.01253458088546	24.693815423764455	21.946805546968328	25.346649633712538	1.948146692164831E-4
238.0	27.10567003460943	22.672924679646865	24.266843450447396	25.95453069677222	3.113852408378007E-5
239.0	28.169428685011994	23.299265726491118	23.936975278279384	24.592993238417378	0.0013370718001239792
240.0	25.52352671337175	21.68652944673205	26.475300683204356	26.314534582300748	1.0857439110124291E-4
241.0	28.950357320172614	21.31356790648376	23.527787849462083	26.20608057289479	0.002206350986749721
242.0	26.968624937129988	23.878779537200483	21.274700605893244	27.87691491524431	9.800045319765134E-4
243.0	28.430649940458935	22.88784192459063	24.5629253868423	24.115887249133074	0.0026954989750556124
244.0	26.92827174242549	22.970514003555316	25.675427636645804	24.42481366618176	9.72951191630171E-4
245.0	28.94944612568388	21.26512184446303	23.359626827645037	26.424162178290437	0.0016430239176087034
246.0	24.932341350145716	26.28168637141895	23.33296040732295	25.450423325863845	0.0025885452485387333
247.0	25.810506593191356	23.112097050862765	24.563536191999585	26.376884892986492	0.1369752709598035
248.0	26.563730669537005	22.751182075013507	23.851321952469814	26.82397904905981	0.009786253919862016
249.0	25.493783121414715	21.681904984296423	28.468008573545074	24.341143832453145	0.015159488290645867
250.0	27.49748559247525	22.287783397499915	23.951262626290514	26.262441306102595	0.0010270776317180127
