# Position (bp)	A	C	G	T	N
0.0	24.69152237380878	24.495051504746517	22.806840368949032	28.00658575249567	0.0
1.0	23.6817180014936	29.98260505273128	23.797532528247817	22.458607311342234	0.07953710618507252
2.0	24.187641390930676	26.06002475903879	20.837140376476793	28.91458737713289	6.060964208491107E-4
3.0	28.081886960391632	20.186249844842255	23.78273071578431	27.945196770296903	0.0039357086848980805
4.0	28.156947803556598	20.228485170244596	24.330055646560396	27.28436012505729	1.5125458112312577E-4
5.0	29.467497639282342	23.35410764872521	20.086118980169974	27.091520302171862	7.554296506137866E-4
6.0	28.635069861122	23.445688028028876	22.637928227270258	25.273172967333817	0.008140916245047609
7.0	26.247811417450045	24.544737257377307	21.101016704614622	28.10583346483615	6.011557218753053E-4
8.0	28.834131023411093	26.545734147693057	20.833902754396057	23.786232074499797	0.0
9.0	28.324162111034994	23.979536007602796	22.274603034223077	25.42139905234867	2.997947904659261E-4
10.0	23.917426328071873	21.358942635203753	22.940226655203094	31.78340438152128	0.0
11.0	27.607950771463603	24.546236609481117	20.264196656649684	27.581323353416064	2.9260898953337644E-4
12.0	28.36966684710398	24.98096724049592	18.428921689240628	28.22044422315947	0.0
13.0	24.58542102098663	23.085149025109512	23.129670455521516	29.199616342657542	1.4315572479743464E-4
14.0	24.40204535475007	24.07314551197609	22.902307398121785	28.622360090086264	1.4164506579413306E-4
15.0	26.233121117926384	24.246995462025634	23.725183818436697	25.79469960161129	0.0
16.0	26.144507522468096	26.20574653668548	19.501729588374516	28.148016352471906	0.0
17.0	26.031415056834316	26.926592726613823	18.23620249946587	28.80497837780825	8.11339277745775E-4
18.0	25.503445364455168	25.934817284801653	19.422691044724278	29.138779119942505	2.671860763991867E-4
19.0	26.27760671055426	25.214482905075386	23.647138458271392	24.8601083032491	6.636228498619665E-4
20.0	25.58020507004301	26.12689185864298	22.996369894465108	25.296270030380256	2.6314646864017746E-4
21.0	24.234601271855944	21.886760423603764	21.447356393883602	32.43102074927201	2.6116138467766157E-4
22.0	24.150697512944376	26.822867076793138	20.87564462787435	28.150531700599903	2.590817882343187E-4
23.0	25.65177107280065	23.206862285214374	22.53451236862815	28.606466602830256	3.8767052657287624E-4
24.0	28.10302799735103	20.396166936303047	21.999126403742373	29.50155056931064	1.280932929070901E-4
25.0	24.873063560317835	22.560578248359704	20.5153676615367	32.05073646635883	2.5406342693453423E-4
26.0	29.616223896881582	26.044124736748625	18.977823450305753	25.361827916064044	0.0
27.0	24.207760988140187	22.15403809238837	21.98553594839194	31.652411393737147	2.535773423573057E-4
28.0	29.724600338015684	22.776640144273756	22.074539762180027	25.419811950441158	0.0044078050893776935
29.0	30.17471534404994	23.83229022873482	20.510815741464686	25.481804589660236	3.740960903217601E-4
30.0	26.74398277125418	21.828657295994468	23.0544820651682	28.372629900602437	2.4796698071684776E-4
31.0	29.87662975426272	22.829750051708743	21.912492708138522	25.380632072796	4.954130940157814E-4
32.0	25.55378203100476	20.156490312071643	24.12631696317654	30.163168298592048	2.4239515500564172E-4
33.0	25.95252117972183	20.739674811093334	26.67369279448338	26.633872771449756	2.3844325169831203E-4
34.0	27.536221590909093	25.122395833333332	21.209635416666668	26.131747159090907	0.0
35.0	28.245858139059354	22.682402878678552	24.06075121100516	25.01063522244655	3.525488103827975E-4
36.0	27.390581977655533	23.48411640727281	25.007485337544693	24.11769886046744	1.1741705952457832E-4
37.0	26.375170179803764	25.961809304727478	18.418032017276182	29.244988498192576	0.0
38.0	30.151138791664078	23.866576397191945	19.84891987567218	26.133247600799287	1.1733467251306229E-4
39.0	24.008028915357354	25.402882854558616	20.787664282471415	29.801072008014838	3.51939597779965E-4
40.0	28.61881771133914	24.046704108779192	20.7464727934725	26.58800538640917	0.0
41.0	23.866747045039254	23.122230640579662	20.744070726712753	32.26226024296474	0.004691344703589113
42.0	26.266171627998613	23.396323329361763	21.094768789109775	29.24273625352985	0.0
43.0	26.319554047367223	22.633339039851037	24.153109778548025	26.89047941784139	0.0035177163923238736
44.0	33.043669924403005	21.900968879551293	20.084671443846254	24.97057251120824	1.1724099120223601E-4
45.0	24.468963059523027	22.72251971753055	23.305136404985415	29.499629563635338	0.0037512543256651445
46.0	24.810847368624632	25.260828438709858	20.684829226381854	29.243494966283652	0.0
47.0	27.962734637238174	20.06464830198586	21.650031878785605	30.321647570649013	9.376113413467849E-4
48.0	21.993030917978544	23.494054955921843	23.56939321651021	30.9435209095894	0.0
49.0	21.09310654690006	26.040215617381072	21.53760358221965	31.327434043036778	0.0016402104624339082
50.0	25.387697245879366	24.698991366282815	19.784215643780094	30.129095744057732	0.0
51.0	23.606990203921946	28.002984623566107	17.367510474880785	31.020406250841916	0.0021084467892455157
52.0	23.221402313415442	27.924121285085064	18.57232028987374	30.282156111625753	0.0
53.0	25.149146650179073	22.22349249308804	21.850538374493997	30.77553924942546	0.0012832328134296147
54.0	23.279956701473456	26.996491326297324	23.804274796338287	25.919277175890933	0.0
55.0	24.666947635577145	24.786552395684502	23.062182896866656	27.48339080073824	9.262711334548292E-4
56.0	26.521668165733075	22.732908038352946	24.067713813752285	26.67770998216169	0.0
57.0	23.159030248595442	26.230418970941255	24.198413378180362	26.406697423765067	0.005439978517872066
58.0	27.030504873535712	22.28183073214705	22.198049659957622	28.489383294933674	2.314394259376479E-4
59.0	29.38812631111245	18.85734055194869	24.583481342718	27.168621933313048	0.0024298609078191764
60.0	24.550993800388472	20.424012244203844	23.897830772238603	31.127163183169078	0.0
61.0	26.89783217268584	23.13930083520348	22.45031580408579	27.506882909562037	0.005668278462855425
62.0	25.73086359487837	20.675056189133258	23.601055418737733	29.992562097234092	4.6270001654152555E-4
63.0	29.283846199224772	22.67070435535979	21.75748188881473	26.28600114976964	0.001966406831065989
64.0	26.200317817927797	21.247770763988964	22.347989813172095	30.203921604911145	0.0
65.0	24.34955781380648	25.617424229282243	20.876138136491953	29.151559939445875	0.005319880973445698
66.0	23.89715491061826	21.528868370960243	22.834033754356913	31.739827319426677	1.1564463790507426E-4
67.0	24.793062535703793	22.76323671240607	22.197179775982534	30.246289696260437	2.312796471597703E-4
68.0	23.975296336424954	19.312312169942334	27.256013163569843	29.456378330062872	0.0
69.0	23.904838989420128	22.920390819217204	24.61571370757935	28.55674394403654	0.002312539746776898
70.0	27.37707950380929	22.405808159631903	23.381426374871385	26.835685961687417	0.0
71.0	25.026300691348887	20.94040924450617	26.567205021218765	27.464820310227434	0.0012647326987441205
72.0	26.944490748458076	23.028205850400354	22.69769099447609	27.327773019641207	0.0018393870242741606
73.0	22.650371402362907	24.754524993505346	20.591393028992606	32.000606934223505	0.00310364091564304
74.0	25.120402575638106	24.96948268846595	23.21763958078065	26.69190044115044	5.747139648596893E-4
75.0	27.72116545026148	22.296994425607725	20.796046204241136	29.18372507327165	0.0020688466180104593
76.0	24.137019520856917	23.078744275050425	24.754883087478955	28.028548606761333	8.045098523724422E-4
77.0	24.44961081735825	23.675152874711117	22.975164251968323	28.89915268164251	9.193743198066557E-4
78.0	28.237107075795848	25.864795232393252	18.275212995543583	27.622425034991714	4.596612756060059E-4
79.0	24.52569574200606	20.243570031555166	22.675593124513053	32.552383184980386	0.0027579169453311914
80.0	23.9319431166348	22.152154728636564	28.651616965730252	25.261182710692747	0.003102478305633181
81.0	25.482364620772703	23.040781527204537	20.96275290246077	30.513296625515917	8.043240460716813E-4
82.0	22.43147969841186	22.076325422887518	23.71513662696507	31.776253955414408	8.042963211486271E-4
83.0	25.842150555918753	22.85534393200063	22.224341393973305	29.07655559015167	0.0016085279556413946
84.0	24.10755625919845	24.155006198363722	21.183353228606457	30.552590732211154	0.0014935816202143635
85.0	27.33191486428422	27.459554101343947	18.901061783824396	26.306550156131163	9.190944162716475E-4
86.0	30.153387342097886	21.531552851543292	21.82736801474136	26.485164438766834	0.002527352850624256
87.0	20.948502636325	20.80583093058252	24.584563426877878	33.65983940817663	0.0012635980379768646
88.0	24.600172532028125	27.308419953524325	25.123856630709092	22.966631938182534	9.189455559218575E-4
89.0	24.42444799500114	25.052176719706775	22.495661033380465	28.026680480910272	0.001033771001345051
90.0	21.067768693762506	25.523351840833964	26.21387993632256	27.194884670781654	1.1485829931613369E-4
91.0	30.02856483252187	22.28860932796264	23.21033341717864	24.47157356966224	9.188526746078509E-4
92.0	28.916856843911475	22.1107893954029	22.30167489970471	26.670678860980914	0.0
93.0	26.10472347888406	26.058208806088945	20.39467412739048	27.441704481372888	6.891062636313833E-4
94.0	28.979734812594394	20.87813897933284	24.357733101337423	25.778420934759765	0.005972171975583004
95.0	23.84176845935107	25.931868192446743	22.706965697511496	27.516871017681837	0.0025266330088524035
96.0	25.581451435081398	23.292625225092795	22.84243963838154	28.282794641872773	6.890595714968211E-4
97.0	27.046946647726163	25.0900037551806	22.532691316116154	25.330128606322717	2.296746543683545E-4
98.0	27.858312491531223	20.91242309202775	22.374564503942143	28.854699912498884	0.0
99.0	20.917052769785368	23.76275804446852	28.184934690518794	27.13525449522732	0.0
100.0	21.329760374586854	25.147700146896806	24.61623209695189	28.90630738156445	0.0
101.0	27.515839653702308	17.999194389646874	27.675699371922295	26.809151825418958	1.1475930956208995E-4
102.0	24.723160003763876	25.994960077664373	22.67184735186048	26.61003256671127	0.0
103.0	30.279097945892357	22.508898226321307	23.15615670057669	24.055732385413105	1.1474179653525672E-4
104.0	25.673216592738097	23.83869420649363	23.936793940075404	26.55106578763186	2.2947306101000274E-4
105.0	28.977939632591106	22.297412808942095	19.012853918764336	29.707318920146907	0.004474719555557085
106.0	28.074068379814427	24.45704490616391	20.388194677898465	27.080692036123192	0.0
107.0	29.778726743705768	24.93953592965516	20.560537499196872	24.719937769047903	0.0012620583942945783
108.0	25.87031116097702	20.116420071334254	23.980148473449272	30.033120294239456	0.0
109.0	26.064811575183516	25.058762663081446	24.34661310249654	24.528665511106116	0.0011471481323854832
110.0	27.518646229802307	21.29421238462968	22.701368957898865	28.485772427669147	0.0
111.0	27.447469424555333	22.01305837036493	24.431105166682343	26.10733466547676	0.0010323729206288758
112.0	25.730458870287848	20.443098593164834	26.028343169135653	27.798099367411666	0.0
113.0	30.128339682069953	18.71013400594384	21.764409682196124	29.395969613237487	0.0011470165525958706
114.0	27.201362643160692	21.43478983982061	26.735563495386167	24.62805462042703	2.2940120550333492E-4
115.0	28.826384022223728	21.785468096405275	25.69010427120837	23.697011335522518	0.0010322746401089165
116.0	24.23193120012112	23.13978588354579	23.838979104491305	28.789189114791103	1.1469705068003881E-4
117.0	26.302448334476487	27.34149368360444	23.317329198103362	23.037581808046724	0.0011469757689899043
118.0	26.894234827769726	22.02083830357307	25.62969114165642	25.455006331320767	2.2939568002055383E-4
119.0	26.750112977113243	22.3586868503816	23.776578296006917	27.113704295883046	9.175806151919234E-4
120.0	26.775938107554754	21.61372278011321	23.692785905589933	27.917553206742102	0.0
121.0	29.804678135857028	22.585488442299816	23.300181339988963	24.308505086351555	0.0011469955026306342
122.0	27.3686576956428	21.401420437601224	24.466188905354628	26.763503562563944	2.2939883740669202E-4
123.0	27.283092060061957	26.833464665824764	21.151871975481544	24.730424289972966	0.001147008658768365
124.0	27.182531717293134	26.142894993708733	19.801730357415266	26.872613532482337	2.2939910052612684E-4
125.0	28.435707477539168	22.338794128813294	23.409389907220383	25.81473210445363	0.0013763819735252928
126.0	24.21714869042089	23.08781950920175	25.287178340186617	27.407738760903598	1.146992871439304E-4
127.0	23.482615368028426	22.209478105479995	26.663623371588624	27.64279209324411	0.0014910616588405046
128.0	28.57155965196806	20.793142128335056	26.35105531303835	24.27231457756511	0.01192832909342405
129.0	25.64995131171627	25.93405232184045	21.686988816031693	26.7256813779071	0.0033261725044817308
130.0	26.093364515244765	23.74692185673831	23.221386601030197	26.938212331383127	1.1469560360281831E-4
131.0	26.102535105295814	21.488925616801453	23.50710019876657	28.900406823439546	0.001032255696617757
132.0	24.658985990124844	26.785642601948652	22.796813799985088	25.749726168015275	0.008831439926137047
133.0	27.51791238044554	25.745312157709233	21.435788976273194	25.29857790552173	0.0024085800503049148
134.0	29.160262968349294	20.87609474567951	21.380744404123448	28.582897881847753	0.0
135.0	27.810267450088944	22.650736723550036	26.72287335374085	22.815090245337487	0.0010322272826846167
136.0	27.668915780382818	27.91091628732227	22.15463029548147	22.2573944917932	0.008143145020237436
137.0	31.819323524115696	18.291411524932304	23.912921306432725	25.97588487683808	4.58767681193163E-4
138.0	28.89859434066136	22.367141336660918	23.282035636950855	25.4508523874188	0.0013762983080706133
139.0	23.699555221162207	24.50733690104531	24.298137158874816	27.493365019142235	0.001605699775431417
140.0	30.794207512891564	22.309287431413207	22.569527278733048	24.32674838970143	2.2938726074908704E-4
141.0	29.307135328195734	25.60797272079764	22.746776193321733	22.337542279666877	5.734780180140915E-4
142.0	32.85191268362956	22.018227613481002	20.234463173155444	24.89505243937128	3.44090362717121E-4
143.0	28.5698228292947	22.558497759416245	24.073630158589975	24.797705165098964	3.4408760011515465E-4
144.0	29.90208391398249	21.524449200510627	20.61089452658599	27.961884182142043	6.881767788509513E-4
145.0	31.768654114365415	21.473564926961757	18.85850216545548	27.898246531600968	0.0010322616163840565
146.0	27.991907115338517	22.62922407633187	21.151263308930044	28.22106787998766	0.0065376194119124605
147.0	28.970219696404914	20.866857441061608	24.048355000946227	26.11089765278678	0.0036702088004725397
148.0	22.775508050585987	23.0535337014344	23.131298301795468	31.039086460930744	5.73485253400194E-4
149.0	28.23970681853375	25.843326852600608	24.382925276578174	21.531173471436027	0.0028675808514421067
150.0	24.786163024240402	26.237857145315086	19.453343564932226	29.522636265512286	0.0
151.0	27.7842267298613	23.433478167110955	23.085234754600805	25.69602800629499	0.001032342131947089
152.0	29.52563611378126	22.706583556822952	20.49340543119923	27.274145481991972	2.2941620458419458E-4
153.0	25.92614685055583	23.095426821924	21.991908295545663	28.985141501588174	0.0013765303863347241
154.0	24.562920919113555	22.597111796575405	24.09191594408049	28.745642401001202	0.0024089392293459274
155.0	27.902767863495832	21.010193284505334	24.942101868577556	26.144707456636652	2.2952678462813219E-4
156.0	30.92862774441362	20.492769357361645	23.57358201709739	25.004906118130144	1.1476299719633998E-4
157.0	24.308186313720135	22.724241968672285	25.505382908962794	27.461500236983415	6.885716613742284E-4
158.0	26.594450552351134	20.94011012594019	28.11574011379834	24.349584445571665	1.1476233867284241E-4
159.0	29.0917458146079	19.908671921263675	23.52759581529648	27.470953585413216	0.0010328634187320108
160.0	28.33079893727513	20.221611416832598	25.493231727960797	25.954357917931475	0.0
161.0	27.190553194517292	17.729975519928935	28.61230246946877	26.462004244130465	0.005164571954537995
162.0	29.66291257946304	17.432002359646372	23.278898495036824	29.626071797061233	1.1476879252901069E-4
163.0	26.346427755722285	22.046581665972294	29.671623701489864	21.935252104071335	1.1477274422779177E-4
164.0	26.30995407858175	23.85664161896815	22.665852530383773	27.164223301360884	0.0033284707054406725
165.0	28.797290379746254	21.702671744335255	25.152364490293433	24.346181303987528	0.0014920816375251645
166.0	24.510207899802236	22.514424892423072	22.617152393665556	30.35798525544714	2.2955866199438272E-4
167.0	26.52765597954096	24.385907319066487	24.44054435011777	24.644629730809317	0.0012626204654707738
168.0	23.617867793754034	24.02640635295252	23.504569800517476	28.85104126250927	1.1479026670370565E-4
169.0	28.878587926292248	20.795623085788804	24.203550388237616	26.121205442214357	0.0010331574669733997
170.0	32.76650602796904	18.82296758373837	23.019357001329343	25.39116938696324	0.0
171.0	27.068601340802644	21.726168610524383	24.550808155018828	26.653273946184225	0.0011479474699237762
172.0	28.703873755159577	25.157255083815812	21.965206451820258	24.173549924471647	1.147847327122714E-4
173.0	29.92288938678812	20.45784283116931	21.362096196580413	28.25544985399717	0.0017217314649868689
174.0	27.023831796618808	23.68958404831784	23.27189918632372	26.013881507889415	8.034608502222717E-4
175.0	24.668881394222268	23.02539896089942	22.858720432354	29.44527732689884	0.001721885625469214
176.0	24.154647601467545	23.503987987822516	28.872159390942194	23.467023909559693	0.0021811102080549548
177.0	26.426923209386153	23.158873569288346	21.132400381140435	29.25551333417521	0.026289506009849955
178.0	24.995351271685458	21.012596331981186	23.45828655909165	30.53365105382653	1.1478341517390836E-4
179.0	25.14323629655395	26.16124429322028	21.094852217794934	27.59814168770297	0.0025255047278596463
180.0	32.709354944066995	18.47099135239814	23.332252335014076	25.48740136852079	0.0
181.0	31.59725749111224	20.063714852947967	23.41924834941595	24.918625051941458	0.001154254582390692
182.0	27.061926473134413	20.656085877532178	24.825416979280888	27.456455243261964	1.1542679055808853E-4
183.0	20.966583861256304	21.648920451397228	28.09238959791663	29.291182609016865	9.234804129804407E-4
184.0	24.970043151714407	21.2617431999686	26.270251175763004	27.49346028726251	0.004502185291476094
185.0	27.230810425260323	23.6668921118054	20.416442568043266	28.684816154490704	0.001038740400307467
186.0	27.420819911104545	22.93322684037945	23.719112522809613	25.92684072570639	0.0
187.0	27.836591461338227	20.98730801863107	25.682129066888297	25.49281711195378	0.001154341188625122
188.0	30.936073981809304	24.825602268122875	21.351846486129567	22.885784636838295	6.926270999587887E-4
189.0	27.07378006825245	21.804880188779443	22.145680654263007	28.974042826334916	0.0016162623701794976
190.0	29.921874368627833	17.02646943033057	25.29298554900949	27.75855520112126	1.1545091084996114E-4
191.0	28.62629577580264	22.688677774608625	22.68509804419697	25.99935102951892	5.773758728479757E-4
192.0	30.65489182528519	20.26517644939336	22.60859623473001	26.471335490591446	0.0
193.0	29.246489342409394	23.60933834341549	21.69867659442245	25.44549571975267	0.0
194.0	29.03236239599781	20.34902457703179	22.415842407595004	28.202770619375393	0.0
195.0	27.78302856918373	18.416759293708218	24.36445524900691	29.435179172665276	5.777154358631878E-4
196.0	30.583367763184693	23.827707204664613	23.94502086158036	21.643787787974187	1.1638259614657225E-4
197.0	26.9712253076684	24.88758885514647	19.301659948575466	28.838943899767557	5.81988842109919E-4
198.0	28.080757563718457	19.95031526204843	22.813030208133714	29.15566326554459	2.337005548051171E-4
199.0	25.39960261804581	24.16351098644226	26.88031790556335	23.556334735857877	2.337540906965872E-4
200.0	30.664888456674248	23.037676700851623	17.59808402159099	28.699233935914307	1.1688496882677881E-4
201.0	25.100617322194026	17.891004817240603	30.97201651959335	26.036127551086015	2.3378988601574106E-4
202.0	23.37883699696863	26.174290293655865	30.84245881113739	19.604413898238114	0.0
203.0	29.644155537391676	21.82004427153677	19.16807865506205	29.3671368617257	5.846742838032361E-4
204.0	24.206301406068913	23.674888519072507	21.875171767754793	30.243521358845204	1.1694825858195559E-4
205.0	27.746955234283817	23.73069465332825	23.623569422061717	24.89784509878677	9.355915394457087E-4
206.0	26.452950815645515	20.829575878367233	24.59124153329895	28.12611480910959	1.169635787112251E-4
207.0	27.51454093689023	23.2191739156883	25.70727678550539	23.55889137931841	1.169825976687708E-4
208.0	30.418564160648508	21.149120795285945	18.983988505047762	29.44832653901778	0.0
209.0	28.377671433436674	17.8566036675924	23.277824396078444	30.48743236932929	4.681335631869128E-4
210.0	26.782261198537295	22.468243303351954	24.028336384535788	26.720690898364523	4.6821521043932635E-4
211.0	28.874747533881685	24.058777039487165	24.228902613939056	22.83640195533179	0.0011708573603020811
212.0	28.8776943195434	19.569752174722733	24.908203099836378	26.643999030203087	3.513756944062161E-4
213.0	31.154678477059534	19.197359073612542	22.30391754607671	27.34369321738641	3.516858648072644E-4
214.0	29.423760633616897	22.467585802288063	24.265297741273102	23.84335582282194	0.0
215.0	26.460109481028894	21.540515856177144	25.585930383042548	26.413209190576215	2.3508917520138328E-4
216.0	27.19759258820463	22.838542283723907	26.043646186290076	23.92021894178139	0.0
217.0	31.790725026301914	22.861910771498984	24.41306769790849	20.933342239801895	9.542644887170152E-4
218.0	25.080599336789522	22.649958382755074	24.762078996436788	27.50712097109328	2.4231292533490677E-4
219.0	24.909477904688835	24.052147656820402	21.452313479934165	29.58519471841008	8.662401465183334E-4
220.0	28.289874603025183	21.04350497178444	21.673462512200317	28.992786329698422	3.715832916334306E-4
221.0	24.106757858162993	19.515985513712373	25.019005151953976	31.358002228276177	2.492478944784114E-4
222.0	27.498467853875418	19.387720430838232	21.432427636769997	31.681384078516356	0.0
223.0	29.815975313112947	23.12508942918538	23.294007706421553	23.763787922723054	0.0011396285570656338
224.0	33.74190450002724	19.111779039576874	21.337400037761046	25.808789707706676	1.2671492815897147E-4
225.0	31.920160582237493	20.74576340003959	24.314454939020365	23.018479138012417	0.0011419406901382002
226.0	27.208259103084988	20.69940914858439	24.70822706125117	27.383848352408908	2.563346705458647E-4
227.0	30.787421630854006	22.00852573559359	24.577236518696754	22.624747389203577	0.0020687256520687904
228.0	29.241519165913548	26.723233653899765	21.585526665534292	22.449590853159656	1.2966149274090132E-4
229.0	26.979735560885366	26.348862744688432	23.480036504975043	23.19136518945116	0.0
230.0	27.387448346495457	18.120161289260942	27.120212630112857	27.372177734130744	0.0
231.0	24.515850178692205	24.45755343090368	25.043188952165984	25.98167321004305	0.0017342281950819955
232.0	24.093630729837674	23.766508904833746	23.59791018188511	28.541547158607738	4.0302483573379405E-4
233.0	22.546078360739973	24.012130785197833	22.64286364828879	30.79851940259553	4.078031778742308E-4
234.0	26.687244019706775	20.225807921084563	28.03645946210836	25.049522308160586	9.662889397187547E-4
235.0	27.349696482523488	20.844998198298086	25.09826205061396	26.70690467610943	1.3859245502674834E-4
236.0	27.87277192853164	23.726365825348392	23.78418903654909	24.61624803890028	4.25170670593354E-4
237.0	32.053174295273095	20.580273229754358	22.618688021897317	24.74772129591587	1.4315715936111823E-4
238.0	26.627258332054783	22.573767596969688	25.14336663356907	25.65546269572694	1.4474167952455253E-4
239.0	26.686395899284364	22.543403336512636	27.079030059041408	23.68956154876914	0.0016091563924469125
240.0	28.66359626401071	21.494515498246695	21.400187458263588	28.441551052431418	1.4972704759223934E-4
241.0	26.067328466540424	21.797864668372892	24.64507345918626	27.487184561801225	0.0025488440992010126
242.0	27.934802368364515	23.354622171942303	19.391923462343392	29.31790080332689	7.511940228993986E-4
243.0	30.076548532130374	22.384240839822684	23.449963673667696	24.086539401660932	0.0027075527183077195
244.0	27.81814313328716	19.701915053184184	25.54410235748766	26.935235861939923	6.035941010748503E-4
245.0	25.09961003088894	21.857027461207302	26.13110707057261	26.910591488447654	0.001663948883490299
246.0	25.193430634804177	26.626575792671463	20.809710339140295	27.367706179472094	0.002577053911967838
247.0	28.016462054842144	22.663713495879172	26.024741660809408	23.157392971595215	0.13768981687406165
248.0	26.656140873407836	21.492828986758166	23.867818729428354	27.971206535514675	0.012004874890968383
249.0	26.806530002818597	20.348134774626537	30.233638808266868	22.594175408125174	0.017521006162823472
250.0	27.901461672300275	21.022787371519236	22.248078058052993	28.826139943433972	0.0015329546935240327
