# Position (bp)	A	C	G	T	N
0.0	24.335605937737142	24.26386094710289	24.890147345451034	26.51029165734693	9.411236200382786E-5
1.0	22.183798716155838	30.743885819630624	23.97484984127888	23.0210217517845	0.07644387115016435
2.0	24.16238020019075	26.674576623363656	23.182236105031663	25.97999590046683	8.111709471013585E-4
3.0	26.174718419846688	21.64555659815636	24.65731859005733	27.513677640992707	0.008728750946913607
4.0	26.409264172079883	23.655438990867413	23.261924135619324	26.673216940328544	1.557611048322079E-4
5.0	28.031491652533802	24.04272533490999	22.313111667781737	25.61204898009989	6.223646745810707E-4
6.0	25.713495006583244	24.442505588533017	23.506253535055794	26.331937584852987	0.005808284974960701
7.0	25.726866920859294	26.033076040794818	22.888558231811277	25.350754828109984	7.439784246256859E-4
8.0	27.68401604811342	24.686636621547454	23.65872248977667	23.970532076901073	9.276366138171474E-5
9.0	26.032930678682575	26.294894677828996	21.987891990038275	25.6841901411491	9.251230105229659E-5
10.0	24.4205901999788	25.050530820102885	23.165361492557178	27.36348667588546	3.081147567249127E-5
11.0	27.858370424436718	22.57136757641244	22.610277455764983	26.959805647388833	1.788959970231706E-4
12.0	27.59857537596125	24.75476951055098	20.10832649624796	27.53829919987715	2.941736265695266E-5
13.0	24.27637540302885	23.722286871846396	24.631284436560154	27.369879256674995	1.7403188960345094E-4
14.0	26.36299878505715	22.3068551839138	23.740453355108105	27.589635353776508	5.7322144432887665E-5
15.0	24.9376370586943	24.35303213505749	24.481796007529297	26.22747832333625	5.647538266307408E-5
16.0	27.000195215181876	25.320100361618152	20.317559246148647	27.36195162092198	1.9355612934194788E-4
17.0	28.412087558979938	26.307117447908368	19.4363092290336	25.843324661970772	0.0011611021073193175
18.0	25.324283599945403	25.91878792096114	19.80521305324123	28.951554843043688	1.6058280853979375E-4
19.0	24.802413041631414	24.781027817037284	22.183801611162288	28.232118370280766	6.391598882428936E-4
20.0	22.42983425676883	26.24612316796671	23.8236327509913	27.500357028875648	5.27953975084268E-5
21.0	24.06224898967526	24.07513004102039	23.664899972876484	28.19740682444384	3.1417198402749634E-4
22.0	22.422510140239226	26.735283062046772	25.834621681317415	25.00755922862732	2.5887769271632077E-5
23.0	24.604303139009758	24.65480777349212	23.306550260605974	27.433849740217752	4.890866743959523E-4
24.0	28.421774230103026	21.833181646640117	23.714079665817323	26.030888062350616	7.639508891624399E-5
25.0	24.191530309130798	25.45265968014492	19.191204224445976	31.164379163717427	2.2662256088026245E-4
26.0	26.353508187577653	25.45690641219849	20.29381701513095	27.895768385092907	0.0
27.0	25.20946904712027	24.617110531891704	20.753172216677772	29.42014832932876	9.987498149191748E-5
28.0	27.687726157506827	23.89163692371488	23.00596340012539	25.41183497968593	0.0028385389669692796
29.0	27.46308511903975	23.916788945144333	21.91061406562352	26.70909570720535	4.1616298705145585E-4
30.0	24.13427203637478	24.69623462941026	24.62809511527441	26.541203742981544	1.9447595900349545E-4
31.0	27.004008343394727	23.84450057367494	22.08884471474888	27.062113955244882	5.324129365695328E-4
32.0	23.407088684345954	23.09276296521751	24.84360942479064	28.65634735123229	1.9157441360868004E-4
33.0	24.015194074320465	24.356396909401116	25.73306754649104	25.895199725204503	1.4174458287640393E-4
34.0	26.450415577941783	26.398016365685184	23.016547058073257	24.134880580580464	1.4041771931199999E-4
35.0	25.501898085622592	21.72206490980738	26.471513904946686	26.30433796569283	1.8513393051368187E-4
36.0	23.984752707776956	24.817772570087072	26.229166700383587	24.968169300709537	1.3872104284931173E-4
37.0	25.32938131225589	26.316947468164276	20.75922716032263	27.594374725554093	6.933370311308327E-5
38.0	25.8568556655417	25.972309923867655	20.788651703591466	27.38204407871222	1.3862828696332657E-4
39.0	22.83684909121905	27.066800400832896	21.673412665229225	28.422660641545157	2.772011736697693E-4
40.0	26.134048965758243	25.654674095533604	23.465070767556426	24.74609068696232	1.1548418940608098E-4
41.0	23.642012415767717	25.092242997280227	21.318784454725357	29.942202779171755	0.0047573530549481205
42.0	24.691189826380942	25.88274115226784	20.35044785066549	29.075574987420833	4.618326489358337E-5
43.0	25.596305957726035	25.4702173729336	23.512115448287517	25.4175746383929	0.0037865826599450206
44.0	29.580760523002986	24.82477340762019	22.694374488217843	22.899837637940227	2.5394321875800066E-4
45.0	25.465026606088852	24.428782172154655	22.19783167242922	27.904458600196342	0.0039009491309308563
46.0	24.562369627161956	25.12180440854641	22.37695273642749	27.938850147919364	2.3079944774308145E-5
47.0	25.16690782626355	24.56560117972044	22.491628646529264	27.77399307214249	0.001869275344258209
48.0	22.033984329760674	24.44161910733805	23.201246901088133	30.323149661813147	0.0
49.0	22.136963814376532	26.39147704020784	24.268603431754084	27.201179443432256	0.001776270229295725
50.0	26.969435130731316	23.74133394105696	20.677350423407447	28.61174210620524	1.383985990371148E-4
51.0	24.5498483350062	27.175525476766843	21.574322304717484	26.697766908248216	0.002536975261262325
52.0	22.540558292887507	26.335241967912644	21.09436571256433	30.029810995890855	2.3030744662279462E-5
53.0	22.581575652154726	24.6122559303927	24.3158742008381	28.48843249345869	0.0018617231557908323
54.0	22.803293092444186	29.069531999999082	22.020860726165452	26.10626821544332	4.596594796608724E-5
55.0	23.527286498439466	28.753833750567885	22.46390541166239	25.253370619065805	0.0016037202644488895
56.0	26.696071974664555	25.119066299386656	25.333592949140115	22.851268776808674	0.0
57.0	23.261062964459434	27.897159484982005	23.002853067047074	25.833931158075856	0.004993325435633286
58.0	25.192018902671258	25.856507251909882	21.257535154511746	27.693709667556575	2.2902335053375037E-4
59.0	28.697146288306108	22.09009597409851	24.103103969382822	25.10685989577024	0.002793872442318557
60.0	23.678820717539466	22.353755479197794	24.108973175017965	29.858450628244775	0.0
61.0	24.73636632720815	23.61374184162437	23.952933701019745	27.691221124978714	0.005737005169018801
62.0	25.230291095624285	22.01899193021238	25.161656304024472	27.58885497146274	2.0569867612332048E-4
63.0	25.913872431297875	23.723910744143144	23.019908784163658	27.339794074170232	0.0025139662250923084
64.0	24.382869420659077	21.43178174834243	24.397272653191845	29.788030525722554	4.56520840975302E-5
65.0	23.400024513613616	26.916586837650264	23.56591366049649	26.11256770059794	0.004907287641692224
66.0	24.718466669283814	23.921272005704157	22.930256422429178	28.42961689556038	3.880070224706279E-4
67.0	27.37969984357248	24.82247279635529	20.640056491011695	27.1570177164321	7.531526284342048E-4
68.0	23.33433673004802	22.147331348905226	27.302173567244203	27.216044245002546	1.141088000021909E-4
69.0	23.04927321916159	25.019311980045618	25.152151017972407	26.7764568421461	0.0028069406742819198
70.0	24.998069250461384	23.370794810418623	24.614174731580253	27.016665045368626	2.961621711147567E-4
71.0	24.30959491314052	23.109966747906157	26.525750102599776	26.05368892474298	9.993116105700822E-4
72.0	26.36204672625536	26.043914868105517	22.55198114235884	25.04037678947751	0.001680473802775961
73.0	25.16105431738651	23.068114549010446	23.119477541633657	28.64733447185696	0.0040191201124263705
74.0	24.70932034395456	25.555970038272925	22.906244841828173	26.82769282395703	7.719519873109256E-4
75.0	25.333654510445935	23.707025628253536	22.86377678402572	28.09311381589059	0.0024292613842112993
76.0	26.515496524922614	22.846357854646552	26.499037185393913	24.13826844115752	8.39993879395949E-4
77.0	24.169516650983713	24.87387613379811	24.603319640544427	26.352470320624654	8.17254049096537E-4
78.0	27.15130701980597	26.479818103232226	20.457370669146197	25.910936688447308	5.675193683010014E-4
79.0	28.074298134601523	20.88379140679534	22.791071965677123	28.24804635404548	0.0027921388805339114
80.0	23.72668867439063	22.569455872909366	29.05836738038549	24.64310464625077	0.0023834260637400767
81.0	25.17774871825486	25.25828410150273	21.768614217128203	27.794876288072434	4.766750417714879E-4
82.0	22.333594816816294	22.051047386617856	24.551301606670734	31.06287588250676	0.0011803073883610796
83.0	24.718079735038188	23.045499228624664	24.31252038521329	27.922879262566543	0.0010213885573158998
84.0	23.920718273612245	25.457210822765003	24.481021259829475	26.139869437397884	0.0011802063954022791
85.0	25.45999481184542	27.164959485414954	21.327196210967706	26.047032459555204	8.170322167150721E-4
86.0	26.451090928071824	25.39043741517904	23.117008673865385	25.039602027986945	0.0018609548968077814
87.0	22.036428466226816	22.838607248067003	25.85167953062057	29.272649330000984	6.354250846306785E-4
88.0	24.59662211442584	27.58371302359927	25.663869840709364	22.155068848030552	7.261732349792201E-4
89.0	26.257331226908025	25.97168397992754	22.937532931805464	24.832544180243683	9.0768111528594E-4
90.0	23.283934923803432	25.421418906515314	25.222143079680603	26.0724123244225	9.076557815290686E-5
91.0	26.99067343545819	23.912904867589468	24.852255082663408	24.24364472784643	5.218864425020688E-4
92.0	25.315343606089595	24.16383346009399	23.906825471449807	26.613997462366605	0.0
93.0	26.01004182315655	26.044302641463712	20.800627676342813	27.144823655484103	2.0420355282416917E-4
94.0	27.421669470634345	23.173630073659456	22.84005812891596	26.560240683661394	0.00440164312884222
95.0	23.901616053583943	25.92115553423879	24.282368433172874	25.892908798892094	0.0019511801123017595
96.0	25.333804322253524	23.8185177143788	24.890176319103617	25.956616838489143	8.84805774923107E-4
97.0	26.049490967870003	24.9115276635567	22.717046195729235	26.32164024615036	2.949266937016136E-4
98.0	27.68378090143686	23.016365445880645	24.45665353979701	24.843200112885484	0.0
99.0	21.517303388320784	22.618488929737385	27.66153673767546	28.202625579450462	4.5364815910711154E-5
100.0	22.28420513771964	24.380591078860338	25.35738335978349	27.97782042363653	0.0
101.0	23.673272576921907	21.435142281318424	29.315490163258474	25.5759135348356	1.8144366559750985E-4
102.0	25.47864693695447	24.250484600962352	24.439607129588172	25.83121596849198	4.536400302850084E-5
103.0	26.14175107092498	25.35867793412578	25.578793927656346	22.92061830253713	1.5876475576650603E-4
104.0	25.193650851251785	27.119148033780178	22.94967561370304	24.737139934612433	3.855666525670234E-4
105.0	27.74727773406588	23.442730519657992	20.8241748147335	27.982913725564025	0.0029032059786083617
106.0	26.520184488161025	22.912163993508667	24.375980249288094	26.191512501261638	1.587677805738548E-4
107.0	25.78632200259106	25.0558629061231	23.011843026821452	26.14531432013732	6.577443270685832E-4
108.0	24.117246157736634	24.780951581754902	24.285894105146415	26.815794755720162	1.1339964188393093E-4
109.0	26.07418417748031	24.943284944196648	25.526299615609926	23.455550886156445	6.803765566732126E-4
110.0	23.9483110724568	24.3721502997536	23.455143549486273	28.2242590070655	1.3607123782871127E-4
111.0	24.4752726287226	23.785902115601154	24.769304562881217	26.968840325805072	6.803669899543813E-4
112.0	24.853167628615815	23.835194865572802	24.550975745274354	26.760457653448842	2.0410708818560135E-4
113.0	28.97977529720666	21.051860526610604	22.960056314034198	27.007582165831582	7.256963169551233E-4
114.0	26.88936030857881	21.82215805592447	27.475815172033414	23.8121675266523	4.989368110136219E-4
115.0	26.907197509203503	23.938308878361386	25.83895189866987	23.314974716455986	5.669973092575692E-4
116.0	25.73133130045575	25.31202478462573	24.914422960252292	24.04210755502434	1.1339964188393093E-4
117.0	25.671214117411186	26.66907378926987	23.83105809594939	23.828018952461672	6.350449078810661E-4
118.0	27.11533122982602	23.434707507851865	25.68645977541219	23.763025203985173	4.762829247581843E-4
119.0	26.01121366959978	21.917391893053498	24.768914533929166	27.301867531185053	6.123722325027676E-4
120.0	25.136250998493587	23.5031895094329	24.866039696612173	26.494474435162214	4.536029912395654E-5
121.0	27.63731736397655	23.735079475204866	23.856237686009717	24.77066238522913	7.030895797361419E-4
122.0	27.014717189105337	23.930185773610667	24.026871514335028	25.027635837455463	5.896854935100575E-4
123.0	24.327081465548424	27.149165073214142	23.74450267384773	24.778638429879056	6.123575106442477E-4
124.0	24.756895998025957	25.070556633094622	22.517159482031303	27.655297167937032	9.071891108276649E-5
125.0	26.801548089778322	23.60410540890231	24.87680031206732	24.71652562025081	0.0010205690012371565
126.0	23.329285012025895	24.54763694835952	24.940335455016573	27.182583826899677	1.587576983308896E-4
127.0	25.879128991383855	23.3558593139604	27.26178134792559	23.50232316893533	9.071777948276803E-4
128.0	25.8820874535063	23.440805588315342	24.811757234872537	25.856504581329947	0.008845141975868638
129.0	24.52326483049454	26.407684462224402	22.65047993869195	26.41598527082749	0.0025854977616166525
130.0	26.576830960999377	23.547365030980956	23.8556323653485	26.020171642671166	0.0
131.0	25.24979468696822	24.72247869813507	24.685441837500036	25.341581689411562	7.030879851108645E-4
132.0	26.19228953065939	26.09224693714531	21.674405924807704	26.035455585034846	0.005602022352749595
133.0	27.571912113313914	25.304028094418584	24.962464267343325	22.160121311859115	0.0014742130650658679
134.0	25.974579423312793	22.905508139374543	21.605970628578895	29.513828409066168	1.1339966760289432E-4
135.0	26.8351345393385	23.99706708687247	26.290078080987595	22.877266702772435	4.5359002900254643E-4
136.0	26.757296535257062	27.016548973785813	24.309242277992276	21.911287630272593	0.005624582692251866
137.0	28.52786727454413	21.323217565366406	23.681955682884645	26.466823398776473	1.3607842834858396E-4
138.0	24.91132725187959	23.550461370431652	27.170373232895006	24.366613508374698	0.0012246364190542543
139.0	25.592863212556733	24.067811908449297	25.67802043365096	24.66044266787255	8.617774704608763E-4
140.0	26.77476957715406	21.207292796329384	26.058815712069073	25.958781739978797	3.4017446868149737E-4
141.0	25.654864296365172	24.764566808597493	26.137330831117435	23.442897883510888	3.401804090102451E-4
142.0	29.104627394700966	22.990081805318717	23.37782418399359	24.527217147298334	2.49468688391156E-4
143.0	27.048610189772038	25.304359402296445	24.01149105433621	23.635357920669815	1.8143292549479593E-4
144.0	26.99770351014143	25.65237684205656	22.548985811475557	24.800412216074157	5.216202522918406E-4
145.0	28.172427775973524	21.99802872813503	22.874509903531962	26.953990351381705	0.0010432409777798744
146.0	26.52385991442753	22.38836366803179	25.516049714221694	25.567417689906158	0.004309013412824803
147.0	26.09349288164868	24.365453453584212	26.97754911725912	22.560374904069626	0.0031296434383623526
148.0	24.525189317612938	24.002373117908174	23.51561633595947	27.95634497205849	4.762564609291673E-4
149.0	27.695272757951727	25.61076671231267	23.781244797920028	22.911150855443072	0.0015648763724986359
150.0	24.19728104994963	24.593701989611727	25.430565440186232	25.778451520252414	0.0
151.0	27.53237651562918	23.811742185409134	24.900636416832615	23.754723228987583	5.216531414859403E-4
152.0	28.189683699466748	23.832485484813688	22.898306034266707	25.079366015400762	1.5876605209839956E-4
153.0	24.477851277346392	23.806987839494482	24.821425533772818	26.893077595660642	6.577537256645297E-4
154.0	22.90693633961881	24.16568682953737	25.080655111846596	27.84409067485375	0.002631044143477188
155.0	26.91123839959495	24.180993426352074	24.88225210333369	24.025266544761894	2.495259573914012E-4
156.0	26.756716905459726	23.093995844184125	26.39510194452258	23.75384503706661	3.402687669567269E-4
157.0	24.77662286989819	22.7939041431501	27.009486779304215	25.41971399016387	2.722174836215814E-4
158.0	24.79192834654011	21.476347466560743	27.177995094161655	26.553661038011512	6.805472598104857E-5
159.0	26.917831401611014	21.37492411793049	25.331158879132225	26.375722637765087	3.6296356118068417E-4
160.0	25.7657026551981	21.8484665076264	26.5376211290649	25.848164337171415	4.537093918751537E-5
161.0	25.00225156605777	19.598288855167702	29.827068383861043	25.56869340884379	0.003697786069691244
162.0	25.04457791857191	22.956607196169156	25.991762272879477	26.00698455448851	6.805789094948017E-5
163.0	25.053324930204575	23.587292037309528	27.626374753226152	23.73289484609615	1.1343316359194733E-4
164.0	24.59161032714733	23.11797268478606	25.64726167248968	26.64131766414084	0.0018376514360905667
165.0	26.943107570010362	22.313018513867533	26.79016958850585	23.95315982211913	5.445054971233095E-4
166.0	24.47878509980286	23.015065777069697	25.496949658301375	27.009040646038525	1.5881878753653685E-4
167.0	26.216206343325148	23.534382045722023	27.16155405952707	23.087449144876096	4.084065496612154E-4
168.0	26.366761436477375	24.08441244608218	23.8964913992426	25.65219857641071	1.3614178713323972E-4
169.0	27.06501738929767	21.743440750565973	25.093776498909353	26.09756114164194	2.0421958506664707E-4
170.0	30.369495647619786	24.011782434768758	23.766848298542808	21.851646702136808	2.2691693183801126E-4
171.0	25.875495034451585	23.217399434142607	26.397646890098947	24.508687100103383	7.715412034772001E-4
172.0	27.04365508450788	24.372366113885768	24.716270429743105	23.86759490953535	1.1346232789750448E-4
173.0	28.57468984139368	19.177311260565453	23.24098979348932	29.005534076883432	0.0014750276681151438
174.0	23.476861972456174	26.8003940473524	24.083886427038493	25.638403686126445	4.538670264924453E-4
175.0	24.806151059993486	24.646950625170916	22.589872219807802	27.95570982628657	0.001316268741227239
176.0	24.144871589749876	23.71438265153862	29.147067267158906	22.992248748123462	0.0014297434291374903
177.0	22.332987216368497	26.006638636866562	25.28691961575343	26.349510045903052	0.023944485108459437
178.0	24.735981315304016	23.165360331012497	24.206026368169027	27.89224620064308	3.8578487137818924E-4
179.0	26.80199108039919	25.210116264370775	22.69185300610428	25.295063762822405	9.758863033449524E-4
180.0	27.417301119343872	21.25057587847644	25.69043959785928	25.64145578436925	2.276199511618633E-4
181.0	27.70628601836106	22.763911976181287	26.048423998280036	23.480648434805072	7.295723725533962E-4
182.0	25.595972074386246	22.471138745991333	25.417710382301927	26.515110419226097	6.837809439368003E-5
183.0	22.870264043358528	24.330569101169438	26.633250015841416	26.165552145155697	3.646944749242917E-4
184.0	25.86081765026072	21.446223799368514	26.661960453218843	26.027601782313088	0.0033963148388414417
185.0	24.594826385747208	24.10283595890044	24.93106276723932	26.370727902879125	5.469852339057002E-4
186.0	26.511412806631423	23.19834378458806	25.571141772987442	24.71910163579307	0.0
187.0	23.864568154665797	23.03530370267251	27.490720211965993	25.608837393466438	5.705372292658213E-4
188.0	27.47209759531049	28.162360020102607	22.205320434314835	22.159902426599707	3.1952367236772974E-4
189.0	25.06955230659848	23.841200026933045	25.238888121728237	25.84965198169009	7.075630501445369E-4
190.0	29.370352895200647	21.6208430432757	24.440429974395197	24.56821429965493	1.59787473529493E-4
191.0	26.310458720295898	24.528435645584025	24.174912453900085	24.985873022080163	3.201581398263234E-4
192.0	27.188753229021223	22.7222006858847	24.339507210480154	25.749493133720076	4.574089384567709E-5
193.0	27.496874289481283	24.135654692820314	22.092860479170394	26.274358926265258	2.516122627582285E-4
194.0	27.403315523752426	23.597790016829013	24.47696127085241	24.521933188566152	0.0
195.0	26.08266029906584	21.6288172831219	24.978259511763888	27.309530787528452	7.321185199217457E-4
196.0	28.274003714761577	22.016468791619225	26.652163505508454	23.057249235807035	1.1475230370987313E-4
197.0	25.238038290416696	24.530826822251658	23.78975826497453	26.440619141719345	7.574806377619707E-4
198.0	27.077938716074573	23.28965811332802	24.168099992225773	25.464188174983637	1.1500338799981049E-4
199.0	25.028105382805567	23.12253624448516	25.717812973965238	26.130946554283526	5.988444605159966E-4
200.0	28.286825149915494	24.083593798048916	23.119845557035152	24.509689425627794	4.606937264340762E-5
201.0	24.473254338281485	20.79163832223706	29.691608766474225	25.043106953390588	3.9161961664125364E-4
202.0	25.519165805220467	24.87051812792286	28.354416206723126	21.255899860133546	0.0
203.0	26.127523381253106	24.338718958755017	22.55270302564926	26.980225001134983	8.296332076362205E-4
204.0	26.440677497331055	23.194428310921566	23.388491543268263	26.976287409029982	1.1523944913699482E-4
205.0	26.743811901156374	24.148394517087425	25.8331662275819	23.273682342338606	9.450118356970154E-4
206.0	24.902830832172867	20.868417236949387	26.007058927126987	28.221577744670245	1.1525908051376966E-4
207.0	25.797386205599064	23.55248523504045	27.31618962597895	23.333639207469353	2.9972591218122995E-4
208.0	28.149414777516295	22.37202185691538	21.683775771754586	27.794764533130706	2.3060683034370796E-5
209.0	27.097942017794054	20.336649594082118	25.264565091938707	27.300012962432476	8.303337526518784E-4
210.0	25.299031058628774	24.235737746820295	24.421442666547325	26.043557838662334	2.3068934127581356E-4
211.0	24.870263423688773	25.678484969386805	24.970665192292117	24.479617241044316	9.691735879890778E-4
212.0	27.95277208340259	22.276880528930505	24.613575082645394	25.15661070788779	1.6159713372855376E-4
213.0	29.051023463142023	23.43784651379402	22.292988039267865	25.217864772760873	2.772110352168899E-4
214.0	27.814415504185668	25.424902063056965	23.785290592504634	22.975391840252733	0.0
215.0	25.041047535421384	24.895767648586283	23.3181054798257	26.744615849528135	4.634866384913139E-4
216.0	25.841588660621202	24.575420220067056	25.70650787936065	23.876436361318003	4.687863309406479E-5
217.0	28.946163416099413	22.893083694814074	25.798679274736397	22.361364055648323	7.095587017913992E-4
218.0	24.67919220393339	23.919577791309287	25.54336708173059	25.857671288726298	1.9163430043179998E-4
219.0	26.86532594845185	23.059248063525793	23.486367536209436	26.588235578848778	8.228729641457308E-4
220.0	27.629322955292324	22.57600557521634	24.161676413899553	25.632800661716747	1.9439387503778532E-4
221.0	24.906445160927053	22.096176773722878	24.379047045488488	28.61803724567111	2.937741904684964E-4
222.0	26.284019537705078	24.127179736320965	24.24663661853337	25.341892558421304	2.715490192883737E-4
223.0	29.81152307893147	22.60187960231367	24.66446994500874	22.9212787046714	8.486690747235648E-4
224.0	30.573199946741468	22.502930720862228	24.272275230478296	22.651519019402322	7.508251568473752E-5
225.0	30.823277552637713	20.318592910680902	23.70815503801032	25.1489171878957	0.0010573107753562004
226.0	25.154413565132224	22.36226738491675	25.581333659810646	26.901857859941238	1.27530199151159E-4
227.0	27.594687476148927	23.08531310143385	25.75928928439557	23.559420890756407	0.001289247265248701
228.0	26.863660161562073	28.14931448641445	22.961116549120018	22.025779017488066	1.2978541538990264E-4
229.0	27.63930464020392	24.705349356878134	21.75782101591454	25.897524987003408	0.0
230.0	25.553632563981033	23.15839338239473	27.379649203688512	23.908324849935724	0.0
231.0	25.233667436007345	24.62988844247029	24.12278924154139	26.012232328895955	0.0014225510850172894
232.0	24.351311304178846	25.490150036841207	24.81702198866964	25.341327741026532	1.8892928376908525E-4
233.0	22.823360136115646	25.131226039228988	22.39269199048613	29.65236622657948	3.5560758976014266E-4
234.0	26.3124190831512	21.519246028983893	27.392451937131955	24.774964152965907	9.187977670430025E-4
235.0	25.85018240714088	21.707467693492667	26.582440619420833	25.859654797808286	2.544821373332647E-4
236.0	29.015006539250578	23.618883001250428	23.592352737656178	23.77355673499741	2.0098684541096785E-4
237.0	28.14029605234518	24.8520347721913	22.182769342568307	24.824841790244307	5.804265090073488E-5
238.0	27.29641026305384	22.070223653027917	24.453616309379083	26.179690888261227	5.888627793675437E-5
239.0	27.201436767035503	23.216735233310562	24.849804741689216	24.73100892907753	0.0010143288871917113
240.0	25.430652887088577	21.719870007854976	26.605695627396926	26.243689066182018	9.241147750550618E-5
241.0	28.728775290131697	21.387172514540513	23.85619140918995	26.025763299913386	0.0020974862244507674
242.0	26.263770118896122	24.02166966809428	21.03497596280251	28.67887281597423	7.114342328542803E-4
243.0	26.720920727089588	23.697210987346576	25.58461840945586	23.99473792262067	0.002511953487304711
244.0	27.289236122550083	22.64757931325558	26.1456669934155	23.91670950453729	8.08066241540945E-4
245.0	29.03762546962534	20.631526554116476	23.861577093932542	26.467806953227154	0.001463929098487543
246.0	24.446597876775346	27.10856886846109	23.612770297443014	24.829879019187146	0.002183938133400557
247.0	26.227527261087864	22.3855215784288	24.606645913895296	26.63916178745003	0.1411434591380143
248.0	26.272115837321785	23.264791113976305	23.420225734171716	27.03315656639223	0.009710748137964045
249.0	25.227350695030754	21.45333387417659	29.470643373931164	23.832949869175675	0.015722187685816603
250.0	26.895108716720074	22.186808514795757	23.994987662982105	26.92218113559815	9.139699039165502E-4
