# Position (bp)	A	C	G	T	N
0.0	23.889814043852343	22.555608421553465	26.42308658128808	27.13149095330611	0.0
1.0	22.87084955723134	30.28734782394401	24.408628649350224	22.36022803818161	0.07294593129281877
2.0	24.179604769994732	25.43364332406962	20.725843145342118	29.66025408110824	6.546794852909886E-4
3.0	25.460246053048852	21.491226636239695	22.4668076856432	30.571584567249378	0.010135057818870169
4.0	26.828830123598735	21.959026888604352	23.521322741644674	27.690820246152235	0.0
5.0	28.094346149076838	23.726529306957833	22.348472487811883	25.829673090854506	9.7896529894337E-4
6.0	28.394736671022436	22.97342981036153	23.23737639693406	25.386980802111577	0.007476319570404176
7.0	27.331371074401595	22.947083841186693	21.748982132206116	27.972238790487797	3.2416171779777494E-4
8.0	28.80525427735874	25.04720234991596	23.47389863882349	22.673644733901813	0.0
9.0	27.755763746927993	23.447041992436645	22.9842629282644	25.812285443935266	6.458884356905032E-4
10.0	26.656856385879653	22.32032503009239	22.14735428990025	28.875464294127706	0.0
11.0	26.3340953262672	22.926369922733283	22.796059619341726	27.943475131657795	0.0
12.0	29.071342564720048	24.846039032711218	19.434828416616494	26.647789985952237	0.0
13.0	25.369848401690557	23.933555971063296	23.757430301677225	26.93916532556892	0.0
14.0	24.628688909991055	23.818918810944034	23.493474205672385	28.05891807339252	0.0
15.0	25.555615622109297	25.330966711115916	21.160245552071697	27.95317211470309	0.0
16.0	27.436930618468587	24.914453170369974	19.11394629237509	28.534669918786353	0.0
17.0	26.254525363846522	26.127742479535904	19.52834440744995	28.088515389871908	8.723592957152619E-4
18.0	24.93217978914473	25.02500915320593	20.910823269611644	29.131411208136697	5.76579901001231E-4
19.0	25.437492095247947	24.142549986777507	24.372218964506224	26.04773895346832	0.0
20.0	23.282121989921063	24.732714391118684	23.659013927624216	28.326149691336045	0.0
21.0	24.47885612557752	22.265425208754255	23.210082371391834	30.04563629427639	0.0
22.0	24.199205768511124	25.87312403304271	22.51551320647226	27.41215699197391	0.0
23.0	25.19117483605646	24.350339001889516	22.111259308658443	28.347226853395576	0.0
24.0	28.890662410215484	21.23427910944767	21.778077441726065	28.096981038610778	0.0
25.0	25.510641530730744	23.377180130020946	19.432325074072867	31.67985326517544	0.0
26.0	27.54226169382218	26.023572949269735	19.308501573062888	27.125663783845198	0.0
27.0	25.01702224239673	23.58580290945248	21.274830858353326	30.12234398979746	0.0
28.0	29.21375511675067	23.42382563512256	23.026050379486737	24.333948329559085	0.002420539080948206
29.0	29.478791756645073	21.773707643498895	22.677224132874777	26.070276466981255	0.0
30.0	25.673781003978668	21.08561542368577	25.633041987640738	27.6072970456277	2.645390671294337E-4
31.0	29.433126684138156	22.164247841795923	21.698165493543204	26.70445998052272	0.0
32.0	24.233897811433803	21.028802945826747	24.066686777065822	30.6695722726138	0.0010401930598319046
33.0	25.737661910101956	23.50255661066472	24.732764740377988	26.027016738855334	0.0
34.0	28.01740427140041	25.934305003728024	21.27580254731531	24.772232833198853	2.5534435740039017E-4
35.0	27.853815309903634	22.344896107385274	24.708142605856917	25.093145976854174	0.0
36.0	25.534016732904245	22.912883019116446	27.056594501901003	24.49599914891677	5.065971615361038E-4
37.0	24.83964172936234	25.364588740861542	20.782634459112124	29.013135070664	0.0
38.0	27.715763543056504	23.785447907620874	20.67086771262415	27.82792083669847	0.0
39.0	22.6609526798868	25.465379416484836	22.118495193062216	29.755172710566153	0.0
40.0	27.552125780178283	26.123380797869917	21.603535289621416	24.720958132330388	0.0
41.0	23.33523972446743	24.6939229986689	20.30584924663809	31.661698240215408	0.003289790010173043
42.0	25.700773773677525	24.521135812715393	20.460721750175857	29.317368663431225	0.0
43.0	25.707541799801152	24.534440405083018	24.677631129562307	25.078109781242013	0.0022768843115081325
44.0	30.518583721600827	23.600845841364272	21.087098389764915	24.79321910427828	2.529429917085287E-4
45.0	26.515917896632306	22.6613792475544	23.047819445427965	27.77235435149872	0.0025290588866071157
46.0	25.45975965040058	23.92899773407785	22.354232418871895	28.257010196649674	0.0
47.0	27.46952368188818	20.633877073160864	21.832195028206872	30.06313990153513	0.0012643152089533746
48.0	21.670087146410015	23.18225933639323	24.46645570899974	30.68119780819702	0.0
49.0	20.99365413921469	25.757977816023107	23.385924875723735	29.86117955677536	0.0012636122631042909
50.0	25.54456596450087	23.716289976953867	21.36088424372296	29.378007115998866	2.526988234342781E-4
51.0	23.817874017737577	26.700103595522652	21.12363241276499	28.356873941935973	0.0015160320388104202
52.0	23.26484122053349	25.712575576197477	20.772405154081998	30.25017804918704	0.0
53.0	23.78833025308339	22.486327461999775	23.436301688479865	30.287783351563384	0.0012572448735840278
54.0	23.786836157197776	28.986199562026542	22.386678768344222	24.840285512431457	0.0
55.0	25.905585884919663	25.623864733816042	21.871168867561035	26.598129531682368	0.0012509820208863958
56.0	27.829112594178685	23.849594268733178	24.49171027485667	23.829582862231472	0.0
57.0	23.841657558332937	27.560608978607714	23.152592310982275	25.441889664521515	0.0032514875555566675
58.0	26.66294899622898	24.024986746421533	22.445810368799577	26.86575375351345	5.001350364598441E-4
59.0	28.861656481601873	20.190682416010723	24.71770200934159	26.22845883800246	0.001500255043357371
60.0	22.139713215243532	21.933510126446233	25.1087877507867	30.817988907523535	0.0
61.0	26.72216862531429	23.484026732915776	23.866925264804827	25.921380834078967	0.005498542886135174
62.0	25.896759843552804	21.02090544441251	24.52572256863309	28.55636222774813	2.499156534669549E-4
63.0	28.554113895580723	21.73702256120113	23.00002998830456	26.707334139685525	0.0014994152280610562
64.0	24.72048758555228	21.834440725383423	23.305939951041616	30.13913173802268	0.0
65.0	24.200719352582674	25.432610650414627	23.15141372764512	27.2127585173344	0.0024977520231791385
66.0	23.752956662262374	23.30961342967827	23.928046017778687	29.009383890280667	0.0
67.0	26.293061463034512	25.115700559708483	20.642028837100103	27.948459865080533	7.492750763636182E-4
68.0	23.7214355285832	20.479009015758848	26.085262605829023	29.71404310581654	2.4974401238730303E-4
69.0	24.539817550238613	22.733050477101383	26.13656511978104	26.588569045472592	0.001997807406371507
70.0	26.823465977029283	21.89781750737025	24.170924894594815	27.10779162100565	0.0
71.0	24.488678094384483	22.004456560978948	26.743100422003955	26.763266982858426	4.979397741843124E-4
72.0	25.720423790414927	25.13915580471387	23.170810638573293	25.968365081103688	0.0012446851942206777
73.0	24.032454764926953	24.16038228925558	22.305433186490458	29.497747579581375	0.003982179745638269
74.0	24.609553861161434	26.20144930421453	23.195586390874162	25.99241504250363	9.954012462423604E-4
75.0	26.642446562321147	23.93609873839799	21.671684873217707	27.748276805932264	0.0014930201308880982
76.0	26.417939415655184	23.236689011311665	24.215822397396277	26.129051522073425	4.976535634483411E-4
77.0	24.66647757525092	23.779240748204874	23.283622195351334	28.270659481192865	0.0
78.0	26.733274288728122	27.547791300540357	18.78091134353014	26.93727671685458	7.463503468041278E-4
79.0	25.235960534760952	20.411270380671386	23.70650838113908	30.64476806957664	0.0014926338519406727
80.0	22.233746980969222	23.312762882648936	30.695241435404558	23.755263871373742	0.002984829603540008
81.0	24.76147601329168	25.100483514734268	21.15973894183895	28.978301530135102	0.0
82.0	22.129259787999224	22.34514044678343	23.95728149544611	31.566577296716524	0.0017409730547113217
83.0	23.757877511228717	23.14632896785329	23.157022984675223	29.93852183817714	2.4869806562644557E-4
84.0	23.559691248731774	25.863638172160663	22.786321045616408	27.789603517218055	7.460162731016373E-4
85.0	26.339489964392993	27.46862007917089	19.136281355055598	27.055608601380516	0.0
86.0	28.61397929931951	22.50073966519894	21.897073412081777	26.98621860773876	0.001989015661012061
87.0	22.15054565341686	22.28950704750541	24.108683222711115	31.450518308598703	7.457677679170707E-4
88.0	26.436155934023326	26.93053359978525	24.373142044720176	22.259422753800422	7.456676708324634E-4
89.0	25.482540077047343	26.806760283335407	23.177333167640114	24.53286939232012	4.970796570150367E-4
90.0	20.99093120990931	25.554404042060895	25.679165144432105	27.77549960359769	0.0
91.0	28.97117296222664	24.151093439363816	23.129473161033797	23.7477634194831	4.970178926441351E-4
92.0	27.319421113839	23.109475483813256	22.26410687129126	27.306996531056487	0.0
93.0	24.887751425625225	26.30033171410468	21.7425550682685	27.069113317016807	2.4847498478090715E-4
94.0	28.379120401312864	22.41582790654916	22.39470879225997	26.804876776179626	0.005466123698379294
95.0	24.017768855806928	27.178746937903416	22.364360922430198	26.437384162066273	0.0017391217931836365
96.0	26.04720724033161	24.644554472663675	22.544053383284933	26.76244587265821	0.00173903106157909
97.0	26.22281731146629	25.778901712565272	23.665396443706932	24.33288453226151	0.0
98.0	28.45638717497789	22.307917772015063	23.306457221775116	25.929237831231926	0.0
99.0	21.18163349443432	22.521271787128146	29.088330692469317	27.208764025968218	0.0
100.0	21.270360813861373	25.910354059000728	22.852786255845313	29.966498871292586	0.0
101.0	25.38668401540528	19.646453234140925	28.594628016060824	26.37223473439296	0.0
102.0	23.969369740700554	25.787917236721547	23.796056503095055	26.446656519482843	0.0
103.0	28.23215983831442	24.68361816181966	23.26663472019108	23.8173389910045	2.482886703396837E-4
104.0	26.671334435721345	25.711958923632316	22.334530069867565	25.282176570778773	0.0
105.0	27.849201265263357	22.70124788336536	19.562173194094775	29.883901659044298	0.0034759982322066134
106.0	26.897551698368048	24.19128582388416	22.89277476667767	26.01838771107012	0.0
107.0	27.762439855205596	25.235489525247157	20.49913351771944	26.502937101827804	0.0
108.0	23.413092483540055	23.081659202176784	25.258443480074284	28.246804834208877	0.0
109.0	25.989975497315132	25.082606569301387	24.754166325317208	24.173251608066273	0.0
110.0	27.49968969540501	23.805079065610805	21.384206737333365	27.31102450165082	0.0
111.0	27.26446756960718	21.567055248838226	24.542985661516465	26.625491520038132	0.0
112.0	25.62631568495055	22.368381856456292	25.824164912420066	26.181137546173094	0.0
113.0	29.1938278531037	20.395092865192805	23.33694103395376	27.07413824774974	0.0
114.0	26.34181457118034	21.81258532952712	27.570559761697904	24.27504033759464	0.0
115.0	28.479865755152094	21.610491354016176	26.114693952527766	23.794948938303968	0.0
116.0	24.751951743226304	24.779753999677297	24.841067904529037	25.627226352567366	0.0
117.0	26.80723564500955	26.852414984646472	22.538532763709572	23.801816606634414	0.0
118.0	28.16761204959847	22.347114823687118	24.834733824022244	24.65053930269217	0.0
119.0	27.58320238902004	22.105385969223743	23.481852731709377	26.829558910046842	0.0
120.0	26.442939025570883	21.39330405792856	25.622267842647595	26.541489073852958	0.0
121.0	28.367516148090775	22.923338149212828	24.89189095260082	23.817006508884553	2.482412110199238E-4
122.0	29.319842217494596	21.35177604615312	23.648261190120966	25.680120546231315	0.0
123.0	26.456745686980266	27.188531711555168	22.373339952836044	23.98138264862852	0.0
124.0	24.707836050598726	24.92528347598149	21.642224516948986	28.724655956470794	0.0
125.0	28.060107526347927	23.735225055724065	24.39175134904363	23.812916068884377	0.0
126.0	24.575229915728595	23.763295396720984	25.99580504635548	25.665669641194945	0.0
127.0	25.539065660890653	21.766660957671526	26.309283570753067	26.38474159350465	2.482171801039037E-4
128.0	27.241857775108038	21.537025683286625	25.81658057581993	25.394855399646037	0.009680566139365401
129.0	24.37323139552202	27.417216899170928	22.493422032467855	25.71389564613017	0.0022340267090304325
130.0	26.74915914760528	24.250307174860065	22.271480520769984	26.72905315676467	0.0
131.0	26.521291251411768	22.018790413662146	24.38459533590657	27.07507477691038	2.4822210914326136E-4
132.0	25.654741367541313	25.983632396635137	22.08782507465206	26.26685101112272	0.00695015004877516
133.0	28.301793125359914	24.41321312972855	22.701006771381483	24.583490537937607	4.964355924462361E-4
134.0	27.662843427561572	22.805650219540468	20.774559615971725	28.75694673692624	0.0
135.0	26.98190103649577	22.081132599976172	28.030062348596164	22.906904014931893	0.0
136.0	27.687458115118268	27.395815234927646	23.39373029859267	21.516046563578147	0.006949787783265903
137.0	29.863663778446814	21.12355144315849	24.182119180642392	24.830169197892285	4.963998600152395E-4
138.0	26.664962449307804	22.380758558728488	26.33810017819826	24.61518606578941	9.927479760350637E-4
139.0	25.802688824526527	24.349075639011534	23.754675164483892	26.093064004149635	4.96367828415569E-4
140.0	29.601391815390876	21.557254788088166	25.061115288873665	23.780238107647293	0.0
141.0	26.303419280702666	24.010413952114682	25.78172892452863	23.903941467434063	4.963752199562693E-4
142.0	29.943114411512134	22.533840968544155	21.862978203785424	25.659570032314587	4.963838436986553E-4
143.0	27.216116670637756	23.807928282106268	24.550025812088	24.425929235167978	0.0
144.0	29.824326269650985	23.2399120390364	22.35633125344373	24.578934044169113	4.963936997711625E-4
145.0	31.045565894204923	22.019006678894346	20.49683428846569	26.43784855712552	7.445813095199685E-4
146.0	27.53756995892434	23.60671605673653	23.04282540982589	25.806683791866767	0.0062047826464638935
147.0	28.62656140255086	21.418732611441886	25.25097847479543	24.699756529163142	0.003970982048679276
148.0	24.42674582236132	23.976034885423623	22.955234178581797	28.641240547107483	7.44566525778134E-4
149.0	28.68112776729872	25.017373175816537	22.984215228829544	23.315794698699495	0.0014891293557033655
150.0	24.40422712088196	26.394190438844245	22.494428201984505	26.706906051295288	2.4818699400876593E-4
151.0	27.659294594172003	23.417478041383212	23.640352727733006	25.282626446637895	2.48190073886185E-4
152.0	28.243916725406297	22.526978863661185	22.053173429169934	27.175682786144726	2.481956178581711E-4
153.0	27.320426904939193	22.39488706875155	22.94415487714073	27.34053114916853	0.0
154.0	25.65941825745297	24.1850813987833	24.75297411471532	25.400292385323148	0.002233843725257078
155.0	26.394960048254855	22.951092312236725	26.00723326407868	24.646714375429738	0.0
156.0	29.33770543890264	21.88568151974522	24.988519499475	23.787845314838766	2.482270383783824E-4
157.0	24.42937959692293	22.92286726357884	26.28242203693177	26.365082871831024	2.4823073543319985E-4
158.0	25.987369612598616	21.965405448344	27.35243447738297	24.694790461674422	0.0
159.0	28.39053524706957	20.200723856996042	24.247471713475754	27.161269182458632	0.0
160.0	27.64477499304921	21.283314135917703	24.599336696190967	26.472574174842116	0.0
161.0	26.258027520088973	18.84378886536108	27.728363862940725	27.1646066732368	0.005213078372427284
162.0	28.17619211931495	19.411517924301137	24.46671449459205	27.94557546179186	0.0
163.0	26.29279312827388	21.81177229959534	29.8865470072739	22.00888756485688	0.0
164.0	26.719048683001912	23.89364712891934	24.117822298354064	25.26799235371515	0.0014895360095330305
165.0	29.00748008331616	20.795277095751523	25.701397457317842	24.49584536361447	0.0
166.0	25.071314192082824	22.950384190469098	22.529078067006793	29.44922355044129	0.0
167.0	24.75918330867238	24.542696551107756	25.362218095512368	25.335653780077262	2.482646302346597E-4
168.0	23.747526583793256	24.27783694942438	24.656204457487032	27.31843200929533	0.0
169.0	28.554581206427393	20.383538244582596	24.40264563926351	26.659234909726496	0.0
170.0	32.13284638550478	21.50821414118342	22.136843594906413	24.221847604529508	2.482738758779585E-4
171.0	26.6201588877855	23.01539225422046	25.45431976166832	24.909880834160873	2.4826216484607745E-4
172.0	28.189791673905383	25.214803710855094	22.69498617612167	23.900418439117853	0.0
173.0	29.9134375325726	20.52508276543259	21.881343902160587	27.6796394554109	4.963444233222318E-4
174.0	27.435418264303035	24.816163240589766	22.72453150476871	25.02363881381549	2.481765229972775E-4
175.0	25.08792002442154	24.33467436706269	22.398324245575456	28.17734405829402	0.0017373046462971834
176.0	24.29762732055991	23.531966643502432	28.904993547106123	23.26392335947583	0.0014891293557033655
177.0	23.946993502012937	24.18204291947758	23.587097350667918	28.25954221209549	0.02432401574607713
178.0	24.695028139795728	21.620743049420827	25.744935333062024	27.93929347772142	0.0
179.0	25.17297517297517	24.574883111468477	24.201882128711397	26.04926690292544	9.926839195131877E-4
180.0	29.864430141341963	20.578305339447123	24.840956079744632	24.716308439466278	0.0
181.0	29.844416181115395	21.22645148925897	24.273913140871677	24.65521918875396	0.0
182.0	27.71005171958923	21.22743179136945	24.50408430442379	26.558183293427778	2.4889118974966525E-4
183.0	22.980830018866328	22.806104924659138	26.674199923339987	27.53836734084336	4.977922911885786E-4
184.0	24.884136537188315	21.66833430404763	27.401273378035974	26.040531055390453	0.005724725337634344
185.0	26.689643159309213	25.082615836360922	20.62907480216991	27.59791967351814	7.465286418155576E-4
186.0	27.666150699044877	22.843512495209463	23.19714110801973	26.293195697725924	0.0
187.0	26.68414356952048	21.247631780079814	26.169794833110515	25.898429817289188	0.0
188.0	32.067758463583814	26.113996345185754	20.80430809984514	21.01319019474085	7.468966444423421E-4
189.0	25.027885668758092	22.847076984364108	24.537396673638085	27.586146798127675	0.0014938751120406335
190.0	30.700666756297835	18.426176284588916	24.332870238966652	26.54003774468064	2.4897546595758455E-4
191.0	27.584437708743764	23.17955512827857	23.41666064770653	25.819346515271143	0.0
192.0	28.407426595861274	20.71705407047993	25.21869302274607	25.656826310912734	0.0
193.0	27.802855918607317	23.563819716401106	23.127360417725427	25.505465706057617	4.982412085338755E-4
194.0	27.199015546493754	22.052804770813143	24.033917811085566	26.714261871607537	0.0
195.0	27.830638791928585	19.42386892793877	24.827402352460467	27.91808992767218	0.0
196.0	30.77242764045675	22.361420928375257	25.730480260571966	21.135671170596027	0.0
197.0	28.540092798245198	22.62038606674162	21.043366778428542	27.796154356584644	0.0
198.0	28.726488998649508	21.846023846109354	22.722460157984877	26.705026997256265	0.0
199.0	26.298323080600323	24.11291844359739	24.966599992451975	24.62215848335032	0.0
200.0	28.73274875136815	22.679683470252996	21.897920414659	26.689647363719853	0.0
201.0	24.241951474829015	20.227376812396518	30.10503218403531	25.425639528739165	0.0
202.0	24.2443765508841	26.00904986485602	29.49410349461689	20.252470089642987	0.0
203.0	26.72835309816955	23.440592189742425	21.82642193519148	28.004632776896543	0.0
204.0	24.70029234244102	23.336531222223062	22.58792305929692	29.37500157376422	2.518022747817504E-4
205.0	27.666314146144938	23.99481291232311	24.350103238152794	23.988517903006496	2.5180037266455156E-4
206.0	25.744641202304685	20.392642733389742	24.798541440025787	29.064174624279786	0.0
207.0	26.876298656323588	23.771612789482298	26.840282587616016	22.511554105957764	2.518606203327079E-4
208.0	29.54857498431765	20.657373980647094	20.257820392348524	29.536230642686732	0.0
209.0	27.219814553517434	18.623765369885103	25.381223543640395	28.77444063696835	7.558959887119533E-4
210.0	26.320325809735984	23.910775310234982	23.685218600993963	26.082924223026442	7.560560086291193E-4
211.0	28.366486260294383	25.413350743766657	24.592573172975847	21.627337741399607	2.5208156351068953E-4
212.0	29.286686838124055	20.750126071608673	24.49394856278366	25.46848209783157	7.564296520423601E-4
213.0	31.88929092294572	19.27694427202398	23.213429619648867	25.62033518538144	0.0
214.0	30.289563785841978	22.649503590510143	24.36092959368151	22.700003029966368	0.0
215.0	25.300802561722385	22.83721883149239	24.997028017573903	26.864950589211322	0.0
216.0	25.4214646805842	24.29670909568325	26.257893301178036	24.02393292255451	0.0
217.0	30.853111956504996	21.987257484046186	24.411518577273963	22.747855283626226	2.5669854862640605E-4
218.0	24.18320824494157	22.61238504748518	26.820178737221013	26.383709290082315	5.186802699212124E-4
219.0	26.70074425236706	23.704003809393523	21.45098957415295	28.14426236408647	0.0
220.0	28.267677513233092	21.370653113730782	23.874132731605474	26.486745819186403	7.908222442480862E-4
221.0	24.91471294662784	20.13438688970604	24.381735285990604	30.569164877675515	0.0
222.0	26.368017841729703	22.127122324142626	23.223198537492827	28.28166129663484	0.0
223.0	30.005871516143976	21.892136477736717	24.542398810613978	23.559593195505325	0.0
224.0	31.556195576841656	22.1573211873114	22.555356897263103	23.731126338583845	0.0
225.0	31.958687589775774	20.56233786258592	23.05969361946163	24.419280928176676	0.0
226.0	26.63874616574975	21.12926586154295	25.66703563581093	26.564676986788704	2.753501076618921E-4
227.0	29.12092188134057	23.68769212809837	23.897261149683423	23.293846897878183	2.7794299944967286E-4
228.0	28.073453950216905	27.04019352333705	22.228926263921363	22.657426262524684	0.0
229.0	28.04524198546397	25.603132570849063	22.76917009408981	23.58245534959716	0.0
230.0	27.4082155042856	20.304381053032305	26.408195617526488	25.879207825155614	0.0
231.0	25.370642079705046	23.635142917502293	25.73759437880011	25.25546304576196	0.0011575782305837956
232.0	24.755966159091766	24.836996140184773	22.732540072084735	27.67449762863873	0.0
233.0	23.587824351297403	24.052189738170718	23.51003874603734	28.84936010332277	5.870611717740989E-4
234.0	25.972811323452316	19.790723442787016	27.55534242005433	26.679633512843733	0.0014893008626030596
235.0	25.6607949331558	20.78617653585716	27.782775848522473	25.770252682464566	0.0
236.0	29.243510719284888	23.432933867046486	24.06682055941652	23.256120920409618	6.139338424891334E-4
237.0	29.16475788378917	23.21152203251328	23.38640781507299	24.23731226862456	0.0
238.0	26.330413885681565	22.064515725277786	26.857040937978166	24.747716541346325	3.1290971615959646E-4
239.0	29.037104988454114	22.31676841805586	25.367095815012814	23.27839812735267	6.326511245373738E-4
240.0	27.173437198223137	21.707976566020733	24.65814717054014	26.46043906521599	0.0
241.0	26.87365235300374	21.0966180305096	25.52511901193504	26.502354454124404	0.002256150427218199
242.0	25.894401324105115	23.949945206099418	20.82944064963907	29.324596480906184	0.0016163392502125484
243.0	27.877771772024484	23.720963351598733	23.489220392085784	24.910749830885898	0.001294653405100287
244.0	28.329940817644978	21.341033856981927	24.543633595319953	25.78409315945473	0.001298570598413796
245.0	25.140568536130353	21.32010488826269	24.661135245848172	28.876560604281632	0.0016307254771502746
246.0	24.509650137579	24.69657457696908	24.07240380907564	26.719410730508553	0.0019607458677280837
247.0	27.22922169958003	21.75850002782333	26.1601510970576	24.719557183493237	0.13256999204580047
248.0	28.287190712275173	21.41249176707288	24.453022344409966	25.8358264220436	0.011468754198383233
249.0	24.814413678905215	21.207372756092663	31.78817975619472	22.173903024357486	0.016130784449923788
250.0	27.993731340322757	22.16877109804038	21.096883193313428	28.739622491792222	9.91876531209395E-4
