# Position (bp)	A	C	G	T	N
0.0	24.605391577108794	23.445029511958428	24.718875098066825	27.230634446410594	6.936645535332151E-5
1.0	22.651163884772433	29.973059696226283	23.92235325698172	23.373930586169536	0.07949257585003093
2.0	24.70972271020728	26.957253429106487	22.28845013567327	26.044090533519338	4.8319149362083686E-4
3.0	26.70243343222306	21.511860904161576	24.034066257726263	27.744120935628793	0.007518470260311512
4.0	25.99074065777584	23.004785440900875	23.99261403072249	27.011722021230185	1.378493706142361E-4
5.0	28.475691709402177	23.56934720699779	22.211817585916286	25.742386101364417	7.573963193293049E-4
6.0	25.373744789432585	23.5748616931182	23.866048547640258	27.18018939518923	0.005155574619724816
7.0	25.7386640763432	25.71211600478277	22.686321843574923	25.861663281273046	0.0012347940260665018
8.0	28.060116452012313	23.895043979217416	23.169392025220546	24.875242209097546	2.0533445217794832E-4
9.0	25.9772449723929	25.270948476760037	22.499924869340955	26.251745080307842	1.3660119826571117E-4
10.0	24.74212030473341	24.478030751761278	22.998173892393403	27.781675051111904	0.0
11.0	27.05915359073716	22.193257507244844	22.89952273132348	27.84786813389928	1.9803679523655498E-4
12.0	28.513806367313858	24.248668524443882	19.577447684261866	27.660077423980393	0.0
13.0	25.262670517799517	22.317502988390167	25.15980833260654	27.259889904115	1.2825708876929628E-4
14.0	26.79640471674775	21.46526187591579	23.33128238958205	28.406987586504368	6.343125003964453E-5
15.0	25.568394499145576	23.13707693559594	24.61006403475278	26.684464530505707	0.0
16.0	26.78609476266352	24.57375836226932	21.381804561600642	27.258219508226418	1.2280524009959505E-4
17.0	28.888316156351983	26.319710623555892	18.89086348420507	25.90021067899773	8.990568893231E-4
18.0	26.126211277895578	25.47968120527092	19.51419887279301	28.879789752890687	1.1889114980225428E-4
19.0	25.158494033391733	24.195564117033566	21.58638803782939	29.059317451922933	2.3635982237559346E-4
20.0	22.962884384106303	25.758980586507374	23.904723613849434	27.373352806997392	5.860853949863911E-5
21.0	23.84646856308653	24.307148884534115	23.41327679872797	28.433047638308707	5.811534268292967E-5
22.0	22.227039663278145	26.652559817359485	26.00375990718269	25.11664061217968	0.0
23.0	25.333868056948067	23.58772809304191	22.821450055859522	28.256896502334644	5.729181586410381E-5
24.0	28.566545006785972	21.149147303697305	23.919489051177653	26.364761946875564	5.6691463512807166E-5
25.0	25.32000751540237	24.921466849504068	19.398543470152916	30.359869994756046	1.1217018460408131E-4
26.0	26.39620585784785	24.74440534011018	19.645218728839772	29.2141700732022	0.0
27.0	25.8007212323608	24.3185398488656	20.247220944623308	29.63346242637142	5.554777886651425E-5
28.0	28.0275617767264	23.386350363405388	22.493805496701462	26.090147743077125	0.0021346200896212035
29.0	28.513239944159345	22.891362629992845	22.342652929331887	26.2525819800679	1.6251644801884324E-4
30.0	24.045982377437785	24.094548493778106	25.308056005391215	26.5511979910946	2.1513229829599084E-4
31.0	26.461462441081064	23.988818904543564	22.276305896118703	27.27330580306769	1.0695518898447119E-4
32.0	23.93061227730739	22.879103486060785	24.150876477890208	29.03924895254077	1.588062008527893E-4
33.0	24.469399842614607	24.428850082041322	24.695798312292805	26.405847118507854	1.0464454341492816E-4
34.0	26.571610917067474	26.19449169523748	22.552133855030476	24.681607998204093	1.5553446047428677E-4
35.0	25.574961900037806	22.064276726527165	25.472626760921006	26.888032020895864	1.0259161816220452E-4
36.0	24.440246686065638	24.659996945635385	25.563904379938357	25.33580074063217	5.1247728444436694E-5
37.0	25.679177789286733	25.1888860372634	21.158258555004526	27.973626391640195	5.122680514296633E-5
38.0	27.268700154813587	25.15800152713898	20.83628015164869	26.73696695449464	5.121190410468533E-5
39.0	23.93469818261878	26.980597362633986	21.028270658983097	28.056331393666945	1.0240209719495055E-4
40.0	26.61396426051958	25.739214214701043	22.128867314644832	25.517954210134548	0.0
41.0	24.203498871794032	24.04834495665314	21.500257992653353	30.24339354526952	0.004504633629956633
42.0	25.23296368295032	25.23726313354196	20.177577546221652	29.352195637286066	0.0
43.0	26.405115699455216	25.192823895782208	22.3205398199065	26.078194049596082	0.0033265352599943193
44.0	28.90910477172956	24.654200433007425	22.405857216031407	24.030735237604	1.0234162761054303E-4
45.0	25.89625045280679	23.47514116315575	21.456646180357293	29.168483010279996	0.003479193400174778
46.0	25.067045113866698	23.899472745560082	22.333722490016136	28.699759650557084	0.0
47.0	25.223930683030787	24.18707151356168	22.956079404720374	27.631179131246142	0.001739267441015814
48.0	23.22173282255759	23.57433582022003	22.777591120643407	30.42634023657897	0.0
49.0	22.286765615779768	25.54803647747157	24.0843048079942	28.079103383176058	0.0017897155784002805
50.0	28.022341832699066	24.111703027876672	19.381908003556614	28.48404713586765	0.0
51.0	24.852156611748537	26.35277722680157	21.37916614693138	27.41359954685899	0.0023004676595144275
52.0	23.37067331787797	25.335904355527095	20.804069856073404	30.489352470521535	0.0
53.0	23.276357291832564	24.284992487262947	23.71643628115191	28.720483949506676	0.001729990245907937
54.0	23.171268418838057	28.290511013525165	21.886776901132414	26.651341908481886	1.0175802247529441E-4
55.0	24.372919665746526	28.025076111954828	21.89701121719273	25.703420548858247	0.0015724562476730184
56.0	26.47740516722844	25.64478778577638	24.87166118756384	23.006145859431342	0.0
57.0	23.389375132168073	27.28821286451131	22.226296083869485	27.09139970617484	0.004716213276292508
58.0	25.68192627884312	24.62028442286376	21.331917608032718	28.365668864286096	2.0282597429992078E-4
59.0	27.92279299924963	21.84991583686548	24.46799772860938	25.756809101786693	0.002484333488815429
60.0	24.034274803827973	22.480033529699398	23.978999393590282	29.50669227288235	0.0
61.0	25.478994590923055	23.594902804146063	22.431346428425012	28.488986224492635	0.005769952013232423
62.0	25.604688203019148	21.84246500119189	24.416239467207326	28.136151829108748	4.554994728858878E-4
63.0	26.82122892022353	23.199520634673217	22.857810891593193	27.11885851131559	0.002581042194472926
64.0	25.349518770817316	21.332591141584526	23.361562886102192	29.95632720149597	0.0
65.0	24.17703969149879	25.852027506509184	23.3619459617808	26.6044916523351	0.004495187876124744
66.0	25.189711991313025	23.574489576888595	22.83756108031667	28.39773229459968	5.050568820313388E-4
67.0	27.42846580443995	24.823301433739363	20.24295137487772	27.504776353527433	5.05033415535939E-4
68.0	24.0013837405436	22.596028563636914	26.3877301604937	27.014706030886703	1.5150443908006504E-4
69.0	23.21732464623225	24.081052228653498	24.539882257528582	28.158912947530972	0.0028279200547000538
70.0	25.299915411705044	22.808744756080223	24.20455244323057	27.686434517670282	3.528713138810501E-4
71.0	24.685426204534767	22.51837902801169	26.059080184413297	26.73661214925097	5.024337892752494E-4
72.0	27.680895347382666	25.15923934858434	21.643841397156674	25.51451679102884	0.0015071158474738479
73.0	25.849013954329457	21.960236691146186	22.708586584152947	29.478144244969307	0.004018525402103698
74.0	24.96951201136343	25.74065219182018	23.084631040087437	26.20455180145338	6.529552755772627E-4
75.0	25.87659249184606	24.22717122821891	21.385120101734653	28.508956526717906	0.0021596514824751816
76.0	27.144139963478352	23.15940351997943	25.41142094912081	24.28438267773164	6.528896897669083E-4
77.0	24.628756004937532	24.615598625606268	24.12335193780075	26.631791241604635	5.021900508115893E-4
78.0	27.437937675289813	25.659642101192915	20.407463297419586	26.494655622205094	3.0130389259520575E-4
79.0	27.834194778502386	19.911460208564637	22.63273310866964	29.619101134315645	0.0025107699476906186
80.0	23.98844104783759	22.825917761720888	27.963525530622185	25.21965523994115	0.0024604198781841098
81.0	25.95280750838025	23.99969270752786	21.648453394979285	28.398795333171318	2.5105594128906175E-4
82.0	22.86973697952232	21.892799472995012	24.090645259766866	31.145663455899488	0.0011548318163194808
83.0	25.97691719481709	21.827645643242278	23.851746674572816	28.342736527959296	9.539594085250833E-4
84.0	23.550589303178363	25.520321872596448	24.41165071160191	26.5164340179251	0.0010040946981791747
85.0	25.239591752722234	26.902401188796794	20.57085339344254	27.286852449634274	3.0121540415576855E-4
86.0	26.281035380295886	24.5822751640152	22.198840284913814	26.936393377445544	0.001455793329554964
87.0	21.985152716990548	22.28643540217122	25.297254372037433	30.430103370782003	0.0010541380187927712
88.0	25.245477206082395	26.137487313288243	25.403289359425212	23.213344563562057	4.0155764209368137E-4
89.0	26.312976045574892	26.068788977701928	22.636567829043955	24.980663295396084	0.0010038522831365365
90.0	23.98689818690662	25.24658752577299	24.516411396128078	26.250102891192313	0.0
91.0	26.63979884264255	24.55916525719333	24.19333791725848	24.60729647121412	4.015116915185674E-4
92.0	25.766884713095134	23.865695177316212	22.300307847965062	28.067062074475718	5.0187147874423724E-5
93.0	26.86074072810143	25.50126542765332	21.048305059653007	26.589387671527803	3.011130644427125E-4
94.0	28.159433926756744	22.936755868367896	22.678158756445484	26.221887663567816	0.0037637848620572846
95.0	24.22914275706574	26.05596590438635	23.761196216884315	25.951386752671812	0.0023083689917796973
96.0	26.289262730044033	23.862556922961122	23.713421901070088	26.13375484550826	0.0010036004164941728
97.0	26.34355158964128	24.4533138371726	22.89631391093553	26.306619946800367	2.0071545022231745E-4
98.0	28.334764219842373	22.642060436431258	24.130767806508686	24.892407537217682	0.0
99.0	21.900741655683728	21.762173503180495	26.717113768868124	29.61997107226766	0.0
100.0	22.930665154988787	24.41142387012948	24.1696222979176	28.488288676964135	0.0
101.0	23.675707726411503	22.086612178517665	28.336746994297858	25.900732444728035	2.006560449389278E-4
102.0	24.771448610931333	24.36386404616482	24.62710828685043	26.237528885624467	5.017042894713341E-5
103.0	26.135209207193462	25.11038167150033	24.855629653375715	23.89842829342737	3.511745031257039E-4
104.0	25.698848671833847	26.755913412095218	22.888955777961723	24.65598113728146	3.0100082775227633E-4
105.0	27.956560915259065	22.752690610406837	20.63542153732538	28.65246725412246	0.002859682886252852
106.0	26.718639156265645	22.314088561603906	24.052017976815566	26.915204135590702	5.016972417689042E-5
107.0	25.80654224221879	24.16965218782971	22.072203372313595	27.951000160041662	6.020375962444895E-4
108.0	24.359292070913305	24.218027309849404	23.880065415216063	27.54256503897824	5.016504299144184E-5
109.0	26.169958430126545	24.422338276538227	25.337858682495355	24.069292820556296	5.517902835750593E-4
110.0	25.087758723954543	24.038767334793388	22.457906411428148	28.415517367649613	5.016217430954276E-5
111.0	25.376828460782146	23.499608724441682	23.818096996207636	27.304914019704235	5.517988642976102E-4
112.0	25.286800505230378	23.700381129906205	23.255846617033164	27.75692158595789	5.0161872362112536E-5
113.0	29.271725614377587	21.389614682562176	22.565425513504945	26.772682424735518	5.517648197760537E-4
114.0	27.08240009430626	21.476946383380028	27.39802508646831	24.042327458421223	3.0097742418504095E-4
115.0	27.108958376184578	23.309035633838853	26.193505340309937	23.38789864197097	6.020076956650429E-4
116.0	26.982760523585636	23.97528359550742	24.59941444776886	24.44244109862281	1.0033451527392327E-4
117.0	26.322493450618516	26.096488367636272	23.676101856301905	23.904113643683548	8.02681759759356E-4
118.0	27.308204396025577	23.627257886990016	24.71728440521615	24.346902143431194	3.5116833705738993E-4
119.0	27.1066240435382	20.826184326969965	24.888074153005793	27.178716128760378	4.0134772566277556E-4
120.0	25.601005375548404	23.338609380996697	24.465894239910497	26.5944910035444	0.0
121.0	28.12360936702777	22.75217271115923	23.790679228414742	25.332786152443727	7.525409545329807E-4
122.0	27.353320834664892	23.25118560923985	24.385346958453884	25.009845586092062	3.010115493114612E-4
123.0	24.662417749130583	27.119458664360263	22.864939005424194	25.352733066705728	4.5151437922793044E-4
124.0	25.457498092346963	24.70015607386192	22.33281007702353	27.50948558837739	5.016839020171205E-5
125.0	27.275969947383842	22.927410971934034	24.639944534300838	25.15602236287089	6.521835103927951E-4
126.0	24.10977981727779	24.244230293598704	24.738486298342597	26.907353086516373	1.505042645383357E-4
127.0	26.816493906140416	22.42371764063737	27.218587300169865	23.540247968462634	9.531845897142353E-4
128.0	26.193497053350733	23.07652558771192	24.72551536888176	25.995933338049177	0.008528652006415553
129.0	24.657066932086636	26.066625562692174	21.97887041662674	27.29372468731799	0.003712401276464028
130.0	27.19874094628703	23.285670638251332	23.603293727859572	25.912244518104416	5.016949764780311E-5
131.0	25.51544840097611	24.682222097354227	24.218448978936554	25.583278480606214	6.02042126894426E-4
132.0	27.039844912936616	25.699690397816983	21.006942092702047	26.248505546098418	0.005017050445940529
133.0	27.739068659963255	24.733721517107547	24.522956391034782	23.0020459418808	0.0022074900136161996
134.0	27.069653708148373	22.586281978214277	20.56790177962224	29.776062194466075	1.0033954903393082E-4
135.0	27.149182790282783	22.612863640514018	26.37873097450089	23.85892157816948	3.0101653283137156E-4
136.0	28.275715709126743	25.754139829560334	23.94072239687176	22.02420431888854	0.005217745552624476
137.0	28.933689009476726	20.4875178042935	23.97813765710298	26.600153823075367	5.017060514278806E-4
138.0	25.889279581323084	23.639021595553565	26.83378091000624	23.636764063297193	0.0011538498199241771
139.0	26.303255360340177	23.705448811692385	24.444074315066946	25.54581680502203	0.0014047078784546409
140.0	26.687102252346033	20.97508848591876	25.690390843118415	26.64726791102995	1.5050758683660644E-4
141.0	26.005046113895276	25.292479444034445	24.831265236048054	23.870657334349445	5.518716727782273E-4
142.0	28.82430174086284	22.348406362209243	23.419393971624622	25.407647073284412	2.5085201888213314E-4
143.0	26.969174903649623	24.826689731222338	24.167062168944526	24.03682234907282	2.5084711069280963E-4
144.0	28.41353201642738	24.559038518847036	22.46959500476105	24.557081923162983	7.525368015580522E-4
145.0	27.699430885498817	21.70566786670359	23.069957336479916	27.524191379801653	7.52531516019891E-4
146.0	27.559880337155036	21.536753480592413	24.592390281883965	26.30671154441427	0.004264355954320219
147.0	27.350460795970484	23.799597650116137	26.498803485694506	22.347375444616688	0.0037626236021853316
148.0	25.121560143925603	23.47731245221377	23.334631045146324	28.065944496731976	5.518619823283759E-4
149.0	28.46050420168067	24.42894769848238	23.69441866298758	23.41357080145491	0.00255863539445629
150.0	25.65915624388555	24.21286053290388	24.031245766921028	26.096737456289542	0.0
151.0	27.130048330313837	23.84099813411775	24.850350624310455	24.178201538361968	4.013728959907363E-4
152.0	26.990248006779282	23.565586005134634	23.484808575051012	25.959106551450954	2.5086158411062793E-4
153.0	24.771262227110167	23.59686761205592	24.84331036088288	26.788007899204864	5.519007461698088E-4
154.0	22.733332296417977	23.900413980094235	24.67388593897619	28.690009638295493	0.0023581462161035294
155.0	27.963525073250434	23.871235800907357	23.03322777108431	25.131810634271716	2.0072048618516164E-4
156.0	26.676940416433116	22.637058462520468	26.159221710765006	24.52652850463749	2.509056439217355E-4
157.0	25.22447521250688	21.994982835355405	26.683858911187958	26.096231405804716	4.516351450426268E-4
158.0	25.08283865994824	21.089822048055705	25.694763312020854	28.13247561509869	1.0036487650854682E-4
159.0	26.978927770278073	21.360837469325077	23.99047509120928	27.669057094250427	7.025749371446351E-4
160.0	26.456294357295345	20.452859693690637	25.23529252353427	27.855453055415317	1.0037006442754434E-4
161.0	24.61040772941429	20.18582793501543	28.84503431704169	26.354915898656827	0.0038141198717652753
162.0	25.599256030200436	22.887259266248243	25.100147850447215	26.41328666625848	5.018684562626659E-5
163.0	25.494446371132273	23.618493727167287	26.80989178817765	24.07706773615407	1.0037736871769417E-4
164.0	25.68134982097346	23.255231519913757	24.454463417253802	26.607248793189463	0.001706448669522124
165.0	27.286155829111376	21.654247571475466	25.953165137660726	25.106029928296163	4.0153345626949325E-4
166.0	25.031081869921433	22.667906093351515	25.566889639661117	26.734072204300617	5.0192765315193004E-5
167.0	26.623141295661984	23.48051045853729	26.291857238657034	23.604089450710955	4.0155643273327414E-4
168.0	27.15395774456999	24.338585562477096	22.88474377186686	25.62256233152793	1.5058955812003995E-4
169.0	27.015229109294385	21.8043618160881	25.150117513827077	26.02999037199828	3.0118879216266606E-4
170.0	32.50929937201002	22.369896640178307	22.410808857118475	22.709844533575627	1.505971175711697E-4
171.0	26.03480102191166	22.917006575958368	26.303281252117895	24.7443087261597	6.024238523700108E-4
172.0	27.91465649238184	24.515173573633877	24.028765782273652	23.54125354552072	1.5060618991440548E-4
173.0	29.608464854108075	19.032015799561634	22.80534590658218	28.552868188723235	0.0013052510248730644
174.0	24.629376857131813	25.373459512455675	23.703214334660487	26.293597887130566	3.514086214591189E-4
175.0	26.077210885890523	24.056651370274597	22.56235400781035	27.302177288547586	0.001606447476948734
176.0	24.866643842424377	23.887795087834846	28.19083409218919	23.0535723787847	0.001154598766888517
177.0	22.275215337524028	25.86445019336072	24.579378303737236	27.25620559142074	0.024750573957275385
178.0	25.583419720332028	22.105265800035642	23.89461873840678	28.416394537162304	3.012040632428131E-4
179.0	29.08504968310453	23.306527082714133	22.59426535677851	25.012902746427397	0.001255130975427548
180.0	26.936024901030493	21.278947951608192	25.407965912181563	26.376910136693766	1.5109848599317036E-4
181.0	28.466244049856336	21.569400053983284	26.168977773517415	23.79462134761452	7.567750284421281E-4
182.0	25.566461542651624	22.269749932289404	25.745056117835098	26.41868197102642	5.043619745367813E-5
183.0	23.935011477196667	24.256857189980767	26.196152882009578	25.61122187885064	7.565719623509617E-4
184.0	26.627541871685136	21.615701030745836	26.3310038359785	25.422222446400966	0.003530815189566946
185.0	25.483555506689914	24.030329424474257	23.97318688434965	26.512272533099047	6.556513871313789E-4
186.0	27.25855393635415	22.651664786976266	25.01750230505862	25.072278971610956	0.0
187.0	24.241598909347605	22.704811877115652	27.791676499078577	25.261407408492882	5.05305965288512E-4
188.0	27.651972228117515	28.11352312807608	21.777178142275314	22.456871721796077	4.547797350150077E-4
189.0	25.317588535431607	23.163964572183392	24.604312402313006	26.912719560442007	0.0014149296299908484
190.0	29.073887368572667	20.755980401818316	24.71043661292075	25.459493469378476	2.0214730979833278E-4
191.0	27.24589133349632	23.361329310335226	24.30684522137372	25.08557981941051	3.5431538422213345E-4
192.0	27.500102507303332	22.96978590906767	23.986152149185838	25.54390881355263	5.062089053283043E-5
193.0	28.431463877941994	24.020449657552277	20.870376145711404	26.67745717884641	2.531399479139243E-4
194.0	28.718965791357764	22.925997899744708	23.88468241486827	24.47035389402926	0.0
195.0	26.793715841459807	21.099748001636772	24.453564642441872	27.652465086882717	5.064275788305169E-4
196.0	28.6579778285287	21.946952641802326	26.06463495907868	23.330383774514186	5.079607610471306E-5
197.0	25.900598239575263	23.50621737308049	23.717468341568125	26.875207986688853	5.080590872718497E-4
198.0	27.830367824869544	22.39088710703831	24.48792159857452	25.290823469517626	0.0
199.0	25.775727953156196	22.161074565433097	25.747910363047623	26.314725662415935	5.614559471455579E-4
200.0	28.09280297616374	22.988649496281838	24.037688001012743	24.88085952654168	0.0
201.0	25.268801834519554	20.3447585811878	29.078431632802044	25.307752703333236	2.55248157363552E-4
202.0	26.097637930347894	24.501890533852453	27.871359969285848	21.529111566513812	0.0
203.0	26.609154927779223	24.206766481469472	22.059779591674143	27.12368615790976	6.128411674011398E-4
204.0	26.53321913068083	23.15162547250326	23.559966352098627	26.755189044717287	0.0
205.0	27.967434909148114	23.274519078027296	25.402006944522483	23.35522182529183	8.172430102737662E-4
206.0	26.015544584043177	21.069679887821536	25.1213351076193	27.79333825433759	1.0216617839747241E-4
207.0	26.162334437593625	23.603717017802364	26.434857158038653	23.798631561952682	4.598246126744013E-4
208.0	28.706986993063953	21.968195274209595	21.19063059085411	28.134084938312487	1.0220355985219321E-4
209.0	27.79316495743751	19.911578377079888	25.15196508112556	27.142473812121942	8.177722350992955E-4
210.0	25.03138841062176	24.021080333882715	24.581470817979937	26.36570258918603	3.578483295639976E-4
211.0	25.20098039466357	25.02527436169772	25.64316027448187	24.12986905400506	7.159151517816827E-4
212.0	29.51432569108894	21.838794089133653	23.609137951762545	25.037384157711777	3.5811030308921293E-4
213.0	30.328069412095925	22.70087788897136	22.53727828824448	24.433416088659108	3.583220291264621E-4
214.0	27.924943738028485	24.50204377086611	24.45793581960104	23.11507667150437	0.0
215.0	25.65040719292867	24.44384876527519	22.80901755558945	27.096315672986513	4.108132201748318E-4
216.0	26.17169310919606	23.853769170033516	25.81662279333402	24.157914927436398	0.0
217.0	29.375985806481342	22.520794887316953	25.410399224132334	22.69219167953146	6.284025379083831E-4
218.0	24.651539665348857	23.79518439177327	25.311521076560915	26.241437109258115	3.1775705884066335E-4
219.0	27.15043539613586	22.205657608907874	24.360465955975215	26.282852629681397	5.884092996485057E-4
220.0	28.6546761119888	21.542507713667792	24.196342823465898	25.606150715765995	3.226351115188263E-4
221.0	25.46691116305937	22.56042778198638	23.942493494726964	28.0298966200758	2.709401514880575E-4
222.0	26.177683382420014	24.384828629170247	24.061343841661095	25.375870378309656	2.7376843898878697E-4
223.0	30.90638773311673	22.05496629540592	23.814227766718542	23.22369594361474	7.22261144072764E-4
224.0	30.64554065186107	22.03260977401451	24.485532715114264	22.83620538784719	1.1147116296749612E-4
225.0	31.68848388513443	19.181185460472406	23.736692468923152	25.39285295630368	7.852291663278029E-4
226.0	25.922560566995674	22.24100723510103	24.98676782935611	26.84955078768329	1.135808638960508E-4
227.0	27.628643372120585	23.095453608833232	25.622718811827767	23.65169187465095	0.0014923325674606068
228.0	27.84400300278294	27.751911504455418	22.871754510377315	21.532330982384327	0.0
229.0	28.12841415733367	24.826473637475186	21.106988939873638	25.938123265317508	0.0
230.0	25.78502064910247	22.989900908935788	27.19929213129346	24.02578631066828	0.0
231.0	25.936651572936526	24.025579378397058	24.144214073420173	25.892245410123056	0.0013095651231854338
232.0	24.887457957743862	24.689213817299063	24.878231726970668	25.544916766218094	1.797317683089757E-4
233.0	23.35640978632629	24.94193451257165	21.86819711062735	29.83291223460764	5.463558670728317E-4
234.0	26.99780667881746	21.003614346174047	26.845262735164187	25.152265917024497	0.0010503228198078527
235.0	25.94436071850434	21.458627723138335	27.64693902488697	24.94963388613342	4.386473369406855E-4
236.0	29.02674894896917	23.381647607169565	23.399691600203568	24.19172123809748	1.906055602183323E-4
237.0	28.458033673099674	24.424700446644714	21.995697076769666	25.121248168371913	3.206351140338783E-4
238.0	27.612619464585435	21.969067594430815	23.968973985940526	26.449338955043224	0.0
239.0	28.17956215854529	23.10804946341534	23.781793970250877	24.929075179978955	0.0015192278095311068
240.0	25.57337399012062	21.256092717130038	26.59468468013491	26.575370886264277	4.777263501570355E-4
241.0	29.217398078208255	21.486976451149562	22.68826712112536	26.605240032635745	0.0021183168810722237
242.0	27.122446561756757	24.006103118877277	20.93872433036555	27.93163027645512	0.0010957125452923052
243.0	27.82756023837915	22.76691167737945	25.40848276652724	23.99409338141557	0.0029519362985876703
244.0	27.101067104947234	22.084621264083534	26.265600501940412	24.547610382516293	0.0011007465125254634
245.0	29.342974739552464	20.84889769835778	23.241720676736293	26.564063615637608	0.002343269715857871
246.0	25.224954698420916	26.32675813271205	22.87106739149193	25.574320476313744	0.0028993010613512812
247.0	25.914655657825747	22.859301091706985	24.511457320219755	26.570150232494434	0.14443569775308412
248.0	25.913536606898653	23.327389999272953	23.054712140673526	27.693559387755805	0.010801865399063146
249.0	25.93812147944049	21.006491161798525	28.839909673692045	24.19909007077227	0.016387614296665815
250.0	27.45631919172239	21.594845281916044	24.130106531768178	26.81719816578876	0.001530828804631453
