# Position (bp)	A	C	G	T	N
0.0	24.365276190107142	24.00848623408831	24.436333869373993	27.18975839420301	1.4531222753957337E-4
1.0	23.17528075668945	29.6594308213875	23.816899932234893	23.272074254716628	0.07631423497152948
2.0	24.582934953025244	26.87905053429121	22.584635244194086	25.952656765159926	7.225033295361769E-4
3.0	25.939429172016453	22.20389766136468	24.43463890616007	27.415633764588797	0.006400495869995823
4.0	25.766204270176218	23.36505347936812	24.252137419884313	26.616364441448663	2.4038912268066563E-4
5.0	27.888187930485543	23.567377245439967	22.841479513654285	25.70242707047249	5.282399477138495E-4
6.0	26.240650922550973	23.71200742508873	24.33442430872798	25.70750002037489	0.00541732325743168
7.0	25.839546748824265	25.589016477293658	23.13457580909172	25.436095402463295	7.655623270606665E-4
8.0	27.826191239517872	24.18953571652109	23.67003397569097	24.31414351014612	9.555812394557582E-5
9.0	26.328173433670017	25.27425677415663	22.24269650061518	26.15487329155817	0.0
10.0	24.279826960275187	25.024393265171945	23.23577615367757	27.460003620875302	0.0
11.0	27.27595588415272	22.50746894539738	22.71219817678759	27.504330810664023	4.618299828337795E-5
12.0	27.8607625416596	24.261026682208637	20.48402661106581	27.394184165065955	0.0
13.0	25.73190147069556	22.771679537392682	24.936096867868056	26.56014192486956	1.801991741471849E-4
14.0	25.83118493474518	22.24176843682816	23.929919089376355	27.99699372875762	1.3381029268771355E-4
15.0	25.405828780562157	23.466749131955915	24.813021410138823	26.3144006773431	0.0
16.0	26.76285949597587	24.4852552786311	21.501125922631044	27.25058554926954	1.7375349244519816E-4
17.0	28.03061100131331	26.591933142941393	19.671433283135993	25.704701590036894	0.0013209825724047593
18.0	25.719532784605946	25.98427463062058	19.80853090919249	28.487492376239004	1.6929934197578258E-4
19.0	24.995851412330865	24.853914961112782	22.086912279903736	28.062815934956888	5.05411695732051E-4
20.0	22.880333810113285	25.361695256032508	24.045774222171648	27.712154876647304	4.1835035252292454E-5
21.0	24.147831515539934	23.79675304298449	23.57036595510114	28.484717418772114	3.320676023224808E-4
22.0	22.42787719680853	26.73927982125149	26.232043880620353	24.60071680458228	8.229673734584793E-5
23.0	24.9591103996669	24.249264478975718	23.232218914990202	27.55903737008254	3.688362846383376E-4
24.0	28.219333199843877	21.598161257162026	24.31302005550508	25.869363641126718	1.2184636229716135E-4
25.0	25.184616369620112	24.965239090228568	20.01692845232309	29.833014750383853	2.0133744437549755E-4
26.0	26.60153396054706	25.130059794660138	19.97657561813451	28.2917505159132	8.011074509401797E-5
27.0	25.43972324512358	24.622583370568098	20.216838213019088	29.72085517128924	0.0
28.0	27.5271706333582	23.885544016129256	22.576723774625705	26.007949871096542	0.0026117047903018694
29.0	27.447665960321675	24.236060023883308	21.837051785634372	26.47879041495871	4.318152019364164E-4
30.0	23.643889805375636	24.433216182418633	24.80010540463843	27.122515740529956	2.7286703735004004E-4
31.0	26.603777463284356	24.67719284501184	22.581782402011793	26.136743100461256	5.041892307507339E-4
32.0	24.558010200946352	22.447689424199595	24.597953665581024	28.396077859030296	2.68850242733362E-4
33.0	23.9255636621169	24.622520012201683	24.59966087847537	26.852141341713242	1.141054928102129E-4
34.0	26.27324150034292	26.64607881380166	22.517706282816135	24.562822502578513	1.5090046077455697E-4
35.0	25.570201134050507	22.225775886033006	25.827522096648366	26.37638879340493	1.1208986319058566E-4
36.0	24.317936442278832	24.067361149480558	26.01111162546908	25.603366788171293	2.2399460023683697E-4
37.0	25.381200158678684	25.15303424466596	21.86037694024061	27.605388656414746	0.0
38.0	26.6577920779372	25.293510606227933	21.37419076585114	26.674431931804953	7.46181787791869E-5
39.0	23.801809376483927	27.402545421855233	21.333640205415296	27.46196769412861	3.730211693243803E-5
40.0	26.342061979479414	25.807937461071678	22.809962666109705	25.03985141037069	1.8648296851048594E-4
41.0	24.279177029131997	24.679430166026926	21.426128814161046	29.61056522097456	0.004698769705465453
42.0	24.34696327154314	25.646157064408197	20.66714470077563	29.339697675121005	3.728815202528733E-5
43.0	25.904350928762614	25.800515040917304	22.67115864073044	25.62054526331253	0.0034301262771161732
44.0	28.611316869283066	24.65935580026177	22.723468596912348	24.005560503278485	2.982302643326669E-4
45.0	25.48193471629588	24.159130146973315	22.366019912513753	27.988927056031155	0.003988168185897837
46.0	25.53741890591987	24.37665593673702	22.245987829971426	27.839937327371683	0.0
47.0	25.631695766434675	24.328765020056554	22.967960193962014	27.069715720135413	0.00186329941134645
48.0	23.017365826036258	23.682568421131062	22.78952201602283	30.510543736809854	0.0
49.0	22.58599360558697	25.844737870413866	24.420801994836342	27.146753008253583	0.001713520909238895
50.0	27.187877943606857	24.186230495921606	20.53499029149358	28.090789527104665	1.117418732929101E-4
51.0	24.675406414668654	27.401608936932963	20.973086189219355	26.947514959255187	0.002383499923839729
52.0	23.220552454239325	25.605760086338858	21.525513110819002	29.648174348602808	0.0
53.0	22.946392592609083	24.790151381910015	23.87814197796098	28.383458786109884	0.001855261410043198
54.0	23.37960858667844	28.21771322453114	22.65214156776823	25.75038820379911	1.4841722307665193E-4
55.0	24.371126294598408	27.747236776869755	22.629641272524836	25.250403500372677	0.0015921556343240612
56.0	26.921771156781638	25.167518993630967	24.522544489394257	23.388165360193142	0.0
57.0	22.730601105842844	27.722256938171718	22.92176917085479	26.620412188555974	0.004960596574671045
58.0	25.535808676880162	24.719047470983043	21.759606799717492	27.98524092327146	2.9612914784395774E-4
59.0	27.453886284604952	22.44449420652208	24.586813337306072	25.512030187897082	0.0027759836698133984
60.0	24.305822472680827	22.569251442830787	23.736229540186386	29.388659586546197	3.695775580680259E-5
61.0	25.490882981479203	23.600001921589538	22.969129294521657	27.93344500724846	0.006540795161141912
62.0	25.014309569286585	21.93755817592807	25.15435674190415	27.893442947035936	3.3256584526598063E-4
63.0	26.497775797260015	23.808520882084185	22.513277043766855	27.17783977980781	0.002586497081138044
64.0	25.62521113276323	21.25489201066248	23.455762062042425	29.664097915446586	3.6879085280671966E-5
65.0	24.172207897950877	25.85415843103011	24.065120038705036	25.90368287833285	0.004830753981131296
66.0	24.775188195882276	23.754477891247394	23.19413997754371	28.27571457280503	4.793625215943597E-4
67.0	27.0109339706751	24.567696300059954	21.223384995674934	27.19695232251932	0.0010324110706913983
68.0	24.245002910889898	22.23381580242671	26.391171246970664	27.129825689497455	1.8435021526574634E-4
69.0	23.472038496194475	24.744245995755744	24.624350937113345	27.156525727296994	0.0028388436394417875
70.0	26.271631026821463	22.986678545592433	24.313044054493343	26.428425483977257	2.2088911550475926E-4
71.0	24.660610964540314	22.721113871123073	26.116344849598526	26.50093862036213	9.916943759542762E-4
72.0	27.795816951796603	25.53136404799555	21.658221591238764	25.0128714260218	0.001725982947288481
73.0	25.67954777101869	22.493222146178407	22.529571416402554	29.29354642572853	0.004112240671822634
74.0	24.718768730246644	25.335423963778066	23.971375686951582	25.97344062495756	9.909940661477529E-4
75.0	26.103522434509436	24.690841963872842	22.051585058829573	27.151738463458138	0.00231207933001079
76.0	26.65220805718857	23.65292731796464	25.19108116637676	24.5029394279675	8.440305025284218E-4
77.0	24.23920290650121	24.705040105298657	24.008577715918936	27.04651877054206	6.605017391377737E-4
78.0	27.19468544349431	26.122821147414367	20.486103594223852	26.1957293480275	6.604668399780578E-4
79.0	27.270192247010772	20.998865509280662	22.64406050812856	29.084276663100283	0.0026050724797207947
80.0	24.177673517262484	23.117119543184362	28.019691442521438	24.68287392626569	0.0026415707660298405
81.0	25.29220280134612	24.85779200744306	21.969864562593713	27.87977375859439	3.668700227202605E-4
82.0	22.841608316057737	22.442658535305863	23.801692427511284	30.912756744819248	0.001283976305868102
83.0	25.80273954713579	22.291348978071372	23.749858312567795	28.15520945712712	8.437050979229814E-4
84.0	24.011683225115927	25.29092521664878	24.751366503050654	25.944851304074163	0.0011737511104785896
85.0	25.374972538384828	26.673177988309693	21.353491778753458	26.59773419210404	6.235024479806406E-4
86.0	25.488210018229836	24.66814260708972	23.21437674033289	26.6274736884954	0.0017969458521538964
87.0	22.70823700328069	21.989836346775725	25.2249860569697	30.076427240116033	5.133528578536937E-4
88.0	24.518645188871773	27.061940906487703	25.4716019543845	22.947261977131383	5.499731246466423E-4
89.0	26.33810335270084	26.14452601415461	22.825114606583387	24.691486116691937	7.699098692179769E-4
90.0	24.13265708257799	25.901014926029724	24.84360021042714	25.122617801622926	1.099793422135542E-4
91.0	26.9049077471973	24.89845098576133	23.847935093675094	24.34804634762626	6.598257400220602E-4
92.0	25.821528270571747	23.863173189141005	23.257830781230755	27.057467759056493	0.0
93.0	26.535709926691446	26.17116471571814	20.879907899737972	26.413034195630956	1.8326222148265734E-4
94.0	28.3999461970909	23.01346135591394	22.949726165916005	25.632321621182808	0.004544659896345104
95.0	23.912682575545187	26.049588351813068	24.08848282951553	25.94690077382163	0.002345469304586675
96.0	26.40858115632774	23.740656823006507	24.046974875616694	25.802357978396127	0.0014291666529246795
97.0	25.57569468642791	24.932827833698095	23.414496876535488	26.07676075716488	2.1984617363230948E-4
98.0	27.89068714215735	23.118865587275046	24.271692770914388	24.718717861255517	3.663839770028105E-5
99.0	22.24757963867025	22.417441767181554	26.45691483925372	28.877990491090937	7.326380354164553E-5
100.0	22.798749049479795	24.584042102733836	24.265773507335307	28.351435340451065	0.0
101.0	23.68890998440543	21.956001198342538	28.626213083761655	25.72869261268705	1.831208033289897E-4
102.0	25.088815817180592	23.891738636684074	25.13096693792066	25.888478608214673	0.0
103.0	25.83832726641701	25.31721802201809	25.204714951339586	23.639593319521534	1.464407037793783E-4
104.0	25.836708231946048	26.749733772573503	22.925576758977144	24.487541947521805	4.392889814975142E-4
105.0	27.50919419800894	23.27448168006168	20.947871844264967	28.265523606190335	0.0029286714740808916
106.0	26.050467541519385	23.2850465784395	24.934034621207907	25.730304831799266	1.46427033944715E-4
107.0	25.93322673741824	24.16992823810716	22.944002003066096	26.952147512347118	6.955090613848977E-4
108.0	24.00648334279339	24.38627636328238	24.433155806262377	27.17397469973918	1.0978792266977878E-4
109.0	26.095360683292856	24.129583867216855	25.50508247357048	24.269241210953936	7.317649658741408E-4
110.0	24.544624111627865	23.850974076928903	23.219698036700784	28.384703774742448	0.0
111.0	24.937316861709327	23.56051931708852	24.650587688717035	26.850917657732136	6.584747529805128E-4
112.0	26.03675771534883	23.61962864779703	24.13361334055665	26.209963716360633	3.6579936855713E-5
113.0	28.17138649638921	21.710777788873077	22.880283083707432	27.236747917162756	8.047138675243453E-4
114.0	25.976080053579743	22.54570354322025	27.17189448360547	24.305846403028088	4.755165664485021E-4
115.0	27.24453776286959	22.94092041393387	26.28542269466707	23.52842411761048	6.950109189873324E-4
116.0	27.197746424468015	24.03133526398709	25.104241768475916	23.666566805265514	1.0973780346617826E-4
117.0	26.17400859464276	26.351198114270414	24.395455988669234	23.078532560586087	8.047418315046184E-4
118.0	26.84923750193409	24.452025957598885	25.006117761700285	23.692070100587344	5.486781793980122E-4
119.0	27.179121953574835	21.112114591346394	24.717144770740127	26.991106580208857	5.12104129790597E-4
120.0	24.99267516238095	23.37210284840165	24.99662563660246	26.63852319568491	7.315693002795693E-5
121.0	27.798038353574807	23.567300918200353	24.104716247486124	24.529139747738153	8.047330005640447E-4
122.0	26.63256310743536	24.116678798608547	24.503425597056143	24.746856973549928	4.755233500254222E-4
123.0	24.505749867679338	28.221482291343943	23.045997844096817	24.226111594142996	6.584027369070214E-4
124.0	24.716937308312012	24.60610804572896	23.206074760372868	27.470733576328627	1.4630925753538398E-4
125.0	26.646859135976637	23.482750586416785	24.709790901679128	25.159648380363116	9.509955643372275E-4
126.0	23.97299054939894	23.69687557379172	25.333558156053794	26.996392838933055	1.828818224978292E-4
127.0	26.048615342749944	22.65026696815036	27.774819186593874	23.525201222808494	0.0010972796973263681
128.0	26.35220001565457	23.231125088056952	25.005541278685715	25.40184328898116	0.009290328621600525
129.0	24.308739158073227	26.18119120927031	22.27239177458302	27.234276325847766	0.0034015322256773987
130.0	25.673316005890257	24.67745132966058	23.917687086275595	25.731545578173566	0.0
131.0	25.884889639116526	24.313630104042268	24.628884211142342	25.171974242726275	6.218029725839755E-4
132.0	26.361937548441087	24.785560742518904	22.60442700798942	26.2420029912315	0.006071709819088651
133.0	26.91580526311747	25.36310258166859	24.793316183901503	22.926020306458618	0.001755664853820784
134.0	26.627524965270638	22.905247187452222	20.852795064224626	29.614323053637932	1.0972941457894263E-4
135.0	26.06654069858882	23.459689117806487	26.253334825638085	24.219923292609508	5.12065357096092E-4
136.0	27.71242365564811	26.098155299536135	24.53787389438309	21.645146258550678	0.006400891881986573
137.0	28.400810094209845	21.612339123256266	24.092255933881564	25.894338813819886	2.5603483244166154E-4
138.0	25.397931342213642	24.125026516564624	26.426664325894066	24.048987981595676	0.0013898337319961668
139.0	25.715489539314344	23.647930502512303	25.283105266661348	25.35223115697722	0.0012435345347827581
140.0	26.9538740630069	21.486826777658095	25.391008889433444	26.16803424836649	2.5602153506854974E-4
141.0	25.86706402109958	25.227873477140232	25.25936484005789	23.645185607020707	5.120546815879401E-4
142.0	28.296924959712193	22.6022081301265	23.78191112323789	25.318626608311835	3.2917861158313696E-4
143.0	26.61785828060713	25.095305829026298	24.24965061539604	24.03700239896741	1.828760031205961E-4
144.0	27.80763156412464	25.09588283530829	22.940411826195856	24.155305687573016	7.680867981972637E-4
145.0	28.08074505310182	22.51577949055754	22.695949324216823	26.70661175010159	9.143820222253351E-4
146.0	27.885428831739688	21.128009272551644	25.14766333673605	25.8340340537312	0.00486450524141296
147.0	26.14970253922437	24.381067259857023	26.454185627520445	23.011569991609797	0.0034745817883635893
148.0	24.707094935512057	24.237978667023643	24.186370756931865	26.867824132239143	7.315082932923981E-4
149.0	27.95642055111829	24.392538370858375	24.217376403645737	23.431616424186764	0.002048250190834739
150.0	25.532997393214895	24.049686560334806	25.18373134934322	25.23358469710708	0.0
151.0	26.827500112473924	23.95972592207587	25.4627067554217	23.74948197984833	5.85230180174084E-4
152.0	27.681405868735304	24.05948840324356	23.009088445088373	25.249870972390838	1.4631054193058954E-4
153.0	25.3039437520255	22.80344446419649	24.93351973412283	26.958323914533626	7.681351215518963E-4
154.0	23.037103663253813	24.553080401085488	24.85561734398827	27.551199192649573	0.0029993990228543233
155.0	27.44092378212175	23.345143394383484	24.295740512777364	24.917899650453897	2.926602635039847E-4
156.0	25.86788260898355	22.965666628741637	26.13194325293593	25.03421484029599	2.926690428954041E-4
157.0	25.079168105643323	22.833669419746077	26.602751713601698	25.483935167028605	4.7559398029723896E-4
158.0	24.97859798901583	20.935044713739874	26.22620718317341	27.86007694480257	7.316926832195063E-5
159.0	26.809940721375096	21.609094730557192	24.674878528757432	26.905646999685	4.3901962527479886E-4
160.0	26.924094271098003	20.96137671305295	26.10089227472066	26.013526985740214	1.0975538816639355E-4
161.0	24.693322347938008	20.312322789158703	29.102931739572963	25.887325551361233	0.004097571969095526
162.0	25.482382519642865	23.27315472679991	24.752131849026892	26.492257733120457	7.317140988135987E-5
163.0	25.29176060300728	23.802938204339622	27.71562917774329	23.189562254823407	1.0976008640314002E-4
164.0	25.855977813470705	23.408508007127203	24.893256597602072	25.840464804861718	0.0017927769383028623
165.0	26.660080750648074	21.552446759271966	26.42203647499822	25.364887188746867	5.488263348828531E-4
166.0	25.170627328253943	23.518964304100653	25.65906440644229	25.651161012263803	1.829489393169345E-4
167.0	26.64309255121131	22.606854666822297	26.619125696456674	24.1305977699482	3.293155615141344E-4
168.0	25.839220384406808	23.649625260809838	24.44872246173752	26.062322116894038	1.097761517896806E-4
169.0	27.203562996476816	22.1969323276575	25.673166576159744	24.92611854113576	2.1955857017604208E-4
170.0	30.906109490196997	22.84051973829383	23.155045791992706	23.09817860322621	1.4637629026125607E-4
171.0	25.584085430807946	23.48882475186547	26.599604565609503	24.326716778442933	7.684732741462538E-4
172.0	27.449978926171354	24.333247476994405	24.110142950804317	24.106520886505724	1.097595241997799E-4
173.0	28.161784018255155	20.43798610963773	23.398924678475353	27.999732230454473	0.001572963177297825
174.0	24.57920697909899	25.336619784258986	24.03158709533927	26.052000842829802	5.85298472956284E-4
175.0	25.512509890958924	24.122416324225178	23.259730819587812	27.10355042898319	0.00179253624489996
176.0	24.484707027212913	24.316421219377013	28.04717124361383	23.150127403331695	0.0015731064645529726
177.0	22.812543562165885	25.988863452344408	24.116929725742665	27.056161670562638	0.025501589184399175
178.0	25.073331591959537	23.240864921341853	24.027007390595266	27.65839367778878	4.024183145696649E-4
179.0	28.485093949661554	24.03459071519699	22.987693265706113	24.491012246000047	0.0016098234352973544
180.0	26.538235602566516	22.14520970489726	25.870461050823618	25.44591029797757	1.8334373503456765E-4
181.0	27.70153885810406	21.872355081896302	26.45254082881475	23.97290428852644	6.609426584509046E-4
182.0	25.527974874443828	22.704764800426545	25.815825971814167	25.951397632930544	3.672038491776286E-5
183.0	24.247468610327385	24.075055387059425	26.012583411093715	25.66415813689426	7.344546252096408E-4
184.0	26.224862814630267	22.138167390022172	26.236981987970438	25.39583790862731	0.004149898749815458
185.0	25.13333933092573	23.593414643550233	24.40334665655644	26.86916496989882	7.343990687819808E-4
186.0	27.207731448431062	22.95113091198599	25.768569195831827	24.07256844375112	0.0
187.0	24.910193960442665	22.833139569107605	28.088981928420058	24.166948728514246	7.358135154226513E-4
188.0	27.947060656690105	27.236623234898378	22.336742702002244	22.479021510333517	5.518960757613498E-4
189.0	25.430410552242773	23.21523581604516	25.162910256042302	26.190155547558756	0.0012878281110063677
190.0	28.239692160386	21.483713637328755	25.604641586682558	24.67169502770726	2.5758789542961797E-4
191.0	27.234483965766614	23.43000856755935	24.135938608370413	25.199016112539034	5.527457645855789E-4
192.0	26.7776476493224	23.03617612006082	24.268285402412626	25.917780272247725	1.1055595642326421E-4
193.0	27.39916115050641	23.745411390072384	22.51385797054444	26.34127463843965	2.9485043711577303E-4
194.0	27.941738548085638	23.099394836037387	24.14474840858353	24.814118207293447	0.0
195.0	27.03247372250881	21.042783449290727	24.569057991475894	27.355095035421257	5.8980130331343E-4
196.0	28.316993705487754	22.415888471881555	26.239693844380746	23.027276219746444	1.4775850350187653E-4
197.0	25.08802224995585	23.872742547942106	23.956091213587605	27.082589808556683	5.5417995774932E-4
198.0	27.1235165846859	23.393067731177076	24.11803602861538	25.365231642394363	1.4801312728425882E-4
199.0	25.746160603016786	23.35922532409483	26.036634404571345	24.857571803648014	4.07864669019675E-4
200.0	28.116171075744223	23.439610760668316	23.363259512293887	25.080921569579946	3.7081713634983185E-5
201.0	25.340389780834037	21.082342156117782	28.869095630290808	24.70787575638568	2.9667637169247563E-4
202.0	25.41076386390626	24.760840524003473	28.242180632996554	21.58621497909371	0.0
203.0	26.029691807540818	24.025196151647325	22.9025435440148	27.04190071493468	6.67781862376836E-4
204.0	25.504149814057016	23.386852311588722	24.60109358147004	26.507792983105773	1.1130977845272729E-4
205.0	27.145072315939338	24.401300310309757	25.00095545572641	23.45189271141267	7.792066118278369E-4
206.0	25.45092158519556	21.652325866617385	25.88246295865419	27.014215371393135	7.421813972974949E-5
207.0	26.407250970581902	22.96916407473666	26.713383266648353	23.909756296719692	4.453913133847513E-4
208.0	28.34320859970443	22.174709245454412	22.053355022910296	27.428727131930863	0.0
209.0	27.22856387544815	20.769694026370583	25.352058289743752	26.648829838740816	8.539696966996669E-4
210.0	25.19889170999522	24.31226713339327	24.548341371443893	25.94016556019633	3.342249712845046E-4
211.0	25.436323383010656	25.045615964101575	25.494903493261617	24.022228495861874	9.286637642828487E-4
212.0	28.451600795985144	22.126417453702242	24.68817412082103	24.733510342790147	2.972867014368238E-4
213.0	29.82603173281139	22.95285738082348	22.56683135920424	24.653907704755163	3.7182240572071083E-4
214.0	27.59939677109562	24.392445573772566	24.48926284549757	23.51878318326408	1.1162637016718281E-4
215.0	26.0405936510044	24.564372734779248	23.526184627938772	25.86843873843567	4.102478419098753E-4
216.0	26.079637822976267	24.331980039894603	25.842318782510393	23.745988039150486	7.531546825321212E-5
217.0	29.344996098411123	22.897278907433666	25.146689114718857	22.61027681545333	7.590639830212569E-4
218.0	24.61466446945547	24.307951253781724	25.25980796619298	25.817308171128122	2.681394417030379E-4
219.0	26.78994916269446	22.625056407484184	24.575914323266794	26.008538749379856	5.413571747033073E-4
220.0	27.519413867058994	21.595824921369662	25.059482519557573	25.8249679769263	3.107150874701811E-4
221.0	25.831969833195224	22.384642410840392	24.64820913940253	27.134943867614115	2.3474894773784177E-4
222.0	25.324121621728217	24.23142394224656	24.358579954469946	26.085637838852634	2.366427026489784E-4
223.0	30.93607010419807	22.602613972490243	23.9388328684917	22.52168652482326	7.965299967222791E-4
224.0	30.12254727832808	22.656399048167177	24.37614798270353	22.844746040881557	1.5964991965617791E-4
225.0	30.359151146167733	19.992545185285046	23.929714498250444	25.717586100501975	0.0010030697948000059
226.0	25.294875382324605	22.48038314868231	25.67646095277742	26.54811853571245	1.6198050321673032E-4
227.0	26.97454282755955	23.82870120286386	25.593811367999198	23.60167791295479	0.0012666886226027918
228.0	27.9414323468098	27.75865465110553	22.99387731652468	21.30591257530244	1.231102575466588E-4
229.0	27.222378707618137	25.43277863051978	22.52566601770036	24.81913528238307	4.1361778655750466E-5
230.0	25.897427342977842	22.59797073284652	27.190094707474426	24.31442381073518	8.340596602875003E-5
231.0	24.754853257900322	24.997605803448064	24.567452005324185	25.67878109027703	0.0013078430503962555
232.0	25.524173182298743	24.567915737048498	24.39896236164928	25.50869427114896	2.5444785451689473E-4
233.0	23.19091363220792	24.80106112159799	22.558773403754884	29.4486520482543	5.997941849096924E-4
234.0	27.281961764934714	21.46994149077896	26.703780605851446	24.542968700761474	0.0013474376734011022
235.0	25.838744125222	21.951583790510654	27.340851116356074	24.868645257194366	1.7571071690411773E-4
236.0	28.916981533405096	23.27972848556478	24.058815074622416	23.744341409733778	1.3349667393036901E-4
237.0	27.925778476996822	24.140482598749482	22.75198136160444	25.181622944037247	1.3461861201031358E-4
238.0	27.158164116121124	22.41773451213234	24.375775580467028	26.048234914036943	9.087724256635515E-5
239.0	27.47585860476926	23.40941405166509	24.388501552234327	24.725029818814765	0.0011959725165515695
240.0	25.284120139114435	21.622717283333056	26.3135385279189	26.77929214743096	3.3190220264526057E-4
241.0	28.921874666179235	21.762288758222375	23.792821043586013	25.52045178856713	0.0025637434452438997
242.0	26.94455228482039	23.728752274163224	21.50487755676844	27.820866351519026	9.515327289197438E-4
243.0	27.86485613166857	22.81023411071575	24.944167439537367	24.378359366287334	0.0023829517909789073
244.0	26.3354464921357	22.757655525352416	26.22109049307728	24.684804785476263	0.001002703958340993
245.0	28.659721274869504	20.85221058274757	23.7920116027772	26.69399829117514	0.002058248430585572
246.0	24.3624459404315	26.16845150954407	23.97782520735522	25.488783853313773	0.0024934893554377966
247.0	25.65922989175703	23.159705991547547	25.170578379490966	25.874677069687547	0.13580866751691356
248.0	26.130393190078223	22.35168772420221	24.241257106707614	27.266359088473425	0.010302890538528238
249.0	25.66811495146756	21.300847959077704	28.874564367363597	24.13975988581172	0.016712836279413504
250.0	27.543554656391798	22.114345163662488	24.399418480526215	25.9415682338936	0.0011134655258970296
