# Position (bp)	A	C	G	T	N
0.0	24.544447725319614	23.35084328141555	25.61001532637402	26.49469366689081	0.0
1.0	23.14849882297027	30.11191064970556	23.95026523393311	22.715064742823337	0.0742605505677219
2.0	25.090655187518735	25.6219884527852	22.890805373769442	26.395974613253937	5.763726726894867E-4
3.0	26.45540908428995	21.413791883555756	24.570808476959368	27.55447834317716	0.005512212017774004
4.0	26.00527773895744	23.537647049152028	24.170235854097648	26.286839357792886	0.0
5.0	28.597835977045854	23.719833263805175	22.333321289084953	25.348188271310928	8.211987530918134E-4
6.0	25.725679439280686	24.211642189717466	23.891404495625633	26.16405909885802	0.007214776518198044
7.0	25.91425014915259	25.368953182044727	23.184819089567664	25.531650221007723	3.273582272897276E-4
8.0	27.55319374823395	24.235066795373733	23.57862809374709	24.633111362645224	0.0
9.0	26.346486809026793	25.976565684231804	22.009084180288045	25.667781810119113	8.151633424305562E-5
10.0	24.712792064305255	24.257413243044905	23.256084817257968	27.773709875391873	0.0
11.0	27.410408729647155	22.917696485473922	22.68580435802183	26.9859322466883	1.5818016879405814E-4
12.0	28.220946545719418	24.84719597092332	20.051776539575247	26.88000287300461	7.807077740538017E-5
13.0	25.676299061960012	22.274129844482843	25.3185170328314	26.730668353492966	3.857072327820291E-4
14.0	27.181403774413493	21.668530772227648	23.668727475391137	27.48110925335901	2.2872460870937566E-4
15.0	25.444813464835438	23.2392494471596	24.865131036539044	26.450806051465918	0.0
16.0	26.373150374960012	24.452961177125662	21.89628771813432	27.277600729779998	0.0
17.0	28.922187217155194	26.87620390354847	19.02051567685488	25.179932813479077	0.00116038896238019
18.0	26.162419420257336	25.93775978966566	19.625500162525853	28.273961057079656	3.5957047149756785E-4
19.0	24.887780227423487	24.68885086809767	22.042374815829337	28.380493187385014	5.009012644894635E-4
20.0	22.864233346651233	26.10757977789148	23.880036703471855	27.14793727481689	2.1289716853862414E-4
21.0	24.294800319702738	23.869305294970886	24.028451852175543	27.807090127133993	3.524060168393691E-4
22.0	22.938495755726557	27.253879640340433	25.97081817521389	23.836596869464145	2.095592549749367E-4
23.0	25.600463155287144	24.003843854877083	22.6514666004221	27.74408722015672	1.3916925695446175E-4
24.0	28.33250702363246	21.260810885253125	24.855602379771938	25.550873133917257	2.0657742521897206E-4
25.0	25.527614125377596	24.454785093093125	19.89345387367278	30.123942247606156	2.046602503404182E-4
26.0	26.65511046291355	25.430505933587817	19.706586492956962	28.207661314962905	1.357955787675465E-4
27.0	25.58157328812017	24.769036385402504	20.034857833126587	29.61439707053362	1.3542281711961086E-4
28.0	27.761803215706117	23.408913537905896	23.023047544848136	25.80288907540752	0.003346626132330952
29.0	27.80636746506125	23.63323188843495	22.179593977027213	26.38034203635422	4.6463312236777037E-4
30.0	23.739166502360405	24.292422502945975	25.221813453154912	26.74613594535229	4.6159618642419237E-4
31.0	26.36851905697369	24.763465639425476	22.7480583343124	26.119366248720926	5.907205675118128E-4
32.0	24.660634808517447	22.556768994922287	24.458228699391153	28.323912213504627	4.5528366448715867E-4
33.0	23.95837160657365	25.300303929815744	24.83541700911145	25.90584299430494	6.446019421856518E-5
34.0	26.431574466670842	26.265270617650703	22.706099810431507	24.596863363683894	1.9174156305165645E-4
35.0	24.74136105800376	22.302706631484146	26.544075589754932	26.411603912212232	2.5280854492881863E-4
36.0	24.328841685188927	24.28962921802384	25.973807839967673	25.407342392402505	3.7886441705395026E-4
37.0	25.507125990439768	25.416926775785203	21.05877087947706	28.017176354297966	0.0
38.0	27.864554247019825	25.473726323149222	20.63407926811184	26.02738775167648	2.524100426383665E-4
39.0	23.878290054760644	27.560564766447122	21.524654907007847	27.03623791859086	2.523531935296641E-4
40.0	26.672999748947536	25.941541361208987	22.344426319886256	25.040969491448443	6.307850877358978E-5
41.0	24.5553709000432	24.351212682154603	21.40198734181207	29.6866988114422	0.004730264547928617
42.0	24.73520048835614	25.935973887072688	20.57256982281955	28.756192739233967	6.306251765750494E-5
43.0	25.90925141242938	25.71592514124294	22.281577885391446	26.089777542372882	0.0034680185633575466
44.0	28.779337898319874	25.17976131857961	22.44593920678683	23.59477243682899	1.891394846957786E-4
45.0	26.029866928900567	23.95500419196026	21.761001531799014	28.2505342385446	0.0035931087955521092
46.0	25.291157032867638	24.70477745246657	22.349804445593012	27.654261069072778	0.0
47.0	25.305739661827104	24.439508799705543	23.06951023670086	27.183350518452787	0.0018907833137112042
48.0	22.73862879531107	23.70998647181544	22.25962898623049	31.291755746643002	0.0
49.0	22.01474412002452	25.899172698743516	24.363710135212187	27.72029392474463	0.002079121275143979
50.0	27.855247963743324	23.733155090657444	20.58980098264465	27.821669966718094	1.2599623649241597E-4
51.0	25.10417185032513	26.43599675216895	21.202050240595245	27.255324496494847	0.0024566604158307195
52.0	22.876280971884956	25.946274948220378	21.759010660251484	29.41843341964318	0.0
53.0	22.937166151251056	24.591788324832322	23.63818577051287	28.830914394152373	0.0019453592513755573
54.0	23.099990587644715	27.6322906535312	23.035923822671226	26.23166943808239	1.2549807046716656E-4
55.0	24.23732835309755	27.729775044185402	22.734742967117796	25.296651050213274	0.0015025853859797515
56.0	26.915352997369528	24.765592819484247	24.782056723470266	23.536997459675955	0.0
57.0	23.45499033224648	27.531971814852348	22.81689982154247	26.191130454268613	0.005007577090084434
58.0	25.626267791325226	24.820389057423554	21.81167497726503	27.741104885029593	5.632889565948306E-4
59.0	27.709475599903122	21.588814700450534	24.793805303642383	25.904900421370026	0.0030039746339375287
60.0	23.407144120756058	23.7741456166419	23.25155448981416	29.567155772787878	0.0
61.0	25.564844533757537	23.641994793310687	22.900557234516665	27.886290405752984	0.006313032662130867
62.0	25.766673312512463	21.763478306521826	24.632358685672536	27.837302194941614	1.8750035156315918E-4
63.0	26.378730523593553	24.034280850234083	22.107311085654004	27.47749014578673	0.0021873947316285404
64.0	25.29996007187063	21.6575788580555	23.536197344779396	29.506201337592337	6.238770213615492E-5
65.0	24.398724681872256	25.817332074899674	23.184914266607862	26.59422563599037	0.00480334062983648
66.0	23.824363613454235	24.448383903470226	23.529507164943084	28.19705917027258	6.861478598736365E-4
67.0	27.133575844672986	24.633114274736407	21.272635639187037	26.959551503720004	0.001122737683567611
68.0	23.90180741564947	21.83929911266426	26.956931753047858	27.301774609112606	1.8710952580832874E-4
69.0	23.067328171434095	24.754539529691318	25.141151854011596	27.034298668778828	0.002681776084170349
70.0	26.322004446852638	22.825183884207444	24.640047831692232	26.212390152152114	3.736850955699632E-4
71.0	24.462947192007213	22.46226514130811	26.342065197338137	26.731480118346358	0.0012423510001857315
72.0	27.615281041789842	25.84495128410237	21.781359772245104	24.75648261779012	0.0019252840725596093
73.0	25.1190637337145	22.708418970221338	22.471595460241094	29.69738252274785	0.003539313075215991
74.0	24.4537166756775	25.87858770483103	23.631195830227128	26.03556870386084	9.310854034982741E-4
75.0	25.926015577431905	25.4170708742739	21.70816738322357	26.946573840118127	0.0021723249525036664
76.0	26.97740148058409	23.943929456275104	25.380076164184963	23.69766194819445	9.30950761393596E-4
77.0	24.247733130275424	24.88179261904363	23.742508671230507	27.127344986821715	6.205926287248745E-4
78.0	27.516637334650586	25.770120563274002	20.692785813398732	26.019649554807017	8.067338696665582E-4
79.0	27.50665692820074	20.10085145385078	23.37207000525604	29.017629146889284	0.0027924658031535004
80.0	24.125914913367104	23.403353627512054	28.12448033913533	24.343458912354464	0.0027922076310414063
81.0	24.830657335576138	24.898164826239565	22.305393215621283	27.965226196629217	5.584259337967441E-4
82.0	22.88827492584152	22.138903589946583	24.253063903791592	30.718144428016487	0.0016131524038142367
83.0	25.59540944713841	21.851222708073795	23.80210840832047	28.750204735977448	0.0010547004898773568
84.0	23.020130439340992	25.810003740840987	25.47270768026294	25.69579332194745	0.0013648176076360304
85.0	24.874011820929297	26.904524408581338	21.528780637893473	26.69206280675113	6.203258447597354E-4
86.0	25.450903916745133	25.104732273667263	22.320224586684333	27.122092338075905	0.002046884827373177
87.0	21.774697713188488	22.0842408966643	26.01272904086888	30.127526085726902	8.062635514296914E-4
88.0	24.845688487024688	26.857428131114396	25.701324353404836	22.59475281940607	8.062090500066668E-4
89.0	26.297518631656885	26.27792268032926	22.77806096821363	24.645815582254006	6.821375462148187E-4
90.0	23.921701640041597	25.396926774489785	25.374231957155164	25.30695360522055	1.8602309290675345E-4
91.0	26.932635085112956	25.229507973100162	23.21096628344033	24.626456630030543	4.340283160073363E-4
92.0	25.680945673146077	23.787714581897003	23.099452912262603	27.431886832694317	0.0
93.0	26.260768212577457	26.146754579299614	21.15644170828257	26.435787509338393	2.479905019637748E-4
94.0	28.26257847013764	23.08382836319631	22.725807391536694	25.92307415714734	0.004711617982014018
95.0	23.79576740962444	25.74716291964178	24.09252483723906	26.361631192571828	0.002913640922892663
96.0	26.091080123605643	24.224845725408272	23.996169093011073	25.68672727103667	0.0011777869383428538
97.0	25.471939621481333	24.88487803487162	23.29136317175658	26.35163321636731	1.8595552315797106E-4
98.0	27.820166358824334	23.242013660761877	24.25665373315648	24.68116624725731	0.0
99.0	21.79058691563301	22.437275541411932	26.36599415594275	29.406143387012314	0.0
100.0	22.46701249351652	24.478021858851335	24.931942837560737	28.123022810071408	0.0
101.0	23.891326789212982	22.065896425105926	28.15549742047977	25.887279365201326	0.0
102.0	24.532492101054455	24.254890406196964	24.889594459863318	26.323023032885267	0.0
103.0	25.64443632150723	25.220109225970134	25.684397042287117	23.45105741023552	0.0
104.0	25.497852715886925	27.2120247910332	22.474803795476454	24.81488502799028	4.33669613141924E-4
105.0	27.06017709642164	23.574938848947607	20.726179589550668	28.63480120641671	0.0039032586633755383
106.0	25.80721306112738	23.44028023533027	24.81016955873096	25.942275189706532	6.195510485281946E-5
107.0	26.263797128313914	23.683294261088506	22.610624842017614	27.441478368184452	8.054003955135481E-4
108.0	23.736752454396235	25.061104400879557	24.806094954938214	26.395986249187033	6.194059896559199E-5
109.0	26.30856920600493	24.42922643095193	25.76589845083045	23.495562697300336	7.432149123594782E-4
110.0	24.72477655125944	24.024765155869122	23.236501416992013	28.01389494441031	6.193146911353772E-5
111.0	24.405807010600935	23.49453665116504	25.292614151878805	26.80642286437654	6.193219786841762E-4
112.0	25.76662686655899	23.52787080984136	24.041081638112978	26.664296826230416	1.2385925624993808E-4
113.0	28.277897161824907	21.519906859800468	22.95943075484434	27.241898226992078	8.669965382066795E-4
114.0	26.172233514043764	22.25878130074353	27.397385829775477	24.17147549633439	1.238591028389745E-4
115.0	27.29298507037473	23.790598782888097	26.060142124384228	22.855654690017975	6.193323349696093E-4
116.0	26.526740840979397	24.809047077876837	24.849860497378714	23.814165786711175	1.8579705387804902E-4
117.0	25.20222536151596	26.804916703774605	24.481082383339146	23.51090849523026	8.670561400270893E-4
118.0	26.666559315861576	24.394231793509903	25.240114848845934	23.698908242312235	1.8579947034764319E-4
119.0	27.00251396180933	21.31101343195116	24.84753029110303	26.838446831163214	4.954839732612074E-4
120.0	24.615417964709742	24.220399972748837	25.111451062485678	26.052669065594785	6.193446095341909E-5
121.0	27.697292998660345	24.000877002287265	23.200426609587197	25.100598231998074	8.05157467123253E-4
122.0	26.814109305497237	23.793411842234022	24.996067122756557	24.396102054138687	3.09675373499468E-4
123.0	24.656652745941923	27.8063122012066	22.95067752825899	24.585676249319498	6.812752729900986E-4
124.0	25.176493467001187	24.767426233193714	22.990507534454856	27.06532503349025	2.477318599893847E-4
125.0	26.858901708687117	23.60614111687073	24.32863274064991	25.20527160012139	0.001052833670859422
126.0	23.808323496368892	23.887721114935793	25.464339816852856	26.83936784136331	2.4773047914790624E-4
127.0	25.952260628085742	23.33013766161057	27.62658204329764	23.089719102932836	0.0013005640732180416
128.0	25.985575955383933	23.534850882381175	24.401222544614516	26.06837950906225	0.009971108558121963
129.0	23.939468069623487	26.434010348767718	22.532754066582648	27.090547072648846	0.0032204423773057904
130.0	26.770601667344827	23.79165188029948	23.655462471116266	25.78228398123943	0.0
131.0	25.679089571882013	24.650119996903307	24.318897576836726	25.351273515522184	6.19338855771464E-4
132.0	26.38408561660804	25.922744388842094	21.816813655056237	25.870039141852054	0.006317197641579547
133.0	26.91321048257137	24.950050847184702	24.677173020397092	23.457645719608433	0.001919930238405789
134.0	26.87223932953642	22.403638201362032	21.042533214751984	29.681589254349568	0.0
135.0	25.555148864433747	23.958958466101468	26.313761994033406	24.171511348849943	6.193265814349425E-4
136.0	27.359411976373522	26.29297504256396	24.575552650175364	21.765309554083323	0.006750776803835432
137.0	28.462787621142756	21.51466843054482	24.27066611173871	25.75156816695404	3.0966961967615993E-4
138.0	24.60280399877624	24.43620896590933	26.861993665672877	24.097630882383907	0.001362487257647579
139.0	25.964976819252094	23.936491067701656	25.355948032516217	24.741221600022794	0.0013624805072391067
140.0	27.091619155437584	21.459324483837925	25.133244070437588	26.315440705614517	3.715846723799874E-4
141.0	25.791987474855578	24.775062675267794	25.302538224481502	24.130163897063923	2.477283312028697E-4
142.0	28.794791743436882	22.661948253107298	23.394978655041566	25.14766202566845	6.193227458045528E-4
143.0	26.869912631815595	25.355662891467624	23.849216646714076	23.924960099983835	2.477300188708342E-4
144.0	27.883792397418162	25.352364767363078	22.751448910050527	24.01152687063918	8.670545290593325E-4
145.0	27.906239316662784	22.069297389425913	22.944773649502313	27.07863679378496	0.0010528506240307582
146.0	26.78933071729299	21.55142835554862	25.242126176877523	26.411726599011303	0.005388151269559918
147.0	26.05253623749377	24.52741849079857	26.558452215433874	22.8578152530354	0.003777803238382481
148.0	24.79924591028958	24.173789932505997	24.01877296920346	27.00750993087098	6.812571299751898E-4
149.0	27.686274412653272	24.623722775563998	23.93997649002808	23.74761091368075	0.002415408073904055
150.0	25.382675891558183	24.603357948045883	25.09164712126777	24.92219517074328	1.238683848863229E-4
151.0	27.035617578638867	23.829180798168707	25.431191455943157	23.703390817269458	6.193499798091906E-4
152.0	27.471752243500212	23.82374564353106	23.171243062321274	25.53307324070501	1.858099424422735E-4
153.0	24.941531189146605	23.715296531015724	24.93354127749397	26.408701942849216	9.290594944925353E-4
154.0	23.34615239299781	24.32408829109279	25.160062755377282	27.16684742180818	0.0028491387239450907
155.0	27.405234810779337	23.435487817342207	24.092146544969136	25.06706888381644	6.194309288057063E-5
156.0	26.336488554914293	23.588280440372383	25.249742777482854	24.82530239518918	1.8583204128444627E-4
157.0	25.438318284983698	22.510703985252288	26.5416092648939	25.508749021279126	6.194435909888303E-4
158.0	25.084029084655974	20.48246880114376	26.37317709849708	28.06020112468268	1.2389102050272498E-4
159.0	27.15046602877571	21.343721465571605	24.354974793684857	27.150280187179654	5.575247881715542E-4
160.0	26.841892032529994	21.07914194952003	25.48889153199229	26.590074485957686	0.0
161.0	24.590025820072256	20.609410697736656	28.78665483866172	26.009200568933643	0.004708074595725069
162.0	25.285784818728825	23.82714083850037	24.90969428938342	25.977318104692053	6.194869532950202E-5
163.0	24.991172021068202	23.813364754743258	27.366796639296837	23.82860463416236	6.195072934593659E-5
164.0	25.405779791051287	23.666378387486866	24.698236127906746	26.227685209047834	0.0019204845072656267
165.0	26.850291551330628	21.99186679585955	26.4237443963413	24.733229912943493	8.673435250327732E-4
166.0	25.14003376546939	22.898440283134303	25.940182457444667	26.021157628982543	1.8586496909994888E-4
167.0	26.827176862740238	22.956840683510737	26.874388173628578	23.34091275201051	6.815281099366798E-4
168.0	25.858647317193768	23.960462538484464	24.122548038585766	26.058280146446975	6.195928902955025E-5
169.0	27.09077390172873	22.15242580085507	25.453064006444016	25.303302559018526	4.3373195365264267E-4
170.0	31.16998350565034	23.012530005217222	22.955772588646287	22.861713900486155	0.0
171.0	25.541421401573828	23.154470537208006	26.59780655554867	24.70518619493153	0.0011153107379639384
172.0	27.338245379700606	24.156029853908645	24.82190063111515	23.683762182281814	6.195299378549519E-5
173.0	28.64188551671244	19.769452413860613	23.493191802284414	28.09354976002954	0.00192050711300078
174.0	24.233527532791292	26.21005013171035	23.523679365213106	26.032309304970795	4.3366531445691473E-4
175.0	25.252741152665692	23.94167159200596	23.52379217670259	27.279874506072105	0.0019205725536552214
176.0	24.862407318945504	23.935829115559265	27.791522072759467	23.408692548898607	0.0015489438371551973
177.0	22.61739377212887	26.13737899992688	24.149885800468695	27.070246033998373	0.025095393477180542
178.0	25.486749787036324	22.549306900023232	24.254379307674437	27.709192286842715	3.7171842329435453E-4
179.0	27.900876134821047	24.467463558404752	22.876715978292726	24.753333444856047	0.0016108836254299045
180.0	26.54402616706098	22.256784783252783	25.471765500200938	25.72723720979923	1.8633968606731957E-4
181.0	27.969893856065415	21.715940745476583	26.29896803989773	24.014264471105676	9.328874545917031E-4
182.0	25.2539083511021	22.86042611458195	25.9831894731802	25.902289512417614	1.865487181304834E-4
183.0	23.997756486787647	24.32209586914995	26.313276026743075	25.36618761938873	6.839979305953519E-4
184.0	26.78636163808086	21.56698269306224	26.30899534199437	25.333245450345387	0.004414876517147443
185.0	25.269360708961113	24.068257526867683	24.26248322907069	26.399276813902684	6.217211978329286E-4
186.0	26.710388955521026	22.91826381725675	25.917953558125088	24.453393669097135	0.0
187.0	24.62566188807661	22.217080604919925	28.311495645956676	24.844889931329305	8.719297174823153E-4
188.0	27.511824048688798	27.82491065789916	22.39307285756459	22.26950734479885	6.85091048600359E-4
189.0	25.06139629149583	22.840541545498656	24.891049999595154	27.205766486687143	0.001245676723222466
190.0	29.001773326847125	21.106513597063017	25.246269442283413	24.64525677112498	1.8686268146702153E-4
191.0	27.312005636946946	23.476200423394577	24.44165229889537	24.769767507116335	3.7413364677418853E-4
192.0	27.38001995510102	23.05094786729858	23.838550760788227	25.73048141681217	0.0
193.0	27.51760018760228	23.891163233944038	22.25220033528919	26.33891150760388	1.2473556061150362E-4
194.0	27.55421142706031	22.98715441150789	24.790251922222943	24.668382239208857	0.0
195.0	25.890187678129546	21.982425487347463	24.545806700321933	27.580831592453954	7.485417471089135E-4
196.0	28.56941020843349	22.18280956664764	26.32284716357037	22.924557967340565	3.750940079357389E-4
197.0	24.695358139028862	24.167451887876037	24.111553725074828	27.024948463019367	6.87785000909752E-4
198.0	27.401408666878414	23.090835395965946	24.055026089091946	25.452291323286104	4.3852477758962976E-4
199.0	25.722793838468466	23.154631346744612	25.583785971815605	25.538286782956316	5.020600149990429E-4
200.0	27.351351079947634	23.2101815205753	24.04993855589405	25.38846608147275	6.27621102629858E-5
201.0	25.99267894959497	20.5989277021166	28.42041307696267	24.987603674082703	3.76597243057116E-4
202.0	25.861137143563763	24.784680405524583	27.887316340436268	21.466866110475383	0.0
203.0	26.137254064805838	24.17981837086299	22.667225886170367	27.014822665467857	8.790126929432862E-4
204.0	25.562042044757405	23.5617795711382	24.34788178137957	26.52804543179736	2.5117092746748746E-4
205.0	27.619601420698594	23.440019692851795	25.783946306836736	23.1555534344434	8.791451694740702E-4
206.0	25.47417764304461	21.52789422483315	25.992364422656024	27.00556370946622	0.0
207.0	26.04196895292437	23.375819863143626	26.934789081137716	23.64729647733654	1.2562545774776168E-4
208.0	28.066107228860403	22.519078454272965	21.72540721748904	27.68940709937759	0.0
209.0	27.01116489968682	20.41314150416987	25.70622640466101	26.868713146028444	7.540454538599587E-4
210.0	24.509713347675063	24.36535334890687	25.438154907014436	25.686338466063457	4.399303401729932E-4
211.0	25.00884792197987	25.390298654298643	25.299776397453055	24.30019694877132	8.800774971098884E-4
212.0	29.03582649731968	21.572371184850336	24.58568851927039	24.805673576889117	4.4022167047772854E-4
213.0	29.788034624723693	22.665451852392515	22.830496284769914	24.71545094002337	5.662980905057608E-4
214.0	27.860403938771363	24.665740257434308	24.655917884966165	22.817937918828164	0.0
215.0	25.72359114718393	24.364487785672914	23.20495008650159	26.706340042727117	6.309379144473425E-4
216.0	25.946154606910767	24.442643713730607	26.321458081434855	23.28974359792377	0.0
217.0	29.358250209538216	22.912578018009675	24.992715210062467	22.73536303983831	0.001093522551329627
218.0	24.137313641972025	24.26128203165443	25.818898465283013	25.782116635377246	3.892257132885551E-4
219.0	26.671113368645123	22.39291913984463	24.769264605386837	26.16565557653084	0.0010473095925703857
220.0	28.095908749465202	21.221230365408285	24.849156782966496	25.83324406402942	4.600381305890525E-4
221.0	25.346417113998033	22.718213003843342	24.145041239187286	27.789997776577835	3.308663935033722E-4
222.0	25.86846950371932	24.790811243307594	24.012713818302906	25.32800543467018	0.0
223.0	30.508949376419224	22.44195528146862	24.127337921649417	22.92094739996922	8.10020493518486E-4
224.0	29.99263035441296	21.8912987426938	24.789755312878338	23.326247916501714	6.767351319599671E-5
225.0	30.73734852600325	19.717608888242225	24.739375998183295	24.804442761305605	0.001223826265623332
226.0	25.38681149476914	22.011770030444943	26.129357703024098	26.471648703943696	4.120678181215065E-4
227.0	27.517592766751044	23.136041244011103	25.922982583872333	23.42178706002467	0.0015963453408579036
228.0	28.151024769115935	28.097986424692866	22.90294679926485	20.84797231133578	6.969559056907147E-5
229.0	27.607436954069097	25.217599611095576	21.501651579291963	25.673311855543364	0.0
230.0	25.534736745259153	22.723666564047036	27.467312108762655	24.27428458193116	0.0
231.0	25.06326788116117	25.344689732588233	24.291923673743003	25.29853970696528	0.0015790055423094535
232.0	24.59158828462028	25.66863481736033	24.40417857972742	25.335453990448382	1.4432784358325626E-4
233.0	22.728574245998992	25.159857709473133	22.173801888928658	29.93688962257949	8.765330197292974E-4
234.0	26.981981414185753	21.402084879617814	26.632005178461927	24.982668020105837	0.0012605076286663162
235.0	26.003718560814836	21.514487518941984	27.656270415664814	24.82514804407606	3.754605023060784E-4
236.0	28.422822901398575	23.9324346218178	24.273729992538204	23.37070823163056	3.042526148610669E-4
237.0	27.878503322739096	24.20235819188895	22.540911801410243	25.37799615164723	2.305323144829621E-4
238.0	27.1614553144278	22.559972240008776	24.621276072645905	25.657296372917514	0.0
239.0	27.923300426888037	23.332973456027855	23.965937219010033	24.7764492088347	0.0013396892393796136
240.0	25.766318257222704	21.482301692564157	25.80201095928193	26.949125731598993	2.4335933222199236E-4
241.0	28.802000510035846	21.772033467447855	23.62448691855507	25.798961411077524	0.002517692883700456
242.0	27.18046697381633	23.924637124532318	21.057843627078427	27.836238561224608	8.137133483165085E-4
243.0	28.063391654133625	23.24515615467681	25.169400012397112	23.519686940294857	0.0023652384976005063
244.0	26.954711326172255	22.740836613996297	26.228798255978326	24.0746732819213	9.805219318243102E-4
245.0	28.928805660110097	21.1413234380207	23.668836724885146	26.25890533103964	0.0021288459444256578
246.0	24.475285330131697	27.290575433192522	23.325107821453088	24.905997078836158	0.003034336386531811
247.0	26.246034885604857	22.73559790676502	24.895202550832003	25.981131935814698	0.1420327209834224
248.0	26.388753970044178	22.504161445993404	23.817136760509815	27.278175582561275	0.011772240891331515
249.0	25.298899810995284	21.37024289994305	28.891557514381688	24.42271027805977	0.01658949662019957
250.0	27.363356042896513	21.95225616850336	24.149507702205106	26.534053181557702	8.269048373106078E-4
