# Position (bp)	A	C	G	T	N
0.0	23.50185538898136	24.289197369770978	25.245792087672807	26.963155153574853	0.0
1.0	23.14072151105541	30.303016739772627	23.292341777817562	23.185480261391103	0.07843970996329783
2.0	24.991317146931742	26.932367554383696	22.437441579195998	25.637980306954212	8.934125343545039E-4
3.0	25.628276923763416	22.697675196894313	24.67102474286607	26.997445393900183	0.005577742576024631
4.0	26.071392555424254	23.853698135262423	23.361285732353412	26.713456430862525	1.6714609738934508E-4
5.0	28.083960440110722	23.463966282288464	22.522819268058587	25.928808891238127	4.4511830409926133E-4
6.0	24.824688637691334	24.083405338528074	24.99178141221993	26.094293856716693	0.005830754843969001
7.0	25.96199626314509	25.804751270791176	23.076769588142277	25.155762333367143	7.205445543182512E-4
8.0	26.738736507634663	24.0572895533741	24.146621366887306	25.057297292516363	5.5279587570053054E-5
9.0	26.67080457487131	24.847476703576806	22.28274602622882	26.198807178994876	1.6551632818577553E-4
10.0	25.022236624133264	24.87895230505893	23.345810090963496	26.753000979844305	0.0
11.0	26.86573933272507	22.829222224000766	22.975898921667493	27.328926096073502	2.1342553316366003E-4
12.0	28.501817680369314	24.29523108251853	20.397600146109184	26.805351091002972	0.0
13.0	24.77309937265134	22.604146634303028	25.715005951236247	26.907696065946972	5.197586240949703E-5
14.0	26.85105978030231	21.65290233972125	23.938560776940747	27.557477103035698	0.0
15.0	25.785795307151176	23.388047630431796	24.25367630228335	26.572480760133676	0.0
16.0	25.96717626169309	24.95150606449443	21.735942764144315	27.345324864327083	5.004534107901759E-5
17.0	28.92244295919814	26.460042856350753	18.829414157512545	25.78697145347014	0.0011285734684153995
18.0	25.76759492856004	25.62396883045439	19.69618569074399	28.912201780768537	4.876947304096685E-5
19.0	25.102594958940156	24.677883164904483	21.24579211275899	28.973195351392896	5.34412003476593E-4
20.0	23.02929115944555	25.732158281474586	23.728122883141953	27.51042767593791	0.0
21.0	24.021112406892964	24.851972628232094	23.693051745137065	27.433719480584195	1.4373915368302834E-4
22.0	22.677692783999802	26.79281083495245	26.610037863163495	23.91945851788425	0.0
23.0	24.973875958235517	24.29342372676565	23.581820876389624	27.150643449072042	2.3598953716788012E-4
24.0	28.18638688350516	21.518542457973407	24.64549224478503	25.649578413736407	0.0
25.0	24.908548202424114	25.427743472904297	20.13722052279732	29.526302606486194	1.8519538807925068E-4
26.0	26.779911611829	24.91989102323471	19.554788920849063	28.74522420610703	1.842379801990231E-4
27.0	26.22075790102056	24.675154117255392	20.094134934392542	29.009815288890927	1.3775844057445268E-4
28.0	27.758535378525483	23.412706526376624	23.144630598186446	25.68140130103155	0.0027261958799001665
29.0	27.835855188687948	23.22373813091204	22.403203106610142	26.536888520025943	3.150537639248138E-4
30.0	23.842940460855875	24.811793330470874	24.66571847717189	26.67945827966223	8.94518391298125E-5
31.0	25.92417036299206	24.348169373151283	22.36550582911182	27.36179837691036	3.560578344740536E-4
32.0	23.83590315561352	22.6061121591978	25.001323589362578	28.55657285653527	8.823929083846738E-5
33.0	23.67221736087571	25.02402205912624	24.343915302204948	26.95975768596402	8.759182908381574E-5
34.0	25.60146305995269	27.2893885127368	22.423097433169442	24.68600753347232	4.346066874669427E-5
35.0	25.350993252025834	21.919140557895105	25.474560443085252	27.255262692223404	4.3054770403978606E-5
36.0	23.638432173772784	24.608419807516533	26.30205925049734	25.45087370288725	2.150653260928007E-4
37.0	24.89104936573017	25.527554965466003	22.373575988552872	27.207819680250957	0.0
38.0	26.538098330835297	25.141876635777543	21.28143089190468	27.03850817518041	8.596630206925188E-5
39.0	23.45041113667958	28.010622731872708	20.943197175865944	27.595468150067575	3.008055141947974E-4
40.0	26.406000539629236	26.078270299253624	22.814802339309928	24.700840893584772	8.592822243723373E-5
41.0	24.199638035563243	24.668482073395527	21.439498112638557	29.688343722735073	0.004038055667604441
42.0	24.308172980486198	25.840765209413323	20.42255063791075	29.428425266961234	8.590522849287437E-5
43.0	26.78554787263967	25.66952811264383	22.171460866301373	25.37037108612553	0.0030920622895948234
44.0	28.522964744697575	25.071243542782405	23.23649421228064	23.169039877062218	2.5762317715500715E-4
45.0	25.61239510092505	24.407158442945505	21.518342340269438	28.458712831632184	0.0033912842278238987
46.0	25.83911183794004	23.932216048468614	22.228088361222532	28.00058375236881	0.0
47.0	25.00771445652673	24.544675394123967	23.1587341166958	27.28711640696451	0.001759625688990022
48.0	22.41388556745836	23.680476810122432	22.89002639840091	31.015611224018297	0.0
49.0	22.878677249721367	25.94282679442751	24.418516856554763	26.758520511603923	0.0014585876924370512
50.0	27.39142594624552	24.83315932201645	20.118982561406547	27.656303484887612	1.2868544387470155E-4
51.0	25.07657338908545	26.36766377184518	21.62534577034416	26.928358529001823	0.0020585397233837247
52.0	22.784557570868856	25.164142922405514	22.21357354395006	29.837725962775576	0.0
53.0	22.484250048407137	25.200905651602824	24.006606452318863	28.306613590501684	0.001624257169492518
54.0	23.49979184849648	28.34826866674474	22.199550187592802	25.952303814002313	8.548316366350066E-5
55.0	23.782817955037743	28.268206906761744	22.45169008441996	25.495834465716417	0.0014505880641347646
56.0	27.768148635095685	25.368181397406403	23.907101785417957	22.956568182079952	0.0
57.0	22.93102521644994	27.952646750457045	22.64417412906038	26.468187041411483	0.003966862621149264
58.0	25.681591848833218	25.037158351086177	21.69693712828321	27.584184723386194	1.279484112006039E-4
59.0	27.6286706931763	22.727433613977897	24.35594822766624	25.28538878504912	0.002558680130441513
60.0	24.36845218248874	23.14800265883494	23.321184620828593	29.16231795560972	4.2582238011716076E-5
61.0	25.695232726371625	23.67435935210109	22.542171249890362	28.082914438070066	0.005322233566858749
62.0	25.516049553018895	22.263137480803678	24.869537376578336	27.35119043817645	8.5151422646106E-5
63.0	26.612386863861996	24.117474264987614	22.089708549388234	27.178259129649966	0.0021711921121867735
64.0	25.56518057467287	21.07153696979384	23.59760146299535	29.76559597421224	8.501832570010465E-5
65.0	24.072429732745338	26.152319217894902	23.585951862281494	26.185176133042877	0.004123054035386005
66.0	24.93654229012202	23.820018123487937	23.06745133775483	28.17564822071892	3.400279162919276E-4
67.0	27.05368993739213	24.981820299128863	21.112210936381036	26.851513813385104	7.650137128708031E-4
68.0	23.671454470812925	22.936327219597274	26.494074529272922	26.89797378904593	1.699912709482368E-4
69.0	22.763760883089862	25.22305872194024	24.79661668066184	27.214226463458996	0.00233725084905949
70.0	26.456610917065593	22.923732967148148	24.068966951249475	26.550434554936054	2.546096007339546E-4
71.0	24.609256609747632	23.456074703058725	25.743347922892628	26.190431845311164	8.889189898493916E-4
72.0	27.72391083986008	25.814243359863546	21.95740916699644	24.503039934990042	0.0013966982898910786
73.0	26.627371685438145	22.96636199514004	22.75831978406945	27.64460330209879	0.0033432332535753553
74.0	25.323347632874444	25.391008807377652	23.0129237497916	26.272000460383726	7.193495725794099E-4
75.0	25.670926395906868	24.467604365623046	21.799850552642113	28.059841565490697	0.0017771203372805152
76.0	27.10620122403992	24.46315504435188	25.093241547968358	23.336513665202023	8.885184378153447E-4
77.0	24.576874975672744	24.214927712087135	24.37121446739809	26.83651745385437	4.653909876612157E-4
78.0	27.416160052121015	26.125911165826892	20.76045064368604	25.69705507820267	4.230601633858351E-4
79.0	27.759349563229456	21.5101189723275	22.121585039852746	28.60678890629475	0.002157518295543625
80.0	23.981112983681562	23.27779921081308	28.03085680250699	24.707904390613685	0.0023266123846846297
81.0	25.37145240481195	25.493912727878783	21.657457114564064	27.47692394896683	2.538037783768487E-4
82.0	22.873513772337564	22.453104174359794	24.086987013789045	30.585422162890847	9.72876622747632E-4
83.0	25.92390035428235	22.22990623530168	24.234164729449425	27.611394221170993	6.344597955516755E-4
84.0	23.50877994335193	25.42218545497147	25.39372185095476	25.674128529455174	0.001184221266668443
85.0	24.658933903866707	26.968359165362344	21.512950975039445	26.85933304603668	4.2290969482413514E-4
86.0	25.449168772943686	25.17311503888137	22.192681954213477	27.183300440594955	0.0017337933665065796
87.0	22.52518034284168	21.981149627474693	24.94054817458371	30.552656727020562	4.651280793593072E-4
88.0	24.759670676101692	26.965931077405997	25.394995873303657	22.878641302141823	7.610710468278559E-4
89.0	26.97166484868471	26.52482179548971	21.98160033146462	24.521321123259177	5.919011017816223E-4
90.0	24.249808385709315	25.693182927917093	24.53077221933104	25.52615191578356	8.455125898938418E-5
91.0	26.71646655543348	24.63881271609202	24.14637971492234	24.497960560550997	3.804530011612271E-4
92.0	25.139417559447697	24.22498716043851	22.966097217143933	27.66949806296986	0.0
93.0	26.805723806955505	25.81486982625184	21.07849311744929	26.300744176059393	1.690732839695702E-4
94.0	27.718858676999908	23.73197134688895	22.798606567493223	25.74599865762508	0.004564750992833341
95.0	24.206253608322363	26.20967026167575	23.840835685346683	25.74104269633289	0.0021977483223150065
96.0	25.692348068855082	24.16254505666712	24.55875211891537	25.585340465483075	0.0010142900793555201
97.0	25.486440847001234	24.852474589793996	23.496347996004012	26.164694308418117	4.2258782642796654E-5
98.0	28.847322380080303	22.599387629714577	23.44251654946331	25.110773440741806	0.0
99.0	22.666358556150186	21.807211813869703	26.549100255331805	28.97732937464831	0.0
100.0	23.090622685896072	24.7791449838781	24.193619927030085	27.93661240319574	0.0
101.0	24.004080236197524	22.46334756769771	28.094495904980338	25.437991814184524	8.447693990732879E-5
102.0	25.514901497288523	23.894225854606805	24.201363045368105	26.389509602736567	0.0
103.0	25.596517007170494	25.733152166797108	24.9676151441596	23.702504499245865	2.1118262693448566E-4
104.0	25.896444126084177	26.950974959538588	22.727107625666896	24.42517764164873	2.9564706160609003E-4
105.0	27.647019568820312	22.840638204054326	21.081674440921017	28.427162191613263	0.0035055945910787262
106.0	26.17196029430832	22.71868180414838	25.33900742528364	25.77035047625966	0.0
107.0	26.052418632780693	24.282198038334577	23.101938352484854	26.562980406996584	4.6456940329016495E-4
108.0	23.687070819845466	24.559935950760458	24.57758665100343	27.175322125279433	8.445311121039044E-5
109.0	26.420191485543583	24.446729228463155	25.11006724161591	24.02246313322707	5.489111502855393E-4
110.0	24.37494220930807	24.696459008613612	22.402437701106333	28.526118859461903	4.222151008608543E-5
111.0	24.808997701850217	23.724649313658393	24.39644540448154	27.069358692499286	5.488875105713624E-4
112.0	25.80427259459156	24.169235309341133	23.085909117967297	26.940456322660644	1.2665543936560825E-4
113.0	28.238653993503	22.512427257011506	22.82528806962219	26.423081875307386	5.488045559221288E-4
114.0	26.528828800303963	22.61174260414358	26.80686867407572	24.052137753432753	4.2216804398991024E-4
115.0	27.485322094838732	23.133839358318212	25.748630160699104	23.631659521575866	5.488645680900273E-4
116.0	27.1823046271723	24.059835158200674	24.697138447014954	24.060637328620512	8.443899156201157E-5
117.0	26.418216192527655	25.501039866181085	24.298037553397105	23.782115314953217	5.91072940934081E-4
118.0	26.107630675363087	24.898285385223655	24.73595574163538	24.257748232422273	3.7996535560324353E-4
119.0	26.86165014010321	21.257141843890786	24.85435556957221	27.026514695743625	3.3775069017242593E-4
120.0	25.831568948229457	22.792717293788588	24.846947068446884	26.5286822523616	8.443717346561824E-5
121.0	27.77840402226278	23.37520164720594	24.8298057474045	24.015997520916212	5.910622105642238E-4
122.0	26.842893408194445	23.873990829386997	24.47585188712741	24.806715040151513	5.48835139634214E-4
123.0	24.596192004052856	27.567062101574702	23.242918056317812	24.59327901380504	5.488242495883818E-4
124.0	25.396826737039145	24.420184833300898	22.771832489069034	27.411071507124706	8.443346621753692E-5
125.0	27.046947367798918	24.116763250292664	23.886600536399015	24.948928953937482	7.598915719159273E-4
126.0	24.133282956102153	24.418364611543	24.1901895267425	27.25807847449864	8.443111370971317E-5
127.0	26.539139744183466	23.196233378236386	26.84574978037468	23.418075005688518	8.020915169534707E-4
128.0	25.736701214850417	23.514407694460708	24.85734151367229	25.882304268588452	0.009245308428132926
129.0	24.851686320102566	26.372416040716022	21.89204055898416	26.880733131627572	0.003123948569674818
130.0	26.362556015476418	24.16824801109439	23.627544311065048	25.841609446272635	4.221609150759995E-5
131.0	26.043163584598837	24.69173692858192	23.986345575483504	25.27820510006096	5.48811274778829E-4
132.0	26.365399837468733	24.64413040495615	22.187248683391203	26.797015334930503	0.006205739253411573
133.0	26.911157482711616	25.397260285538547	24.759887655580684	22.930090379590904	0.0016041965782486985
134.0	26.694638883576726	23.079316390427305	20.78036828256245	29.445676443433516	0.0
135.0	25.96826329585027	23.274455495032722	26.777490572242606	23.979410698145855	3.7993872854770954E-4
136.0	27.98164789042771	26.000327595625418	24.872486780081175	21.13937420792359	0.006163525942111827
137.0	28.645941073908805	21.74523900993359	23.84530951184812	25.763468187594196	4.221671528625044E-5
138.0	25.033084906317477	24.33512530050804	26.810826098978218	23.819781713492098	0.0011819807041650045
139.0	26.11666034866904	23.04117448902315	25.569189672480068	25.27200457259801	9.709172297283035E-4
140.0	26.960152139086528	20.654949480451773	25.73594750272808	26.64873980796873	2.110697648893889E-4
141.0	25.809264976921565	24.874814152522838	25.43757002260142	23.878139777565583	2.1107038859747104E-4
142.0	28.743124416921006	22.558033509365146	23.45262971265023	25.246001291744236	2.110693193858727E-4
143.0	26.659296284711186	25.23925247610641	24.07662326752756	24.024785758699775	4.221295507148553E-5
144.0	27.971717129077533	25.374125394429964	22.278417425625545	24.375106852264214	6.331986027417499E-4
145.0	28.14087491715599	22.065971269486813	23.157232651303765	26.635076891903868	8.442701495624571E-4
146.0	27.520978871904667	21.251906450631108	25.570816541300694	25.651401412704715	0.004896723458809058
147.0	26.235171504637183	24.428293252477943	26.579029237193875	22.753453668062047	0.004052337628951927
148.0	24.891409602557037	24.794617462095726	23.570258092675626	26.74325051055427	4.6433211734601265E-4
149.0	28.042064045853053	24.521910256783677	24.021099563141448	23.412984353042834	0.001941781178990434
150.0	25.780102325110178	24.058811610354088	24.5658781216757	25.595165729530756	4.221332928085372E-5
151.0	26.657981754084986	24.37819220139316	25.25494341368566	23.708587129922044	2.9550091415318514E-4
152.0	28.101483524694594	23.54245872836157	23.113510620064524	25.242462696585388	8.443029392718225E-5
153.0	24.47085245334155	22.957856476458645	25.109823075721565	27.46083476513524	6.33229343003449E-4
154.0	23.20476904527908	23.98019061321121	25.196388345711036	27.616119042070675	0.002532953728001297
155.0	27.400769489309738	23.469423947061298	24.11739272160397	25.012371618072528	4.222395246596327E-5
156.0	25.734332584415785	23.611972603214028	26.188116658862214	24.465240359463532	3.37794044437651E-4
157.0	25.882237693261317	22.39842485905478	26.25824643541179	25.46087989001375	2.1112225836635284E-4
158.0	25.128068059749893	21.4503654985576	25.757683239087402	27.663840977725528	4.2224879574643454E-5
159.0	26.73089850822906	22.06088019890279	23.961950720211874	27.245974988514444	2.955841418263384E-4
160.0	26.746013079236764	21.567523766131053	25.592976212544567	26.093402489083395	8.445300422560607E-5
161.0	24.916432870131867	20.214968946302527	28.958860818290688	25.905599124382007	0.0041382408929141485
162.0	25.206588013524655	23.307190221437352	25.154732511330725	26.331447026099617	4.2227607649784494E-5
163.0	25.632449022336935	24.18575936110698	26.687220450522275	23.494571166033808	0.0
164.0	26.099634422941868	23.207027592896566	24.976932370566846	25.7147586798686	0.0016469337261199887
165.0	27.33632240030778	22.202416169509405	25.746010389520446	24.71495542793532	2.956127270569684E-4
166.0	24.9696987101575	23.753170549595715	25.43589514022212	25.84102444121043	2.1115881423345548E-4
167.0	27.195544231434404	23.115439729673916	26.23482403760104	23.454023068603142	1.68932687503669E-4
168.0	25.89914900931744	23.820221302346443	24.20041973027958	26.080125488288054	8.446976848103505E-5
169.0	26.750201255088395	22.337245242312818	25.550062044853068	25.362406985515545	8.447223017669057E-5
170.0	31.179779196079103	23.011199849975988	23.083297537908308	22.725554470077768	1.6894595883378295E-4
171.0	25.212037200116406	23.634001470670846	26.56224988142136	24.59128908396466	4.2236382673453205E-4
172.0	27.24090892394912	24.412818088973083	24.17170102159161	24.174360866670412	2.1109881577786323E-4
173.0	28.437338912833397	20.226954270981494	22.972375648623217	28.362106852323514	0.0012243152383762878
174.0	24.639529532952537	25.58240561318186	23.71202046683638	26.065537782168352	5.066048608736401E-4
175.0	26.31502286785198	23.312670010119863	23.734647634962123	26.636561796396112	0.0010976906699248377
176.0	24.740127373475175	23.321024392138714	28.607775152545866	23.329721997510628	0.0013510843296172886
177.0	22.172955087853232	26.51558016238027	24.773632038265937	26.51308889027762	0.02474382122293592
178.0	25.54995790503003	23.00897547514117	23.785389118809146	27.655297506305804	3.79994713851314E-4
179.0	28.1227053756122	24.31281079691104	23.048743258369797	24.51447384144032	0.0012667276666411913
180.0	26.49652019295438	22.572081717373553	25.454588549798935	25.476555585700854	2.5395417227658485E-4
181.0	28.370294582369816	22.23985847297288	26.106760678949975	23.28262004706265	4.662186446769698E-4
182.0	26.121992260514638	23.16496632518554	25.226992408861836	25.48600662052362	4.238491436128054E-5
183.0	24.062691003173036	24.90338047535365	25.60559397165375	25.427910687022255	4.238627973079626E-4
184.0	26.04739033551164	22.194429997291422	26.2999364607852	25.454173983849426	0.004069222562313149
185.0	25.20825307299103	24.195881431263878	24.543580889074804	26.052072698175767	2.1190849452152967E-4
186.0	27.171258948942445	23.010082831890212	25.490377251090024	24.32828096807732	0.0
187.0	24.83377732953687	22.793984063677375	27.830242338730898	24.54140200927383	5.942587810224307E-4
188.0	27.548217902981794	27.251201733280585	22.103614793332437	23.096541079666725	4.2449073846106825E-4
189.0	25.506530731455506	23.781473506897512	25.029843371120787	25.681345812928335	8.065775978590884E-4
190.0	28.873624507539734	21.674322442602907	25.27959855997826	24.172242222524112	2.1226735497894306E-4
191.0	26.566861235104973	24.170816604968532	24.828415126764263	24.433566903326174	3.4012983606167063E-4
192.0	26.725779389040973	23.45255376995618	23.91633053800146	25.905293781981122	4.252102026636868E-5
193.0	27.812216012141768	24.038199436712674	21.744438675207405	26.4049757755832	1.701003549569157E-4
194.0	28.101606677272667	22.90645243736017	24.252785138330914	24.73915574703625	0.0
195.0	26.85874910364081	21.45656347584062	24.683839335005686	27.000337703057788	5.103824550927237E-4
196.0	28.578672221836364	22.17882186713185	26.02174884730087	23.220671844314353	8.521941656230838E-5
197.0	25.1742783185754	23.9755741872907	24.23135569312015	26.618152560329406	6.39240684345507E-4
198.0	27.49647193814174	23.826689990719895	23.342280481131166	25.33447221645951	8.537354768923687E-5
199.0	26.178167836515094	23.453946651149447	24.870762283408446	25.496738433806904	3.847951201137968E-4
200.0	27.57045231614154	23.540091521947907	24.47750306370191	24.411953098208645	0.0
201.0	24.719410074809726	21.18392997802833	29.02231633900172	25.07417255585499	1.710523052291545E-4
202.0	26.063328638933353	24.5590820815765	27.433842532461284	21.943746747028865	0.0
203.0	26.033100984182745	24.693507029082287	22.305090662370475	26.967616854054672	6.844703098169299E-4
204.0	26.132479016440296	23.431548971337087	24.222630669668412	26.21325577395514	8.556859906233929E-5
205.0	27.54656837051886	24.16964215039225	25.364556479993837	22.918591193138667	6.41805956387146E-4
206.0	25.991016184475896	21.334871573887966	25.719627415999785	26.954399241035766	8.558460059164635E-5
207.0	26.329046633800925	23.15190119390132	26.320143949556023	24.19877981864205	1.284040996860948E-4
208.0	28.107033233300942	22.64689136139663	21.648479607519125	27.597595797783303	0.0
209.0	27.617814889871877	20.608929881177833	25.155351707359475	26.61730408001346	5.994415773534397E-4
210.0	24.83209318758498	24.686401935697997	24.326370673318845	26.154962902690492	1.7130070768604864E-4
211.0	24.841815056302316	25.493274435830955	25.26821081273499	24.39580012602535	8.995691063980354E-4
212.0	28.400622761655676	22.515627966335217	24.47832140621056	24.605299302285815	1.2856351273228748E-4
213.0	29.44577600363594	23.271405111758074	22.52239234736973	24.759954893730143	4.716435061120711E-4
214.0	27.142895756490415	25.121858191002765	24.731474358616826	23.003728789853024	4.290403696955057E-5
215.0	25.869733290104307	25.391533704449348	22.562411904379005	26.1759341038305	3.8699723683972896E-4
216.0	26.909430430736318	24.685863556179072	25.284880127234594	23.11973907185421	8.681399580514773E-5
217.0	29.494341615740556	22.778390625485052	25.04594171665274	22.68049530920098	8.307329206776856E-4
218.0	24.938452879348265	23.90265557658752	25.185786424665004	25.972928955905395	1.7616349381534014E-4
219.0	26.840585426697068	22.31111975803998	24.82209017888038	26.02544951074521	7.551256373593523E-4
220.0	27.795844451810908	21.480564060946136	25.281466090892746	25.44194693558325	1.7846076696191514E-4
221.0	25.366261413876636	23.21412609983978	24.031024813292806	27.388408006478777	1.7966651200374424E-4
222.0	25.461200731717714	25.779717416205717	23.666098016435534	25.092711754190734	2.720814503029627E-4
223.0	30.286283809327426	23.0364184165607	23.754980467631256	22.921584126656814	7.331798238077237E-4
224.0	30.235377375831774	22.86988529833462	24.43361457299364	22.461030844454246	9.19083857211132E-5
225.0	30.703783992021737	19.8239350579223	23.907943293009367	25.563275243973926	0.0010624130726695161
226.0	24.72232024331636	23.199212470523655	26.09680936670905	25.981517889316446	1.4003013448494117E-4
227.0	27.689046949188977	23.854649474466264	24.97265791468515	23.482184274341055	0.0014613873185522648
228.0	27.468976753879087	27.991161927135632	23.09716196502662	21.442462535285983	2.3681867267870337E-4
229.0	27.230067588231694	25.59077581197627	21.96001093339042	25.219145666401616	0.0
230.0	26.082518032331976	23.169402750665313	27.075332078184104	23.672747138818607	0.0
231.0	25.59870717240721	24.472061306055892	23.913754995923384	26.013917963114668	0.0015585624988432543
232.0	24.98867814534816	24.984961251380387	24.63924120587778	25.38692377139537	1.956259983039226E-4
233.0	23.770445661598995	24.92968331815731	21.785184512158267	29.514044572085464	6.41935999968397E-4
234.0	27.257644728272396	20.93614422613625	26.860899513105927	24.944007933901535	0.0013035985838908306
235.0	25.17873225750442	22.238293430593195	28.288536461786684	24.294336312119675	1.0153799602580282E-4
236.0	29.45733925325007	22.97358178079356	23.030191883590724	24.53878434170721	1.0274065843405769E-4
237.0	27.728423930695907	24.66800767305691	21.92079221256212	25.68256897177826	2.0721190681058916E-4
238.0	27.166379796195034	22.974569287228864	23.773937314293608	26.08506107793615	5.2524346347640794E-5
239.0	27.765227287486542	23.242632678850697	23.983490131659494	25.00726591768274	0.001383984320522252
240.0	25.116577556560788	21.593619456350517	26.740943708163535	26.548529614572924	3.296643522397671E-4
241.0	28.342170074809676	21.699537584213154	23.842144764093117	26.113616505228315	0.00253107165573904
242.0	26.825247616185955	23.559553312254142	21.257143172188698	28.35711863799382	9.372613773882936E-4
243.0	28.028098216571713	22.754346314998415	24.83284679968878	24.381777854212437	0.002930814528655901
244.0	26.56483610593938	23.142872811694524	26.14355804635554	24.147569743538323	0.0011632924722236224
245.0	29.141768318919446	20.689034881467858	23.312182114052245	26.85496045042159	0.0020542351388579674
246.0	24.69046796537447	26.549245591285874	23.573554780091378	25.183894599175694	0.0028370640725887877
247.0	25.813849900963824	23.19224836365927	24.824380124975683	26.032771970393398	0.13674964000782702
248.0	26.156242778889744	23.114418108284003	23.43384932759254	27.285108131067826	0.010381654165889903
249.0	25.635291543974276	21.639496701502633	28.27308234801763	24.43646357217949	0.015665834325969085
250.0	27.95865963239308	21.62316199340285	23.902856188557987	26.51448156977728	8.406158688101251E-4
