# Position (bp)	A	C	G	T	N
0.0	23.29291359206834	24.35517702601448	25.983137925926243	26.36874998658162	2.1469409312141595E-5
1.0	23.003313872945704	30.283698809341413	23.545019065751397	23.090162415130887	0.07780583683059605
2.0	24.48573886007041	26.90868489798971	23.09121894148632	25.513694861288442	6.624391651129618E-4
3.0	25.628711112325846	22.048875648270254	25.10661440646118	27.20830400885542	0.0074948240872969776
4.0	25.6434253426879	24.128215633055085	23.906706099247195	26.321588911080383	6.40139294310442E-5
5.0	28.035232611033965	24.551492127211205	22.343282837606065	25.069374248330178	6.181758185820241E-4
6.0	25.72016548474424	23.92219357084704	24.27142919764753	26.08008331265696	0.006128434104225087
7.0	24.82580189740071	26.18965554954561	24.113039602129007	24.870759671708438	7.432792162354267E-4
8.0	27.328687744841513	24.17653801253843	24.14266010436684	24.35209295131878	2.1186934441268758E-5
9.0	25.305540693998303	25.76603515034374	23.164355665143386	25.7637724341962	2.96056318370506E-4
10.0	24.495834951583504	25.162483586822802	23.82977797255476	26.511903489038936	0.0
11.0	26.722849390967006	23.240607196093244	23.162421289338436	26.87406068889197	6.143470934112708E-5
12.0	28.404971047761524	24.990589716474403	20.057626400056744	26.546792685207276	2.015050005480936E-5
13.0	25.05288821058543	23.47271516377574	25.152449497566963	26.32186770143687	7.942663500720995E-5
14.0	26.663592580201772	22.111465721156158	23.51366120754695	27.711162760124125	1.1773097099599421E-4
15.0	25.287614798209056	23.659732844518484	24.375518643291077	26.677095009258167	3.870472321478335E-5
16.0	25.892682934250505	25.288781498206514	21.824012061293825	26.99440940470562	1.14101543527647E-4
17.0	28.378125119926434	27.027273740031898	19.6746793982124	24.918580428676233	0.0013413131530285547
18.0	25.496994018312435	26.12405401942747	19.959419339522153	28.41940339672423	1.2922601371346455E-4
19.0	24.981515769353532	24.930920582636173	21.91307838746253	28.174026139071202	4.591214765640524E-4
20.0	22.420430143363514	25.7284869584348	24.35580756190234	27.495220700118946	5.463618040648226E-5
21.0	23.626253052550428	24.729448205717535	24.110149518124732	27.533860481030697	2.887425766088195E-4
22.0	22.007051937318334	26.94333662642805	26.64792245726299	24.401635403696982	5.357529364618448E-5
23.0	24.980598586894878	24.60969757958488	23.618519892489164	26.790970738689264	2.1320234181452247E-4
24.0	27.237049024448222	22.108527409833023	24.84777003675462	25.806530450915773	1.2307804836193668E-4
25.0	24.819236162889815	26.164175114603044	19.68533969757005	29.3310229233921	2.2610154498664173E-4
26.0	25.625986826642038	26.08350454458728	19.922284377514593	28.36810327425969	1.209769963969594E-4
27.0	25.51068967917523	25.313185097785702	20.00406277416834	29.172045219124463	1.7229746260972763E-5
28.0	27.42067365608245	24.082692311943017	23.128764748479476	25.36547188248178	0.002397401013267489
29.0	26.916137235751485	23.90158591532589	22.82237180457577	26.35966982261425	2.3522173260631896E-4
30.0	23.0720126769667	25.32310835887492	25.596613915472986	26.008031525614562	2.3352307082838137E-4
31.0	25.57360232858592	25.11618967833364	23.054383584882103	26.25544300988933	3.8139830901255813E-4
32.0	23.73040440194174	23.386712211852156	24.39503043046313	28.487573611354396	2.793443885792183E-4
33.0	23.425623773843956	25.29891366234713	25.559940526348324	25.71545696781981	6.506964078304807E-5
34.0	25.64139092687955	27.075111044213664	23.17150525383123	24.111928312866045	6.44622095131395E-5
35.0	24.841629781056877	22.66470439046025	25.98025127671153	26.513223379592755	1.9117217858540236E-4
36.0	23.06883001062763	25.331542378166265	26.301812872561886	25.297591903838505	2.228348057143121E-4
37.0	25.031755404385564	26.27212157924324	21.462420901874168	27.23367029146871	3.182302832074494E-5
38.0	26.313231722894738	25.871418158865172	21.235748116319105	26.579474742307234	1.2725961374798333E-4
39.0	22.97352919378218	27.59415904876991	22.210631518577976	27.221568908738874	1.1133013105464941E-4
40.0	25.691857933733665	26.78240382208672	23.35207971628219	24.17346770343716	1.9082446026096517E-4
41.0	23.769736151700847	24.486677203214388	22.259755581773256	29.479045096212246	0.004785967099258732
42.0	24.17356902629908	26.401020814712144	21.268918093482895	28.156396674148525	9.539135735224116E-5
43.0	26.248239034162495	26.144369471695946	22.451293060006215	25.15256934890921	0.003529085226136469
44.0	28.40819736466275	25.096008973606416	23.206824493164333	23.28860358661328	3.6558195322172277E-4
45.0	25.487703436896776	24.426794502312845	22.09192075452867	27.989973691429103	0.003607614832605083
46.0	24.58088343141416	25.220759330417792	22.627932671840615	27.570424566327432	0.0
47.0	25.01671157779063	25.104420547987218	23.38729500610229	26.48982504443842	0.0017478236814537317
48.0	22.437192941992375	24.654642390648075	22.993389968057787	29.914774699301766	0.0
49.0	21.939440992802272	26.60125453550864	24.608473864478906	26.849115198583963	0.0017154086262181783
50.0	27.048329329169874	25.04550642966424	20.46044676903158	27.445653943395577	6.352873873377376E-5
51.0	24.2132676548609	27.46335161881714	21.8464448112657	26.474442800894664	0.002493114161603025
52.0	22.385533348439736	26.635429161800662	21.737928215009532	29.241093428873405	1.5845876665203564E-5
53.0	22.04008545437112	25.87035833938018	24.43553881601203	27.652340201053843	0.0016771891828259624
54.0	22.725877478896077	28.724641432674403	22.50767070159072	26.041778742030253	3.1644808542579356E-5
55.0	23.437736023576587	28.922093298378627	22.722947130561003	24.915771398247667	0.0014521492361142569
56.0	25.812328780527533	26.138709118416404	25.07374333311343	22.975218767942632	0.0
57.0	22.212450381122846	28.414174847186324	23.143898136631062	26.224489892535697	0.004986742524068134
58.0	25.051614356964958	25.814342321689832	21.943454901896427	27.190399066870498	1.893525782878235E-4
59.0	26.933279183434678	23.49291459936175	24.842938471388752	24.728106605877407	0.002761139937412058
60.0	23.670162024561034	23.29038274271348	24.435108645768462	28.604346586957025	0.0
61.0	24.633695017231393	24.270462005546563	23.086508596162776	28.003253453683186	0.006080927376082988
62.0	24.968651524040027	22.36701157341624	25.547023029000016	27.116967307477825	3.465660658891404E-4
63.0	25.74436610877112	24.46656367880578	22.97275137788401	26.81390874847066	0.0024100860684265965
64.0	24.795699786891674	22.078619756108488	23.84602746746973	29.279574380779216	7.860875088336584E-5
65.0	23.834905531351367	26.809442557471453	23.750125370254914	25.600778977664127	0.004747563258136333
66.0	24.240771277975412	24.742061090422062	23.387357165650904	27.629291711402697	5.187545489271999E-4
67.0	26.75686054504588	25.88387103264645	20.883747638014537	26.474671954978092	8.488293150434719E-4
68.0	23.226793145318155	22.969015612044814	26.994636183949417	26.809319286553524	2.3577213409147174E-4
69.0	22.374422190403294	25.253764701629418	25.337648273683318	27.03128855665874	0.0028762776252320276
70.0	24.80180782774725	23.351333349864387	25.06818275269051	26.77840927103386	2.6679866399784304E-4
71.0	24.18080762026756	23.257902914463095	26.508862718140225	26.0515032946125	9.234525166194063E-4
72.0	26.174808492603958	26.70287702038014	22.465213943500643	24.65541032358165	0.001690219933608787
73.0	25.01055496421327	23.35723601087764	23.29836606963178	28.329868217085803	0.0039747381915066415
74.0	24.73846774912807	26.335794610850588	23.25505125184048	25.669982271917185	7.041162636774584E-4
75.0	24.174965011222223	25.509099429148996	22.513011757324566	27.80063945951824	0.002284342785975074
76.0	26.6885424313484	24.64291905497698	25.424998763992697	23.242726175255196	8.135744267272967E-4
77.0	23.8624861112806	25.367067393964653	24.447462858333655	26.3222013937062	7.822427148953719E-4
78.0	26.897171236719196	26.661052464267737	20.81311964946852	25.628171677574365	4.84971970184549E-4
79.0	27.268324222579704	21.0571279686083	22.874199637906013	28.797547910653865	0.002800260252120415
80.0	23.839204032773793	23.822934774038767	28.11642344124858	24.21884092794846	0.0025968239903986345
81.0	24.981494100325442	25.51308115251552	22.509556427820108	26.99532080751424	5.475118246910938E-4
82.0	22.797271757129945	22.326077019894296	24.559128979586983	30.316614956530007	9.072868587632803E-4
83.0	24.93777401800893	22.77669600996617	24.73501555180274	27.549575868457588	9.385517645711725E-4
84.0	23.23591858492458	26.62080449676798	25.083205411237603	25.05892967136717	0.0011418357026684856
85.0	24.767633389969397	27.445966991545884	21.449926979990313	26.335862639484485	6.099990099246839E-4
86.0	25.208139228803706	25.488932268552194	22.90110995597682	26.400035535107573	0.0017830115597018744
87.0	21.849478913738267	22.53179028926993	26.644942683248214	28.97294355283315	8.445609104366614E-4
88.0	24.67375748210106	26.78403332575863	26.13986064950885	22.40161348920011	7.350534313467133E-4
89.0	26.27015772112893	26.392766459753997	23.161650864110108	24.174486622823615	9.38332183355113E-4
90.0	23.256177275233693	26.421232292947394	24.94028448885493	25.38211828128172	1.8766168226812914E-4
91.0	26.100889318621707	25.465923110039597	24.00991387985402	24.422679446683027	5.942448016481223E-4
92.0	24.905182995957748	24.54536782930281	22.73367266358611	27.815760873814494	1.5637338837676605E-5
93.0	26.15703490576733	26.193609926388667	21.456042345085866	26.19301571912761	2.971036305281799E-4
94.0	27.47758601844782	24.17466964034271	23.163087096048347	25.180200796625357	0.004456448535759559
95.0	23.68798915094037	26.711994086993556	24.380941093064962	25.216511323072716	0.0025643459283893892
96.0	25.677132765336008	24.84316487818912	24.33451592274027	25.144013747015514	0.001172686719088369
97.0	25.37780439259073	25.57355877400219	23.03792975669857	26.010503817366793	2.0325934172116884E-4
98.0	27.465584021361057	23.66779920821634	24.399466599040423	24.467134536461337	1.5634920845867982E-5
99.0	21.872688697998	22.749254012744668	26.44217819054845	28.935832198478025	4.6900230858569696E-5
100.0	22.538132851507655	25.404433886356276	24.841728988377124	27.215704273758945	0.0
101.0	23.102040459018475	22.550050875084278	28.619388245284032	25.728442259475905	7.81611373133297E-5
102.0	24.83398087852469	24.520438715124413	24.998569407202993	25.646995364253943	1.5634893956331744E-5
103.0	25.43475324376449	25.893067086577933	25.71466629311574	22.957388303686898	1.2507285493800139E-4
104.0	25.482165459311805	27.56418033278969	23.162765276207438	23.79062315519846	2.6577649260078244E-4
105.0	27.213576072480265	23.745743679193566	21.288702460465352	27.748491114925432	0.003486672935381475
106.0	25.59197261247198	23.19958210754883	25.218170879362795	25.99018059057797	9.381003842459174E-5
107.0	25.29747163184438	24.71169048190842	22.854329896133528	27.135741874799873	7.661153138008325E-4
108.0	23.4533829278039	25.146769782809486	24.54118027419122	26.85852631131328	1.4070388211391013E-4
109.0	25.25802197870915	24.753398070394713	25.951463618818927	24.036381571902147	7.3476017506052E-4
110.0	24.302823846958212	25.107908731825603	22.845463878186123	27.743756644881433	4.689814863305185E-5
111.0	24.307646657591885	24.23488790164467	24.922312752902727	26.534417908847068	7.347790136482857E-4
112.0	25.118080287247796	25.112124097602095	23.53406213540811	26.23563968147986	9.379826213706521E-5
113.0	27.99161980345119	21.90778594794486	23.079368940310328	27.020459322562218	7.659857314053837E-4
114.0	26.335914557746136	22.42374549288828	27.383495119070606	23.856579073870122	2.6575642485698E-4
115.0	26.58297866618888	24.06786720361568	26.497614654342982	22.850882829607492	6.566462449684482E-4
116.0	26.83421717631671	24.634649657190664	24.932486424193666	23.59853730096726	1.0944133170713939E-4
117.0	25.454069876339148	26.872681574010926	24.060708169208393	23.61188372434077	6.56656100757312E-4
118.0	26.163495247209372	24.969884166020833	25.35381903170617	23.512504500763505	2.9705430011896244E-4
119.0	26.646883066729	21.473200674810464	25.033982867068904	26.84538616325848	5.472281331546764E-4
120.0	24.70497404734737	24.385799729138046	25.105497634570266	25.803681683734432	4.690520988674268E-5
121.0	27.190900488635307	23.677204253059678	24.470415768417013	24.660822806066257	6.566838217497434E-4
122.0	26.634186764648398	23.846882695540007	24.614486182230387	24.904069108392292	3.7524918891451356E-4
123.0	23.916587565685347	28.194325899378548	23.81925857038481	24.069077475912835	7.504886384619486E-4
124.0	24.997166111224466	24.83310544958766	22.98989728423553	27.179721708213428	1.094467389171496E-4
125.0	26.344720922731362	24.09452270922489	24.673707969238325	24.886141565172963	9.068336324581398E-4
126.0	24.03776336699486	24.43744578497108	25.112166868777585	26.412514532911143	1.0944634533636615E-4
127.0	25.602235062773975	22.9289216203611	28.00068419012668	23.467252293389357	9.068333488902159E-4
128.0	25.883357654213217	23.156854899801257	25.408807332506843	25.541536325982033	0.00944378749664425
129.0	24.251447244469983	27.38363998108126	22.393908478644107	25.96759579566198	0.003408500142672311
130.0	25.816210441914762	24.67794704177854	24.224474211058595	25.281337033416452	3.127183164746889E-5
131.0	25.396929885597007	25.014893372832177	24.681094188347927	24.9063632932226	7.192600002939584E-4
132.0	26.13727621611344	25.751643041559507	22.405501656175886	25.699449734311365	0.006129351839806262
133.0	26.61609449173479	25.344368210048344	25.239028188658242	22.79858587627512	0.0019232332835064764
134.0	26.182095363182214	23.15596000343989	21.14216916449719	29.519681653649805	9.381523090273706E-5
135.0	25.65930627779847	24.389477367672015	26.239112412842232	23.711666139740753	4.378019465299974E-4
136.0	27.635704641528346	26.394268393841525	24.26141227738935	21.70217257206921	0.006442115171572134
137.0	28.13141186113588	22.018555912445464	24.403905072635315	25.44587697294951	2.5018083383395557E-4
138.0	24.917335032809564	24.521600151101616	27.336461895624808	23.223492798907266	0.0011101215567469122
139.0	25.22170198893464	24.330500411608856	25.321707695952007	25.125011042687706	0.0010788608167914522
140.0	25.978081957885422	21.675686215093517	25.714555097893804	26.631457827024498	2.189021027579632E-4
141.0	24.92410578516015	25.668279540889838	25.571819811536862	23.83545086597195	3.439964412004538E-4
142.0	28.569547733837535	22.927772106101845	23.82256607050742	24.679895179714816	2.1890983838668453E-4
143.0	26.406232384714627	25.642210793466337	24.362050102191134	23.589319083855834	1.8763577207194768E-4
144.0	27.473052412832267	25.91004153841463	23.327779762747085	23.288469552177894	6.567338281249389E-4
145.0	28.015007428189094	22.843264662913768	23.038238012594693	26.102536060844066	9.538354583797025E-4
146.0	27.20068026093974	21.990172931450232	24.987330327638276	25.817141093318057	0.004675386653694423
147.0	25.98270000780265	24.926371284496042	26.883663736737645	22.203402737307286	0.0038622336563797297
148.0	24.705081020529203	24.57598482369128	24.032126439216974	26.686182250492596	6.254660699511871E-4
149.0	27.603425710340773	25.44528136077696	23.712270354032807	23.236723965117427	0.0022986097320321433
150.0	25.304424338435204	24.319717759041566	25.269585181036174	25.106257084522326	1.5636964721287523E-5
151.0	26.081180292492995	24.701560979042302	26.083650963053312	23.133123013592595	4.847518187966427E-4
152.0	27.020949176639764	24.17274997955419	23.52758495644925	25.27857515137328	1.4073598351700163E-4
153.0	24.733547564875412	23.558933220744493	25.859905081353258	25.84695736479566	6.567682311824174E-4
154.0	22.79022011206154	25.02421077865586	24.94541335340356	27.237544291299336	0.0026114645797051046
155.0	26.930031910659537	23.99753534920708	24.032034204849076	25.040242148812673	1.5638647163188503E-4
156.0	25.4405679555692	24.07213108293429	26.319397125847804	24.167731807516784	1.7202813191680158E-4
157.0	24.933120352712923	23.32841542856303	26.560423450680148	25.177681073927776	3.5969411612364843E-4
158.0	24.708697035220347	21.484698168747247	26.217345026009504	27.589165935014254	9.383500865315172E-5
159.0	25.917487545090644	21.833872505206	24.93290262141533	27.31515866666979	5.786616182350352E-4
160.0	25.848446976491985	21.818088263790738	26.10170212546335	26.231731354670284	3.1279583643718034E-5
161.0	23.93076079483357	21.178884472868795	29.290798155489643	25.5954432761767	0.004113300631289988
162.0	25.04088368825296	24.197888312144926	24.963479949475644	25.797732409847868	1.5640278597154596E-5
163.0	24.916970957900357	24.387765412182848	26.9835706194966	23.711646088101972	4.692231822528531E-5
164.0	25.359874633352764	24.071922841764962	25.141947008848337	25.42453499362703	0.0017205224069107442
165.0	26.32020123906806	22.44439084576218	27.026045831252993	24.20879898492021	5.630989965575881E-4
166.0	24.669455991025107	23.30055658220795	26.06042660144478	25.96949825635943	6.256896272860743E-5
167.0	26.35782310307409	23.878796468062028	26.83935288579205	22.9236521178441	3.7542522773059673E-4
168.0	25.845207983869944	24.98650379763033	24.1349798569864	25.03321450209377	9.385941955144896E-5
169.0	25.977301821138777	22.54709128252204	25.988659201770126	25.486650462844544	2.972317245118712E-4
170.0	30.897994354330528	23.272711116562235	23.23294362653227	22.596288325879407	6.257669556249878E-5
171.0	25.311286606458538	23.61572912382299	27.300980187702038	23.771315714996653	6.883670197728733E-4
172.0	27.176951011670443	24.98052058263833	24.427275407910184	23.415190425872233	6.25719088108287E-5
173.0	28.888761324570183	19.99786025627811	23.586326224264226	27.52559754455023	0.0014546503372520779
174.0	23.7727610235455	26.47229181536188	24.108528695966644	25.645917926342904	5.005387830744687E-4
175.0	25.856124741113383	24.232475487895684	23.62449083025172	26.285078745330654	0.0018301954085559288
176.0	24.462270259243795	24.58264613232085	28.46295731685855	22.490796603570104	0.0013296880066991246
177.0	21.961619568416097	26.28808149626767	24.82923960524111	26.895432950486487	0.02562637958863559
178.0	24.9839104151942	23.147836142479413	24.488113418353922	27.379936655375015	2.0336859744813084E-4
179.0	28.00135300277281	24.53633292754723	23.658351780408026	23.802851475247074	0.001110814024856263
180.0	26.38428020754674	22.80642367129586	25.686151911688164	25.123018720178646	1.2548929058707969E-4
181.0	27.468395610596158	22.280228596849465	26.57333913292356	23.677251233001996	7.8542662882167E-4
182.0	25.380005754426698	23.656991565618682	25.71613086420684	25.246777583869513	9.423187826749038E-5
183.0	23.647107752657785	24.99888486673058	26.420381369295697	24.933139122141963	4.868891739720984E-4
184.0	25.903546046264985	22.597647466841668	26.683959268665557	24.810716219385252	0.004130998842534963
185.0	24.638810130450985	25.245291547220223	25.086101169128938	25.02918464089267	6.125123071783773E-4
186.0	27.004495770225194	23.17076905896051	25.35796292273599	24.466756541233373	1.5706844933073918E-5
187.0	24.08644526933846	23.468084265929225	27.61405535882706	24.83075412753452	6.609783707418239E-4
188.0	26.875649128925836	28.19761754830684	22.60729051559979	22.31909655261094	3.462545565919234E-4
189.0	24.679285636822414	24.475153539792853	25.162299104441054	25.682159918743807	0.0011018001998665562
190.0	28.02845674991476	22.344741366527206	25.419548793591595	24.20700122688802	2.518630784153657E-4
191.0	25.79743161442843	24.33694708804103	24.995794507082334	24.869322288954805	5.045014934032488E-4
192.0	26.56861925807728	23.976698827057614	24.496836256360204	24.95781412355708	3.15349478175451E-5
193.0	27.334157138657915	24.925583129274358	22.160379000912116	25.579518029730163	3.627014254481413E-4
194.0	27.85131201726153	23.853180481362905	24.25373010755181	24.041777393823754	0.0
195.0	26.000317979367303	22.490604939973508	25.047326244622663	26.461214561309927	5.362747266024126E-4
196.0	28.1343164176386	22.8336107573042	26.27427407042943	22.757672269534673	1.2648509309935276E-4
197.0	24.40940511414823	24.867629987328723	24.335461658752852	26.3869813975914	5.218421787954649E-4
198.0	27.065339692126916	24.02217712402102	24.478942896756177	24.43342943314834	1.1085394754866291E-4
199.0	25.29931339772597	23.3313698594487	25.408838425353185	25.960033996873257	4.443205988933878E-4
200.0	26.99663590009866	23.856608316352027	24.577511803866265	24.569212241394442	3.173828861117534E-5
201.0	24.651314252633075	21.734141876314	28.935600732284506	24.67865748687271	2.856518957129364E-4
202.0	24.913781624976135	25.620287468114956	28.29437034598917	21.171560560919744	0.0
203.0	25.404078551047927	24.898331490298908	23.47116246419894	26.225744889111557	6.826053426726445E-4
204.0	25.82705399555759	23.92152641608374	24.362862136525926	25.88847807204922	7.937978352497995E-5
205.0	27.384838874842725	24.4308525205698	25.251533060524633	22.93196584996051	8.096941023310458E-4
206.0	24.913555572279737	21.59126019764805	26.201941931318874	27.293210543981473	3.1754771868955675E-5
207.0	25.737028489120178	23.61565028077578	27.021620560840258	23.625367244053283	3.3342521050244955E-4
208.0	27.658434497268424	22.86433824597799	22.71649680251194	26.760730454241642	0.0
209.0	27.234723869126213	20.798541879820075	25.5324930761209	26.433431178754084	8.099961787239098E-4
210.0	24.325672818122438	24.965355172229746	25.084872679860826	25.623876942080077	2.2238770691587647E-4
211.0	24.634908569042434	25.94216374629538	25.769048407466	23.653259589429844	6.196877663465688E-4
212.0	28.50035893617549	22.69905697388509	24.865661221476657	23.934716217874577	2.066505881911588E-4
213.0	29.520525164782047	23.22853037749201	22.910983258789926	24.339690797161925	2.704017740901338E-4
214.0	27.10420902294609	25.730608013845213	24.82328954917106	22.34187749561129	1.5918426342575995E-5
215.0	25.366031410792612	25.344461439128725	23.043366651387938	26.24586927863282	2.7122005790388695E-4
216.0	25.22817877557318	24.656347932406728	26.371388574809423	23.74406857838579	1.613882488051621E-5
217.0	28.123628002110518	23.416006044933134	25.778073438120856	22.681771399910108	5.211149253828566E-4
218.0	24.427237621950106	24.82477650874584	25.574234257020983	25.173537819806818	2.1379247624806703E-4
219.0	26.01276069514723	23.299353933386037	25.13718875725937	25.550165582366024	5.310318413329962E-4
220.0	27.952328113398018	22.16609239035216	25.118128498844495	24.76320070748617	2.502899191563561E-4
221.0	24.818838386487975	23.56113220795887	24.780181383567594	26.839612616139156	2.354058464050837E-4
222.0	25.00239509036255	25.46754461121685	24.68071275847194	24.849245440181875	1.0209976678711602E-4
223.0	29.87071246155605	22.745045236242714	24.921819062959727	22.461819824985728	6.034142557824757E-4
224.0	29.243900233375758	23.39672824372335	25.17306065297144	22.18617254244363	1.3832748582705227E-4
225.0	30.684700150810716	20.204668955073302	24.178975973122387	24.930837094320992	8.178266725991002E-4
226.0	25.112494028073073	22.593546692635087	26.30640412368376	25.987343915746276	2.1123986180688242E-4
227.0	26.563812546364407	24.026022774375004	26.217500440295094	23.19149011871067	0.0011741202548196748
228.0	26.909893628894476	27.9240070456191	23.446286455069153	21.719705554935512	1.0731548176066071E-4
229.0	27.850603057560935	24.90980077941366	22.063163365572798	25.17641475129233	1.8046160273363235E-5
230.0	25.474227390120618	23.210707081601363	27.792731112523246	23.5223161972611	1.8218493665794123E-5
231.0	24.954901348258023	25.006276402224	24.940140949797467	25.09733272764589	0.001348572074619264
232.0	24.804098165834407	25.24822347090458	25.17611977687252	24.771391335551822	1.6725083667231045E-4
233.0	22.769715787607574	25.324705296773697	23.049276681637245	28.85569936663133	6.028673501549651E-4
234.0	27.140888404282858	21.449492863274834	26.88906588616099	24.519366628675815	0.001186217605497315
235.0	25.221396440256434	22.208277261219994	27.9527550663516	24.61737746244985	1.9376972212453E-4
236.0	28.003731537645503	23.959954767096345	24.185411661291017	23.850646503049568	2.555309175702469E-4
237.0	27.39216858258851	24.995303691318483	22.744709454374316	24.86775869909271	5.9572625981210794E-5
238.0	26.97631437826125	23.043157593494204	24.617331890128465	25.363135634837707	6.0503278370138484E-5
239.0	27.491860748626724	23.509600116377467	24.480880698756526	24.516756920668676	9.015155706081337E-4
240.0	25.15399809927657	22.470551778025584	26.722422347167406	25.652922156313483	1.0561921695179983E-4
241.0	29.265638283923305	21.281241672764494	23.736586541918513	25.714122568447234	0.0024109329464561398
242.0	26.22347086406991	24.73660798770516	21.885839125679446	27.15312837551314	9.536470323458E-4
243.0	27.550015137592748	23.260690592915605	25.524679587620103	23.662383878729294	0.002230803142245569
244.0	26.11280866526827	22.820989419198042	26.45011018076202	24.61517631157259	9.154231990804894E-4
245.0	28.497976580816236	21.36410665563048	23.75925044958945	26.376895688847835	0.001770625115997278
246.0	24.438097643173176	26.833936785090202	24.118393196730402	24.607115410869568	0.002456964136655918
247.0	25.163913401138306	22.92141192269531	25.217355743146168	26.551080473118887	0.14623845990132864
248.0	25.73150042493267	23.58484560422425	24.067629132912295	26.60577929865211	0.010245539278675454
249.0	25.56675853858276	21.647169691214017	28.394078046397038	24.375584952274775	0.016408771531405054
250.0	25.881584408429266	22.395953924675403	25.695193045581888	26.026256327108012	0.0010122942054341245
