# Position (bp)	A	C	G	T	N
0.0	23.5655399172509	24.35356018096112	25.619373894969495	26.461448537268375	7.746955010914491E-5
1.0	22.708994259065815	30.37391928677517	23.218711135634283	23.62201635214413	0.07635896638060238
2.0	24.393203485492965	27.11929049317885	22.709507978633617	25.77712992970021	8.681129943590017E-4
3.0	25.404071479901674	22.14576567323914	24.8324304276889	27.611409766493644	0.006322652676641036
4.0	25.586582343047038	24.05698393582652	23.987523278758754	26.368794867231138	1.1557513655202384E-4
5.0	28.25815506922902	24.17157150727466	22.390607798701378	25.178992125250904	6.734995440408088E-4
6.0	25.311713464507907	24.08860334925086	24.134285080899694	26.458578502845597	0.0068196024959360935
7.0	25.356620866045553	25.86358913901301	23.407905238084098	25.37106019994163	8.24556915712258E-4
8.0	27.12518982685035	24.63963044870531	23.62150392248212	24.61361838017739	5.742178482985351E-5
9.0	25.630769618805804	26.311735589997266	22.249289569706242	25.807937711428487	2.67510062199911E-4
10.0	24.714487612808274	24.767338001529758	23.428932456515852	27.089203742449058	3.81866970530944E-5
11.0	27.08554877242197	22.870259453012245	23.088280829120457	26.955689247579613	2.2169786571464678E-4
12.0	28.33936507647984	24.849176126293976	20.302065819011354	26.509338447136667	5.453107817030056E-5
13.0	25.175634583999017	22.807099297031517	25.38866511263949	26.62840385541167	1.971509183110547E-4
14.0	26.382847281063942	22.70585784848545	23.85673690832783	27.054487115907243	7.084621553685845E-5
15.0	25.419779337565522	23.949243762241583	24.347122974161955	26.283853926030936	0.0
16.0	26.323551379724208	25.051622684791695	21.938516377947078	26.686223705741252	8.585179576201195E-5
17.0	28.01319818345051	26.52875567167249	19.483850268350842	25.972833817536895	0.001362058989261426
18.0	25.456719179762423	25.936606392259097	20.034273846230302	28.572267168567056	1.33413181122235E-4
19.0	24.84689017373278	24.61514023261639	21.858856285324975	28.678499159362858	6.141489629928773E-4
20.0	22.378226344966198	26.002213348049473	24.22063609555131	27.398874821042153	4.9390390868967956E-5
21.0	23.386286423235536	24.77182309612945	24.11411872592055	27.727429030352813	3.427243616473161E-4
22.0	21.93308052110399	26.916560341754952	26.410995072034048	24.739315637768673	4.8427338330173714E-5
23.0	24.770240763465125	24.73038596211771	23.411789377812276	27.08715034316558	4.33553439315204E-4
24.0	27.481645014914346	21.892712423490757	24.666591311986974	25.958987659160925	6.359044699791884E-5
25.0	24.433601982457915	26.021741068319304	20.060296302748064	29.483999044742554	3.6160173216662797E-4
26.0	25.726316888028645	26.13906520060999	19.688902227597286	28.44562194479306	9.373897102419043E-5
27.0	25.461057443955248	25.169599338935956	20.304732958811357	29.0645012437778	1.0901451964387137E-4
28.0	27.53554374801488	23.96776433727935	23.236532520597187	25.25716008394992	0.0029993101586635075
29.0	27.220211377997604	23.674977727905596	22.69292136855326	26.41138749062868	5.020349148548784E-4
30.0	23.09355737440243	25.254445326632	25.661911261262553	25.98976887307026	3.171646327603578E-4
31.0	25.767436148390633	25.022156023142855	22.757009493122137	26.452827826193488	5.705091508917134E-4
32.0	23.625449779876114	23.111192401462155	24.88181232902114	28.381337137642387	2.0835199819983877E-4
33.0	23.67535141752258	25.243005555929017	25.076481001222987	26.00497038056522	1.9164476019638575E-4
34.0	25.50832400699114	26.857191453695094	23.05908699895478	24.575280641436077	1.168989229079367E-4
35.0	24.88543069834417	22.42488775741873	26.447194791730343	26.242183267238577	3.0348526817475723E-4
36.0	23.234728670529996	25.139287057605582	26.62696971687768	24.99888460619379	1.2994879295619787E-4
37.0	25.058897430856682	25.918088331279392	21.78211891031165	27.240852025924394	4.330162788139857E-5
38.0	26.387488165500738	25.95465682224882	21.19776893083371	26.459869629669818	2.1645174691711382E-4
39.0	23.182815617601612	27.835130226029047	21.85677950085192	27.12501496809451	2.596874229052963E-4
40.0	25.87403831479083	26.677198911424416	22.94288728719014	24.505702385420726	1.731011738856107E-4
41.0	23.89386325837379	24.48089318550564	21.822888022815416	29.79749486781514	0.004860665490010611
42.0	24.119037060272067	26.566421136505397	21.039028839879002	28.27546969811688	4.3265226655706146E-5
43.0	26.150797759357953	25.628504247708438	22.716278109326325	25.50081487593438	0.003605007672898331
44.0	28.417887663090486	25.266598777328692	23.205177429500893	23.110091024867078	2.451052128544131E-4
45.0	25.287255245959916	24.769340949841588	21.809760666998997	28.13006803364403	0.0035751035554693173
46.0	24.797056119134403	24.557272646421072	22.8438334278197	27.801808977833396	2.8828791429315627E-5
47.0	24.693649679737604	25.237305203916222	23.393949771245264	26.67336579412261	0.0017295509782988914
48.0	22.877038065502525	24.289356203498418	22.73387259569976	30.099733135299296	0.0
49.0	22.384973016569845	26.474838925699718	24.57377389532328	26.564627609645715	0.0017865527614414657
50.0	26.849778764599858	24.79879341599761	20.900273135281562	27.45103943108798	1.152530329916129E-4
51.0	24.33938668673248	27.19490476612995	22.20130592951691	26.262126776452476	0.002275841168180629
52.0	22.564258091686497	26.21356432349067	21.517026373037222	29.705136838383307	1.4373402306499867E-5
53.0	22.24441087127726	25.6856828300037	24.29490130483798	27.773383417559632	0.0016215763214268493
54.0	22.984392426214022	28.927795096566516	22.346738286283692	25.74098809126794	8.609966782748152E-5
55.0	23.504389632107024	29.14446557016539	22.610084413799424	24.739700256562973	0.0013601273651899024
56.0	26.018824708324384	26.073051320592654	25.02138715911531	22.886736811967648	0.0
57.0	22.529053435361448	27.94358690208195	23.01173502711568	26.510586115815236	0.005038519625678071
58.0	25.07201492654807	25.893727924272614	21.848783396448074	27.185244747698	2.290050332443744E-4
59.0	27.068445659597295	23.109333415768326	24.792094942212497	25.027249344670434	0.002876637751448194
60.0	23.379333069084193	23.740999073222827	24.029563134444416	28.84999041215721	1.1431109134799354E-4
61.0	24.945432589513487	24.373819587289354	23.182530541962223	27.492187969923737	0.006029311311202331
62.0	25.085141966138657	22.534326091944465	25.05675416737743	27.323534899562624	2.428749768197265E-4
63.0	25.838173427369448	24.326829778407124	23.022461579253537	26.810149454332254	0.0023857606376352456
64.0	24.896610619258293	22.409690161956615	23.662768173224464	29.030888268173154	4.2777387473725774E-5
65.0	23.5695176033927	26.96157548824806	23.681057275757208	25.78295916761149	0.004890464990544151
66.0	24.37888373651363	24.70321962068855	23.298291637112783	27.618934919678782	6.700860062517599E-4
67.0	26.29986042857978	25.87460242104378	21.05096281469506	26.77373320046248	8.411352189018766E-4
68.0	23.211984389113436	23.264774344680347	26.937475479685773	26.585551946570806	2.1383994963641506E-4
69.0	22.916524409480026	25.511381026352993	24.791268613833143	26.778017633096063	0.00280831723777908
70.0	24.978827401661448	23.24925630848081	24.95239990032406	26.81917483862787	3.4155090581434913E-4
71.0	24.482352927816155	23.290640391291557	26.64887328790069	25.57696937555291	0.0011640174386846715
72.0	26.655684410495272	26.002284642366035	22.5634124517551	24.776787488517176	0.0018310068664176876
73.0	25.105611139535856	23.08510132495588	23.330762096227662	28.474338604251127	0.004186835029474609
74.0	24.225963386768605	26.679972621748565	23.19269409969731	25.900589359010873	7.805327746421647E-4
75.0	24.835233325618226	25.198477092312903	22.41032539245213	27.55356593214237	0.002398257474368091
76.0	26.767673757597173	24.7811631282966	25.147076144134477	23.303008501453803	0.00107846851794302
77.0	24.272197745283755	25.64902198667603	24.022050528914715	26.05587836735273	8.513717727688738E-4
78.0	27.03099841140023	26.815467592621495	20.765777168092473	25.38733115806596	4.256698198395054E-4
79.0	27.52217141924751	21.323368225399676	22.815098060776755	28.336538768502784	0.0028235260732768865
80.0	23.822815294643608	23.667782650106204	28.20690352832279	24.299831176586682	0.002667350340718536
81.0	24.93998256901703	25.57618649080376	22.355100875110256	27.1281767455705	5.533194984541814E-4
82.0	22.82816646438049	22.49622797167379	24.310759803904183	30.363568909832384	0.0012768502091551578
83.0	24.966866691313893	22.732258748229132	24.402742141284232	27.897096781607306	0.0010356375654402353
84.0	22.86523812982462	26.93296775379671	25.18182039997367	25.01872535912969	0.0012483572753127135
85.0	24.512021820251313	27.57212538927752	21.27318465535198	26.641845393169937	8.227419492572483E-4
86.0	25.080571710560008	25.672804457235117	22.833315673586025	26.41109537100434	0.002212787614517078
87.0	21.77007618927393	22.388015667629524	26.429188938477676	29.411783061627283	9.361429915867693E-4
88.0	24.73649319294766	27.463186204858054	25.42814803299973	22.371420847539216	7.517216553421454E-4
89.0	26.606903748807397	26.785891825109644	22.56643939530396	24.03950275353725	0.0012622772417511957
90.0	23.188211764579076	25.986326404822492	24.925577531122702	25.899728292394713	1.5600708101958286E-4
91.0	26.158836428243827	25.154844797818942	24.146754605634683	24.53884089269795	7.23275604594587E-4
92.0	24.713404086411444	24.42220635813378	23.308496297134564	27.555864895825977	2.8362494231777737E-5
93.0	26.10630280301523	26.218671292247553	21.227207411895886	26.447478154156123	3.4033868520642744E-4
94.0	27.66964009450912	23.93910509020255	23.05569838307276	25.330479871151773	0.0050765610637976254
95.0	23.701312881118096	27.110878814158717	24.129671045205832	25.055769229678475	0.002368029838877548
96.0	25.45098775978986	24.86742785436525	24.41635856407057	25.264176559625383	0.0010492621489314187
97.0	25.3423590235705	25.1323276840532	23.398083898254256	26.127030890189467	1.985039325755871E-4
98.0	27.573656130693685	23.343434456574645	24.461254916517213	24.621626139531045	2.835668340797994E-5
99.0	22.00868244105797	22.411545664754797	26.837143768073947	28.742599773433735	2.8352679547950546E-5
100.0	22.808068780256153	25.236145073607062	24.85449403559506	27.101292110541724	0.0
101.0	23.13858306803712	22.692752186381462	28.512480982517594	25.655985313606134	1.9844945768724453E-4
102.0	24.964901971486352	24.759722221237727	24.784035305717545	25.49122708775322	1.1341380515366507E-4
103.0	25.63593755825438	25.933236001123305	25.20277661889223	23.227780478300065	2.693434300262071E-4
104.0	25.306250551970415	27.42629892548814	23.199569962772916	24.067214296923297	6.662628452287004E-4
105.0	27.310201418150953	23.677920926112087	21.212155150256606	27.796220863181766	0.003501642298591418
106.0	25.78969058251655	23.26571729474793	24.972919608556683	25.971474045140646	1.9846903819210586E-4
107.0	25.44557470361648	25.106237053510927	22.70074890459873	26.746631290228745	8.080480451191346E-4
108.0	23.3608692965033	25.16437660216156	24.475712917596802	26.998913606175435	1.275775629056612E-4
109.0	25.38945042552187	25.001839186624498	25.68192007965131	23.925982341823925	8.079663783927679E-4
110.0	24.362868881330755	24.926657826531603	23.12128584985425	27.589059872188944	1.2757009445148046E-4
111.0	24.766146620788547	23.841591215079337	24.74804504386762	26.64335244039592	8.6467986858E-4
112.0	25.09553972200106	25.010847041617346	23.71257558024408	26.180881736558565	1.5591957894909921E-4
113.0	28.27956887134671	22.25253850005861	23.113259361930385	26.353683619104018	9.496475602774614E-4
114.0	26.257012855561218	22.630306478495847	27.639605453036033	23.472465722921033	6.094899858669194E-4
115.0	26.62367430857651	24.27679507010628	26.003510984300366	23.095254160788564	7.654762282774857E-4
116.0	26.619056569912676	24.84654227880357	25.0729829640737	23.461347309319336	7.087789071933404E-5
117.0	25.79098093060983	27.158394078427158	23.745035327178638	23.304597367125098	9.922966592773642E-4
118.0	25.81725339579278	24.8675895623024	25.531941736714053	23.7826766336031	5.386715876678794E-4
119.0	26.91488652907546	21.696343895790186	24.87975299926427	26.508321957180303	6.946186897790403E-4
120.0	24.88836558138638	24.00562439008624	25.13372031375013	25.972247187379683	4.252739756709264E-5
121.0	27.47633503704528	23.585974606635332	24.57069223250529	24.36616174324392	8.363805701705579E-4
122.0	26.688872816514188	24.29086947042344	24.727049211236082	24.29251388037938	6.946214469049795E-4
123.0	23.859738355403554	28.106409393870578	23.83931110406104	24.19371895334223	8.221933225994577E-4
124.0	24.97712745824893	25.02579274230931	23.045131274355676	26.951849294970025	9.92301160567086E-5
125.0	26.801800524723053	23.40564482702114	24.7940289079648	24.99740586993514	0.001119870355869283
126.0	24.127641387268323	24.52089117339153	24.99681399771345	26.354568387060652	8.505456604806008E-5
127.0	25.98510238759563	23.38698622806499	27.206606242129933	23.420213627798407	0.0010915144110379609
128.0	25.725384994642948	23.26064527872118	25.199602962978084	25.804727190146544	0.00963957351124584
129.0	24.251854539990443	27.36206659474846	22.274524368790143	26.10860594445098	0.00294855201997077
130.0	25.912795855408817	24.802295254774243	23.4866688043984	25.798211733538828	2.8351879715449196E-5
131.0	25.420840768607466	25.16795639257794	24.59444088156126	24.815996457152124	7.655001012161245E-4
132.0	26.08322332832073	25.94319375171528	22.219524075220747	25.747452873625786	0.006605971117446795
133.0	26.746085760089542	25.39373463615916	25.139889715602116	22.71858879972193	0.0017010884272544418
134.0	26.449126416068978	23.51536377074808	21.36220746576457	28.673188942825373	1.1340459299942108E-4
135.0	25.887615672800678	24.297762743694122	26.475071404888435	23.338855585429364	6.945931874016672E-4
136.0	27.73307499704793	26.4347593853513	24.19783422221485	21.62738534732579	0.006946048060131797
137.0	28.346582376311	21.672427181768516	24.43679399904683	25.54394128102024	2.5516185341631955E-4
138.0	24.697521901533502	24.45247760942687	27.42874444532487	23.41999446322089	0.0012615804938676557
139.0	25.406473985948402	23.90204536859217	25.315284896092916	25.375104258628305	0.0010914907382049543
140.0	26.02496688305199	21.924631567308737	25.85686249077722	26.19315632687863	3.827319834234525E-4
141.0	25.039581370920928	25.47539108265628	25.64379530381865	23.840892032056338	3.4021054780277143E-4
142.0	28.31594856694751	22.771052946423055	23.97646195622282	24.936281372387253	2.5515801936139054E-4
143.0	26.28080794936489	26.084112227695282	24.037475949922253	23.597419594811917	1.8427820565759606E-4
144.0	27.573854920226225	25.8520075060521	22.758085746921076	23.81534306678192	7.08760018677244E-4
145.0	27.735420968222517	22.63860353601003	23.2665326457081	26.358351366438264	0.0010914836210833812
146.0	27.12647640669359	22.15325882527045	24.98548470592638	25.729620328669352	0.005159733440232426
147.0	26.11220797643868	24.799966775115298	26.72265853507458	22.361892417993428	0.0032742953780131494
148.0	24.243994179369647	24.867106663079564	23.769742644338564	27.11850448468059	6.520285316345817E-4
149.0	27.41384911788119	25.465595778893103	23.81364999194878	23.30480725834435	0.002097852932571605
150.0	24.892684638200908	24.55832479880363	25.031571263027708	25.517419299967752	0.0
151.0	26.388333687717058	24.92767736905521	25.246495144942944	23.436898433623927	5.953646608547735E-4
152.0	27.301446806773388	24.054197418020333	23.24847698581544	25.395779560990878	9.922839996189629E-5
153.0	24.533326188848026	23.66515781941236	25.529457393351546	26.271208064422847	8.505339652233672E-4
154.0	22.86169239930999	24.864981410889857	24.99654470919493	27.274456690073812	0.0023247905314116766
155.0	26.873744790250427	24.19027895251249	24.29370128907188	24.641934716475355	3.4025168984584046E-4
156.0	25.33362368436461	24.015758915640976	26.553523334624884	24.096697101068955	3.969643005751304E-4
157.0	24.71615957018925	23.231809125737595	26.77854740106469	25.27315782482031	3.2607818816214254E-4
158.0	24.867174118833635	21.898197566084022	26.175421324758375	27.05910774750415	9.924281981743007E-5
159.0	26.48634685436555	21.886262042796243	24.47640339966509	27.15040641358074	5.812895923784712E-4
160.0	25.97007582416959	21.91488637716995	26.166824515536298	25.948156570955426	5.6712168730044404E-5
161.0	24.346202379095715	20.943443308616068	29.064113652152955	25.642086458436715	0.004154201698543902
162.0	24.822877744313868	23.969826902960115	25.424859471904167	25.782364989384714	7.089143713673455E-5
163.0	25.065108117473645	24.28817771566922	26.67060737139587	23.975993366685174	1.1342877608649171E-4
164.0	25.29010764924577	24.181769742087305	24.76118394178323	25.764925285839844	0.0020133810438473275
165.0	26.562815710588367	22.449391659150468	26.826195884236366	24.16090196117911	6.947848456932486E-4
166.0	24.78449256832053	23.721578280248355	25.685303919609876	25.80846925453777	1.5597728346843564E-4
167.0	26.26660058691862	24.113237432617446	26.414315766188295	23.205392447765448	4.5376651018812165E-4
168.0	25.78852052685308	24.64219263181076	24.168519474655728	25.40056883887753	1.9852780289705948E-4
169.0	26.03046676942228	22.537853729386303	25.76858602407397	25.662767313845503	3.2616327194515127E-4
170.0	30.944520179914008	23.14659202440981	23.361479700113065	22.547138652823172	2.694427399433688E-4
171.0	25.43187540035734	23.7614395662321	26.92663262479981	23.879329159571856	7.23249038894206E-4
172.0	26.862603339327595	24.946415332112927	24.328268671830436	23.862542512913564	1.7014381547789781E-4
173.0	28.696202099172336	20.47819348183982	23.286219597236883	27.538094759469306	0.0012900622816551866
174.0	23.596937799043065	26.459500265816054	24.095637072479178	25.847386142122986	5.387205387205387E-4
175.0	25.766797844037203	24.336114815311543	23.39648920246446	26.498911045410583	0.0016870927762089863
176.0	24.634661304084123	24.295459243436916	28.585936434455387	22.48238346831945	0.0015595497041250655
177.0	21.631703733699254	26.424031653371422	25.2096797656793	26.710126815955654	0.024458031294370058
178.0	25.207782033648314	22.9650715232926	24.68317014437353	27.14356517195163	4.111267339270004E-4
179.0	27.77886790055963	24.564922860895543	23.113162873417465	24.541841243843958	0.001205121283405962
180.0	26.824471470598183	22.65092911049918	25.570941947969583	24.953472697776213	1.847731568380139E-4
181.0	27.72845238554548	22.475171166933443	26.291249518970055	23.50427271333349	8.54215217530888E-4
182.0	25.206065847400023	23.387051885701272	25.641010310232293	25.76577230650965	9.96501567710502E-5
183.0	23.66603443435897	25.14322026225778	26.08611664543725	25.104173131816164	4.555261298329187E-4
184.0	25.688220585915676	22.50058794287188	26.768199038450042	25.03872166129593	0.00427077146646334
185.0	24.55414575764831	24.96443557109057	25.173437976404635	25.30741132237044	5.693724860425453E-4
186.0	26.62833089197226	23.30264193703139	25.16422601736427	24.904786918290565	1.4235341512960567E-5
187.0	24.13079896971539	23.122162827581064	28.05727232419995	24.689095603093136	6.702754104616871E-4
188.0	26.793332291248312	28.490851710540728	22.51325805980503	22.202115812917594	4.42125488334733E-4
189.0	24.66180877358881	24.352863318628437	25.4267771744634	25.557423975970117	0.0011267573492391534
190.0	28.809791287846586	22.055644402553547	25.03782733050304	24.096523023607563	2.1395548927056015E-4
191.0	26.278711918577535	24.005201835414166	25.079998291388783	24.635673659258064	4.142953614491309E-4
192.0	26.499012487913266	23.868390012412476	24.651841984350675	24.980698367633376	5.71476902046573E-5
193.0	27.53620040813422	24.745744839239638	21.787200382700846	25.930525736431935	3.2863349335403053E-4
194.0	27.61887873772904	23.732437856811966	24.290362672563607	24.35832073289539	0.0
195.0	26.10782126234253	22.099547392329004	24.77940895906238	27.012550713109672	6.71673156410813E-4
196.0	27.84097460707392	22.850983523783263	26.23967684985909	23.068293399128383	7.162015534411695E-5
197.0	24.96655491083363	24.893547339879753	24.20898675061582	25.9301803499034	7.306487673955294E-4
198.0	27.378556852456153	23.663575428726485	24.321389637897973	24.636420682532826	5.739838656005299E-5
199.0	25.415576097856846	23.18650186171995	25.573362867005585	25.82401275063191	5.464227857151279E-4
200.0	27.434739078551253	23.7717261970674	24.345075472029144	24.448416109864933	4.314248726793297E-5
201.0	24.82127776831777	21.225476209104006	29.009795134590338	24.943120107322507	3.3078066538112837E-4
202.0	25.212900145121598	25.14121669142891	28.222612792850065	21.423255987884	1.4382715427907357E-5
203.0	25.152512273202554	24.869571147169665	23.324911421746428	26.652257055041378	7.481028399710197E-4
204.0	25.8558707105029	23.89656920804946	24.161884092502238	26.085632824918648	4.316402675479035E-5
205.0	27.34339972315989	24.431513728334096	25.403763529049506	22.820459692713236	8.633267432725264E-4
206.0	24.780332656799168	21.71835840500643	26.17362656465314	27.3276104222333	7.195130795965661E-5
207.0	25.62537879229467	23.91691849922619	26.743013058736175	23.71438740749408	3.0224224888958357E-4
208.0	28.098824504884224	22.563546695917292	22.097004977788526	27.240537451452884	8.636995707413133E-5
209.0	26.83999356153785	20.872754276783038	25.704681908007736	26.581879184388512	6.910692828630079E-4
210.0	24.330964427826814	25.002354314039287	24.959357483939545	25.707064583657925	2.591905364351337E-4
211.0	24.670043230872157	25.736476759535385	25.51341611748888	24.079401350001547	6.625421020300434E-4
212.0	28.32536529060939	22.661799343066924	24.659859118299966	24.352760123179635	2.161248440839354E-4
213.0	29.049336380903178	23.242107090097434	22.903709785859014	24.804544023507187	3.0271963318452983E-4
214.0	27.283448166837253	25.59785637715392	24.822384052009134	22.296282556192644	2.8847807047403868E-5
215.0	25.11915923883202	25.124405902105934	23.601832892184827	26.154298440902696	3.0352597452434226E-4
216.0	25.630297543760776	24.808530614786193	26.081943430702275	23.47919917989923	2.9230851526858912E-5
217.0	28.65177714416435	22.96539633463279	25.719565919773217	22.662715230070066	5.453713595724761E-4
218.0	24.707861982620038	24.599025229716062	25.76708637347787	24.92584789572856	1.7851845746961394E-4
219.0	26.553126856481235	23.23323008940521	25.06189458735416	25.151163246101945	5.852206574488911E-4
220.0	27.89913245376152	22.120399671492137	25.196833879463327	24.783392578516654	2.4141676636424693E-4
221.0	24.84656536176452	23.178594254205244	25.046116686812386	26.928526016258804	1.9768095905069345E-4
222.0	25.491513592014314	25.127747790274206	24.428169785050976	24.952292064360932	2.7676829957400746E-4
223.0	30.08525738240706	23.017967822509984	24.357619953462013	22.53853221819402	6.226234269224548E-4
224.0	29.605085155655143	23.176058401727484	25.08342892043328	22.135302622747655	1.2489943643813036E-4
225.0	30.522891280830233	20.20795059182167	24.132345220039646	25.136011683415386	8.012238930620609E-4
226.0	25.03670819554829	22.583330707340586	25.992633215020422	26.387168731015265	1.5915107543156202E-4
227.0	26.772822113447624	23.844846895449162	26.035538918179718	23.34540943582297	0.001382637100526399
228.0	27.386024712398804	27.624472011860295	23.670387987635397	21.31900214201709	1.1314608841041383E-4
229.0	27.92478309274558	24.944937548059396	22.101598620976624	25.028664433080127	1.6305138270833565E-5
230.0	25.794770949088225	23.225594452288732	27.573368313681847	23.4062662849412	0.0
231.0	25.672831791760025	24.26913705548179	24.880904721941917	25.175674609021886	0.00145182179438165
232.0	24.803440889360473	25.42186302561898	24.8917509665886	24.88276061494676	1.8450348518696995E-4
233.0	23.3037924029597	25.228498289310807	22.246792935665002	29.220423598420066	4.927736444264327E-4
234.0	26.821163205888293	21.442346457592144	26.764510487912048	24.970582506903472	0.001397341704042682
235.0	25.5930162594727	22.039650470749816	27.567682617439516	24.799441127550658	2.0952478730615028E-4
236.0	28.17470572325472	23.937708639940798	23.664602533108294	24.22278826828694	1.948354092455778E-4
237.0	27.842921999163494	25.087136200212008	22.35436599119072	24.715432633135613	1.4317629816607268E-4
238.0	26.595699070846123	23.175218881447407	24.556669012592792	25.672376701719912	3.6333393767878295E-5
239.0	27.891177437162362	23.526089573401965	23.98429566829261	24.597255711421365	0.0011816097216939853
240.0	25.45857089302731	21.76455382020789	26.799499777265428	25.977261042054383	1.1446744498169952E-4
241.0	29.18096493854926	21.321053371387364	23.254414002579036	26.241562364401965	0.0020053230823763807
242.0	26.564537288715073	24.17124231049813	21.837525247432975	27.42577680398732	9.183493665015615E-4
243.0	27.930967454760363	22.91340221916614	25.473042165383507	23.679808547941803	0.002779612748185871
244.0	26.245609048289424	23.21545384531174	26.360786904640726	24.17701705292957	0.0011331488285353764
245.0	28.953048974554257	21.201024772256797	23.842580387934103	26.001402384746797	0.001943480508045047
246.0	24.602837995979193	27.125331943862875	23.402203716075533	24.866697356800945	0.0029289872814508198
247.0	25.362625960845893	23.29245998936189	24.877735086382526	26.3269072361529	0.14027172725679607
248.0	26.40581804412796	23.040776151351057	23.59559222689522	26.94666664090829	0.011146936717468622
249.0	25.648009043053836	21.70615612705429	28.444939005275693	24.182946803321904	0.0179490212942774
250.0	26.70633321882355	22.29684001482743	25.045482239764873	25.950374652615395	9.698739687572558E-4
