# Position (bp)	A	C	G	T	N
0.0	24.363993589812495	23.78831052114787	25.789601344849487	26.058094544190148	0.0
1.0	22.87764227661213	29.953309317965733	24.029373716914623	23.063277683083793	0.07639700542372155
2.0	24.22604888435146	26.60730110033704	22.45772143475511	26.70827801598251	6.505645738778807E-4
3.0	25.090898960657267	22.7059126692095	24.636903283320137	27.56010985413915	0.0061752326739453935
4.0	24.60545429997397	24.218830831702103	24.873348684445563	26.30222699386218	1.3919001617851954E-4
5.0	29.51932649720332	23.518416207968645	22.144454187979363	24.817339619458313	4.634873903620578E-4
6.0	26.068822219827197	24.20017864006894	24.077091839590285	25.648449110939552	0.005458189574025309
7.0	26.150624427821352	25.185832545036778	22.606544684988386	26.0560750079753	9.233341781841064E-4
8.0	27.324589867732573	23.714568591372196	23.32006172725697	25.640733721003123	4.609263513438769E-5
9.0	26.743099178267705	25.15952572835363	22.183138112113284	25.91405298388551	1.8399737987731055E-4
10.0	25.292647367046996	23.907455958111022	23.636181455156514	27.163669256536878	4.59631485859897E-5
11.0	26.890357034786298	22.936330532175326	21.878532456021553	28.29469058311197	8.939390485538524E-5
12.0	27.327793336565172	25.897904261480555	20.28562493025012	26.488677471704154	0.0
13.0	25.077097852502884	22.676159387417965	24.906713450475877	27.33994215645646	8.715314681688383E-5
14.0	26.631700450717517	22.545059893730183	23.819814754369087	27.003424901183216	0.0
15.0	25.22087953560942	24.338382555484216	24.47385675560565	25.966881153300715	0.0
16.0	27.230806782800087	24.464431903586	21.874454785806314	26.430264588254243	4.193955336053253E-5
17.0	29.25113253243231	26.571062028213987	19.37139888716824	24.80505354031955	0.001353011865914064
18.0	26.165994555287437	26.34630487948792	19.831978937345113	27.655721627879533	0.0
19.0	25.47583451026138	24.21233701811185	21.707853064217684	28.603610363672793	3.6504373629564973E-4
20.0	22.13195075238958	27.01131469438584	23.090557362995455	27.76617719022913	0.0
21.0	24.434551518860907	23.755913659082164	22.99270524110185	28.816789707990342	3.987296473435634E-5
22.0	22.705638666584633	27.51383913007126	25.007887791434175	24.772634411909934	0.0
23.0	25.60333534765994	24.037071991613697	22.891616917514504	27.46789716089964	7.858231222167127E-5
24.0	28.017348376789876	22.034166046081285	25.198606776092014	24.749878801036825	0.0
25.0	25.22955178857818	25.881810100586822	19.840592459300776	29.047930105331922	1.1554620230445347E-4
26.0	27.25924047082732	25.711591638029564	19.325935771404836	27.70319380496015	3.83147781248671E-5
27.0	26.138659894525585	24.440271757395845	19.834779945561344	29.58621193299281	7.646952440926336E-5
28.0	27.7413588281124	23.83480182715612	23.44388491006185	24.977607267435477	0.002347167234151132
29.0	27.89520485757927	23.23855327576474	22.398180989046054	26.46776159973005	2.992778798855711E-4
30.0	24.17189843013674	23.8301410477985	26.148060453512752	25.849751526823294	1.485417287137846E-4
31.0	25.973237832931282	24.656517898739526	23.179828870443536	26.190082360215765	3.3303766989084137E-4
32.0	24.58543925362233	21.900436626253487	24.713953450928212	28.799987704792056	1.8296440390929065E-4
33.0	23.480200154355096	25.47714203929895	25.207455423625024	25.83509368194879	1.0870077213781808E-4
34.0	25.625603510708007	26.985370613051924	22.779763136416413	24.60922681656723	3.592325642882597E-5
35.0	24.465720837110126	23.300620315244043	25.509880738218982	26.723635532803495	1.4257662335070037E-4
36.0	24.373559756502	24.838035501634874	25.54580976193436	25.242488113816684	1.0686611207904102E-4
37.0	24.968750111288777	26.021417302644934	21.230123824345355	27.779708761720933	0.0
38.0	27.82044462294496	26.02035475553144	20.734092862519233	25.425036548692542	7.121031182283444E-5
39.0	24.339278874153987	27.045636748625512	21.224633791044095	27.390201391786267	2.4919439013588925E-4
40.0	26.824296257062525	25.926515223514446	23.48305012047181	23.766031613482163	1.0678546906051211E-4
41.0	23.669495552024145	24.470540501582907	22.254756282243154	29.600046980021034	0.005160684128760849
42.0	25.08932460633116	26.57517359578872	20.156150799864484	28.17931541052308	3.5587492562214056E-5
43.0	25.702043832970556	25.251088956569482	22.735271019503898	26.307539625351257	0.004056565604807244
44.0	29.196737479844074	25.419769813291737	21.857846116186362	23.525361952730176	2.846379476465423E-4
45.0	26.884451249446816	23.07741291012037	22.512454624753293	27.52141227831764	0.004268937361882089
46.0	26.28571123675641	23.86324305961907	22.529430701125648	27.321615002498874	0.0
47.0	25.134003487113972	23.722938764941347	24.33645599101403	26.80450322853259	0.002098528398068785
48.0	23.239519258875212	24.08011925361235	21.79411683127335	30.886244656239086	0.0
49.0	21.184700185679432	26.59550258962713	25.226410143174416	26.991466995499174	0.0019200860198536895
50.0	27.117332753076568	24.330713644709352	21.513552835364944	27.038365211900384	3.555494875109687E-5
51.0	24.93022214084978	27.051234421966292	21.29181916593639	26.724164594335647	0.00255967691189201
52.0	23.03966077461574	25.162765570014926	22.03811387165178	29.759459783717553	0.0
53.0	23.265480523879337	23.73992110489987	23.645536091992792	29.347149069506912	0.0019132097210894526
54.0	23.798163362985044	27.92108433927017	22.00053212237114	26.280220175373646	0.0
55.0	25.22087820013762	27.822599446409217	22.438759549723557	24.516137920120723	0.0016248836088806249
56.0	27.032314369763306	25.055618521400287	24.73923133949602	23.172835769340395	0.0
57.0	22.540940908983355	27.835191717983697	23.422639154592435	26.195789560672996	0.005438657767515745
58.0	25.968187042814538	24.400562879939542	22.762278569070208	26.868724321251193	2.4718692451794136E-4
59.0	27.328369450191154	21.370473828740028	25.433174544156422	25.864945514867816	0.0030366620445845547
60.0	23.226846202071883	23.23175019148491	24.158710032045278	29.38262301339918	7.056099874860068E-5
61.0	24.878616330235552	23.666314236858938	22.82916115002891	28.61941708321471	0.006491199661893166
62.0	25.369388183458536	22.610595977430147	24.9806420660692	27.039162114539	2.1165850311578957E-4
63.0	26.752128672043053	24.58289033767381	22.733420203988477	25.928738783420453	0.002822002874209927
64.0	24.99197670973585	22.379959776101764	23.64941867695151	28.978574380216237	7.045699463575671E-5
65.0	23.839991151168825	26.633431884607294	23.601897003409547	25.91936079876201	0.005319162052322942
66.0	24.026453908203884	24.260910916199936	23.534256226003027	28.178026700482583	3.522491105709958E-4
67.0	27.5961774523793	25.69522399930399	19.977147277133998	26.730570694623445	8.805765592633307E-4
68.0	23.555687364043145	22.81327840582487	26.75458308443132	26.876275035785536	1.761099151291097E-4
69.0	23.71526634346323	25.552172465955337	24.78722636156638	25.942094576627568	0.0032402523874848774
70.0	26.544865135736988	22.80822698749187	25.004645152572145	25.641910818701103	3.519054978899746E-4
71.0	26.034049500617158	21.73370885105767	26.545550726154705	25.685602023805426	0.0010888983650366678
72.0	26.325512979151384	25.03636101172298	22.85273342434855	25.783741807137893	0.001650777639198312
73.0	25.411801891182385	23.17550067165948	22.934230049957417	28.47421793374716	0.004249453453558917
74.0	24.832842395663455	26.102116440020623	22.924927974738132	26.139481080989967	6.321085878272742E-4
75.0	25.794537057326345	25.236190941729735	21.61572021732657	27.35119900438811	0.002352779229243571
76.0	27.30924681946351	24.178433100755324	24.318892895894713	24.192724884910753	7.02298975696944E-4
77.0	24.486275996952173	24.827436067599976	23.785626753466552	26.900134483642507	5.266983387934395E-4
78.0	27.17583695895287	26.713620941433327	20.699932128261786	25.410329074349576	2.8089700244275054E-4
79.0	27.973889851718063	20.14856984756089	23.235553114931843	28.63914317254242	0.0028440132467817004
80.0	24.006729881015787	23.731186755953686	27.866896660444006	24.392974773830282	0.00221192875623246
81.0	25.574884559641376	23.895241385509006	22.443108407203926	28.08630922287011	4.564247755794488E-4
82.0	21.813676441572103	22.654419421454236	24.594760268706327	30.936371481515028	7.723867523032923E-4
83.0	25.704624143114827	22.684365036065888	23.218805798908722	28.39136244302938	8.425788811816326E-4
84.0	24.11713885410512	25.85370597191344	25.217242029368613	24.81114082212325	7.723224895745241E-4
85.0	25.03286574173372	26.48734813745585	21.416914527307263	27.06241524675546	4.563467477044881E-4
86.0	26.607751128184827	25.25779058306164	21.955410372841566	26.177363010140326	0.001684905771644721
87.0	22.02523443609677	23.60844152470863	24.5286005719974	29.836775754274186	9.477129230134182E-4
88.0	24.843914526794613	26.61483707021214	26.102215452005563	22.43868196049251	3.509904951773906E-4
89.0	26.613283073434907	27.096894205019673	22.132184936771505	24.157111319357433	5.26465416486791E-4
90.0	22.826516509117763	25.257802513903542	25.72974729703075	26.18568800332997	2.4567661797356095E-4
91.0	27.323245510596006	24.836841469851645	23.061645777882596	24.777986478442998	2.8076322675561245E-4
92.0	25.387797329417783	24.13701254013436	22.585647752528434	27.889542377919422	0.0
93.0	25.856697272690266	25.819112364487278	21.526185907378995	26.7977237091637	2.807462797608603E-4
94.0	28.88358134370574	22.57444171346836	22.13852271818058	26.39903257004813	0.004421654597187266
95.0	23.860241247970826	26.156988744709057	23.355342806671057	26.624865511309682	0.002561689339371902
96.0	24.948759939659368	25.63452230859412	23.32665806027817	26.08911226354217	9.474279261750124E-4
97.0	25.023588224169007	25.745744031714363	22.914244831205156	26.316247470559894	1.7544235157313895E-4
98.0	26.750670254456345	23.65811391220535	24.853536989168912	24.73767884416939	0.0
99.0	21.59039760992711	22.305125108008998	26.127705136404444	29.976737063565594	3.50820938537224E-5
100.0	22.168490165454976	24.84041754544013	25.159056242904914	27.83203604619998	0.0
101.0	22.996683985153176	21.30258030365056	28.974280451438254	26.726279864917913	1.7539484009427824E-4
102.0	24.4671871480804	24.14369300437336	25.01629574121591	26.372824106330327	0.0
103.0	25.905915871009743	24.933588560921205	25.163770450917273	23.99651464910241	2.10468049371595E-4
104.0	25.76858521390951	26.769793623316513	22.466242583365343	24.995238270624075	1.4030878455761515E-4
105.0	27.080307743685378	23.493238815666693	21.869418006345143	27.554194010981227	0.0028414233215607204
106.0	24.698768343217996	24.11996577698281	24.51670862692947	26.664487094982903	7.015788681638594E-5
107.0	26.118957691607463	24.3215113703213	21.97006290711335	27.58887168850157	5.96342456320546E-4
108.0	23.195654453732466	24.888893877211732	24.274605301877905	27.640741144742933	1.0522243496639721E-4
109.0	25.243512158510434	25.38628938780449	25.94866543097084	23.420796515267625	7.36507446616362E-4
110.0	25.09842512781414	25.19616638247938	22.40806816005858	27.297305259230008	3.507041789208552E-5
111.0	25.685344309082947	23.3041439276532	24.568725917337485	26.441224713533146	5.6113239322615E-4
112.0	25.518080156664645	24.636455742903323	23.737541825343747	26.10792227508828	0.0
113.0	27.438636063954842	22.06787136087802	23.683365176089037	26.809461085908108	6.66313169995427E-4
114.0	26.23142274358406	21.876481761532137	28.00150525928898	23.890520093037086	7.014255773433927E-5
115.0	26.970677549852233	23.74588145174924	26.165416751136217	23.11756828705571	4.55960206599077E-4
116.0	26.673650916796817	24.76833251671152	25.12453628799615	23.43341013202618	7.014646933529556E-5
117.0	25.823625058572325	26.417555422744858	24.35244264121191	23.4057104857785	6.663916924104299E-4
118.0	26.592811580092235	24.661744007457994	24.69727329386648	24.048030825250976	1.4029333231386845E-4
119.0	26.74750138982177	21.724431225305455	24.086409209125648	27.44127235771645	3.858180306795483E-4
120.0	25.512922677187007	23.892291849636212	24.117852964036487	26.47689743510602	3.507403427154037E-5
121.0	26.68968497375015	24.567179130317665	24.823890309021472	23.918719467539137	5.261193715749629E-4
122.0	28.239146142136605	23.360364215414616	23.759268482599456	24.641080861153394	1.402986959236214E-4
123.0	23.936070586535216	28.07211437622629	22.840661896080157	25.15038150428504	7.716368732993299E-4
124.0	24.735624459411206	25.945561261819293	22.059144359742945	27.25959976962938	7.01493971711554E-5
125.0	26.289995145726415	23.929464318283213	24.24828907900681	25.531409675437093	8.417815464649383E-4
126.0	23.774147023790317	24.414431604068078	25.725726006602418	26.085625216584894	7.01489542895384E-5
127.0	25.92267961325777	22.812228832541006	27.66478037584117	23.599539545817088	7.716325429711642E-4
128.0	25.030777961646628	23.280239741907064	25.083004041295432	26.5967887099071	0.009189545243778994
129.0	23.874898151665366	27.324185134404726	21.757996080746306	27.040044502855608	0.002876130327987589
130.0	25.967748837424647	23.793913569914814	23.74705278642777	26.491284806232763	0.0
131.0	25.930981990498054	24.41754545342942	24.077348434493924	25.57366814042115	4.55981157455555E-4
132.0	26.49135194232734	25.101026416465594	22.280178759145517	26.121409883664846	0.006032998396695601
133.0	27.024573629516556	25.635333497253406	24.51957798415494	22.818620805525672	0.0018940835494283901
134.0	27.30606817493859	21.917411817443	21.332702441152875	29.4437474153706	7.015109493582754E-5
135.0	26.585533875559285	24.255269445703277	25.88191222337427	23.276898620957684	3.858344054853025E-4
136.0	26.909890905468476	26.22695394682843	24.387128093999063	22.469713306782857	0.006313746921171467
137.0	28.595811848889824	21.889648882808938	24.615559998596932	24.89894419306184	3.507664246378337E-5
138.0	25.279430910733623	23.72377901984882	26.62874515283647	24.367062857399397	9.820591816921721E-4
139.0	24.667617624972863	24.27746049939691	25.518955624712618	25.534914047234825	0.0010522036827830367
140.0	26.13055615278234	22.377742805424212	25.694239604425036	25.79735621633585	1.0522103256205147E-4
141.0	26.429639429543677	25.313236442788643	24.823323878572673	23.43355473163012	2.455174648848646E-4
142.0	29.17313923973382	22.570535993936446	23.470494010626652	24.785690460599348	1.402951037359534E-4
143.0	27.497720194169307	24.096425264457476	24.386872527287522	24.01891186621398	7.014787171357221E-5
144.0	28.099866051652363	24.35906294379816	23.652353004928976	23.88829710929014	4.2089033036032773E-4
145.0	27.94875877917858	22.695877749499836	23.04792175833303	26.306810369742667	6.313432458899556E-4
146.0	27.77399749144876	22.62869653544942	24.209799343960537	25.38263122893757	0.004875400203714564
147.0	26.7560318518677	24.006926515034866	27.30743828726939	21.92644663956342	0.00315670626462388
148.0	24.4691030310513	24.617961827048806	23.912496001436676	27.000088389294515	3.507511687028941E-4
149.0	29.279604911250594	24.352710710784443	23.569688583499506	22.79585619807752	0.002139596387940393
150.0	25.237560580534886	24.090787760039873	24.674802180460805	25.996849478964435	0.0
151.0	26.63463481159713	25.12866058299941	24.75365777687982	23.482590834090985	4.559944326587422E-4
152.0	27.961052121673006	23.97260922653195	22.679573059191753	25.38673051580087	3.5076802412722775E-5
153.0	25.869885715307962	23.187996055931134	24.89028760764723	26.05112907915954	7.015419541380979E-4
154.0	23.101126512056993	24.479669991423567	26.158756995757383	26.257815692595326	0.002630808166730098
155.0	27.467979638874173	22.40793817290118	24.644399462556084	25.479507319691425	1.7540597713407684E-4
156.0	26.51407221603417	24.051780843543618	25.183136143976004	24.251010796446206	0.0
157.0	25.587485774185986	22.58192735748576	26.509900885894588	25.320440407345924	2.4557508774047064E-4
158.0	25.677787745144297	19.7109682000468	26.037560171105028	28.573648801068472	3.508263539353771E-5
159.0	26.323971145122687	22.147191869778368	24.05804514591275	27.470300680395255	4.91158790935454E-4
160.0	26.766590255748536	21.901235555424577	24.88448900461623	26.447685184210656	0.0
161.0	24.992448293173926	20.987605377446762	28.368561183209493	25.64794697070429	0.0034381754655307124
162.0	26.708542607787745	22.733976909291716	24.251032514198386	26.30641288499132	3.508373083200366E-5
163.0	25.395550107340668	24.047362513950425	27.16215405482496	23.394898239500737	3.508438320426373E-5
164.0	26.072531879397726	23.863525127228137	24.45355493220639	25.609019733737515	0.001368327430228458
165.0	28.25223833151937	21.695763748397432	25.694516079005965	24.357060805287087	4.2103579014734143E-4
166.0	24.648581660071393	23.660027887504025	25.715345355228834	25.975974922298846	7.017489689553273E-5
167.0	26.761481622876858	23.492807822865487	27.251428294727326	22.493966459197544	3.158003327833729E-4
168.0	25.60206444151088	23.98372785529259	24.64669177739459	25.767480835349282	3.509045265982122E-5
169.0	27.06664439525394	21.888962035195384	25.98670312440783	25.057444804561335	2.4564058150845775E-4
170.0	31.543022895105853	22.42586216334958	24.032351566414896	21.998763375129663	0.0
171.0	25.96531711584437	24.459437504101217	25.666485248071506	23.90805831923567	7.018127472354719E-4
172.0	26.93437088094976	25.263706901450046	24.325256165904737	23.476560828485464	1.0522320999536316E-4
173.0	29.709008904741363	20.31178869915021	22.84541383023123	27.13207004548818	0.0017185203890169012
174.0	25.890030286069386	24.457438884283086	23.390798309366797	26.26145196382505	2.8055645567418415E-4
175.0	26.148357105183422	23.466589422181325	24.34169182255838	26.041923836563384	0.001437813513483184
176.0	24.675451289111898	23.460756416451982	28.2722975783255	23.59054784537811	9.468707325062124E-4
177.0	22.863609230249075	26.376053315862535	23.288442828613857	27.447449069420472	0.024445555854061787
178.0	26.77011136313584	23.2769503978858	24.45637003028505	25.49642793518803	1.402735052805961E-4
179.0	27.558628197156416	24.901197691941608	23.51419530258985	24.025172187286177	8.066210259447899E-4
180.0	27.03473910538372	22.18714428252224	24.90075043213086	25.8772256496016	1.4053036158462036E-4
181.0	29.22175391492903	21.70940092804308	24.78821567420252	24.279996582337365	6.329004880014374E-4
182.0	25.410944189786584	22.149479575587677	26.028569107995054	26.410901645886376	1.0548074431432418E-4
183.0	24.071594486846166	24.03885846576009	26.6241250762141	25.264929700185867	4.922709937755849E-4
184.0	26.622464207400864	21.871567194723834	26.50632022965775	24.99588590814534	0.003762460072211103
185.0	24.955691104503597	24.542610197392133	23.9375270063641	26.563679468342478	4.922233976985743E-4
186.0	27.016462497011297	23.229420120673407	25.388672451864245	24.365444930451048	0.0
187.0	24.651107608584297	22.747878974359697	26.806405516796577	25.7940446169656	5.632832938272248E-4
188.0	28.55327161241441	27.251583628840777	22.11728852323266	22.07750416151465	3.520739975044995E-4
189.0	24.944282210515716	23.696520604491365	24.243593598492506	27.114723368657064	8.802178433536159E-4
190.0	27.520938796076	21.053511841110566	25.515279062471503	25.910023826936236	2.4647340569557786E-4
191.0	27.07298568646238	24.04617233824899	23.58148187171555	25.29911343387825	2.4666969483082507E-4
192.0	27.823193812502357	23.37149830860169	23.171575345724353	25.63366205090018	7.048227141806453E-5
193.0	28.17631596199354	24.387548013853085	21.692745176409716	25.74317937178953	2.1147595412663602E-4
194.0	26.756643866881213	23.053843564450663	24.388626778497823	25.8008857901703	0.0
195.0	26.723711226809417	22.412018208381046	23.98099627145605	26.882674962347913	5.993310055787141E-4
196.0	29.558327019106034	22.618675946312035	26.33048695155942	21.492474725706785	3.5357315729161545E-5
197.0	26.581667474105952	24.059415744005204	22.77792119156821	26.580323706535307	6.718837853225219E-4
198.0	27.495408657797633	23.781062413912334	23.74496227730573	24.978531223961138	3.542702316643899E-5
199.0	26.581443123396735	23.60582159824302	25.421593985389237	24.39078649054274	3.548024282678191E-4
200.0	27.61727548721967	23.533976572579444	23.177654390902678	25.67105806610944	3.5483188774822264E-5
201.0	25.14973119710438	21.72995511080357	28.781497844254005	24.33856744912262	2.4839871542378596E-4
202.0	24.59032334423202	26.23910885590064	28.261806938888927	20.90876086097841	0.0
203.0	25.192439311151755	24.8910895025616	22.234319444286673	27.6814772636912	6.744783087775897E-4
204.0	26.726291090313214	23.629151280377158	23.162210456392764	26.48231166950871	3.5503408149665326E-5
205.0	27.66828969708245	24.4133408981652	24.816530341106223	23.10112897304567	7.100906004597126E-4
206.0	25.961460956910514	21.419006898990805	25.642983173478957	26.9765134618915	3.5508728222940845E-5
207.0	25.941906585710267	24.091868655155857	26.73976230185902	23.226213848772158	2.4860850269491617E-4
208.0	29.239596362043653	22.10129881847766	21.022330669245147	27.636703104724276	7.104550926664338E-5
209.0	27.509595478160893	20.069444863883305	25.995209988463753	26.425039090714975	7.105787770726073E-4
210.0	24.65898636016513	24.738516231307546	25.303754001813054	25.298530189901552	2.1321681271426068E-4
211.0	25.30032474456934	25.64881377235463	24.572386474473994	24.477906279058526	5.687295435092319E-4
212.0	28.940568567344005	22.184937303963757	24.310805909003623	24.563545971166224	1.4224852239347365E-4
213.0	30.036949897021376	23.06682010267972	21.92352253787151	24.972458377990613	2.4908443677738824E-4
214.0	27.47427937378839	24.60085490903238	24.59793494316037	23.326930774018855	0.0
215.0	25.17341147668682	24.731322777893496	23.337682292484025	26.757298119366446	2.8533356920908387E-4
216.0	25.80795710647013	24.520137263897897	25.722598636853284	23.949306992778688	0.0
217.0	29.668603675398852	22.624288574306718	25.610672481921874	22.09596403550776	4.7123286479495394E-4
218.0	23.933905509021137	25.37591122784979	25.216688847991307	25.473348003753987	1.4641138377791151E-4
219.0	27.630621347476925	22.74812182384271	23.768673076175975	25.85213976109562	4.439914087662404E-4
220.0	28.568416394810658	21.15892328686167	24.721622909851707	25.550851799001272	1.856094746954891E-4
221.0	25.916316648565612	23.339507519200644	23.38522467813736	27.358726683594238	2.2447050214425448E-4
222.0	26.380597099680408	25.256577507796703	23.694133110631753	24.668654424641737	3.785724939825902E-5
223.0	30.723554933124074	23.192660676698022	23.593079136157183	22.490208362079805	4.968919409096104E-4
224.0	30.799252753432	22.305049583418082	24.286202943250554	22.60945641527726	3.8304622103835403E-5
225.0	32.22387503932554	19.693921205677665	24.310787461882626	23.770684655204082	7.31637910087862E-4
226.0	25.727094437299748	22.873693854277025	26.196736490003854	25.20239734707918	7.78713401930197E-5
227.0	27.647561917906792	24.520887032875425	24.932473747436674	22.897779665249097	0.0012976365320073848
228.0	27.889773298395625	27.845397093990304	22.406272047452532	21.858478598943737	7.896121780306992E-5
229.0	28.129633585985008	25.30208987682035	21.64432713555501	24.923949401639632	0.0
230.0	25.747965613142625	23.068915646373927	26.944533682225135	24.23858505825831	0.0
231.0	25.59690170900968	23.412906637441814	26.053499256128028	24.935102317561782	0.0015900798587030573
232.0	24.930682179018387	24.870775868559665	24.9790900787948	25.219206355961333	2.455176658144475E-4
233.0	23.303211151264843	24.35539494062984	22.064512132163138	30.276179659266905	7.021166752710377E-4
234.0	26.520326289946116	20.71193819876416	27.469294202750522	25.297306430847488	0.001134877691709214
235.0	25.644105533289025	21.65299095150362	27.31244201251231	25.390248606916472	2.1289577857476496E-4
236.0	28.716861109120593	23.559380420265068	24.795535406714674	22.928136728169363	8.633573030099225E-5
237.0	28.927304555130434	25.32429283815376	20.87110977117608	24.87707499928114	2.1783625858383778E-4
238.0	27.26805626428141	22.625498870718555	24.841325041204108	25.265031615911116	8.820788481461569E-5
239.0	28.48156553436559	23.01590386812564	24.01853611848746	24.48274336698378	0.0012511120375297865
240.0	25.68438649987124	22.51251631240312	25.7805510711907	26.022270704874835	2.754116601034538E-4
241.0	28.630858922550257	21.28686704148082	23.450582261166286	26.62957746996768	0.0021143048349555257
242.0	27.15352104566131	24.26270513041976	21.16920596533656	27.413830828582945	7.370299994241954E-4
243.0	28.952299287152215	22.715781137362807	24.777067770843853	23.552082746831505	0.002769057809619891
244.0	26.318296046441198	22.993524403128447	26.951429555632107	23.736380092799163	3.6990199908911635E-4
245.0	29.30249353139187	21.022536065213583	22.86294894365381	26.810445446294562	0.0015760134461758962
246.0	24.532312589488857	25.841340404356117	23.754865430584513	25.869113008957363	0.0023685666131494456
247.0	26.50872298090865	23.157173728127404	24.93317934180721	25.266956905328712	0.13396704382802335
248.0	26.78250005589965	22.11040739664155	24.19700154283031	26.899656403491118	0.010434601137371524
249.0	25.906336258076458	21.03184227041187	29.39051418750412	23.655699931355688	0.015607352651871458
250.0	27.849595434314402	22.259637769206915	24.380925971552525	25.508857164002507	9.836609236482392E-4
