# Position (bp)	A	C	G	T	N
0.0	24.278996884978888	23.69715859536213	24.8448662530728	27.17894221935927	3.6047226913868936E-5
1.0	22.944037039394637	29.867633218214586	23.959498771311445	23.15368550823615	0.07514546284318496
2.0	24.726830081587945	26.67556467068123	22.519455793532842	26.077073805626718	0.0010756485712697852
3.0	26.095809672461222	22.31424957830912	24.074236939673263	27.509488380640747	0.006215428915644091
4.0	25.98850452116846	23.81696927094369	24.259261380230555	25.935193244876103	7.158278119148108E-5
5.0	28.166546638946787	24.060311650231895	22.493945437168126	25.278552789227927	6.434844252638421E-4
6.0	25.851896591913874	23.843573512503003	24.102661307854344	26.19628202945205	0.005586558276727041
7.0	25.458773404011826	25.388059289421115	23.56429418140397	25.588107204022688	7.659211404031417E-4
8.0	27.673411072457217	24.436810833139592	23.515729481499807	24.374030838272905	1.7774630483206885E-5
9.0	26.059494532622672	25.421552525447332	22.221055173396348	26.297649376384896	2.483921487499931E-4
10.0	24.732056317096706	24.873721169819856	23.29557258338409	27.09864992969935	0.0
11.0	27.314166342589886	22.74318664413616	22.866909408780703	27.0755311130919	2.064914013538953E-4
12.0	28.03729582694118	24.3833673381458	20.23398861862206	27.345331253464657	1.6962826305408226E-5
13.0	25.35160477832453	23.09382699160561	25.010025254252515	26.5444088587036	1.3411711374606533E-4
14.0	26.327792897369566	22.054379462439652	23.674793663721193	27.942934493350712	9.948311887536323E-5
15.0	25.49638913104634	23.76064526782159	24.358264576891976	26.384701024240094	0.0
16.0	26.61010413270638	24.34342015569006	21.549387973903038	27.497039414764142	4.832293638510932E-5
17.0	28.455705820769627	26.55368384390871	19.530534164602965	25.4588582743484	0.0012178963703050293
18.0	25.416980985773783	25.644248219329285	20.27580344044826	28.662763302094486	2.0405235418340288E-4
19.0	24.946617698969295	24.801108445490204	22.10735901486235	28.144258548942098	6.562917360525896E-4
20.0	22.687698537596198	25.535760512676298	24.04953375286574	27.726929597644954	7.759921680662461E-5
21.0	24.133358357321928	24.452506589196997	23.592612339669543	27.8211993932042	3.233206073315873E-4
22.0	22.722807180288854	26.67416921095581	25.852362927646166	24.75056913704924	9.154405992718281E-5
23.0	25.507924271920768	24.018251090595793	23.158581759058013	27.314787102514032	4.557759113923012E-4
24.0	27.950136598966413	21.74755174589778	24.371022447740906	25.931213958694183	7.524870071830906E-5
25.0	24.969727181644213	25.20377039138733	20.060603774833734	29.765570693496862	3.279586378565935E-4
26.0	26.403508732911924	25.63568799250001	19.79149662178742	28.16915838478604	1.48268014600841E-4
27.0	25.536567764527728	25.090768739352644	19.738474233390118	29.63404138273708	1.4787999242854439E-4
28.0	27.46828695177937	24.107857654072173	22.696502810491115	25.724484511606104	0.0028680720512378145
29.0	27.214952696802484	23.840489844513723	22.349866001082194	26.594285707661225	4.0574994036924987E-4
30.0	23.635464106397507	24.46713389850526	25.037375666496715	26.859795881331177	2.3044726934388782E-4
31.0	26.15506771023576	24.940205520193704	22.671862826426416	26.232391061271592	4.728818725319686E-4
32.0	24.412424506334293	22.679767626554447	24.613982471120256	28.29359808031915	2.27315671852779E-4
33.0	23.752636990363836	24.996527217178116	24.814111022542235	26.436597974599803	1.2679531601196607E-4
34.0	26.243282176878736	26.64216133399594	22.461800408049434	24.6526442484111	1.1183266478368418E-4
35.0	25.498391788925634	22.422616304797835	25.663787615646623	26.41492745436458	2.768362653292891E-4
36.0	23.76766677246504	24.78165774295421	26.01432634441727	25.436086372962087	2.627672013979215E-4
37.0	25.459655132319654	25.58148601882738	21.38230219728336	27.576529000437855	2.7651131753909903E-5
38.0	26.920978064052413	25.084371155680262	21.141443321768698	26.853110702586147	9.675591247736602E-5
39.0	23.485616624542207	27.396302177817685	21.529672695100686	27.588145930050413	2.625724890089229E-4
40.0	26.521503630572806	26.35023455365717	22.811714556144338	24.316436718874144	1.1054075153893453E-4
41.0	24.17105475670434	24.614618781554974	21.432079716351133	29.777480210937803	0.004766534451751135
42.0	24.68829321974378	25.753126185469366	20.70425963578513	28.854224256474993	9.670252672650619E-5
43.0	25.90538012918896	25.875004990004108	22.26982544171378	25.94596319372971	0.003826245363440129
44.0	28.62533348746576	24.881489979942067	22.595164688979132	23.89777705407355	2.3478953949070282E-4
45.0	25.803063459747783	24.47367974070748	21.5581302955679	28.161149455413625	0.003977048563215256
46.0	25.38028128173671	24.542111138803723	22.314626553653202	27.762981025806365	0.0
47.0	25.54244434107898	24.35317080471396	23.107814829649246	26.994733745791923	0.0018362787658936486
48.0	22.850498557135182	24.015763028983724	22.78085348476559	30.352884929115504	0.0
49.0	22.431656036495195	26.07840174112617	24.39773747444239	27.09021741305582	0.001987334880418334
50.0	27.21459717748379	24.434115390697944	20.410720185161214	27.940512047153625	5.519950342526719E-5
51.0	24.965360440450173	26.94183672314872	21.171014422364475	26.91913922246779	0.0026491915688374493
52.0	23.027539261621747	26.260530070114612	21.32208179221029	29.389848876053353	0.0
53.0	23.013569975406696	25.0722020047289	23.59045722092239	28.322148204730134	0.001622594211876427
54.0	23.421990545308542	27.953037299005306	22.538576406172226	26.086340748400154	5.5001113772553896E-5
55.0	23.936073952737082	27.968084722510532	22.78153656689049	25.312589738393676	0.0017150194682149956
56.0	26.289501150161986	25.498106293405442	24.733682076788675	23.478710479643887	0.0
57.0	22.634181270485985	27.711200685318126	22.944165639581097	26.705582750175065	0.004869654439718822
58.0	25.510977083235893	25.221937185909315	21.952547969060262	27.314332019922944	2.0574187158442774E-4
59.0	27.26114433036916	22.559806322231772	24.462447365252167	25.713543536764295	0.0030584453826115175
60.0	24.015326388229884	23.369770546478776	23.548444212201545	29.066445159522523	1.3693567268759126E-5
61.0	25.300134488512338	23.980594329136192	23.158396029371133	27.55502842168653	0.005846731293814541
62.0	25.166241165592712	22.058490492152714	24.61398887608841	28.160991934602723	2.875315634350766E-4
63.0	26.314647332383434	23.969166133733445	22.474803588266408	27.238617306302903	0.0027656393138092887
64.0	25.368231277387615	21.851312110770728	23.767387379727563	29.013014554282034	5.467783206223322E-5
65.0	24.255954760726347	25.922602974991804	23.755840014127706	26.06066794138588	0.004934308768266681
66.0	24.24665506538976	24.163404149233315	23.19900016893471	28.390352898597076	5.877178451366211E-4
67.0	26.63454326381645	25.05338410974002	21.134271559745375	27.177008368704065	7.926979940913932E-4
68.0	23.888451252738793	22.564509269261215	26.407417814299894	27.139471330671437	1.5033302865839526E-4
69.0	23.364738609904485	25.140041877953724	24.72564911238253	26.76644089597283	0.0031295037864262627
70.0	26.172623473268064	23.306265128116106	24.285041275123454	26.235810823351642	2.5930014073173954E-4
71.0	24.648620772374006	23.021966187977505	25.822843713675248	26.505616322391855	9.530035813874588E-4
72.0	27.715097620822142	25.912367572939104	21.759604684165925	24.61128297276418	0.0016471493086397066
73.0	25.35140874506317	22.919078909132633	22.59734525500026	29.128042998359483	0.004124092444458478
74.0	24.891442722341335	25.50794571496464	23.642350144956254	25.957335962352474	9.254553852929353E-4
75.0	25.817868711505156	24.83253407497106	21.854034437923904	27.493099541076273	0.0024632345236063604
76.0	26.470493375844562	24.5358777290033	24.91487525129849	24.077651353034764	0.001102290818883684
77.0	24.34188171894495	24.73820940444434	23.883325483890587	27.03572610021586	8.572925042561852E-4
78.0	27.263877577818462	26.19019335296867	20.37036356671899	26.17498038847489	5.851140189917125E-4
79.0	27.26766428510392	21.23833007948037	22.503264284886214	28.98778866265827	0.002952687871229064
80.0	24.161266779290557	23.564630474631322	27.622532905478657	24.648916611878626	0.002653228720833533
81.0	25.379784768335817	24.97562163636747	21.737989905785977	27.90601863599535	5.850535153892884E-4
82.0	22.977592363795623	22.359173876492356	23.89277118121414	30.76891156631958	0.0015510121783027275
83.0	25.61707156269651	22.34108840994128	23.69768942198408	28.343239075725258	9.115296528759033E-4
84.0	23.770330895151847	25.73248496026975	24.86074449810678	25.635283293543452	0.0011563529281644993
85.0	25.103267546368542	27.04033749731841	21.474711575256382	26.381003206208202	6.801748484672464E-4
86.0	25.489518603652144	25.244694688335812	22.347480196305305	26.91626608569844	0.0020404260083037177
87.0	22.606637836629094	21.792105169017262	25.647353044272148	29.953006213560908	8.97736520588159E-4
88.0	24.493787806947463	26.9731156338673	25.68987265500696	22.842394215355117	8.296888231666529E-4
89.0	26.451581752736676	26.338966153436033	22.79059550938497	24.417741309183544	0.0011152752587744621
90.0	24.056596267689564	25.741852222941986	24.715088081117294	25.486286622716435	1.768055347204589E-4
91.0	26.611733311065873	25.374134829568924	23.532948521500863	24.48058494517431	5.983926900348986E-4
92.0	25.440372138918914	24.110562444523833	22.789701012445565	27.659350804928835	1.3599182852300771E-5
93.0	26.178481443687023	26.38166039673543	21.02307218652701	26.416432405499553	3.5356755098444085E-4
94.0	28.053257661241744	23.780724449314466	22.944235619134183	25.21756678217104	0.004215488138568263
95.0	24.018105156436885	26.69910912861694	23.538715837646997	25.741227943740046	0.002841933559128807
96.0	26.217056742680363	24.256886701736523	23.65957600717061	25.86532478777515	0.0011557606373489625
97.0	25.17002843993425	25.4877121726916	23.064559616109158	26.27748222623079	2.1754503420147851E-4
98.0	28.156684483690174	22.783297879659088	24.00810154751685	25.05191608913388	0.0
99.0	22.242605602259097	22.153673949809217	26.411681231003296	29.192012029018745	2.7187909645332358E-5
100.0	22.739655043979962	25.104193117082886	24.315547053965105	27.84060478497205	0.0
101.0	23.835955771552506	22.168771223290697	28.210369756584775	25.784794507029734	1.0874154228673133E-4
102.0	25.335880146615313	24.085819142996694	24.304752463968445	26.27349386993498	5.4376484562991826E-5
103.0	25.565348072810945	25.685686521128687	25.066269063612456	23.682478855135916	2.174873119941126E-4
104.0	26.418640763607765	26.67694368770615	22.588884995322736	24.3150004363271	5.301170362488593E-4
105.0	27.23182857146741	23.519469424124264	20.7011996816436	28.54414476380524	0.003357558959482963
106.0	25.80146551674921	23.575133900426096	24.844744559500835	25.77853368396699	1.223393568701569E-4
107.0	25.976648544900815	24.332015036602613	22.344076126368904	27.34644471071667	8.155814109966201E-4
108.0	23.730453525905233	24.654228342151285	24.390974197995003	27.224248793310906	9.514063757003201E-5
109.0	26.11050526290611	24.351677486765265	25.379319567833917	24.157750187825027	7.474946696834645E-4
110.0	24.97811621854236	24.18287978196809	22.889001627982104	27.949880058802513	1.2231270493323832E-4
111.0	24.796505713659386	24.24171341693045	24.533583471424365	26.427314014043628	8.833839421728718E-4
112.0	25.788072468120905	23.862497570760517	23.657435783139245	26.69187186662082	1.22311358512259E-4
113.0	28.490221187759474	21.757488609290405	22.697460823392664	27.053959626326833	8.697532306236307E-4
114.0	26.007788573723385	22.405488287580617	27.142194132680274	24.444121298439907	4.0770757581832005E-4
115.0	26.916324191262873	23.63859061506399	25.89383158283302	23.550519686434875	7.339244052426123E-4
116.0	26.926467939940267	24.69326247761691	24.428763162276127	23.951411281417023	9.513874967296055E-5
117.0	26.19814880908856	26.32396357419945	24.072427008544313	23.40463153820205	8.290699656221382E-4
118.0	26.487005015760555	24.832785329145015	24.657130415211032	24.022644315924417	4.3492395898232143E-4
119.0	26.89689301666099	21.53026071889816	24.376582244931853	27.195625209142438	6.388103665602617E-4
120.0	25.599647271108143	23.655723988554794	24.834508824474426	25.91005195792262	6.795794001542917E-5
121.0	27.37177719390979	23.508032066014202	24.314235630919256	24.805153200559925	8.019085968271331E-4
122.0	26.68817321218629	23.834426329774583	24.721676667867264	24.755261673541785	4.6211663008243343E-4
123.0	24.357187408553834	28.090712148236808	22.996719932705137	24.554524238016025	8.56272488196012E-4
124.0	25.212301838365864	24.824497011036392	22.78630965915771	27.176769168394934	1.2232304510444825E-4
125.0	26.62085949939213	23.87478075555323	23.959413699065806	25.54388592561081	0.0010601203780280539
126.0	24.34334825080655	23.982659541689664	24.767712692918103	26.906157191939588	1.2232264609435343E-4
127.0	25.8569947116123	22.9090481581705	27.662480989122855	23.57057911311115	8.970279831956757E-4
128.0	26.248969091501184	23.52046621800514	24.614574776407704	25.60726422844008	0.008725685645893736
129.0	24.74157572752671	26.493489513253383	22.031165309443153	26.730303677741375	0.003465772035378601
130.0	25.993292874202112	24.496258807961567	23.710874872987578	25.799519078910528	5.4365938217460494E-5
131.0	26.11818329965585	24.61572398480633	24.003956758899072	25.261415606880398	7.203497583498391E-4
132.0	26.478970944530417	25.134222085462316	22.416834769901307	25.964100705911264	0.005871494194696029
133.0	26.753508907008545	25.379249005760414	24.535744036159453	23.329160342735225	0.0023377083363630667
134.0	27.173509000572054	22.91795301764859	20.82941963241497	29.079023210925047	9.513843934088633E-5
135.0	26.15973713838996	24.03029279995564	25.807987400561146	24.001384655279548	5.980058137037925E-4
136.0	27.770912610834465	26.112163840516345	24.425661432256252	21.685227534979507	0.006034581413434881
137.0	28.582573612999578	21.85664975701091	23.806298090174806	25.75420670953249	2.718302822196356E-4
138.0	25.165637888326565	24.271009815548368	26.70649496229776	23.855484662916872	0.0013726709104396107
139.0	25.516699429833906	24.215559532559485	25.147053706949418	25.119246693602047	0.00144063705514215
140.0	26.690545265456645	21.73545966483885	25.507578786736314	26.0659813688216	4.3491414658835675E-4
141.0	25.7048180096781	25.263114116420965	25.003846339942516	24.027677881669728	5.436522886945876E-4
142.0	28.75930601358485	22.937345941778904	23.44990382743957	24.85318598109603	2.5823610064575335E-4
143.0	26.805606428704916	25.71615161142352	23.48607057304497	23.99196751669187	2.0387013472418072E-4
144.0	28.143999947808968	25.382224550280487	22.825122261567856	23.648041626696582	6.116136461062093E-4
145.0	28.342687600109002	22.542756780229436	22.67699883318009	26.43653743303697	0.0010193534444972244
146.0	27.630191910405564	21.549037729694465	24.748994237251278	26.06720941611395	0.00456670653473959
147.0	26.282717418220553	24.475188025515312	26.401666372646744	22.837057600813722	0.0033705828036670856
148.0	24.625432392036714	24.700551822689327	23.714621187811215	26.95879657775065	5.980197120888462E-4
149.0	28.040368351077927	24.6563460153698	23.794781575269795	23.506003224444672	0.0025008338378040723
150.0	25.505264471281702	24.30316058560634	24.745108145040785	25.44645320637603	1.359169514806385E-5
151.0	26.670879249031305	24.13062140528268	25.528181170218957	23.669760907634352	5.572678327065656E-4
152.0	27.593397090920757	23.961166426223304	22.972439944207355	25.47286061815012	1.3592049846939926E-4
153.0	25.310528170751383	23.151656542149123	24.95779997425659	26.579240564000845	7.747488420563031E-4
154.0	23.163983797444406	25.122904901122194	24.65473200010167	27.055728804417928	0.0026504969138021702
155.0	27.510981081762974	23.637886390527395	23.98651330671121	24.864333750935256	2.854700631622905E-4
156.0	25.71352095202919	23.602297448356556	25.900507071555396	24.783348270925554	3.262571333063537E-4
157.0	25.298231795703895	23.18185420630777	26.06733425710094	25.452212698918053	3.670419693460142E-4
158.0	25.348171427926662	21.1492331833999	25.839027038181843	27.663432405768894	1.3594472270063435E-4
159.0	26.62921021427886	21.826404460624094	24.185255545939484	27.358585986294788	5.437928627730553E-4
160.0	26.758539250657527	21.253851815658827	25.90111346124094	26.086454687312642	4.0785130067858295E-5
161.0	24.779622849181546	20.80800786125131	28.811872142642343	25.596731294316744	0.003765852608063656
162.0	25.493127611924166	23.80819988011609	24.463645931064168	26.234985790806242	4.0786089333227656E-5
163.0	25.57471639420933	24.01570028605301	26.60200563404792	23.8075097073123	6.797837743770462E-5
164.0	25.878373803521516	23.624653065086854	24.69872032103869	25.79630858805138	0.001944222301562203
165.0	26.49203993384604	22.009829008000583	26.4632158634631	25.034276170488397	6.390242018859644E-4
166.0	24.837587555875594	23.65051506975373	25.5760916917163	25.935696909146383	1.0877350799458091E-4
167.0	26.583122542214994	23.203326100964627	26.246822156475062	23.966239699925364	4.895004199505687E-4
168.0	25.913168742857795	24.16563006685185	23.941961107246335	25.979131301253222	1.0878179079847465E-4
169.0	26.80012292680008	22.407094399351642	25.335607841750786	25.45698445873453	1.9037336295905477E-4
170.0	31.115333800022952	22.914813914312955	23.016324346022614	22.953364761452523	1.631781889505521E-4
171.0	25.749533277589997	23.58825734711297	26.29275206511663	24.368682215785466	7.750943949388783E-4
172.0	27.29581418466791	24.60765968369151	23.930366561332015	24.165996429389075	1.6314091949485047E-4
173.0	28.696453178481747	20.581084905314157	23.16689832604465	27.55409561365903	0.0014679765004147033
174.0	24.63918628517124	25.70641499309477	23.62408149435125	26.029800745283673	5.164820990702371E-4
175.0	25.361312008006852	24.27816087611086	23.10502237180401	27.253656340113942	0.00184840396433722
176.0	24.690635345821494	24.31493579347248	27.7426726491188	23.250098093966614	0.0016581176206120875
177.0	22.64284227837568	25.781387731290025	24.17014784537545	27.38146809075454	0.024154054204307412
178.0	25.013900575581005	23.072373103816744	24.08915722485389	27.82412058047662	4.4851527174113217E-4
179.0	28.055302207548426	24.319596358856767	22.99198181875023	24.631773963134577	0.001345651709997105
180.0	26.619871153386327	22.398329094987762	25.07940681782108	25.90218856675343	2.0436705139899466E-4
181.0	27.628897173658938	22.33596046156549	26.047831814317345	23.986532943784223	7.776066739934495E-4
182.0	25.863870131641768	22.94949866994066	25.45174271877771	25.73482027146852	6.82081713389264E-5
183.0	24.132729624132363	24.47318232418038	25.869221198760208	25.52433481031999	5.320426070633431E-4
184.0	26.266626448182617	22.37312794075495	26.089449564752236	25.2670988925865	0.003697153723695467
185.0	25.052238856870034	24.26008252907274	24.436953926951542	26.250192681512807	5.320055928793098E-4
186.0	27.148891447243216	23.34340531876681	25.26167994932767	24.246023284662304	0.0
187.0	24.795814646033403	22.909191575892947	27.32811885758136	24.966205381915053	6.695385772414546E-4
188.0	27.475024357315327	27.55902122536768	22.459494433687293	22.505913395908518	5.465877211801375E-4
189.0	25.52526534868053	23.609083691253982	24.715424045434855	26.14913367943338	0.0010932351972537933
190.0	28.703109588840782	21.722855962458564	25.124977091462362	24.448811359518697	2.459977196011393E-4
191.0	26.780688629618925	23.86901399408984	24.418596533924685	24.931331269290517	3.6957307602652003E-4
192.0	27.211018452885988	23.086778311021163	24.06014142129303	25.641979679073817	8.213572600178892E-5
193.0	27.623374623069996	24.122260518956885	22.229495179061004	26.02462324113594	2.464377761728898E-4
194.0	27.821717190525845	23.38716964888145	23.85182175059805	24.939291409994656	0.0
195.0	26.588380994531303	21.597484531655333	24.42019725425927	27.393334699046484	6.025205076070953E-4
196.0	28.557201258332032	22.37169211294577	25.868719404390607	23.202263713138944	1.2351119265289554E-4
197.0	25.091601612764862	24.061449772668784	24.003252981041435	26.843036801921592	6.588316033284722E-4
198.0	27.48707586262078	23.089878966860894	23.842938615382646	25.58002406722325	8.248791242753264E-5
199.0	25.699090849997962	23.140963421365466	25.4751911782042	25.6842863139432	4.682364891738215E-4
200.0	27.78143752120153	23.553113971847537	23.773189807730102	24.892162289504878	9.640971595080846E-5
201.0	25.32117294531751	21.392870842822877	28.268480761853866	25.017117332409573	3.5811759617695695E-4
202.0	25.486304006898447	24.90226396615243	27.931740087787144	21.679678164307838	1.3774854141513208E-5
203.0	25.599867939212352	24.515078960886637	22.46414075607557	27.420264716840947	6.47626984494432E-4
204.0	25.487130591113477	23.560836184635093	24.36997244036382	26.58197810084492	8.268304268636103E-5
205.0	27.498729356872666	24.306920677691036	25.034811762902955	23.158711319804063	8.26882729286312E-4
206.0	25.749267988248114	21.54835302179854	25.469998131033826	27.232311944237548	6.891468196976905E-5
207.0	26.159266578516988	23.283603939606813	26.451574839185653	24.10523759058041	3.170521101334266E-4
208.0	28.509465337055673	22.27185736843404	21.7832971582412	27.43535256203892	2.7574230172301714E-5
209.0	27.33606230731321	20.658712690225418	25.33846273069671	26.666100390317006	6.618814476560709E-4
210.0	24.892068928042825	24.38235457991285	24.597637487305064	26.12759422109513	3.447836441259072E-4
211.0	25.36366843023778	25.236301193648824	25.324905088440424	24.074449343278637	6.759443943310612E-4
212.0	28.42836365352633	22.568736742117654	24.432206239966238	24.570389755347694	3.0360904208449137E-4
213.0	29.84704483248691	22.95474914631777	22.49396578422575	24.70389504986504	3.4518710452776405E-4
214.0	27.85500441308218	24.56199399467114	24.19077834389765	23.39219561477247	2.763357656407425E-5
215.0	25.80506575558033	24.819053950907502	23.149865847180006	26.22562678144132	3.8766489083841255E-4
216.0	26.077662631706712	24.44046672192783	25.620499543032675	23.861329154067903	4.1949264881082225E-5
217.0	29.263644873702994	22.999811933290555	24.850233392899533	22.885718129560352	5.916705465697548E-4
218.0	24.541613427560634	24.376825492957664	25.229271404961306	25.852019809776607	2.6986474379041227E-4
219.0	26.284847188799	23.005522095328153	24.427576587507517	26.281495516278603	5.586120867326908E-4
220.0	27.724785377541412	21.55213684265509	25.15835245813062	25.56435119559901	3.7412607386773985E-4
221.0	25.751451938836738	22.911385566972683	24.242935968704366	27.094009283197483	2.1724228873151215E-4
222.0	25.5970535218552	24.582311185114676	24.283301749855344	25.537041013276763	2.92529898018227E-4
223.0	31.10497466190004	22.422807097919307	23.95958613697796	22.51199661863093	6.354845717646816E-4
224.0	30.072664960691046	22.58305963842641	24.580627497182057	22.763514562623488	1.3334107699291574E-4
225.0	30.68100554889659	19.897396131159095	23.96834955739756	25.45247421385915	7.745486876091723E-4
226.0	25.604083561989547	22.32601648491802	25.93181953964367	26.137929923974223	1.5048947454041644E-4
227.0	27.14896553232837	23.797982412803858	25.48990386046916	23.561796127802804	0.0013520665958123004
228.0	27.52878977793119	27.693167637033177	23.032325916186824	21.745564071504674	1.5259734413478374E-4
229.0	27.610491220230156	25.50472123978928	21.8260709501546	25.058685834066218	3.0755759746461814E-5
230.0	25.90849769285688	22.802957137815127	26.93505077327597	24.3534633818953	3.101415672197731E-5
231.0	24.80862270638693	24.866927490093598	24.428480537483495	25.894525767623428	0.0014434984125440012
232.0	25.303586428329382	25.070623039092087	24.262883116682428	25.36273396271608	1.7345318001964438E-4
233.0	23.665039543012444	24.954037278968634	22.221617910109725	29.15885867948588	4.465884233115967E-4
234.0	27.326095823738928	21.304087116546366	26.338457230592837	25.03016347528503	0.0011963538368441739
235.0	25.448728110838825	22.017252349019863	27.754549203976214	24.77925765524521	2.1268091988751472E-4
236.0	28.240446774846976	23.872876722505783	23.755849890576513	24.130544699623115	2.819124476119611E-4
237.0	27.534570929415775	24.4797703730935	22.55229583381044	25.433212198644817	1.5066503546654934E-4
238.0	27.09317591752348	22.553923265216465	24.441868908219348	25.91103190904071	0.0
239.0	27.536591817313244	23.461799639723502	24.013592265381572	24.98684755312927	0.001168724452413923
240.0	25.391660615531386	22.070454323483077	26.051375907847223	26.48640299287028	1.0616026803344472E-4
241.0	29.092236187425648	21.64972269883437	23.536043836703673	25.719924494006204	0.0020727830301076164
242.0	26.934597251978214	24.382675064070565	20.990752109233476	27.690910394947355	0.0010651797703898488
243.0	28.040578292809133	22.97254447270142	24.76880174068641	24.21542417843032	0.0026513153727180006
244.0	26.55576114525786	22.92521499258843	25.949321048823652	24.568579578012972	0.0011232353170857643
245.0	28.582530924045415	21.07200499557386	23.454672954954813	26.889094259305434	0.001696866120478209
246.0	24.605192901488614	26.590805632657617	23.31357031302563	25.487657625803607	0.002773527024531578
247.0	25.62577192703111	23.204574828687786	24.74240409456635	26.290185032971415	0.13706411674333938
248.0	25.9279093318464	22.588191532542915	24.36958859061403	27.104544448395963	0.00976609660069824
249.0	25.468811841323753	21.662849637389726	28.354669725334226	24.49841028672126	0.015258509231037791
250.0	27.310962970048813	22.277712450918372	24.432927263981778	25.97726023663865	0.0011370784123858522
