# Position (bp)	A	C	G	T	N
0.0	23.49145143146618	24.582509517033817	25.78063516422936	26.145374088338937	2.979893170829826E-5
1.0	22.612286304603607	30.81363783083461	22.872000678291833	23.624607118791808	0.07746806747813773
2.0	24.07064428476613	27.074713883278754	22.671092184219894	26.182569236354603	9.804113806153062E-4
3.0	24.89956870213369	22.602817005119398	24.558146826549134	27.93246028621361	0.007007179984168523
4.0	25.697263288326784	24.082540496401375	23.828755530868417	26.391351668280826	8.901612260012533E-5
5.0	27.88656923858693	24.303398321621764	22.43026867926587	25.379052231562362	7.115289630829127E-4
6.0	25.832662459895577	23.483135425669197	24.45608936034191	26.221334959214843	0.00677779487847325
7.0	25.363979264399582	25.78988086393806	23.404707840305512	25.440604923242887	8.271081139601375E-4
8.0	27.487777711296673	24.110721099559445	24.197847368099936	24.203624346663517	2.9474380426417655E-5
9.0	26.27368294686593	26.064776346358904	22.472347827724438	25.18892806786699	2.6481118374129946E-4
10.0	24.92355580830305	25.60797354306148	23.43610282967743	26.03236781895804	0.0
11.0	27.535113148545996	22.909992739832198	23.193612649231238	26.361110366527264	1.7109586330124905E-4
12.0	28.378993807554657	25.34987792901655	20.153294009632194	26.117834253796595	0.0
13.0	25.002645690508647	23.455075622538576	25.231902026281173	26.310266135741745	1.1052492986502419E-4
14.0	26.70676539646355	22.557216541341052	23.46751510877498	27.268338950435567	1.6400298485432435E-4
15.0	25.476467681661013	24.38029751110821	23.973088515525617	26.170119334933307	2.695677185109187E-5
16.0	26.39138739787524	25.71718058197509	21.44480304098814	26.446576015037575	5.296412395617643E-5
17.0	28.3770687621609	26.451737582764085	19.426928886677157	25.743047220896013	0.0012175475018386262
18.0	25.04972682370235	26.072197694320092	20.431762462544263	28.446158827731892	1.541917014026305E-4
19.0	24.938134582238124	24.37447614733798	22.215135983779643	28.471690931850013	5.623547942407712E-4
20.0	22.219055638646708	25.505108079297333	24.295726480137162	27.98005913658159	5.066533720821833E-5
21.0	23.46569681071816	24.633410469553453	24.472953406693502	27.42758781892128	3.514941136033997E-4
22.0	21.95130655988881	27.286721453437274	26.120590047472064	24.641258017137925	1.2392206392693156E-4
23.0	24.99607611426651	25.091703119175	23.101104182677393	26.810599148399756	5.174354813394286E-4
24.0	26.84091195456751	22.592851382464612	24.36083753356878	26.205350386277054	4.8743122040835524E-5
25.0	24.631767180588113	26.551463544950877	19.714703801221667	29.101824798193977	2.4067504536724605E-4
26.0	25.94884765580643	26.11597671046702	19.607410479811712	28.327597809703338	1.6734421150395827E-4
27.0	25.866607361344613	25.192462217289645	20.123716431888624	28.817094806755943	1.1918272117512256E-4
28.0	27.421570877837965	23.789532059326547	23.64717525338712	25.138335161496073	0.003386647952300945
29.0	27.099422364903308	23.332582815530323	23.31958055979014	26.247925802941623	4.88456834604329E-4
30.0	23.30086826575989	24.8160124386737	26.281497911311686	25.601344477004123	2.769072506086767E-4
31.0	25.731105904570427	25.22666078158827	22.355964503250366	26.685741172325052	5.276382658870162E-4
32.0	23.17022523924296	23.38903829774079	24.846784259553296	28.593747620300014	2.0458316294207863E-4
33.0	24.142851912259843	24.726994108261618	25.260707570172876	25.86933409586671	1.1231343895438884E-4
34.0	25.466533254876754	27.027971965720056	23.499851781163123	24.00548721267578	1.5578556428647096E-4
35.0	25.018492181391366	22.943915698520716	26.008318623143857	26.029031625368194	2.418715758680771E-4
36.0	23.155020299126523	25.201299671347478	27.135055097629134	24.50842721313204	1.9771876482890737E-4
37.0	25.15382231910849	26.65116749926929	21.912700028306073	26.282288193600365	2.1959715779790607E-5
38.0	26.170453323029708	26.35899214714283	20.921420934659047	26.549001872655065	1.317225133533698E-4
39.0	22.556934086440513	27.242739227639333	22.81191328117421	27.388171967960023	2.4143678592326962E-4
40.0	26.142435096870244	27.172695060519487	22.848614154849304	23.836167905205375	8.778255558720605E-5
41.0	23.842842804623672	24.230884178734264	21.771131073459717	30.150095035466595	0.005046907715756403
42.0	23.36196750834408	26.93897217119773	21.182568316993304	28.516426181137778	6.582232710888153E-5
43.0	26.20562959504886	25.554861096333436	22.862982122952335	25.37255640969896	0.003970775966406796
44.0	28.731400740263368	24.86021902565477	23.222637476699514	23.185325991825252	4.1676555709052013E-4
45.0	24.920903045314997	24.691365064521094	21.886641661516354	28.4969889863001	0.00410124234745462
46.0	24.288280693875063	24.456854737726683	23.049600286314913	28.20526428208334	0.0
47.0	24.75732274731547	24.513072195674095	23.97494913365498	26.752770157358402	0.0018857659970516268
48.0	22.66002908563514	24.412905533943253	23.283831341898264	29.643234038523342	0.0
49.0	21.94124384189212	27.001485069842126	24.339998794408245	26.715365266901575	0.0019070269559356213
50.0	26.79359496202825	25.523055379420494	19.807183431960446	27.875990883010545	1.7534358026604445E-4
51.0	24.649032112723464	27.110223047756875	22.63774100759154	25.600505605887747	0.002498226040368703
52.0	22.26037690070591	26.317256273026235	21.875476098619764	29.54689072764809	0.0
53.0	21.681995135359593	25.658588826601342	24.24639423312961	28.4113416339597	0.0016801709497569972
54.0	22.769593788430637	29.187930346773637	22.571881930606867	25.47048483372653	1.0910046232411916E-4
55.0	23.440594943001898	29.22573042287342	22.209691897675935	25.12248083883376	0.0015018976149865873
56.0	26.093740274200616	26.49363249874095	24.907317892772124	22.50530933428631	0.0
57.0	22.395921513463733	28.22337230269449	22.61079631635734	26.76464354154761	0.0052663259368293325
58.0	25.170360373906124	25.633663127197842	22.02119851626488	27.174538628400164	2.3935423098858302E-4
59.0	27.181555305580275	23.216311539792123	25.162456130426175	24.436565629752764	0.0031113944486630797
60.0	23.16630822768959	23.427464382909704	24.709807789677956	28.696376156962167	4.3442760578909534E-5
61.0	24.57997967934369	24.75440805771796	23.619244417357958	27.039873749560726	0.006494096019662124
62.0	25.10932532240518	22.49956943143448	25.29039216380414	27.100365586918706	3.4749543749349805E-4
63.0	25.815053744759357	23.88484646448633	23.237477020437016	27.060016700563672	0.0026060697536286806
64.0	24.82378101886394	22.396946541726198	23.7531072769278	29.026121821508433	4.334097362463379E-5
65.0	22.99844116266643	27.204528385617436	23.772984399925633	26.019083947962486	0.004962103828013915
66.0	24.577367238569614	24.539470533849514	23.169598912457744	27.712913285882646	6.500292404820011E-4
67.0	26.665342129301422	26.016759369837988	20.829808937290593	26.487439572496534	6.499910734559245E-4
68.0	23.146999472660458	23.465916403033006	26.769024846488733	26.617777625637455	2.8165218035619034E-4
69.0	23.369864046472994	25.14823947613458	25.372835551996797	26.10626620235268	0.002794723042946444
70.0	24.2468528389119	23.44662046245165	24.99383588131325	27.312279876077422	4.1094124578352657E-4
71.0	24.266235401463003	23.30102006495713	26.59781860644017	25.833718545553648	0.001207381586050948
72.0	26.12887161344983	26.1313939425297	22.396816260183634	25.340805463752837	0.0021127200839914026
73.0	25.108910634968023	22.991552945259595	23.742313632880244	28.152825187894965	0.004397598997174974
74.0	24.442807186508517	27.104563228992628	22.68088436932889	25.770624330567838	0.0011208846021279995
75.0	24.566386025718952	25.177674603071964	22.305652910518216	27.947764571990223	0.0025218887006453446
76.0	26.75204539737902	24.924804340408784	24.963924404087194	23.358018847895803	0.001207010229196155
77.0	24.559902753800298	25.061393129400813	24.457914939749166	25.919819301387786	9.698756619401393E-4
78.0	27.039793376772085	27.218696436572603	20.76585854610714	24.974832664970236	8.189755779327461E-4
79.0	27.939998741389076	21.523302836443513	22.331637082126086	28.202001018957613	0.0030603210837157296
80.0	24.104371835655478	23.03783970402866	28.79104448341325	24.063813055487728	0.002930921414885072
81.0	25.038214000558153	25.564536028265323	22.35979669483645	27.036871419289422	5.818570506528113E-4
82.0	22.805997912716375	22.249008238585613	24.57258202328595	30.3708171631346	0.0015946622774664953
83.0	24.322508379351348	23.810007124118698	24.353108042237878	27.513148157964938	0.001228296327135393
84.0	23.435832725680527	26.842631714132537	24.43499063094185	25.284971927302312	0.0015730019427651393
85.0	24.442002907148368	28.04883199087088	21.009512227390196	26.49889872255264	7.541520379127312E-4
86.0	25.595815870913224	25.90563085885696	22.23512369868117	26.26108101923723	0.002348552311417175
87.0	21.70778603507133	22.12928577522944	26.623753254487337	29.53818383016424	9.911050476549162E-4
88.0	24.974894477086593	26.91801131940753	25.882118985851065	22.22409186520731	8.833524475003173E-4
89.0	27.017159083197157	26.561924695657606	22.444886584589465	23.974780058019224	0.0012495785365496336
90.0	23.155884803877214	25.974043041275536	24.80295944316761	26.066875728722593	2.3698295704748534E-4
91.0	26.16605024231854	24.979813969680883	24.73583660216329	24.117803690962862	4.954948744286729E-4
92.0	25.153042506792854	24.953581540414273	22.698136648103592	27.195239304689284	0.0
93.0	26.57104912534292	26.212246383914195	20.962795972947617	26.253520762671243	3.877551240223993E-4
94.0	27.089327243133233	24.101161256745705	22.967089827004887	25.83753176287511	0.004889910241066112
95.0	24.285534573853944	26.70385614877976	23.94534063767676	25.062468335016387	0.0028003046731484385
96.0	26.13742743594438	24.382362761042124	24.0261284451098	25.45302588073108	0.0010554771726135983
97.0	25.572311578744216	25.535241641709256	23.394533552062477	25.49767629005966	2.3693742439542185E-4
98.0	28.183068636738223	23.55562764045031	24.341597105461208	23.91968507803908	2.1539311181444143E-5
99.0	22.227640423736865	22.38401201692001	26.757721170495223	28.630604850060966	2.1538786939827307E-5
100.0	22.68312240639994	25.755952236082518	24.75862706198407	26.80229829553348	0.0
101.0	23.402497508672536	22.514923735334982	28.37798052037138	25.704447474503606	1.5076111750170735E-4
102.0	24.83390824217896	24.97869265405421	24.823957275459772	25.363420289418055	2.153888900256636E-5
103.0	25.563919976669986	26.557771725107294	25.075630860234	22.80244051944606	2.3691854266666036E-4
104.0	25.622425674633703	27.158233404351183	23.297100731343168	23.921766354423596	4.738352483456689E-4
105.0	27.644909610469163	23.67124234207437	20.857644592987025	27.82269259590083	0.0035108585686164998
106.0	25.960075273752597	23.145537367964543	24.79060529806773	26.103674366280426	1.0769393469913653E-4
107.0	25.037666002337822	25.317325973376732	22.6232940989463	27.020766217489044	9.477078501010494E-4
108.0	23.301055771138955	25.78878072745451	23.893953788501594	27.01612356091172	8.615199322328421E-5
109.0	25.659780814305975	25.044587715737027	25.893999584328988	23.400641167152514	9.907184754996397E-4
110.0	24.6182053211008	25.377218031688493	22.849422707105134	27.155046254288855	1.0768581672261663E-4
111.0	25.03050322951933	24.23495315802385	24.430324593130536	26.303228270123892	9.907492023930472E-4
112.0	25.389275722522186	25.422141624902274	23.293288334758383	25.895143556797063	1.5076102009213652E-4
113.0	28.903700634374772	21.73715658133677	22.910112436984633	26.447975066073525	0.0010552812302942383
114.0	26.85960407328256	22.232827859381597	27.556187682160253	23.35099272425054	3.876609250494214E-4
115.0	26.2685971168169	24.603138022504783	26.172795419438266	22.954694067790037	7.753734500069352E-4
116.0	26.371557751885895	25.000710763282225	25.036119697705917	23.59152563400085	8.615312511846054E-5
117.0	25.653324626071644	27.147422670642367	23.876707242161526	23.321576232621734	9.692285027271936E-4
118.0	26.526732313304137	24.87461067224876	25.51390401639996	23.084257622165616	4.953758815267657E-4
119.0	27.006427512043242	21.587497689998436	24.768967535916488	26.63643956928217	6.67692759668945E-4
120.0	25.1445978119606	23.969658474765005	25.307664771721335	25.57801432645872	6.461509434449926E-5
121.0	27.283361495127416	23.336101050763382	25.092966228462686	24.286709679364783	8.615462817277879E-4
122.0	27.15358068024169	24.231157508490046	24.393236740572643	24.221465062717662	5.600079779598091E-4
123.0	24.019307993118012	28.46606519624609	23.512700405182684	24.00100024898532	9.261564678890782E-4
124.0	24.944430611926656	25.21600984224325	23.08115456819139	26.758275746503653	1.2923113505429E-4
125.0	27.099642660299413	23.7183660889341	24.4960230854671	24.68486971886879	0.0010984464305983238
126.0	24.573318781985883	24.560029585155213	24.798395130252437	26.06819188738687	6.461521959805456E-5
127.0	26.350998880440624	23.00011759896513	27.221705064380046	23.426058466070113	0.001119990144086732
128.0	26.02748459502729	23.11744222637152	25.63806601118846	25.207379396009195	0.009627771403537377
129.0	23.964929277230112	27.947184130771486	22.48279988550129	25.602028238277075	0.0030584682200382653
130.0	25.99312525886896	24.926590524281398	23.8109043414169	25.269358336673637	2.1538759104702707E-5
131.0	25.11422104820589	25.33475835021987	24.948220365851977	24.601895599851122	9.046358711384972E-4
132.0	26.095457875189627	25.850753186858018	22.00550149383801	26.041696507169583	0.006590936944764718
133.0	27.045220359543514	25.09470627055882	25.353667719485067	22.504316383129403	0.0020892672831943648
134.0	25.763852691706262	23.89923709501635	21.45660574052615	28.880239856293	6.46164582426908E-5
135.0	26.34659965051721	24.08900460298079	26.224261290613697	23.33961753324082	5.169226474796467E-4
136.0	27.52707936970854	26.334249530611338	24.178432525096703	21.95343225047445	0.006806324108969249
137.0	28.088112964765067	21.92246272768432	24.716750216790924	25.272437160786282	2.3692997340784137E-4
138.0	24.81235623023839	24.366034582281536	27.98435871147832	22.83574277812718	0.0015076978745767677
139.0	25.825108258674963	23.5985926641488	25.489040592829998	25.08592308760956	0.0013353967366780714
140.0	25.975620683089556	21.730348230416723	26.17543596649255	26.118185883137457	4.0923686371206264E-4
141.0	24.618847409730417	25.704559356934237	25.62128992237376	24.05482945489321	4.7385606837312285E-4
142.0	28.157205142354723	22.843506082023858	24.55815562416509	24.440874681058297	2.5847039803148945E-4
143.0	26.04543127358382	25.79719472235092	24.335409904778395	23.82181332654425	1.5077274261434336E-4
144.0	27.849510029448204	25.57543754447816	23.406260284901464	23.168318281837745	4.738593344257945E-4
145.0	27.57321369146916	23.060387766289125	23.306126009505153	26.059281739574324	9.907931622348417E-4
146.0	27.656824791883537	22.396710716341932	24.68705259187893	25.254307126027392	0.005104773868210247
147.0	26.02570572495482	24.58320760044792	27.41261214457979	21.975308322881617	0.0031662071358554865
148.0	24.962893767079045	24.70449093651587	23.37045428453949	26.961557921154938	6.030907106584005E-4
149.0	27.765975525937325	25.844813515206955	23.37388650725837	23.01310592022635	0.0022185313710028475
150.0	24.941159492400327	24.854915365950585	24.620651849650038	25.583230213014808	4.307898424063059E-5
151.0	26.380169746754113	24.82874222708448	25.398686027524022	23.39179888350465	6.031151327402557E-4
152.0	26.846549634391714	24.02884457355967	22.97674741202924	26.14768606044497	1.7231957440511515E-4
153.0	24.361073960526156	24.38170931845807	25.87887131054124	25.37739764873236	9.477617421756344E-4
154.0	23.015773177800114	25.336514994922926	24.56618699054247	27.079176932465227	0.002347904269265416
155.0	26.31529516782693	24.195826158434684	24.771483876026366	24.71713630749307	2.584902189455236E-4
156.0	25.810513137221026	23.392835371041894	26.97801480557292	23.818248947828945	3.877383352153003E-4
157.0	24.172829735585978	23.467748658370642	27.041642908702855	25.317498663917455	2.800334230660946E-4
158.0	24.732393989977552	22.338905931891038	25.78411991437642	27.144537080539116	4.308321587771605E-5
159.0	25.67438489884496	21.883435062112216	24.499287173298534	27.94226814606032	6.247196839693914E-4
160.0	25.72722347347752	22.318308575712432	25.911669634134388	26.04275523184486	4.3084830800483845E-5
161.0	24.254764907394684	21.097519624262002	28.619410171311333	26.024556878799853	0.0037484182321339396
162.0	24.71601515332672	23.900613651566122	25.640014778479003	25.743291787711243	6.462891691629587E-5
163.0	25.114848876027846	24.119405776094887	27.125253568049306	23.64036251829051	1.2926153745396136E-4
164.0	25.000409336315027	23.983531753726037	25.17855680941732	25.835627771099134	0.0018743294424839391
165.0	26.79048184547714	22.417401488488174	26.79886277848828	23.992585998283307	6.678892630983857E-4
166.0	24.553385214678457	23.577141182756776	25.642678008170016	26.226644776531018	1.508178637295965E-4
167.0	26.191660199249593	23.89698040211031	27.055141176424964	22.855679570043527	5.38652171608549E-4
168.0	25.890001596627993	25.559773248659617	23.80822278498032	24.741894635049842	1.0773468222901334E-4
169.0	25.316039471858332	22.818019701452915	25.88672914337724	25.978953111438447	2.5857187306879134E-4
170.0	31.427268096461596	22.53327621738422	23.404581744903737	22.634680011342745	1.9392990769798307E-4
171.0	25.158369305217764	24.03701184233293	26.958195330079793	23.845475428974552	9.480933949565309E-4
172.0	26.544304416471405	25.40148026425627	24.501525093984093	23.55256097090721	1.2925438102338882E-4
173.0	29.003115707699056	20.245465378679977	22.7609082081148	27.98887358033244	0.0016371251737291386
174.0	24.048770631815074	26.414086823683792	24.345250993760644	25.19139612438734	4.954263531493823E-4
175.0	26.086819794615067	24.441978444856513	22.882324648797887	26.58713243616803	0.0017446755625017097
176.0	24.66544307939051	23.853597732148977	29.208576254035158	22.270961327333	0.0014216070923547047
177.0	21.504294905114012	26.317836979933272	25.29947584860376	26.853361899257727	0.025030367091227936
178.0	24.661201786822303	23.104268847794245	24.952257143552494	27.281798400767766	4.7382106319846873E-4
179.0	27.058482700092945	24.78568836150866	23.680566400044803	24.474207107786388	0.0010554305672077723
180.0	26.697275259110736	22.73934658937457	25.54735725412838	25.015804836733768	2.160606525463828E-4
181.0	27.53495663585283	23.235266620903257	26.42802174829491	22.80091099767403	8.439972749708497E-4
182.0	25.499903807429614	23.320476639055396	25.54907130347317	25.63041840630227	1.2984373955163657E-4
183.0	23.40747903391646	25.062582820655933	26.647826714570183	24.881570384599485	5.410462579401243E-4
184.0	25.675902344807643	22.798670844967482	26.81254070282979	24.709055252826662	0.0038308545684239323
185.0	24.69781436860728	26.07917565452182	24.353853741959625	24.868463682211804	6.925526994730323E-4
186.0	26.686107202586527	22.919400559667533	25.271333131179464	25.123115818800006	4.328776646596294E-5
187.0	23.636084043670643	23.668422546898963	27.86501028173538	24.82968062962697	8.02498068040124E-4
188.0	26.724003486974063	28.567635822476667	22.548506051990966	22.159377446288214	4.771922700925601E-4
189.0	24.236829078780627	25.008340488004233	25.605189714106725	25.14866458917294	9.761299354756421E-4
190.0	28.63897379604782	22.41757979525383	24.90980798809444	24.03348656393925	1.5185666466360493E-4
191.0	26.044628924902753	24.599255148801834	24.745822081867573	24.61001135812245	2.8248630538986046E-4
192.0	26.318923347393447	23.88330758181269	24.7014888073243	25.09623680098747	4.3462482098890185E-5
193.0	27.10742479638308	25.08125333348402	21.871110935305524	25.939928390134238	2.8254469313690245E-4
194.0	27.625975371906897	24.089020734104363	24.0404844413251	24.24451945266364	0.0
195.0	25.69354544531625	22.19706292772884	25.163830702585617	26.94488701469536	6.739096739298913E-4
196.0	27.547013566624205	22.738560004881414	26.69152410143315	23.02277157492043	1.3075214079390522E-4
197.0	25.238122742108622	24.58859107577797	24.532074998773997	25.640448336175847	7.628471635707786E-4
198.0	27.933409402438315	23.62303784721813	24.020173596509732	24.423248150782765	1.310030510610592E-4
199.0	25.12504957768133	23.464142531565553	25.15573739632464	26.25454516800377	5.253264247071524E-4
200.0	27.55279397053126	23.669561296169412	24.783712729000072	23.993866333350116	6.567094914222795E-5
201.0	24.329183101872225	21.647951438920582	28.941614356412014	25.0808570519127	3.940508824769513E-4
202.0	24.825673933080683	26.075479629301228	28.181842065509382	20.917004372108707	0.0
203.0	25.4473064818051	25.4473064818051	22.519776876711944	26.58482180007025	7.883596076071447E-4
204.0	26.066900100568724	23.886976700995525	23.62869993026768	26.41733566475224	8.760341583239014E-5
205.0	26.763696638680678	24.76281485333036	25.874836855473717	22.597775561754872	8.760907603745026E-4
206.0	24.694821159767212	21.262961119707562	26.201132394869703	27.841019611004313	6.571465121291722E-5
207.0	25.47621754809825	24.56283328765536	26.23556734784907	23.725031289961382	3.505264359370218E-4
208.0	27.99165666369097	22.455135613179124	22.09921374200693	27.453972068799438	2.1912323534580497E-5
209.0	26.911223633722535	20.963563012126667	25.6254881832264	26.498870439349563	8.547315748363518E-4
210.0	24.18154593918994	24.948494193582043	24.896763710276854	25.972801602417476	3.945545336836685E-4
211.0	24.355911767756155	26.209194078179245	26.028678570794288	23.405404326890718	8.112563795995769E-4
212.0	27.847530130603605	22.702811546251734	25.21100086729812	24.238262631207906	3.9482463863674944E-4
213.0	28.84095721812351	23.31933672169406	23.249942555588305	24.589258739945034	5.047646490931025E-4
214.0	27.296665859928957	25.98693963391092	24.732952980661572	21.98341956349194	2.196200660705007E-5
215.0	25.36512612567811	25.70013955041969	22.661166211987254	26.27308402026672	4.840916482308431E-4
216.0	25.080786247462378	25.176689640273185	25.90449527665768	23.83798429153206	4.454407469150444E-5
217.0	28.240390337212375	23.597517784685305	25.58300238926932	22.578415315773672	6.741730593254314E-4
218.0	24.803242340684044	24.299775549848306	25.816269180120337	25.080349152764335	3.637765829738008E-4
219.0	26.733676803683913	23.35216019480399	24.816860804575892	25.09659099903346	7.111979027462104E-4
220.0	28.1758690461	21.98884551211956	25.340637367003694	24.494186592509543	4.614822671977712E-4
221.0	24.753334285731572	23.5350711343761	24.72648410092133	26.98480800721837	3.024717526283632E-4
222.0	25.138431632830958	25.547509312887367	24.62724334534113	24.686533375463764	2.8233347677442475E-4
223.0	29.611535198512485	23.188164933252136	24.72661106450839	22.47302115816476	6.676455622314813E-4
224.0	29.540064239362763	23.505614667597282	24.9300184043168	22.024183133592576	1.1955513057691806E-4
225.0	30.63478320105123	19.875870737840724	24.404995307361222	25.083387914294768	9.628394520576962E-4
226.0	24.740386693711372	22.541021943091327	26.774015100910866	25.944454145911973	1.221163744625353E-4
227.0	26.753699199601677	23.672679368453913	26.296917942871595	23.27509814807863	0.0016053409941852081
228.0	26.723462498126977	27.96894021453497	24.078390970317617	21.22913176876423	7.4548256204465E-5
229.0	27.920364662095082	24.849625108217932	21.785089170069234	25.4448959437646	2.5115853151625158E-5
230.0	26.031281397448375	23.171193307759452	27.65018866039835	23.14733663439382	0.0
231.0	26.048753046196055	24.280729392182625	24.733012715912547	24.936010886327466	0.0014939593813050559
232.0	24.597043743762107	25.61319204990522	25.212567716446483	24.576937387355173	2.59102531017164E-4
233.0	23.622294997921173	25.5015119094551	22.054494926639627	28.82101529191422	6.828740698795542E-4
234.0	26.539938273382983	21.449012598161428	26.880256123854362	25.129539482738206	0.0012535218630215317
235.0	25.172053254778113	21.907165076908	28.21257637550142	24.707989323560003	2.159692524575276E-4
236.0	28.20103046477182	24.2777105846677	23.717122849455297	23.803752662161806	3.8343894337373687E-4
237.0	27.78318655889167	25.081078719563166	22.0453653719971	25.090258746810147	1.1060273791547574E-4
238.0	26.617416906120724	23.358829551204046	24.874255034431407	25.149470430770215	2.8077473611386426E-5
239.0	27.949565860810544	22.91109053206601	24.481590762723865	24.656696614125394	0.0010562302741859604
240.0	25.594887029340395	21.12209667802222	27.575818992790435	25.7069619718836	2.3532796334531643E-4
241.0	28.731271319815267	20.50338687855085	24.25040376067923	26.512611908326818	0.0023261326278379187
242.0	26.596735029060508	24.281776006380802	22.014071279063458	27.10650327653379	9.144089614437987E-4
243.0	28.055081218130045	23.028260787300265	25.257147384653226	23.656879416856665	0.002631193059799627
244.0	26.449004136901365	23.220888019278878	26.467133629468126	23.861700410135334	0.001273804216291956
245.0	28.53174357027724	21.46355231553714	23.597914281839063	26.404741984530734	0.00204784781582191
246.0	25.012689329551698	26.76491635146412	24.045387978479848	24.17424262235842	0.0027637181459195634
247.0	25.49116056788999	22.72449717453601	25.226736417984174	26.416526063008295	0.14107977658153079
248.0	26.496610097302405	23.02012437337508	23.79523158949102	26.676686112851012	0.011347826980486204
249.0	26.0002052774199	21.84990162795735	28.83676327634697	23.295347065040122	0.017782753235655493
250.0	25.75953899595743	22.066583032802143	25.598744476236202	26.573729306519112	0.0014041884851166478
