# Position (bp)	A	C	G	T	N
0.0	23.21534352911534	24.632221875751082	25.930118656934898	26.222256372959407	5.95652392750553E-5
1.0	22.344465285007665	30.517856129181244	23.60618290075873	23.45419307938095	0.0773026056714137
2.0	24.191358773527067	27.02936299065487	23.226325223069093	25.55218184013058	7.711726183890857E-4
3.0	25.61297718566044	22.240439393427476	25.121024650677835	27.019483086779132	0.006075683455113739
4.0	25.34706355667552	24.161700507035448	24.15779134992376	26.333266897405654	1.7768895962225697E-4
5.0	27.83083368983356	24.973506559900027	22.389338483504247	24.805344959086792	9.763076753759229E-4
6.0	24.933341328140255	24.143775378219843	24.25321168230331	26.66290753208285	0.00676407925374188
7.0	25.173006045261932	26.03598738000718	23.79511909808678	24.995356828469156	5.306481749535241E-4
8.0	27.183944961011992	24.313947264895727	23.560491954208324	24.941615819883957	0.0
9.0	25.69020992884888	26.158089126140876	22.412030340189002	25.73937689534397	2.9370947727055784E-4
10.0	24.517914016944914	24.875795210015273	23.465401687447685	27.140859736634194	2.934895793589953E-5
11.0	26.49979209555509	23.39237781827991	23.120814136256808	26.986931033184607	8.491672358445945E-5
12.0	27.34835486672486	25.658488102842984	20.41825951332194	26.574897517110212	0.0
13.0	25.049199436022572	23.079213293313387	25.320126531703917	26.55137818957082	8.254938929961796E-5
14.0	25.85522541909853	22.76237586400768	24.358793026639166	27.02360569025462	0.0
15.0	24.940182015953784	23.84598097877838	24.733239781657996	26.48051686809562	8.035551422305995E-5
16.0	26.239726476358754	24.880321560862196	22.202630832851373	26.677215831328493	1.0529859918641036E-4
17.0	28.14487350062399	26.79424899697804	19.46600039192632	25.593665233041452	0.0012118774302010168
18.0	25.33782256336193	25.8735006772927	20.603389503202038	28.185159537361702	1.2771878163434573E-4
19.0	24.94450054044465	25.32473061000736	21.878973437266104	27.851210873039854	5.845392420254234E-4
20.0	21.98387344459078	26.48578821143101	24.388710654737544	27.141577257507205	5.043173346223685E-5
21.0	23.510923589498333	25.16921820004085	24.1702214467803	27.149386764493016	2.4999918750264063E-4
22.0	21.61173657521637	27.23809113537704	26.475898051413992	24.6742742379926	0.0
23.0	24.305747903665715	25.144552685092	23.64518205358454	26.904147720720072	3.696369376713267E-4
24.0	26.79037518800366	21.880260932498153	25.206048109429346	26.123315770068846	0.0
25.0	24.2772742895389	26.307531822265634	20.14162792520637	29.27325241342716	3.135495619350832E-4
26.0	25.548632664406412	26.06679073054414	20.0901257027736	28.29437898581975	7.191645609128787E-5
27.0	25.066548400878965	25.582567329777078	20.532487567277208	28.818372806770203	2.3895296545409187E-5
28.0	27.925865539708894	23.815333287100135	22.82917446851873	25.426536628722424	0.0030900759498209405
29.0	26.531435078612443	24.364535528455303	23.177493555621965	25.926139869381824	3.959679284611732E-4
30.0	23.256098265561988	25.050646514368914	25.773101766792617	25.919945459377637	2.0799389884563387E-4
31.0	25.60989638115863	25.044882211031233	23.27696279167697	26.067638680234538	6.19935898628082E-4
32.0	23.732048112004797	23.160192628360655	25.32970950224163	27.77782205352908	2.2770386383855434E-4
33.0	23.250965973179245	25.152487979563848	26.02961078239038	25.56684511863807	9.014622845082579E-5
34.0	25.474144369784714	27.084512567820635	23.247950616060006	24.193258474132538	1.3397220210778466E-4
35.0	24.76237692824556	22.731709535207948	26.41037515528828	26.0952955708737	2.4281038451452492E-4
36.0	22.724770545081142	25.83050594765499	26.87055160927206	24.574061625539454	1.102724523534788E-4
37.0	24.672243637722488	26.11828043514925	21.90499601513697	27.304435819454287	4.409253700741747E-5
38.0	25.944616637842056	25.653027818190516	21.797399327472316	26.60493417652386	2.20399712510615E-5
39.0	22.83157253395355	27.693582346246355	22.414313211118543	27.060245450549065	2.8645813249129334E-4
40.0	25.13202625323043	26.96309874484178	23.54343702287133	24.361327819479296	1.1015957716347902E-4
41.0	23.149058875232267	25.184100063553043	21.935779483050503	29.726193216676233	0.004868361487956312
42.0	24.10468868701477	26.520254457421157	21.560819319239837	27.814171457218293	6.607910594088607E-5
43.0	25.632825528323643	26.08767851212222	22.89031728930262	25.385390614607623	0.0037880556438945794
44.0	28.097691424826632	25.65952369837107	23.09960283240655	23.14289577367525	2.862707204949577E-4
45.0	24.95150671552177	24.792981563084425	22.470169749613923	27.781290773439814	0.0040511983400655155
46.0	24.479712004424197	24.6978177536803	23.010607860525038	27.81186238137046	0.0
47.0	24.517079849783613	25.32911565164943	23.985577113573626	26.16655440060932	0.0016729843840115526
48.0	22.463915148111404	24.80583237896379	23.248200048767476	29.482052424157327	0.0
49.0	22.143575768618348	26.18544015167719	25.25380755340433	26.415306087420355	0.0018704388797787512
50.0	26.660364937035514	25.257636006463674	20.733922668272022	27.34794436875328	1.3201947551302767E-4
51.0	24.154746559817454	27.953890806915275	21.911986678608223	25.976955963419414	0.0024199912396317127
52.0	22.54000055323067	26.65660752806438	21.602384336371273	29.201007582333677	0.0
53.0	22.03846743170719	25.703226502251127	24.53251765642533	27.724210132669526	0.0015782769468320145
54.0	22.295770899887728	29.4763679023809	22.78960504228574	25.438234235513885	2.19199317501005E-5
55.0	23.430764520643805	29.03030965710287	22.727060006997903	24.810313156053184	0.001552659202239328
56.0	25.307555042638874	26.221009317119897	25.536224728643337	22.935210911597892	0.0
57.0	21.980405570710545	28.213468256836528	23.631508765808068	26.169413914008132	0.005203492636729968
58.0	24.83620394527146	25.934845350727958	22.12611979224736	27.10267788240613	1.5302934709373223E-4
59.0	26.347184571964572	23.455171157992346	25.074426735434297	25.120288337884155	0.00292919672463343
60.0	23.382079004474488	24.142833574544824	24.30135229738671	28.17371330108257	2.182251140444446E-5
61.0	24.943714899546535	24.617503520682675	22.99945144119969	27.43387509879077	0.005455039780332094
62.0	24.73452552567426	22.650483536753395	25.592417888863455	27.022223948329653	3.491003792321057E-4
63.0	25.50473299337204	24.491808922642118	23.488331857375087	26.512551753990376	0.0025744726203745945
64.0	24.379683789232313	22.697265825784385	24.08057903439672	28.842449570585497	2.1780001080288055E-5
65.0	23.146579913806114	26.829061133892353	24.365899557488106	25.653515736188083	0.00494365862534494
66.0	24.043409540011666	25.30423655472817	23.46407415005185	27.187735328461365	5.44426746945657E-4
67.0	26.111254589806027	26.006077205861537	21.019623965810162	26.862238531854377	8.057066678977283E-4
68.0	22.62373128777394	23.721924584078398	27.33805383268023	26.316050772005887	2.3952346154080653E-4
69.0	22.588740805191225	25.602149336562825	25.2631528523803	26.54299576738862	0.0029612384770263418
70.0	24.600079314486287	23.58612361754068	24.828521558842738	26.98484067093794	4.3483819236024085E-4
71.0	24.165539050912447	23.480666935762535	26.849553585557963	25.50304813940149	0.001192288365563417
72.0	26.438018617672697	26.219592818067806	22.44130551737024	24.8993489927096	0.0017340541796558163
73.0	24.513775116426302	24.171350558089827	23.26935151737275	28.041491479049117	0.004031329062002925
74.0	24.300876958202263	26.80707244630487	23.74566153292684	25.145543853869917	8.452086961138821E-4
75.0	24.262922184953275	25.61199400325842	22.312464216104605	27.81032249172501	0.002297103958690269
76.0	26.057218566237655	24.841049907078663	25.94511920281815	23.15550714939532	0.0011051744702096971
77.0	23.699608593817544	26.099357754091695	24.289328975563713	25.910794580769807	9.100957572419245E-4
78.0	26.297270077459178	26.880185721751925	21.22448254373276	25.597476617936522	5.850391196157984E-4
79.0	27.020538469355454	21.56195851397764	23.15116615924838	28.26354174137463	0.002795116043901089
80.0	23.47949362568714	23.97668547864818	28.48974101693035	24.051479842897166	0.002600035837160622
81.0	24.75376537104464	25.63552789944133	22.228293663733382	27.38174140353576	6.716622448902211E-4
82.0	22.531982785366523	22.566907761664336	24.819763723435788	30.080132454922513	0.0012132746108421686
83.0	24.815999805882285	22.933057986600677	24.6332561773196	27.61660278402931	0.001083246168125005
84.0	23.009563695651515	27.0520481161387	25.108438088578026	24.82871526374145	0.001234835890310178
85.0	24.508644098822504	27.752274349539825	21.44616027841353	26.29207641424519	8.448589789554293E-4
86.0	24.934022278731746	25.64421831970021	23.467034751190933	25.952731725692978	0.001992924684126853
87.0	21.240992837593268	23.101074090240044	26.909615907409673	28.747450700915095	8.664638419223368E-4
88.0	24.52170104498507	27.27603153908454	25.727864600537924	22.473688006877758	7.148085147123838E-4
89.0	25.76910347504464	26.70789143312127	23.63078441276693	23.89126763882547	9.530402416910054E-4
90.0	23.217474288120336	26.46010380919624	24.855358493475755	25.46686847456276	1.9493464491138272E-4
91.0	25.782911975548068	25.35343935467131	24.46804870114259	24.394798592523635	8.013761144001223E-4
92.0	24.626101661363705	25.04492411144255	23.001859772664613	27.327114454529134	0.0
93.0	25.31231557392582	26.530477880782655	21.736466577799245	26.420285162641466	4.548048508185946E-4
94.0	27.158315293049572	24.316938115546176	23.460771803621224	25.058777106988195	0.005197680794829347
95.0	23.374292079410548	27.076929807065316	24.6753435192037	24.87113901610218	0.0022955782182544813
96.0	25.410440650364247	25.039954782879864	24.302253059951664	25.24637699990471	9.745068995088486E-4
97.0	25.2590979046738	25.124338192955204	23.22418944404635	26.39211459707756	2.598612470871178E-4
98.0	27.035914133149358	23.901258275521347	24.75132563170923	24.31150195962007	0.0
99.0	21.49021137912832	22.91850256986753	26.821349495488388	28.769871599726837	6.495578892486477E-5
100.0	22.40731755530397	25.58104540648983	24.943961516452354	27.06767552175384	0.0
101.0	22.867737386080357	23.22598859537034	28.5085647305181	25.397557734367997	1.515536632035933E-4
102.0	24.30900716944444	24.907788948532005	25.4331223569305	25.350016564859544	6.496023351038606E-5
103.0	25.206011566701235	26.00262426842022	25.44594158621003	23.34516275011205	2.5982855645749746E-4
104.0	25.03834584968427	27.63324046030609	23.537942687786405	23.790124568798646	3.4643342458967125E-4
105.0	27.118689577025375	24.24287699919427	21.47509415519947	27.159051858819495	0.0042874097613926545
106.0	25.575785160598397	23.628124797678083	24.86937176975133	25.926566699702203	1.5157226998312566E-4
107.0	24.50508207473284	25.283097145675747	23.168202263564595	27.04277404780253	8.444682242846975E-4
108.0	23.263176173674154	25.02022306867529	24.622647065446525	27.09386708377287	8.660843115755632E-5
109.0	24.83133606948521	25.113950996957552	25.849923310957397	24.20385861502447	9.310075753704761E-4
110.0	23.846918953934782	24.835042162868096	23.742800009353168	27.575130619586748	1.0825425720691891E-4
111.0	24.563410301646154	24.689186415400243	24.957648807281288	25.78882344229455	9.310333777631122E-4
112.0	24.86992368957495	24.8151456003776	24.020105507363105	26.294673642753757	1.515599305855518E-4
113.0	27.923480160111687	22.48060958141291	23.359218979227396	26.235652042878893	0.0010392363691159737
114.0	25.8538019621997	22.634991623173132	27.88076023222149	23.630056461848305	3.897205573696807E-4
115.0	25.96246996172163	24.401995204268953	26.652857755949515	22.981810953616005	8.661244438939742E-4
116.0	26.09489477837069	24.972024047193614	25.50737811622233	23.425594792142135	1.0826607123214583E-4
117.0	25.609719392555284	27.304502524884526	24.14242596353452	22.94237771995381	9.74399071852404E-4
118.0	25.529388863470672	24.936486328185474	25.882224551604192	23.651467196674446	4.3306006521451524E-4
119.0	26.443034751322163	22.17804660879688	24.898813039930847	26.479455993957796	6.496059923121296E-4
120.0	24.87677577033684	24.514167511330694	25.074861304398006	25.534152107083983	4.3306850472488565E-5
121.0	27.164336433574064	23.768529120840096	24.47439832867633	24.591805005309503	9.311116000048505E-4
122.0	26.32505612644387	24.679524934692378	24.72820249866613	24.266718404623155	4.980355744645468E-4
123.0	23.451267358964536	28.162356027211782	24.256438783780595	24.129114989193717	8.228408493709707E-4
124.0	24.94968742759515	25.014843670490006	23.45953881765996	26.57582181532352	1.0826893136399365E-4
125.0	26.371990235194616	24.018181904795313	24.614407548539287	24.9942077225458	0.0012125889249922806
126.0	23.629387270770582	24.799521024470625	25.516533533700432	26.05447155703858	8.661401977831142E-5
127.0	25.353277680230025	23.66066720929633	27.872391517914462	23.112515971955617	0.001147620603557494
128.0	25.47836350711198	23.75641295199226	25.269948657407777	25.485444198629203	0.009830684858774849
129.0	24.062451009178442	26.99666017930749	23.09811676033928	25.83963230791484	0.003139743259945624
130.0	25.821127993609533	24.90190291349592	24.152984899295795	25.12396253980779	2.1653790961664344E-5
131.0	24.90566446301393	25.409639049910243	25.02445816343986	24.659307202761315	9.31120874647311E-4
132.0	26.01983974805239	26.23988681066663	22.30136486778229	25.43226082224671	0.006647751251975108
133.0	26.399072337734893	25.72112532102225	25.216865956700435	22.660922551894085	0.0020138326483415112
134.0	25.590468828156975	23.85094768206041	21.53374432397669	29.024795858045827	4.330776010099369E-5
135.0	25.692498312088823	24.878251692133663	25.98553874790121	23.443234864990924	4.763828853818447E-4
136.0	27.25858704716361	26.59165778661945	24.297108442970607	21.84602052259935	0.0066262006469856955
137.0	27.91959217047697	21.901477866647266	24.860719167225348	25.317972597708792	2.3819794162331464E-4
138.0	24.611160830190492	24.89451988439574	27.664232296392793	22.828701158402822	0.0013858306181519125
139.0	24.837493360391967	24.63009290146053	25.312773447371107	25.21853594504602	0.001104345730372041
140.0	25.721956757625254	22.14094556884647	25.81121407052107	26.325580448620855	3.0315438635164304E-4
141.0	24.61662956228523	25.84528588130106	25.461855894681158	24.075925503670053	3.0315806249949927E-4
142.0	27.872028556091067	23.278913659357656	24.237185846077487	24.61163374006794	2.3819840584634165E-4
143.0	26.12574610156249	26.061086131584123	24.263274782784944	23.549676440297585	2.1654377085857871E-4
144.0	26.960613306984154	26.462148718238552	23.432686275668956	23.14383710110544	7.145980028934722E-4
145.0	27.177838347122403	22.938412496581336	23.552202226446724	26.33035594607312	0.0011909837764189975
146.0	26.756542378562877	22.08112720487431	25.548597046301573	25.60840639695869	0.005326973302552378
147.0	26.07053619434731	25.082247330764734	26.7203079719442	22.12353047790609	0.003378025037661731
148.0	24.214812484178882	24.918379822422384	23.9475560719847	26.91864530318835	6.063182256876678E-4
149.0	26.710329572289034	26.080223822016457	24.23704865032249	22.970470695361907	0.0019272600101127016
150.0	25.165681513832272	24.640463968872403	24.96225553801991	25.23159897927541	0.0
151.0	26.14870518653006	24.632314725947897	25.915629233610403	23.30265788443348	6.929694781593345E-4
152.0	26.740162889099718	24.583308339160496	23.3159792565329	25.360397925999777	1.515892071083211E-4
153.0	24.45608567929601	24.334293049439275	25.486342182283977	25.722347886440932	9.312025398007876E-4
154.0	22.75321005570211	25.21234520364371	24.919119221915977	27.11270510930031	0.0026204094378918566
155.0	26.59393458444297	24.510648177828294	24.404240038396164	24.490917297506154	2.599018264167682E-4
156.0	25.307185759991825	24.22693496923161	26.418321898968088	24.047189173407585	3.681984008926862E-4
157.0	24.232329178703658	23.695554143388655	26.77526923221872	25.296370947654957	4.7649803401242965E-4
158.0	24.43768424198974	21.636426252304037	26.305348405528395	27.620476121371745	6.49788060794171E-5
159.0	26.02082986775347	22.331373547922038	24.854012448362862	26.79309101998946	6.931159721644625E-4
160.0	25.50483368451696	22.240017258826956	26.085564620097866	26.169562776383827	2.166017439039605E-5
161.0	23.950306178522514	21.700433919871358	28.987376620484838	25.357183005971084	0.0047002751502084475
162.0	24.658151427091077	24.296461687486897	25.29354529591064	25.751819928849056	2.1660662331068496E-5
163.0	24.82660219141905	24.823093078990553	26.65731914207833	23.692920603948576	6.498356349067442E-5
164.0	25.156802334938668	24.700069165236467	24.72562975998385	25.415635849037393	0.0018628908036229326
165.0	25.919057358849262	22.436489262193625	27.509441531822198	24.13412369110713	8.881560277849865E-4
166.0	24.66279807571286	23.446763331615454	26.35927637549118	25.53101057569391	1.516414865978171E-4
167.0	25.652251902509697	24.68080644574273	26.796227389553916	22.87017266867822	5.415935154358485E-4
168.0	25.79431525980912	24.92205628845597	23.799961480392152	25.48358031305739	8.6658285366167E-5
169.0	25.818495453741868	22.608144786968897	26.03883211602924	25.534180997576943	3.4664568304798615E-4
170.0	30.68260971770703	23.61045542340695	23.44967441900773	22.2570871144457	1.7332543258236478E-4
171.0	25.056995626886902	23.923149334717014	27.42499791472809	23.593968851995523	8.882716724747358E-4
172.0	26.610800430260127	24.823674357371498	24.596371207227953	23.969002383065806	1.5162207461452253E-4
173.0	28.269629864501532	20.413439043016357	24.130821147307856	27.18450723321235	0.0016027119619057024
174.0	23.40390004721292	26.80595922362898	24.073024095915866	25.71664017256539	4.7646067683404877E-4
175.0	25.779764498387458	24.287565608413818	23.667171407855424	26.264047498802395	0.0014509865409087247
176.0	23.971143307409925	25.1426668142188	28.58871654982689	22.2958707564595	0.001602572084883479
177.0	21.42968836293622	26.752771683455233	25.101218696058027	26.691912683578682	0.024408573971840257
178.0	25.133810393336294	23.719846643197695	24.170262951823926	26.9756902095576	3.8980208448830244E-4
179.0	27.699550953773837	25.068643388339005	23.17183782357902	24.058560097995773	0.0014077363123632602
180.0	26.22582472430998	22.98969784217664	25.516497961375162	25.267718833974357	2.6063816385626324E-4
181.0	27.22994779420625	22.73770906134409	26.798655116807257	23.232796252980375	8.917746620282784E-4
182.0	24.785564496379422	23.87018729911964	25.821823333592874	25.52229437615461	1.304947534584372E-4
183.0	23.585864671204103	25.234879068652678	26.269003792602618	24.90970874082026	5.437267203404686E-4
184.0	25.710068753059918	22.82703377884748	26.99778305039477	24.46089497078903	0.00421944690880927
185.0	24.355079714306775	25.411369577712396	25.146644705208963	25.086253596119835	6.524066520252116E-4
186.0	26.64606513948005	23.533174236593364	25.611820338270146	24.208940285656436	0.0
187.0	24.016480294315244	23.35223198064156	28.387814533296503	24.242558249165878	9.149425808177496E-4
188.0	26.687902917671806	28.562133134433182	22.973272646712463	21.776364544944013	3.2675623853902494E-4
189.0	24.361116163767047	24.68611025488259	25.18064848509273	25.771144820495167	9.80275762463934E-4
190.0	28.261877374603507	21.86822475513263	25.219639931681133	24.65004008505002	2.1785353271288645E-4
191.0	25.990939680793957	24.267515089621224	25.309364512004052	24.431809750753935	3.7096682683704954E-4
192.0	26.06402247940348	24.366501044883737	24.55703738361811	25.012417269126086	2.1822968587146095E-5
193.0	27.391365363633764	24.939713203119528	22.207606579789076	25.461031125207313	2.837282503199036E-4
194.0	27.04508831553025	24.263193310251637	24.53344252140637	24.15827585281174	0.0
195.0	25.832914392141614	22.297218092234587	25.021998505564184	26.8471486422267	7.203678329130824E-4
196.0	27.2172728615425	23.11968360073739	26.899954596924623	22.76300141679476	8.7524000722073E-5
197.0	24.618964674666532	25.11604006454342	24.648662702406725	25.61561035137122	7.222070121048461E-4
198.0	26.537603694877987	23.996257252723552	24.80052270459738	24.665506756934473	1.0959086660950407E-4
199.0	24.735302702749003	23.750969409169407	25.989609998262697	25.523546841653395	5.710481654967866E-4
200.0	27.06055466802794	24.255891747062172	24.52740710412101	24.156102549819366	4.393096951036958E-5
201.0	24.335402176744864	22.026152922191894	29.160894861544772	24.47715463517139	3.954043470753918E-4
202.0	24.63932466700513	25.493947974350316	28.44547618854086	21.421251170103695	0.0
203.0	24.881898484336414	25.582464940912985	23.66157109186054	25.87320848054363	8.570023464284756E-4
204.0	25.787930919294492	24.201344447101185	23.95907321584292	26.051585487636782	6.59301246167262E-5
205.0	27.0559516698117	24.921615970342202	25.39629374198083	22.62525950355536	8.791143099150467E-4
206.0	24.821274706337483	21.88445171273827	26.308864387704862	26.985365231764792	4.396145459660969E-5
207.0	25.31673397907222	24.188497306148076	26.986708923512282	23.507708041720136	3.517495472873405E-4
208.0	27.58946199773999	22.77248470623728	22.688729352788148	26.949301954430844	2.1988803740911205E-5
209.0	26.28463287720641	21.587867111797284	25.68003378066321	26.446696488658404	7.697416746939727E-4
210.0	23.994231730716145	25.3678910381323	25.347632587817966	25.290046678021078	1.9796531251794062E-4
211.0	24.42246018013768	26.314684723852842	25.725065611023002	23.536843383715794	9.461012706800135E-4
212.0	27.916717475894416	22.82481844047	25.112598384640748	24.145711620470255	1.540785245792666E-4
213.0	28.815597810502876	23.66626246039608	23.333397935861143	24.18427929787036	4.624953695404074E-4
214.0	26.798367437613596	26.01598225594486	24.98327789418053	22.202328334222607	4.4078038403872524E-5
215.0	24.878339413878304	25.380969826496337	23.744401139746092	25.995825877571587	4.6374230767447146E-4
216.0	24.96838034546399	25.162923313570023	26.525595278250723	23.343034048258453	6.70144568053851E-5
217.0	28.024805859105157	23.46804211541734	25.846235678199985	22.660104961735282	8.113855422365617E-4
218.0	24.323826556839183	25.091051148457876	25.758767159026597	24.826241307512248	1.138281640928601E-4
219.0	26.101947408046716	23.577203114383828	25.23998292230567	25.080017261325448	8.492939383366693E-4
220.0	27.887597695898727	22.509860236146825	24.930034932880186	24.672322378336535	1.847567377318062E-4
221.0	25.13909044674743	23.50807856316518	24.914654865673977	26.43787339951676	3.0272489665437763E-4
222.0	24.793249060587506	25.566784374289487	24.62383404829	25.015896661323755	2.3585550925449847E-4
223.0	29.62162962750621	23.155841580847138	24.617269971405435	22.604327167704625	9.316525366031949E-4
224.0	28.8662659526567	23.941523839512147	25.182534313623293	22.009651930925358	2.396328250002217E-5
225.0	30.22324803665931	20.568958966565347	24.00683022696064	25.199829702374522	0.0011330674401740391
226.0	24.72910436674906	22.912327169183627	26.091065231322098	26.267381265372464	1.2196737275204984E-4
227.0	26.193238892370935	23.845866313454113	26.493209847016292	23.46605761829078	0.0016273288678771692
228.0	26.466264815764106	27.988975651839116	24.024214122493255	21.520471081774073	7.43281294558165E-5
229.0	27.250751482979712	25.521416265609258	22.504117167388838	24.723690101210366	2.4982811825464084E-5
230.0	25.36599248844138	23.404688686757822	28.182209368248124	23.047109456552676	0.0
231.0	24.526814021192212	25.492108051808405	24.90395227293576	25.075285830625344	0.0018398234382773734
232.0	24.55079463230619	25.556479058499885	24.864802767013572	25.027820740368366	1.0280181198473804E-4
233.0	22.79995832465097	25.07803709106064	22.862862054594707	29.258725776203377	4.167534903104813E-4
234.0	26.632565316763525	21.85439116817534	26.805285065613667	24.706859142945035	8.993065024356659E-4
235.0	25.021114299096368	22.68669809874847	27.125657946211057	25.16620811839441	3.2153754969094884E-4
236.0	28.23342460155958	24.112552795290927	23.838286251136324	23.81560050924736	1.358427658021814E-4
237.0	27.709827703393803	24.895682796514915	22.759792179454188	24.634367376925496	3.299437116028006E-4
238.0	26.662121569819963	22.96693553534542	24.547843229835756	25.823043919739092	5.57452597715169E-5
239.0	26.726748908303122	24.081347336486022	24.46456619376311	24.72572442542642	0.0016131360213273562
240.0	25.068772442691582	22.055073089416492	26.764211114095975	26.111591426583878	3.519272120678187E-4
241.0	28.951137192361486	21.172141341378488	23.868415211731396	26.00589881471756	0.002407439811068821
242.0	26.099661117846402	24.577279660423727	21.921369458017967	27.40092505827938	7.647054325262162E-4
243.0	27.60418969009944	23.160232482888247	25.73700034362013	23.4956304839975	0.002946999394686324
244.0	26.1377962301193	23.24882813226742	26.420172573821098	24.192346661996815	8.564017953725363E-4
245.0	28.784951498536348	21.20049184916231	23.708792395510162	26.303781948449334	0.0019823083418493695
246.0	24.489367816943346	27.110155756963433	23.78740967014604	24.610340935015838	0.002725820931341904
247.0	24.741699590725727	23.651518285576753	24.980183243051226	26.482072326785516	0.14452655386077315
248.0	26.165869215658144	23.463447513346054	23.7419686776572	26.617515523485224	0.011199069853381302
249.0	25.676704245299593	21.430719743284474	28.581132147389877	24.29375536387389	0.01768850015216875
250.0	25.717944518869114	23.00384532435584	25.370609503747037	25.906675937683733	9.2471534427898E-4
