# Position (bp)	A	C	G	T	N
0.0	24.429392071032378	23.56759384309726	24.850311353092106	27.15263207910103	7.065367722362135E-5
1.0	22.685019789889648	30.114208485448074	23.96010595007325	23.17065952440847	0.07000625018056468
2.0	24.653680877034027	26.399730955651563	22.789327111799793	26.156523851532736	7.372039818844408E-4
3.0	26.270602360027063	21.915709511064097	24.370578193652978	27.43658606648945	0.006523868766417087
4.0	25.861050146467022	23.266316229976006	24.688157375467984	26.184336054720276	1.401933687134665E-4
5.0	28.29303691298662	23.752845976985743	22.8118182607405	25.14159873194747	7.001173396661281E-4
6.0	26.148298273813687	23.68407994968202	24.04315465790761	26.118387029142497	0.006080089454189671
7.0	25.965698395772662	25.26172335406331	23.254477106160984	25.51754304269161	5.581013114334378E-4
8.0	28.251739482552924	24.215094963991188	23.374326195431628	24.158734858446614	1.0449957764754035E-4
9.0	26.10637607659595	25.380909217027764	22.128390770907195	26.384184857230974	1.390782381151561E-4
10.0	24.49510730782605	24.54634605223712	23.224803304013193	27.733743335923638	0.0
11.0	27.297356067054928	22.29915127813972	22.874461647380087	27.528896155888376	1.3485153688610945E-4
12.0	27.770880312387575	24.108991184174737	20.177812741683752	27.94228251205468	3.3249699256470225E-5
13.0	25.04200471871617	22.982394144167813	24.939111220875855	27.036260023330843	2.298929093144725E-4
14.0	26.370122466634477	22.05487276790571	23.4727878443268	28.102184447812288	3.247332073152E-5
15.0	25.642651132425538	23.5040435413429	24.285445526689166	26.567827749914187	3.204962820828797E-5
16.0	26.525781227566913	24.322033657637213	21.521532450214522	27.630526447652947	1.2621692840376292E-4
17.0	28.582930856502053	26.374929757375163	19.34967706958909	25.691193617142417	0.0012686993912718434
18.0	25.665532721027258	25.344360739681466	19.957013263355496	29.033062562348583	3.071358719955969E-5
19.0	24.416724733996688	25.007317551838636	22.299716545969027	28.27556969315727	6.714750383732724E-4
20.0	22.55178124576765	25.357592901134414	24.067140720218415	28.023454834173666	3.0298705851376968E-5
21.0	24.020348380738888	24.153339024767366	23.507968910090383	28.31798270550078	3.6097890258803824E-4
22.0	22.680407151508977	26.815895193957473	25.2786680283256	25.225029626207945	0.0
23.0	25.3443060448085	23.857876752449922	22.94019196016653	27.857210014008032	4.152285670135901E-4
24.0	28.484286051806603	21.46828470709652	24.083593008918108	25.963806846031872	2.938614690017291E-5
25.0	25.039975375576333	24.37849975640574	19.885445177605405	30.695846725193356	2.3296521916639805E-4
26.0	26.536940821186437	25.296366110573267	19.907085767273653	28.259607300966643	0.0
27.0	25.65601053048442	24.65437821296616	19.980825829612165	29.708698770548036	8.665638921890531E-5
28.0	27.41424366965324	23.935686289305373	22.836723628426057	25.81040243087145	0.0029439817438833065
29.0	27.375992965602496	23.957177198716632	21.889944766155573	26.776346838402056	5.382311232430295E-4
30.0	23.654322391725206	24.270546164562994	24.807891042403458	27.26709964667773	1.4075463061621535E-4
31.0	26.15921745066419	24.580129877732972	22.624708926370033	26.635383516906153	5.602283266568122E-4
32.0	24.66685565326027	22.534959283744506	24.285572426892976	28.512390734035392	2.2190206685132616E-4
33.0	23.92979390863279	24.817307364552903	24.45662273173596	26.796111060408972	1.649346693774596E-4
34.0	26.767687234736474	26.684597235750896	22.34534679644014	24.20234146362747	2.7269445023162665E-5
35.0	25.644020865614785	22.38586704661727	25.710389865920586	26.259425329206703	2.968926406522138E-4
36.0	24.326595263603394	24.105396594948107	25.68331458775962	25.8845047946153	1.8875907358125308E-4
37.0	25.483739318001824	25.33416034413138	21.353995664393196	27.828104673473604	0.0
38.0	26.6407075105216	25.064859712490982	21.282016524640493	27.012281506917425	1.34745429502404E-4
39.0	23.685818609774127	27.075272826815596	21.467396575842944	27.771350328383686	1.6165918364267716E-4
40.0	26.753809607705907	25.735534589670106	23.068149185008224	24.44237192158967	1.3469602609008147E-4
41.0	24.775206477113375	24.281525369035247	21.46952553496037	29.469325131891615	0.004417486999389633
42.0	24.883730701235574	25.35416754198569	20.224555688065387	29.53751913582042	2.6932892926668196E-5
43.0	25.698674862677944	25.869410136558596	22.50619453964896	25.922111860688634	0.0036086004258687097
44.0	29.021227761418444	24.654479381854134	22.387081104718163	23.936969413670468	2.4233833878684348E-4
45.0	25.927730707382295	24.069859759805922	21.54483090598703	28.453863369528378	0.0037152572963749585
46.0	25.504714002128853	24.424943427128813	22.220445486795896	27.84989708394644	0.0
47.0	26.076602548573092	24.107972500820992	22.8205231734957	26.993367465047296	0.0015343120629229454
48.0	22.900221891779456	23.615463645106622	22.67496648481551	30.809347978298412	0.0
49.0	22.425406276175508	25.818223010419217	24.39034693672728	27.364463168159066	0.0015606085189313922
50.0	27.443683365004865	23.7072942105797	20.281871729879246	28.567096884763956	5.3809772231305614E-5
51.0	25.049134834162874	26.95139135108554	21.10215364716858	26.895194981763755	0.0021251858192537533
52.0	23.420448172651113	25.65037999488613	21.531969205051126	29.397202627411627	0.0
53.0	22.790555245101775	24.823961979005222	23.72037922316955	28.663601933656324	0.0015016190671298805
54.0	23.285341044132597	27.974966000695	22.37548424877624	26.364181893064142	2.681333201769251E-5
55.0	24.253123397027238	27.378861751200162	22.77795363744539	25.588723313221113	0.0013379011060963605
56.0	26.706508291881065	25.025604446879733	24.729374106386075	23.538513154853128	0.0
57.0	22.666348847356577	27.488775333583206	23.030262658398016	26.810011736307356	0.004601424354857566
58.0	25.310507833314432	25.2990323112183	21.75865987301492	27.631666235108572	1.3374734377775255E-4
59.0	27.78317918591225	22.319489175087735	24.210849813720518	25.68370013723886	0.0027816880406404624
60.0	24.219296420734302	22.619206262773602	23.260727154931487	29.90071675044645	5.34111141585119E-5
61.0	25.153614076577117	23.591730769333477	23.045636398885485	28.203704682846016	0.005314072357904643
62.0	25.407281630264034	21.715385233642714	24.56605624599968	28.311063272677554	2.1361741601431022E-4
63.0	26.220546845358108	23.930512089120366	22.117003855841048	27.729747756277522	0.002189453402957952
64.0	25.32196484941558	21.344808463441687	23.51495179592185	29.818221568125587	5.332309529903591E-5
65.0	24.308022473857147	26.02304703381076	23.756679840843503	25.90766523816823	0.004585413320359102
66.0	24.74923797027378	23.732140886327077	23.05685752110144	28.461310429877003	4.5319242070332265E-4
67.0	27.465138466484383	24.335057783336676	20.971034091542197	27.228209858821153	5.597998155859465E-4
68.0	23.91094466361019	21.892872374453567	26.52974730781533	27.666355688239687	7.996588122401109E-5
69.0	23.324829820914484	24.759401063441036	24.837177416710933	27.075926299575432	0.0026653993581185267
70.0	26.346030373660117	23.342630559569148	23.976488789557575	26.334584084440603	2.6619277254679406E-4
71.0	24.519411921372484	22.724118876493346	25.704608042732275	27.05085212027003	0.0010090391318652169
72.0	27.763645415021077	25.525472105140885	21.87124224220902	24.837914440277455	0.0017257973515648335
73.0	25.52753330542229	22.599024246235924	22.661704624888067	29.20818036020112	0.0035574632525992712
74.0	24.777805264934905	25.35207155249115	23.402831012025217	26.46668167253099	6.104980177394798E-4
75.0	25.550837347083995	25.056155351061516	21.79907863553976	27.591831881376116	0.0020967849386079947
76.0	26.927498937062982	24.081959477284464	24.96686449769126	24.022774719456287	9.023685050036334E-4
77.0	24.915168683351087	24.358729385313318	23.761314159571516	26.963885452112567	9.023196515135351E-4
78.0	27.547561568177663	25.985710498402298	20.220655847945224	26.245567868763537	5.042167112809997E-4
79.0	27.44907233566018	20.692825876680285	22.786084570506603	29.069416599108095	0.0026006180448394315
80.0	24.432632958821376	23.229356288775787	27.782064822235075	24.55315964611539	0.0027862840523715255
81.0	25.399177352216217	24.74892949912208	21.546886704560862	28.304422667207636	5.837768932083661E-4
82.0	23.127162711242875	22.40046785276754	23.433288923760855	31.03804567455098	0.001034837677749955
83.0	25.59378397102342	22.051046516471793	24.094143631045863	28.25996454609207	0.0010613353668518961
84.0	23.777450729901346	25.68062527874906	24.767562086254145	25.773141445199627	0.001220459895820482
85.0	25.266708761354955	26.86486543849223	21.39912662365226	26.468476738263007	8.224382375413872E-4
86.0	25.764094597312	24.662991902892006	22.130317756176293	27.4404469140951	0.002148829524599323
87.0	22.570534911130217	22.054954082906224	25.43506443036091	29.938677289534603	7.69286068043618E-4
88.0	24.815366161488893	26.50894163071959	25.81714499134458	22.857751438104096	7.957783428393478E-4
89.0	26.589971321472184	26.10960863305383	22.62516219866591	24.67435600631076	9.018404973066799E-4
90.0	24.287677405956178	25.85471417314084	24.572831893591836	25.284643909653425	1.3261765772284341E-4
91.0	26.782277742414596	24.99803734351793	23.74644600042436	24.47262889879058	6.1001485253554E-4
92.0	25.369834647181193	23.898637990093896	22.884450342703715	27.847050499071237	2.6520949959210782E-5
93.0	26.089447108244578	25.934012602367716	21.04489328298044	26.931275724530064	3.7128187720117113E-4
94.0	27.90094704885236	23.310602958679052	22.9036944239953	25.880379922734054	0.004375645739234851
95.0	23.764848207130534	26.09396885807827	23.9911015504135	26.147350009042707	0.0027313753349912516
96.0	26.52922416529375	23.89373397217898	23.778756605696312	25.797330647699646	9.546091313136456E-4
97.0	25.336855968535982	25.319541530654643	23.160513324030028	26.182930085466506	1.590913128453773E-4
98.0	28.478640310512844	22.927711479074876	23.80185742424833	24.791764271985624	2.6514178324288018E-5
99.0	22.41080565202407	22.542880623525356	26.13607804671138	28.91020916730734	2.6510431854934915E-5
100.0	22.758679923664545	24.59488211028983	24.400544283761327	28.245893682284297	0.0
101.0	23.727620266465347	21.636512464685204	28.34957102694289	26.286163703731585	1.3253817497053675E-4
102.0	25.412261898639482	24.121277607616488	24.52552039399423	25.94086057136374	7.952838606683883E-5
103.0	25.430350251895213	25.574911358914164	25.02693623487496	23.96766962671481	1.3252760086079326E-4
104.0	26.13041632144169	26.45443745954705	22.80374629396682	24.611028857892414	3.710671520225015E-4
105.0	27.21582751165374	23.26822647126568	20.869730702977584	28.642425048829484	0.0037902652735100476
106.0	25.971456757087708	23.395085320686086	24.92158639067338	25.711792018006108	7.95135467229552E-5
107.0	26.27261181205122	23.53515531822186	22.74671696048903	27.44472079189447	7.951173434175415E-4
108.0	24.428097711860836	24.38649180880471	24.30373051247077	26.881600465138096	7.950172558495382E-5
109.0	26.522530276246986	24.074117747128714	25.180075535933888	24.222507991212115	7.684494782890499E-4
110.0	24.90176943526401	23.932381017739925	22.63692197383751	28.528874579395126	5.299376342895086E-5
111.0	24.952935013620696	23.521735478481002	24.426522580462247	27.097959029018526	8.478984175300878E-4
112.0	25.991812254698175	23.68209016164319	23.524360410229832	26.801631190058124	1.0598337067922357E-4
113.0	28.618347145975964	21.507185400284023	22.83433837088535	27.039228258335275	9.00824519383624E-4
114.0	26.58020040861759	21.998103433611828	26.991176117571218	24.430255082615098	2.649575842651229E-4
115.0	27.419737341721	23.160118846207148	26.1292337238964	23.2902211553774	6.889327980502142E-4
116.0	27.351961015254684	24.180065177720444	24.575959283400138	23.891961529299635	5.299432510269638E-5
117.0	26.369576081259616	26.018116692784112	24.334853038358993	23.276579778684457	8.744089128235511E-4
118.0	27.138426089569357	23.88059503753828	25.07407232723567	23.90661507879939	2.91466857303656E-4
119.0	27.18589301797236	20.942161299494085	24.547418481537036	27.323944259095416	5.829419010954273E-4
120.0	25.59001059883413	23.291176470588233	24.591679915209326	26.527106518282988	2.6497085320614733E-5
121.0	27.467771356014296	23.452320260987626	24.230359949676362	24.848833006710173	7.154266115381884E-4
122.0	26.606388723574852	23.673502806864512	24.334267276671042	25.385390737903563	4.504549860332457E-4
123.0	24.34834220546424	28.04427144746012	22.94248262449026	24.664002819297348	9.009032880320297E-4
124.0	25.196177535535856	24.106247871955656	22.839556386385283	27.857965212022773	5.299410043176943E-5
125.0	26.609156510048336	23.77671461328893	24.56570619741403	25.047415805480465	0.0010068737682356762
126.0	24.314001266023023	23.750067235944243	24.76190526660807	27.17397323757698	5.299384767925368E-5
127.0	26.30285063825638	22.613692729685386	27.420673698580195	23.661590574748704	0.001192358729337748
128.0	26.55642054276917	23.288915150583733	24.47061192693125	25.6745928701265	0.009459509589345995
129.0	24.865932331697678	26.33590061756315	21.997007440593297	26.797768007489083	0.003391602656790744
130.0	26.39443867384576	23.691705176580317	23.659086573112308	26.254716581167592	5.299529401789121E-5
131.0	25.943947303501698	24.495980696958302	23.990881612798177	25.56839545585709	7.949308847342268E-4
132.0	25.982365605644063	25.15435725878573	22.52552085058461	26.33142327183598	0.006333013149614123
133.0	27.143535489450915	25.40333799519964	24.167316307187132	23.283610881315315	0.0021993268469973357
134.0	27.402414636737955	22.666651827909632	20.458247314913667	29.472580229317092	1.0599112165369467E-4
135.0	26.52127646043812	23.303998795952026	26.026143527606195	24.147945275171598	6.359408320649846E-4
136.0	28.23158814077425	25.699705766385293	24.295021134792066	21.76708696002408	0.006597998024310311
137.0	28.46886636739883	21.509683542945357	24.180597300865927	25.840693801096325	1.5898769355758016E-4
138.0	25.49104292137749	24.08430066956183	26.3085601638532	24.114824422181652	0.0012718230258259562
139.0	25.734815231693673	23.920438316325207	25.01758045276224	25.325841172334012	0.001324826884870954
140.0	27.04576829420166	21.496895874679716	25.278364392251213	26.178653474686076	3.1796418133497265E-4
141.0	25.628624719223787	25.308771028902893	25.236061350645866	23.826145435785083	3.974654423671134E-4
142.0	28.63251747334515	22.881953930306942	23.118394251450294	25.36694885994323	1.854849543879248E-4
143.0	27.459828596003433	24.704608585674574	23.62667602217446	24.20872780904377	1.5898710376107842E-4
144.0	28.133721933145395	24.87822250298167	22.905669506617972	24.081829602391803	5.564548631637745E-4
145.0	28.585616435633753	22.528590836570302	22.382718545442597	26.50188176580462	0.0011924165487278372
146.0	27.71434718990189	21.42735251549212	24.588338605574037	26.264874051831367	0.005087637200591226
147.0	26.492798830705944	24.28394385544295	26.354718896971598	22.86498771430411	0.003550702575398772
148.0	24.731212998230433	24.100655942568324	24.03713916401638	27.130435427788285	5.564673965752346E-4
149.0	28.299682384222347	24.30457620049277	24.00280676315445	23.390470254723294	0.002464397407135941
150.0	25.77324778245847	23.838998786589467	24.818021544595553	25.56973188635651	0.0
151.0	26.832247934650827	23.933484825397667	25.123125948205615	24.110505290076386	6.360016695043825E-4
152.0	27.331431456234522	23.76688269269756	23.027986214261958	25.87354063175357	1.5900505238553955E-4
153.0	24.973856538250548	23.66265526407149	24.68271404379593	26.679979117032076	7.950368499579956E-4
154.0	23.381280473810612	24.740533672980998	24.590162196600236	27.28550598120171	0.002517675406445567
155.0	27.81332909261983	23.200625505241256	24.00270345485628	24.983156416067004	1.8553121562702926E-4
156.0	26.28626179792256	23.045606706759504	26.105870534945176	24.561995912969035	2.650474037281568E-4
157.0	25.638874664580197	22.784532999159264	26.221399862810518	25.3549539291428	2.3854430721962296E-4
158.0	25.66664952653478	20.646932190280907	25.961071049734123	27.72513519058148	2.1204286870676645E-4
159.0	26.847252840168885	21.571500478033137	24.110523063939286	27.47014048899596	5.831288627317308E-4
160.0	26.57303713285286	21.282539951811316	25.7702104875327	26.374212427803123	0.0
161.0	24.938140250068454	20.351175182835817	28.823290384708667	25.88267600970883	0.00471817267822831
162.0	25.658321635021142	23.23788429485684	24.53242093566706	26.571346627705278	2.6506749678738192E-5
163.0	25.149136486160163	23.818100802348333	27.497573922791236	23.535135774175085	5.301452518468273E-5
164.0	26.09900720296739	23.314520740108676	24.419048194645793	26.165329745236082	0.002094117042057027
165.0	26.71225450653982	21.53906145000823	26.42686218753239	25.32105310454939	7.687513701667739E-4
166.0	25.07298035548034	23.19232457675105	25.88626198489601	25.848380064089106	5.3018783494616475E-5
167.0	26.952531630468958	22.840663451174052	26.148084092006847	24.05832317556494	3.976507852012405E-4
168.0	26.336737133946507	23.557485065181925	24.344774125954586	25.760897632008838	1.0604290814192146E-4
169.0	27.298860707107636	21.99413505285531	25.525404829023877	25.18138731636912	2.1209464405348922E-4
170.0	31.004721895969816	22.805670517181497	23.08561717380872	23.10391087520779	7.95378321698716E-5
171.0	25.788547243634152	23.546293122030644	26.214647113425926	24.44977014045043	7.423804588494534E-4
172.0	27.368713266321503	24.498876198339524	24.21525448400442	23.917076508926115	7.954240843276797E-5
173.0	28.405439422956842	20.19298407027649	23.317998156172752	28.082013987526988	0.0015643630669258384
174.0	24.89136625560669	25.03590190136894	23.913980741307974	26.158247308418016	5.037932983824523E-4
175.0	25.595054686004275	24.165284689138584	22.937229493477616	27.30089314551521	0.001537985864318887
176.0	24.988630032254907	23.82469008053517	27.55767258682876	23.627336611243102	0.0016706891380543474
177.0	22.56003055232882	25.60619321165444	24.115626773599818	27.6943865400018	0.02376292241511916
178.0	25.115725240235125	23.013536969092645	24.054169092112122	27.816144383729117	4.243148309967288E-4
179.0	27.827496078069945	24.277429972165237	22.816416542787163	25.077225222883648	0.0014321840940043204
180.0	26.631999276876535	22.127711048369516	25.284118400833716	25.955799078017577	3.721959026548202E-4
181.0	27.984288427714205	21.774027835152527	26.32606649603298	23.91489857800529	7.186630949998084E-4
182.0	25.981176400460264	22.434454297633	25.524743495990776	26.059572583795564	5.3222120390565206E-5
183.0	23.938742161091874	23.94821524224079	26.536042811940447	25.57654741849225	4.5236623463917273E-4
184.0	26.508086198858543	21.957962835629942	26.166788362345155	25.36223978235278	0.004922820813579961
185.0	25.33192889512768	23.942780228922718	24.323750499193707	26.401034864140826	5.05512615067309E-4
186.0	27.233355630304512	22.841544099843603	25.643459191487345	24.28164107836454	0.0
187.0	25.15464126318168	22.464394935078914	27.569501960796856	24.810902222378562	5.596185639867865E-4
188.0	28.062947639130403	27.455217764985708	21.95628043946087	22.525154404269355	3.997521536647278E-4
189.0	25.800654217538927	23.065339397003648	24.553413773003623	26.579766378293172	8.262341606247184E-4
190.0	28.417524877359124	21.267676439197743	25.50354461718241	24.811014168872834	2.398973878906196E-4
191.0	26.787211780621277	23.818188080173197	24.29531541638444	25.09883084980247	4.5387301861066264E-4
192.0	27.152166505915744	23.033444737463295	24.100889630871013	25.71339231450358	1.0681124636975276E-4
193.0	27.769595229593698	23.8494944075436	21.945674348944387	26.43502236261487	2.1365130344654272E-4
194.0	28.21475795956008	23.065878511464582	24.020216485398628	24.69914704357671	0.0
195.0	26.910346835554616	21.184708731056535	24.22012418179317	27.684125752429743	6.944991659332132E-4
196.0	28.541912253596678	22.337248805390225	26.08256324766833	23.038222159409074	5.35339356971778E-5
197.0	25.56800841263909	23.8722019890066	23.533811720082713	27.02525505095665	7.22827314948176E-4
198.0	27.617400155634343	22.929197099473512	24.21315362268164	25.24016867716707	8.044504343227895E-5
199.0	25.982469714642058	23.002100980824757	25.28860622763696	25.726366517085143	4.565598110809215E-4
200.0	27.764308185349112	23.633830137024567	23.454844366447045	25.147017311179276	0.0
201.0	25.79209074997878	20.979969550880863	28.273763796921354	24.953853575622652	3.2232659634932897E-4
202.0	25.305168872063184	25.00744772956401	28.25309977325055	21.434283625122262	0.0
203.0	25.96686329921889	24.168821491804497	22.386499181914353	27.477036769920026	7.792571422275953E-4
204.0	25.412485555346535	23.375668485125367	24.43960119319556	26.77219101878477	5.374754776813308E-5
205.0	27.22170591969367	24.09848472225283	25.077602151306323	23.60118594899839	0.001021257748793169
206.0	25.693118831813557	21.237967349567345	25.618854659935675	27.450005402496757	5.375618666513282E-5
207.0	26.473638595363113	23.137561466573906	26.456245692097763	23.93236606926838	1.881766968430402E-4
208.0	28.614859278478715	22.23237368000054	21.86458200297105	27.288158151227744	2.6887321955514923E-5
209.0	27.674026234562092	20.210745639629472	25.007785175412504	27.106609304669544	8.336457263824132E-4
210.0	25.10894432798254	24.39750464906236	24.370123998306596	26.1232118525404	2.1517210810031537E-4
211.0	25.515005582534066	25.4583731285059	25.03283606182488	23.99268217221109	0.0011030549240640848
212.0	28.682963801112017	22.071917614653316	24.321974001310213	24.922956178820257	1.8840410419500577E-4
213.0	30.071009155139706	22.996781320455742	22.305406153624084	24.626291699835512	5.116709449539011E-4
214.0	27.44213898071039	24.61302470529835	24.320007373267917	23.62466724625152	1.6169447182770268E-4
215.0	26.34041947379781	24.570140526072517	22.640449756911156	26.44842294136287	5.673018556443698E-4
216.0	26.25783944735393	24.611845511743237	25.385056512804194	23.74523123316073	2.7294937908110497E-5
217.0	29.188338318156987	22.78019485645413	25.07147175428569	22.95916992096712	8.251501360672575E-4
218.0	24.752593352075042	24.26535330451615	25.10035247506515	25.881423459981345	2.774083623086368E-4
219.0	27.047954398284556	22.83749235378076	23.884856340704328	26.228744630841653	9.52276388699056E-4
220.0	27.46975243618935	21.826934571316464	24.93991272050168	25.763175252338442	2.2501965406040934E-4
221.0	25.81689658716494	22.524705729792664	23.696859994682708	27.96114129811576	3.96390243930062E-4
222.0	25.731280515851818	24.466649334472308	24.0892169943118	25.712710307608354	1.428477557189099E-4
223.0	30.80355209760474	22.96011597837703	23.518963399953925	22.716560231910567	8.082921537348581E-4
224.0	30.28009791605715	22.648890370536286	24.037211342821085	23.033742493734106	5.78768513719563E-5
225.0	30.893747741025653	19.659406325535592	23.737957229503646	25.707724659182247	0.0011640447528645686
226.0	25.820493253168298	22.242415420153304	25.182525433871934	26.75444826252726	1.1763027921017149E-4
227.0	27.151336808874145	23.98084574131481	25.192249013673813	23.674084346175263	0.0014840899619716788
228.0	27.80890425683216	28.073135614015893	22.456892451993646	21.66097822849304	8.944866526192507E-5
229.0	27.352098850920857	25.56697331418252	21.702427182861157	25.37850065203547	0.0
230.0	26.03854392315564	22.91233539397181	26.700163019892788	24.348957662979767	0.0
231.0	25.38984125504663	24.646061545555778	24.212223263297833	25.75012631899102	0.0017476171087422554
232.0	25.728097355580402	24.617050375055904	24.031171168891056	25.623526775531598	1.543249410401563E-4
233.0	23.70771573600892	24.94465306295708	22.262156428406673	29.084756893280368	7.178793469545217E-4
234.0	27.40225662140227	20.900494873114532	26.60374519973079	25.092236430579202	0.00126687517320559
235.0	25.43183682888057	21.637480129224144	28.328034459771295	24.60242423465463	2.2434746936054559E-4
236.0	28.836236331585706	23.59813676178867	23.47789954913482	24.087564918673383	1.6243881741941896E-4
237.0	27.93733578702354	24.319542094441708	22.083113453435587	25.659975867600433	3.2797498731556736E-5
238.0	26.961626908007037	22.61286916817438	24.32717690372143	26.098260576636218	6.644346093357049E-5
239.0	27.816648276182534	23.44724434000161	23.675674692819427	25.059186829697154	0.0012458612992717099
240.0	25.032622321572195	21.95783850945458	26.31404514014078	26.695182019380642	3.120094518063267E-4
241.0	28.93226451820523	21.73241226658724	23.572809993011806	25.759944288861973	0.0025689333337499173
242.0	26.91709628269082	24.340513312878738	20.992047755212788	27.74943819442995	9.044547876966319E-4
243.0	28.40296898691807	22.8632483844921	24.713271959773216	24.017443965581833	0.0030667032347794815
244.0	26.922939980186783	22.752005931399346	25.938876427085887	24.384921008924326	0.0012566524036618852
245.0	29.13677184580694	20.973276558692426	23.204342161120383	26.68368459346835	0.0019248409118986314
246.0	24.84246455759308	26.339217788410636	23.14696459861154	25.66882884222055	0.0025242131641923533
247.0	25.629830398841317	23.080522320243688	24.628886510125273	26.5225698380976	0.13819093269212177
248.0	25.907887197435457	22.612110606318712	24.55540100492325	26.913232803465565	0.011368387857013133
249.0	25.318334452652785	21.557244353327913	28.504329998939593	24.602806546251458	0.017284648828249267
250.0	27.404981603401353	22.260061458948737	24.17169261458382	26.16209549796908	0.001168825097012483
