# Position (bp)	A	C	G	T	N
0.0	23.794192528150216	23.458747369891427	25.635238511873865	27.111821590084496	0.0
1.0	23.22921710992915	30.34621463121205	23.684911737088452	22.663228746416948	0.07642777535339867
2.0	25.476297112590952	26.39366158534283	22.31674667046054	25.812499826136303	7.948054693743569E-4
3.0	26.645540145617364	22.22477194434001	23.42213115567655	27.70180002882333	0.005756725542750039
4.0	26.302234884863978	22.940724000030148	22.78866915714489	27.968252948170047	1.1900979093550027E-4
5.0	28.21991524953511	24.030545678217734	22.425898828934372	25.323085386172643	5.548571401394753E-4
6.0	27.050336609590218	23.569315315963753	23.708562495328437	25.66605117383276	0.00573440528482791
7.0	26.149333434358024	25.57728112566761	22.28648076545145	25.986312732978327	5.919415445885888E-4
8.0	27.793977372532026	24.03996241221611	23.723529015777185	24.442491832294237	3.936718044773869E-5
9.0	27.364499889292958	23.36823128687203	22.20893388134958	27.058059649662354	2.752928230767749E-4
10.0	24.881392354719388	23.780086177218216	23.61046702644581	27.728054441616585	0.0
11.0	27.66594426145802	22.71496897626443	21.939976637270536	27.67903380116035	7.632384666081263E-5
12.0	27.937366308190647	25.672529775824664	19.187206690276266	27.20282166693238	7.55587760384987E-5
13.0	26.1314702620569	22.613471668092107	24.270414004230044	26.984606750461587	3.731515935811955E-5
14.0	26.968929729665923	22.54243427556311	23.429850653777034	27.058748454453973	3.688653995402462E-5
15.0	25.659221844470554	23.612065172086783	23.58842947121382	27.14028351222884	0.0
16.0	26.58582132894438	24.123290927058704	21.414507484984462	27.87634451836801	3.574064443955989E-5
17.0	29.3233819390522	26.91796398364172	18.181321924852252	25.576282378102828	0.001049774351003252
18.0	26.682601445632525	25.010315800341537	19.353203649316143	28.95356729210501	3.1181260478202737E-4
19.0	26.0205012497271	25.136086952173066	20.7417795134428	28.101218410634075	4.138740229555227E-4
20.0	23.572929897392033	26.41702459147969	22.637790357199208	27.372152474087883	1.0267984117482168E-4
21.0	24.25737559932374	25.03543428325537	21.870957347659772	28.83599484172007	2.3792804104326686E-4
22.0	23.100498334122925	27.51940160901971	24.10866582226811	25.27136698755829	6.724703095952435E-5
23.0	25.647430328982345	24.283306527016983	22.541627400801275	27.527334234954655	3.015082447429525E-4
24.0	28.88164132501353	21.57497174608375	23.596280907633275	25.947039833471504	6.61877979485092E-5
25.0	24.838819093581694	24.118614188643495	20.571978173740124	30.470358918239437	2.2962579524333444E-4
26.0	27.49923825865111	25.702737010962874	19.5410741059214	27.256950624464615	0.0
27.0	26.9733593276208	23.2920903515251	19.172078255001615	30.562406960774517	6.510507796821375E-5
28.0	28.00338548223667	23.330275208706556	22.75511624893199	25.90852187748915	0.0027011826356403684
29.0	28.42083466611534	23.83384903076258	20.853008178195378	26.89195662197999	3.515029467131119E-4
30.0	24.937578573120085	24.569804717486424	23.637305683011995	26.855056731580714	2.542948007838637E-4
31.0	27.520362962543043	23.783661555037085	21.88020475232386	26.815295681395607	4.750487004092703E-4
32.0	25.1013703893643	20.816326147474634	25.240608982672775	28.84144416391605	2.503165722399547E-4
33.0	24.356590077389164	23.56937039123801	25.288129764925692	26.785786072424088	1.2369402304295956E-4
34.0	26.672287191476794	27.10368032168579	22.230991328988903	23.993010556080037	3.060176847620024E-5
35.0	26.25083507057273	22.35183116182192	24.378702953402833	27.018479464755707	1.51349446802637E-4
36.0	25.57398632211814	24.232656434310396	25.344267817244827	24.848998712161233	9.071416541002349E-5
37.0	25.946876269514245	25.631069487164602	21.150560762579072	27.271493480742077	0.0
38.0	27.23480855981086	25.766794228993312	20.83637532817282	26.161931227547658	9.065547534896315E-5
39.0	24.73710543155315	26.86464351297116	19.699040630451478	28.699059362237083	1.5106278713259265E-4
40.0	27.400461097329476	24.699791322041925	22.667809340604236	25.231847615549224	9.062447513324818E-5
41.0	24.65442520590712	24.444138367652194	21.015031189627862	29.881209985996986	0.005195250815835608
42.0	24.789501390337314	25.24823568958284	20.037528687882183	29.924704030453025	3.0201744633980525E-5
43.0	26.256593184581384	24.613649802166716	23.030349335351428	26.095391218267704	0.004016459632768754
44.0	29.32138168264394	24.26070147002163	22.414870758635516	24.002834722512432	2.113661864829512E-4
45.0	25.471952457709275	22.769288921642712	22.504725638244203	29.249776058638066	0.004256923765741183
46.0	26.53469865704528	24.366777847511077	21.17537744281643	27.923146052627214	0.0
47.0	25.938135205931236	23.67815287020262	22.76541835526677	27.616361727572986	0.0019318410263871372
48.0	23.25782747121754	23.36227422932416	21.71285440526308	31.667043894195224	0.0
49.0	22.949369246762497	25.209579663809507	23.96062639280967	27.878583962376602	0.0018407342417306523
50.0	28.837094221603998	22.492792280385196	20.633102555553375	28.03695059524977	6.03472076592676E-5
51.0	24.411342934320043	26.902162680938712	20.24428781719808	28.43961186935634	0.0025946981868188728
52.0	23.492976103923034	24.68434366269866	21.575134768858295	30.24754546452001	0.0
53.0	23.456399793874784	23.826233916021124	24.048573593651152	28.667108077058103	0.001684619394842598
54.0	23.715784071842094	27.168284702030622	22.2173792459516	26.898491818979775	6.0161195908316745E-5
55.0	24.169103379608387	27.562207407007538	22.271316364814165	25.995843342600338	0.0015295059695718284
56.0	28.554974481381308	22.95767087878806	25.141147048416407	23.346207591414228	0.0
57.0	22.922073794400415	27.79466547370037	23.477978497821958	25.799945069179252	0.005337164898006179
58.0	26.164739799476294	24.208161618196677	21.50320225119968	28.123686465399437	2.098657279072849E-4
59.0	28.022794697825454	21.360420998606582	24.33479989735251	26.278956545096545	0.003027861118905605
60.0	25.011915208593194	21.701566584399618	22.98778081521269	30.2987373917945	0.0
61.0	25.24437222178512	22.980277609835497	22.28683637329635	29.481872554595036	0.006641240487993565
62.0	26.597352077807358	21.511084760253226	23.96417745787145	27.927295962246212	8.97418217529988E-5
63.0	27.90995197578299	23.006875344926346	21.369894155283788	27.71073597748201	0.002542546524862366
64.0	25.431311412607254	20.26606327594069	23.744345453143687	30.558279858308367	0.0
65.0	24.700319274975385	25.85377295769345	23.19974183099791	26.24105634150022	0.005109594833034278
66.0	24.9503558305232	22.941133936772182	23.215782871969733	28.892189536449248	5.378242856348926E-4
67.0	29.043779325048817	23.134251657022116	20.738232334459127	27.08292998319673	8.067002732024926E-4
68.0	23.62270922083707	22.036742094587993	26.06241274342586	28.277867057205658	2.688839434160629E-4
69.0	23.301375199564067	24.932990688603578	24.411853627525023	27.350972247449885	0.0028082368574515073
70.0	26.648172849914676	22.441237549215007	24.22551669041088	26.684774366280273	2.985441791647211E-4
71.0	24.341682225844508	22.229674610906386	25.536936828000623	27.890842625902764	8.637093457223008E-4
72.0	27.526029056771666	25.39004126888264	21.03492041937142	26.047282025075802	0.0017272298984686617
73.0	26.287906602930537	22.874581512056533	21.38173753305694	29.45181392171629	0.003960430239701318
74.0	25.395894794888623	24.719663846730118	23.154396587968083	26.729419485312945	6.25285100230224E-4
75.0	25.58764935197566	24.806637779570195	20.95490581919274	28.648693068793985	0.0021139804674159685
76.0	27.027764925575326	23.075935972808512	25.941987043788995	23.953329534242137	9.825235850320572E-4
77.0	25.341352763839442	23.342181620927686	23.8849281984684	27.430882429122892	6.549876415740901E-4
78.0	27.79339267888886	24.37517323013506	20.693897029774895	27.137060724846982	4.7633635419894963E-4
79.0	28.32805655161943	19.79988419361993	22.90858589692637	28.960823803123198	0.0026495547110720126
80.0	25.645242914979754	21.760835913312693	27.52985829959514	25.061383662776855	0.0026792093355560848
81.0	25.06293753756382	23.278687743783422	22.02615855823996	29.63176963655637	4.465238564300775E-4
82.0	22.610750643498438	22.285392116559915	23.10596239593662	31.996852982299366	0.0010418617056585891
83.0	26.440177384489633	21.509566058100624	23.98027433991312	28.06917852216502	8.036953316017172E-4
84.0	22.651897029255014	24.740988125056738	25.297573070563566	27.308202327959176	0.0013394471655065567
85.0	26.88554305622318	26.395742521359573	20.25915734425483	26.458961793117613	5.952850448026407E-4
86.0	28.147457202868093	23.45550994192323	20.838468711373054	27.556808119854885	0.001756023980739691
87.0	22.62286777893056	22.400426905524238	23.55417896579577	31.421841824717546	6.845250318899379E-4
88.0	24.546530273575843	27.169553690791798	25.91735583430454	22.365756651901197	8.035494266228425E-4
89.0	25.615380769455115	26.479794631027474	22.376254242312054	25.52797515383031	5.952033750412179E-4
90.0	23.933061017512053	24.74950257624734	26.1416343829773	25.1756829867685	1.1903649480375941E-4
91.0	28.314373424305984	23.53027475104332	24.161177280009905	23.99366865609816	5.058885426362864E-4
92.0	25.620112606265806	23.99011593011758	22.81096686592915	27.578804597687466	0.0
93.0	26.81591791092297	25.753888691505967	20.010997898615802	27.419016961640068	1.7853731519156161E-4
94.0	28.511713423058232	22.684177215754854	22.110400846009945	26.689661759678067	0.004046755498900979
95.0	24.074020625489283	24.248979333151432	23.794979339697505	27.87934276225879	0.0026779394029920914
96.0	26.405607822005983	23.736364050216654	23.161811634284742	26.694877557256635	0.0013389362359884042
97.0	25.46497861772273	24.894873817339743	22.73340868876491	26.90664961598781	8.926018481023731E-5
98.0	27.95065779099568	22.44459994918327	24.248891284931293	25.355850974889755	0.0
99.0	22.172608202505316	22.462131837515756	25.88944557993818	29.47581438004075	0.0
100.0	22.87182257303133	24.329370569256064	23.84499858561239	28.95380827210022	0.0
101.0	24.11939620158698	20.903793981111743	28.99095563540922	25.985764948841204	8.923305085123868E-5
102.0	25.239988315164524	23.570496623356224	24.52521431618427	26.664300745294977	0.0
103.0	26.453601819947075	24.02378329113442	25.942098650269372	23.580367511279483	1.4872736964343506E-4
104.0	26.20525667346243	25.636857513226158	22.733795016981478	25.423793345306727	2.974510232017747E-4
105.0	26.20655970115734	23.80776311519322	21.1350036245798	28.847698934697775	0.0029746243718708812
106.0	26.141574514969147	23.37113397155374	23.312297284112784	27.174934738274903	5.9491089424625985E-5
107.0	27.280420504189784	23.79848828136968	21.767951101009587	27.152426224817205	7.13888613744319E-4
108.0	24.158128832804792	23.82898871953015	24.3323952274981	27.680427733430417	5.9486736539787405E-5
109.0	25.580077008505675	23.982950580954405	25.45075792049672	24.985441192828798	7.732972144049805E-4
110.0	24.66132648724433	23.360761904988507	23.16982169098676	28.808060175314047	2.9741466355412307E-5
111.0	25.344544263494534	23.128432467480323	24.364113324777414	27.16219612485296	7.138193947703806E-4
112.0	26.258370149001593	22.48699232596306	23.948693819548	27.305854479416436	8.922607090617403E-5
113.0	28.342593344391215	21.493278275898067	22.357565802289916	27.80570007438345	8.625030373490582E-4
114.0	26.121838960807203	22.39811434392404	26.03166058190633	25.448088691268435	2.9742209400025277E-4
115.0	29.018726364501106	22.470745074803734	25.286511175794868	23.223273779460904	7.436054393845565E-4
116.0	27.03607971445568	24.191522903033906	24.03456276026175	24.737745389649017	8.92325996430696E-5
117.0	25.822672761056744	25.55232764792613	24.489448093232628	24.134837636775025	7.138610094768024E-4
118.0	27.449727052106233	25.002312613604357	24.302966361956894	23.244785762747558	2.0820958495798775E-4
119.0	26.404204455916595	20.567217248763146	25.154932082712538	27.873110810162053	5.354024456588827E-4
120.0	26.343456276026174	22.516656751933372	24.201873884592505	26.937953599048186	5.94883997620464E-5
121.0	27.898927057009466	24.13452477834411	23.33228632753197	24.63351822503962	7.436120748323601E-4
122.0	27.370681321583856	22.976050322936047	23.459309225613822	26.193631940358706	3.271895075678933E-4
123.0	24.76361946868962	28.166731708245685	22.176461769828958	24.89253267149561	6.543817401319234E-4
124.0	25.299097605969877	24.238789082275563	22.422132895650318	28.039891182071337	8.923403290832154E-5
125.0	27.0446018976278	24.313240949474224	23.2894416307975	25.35164472676426	0.0010707953362104018
126.0	24.15930830289946	24.071888383293665	24.835466728377178	26.933187861510667	1.487239190299393E-4
127.0	26.884354550862582	22.25	27.30826888756692	23.556454491374183	9.220701963117193E-4
128.0	25.893684946627715	23.69267130901075	24.589144815019612	25.816081198090036	0.008417731251883206
129.0	25.248725734219807	26.12012840220635	21.58250484244792	27.04539884161983	0.0032421795060941076
130.0	26.78837436196414	22.768094042619012	23.37849655549871	27.065005294656565	2.974526157983033E-5
131.0	26.146708623586758	23.840248005494576	23.937158615421637	26.075170865184493	7.138903125382043E-4
132.0	26.153811832594663	25.11023528361938	21.81430143668759	26.91617835152741	0.005473095570956899
133.0	27.754887514151083	26.040308941222523	23.371725917284518	22.831054982043074	0.0020226452988071747
134.0	26.787585557432458	21.88057251757402	20.44579843143344	30.886013748678952	2.97448811290443E-5
135.0	27.062042650325097	22.664614650597564	26.563187390928395	23.70973887659259	4.164315563504771E-4
136.0	28.171475858655388	25.47517331355043	25.438050630817894	20.90973774371428	0.005562453262007017
137.0	29.441858860218417	21.41872126912888	24.511378123994216	24.627774033092965	2.6771356552230026E-4
138.0	25.814805164210323	23.80921786080999	25.69656873418309	24.678129205201333	0.0012790355952631662
139.0	24.948615030051656	23.74378249299945	25.27123232907321	26.035120846146114	0.001249301729569009
140.0	28.26670481999028	20.57929595219809	25.298806558484937	25.85495470680936	2.3796251733408213E-4
141.0	27.1017851464559	23.373303028112645	25.85373239371681	23.670911717750954	2.6771396369263225E-4
142.0	30.174976849916963	22.600073354455212	22.06350901417978	25.161113571793813	3.272096542316091E-4
143.0	28.658801944098972	24.025518753106628	23.039785969445198	24.275714855568342	1.7847778085486692E-4
144.0	28.164933782743862	24.808633156014288	22.306176836558006	24.71978028025393	4.759444299182238E-4
145.0	29.324263302965708	21.733506975947243	22.613450242645524	26.32806555266482	7.139257767066247E-4
146.0	27.494823228229226	21.294209303702257	25.100464027943413	26.106368567111815	0.004134873013290196
147.0	26.855983724547666	23.288960970387258	26.04572131292377	23.80573454461188	0.0035994475294254835
148.0	25.23134231344396	24.61871318134316	23.54281933747167	26.606559956829784	5.65210911426393E-4
149.0	28.548900309743413	24.667855821165123	23.83417839459383	22.946685578903654	0.002379895593980292
150.0	24.951754235914127	23.777850828589575	25.054418722956118	26.21597621254018	0.0
151.0	28.529693688912268	22.473860236083436	25.170928143837273	23.824982432674453	5.354984925717434E-4
152.0	27.986668170062647	23.79772699618211	22.280715168243994	25.934711162030883	1.7850348037160853E-4
153.0	24.991982168580932	22.884735417513326	24.688821863718882	27.433597777974793	8.627722120705997E-4
154.0	24.130878980558204	23.859221019084785	25.14813109080891	26.85873428989305	0.003034619655052999
155.0	28.571594354697126	22.22527055616886	22.92227442742072	26.280592857971776	2.678037415158287E-4
156.0	27.99022802272193	23.062788822333907	24.030791845576573	24.916102040391237	8.926897635264817E-5
157.0	25.60207012377655	22.353724306457355	27.551648945477137	24.492318569576845	2.380547121144853E-4
158.0	26.03059597852348	20.129968483922216	26.16819426354416	27.67118175918098	5.9514829161195026E-5
159.0	28.506654295348167	20.524386386272596	23.935227934500652	27.03334453219365	3.868516849325137E-4
160.0	27.783478157362218	21.246756338531128	23.787287227710987	27.182418759671467	5.951672419950006E-5
161.0	25.28232161392616	19.356811429278835	28.822099589566808	26.53567245336203	0.0030949138661664015
162.0	26.29356715365677	22.294728954340698	24.346687990153264	27.064986142610437	2.9759238830092897E-5
163.0	25.313514724828128	24.12564218475696	27.214140548995612	23.346702541419297	0.0
164.0	26.212433294852598	22.387424507971883	24.024180067217777	27.374355045931352	0.0016070840263883196
165.0	28.44972392922874	21.561734376822912	24.978750050595117	25.009166644841326	6.24998511908305E-4
166.0	24.993154525572905	23.350657344122595	25.243252445620147	26.412816632955185	1.1905172916684028E-4
167.0	26.58360165463313	23.73817555802794	25.736194474753987	23.94161161838669	4.166941982476223E-4
168.0	25.31486082367288	23.0027809369939	23.95722303960015	27.725045904956424	8.929477664251045E-5
169.0	27.954100995669062	21.790209998362876	24.761411498563795	25.494039380274142	2.3812713012159365E-4
170.0	30.49988911858953	23.138911338033513	23.029994537788237	23.331145471945515	5.953364320594622E-5
171.0	25.14354061288448	23.101763209784814	25.964567913582716	25.78923522799798	8.930357500071443E-4
172.0	28.409832752005425	24.7142602410112	22.934673468555452	23.94102515938764	2.0837904028353838E-4
173.0	28.728409255315412	20.293975280975136	22.005010725787198	28.971026978495434	0.0015777594268148848
174.0	25.544381379248343	25.14889254194682	23.060645987924268	26.24563354721782	4.4654366274164714E-4
175.0	25.91051341715233	23.26834542826045	23.537742364953214	27.281701847939733	0.001696941694274221
176.0	25.28960557790867	23.235520465381448	26.500157042422295	24.973406986973664	0.0013099273139196151
177.0	23.88921209190822	25.393435994786145	23.599937119314315	27.091065643029445	0.02634915096187799
178.0	26.346408723330526	22.399410077271064	23.81690960988174	27.436914349269024	3.5724024763893967E-4
179.0	28.444619770306577	24.305970093708364	22.456484038316972	24.79197338354931	9.527141187766555E-4
180.0	27.72636948498967	22.025485078000713	25.44150968395364	24.80642686386602	2.0888918995457851E-4
181.0	30.054315693921062	21.083596600715452	24.794412560392242	24.06695850030159	7.166446696566675E-4
182.0	26.21556557785788	21.50797485266211	24.921940536041642	27.354369822955793	1.4921048257355852E-4
183.0	23.883099776002215	23.87501245924261	26.707393717438105	25.53410609485259	3.879524644829519E-4
184.0	26.301964115073854	21.116161944740725	26.626660562691782	25.952109661450233	0.0031037160434066627
185.0	26.00315102542603	23.48585171680159	22.66348182341725	27.84694848849249	5.669458626379693E-4
186.0	27.319973560959742	22.964514689930635	24.854100363909815	24.86141138519981	0.0
187.0	25.259433814320037	22.473968500234935	27.529362074048674	24.73669794021156	5.376711847972875E-4
188.0	28.478045784451254	27.37794517241462	21.64978049369203	22.493810328387173	4.182210549207889E-4
189.0	26.6849959877847	22.53066521513899	23.49592713840918	27.287694658167023	7.170005001078489E-4
190.0	28.451155514283634	20.603494329691763	24.532912168485062	26.41222883927494	2.091482646072136E-4
191.0	27.45748068433249	23.948074839623605	23.52034457911468	25.07380053364499	2.993632842307696E-4
192.0	26.67259255888369	22.334216728380575	23.776340181740668	27.216790653337103	5.987765796923725E-5
193.0	28.008419955774272	23.13505615050521	22.140591103651992	26.71572318946248	2.096006060451809E-4
194.0	28.267086754507027	22.662195897196657	23.70153601353927	25.369181334757045	0.0
195.0	27.890800339496945	21.525831536918496	23.67254477160924	26.90998479211802	8.385598573010712E-4
196.0	30.565006489580178	22.040542679690482	25.089579034856303	22.304751646274777	1.2014959826479951E-4
197.0	25.270295562403135	24.459611658827203	22.278320687145108	27.990990999110455	7.810925140994709E-4
198.0	27.621616105485064	23.371249829542837	22.76154751322191	26.24552634612994	6.020562025485641E-5
199.0	26.063073312948877	23.785640164055938	25.77978395043129	24.37102048047708	4.8209208681996397E-4
200.0	28.719410273802744	24.142059334825348	22.0015506739827	25.13694958381007	3.013357914298293E-5
201.0	25.625184391839174	21.140232423370595	27.81618887269271	25.418062821150688	3.314909468315643E-4
202.0	25.576531225767212	24.88781905905137	28.04959016924562	21.48605954593579	0.0
203.0	26.3189261570165	24.31665441768291	22.003013310294392	27.360562050497965	8.440645082329449E-4
204.0	25.821751373253658	23.487672372729083	22.99580336092905	27.69471259654983	6.029653837573185E-5
205.0	27.748018334644343	24.325844847760525	23.991514664368857	23.93359706293542	0.0010250902908573102
206.0	26.557182087291153	21.08112378544094	25.0787392196246	27.282894599959533	6.030768377183552E-5
207.0	26.26438800915042	23.266132741401123	26.667591560743674	23.801586092810105	3.015958946766817E-4
208.0	29.169982389214645	22.114265580778845	20.72992753575098	27.98579432847041	3.016578512187279E-5
209.0	26.699698764645397	21.080983552742737	24.835533461744557	27.383029925608383	7.542952589224078E-4
210.0	25.7573320497751	23.59902284602884	24.138026770638906	26.5053467342446	2.7159931255196226E-4
211.0	26.00794711422792	24.652506196702397	24.41203399454636	24.92657688756038	9.358069629471762E-4
212.0	29.0564291735212	21.55550273612375	22.901200246083516	26.486535625481906	3.322187896303039E-4
213.0	30.8837076043752	22.55097871393894	22.438159447200704	24.126882235181476	2.719993036817826E-4
214.0	27.334407368128755	24.651578958194314	23.624631493741216	24.389351931114966	3.0248820749723074E-5
215.0	26.672813983133594	23.896848797846882	22.9088005880077	26.521081798323547	4.5483268827950746E-4
216.0	26.519909554286592	24.392902310964626	26.003326562679646	23.083738933813667	1.2263825547081592E-4
217.0	29.992367416765365	22.10814116408506	25.3821632877391	22.5164301804417	8.979509687807219E-4
218.0	24.371392391028245	23.88826368397463	24.28444488433257	27.455617150333055	2.8189033150616196E-4
219.0	27.374439418538653	22.590589108485723	23.46562068105478	26.568590198036464	7.605938843814899E-4
220.0	27.342144372829363	20.800750236435743	24.954040070890983	26.90277921272859	2.8610711532500976E-4
221.0	26.19404049272695	21.512680435378986	23.759981378538125	28.533041904044477	2.557893114599367E-4
222.0	25.76731967593442	25.664351820568214	23.765045373429018	24.803218775158747	6.435490960387622E-5
223.0	31.142010705231026	22.67938816459146	22.947018940274607	23.230670441305858	9.117485970468463E-4
224.0	30.998455513464208	22.683800919637385	22.73014531368035	23.58759825321806	0.0
225.0	32.781719542824526	19.465720861789233	22.359207899351837	25.392072103404207	0.0012795926302026515
226.0	25.510169274296025	22.35120814879897	25.11328723575833	27.025235988166397	9.935298027479047E-5
227.0	28.911868875499046	24.302207536011096	23.264587828713125	23.519625894996867	0.0017098647798699969
228.0	28.508248534242853	28.674272860913558	21.14925055097388	21.66816072851421	6.732535550312406E-5
229.0	27.506309941039202	24.635329276562114	22.39748513737682	25.460875645021865	0.0
230.0	26.126867290258893	22.758489302774368	26.97237967741283	24.14222946498967	3.4264564238691064E-5
231.0	25.140652928707112	24.055242647290473	24.61543095309561	26.186838604074858	0.001834866831943162
232.0	24.629387395377428	25.853461916792032	24.048624652186295	25.468351998262413	1.740373818373196E-4
233.0	22.459346409738064	25.32601544655149	22.244977195550835	29.969062544770253	5.984033893567973E-4
234.0	27.604721056354464	20.217861815063397	26.041205453285443	26.134885173328993	0.0013265019677043378
235.0	26.251022955280085	21.19854185018663	27.224516461627225	25.325664243809282	2.5448909677820437E-4
236.0	29.949456509691196	21.918916122930042	24.042518602812404	24.088960976582992	1.4778798335907307E-4
237.0	28.501902559128556	23.33317167798254	22.182235320450648	25.982429306871595	2.611355666641796E-4
238.0	27.97793943751242	23.197911246913698	23.683924736777378	25.140224578796506	0.0
239.0	27.682492354740063	22.740596330275228	23.92282110091743	25.652408256880733	0.0016819571865443427
240.0	25.511633357346664	22.52126595339736	24.2724432881694	27.694421462254503	2.3593883207132275E-4
241.0	29.305696732250514	22.02965327353653	22.3704194778435	26.29135667938766	0.002873836981794046
242.0	27.777151514960412	23.50880691940707	19.529611808146004	29.18348379407007	9.459634164414748E-4
243.0	29.213789516903766	22.34246488187657	24.830401208283952	23.61006444892396	0.0032799440117508936
244.0	27.65459713282401	22.5206658210112	26.249602485165717	23.57386726588604	0.0012672951130328232
245.0	29.97064783153165	19.885449143746243	22.885363806136766	27.256276779636462	0.0022624389488788027
246.0	23.947144810606346	26.269102291221248	22.401863737088696	27.37890699088291	0.0029821702008034365
247.0	26.24538056200257	22.62967795917961	24.60742496837366	26.374435955414334	0.14308055502983336
248.0	26.34569313577434	23.480952118828974	23.305283849448625	26.85873702332431	0.009333872623751594
249.0	25.939738772933087	21.675348328129143	28.47212373390768	23.897925776001117	0.014863389028975998
250.0	29.33274961140989	21.898287793651622	22.441028689397015	26.32680930367062	0.0011246018708555407
