# Position (bp)	A	C	G	T	N
0.0	24.132647327290123	23.705090497427477	25.333852314996285	26.82840986028612	0.0
1.0	22.942596892145936	30.571264215714688	23.398801171924983	23.014174430469176	0.07316328974521896
2.0	24.428505245946315	26.765172366807466	22.579588499795612	26.226079847390654	6.540400599536722E-4
3.0	25.90958287782506	22.13089674516653	24.562875386002432	27.390220691036905	0.006424299969076251
4.0	26.127571363004563	23.714128167368894	23.56083066689579	26.597361042531766	1.0876019898766006E-4
5.0	28.381147763531434	24.011546707038146	22.524332578178115	25.082538537894962	4.3441335734191157E-4
6.0	25.668006012148965	23.782569646236094	24.153803041956582	26.39128509413089	0.004336205527469591
7.0	25.891845619818444	25.814624164583368	23.459748316458715	24.833187055996913	5.948431425671375E-4
8.0	27.467896838243227	24.151936980684148	23.772148483867486	24.60790978741772	1.079097874177188E-4
9.0	25.958477978103005	25.51598342650897	22.51252271963752	26.0128005237361	2.1535201440274273E-4
10.0	24.09312185929648	25.251901631444895	23.457129396984925	27.1978471122737	0.0
11.0	27.375724770689974	22.333221379531203	22.858883534199283	27.432066172507792	1.0414307175197286E-4
12.0	28.25769726526335	24.377558510089912	20.294764982527376	27.069979242119363	0.0
13.0	25.272729114231744	22.85774331913687	25.03820891592013	26.831065443846313	2.532068649445224E-4
14.0	26.733999148957473	21.646466921979425	23.4642436985307	28.155190107882156	1.0012265024655203E-4
15.0	25.391382543239217	23.268022619527006	24.455770128686236	26.884824708547544	0.0
16.0	25.969713258255002	24.98765446485929	21.71629401844862	27.32624114508298	9.711335410587978E-5
17.0	28.84738259321802	26.876673436477873	18.88896178479607	25.3859838285184	9.983569896399069E-4
18.0	26.034531003960463	25.726961674634307	19.683068634015623	28.555297124335304	1.4156305430783453E-4
19.0	24.831144333234793	24.58085223193547	21.885965529700485	28.70152174219069	5.161629385625332E-4
20.0	22.52394754104462	25.910099605022584	24.369920306677397	27.19598602459188	4.652266351553159E-5
21.0	23.871360819745906	24.936153517730006	23.5302154371632	27.661900970448066	3.692549128212229E-4
22.0	22.814485390450887	26.810639533635023	25.917857872376594	24.456971506569623	4.569696786909098E-5
23.0	25.270359322422394	23.670874504794135	23.398775623251062	27.65971767751348	2.728720189300415E-4
24.0	28.193147749870672	21.599638743905718	24.474244970710973	25.732923513566686	4.5021945947552136E-5
25.0	24.99825166181215	25.298253131752542	20.08032110625041	29.62295138194441	2.2271824049026524E-4
26.0	26.181894183474114	25.21644369895551	19.995890757924904	28.605727079019662	4.4280625809228436E-5
27.0	25.786871446360315	24.655930652463805	20.218066184380294	29.339043434465157	8.828233042398913E-5
28.0	27.632690684525123	23.537731255979395	22.94235722703727	25.885255901669623	0.0019649307885878566
29.0	27.954950859568644	23.635674604957945	22.151047626290733	26.257938003201126	3.889059815468433E-4
30.0	23.557128709302585	24.75382880524799	25.191676264067848	26.497065855621905	3.003657596764975E-4
31.0	26.233157641404127	24.471046675565052	22.54571802128103	26.749522934965537	5.547267842573659E-4
32.0	24.085917421885565	22.931446976870014	24.438446841606925	28.54380833220614	3.804274313539835E-4
33.0	23.616648856191038	25.159907399468405	24.99080895807672	26.232509311288776	1.254749750618487E-4
34.0	26.030416583962605	26.97529403623287	22.850436946772014	24.143769556315352	8.287671715378148E-5
35.0	25.49738793162487	22.169015320553015	25.490867500325	26.842524202487688	2.0504500943002E-4
36.0	24.118935196091485	24.598117439800067	25.810904100048138	25.471879385043994	1.6387901631620457E-4
37.0	25.168339448004684	25.643248546955068	21.263781557375875	27.924630447664377	0.0
38.0	27.146593043458328	25.480573199907642	20.983023758877444	26.389646245069	1.6375268759098507E-4
39.0	23.188551709009232	27.84312377322784	21.563810159924433	27.40439157830633	1.2277953216087065E-4
40.0	26.301872663773686	25.77262469591975	23.311216546057544	24.61420425599823	8.183825078922763E-5
41.0	24.32531064921718	24.34396678553135	21.69360896410985	29.6331450809169	0.003968520224724618
42.0	24.693195317587843	25.96831648498375	20.351172730218053	28.98731546721035	0.0
43.0	26.314480617060454	25.759075489123813	22.5589619458117	25.36461882413957	0.0028631238644646244
44.0	28.836482128383157	24.974174673267697	22.891708659234098	23.297552748689924	8.179042512209265E-5
45.0	25.818091566722217	23.988384473596838	21.795712624484196	28.394867383137367	0.002943952059376242
46.0	25.178630198591563	24.60544363699547	22.439231799180288	27.77665348174041	4.088349226790953E-5
47.0	25.30027691454893	24.564495254353414	22.97826625493308	27.155939600415657	0.0010219757489242684
48.0	22.56895093235473	24.075021556744296	22.74320298484285	30.61282452605812	0.0
49.0	22.196488426534124	25.95282352359498	24.374499188690788	27.47504473335488	0.0011441278252295713
50.0	27.665360588021393	24.562150412865215	20.216544843168418	27.555821583392238	1.2257255273684083E-4
51.0	24.79699472950196	27.06434648193643	21.293841499432588	26.843060728784636	0.0017565603443838679
52.0	22.95796577525892	25.909546976561764	21.496648506372548	29.635797971858135	4.076994863394172E-5
53.0	22.79276851868434	24.881355711450578	23.904361714078252	28.420252315496942	0.0012617402898909367
54.0	22.865061648253928	28.541991831784415	22.542565682505895	26.050340138823035	4.069863272943346E-5
55.0	24.231998782158623	28.352483888973463	22.35230121276704	25.06216065357487	0.0010554625260059877
56.0	27.016466500797552	25.401718490618112	24.693257136363084	22.888557872221252	0.0
57.0	23.004932045879837	27.582242362187404	22.973602008693682	26.434840624668993	0.004382958570084116
58.0	25.281313085202427	25.591121661239434	21.641721699787983	27.485681244103592	1.6230966655507876E-4
59.0	27.726482479647668	22.31528722504316	24.730261836609248	25.225736954321103	0.002231504378820183
60.0	24.07391880402638	22.975133434353374	24.021505036622802	28.929402219767603	4.0505229832749857E-5
61.0	25.56144950346515	23.882194125502075	22.545302552317505	28.005869556676743	0.0051842620385247375
62.0	25.60306118274958	21.868964173745127	24.849956117809203	27.677856524068783	1.620016273063463E-4
63.0	26.21057099165414	23.903026346482818	22.819295591208334	27.065163158986056	0.0019439116686537762
64.0	25.254243521705728	21.476570554673824	23.789627858534594	29.479558065085858	0.0
65.0	24.153829553963963	26.489019535419033	23.2671968950884	26.08595325740514	0.004000758123458546
66.0	24.66203861041931	24.034466747783597	23.342602107720104	27.960569251726632	3.232823503596718E-4
67.0	27.05001697134268	25.284310397775943	21.230503159902376	26.434482535680225	6.86935298776447E-4
68.0	23.566945894096143	22.756375549309794	26.578997981352153	27.097640169960773	4.040528113186506E-5
69.0	22.83075135381705	24.803205121212233	25.05370622442717	27.31011511333761	0.0022221872059389773
70.0	25.47890317227849	23.12904783243703	24.72347584500046	26.66845214638729	1.2100389672882098E-4
71.0	24.508167056723043	23.075373368398193	25.90099001938218	26.5147055275412	7.640279553807674E-4
72.0	27.336162547820898	25.965554883209464	21.77211220093722	24.925044579226384	0.001125788806040661
73.0	25.48085755761949	22.387730891025186	23.34436054437357	28.78355349564198	0.0034975113397759904
74.0	25.01415903378512	25.482442195166755	23.41198748618766	26.09064756124963	7.637236108369969E-4
75.0	25.32849188552393	24.706456411495196	22.048175192456796	27.915188381168356	0.0016881293557254313
76.0	26.80678257116021	24.008242490302774	25.477526272234485	23.707006558864798	4.4210743773419136E-4
77.0	24.365153172646668	24.93636058930054	24.03499986737603	26.66288353445289	6.02836223866045E-4
78.0	27.376784937105995	25.994366645461547	20.449744071776443	26.178662293295314	4.420523607002592E-4
79.0	27.715334885006847	20.508170396898368	23.304598440182343	28.469887032167218	0.00200924574522121
80.0	24.272762634031398	23.05918678644505	28.22724138429862	24.43880003021784	0.0020091650070963706
81.0	25.559838081928234	24.856650108933863	21.98245967920163	27.600730672577196	3.214573590831393E-4
82.0	22.645625226263387	22.27118819769986	24.261542596983368	30.820679660061483	9.643189919009258E-4
83.0	25.637026358547605	22.35281496945648	24.179399158185035	27.829996126815455	7.633869954212851E-4
84.0	23.50924613905547	25.812173349890905	25.112440555656217	25.56553732624695	6.026291504576166E-4
85.0	25.18891414439669	27.110354784981354	21.297945626471844	26.40226319345853	5.22250691580435E-4
86.0	25.851416818645607	24.799789505820726	22.989459222778365	26.357968650828724	0.0013658019265841296
87.0	22.161425236310233	22.75587622372791	25.896878278739226	29.185137399759952	6.828614626731857E-4
88.0	25.152408777653086	26.777031320415507	25.48646696812369	22.583731442438925	3.614913687910845E-4
89.0	26.50183348796485	26.379975821254003	22.518846971029685	24.59837978303391	9.639367175544925E-4
90.0	23.56828901540953	25.81983607294786	25.023334382912005	25.588540528730608	0.0
91.0	26.645424074063662	24.82082084654971	24.129486105432765	24.403746878471434	5.220954824282742E-4
92.0	25.45978147027263	24.381911380123498	22.560254705039483	27.598052444564384	0.0
93.0	26.639222966610166	26.121149840433798	21.160923929870386	26.07846231751887	2.4094556678228037E-4
94.0	27.828085370221938	23.50600505333631	23.108131116890128	25.55444544211874	0.0033330174328858792
95.0	23.756394261136826	26.445768594304585	23.932395809532835	25.8633532491219	0.0020880859038540844
96.0	26.205824319581893	24.441647988679975	24.051156937650724	25.30064799430144	7.227597859667354E-4
97.0	25.79659507526192	24.97204454082581	23.033692300835675	26.197507477207015	1.606058695824127E-4
98.0	27.943555364797906	23.220617243750937	24.4273690473944	24.408418193943515	4.0150113243394405E-5
99.0	21.88997990570211	22.105293157582487	26.86831611710408	29.136370679184058	4.014042727076404E-5
100.0	22.273835451157062	24.940695851398857	24.751926030166242	28.03354266727784	0.0
101.0	23.699757900347414	22.058962824538757	28.427765041323905	25.81335369025372	1.6054353619614567E-4
102.0	24.942070560525778	24.08327389536697	24.80540003122751	26.16925551287974	0.0
103.0	25.718877088041598	25.41072527250245	25.532814074647547	23.337342758492536	2.408063158680526E-4
104.0	25.100312314635925	27.42970914044045	23.01990032579931	24.44987755436209	2.0066476222429665E-4
105.0	27.17831690571299	23.312304320412643	21.188319165271665	28.318611418918564	0.0024481896841313565
106.0	25.727234016423544	23.183394891853524	25.053227417628438	26.036143674094493	0.0
107.0	26.110476337249132	23.976311764533545	22.459315945211724	27.453334087837987	5.618651676103995E-4
108.0	23.584465385157117	24.783979512112516	24.800753127296087	26.83076184716829	4.0128265989408544E-5
109.0	25.818662893742456	24.508184321686198	25.61229431858445	24.060417078795236	4.413871916659678E-4
110.0	24.627872684047386	24.10552819267923	22.954869644594687	28.3116893538906	4.0124788090962895E-5
111.0	24.509662300975858	23.66232505136107	24.66226085002568	27.16514991011813	6.018875192604007E-4
112.0	25.85012095432946	23.76904042631135	23.326069519950344	27.05472897523255	4.012417630081577E-5
113.0	28.608599636164918	21.786571484285037	22.905199856520262	26.699107424434406	5.215985953751056E-4
114.0	26.637340996580587	22.36231473508592	27.06815790761892	23.932025862656996	1.6049805757225823E-4
115.0	27.233876922089177	23.51028056884209	26.140493082084042	23.114747520143816	6.019068408718821E-4
116.0	26.610552875731468	24.5788355826601	24.917548761495922	23.89306278011251	0.0
117.0	25.84349150629875	26.578579677554753	23.882360211261105	23.694886444346537	6.821605388586732E-4
118.0	27.068505507654862	24.135329686843544	25.067202979683213	23.728801317134263	1.6050868412171855E-4
119.0	26.89209198926177	20.91523777803638	25.024738867509623	27.167489957986056	4.414072061732804E-4
120.0	24.901366899084454	23.73382064024038	25.16709041180323	26.197722048871942	0.0
121.0	27.722150104431464	23.65050670829212	23.8779486088846	24.74875254056375	6.420378280662824E-4
122.0	26.76411494600645	23.741471402941425	24.440492332237987	25.053640426362637	2.808924514968959E-4
123.0	24.32104259351477	27.723403580845495	23.22252821222964	24.732463836622472	5.617767876238969E-4
124.0	24.931293464482664	24.573806809540947	23.0156561418968	27.47912320469191	1.2037938767820664E-4
125.0	26.32071860381692	23.77141009066009	24.71621071790563	25.190858072857104	8.025147602527279E-4
126.0	23.966069321948204	23.830121903263862	25.062035038159973	27.141653358158045	1.2037846990939513E-4
127.0	26.020474698743932	22.7513282713032	27.692365103370626	23.53523003640633	6.018901759084228E-4
128.0	26.250904358859227	22.957693861836038	24.798312425238663	25.985866521246965	0.0072228328191077645
129.0	24.295497152615933	26.557193256161842	22.536627567300346	26.607632401754017	0.003049622167864045
130.0	26.500276679064726	24.249084190289388	23.83288183215713	25.41775729848876	0.0
131.0	25.781983903063647	24.60434818723874	24.52485466650241	25.08837183545764	4.4140773755661555E-4
132.0	26.501186567589407	25.869621221301877	21.596533312574085	26.027562717139464	0.005096181395165931
133.0	27.377426441820575	25.370785389685302	24.0247183571923	23.225464723172458	0.0016050881293701031
134.0	26.82608064087676	22.773090495271834	20.79197908900415	29.608849774847258	0.0
135.0	26.24717508683398	23.65182624215926	26.38890226442471	23.71169514050733	4.0126607471895325E-4
136.0	27.998992006272672	26.149933449140256	24.339838343808523	21.506099927008734	0.005136273769812273
137.0	28.67824179686983	21.26487770994921	24.26391425270669	25.792845858478124	1.2038199615018377E-4
138.0	25.402811121057805	23.935537380430652	27.090494921500234	23.570354064505153	8.025125061542678E-4
139.0	26.253093233788082	23.609012841609978	25.3038662061776	24.83274367780532	0.0012840406190199318
140.0	26.76813782592872	21.327040842736825	25.44397812100859	26.460762955790585	8.025453528410707E-5
141.0	25.470906146218063	25.22740733963509	25.429052280814957	23.872112564827344	5.216685045449365E-4
142.0	28.70252956293249	22.595358214297754	23.318921721431863	25.382869470443488	3.210308944081234E-4
143.0	26.772281073758066	25.27293798691631	24.090574560245397	23.864005733643985	2.0064543623929458E-4
144.0	28.244438389389188	25.172946958384784	22.523173628352747	24.059039731551486	4.0129232179310245E-4
145.0	27.731896044566547	22.299967013307842	22.994974946968476	26.972399529036718	7.62466120419886E-4
146.0	27.08328400674988	21.801560659658612	24.915496038155702	26.195686415358594	0.003972880077210316
147.0	26.576095920343544	24.661974933996174	26.27540179164421	22.483236693592563	0.003290660423507997
148.0	24.654771794223524	24.032819253319847	23.975993546911305	27.336014094059387	4.0131148593603903E-4
149.0	28.032752279881663	24.8053612735553	23.783407630480184	23.376351836185627	0.002126979897230752
150.0	25.544059749651847	24.024192027226064	25.26164552339138	25.17006256697154	4.0132759167325515E-5
151.0	26.655685951547593	23.97267503625121	25.710886921510763	23.66027048037819	4.8161031224000565E-4
152.0	27.49947022164	23.95605568773258	23.189964071394858	25.354349480335593	1.605388969693467E-4
153.0	25.078264345653878	23.23471758210532	24.985470926601693	26.700824705525385	7.224401137281281E-4
154.0	23.151784237827737	24.465579550179733	24.881877627951855	27.49875174795423	0.0020068360864448657
155.0	27.291690419260718	23.62036904706466	23.811901936445285	25.27591816154119	1.2043568814543493E-4
156.0	25.919492170140025	23.49965655163388	26.088506503438698	24.492144045175404	2.0072961199367462E-4
157.0	25.146936022610483	22.450138103802672	26.806670734840697	25.59597411356629	2.810251798561151E-4
158.0	25.238546994169365	21.18737325904957	26.142430029761414	27.431569421822388	8.02951972632185E-5
159.0	26.780635473794934	21.707404225250325	24.489750034126402	27.02184892843091	3.613383974240587E-4
160.0	26.541162508064996	21.19788766295111	25.784267160128817	26.476682668855073	0.0
161.0	24.323678674097035	20.639905567957346	28.97216824321069	26.061517336630963	0.0027301781039716063
162.0	25.456904855302927	23.192646641374406	25.00962612878656	26.340782223842524	4.01506935831563E-5
163.0	25.10180531274769	23.989756430136783	27.156060256860165	23.75225754435387	1.2045590149598199E-4
164.0	25.712867736960387	23.481440644312375	24.724579988749106	26.079786578351303	0.0013250516268220964
165.0	26.364703737641516	22.04398179565161	26.825554510651727	24.765318258877915	4.416971772338031E-4
166.0	25.146546607804414	23.16115027140938	25.600582090595076	26.091640719678566	8.031051256578435E-5
167.0	26.98876288084349	23.1262667007733	26.459373816624897	23.425275346162945	3.2125559536893997E-4
168.0	26.14942009447635	23.923969147202957	24.057535559145705	25.868994882631423	8.031654356148451E-5
169.0	26.643737994675586	22.058913889369695	26.020776364726522	25.276330791340385	2.4095988780907624E-4
170.0	31.127812724524983	23.200677596076112	22.933848036469385	22.737621481948242	4.016098127735214E-5
171.0	25.18626775326872	23.218448138206014	26.94882335648226	24.645778011248357	6.82740794646027E-4
172.0	27.249214979240115	24.376279925151984	24.444984299584803	23.929440486993954	8.030902914414667E-5
173.0	28.615580938338468	19.610006737868023	23.648190131553058	28.125138029924486	0.0010841623159634469
174.0	24.384305883486725	25.825944843315824	23.771864308774635	26.01752357088935	3.613935334650412E-4
175.0	25.930414571482036	24.284504990294085	23.061808649307654	26.721866298508495	0.0014054904077287515
176.0	24.485479289660432	24.20031379849992	28.107735610909135	23.20518622900865	0.0012850719218612018
177.0	22.287974224715214	26.44838376320925	24.410451007238656	26.83130193382914	0.021889071007744718
178.0	25.53488773713159	22.924156045487496	24.00081930507668	27.53989594022286	2.4097208137627187E-4
179.0	28.47118289780117	23.87526018256763	22.875902053263218	24.776851523820312	8.033425476723551E-4
180.0	26.438433313835162	22.15371005090473	25.76542410135182	25.64231167747123	1.2085643705555047E-4
181.0	28.5213694389342	21.986012496106063	26.00168992806104	23.490322861805204	6.052750934948261E-4
182.0	25.74125294096764	22.860072874676856	25.58770941787398	25.810924423989906	4.034249161683024E-5
183.0	23.863815135040067	24.357997968570118	26.37502712741454	25.40279672550929	3.6304346598403734E-4
184.0	26.640712956564848	21.625200834681642	26.34132154161972	25.390061996047645	0.002702671086138968
185.0	25.164470698986857	24.161412195374773	24.61976423345623	26.053909201606736	4.4367057540443597E-4
186.0	26.95127804870178	23.0939790333055	25.54931690848147	24.405426009511245	0.0
187.0	24.11309593098453	22.541501759014952	28.228835234621553	25.11608205287392	4.850225050442341E-4
188.0	27.502767392338434	28.005687147862208	22.165569880748528	22.325490603394588	4.849756562427885E-4
189.0	25.170532418438075	23.56756608194367	24.96654424142629	26.294589321722135	7.679364698283823E-4
190.0	29.003930565930354	21.49102809117749	24.83819358886054	24.666686068884342	1.6168514727900066E-4
191.0	26.499210430416646	23.950520306110054	24.89630319472001	24.653804105761836	1.619629914564522E-4
192.0	26.655065740158413	23.258899229471158	24.37919721966531	25.706797314103387	4.0496601727666026E-5
193.0	27.9464507393542	24.258286522485612	21.585643296277528	26.209457431594192	1.6201028846336886E-4
194.0	27.933818081952516	23.428499443650303	24.319509585943774	24.318172888453404	0.0
195.0	26.33034666718524	21.472436134284916	24.933233507704074	27.263416499750438	5.67191075329457E-4
196.0	28.53442715635799	22.31246253149791	26.186888420628513	22.966140658990735	8.123252485309099E-5
197.0	25.06564899885277	24.18950298507948	23.801458902751733	26.942779747608846	6.093657071729655E-4
198.0	27.526873231917133	23.10686952077426	24.37439571851307	24.991780144083496	8.138471204461185E-5
199.0	25.758459707611564	22.99704056493043	25.544339953025748	25.699752082591843	4.076918404147368E-4
200.0	27.21517955141095	23.516758077326404	24.283678019201947	24.98434358013396	4.077192673447853E-5
201.0	25.16420550386595	21.089005927259073	28.964346335900302	24.782238364945787	2.038680288856533E-4
202.0	25.785631887926424	25.022906235511577	28.00020714495131	21.191254731610687	0.0
203.0	25.97721018982535	24.388547663546827	22.983192351838905	26.650478744276242	5.710505126809924E-4
204.0	25.95160692220172	23.30097364623928	24.47239241529294	26.274904632274858	1.2238399119487978E-4
205.0	27.453426588946407	23.924805318572577	25.439991449030348	23.18100150784274	7.751356079347776E-4
206.0	25.187838164798183	21.384520788783608	25.93307065571075	27.494570390707462	0.0
207.0	25.68114962706163	23.43001289849768	26.788029247476103	24.10060420137652	2.0402558807315377E-4
208.0	28.195886576172374	22.623831051929802	21.927839381137577	27.252442990760244	0.0
209.0	27.273640200158226	20.6214979862528	25.125752042526685	26.978497441687878	6.12329374419818E-4
210.0	24.63950311715429	24.63105133985168	24.826626283230897	25.902492621026795	3.2663873633272073E-4
211.0	25.13939260275763	25.51623864601712	25.40192282558975	23.941751617329935	6.943083055610011E-4
212.0	28.50695836341875	22.14535883677625	24.630649162573214	24.716747595924975	2.8604130681648694E-4
213.0	29.643218726948284	22.839415306257635	22.809115844533093	24.708045672451778	2.0444980920743803E-4
214.0	27.689161102292413	25.18354557548868	24.500597666379804	22.626695655839104	0.0
215.0	25.68649502974521	25.162820106195678	23.104596711224648	26.045718876464335	3.692763701281676E-4
216.0	26.122590288387983	24.199589112944185	26.11550030992742	23.56232028874041	0.0
217.0	29.352589912257766	22.77616841488794	25.506698319406823	22.363957708034846	5.856454126185671E-4
218.0	24.59458271560694	24.071677674452413	25.666848674078818	25.6667218887298	1.6904713203088153E-4
219.0	26.73082410202977	22.76809876446325	24.53369352939395	25.96687180042727	5.11803685754243E-4
220.0	27.951156870718158	21.764011999113904	24.94782202199895	25.3367520210263	2.570871426863635E-4
221.0	25.504233680512982	22.726177667788626	23.98604949166475	27.78336646248059	1.7269755304837086E-4
222.0	25.435801680078352	24.864897879942674	24.358823901524985	25.340389284319777	8.725413420994653E-5
223.0	30.085748104139583	22.408108761265353	24.36143152235078	23.144182411848444	5.292003958418961E-4
224.0	29.65032137985453	22.816333138128762	24.84444082736072	22.688904654655985	0.0
225.0	31.056831285679714	19.715977036857765	23.624106672551	25.602462167048675	6.228378628475435E-4
226.0	24.922708542905816	22.60389731679708	25.669810535222805	26.803538596218807	4.500885549231811E-5
227.0	27.466157906127858	23.43352436103326	25.598272566397434	23.50104486271286	0.00100030372858668
228.0	27.28622979109236	28.145268318721257	22.909735373905924	21.658766516280465	0.0
229.0	27.66701972811503	25.15254006049058	21.704521675483985	25.47591853591041	0.0
230.0	25.73681805780017	23.013720533203934	27.79933691139033	23.45007801726001	4.648034555348099E-5
231.0	24.851868244162045	25.131893941857786	24.3383856737703	25.676720913691657	0.0011312265182120398
232.0	25.022841355584074	25.20780062519173	24.77093451133249	24.998376094595216	4.741329649004107E-5
233.0	22.40373630707654	25.565529554068068	22.545805410908855	29.484448926852885	4.7980109365861284E-4
234.0	27.17133483011058	21.4816631783044	26.689872565867628	24.65610534919059	0.0010240765268005702
235.0	25.73963737350095	21.805290961397727	27.813249031906352	24.64172387332269	9.875987228373315E-5
236.0	28.627897547814857	23.203758115136075	24.143086679914507	24.02510749270451	1.5016443005090574E-4
237.0	27.398135506604277	24.82072081680642	22.543456910064453	25.23758567161644	1.010949084054856E-4
238.0	27.311002754250534	22.679669489935762	24.20834516386612	25.800982591947587	0.0
239.0	27.40952075853203	23.635530602140964	24.24066708548463	24.713033420841324	0.001248133001052592
240.0	25.47224761789213	21.708546706171177	26.637090180545762	26.181900758076402	2.1473731452735512E-4
241.0	29.086294689185337	21.67717860618672	23.29381274229886	25.9409395684459	0.0017743938831803591
242.0	26.303839110268925	24.38676311599897	21.23146438499538	28.07717886780901	7.545209277158172E-4
243.0	27.524648806176018	23.44841782461623	25.2631015921435	23.761292473233304	0.0025393038309450373
244.0	26.57056735706681	22.840500346048493	25.824153210127793	24.76380430226551	9.747844913953607E-4
245.0	28.899074850535033	21.363435292457414	23.405928663893118	26.329932886634587	0.0016283064798456365
246.0	24.407185146664286	26.901272229197083	23.532323586176286	25.15682558470975	0.0023934532525941767
247.0	25.434945089716805	23.139133328605173	24.796316401071472	26.495016339423564	0.1345888411829852
248.0	25.713178921418645	23.579597608203443	23.74607705151629	26.953005481200442	0.00814093766117964
249.0	25.270325114075114	21.148593804843806	28.953580203580202	24.61384477009477	0.013656107406107405
250.0	26.697420948964158	21.968153160282792	25.246210122753332	26.08739140374943	8.243642502901761E-4
