# Position (bp)	A	C	G	T	N
0.0	24.64698121231286	23.358503527461863	25.227131470193765	26.767383790031513	0.0
1.0	23.377246655896467	30.968550762411528	24.225712773025386	21.35154944506627	0.07694036360035195
2.0	25.143818382106836	25.22375659788153	22.154746521117012	27.47719107074965	4.874281449676293E-4
3.0	26.401440099209722	21.58282139545051	25.315143441802483	26.692046232941568	0.008548830595723637
4.0	25.499011921801284	22.964277838076253	24.618714244325577	26.91788789096114	1.0810483574551257E-4
5.0	29.10136743739102	23.740505406587236	23.087072237188035	24.070407100093394	6.478187403164595E-4
6.0	25.9655283508626	23.730829778453497	24.01028158527348	26.28813436960909	0.005225915801337619
7.0	25.908107428342948	25.459145779792745	24.070180756237576	24.562136098687727	4.299369389994722E-4
8.0	28.723101491828825	24.2995943677582	23.14278534139371	23.834465101343625	5.3697675642412146E-5
9.0	26.297647372078238	26.635971907544985	21.74020425908534	25.326069311794857	1.0714949658487767E-4
10.0	23.921213752594785	23.598735130315934	23.713684363746896	28.766366753342382	0.0
11.0	27.285977437349096	22.52284364332695	23.262009824327702	26.92906502372825	1.0407126800432937E-4
12.0	28.201388639430995	24.891079556825936	19.922511251263682	26.985020552479384	0.0
13.0	25.81634488471838	23.6095143756856	24.7323606828989	25.841628053677333	1.5200301979332657E-4
14.0	27.687625912734504	21.542709449536652	22.99523425456411	27.7743803805896	5.000257513261933E-5
15.0	24.625140941102853	23.64898237080153	24.947067146014	26.778760347979404	4.9194102217473354E-5
16.0	25.339695934534994	24.55243824384042	22.531782631537254	27.576034590933634	4.8599153694337564E-5
17.0	28.431006145440023	26.55247035671665	19.029541896172883	25.985841886342836	0.0011397153276040478
18.0	27.291753064057477	24.505540181200335	20.446490732158754	27.755933588434132	2.8243414930128143E-4
19.0	25.064234723938217	24.680933972417705	24.11193093842178	26.142385176040143	5.151891821512239E-4
20.0	22.889934426824045	26.26921036468134	24.577642815661868	26.26316589692695	4.649590580301451E-5
21.0	24.280592436681168	24.377039491922094	23.971536085961908	27.37050802699592	3.239584389090746E-4
22.0	23.547546540774597	25.605191809062266	26.239026388973645	24.608235261189492	0.0
23.0	25.26601628275611	24.32101857726082	23.753105808662074	26.65944796593529	4.1136538570532707E-4
24.0	27.896642117089005	21.378422850398884	24.170402060802758	26.55444218744681	9.078426254808729E-5
25.0	26.09675017536962	25.113019719040587	20.21097313422654	28.57894280953131	3.1416183194047444E-4
26.0	26.499969384503373	24.928388789096772	20.12685095258889	28.444790873810966	0.0
27.0	24.23366197836222	24.97565482284202	21.509766607334587	29.280872003224623	4.4588236553079615E-5
28.0	27.099183098367874	24.318197258054983	22.424562985418582	26.155762734145675	0.0022939240128847945
29.0	28.952835347024656	23.10132211732835	22.79781513435123	25.147634031070126	3.9337022563279065E-4
30.0	23.63003742789728	23.629299804139198	25.668395598902766	27.07205022089662	2.1694816414124542E-4
31.0	25.859313188961835	24.37490844809639	24.15086284563409	25.614483413927815	4.32103379869427E-4
32.0	24.147589714249936	23.3434820704453	23.870961931299384	28.637666067806833	3.002161985509851E-4
33.0	23.605985540605374	26.515573669649278	24.84950369530634	25.028851954036103	8.514040290992869E-5
34.0	27.57590796912356	26.239971790262977	22.42644425504213	23.75763360315393	4.238241739984717E-5
35.0	26.273292576785543	22.438597779012824	26.145821754768622	25.142078164487273	2.097249457336703E-4
36.0	24.38303889176653	23.4684512524453	26.350885839145892	25.797456386942986	1.6762969928908243E-4
37.0	24.887813375754284	26.717321547750174	20.687963446704913	27.706901629790632	0.0
38.0	26.54820181190577	25.42661965937445	20.582123629960407	27.4430130127321	4.188602728204501E-5
39.0	23.53016310140161	25.757977403585823	22.977585754183277	27.73423186304625	4.187778304041918E-5
40.0	25.65236633927446	25.55828138143683	23.513242028634153	25.27594276519334	1.6748546121518238E-4
41.0	24.785852445426915	24.004957003022767	22.304797072688757	28.899704421948137	0.004689056913428287
42.0	24.729225177736204	25.3903959028681	21.656794875068705	28.223500320036106	8.372429088665279E-5
43.0	26.687774221714715	26.009968882820424	23.10812654821991	24.19057242383323	0.00355792341172206
44.0	29.499238912119356	24.172335240273163	23.140545329824977	23.187754960254765	1.255575277387968E-4
45.0	25.491961813067483	24.56319113803386	21.89923664633233	28.042179035350618	0.003431367215713318
46.0	26.063961324115148	24.194227990726024	22.136914607351816	27.604854235279696	4.184252732212428E-5
47.0	25.880346142919723	24.238874261488274	22.207420492186348	27.671769219086478	0.0015898843191801554
48.0	21.818772733508897	24.242118771395013	22.247551389860227	31.69155710523586	0.0
49.0	22.051900849260008	25.720888115588032	24.132493762822026	28.09300244049847	0.0017148318314613087
50.0	26.283465456058654	25.0805805732544	20.613194428470756	28.022675898180115	8.364403607567276E-5
51.0	24.876357537161738	26.96825377576294	21.039980831079745	27.113066103084797	0.0023417529107779595
52.0	23.03736964683126	26.7828875505996	21.956701510957718	28.222999568583894	4.172302752301234E-5
53.0	23.3558781239701	24.523574118030375	24.023013935605476	28.09582556806748	0.0017082543265707296
54.0	22.013365218767966	29.10626348812212	23.00004999458392	25.880196312066197	1.2498645980018832E-4
55.0	23.241738957066044	27.82538986972152	23.33623394883148	25.59518345527687	0.0014537691040836373
56.0	26.44726262700095	24.905808320763366	24.622942567994098	24.023986484241583	0.0
57.0	21.93939036554646	28.76781616450712	23.09421751729396	26.19342659212829	0.0051493605241716795
58.0	24.13139348662933	25.819174719488586	22.597990590312364	27.451150550434754	2.9065313496395276E-4
59.0	27.568717732610644	21.79719627914315	24.494132447059165	26.137296379409484	0.0026571617775581926
60.0	22.74938012588213	23.94778959938303	24.11700072145884	29.185788090124305	4.1463151697086796E-5
61.0	25.268239898508305	25.36235188762946	22.8580194194078	26.505418694704026	0.005970099750416663
62.0	24.866853854097442	21.685482831225784	24.82660012710394	28.620938819724245	1.2436784858960642E-4
63.0	26.655062375483247	24.643228154072045	22.502970162407568	26.19637644331653	0.0023628647206057557
64.0	25.10452826192706	21.322152214989856	24.711813058628486	28.861423735319715	8.272913488489069E-5
65.0	23.273553413766905	27.0426207485856	22.76383657462343	26.915150179108142	0.004839083915919056
66.0	23.422439413352347	25.339524273121523	22.47088639843305	28.766281407908046	8.685071850358694E-4
67.0	25.786883984910354	26.38922087836558	21.736194223355536	26.08712194210122	5.78971267310207E-4
68.0	22.67541730383226	21.51168897332051	27.330702793990064	28.48190146477098	2.894640861908263E-4
69.0	22.302931715964146	24.907118841984392	25.16071489857191	27.626464131643353	0.0027704118361917504
70.0	25.60598562614353	24.01081196646458	24.060381258432663	26.32224332207534	5.778268838910533E-4
71.0	24.195678703652256	23.361259798443772	25.65588091842468	26.786275078768274	9.055007110238538E-4
72.0	27.23233650136755	26.96244862953095	22.053065601930616	23.750750031482802	0.0013992356880823803
73.0	24.021416303679633	23.424987388377886	23.258834924770543	29.290975839176923	0.0037855439950162492
74.0	23.534217901227457	26.72043957418308	23.656980083234735	26.0872516575363	0.0011107838184304542
75.0	25.919778187779347	25.12920191617456	21.666430127299314	27.282491767401584	0.0020980013451890977
76.0	25.79568602672827	25.097121165750163	25.045290302198612	24.06079184396113	0.0011106613618189177
77.0	24.118891948756023	26.32364162123141	22.3758645724287	27.18106712352151	5.34734062354105E-4
78.0	27.25270377100682	26.851426065940174	19.528354736730403	26.367021849809603	4.935765129971036E-4
79.0	25.734781206711045	20.87946709134402	23.862024829147433	29.521012315862556	0.002714556934952635
80.0	23.64625333326753	24.627109972741646	28.043616659017218	23.6808814796171	0.002138555356505403
81.0	25.45652241857772	24.74198525771042	22.37757665184542	27.423545551898222	3.701199682190321E-4
82.0	22.00842935164559	22.575471647679585	24.50408986812329	30.910610957334683	0.0013981752168508077
83.0	24.837460004942713	22.83870431845873	24.130635648471973	28.19245985485202	7.401732745635753E-4
84.0	24.37357574780693	26.44275564992775	23.94733833940932	25.23530229303061	0.0010279698253849335
85.0	25.055342664013292	28.419938160946007	21.352359258589214	25.17186651974409	4.93396707399306E-4
86.0	26.37914326792581	24.06054543682926	23.30816773829097	26.250334561394638	0.0018089955593270373
87.0	21.29504967915843	23.562626078670213	26.816838087752192	28.32495172679731	5.344276218505255E-4
88.0	26.127651178038718	25.825963097780402	24.974338631407377	23.071430479991943	6.166127815608114E-4
89.0	25.74482568119488	25.71325691060119	23.840382047892454	24.70046662589034	0.0010687344211405534
90.0	22.36232272447775	26.891993870779995	25.15787509412496	25.587520592403585	2.877182137138009E-4
91.0	26.742760427134492	25.3831506203528	23.095487928530886	24.778148916730476	4.5210725134820433E-4
92.0	25.88160059970705	23.96728078553733	22.21287463196432	27.9382439827913	0.0
93.0	25.4452307144774	27.225948089191217	22.50184832134613	24.826767391789467	2.054831957897315E-4
94.0	27.16161759786569	23.963029293338582	23.419424620672594	25.451736798025465	0.004191690097666379
95.0	22.668098357664686	28.568604873831205	23.244267688410783	25.516892227857486	0.0021368522358460253
96.0	26.358308298374794	23.448335940585068	24.07691166614686	26.11533462606997	0.0011094688233096934
97.0	25.191273176720802	25.73230301944535	23.644035481893354	25.43218287277108	2.0544916941009792E-4
98.0	27.69752528682784	23.799920863743885	23.873921070007647	24.628591691021814	4.10883988138601E-5
99.0	21.140936840453524	22.816806178674504	26.825616425639097	29.21664055523287	0.0
100.0	22.483277300051547	24.83552503219261	25.44680466530982	27.234393002446023	0.0
101.0	23.42589630028796	22.709012146450718	27.497111557343956	26.36793892314586	4.1072771504368294E-5
102.0	24.452678125815126	25.195681151145333	24.272883552514024	26.078716093401166	4.1077124354832414E-5
103.0	26.25605835902613	25.461638641087635	24.960541862999047	23.32151471604721	2.4642083997471724E-4
104.0	25.358183369843683	27.687905094446403	23.23672259444435	23.716696113146764	4.928281188011464E-4
105.0	27.64325078261498	23.787470438880458	20.22284504675154	28.34298373655837	0.0034499951946495504
106.0	25.539713863864584	24.895527659757974	24.740816188232976	24.823819077522067	1.2321062239845906E-4
107.0	26.243697372003826	23.506990234083823	22.679480897959955	27.56917438396778	6.571119846137228E-4
108.0	23.649801676918152	25.095589261811103	24.981358451519657	26.273045306353733	2.0530339736061953E-4
109.0	26.16016501292448	24.915260082572154	25.101244494368736	23.82259139922683	7.390109078009991E-4
110.0	24.864136793455906	24.289730391895255	22.844313368414053	28.0016552362858	1.6420994898817937E-4
111.0	24.53548904348983	23.694010014166963	25.282959536509182	26.486966681157938	5.747246760913304E-4
112.0	26.035594288329744	23.702159014640415	24.147877827562073	26.114081520813283	2.8734865448992535E-4
113.0	28.49543028021731	22.230080721796117	22.492585621956	26.781041358375628	8.620176549425424E-4
114.0	26.23923687736444	22.96773197772173	26.85394992643968	23.93838338062211	6.978378520386717E-4
115.0	26.257341703090383	24.16453296977355	26.60571210876579	22.97187953756969	5.336808005868847E-4
116.0	26.097708663890163	25.568749320070694	24.9196708423734	23.413665911987895	2.052616778500071E-4
117.0	25.69389650237573	28.120820302461286	22.985678288192943	23.198989113594173	6.157933758696029E-4
118.0	27.62463940240249	23.728276393773605	24.834690607569236	23.81169569852789	6.978977267828926E-4
119.0	26.47296571095687	21.87506542887886	24.439836426776516	27.211680845831705	4.515875560533054E-4
120.0	25.2521678015073	24.28639693777767	25.207379023087363	25.253892025791114	1.642118365533906E-4
121.0	27.120336311087755	24.07838774303731	23.671875	25.128949356279556	4.515895953757226E-4
122.0	26.83439403108114	22.62123032180565	24.821599971754868	25.721913541980555	8.621333777810986E-4
123.0	24.972986465315934	27.054917120176565	22.833785474764927	25.137695129681386	6.158100611868876E-4
124.0	25.25929623815185	25.534357162093812	22.492634935857435	26.713506394550674	2.0526934622534305E-4
125.0	27.7273710687796	23.051514192358898	23.753855425594235	25.466397192277203	8.62120990059745E-4
126.0	24.71787688396825	23.300938987181297	26.998673134588163	24.982305724241897	2.0527002039562924E-4
127.0	24.690074713783275	23.372699807745125	27.89489738401177	24.0414249111904	9.03183269433117E-4
128.0	26.369860623529988	22.948570415107785	24.91398022068523	25.758187223214605	0.009401517462394957
129.0	23.782357766233382	27.06573654638655	23.06185940305787	26.087500933979356	0.00254535034284227
130.0	26.804976970406592	24.34785750267163	24.15108267211434	24.69604180017974	4.105462769816145E-5
131.0	26.282701577361145	24.762242192121857	24.297585534307945	24.656854876287937	6.158199211175736E-4
132.0	25.286181311045613	27.245758136712617	21.989949014299725	25.472117567219716	0.005993970722326843
133.0	27.705989553290898	24.76209986817424	23.502591150061726	24.027800414731807	0.0015190137413267394
134.0	26.351292821199795	23.357200949011762	21.412703932224236	28.87872018891558	8.210864862712287E-5
135.0	25.36429420076968	24.818273704884543	25.824963071771727	23.992181643365686	2.8737920836060014E-4
136.0	27.156919537379654	27.42549913230973	24.134968020471494	21.276414055966537	0.006199253872583574
137.0	28.585334571559713	21.576464173956026	24.15066948798354	25.687367545495377	1.6422100534457262E-4
138.0	25.80743027573594	24.665690961452803	27.30510356775575	22.22037937553498	0.0013958195205359947
139.0	26.28838299989654	25.036948178947423	24.12272707119175	24.55091541166019	0.0010263383040950078
140.0	26.98060612032088	22.243022883464295	24.90245584649112	25.873833041850382	8.210787332397304E-5
141.0	25.858088057792134	25.235162355630514	24.862137711206834	24.044324491206865	2.873841636546069E-4
142.0	27.736761789182975	23.079140034100085	23.37489854341808	25.808912249961104	2.8738333776040525E-4
143.0	26.066293311590556	25.93758557422331	25.020045152398584	22.975870686289362	2.0527549819337036E-4
144.0	28.91362226496507	24.07696997440219	23.209477143637187	23.79939690157672	5.33715418833175E-4
145.0	28.088143946220928	22.264335769414096	22.690776489966304	26.955963744943535	7.800494551354557E-4
146.0	27.699690689736435	22.06046453195782	23.91883048368834	26.31612871970841	0.004885574909001036
147.0	26.33446741389808	23.79475372442212	26.281054641553496	23.586768248098018	0.002955972028293579
148.0	23.87451153632347	23.909203850395247	25.54885704221131	26.666811731175212	6.158398947652788E-4
149.0	26.65199286920777	26.01174889166435	23.724377307920648	23.610197591263713	0.001683339943521892
150.0	25.70392146396942	24.364563531329424	24.049975980981863	25.881497965568634	4.105815065877803E-5
151.0	25.982774173495777	24.264707995675682	25.960438163536548	23.791669078873625	4.1058841836824774E-4
152.0	27.39861803469243	23.884374446985998	23.458551100238676	25.258292181906345	1.642361765489627E-4
153.0	25.887076211424258	24.08793919608327	24.451930013578316	25.572274451950545	7.801269636103618E-4
154.0	23.336273186242146	25.35430154678965	24.808457907547375	26.498380617336263	0.0025867420845692214
155.0	27.425097762850857	22.402005113812304	24.297795376870553	25.87506067826597	4.1068200317539324E-5
156.0	25.31506246216499	23.710365129938882	25.637332571088756	25.33678807547207	4.5176133530794104E-4
157.0	24.32582280789225	23.295264598787462	25.866013058474003	26.51277632619736	1.2320864891859768E-4
158.0	25.048801914538227	20.593607062139117	27.20955724866039	27.14799270425239	4.1070409878583546E-5
159.0	26.73608258939573	21.49822243542775	24.815220355578628	26.94998176435605	4.928552418440672E-4
160.0	27.213890932180384	20.605413921571287	26.19930942908177	25.98126250360913	1.232135574341516E-4
161.0	24.740633224575895	20.52796643305175	29.695216315587142	25.0325697312607	0.0036142955245164242
162.0	26.18068233858994	23.543659114105758	24.415136884604564	25.860439517561606	8.214513813731793E-5
163.0	24.94739509721895	24.01096005641858	28.016038385663045	23.025606460699425	0.0
164.0	27.253209541052883	24.98032543941221	23.601545377176524	24.163276672789465	0.0016429695689176443
165.0	26.212198447087992	21.889462535371408	27.895526146189624	24.002237810035066	5.750613159128092E-4
166.0	24.742957043531554	23.107083500039845	26.65158571781839	25.498127273130578	2.4646547963414666E-4
167.0	26.861436206266198	23.510206093668483	25.907087371063085	23.720941696483223	3.286325190093373E-4
168.0	25.37577328841321	23.871817444984014	24.572239382445577	26.179923401363954	2.4648279324160615E-4
169.0	26.25841604048327	22.085695000926385	26.2218125036203	25.433871047916945	2.0540705310306378E-4
170.0	31.15932740934281	22.478996947624857	22.873587300804793	23.487800769872276	2.875723552586713E-4
171.0	25.647440843145908	23.218474669716638	26.9323394636752	24.20092337195917	8.216515030881772E-4
172.0	27.886079204455548	24.402121627139476	24.005959682183146	23.70559301466752	2.4647155430713145E-4
173.0	28.41288397537694	20.13924203500891	25.407830711129257	26.038441284454166	0.0016019940307237808
174.0	24.575077541494096	26.758233610720545	22.770643535867485	25.895675626606334	3.696853115399735E-4
175.0	25.793992950135415	24.76313202619319	23.438109114749466	26.002958461994112	0.0018074469278126235
176.0	23.923284979065475	24.96224719174976	28.181054087984176	22.932099171163593	0.0013145700370051467
177.0	23.156890529920034	25.348781887705318	23.473410324116433	27.99511580047585	0.025801457782364704
178.0	23.785805233335676	23.318858604123346	25.614559695829364	27.280488862100572	2.876046110414697E-4
179.0	27.55572740660872	24.07755157723107	23.815309792113187	24.550301771179868	0.0011094528671549357
180.0	27.256871839518293	22.081479396945173	25.514463484989758	25.14702046894101	1.648096057630623E-4
181.0	27.69517219631511	21.916097274263464	26.018611846498906	24.36933445271876	7.842302037595171E-4
182.0	26.94638090398871	22.799126415849006	25.61639815360205	24.638011972775413	8.255378482273433E-5
183.0	23.055023293406105	23.90007487903362	26.60467750417531	26.439728982478965	4.953409059950284E-4
184.0	25.17149208537761	21.98306235719313	27.183657630917907	25.657535971334394	0.004251955176961833
185.0	25.02499469559309	26.57879376548495	23.945743966804734	24.450013498374005	4.5407374322707736E-4
186.0	26.360605791638886	23.711867100692118	24.987109279048504	24.940376545286785	4.128333371176389E-5
187.0	24.88678479575758	21.720564977687907	28.180915972744785	25.21111372651873	6.205272909971005E-4
188.0	28.473688565282146	26.602598047327486	23.070412046996523	21.8530531193116	2.482210822439186E-4
189.0	25.572052936513582	22.38039720588941	25.161930656940346	26.88470901300906	9.101876475952015E-4
190.0	29.433827520919394	20.514163621438406	25.7306065300286	24.321236826077747	1.655015358542527E-4
191.0	25.1891503139628	24.04237928164516	25.523019312533947	25.245202523302268	2.4856855582911907E-4
192.0	28.037284440524168	22.811364147657855	23.706684575837286	25.444583974302937	8.286167775839275E-5
193.0	26.844806646935027	24.440256685325124	23.478411839314354	25.2363176503688	2.0717805669468958E-4
194.0	28.13580392717508	22.77865145026179	25.325037243311225	23.7605073792519	0.0
195.0	27.086297614138193	21.019001100401823	25.1414254659093	26.75257123081291	7.045887377707227E-4
196.0	27.582782392965697	22.819697836367386	26.851650160626278	22.7456201903571	2.494196835363055E-4
197.0	25.50707223575782	24.07254342710317	23.927855711422847	26.491821817909678	7.06807806484338E-4
198.0	28.232381564626813	21.715198848850893	24.34113284597135	25.711120196987725	1.6654356321618938E-4
199.0	25.268009593767054	22.90395050230414	26.414321217613946	25.413176241239512	5.424450753497936E-4
200.0	27.144013653984985	22.723035257493628	24.422230289980263	25.71059560919224	1.2518934889019643E-4
201.0	25.334546349891284	20.32346644520768	30.05667235615947	24.28489752653126	4.1732221030535465E-4
202.0	24.841964852883113	25.698814600753096	28.57612690558292	20.88305190430996	4.173647091427078E-5
203.0	24.908752001235705	24.230158282871926	23.625873812043523	27.234506208788112	7.096950607311112E-4
204.0	24.370639063966518	23.425595625787015	25.309378037415954	26.89426201856435	1.252542661603054E-4
205.0	27.33783751621635	22.784314888062802	25.87493147064313	24.002081037712962	8.350873647523819E-4
206.0	25.153613519493067	20.997216290006957	26.297916268208326	27.551045123162254	2.0879912939115007E-4
207.0	26.446388685164983	23.685215101816475	26.91337121205793	22.954732640913367	2.9236004724538363E-4
208.0	28.676934696184432	22.119108418344435	22.170196536785326	27.03376034868581	0.0
209.0	27.326436906467904	21.38708424029981	24.74788072746719	26.537887871786626	7.102539784667706E-4
210.0	24.063346567097945	24.99952990258328	25.477316023719652	25.45930606935462	5.01437244502054E-4
211.0	26.84223087819585	26.54692554334719	24.932589712841164	21.677334301940405	9.195636753956946E-4
212.0	29.265328035899007	21.13214679055594	25.76423796975913	23.837910886361335	3.763174245838975E-4
213.0	29.85572083940284	20.672650129729085	24.155547727837494	25.315830295444297	2.510075862859495E-4
214.0	29.00508740005099	23.975455900617998	25.198558465332383	21.82085637272939	4.186126924205567E-5
215.0	24.92931066578787	24.674602655503957	23.657028431703033	26.738722829049205	3.354179559294348E-4
216.0	26.046712040429647	23.164091231090968	26.84641613932095	23.942695852300268	8.473685816066786E-5
217.0	29.381477735334578	23.47390651083011	25.08526345396667	22.058543812968896	8.084868997463478E-4
218.0	24.758858562920434	23.88714169415999	26.16774497622006	25.185869146064526	3.856206349886456E-4
219.0	27.215910954446663	21.80480201070604	25.17439180803005	25.804204737104676	6.904897125663949E-4
220.0	27.94147462323444	21.478756088812183	24.625833718893123	25.953502355813633	4.332132466213699E-4
221.0	25.3903383536271	22.16744682680794	25.088692923642668	27.353216321680623	3.055742416629525E-4
222.0	24.561639314064514	23.92264562776282	25.4380742404899	26.07737640650222	2.64411180538632E-4
223.0	30.541672270951043	21.165667396782442	25.366965571730532	22.92480401335052	8.907471854615808E-4
224.0	29.344375338925747	20.956200193257413	26.209320541745612	23.490014661676785	8.926439444150615E-5
225.0	30.60865395173525	19.243020121143672	25.16884147120317	24.978364000206163	0.0011204557117470816
226.0	24.47262170425433	22.210964023475537	26.640487951408144	26.675699442696477	2.268781655176044E-4
227.0	27.962445441983903	22.730770355531835	26.348962940759318	22.956359070338717	0.0014621913862305437
228.0	26.759769820666772	27.560864374600257	23.932263922573707	21.746918355342785	1.8352681647960698E-4
229.0	27.69616063731591	24.720984875573897	22.39752968015013	25.185324806960065	0.0
230.0	25.075832156921017	21.633804517423286	28.311492309978455	24.978871015677242	0.0
231.0	23.943768757207973	26.08846550321942	25.17662914871885	24.789629656838162	0.001506934015597709
232.0	26.08325424293917	24.785508745408492	24.135309930154182	24.995548205358446	3.7887613970678775E-4
233.0	23.584492057614195	24.40880598475415	23.390465299669412	28.61575698736164	4.7967060060515244E-4
234.0	27.64773005015604	20.260093287013433	27.42214739660348	24.668712066476633	0.0013171997504150398
235.0	25.653000386271536	22.505624526375072	28.024589672494816	23.816588839013228	1.9657584534985096E-4
236.0	26.25618468391725	24.546081796957008	25.47003098150053	23.727252878691512	4.4965893369878953E-4
237.0	27.065636480320173	24.377264481310608	23.93631912194974	24.620729384061082	5.053235839569869E-5
238.0	26.60816707303711	22.129353804436317	25.619411979752822	25.643067142773756	0.0
239.0	26.584914307424096	24.620117267076104	25.086247925871678	23.707578658575514	0.0011418410526113645
240.0	26.263642688543342	21.044313928027215	25.86497953329947	26.82685043302331	2.134171066616016E-4
241.0	29.058503234149196	20.930515887540842	24.24038238036587	25.768514535637095	0.0020839623069997086
242.0	25.60567663999649	25.46378206621854	22.394702602578956	26.534820949831246	0.001017741374775762
243.0	27.287409738917372	24.44636472182261	23.81444327511353	24.449422146698463	0.002360117448026459
244.0	26.593251693044124	22.17405305382313	25.244568738102192	25.986890029681025	0.0012364853495302162
245.0	26.717707476849668	23.18332906495572	23.170604806642494	26.92668724473979	0.0016714068123306687
246.0	24.115121328321358	26.300073623979703	24.02016097885863	25.56248342380134	0.002160645038969934
247.0	25.531483755056396	23.38653137431042	25.840475228127058	25.10768377217744	0.13382587032869153
248.0	26.452474554131093	22.012256546652615	24.15799303795168	27.36686045470844	0.010415406556172947
249.0	25.12548785687569	20.346916809974907	29.699537960417484	24.811372912943106	0.016684459788816178
250.0	26.53440366972477	22.560615989515075	24.35736129314111	26.54701834862385	6.006989951944081E-4
