# Position (bp)	A	C	G	T	N
0.0	24.206219591860613	23.322088212448282	25.25224333661587	27.21940823363851	4.062543672344477E-5
1.0	23.038481083390188	30.09983175787711	23.80336524737261	22.984222492615366	0.07409941874472345
2.0	25.143616580792276	26.24670018157838	21.99885680353381	26.610301290842514	5.251432530200787E-4
3.0	26.4604833189104	21.8613574131718	24.409615036875348	27.262005476408817	0.0065387546336359995
4.0	26.091428253371962	23.229379718740002	23.979538127641074	26.69961356698125	4.033326570789116E-5
5.0	29.270606020558475	23.51190380257674	21.949227526052663	25.267738857712008	5.23793100113784E-4
6.0	26.27770425231846	23.719299769530863	23.83447401682654	26.162932149740996	0.0055898115831351765
7.0	26.677893976193822	25.079547963628336	22.456572793512517	25.78550352275236	4.817439129649331E-4
8.0	27.64915867016498	23.896306543400588	23.412571425825078	25.041963360609348	0.0
9.0	26.713855189305075	25.18019489150331	21.622307669860493	26.48348235147388	1.5989785724878947E-4
10.0	24.56291918698096	24.328102582782936	23.151423358480557	27.957554871755548	0.0
11.0	27.39477769302201	22.34467257047201	22.52067100225354	27.739878734252443	0.0
12.0	28.278794282599367	24.42446553969764	20.13458276137441	27.16215741632858	0.0
13.0	25.129266628834984	22.42734506115451	25.44979202636949	26.993483090445892	1.1319319512695749E-4
14.0	27.07176435898212	21.86767391721127	23.104762353226082	27.955761998565663	3.737201486359775E-5
15.0	25.25615143585788	23.63387746214288	24.31550859374135	26.79442560148808	3.690676980878603E-5
16.0	26.866496177059307	24.439834130392224	21.2529424348778	27.440727257670673	0.0
17.0	28.80216568870359	26.65600660236241	18.833985802786437	25.706525702434803	0.0013162037127616621
18.0	25.991469446890513	25.37640139128839	19.393861319394567	29.238161960509572	1.0588191695681252E-4
19.0	24.622647775422056	24.622366634792346	22.084510170437994	28.67005370840305	4.217109445587164E-4
20.0	23.333751852820647	26.020054058767112	23.39928502920917	27.246874182579127	3.4876623942802335E-5
21.0	24.608174519801427	23.906835398143038	22.65416454955699	28.830617718051904	2.0781444663688686E-4
22.0	22.960782376901307	26.81024465398192	25.151939822226975	25.07699884896153	3.429792826794091E-5
23.0	25.343272366233567	23.686372891711684	22.62924538723496	28.340836591715913	2.7276310388046427E-4
24.0	28.672324252095095	20.76213664834484	24.374544444185613	26.19096089486945	3.3760505003138044E-5
25.0	24.860990376231076	24.66009645852531	19.93524149095141	30.54347091421455	2.0076007765399805E-4
26.0	26.80572807213019	25.188174917316957	19.26177673362919	28.74422034777343	9.992915023248517E-5
27.0	25.949782225276223	24.305971825519716	20.03487585445179	29.7093368669946	3.322775767129241E-5
28.0	28.053792012065692	23.183858846099607	22.426432760149282	26.33351665492554	0.002399726759879067
29.0	28.518643989473023	23.3678190432583	21.415277654385953	26.6979338838941	3.2542898862853483E-4
30.0	24.4051707078585	23.818522096892895	24.502045493641056	27.274164697482938	9.700412461537864E-5
31.0	26.708952960201554	24.183625299388375	22.54704398457188	26.559959143428845	4.186124093462626E-4
32.0	24.5840686862092	22.56740593008962	24.4102618706357	28.438167874685664	9.563837980933533E-5
33.0	23.892024996228553	25.02687451947663	24.06948063469092	27.011556596836666	6.325276722950033E-5
34.0	26.3860325849521	26.566394989591945	22.50979222125625	24.537748864077262	3.134012243959034E-5
35.0	25.39316617780309	22.217560956827022	25.133912185900236	27.25514331476211	2.1736470754820685E-4
36.0	24.85301213043593	24.31861515381405	25.083550917888786	25.744666657358234	1.5514050299653882E-4
37.0	25.376895254678995	25.06148343739018	20.878934777153752	28.68268653077708	0.0
38.0	27.53464002346857	25.24508967860335	20.556150608204447	26.664057669181183	6.202054244406833E-5
39.0	23.848684210526315	27.305235874795375	21.20603700580386	27.63982588422045	2.1702465400069446E-4
40.0	26.995010304267282	24.89240038588303	22.61919966470832	25.493389645141374	0.0
41.0	24.368590632734442	23.74709219880139	21.638256357642888	30.24159740378491	0.004463407036375218
42.0	25.30847208843631	25.405293831054117	19.942365648984612	29.34386843152496	0.0
43.0	26.227658476647054	25.75237186211513	22.06774623903164	25.94884556206508	0.0033778601410953874
44.0	29.434821920473865	24.404712843626772	22.174341997219937	23.98584436485868	2.78873820751063E-4
45.0	26.451731035200687	23.319155897268118	21.499480739011247	28.726255273163503	0.0033770553564435456
46.0	25.991993665317615	24.240290413960093	21.532870458719234	28.23484546200306	0.0
47.0	25.468090194484645	23.8065883903967	22.753811383596677	27.9697753315755	0.0017346999464721159
48.0	22.852778738708718	23.539353141552507	22.484328394956965	31.123539724781807	0.0
49.0	22.22673999287135	25.905767424547637	23.656960203739413	28.208488543528894	0.0020438353127052544
50.0	27.82859779283352	23.645292740626974	20.004087345331136	28.521960191733655	6.192947471419547E-5
51.0	25.319645515862327	26.049414816396904	21.174948384360846	27.453731648202663	0.0022596351772575457
52.0	22.85381260479325	25.286097547258553	21.69440449622914	30.165685351719056	0.0
53.0	22.806698671195893	23.927021773551242	23.59405699529992	29.670617910419207	0.0016046495337413054
54.0	23.31145890900653	27.927613521597177	22.131184215114246	26.629650783717825	9.257056422684602E-5
55.0	24.541228932286074	27.559896094561086	22.40533336943725	25.49203385480932	0.0015077489062666352
56.0	26.984534274543392	24.819554229722694	24.042637504907262	24.153273990826648	0.0
57.0	22.969044801253677	27.422129015526668	22.757176288323297	26.84678925527925	0.004860639617104653
58.0	25.906107321298556	24.459553111428075	22.155561714406822	27.478685572631157	9.228023538842443E-5
59.0	28.142579134846272	21.486895110130412	24.37728204833244	25.990413974448135	0.0028297322427381227
60.0	24.251575347977	22.458482616966403	23.720665113482177	29.56927692157442	0.0
61.0	25.78621083992898	23.191630620167654	22.29089294389398	28.725983757733133	0.005281838276253654
62.0	25.74010493769727	21.783431119397875	24.444366653677655	28.0317595135293	3.377756978983289E-4
63.0	27.187034527736504	23.66732345177266	22.100895579765613	27.04235143192356	0.002395008801657346
64.0	25.829484195622943	20.930879816479735	23.045077900784662	30.19455808711266	0.0
65.0	24.418101777057295	25.94039613920134	23.38338787503743	26.253547356267514	0.004566852436415775
66.0	24.5160661531799	23.399935821816353	23.412593696623535	28.67097524787827	4.290805019383712E-4
67.0	27.816500085657974	24.505597189315157	20.720740599765183	26.95654918805741	6.129372042769532E-4
68.0	23.921540145600662	22.288711719762244	26.40305199971071	27.386573554811083	1.2258011529885644E-4
69.0	23.264431330176187	24.164476131698088	24.744352464788516	27.824043401704174	0.002696671633036924
70.0	26.602754986182227	22.2190767950103	24.447640878584128	26.730190694500127	3.36645723222128E-4
71.0	24.877366727520286	22.124300132494	26.17049596717568	26.826829729944258	0.0010074428657780817
72.0	28.599368301327655	25.059212211253662	21.295394375152817	25.0445904047371	0.001434707528765123
73.0	25.89711383348417	22.451356701244908	22.31708303509155	29.33105830175404	0.0033881284253291597
74.0	25.841444246058998	25.331837812266322	22.796044499381953	26.02994094217827	7.325001144531429E-4
75.0	26.03739046227947	24.924685902598753	21.070459691431175	27.96505291595493	0.0024110277356695683
76.0	27.4706054871385	23.677327031904188	24.71858265452891	24.132599794245277	8.850321831271971E-4
77.0	24.74718976826937	24.193917051816292	23.935041571746165	27.12318023476707	6.713734011013576E-4
78.0	27.069121304898037	25.988226451759182	20.303679546610674	26.638453930675155	5.187660569537997E-4
79.0	27.100045406387164	20.18725862599296	22.732854206437942	29.977095407119524	0.002746354062406929
80.0	24.140165909821853	22.98573600284633	27.559241084315218	25.312690520755204	0.0021664822613924927
81.0	25.504747223615652	24.148563261529972	21.543021599592834	28.803210219193698	4.57696067841542E-4
82.0	22.95713718188825	22.33105895979296	23.73104663289585	30.979841861776432	9.153636465158514E-4
83.0	26.24196028656163	21.58350317927188	23.60673444231544	28.566764709471908	0.001037382379144953
84.0	23.89169016658475	25.19047823896907	24.92837139542071	25.988361858160868	0.001098340864595623
85.0	25.421386921194568	26.464797957902952	20.907484790898305	27.205720165952417	6.101640517577759E-4
86.0	26.258571305236238	24.42360956246036	21.869965402082954	27.446175848695354	0.0016778815250905826
87.0	22.007760051566912	22.057606439884918	25.079200542026086	30.854426276917124	0.001006689604953645
88.0	24.773641436810255	26.761863043384093	25.190759824123315	23.273095101406074	6.405942762596371E-4
89.0	26.656474401542507	25.985487003489304	22.293485379478344	25.063455086366332	0.0010981291235129882
90.0	23.741753962993453	25.23297237396493	24.497307064772283	26.52787509002124	9.150824809594212E-5
91.0	27.047765746530427	24.858959890193685	22.9964617965533	25.096416043922527	3.965228000610035E-4
92.0	26.026079883023918	23.630193078244226	21.958483129634764	28.385182907803557	6.1001293532429355E-5
93.0	26.520472072308376	25.52289221300288	21.029604405357556	26.926726313654502	3.04995676686283E-4
94.0	28.397354782493593	22.51387159355659	22.55169004243291	26.533332235378364	0.003751346138538128
95.0	24.241439990728626	25.689878648697277	23.73505219722408	26.330731859062922	0.0028973042870954068
96.0	26.452743059590045	24.22509645409407	23.44806574889273	25.873393308551545	7.014288716052749E-4
97.0	25.791822500018295	25.089718536300936	22.95635690289905	26.161980077727602	1.2198305411412246E-4
98.0	28.718493250524972	22.564404074386026	23.463642856315133	25.253459818773866	0.0
99.0	22.144922640114935	21.85105752414219	25.869033361221756	30.13498647452112	0.0
100.0	22.924792725474408	24.486947337803283	24.122050265425425	28.466209671296888	0.0
101.0	24.133765698438754	21.676803018588124	27.871390487154656	26.318010307493054	3.048832541043384E-5
102.0	24.984769753431607	24.06159422720296	24.07674824631105	26.876887773054385	0.0
103.0	26.108921679881508	25.068736893647305	24.595764868297735	24.226485091914444	9.146625901171317E-5
104.0	26.235530346637525	26.61766822115338	22.457841052107824	24.688594522873395	3.658572278753939E-4
105.0	27.60511247568464	22.768810483502143	20.9253861492399	28.697611454287124	0.0030794372861925345
106.0	26.719857410026055	22.853726370425388	24.150993904071292	26.275391826687084	3.0488790186512126E-5
107.0	26.55755418275701	23.640682480476645	22.30455151622693	27.496419117795018	7.927027443978784E-4
108.0	24.156469259000232	24.107141223908428	24.04135018575755	27.69491738316298	1.2194817080792494E-4
109.0	26.315473383234654	24.44867046500419	25.222737467482997	24.012326051374195	7.926329039600246E-4
110.0	24.91058137879505	24.501052781755156	21.973827848615258	28.61447702186073	6.0968973803765865E-5
111.0	25.176603930723516	23.02476890514861	24.48969824376144	27.308136325156696	7.92595209737459E-4
112.0	25.844204339867368	23.19151108896012	23.60181252029026	27.362441567863584	3.048301867237309E-5
113.0	28.04726047795132	21.616629991766818	23.256499443551494	27.078726109368727	8.839773616445881E-4
114.0	26.68298321543514	21.969941295784746	27.069294628829503	24.277628444810784	1.5241513982260096E-4
115.0	28.127735033394274	22.597263160397677	25.8731910864471	23.401079091183174	7.316285777780623E-4
116.0	27.507664524735446	23.77491827911033	24.19121240176041	24.52614382571738	6.096867642795499E-5
117.0	25.962239602386074	26.215168542066014	23.78474000477995	24.03715070992035	7.011408476122192E-4
118.0	26.975422599356424	23.822312563178038	24.52813853869575	24.67388242696344	2.43871806346276E-4
119.0	27.050391205393044	21.456303458081305	24.20245374460351	27.290180936685875	6.706552362626944E-4
120.0	24.97369239304723	23.758177306564406	24.48265770846416	26.785442108022757	3.0483901451643386E-5
121.0	28.17663423368937	22.834185768468902	24.061015618188726	24.92749373095891	6.706486940945724E-4
122.0	27.729765223180646	23.063005884662566	24.13275608524835	25.074167965291956	3.0484161648973657E-4
123.0	25.08162069589912	27.09029763889846	22.89817943932755	24.929170611793985	7.316140808884721E-4
124.0	25.689029574323257	24.60286662153054	21.949904997703058	27.75810735549149	9.145095165384474E-5
125.0	26.717933992023053	23.61205102223718	23.708135342324777	25.96096513529233	9.145081226611455E-4
126.0	24.273679307458334	23.785207950889482	24.574645215059697	27.36637607538993	9.145120255282983E-5
127.0	26.73524170445061	22.640340143892963	27.081805362241173	23.541606843359567	0.0010059460556855156
128.0	25.925272224960654	22.998158493897364	24.560131225218846	26.50787220234192	0.008565853581212675
129.0	24.657665366352393	26.117264834602405	21.59062261754269	27.631459821996053	0.002987359506463823
130.0	26.73452976257976	23.049278935553534	23.69901122658385	26.51718007528286	0.0
131.0	25.834673865760195	24.361536184620654	23.854191530151844	25.948836320304792	7.620991625139883E-4
132.0	27.355238855012814	25.3053495267833	21.77735723554995	25.556414862604527	0.005639520049408292
133.0	27.148503171073347	25.335054649764437	23.81857893846395	23.6960646987366	0.0017985419616605726
134.0	27.432895087005548	22.2031427044622	20.592649179694202	29.77128254496448	3.048387357362145E-5
135.0	26.78511440864227	23.531855845903316	26.258293872091315	23.42409571416465	6.401591984475225E-4
136.0	28.117087440319523	26.03138776961004	24.0126314403244	21.832979411569248	0.005913938176787732
137.0	29.39768445934391	20.673298668407128	23.6064855136194	26.32231796722125	2.1339140831318055E-4
138.0	25.420269312544296	24.166098930827676	25.95642532178048	24.456078583784855	0.001127851062694802
139.0	25.99609520862895	23.434082640748525	24.852671093722613	25.715962244538705	0.0011888123612099671
140.0	27.67761749083621	20.841163515542245	25.212074102863063	26.268809583685787	3.3530707269304925E-4
141.0	26.216004813844556	24.655559545416025	24.89997067554163	24.22800772312346	4.572420743182978E-4
142.0	29.47780712279059	21.78577612275157	23.22542944515978	25.51077392797222	2.1338132584181982E-4
143.0	27.61995369021215	24.801586091944074	23.86039269432004	23.718037040514357	3.0483009380231647E-5
144.0	28.55479777557553	24.493360593496885	22.103290088764204	24.847850427177168	7.011149862108972E-4
145.0	28.989459880207757	21.601712902829526	22.284380522192716	27.123654135801324	7.925589686734972E-4
146.0	27.498980343957875	21.47932125353374	24.415747756909123	26.60171350987862	0.0042371357206392405
147.0	27.074550614371194	23.63818703342996	26.012790382217833	23.270783609045935	0.0036883609350757025
148.0	24.34315270242218	24.34278691088129	23.784832880513886	27.52877026675653	4.572394261096515E-4
149.0	28.599829723726288	24.152924310580755	23.68105235980175	23.564120783368402	0.00207282252280181
150.0	26.23602761661448	23.585172820271612	24.31137552968475	25.867424033429167	0.0
151.0	26.724769159952565	23.810987041253988	25.086772689999115	24.376739492929236	7.316158650900345E-4
152.0	27.75904683980963	23.601317167687082	22.6462730446425	25.993241010470765	1.2193739002771636E-4
153.0	25.25506533477058	23.203049931470435	24.480601987113516	27.06039869086581	8.840557796518405E-4
154.0	23.147059442193473	24.18945996921635	24.938687253320033	27.72250696808506	0.0022863671850826433
155.0	27.708541671748094	23.052787872874948	23.653015927217737	25.585502085416717	1.5244274250591477E-4
156.0	26.806626020585654	23.49163393404042	25.357416497121672	24.344262569983997	6.097826825986621E-5
157.0	25.619132698950857	22.234749971797317	26.014031215032485	26.13178122036813	3.0489385120570275E-4
158.0	25.452351312135136	20.55803893338846	25.860485083421068	28.12897222306069	1.5244799465334393E-4
159.0	26.772220848480487	21.509899020327346	24.089440445348437	27.62789086670433	5.488191393967075E-4
160.0	26.664272154774093	20.587720544607137	25.52219364933979	27.22575267050073	6.0980778248888174E-5
161.0	25.157582866497364	20.01882487530121	28.673937853519053	26.146239461317077	0.003414943365298626
162.0	26.050363285605695	22.770776524697293	24.494008661287438	26.684851528409574	0.0
163.0	25.963928840736276	23.54562621414434	26.943629551773967	23.546784901571026	3.0491774386482632E-5
164.0	26.197034243929185	23.11857810075374	24.415940107961546	26.266831447833074	0.0016160995224578376
165.0	27.117441390300563	21.790379111339064	25.800129657627018	25.2914094808633	6.40359870049637E-4
166.0	24.348762661254124	23.232882911454166	25.726802338062804	26.691460606178886	9.14830500204922E-5
167.0	26.872381036024866	22.85345206935701	26.30431686685226	23.969423095278827	4.269324870311633E-4
168.0	26.128342454733033	23.993154223320897	23.93411366892521	25.944359156866724	3.0496154130002666E-5
169.0	27.577595161460515	21.833323879248773	25.335848729767495	25.252988253147446	2.4397637576753446E-4
170.0	31.91142668148012	22.29047810598411	22.637535029723992	23.16049918862483	6.099418694901282E-5
171.0	26.339815583994188	23.071731702645966	26.0183562115063	24.56942558769031	6.709141632419548E-4
172.0	27.519737688603396	24.45247618275206	24.09080403906864	23.936921109615746	6.0979960155694034E-5
173.0	29.409184034341045	19.596742722649722	22.871154010316946	28.121303398739038	0.0016158339532444726
174.0	24.624474575361777	25.37238537603149	23.471619448058718	26.530971854189556	5.487463584581935E-4
175.0	26.52005399433718	23.326456005833535	22.551750670051675	27.600001707138034	0.001737622639576825
176.0	25.046336547219987	23.5055548984437	28.055895289158343	23.390963397785843	0.0012498673921181533
177.0	23.14028800556073	26.098358456714564	23.48807750876867	27.24970999757633	0.023566031379710348
178.0	26.04072838870564	22.075643835858624	23.563110652253496	28.320151337662402	3.6578551983151923E-4
179.0	28.03002821012919	24.02714074153559	22.676688263744893	25.264892930152648	0.0012498544376843917
180.0	27.521909453149828	22.165796807392375	24.790408732001858	25.521640550517027	2.4445693891021096E-4
181.0	28.852210037299265	21.377303897376997	25.624267805725626	24.145453366127885	7.648934702268276E-4
182.0	26.58385161579299	22.147824926999885	25.320515173988706	25.947685902472333	1.2238074608198043E-4
183.0	24.12905989443892	24.274458808230705	26.164032739233534	25.431897804635504	5.507534613325174E-4
184.0	26.586648429240466	21.989440040636413	25.973093676417264	25.44748248549191	0.0033353682139409214
185.0	25.64197802446601	23.765157400152304	23.713022644045974	26.87938299862351	4.589327122036021E-4
186.0	27.40222497666376	22.74929991277602	25.169994950190517	24.678480160369705	0.0
187.0	25.17843227298896	22.75269755997967	26.894852333920493	25.17340471646114	6.131166497344285E-4
188.0	28.263426167498825	27.144290180703795	21.42039890833349	23.171547506562323	3.3723690156545373E-4
189.0	25.647152101515886	22.42207654039523	24.126793062787012	27.80311982040705	8.584748948214956E-4
190.0	28.779570787604836	21.219003430767877	25.11230713237294	24.888873353490514	2.4529576383414446E-4
191.0	27.298417592959083	23.338853369796485	23.998033544585017	25.36438842591754	3.070667418775473E-4
192.0	27.5126781653035	22.547941183876848	23.858105273760543	26.081183250388623	9.21266704868526E-5
193.0	28.094122922460542	24.078680448593424	21.643112389452558	26.184022813583113	6.142591037038288E-5
194.0	28.5060514430246	22.24105337033357	24.041820301090198	25.211074885551632	0.0
195.0	26.796495571850297	21.34537110136976	24.265861008628978	27.591750094461048	5.222236899097167E-4
196.0	29.234130692869233	22.32715542442499	25.29185552281399	23.146796751253273	6.160863851685828E-5
197.0	25.9945652676236	23.33490459949658	23.076046201387026	27.59386774868368	6.161828091158085E-4
198.0	28.16325686959682	22.608995299388276	24.017420367713274	25.210265763338068	6.169996356617152E-5
199.0	26.13893688923169	22.680563692952727	25.280709300859556	25.899481101873622	3.090150824081422E-4
200.0	27.524994444992135	23.04668462605603	23.98218194528186	25.44607717551569	6.180815428798706E-5
201.0	25.440543849168147	20.416348977300366	29.009739451966137	25.133182284724054	1.8543684129357032E-4
202.0	26.061432906993243	24.853625570143976	27.394233791715127	21.69067682275303	3.090839462725558E-5
203.0	26.616325640997896	24.023644308965082	22.04058919095222	27.318853461241787	5.873978430132891E-4
204.0	26.215324908061806	23.102505134130514	23.81043077225609	26.871646427999423	9.275755216530138E-5
205.0	28.31567584682807	23.900113758677616	24.868098374818608	22.915524519030228	5.875006454776828E-4
206.0	26.396300447043746	20.853805314551064	25.276433595325216	27.47339879419412	6.184888585417022E-5
207.0	26.49361109324043	23.021529774482975	26.457886909916912	24.02678664218658	1.8558017310918548E-4
208.0	28.785209443074184	21.685951241574376	21.015427763043963	28.51341155230748	0.0
209.0	27.785131402991244	19.67149406893513	25.53783053410834	27.005048939252458	4.950547128280433E-4
210.0	24.885553162037784	24.194555137334657	24.46716034131199	26.452483789599164	2.4756971640579526E-4
211.0	25.790945481965377	24.811921385863272	24.718717846171753	24.677703336011916	7.119499876801698E-4
212.0	29.62941858859103	21.310056974886827	24.14486572594206	24.91544193473065	2.16775849436166E-4
213.0	30.152057278337075	22.24651026749142	22.391794434522666	25.209359163282173	2.788563666626594E-4
214.0	27.868937848412877	24.714820763082344	24.291733584676344	23.124507803828433	0.0
215.0	25.79286872555322	24.187510156220142	22.647586384963546	27.371755097373878	2.796358892157177E-4
216.0	26.289180578597033	24.49459566869327	25.759992421797246	23.45619996417919	3.1366733258241375E-5
217.0	29.814554974650203	22.39811438650331	24.908796102221764	22.878028331659166	5.06204965554334E-4
218.0	24.946115810832698	23.96641197619148	25.48690263477743	25.600314505113573	2.550730848156268E-4
219.0	26.68401039335701	22.222111319679442	24.647453337755127	26.44587759149728	5.47357711143237E-4
220.0	28.67730423698831	20.836153738039194	24.01220676541718	26.474076778551247	2.5848100406946034E-4
221.0	25.850158886312354	22.411103043173874	23.97237902648626	27.766196384002583	1.6266002493252863E-4
222.0	26.4745594402791	24.360556264049624	23.133538006152012	26.03131342970678	3.285981248219409E-5
223.0	31.44982800193002	22.164920894834943	23.283381556108495	23.101205397807178	6.641493193631738E-4
224.0	31.014787619583718	21.98852422399367	24.40761141479201	22.588976877013728	9.986461686773297E-5
225.0	31.929565036245027	19.506309233178303	23.882095233191013	24.68119454948594	8.359478997143399E-4
226.0	25.392469372488254	22.219027339560764	25.613141532250705	26.77526039044545	1.0136525482887179E-4
227.0	27.988735666623782	23.505627900929287	25.139823042673626	23.364721355514824	0.0010920342584797313
228.0	28.296514360721208	27.933251685068427	22.442663381508556	21.327501903008866	6.866969294003454E-5
229.0	27.698565524251485	25.461788742858605	21.294005557321213	25.54560555482852	3.46207401775767E-5
230.0	26.143128394507126	22.683643445784845	26.92390863064554	24.24931952906249	0.0
231.0	25.772891738450387	24.2086124922581	24.238149193552662	25.778968667424866	0.0013779083139807877
232.0	24.88086336513861	24.626612898071873	24.139911962092146	26.352505260048414	1.0651464895967143E-4
233.0	23.63875733707291	24.73934071268114	21.95540869143132	29.666170138593444	3.231202211865621E-4
234.0	27.508383466352704	21.062032179963865	26.94016061532491	24.48807421364654	0.0013495247119858949
235.0	26.325566111232135	21.032458397793523	27.677919354302738	24.963834602845232	2.2153382636917136E-4
236.0	29.296709469974786	22.930332950219228	24.158816442963186	23.613991531594944	1.496052478528842E-4
237.0	28.15985305377342	24.351584688323886	22.015117055342454	25.47329433374445	1.5086881579294765E-4
238.0	27.728518834338097	22.256187323409584	23.76884569868801	26.246371769820225	7.637374408151217E-5
239.0	28.244030806640215	22.885762971125168	23.868055894571178	25.00094924374332	0.0012010839201209453
240.0	26.149753947086346	21.437642043810072	25.63361569437142	26.7787487888975	2.3952583465771158E-4
241.0	28.783017812030316	22.029156406894568	22.926073678488056	26.259553579994243	0.0021985225928176266
242.0	27.28240262479156	23.86265908753164	20.768210572949442	28.085886538089476	8.411766378810681E-4
243.0	28.674715534910018	22.67890300238366	24.358387463618666	24.285464171212325	0.0025298278753300824
244.0	27.5448759748454	22.02081574250364	26.077805806894627	24.355899074261426	6.034014949070903E-4
245.0	28.94550578735987	21.175860284313426	23.1457311872512	26.73133074612523	0.0015719949502685292
246.0	25.143957964799196	26.77123513733192	22.662563176560038	25.419861414339305	0.0023823069695399846
247.0	25.711283978376176	22.909879554335262	24.93265310167915	26.30592705296284	0.1402563126465723
248.0	26.338971134952484	22.920125834047443	23.50669262830845	27.224086010357656	0.010124392333972115
249.0	25.259892359174795	21.75338139302711	28.77395792251826	24.196724960267286	0.016043365012548348
250.0	28.123131951989027	21.258080961913404	24.184981341916107	26.43299133632927	8.144078521947478E-4
