# Position (bp)	A	C	G	T	N
0.0	23.52253920660193	24.385112039176253	25.739149554080214	26.353199200141603	0.0
1.0	22.836345661148755	30.6282990300219	23.302559506172944	23.153755686832554	0.0790401158238439
2.0	24.277017418561787	27.11503405442365	22.75555194721448	25.851424019119694	9.725606803865378E-4
3.0	25.428100624960255	22.04863741170659	25.108764296871648	27.408708454214832	0.005789212246677066
4.0	25.590862908150207	24.042634863445297	24.081886369529176	26.284446944378992	1.68914496326532E-4
5.0	28.0853897957384	24.384938876791153	22.289053939391128	25.24023764909502	3.797389842994807E-4
6.0	25.242554686147695	23.9222915305804	24.428016524505214	26.40084096574606	0.006296293020632888
7.0	25.320949141711196	25.912712259887243	23.55446760028084	25.21115628297675	7.147151439730595E-4
8.0	27.097188980787905	24.39279174209355	23.700640403078467	24.809336921660226	4.195237985362815E-5
9.0	26.075252152933686	26.109891766913513	22.380562443454078	25.43416797909057	1.2565760814931475E-4
10.0	24.553246765749137	24.79274571820282	23.400014523966533	27.25399299208151	0.0
11.0	26.801654775398404	22.737906250245935	23.25255665462708	27.207781423711413	1.0089601717008062E-4
12.0	27.962434636107886	25.11155570036715	20.26413767344279	26.661852122637764	1.986744441089054E-5
13.0	25.00991425929119	23.225935388811386	25.220523692336634	26.54356787936737	5.878019342602317E-5
14.0	26.233101264204777	22.314155545450248	23.989097115003975	27.463607341203595	3.8734137402380285E-5
15.0	24.89015743401045	23.793354687048925	24.720687137517622	26.59578164832966	1.9093093340787277E-5
16.0	26.29105832227139	24.88980577752398	21.85569396847027	26.963348133451692	9.379828266600232E-5
17.0	28.31394160125773	26.5976108837924	19.222848975010194	25.864570742044386	0.001027797895290153
18.0	25.61010052634981	26.02101939418329	20.125810443049787	28.24285112066713	2.185157499779208E-4
19.0	25.069916404850247	24.683790052837008	21.774709294948256	28.471076687256687	5.075601078057668E-4
20.0	21.989866892885257	26.03036697016862	24.717484372584895	27.262191899984543	8.986437668271045E-5
21.0	23.38538284563913	24.98747350095105	24.077651281873948	27.549224996956383	2.673745794866301E-4
22.0	21.99909499502635	26.763151173025	26.313839295865936	24.923861653049578	5.2883033131043985E-5
23.0	24.424849824430055	24.81352922578877	23.41540150452472	27.345956563525895	2.6288173056094753E-4
24.0	27.00132723787052	21.9324756889926	25.12489048118879	25.9412371938895	6.939805858931096E-5
25.0	24.58491864057178	26.212055750216585	20.01486013821095	29.187942500321164	2.229706795271581E-4
26.0	25.608021319197793	25.947145445376712	19.877080925047586	28.567718225838362	3.4084539542582074E-5
27.0	25.35610134120062	25.13916740875689	20.87069276105148	28.633970511260507	6.797773049548968E-5
28.0	27.885493667626303	23.753859263684973	22.69429192426568	25.663501249250643	0.0028538951724012894
29.0	26.9028820284814	23.90884693174954	23.240353535897547	25.94760264580207	3.1485806943946145E-4
30.0	23.297766078227134	25.16112961317219	25.623287440366134	25.91752090833382	2.9595990072189555E-4
31.0	25.50050926402765	24.968455058062638	23.199387902240925	26.331190010250676	4.577654181114888E-4
32.0	23.56738327812276	23.187257398991548	24.979128962034235	28.265938741458186	2.916193932728914E-4
33.0	23.71900233883478	25.186624771566212	25.51828986120497	25.575970746359534	1.1228203450555243E-4
34.0	25.62821839550329	26.725992085773193	22.985344460375263	24.660349621896685	9.54364515709317E-5
35.0	24.82242624246566	22.52122011908942	26.365242804227414	26.290843380166113	2.674540513939705E-4
36.0	23.198316526581582	25.290333453123292	26.721729175961396	24.789400757789412	2.200865443174126E-4
37.0	24.66972640703662	26.34812050693942	21.63869762237586	27.343408318187855	4.714546024576928E-5
38.0	26.399313601632223	25.914413564443407	21.406491341384992	26.279640090202122	1.4140233725494386E-4
39.0	22.984903663937185	27.727249307576695	22.046676368132946	27.240997868693416	1.7279165975500027E-4
40.0	25.62276724887366	26.703534628109754	23.392784360906035	24.280788111574537	1.2565053601733348E-4
41.0	23.515646311492723	24.821977752067774	21.77294972692236	29.88451070206481	0.004915507452333319
42.0	24.16684280098476	26.57131963809187	21.299883829864612	27.961875216503884	7.85145548711529E-5
43.0	26.15654990853239	25.72919337514157	22.630929163668384	25.47966916217048	0.0036583904871798534
44.0	28.440213579950953	25.104216070492498	23.3314949419117	23.123745721736615	3.296859082352243E-4
45.0	25.258191465966195	24.53050067945329	22.279286775752787	27.92815956768656	0.003861511141166016
46.0	24.63425081473359	24.63506700019353	22.798021880362594	27.932660304710282	0.0
47.0	24.73292537447889	24.97781996418236	23.714503506980297	26.573338663133555	0.0014124912248982653
48.0	22.765288578279346	24.50321005149827	23.138134043616784	29.593367326605595	0.0
49.0	22.229848839230634	26.033123330293844	24.784620849228947	26.9509479004612	0.0014590807853808263
50.0	26.487910017794817	25.35189989468692	20.70441318746277	27.455604332818197	1.7256723729422728E-4
51.0	24.227508912800662	27.581786876737247	21.977964924762926	26.21057470918209	0.0021645765170740386
52.0	22.50162046178739	26.408854757317357	21.472711360888933	29.61681342000632	0.0
53.0	22.173088182969266	25.597714571808023	24.470236038716145	27.75758609929118	0.0013751072153906998
54.0	22.74926364311106	29.354615414664636	22.50562912613774	25.390460564865812	3.125122075081058E-5
55.0	23.51847261650321	29.04000698403493	22.509419873009044	24.930837787994005	0.001262738458804327
56.0	25.84850992087121	26.382493651178642	24.990663039540703	22.77833338840945	0.0
57.0	22.720343967982274	28.083434617435994	22.873291015853315	26.318020756409112	0.004909642319308797
58.0	25.14472410975484	25.683209229178626	22.107750323812645	27.06409815041458	2.1818683931271768E-4
59.0	26.97706339668181	23.196195351342187	24.949976562227285	24.874224558796396	0.002540130952321586
60.0	23.3937839191453	23.56416828205855	24.49169028102762	28.550341958973636	1.555879489665304E-5
61.0	24.844249518766212	24.536739066817947	23.171082131551806	27.44184628242329	0.006083000440745274
62.0	25.00716771106012	22.5452398075771	25.465994558606674	26.981473469823975	1.24452932134416E-4
63.0	25.756237473562642	24.296092778238577	23.40084723984367	26.54450467021052	0.0023178381445845657
64.0	24.69462867511335	22.739572230203454	23.814166323320244	28.751601722703807	3.1048659148130356E-5
65.0	23.302256124631715	27.286565394084466	23.708215745992717	25.69804191852866	0.004920816762444078
66.0	24.532276521249972	24.66769466902029	23.298984146576952	27.500485853739708	5.588094130824735E-4
67.0	26.243467433363517	26.237538084811103	20.97021216357738	26.548130400344338	6.51917903667954E-4
68.0	23.120848787526217	23.27055319698462	27.097926085601433	26.51057880117268	9.312871505965825E-5
69.0	22.634410588140707	25.39302453429173	25.26086523289992	26.708874865706594	0.002824778961046298
70.0	24.66763391608484	23.510312704205923	25.135654329045483	26.686197604934243	2.014457295132405E-4
71.0	24.585119739775084	23.372323287734737	26.420076259498632	25.6214144707614	0.0010662422301460674
72.0	26.393952616488743	26.33370807836147	22.550199661431567	24.720517259388043	0.00162238433017777
73.0	24.870417649989765	23.197855550963496	23.73504930456043	28.193108562732473	0.0035689317538364082
74.0	24.476748183011264	26.539321034430287	23.609011986061965	25.374007308894654	9.114876018374973E-4
75.0	24.820734530769148	24.971602236351885	22.529263252405567	27.676283568875526	0.0021164115978737634
76.0	26.624702030019215	24.53863796494787	25.596554014150552	23.239086431878704	0.001019559003656046
77.0	23.941304881085447	25.426307948871468	24.44027579797965	26.191339019087007	7.723529764321123E-4
78.0	26.763035700245897	27.110289834633754	20.73342433417213	25.392632268514365	6.178624338558957E-4
79.0	27.338552100919518	21.387535198105674	23.001620309944133	28.269697423722633	0.0025949673080457886
80.0	23.588703729532547	23.78763046119832	28.666687364067116	23.95429087230739	0.0026875728946225835
81.0	25.274606632447536	25.430792147229557	22.147374748855174	27.146685876825977	5.405946417494755E-4
82.0	22.608857625675167	22.39901867158937	24.669638020853846	30.32129639883549	0.0011892830461214777
83.0	24.911223302122487	23.00295675209493	24.512840187116815	27.571991291605197	9.884670605707902E-4
84.0	23.248371443662297	26.63213931608356	25.105064663493465	25.013173623101565	0.0012509536591166722
85.0	24.430112654744487	27.47759900705314	21.635588688102782	26.45595836838335	7.412817162401388E-4
86.0	25.228693471372004	25.320609437447107	23.110240476381673	26.338371827262225	0.0020847875369856754
87.0	21.466475922043017	22.745091862252483	26.8215169571538	28.966035041294543	8.802172561497073E-4
88.0	24.843693275162686	27.641625728915365	25.50999561604592	22.00388240131973	8.029785563032349E-4
89.0	26.677959454054978	26.42311511076866	22.89266241617267	24.00491961995704	0.001343399046649918
90.0	23.147158490989064	26.102807770308768	24.88029323178473	25.86952433216671	2.1617475072735083E-4
91.0	26.272037774188668	24.823419873447822	24.69651255794132	24.207643776307133	3.8601811505810347E-4
92.0	25.07803520508714	24.665841331916123	22.95254088433311	27.303551698091766	3.088057185878191E-5
93.0	26.081112858049178	26.646707002871356	21.43875403772491	25.833070983825323	3.551175292342786E-4
94.0	27.519251541327588	23.827785089249705	23.05167114309906	25.596768446061407	0.004523780262237212
95.0	23.42110922805599	27.161986844963526	24.462661548914994	24.951818439931802	0.002423938133688062
96.0	25.613494683028073	25.226804411792177	24.163950376060804	24.994839652526828	9.108765921235112E-4
97.0	25.15654419579202	25.378268824979884	23.245608888993182	26.21943914568244	1.3894455247812242E-4
98.0	27.3776065888855	23.58904373936234	24.651154174208713	24.38218005966739	1.5437876057012078E-5
99.0	21.76673578843737	22.707057366747645	26.860229234835277	28.665962174122033	1.5435857682627035E-5
100.0	22.724102844632192	25.30764419654406	24.76683190843437	27.201421050389374	0.0
101.0	22.841195444707765	22.84293959647428	28.71869363341387	25.597094150547157	7.717485692553275E-5
102.0	24.71554121271515	24.68244235024154	25.14968590044035	25.45228422289614	4.6313706819415445E-5
103.0	25.65727531023432	26.043056517178382	25.33645478031389	22.963043580617697	1.6981165571767421E-4
104.0	25.14863801360273	27.673531426785996	23.32044524869331	23.856891317415833	4.939935021329714E-4
105.0	27.339716784959833	23.484697022773023	21.58099347116817	27.591721140499182	0.002871580599786731
106.0	26.007995572253094	23.441816734814548	24.94865558134634	25.60145491934569	7.719224032723334E-5
107.0	25.26846137517127	25.211663675485823	22.82024739960246	26.698824755398597	8.027943418437253E-4
108.0	23.281148689954982	25.27249121593667	24.505205599570214	26.94107730593241	7.718860572677704E-5
109.0	25.51403806767721	25.007043309134197	25.833175228731946	23.644848025843427	8.953686132237608E-4
110.0	24.284074868568762	24.77188637326348	23.438725317664087	27.505236255139003	7.718536466688649E-5
111.0	24.42543521436715	24.468491583629934	24.839866276704715	26.265419591188344	7.873341098608965E-4
112.0	25.145644886752205	25.04658259004449	23.57832405180694	26.22923234670353	2.1612469283278032E-4
113.0	28.214314382923018	22.455093887581892	23.004248250992596	26.32541726098957	9.262175129207343E-4
114.0	26.259461427109944	22.603083262411065	27.715708033762965	23.421361340181594	3.859365344350329E-4
115.0	26.28738328867337	24.369995053335664	26.10401396182114	23.237804866751933	8.028294178930916E-4
116.0	26.220007565172416	25.20048478859975	25.143699678094194	23.43574621162412	6.175650952208182E-5
117.0	25.812424608240757	27.21650035255514	23.650065825217567	23.32020637328912	8.028406974153625E-4
118.0	25.919223620905964	24.701491822964865	25.59832096194528	23.780577615522642	3.8597866124690867E-4
119.0	26.67458101507463	21.816443317146437	24.789928551621745	26.71838321256464	6.639035925521752E-4
120.0	25.11266691215694	24.172670756627273	25.138281274727547	25.576319297928695	6.17585595433572E-5
121.0	27.426918652200705	23.491563091879364	24.57992246385169	24.500839236397553	7.5655567068583E-4
122.0	26.846251034279167	24.086063143254478	24.696370840051614	24.370790026391393	5.249560233531319E-4
123.0	23.684736694128183	27.910328230469855	23.996077705405167	24.408039067314043	8.183026827513065E-4
124.0	24.9927858438571	25.453488262579537	22.819645787635316	26.733987468288976	9.263763907418561E-5
125.0	26.792398705007557	23.87994717883374	24.94773387902236	24.378885799471327	0.0010344376650178965
126.0	23.86259595256865	24.837877638338597	24.96545414178207	26.333948751393027	1.2351591765070254E-4
127.0	25.849762680629667	23.529819547112318	27.279468686225535	23.34002272065483	9.263653776498296E-4
128.0	25.708000823868982	23.154624582236977	25.447561882040365	25.680934813374222	0.008877898479455307
129.0	23.941280997305313	27.17140359000638	22.841959463705376	26.04212905328593	0.003226895697004067
130.0	25.93378835216636	24.914126196315845	23.703207905932924	25.4488466654469	3.088013797245646E-5
131.0	25.276610843206814	25.08594004762987	24.818948437206636	24.817759543267094	7.411286895856597E-4
132.0	26.082701070298736	26.366136692337015	22.11559053411179	25.429688989737365	0.005882713515094255
133.0	26.806927134953323	25.676290569598294	24.759592855344078	22.755120458720963	0.002068981383336393
134.0	26.115975272294722	23.489791437573476	21.51587664063149	28.87831032905734	4.6320442971660225E-5
135.0	25.9012475718584	24.41756639725315	26.31806728806711	23.362547460798087	5.712820232524136E-4
136.0	27.563587684069613	26.640186273737783	24.203743076882695	21.586430304069026	0.006052661240888197
137.0	28.027064735244743	21.73158472699334	24.586734876642716	25.654430375056048	1.8528606315290177E-4
138.0	24.777540756917265	24.53270898168386	27.77403958687552	22.91444459609937	0.0012660784239855779
139.0	25.380267676575848	24.004133636330792	25.398147367562906	25.21615434712725	0.0012969724032064864
140.0	25.838496024763625	21.862070754451874	25.767409299576506	26.531715117015175	3.088041928198084E-4
141.0	25.038882890277602	25.667741166948378	25.439361605707035	23.853520242958425	4.940941085608135E-4
142.0	28.042564308756145	23.171549308475125	23.881788249419586	24.903820201679572	2.779316695725967E-4
143.0	26.177858652175157	25.83097027917365	24.22176706783902	23.769203273097006	2.0072771517046028E-4
144.0	27.478309957801905	25.852875049082364	23.12926136429435	23.538935997834585	6.176309867936598E-4
145.0	27.617604278933598	22.55389584922441	23.382043672545468	26.445591518718793	8.646805777301517E-4
146.0	26.938672151245918	22.099303001386588	25.168227733565562	25.78918030863111	0.004616805170821791
147.0	26.165669264883128	25.022612543144483	26.922899951733143	21.885220614733836	0.003597625505404622
148.0	24.334286543675766	24.66666460789703	23.84348615580357	27.155053147138208	5.095454854269992E-4
149.0	26.979952034103594	25.534582571320396	24.07031333477861	23.412727824111045	0.002424235686355166
150.0	24.984863549589882	24.51164584056828	24.99889979893729	25.504575369486123	1.544141842399016E-5
151.0	25.969896608187714	24.756452646006423	25.83844095103914	23.434607566336233	6.02228430493883E-4
152.0	27.254143705275567	24.277340610357744	23.286081779741433	25.18229492795372	1.3897667153033543E-4
153.0	24.60764013657451	23.697184582973215	25.719334780652943	25.9749911942456	8.493055537325511E-4
154.0	22.47277227416986	24.94141220973255	25.41497883180208	27.168350486553532	0.0024861977419765304
155.0	26.818068095121898	24.22368286934793	24.320346066291275	24.637748530515545	1.544387233477373E-4
156.0	25.379277645816025	24.006384615147013	26.662625445177866	23.95134163405375	3.706598053418256E-4
157.0	24.504354514130743	23.34011851938797	26.782879709153363	25.372183928993387	4.6332833453541293E-4
158.0	24.88559816456659	21.771647310751817	26.204364173834882	27.138313127966807	7.72228799037494E-5
159.0	26.016369657597572	22.380859417835246	24.510314206363205	27.09188525980198	5.714584019984363E-4
160.0	25.546453277978305	22.321466908227112	26.041482291488084	26.090566632224228	3.089008227573414E-5
161.0	24.337215155307632	21.177761436840967	28.973315003065085	25.508233252817924	0.0034751519683955782
162.0	24.73485964184177	23.623807051802938	25.74449744462847	25.89678952539393	4.633633289010057E-5
163.0	24.725207934993023	24.62318853786974	26.993251274006802	23.658275024215126	7.722891530907243E-5
164.0	25.023250325180186	24.683496694445548	24.62697921240981	25.664698260129626	0.001575507834830555
165.0	26.371748834661673	22.89416950075156	26.77563392906655	23.95775263362523	6.951018949867861E-4
166.0	24.644146378423702	23.756518531482737	25.723242450675887	25.87590727284214	1.8536657553324944E-4
167.0	26.17088507379799	24.09936640861122	26.402447548936692	23.326868430341634	4.325383124672217E-4
168.0	25.947161778143734	24.657697830501508	24.058608205735844	25.33639314986278	1.3903575613437343E-4
169.0	25.730397607148646	22.510272368984328	26.10424587131642	25.654775174275336	3.089782752739981E-4
170.0	31.130195925757704	22.984368578958914	23.477890762352345	22.407282097867096	2.6263506394391353E-4
171.0	25.289025378245043	24.094795009507493	27.10232437706905	23.51308277051558	7.724646628315342E-4
172.0	26.923929976174154	24.711907454526862	24.265709596536063	24.09831396550334	1.3900725957690516E-4
173.0	28.795128927881734	20.088817911699696	23.646568393250963	27.468017800024892	0.00146696714271552
174.0	23.466217405672175	26.711180977853	24.275396783727775	25.546772455071327	4.3237767572292007E-4
175.0	25.99840784126594	24.408380221713124	23.12001340440137	26.47165424674754	0.0015442858720234856
176.0	24.38204482184649	24.54804880075291	28.943285603135433	22.125261731550147	0.0013590427150214064
177.0	21.432727190729274	26.715800785802003	25.320762066388365	26.5060445654358	0.024665391644563828
178.0	25.11593751906296	23.453794483769368	24.257129641998652	27.172798600209568	3.397549594571951E-4
179.0	27.88547553679674	24.45274718350059	23.417919954333048	24.24291519735883	9.421280107940069E-4
180.0	26.40423771678203	22.498452082386695	26.08221819768805	25.014797751670958	2.942514722640111E-4
181.0	27.536031813812635	22.79893736802993	26.54760477374709	23.116697024404022	7.290200063254119E-4
182.0	25.098630726003424	23.37773900558636	25.863881687181838	25.659655511423235	9.306980514595362E-5
183.0	23.292586824192256	25.059041071240202	26.531484434626673	25.116422291029355	4.6537891150975127E-4
184.0	25.783752177918934	22.58253131774121	26.80074781874564	24.829881474359002	0.0030872112352149346
185.0	24.556922950439496	25.277135963105934	24.873479131909786	25.29195005402102	5.119005237673086E-4
186.0	26.656206548143825	23.3673969771664	25.368445367728654	24.607951106961124	0.0
187.0	23.71257723324093	23.161321502782005	28.025871182874297	25.099639372238148	5.907088646280267E-4
188.0	27.01737994205909	28.30588511468865	22.628592837993196	22.04772235622235	4.197490367148264E-4
189.0	24.425132552887057	24.59854778348314	25.281791976039656	25.6937658670505	7.618205396456851E-4
190.0	28.78241158032726	22.307877574901745	24.81466491506826	24.094843798273455	2.0213142927600098E-4
191.0	26.0468630202077	24.223337630192574	25.251110852583153	24.478408165496514	2.803315200556178E-4
192.0	26.44333718572145	23.916243267406617	24.424509287785853	25.21580122923371	1.0902985237357988E-4
193.0	27.36385515893106	25.270030921652165	21.826122175575787	25.539804811938716	1.8693190226577044E-4
194.0	27.391436493739096	23.718286750386305	24.358825964232185	24.53145079164241	0.0
195.0	26.05808593322745	22.024880705424902	24.939850230892226	26.976653382456554	5.297479988769343E-4
196.0	27.374867022688754	22.935923520008593	26.630865603431204	23.05825015288877	9.370098267343896E-5
197.0	24.94537828776786	25.008231524834525	24.1241782532798	25.921587150449156	6.247836686547283E-4
198.0	27.38469448329103	23.531231351422054	24.56037468797125	24.523636891631952	6.25856837126078E-5
199.0	25.093155685189522	23.41391539847367	25.641483523590374	25.851069116995262	3.7627575117574414E-4
200.0	27.103183270461102	23.912041693707295	24.39409264930307	24.590635347988766	4.7038539773202114E-5
201.0	24.29843907663335	21.45051640071096	29.660554637806037	24.590301717885975	1.8816696368299197E-4
202.0	24.823930243914834	25.62197200008656	28.452621671219152	21.10147608477945	0.0
203.0	25.122358903345486	24.995458893337798	23.311908303213535	26.569662144801537	6.117553016439905E-4
204.0	25.911060485527653	23.788200644853916	24.153282148923196	26.147409657936894	4.706275834512909E-5
205.0	27.21672040534316	24.721496014468652	25.366422886777272	22.694717460907153	6.432325037621257E-4
206.0	24.78714994792309	21.605233486253358	26.069804712371962	27.53778047236691	3.138108467463935E-5
207.0	25.20076475234293	23.919052882188247	27.07945486835987	23.80050779480244	2.197023065132789E-4
208.0	27.9550230097641	22.679705559150847	22.312447153041028	27.05279288575357	3.1392290461562416E-5
209.0	26.729427493097614	21.179306352991265	25.60827906636481	26.482453326953326	5.337605929891802E-4
210.0	24.245056384071145	25.07141040255495	25.033962335252056	25.649272549703085	2.9832841876517157E-4
211.0	24.384516293587698	26.244482187040706	25.880612008030024	23.48976128244135	6.282289002256284E-4
212.0	28.14610367776316	22.754702241149694	25.218480513203733	23.880430745212596	2.828226708138945E-4
213.0	29.12407612742992	23.440553094934792	23.22812902215596	24.206958774920565	2.8298055876397867E-4
214.0	27.286589131127357	25.783133856966987	24.679743086501816	22.250502460186667	3.146521716899575E-5
215.0	25.160288823347376	25.235106826898473	23.43029984111027	26.174068042134547	2.364665093271062E-4
216.0	25.584204185413356	24.847251904978133	26.10857223823395	23.459876041942433	9.562943212533703E-5
217.0	28.177158380881746	23.148873555712942	26.040918199591506	22.632551778389907	4.980854238996169E-4
218.0	24.236552789387606	24.887025907946313	25.943852054723397	24.93229342436593	2.7582357675034395E-4
219.0	26.16461937940005	23.443449984890485	24.993820323490922	25.397520992074625	5.893201439119791E-4
220.0	28.054962497440687	22.05894745296627	25.108429237578534	24.777381015864115	2.7979615039997683E-4
221.0	24.974369016463903	23.096943034330085	24.83450632352624	27.094065460652416	1.1616502735686395E-4
222.0	24.966678367905786	25.382744841703754	24.346327761122566	25.303996847390287	2.521818776050388E-4
223.0	29.80798206160521	23.237081893611418	24.44851568052628	22.505909899994947	5.104642621417753E-4
224.0	29.275912914901987	23.42917621734215	25.25401640242136	22.040672654202247	2.2181113225710572E-4
225.0	30.3985663843154	20.18632127188746	24.230849078327363	25.183507718683146	7.555467866337592E-4
226.0	25.00504302921201	22.801187094296996	25.975600085696716	26.217978503479344	1.9128731493821768E-4
227.0	26.76278008534931	23.80766752418851	26.157092333389315	23.271265475973813	0.0011945810990567727
228.0	26.926351812035893	27.58619775549524	23.903187485177018	21.584086220199836	1.767270920157881E-4
229.0	27.756772629187314	25.292516069919852	22.24875764962437	24.701935811659396	1.7839609069942684E-5
230.0	25.62824443210684	23.4528451121947	27.918785380000667	23.000107079194514	1.7996503279412813E-5
231.0	25.119748151671615	24.940952497860042	24.57241936385427	25.365619575895543	0.0012604107185327504
232.0	24.85882759204364	25.142356532318427	25.089080115284148	24.909497099629654	2.3866072413702576E-4
233.0	23.251796169238396	25.124353038788477	22.401119112267132	29.222303998226796	4.276814791977588E-4
234.0	26.87765495570319	21.475601802554802	26.832009177522025	24.813657156373818	0.001076907846161636
235.0	25.336089420276604	22.338194367649088	27.462120704822553	24.86338505077932	2.1045647243575052E-4
236.0	28.03386413262332	24.190452447272477	23.722347974291434	24.053121867928873	2.1357788389362578E-4
237.0	27.882909190354177	25.24461110096428	22.173678737123033	24.69872249982687	7.847173163766384E-5
238.0	26.82707068608186	23.069323109447996	24.377661184723166	25.72590521330976	3.980643721838189E-5
239.0	27.549979427011966	23.613505903922125	24.17483725513496	24.660727580495355	9.498334355919968E-4
240.0	25.29348136808234	21.722636939647185	27.12106060621926	25.862653546959635	1.6753909158210306E-4
241.0	29.06403858261757	21.214904617967637	23.47823479870153	26.240788291031826	0.002033709681443489
242.0	26.256126981273418	24.44525604318452	21.960104764843	27.33765114130548	8.610693935824288E-4
243.0	27.83706234987508	23.013320136478825	25.402920498704695	23.74446573052357	0.002231284417825268
244.0	26.220404358654783	23.04724125495853	26.56330994573825	24.167947817614717	0.0010966230337232671
245.0	28.93466235680764	21.40939237073804	23.608058669984715	26.046238284261353	0.001648318208252749
246.0	24.608804773734217	26.66669770928741	23.84723051495263	24.874896474623608	0.0023705274021326704
247.0	25.47270467439857	23.36395837922073	25.020420112682135	25.998274810516403	0.1446420231821542
248.0	26.265189006127493	23.108638864288803	23.90266812081299	26.71369934442449	0.009804664346229439
249.0	25.99741178963006	21.097658146077332	28.701100414819848	24.188323359534497	0.015506289938268376
250.0	26.356715163745818	22.33484801483547	25.384479684746257	25.922657499036987	0.0012996376354605917
