# Position (bp)	A	C	G	T	N
0.0	23.503002985893918	25.251635999367846	26.33343423379148	24.911877238986946	4.954195981057136E-5
1.0	22.59732065806597	30.587606858704603	23.061387104482094	23.675534614420027	0.078150764327311
2.0	23.608456922373165	25.782711436600408	22.814161706117172	27.793882090171785	7.878447374679754E-4
3.0	26.551046592400617	19.9666747347852	25.732772107136743	27.74079890116161	0.008707664515824335
4.0	26.86074214352225	22.773289204711382	25.37356432031795	24.992207679835442	1.9665161298569259E-4
5.0	29.16475517331146	24.030246619481023	22.384757825661982	24.419700087920507	5.402936250264007E-4
6.0	26.53326724099084	24.167363836386187	23.44782590806764	25.845420329664947	0.0061226848903892465
7.0	25.24374167535573	25.74808197264386	23.26033868293012	25.7469093154907	9.283535795848207E-4
8.0	27.29490430340486	26.512036476865287	23.36513535512746	22.827728550481133	1.9531412125979561E-4
9.0	25.33510059715786	29.45894350942159	21.47834444205757	23.72741660419379	1.9484716918725836E-4
10.0	24.545649690398786	24.67556489261917	22.768746559242842	28.010038857739204	0.0
11.0	26.20873553662402	23.722511023932622	23.107438172684265	26.961220792778406	9.447398068479464E-5
12.0	27.17006448111956	25.919839733359723	20.205787643914064	26.704308141606653	0.0
13.0	24.763438897967603	24.388215874897607	25.620268263422663	25.227939753927973	1.3720978415528853E-4
14.0	25.665032482911716	23.278786072878013	23.640296018816812	27.415840140419647	4.528497381169965E-5
15.0	23.792811370540367	26.23029335461984	23.312312911594493	26.664538016364	4.4346881305572186E-5
16.0	26.337400917084903	26.554221246732183	19.115837888467937	27.992321510953293	2.1843676168374553E-4
17.0	26.413451583211312	26.957550813021104	19.95217748205379	26.675713710015454	0.0011064116983462123
18.0	24.724031874207977	26.65192365924196	20.307446875267164	28.31647124671346	1.2634456943665904E-4
19.0	23.756849484025743	24.528155947062153	24.968830823493406	26.745703838052403	4.599073662944762E-4
20.0	22.219574371239613	25.5184714405221	25.668711787971453	26.59324240026684	0.0
21.0	23.935073847237927	23.88060861925532	24.074735622673412	28.109377308173755	2.0460265958905144E-4
22.0	22.649788217095782	25.669803127453626	25.645977297908225	26.03443135754237	0.0
23.0	23.193767059648085	26.014335730659305	23.573540144225362	27.218115939699267	2.4112576798557104E-4
24.0	27.231636888145168	22.36598868859549	23.10713975661604	27.29519484336309	3.982328021173241E-5
25.0	23.696453272664183	27.771916024098086	19.40313739898288	29.12833629299557	1.5701125927740278E-4
26.0	24.93834680410761	27.03986568271446	20.396626449572448	27.62512201788294	3.904572254109562E-5
27.0	22.92564203206044	25.145589172831883	22.837426269023354	29.091303509824684	3.901625963604072E-5
28.0	27.780543017145558	24.85479906968985	22.878336149222058	24.48383886779936	0.002482896143169999
29.0	27.37048344436131	24.045664961779046	23.5735835352111	25.00992291382002	3.451448285224618E-4
30.0	23.422150814814927	22.97041531595571	26.955720387794173	26.65159998955875	1.1349187644063751E-4
31.0	26.63648569520738	24.05766785070486	23.281790407518525	26.023716708587475	3.3933798176096055E-4
32.0	22.140682769279632	25.172317641524135	23.991760066742565	28.695127688397516	1.1183405615411628E-4
33.0	25.322479907914502	25.097280424973693	25.34415922945497	24.23593295927901	1.4747837782633094E-4
34.0	27.163331213569613	25.952245240055916	23.02455360413559	23.85983331037737	3.6631861513980186E-5
35.0	25.516076646378316	24.177531454071673	26.430883346283213	23.87536352426281	1.4502900398793503E-4
36.0	24.58200213667705	25.231120132475425	26.341880645321393	23.844888404089176	1.0868143695697773E-4
37.0	25.11633616934056	27.80497821028075	19.285947604724278	27.79273801565441	0.0
38.0	27.492403598194603	25.73142859418506	19.855707284472352	26.92035191261341	1.086105345701901E-4
39.0	21.321831113112363	25.92820897429447	24.72808431422301	28.02169461684945	1.809815207008473E-4
40.0	24.42450017788423	26.47101934721735	23.658059820494362	25.446203501731613	2.1715267244365162E-4
41.0	22.265370973713036	24.407766196252393	22.079579229105395	31.24207245733286	0.005211143596318761
42.0	23.650465229546292	27.240045708793875	21.797978131280345	27.31143856053484	7.236984464365451E-5
43.0	25.83768947781261	25.81417208652084	24.350087846501626	23.99392600053837	0.004124588626555404
44.0	29.406057431354487	25.553147046928053	22.432110565016348	22.608359373926028	3.255827750794603E-4
45.0	24.98084687556293	25.344159400295595	23.11031548578039	26.560663135787877	0.0040151025732105125
46.0	24.289048572020715	25.4713121943474	22.976069352328448	27.26356988130344	0.0
47.0	24.381870168685086	23.685893193356755	23.870520217834574	28.05998045593653	0.001735964187058821
48.0	21.30027834284404	25.616544947415694	23.971653720964373	29.11152298877589	0.0
49.0	20.408705593281496	27.13364479831546	23.2264248221345	29.22945318154899	0.0017716047195549729
50.0	24.57006241049934	24.70389990603899	21.865727948356515	28.860201276842968	1.0845826218772608E-4
51.0	23.783311685565234	29.306727967265537	22.062070109848715	24.845359743971912	0.0025304933485982336
52.0	20.430418423001427	29.249095283547693	20.451163743829262	29.869322549621614	0.0
53.0	22.143302463760435	24.251887926250532	24.751476680509477	28.851818477824644	0.001514451654917046
54.0	20.977253519704867	31.383277904531703	23.24566400627648	24.393768514325437	3.6055161512701515E-5
55.0	23.144298508278197	29.858196921081596	22.38294452037215	24.61305028315323	0.0015097671148278542
56.0	24.739725042681282	27.369179620810495	24.08421241800701	23.806882918501213	0.0
57.0	23.05354885755082	28.69982860656671	23.253226340320726	24.988041273867587	0.005354921694153468
58.0	25.16845195251903	25.217035396560565	23.236685099867366	26.377683813052922	1.43738000122896E-4
59.0	27.881131055149627	21.775740056376694	25.492361838476647	24.847820658159257	0.002946391837775977
60.0	20.73618521098451	24.342639171746733	26.262819313024572	28.65828445465986	7.184958433219225E-5
61.0	23.863973554564545	26.482580341086344	24.384361212115987	25.262151658910785	0.0069332333223407466
62.0	25.36360863859911	21.180955309427908	25.545839528333435	27.909452836756255	1.436868832914067E-4
63.0	24.62839496727117	25.514550077821447	25.073088938435028	24.78127198999115	0.0026940264812026996
64.0	24.3983184917424	23.182403421915993	24.014717686543445	28.404452656851287	1.0774294687734004E-4
65.0	21.28901557444666	28.621363212098988	22.699647368986213	27.38491009327717	0.005063751190969141
66.0	22.360922074703996	24.55761889542087	23.716669240354953	29.364358846365175	4.309431550066617E-4
67.0	25.244812425687236	27.17483462210959	21.888380113643098	25.691290534685635	6.823038744445956E-4
68.0	22.209027578282104	21.98470267164608	28.47163171502442	27.334494398161446	1.4363688595231256E-4
69.0	22.221192881462315	25.028887371209724	26.169193458850664	26.57745873001852	0.0032675584587752615
70.0	23.476590472916843	25.078449485835407	24.359478387900662	27.085123600011457	3.580533356248747E-4
71.0	23.5887447244458	23.39585393447341	27.523609975178893	25.491007691408935	7.83674492962603E-4
72.0	24.625183161077032	26.798326564891912	22.855154403808466	25.71980433374958	0.0015315364730068479
73.0	21.272087196682225	23.864838732079612	25.01224222329459	29.84634451664141	0.004487331302163001
74.0	23.89875940276694	28.04347307397965	23.27452571736662	24.782031015464998	0.001210790421793088
75.0	25.197099942312214	23.945346162337707	22.533526575553196	28.321534637599616	0.002492682197263747
76.0	25.350524861484995	25.287427537780054	25.534760500790497	23.82618325285932	0.0011038470851315357
77.0	22.989608313349322	27.144360235642225	23.166500207406457	26.69871229964803	8.189439539682286E-4
78.0	26.202352900964105	29.840263076003925	19.989404041418236	23.967339097022094	6.408845916390197E-4
79.0	26.55109836645161	21.25770515663814	23.794064879795464	28.394283274901188	0.0028483222136020917
80.0	22.63396096364026	25.624455721836565	29.72565176308742	22.013617367911746	0.002314183524010188
81.0	23.99779550613641	26.347973944819298	22.003248353038014	27.650554968513337	4.272274929436259E-4
82.0	22.007864274512663	22.380536187589115	26.199604472205362	29.410784629597654	0.001210436095204359
83.0	22.731721140389944	24.551427943847013	25.167419077960634	27.548541831540323	8.9000626208406E-4
84.0	23.989990865187107	28.199587473843323	22.187164697899707	25.622153380841954	0.0011035822279118017
85.0	25.070075475754987	29.11184807736532	20.837032601738485	24.980438672122244	6.051730189661225E-4
86.0	26.335004246697153	24.402525663506385	25.270909376977848	23.9896384861112	0.0019222267074178727
87.0	18.49202089034562	23.917644596445566	28.274795182918666	29.314685035894605	8.542943955440006E-4
88.0	25.642653848946622	26.751698912667415	25.60250355586372	22.00228942096728	8.542615549553576E-4
89.0	25.515449698651416	25.41354678724644	24.97710476850812	24.09290214010351	9.966054905132056E-4
90.0	20.287151604714698	27.894045976716935	26.12453890167839	25.69404996305519	2.1355383478621127E-4
91.0	26.42954103637499	25.338775475339165	24.457215381976155	23.77393423730406	5.338690056298266E-4
92.0	27.294537526367808	24.455444945513353	21.89160611309605	26.358375824933777	3.5590089014371635E-5
93.0	24.546799489937005	27.856728244115608	21.41673805247186	26.179485089768168	2.4912370735936343E-4
94.0	26.69551935189291	24.139811082648315	23.667161819648058	25.493415082212717	0.004092663597999363
95.0	22.90553450565109	28.751891911320648	23.63920285808948	24.700950786640092	0.002419938298690849
96.0	24.24894307554341	24.760430456505958	25.145513942862024	25.84418727135557	9.25253733042946E-4
97.0	25.107327752479996	25.80652393309239	24.168316676654506	24.917582534899314	2.491028737930966E-4
98.0	26.843742738420882	24.379974570906285	24.508329931993366	24.267952758679467	0.0
99.0	20.282269640290124	24.0611496472341	29.55691976474447	26.09958980047107	7.114726024351573E-5
100.0	21.43526410299462	26.404358887526076	25.419468578274717	26.74090843120459	0.0
101.0	24.612334232933474	21.879278569774502	27.94441189663385	25.56383301514736	1.4228551081743381E-4
102.0	22.733379503602027	26.789320226383712	25.266981890797	25.210282808902395	3.557031486487015E-5
103.0	28.131003170865736	26.30434975911735	23.48720538780417	22.0771215723795	3.2010983324056076E-4
104.0	23.98921899991215	28.30880352310222	23.90691748828875	23.794633187426577	4.268012703028475E-4
105.0	27.564517505797326	24.511495070492668	20.049935269095617	27.87099344155013	0.0030587130642614276
106.0	27.19033092943845	24.46588115960276	23.675074786062602	24.66857086155038	1.4226334581338534E-4
107.0	25.344655461903937	25.592475213579156	21.588237239754584	27.474063038260198	5.690465021244996E-4
108.0	22.02496254409271	26.469884312544963	25.07780124489104	26.42731633625216	3.556221912514807E-5
109.0	24.968795495456412	27.203606991800417	25.01751363930224	22.80930153828428	7.823351566483909E-4
110.0	24.78604366032111	25.39832789049077	22.475549878816153	27.34000745309104	7.111728093032782E-5
111.0	23.780442707333275	24.68278994087469	25.61475672146816	25.92129947673319	7.111535906855947E-4
112.0	24.086514409290043	24.945464475550487	25.55608456446428	25.41186543672688	7.111396831232687E-5
113.0	28.048571053708553	22.668435464079984	23.36903284210212	25.9132139620268	7.466780825449064E-4
114.0	27.27845846302859	22.839662888347945	27.312095669049718	22.569356291970948	4.266876028050443E-4
115.0	25.379301565990115	24.981066033851445	27.151556354239037	22.487471581272406	6.044646469962018E-4
116.0	23.63044506313091	26.112764497352803	26.63327893159248	23.62344039453707	7.111338673948678E-5
117.0	24.4365484543795	30.321988566340895	22.592463797798178	22.648074703509245	9.244779721789022E-4
118.0	26.603522540518743	23.123579061599305	26.75065655621067	23.521779603342623	4.622383286599853E-4
119.0	26.6407767266459	22.533492532048935	24.725591999482297	26.099569836347232	5.689054756440898E-4
120.0	23.480709639224653	25.59224012103477	25.01810721390691	25.908907469203513	3.55566301559336E-5
121.0	26.91124071842576	22.257431037321147	25.31365258547155	25.516893416255783	7.822425257615576E-4
122.0	27.395556472129723	23.15036419007931	25.64040385364128	23.812964349018014	7.111351316755588E-4
123.0	24.62971601842673	27.372925108340247	25.323207354762918	22.67336927844758	7.822400225285126E-4
124.0	24.88442379010322	25.905426979515934	21.94013717674751	27.269940940752303	7.111288103170567E-5
125.0	26.676880759649755	23.066297262106332	26.43943687612313	23.816460642556287	9.244595644942104E-4
126.0	24.20545817159465	23.005525160476417	26.77869881564084	26.010246738825497	7.11134625962743E-5
127.0	23.108125021333727	23.795995517072672	27.767162272866912	25.327686058551123	0.001031130175562357
128.0	27.091886894761636	21.40167293350045	26.53898326177587	24.958994462074543	0.008462447887499223
129.0	23.090732474632585	28.69368020804518	23.506061939948786	24.706289782703152	0.0032355946703000143
130.0	26.555122680725045	24.825002142250405	24.433459213507874	24.186415963516676	0.0
131.0	24.68305146698032	24.489447612112457	25.267347545408903	25.559442250227914	7.11125270405384E-4
132.0	24.01177763579002	28.863172274412797	22.30636004421769	24.81328550313268	0.0054045424468141465
133.0	26.192821205710327	25.530373873313305	24.250528898291527	24.02435598855091	0.001920034133940159
134.0	26.912571706105766	23.64706836070971	22.389335976749695	27.05102395643483	0.0
135.0	24.787213352679892	25.069980754181515	27.092836096949434	23.049436474043745	5.333221454198828E-4
136.0	26.580232033080538	28.690289525800615	23.425741236537924	21.29772837978617	0.006008824794757744
137.0	29.459736885239195	20.730571722256457	23.561858919544882	26.247654697520424	1.7777543904311303E-4
138.0	24.870487505968544	24.081733218661462	28.671440552956394	22.374809922127177	0.0015288002864189561
139.0	25.890664897531675	25.278187233927575	24.82886392095209	24.001075133485074	0.0012088141035896801
140.0	25.674643665982856	22.29522126662566	26.104128817102612	25.925721823036476	2.8442725239718846E-4
141.0	24.162940297865365	26.262873704985363	25.60327353958757	23.97048580803687	4.2664952483686876E-4
142.0	27.584881563668194	22.79729613456182	24.175148245410064	25.4425318374751	1.4221888481905846E-4
143.0	25.920877150129616	25.974813719728235	24.88818917122923	23.215906630358145	2.133285547737064E-4
144.0	28.97887247576697	24.91663368990897	22.366312579841974	23.737399056455853	7.821980262299442E-4
145.0	28.933193486453817	23.281625542202946	21.801678162554218	25.98254284292114	9.599658678802531E-4
146.0	26.543738364808494	23.470554521316313	23.854506952315806	26.126791410615418	0.004408750943970464
147.0	26.111842935641516	24.63904458677987	27.393039548745733	21.85244639755671	0.00362653127616569
148.0	24.353553712426333	23.37698676815255	24.12458472705759	28.14434147950941	5.333128541197351E-4
149.0	25.80732442520378	27.898691655508394	22.930481176948277	23.361262791718012	0.0022399506215329654
150.0	23.73054190922799	27.94000680528736	22.29218718166882	26.037264103815833	0.0
151.0	25.02036492958232	26.248483074974587	25.711296944673883	23.019321704730388	5.333460388211915E-4
152.0	27.844718893537312	25.339867203428216	22.143262995382628	24.672115351110183	3.555654165697751E-5
153.0	25.7765598399092	24.543308856053397	23.92892344058677	25.750425614527643	7.822489229854601E-4
154.0	23.43605715193949	25.473454173589964	25.001644524551065	26.08589289504947	0.0029512548700150014
155.0	25.237158445067198	24.23741346753372	26.848601662376577	23.676221769244147	6.046557783573778E-4
156.0	26.00809391732652	23.2148814829411	26.465537539827576	24.311060240569603	4.268193352004308E-4
157.0	23.158142593782824	24.257959095405283	26.811962002782174	25.771438347710752	4.979603189649254E-4
158.0	24.75024249251359	23.062629760616225	26.68004540043188	25.506797793433726	2.8455300457739076E-4
159.0	26.200078252827772	21.894643238244292	25.81535889592374	26.0891015152593	8.180977448957815E-4
160.0	23.966109050036103	23.09820478983556	28.487427837673447	24.44818718276143	7.113969345906088E-5
161.0	24.756808092880313	21.19347931250356	29.013004382220704	25.033186785043537	0.0035214273518866315
162.0	25.63891695004482	22.223937509781884	25.96328415121722	26.17379024799738	7.114095869555938E-5
163.0	24.651197700108458	23.411078934984026	30.31640938610155	21.621100551602606	2.1342720336019788E-4
164.0	25.793421976096404	26.975262244820648	23.09664631836338	24.132855294643694	0.0018141660758769624
165.0	26.034552186137578	22.557349827544993	28.117280788625937	23.29007017723594	7.470204555544173E-4
166.0	24.595423551308247	22.460449477213093	26.11935307610434	26.824667175129346	1.0672024497276501E-4
167.0	25.674955061100185	24.93245380088999	26.72108071072653	22.671083538862323	4.268884209717475E-4
168.0	24.80101033458439	27.386115014496877	23.29144950995215	24.521353990643732	7.115032284458991E-5
169.0	26.027209630705094	23.409311726055137	24.881396790927134	25.681726087156058	3.557651565740242E-4
170.0	31.026266908448452	21.531528935366776	22.527722544372615	24.91433930352188	1.4230829027618125E-4
171.0	25.763568985906954	24.513830482135006	26.820191635820784	22.901412720030397	9.96176106858388E-4
172.0	26.530673952939228	24.96930950567583	24.336895007738878	24.163014815033524	1.0671861254420373E-4
173.0	27.988667547605374	20.383901941918513	25.62912717707757	25.996773843590105	0.001529489808440294
174.0	22.888614278732156	28.781100845244374	23.826130508121278	24.503763084000116	3.9128390208227067E-4
175.0	24.864202019440214	25.80092259737451	22.553902077462748	26.77930128919589	0.001672016526638247
176.0	23.036663184828672	25.018322342299776	30.8540773081882	21.089656379590547	0.0012807850927999953
177.0	22.296852050052944	25.50781650289774	25.825806699534308	26.343301319639746	0.026223427875254758
178.0	22.417194841860503	23.020339132587864	26.611954167579764	27.950156104585805	3.557533860607285E-4
179.0	23.40213107305474	25.789776869599066	24.161886690275676	26.644960041045945	0.0012453260245741964
180.0	27.988427119531362	21.225851391971073	26.83796894588952	23.947394957622603	3.5758498543556354E-4
181.0	27.132240466941138	22.65864287881059	26.067402112824027	24.140997406121613	7.171353026346834E-4
182.0	26.01077369749095	24.400814822278456	24.45191153706448	25.13639237113498	1.0757203112847723E-4
183.0	22.25868208762392	23.992643322710926	27.791573241000744	25.95634832554552	7.530231188854971E-4
184.0	24.117733543230287	22.69407997360749	27.620837173276147	25.563763371069363	0.003585938816711909
185.0	23.7746884445657	26.967591638221766	24.20820051976994	25.04873067219826	7.887252443345327E-4
186.0	25.218616193821347	24.94219770267911	25.017666045591486	24.82152005790806	0.0
187.0	23.912425331938728	22.11422442927049	27.51571171270667	26.456993097137417	6.454289466994019E-4
188.0	28.64150082796833	27.43382887124501	23.272938380366284	20.65151677057209	2.1514984828349868E-4
189.0	23.857975052578922	24.77855891618391	25.933305004365888	25.428977664940035	0.0011833619312466718
190.0	29.213110439086176	21.640063587759677	25.329351388355466	23.81715184069925	3.2274409943100214E-4
191.0	24.699290606662395	24.39364067374972	25.561939302557207	25.34441209731016	7.173197205178906E-4
192.0	25.979629783729653	23.710039340141577	24.985329943557943	25.324857460136187	1.434724346411324E-4
193.0	25.973289884285343	25.96582835688916	23.193476329201154	24.866903211434217	5.022181901276101E-4
194.0	25.8212110863676	23.46096009917811	25.789177648193213	24.928651166261076	0.0
195.0	24.89102318022165	22.088408454089816	26.332566758392563	26.687176433022756	8.251742732187896E-4
196.0	27.276548002265482	23.56325685528182	27.178854434064576	21.98126874259202	7.196579609643128E-5
197.0	25.657668161919105	25.099512558501075	23.365847426672353	25.876072182366816	8.996705406480147E-4
198.0	26.8571713015917	22.733767121484128	25.67455211716104	24.73443731804506	7.21417180766585E-5
199.0	23.920302700221928	24.386100815164742	25.963969379276204	25.729085899161742	5.412061753789436E-4
200.0	26.195864511626866	23.259037044467362	23.740666357319302	26.804396004078768	3.608250770541952E-5
201.0	23.756722261054133	20.525742791127175	32.42104602225099	23.295911558987196	5.773665805067329E-4
202.0	24.241719972211946	26.674545963063544	29.823906747624935	19.259827317099575	0.0
203.0	24.655044084618787	24.114716025461007	23.834607418402125	27.394730059768534	9.024117495453649E-4
204.0	24.030521939313513	23.832440516910566	24.500690054016626	27.636203089232662	1.444005266287206E-4
205.0	27.169921939163594	24.54066199545924	25.66397559005913	22.624429651926576	0.001010823391464102
206.0	23.275312399582624	22.259603060270283	25.71193888124664	28.753109553776778	3.610512367810116E-5
207.0	25.33487740751534	23.366796699667823	27.61375901537466	23.684025223730064	5.416537121153852E-4
208.0	27.442978153484738	22.909945430667182	22.492404070233636	27.154672345614443	0.0
209.0	26.804423517239535	20.43181747572535	25.756887180224513	27.00578805641675	0.0010837703938493862
210.0	23.409218522027373	25.59356439256801	26.066898347377983	24.929957414397013	3.613236296259361E-4
211.0	26.218545645632407	26.08822145426763	25.90166197677873	21.790739681945364	8.312413758707254E-4
212.0	26.762345593092085	22.227797889144092	27.15276680620697	23.85690894425751	1.807672993401632E-4
213.0	29.13064193512093	20.623083298573288	23.235133342908174	27.01074347665807	3.9794673953192055E-4
214.0	28.12267949381241	26.50895581882936	25.561981116261457	19.80634736622208	3.6204874696738916E-5
215.0	23.329289322506117	24.48241254131635	24.46979464740238	27.71803213066917	4.713581059816069E-4
216.0	24.60160928123144	24.569439777993786	27.64591416165285	23.18300013959659	3.663952532762148E-5
217.0	28.36894470542119	24.209009370456236	25.320439660287313	22.10079500084998	8.112629852781581E-4
218.0	25.10108811364809	24.535263052741755	27.598956019215688	22.764469168125338	2.236462691329383E-4
219.0	25.08656784360246	24.926338669155772	23.58398597580208	26.402353846461107	7.536649785827254E-4
220.0	28.14777195504809	23.2785489176101	22.975685460663296	25.597766774339686	2.2689233882891788E-4
221.0	23.22337249121833	22.511406298109385	25.90708779829976	28.357788318892453	3.450934800721935E-4
222.0	25.900805853531388	22.47038170212898	24.19604706656282	27.432571439210346	1.9393856646817702E-4
223.0	28.50595504842316	22.191189484699247	26.041290051830003	23.260785371372943	7.800436746453434E-4
224.0	29.519110868884553	21.58875031135049	26.39065331679044	22.501368380532377	1.1712244214346563E-4
225.0	29.699034037681677	20.938694182837008	26.065166448262563	23.29608493466911	0.0010203965496468053
226.0	23.387599003576902	21.854720235053655	27.06677950945324	27.690701647930503	1.9960398569238632E-4
227.0	28.055665446541013	22.38006685848127	27.648415273513066	21.914402129029295	0.001450292435355229
228.0	26.226849035021537	26.593776112017004	25.19867442218923	21.980538181346184	1.622494260426554E-4
229.0	28.507981040729018	24.783891170902038	22.85725516401014	23.8508726243588	0.0
230.0	26.396265316104582	20.4897438596274	29.68206893562747	23.431880612293334	4.127634720837745E-5
231.0	23.543331888760875	26.57186043316034	25.76967877641189	24.11369137590242	0.0014375257644783155
232.0	25.107609154344225	25.360253027506513	24.0447316484725	25.487193040038537	2.1312963823375206E-4
233.0	23.450864904098268	24.55699928112769	23.553356300203852	28.438128362117165	6.51152453021521E-4
234.0	26.374792199636627	20.80885367456356	28.791035469155517	24.024259520202364	0.0010591364419282108
235.0	26.689007822660894	22.229420611559174	26.940112706351155	24.141192435149	2.664242797774647E-4
236.0	26.548059778379585	25.12896719226995	25.329537477575855	22.99320881620452	2.2673557009484803E-4
237.0	28.220172938624778	24.66368595524722	23.771074406264344	23.344883628223606	1.830716400518642E-4
238.0	25.621279502586052	21.496656489755708	27.36041599866167	25.521601539083523	4.6469913054792673E-5
239.0	26.464022792948622	24.493776055123266	26.382923048292373	22.658238968876024	0.0010391347597189802
240.0	26.862112395888516	20.57584881171468	26.155363203799944	26.40643235167778	2.4323691908334708E-4
241.0	28.972479736433606	20.688296399195547	24.12227742954572	26.21470588665067	0.0022405481744646673
242.0	24.96270553462074	24.772509865026997	23.69012803904114	26.57382643900481	8.301223063141545E-4
243.0	26.0245387920018	24.45762154433026	25.23633993073389	24.278958574723	0.002541158211044167
244.0	27.342726923998335	20.509470262039734	26.756644076781118	25.3900319374244	0.0011267997564152873
245.0	24.828603214475955	23.527402847309446	26.645517246801543	24.99710079978615	0.0013758916269132264
246.0	25.49133286512776	27.57094323409311	24.152123830695945	22.78353300972355	0.002067060359638973
247.0	26.017570837396093	23.071639765807568	26.33142377389187	24.436333429082293	0.14303219382217203
248.0	26.915590099942545	22.41780570261853	24.107581873731608	26.54906012580974	0.0099621978975817
249.0	25.38836315566585	20.26078214855361	31.32294795834768	23.00999750656012	0.017909230872743535
250.0	23.01099526875064	22.95504172209937	26.188392813739174	27.84462771545836	9.42479952459327E-4
