# Position (bp)	A	C	G	T	N
0.0	24.282478882435356	23.725634887168955	25.712250227838457	26.279465973856386	1.7002870084470258E-4
1.0	23.48710393063388	31.635929482294365	22.779217260241495	22.017985063252553	0.07976426357770665
2.0	23.80977328612592	25.75107948928116	20.740390221643864	29.697236000439403	0.001521002509654141
3.0	25.415907567466263	22.00574410857412	23.319020901328642	29.250378635022855	0.008948787608124148
4.0	27.823443267939453	22.03922283184527	22.67274715040593	27.46458674980935	0.0
5.0	28.496566556881888	23.641202665848617	22.465707707296023	25.39601740824768	5.056617257897594E-4
6.0	28.08519288860813	23.2086274852406	23.659053718494523	25.039061581212806	0.00806432644393445
7.0	27.18333260753778	24.0703396388218	21.5665124630263	27.17881034292165	0.001004947692472607
8.0	28.89229172942397	24.732068146065536	22.88332161863641	23.49231850587408	0.0
9.0	28.703161372681535	23.95701400882748	22.058021075817877	25.28146980050562	3.337421674885067E-4
10.0	25.331781296173382	22.960199585752832	23.721820686342852	27.986198431730934	0.0
11.0	27.607861321862327	22.103061456041516	21.592161041335743	28.69691618076041	0.0
12.0	29.013647279329934	26.3806725368841	19.094313959012606	25.511366224773358	0.0
13.0	25.0926508748041	24.36268401716209	23.391214705957918	27.153450402075897	0.0
14.0	23.746906629514413	23.72352742841511	24.157076422950425	28.37248951912005	0.0
15.0	23.6993298640546	28.458965775420925	21.088707930870186	26.752996429654292	0.0
16.0	27.090389882502215	24.9134012605397	17.464603965339	30.531604891619086	0.0
17.0	26.19253770111991	27.01463260254914	19.28258150040157	27.509501786903208	7.464090261750717E-4
18.0	25.433710717503317	25.07259948311239	20.087755503580784	29.405490488469145	4.438073343600077E-4
19.0	25.723365505850776	24.101221769168944	24.39674686446989	25.77822345767311	4.4240283727686313E-4
20.0	23.505072544089423	25.708960230554272	23.240798539200643	27.545022839574596	1.4584658106444668E-4
21.0	24.182450166702136	22.717527104478734	22.45592853016925	30.643804659552693	2.8953909718814106E-4
22.0	24.33043940315904	24.764386089708978	22.393105989835536	28.512068517296445	0.0
23.0	24.288949236806936	24.85109293106433	22.827120240861973	28.032411939807204	4.2565145955885487E-4
24.0	28.550788923388886	21.75471206584571	20.7301325785579	28.964366432207505	0.0
25.0	24.826507564339522	25.03962075004194	19.785417068189286	30.34817730684278	2.773105864702938E-4
26.0	27.989308260503236	25.487928212606235	19.887354887444815	26.634993587446615	4.150519990979536E-4
27.0	24.89381258768323	24.518130990967332	21.378743166755356	29.209313254594083	0.0
28.0	29.707802253260052	23.875398267082684	22.4670076029994	23.94621658303688	0.003575293620988624
29.0	29.82210082407173	22.45833980759847	22.348345450431665	25.370668716623456	5.452012746805802E-4
30.0	25.759522661035017	21.5880762542511	25.267023644006308	27.385377440707575	0.0
31.0	29.06660228014611	22.412848887713864	22.20390743448492	26.316236733768932	4.0466388617614205E-4
32.0	24.21706069624748	21.543829972844804	23.7841999856378	30.454510395306222	3.989499636955533E-4
33.0	25.919952257389454	23.675576342169396	24.21938465663967	26.185086743801477	0.0
34.0	27.498629493304094	26.10567259247657	21.34544600203618	25.050251912183153	0.0
35.0	26.96463437717972	23.810665954462127	24.415607651358588	24.80909201699956	0.0
36.0	25.828918997366944	23.7038179254867	26.221155640329236	24.245848278149815	2.591586673024693E-4
37.0	25.415008037845883	27.049780238428028	19.918442743463828	27.616768980262265	0.0
38.0	27.287397587427893	25.118957884893838	19.617495680734393	27.976148846943875	0.0
39.0	22.158744381844244	25.10550025703346	21.881769788662815	30.85385608457113	1.2948788835036315E-4
40.0	26.4234878900439	24.96371609348236	23.231151465403734	25.381515081287603	1.294697824001367E-4
41.0	23.010215111529963	24.77193672870471	21.09509206027835	31.118225255442518	0.004530844044464409
42.0	24.696658650050093	25.343855897649636	20.31590992049829	29.64331665290294	2.5887889903981816E-4
43.0	25.667506590620548	24.28221444850386	25.08033633195244	24.966448338205925	0.0034942907172225827
44.0	31.470904865665002	23.764692486452635	21.107882056404655	23.6561324148211	3.8817665660857817E-4
45.0	26.313072571056708	22.89430343144802	23.48891697792452	27.299696353787294	0.004010665783457686
46.0	25.27635155151426	24.251926537381358	22.75623238238646	27.715489528717924	0.0
47.0	28.114583292911497	20.387092434713885	20.85119978476181	30.64505488961928	0.0020695979935247454
48.0	21.338484733288336	23.401113550612763	24.038056225771996	31.2223454903269	0.0
49.0	20.651291360246585	25.841039087307742	22.84587974886482	30.659591853621706	0.002197949959143989
50.0	25.118385994578098	24.04667439746926	21.187699491551058	29.646852283495512	3.878329060707485E-4
51.0	23.137121074042042	28.73083152684653	20.37083716282683	27.759012721028025	0.0021975152565728326
52.0	22.98090577711045	27.23482004757727	20.059465124001967	29.724809051310313	0.0
53.0	23.76998006016706	22.676056881945634	22.619931851855664	30.932100299033134	0.0019309069985080527
54.0	22.666122642310853	29.960639752048458	21.82588817982665	25.54722071342702	1.287123870227023E-4
55.0	24.833842123745008	26.55257970836185	22.1757005800467	26.436083364732237	0.0017942231142074278
56.0	27.875383292606827	24.18975178400044	23.80585052196989	24.129014401422843	0.0
57.0	23.145055381520702	27.947392359976682	23.399381161954913	25.503046143793362	0.005124952754341796
58.0	26.30942483561333	24.498833632878103	22.523503482448127	26.667469438106963	7.686109534746979E-4
59.0	28.740378863665185	20.485126866426796	24.36509146243834	26.40658483443768	0.0028179730319980835
60.0	22.330125681065887	21.91703641101486	25.099462830288942	30.65324702763959	1.2804999071637567E-4
61.0	26.456236403701393	24.916805697289256	23.857654836152996	24.762388876867313	0.006914185989042295
62.0	26.047037464294263	21.473502535731342	23.11811092176171	29.360964973490372	3.84104722311491E-4
63.0	28.350395354077474	22.64285494807137	23.534578118278468	25.4698670545097	0.0023045250629903516
64.0	24.71172786649823	22.227640590661892	23.26732736630176	29.793304176538122	0.0
65.0	23.53337181457842	26.196640868874088	22.81127253040637	27.453723316434864	0.004991469706258407
66.0	23.17813752228495	23.332612365410434	23.873210325113874	29.615527857304663	5.119298860828021E-4
67.0	25.702256177934757	26.371175183322453	20.13757182529018	27.788100996915833	8.958165367732689E-4
68.0	23.802052874113336	19.62400232391185	26.75480298576604	29.81914181620877	0.0
69.0	23.671781327457296	23.51733060005451	26.04023908511937	26.768089737536133	0.0025592498326890423
70.0	26.085543737734785	22.298453846960783	23.797145130628568	27.818601426155393	2.5585852047251955E-4
71.0	24.695750265743975	22.02580492031509	25.87280785147432	27.404105664653432	0.0015312978131791148
72.0	24.321772438097618	25.03923525073558	23.560034399426335	27.076406025513762	0.0025518862267044687
73.0	24.013268267789368	25.439989793640162	21.754855994641662	28.78703792300577	0.004848020923037668
74.0	24.61848762652229	26.362562415960117	22.23500804996849	26.783176458881375	7.654486677365938E-4
75.0	26.449321583295486	23.379862326568727	21.91484964612111	28.253287476208218	0.00267896780646116
76.0	25.72553661837622	24.46905810033204	24.025144877713387	25.779112352140544	0.0011480514378068645
77.0	25.625964616895626	23.919565300577812	21.41009451651169	29.04310003954132	0.0012755264735519586
78.0	25.470456336907194	28.508875981153686	19.140054028820472	26.879848372375402	7.652807432406578E-4
79.0	24.671008160068975	21.40162385117503	23.745826222926247	30.1786083243417	0.002933441488045588
80.0	22.79402011998531	23.49418948700159	30.19719524139901	23.510896624903076	0.003698526711014978
81.0	25.20127376675581	25.050533648076662	20.85174543539281	28.895681971507315	7.651782674068492E-4
82.0	21.627584307204177	22.257305944225383	23.835563331786023	32.2775060064579	0.0020404103265166625
83.0	24.035782372781934	23.53921587380529	23.058461970070837	29.365137053118843	0.001402730223097866
84.0	24.250299344693342	25.572006584945672	22.625103128869327	27.550805712223593	0.0017852292680687518
85.0	25.775322790830522	28.680376510671284	19.66633259122682	25.876948029592455	0.0010200776789152494
86.0	28.70721827461651	21.806678813363746	22.247198460795026	27.235844401575417	0.00306004964930556
87.0	20.286377620166533	23.775003219230214	23.711893557587246	32.2255781546225	0.001147448393508502
88.0	26.473392998291644	27.628190417909686	24.363318799561437	21.53407787041995	0.0010199138172824398
89.0	26.72114428494939	24.96124525126845	22.92802325284924	25.387802452767648	0.001784758165268606
90.0	20.81246422666495	24.801995785598372	26.153765745047824	28.231519287962442	2.5495472641445696E-4
91.0	28.41462139927138	23.43867512052355	24.34639398134339	23.79992708675911	3.824121025782224E-4
92.0	27.185470898202986	23.65682543000706	21.96152561687244	27.196178054917517	0.0
93.0	24.68418402788842	26.94635812658131	21.757811753159434	26.61126371000121	3.8238236962354457E-4
94.0	27.67501854509581	22.52814903374315	21.59783525836951	28.192369362227144	0.0066278005643827095
95.0	23.291468686909884	27.45057303668658	22.805101250076472	26.45005302118808	0.0028040051389766913
96.0	26.42907303818296	24.230803054229007	22.652325911878023	26.685886234940103	0.0019117607699042974
97.0	26.23718652142494	25.49249767085594	23.341400902089283	24.928660006143076	2.5489948675988343E-4
98.0	28.64292468820811	22.53198208646315	23.14014513329374	25.684948092035004	0.0
99.0	20.200577628918648	22.956354236603634	29.44557051366167	27.39749762081604	0.0
100.0	21.151881415654135	26.83077832442031	22.760556131639223	29.256784128286327	0.0
101.0	25.7661123389403	19.713770723598312	28.086008904061604	26.4338532676887	2.5476571108294535E-4
102.0	23.896810616502048	26.20458523238247	23.536447731458953	26.36215641965653	0.0
103.0	28.060552482809747	25.56016396658506	22.604765629179735	23.774008391950456	5.095294750063054E-4
104.0	26.568930794697348	25.83852308350774	21.95286615603516	25.639297820113853	3.821456458962016E-4
105.0	28.521586940073217	22.28548718693396	20.475429840852524	28.71329252106214	0.004203511078162378
106.0	26.708531032067	24.552940801834218	22.20004458172786	26.538228831640286	2.5475273063083146E-4
107.0	27.87693130723866	25.87117400552803	20.60349768816314	25.64737800761696	0.0010189914532091862
108.0	23.723437995559784	22.661913113920956	24.905457542189055	28.708936602738262	2.5474559194596334E-4
109.0	26.15465153157468	25.353868963084015	24.86183411942576	23.628244303005832	0.0014010829097180384
110.0	27.91789468857704	24.686488235189227	21.207099898361818	26.188262445582815	2.5473228910076956E-4
111.0	27.433983363540143	22.226014878818255	23.928252560361614	26.410602909278946	0.001146288001039301
112.0	25.517029693386554	23.033835228068746	25.68973378606599	25.75927392957851	1.2736290020607318E-4
113.0	29.381115706005446	20.981416786916483	22.87055940680438	26.76563449235899	0.0012736079147090253
114.0	26.901244677992263	21.310828176361436	26.89946165416215	24.88833813263914	1.2735884500810637E-4
115.0	27.247637484398478	22.551516849639572	26.422985812170456	23.77709569780178	7.64155989709366E-4
116.0	23.437330850672268	26.144484251361792	24.91903120180239	25.49877161768208	3.8207848146728325E-4
117.0	25.749316718926313	28.93622115636884	21.22157665356567	24.091484522059854	0.001400949079321737
118.0	28.299517437336263	22.521246639318477	24.744040561244958	24.434940644410283	2.5471769001621274E-4
119.0	27.39522597769134	22.208934161693197	23.07626667481781	27.318809016182566	7.64169615087765E-4
120.0	26.01338572147256	22.32995612387205	25.114084300752072	26.54231913037387	2.5472352944922404E-4
121.0	27.16014947386118	23.415024313701515	25.74806980541397	23.675355407983655	0.00140099903967884
122.0	28.975351426529983	21.187736974898012	24.304565838424672	25.532218397084915	1.2736306241936326E-4
123.0	25.979945769774993	27.07193719584651	22.1395084637614	24.807462323493862	0.0011462471232381228
124.0	24.508460415748626	26.358722646608573	21.0378177909438	28.094617071623794	3.8207507520511064E-4
125.0	28.753981403771974	23.69484458357159	23.769601369309985	23.78029910355534	0.0012735397911140035
126.0	25.533529887480178	23.745184317271505	25.844280720075908	24.876623004476595	3.8207069581441556E-4
127.0	25.720416961175747	21.987761157914175	25.899605835418775	26.39094249272483	0.001273552766474997
128.0	27.606114173348683	21.175967151983212	25.682126155131485	25.524330354868617	0.011462164668004768
129.0	23.804005073840685	26.993367328745144	23.178307802813027	26.020371775997063	0.003948018604082506
130.0	26.16815288571014	23.92761718461464	22.819002208315187	27.085227721360038	0.0
131.0	25.567235345358963	22.45329923638457	24.501026474378893	27.477420110747165	0.0010188331304157349
132.0	24.1071860664736	27.02244228961786	22.512843632436507	26.349504721005996	0.008023290466038557
133.0	28.788440304580554	25.342360206364912	21.764595758337567	24.101929290343616	0.002674440373351876
134.0	27.538278739778434	23.449779490516757	20.8616107189386	28.15007634734924	2.547034169736904E-4
135.0	26.693486355833347	22.371262945020913	27.795309483421715	23.139177122015578	7.640937084524047E-4
136.0	27.188562157674024	28.192060393274527	23.21239142034478	21.399090484213367	0.007895544493303432
137.0	29.44802073185485	20.80520588591113	24.951958892857824	24.794559798284656	2.5469109154234557E-4
138.0	26.55299099041737	22.1243513418866	26.57629492852822	24.744707268154468	0.001655471013339276
139.0	25.844374972143868	24.013447347141483	24.673589843177954	25.466677702999547	0.001910134537142566
140.0	29.423188103127284	21.35474899462868	25.418257390338756	23.803550826327356	2.5468557791977914E-4
141.0	26.245273912506416	23.94809931373835	25.362519085816455	24.443725653247487	3.820346912968677E-4
142.0	29.407644739657083	22.386510661274055	22.457186809156575	25.748021067859288	6.367220529956499E-4
143.0	27.686988634554773	22.241889783833688	25.855655662029225	24.215211231734106	2.546878482060425E-4
144.0	29.070378987287288	22.826722290351046	22.951646361729683	25.149978924634237	0.0012734359977434715
145.0	30.943345770352355	21.60679494199595	20.719988793948733	26.728979103261214	8.913904417476346E-4
146.0	26.474797973752505	24.873359531589443	22.993936029054087	25.650902719236363	0.007003746367602452
147.0	29.05369612941674	20.6092386681404	25.977705562658223	24.355412144025017	0.003947495759625523
148.0	23.237915754087506	24.38534610095248	23.714409412723477	28.661692049101	6.366831355371059E-4
149.0	27.667128054999868	26.245780334160607	22.96937137006867	23.115173479042063	0.0025467617287927968
150.0	24.23227574403928	26.336290983919685	21.427643676111792	28.00378959592924	0.0
151.0	27.567685272555707	24.2728473211773	23.696498995911057	24.462077018779073	8.913915768589654E-4
152.0	29.147570335412016	22.844921447700354	21.227394804099976	26.779731380042353	3.820327453000422E-4
153.0	27.02284185419264	23.35811040547889	23.852335951119937	25.76556568513465	0.001146104073890603
154.0	25.70393792637098	24.93107387225394	24.78335228669194	24.579088990794144	0.002546923888999963
155.0	25.789291996958113	22.22730335690329	27.424115235039277	24.559034646686342	2.5476441297820875E-4
156.0	29.19042930061744	21.50770488942334	24.828889927785372	24.472975882173852	0.0
157.0	24.07092722571112	23.30471446951072	26.683693616804455	25.939900385972507	7.643020011974066E-4
158.0	25.259705104932962	22.489220088532214	27.09213082385911	25.15868921371931	2.5476895640266236E-4
159.0	27.684398116243138	20.427832418502803	24.32196599607402	27.564657011797046	0.0011464573829944704
160.0	26.598549853252894	22.6721730800587	25.58367642263166	25.145473259416274	1.2738464046959075E-4
161.0	26.93347838216205	18.686713637689596	28.29331115139302	26.08165620625128	0.004840622504054022
162.0	28.702055915709877	18.049357773155005	25.300030700519617	27.9485556106155	0.0
163.0	25.180127388535034	21.84356687898089	30.993121019108283	21.9831847133758	0.0
164.0	27.269681485982606	23.759186434459593	23.170515765189066	25.799087630527307	0.001528683841429625
165.0	29.2516538827549	21.18536863145263	25.531261664443655	24.03082406865986	8.917526889528402E-4
166.0	25.61379549322761	23.366524322506343	22.2844199390536	28.734878056237832	3.821889746124604E-4
167.0	25.584375875863124	24.521619486839757	24.85119881774403	25.04229622646317	5.095930899177007E-4
168.0	24.13640220457273	24.01511503171048	24.64053386740458	27.207821493819708	1.274024925023633E-4
169.0	27.616318699029545	19.892188851700425	25.463917919813067	27.027319717005295	2.5481245166526306E-4
170.0	31.315559802516326	20.735276317885013	23.22178690874343	24.72724956203217	1.2740882306099696E-4
171.0	26.65558209906036	23.278229017359454	25.513362000318523	24.55168020385412	0.0011466794075489727
172.0	27.52914768500117	25.59594786029494	23.105782656108275	23.76899440486746	1.2739372815197562E-4
173.0	29.792031593362843	20.821554826586834	21.701965030733465	27.68304723080353	0.00140131851332845
174.0	27.95109075065863	25.001528732527863	22.035532839722585	25.011210705204316	6.369718866088126E-4
175.0	25.8330774787216	24.019333690892807	21.959332493365828	28.18583580376355	0.002420533256215993
176.0	24.01368257446429	23.36242260554947	29.451168242158637	23.17132519683033	0.0014013809972736769
177.0	24.637562986131904	23.624688652622325	24.036336070429805	27.67402009185942	0.027392198956548326
178.0	23.80265204150645	21.758534563021968	26.636319289392468	27.80198463695867	5.094691204397737E-4
179.0	24.318124209472447	25.039709480726096	24.8291568852482	25.81122615998176	0.00178326457150063
180.0	30.023801254418043	21.270328109996527	24.88380288883895	23.82168467934705	3.830673994320388E-4
181.0	31.042678542464618	21.9276545256471	23.37211188350343	23.65678875800933	7.662903755205985E-4
182.0	27.399669011170875	21.016896775412842	24.4104261481175	27.17300806529878	0.0
183.0	22.59772730465074	22.68698531392897	27.0064855712321	27.708035647018413	7.661631697702659E-4
184.0	23.181673072748403	22.10110967807843	28.93310007534063	25.779392422520463	0.004724751312076209
185.0	26.515196968903947	25.85444253951314	20.762446272213975	26.867020617938152	8.93601430783548E-4
186.0	26.540666130494174	23.36473772228818	23.924016697943394	26.17057944927425	0.0
187.0	26.77992246438623	21.64395421414744	25.849163095499563	25.725938676378195	0.0010215495885709032
188.0	32.19785341684704	25.103657874742215	21.62902803583172	21.068566795001946	8.938775770809789E-4
189.0	24.670054132192885	23.614099654825864	24.788432388393055	26.925881419977195	0.0015324046110054743
190.0	31.122153177382238	18.9542133102446	24.046759787808437	25.876362911938454	5.10812626266496E-4
191.0	26.6976735868049	23.94613942128364	24.252078340801905	25.10334220705231	7.664440572482615E-4
192.0	29.28300238122004	20.01349017363489	24.07791597256998	26.6254637247187	1.2774785639096977E-4
193.0	27.28915077706173	23.71890858728593	23.496343389225903	25.49508618971447	5.110567119633266E-4
194.0	26.428427241623375	22.190480814192668	24.050674959180494	27.330416985003463	0.0
195.0	27.588731688866623	19.265663494270264	25.381300921051285	27.7635372049518	7.66690860022694E-4
196.0	29.300576083734263	23.301553975927426	26.524748244093182	20.872865031627498	2.566646176274693E-4
197.0	28.763146208167655	23.645334106853614	19.96670611277823	27.624043474577793	7.700976227086386E-4
198.0	28.922804580937495	20.963238865562186	23.43214721460293	26.681551664384102	2.5767451328505373E-4
199.0	25.04784994258007	24.324010811187026	25.410027285745034	25.217467516816754	6.444436711120391E-4
200.0	29.094576740888733	22.462797666999645	21.491186801147165	26.951309895917248	1.2889504720781103E-4
201.0	24.203521970096382	20.1099826105788	31.118427243512482	24.56781036378566	2.5781202667323226E-4
202.0	24.010008843465506	27.353895894620955	29.449126868923344	19.18683947949889	1.2891349131251983E-4
203.0	26.155429269972185	23.515553371992713	22.243713982496253	28.0842717710457	0.00103160449315337
204.0	23.66980357057647	24.114352334880508	21.688227776108373	30.527358384715882	2.579337187722871E-4
205.0	27.09491298976305	24.96679244699043	23.460523634750448	24.4768681988997	9.027295963767014E-4
206.0	25.301403713314386	20.33888249769143	24.89617886640219	29.463276981887404	2.579407045908286E-4
207.0	26.715391928341358	23.858179045987583	27.210341175726978	22.21544288089615	6.449690479353896E-4
208.0	30.304574684406642	20.46544214035776	20.14855854089037	29.081295610078346	1.2902426688411557E-4
209.0	27.508252230489504	19.094074137161233	25.6577911637258	27.738592049469506	0.001290419153949586
210.0	25.432813552671995	24.528209350889373	23.78467606419089	26.25339758961506	9.03442632683457E-4
211.0	28.870185946546016	25.731619948753366	24.066297914636273	21.330863512266276	0.001032677798072765
212.0	28.204783903196066	20.927833454269386	25.57268170749657	25.29405536891522	6.455661227556894E-4
213.0	32.20955978287548	19.486564063876564	23.218165706003475	25.085581267972067	1.2917927241066606E-4
214.0	29.622209354028143	24.397018830074348	24.085381616635818	21.895390199261687	0.0
215.0	25.6896560649356	23.447529713836087	24.246800844825444	26.615883960740465	1.2941566240112643E-4
216.0	26.01987352264966	24.62658943867204	25.437535516362292	23.915871187041546	1.3033527446002096E-4
217.0	30.664804821199844	23.18745669109464	24.29025890851059	21.85695462276631	5.249564286164248E-4
218.0	24.73827460961812	23.127381206730213	26.71357309400616	25.420372977757488	3.981118880190881E-4
219.0	27.507639067354305	24.138241891017316	21.091091589423844	27.26262380267458	4.0364952995012237E-4
220.0	28.587021996547502	21.05000734431072	23.739372647630752	26.62305897953161	5.39031979419759E-4
221.0	25.327602944415588	19.823683129977947	24.28911724636775	30.55946071619891	1.359630398072588E-4
222.0	26.040003511486404	21.605517423007917	24.0040272359664	28.35045182953928	0.0
223.0	29.14644216493268	21.8085495017225	24.704059421091014	24.340535346753995	4.1356549981458476E-4
224.0	30.85489700360318	22.033238711244387	22.66583130588143	24.44575697901156	2.7600025944024385E-4
225.0	31.93843659608492	19.6478889800345	22.98100559277463	25.431700505051204	9.683260547491551E-4
226.0	24.559381080512868	21.86832863236346	26.18259140787816	27.38927558030757	4.232989379429647E-4
227.0	30.308436043478693	22.935764167745766	24.056561532983565	22.697816826032632	0.0014214297593377276
228.0	27.491728583040448	27.09776299671433	22.48909546760696	22.92098364033933	4.2931229893873997E-4
229.0	28.635526439338673	26.3650875051463	23.025951794523618	21.973289803465537	1.4445752587595432E-4
230.0	28.851426416478958	19.309367769816436	26.257333016885774	25.58187279681883	0.0
231.0	26.09295431750066	23.597515424428487	25.049033759631893	25.258710746950086	0.001785751488870304
232.0	24.39659782449578	24.573308995091523	24.01270288922017	27.01694216480893	4.4812638359020937E-4
233.0	24.357320174147933	24.720555945401454	22.98239657136821	27.939274584814118	4.527242682844014E-4
234.0	26.756157075335434	20.129963921105844	27.334372061291095	25.777663046484612	0.0018438957830103442
235.0	26.08975181245373	21.451632097006264	27.019663055926042	25.438798487290804	1.5454732316308917E-4
236.0	28.74200406112663	23.773002723306355	23.72867352418722	23.755684147306404	6.355440733926296E-4
237.0	30.123822674255436	23.47258372584207	22.194424531675736	24.209008696935143	1.6037129161434552E-4
238.0	27.167552089342912	21.712167478958687	26.730880801902046	24.389399629796355	0.0
239.0	28.56880040736543	22.74314624090409	25.464117347525416	23.222786182427438	0.0011498217776244682
240.0	27.75802252820189	20.441769944520598	23.87596331130924	27.924244215968276	0.0
241.0	26.504174023518583	21.0940326552525	25.237378309749726	27.162247553690435	0.002167457788759564
242.0	27.02974783985766	23.491077654755156	21.007102089823793	28.47056738122353	0.0015050343398668546
243.0	28.11065230090436	24.359474356377806	23.71254638548873	23.814481478443824	0.002845478785281845
244.0	28.1296812548282	21.574245121418738	25.53051422429718	24.764719712491186	8.396869646995599E-4
245.0	25.16887450702801	23.517713284120404	24.517814406579703	26.793238278221594	0.00235952405029157
246.0	24.034569485002446	25.459716759785966	23.668281484732372	26.83439393683642	0.0030383336427932416
247.0	27.645059845582683	21.964672264533867	26.816363707029556	23.43432363423137	0.13958054862252925
248.0	29.91750802169791	21.487663415137455	23.52772031548911	25.05425323362804	0.012855014047485744
249.0	24.51702618369285	21.538800705467374	31.900522317188983	22.025505358838693	0.01814543481210148
250.0	28.226757292455318	21.93359590992999	20.938300170986704	28.900495946509235	8.506801187549446E-4
