# Position (bp)	A	C	G	T	N
0.0	23.551374152325824	24.56386098982041	25.560989732142463	26.32368686079652	8.826491478463802E-5
1.0	22.771199752062042	30.483338146522883	23.876355030252657	22.793739566531194	0.0753675046312275
2.0	24.126817502795483	27.087045284191348	22.901544581151512	25.88345161839595	0.0011410134657143009
3.0	25.72709701408767	21.538155273053825	25.180568417803222	27.547865100746478	0.006314194308806196
4.0	24.92733557949711	24.370643311236805	24.366700110847745	26.335145745067713	1.7525335062499727E-4
5.0	27.63145802279712	24.492850409579585	22.06758260081067	25.80723370324889	8.752635637406314E-4
6.0	26.137422770555286	23.874937434650327	23.672369831315958	26.308980671783704	0.0062892916947282634
7.0	25.11161259269077	26.04183379489791	24.020686696476528	24.825256534568513	6.103813662776503E-4
8.0	27.213645745359095	24.71538747226501	23.813255563741116	24.257537263388247	1.7395524653372426E-4
9.0	25.559974861460255	25.737489757086706	22.91704281884974	25.785492562603295	0.0
10.0	24.938073084168565	24.472580426931444	23.676463955759548	26.912882533140444	0.0
11.0	26.262592467437745	23.050530464486815	23.480539598312415	27.20625382667144	8.364309158249384E-5
12.0	27.59046293010392	24.865479953528315	20.084264921535805	27.459792194831962	0.0
13.0	24.272360590627063	23.761103509245203	25.286993008811304	26.67946163621767	8.125509875744702E-5
14.0	25.826564402005463	22.367102511972096	24.040546139541156	27.76578694648128	0.0
15.0	25.46193965571839	23.69508974375214	24.048333058887607	26.794637541641862	0.0
16.0	25.9142694698775	24.994329991394014	21.754114251450122	27.33713094457683	1.5534270153385384E-4
17.0	28.389828572646852	27.04081088777653	19.503611441485205	25.06460695973429	0.00114213835711773
18.0	25.391385774861142	26.183106090069135	20.22594688888805	28.19956124618167	0.0
19.0	24.66110480920747	25.132033431202604	21.970137735173406	28.23619851822268	5.255061938412175E-4
20.0	22.205143473891845	25.663329487513494	24.60299973947672	27.528527299117943	0.0
21.0	23.086429693738626	25.11448142996337	23.819967747964302	27.9788995156285	2.2161270520413117E-4
22.0	21.658605966086647	27.02094321878961	26.467938271388604	24.85251254373514	0.0
23.0	24.377825753437396	24.774012366484964	22.866955682887994	27.980915631283487	2.9056590615883493E-4
24.0	27.16537299879015	22.023582018351785	25.241395264629556	25.569649718228504	0.0
25.0	24.29328238462715	25.92755463999687	20.136693386274445	29.642184959458067	2.8462964346579286E-4
26.0	25.36203038219916	25.760385769789618	19.837801338457133	29.039711803947494	7.070560660107544E-5
27.0	25.69759621688612	24.850512578656257	20.298283978868024	29.153536729281488	7.049630810834436E-5
28.0	27.41158044182745	23.98977231898365	23.099908257840816	25.49657623843194	0.0021627429161448757
29.0	26.51225126731899	24.406843694911352	23.286542668301962	25.794086603061146	2.7576640655000367E-4
30.0	23.092347512910933	25.56405421702397	25.070587961829858	26.272873576105788	1.3673212945251086E-4
31.0	25.770041606237264	25.678089239330333	22.917683262494446	25.633710159071477	4.757328664808137E-4
32.0	24.392064803297842	22.883563480630297	24.857592569883067	27.866711766283363	6.737990542556474E-5
33.0	23.76181900045025	25.195218316819812	25.421341205118438	25.62155487293159	6.660467991122929E-5
34.0	26.110629848065912	26.638436963111516	23.191275030622833	24.059592231755186	6.592644454728969E-5
35.0	24.979900142997522	22.714762000087376	26.18608718219241	26.118924642978943	3.2603174375469895E-4
36.0	23.17370507910845	25.23679772481372	26.66393515771207	24.925496899042518	6.513932324151511E-5
37.0	24.510657416239905	26.69846365213881	21.485364162301362	27.30551476931992	0.0
38.0	26.202577458499377	25.90093227499313	21.471031256794177	26.425459009713315	0.0
39.0	22.972119015962207	27.597690175566704	22.026374378728686	27.40355610917064	2.6032057176810387E-4
40.0	25.588813471310413	27.166921420609498	23.393244432991906	23.850955603838422	6.507124976493012E-5
41.0	24.349301610187357	24.918280454194115	21.599009475823767	29.128463646513513	0.004944813281247967
42.0	24.27514546533293	26.65762821246786	20.92306731479843	28.144159007400777	0.0
43.0	25.901634439069383	26.18101183402316	22.583645722143405	25.330325554347848	0.0033824504162040196
44.0	27.575657458304825	25.158755141169152	23.782508708444656	23.48294861822543	1.300738559354001E-4
45.0	25.778913588435543	24.09171454303671	22.242272314940355	27.883588077889733	0.0035114756976619426
46.0	24.30307845755921	24.864855023934023	23.253908703505513	27.57815781500125	0.0
47.0	25.14985593026401	25.1629236274367	23.05122277238022	26.634242307612293	0.0017553623067801192
48.0	22.26095636949257	24.824104077873834	22.73025045915562	30.184689093477974	0.0
49.0	22.019218459702905	26.4193710428617	24.59929050130846	26.96030043545986	0.0018195606670769343
50.0	26.47369576998403	25.317585840772367	20.77625452092785	27.432398889115596	6.497920015802941E-5
51.0	24.0532958415574	27.69588001938692	21.735311353693064	26.51317388067168	0.002338904690933236
52.0	22.50317998109516	26.466194953263027	21.789321228010802	29.241303837631012	0.0
53.0	21.8305191812811	25.970390563917757	24.679168543631008	27.518433084279582	0.001488626890556151
54.0	23.049152168299074	28.97701641167101	22.57570746489293	25.398123955136988	0.0
55.0	23.211833144245986	29.013661426245925	22.926361832466245	24.846981307149957	0.0011622898918876685
56.0	26.040650464243768	26.47697052612142	25.178534189273034	22.303844820361775	0.0
57.0	22.891959834680225	27.890997922527983	22.65225649097029	26.559492007091034	0.005293744730464468
58.0	24.18679349538077	25.976970983284016	22.41352822403652	27.42264274685381	6.455044488166613E-5
59.0	26.857316572561597	23.02876336382389	24.91673831044605	25.194277275625883	0.002904477542579641
60.0	23.268408661291975	23.014476090057123	25.14576954136813	28.571281257391597	6.444989117635875E-5
61.0	24.274409223016296	24.24605450550017	23.52526469773227	27.948020647389754	0.00625092636150976
62.0	25.177561349040957	22.605289916989825	25.337369785122092	26.87965007107609	1.2887777103317443E-4
63.0	26.13891319503957	24.247565339873013	23.086583305519078	26.524425211442033	0.002512948126307216
64.0	24.57138559773334	22.298040390315016	23.80469079921248	29.325690382055434	1.9283068373261069E-4
65.0	23.240602977611676	27.406752809385935	23.489904848821777	25.857469255018657	0.005270109161956239
66.0	24.46142940597693	24.755513596573817	23.305850771553267	27.47637075944543	8.354664505593447E-4
67.0	26.549041078988562	26.15877654994075	20.843069061334443	26.44840642519491	7.068845413347523E-4
68.0	23.187882417501918	23.232027903545646	27.192719786045398	26.386920084461174	4.498084458604129E-4
69.0	22.670669363689402	25.36921281719789	25.333165411968512	26.624253670923814	0.00269873622038137
70.0	24.917115942735585	23.492883005175763	24.939055840246755	26.65043199786503	5.132139768694461E-4
71.0	24.014159822176595	23.295096351944927	26.707815743105854	25.98190404934817	0.001024033424450974
72.0	26.31299045551646	26.755720354439905	22.296742946592108	24.63313831373538	0.00140792971614857
73.0	24.406346045431828	22.955238149477488	23.68267981112625	28.951960566621253	0.003775427343180586
74.0	24.155964805421483	26.496767688142047	24.205421992004954	25.14088580188462	9.597125468979531E-4
75.0	24.518619930779025	25.063239311372843	22.598089705778865	27.81787590124815	0.002175150821119435
76.0	25.809128099821198	24.648236464420627	26.26953131247221	23.27220852164957	8.956016363921329E-4
77.0	23.867584897549794	25.325530161914315	24.78929134341801	26.016698053343706	8.955437741796819E-4
78.0	27.13571053468161	26.31486031218278	20.7726341469343	25.776411222102897	3.837840984175942E-4
79.0	27.55857566097497	20.979271456421962	22.806898598482327	28.652695836382154	0.0025584477385880437
80.0	23.239755960752635	23.443015403074728	28.989606138460744	24.32563979075406	0.0019827069578303813
81.0	25.218925162515	25.21866933410423	22.328895563167872	27.23287036918598	6.395710269208237E-4
82.0	22.441013873219802	22.836578433705043	24.53472398099755	30.186788335546193	8.953765314136461E-4
83.0	24.77434150696513	22.791283960691867	24.833881837704954	27.59927758584744	0.001215108790608616
84.0	23.072308919142394	26.474709176472693	25.379072984219338	25.07275784029278	0.0011510798727928841
85.0	24.62699022210172	27.357588693933433	21.84306124758846	26.171592491014067	7.673453623244937E-4
86.0	24.9134726849907	25.545203608539108	23.365284339658952	26.174312976635544	0.0017263901756889735
87.0	21.997351765692002	22.867778174892155	26.829260495594482	28.30465052194256	9.590418788014022E-4
88.0	24.268245201390403	27.57617391159805	26.077469502624744	22.077216330136924	8.950542498774096E-4
89.0	26.17569328217278	26.750865923466304	23.45409167217525	23.618006605183652	0.00134251700201889
90.0	23.20350620816449	26.34623166365256	24.584497583920335	25.86576454426262	0.0
91.0	25.79818702381569	25.379940666931304	24.42793959814343	24.39329348390969	6.392271998844277E-4
92.0	25.191135383488433	24.743698652640163	22.521024732384895	27.54407731195353	6.391953297832424E-5
93.0	26.65410039974279	26.23013270642618	21.050414635674137	26.064968750519334	3.835076375546019E-4
94.0	27.329355309613472	23.67467384551667	23.469636890289888	25.521796041917533	0.004537912662438099
95.0	23.75815429097693	26.7452435566162	24.44206978226038	25.05235938381777	0.002172986328720424
96.0	25.837716862468916	25.000399422530883	24.078532221255795	25.082904140509815	4.4735323458756264E-4
97.0	25.00730099593892	25.443060219636966	23.35916107243163	26.19034990462375	1.2780736873384434E-4
98.0	27.30964985989923	23.25123247142871	25.25954586263415	24.17957180603791	0.0
99.0	22.11610467746429	23.23428981825338	26.551785390240223	28.097756217748344	6.389629375937678E-5
100.0	22.409285374742513	25.26534570974387	24.554541226021133	27.77082768949249	0.0
101.0	22.617200976195647	22.857288884913686	28.317659685930774	26.20759490436094	2.5554859895480624E-4
102.0	25.321808889573244	24.28451950212665	25.076974092363802	25.31656973159538	1.2778434092351022E-4
103.0	25.45094597080829	25.692996443027106	25.840884234841983	23.01498170407621	1.9164724641236353E-4
104.0	25.244755155412975	27.661963841522073	23.341011675935615	23.751630529907846	6.387972214876054E-4
105.0	26.659699082118692	23.248947196271235	21.819293394934277	28.26854672199849	0.0035136046773105467
106.0	25.006372218023763	23.80251809614096	25.15330055340877	26.037681368656607	1.2776376990000568E-4
107.0	25.248627819741	24.77545560473032	23.021901223463516	26.953184889152364	8.304629128039493E-4
108.0	23.61624959757986	25.166205906250163	24.419620728597636	26.797923767572346	0.0
109.0	25.05694033368377	24.92651726987866	25.99423634805202	24.021539605307364	7.664430781886906E-4
110.0	24.022288925788736	24.5268872142036	23.572933963469154	27.87788989653851	0.0
111.0	24.46157019752804	23.970767714712515	25.254007049418092	26.31269706342369	9.579749176620558E-4
112.0	24.86771000039594	24.855384646824337	23.70574208207791	26.57097168489499	1.9158580681253584E-4
113.0	28.159194258349984	22.37437586248955	23.23691330754725	26.228622551902635	8.940197105802763E-4
114.0	26.559132437732725	22.562583375852757	27.3359766684909	23.541860505213766	4.4701270984852013E-4
115.0	26.533440540959973	23.82257350673039	26.851486994901673	22.791668715660723	8.302417472373705E-4
116.0	26.792228461070778	24.936582586970626	25.118404716773874	23.152784235184722	0.0
117.0	25.623443307659883	26.925764136363057	24.18049328786195	23.26927743929698	0.0010218288181272433
118.0	25.8892419857098	24.949036548075522	26.07419205685427	23.087018497561672	5.109117987416242E-4
119.0	26.725520387941522	21.434305592721433	25.186948805181753	26.652586564210186	6.386499451080372E-4
120.0	25.128479582172332	24.250660838810255	24.72338650911699	25.89747306990043	0.0
121.0	27.385432865942644	23.432271991365354	24.133900886775642	25.04737240425729	0.001021851659071967
122.0	26.322892064882925	24.230444495821235	24.773115404905177	24.672909372616996	6.386617736659313E-4
123.0	23.343494396725976	28.50456098266616	23.773184117063625	24.3778663810584	8.94122485839335E-4
124.0	24.563993960929974	25.379549419978492	23.112535157657025	26.94392146143451	0.0
125.0	26.20048153375526	24.374357369573964	24.988280975584836	24.43573057100707	0.0011495500788719082
126.0	24.12697946390025	24.240018699371834	25.051665955647746	26.58133588108017	0.0
127.0	25.89036590467128	23.16480877736941	27.92383665049861	23.019775265112447	0.0012134023482528603
128.0	26.368998010646077	23.30916092691759	25.0096593830129	25.30311303553695	0.009068643886488677
129.0	24.08380841928733	27.036440747782205	22.979493018838884	25.89693694890402	0.0033208651875618273
130.0	25.892501328374067	24.950313700645793	24.098046779203795	25.05913819177634	0.0
131.0	24.891319133771823	24.902559229235997	25.17679201289035	25.028690982314096	6.386417877371835E-4
132.0	25.861134120102463	25.981135678398378	22.396288701141195	25.755629822973752	0.005811677384208715
133.0	26.764017460555685	25.607111951284157	24.96061156650051	22.666534680022863	0.0017243416367834004
134.0	26.012019184713537	22.98391268528512	21.733904702298464	29.270163427702876	0.0
135.0	25.803707592210838	24.196994893567016	26.348772693483742	23.65001392199087	5.108987475317204E-4
136.0	27.18946100564425	26.411540883435237	24.677010835065097	21.715792525682666	0.006194750172750508
137.0	27.959510808825875	21.91276303605071	24.867132867132867	25.26040169875786	1.9158923268512308E-4
138.0	24.81356079406051	24.699570733227496	27.454873346505522	23.03071792664532	0.0012771995611542309
139.0	25.546649092153796	24.178046674636505	25.21150721883334	25.062392075120826	0.0014049392555354606
140.0	25.812594715172754	21.942500027141303	26.16332424152824	26.081261706683595	3.1930947410368235E-4
141.0	25.041095785430826	25.68745234230011	25.630231170977623	23.6408375238049	3.831774865345045E-4
142.0	27.879043331098124	23.38327425998659	23.683494587604176	25.054187821311107	0.0
143.0	26.358426317617965	25.740234095600105	24.394580344552754	23.506695379396316	6.386283285308483E-5
144.0	27.908865933293953	25.29107658901857	22.942793734932067	23.8564335094918	8.302332636150273E-4
145.0	27.464253987798237	22.78459024203638	23.30392843708708	26.445950062554324	0.0012772705239810734
146.0	27.030092474326878	21.92043886987176	25.57355796249936	25.47099320492515	0.004917488376845655
147.0	26.1210810299915	25.259263658639853	26.73109062844655	21.884669102362448	0.0038955805596480437
148.0	24.564950694731383	24.572358778611328	23.984246326452542	26.87767784669992	7.663535048219602E-4
149.0	27.347986910640344	25.160615434919777	24.1669072172849	23.32219136929927	0.0022990678557105013
150.0	24.761258818878577	24.34831145657507	25.85608663081318	25.034343093733174	0.0
151.0	26.049928566729914	24.326078029271994	26.32518774783704	23.29816700376869	6.386523923599291E-4
152.0	26.762167219637433	24.98120750933238	23.430419885233285	24.8262053857969	0.0
153.0	24.73477854623325	23.688645884093866	25.897212037295457	25.678469401896965	8.941304804610137E-4
154.0	22.63959462186763	25.063164698278396	25.49522656263971	26.79939556046056	0.0026185567537049385
155.0	27.169776855798695	23.62858095412061	24.345953347801704	24.85536949915502	3.1934312396772333E-4
156.0	25.447901850239735	23.501857648613488	26.59346779596714	24.456453356956587	3.193482230506825E-4
157.0	25.071327154520773	22.798758105939108	27.14072478735981	24.98867898980183	5.109623784787756E-4
158.0	24.90582017881711	21.71085996492129	26.009534868569805	27.373465625802396	3.193618893960356E-4
159.0	25.648926344512535	21.940027567952193	25.011209860077955	27.39906974129815	7.664861591761806E-4
160.0	25.33967230748496	21.927523373529993	26.388247475492687	26.344556843492363	0.0
161.0	23.858367352413826	21.03180813302477	29.16617429224237	25.93949830825471	0.004151914064321453
162.0	24.649491891795215	24.110946379876754	25.798188836502796	25.441245138175155	1.2775365008147488E-4
163.0	24.450119675983743	24.879701202892154	27.025692488615295	23.644294997626922	1.916348818922284E-4
164.0	24.811570909959674	24.642609152808504	25.188652668925027	25.355506396591892	0.0016608717149075374
165.0	26.248969918423924	22.476795216588624	27.230374151180843	24.043094141470924	7.665723356820257E-4
166.0	24.350803043650746	23.267535776183962	26.18284519122475	26.198560456177088	2.555327634526821E-4
167.0	26.059005451305907	23.96530278608815	26.98840423608569	22.98684033161419	4.4719490606670993E-4
168.0	25.916603152313698	25.06773622068624	24.516902271375482	24.498630581569998	1.2777405458379838E-4
169.0	26.45660578189199	22.568980134768978	25.87080092793431	25.10342148624103	1.9166916368993807E-4
170.0	31.243878550440744	22.789905142688475	23.434554077356594	22.53147055986067	1.9166965351876734E-4
171.0	25.293446427019816	23.724309861026637	27.196663412539802	23.784621950533865	9.583488798818291E-4
172.0	27.049484027663322	24.664716997765417	24.589464377658278	23.69601518850845	3.194084045294667E-4
173.0	28.14442861002857	20.064873552146363	24.08056942575153	27.708020468768265	0.0021079433052678784
174.0	23.715211530120996	26.439588418012878	24.40218220979082	25.442698469374392	3.193727009157693E-4
175.0	26.0736070924432	24.58223951047834	23.234202643059255	26.108801042405194	0.0011497116140034875
176.0	24.123066703711864	24.840977099041613	28.85444111250563	22.180557019266697	9.580654741945065E-4
177.0	21.838135534757512	26.694120592871943	24.779947008429083	26.661288303273263	0.02650856066819458
178.0	25.183632382660505	23.355867421890768	24.25282378700432	27.207165431379615	5.109770647944466E-4
179.0	27.829258555436674	24.30909758707143	23.567748838249152	24.29287299787611	0.0010220213666341962
180.0	25.922338301896215	22.20385491506152	26.109987874162748	25.76349879701963	3.201118598883194E-4
181.0	27.270885257800774	22.43431948944476	27.06204390092828	23.231725419462066	0.0010259323641264794
182.0	24.820036175501837	23.149628210479612	26.606113416161254	25.424093961409806	1.2823644749134243E-4
183.0	23.72841364753736	24.547691621154787	26.76675647221905	24.956625328756285	5.129303325199113E-4
184.0	25.865718083247685	22.424004221435585	27.145549123237835	24.56043276126384	0.0042958108150563685
185.0	24.397050630501138	25.335958471359305	25.165230469979633	25.1012475389331	5.128892268259017E-4
186.0	27.26432810854028	23.237666212085948	25.726639904749632	23.771365774624137	0.0
187.0	23.45794140254452	23.19938919209343	28.09562125796608	25.24621265678303	8.354906129416211E-4
188.0	27.196057335230623	28.782596847359283	22.82926559641931	21.19195167819053	1.285428002534864E-4
189.0	25.157191069657674	24.09620356974605	25.192540180691804	25.553229655461855	8.355244426248578E-4
190.0	27.93017119754725	22.41579118205688	25.138625984618894	24.515090258740653	3.2137703632524644E-4
191.0	26.447327854154025	24.01716228802186	25.283350894255356	24.251515313402923	6.436501658364652E-4
192.0	26.74235007341123	23.714691965702375	24.766136470866908	24.776692754848973	1.2873517051295173E-4
193.0	27.574996781254026	24.963177546028067	21.67065791167761	25.79091026136217	2.5749967812540236E-4
194.0	27.25588354204811	23.818398831918298	24.99459221433372	23.93112541169987	0.0
195.0	25.532931386613168	22.185900787324513	25.046036721206764	27.234294073560882	8.370312946684971E-4
196.0	27.927387205634922	22.395592324904047	26.989717188809912	22.687303280651108	0.0
197.0	24.48122923512982	25.33257680944441	24.76537754221397	25.419977265553438	8.391476583584593E-4
198.0	27.034784104237225	23.912115792699723	24.91074118759157	24.142358915471483	0.0
199.0	24.82184034277147	23.37544114721926	26.166452531684527	25.63555327490461	7.127034201341308E-4
200.0	27.236122945535012	23.820357225010287	24.29674363451987	24.64677619493483	0.0
201.0	24.36903779843814	21.458125831492413	29.73160899168524	24.440773763429434	4.536149547778291E-4
202.0	25.23006771119568	25.106219993985835	28.60396209002582	21.059750204792667	0.0
203.0	25.513598388070267	24.908087460672583	23.683386504626583	25.894084858401854	8.427882287119797E-4
204.0	25.629313318412052	23.55366863859287	24.648774959217175	26.168243083777902	0.0
205.0	27.061442385565122	24.04836179791455	25.949012098878942	22.940081402715194	0.0011023149261870473
206.0	24.892413846772417	21.772804503184133	26.007444780223345	27.32727201981816	6.485000194550005E-5
207.0	25.323518327894607	23.48433990326395	27.290735483268374	23.901017110099687	3.8917547338331645E-4
208.0	27.626120883498185	23.383274361659197	22.60788442849376	26.382720326348856	0.0
209.0	27.335879928079354	20.89870959411294	25.403223451684887	26.36095417492082	0.0012328512019974785
210.0	24.441301897188517	24.817261021287475	24.942126437266484	25.799310644257524	0.0
211.0	24.28510404034371	25.943023856698805	26.231072655554144	23.539695812158683	0.0011036352446564578
212.0	28.278472117131365	22.789774192312265	25.457548453470313	23.474140288230032	6.494885602332444E-5
213.0	29.223914333379476	23.35600818608327	23.133548968648395	24.286073585063843	4.549268250201955E-4
214.0	27.401666986448824	25.33975499266669	24.92869941886368	22.329878602020806	0.0
215.0	25.447003634960286	25.461084542813783	23.038125361801104	26.05319975593093	5.867044938956656E-4
216.0	25.42217476278521	24.286839564032338	26.089639011657223	24.20134666152523	0.0
217.0	27.960652664638992	23.33234146201832	26.330455575148896	22.375485201479687	0.0010650967141100684
218.0	23.710090913007882	25.00989648412254	26.104232194407338	25.175780408462234	0.0
219.0	26.094135282807763	23.191852507630976	25.444687645966173	25.268374086183858	9.504774112254098E-4
220.0	27.85660747271831	22.434128699394225	25.03204992552403	24.677213902363434	0.0
221.0	25.466512143879722	23.166642909821082	24.349527238772826	27.01676682415045	5.508833759235043E-4
222.0	24.485810932293038	25.24240789754268	24.818847396963577	25.452724710762116	2.0906243858790865E-4
223.0	30.011491209787806	23.425521188326282	24.453111357708966	22.10874965498206	0.001126589194883032
224.0	29.502616137437244	23.117263682645937	25.304509924375623	22.075610255541196	0.0
225.0	30.250203759984593	19.90481015680459	25.334240986063318	24.50946604580567	0.0012790513418314453
226.0	25.0332783304012	22.673803398879492	26.489407326045743	25.80351094467356	0.0
227.0	26.225124671749185	24.02770564028432	26.517217958543238	23.227990396734018	0.0019613326892413637
228.0	27.11149321095101	27.7000065008915	23.654041545809736	21.534458742347756	0.0
229.0	27.770617653546548	25.396366361957686	22.05988782007538	24.77298061749862	1.4754692176545793E-4
230.0	25.16652089580656	23.669469037079345	28.155195392450853	23.00881467466324	0.0
231.0	24.930011061004418	25.141580102557455	24.512150894116708	25.41414677583408	0.00211116648734318
232.0	24.92493130559959	25.23666463549283	25.026464702726454	24.81193935618113	0.0
233.0	22.94269983310033	24.81054424072968	23.175420174536406	29.070565919210704	7.698324228781879E-4
234.0	26.768601506203694	21.206807221712964	27.167463374493316	24.856502722247882	6.251753421467427E-4
235.0	25.424851760001204	21.809228518755695	28.298859436581143	24.466822815701132	2.374689608279118E-4
236.0	27.656534717632386	24.255563149141143	24.556558247932266	23.531343885294206	0.0
237.0	28.009782141990403	25.114342785670278	22.249746558759	24.625966181320262	1.6233226004654065E-4
238.0	26.35963973457593	23.104901783215055	24.960647423970496	25.574728730673602	8.232756491528493E-5
239.0	27.643459190643764	23.484474142522345	24.40359286543811	24.4668016123247	0.001672189071073888
240.0	24.69992878344449	22.197732506458873	27.630464051234334	25.471528106280743	3.4655258155681814E-4
241.0	29.171278962034012	21.320516068138208	24.243438973693436	25.261122427380204	0.0036435687541423907
242.0	26.091235342393343	24.300329665743973	22.164718114923982	27.443195253926085	5.21623012616322E-4
243.0	27.338496336940466	23.346306215216188	25.86987313305993	23.441663434341674	0.0036608804417462403
244.0	25.25317892824705	22.737808286173408	26.72491790679802	25.283046880458325	0.0010479983232026828
245.0	29.268595771790817	20.869760025763405	23.70758532815965	26.152133619671204	0.0019252546149228238
246.0	24.2262429636538	26.24559324440642	24.992856278848798	24.533203840604738	0.0021036724862428585
247.0	25.050247436216296	23.11179933718205	25.309591877448106	26.383089793289034	0.14527155586451518
248.0	25.610869840644177	23.153137141730955	24.60961695478349	26.615730052367816	0.0106460104735627
249.0	25.76500539099981	21.226057293832888	28.534504606412863	24.458008041022815	0.01642466773162093
250.0	26.310611235175664	22.454425447428676	25.390007042776908	25.844071503650568	8.847709681871751E-4
