# Position (bp)	A	C	G	T	N
0.0	23.65786009778112	25.148081985708913	26.41265513350884	24.781402783001127	0.0
1.0	23.52071353127567	29.01772092477409	23.307123577044948	24.074639126863044	0.07980284004224857
2.0	24.337247732226988	27.082014860652087	22.58631601153224	25.994421395588684	0.0
3.0	23.9260786058931	23.036023797254884	25.70853047266595	27.3199981262004	0.009368997985665433
4.0	25.569365447183017	25.36338740257004	24.303068604732815	24.764178545514127	0.0
5.0	26.541680302959463	25.8707746972743	22.859881247370144	24.727663752396094	0.0
6.0	23.65167490902305	25.543528972660262	24.507791359522255	26.29000653167864	0.006998227115797331
7.0	24.70678581401843	25.733035464953925	25.10704644885041	24.453132272177232	0.0
8.0	26.238118478235606	25.8848683446048	24.46954379604453	23.40746938111506	0.0
9.0	25.6158436070674	25.402242808386156	23.51466183743122	25.467251747115228	0.0
10.0	25.026100271442825	26.271953228313578	23.757047073289563	24.94489942695404	0.0
11.0	26.777134132650772	23.195922582962865	24.455521128025506	25.571422156360864	0.0
12.0	27.44592180988291	26.8748208418778	21.29831756741858	24.38093978082071	0.0
13.0	24.5046062923692	24.689292543021033	24.795758734573266	26.010342430036502	0.0
14.0	25.82703213610586	22.91201237326001	24.33192988485994	26.929025605774186	0.0
15.0	25.16387395932132	24.689640636526505	24.4430393086732	25.703446095478977	0.0
16.0	25.799626633478535	25.420037336652147	22.001659406762084	26.778676623107238	0.0
17.0	26.71196539340516	26.018201110022854	20.959843290891282	26.305909239307866	0.004080966372837088
18.0	25.05201494798505	26.865973134026866	21.71699828300172	26.36501363498637	0.0
19.0	25.801133850669455	24.52052591371477	22.427727071689922	27.25061316392586	0.0
20.0	22.295474977524723	25.12236539806213	25.71970832084707	26.862451303566075	0.0
21.0	22.683313515655964	26.914387633769323	25.11097899326199	25.291319857312722	0.0
22.0	21.769883684375984	26.92942470921094	26.37731845331657	24.923373153096513	0.0
23.0	23.606550969355848	27.100922451532206	24.020872420262666	25.271654158849284	0.0
24.0	26.00864692995211	22.799976734717617	25.02762752282906	26.163748812501215	0.0
25.0	23.626152460179025	26.6335703743459	22.318912805965	27.421364359510076	0.0
26.0	24.074708704592187	25.94242631939685	20.98469271190313	28.998172264107836	0.0
27.0	24.40742991719213	26.88027045506344	20.812124895540528	27.900174732203904	0.0
28.0	27.04905745231046	25.54810178765506	22.69797249184874	24.70112056365476	0.003747704530974778
29.0	23.9157464971699	24.567133710680153	25.44678481952306	26.070334972626892	0.0
30.0	21.96971091032884	26.37690226892148	26.316176876506635	25.33720994424305	0.0
31.0	25.88364434687157	25.598243688254662	23.15404317599707	25.364068788876693	0.0
32.0	23.300089014841863	23.61436590549894	26.09224844224027	26.993296637418933	0.0
33.0	24.244880315556276	25.242700959997116	25.51286900452081	24.999549719925792	0.0
34.0	24.824862391879336	28.082779326613768	22.338980627635998	24.7533776538709	0.0
35.0	24.448142181940486	24.214476642297004	26.071409605069835	25.265971570692674	0.0
36.0	22.212199996462743	27.06000955059161	27.20680568083338	23.52098477211227	0.0
37.0	24.08818485582448	26.819652422962008	22.753390025281544	26.338772695931972	0.0
38.0	25.65838311711266	26.639329774824137	22.017391919120506	25.684895188942697	0.0
39.0	22.164301744093585	27.772967432984043	23.095545228039793	26.96718559488258	0.0
40.0	24.158524303408306	30.01572521511741	22.582469035461244	23.24328144601304	0.0
41.0	23.36042402826855	27.413427561837455	21.579505300353357	27.63780918727915	0.0088339222614841
42.0	22.978941417567665	27.072291710833156	22.02317857395237	27.925588297646808	0.0
43.0	25.230062704230328	26.160911419235184	23.509670582001235	25.094056345491477	0.0052989490417733815
44.0	26.238541832247126	25.876472562214097	24.143838640738974	23.739380773238665	0.0017661915611367207
45.0	24.638448906076178	24.982783281241723	23.079232222634246	27.29600395543077	0.0035316346170825167
46.0	24.830958812209804	25.44180216443338	24.32251116642833	25.40472785692848	0.0
47.0	24.089111707385964	26.832368309560795	24.22150826154498	24.853481146730687	0.003530574777573789
48.0	22.926777615022147	24.606886327938867	23.703298448723153	28.763037608315834	0.0
49.0	21.528905202230536	26.736429731065154	25.314110256229267	26.41702548175337	0.0035293287216771373
50.0	25.314534770870463	26.978525171604524	21.811861445889434	25.89507861163558	0.0
51.0	23.436838390966834	28.507410021171488	22.706422018348622	25.34580098800282	0.0035285815102328866
52.0	21.95036023181666	26.836829960013386	22.219873522521095	28.992936285648856	0.0
53.0	21.989970968593298	27.646696577812968	25.121843934195475	25.237969561009944	0.0035189583883170586
54.0	23.218087446115952	29.59795900413478	23.881411102313717	23.30254244743556	0.0
55.0	23.122901394089624	30.742049469964666	21.827259462405287	24.30427368458063	0.0035159889597946663
56.0	25.507119001582	26.487959219546493	24.67744770609949	23.327474072772016	0.0
57.0	21.030706765331413	28.383105127168545	24.256059620691474	26.32134005940977	0.008788427398801259
58.0	23.993391799504383	27.12174203413065	21.912511643438375	26.97235452292659	0.0
59.0	26.127836066149978	23.40556404984095	25.95209223036502	24.51099277692835	0.0035148767156991966
60.0	21.552753582466984	24.17989603821298	26.187131216633887	28.08021916268615	0.0
61.0	23.717622267099834	26.51681447010273	24.766002282904555	24.99078057775046	0.008780402142418122
62.0	24.332677718460243	23.459890418656926	26.31708345040742	25.89034841247542	0.0
63.0	26.097111247695143	24.218105189217667	23.283870401264377	26.397401000965843	0.003512160856967249
64.0	23.936991299466744	23.82648049396576	25.11226494527084	27.12426326129666	0.0
65.0	21.69230499377313	27.124589991405166	25.279332058725508	25.896756766238095	0.00701618985809756
66.0	23.918686638369525	25.40779457677062	24.643070123127654	26.03044866173221	0.0
67.0	24.59878979215996	26.68069806191353	22.273086029992108	26.443918267122683	0.003507848811716215
68.0	22.64548037461854	24.65537198779333	27.047599003823354	25.651548633764776	0.0
69.0	24.800954017747536	26.254778857283156	24.744835326716004	24.1941706709691	0.005261127284206096
70.0	24.24682967841379	25.124360681006095	25.190919918727666	25.437889721852446	0.0
71.0	24.27749707152473	24.11490113117821	27.038131370526425	24.56597373988146	0.003496686889172509
72.0	25.9200335670204	26.703264043077674	24.098323397262188	23.274882428014475	0.003496564625255686
73.0	24.587441437661703	24.21683798335781	24.660862876721907	26.527865184252846	0.006992518005733864
74.0	23.290448888267377	28.314221787162637	24.17144455320934	24.223884771360648	0.0
75.0	23.537431612801736	25.465382531331386	22.902938246141478	28.090751778504135	0.0034958312212686376
76.0	24.778467185178712	25.626146989425852	26.678318622738793	22.915319409245825	0.0017477934108188413
77.0	22.37000786507035	26.48780914095954	25.834134405313293	25.308048588656824	0.0
78.0	26.026774791149638	28.592400992694607	21.169911566290327	24.210912649865428	0.0
79.0	27.567765951869134	22.959156923399572	22.190181583040598	27.279400199234523	0.0034953424561771436
80.0	23.049632995456136	24.923103809856695	28.337993708493535	23.684026564138414	0.005242922055225445
81.0	24.029639468027472	26.75241607102288	23.950997011586654	25.266947449363	0.0
82.0	22.59580937734827	22.86143683483914	25.571885430683466	28.969120808066684	0.001747549062439928
83.0	23.396186847945756	24.133652552295406	25.363927092253114	27.106233507505724	0.0
84.0	23.163891170251805	27.50624705121708	25.58757229978856	23.738794624914814	0.003494853827738655
85.0	24.49500244635493	28.2973369679178	21.985741245544137	25.22191934018313	0.0
86.0	24.261750829984273	26.34107985322383	23.300716407478596	26.092958238686002	0.0034946706272933775
87.0	22.3035661244387	22.979749445250118	26.7293344748659	27.98385546799923	0.0034944874460538502
88.0	23.37864281221609	28.866447690264867	26.188063456565796	21.56335173666923	0.003494304284017052
89.0	25.861346006010205	28.095953595639106	22.67454049898665	23.368159899364034	0.0
90.0	23.391393979629274	26.990338755044636	24.485053896818602	25.133213368507484	0.0
91.0	24.43881561708446	26.271290069001658	24.768975456371738	24.519171980085595	0.0017468774565464235
92.0	24.054568638753516	25.612674457195762	24.41614700693462	25.916609897116103	0.0
93.0	25.034933277440093	27.487249353734367	21.60448543282331	25.873331936002238	0.0
94.0	25.987250021832153	25.84927080604314	24.08523273076587	24.074753296655313	0.003493144703519343
95.0	23.404181002113205	28.460154735500097	24.336785483504777	23.795385878202556	0.003492900679369182
96.0	24.50968406713355	27.155556331755708	24.918353446619747	23.416406154490996	0.0
97.0	24.525830451639948	25.587690803031894	23.746899996507036	26.139578748821123	0.0
98.0	26.57597876575979	24.79132469528167	24.616701009324903	24.015995529633642	0.0
99.0	21.78710477154879	23.442219389982018	28.014735408628244	26.755940429840948	0.0
100.0	23.03100125680771	26.679234743750875	25.064585951682727	25.225178047758696	0.0
101.0	22.640554362814402	22.82382922274005	29.186085074444502	25.349531340001047	0.0
102.0	23.33839627088462	25.817489830478884	25.60275144468304	25.241362453953453	0.0
103.0	25.458259138996542	26.75709647009532	25.744561991550576	22.040082399357562	0.0
104.0	24.357161560617964	27.913066247708823	23.4756044339705	24.254167757702714	0.0
105.0	26.882584024443474	23.357485814055	21.962461807071147	27.793976429506767	0.0034919249236141426
106.0	23.468817654864164	24.289405684754524	26.7494238424471	25.49235281793421	0.0
107.0	25.205579901181974	25.886481484714636	23.190809574523804	25.71712903957959	0.0
108.0	21.793707880861763	25.57177275742868	26.612311882398128	26.022207479311426	0.0
109.0	24.63292421041605	26.207727360022346	26.899104352532433	22.260244077029174	0.0
110.0	23.996578152551546	25.95890291380785	23.584559786309118	26.459959147331485	0.0
111.0	23.73635966826713	25.22391968572676	25.791357485814054	25.248363160192056	0.0
112.0	25.132690830365252	25.529017389482505	23.912284377400656	25.426007402751587	0.0
113.0	26.048850323864727	23.98170295231943	23.73727674284617	26.232169980969672	0.0
114.0	25.430387261235467	23.80835981422635	27.59716450745539	23.164088417082795	0.0
115.0	24.58443916748149	25.735088699539045	26.30604833077245	23.374423802207012	0.0
116.0	25.963821762816035	25.86953485123621	25.396354239418912	22.770289146528842	0.0
117.0	25.09647116341604	26.917637198582177	24.305494927624803	23.68039671037698	0.0
118.0	24.70580018856724	25.91228131438349	26.671788245975485	22.710130251073785	0.0
119.0	26.3484136823174	22.103682492011664	25.407274187634233	26.140629638036707	0.0
120.0	23.82274370122047	23.96067955231959	26.979554065615563	25.23702268084438	0.0
121.0	26.636052521301856	24.13744936443637	25.813661125855564	23.4128369884062	0.0
122.0	25.783132530120483	25.940282870612887	24.64466561899773	23.6319189802689	0.0
123.0	23.230841757896393	27.711137883470393	25.540830757948775	23.51718960068444	0.0
124.0	23.558682822921394	25.16848831930719	24.557390788141216	26.7154380696302	0.0
125.0	26.18981109675617	23.57275044519711	25.96284786479975	24.27459059324697	0.0
126.0	24.98341538354108	23.948186166684124	25.92961139625013	25.13878705352467	0.0
127.0	24.47322940488452	24.162491489621704	27.48284831450867	23.879685072360036	0.0017457186250720111
128.0	25.14053280262561	22.919939946230926	27.06609406096156	24.86645019377815	0.006982996403756853
129.0	22.649184678235972	28.847026781661373	24.098257620726983	24.40203917734558	0.0034917420300988166
130.0	24.788294658914324	27.573202032371274	23.97813978663594	23.660363522078466	0.0
131.0	24.460042253767046	26.253208318055627	24.936706650603252	24.350042777574075	0.0
132.0	25.39286213158262	26.14191926246682	23.599664757647716	24.8603156865484	0.005238161754434977
133.0	25.843795289064275	25.58537479701769	26.062055839779298	22.507027989733025	0.0017460844057201725
134.0	25.14229842511436	23.74899605405594	23.08377274155812	28.024932779271573	0.0
135.0	23.94978524286762	25.816251702343123	26.94765513147327	23.28630792331599	0.0
136.0	27.3824073750742	25.798791772881234	25.804029751719803	21.00953312148619	0.005237978838565492
137.0	27.83937145351375	24.193801833260583	24.139676996944566	23.827149716281102	0.0
138.0	24.872112715400597	24.903538942332872	27.988546886184686	22.23405555458561	0.0017459014962375825
139.0	24.57880126403268	24.503727499694467	25.792202803917803	25.125268432355046	0.0
140.0	24.639932962064208	22.908119620816674	27.08402437108291	25.367923046036207	0.0
141.0	23.325885063892184	27.286851476852174	26.642692549402973	22.744570909852662	0.0
142.0	27.69660469581915	24.594571004625994	23.974862529457972	23.733961770096883	0.0
143.0	23.530130577473642	28.316807485510786	24.348858319949723	23.80420361706585	0.0
144.0	27.31478248725648	27.592346903149224	22.831855317366106	22.261015292228194	0.0
145.0	26.594166215720843	23.816921814722363	23.668546092481716	25.91687468361059	0.0034911934644858344
146.0	27.04566082524611	23.097465614745513	24.568875235634994	25.284507435593103	0.0034908887802834604
147.0	24.63785821494642	26.19463157527313	26.685050089008342	22.478969597542672	0.0034905232294320915
148.0	24.10994764397906	25.780104712041883	24.537521815008727	25.57242582897033	0.0
149.0	26.923211169284468	26.329842931937176	23.455497382198953	23.289703315881326	0.0017452006980802793
150.0	24.010890242412607	24.976003071606833	25.855599574163595	25.15750711181696	0.0
151.0	24.668796145991518	25.71084463528303	26.520744968668726	23.099614250056728	0.0
152.0	26.679583180604283	24.393011118674835	24.180063186189805	24.747342514531077	0.0
153.0	24.523427134976608	23.884505271978213	27.454437539277983	24.137630053767197	0.0
154.0	23.159640394518636	26.396089726804572	25.86366413546304	24.577114427860696	0.0034913153530592655
155.0	25.76781380406125	24.601470151729433	25.687496726206067	23.943219318003248	0.0
156.0	24.08639323939727	24.16845634068409	27.39161559548129	24.353534824437347	0.0
157.0	24.00167624102949	24.534231984774145	27.596864032407325	23.867227741789037	0.0
158.0	25.671829436518884	23.57296268487314	25.380223157380083	25.37498472122789	0.0
159.0	26.1782938967956	22.72766960621671	25.196891644110714	25.897144852876973	0.0
160.0	25.30997869442213	23.556634417240055	26.287939645838428	24.84544724249939	0.0
161.0	23.803702410059376	22.651065316101988	27.899056933286765	25.644428920712542	0.0017464198393293748
162.0	23.565366211449128	25.60336697984702	25.758792916768535	25.072473891935314	0.0
163.0	24.758561673739543	25.2877176437715	26.454305722917866	23.499414959571084	0.0
164.0	25.189026839191857	25.891001798592555	24.614524944557946	24.30370021129097	0.0017462063666684128
165.0	25.53347536059791	23.60912234135438	27.957252121677783	22.900150176369923	0.0
166.0	24.076272962212755	24.907452678633792	26.162953132639522	24.853321226513934	0.0
167.0	25.72386573993224	25.294261464845796	25.695923998463204	23.285948796758756	0.0
168.0	24.37435601893086	25.29121042245158	25.832591117863817	24.50184244075374	0.0
169.0	25.18206744791212	23.718542063256432	25.796817967481093	25.302572521350353	0.0
170.0	29.87967797705324	22.805301852854374	23.851352531302936	23.463667638789445	0.0
171.0	23.560639133851392	24.203265519951103	28.63878459792194	23.59731074827556	0.0
172.0	25.291129074497615	24.959407790212477	25.898702795188296	23.850760340101612	0.0
173.0	26.34068849940647	23.30668249423923	24.16032399972069	26.18881363033308	0.0034913763005376716
174.0	23.044563528775157	27.689434271849745	23.80910820576376	25.45689399361134	0.0
175.0	26.25938209111538	24.473730144876942	23.79647407924594	25.470413684761738	0.0
176.0	23.814011938422873	25.60128460222711	29.367822110517682	21.215135965371594	0.001745383460746326
177.0	21.71181234292097	27.249720748394303	25.973889974867355	25.034906450712093	0.029670483105277857
178.0	23.194095477386934	22.529313232830823	26.92280848687884	27.353782802903403	0.0
179.0	27.669674176715937	24.71684612833982	24.2665922060697	23.34688748887454	0.0
180.0	26.37145554351246	22.957239257368624	26.21411838746897	24.45718681164994	0.0
181.0	27.101200686106345	23.310113067525467	26.67938530472223	22.909300941645956	0.0
182.0	24.891066585003063	25.27605214804445	24.644325837781082	25.188555429171405	0.0
183.0	23.4663167104112	25.802274715660545	26.265966754155727	24.46544181977253	0.0
184.0	24.7244094488189	23.700787401574804	27.21434820647419	24.35870516185477	0.0017497812773403325
185.0	23.83793145676248	26.565315512324837	25.937264918388415	23.657738667972918	0.0017494445513549447
186.0	26.07113490438951	23.82476950261551	24.720516454101716	25.383579138893264	0.0
187.0	23.858899358951906	23.32118961712264	29.200966826636776	23.618944197288684	0.0
188.0	26.663980943039306	28.487353744832898	22.36040075667344	22.488264555454354	0.0
189.0	23.604421012068453	27.041039743567286	26.310626893906218	23.04216076089051	0.0017515895675325357
190.0	28.64774916798038	22.939218777369067	24.87651077246453	23.536521282186023	0.0
191.0	24.97633322814768	24.99912345289436	26.278882227130886	23.745661091827074	0.0
192.0	26.099686179631483	24.60597135293396	24.93732358561686	24.357018881817705	0.0
193.0	25.77720888639512	25.559783275762303	23.72218617944627	24.9390682260525	0.001753432343813014
194.0	27.449502033945855	25.057862252770374	24.058423341282086	23.434212372001685	0.0
195.0	24.668583853545627	22.5503261555727	27.7127025320895	25.068387458792174	0.0
196.0	26.855638437911367	23.241772707327776	26.790697674418606	23.111891180342255	0.0
197.0	23.77115371111579	25.782950635489083	25.600379186854855	24.84551646654027	0.0
198.0	27.515292132461504	24.55354004077902	24.274063137172185	23.65710468958729	0.0
199.0	25.3463603556025	22.68638324091189	26.96945691400405	24.997799489481558	0.0
200.0	26.82733610309133	24.836279135272164	25.220054925709455	23.116329835927047	0.0
201.0	23.959085227372757	22.22320029576944	29.006531575148326	24.81118290170948	0.0
202.0	24.78477491593458	25.351666343902394	28.43435855002553	21.4292001901375	0.0
203.0	24.455870958653236	25.93329576671128	24.698880045079946	24.91195322955554	0.0
204.0	25.37468519399095	23.88475018051813	26.04920660079956	24.691358024691358	0.0
205.0	27.903208763340498	24.57997252650488	25.03610299038428	22.48071571977035	0.0
206.0	24.190224570673713	22.971378247468074	27.344782034346103	25.49361514751211	0.0
207.0	25.642561437505506	22.949000264247335	26.632608121201446	24.77406852814234	0.0017616489033735578
208.0	27.026836531514864	22.99518951207908	23.7969374988987	26.181036457507357	0.0
209.0	25.229972156627777	21.784795404081343	26.39304973037747	26.5904204701653	0.0017622387481055933
210.0	22.81227417734459	24.345665086275268	27.415971940708882	25.426088795671255	0.0
211.0	24.63198349875712	26.209826701690673	26.604728240748905	22.553461558803306	0.0
212.0	26.72980933735471	23.020618374869922	27.121364446090624	23.128207841684745	0.0
213.0	28.302719107864416	23.30915956451926	25.087784306459866	23.30033702115646	0.0
214.0	27.450599516148973	25.237952285931236	25.199102933126138	22.112345264793657	0.0
215.0	23.350496310844523	25.73561937116266	26.319514482368138	24.59436983562468	0.0
216.0	26.325848918421663	24.18948609399282	26.325848918421663	23.158816069163855	0.0
217.0	27.92513946373943	22.936836422530142	26.7410473276948	22.39697678603563	0.0
218.0	23.52588882234442	24.961434456724923	27.055770312698503	24.456906408232154	0.0
219.0	24.23854853739197	24.49069083334856	26.42926312327566	24.84149750598381	0.0
220.0	26.12417340191036	22.446730345334313	26.928728875826597	24.50036737692873	0.0
221.0	23.76531198458146	23.60593762161561	27.820092288875298	24.808658104927634	0.0
222.0	23.18143538879012	25.616169177505384	26.709085805183868	24.49330962852063	0.0
223.0	29.700567007376783	23.163863235545104	25.39586217359149	21.73970758348662	0.0
224.0	29.02759826655516	23.73412909602372	26.258268075724168	20.98000456169695	0.0
225.0	27.655138113092047	20.977121432397276	26.817277526972223	24.55046292753845	0.0
226.0	25.545297954285935	22.417697265284794	27.52907933190114	24.50792544852813	0.0
227.0	25.6787617356001	23.594167821521285	28.302070930845353	22.42304764507251	0.0019518669607479554
228.0	27.326072024335197	26.017073888725346	25.357668531056817	21.29918555588264	0.0
229.0	26.084118065996677	25.04747962332832	25.36401044551713	23.50439186515787	0.0
230.0	25.27439632807823	23.901416882857713	28.529235681500698	22.29495110756336	0.0
231.0	24.527007947073297	25.733188107628386	26.138609867279843	23.601194078018477	0.0
232.0	24.468646061491036	25.127768313458258	26.64273545874909	23.758822097834024	0.002028068467591466
233.0	23.38654995993343	24.950173621812652	24.118021738683762	27.545254679570156	0.0
234.0	26.912281431274298	21.575150217269268	26.076470465933426	25.436097885523008	0.0
235.0	23.95971319834311	22.738072709686914	29.06705355453226	24.235160537437707	0.0
236.0	27.570454252991894	23.501908806245442	25.12975593016772	23.797881010594946	0.0
237.0	26.566052443539828	25.14994695017647	24.71255656843427	23.571444037849425	0.0
238.0	25.451346893897746	23.549202858713578	26.447498625618472	24.551951621770204	0.0
239.0	27.336809362901963	24.076353301855125	25.819589589813592	22.76724774542932	0.0
240.0	24.70278021927187	21.83235416570292	28.893926076698897	24.570939538326318	0.0
241.0	29.266993887756993	20.161140952028152	26.030283385812186	24.54158177440267	0.0
242.0	25.061430757105104	23.909314293662202	23.589410728360146	27.43984422087255	0.0
243.0	27.533269851592074	23.364377453143508	25.87035789767053	23.229672294864947	0.0023225027289407066
244.0	25.14486514160713	22.56405482767448	27.662842382071627	24.62823764864676	0.0
245.0	26.88217184438847	21.718443884690736	25.86062132661629	25.538762944304505	0.0
246.0	23.765821306804913	26.951099901919573	25.38414833496801	23.896595208070618	0.0023352482368875814
247.0	24.14502923976608	23.277192982456143	26.977777777777778	25.424561403508772	0.17543859649122806
248.0	26.492345147244723	22.571281427033103	25.036284470246734	25.89306615478253	0.007022800692916335
249.0	26.588809155292903	20.89254725388115	28.42268186295202	24.084236199052576	0.011725528821349843
250.0	24.821579491032022	24.035120668607384	27.249037468306884	23.894262372053714	0.0
