# Position (bp)	A	C	G	T	N
0.0	25.019726369950607	23.194005045977498	24.283285572030582	27.50293645097927	4.6561062039200685E-5
1.0	23.87931917010479	29.728035718185275	23.107431319730136	23.21191085259852	0.07330293938127239
2.0	25.622919939290366	26.325984898564297	22.14411418771839	25.90614713577194	8.338386549997198E-4
3.0	26.228565496524958	21.843815783161578	23.652684496726568	28.268764190112922	0.006170033473974105
4.0	26.36375611142651	23.528916955467757	23.74585093164831	26.3613527522699	1.2324918751824664E-4
5.0	28.552928052649325	23.288010907900595	22.479732274046235	25.67868270856561	6.460568382347512E-4
6.0	26.0778144266972	23.77430549478958	23.891037573790364	26.252022163743604	0.004820340979253805
7.0	25.73850973192615	24.973492063540665	23.421089937761845	25.86621935129882	6.889154725209989E-4
8.0	27.782471912859197	24.058162116241725	23.88729390158003	24.271980393624872	9.167569417599593E-5
9.0	26.64499047441892	25.033745485926612	22.385687309364496	25.93539376594744	1.829643425366939E-4
10.0	25.202788821145855	24.683786471345854	23.47121780482424	26.642206902684052	0.0
11.0	27.633739069447667	22.396011871822743	22.996176323664066	26.97395376104395	1.1897402157623626E-4
12.0	28.792390525545812	23.65777806952658	19.64111666755513	27.908700052030166	1.468534231018938E-5
13.0	25.382845609791865	23.105622640781426	24.474732762718475	27.03662492147119	1.74065237039864E-4
14.0	27.322409001437332	21.58067976056634	22.8604633896926	28.236361685961526	8.61623422026455E-5
15.0	26.342241779750864	23.402816142289296	24.073697684891336	26.181244393068503	0.0
16.0	26.36528591048366	24.639245171835338	21.0322839265802	27.963101128759167	8.386234164343913E-5
17.0	28.829994761956275	26.336006966831814	19.627916092889443	25.20490014798745	0.0011820303350217583
18.0	26.161362921256636	25.068980846370632	19.2469046286414	29.522560577749896	1.9102598144373614E-4
19.0	25.09142702219296	24.312361759245526	22.266385010043255	28.329296472392056	5.297361262108545E-4
20.0	23.745370042956502	24.44320397076345	23.802055131377138	28.00926288330592	1.0797159699169536E-4
21.0	24.583442796099014	23.90910748081944	23.438037819608937	28.06918404220527	2.2786126733756175E-4
22.0	23.67291476277321	26.265016647843897	25.47857063993434	24.583418135574505	7.981387404572537E-5
23.0	26.62652439771691	23.124141022265814	22.70894333201413	27.54009976033089	2.9148767225762104E-4
24.0	29.32590789166741	21.454637451167866	23.732105835542892	25.487283109748688	6.571187314980007E-5
25.0	25.386132140767252	24.478924123400535	19.586734319850958	30.54801375082538	1.9566515587077647E-4
26.0	26.950061713772765	24.801599051644246	19.624564159466725	28.62372312749608	5.1947620175624515E-5
27.0	26.0381534651951	24.559478560322116	19.27363606339278	30.128680063689345	5.184740065649179E-5
28.0	27.44259033801385	23.857803008146554	22.764875346701192	25.932421356113217	0.0023099510251883477
29.0	28.143699770395315	23.05464474405868	21.47429398691308	27.32704329268316	3.1820594976393575E-4
30.0	23.668562219443277	24.078434955894956	24.206208535442173	28.04655382784763	2.4046137196881038E-4
31.0	26.5007445540702	24.784616094111435	21.95362218183953	26.760601358770224	4.158112086069392E-4
32.0	25.030040857064996	22.0024272587682	23.99010304167036	28.977153954753724	2.748877427180675E-4
33.0	24.043758823819104	24.893450504181907	23.571761645208323	27.490979406860728	4.96199299441019E-5
34.0	26.49879490597509	26.51917327126818	22.29657897115236	24.685403598757745	4.9252846629837026E-5
35.0	25.880174644737288	22.174540854830383	25.166221092415665	26.778855643108773	2.0776490789598312E-4
36.0	24.918830930947067	24.056975875189888	24.628859407894417	26.395223883513165	1.0990245546508276E-4
37.0	26.18956182659978	24.9744385015249	21.27397824806812	27.562021423807202	0.0
38.0	27.4960428507096	24.378883162497576	20.816435868553082	27.308564894197364	7.322404238207573E-5
39.0	23.89690137504365	27.0668053691832	21.273047031231737	27.763112012043013	1.3421249840470144E-4
40.0	27.31025946753856	26.2709205416498	22.280350933950903	24.138359264960304	1.0979190043192133E-4
41.0	25.386298979871132	23.981712912931666	21.228757886129436	29.398278139168628	0.004952081899140485
42.0	25.176453514252508	25.151988936059155	19.661569269757955	30.009939497122424	4.8782807962817746E-5
43.0	26.60084688150671	25.56124953128858	21.582955061626024	26.250814719520037	0.004133806058647611
44.0	29.13178021808671	24.16999483172756	22.10816015231468	24.589894107108698	1.7069076235005578E-4
45.0	26.731434891831444	23.96296748208791	20.764895170138487	28.536570233100033	0.004132222842123368
46.0	26.19258472722238	24.374428836397293	21.58869834054502	27.844288095835314	0.0
47.0	26.51883912192598	23.896445243822587	21.84828992777446	27.73454899039377	0.0018767160832009171
48.0	22.98244387343295	23.020121049347722	22.416141179898588	31.581293897320744	0.0
49.0	22.72583435221002	25.75822573922457	24.338655852566536	27.17542047999384	0.0018635760050338475
50.0	28.201874226252933	24.03500000913425	19.865300264101606	27.897788963512326	3.6536998887448386E-5
51.0	25.630548798374527	25.97480276723154	20.64723788885654	27.744804682662526	0.002605862874868291
52.0	23.416189039547294	25.38260525010696	21.76873262660609	29.43247308373965	0.0
53.0	23.656112286931748	25.155336212933726	22.66722500609495	28.519614566102756	0.0017119279368184462
54.0	23.942638682756638	26.971333910935325	22.460562637439487	26.625355497190988	1.0927167755821996E-4
55.0	24.249501772196933	26.975198936693957	22.604535142281645	26.169201033691674	0.001563115135789266
56.0	27.91735159905867	24.465231765613552	23.756569050877555	23.860847584450227	0.0
57.0	23.522903629597565	27.17658407620172	22.321812437740974	26.973418098283584	0.0052817581761556
58.0	25.99673880681803	25.13812589678573	21.260729027599016	27.604224579977842	1.8168881937878411E-4
59.0	28.28100315812268	21.56971389898561	23.85765727271714	26.288646309153034	0.002979361021528427
60.0	24.42246495413847	22.1823693297708	22.788523237693646	30.606594105082802	4.8373314280697284E-5
61.0	25.897497752408867	22.94755781916852	22.98933550504748	28.159575040523144	0.006033882851983049
62.0	25.94484822082669	21.325196625616773	24.324084139767688	28.40575010455626	1.2090923259272803E-4
63.0	26.91140394115173	23.4312836157397	21.493762057597916	28.160866385523715	0.0026839999869427028
64.0	26.672855070857594	20.818487078839013	23.219228142051765	29.289381417934106	4.8290317525739344E-5
65.0	25.0326323912985	25.59943949424109	22.844448425370175	26.51837342754607	0.005106261544164877
66.0	24.667469698891885	23.16789815307819	22.881903927522863	29.28219710389353	5.311166135328754E-4
67.0	27.391267402924672	24.429357396863086	20.947758576446613	27.230952770068356	6.638536972667816E-4
68.0	24.7836602869081	21.956954129946244	25.623589416793997	27.63566340557933	1.3276077232975844E-4
69.0	23.795213692583758	24.719379101030764	24.303904127584016	27.17846187006098	0.003041208740482193
70.0	27.518581925597086	22.56974158142468	24.12394844645604	25.787462883155037	2.651633671505014E-4
71.0	25.297373388130172	22.28533895924485	25.212210286721387	27.204259646206356	8.17719697232067E-4
72.0	28.017556693489393	25.204104257055693	22.122520749497284	24.654531751768825	0.0012865481888046741
73.0	26.680615872882296	21.997373253469018	22.125164171658188	29.19266314229813	0.004183559692364102
74.0	25.629143737554816	24.60353901841485	22.932281120387064	26.834218765062534	8.173585807385604E-4
75.0	26.42450627840812	24.32494477479209	21.617235913891104	27.63108948136321	0.002223551545470487
76.0	27.364365197128887	23.740101730759385	24.303861091193518	24.590914805236388	7.571756818246828E-4
77.0	24.987546474633806	23.68640695152481	23.199202205232417	28.126267510497915	5.76858111051676E-4
78.0	27.933898440125954	25.20570814181355	20.10431686967193	26.755667962165397	4.085862231695548E-4
79.0	27.23149894246711	20.460392416141502	22.137760587435757	30.1674760539489	0.0028720000067293723
80.0	24.633680707424244	22.829336496581213	27.37201534969878	25.162576265451353	0.0023911808444064633
81.0	25.86691306387844	24.487044621245392	21.34222397915076	28.30340980978912	4.085259362903802E-4
82.0	23.583305859159857	21.91647258526045	23.279303729150467	31.219788421630362	0.0011294047988650202
83.0	26.145819692122117	21.958711733023524	23.31954494721527	28.575094642473115	8.289851659712402E-4
84.0	24.32375449514859	24.66774884207952	24.628813112583003	26.378722470781383	9.610794075041561E-4
85.0	25.42753521254501	26.29109261448019	21.64354481021666	26.63727477827848	5.525844796558216E-4
86.0	26.270283295259052	24.623835759332724	21.577224330608914	27.52703498421733	0.0016216305819827953
87.0	23.69518219362151	21.528228117169025	24.611318152123037	30.164466781678627	8.047554078061995E-4
88.0	24.67454990919334	26.052089550105567	25.607790888490428	23.664897054755798	6.725974548672095E-4
89.0	27.057244564864924	25.34545624869391	22.113331363689863	25.482970990994886	9.968317564175548E-4
90.0	24.953094175175046	25.339473513866267	24.461992621167024	25.245295576651316	1.4411314034422145E-4
91.0	27.328032921205814	25.116373575659846	23.176747933328027	24.378305177070487	5.40392735824688E-4
92.0	26.07570097138861	23.220529806413932	22.587775124305466	28.115982090022516	1.200786947734067E-5
93.0	27.125345649454747	25.697683870980914	20.592416358805657	26.584277949410932	2.7617134775099865E-4
94.0	28.533570559265982	23.706956172596993	22.488271580627842	25.267203362723222	0.0039983247859635505
95.0	24.73570509477949	25.410239265666522	23.288039814337115	26.563446445665605	0.002569379551268667
96.0	26.726474820990337	24.045949124890342	23.70317117923129	25.523180282038137	0.001224592849890489
97.0	25.81739127720606	25.074677179215865	22.822068670111147	26.285718813318937	1.4406014799299004E-4
98.0	29.255910362222277	22.14556523411386	23.083607642293032	25.514904757040153	1.200433068233696E-5
99.0	22.943875398427235	21.826544691367804	25.594011423331224	29.63553247763376	3.6009239970976555E-5
100.0	23.33277561947047	24.60720780754599	23.768860650590423	28.291155922393113	0.0
101.0	24.68673193682228	20.84938493737759	28.06529479884223	26.3984803127994	1.0801415849589563E-4
102.0	25.998776018165533	23.786331034636717	23.344614978018615	26.870253964828585	2.4004350548493407E-5
103.0	26.23604838926458	25.238075008928263	24.353180957647393	24.172479637800535	2.1600635922721566E-4
104.0	26.93923781899239	25.964426017092922	21.956065070331743	25.139971099798814	2.9999378412879285E-4
105.0	27.745332415892527	23.070908302399307	19.733093365122162	29.447941914188885	0.0027240023971221096
106.0	25.779005927935067	22.987673514074437	25.19594392064472	26.037316640432017	5.9996913758756255E-5
107.0	27.36889897952315	23.235685169171376	21.830278246093435	27.564489675784515	6.479294275267538E-4
108.0	24.462153143659993	24.528647737720274	24.16442098959503	26.844706152195485	7.197682921913778E-5
109.0	27.2919025775867	23.503792967775368	24.449647812985816	24.753948908892003	7.077327601097825E-4
110.0	25.26754536216322	24.155477860846183	22.017597899651957	28.559330897896867	4.7979441768790903E-5
111.0	24.861735243682787	23.47692860563106	24.071981637308046	27.588670806332903	6.837070452052704E-4
112.0	26.785540583703526	23.234351830539897	22.757221749983117	27.222801876231884	8.39595415761053E-5
113.0	28.114738663880935	21.02076944204238	22.823502320175876	28.04030593458891	6.836393118990421E-4
114.0	27.12898274965409	21.39416387924566	26.414208362838735	25.06230917440524	3.358338562746238E-4
115.0	27.890827222066296	23.0039366395348	25.332071497626263	23.772612887516704	5.517532559439419E-4
116.0	27.85068754172617	23.640383567703566	23.883765734199468	24.625103183435378	5.9972935413706496E-5
117.0	27.32132925214244	25.396921162959487	23.45456920378515	23.826424723486284	7.556576266425208E-4
118.0	27.255685474415742	24.42953945873072	24.44959402105369	23.86488118691344	2.9985888640805635E-4
119.0	27.713114231060604	20.508620908864543	24.054979314328648	27.722829755701333	4.557900448737294E-4
120.0	25.42599554888401	22.890838509409896	24.877480363693717	26.805637600475457	4.797753691721536E-5
121.0	28.074195874912395	23.01739582779842	23.622249071004287	25.285487540284667	6.716860002286131E-4
122.0	27.080629884124956	23.608516526188257	24.163645420369534	25.14680036553612	4.078037811326702E-4
123.0	25.525283232315864	27.565750508965397	22.28523603352659	24.623154513186325	5.757120058262055E-4
124.0	26.09627310382381	24.088089728082366	22.140678981509744	27.674862236113718	9.595047036719645E-5
125.0	27.530410647333635	23.221017759268737	23.20591782927532	26.041886174352978	7.675897693236826E-4
126.0	25.224530035284833	23.25146980160377	23.855725569870444	27.668166651874703	1.0794136624985308E-4
127.0	26.032430635393776	22.23027900315206	27.831821907349468	23.904652914916955	8.155391877373608E-4
128.0	26.738884728546026	23.361631127317526	24.282296880254563	25.608755973263577	0.008431290618312236
129.0	25.515327603646586	25.73708092041179	21.24280441069626	27.501608880878532	0.0031781843668349146
130.0	26.56170657179529	23.41977585582007	23.551413727901544	26.467055871497642	4.797298545243203E-5
131.0	26.91733494777801	24.271934783854945	23.05252613977979	25.757640448171504	5.636804157514855E-4
132.0	27.086471030287157	23.895044951369147	22.399960086935643	26.612935142949457	0.00558878845860015
133.0	27.09520898060983	25.04411654299003	24.309468464317348	23.549227153963077	0.001978858119710602
134.0	28.280273171405657	21.986282903952503	20.05709140381243	29.676280562921914	7.195790750242739E-5
135.0	26.634330268990936	22.823148607314245	25.764893321668403	24.77725602739619	3.7177463021916115E-4
136.0	27.83935657433205	25.64834029872512	24.234406540944224	22.272200027631307	0.005696558367296814
137.0	29.441410018339276	21.10888819277779	23.512230421515525	25.937267491030642	2.038763367691693E-4
138.0	25.662913037513587	23.34373671895461	25.863249962345385	25.129033000789548	0.0010672803968652177
139.0	26.40496907399959	23.092017232889848	25.26962066392627	25.232169851844443	0.0012231773398483116
140.0	27.478106246045648	21.31497313557123	25.01533773966567	26.191367023116218	2.158556012369965E-4
141.0	26.094306579006698	25.019019322480407	24.830241154456086	24.05586931974623	5.6362431057954E-4
142.0	29.862469716931106	22.424856856211516	22.41732581284302	25.295131756083418	2.1585793094416978E-4
143.0	27.92213694796618	24.596400988817877	23.277393538626328	24.203936611852527	1.3191273708616278E-4
144.0	28.557394325744777	24.860393347424914	22.578334544141075	24.00360196316346	2.7581952576789955E-4
145.0	29.351105674677413	22.410958411282202	21.407564637597737	26.829483858588766	8.874178538878496E-4
146.0	28.68271511340794	21.57873630773799	23.57924381274408	26.15505956828017	0.004245197829816495
147.0	26.64191959861063	24.369402454840397	25.5902871255487	23.39476929884573	0.0036215221545418627
148.0	25.078775491408443	24.879216509443467	23.126488807620394	26.915219391362495	2.99800165201883E-4
149.0	29.466164738185043	23.58060918089728	22.891682719192072	24.05930082502565	0.0022425366999525467
150.0	26.301306616187265	23.625030955009255	24.59726708491656	25.476395343886914	0.0
151.0	26.95797209172473	23.971380334497315	25.112674762508153	23.95740916762786	5.636436419438174E-4
152.0	28.740420229692624	22.88236482787444	22.94275912975121	25.434323895024725	1.3191765699850153E-4
153.0	25.726680144648856	22.625872784893467	24.228539823168042	27.418139726652324	7.675206373107612E-4
154.0	23.51994042068894	24.415740786823477	24.58418905637908	27.47722752329116	0.0029022128173470775
155.0	28.050498755808984	22.938533557657113	23.88869539603749	25.12208039675949	1.9189373692424084E-4
156.0	26.216138128407145	22.766190198453863	25.674784748555584	25.342683034040004	2.0389054340068076E-4
157.0	26.278870505560974	22.543653274241436	25.577709952375628	25.599562375835777	2.0389198618140056E-4
158.0	25.614240454900088	20.930813280232872	25.252292161285155	28.202630116021833	2.3987560051357367E-5
159.0	27.353220146751067	21.00259505859392	23.63216087923982	28.01164010197923	3.8381343596504607E-4
160.0	27.411892833282756	20.557951084824925	25.89147072969754	26.138649369279467	3.598291531180996E-5
161.0	25.59760227432743	19.946243562313352	28.28158595524607	26.17125775766879	0.0033104504443560055
162.0	26.231232266797328	23.3039966463219	23.682628823040105	26.78208229105632	5.997278435046176E-5
163.0	25.90486163338695	23.58406172070947	26.572663013034802	23.938329668906107	8.396396266722322E-5
164.0	26.532951296272284	22.745547315830592	24.280876647666773	26.43906537264747	0.001559367582883086
165.0	26.890823134043334	21.70185237787242	25.661294486145792	25.745490208873527	5.397930649306283E-4
166.0	25.005218179898854	23.198288436993177	25.059871116954408	26.736478316363254	1.4394979031313878E-4
167.0	27.520302898199883	22.048843078492546	26.12680515191815	24.30366499432222	3.8387706720799733E-4
168.0	25.767588307280292	23.94907189526175	23.976567918115595	26.306687903705377	8.397563698819699E-5
169.0	27.40804510620624	22.086317997650298	24.833630795029514	25.671814151642717	1.919494712211957E-4
170.0	31.293053443585663	22.509758050729268	22.12664621180084	24.070422323996677	1.1996988755822288E-4
171.0	26.002931767132896	23.071656501215813	25.896568532006203	25.028027420264465	8.15779380624304E-4
172.0	27.77585262415232	24.478490276534824	23.61260295523676	24.13297018098963	8.396308646866492E-5
173.0	28.968130219535333	20.228180681140515	22.38107483506904	28.421138989146293	0.001475275108822529
174.0	25.310322419149333	24.964170385961914	23.082979215165633	26.64221613104457	3.1184867854722176E-4
175.0	25.305893671550482	23.84029322324268	23.13443872584915	27.717767111436082	0.0016072679216070664
176.0	25.28086248713538	23.288280183571196	27.16493818986136	24.26459969148908	0.001319447942980657
177.0	23.628755662668873	25.309564030432202	23.714509232965025	27.32262549407577	0.02454557985813231
178.0	25.225935196319966	22.49023942676547	23.301353139843005	28.98224429841441	2.2793865714858816E-4
179.0	29.182304565358596	23.665306696375975	22.231687011831813	24.919777909644957	9.238167886544741E-4
180.0	27.05342316354493	22.25303405427569	24.543956962302335	26.149513673535402	7.214634163938132E-5
181.0	28.730490262753538	21.556430473684976	25.115884916763793	24.59638773023034	8.06616567350497E-4
182.0	26.74548691668574	22.607706606801116	24.50388637483413	26.14290806695064	1.2034728374977105E-5
183.0	25.262588948794523	23.660626063756936	25.169605369795672	25.906782457659737	3.9715999313514965E-4
184.0	26.566168238561865	22.261511912759875	25.430424711391282	25.73848905009163	0.003406087195350775
185.0	25.7833495794072	22.89912993248854	24.32046884965763	26.996413829620803	6.37808825830054E-4
186.0	27.654295758951676	22.545700101044964	25.29472250664687	24.505269598463002	1.2034893488785646E-5
187.0	25.57328389030058	22.498311292257615	26.192221640405577	25.73554445082501	6.387262112147066E-4
188.0	28.333910032725427	26.516228272684682	21.036680130217157	24.112687422782844	4.941415898848976E-4
189.0	25.911732752039494	23.378182245066647	24.36440672859024	26.34478637427452	8.919000290952253E-4
190.0	29.084196516154197	21.081288208601638	25.174928768884776	24.65947802340194	1.0848295744792156E-4
191.0	27.36624361971305	23.42500490675239	23.860311700087706	25.34811386369392	3.259097529338517E-4
192.0	27.966020876615026	22.887440834098875	23.320835209460267	25.82570307982583	0.0
193.0	27.570780041903127	23.44938025434044	21.92648625833855	27.053003327089957	3.501183279217918E-4
194.0	28.96921454772265	22.387913915820327	23.06033564219094	25.582535894266083	0.0
195.0	26.774258249988858	21.029494180367493	24.571278558536193	27.62431693114748	6.520799599767811E-4
196.0	29.847710503065223	21.963496596469735	25.006346303184625	23.182361899239822	8.469804059552886E-5
197.0	25.620484082624074	22.96584953581682	23.449951522033878	27.96297667781442	7.38181710809933E-4
198.0	28.361800563895585	22.510066058451788	23.030022041296196	26.098026510872142	8.482548428989619E-5
199.0	26.971989951334365	22.88235294117647	24.765106372650152	25.380004611706454	5.461231325622884E-4
200.0	28.22123253870329	23.611306989907543	22.697810545704435	25.469625651548167	2.4274136562893923E-5
201.0	26.463696027130723	21.09201408486605	27.507049108893106	24.93692519265946	3.155864506598791E-4
202.0	26.504870302890815	24.117777303546077	27.1107781777995	22.266574215763608	0.0
203.0	27.280449549323745	23.105015145597868	21.668721377345914	27.94502458852354	7.89339208931531E-4
204.0	25.750103417728194	23.21894996573794	24.498414909253523	26.532458835128942	7.287215139723849E-5
205.0	27.66250395044676	23.579958621423433	24.68485698107405	24.07174521446341	9.352325923457165E-4
206.0	26.522712287379786	21.02903641322384	25.3970951439479	27.051119713557014	3.644189146049869E-5
207.0	27.347783236388857	22.605769431702374	25.26485792194904	24.781176328797056	4.1308116267281975E-4
208.0	28.79345232511285	21.782631075742913	21.41311284808887	28.010791599448027	1.2151607341709518E-5
209.0	28.65933019924942	19.774675077105343	24.661617016663406	26.903539110034735	8.385969470938909E-4
210.0	25.52899365242868	23.584596378751836	23.73070757812664	27.15543496586869	2.674248241469057E-4
211.0	25.979126715751477	24.36610268902994	24.805074388340646	24.84894237779093	7.538290870059806E-4
212.0	28.51607863857131	22.150947563744598	24.299537955336817	25.0331682583052	2.675840420661575E-4
213.0	30.52649281306322	22.83752123602584	21.823655773710517	24.8120016203935	3.2855680692432253E-4
214.0	28.231411869500654	24.454868790096786	23.456397051983792	23.857310112973522	1.2175445243857123E-5
215.0	26.721194735868988	24.74898232780425	22.350992104535727	26.17836707471188	4.637570791602824E-4
216.0	26.96693528405259	23.821056184624805	24.972526509750832	24.239445132024613	3.688954716236381E-5
217.0	30.256188121263992	23.259296794044978	23.68900542284092	22.794828587109212	6.810747408944022E-4
218.0	24.986169565861548	24.045612746846437	24.171046927698132	26.79692133787813	2.4942171575202893E-4
219.0	26.768485835367102	22.390645453452812	23.522649382024422	27.31757814523344	6.411839222251446E-4
220.0	27.980975722665846	21.028448749426857	24.56654555224581	26.423702014376055	3.2796128543164434E-4
221.0	26.554699342974313	22.399489081555053	23.629736935890495	27.41588426356975	1.903760103889458E-4
222.0	26.437531217850335	23.722354086023888	23.83842722054497	26.001495513395824	1.9196218498525536E-4
223.0	31.562249823766088	22.038575681077035	23.110103711476494	23.288411723771194	6.590599091918827E-4
224.0	31.321530404038285	21.888507522852834	23.818121281648786	22.97173722973951	1.0356172058478198E-4
225.0	31.27750445947984	19.07375433596655	23.822801333423477	25.82493876341094	0.001001107719190585
226.0	26.122321709198896	21.780002217682583	25.63103686097778	26.466390181590455	2.490305502814963E-4
227.0	28.263317273749415	23.213461033034573	24.69583537431128	23.82591958967523	0.0014667292294954226
228.0	28.016160571729454	27.96150200003397	21.533924673879813	22.488266785847742	1.4596850901926148E-4
229.0	27.501108821380672	25.740718740758428	21.160347665448242	25.59779804577498	2.6726637678064555E-5
230.0	27.130158614761278	22.14985840251651	25.76236798651542	24.95758807013434	2.692607244863683E-5
231.0	25.645771465321086	24.269703544989493	23.88542361519937	26.19749629744091	0.0016050770491392978
232.0	25.944504225499976	24.12880502773258	24.261699407730127	25.66474528896121	2.460500761114902E-4
233.0	23.96383202433959	24.969529244260347	22.043411349056544	29.02274399358391	4.833887596092506E-4
234.0	28.25435858060207	20.69782060826423	25.853349437904665	25.193198192419036	0.0012731808100032277
235.0	26.274177522467923	21.252224934060177	27.835200172264823	24.638213448512328	1.8392269474477684E-4
236.0	29.05557025296519	22.849128048705335	23.284609270718356	24.81044879774393	2.436298671873276E-4
237.0	27.499988079142355	24.424320110140055	22.26869670925086	25.806836156698154	1.5894476857135963E-4
238.0	26.963637478888238	22.500482000413708	24.224542948688953	26.311308293320344	2.927868875977963E-5
239.0	28.766061395989812	22.967236634911277	23.110338977472757	25.15499912386321	0.0013638677629396214
240.0	25.317090536510634	22.078490833570562	25.367258095550838	27.236963263264663	1.9727110330389642E-4
241.0	29.470567036485296	21.655159897804754	23.31166039004002	25.56024155626902	0.002371119400909324
242.0	27.916308240614875	23.442099832739586	20.236117827631883	28.404498997321216	9.751016924413468E-4
243.0	28.440487054268598	23.218284771726722	24.05565461758451	24.282809153076926	0.002764403343248021
244.0	26.734802043755124	22.834465571875125	25.20261339047242	25.22726166268977	8.573312075601915E-4
245.0	28.89450864723348	21.10110976244414	23.344867684413156	26.657702950889817	0.0018109550194071453
246.0	24.355072793672512	26.540959360557544	23.0053414018319	26.096073251401485	0.0025531925365567952
247.0	25.821292755138792	23.017266709700408	24.88093613037218	26.149552271726446	0.1309521330621745
248.0	25.990189344932357	22.306475399923738	24.056368099262418	27.63742245509782	0.009544700783669357
249.0	25.057985907336295	22.273469086037963	28.266407722094122	24.386965719546723	0.015171564984895847
250.0	28.371618120234192	21.45194677854189	23.44495706099019	26.73034475713743	0.0011332830962908732
