# Position (bp)	A	C	G	T	N
0.0	24.098837111288685	23.60429752957797	25.63783552323249	26.658861252440246	1.6858346061384612E-4
1.0	23.40323586250647	30.779629556594028	23.791418528212052	21.95052978626458	0.07518626642287073
2.0	24.727874187640417	25.92469204833477	21.417749533761683	27.92893088288964	7.533473734962349E-4
3.0	26.37067397168608	21.166600447502145	23.777001735639157	28.67761025490893	0.008113590263691683
4.0	26.487477633407686	22.115702037292557	25.023338144431566	26.373147887365146	3.3429750304837536E-4
5.0	28.241950320451288	24.041943308753435	22.33192375947205	25.38368177576256	5.008355606603684E-4
6.0	28.64140542944742	22.56103401546392	24.26043289985599	24.53129724196465	0.005830413268021599
7.0	26.4188414937649	24.39213281381785	22.184108908793124	27.00408582475576	8.309588683669748E-4
8.0	29.460888098405746	24.265471757149413	23.10212807984802	23.171512064596822	0.0
9.0	27.09994041313559	25.375811043432208	21.937152409957626	25.587013373940675	8.275953389830508E-5
10.0	24.870639830529495	23.621439804731878	23.661541870691096	27.84637849404753	0.0
11.0	27.917519438394812	22.851935358436158	22.218737348441326	27.011807854727703	0.0
12.0	29.29120389693079	25.119234626129916	18.661037556244423	26.928523920694868	0.0
13.0	25.247666664844104	23.338350586487472	25.043565743851392	26.37033889501183	7.810980520195681E-5
14.0	25.547439605749055	21.731403772071932	23.649483849844692	29.071595371096365	7.740123795539985E-5
15.0	24.565972156086218	23.830522860031497	24.320492239802334	27.283012744079947	0.0
16.0	26.421958567717972	24.995334880347205	20.83675692920756	27.745648647265785	3.009754614706263E-4
17.0	28.41643873325641	27.183475169412606	18.484276987413388	25.91478414169161	0.0010249682259849946
18.0	25.962024434026386	26.67904053166954	19.31078152866612	28.048080889059296	7.261657865537334E-5
19.0	24.17576146761158	24.581208163253514	22.754205976745144	28.48860769185762	2.1670053214427343E-4
20.0	22.56426694752749	26.047360919513913	23.52433586527839	27.86403626768021	0.0
21.0	23.244733276715642	24.292326220144346	22.31586706015014	30.146931425374003	1.420176158650719E-4
22.0	22.911910157796743	26.778197146235094	24.817602803777685	25.492289892190477	0.0
23.0	25.967676541725503	22.76895438086317	22.280537419436016	28.982691850629834	1.3980734547793143E-4
24.0	27.873035143592855	21.53234546548145	23.902576938108584	26.692042452817116	0.0
25.0	24.828706869765092	23.98686861273314	20.388975506231304	30.7953804185664	6.859270406843906E-5
26.0	27.4181004488955	25.347723458541978	19.21286378955124	28.021312303011285	0.0
27.0	24.491390668921248	25.002282286865064	20.475655833865865	30.03067121034782	0.0
28.0	27.797857614758804	23.441814042151204	22.793661698963835	25.964232269128267	0.002434374997886827
29.0	28.93172145850185	23.763713012416897	21.64496603568578	25.659264968484408	3.345249110665524E-4
30.0	24.17104755914122	23.21571109797341	25.541548643001555	27.07149364380773	1.9905607608719451E-4
31.0	27.95564681182576	22.9707657163984	21.563057055708875	27.51026633039758	2.640856693911505E-4
32.0	23.153390856017563	22.898794004625362	25.093201214922882	28.854483595869368	1.3032856482836055E-4
33.0	24.477227884875077	24.456601260931304	25.28308429907831	25.78302209691548	6.445819982428694E-5
34.0	27.075978511128167	26.253261703760554	22.126566896904578	24.544128933231004	6.395497569710923E-5
35.0	25.80614982980351	22.805508234855356	25.645087373853897	25.743064927512414	1.8963397482292928E-4
36.0	25.58045979552153	23.427872048441277	26.159640732252438	24.83196427026423	6.31535205245784E-5
37.0	24.92553971867334	25.680811279328008	20.53108898240351	28.86256001959514	0.0
38.0	28.989285666952558	24.447764076407072	20.572503980718366	25.990383165048186	6.311087381422558E-5
39.0	22.84502993346996	26.947820863578087	21.926708428820934	28.28037767659738	6.309753364360494E-5
40.0	27.672117164462534	25.32557250415443	21.624121323311382	25.37806282940518	1.2617866646814557E-4
41.0	23.960369682782094	24.757215103475726	21.449726257860743	29.82757935494127	0.005109600940166573
42.0	25.19662093930217	25.372600543329142	19.906383896667805	29.524331545573983	6.307512689138652E-5
43.0	25.742900840389133	25.422133926178205	23.255979691909875	25.575075288144678	0.0039102533781120415
44.0	30.454323024263015	25.31467005677934	20.6401486201182	23.590542998181345	3.1530065809553355E-4
45.0	25.695278975369064	23.294604092924956	22.09269041281066	28.913139149108417	0.0042873697869051115
46.0	25.659208300681573	24.112287169891495	21.52387208789906	28.704632441527867	0.0
47.0	26.138381558203	21.39965064522209	23.650536797295434	28.80953986912119	0.001891130158293898
48.0	21.961350946187867	23.563735902963362	23.066239767301617	31.408673383547153	0.0
49.0	20.91344593781445	26.714002806395857	22.851522504409015	29.519327523535228	0.0017012278454453407
50.0	27.519567144460115	24.38428781768455	19.542762314401156	28.553319720493665	6.300296050911432E-5
51.0	23.935938334694043	27.82334472296977	20.76114017316279	27.476678963442293	0.002897805731103787
52.0	23.08501707339483	25.772015743016773	20.58775775288196	30.555209430706437	0.0
53.0	22.90924091062346	23.529064594895118	23.712148657226578	29.84778782842587	0.0017580088289714832
54.0	23.057253262265082	27.862710199110392	22.65174986737484	26.42828667124969	0.0
55.0	24.960500292103937	26.19184035487814	22.554864875346052	26.291230752101956	0.0015637255699154212
56.0	26.42090832563032	25.354202966711735	25.144189095039092	23.080699612618844	0.0
57.0	23.309576383378015	27.42367477929925	22.76758774093856	26.493845642985388	0.005315453398794705
58.0	25.78074539637362	24.068223270017512	22.762182079199068	27.388786728500627	6.252590917361381E-5
59.0	29.164824900388318	20.945806118436145	24.393092423010003	25.49308798401462	0.00318857415091709
60.0	23.8010192942292	22.916154628306938	24.30654930851429	28.976276768949578	0.0
61.0	26.08228672365013	23.973349500271944	22.64381839138961	27.29374678781891	0.006798596869402073
62.0	26.760848862148773	20.824464253528557	23.523949166062227	28.89055061783678	1.8710042365772595E-4
63.0	27.904773724093502	22.67567275976968	22.48465394912526	26.932030854869982	0.002868712141574686
64.0	25.763925793892827	21.645856917058595	23.114740106049666	29.47541488146822	6.230153068630744E-5
65.0	23.64678097497432	26.465510957886007	22.49078147086546	27.391568978395718	0.005357617878495456
66.0	24.857968349367958	22.494636436351133	23.123749436234018	29.523272010545227	3.737675016632654E-4
67.0	26.35657755809499	24.80027657606309	21.7040573833039	27.13840327157091	6.852109671129881E-4
68.0	23.287193417042516	22.07789700145564	25.773118178437716	28.86166682965022	1.2457341391572236E-4
69.0	22.85422266955328	23.56231922330484	25.537316295999187	28.04259167449358	0.003550136649119442
70.0	26.163046915264704	22.36243243310535	25.04855106202336	26.42572060980134	2.489798052479963E-4
71.0	24.046367995530797	22.18935149982154	26.77345168448658	26.990083952762994	7.448673980850701E-4
72.0	27.748597842567367	24.96842546890118	21.404459968459605	25.87727546086403	0.001241259207815961
73.0	23.882131667666755	22.077818119088295	23.93071912540094	30.104801222691275	0.004529865152740228
74.0	25.277772780035722	25.637237962352323	23.94234163585817	25.141965171459436	6.824502943532202E-4
75.0	26.79726762836917	24.13555650265861	21.079350072242455	27.98534430401264	0.0024814927171290615
76.0	27.185156235460518	23.59890570040757	24.465288246205002	24.750091501808324	5.583161185863437E-4
77.0	25.02068743060251	24.29368087389662	23.16526992909825	27.519803484917094	5.582814855250017E-4
78.0	26.512136542617466	26.90781785385533	19.810241688769572	26.76961782854761	1.8608621001937778E-4
79.0	27.33634947178294	19.73327395336605	23.446051893790905	29.481409438933742	0.002915242126365202
80.0	23.524493827313634	22.76038937076122	28.880481534659147	24.832526537434607	0.002108729831394646
81.0	24.869064002197927	24.625952522560684	21.500791662764687	29.00363364836529	5.581641114120374E-4
82.0	22.62077519379845	22.07497674418605	23.431069767441862	31.87249612403101	6.821705426356589E-4
83.0	25.518058242794066	22.71028674902019	23.43509698863918	28.33575184799325	8.061715533065435E-4
84.0	23.38820544206804	25.69731108684477	23.72479240806643	27.18888494095776	8.061220630027798E-4
85.0	25.2026188694267	29.07127360166473	19.93920968875038	25.78640179518675	4.960449714371105E-4
86.0	28.109887057493044	23.622195657888863	21.651157945904657	26.615271295143522	0.0014880435699157271
87.0	22.285100344265985	21.574001687541884	24.002276507643845	32.13800149659299	6.199639552956391E-4
88.0	25.58362279155722	26.25885655374128	25.892660645439662	22.26448804795325	3.71961308584681E-4
89.0	25.461738644211113	26.611110491202883	23.598604462595357	24.327926493761865	6.199082287858106E-4
90.0	22.843531975167448	25.062964719301018	26.14032314553947	25.952994194786154	1.8596520590997425E-4
91.0	27.695160027596415	24.691291446536905	23.871705182014228	23.741285464834096	5.578790183560793E-4
92.0	28.06394767556819	23.84066635302752	21.510563007068036	26.58482296433625	0.0
93.0	25.412720244009318	26.66369568006565	21.883981526992073	26.03941660401356	1.859449193959765E-4
94.0	28.889419158503443	22.7047262517548	22.08895927012864	26.312494770474178	0.004400549138948888
95.0	23.505649174780448	26.58805957198902	23.065490762375195	26.838259446796116	0.00254104405922492
96.0	27.014374266381918	24.288444686281046	22.37827982285331	26.317847665250767	0.0010535592329592991
97.0	25.815119551280663	25.298963411724536	22.77494811481236	26.110906951220798	6.197096164679154E-5
98.0	29.699682356338435	22.171601937837025	24.203195274632254	23.925520431192286	0.0
99.0	21.39926722222945	21.509809716957925	27.82287671971343	29.26804634109919	0.0
100.0	21.965582235704805	25.034542924307935	24.12806223798495	28.87181260200231	0.0
101.0	25.260405049739038	21.07087626949785	28.53216556878956	25.13636724113148	1.858708420692629E-4
102.0	24.370215942778724	24.906309147287782	24.794852811345127	25.928622098588367	0.0
103.0	26.852473598921655	25.66293838674668	23.399210073789217	24.08513015942237	2.4778112006977517E-4
104.0	26.40335087147683	26.776929433233438	22.72511035155161	24.09448545762909	1.2388610902225365E-4
105.0	26.9596323114946	24.01985864805099	19.934155511920764	29.082946711182412	0.0034068173512304804
106.0	27.082271310804725	23.514680841970428	23.566958675116183	25.83608917210866	0.0
107.0	27.03280081661373	24.02153769157966	22.03029845051509	26.914681703987437	6.813373040845551E-4
108.0	24.09303915563975	23.127942772955254	25.360966731299555	27.41798941143612	6.192866932010372E-5
109.0	25.66143168704556	25.22580261637519	25.901259887572404	23.210762731700793	7.430773060475346E-4
110.0	27.28460459629906	22.326818349282814	22.726943427069436	27.661633627348692	0.0
111.0	25.2803917125163	23.387027866422468	24.2563443384836	27.07549307704596	7.430055316761834E-4
112.0	25.75084204269652	23.344085888355046	24.35212244291446	26.552887711129824	6.191490415572837E-5
113.0	30.188258704496302	20.062767347853573	22.29212882103505	27.456164084174368	6.810424407075165E-4
114.0	26.141674364924672	20.990239516953917	27.624259790822027	25.24351674587823	3.095814211520887E-4
115.0	27.2946456102028	23.471567458327296	26.22423821394031	23.00899147166157	5.572458680218887E-4
116.0	25.008033473735956	24.150200883279663	25.467257170842732	25.374384642103326	1.2383003831920535E-4
117.0	25.78116438334961	26.338398175740394	23.350572495806816	24.52924579644497	6.191486582119853E-4
118.0	28.337056446020643	22.821236106433144	25.739194717968022	23.102326986705762	1.8574287242684208E-4
119.0	27.015847424886324	21.715974719407214	24.262670014958346	27.00495061765085	5.572230972688639E-4
120.0	25.80688100942935	22.85771776345524	24.5442894555991	26.791049858528826	6.191298748738524E-5
121.0	27.253804400654047	23.817198076486115	23.63108752087243	25.29729087172921	6.191302581958916E-4
122.0	29.028744997424415	22.826541882949638	23.97533878828704	24.168940939889843	4.3339144906288387E-4
123.0	25.117432077608253	27.347697390212538	22.16068831573271	25.373377357077096	8.048593693988753E-4
124.0	24.43596942802926	26.227506725152534	22.066796474750884	27.269665460421432	6.191164589015016E-5
125.0	27.48952161611659	23.859512267602756	23.81704153588034	24.83318165214861	7.429282517040917E-4
126.0	24.27502315468319	23.430743971114843	25.247767492310665	27.046403470973683	6.191091761885659E-5
127.0	26.66457414760803	22.404812050928694	27.45378814049346	23.47602084594726	8.048150225533934E-4
128.0	26.266086290057473	23.74056893169142	24.985807352688987	24.998065342514856	0.00947208304726198
129.0	23.755607366125876	26.73025086579095	22.53347085283968	26.97800884796872	0.0026620672747736315
130.0	26.612740467060487	24.649754162400157	23.035249310651807	25.702256059887553	0.0
131.0	26.260440082239157	23.185881907200507	24.135309532845206	26.417749393452194	6.190842629399446E-4
132.0	25.72410091383594	26.456915492617682	21.6565063992041	26.156224404576545	0.006252789765730874
133.0	28.44768132217816	24.824085573097815	22.991145774648757	23.73541578704294	0.001671543032327642
134.0	27.72133122515158	21.933097008965554	21.286960763799037	29.05861100208383	0.0
135.0	28.21470159801055	22.19527883312357	26.208227343048225	23.38135887541857	4.33350399084764E-4
136.0	27.52727047607256	26.179223673621	24.681359499783323	21.60595555005262	0.006190800470500836
137.0	28.804583682856695	20.98731191516101	23.83601756954612	26.371839199650836	2.476327853426154E-4
138.0	25.035377227093942	23.698904203545027	26.67616249630133	24.588503732096274	0.0010523409634243422
139.0	26.355973488715	24.097487840947146	24.08863588952517	25.456912352681556	9.904281311302085E-4
140.0	27.52772265092549	21.70290182523185	26.043135541076072	24.726178081123344	6.190164324102149E-5
141.0	25.995212357984883	25.322689176549098	24.157163913287594	24.524501225386263	4.3332679216223256E-4
142.0	29.254018504372286	21.77439423747154	22.515695783464427	26.455643858308953	2.476163827951185E-4
143.0	28.5080032858755	23.87998259253596	23.846492414567546	23.76527409017834	2.476168426500202E-4
144.0	29.63883718238156	23.8277204518203	22.46225596918698	24.070691169670322	4.952269408408087E-4
145.0	29.064427906585166	21.71450361454435	21.4054195260917	27.814720400540295	9.285522384918331E-4
146.0	28.52327659477003	21.787571165658985	23.98099319001053	25.703206780152048	0.004952269408408087
147.0	26.876749538511824	23.01467229077655	26.683549726202255	23.42211899523717	0.00290944927220436
148.0	25.350208462945595	23.550153368061682	22.86778156426137	28.23148517854766	3.7142618368881915E-4
149.0	28.555793065493933	25.501138747693254	23.769957489641698	22.17150115979549	0.001609537375624547
150.0	25.102346177394264	24.54370598092922	23.3206900543597	27.03325778731681	0.0
151.0	26.547832180646246	24.10905088413947	24.38558435416094	24.957099240043682	4.333410096597902E-4
152.0	27.426406133152405	22.918100822607084	22.447119884706243	27.208249347510638	1.2381202363323908E-4
153.0	25.34889436562607	23.367178083311202	23.37095443185455	27.912354045676484	6.190735316968744E-4
154.0	23.566676695751013	23.99966074455427	25.534482096846283	26.89614697437383	0.0030334884746010342
155.0	26.970828225796467	23.465943563265355	24.547688916954545	25.015415474908064	1.238190755667818E-4
156.0	28.567758152089795	21.645586077524563	25.43879199866273	24.347801861035272	6.191068764200765E-5
157.0	24.68623624652371	22.081650392390422	27.431731000205545	25.80013471782312	2.476430572030698E-4
158.0	26.088060189404445	20.501768237112177	26.459786226572096	26.950385346911283	0.0
159.0	27.722486006108337	20.52775901469134	24.015753150289537	27.733506524704225	4.953042065567133E-4
160.0	27.88454811289856	20.80086728840497	25.410287224274665	25.9042973744218	0.0
161.0	25.334178660363037	19.572560882739353	28.572445723441852	26.516790349403212	0.004024384052542358
162.0	26.818030128638924	21.0946908040846	24.52405084138165	27.563228225894832	0.0
163.0	25.487400160980744	23.030648257073867	28.601386911027184	22.88056467091821	0.0
164.0	25.904917699855858	22.325183398304958	26.366447397750182	25.40171782666198	0.0017336774270245636
165.0	27.19996681141266	22.239201789706957	25.427101825186547	25.133358059656487	3.715140373483062E-4
166.0	25.23814831327092	23.002117699509586	24.605315301926982	27.154356764254224	6.192103829197008E-5
167.0	26.547844550800757	22.899770698869965	26.397743027926683	24.154270183979634	3.715384229556253E-4
168.0	25.030126711773136	23.940858756810247	23.870263789859838	27.158688816147176	6.192540960562184E-5
169.0	26.434380672173674	21.76343563965863	24.975430256918695	26.82644379365503	3.0963759396726885E-4
170.0	32.155338074214626	20.784778315391435	22.81976951216567	24.24005216909873	6.192912954273389E-5
171.0	25.458058522991173	23.1111936832327	25.851865613872114	25.578139030809723	7.431490942870413E-4
172.0	27.694486379111126	24.51896224393881	23.79256024659648	23.993991130353585	0.0
173.0	30.39315549187317	19.179681960966192	21.92879200029227	28.496636756722616	0.0017337901457560223
174.0	25.897004196391364	23.729704593119703	24.420000755437137	25.952857007515362	4.334475364390056E-4
175.0	24.732495814054868	24.609394350707895	22.798291936234925	27.85802215330962	0.0017957456926872282
176.0	25.074604498624947	23.222480863535846	27.997911879067335	23.70357847699692	0.0014242817749523329
177.0	23.540249959743846	25.28588061882997	24.322024450968005	26.82595716745321	0.025887803004966986
178.0	25.54832301705839	21.627333546346453	24.37668893396841	28.44759258020811	6.192241864013415E-5
179.0	27.350513095373007	23.82842036230955	23.27126399625466	25.548625934864045	0.0011766111987376818
180.0	29.224114860581345	20.885943512268483	25.369432893575883	24.52032245706171	1.862765125808052E-4
181.0	30.68667821402034	20.50268264740893	25.468438199706263	23.341579668042574	6.212708218915956E-4
182.0	27.70711123426156	20.863087213297266	25.33930916740495	26.090492385036228	0.0
183.0	23.647378757557362	22.90902335660938	26.826892191040454	26.61627078333146	4.3491146134600123E-4
184.0	25.396066979402903	21.909472179937246	26.453446829662308	26.236851098201246	0.004162912796296872
185.0	25.056579955257885	24.98668981014109	22.221276548159903	27.734832440706754	6.212457343714764E-4
186.0	27.387443246346272	23.38250533676941	24.031242777654903	25.19880863922942	0.0
187.0	25.20029626994645	22.79823357439989	26.472192354071193	25.528718097653407	5.597039290593927E-4
188.0	29.386002010090255	27.084846705740702	21.892445244942436	21.636270685520383	4.353537062282945E-4
189.0	26.138972388755477	22.09216768141551	23.945460437234534	27.822466533191275	9.329594032045289E-4
190.0	29.215519059197625	19.91156029705489	26.287454537650945	24.585279498198922	1.8660789761944306E-4
191.0	27.2465914644485	22.85894347865115	23.900454305177384	25.993699071442105	3.116802808613347E-4
192.0	27.631311538159427	22.323117339095287	24.755655245417017	25.289915877328273	0.0
193.0	27.23104395124786	23.924475081490495	22.792898168677223	26.05127105223123	3.1174635319116035E-4
194.0	27.956006409497032	23.322962584249346	23.296651224849892	25.42437978140373	0.0
195.0	27.248021651149596	19.565043869768832	24.66447577652921	28.522084546741418	3.741558109515406E-4
196.0	29.70481263742144	21.31510247970403	26.749434041149605	22.230525664207555	1.251775173668158E-4
197.0	26.314026844545268	22.83013269533407	23.19019664549601	27.66520562831535	4.3818630930695204E-4
198.0	28.137801824231524	22.013757343451083	23.743809477796944	26.10456861009169	6.274442876530886E-5
199.0	26.394344365154236	23.492980073886024	25.61151928611176	24.500779433506974	3.768413410024733E-4
200.0	28.24419425593765	22.60245319852969	23.197474441661157	25.95581529153717	6.28123343324682E-5
201.0	25.220032350770293	20.0405798011841	30.193382225921443	24.54575435400537	2.5126811878700315E-4
202.0	25.592832112257707	25.824273165779392	28.959407350075324	19.623487371887578	0.0
203.0	26.926342502367728	24.137421764479267	21.52465860435184	27.41101151403133	5.656147698356387E-4
204.0	25.15414736550996	23.270626834526496	23.643911729027472	27.931314070936068	0.0
205.0	27.68111824464053	23.459038218089887	24.866712510104204	23.992565317469996	5.65709695384186E-4
206.0	26.640737809466273	20.242298821383198	25.527498439428125	27.5894649297224	0.0
207.0	26.973940260088114	23.385232332009398	25.718203715778003	23.922435067568458	1.8862455602495126E-4
208.0	29.192088796654403	21.355469609785242	21.267113165424647	28.1852655409867	6.288714901109957E-5
209.0	27.13462842363869	19.951732874101673	25.297408267930983	27.615664361702798	5.660726258599586E-4
210.0	26.313988343309358	22.68814735365443	25.472165168952817	25.525447505575144	2.5162850825184236E-4
211.0	26.165603732801397	25.431565832156082	25.84348285724174	22.558844165610026	5.034121907554643E-4
212.0	29.51946405391692	21.027775574466265	24.934372792754	24.518198723590164	1.8885527265035713E-4
213.0	31.78348771322502	20.27950885653063	23.14898446879082	24.78776701548586	2.51945967667774E-4
214.0	28.57641732017925	23.643886545047454	25.27856623721104	22.501129897562258	0.0
215.0	25.637574643424742	22.968870704881738	23.896389932319924	27.496911851536236	2.528678373604644E-4
216.0	26.532386527204682	23.373380673639765	26.597191568307583	23.496977257460898	6.397338707097848E-5
217.0	30.83774290225903	21.824046920821115	25.877799619735104	21.46002384712062	3.8671006412941897E-4
218.0	23.763933119723095	23.931010099497403	25.407486168617528	26.897505500322627	6.511183935086101E-5
219.0	26.45187795052579	22.401080933511906	24.260138862237028	26.886572539989327	3.29713735940182E-4
220.0	27.590771658379797	20.97511027095148	24.46108878333942	26.972830720189776	1.9856713952121492E-4
221.0	25.963897528745182	20.867906666853596	24.44944699356367	28.718615290843264	1.3351999428534424E-4
222.0	26.58224602798174	23.191499553698232	23.968867499988193	26.25731945018861	6.746814322947063E-5
223.0	30.14342263977846	22.24202782827339	24.8518373795892	22.762372368801074	3.3978355787363446E-4
224.0	32.406803789500614	20.63320753381684	23.840414716501964	23.119505911397763	6.804878281142185E-5
225.0	31.432325167647463	19.88292048720405	23.948679348569865	24.7355275762967	5.474202819214452E-4
226.0	24.998838782045283	21.65418444023402	26.021958458207596	27.32494899306805	6.93264450577524E-5
227.0	29.791590759528287	22.307852079162082	24.71741564429513	23.18188271149506	0.001258805519442601
228.0	28.125037314664645	27.937357721378685	22.59621564329077	21.341389320665897	0.0
229.0	28.533841138140193	25.18401548351264	21.735646792286015	24.546496586061156	0.0
230.0	26.654628545632598	20.981759246626957	28.57977552809042	23.78383667965003	0.0
231.0	25.625579913961854	24.549448663616452	24.27857975980291	25.544719183481142	0.00167247913764067
232.0	24.509600293705947	24.07737864517894	24.722127554386063	26.69089350672905	0.0
233.0	22.930703896497327	25.45103240369589	22.719826805921407	28.89814134085023	2.955530351449503E-4
234.0	27.89231012634386	19.438346153556388	28.01639381314368	24.651669140304218	0.0012807666518499545
235.0	25.86951953735257	21.038550907357838	28.874733152440378	24.216968002655534	2.2840019368336426E-4
236.0	30.364032919327222	22.32391200571299	23.828059416956222	23.48384091828737	1.5473971619188654E-4
237.0	28.10116628924067	22.658119131402753	23.695072035970792	25.54548652850509	1.5601488069932112E-4
238.0	27.15330940438995	21.53423664437939	25.168494170767552	26.143959780463106	0.0
239.0	26.791380792448127	21.731047617830242	25.222334778815643	26.253639004374797	0.0015978065311939768
240.0	27.0648196118677	20.536825050075734	25.10889615596569	27.289294187915164	1.649941757055976E-4
241.0	27.56769706081583	21.96722124010772	22.926379962661294	27.535727856989446	0.00297387942571084
242.0	26.624023862294678	23.719203761625618	21.125173478053732	28.530687490937712	9.11407088261491E-4
243.0	28.001795683720683	22.803855575249436	24.893868785639842	24.297658640856618	0.0028213145334209603
244.0	28.844476049087	20.724162165084355	26.629739136943748	23.801040458100978	5.821907839198906E-4
245.0	26.80338005805774	21.94119005863315	24.702643787146073	26.551034857161444	0.0017512390015936275
246.0	25.192833196465553	26.183961992249078	21.953452702087436	26.66716234245238	0.002589766745557088
247.0	26.723366909077512	22.0192175634528	25.145379510868292	25.96766143322759	0.1443745833738096
248.0	26.467824344771795	22.243095636282856	24.690398648676968	26.58828657772413	0.010394792544251219
249.0	26.10350095298629	20.2629182819511	29.797825661100084	23.819528694261653	0.01622640970087076
250.0	27.65150268902246	21.61805335864178	23.417146472635242	27.31194769587683	0.001349783823684488
