# Position (bp)	A	C	G	T	N
0.0	23.92022432786724	24.002949920583937	25.10754707459023	26.969253316568427	2.53603901645306E-5
1.0	22.960782821534316	30.11442315252889	23.789558688228325	23.058931324112294	0.07630401359617175
2.0	24.62497438065469	26.83815808944851	22.783860455302086	25.75227599364615	7.310809485598839E-4
3.0	25.937908016054678	21.92461676714272	24.71287759115381	27.41779735807086	0.006800267577936104
4.0	25.52310383666518	23.693196630474496	24.156184291182726	26.62731393175392	2.0130992367334242E-4
5.0	28.430895538967498	23.920454059955258	22.40865496499904	25.239392274607354	6.031614708494575E-4
6.0	25.623506589821375	23.872258924333213	23.927153195157665	26.572565308627233	0.0045159820605121526
7.0	25.47624334175499	25.6854121759992	23.380574883869492	25.45681837581752	9.512225587936895E-4
8.0	27.596544101267543	24.341655087401392	23.352639323284762	24.709136514792657	2.4973253645345832E-5
9.0	25.74734595852387	25.488085915371965	22.383837830502397	26.38045639428841	2.7390131335679755E-4
10.0	24.207918230815075	24.402257348471206	23.69434856970588	27.695450977192703	2.4873815135816004E-5
11.0	26.73453433913301	22.902093235812025	22.777101681999653	27.58610242045495	1.6832260036295162E-4
12.0	27.586846883960565	24.433368184993338	20.399598656784946	27.580186274261152	0.0
13.0	25.133977625490537	22.809652667955252	25.2191647630762	26.837134657060858	7.028641714988579E-5
14.0	26.374817260429467	22.00793175377214	23.777276687384095	27.8399742984143	0.0
15.0	25.28135766091179	23.42081702518858	24.721878240904317	26.575947072995316	0.0
16.0	26.55555662985009	24.366484139028007	22.105706235357896	26.97216305482597	8.994093803451619E-5
17.0	28.529857501844226	26.757967431386632	19.300944622951125	25.410172190967018	0.0010582528509993213
18.0	25.523241556832442	26.014714661438752	20.28895564754376	28.172869380855893	2.1875332915222804E-4
19.0	24.95315784538924	24.952244170482167	21.763997336420104	28.330187318583867	4.1332912462765025E-4
20.0	22.53954516421171	26.05312334135314	23.98907025947121	27.418239641514187	2.159344975657704E-5
21.0	23.775381785359766	24.750089510255624	23.508051635089735	27.966305552637387	1.7151665748337897E-4
22.0	22.405239143180022	27.09485007349755	25.856756251540048	24.643112047650202	4.248413217663203E-5
23.0	25.00009513456467	23.853195104924968	23.416738863230744	27.729717205107164	2.53692172454865E-4
24.0	27.55422373533734	21.337433387198836	25.051370955511278	26.056930084668206	4.183728434187337E-5
25.0	24.89330337074926	24.864454401115495	19.814060929769962	30.42801549968923	1.6579867605612201E-4
26.0	26.28527236508579	25.49886736496524	19.876266345315518	28.339593924633455	0.0
27.0	25.369744393780298	25.071067940416768	20.41054398773649	29.14860258051524	4.1097551202411605E-5
28.0	27.658262037624944	23.79710157302923	22.64642838336689	25.896398547635215	0.0018094583437275533
29.0	27.219317850822872	24.19258508647391	22.22364471670452	26.364230919970794	2.2142602790491323E-4
30.0	23.686329265200303	24.825997121883205	24.964583484985077	26.52293014367386	1.5998425754905717E-4
31.0	26.097722808432838	24.598012797716365	23.038395535835754	26.265570515130758	2.983428842835355E-4
32.0	24.342527248428762	22.76242569326685	24.879281107966186	28.015568954757207	1.969955809951271E-4
33.0	23.601274732271886	25.11217113374389	25.275433780405205	26.01102281346272	9.754011629903147E-5
34.0	26.163740531270413	26.44491962221046	22.763936484056003	24.627364667205303	3.8695257818763796E-5
35.0	25.32021603016791	22.43264956472534	26.053572324783897	26.193408834832393	1.532454904641078E-4
36.0	23.978318814329057	24.56400403369116	26.151719687172665	25.30588090965133	7.655515578878509E-5
37.0	25.13771248052358	25.47026573649201	21.406618770222575	27.98540301276184	0.0
38.0	26.761909807768703	25.247765353992445	21.436439424180215	26.553866287137545	1.912692108404503E-5
39.0	23.521609677647596	27.561828671522576	21.449677494612164	27.46678854240568	9.561381198882466E-5
40.0	26.43915931276293	25.835519077830604	22.951502666678394	24.773799822642083	1.912008599449877E-5
41.0	24.09979930327764	24.63918369313322	21.59848879076879	29.65790174998824	0.0046264628321064285
42.0	24.569789126709775	25.867265054704415	20.831182852428455	28.731724735385715	3.823077164224867E-5
43.0	25.761443270791982	25.76769326481913	22.51448536459732	25.9526319260016	0.0037461737899715307
44.0	28.73258681628858	25.076628041305284	22.781198013662046	23.409491576600807	9.55521432823499E-5
45.0	25.777867626742772	24.181394614743475	21.837903465269914	28.199127386512284	0.0037069067315515466
46.0	24.97114038744675	24.654324700351054	22.206005474251036	28.16852943795116	0.0
47.0	25.26290672525786	24.64058859164296	23.300698964038514	26.79397171934226	0.0018339997184046266
48.0	22.68246560985596	24.04985959776823	22.92450286304442	30.343171929331387	0.0
49.0	22.48893933529267	25.685470958319783	24.755609388250573	27.0683189985642	0.001661319572769712
50.0	27.331215803759047	24.465142389065985	20.41073199885054	27.792852526189872	5.72821345614623E-5
51.0	24.684541623171185	27.10269311802847	21.36390502495947	26.846492959650192	0.002367274190678591
52.0	23.058868035656495	25.967287260234233	21.308178146844455	29.66566655726482	0.0
53.0	22.589985030626263	25.09272890865449	24.180606987089746	28.135138584145626	0.001540489483877066
54.0	23.179809072171693	28.104916359249206	22.477550823247416	26.237704727858052	1.9017473635125424E-5
55.0	23.6497006078889	27.959019851229588	23.206739129775023	25.183136773484755	0.0014036376217371116
56.0	26.585952200963963	25.105417853727772	25.051310246156426	23.25731969915184	0.0
57.0	22.553314065295023	27.6218789390455	23.345356735889887	26.474576676166677	0.004873583602913303
58.0	25.04905714899513	25.14456429344907	21.912698847600215	27.893490098789314	1.8961116627742654E-4
59.0	27.54053616967868	22.398178249372876	24.64012139948397	25.41866156841414	0.0025026130503307716
60.0	24.295638398810233	23.146079072053237	23.534181235248106	29.02408236299905	1.8930889380755464E-5
61.0	25.34989073959376	23.8485444817816	22.735496684329043	28.060010691316258	0.006057402979333655
62.0	25.468875488134945	21.92278841343532	24.89468815674983	27.71355330061655	9.464106335670273E-5
63.0	26.368760254901673	23.78953596410224	22.761419671127705	27.07782359591244	0.002460513955940523
64.0	24.89414615133336	22.03313072900716	23.827020707508588	29.24562683937062	7.557278027157457E-5
65.0	24.066037844564228	26.11315737422661	23.71660197276263	26.09961217662258	0.004590631823960038
66.0	24.50188207478201	24.093485259442204	23.18240842855162	28.221676408571366	5.478286527986676E-4
67.0	26.82110980163777	25.174063511954607	20.93847240437628	27.06573092318878	6.233588425624128E-4
68.0	23.53285946019866	22.69319283357548	27.014130818300025	26.759590226668813	2.2666125701799916E-4
69.0	23.076803942140884	24.97787834173972	24.80762892653532	27.134817931905904	0.0028708576781749655
70.0	25.776995124089314	23.16352736577289	24.67933527077213	26.37974617653199	3.960628336711498E-4
71.0	24.380765635794692	23.038141058927827	26.204640654797114	26.37579415071592	6.584997644452272E-4
72.0	27.69473705596896	25.71766221472414	21.682564132277548	24.90402074446191	0.0010158525674356796
73.0	25.01126225893358	22.89745616841681	23.001605024726185	29.086121530072162	0.0035550178512682106
74.0	24.60607312126928	25.53021185905953	24.02431595622255	25.838552748108157	8.463153404811246E-4
75.0	25.46879157808429	24.909906902702463	22.00915646382595	27.610189269316443	0.001955786070853992
76.0	26.62182069962567	23.836586772094556	25.54815394006271	23.99268639152064	7.521966964273289E-4
77.0	24.219398730368855	24.762226216980565	24.25623533305253	26.761669625127865	4.7009447018472834E-4
78.0	27.122697208596385	26.1202204903496	20.494373419616092	26.2622952175947	4.1366384322290766E-4
79.0	27.17622388062227	20.744294504873825	23.106890967456508	28.97008994807383	0.002500698973566484
80.0	23.888675491720658	23.339727727775156	27.99956982139127	24.77007160180051	0.001955357312406498
81.0	25.28143914546508	24.719322301193326	21.95957639500318	28.03939894220958	2.632161288315103E-4
82.0	22.59824623511715	22.90236600897507	24.166711631622515	30.331642086973066	0.0010340373122023736
83.0	25.466659046464557	22.21654258145125	24.076730421939864	28.239315956515217	7.519936291099741E-4
84.0	23.54201232508415	25.502212777828532	25.206097950243233	25.749018997443017	6.579494010592609E-4
85.0	25.233136272639268	26.901172025527035	21.581736327152083	26.283598221754374	3.571529272441892E-4
86.0	25.46585450392435	24.910659842755308	22.83277281923928	26.789566242540573	0.0011465915404852076
87.0	22.07706358147698	22.225210727191598	25.91639027694607	29.780621180493295	7.142338920521933E-4
88.0	24.491996821432625	27.182483447467558	25.550686045803545	22.77447658513005	3.5710016622073E-4
89.0	26.102765467245693	26.31754225293481	22.88539869303402	24.693504242630862	7.893441546152295E-4
90.0	23.9951234977759	25.565440656474774	25.066006994514407	25.37333488441235	9.396682257015423E-5
91.0	26.691239798701773	25.132905577420683	23.902989875140452	24.27248889783414	3.758509029536055E-4
92.0	25.26754129228237	24.417482615383026	22.762991366180497	27.55198472615411	0.0
93.0	25.950516558840015	26.230504434801254	21.188073117800297	26.630736768364905	1.6912019353363303E-4
94.0	27.890763521898183	23.429144058452273	23.075956084130745	25.600566122967138	0.003570212551664734
95.0	23.449574313367744	26.48614522011503	24.215941781175836	25.8458772000699	0.002461485271486794
96.0	26.300379555877722	24.267206886982308	23.737038667501647	25.694228762786125	0.0011461268521926627
97.0	25.178143564351785	25.425394262468643	23.14334171342855	26.253026519516176	9.394023484682951E-5
98.0	27.9348813843295	23.023743799996204	24.224845705598522	24.816529110075773	0.0
99.0	21.750132943578386	22.373234940371212	26.497613402140285	29.379018713910117	0.0
100.0	22.598821772195265	24.799283536516647	24.407392436561874	28.19450225472621	0.0
101.0	23.392332511041218	22.53508640453241	28.239216760184082	25.83332675950416	3.756473813057578E-5
102.0	25.211664056127653	24.15476207025199	24.789801202037687	25.843753886221577	1.8785361094089485E-5
103.0	25.639155918035218	25.088467590497665	25.427310812534365	23.84499054323299	7.513569976976543E-5
104.0	25.799207737566498	27.010498820284457	22.955267733723332	24.23476273545238	2.6297297332834185E-4
105.0	27.211978606250415	23.694374147165433	20.94370089626526	28.147823656353506	0.0021226939653876905
106.0	25.89591501524562	23.490202678841122	24.822541427663324	25.791303308953367	3.7569296567518785E-5
107.0	25.717355095256945	24.071648443547716	22.85261204508496	27.358027511346283	3.5690476409628235E-4
108.0	23.94723239026032	24.273836786459178	24.450813242692536	27.32808001394474	3.756664322508129E-5
109.0	25.6323202210618	24.691883469236807	25.524509017637087	24.150892860832265	3.944312320416399E-4
110.0	24.3858119253916	24.105911159350363	23.341128283875683	28.167129849877554	1.878150480045872E-5
111.0	24.754258960419993	23.891310488657297	24.902578815935378	26.451400971845334	4.5076314199940504E-4
112.0	25.37322598868359	23.763056242506558	24.122309497552518	26.741314368477514	9.390277982277165E-5
113.0	28.392578868118136	21.71632454456439	23.179318605300153	26.71130848980883	4.6949220849510466E-4
114.0	26.20917800591384	22.36525537602856	27.35771048462898	24.06755565237723	3.004810513831988E-4
115.0	26.97969068844312	23.695173451305827	26.097845674774927	23.22697090097391	3.1928450221198427E-4
116.0	27.058928484229266	24.154011141119597	24.810195288876535	23.976846304386207	1.878138839535574E-5
117.0	25.801324881427977	26.35293622700469	24.433283668904725	23.41207959355428	3.7562910832598825E-4
118.0	26.22995618095345	24.550197890953662	25.080304868325936	24.13927811919359	2.62940573364458E-4
119.0	26.856679320027865	21.271958615226065	24.877236853003705	26.993843483349945	2.817283924183509E-4
120.0	25.26916668717013	23.69023701318276	24.917101825346904	26.1234944743002	0.0
121.0	27.556422532613535	23.56586762409783	23.84686510599527	25.030506661317553	3.3807597581404466E-4
122.0	26.619319574465926	24.07992747116154	24.565387614014202	24.735046045181768	3.192951765580243E-4
123.0	24.141669936289777	28.14552924977598	23.090500976379268	24.62190541676848	3.94420786501343E-4
124.0	25.15262480863793	24.641555906272544	23.016469111330608	27.18931261035424	3.7563404679386016E-5
125.0	26.248108940076758	23.68787439699722	24.68793168050079	25.375502756651226	5.822257740081267E-4
126.0	23.48323583867009	24.298821612375043	25.233181466285178	26.984704738229365	5.634444032503981E-5
127.0	26.029519287528423	23.09669109547632	27.724266783561347	23.148940613783466	5.822196504390781E-4
128.0	26.142984964292637	23.377767827763247	24.77509169122033	25.696980988627434	0.007174528096353537
129.0	24.560183050545685	26.366347878299106	22.24592637222644	26.824612808392107	0.0029298905366601613
130.0	26.322774228276053	24.259622438527092	23.67666232562752	25.740903444496237	3.756307309511083E-5
131.0	25.909035502715195	24.55736409895992	24.605408000342578	24.927779197892228	4.1320009007761964E-4
132.0	26.578218289652877	25.34776800228236	22.164219933809274	25.90507954925999	0.00471422499549707
133.0	26.774541799266157	25.688615826594425	24.52089512544738	23.014106632528872	0.001840616163164237
134.0	26.605023844319163	22.88483675595554	20.99365009187073	29.516451744435777	3.7563418789485023E-5
135.0	26.11442573866361	24.048156601924845	25.99240211863205	23.844752599317214	2.62941462281329E-4
136.0	27.778020896936905	26.09891477241887	24.476510713760497	21.641745492054294	0.004808124829438346
137.0	28.492770107680204	21.577737025297676	24.219632160868954	25.709635323735547	2.253824176170918E-4
138.0	25.054163733736797	24.300923487904058	26.898735603602603	23.74523813637692	9.390383796254214E-4
139.0	25.46574565505636	23.97126158307322	25.343313463221513	25.218514887559206	0.0011644110897009717
140.0	26.81380002524175	21.477423658731542	25.45063284672849	26.257974439723302	1.6902957491691256E-4
141.0	25.601328520539045	25.40087472454741	25.197847877862355	23.799535686428886	4.131906223007619E-4
142.0	28.61143561176616	23.167650185372306	23.17890023702112	25.04167590084929	3.3806499111640326E-4
143.0	26.644246861512126	25.48991362314932	24.0799863422744	23.7858156105625	3.756250165509773E-5
144.0	27.624783285888338	25.379858917728175	22.9729635822629	24.02198102287746	4.1319124312529586E-4
145.0	28.129539788999764	22.477781269010183	22.80061279580291	26.591465145031908	6.010011552369081E-4
146.0	27.347818353957397	21.40922534056614	25.317296100268138	25.922166882056956	0.003493323151360621
147.0	26.173138748313946	24.620053255084642	26.554935410649737	22.648322998210933	0.003549587740738112
148.0	24.237233765228844	24.462271684738067	24.039297307733626	27.26085917832424	3.3806397522667187E-4
149.0	27.75642911046677	24.628166943322856	24.195415057534344	23.41794167043242	0.0020472182436069505
150.0	25.654585375107292	23.985023130192083	25.034117737654977	25.326273757045648	0.0
151.0	26.541056138191866	23.89932074598484	25.70196218085542	23.85737919593935	2.817390285187514E-4
152.0	27.461882548945766	23.81827214662646	23.491675909395276	25.22803791506582	1.3147996667921987E-4
153.0	24.95614681776817	23.414697366555128	24.975155028676667	26.653531216572457	4.6957042758143997E-4
154.0	22.897979714878296	24.75575245374539	24.811519821364104	27.53196809407837	0.0027799159338395035
155.0	27.272173949307994	23.745765239970048	23.93084167698939	25.051143991045997	7.514268656895863E-5
156.0	26.062769978046703	23.355465725163334	25.968426775435	24.61316844751516	1.6907383980591825E-4
157.0	24.858778820270324	22.77543648517678	26.650670773598435	25.715001203261373	1.1271769308963518E-4
158.0	24.98009541426149	20.946725597015458	26.43126088928316	27.641842952348856	7.514709103731918E-5
159.0	26.966325065210384	21.491264326181923	24.65029499666715	26.891721080669996	3.945312705485036E-4
160.0	26.312166477164702	21.251374296318954	26.042436166143503	26.394023060372845	0.0
161.0	24.551342014505025	20.57011592033903	29.058390777474695	25.81740832249455	0.002742965186699174
162.0	25.613429533407846	23.587655563753216	24.771199797394424	26.027677530225972	3.757521854216794E-5
163.0	24.99340537445073	24.313050444564187	26.924090035614732	23.76943535726337	1.878810697797808E-5
164.0	25.70226811685558	23.853095003732317	24.762397196921032	25.6809244944934	0.0013151879976694867
165.0	26.73269410277493	21.80556954300376	26.533304072426755	24.928150445151584	2.8183664297234696E-4
166.0	24.830987005822543	23.099951973628336	26.110017970431088	25.958967891476938	7.515864110170543E-5
167.0	26.42278347625243	23.397412048196394	26.640826232475217	23.538809130286747	1.6911278921105503E-4
168.0	26.26590389600823	23.97684027441103	23.86572816110486	25.891471295003882	5.637347199704152E-5
169.0	27.046860606579948	22.096416723136322	25.622754133184202	25.233874577605093	9.395949443778585E-5
170.0	31.303388767950352	22.852347076227357	23.249201705433816	22.594930904673706	1.3154571476679575E-4
171.0	25.892625601992826	23.433315318335534	26.48441452134101	24.189137181827952	5.073765026800754E-4
172.0	27.373872425978902	24.301945334651627	24.181882430782544	24.14211194611804	1.8786246889232342E-4
173.0	28.531295841178405	19.88765841123927	23.61844585619698	27.961378868833435	0.0012210225519108345
174.0	24.41100429222926	25.523782902504273	23.977742549274975	26.08705698169627	4.132742952217414E-4
175.0	25.38935589595534	24.229206642392235	23.472418487092483	26.907271846706628	0.0017471278533133998
176.0	24.646837208349844	24.539353901516282	27.543250241842138	23.26960048561939	9.581626723495107E-4
177.0	22.253454912844823	26.160326294766744	24.25474802139548	27.306893816847953	0.024576954145002904
178.0	25.32592684448252	23.184752628533207	23.736049421685117	27.753083218722523	1.8788657663141914E-4
179.0	28.286487111142844	24.144408565074706	22.921712300903163	24.646659194320765	7.328285585168302E-4
180.0	26.3518995943755	22.235628356346847	25.46879614506048	25.943525226468655	1.5067774851281062E-4
181.0	27.702342182348954	22.066547831477845	26.268568155426014	23.962051451701154	4.903790460279203E-4
182.0	25.450508692541625	22.897417050173633	25.908434776654936	25.743620618858486	1.8861771320261748E-5
183.0	24.13841822296719	24.642610170911052	26.023804484665614	25.194827585556446	3.395358996965681E-4
184.0	26.31359819442561	22.137641468447818	26.275850008592855	25.270099494106397	0.002810834427326442
185.0	25.10777492272688	23.87742236564965	24.5362009429339	26.478224504586212	3.7726410335829185E-4
186.0	26.91501583702298	23.131768936042572	25.538562537847557	24.414652689086886	0.0
187.0	24.427788770270755	22.61933784246025	28.11935768564242	24.833118837983253	3.9686364332163534E-4
188.0	27.423385759281643	27.961228171473767	22.44591004837501	22.169041316737715	4.3470413186277336E-4
189.0	25.150360903972402	23.584339330632194	24.695573511077374	26.5690269012763	6.99353041732097E-4
190.0	28.653656614934203	21.40893121312261	25.023241236664408	24.914000808292215	1.701269865633706E-4
191.0	26.836774256082197	23.65588955122613	24.498343904478045	25.008632596685082	3.596915285451197E-4
192.0	27.082739308981647	23.20006361503814	24.138517958941794	25.578660183991353	1.89330470656617E-5
193.0	27.752922158031247	24.39439319833598	21.93379099149527	25.918647483981555	2.461681559524502E-4
194.0	27.876611400260927	23.34812949644375	24.189425733506578	24.585833369788745	0.0
195.0	26.43800341886817	21.423991741681306	24.58560192441555	27.551891505391108	5.114096438600063E-4
196.0	28.25505364321112	22.498644107450495	26.038321245506946	23.207981003831442	0.0
197.0	24.851533797796506	24.405209265787693	24.186140064877456	26.556623044659233	4.938268791109901E-4
198.0	27.264145972176696	23.249001792578692	24.305772871928692	25.181079363315924	0.0
199.0	25.40517395699865	23.130255613279513	25.802240907999924	25.661929175746735	4.0034597517893086E-4
200.0	27.506414776044334	23.626528669063145	23.930517937159028	24.93651955167303	1.9066060467629452E-5
201.0	24.975683813494992	21.324375544504292	28.857826627735346	24.841942404244946	1.716100204234992E-4
202.0	25.27396583689016	24.96791511359289	28.088377700422317	21.66970320955655	3.813953807679854E-5
203.0	25.83209669385652	24.504061309084708	22.62400684925627	27.039243773737233	5.91374065271291E-4
204.0	25.616200760364578	23.596371450326657	24.314323964457813	26.47306566734708	3.815750387346361E-5
205.0	27.325152976239313	24.158931198375885	25.351144149696335	23.164084785184535	6.868905039295861E-4
206.0	25.623829722919606	21.34003357116086	25.95791925975514	27.078122030177404	9.541598698678604E-5
207.0	25.921612324836303	23.279092662640892	26.86711169287466	23.93195427888233	2.2904076582070458E-4
208.0	28.09463073551644	22.367433104453898	21.899021578124554	27.638819127974894	9.545393021057709E-5
209.0	27.16501709528027	20.82733289568805	25.317531512560915	26.689526567856596	5.919286141729096E-4
210.0	24.888039983032918	24.644209792130322	24.743445452185924	25.72398009862833	3.2467402250678523E-4
211.0	25.206532547634353	25.363207470572107	25.24456934455779	24.18513661056032	5.540266754292036E-4
212.0	28.506599729565345	22.50936524314461	24.41127705636808	24.572490365239705	2.676056822625984E-4
213.0	29.685807751590414	23.409212373194347	22.501253853855154	24.40347735469163	2.486666684519658E-4
214.0	27.52529690624781	24.781548909266554	24.348188505266528	23.34492738973298	3.8289486128293516E-5
215.0	25.96228878892922	24.625154446386233	23.12870858447464	26.283617878049633	2.3030216027264706E-4
216.0	25.671768397595397	24.779850708657023	26.125849330034356	23.42251217925506	1.938445816174857E-5
217.0	28.963709576589586	22.955562380050388	25.256895344548425	22.823344304620445	4.88394191156705E-4
218.0	24.222414441385894	24.477631716188295	25.407388406029707	25.892387983099347	1.7745329675692272E-4
219.0	26.511375689277422	22.865185196977627	24.550514507909156	26.072506711189032	4.178946467695749E-4
220.0	27.62247523936679	22.04356319531162	24.78989159798379	25.543689988312646	3.799790251578113E-4
221.0	25.673612143285553	22.764511566999904	24.205527782510675	27.356207527280624	1.4097992325052977E-4
222.0	25.5714844569288	24.647682316708856	24.14565441121574	25.635036413195937	1.4240195066260645E-4
223.0	30.694993393426973	22.771237439494563	23.9430099826264	22.590265849814138	4.933346379293758E-4
224.0	29.973603115932963	22.748149157338165	24.430649076438836	22.847516205114527	8.244517550413679E-5
225.0	30.628851601005646	20.16161798751567	23.819167125486736	25.389658472029662	7.048139622816735E-4
226.0	25.371702808672573	22.904073309389243	25.45230308805057	26.27183700981342	8.378407419750043E-5
227.0	26.98789437073209	24.047136296608027	25.491826911474753	23.47202047114281	0.0011219500423165685
228.0	27.517622533180496	28.246036885020033	22.856149443252008	21.38012730228153	6.383626593592584E-5
229.0	27.26150044324435	25.53589249941351	21.980309400425703	25.222276213067797	2.1443848639023256E-5
230.0	25.434219744211305	22.89554308098621	27.65321455937538	24.017022615427102	0.0
231.0	24.697527536480475	25.171616202809922	24.250743436839812	25.87893137627268	0.0011814475971106168
232.0	25.084464032518706	25.040135547439185	24.37410776267929	25.501138586163435	1.5407119938265872E-4
233.0	22.651948956515774	25.03707484174721	22.314311824135654	29.996196766984728	4.6761061663143995E-4
234.0	26.845448975485354	21.64071561155487	26.62955820278675	24.8828980775796	0.001379132593424929
235.0	25.316389292954746	22.296310719644474	27.276392500028635	25.110861672030882	4.581534126702326E-5
236.0	28.583421832932242	23.672169648279628	23.76085482957274	23.983275315640835	2.783735745533148E-4
237.0	27.63097294792583	24.57426364961471	22.63972592369149	25.154967164328827	7.031443914039192E-5
238.0	27.207675462119624	22.553184218495037	23.998159400300533	26.240957187783888	2.373130092143895E-5
239.0	27.324425388461133	23.55651006608039	24.281425726828907	24.836724311123152	9.145075064220087E-4
240.0	25.3205871727338	22.01768460164643	26.08736082818218	26.574267942376732	9.945506085779493E-5
241.0	28.80656601630795	21.988882302837702	23.417695667983324	25.78446511025548	0.0023909026155478404
242.0	26.65160058582358	24.585780613915734	20.79236560866875	27.96910412606947	0.0011490655224638561
243.0	27.742256388653114	22.850180940771793	25.250961557004796	24.154572433036638	0.0020286805336581894
244.0	26.21022001216363	22.7146689250295	26.197318428406373	24.87681372045782	9.789139426712855E-4
245.0	28.746153060521156	21.247633475027154	23.299988579300155	26.704589762927398	0.0016351222241284674
246.0	24.41889543369764	27.021040918695526	23.01815902927316	25.539509766206976	0.0023948521267043153
247.0	25.59149182380776	23.165338528548396	24.757485823415287	26.347281312398717	0.13840251182983648
248.0	25.696423054912664	22.900602150319813	23.99680439990074	27.39783955150183	0.008330843364951712
249.0	25.438302224079134	21.336688995390414	28.854983249645095	24.356022427329993	0.014003103555365121
250.0	26.81805666248686	22.441180238811885	24.652682526498214	26.086756075301725	0.0013244969013140283
