# Position (bp)	A	C	G	T	N
0.0	24.690488113898777	22.690694479673496	25.078863458358352	27.539890903535348	6.304453402839232E-5
1.0	22.966947089685334	29.762209217987877	24.368146818346087	22.83113072833122	0.07156614564947429
2.0	24.588439245992376	26.638776043026475	22.156608010025586	26.61519502898021	9.816719753537675E-4
3.0	26.1320710424646	21.899091154747833	23.486685537038756	28.47478635198426	0.007365913764555765
4.0	25.936742135094203	23.26830703444589	24.15801476118322	26.63689436748495	4.1701791738332934E-5
5.0	28.17159687401334	23.680760986646828	22.642951576530606	25.504232378004133	4.581848050923492E-4
6.0	26.624241902645064	23.18789422413696	23.916129185152663	26.266599977798094	0.005134710267216975
7.0	25.561526172742173	24.864001327828376	23.425859457665098	26.148073611485717	5.394302786364863E-4
8.0	28.331528670133306	24.140618418162855	23.6953692638982	23.83246294817039	2.0699635251727228E-5
9.0	26.565926489075004	25.43678810372058	21.995411635769408	26.0017084994231	1.6527201190784846E-4
10.0	25.182701348186814	24.469420423126103	22.602455696019632	27.745422532667448	0.0
11.0	27.02354690655038	22.394472687255192	23.079683551103646	27.502236609711357	6.0245379430420104E-5
12.0	28.5012769341377	23.659645097299983	19.909157492902125	27.929880853159606	3.962250058789885E-5
13.0	25.56308613389501	23.045724172699465	24.583945557339618	26.80706786255837	1.7627350754117652E-4
14.0	26.535546730527855	21.442118679688708	23.649193176534315	28.37312199861962	1.9414629505771485E-5
15.0	26.094185276275926	23.124633394862673	23.7514743199744	27.029707008886998	0.0
16.0	26.867515724481265	24.41286587589381	21.39201390383133	27.327547871806313	5.66239872799875E-5
17.0	28.610583893733697	26.221242345121276	19.299331959721105	25.867639258619413	0.0012025428045111266
18.0	25.48530217724782	25.31671854961531	20.051427002940393	29.146350307671547	2.0196252493548676E-4
19.0	24.69867263295219	24.367232616473316	22.30184087080888	28.631724306185564	5.295735800488814E-4
20.0	23.120633420055267	24.609574514956407	23.903814260219107	28.365887148346005	9.065642321609464E-5
21.0	24.111759335885946	23.959081368661394	23.195187466616886	28.733701793520556	2.7003531521852426E-4
22.0	23.08861647009147	26.73228326799847	25.186892656817932	24.992154110390242	5.3494701884725335E-5
23.0	25.987782036124973	23.792868612427437	22.75328207579369	27.46571229834849	3.5497730541342163E-4
24.0	28.725421545997072	21.537516889989867	23.71150489809706	26.02550388469767	5.278121833126901E-5
25.0	25.2905125693696	24.398959497409987	19.665833630099343	30.644450266461888	2.4403665918694306E-4
26.0	26.59171243433109	24.945481104971762	19.545266636239667	28.91748780261108	5.202184640098995E-5
27.0	26.120432225714723	24.258181295462812	19.474928130461354	30.146371857551017	8.64908100919553E-5
28.0	27.228533697363815	24.00772354688616	22.882839903531007	25.878488387623968	0.002414464595044628
29.0	28.081682083317194	23.52987948712198	21.7707265092313	26.617321152242567	3.9076808695575347E-4
30.0	23.945190499605545	23.772025925885902	24.712484329914734	27.57007972831314	2.195162806782445E-4
31.0	26.44043427634563	24.392520504860205	21.892193509795224	27.274347346430844	5.043625680931497E-4
32.0	24.381109329864266	22.20680092530004	24.26015420444917	29.1517355043467	2.0003603982650874E-4
33.0	24.08564562805732	25.165806920962545	23.568114425717987	27.180300964096038	1.3206116611000135E-4
34.0	27.40037667989657	26.35701756611747	21.825137694427642	24.417418948750417	4.911080789734532E-5
35.0	25.567494351391275	22.070364599826338	25.693026192495772	26.668855559945587	2.592963410369196E-4
36.0	24.219279608020344	24.111855318668045	25.787658042015444	25.881061316359595	1.4571493657433574E-4
37.0	25.742708064593923	25.116653810335066	21.062798351325185	28.077823588687163	1.618505866598215E-5
38.0	26.897034932264933	25.02323639635208	21.064181645188643	27.015433756852797	1.1326934154913624E-4
39.0	23.586620386511022	27.052584492157262	21.105724702100485	28.254827747708976	2.4267152225419193E-4
40.0	27.11427378558514	25.978422085261183	22.289015037118432	24.618143507351782	1.4558468345603155E-4
41.0	24.545234280405406	24.663274584909928	21.19177683815668	29.595056087745125	0.004658208782858568
42.0	24.77892264625537	25.48869581868285	19.62321390247804	30.1090867688687	8.08637150440311E-5
43.0	25.960891461604852	25.71638426246878	22.399414476410957	25.91986535286092	0.003444446654496288
44.0	29.047753945378325	24.45237168970947	22.16199714839072	24.33761850848999	2.587080314938222E-4
45.0	26.119571652553432	23.978626601865088	21.26718105695208	28.63111245332996	0.003508235299443241
46.0	25.67759544467565	24.065162062931865	22.33171332908287	27.925512997753632	1.616555598520011E-5
47.0	26.052391372061308	23.923629200299423	22.34627263356509	27.676138877336054	0.0015679167381254149
48.0	22.5895436098725	23.548982133612373	22.371279344005035	31.490194912510088	0.0
49.0	22.43100626400596	26.064808307199648	23.881534834949825	27.62100259640381	0.0016479974407569153
50.0	27.776645091414792	24.274662477414484	19.705166945404446	28.243493174586355	3.231117992674409E-5
51.0	24.993801128574205	26.53724338489556	21.044179094158714	27.422547221669863	0.0022291707016540933
52.0	23.328504099741952	25.391743623170132	21.355103157138338	29.92464911994958	0.0
53.0	23.097929980670973	24.654043908876247	23.431606132336036	28.815018857155554	0.0014011209611883052
54.0	23.765839037166266	27.960320293953334	21.97419050826156	26.299617951496607	3.2209122235390385E-5
55.0	24.341398078382138	27.413534747901338	22.59583264912237	25.64778844272086	0.0014460818732994478
56.0	27.390991628402546	24.664025168933275	24.337717782587802	23.607265420076377	0.0
57.0	23.220813560846782	27.6039119804401	22.66195232755768	26.508599224415182	0.004722906740262619
58.0	25.676696530039393	25.244591865008452	21.373479558113107	27.704991105239273	2.4094159977190862E-4
59.0	28.36599858497422	22.140640070285503	23.471695870646407	26.019015312313538	0.0026501617803304993
60.0	24.067283858750596	22.199558274872857	23.364779894386256	30.36832986077255	4.8111217739824794E-5
61.0	25.785302638716928	23.386158558419293	22.836279539500577	27.986470387978123	0.005788875385076471
62.0	25.462598098504905	21.611263182757014	24.649268230812314	28.276710140574917	1.6034735084529512E-4
63.0	27.034388722956535	23.371138972923987	21.80392803246274	27.788187298254304	0.0023569734024370143
64.0	25.706213694490287	21.18911599035108	23.410785087389332	29.69382120041682	6.402735248498158E-5
65.0	24.433133823584726	26.190836316376203	23.22423119122445	26.147173051698875	0.004625617115743664
66.0	24.775636008736086	23.656128753257388	22.970945115207712	28.596890001546065	4.0012125274443164E-4
67.0	27.25199330390723	24.445411800103066	20.79744959525768	27.504393110578356	7.52190153670848E-4
68.0	24.613533655542653	21.52455545788242	26.464116805758863	27.397618045130105	1.7603568595425664E-4
69.0	23.674108767391864	24.32512055447859	24.849712964003125	27.148385304499474	0.0026724096269476185
70.0	26.85120374977682	23.166163136199064	23.763910092438508	26.218515226355336	2.0779523026828443E-4
71.0	24.49694584944743	22.77013839241788	25.42236869656353	27.309574275190425	9.727863807355127E-4
72.0	27.73426325429175	25.58123514840986	21.611732592764334	25.07146144271269	0.0013075618213634554
73.0	25.578450806090547	22.08255364689165	22.893092711574052	29.44198048647332	0.003922348970431228
74.0	24.86218164106562	25.112396677085652	23.410475263483892	26.61410142047334	8.449978914911103E-4
75.0	26.170284168312076	24.540905840799105	21.635851010320422	27.65098210207548	0.0019768784929171156
76.0	27.412799095007045	23.409694239661164	24.699031813129668	24.47775746418321	7.17388018918638E-4
77.0	24.861909102473728	24.50552698355917	23.3821326240124	27.249841464476088	5.898254786114935E-4
78.0	27.799562554527256	25.948716444567154	19.479602164049545	26.771752200099503	3.6663675654633913E-4
79.0	27.730237826569393	20.35104520855155	22.14070213823778	29.775512211248795	0.002502615392487404
80.0	24.395457330544108	22.892429118021546	28.038939899274233	24.670862404577353	0.002311247582753821
81.0	25.51209125266803	24.677497791222684	21.09536546478046	28.714631071627185	4.1441970164012975E-4
82.0	22.823929680765875	22.541670279450994	23.404148156459915	31.229152109271002	0.0010997740522179097
83.0	25.344349631404324	22.17925450163598	23.72271353613892	28.752949171841145	7.331589796275839E-4
84.0	23.75455808853529	25.493978860669113	24.373581573847407	26.377052733578132	8.287433700530396E-4
85.0	25.671629945669117	26.461333787206264	21.01493828411808	26.851603949969434	4.940330371047497E-4
86.0	25.866398818587268	24.13937789064538	22.332853507912656	27.659728400645143	0.0016413822095522387
87.0	23.046661560076558	22.262379829277144	25.078674366601433	29.611503436112624	7.808079322437185E-4
88.0	24.957870047260755	26.43520687336476	25.825390148219675	22.781007103454208	5.258277006032678E-4
89.0	26.676045215888276	25.864050233077503	22.503164423845416	24.955879709829027	8.604173597806508E-4
90.0	24.353687237472908	25.40487108797489	24.490440719683722	25.750825691172302	1.7526369618070132E-4
91.0	27.047276787449785	24.989373031142915	23.18646872994498	24.776371611876968	5.098395853474653E-4
92.0	26.214851626958254	23.88861813500155	22.236399848137076	27.660098526091602	3.1863811520456645E-5
93.0	26.974447242713595	26.146362788231635	20.47123291512238	26.407670287989475	2.8676594291191063E-4
94.0	27.937994020141875	23.389105621219574	22.381486145132634	26.287208430937227	0.004205782568688076
95.0	24.370380837332036	26.54787998624238	22.817104377125833	26.26210184177873	0.0025329575210279284
96.0	26.872664381579135	24.069022238583972	23.41001922258066	25.647465803734697	8.283535215299435E-4
97.0	25.391321717624578	25.447854594064793	23.318656661616565	25.84207145124784	9.557544622184686E-5
98.0	29.000893285513037	22.24734897453754	23.94403394230089	24.8077078688769	1.5928771630475435E-5
99.0	22.847845882750768	21.74623018929052	26.418277244568657	28.98759889924442	4.7784145634607694E-5
100.0	22.803354510994794	24.662549209831504	23.89268024014127	28.641416039032435	0.0
101.0	24.041021286111064	21.33800005064671	28.115230500658644	26.50560482284084	1.433397427433857E-4
102.0	25.52739494427773	23.597522293765646	24.59463165772856	26.280387395240524	6.370898753836276E-5
103.0	25.78772184637338	25.447514938399014	24.765874835964276	23.998649492285544	2.3888697779306652E-4
104.0	26.86061089038334	26.170526058298886	22.478559466227377	24.489953223549136	3.503615412595306E-4
105.0	27.43374994863843	23.065850784852525	20.409956085461825	29.087560562852705	0.0028826181945127054
106.0	26.080593862589645	23.444223378179544	24.61891815835964	25.856153121044954	1.1147982621250635E-4
107.0	26.652368867298332	23.668224805105293	22.233046167017662	27.445723145681484	6.370148972303866E-4
108.0	24.082991801647186	24.840852975187108	24.08775291630215	26.98829084264086	1.1146422269150429E-4
109.0	26.955917507000816	23.759625077563488	25.02640382947481	24.25743260037396	6.209855869245275E-4
110.0	25.35450033675502	23.79420208167145	22.554911767000554	28.296338047903603	4.7766669373444595E-5
111.0	25.456322694136574	23.19899102353599	23.96815883768357	27.37592238995329	6.050546905750312E-4
112.0	26.242876779004092	23.433217778107537	23.461351625163537	26.86247420864997	7.960907486134885E-5
113.0	28.91261516073744	21.221895924068146	22.35213293646845	27.512655441620982	7.005371049826497E-4
114.0	26.579864450215833	21.7873319161023	26.731580985327962	24.9007927662626	4.2988209130313506E-4
115.0	27.988304119638848	22.80279506319718	25.573067248446062	23.635228521541748	6.050471761652173E-4
116.0	27.373540614410768	24.076013039614022	24.313826455436892	24.236540279726913	7.961081140294312E-5
117.0	26.584710555629503	25.963264801809277	23.88717742300155	23.564130717921902	7.165016377635213E-4
118.0	27.845302407146843	24.346299367782226	24.581818679744845	23.226165571413766	4.1397391231937005E-4
119.0	27.955868699637023	20.700240154853148	24.028573380180752	27.3148400987114	4.7766661767930133E-4
120.0	25.32581365045034	23.472196216148053	24.498263218834428	26.703679148308503	4.7766258679129207E-5
121.0	28.074453224874997	22.930553218076184	23.909041101299625	25.08531556449185	6.368912573459436E-4
122.0	27.29329755042023	23.382281407507246	24.379134347536368	24.94472941095922	5.572835769325998E-4
123.0	24.842938985475886	28.31126589657132	22.20438399935292	24.640837917745994	5.732008538782054E-4
124.0	24.83272876536617	24.710589158410183	22.00154509548416	28.455057369471753	7.961126773301183E-5
125.0	27.03793758288482	24.044857196492092	23.817552371582565	25.098761207810842	8.916412296815264E-4
126.0	25.029030355091436	23.27324518210746	24.61941296028418	27.07823189095764	7.961155927996122E-5
127.0	26.906454270349933	22.20165443160877	27.085131865083927	23.805883718493785	8.757144635866781E-4
128.0	26.602522613063726	23.264232708244865	23.93372810761349	26.190616078111617	0.008900492966301842
129.0	24.647772505811545	26.47385600101901	21.818472757379865	27.057160143935295	0.002738591854281438
130.0	26.492071587145826	23.88102691611338	23.36676956165842	26.260116012816148	1.5922266222520358E-5
131.0	26.624728365402987	23.824503669773854	23.764524330562427	25.785718198053146	5.254362075861525E-4
132.0	26.461719975893622	25.04772314921037	21.90798655201541	26.57690197985987	0.005668343020733238
133.0	27.286067260228563	25.085176312339364	23.885097083003874	23.741812358311485	0.001846986116714874
134.0	27.372771006759628	22.441655364534753	20.530557472415527	29.65500023405683	1.5922233265175558E-5
135.0	26.75544269873023	22.6944917334923	26.24903590846878	24.300631603350293	3.9805595838818546E-4
136.0	27.67297920772026	25.91401705112152	24.403175717246395	22.00379338412409	0.006034639787733535
137.0	28.6138669669465	21.50485226652468	23.82312553858343	26.05801192414962	1.4330379576725171E-4
138.0	25.59651063351446	23.336189232596357	26.57336511178051	24.492947850090605	9.871720180677954E-4
139.0	26.262905786721984	23.813600665932544	24.519195556543444	25.402928676560972	0.001369314241059174
140.0	27.187584189907593	21.361945110887063	25.333017856699303	26.117277695653364	1.7514685267474718E-4
141.0	25.912401669461627	25.14198257803548	24.79983593265851	24.145349907361823	4.299124825566991E-4
142.0	28.839095450998286	22.599474133485003	22.950396804229605	25.6107470008205	2.8661046660024734E-4
143.0	27.227772354233466	24.81967621891615	23.41866087409842	24.533779091883723	1.1146086823876384E-4
144.0	28.79109669965294	24.797617523551843	22.55317834434256	23.857550124295642	5.573081570169556E-4
145.0	28.76669227615253	22.307576559757013	22.080880860160264	26.844022308117943	8.279958122519496E-4
146.0	28.06951560346387	21.5030897380697	24.37869259048837	26.04451426591492	0.004187802063137406
147.0	27.134239499514752	23.982195132242783	25.85382397829405	23.026381680507555	0.003359709440863143
148.0	25.265246636021573	24.394601711673367	23.35265888326441	26.987142466578355	3.503024622919303E-4
149.0	28.79804516122149	24.19934616846472	23.190271791823555	23.81036242253644	0.001974455953788814
150.0	26.100981445589287	23.942903038220265	24.585215196387843	25.37086847329766	3.184650494162217E-5
151.0	27.2099737833727	23.348753754786635	24.864951885227732	24.57587471560437	4.4586100856307915E-4
152.0	27.789416324914836	23.628186317675862	22.695129761661732	25.88714020514346	1.273906041149076E-4
153.0	25.70809628475671	23.13474677901364	24.115776364045466	27.0407117643771	6.688078070890761E-4
154.0	23.233120086780634	24.600596648715822	24.711301833737757	27.452385782728015	0.0025956480377697048
155.0	27.50556684699169	23.243917155698295	23.654310386972902	25.595998590353155	2.070199839575437E-4
156.0	26.487239605769215	22.84460676531726	25.686057212799362	24.981746068019444	3.503480947194739E-4
157.0	25.805674882652475	22.532779673298112	25.927724274117452	25.73355044450726	2.7072542470051E-4
158.0	25.56786475970616	21.095639140084135	25.65042157484769	27.686010824115765	6.370124625118166E-5
159.0	27.14187817327598	21.057039618282403	23.960659300862833	27.84000884189491	4.1406568387645744E-4
160.0	27.154523776496518	20.79324053734632	25.539270966331205	26.51291694211842	4.7777707526852265E-5
161.0	25.099717645177666	19.898362456698774	28.291430820201818	26.70712865897465	0.0033604189470931504
162.0	25.998600065457687	23.05088578907175	24.192063374511157	26.758402991623488	4.777933591501012E-5
163.0	25.675363164580673	23.301271474204196	27.170434752693872	23.85277133978138	1.5926873987847157E-4
164.0	26.0339756412182	22.946132367676203	24.592481998650324	26.42580134256964	0.0016086498856345496
165.0	26.680014048198704	21.498936430308113	25.88667308551483	25.933834895438874	5.41540539485871E-4
166.0	25.133716329607008	23.336979804454003	25.063361948680964	26.465766708249603	1.7520900841895215E-4
167.0	26.74623788344726	22.665021976807196	26.190724981371403	24.397569155183945	4.460031901971047E-4
168.0	26.412973943539026	24.050679287745037	23.702369892917083	25.83391315872306	6.371707579401034E-5
169.0	27.65704569436161	21.704327940134473	25.021983147527948	25.61643613035433	2.07087621640083E-4
170.0	31.81201824845309	22.5265135596941	22.200962380009155	23.460362439333515	1.4337251013723298E-4
171.0	25.707822424293596	23.252830477234312	26.17336364403931	24.865266575437175	7.168789956047352E-4
172.0	27.676332516795505	24.43719564961896	23.948244390588975	23.93814781702206	7.962597450248896E-5
173.0	28.766334238296103	20.3309908769051	22.522011488907943	28.379373473591947	0.001289922298902706
174.0	25.244834960151813	25.261970540815486	23.31267083823566	26.180125529276044	3.9813152099618237E-4
175.0	25.746911679996074	24.563230195837924	22.27581342468646	27.412627326661276	0.001417372818261113
176.0	25.11879181761833	23.81851591609689	27.28792499249887	23.773540974019642	0.0012262997662704498
177.0	23.019078227070118	25.482769198718287	24.088798123618094	27.38539955460458	0.023954895988924682
178.0	25.21469296600759	22.699687509405532	23.64507387393585	28.440243081151213	3.0256949981599E-4
179.0	28.45658103955274	23.74125021022429	22.57870988538317	25.22235996514099	0.001098899698805926
180.0	27.07327191227667	21.82486331737233	25.254279248039246	25.84737802233689	2.0749997486057997E-4
181.0	28.185584646154627	21.623877637859618	25.844341176040103	24.3455254355747	6.71104370950704E-4
182.0	26.570195387006713	22.3849191599258	25.033963229782152	26.010810410183172	1.118131021634717E-4
183.0	24.685640658563194	23.697575427152834	25.98676733151622	25.629569306496542	4.4727627121107875E-4
184.0	26.597477634522352	21.586150521130286	25.96946623663946	25.84348694574344	0.00341866196446221
185.0	25.552348687960208	24.120935258050253	23.817477336100453	26.508727550151946	5.111677371371029E-4
186.0	28.03403641866124	22.502016087805575	24.893045104133652	24.57090238939953	0.0
187.0	24.979810510823278	22.684505209104223	27.0995348616914	25.235637380613195	5.120377679057607E-4
188.0	28.32142782274538	27.719738002489013	21.34414625415282	22.614223851336526	4.6406927626156035E-4
189.0	26.02712410691209	23.2048022904019	24.45256882047983	26.31465660374943	8.481784567472996E-4
190.0	29.059508006710484	21.398836836725973	24.772788163634136	24.76872294992393	1.4404300547971602E-4
191.0	27.099940840077313	23.685607084829492	23.81347971099953	25.400683857291074	2.885068025897012E-4
192.0	27.861916984703306	22.552034234949637	23.977993558425638	25.60800713372382	4.808819760145688E-5
193.0	27.796471428853124	23.96055987863493	21.897093949076496	26.345634270531054	2.4047290439486676E-4
194.0	28.705932223498408	23.1175901716826	23.487764945351564	24.688712659467427	0.0
195.0	26.951690536960136	20.88810095388704	24.363798698357176	27.795864613367634	5.451974280150982E-4
196.0	29.443207635230785	21.635237855233534	25.795920479631967	23.125473312564367	1.6071733934373323E-4
197.0	25.937458057163614	23.107856681880616	23.964033038296872	26.99012178391372	5.304387451748157E-4
198.0	27.935202276003395	23.01203799262063	23.42979135991718	25.62283960910324	1.2876235555278002E-4
199.0	26.17130715229407	22.804024288893707	25.021558690502005	26.002706826797745	4.0304151246970136E-4
200.0	28.125161733235327	23.318784530297663	23.173468477960668	25.382504643809607	8.06146967363785E-5
201.0	26.169357666952337	20.792086870923086	28.005940167804905	25.032357306575705	2.57987743969738E-4
202.0	26.062085904093507	24.73660811399396	27.61572512650954	21.585580855402995	0.0
203.0	26.63217102508064	24.088940165612634	22.13071886568316	27.147460156759657	7.097868639099835E-4
204.0	25.757925562096627	22.814812591971272	24.159414236269587	27.267686274244074	1.6133541843228115E-4
205.0	27.670198502398392	23.941377012573597	25.094217244200063	23.293432786213415	7.744546145394173E-4
206.0	26.13125355402669	21.072304313111932	25.0896695860515	27.706659592499577	1.1295431030420853E-4
207.0	26.913517683475945	23.185075320600756	25.823797888376387	24.077334744955763	2.7436259114486667E-4
208.0	28.959180698689913	22.054461570795635	21.357198628492913	27.62914295980734	1.6142214198465618E-5
209.0	27.965967059771728	19.888503985621668	24.82781068184064	27.31704017137237	6.781013935952355E-4
210.0	25.34609555127737	23.754855349580325	24.172091642775456	26.726650641227494	3.068151393570511E-4
211.0	25.759340303274158	25.199896106681898	25.125965802428894	23.914103227186192	6.945604288571444E-4
212.0	29.172531279461094	22.217733425594265	23.805533910578216	24.803894350677076	3.0703368935236253E-4
213.0	30.74512609134613	22.332827342396328	22.01683093585902	24.904859906049968	3.5572434855553277E-4
214.0	28.63926109225731	24.122516309811	23.798261926599864	23.43994448935841	1.6181973411075848E-5
215.0	26.502322169865106	24.593524979728763	22.464813850912364	26.438965934101404	3.7306539236179427E-4
216.0	26.357574701940244	24.122173653223467	25.301517134431624	24.21871812471704	1.6385687626200517E-5
217.0	29.740795414644428	22.69733832291122	24.665147419696982	22.895942593208577	7.762495387921624E-4
218.0	24.744191289305917	23.80477949801881	25.178897267488576	26.271881826672207	2.501185144894489E-4
219.0	26.93486756864577	22.609012584546882	23.905696509287402	26.54976769098269	6.556465372532479E-4
220.0	28.170064363284858	21.386373644624808	24.587574863059444	25.855649556404252	3.375726266407928E-4
221.0	26.185972082783366	22.105291768379175	23.6749004958644	28.033665778221717	1.6987475134583273E-4
222.0	25.815843272618938	24.113922533499075	24.127465987268128	25.942460011711404	3.0819490245631337E-4
223.0	31.60456659063752	22.13260889489129	23.54033550814734	22.7217800158053	7.089905185487483E-4
224.0	30.850726222938768	22.550963689806323	23.711398634959817	22.886842123963564	6.932833152530822E-5
225.0	31.373998610975107	19.233394862559365	24.01540751293107	25.37622328104685	9.757324876055838E-4
226.0	25.950002975719887	21.834688019540444	25.582563197071188	26.63258733737867	1.5847028981398758E-4
227.0	27.649965709486796	23.42542066493222	24.954932087731848	23.96822501255365	0.0014565252954925694
228.0	28.06142029067254	27.790657367182654	22.369526328209144	21.77825321590099	1.4279803467064884E-4
229.0	27.93233845317008	25.26807099937344	21.42978639457668	25.369786153383426	1.7999496374091452E-5
230.0	26.443034193142434	22.551065884073328	26.30095501224986	24.704908633455123	3.6277079252539805E-5
231.0	25.865998675365454	24.078955277683363	24.108826650632327	25.94476718803395	0.0014522082849034125
232.0	25.745589017033765	24.763297663346197	23.92959068111956	25.561226801026187	2.9583747428756324E-4
233.0	23.75359252436988	25.36676150725275	22.22456627404422	28.654724346051623	3.5534828152635926E-4
234.0	27.926122281029684	20.63432380662579	26.154588351038495	25.28371348660878	0.0012520746972587721
235.0	26.17517183768228	21.18728610183039	28.101084779904706	24.536207976428866	2.493041537523919E-4
236.0	28.939960634131946	23.265725832013295	23.61695400276051	24.17716507412894	1.944569653123776E-4
237.0	28.037843462009647	24.039856595589644	22.0421468486091	25.879976709424195	1.7638436740628551E-4
238.0	27.336972113939346	22.36482010678418	24.30608028224111	25.992048189092344	7.930794302755297E-5
239.0	28.860868957214375	22.97942252222784	23.503744756978573	24.65477833240776	0.0011854311714551387
240.0	25.43338112576975	21.872775846596593	26.012646084974268	26.68097001454403	2.2692811536200193E-4
241.0	29.54650477978215	21.746340719752954	22.81870086023065	25.886098711585486	0.0023549286487605328
242.0	27.08562198162401	24.250258488719872	20.668724914585887	27.99435941795421	0.0010351971160236504
243.0	27.943106408052888	23.107993757636653	24.59477875579047	24.35177572987561	0.002345348644378106
244.0	26.785628112774585	22.336138886531515	25.633308705701463	25.244009078943208	9.152160492286393E-4
245.0	28.90958794422515	20.859518194386233	23.03091721559477	27.1983501921509	0.0016264536429433808
246.0	24.716316760902195	25.769157249206927	23.30722314548552	26.204921277731412	0.002381566673943676
247.0	26.073802516877294	22.58861036902515	24.6946988431696	26.508129602029484	0.13475866889847407
248.0	26.410447994373204	22.401018829599995	24.04447502405838	27.13405523497523	0.010002916993194453
249.0	25.296069133088828	22.173128353663103	28.19954246688747	24.31466503485901	0.016595011501587067
250.0	28.35803144097128	21.855057865988858	23.16464766643232	26.621333520361258	9.29506246281975E-4
