# Position (bp)	A	C	G	T	N
0.0	24.406315123775638	23.753165584339424	25.01095463420905	26.829423912910894	1.4074476499846588E-4
1.0	23.3234814822786	30.472865456964787	23.845768390576847	22.286580786972163	0.071303883207608
2.0	25.302500069990764	26.6149201638717	22.097296490196626	25.984490047313752	7.932286271545489E-4
3.0	25.271702767034316	22.43090573805844	24.001603942715	28.28874698969327	0.007040562498980051
4.0	26.39298605895825	23.51262632380264	24.14855474202271	25.9458328752164	0.0
5.0	28.652880435617227	23.917064823704116	22.17986382540688	25.24958594305164	6.049722201410144E-4
6.0	26.968109393369193	23.236986916662293	23.92225152132644	25.86717116658484	0.005481002057233738
7.0	25.615161403964176	24.85787922051434	23.66663267387314	25.85981680974542	5.098919029165817E-4
8.0	28.550934359655976	23.934332369999673	23.94695791438956	23.567775355954794	0.0
9.0	26.132159078320594	25.10080868505594	22.498799896606478	26.267955393080015	2.7694693696687716E-4
10.0	24.859547776812967	24.911380100169193	23.320164664466407	26.908907458551433	0.0
11.0	27.204728963642015	22.799749562612273	22.77994502440234	27.215486428715142	9.002062822695822E-5
12.0	27.960788298251366	24.251347824601556	19.87073484670672	27.917129030440357	0.0
13.0	25.297513095661905	23.637647813940767	24.450569685405988	26.614094036234693	1.753687566530522E-4
14.0	26.440383644799333	21.99889851099187	23.139174178595844	28.421500231503806	4.3434109153391036E-5
15.0	25.963606948878265	23.370395331310785	24.06854791546077	26.59744980435018	0.0
16.0	26.396492478417223	24.29382256698873	21.508129447228026	27.80155550736602	0.0
17.0	28.654877489583125	26.738056314254006	19.142584913309012	25.463484452773518	9.968300803445045E-4
18.0	26.080633236417526	25.262449956270366	19.90958006769949	28.74713056501324	2.0617459937182726E-4
19.0	24.734870193957768	24.47893659054072	22.760108843626785	28.02555066368666	5.337081880689125E-4
20.0	23.26957468917304	24.96252628866967	23.684119340267006	28.083698150834895	8.153105538282295E-5
21.0	24.407425529226114	24.02429757850498	23.15844218125731	28.40959168662167	2.4302438992777317E-4
22.0	23.145157173856862	27.00188622293604	25.11980309006162	24.73299274409063	1.607690548507842E-4
23.0	26.004807530838725	23.56633704853431	22.681437909123915	27.747057666380393	3.5984512265920747E-4
24.0	27.783988025585167	21.70216021487986	24.062001528513758	26.451770951261977	7.927975924322712E-5
25.0	25.051972031311237	24.591704423454054	20.079228387135284	30.276938083580923	1.5707451850769782E-4
26.0	26.479641635605844	25.420937163979673	19.33117967862347	28.768124347976542	1.171738144646387E-4
27.0	25.555229048302376	25.075393296173864	19.859361980577408	29.510015674946356	0.0
28.0	27.27280082977959	24.112733818604386	22.554122928826057	26.057837980294273	0.002504442495688506
29.0	27.534847677998485	23.28926197170195	22.10771430152904	27.0678324868349	3.4356193562794533E-4
30.0	23.53397927146281	24.15876376803733	24.805966310721704	27.50102512300528	2.6552677287484694E-4
31.0	25.993698854151802	24.828975909026735	22.1356626282256	27.041209614645595	4.529939502657942E-4
32.0	24.32915104343884	22.24077607249552	24.556775717639095	28.87311000586561	1.8716056092768754E-4
33.0	23.883959378659103	25.209139356487437	23.94168881607164	26.965064044058394	1.4840472342553718E-4
34.0	27.18567513645165	26.56110183553333	22.177967855519967	24.07518152432562	7.364816943792454E-5
35.0	25.959298824439685	22.536743103026676	25.319656784563332	26.18404581072056	2.5547724975090967E-4
36.0	23.9225579280322	24.03567539735155	25.636823638123285	26.404651308654614	2.917278383477702E-4
37.0	25.659150014909844	25.603885162845398	21.104538790020538	27.632426032224224	0.0
38.0	26.886495560404413	25.1129898306419	21.225505506716704	26.77493621145034	7.289078664101397E-5
39.0	23.503051887739502	27.00258383809454	21.56245866533157	27.931723417458382	1.8219137600765495E-4
40.0	27.18274021054104	26.279958232807648	22.274147842161984	24.2631172811394	3.6433349922652E-5
41.0	24.918198330524646	24.0468129224416	21.88616325944772	29.144089697324716	0.004735790261320906
42.0	24.641827861734555	25.873301842257103	20.162472389455832	29.322361481032505	3.6425520010723674E-5
43.0	26.457582517641704	25.759344411563852	22.351814249943093	25.427908035511038	0.0033507853403141365
44.0	28.895634966011862	24.8716841262685	22.470627737205014	23.76190750186274	1.4566865188761082E-4
45.0	26.174528657417806	23.952348511136755	21.255393963712656	28.614269739877223	0.0034591278555555598
46.0	25.461673650495907	24.319490800023154	22.346785078040604	27.87205047144033	0.0
47.0	26.342534091004243	23.72887526353019	22.253251828738417	27.67402821934595	0.0013105973812079993
48.0	22.16825516865149	23.87298486370933	22.605701283988054	31.353058683651124	0.0
49.0	22.68441946592401	26.041308446517252	23.653028554626506	27.619969861289878	0.001273671642355914
50.0	27.861210469436248	24.4951040503022	19.45091132709165	28.19270137799788	7.277517202231286E-5
51.0	24.918685639774836	26.976648407621067	20.607423728221576	27.49542311117838	0.0018191132041423391
52.0	23.401982742434154	26.044767690385072	21.39247397546141	29.16077559171936	0.0
53.0	22.94159670722199	24.891479755580136	23.829522583452704	28.336131711120377	0.001269242624793748
54.0	23.65265693633412	27.686264043303837	22.35832132725517	26.30261264106764	1.4505203923222506E-4
55.0	24.409829178741585	27.619824369881997	22.72900791670722	25.240216829271734	0.0011217053974654522
56.0	26.866848288163126	25.03442487129114	24.7856902521355	23.31303658841023	0.0
57.0	22.84819912410745	27.263295211097628	22.533866132998778	27.349755776036027	0.004883755760118599
58.0	25.597587152120393	24.988840795591592	21.786745975994506	27.626536696600585	2.8937969292473884E-4
59.0	27.970367487569632	22.112296689707506	24.316686806753903	25.598478877864988	0.00217013810397204
60.0	24.13908673183596	21.934774608317912	23.66897071787947	30.25709571088208	7.223108457501577E-5
61.0	25.62558163301787	23.31649178103117	23.19154337641646	27.860171901559433	0.006211307975066654
62.0	26.15077016517648	21.53544832507084	23.802558081507478	28.51107898955022	1.4443869498194698E-4
63.0	26.91110043942474	23.32829035973613	22.216441056785808	27.54214614031984	0.0020220037334854647
64.0	25.857789726746645	21.001009726321268	23.88130722969093	29.259857268461392	3.604877976682928E-5
65.0	24.68555964147996	26.722221941870615	23.131686836362693	25.456061974686172	0.004469605600559998
66.0	25.095992517395434	23.776372486650434	22.380160284886834	28.746825930324555	6.487807427458203E-4
67.0	26.626739730293146	25.003676247978063	20.9967101184761	27.372297236903187	5.766663495001744E-4
68.0	24.33163752949877	21.996891907281963	26.073488516923682	27.597765806078655	2.1624021693218565E-4
69.0	23.322790900159937	24.542078075030506	24.813411185886785	27.319233189347912	0.0024866495748549996
70.0	26.134919069577272	23.395968091401063	24.028842125569923	26.43994679020859	3.2392324314830357E-4
71.0	24.613582137822878	22.414299964571708	25.449359616556034	27.522148067291504	6.102137578793851E-4
72.0	27.44446661680279	25.6869443252082	22.025861264523094	24.841256282633445	0.0014715108324731576
73.0	25.233846748967707	22.512084818181393	22.701552088607528	29.54910736873381	0.0034089755095610998
74.0	25.201108455416744	24.783823209684492	23.617498211532155	26.39678082963382	7.892937327924997E-4
75.0	25.923756190571858	24.22714936834194	22.142058938010873	27.705241784319668	0.001793718755661425
76.0	26.929418010675544	24.2955073753085	24.43835016931642	24.335791769500087	9.326751994490041E-4
77.0	24.916315740388686	23.86572496466824	23.37599449039765	27.84149849705509	4.66307490333087E-4
78.0	27.257330088468596	26.448648580790135	19.743866111668062	26.549545461882108	6.097571910996971E-4
79.0	26.741539826684402	20.95331827166454	22.462629474698296	29.840468018821465	0.0020444081312926076
80.0	24.296239124836724	23.212470689332388	28.266673457105824	24.221962719054428	0.0026540096706374
81.0	25.473899017503467	24.139898612239335	21.971771380820964	28.414215804942426	2.1518449380537638E-4
82.0	23.757987115894903	22.057045678933093	23.42019447015615	30.763517533550637	0.0012552014652146017
83.0	25.819045880626955	22.397516387731265	23.743965882965114	28.03900565138699	4.6619728967240315E-4
84.0	24.138163495238373	25.085719285386947	24.646419153500094	26.12851474170902	0.0011833241655592427
85.0	25.698658546904962	26.642896379812086	21.089555942165344	26.568494712641037	3.9441847656939116E-4
86.0	25.96330462723968	24.682125338508772	22.481428403938086	26.871169647527797	0.001971982785665908
87.0	22.928706154573668	21.90879369753759	25.02202197788015	30.139653578244257	8.24591764335976E-4
88.0	25.154711466968	26.087138890063976	25.384367742578473	23.37292149598514	8.604044044101462E-4
89.0	26.852479526230983	25.780512592555414	22.798305816898452	24.56798510151297	7.16962802177416E-4
90.0	24.30320786241561	25.643829016764307	24.685546032748597	25.367381241627612	3.584644387145895E-5
91.0	26.982579985855804	25.42098337644816	23.290608017601027	24.305219265498305	6.093545967022446E-4
92.0	26.103612160486307	23.59348678504097	22.23625637092207	28.06660884151368	3.5842036974645344E-5
93.0	26.7586774418768	26.1036490343743	21.020333263085156	26.117268578850712	7.16818130337607E-5
94.0	28.041233122976838	23.562818796179748	22.70273214956433	25.68909433929805	0.004121591981030641
95.0	24.637384581641154	26.081144428309088	23.401775589868272	25.877580920078387	0.0021144801031006163
96.0	27.021609948704057	23.835162054905368	23.62684619172227	25.51527088229455	0.0011109223737615903
97.0	25.627705472579766	25.695897715219445	22.960002006708137	25.716287303270935	1.0750222171258207E-4
98.0	28.87074506223513	22.51945418980381	23.678446259065993	24.93131865670866	3.583218640476683E-5
99.0	22.60855108522421	21.472376371578935	26.461620154327715	29.457452388869143	0.0
100.0	22.551407832786293	24.66246731084178	24.22030602677188	28.565818829600047	0.0
101.0	23.99276755876806	21.473486303215118	27.933638375072366	26.599964461156617	1.4330178783310502E-4
102.0	25.567577075592997	23.83001544395735	24.502513628549003	26.09985802736493	3.5824535722973166E-5
103.0	25.770517802146166	25.265476884197312	25.047393475262453	23.916361126641313	2.507117527580979E-4
104.0	26.81591216605818	26.28979957581501	22.50522710228359	24.388738826822646	3.223290205710381E-4
105.0	27.680576417675034	23.547190651478328	19.954966473768167	28.813864051326902	0.0034024057515699415
106.0	26.095621738991852	23.291848612223806	24.705249092764213	25.907208929785874	7.162623425431539E-5
107.0	26.38173489555896	23.839423623404162	22.469068068692184	27.309272040914774	5.013714299220618E-4
108.0	24.39235716405775	24.328913906568705	24.457697990760625	26.820851922649354	1.7901596356953534E-4
109.0	26.850335438572376	24.083240170867658	25.045793692301473	24.020201130693426	4.295675650714317E-4
110.0	25.55929834960321	23.907290860197158	22.281663089118705	28.25167611432834	7.158675258508712E-5
111.0	25.286257048825927	23.32251812427409	24.425562071723984	26.965197456606433	4.652985695648206E-4
112.0	25.810091735239045	24.063643469447353	23.676653324400313	26.449468313548984	1.4315736430113438E-4
113.0	28.409044142460882	21.11415257776526	22.99184171999174	27.484281613648164	6.799461339515356E-4
114.0	26.563972850698164	21.717508980698742	26.95179445776906	24.766473203198196	2.505076358306082E-4
115.0	27.389266752916292	23.283784533402045	25.692690075745784	23.63386496744166	3.9367049421751727E-4
116.0	27.044083227759764	24.346195414886232	24.28986565316041	24.319748341242402	1.0736295119280239E-4
117.0	26.72200640242211	25.930417946823038	23.698517136052363	23.648593274414825	4.6524028766164864E-4
118.0	27.255467963794555	24.380877193233598	24.989836365484297	23.37349639047825	3.220870093004413E-4
119.0	27.76996208264516	20.666550952228427	24.528860314182594	27.034268771237922	3.578797058944577E-4
120.0	25.386397601951423	23.21713848902326	25.28776726102541	26.108625073006493	7.15749934151006E-5
121.0	27.83337765019928	23.193097591464824	23.8496910285366	25.123332704666083	5.010251332100572E-4
122.0	27.16517793237711	23.372376821552294	24.77436370923874	24.687616307366373	4.6522946548713105E-4
123.0	24.626799973947392	28.07508447414887	22.55525979960964	24.74242631370632	4.294385877768894E-4
124.0	25.129170808935992	24.715588030469927	22.31475377921687	27.84027266331277	2.1471806444547988E-4
125.0	27.60331992200123	23.438602091394834	24.07777260473883	24.87962545130391	6.799305611967923E-4
126.0	24.494700799890065	23.846865713516824	24.637129327966377	27.021053656190414	2.505024363151235E-4
127.0	26.888328880382993	22.031511572064435	27.04360360463527	24.03594758377642	6.083591408823784E-4
128.0	26.66264670043677	23.165920229317006	24.825641420205162	25.336952495808557	0.008839154232505543
129.0	24.54815472207212	26.417194204184753	22.097422372362164	26.93450900541434	0.0027196959666193105
130.0	26.411388806084187	23.952321666995303	23.90680194231806	25.72945179865538	3.5785947073299996E-5
131.0	26.35573416738537	24.04746653115707	24.39315915101328	25.203353862560345	2.862878839388919E-4
132.0	26.50625002236624	24.353651423029714	23.13914664738995	25.995476651433762	0.005475255780331307
133.0	27.272961507011335	24.925771318044447	24.70858733791272	23.090997904741798	0.0016819322897003118
134.0	27.76199454849368	22.445433942980696	20.590010867943217	29.202417500072464	1.431405099452237E-4
135.0	26.81090288388937	22.46191612780865	26.016410865667794	24.710448060290073	3.2206234411287927E-4
136.0	27.63953784223554	25.57623896163011	24.878858397176984	21.899531823177096	0.005832975780267866
137.0	28.335818617552157	21.77413150141584	24.13495469053112	25.754987834811082	1.0735568979788143E-4
138.0	25.72116021146542	23.919682071885934	26.37538762339002	23.982517675197183	0.0012524180614429145
139.0	26.36826281524167	23.570368875424837	24.831908085659425	25.22842250882237	0.001037714851703391
140.0	27.111635303396163	21.78282551410524	25.43974659374414	25.665327399909255	4.6518884520089723E-4
141.0	25.455507075805066	25.463630107893188	25.15957106096461	23.920898128231542	3.936271055919024E-4
142.0	29.125264089043096	22.4396603056276	23.413569166995885	25.021112809678396	3.93628655020984E-4
143.0	27.719074124768074	24.518910949725267	24.002834092848747	23.75910926465668	7.156800123096962E-5
144.0	28.79871320733787	24.759415217861942	23.31363424099451	23.12777214179768	4.651920080013025E-4
145.0	28.947750741975675	22.67421846540751	21.96122761101366	26.415729669651743	0.0010735119514085549
146.0	28.902407997243216	21.87794656982147	23.79348756853934	25.421613325589725	0.004544538806246272
147.0	27.151906728791175	23.878668991624213	25.87970455910911	23.086320310970827	0.0033994095046774087
148.0	24.818255597255263	24.81714630871715	23.84719872438975	26.51682683361817	5.725360196723377E-4
149.0	28.500667557220083	24.19752679980118	23.818176808371536	23.481517557416897	0.0021112771902980017
150.0	25.91772468974994	23.877803701530137	24.576420995376665	25.62794326038103	1.0735296222607102E-4
151.0	26.679024428647345	24.10357617647743	25.07267043960114	24.144299534973598	4.2942030048685525E-4
152.0	27.855161875588223	23.13076369778452	23.332486410466537	25.681337517848007	2.504983127149365E-4
153.0	25.599997996010632	22.765104533095524	24.762008369518462	26.872316532983874	5.725683915050891E-4
154.0	23.081434880009162	24.967971428366937	24.88337305591938	27.064930324436904	0.002290311267615714
155.0	27.91237050683592	23.378767773325947	23.63936449042284	25.06935408373164	1.4314568365662788E-4
156.0	25.751439894470963	22.7387376167644	26.337883306815087	25.171688672162134	2.5050978741739436E-4
157.0	25.322034019618723	22.582356035744578	26.276451452436593	25.819015342110816	1.4315008928986818E-4
158.0	25.426149682593195	20.79445824681502	26.06142854177537	27.717856163790355	1.0736502605749183E-4
159.0	26.797704452767523	21.35012821636982	24.117024950744515	27.73478448376135	3.57896356794036E-4
160.0	27.30846853927477	20.95662565482409	25.888891155593395	25.845978860236553	3.5790071190030604E-5
161.0	25.44722139705014	20.406438012476602	28.31118491927431	25.831397658579185	0.003758012619764283
162.0	26.2083173465122	23.10627752357937	24.13402730453606	26.55134203398178	3.579139059574054E-5
163.0	25.724652205597064	23.69368608378563	27.084404121562322	23.49722179669078	3.579236420019099E-5
164.0	25.7830625827267	23.200629385096775	25.10578637701971	25.908409864852576	0.0021117903042338175
165.0	26.456654638468592	21.470995767997643	26.37940976757455	25.69247449541166	4.653305475544553E-4
166.0	24.710521040649475	23.64059077046434	25.7393579702467	25.90935124067525	1.7897796423304362E-4
167.0	27.381064885414208	22.290892559261724	26.137481475117593	24.190203111464307	3.579687421694338E-4
168.0	25.812258989262	23.8628374150332	24.349369452188768	25.975462547307192	7.159620883754964E-5
169.0	26.87491318686197	22.482096803987748	25.210463685974865	25.432311527782353	2.1479539306840946E-4
170.0	31.59641807545126	22.302001935382012	22.719258268244808	23.382178518405283	1.4320251664102745E-4
171.0	25.698556434251902	23.34483646259263	26.69667576391268	24.259286906231058	6.444330117254586E-4
172.0	27.63019066526083	24.65165236662293	23.705969858025895	24.012008098485023	1.7901160532237306E-4
173.0	28.896543526532376	20.380848655139598	23.043395136118647	27.677995387167847	0.0012172950415276624
174.0	25.012683281018898	25.10577158207506	23.834400208804222	26.046500470632967	6.444574688503272E-4
175.0	25.439762657598997	24.459787169517856	23.10830179234903	26.990644581831173	0.001503798702937814
176.0	24.984290134275938	23.87280146919022	27.701282318908664	23.440086421269317	0.0015396563558625637
177.0	23.124652862703194	25.32745946886695	23.764800000572965	27.758844010867744	0.024243656989138343
178.0	24.793626649536623	22.772181151651736	23.88699470128769	28.546875234983105	3.2226254084677706E-4
179.0	28.58435084284057	23.537047707071853	23.33740731045532	24.540084031597257	0.0011101080349977673
180.0	26.97010298840869	22.462358573140584	25.035165985606177	25.532192942963967	1.7950988058284704E-4
181.0	27.73558773956331	22.118779046214776	26.248809754459852	23.896320222689592	5.032370724686546E-4
182.0	26.383010977728777	22.69173665377388	25.1844739085406	25.740634767705313	1.4369225143126462E-4
183.0	24.334533834224548	23.963786685863187	25.927047479055894	25.774380549442892	2.514514134802384E-4
184.0	26.27694644280552	21.785941492394052	26.51762387433908	25.415752301971867	0.00373588848947611
185.0	25.38481541502885	24.154691917798772	24.16151615980507	26.298545502609016	4.310047582925315E-4
186.0	27.579709233932885	22.66121891865195	25.294313089860903	24.46475875755426	0.0
187.0	25.243556688514012	23.09943760987976	26.644225743171223	25.01227631475284	5.0364368216774E-4
188.0	28.389145581699726	26.765307220101402	21.89091400988708	22.954021586660176	6.116016516122719E-4
189.0	25.246916689452704	22.76591304848389	25.41957488451077	26.567019730309266	5.756472433692633E-4
190.0	28.53368987882395	21.365060221022702	25.636050145686156	24.465091812142937	1.0794232425730284E-4
191.0	27.177712400755937	23.44482057250334	24.367153030873528	25.009989713027704	3.2428283949260543E-4
192.0	27.647907751903066	22.436142516102876	24.33375073194901	25.58219900004504	0.0
193.0	27.454006965627396	23.752508317812516	22.55828235009197	26.235058210271994	1.441561961216217E-4
194.0	28.320328690105057	23.220262015028922	23.319842142252174	25.139567152613846	0.0
195.0	26.80728157212059	20.74216439443447	24.867254372378383	27.582758982385048	5.406786815081763E-4
196.0	28.65202450450763	21.94864948143396	25.963341493555447	23.435731658374596	2.5286212836943305E-4
197.0	25.475697835275433	23.45588556733472	23.98040233666115	27.087400072474217	6.141882544805936E-4
198.0	28.214712929480495	22.977256231216618	23.125388512547826	25.68242523010436	2.1709665070523845E-4
199.0	26.03664088051773	23.453084769548376	24.92472193871634	25.58518997471643	3.6243650112500293E-4
200.0	27.983327878175636	23.484290776941318	23.06284812877217	25.469388228530875	1.4498758000142814E-4
201.0	25.643036056707665	21.151262727869184	28.57697982027832	24.628648897491946	7.249765288848773E-5
202.0	25.666984960438043	25.33843183401741	27.81662798563545	21.177955219909094	0.0
203.0	26.367082814448082	23.934384376652304	22.363222815913176	27.33469349566312	6.164973233136803E-4
204.0	24.925468514709	23.575995276408445	24.96235343954644	26.53603769588543	1.4507345068808338E-4
205.0	27.436859243827016	23.793602974726287	25.09936186433977	23.669523055797153	6.528613097703597E-4
206.0	26.220783535908552	21.037885459998346	25.650999914394617	27.090222269297122	1.0882040135865899E-4
207.0	27.10691415471474	22.954089571537253	25.779706710482447	24.15910816651786	1.813967477014311E-4
208.0	28.810828640030017	21.874198304205887	21.737145743442106	27.5777910262323	3.628608969123078E-5
209.0	27.900136930471042	20.369795743868522	24.859975618899963	26.869511031558606	5.806752018662901E-4
210.0	24.9463148541245	23.8178378425468	24.39193132947507	26.843552991122895	3.629827307336026E-4
211.0	25.836297536936513	25.052346316769015	25.442797012474887	23.667760369145462	7.98764674123982E-4
212.0	28.959097369349163	22.05199991137576	24.938389806468624	24.05022234151788	2.9057128857833277E-4
213.0	30.682367819057603	22.5316018700385	22.667948245067347	24.117791348619004	2.9071721754551086E-4
214.0	28.528498498356537	24.169241527323585	24.217859938974257	23.084400035345624	0.0
215.0	26.7723928538234	24.554840144119055	22.86594266948295	25.80656919008662	2.5514248796729806E-4
216.0	26.40955404455141	24.188088632063952	25.413679066250438	23.98864147912333	3.6778010868637776E-5
217.0	29.57421472052922	23.326314385879137	24.279483746228937	22.81932043995281	6.667074098972715E-4
218.0	25.005967614623962	24.26045471915976	24.793001286165705	25.94027753236987	2.98847680699184E-4
219.0	27.05418890654562	22.891215023392128	24.184533586846925	25.869384505111764	6.779781035671818E-4
220.0	27.396582594362922	21.16914788762758	25.4896569356814	25.94434783134909	2.647509790112988E-4
221.0	26.30455136134962	22.224252884460522	23.90956293422063	27.561518595218327	1.1422475090437447E-4
222.0	25.43292979585374	24.49951078990713	24.17258932407536	25.894777941659104	1.92148504661907E-4
223.0	31.09909381971757	22.31234327208064	23.668057990253093	22.919727714567394	7.772033813010306E-4
224.0	30.579576050275197	21.984847033387776	24.50810881537229	22.927195509562896	2.7259140184411975E-4
225.0	31.182022711237135	19.16672735630456	24.35635702421869	25.293914043112352	9.788651272642128E-4
226.0	25.71302584839923	21.6897843763285	25.997230783115217	26.5998006607171	1.5833143995319722E-4
227.0	27.93741041376364	23.192084868859723	25.282862926570232	23.586324199363563	0.001317591442842484
228.0	27.596188313896096	27.633760854791362	22.486643884968615	22.283166096722802	2.4084962112347515E-4
229.0	27.561678201146194	25.326276280702803	21.72180022687999	25.39020490679465	4.038447636882173E-5
230.0	26.289755840087313	22.438533047979256	26.682043147130713	24.589667964802718	0.0
231.0	25.120807922910004	24.688215391260528	24.47887121157584	25.710542283287225	0.0015631909664016784
232.0	26.35955885665818	24.252426052770705	24.066212009545072	25.321389731318554	4.133497074930795E-4
233.0	23.923706952039737	25.08091737566895	22.41591029539858	28.578922026746202	5.433501465373549E-4
234.0	27.78279910547894	20.724638294988647	26.485192965811677	25.00609900721716	0.0012706265035746958
235.0	25.877475116249627	21.437363776650162	28.4560954495841	24.22859518440835	4.7047310775716057E-4
236.0	28.228278248708875	23.41363308669094	24.416078689594087	23.94179308932827	2.1688567782413349E-4
237.0	27.919902406573133	24.01813223629603	22.26282301487985	25.798967506301747	1.7483594924337558E-4
238.0	26.858973025072906	22.414421338735963	24.847641492517887	25.878875595321638	8.854835160602359E-5
239.0	28.523545681495715	23.152535067080944	24.110616210779646	24.21191113346145	0.0013919071822410603
240.0	25.75909314652583	21.246013511432874	25.860619628667695	27.133997951086204	2.7576228739302147E-4
241.0	28.98661105041634	21.438334163220564	23.85201745432322	25.72110450780631	0.0019328242335661622
242.0	27.68148442251886	24.027747611649644	21.036943169781424	27.25281029186824	0.0010145041818323513
243.0	28.31337527907449	23.165736842178262	24.393179139814876	24.125073452821212	0.0026352861111637654
244.0	26.29080685070044	22.70757308252334	25.90151828562931	25.09912890718922	9.728739576929545E-4
245.0	28.364318980335394	21.499649302294923	23.626813079283675	26.507918898080423	0.0012997400055795982
246.0	24.370870597163734	26.348845255278942	23.583354414368834	25.695116144104997	0.0018135890834957815
247.0	25.561699995614816	23.001919217459374	25.032958851119297	26.268600874610815	0.13482106119569953
248.0	26.32357927557743	21.818986832162143	24.959624048281135	26.88823544247279	0.009574401506497049
249.0	25.777784441827762	21.825523821661903	28.424104722630005	23.95674948258598	0.0158375312943527
250.0	27.794368861103518	21.919951466385683	23.914262290001492	26.37033739689659	0.001079985612713403
