# Position (bp)	A	C	G	T	N
0.0	25.552118063585304	22.483382589214447	24.203605542637142	27.760893804563104	0.0
1.0	23.483382623272185	30.488133552972684	23.766432161775743	22.186092381471497	0.07595928050789384
2.0	24.558847669074197	26.170170136340815	20.969883357151133	28.300434996717005	6.638407168514155E-4
3.0	26.09108056412495	21.251166818222384	23.13622647971847	29.513626748418314	0.007899389515881993
4.0	26.492216252955508	22.38607578156822	23.824122746762498	27.29758521871377	0.0
5.0	29.221629769103803	22.562130327111973	22.025551597396202	26.189965965715306	7.223406727158685E-4
6.0	27.4289762068417	23.144166669167944	23.269210566599533	26.15098315239087	0.006663404999954978
7.0	26.52883589970153	23.87732506244826	22.46596742200037	27.127212214981466	6.594008683709981E-4
8.0	28.30259810747525	23.97227935355194	23.705748485579267	24.01937405339354	0.0
9.0	27.464784109659345	24.825942049309706	22.163229866297478	25.545626247586878	4.1772714659537457E-4
10.0	25.426401886573075	23.237583588483794	22.657957265900073	28.67805725904306	0.0
11.0	27.346124223429573	22.39741614895305	23.21081422162009	27.045529413402246	1.159925950327331E-4
12.0	30.7558669514856	23.702020493916315	19.038215368663316	26.503897185934765	0.0
13.0	26.24830537173094	21.965213826128025	24.785233827555082	27.00102045785826	2.2651672769404837E-4
14.0	27.037613681296957	21.962788471907686	22.933685161220748	28.065912685574606	0.0
15.0	26.356483865656806	23.511832664706887	23.18904047624459	26.942642993391715	0.0
16.0	27.484174138017686	25.18928757945708	20.68036456842432	26.64617371410091	0.0
17.0	28.42984424656913	26.02963504545588	18.642274101489225	26.89707251860529	0.0011740878804778537
18.0	25.73070309899527	25.786409537196636	19.183102981115994	29.299678376149373	1.0600654272381692E-4
19.0	24.765729373187952	24.056126848703396	21.56502852597929	29.612587823465407	5.274286639546285E-4
20.0	24.115788262129726	24.233554111602892	23.015925332998506	28.63473229326888	0.0
21.0	24.225102510666826	22.781586018012774	23.448515998939815	29.54453562278153	2.598495990520687E-4
22.0	23.6273237217826	26.695539390534464	24.941259029800335	24.73587785788261	0.0
23.0	26.327306053472054	22.947026673494065	22.169872006798695	28.555436469066812	3.587971683727472E-4
24.0	28.899384283704528	20.80458265072666	23.191219191347084	27.10481387422173	0.0
25.0	25.50046484202152	23.706039028648433	19.122962894506728	31.670332330654112	2.0090416921354556E-4
26.0	26.980480826588515	25.117466552596063	18.563340435245017	29.338712185570405	0.0
27.0	26.095037386412027	23.48332447336374	19.212935489115203	31.20870265110903	0.0
28.0	27.835841264654825	22.404455195581132	23.171123556851573	26.58571725420883	0.002862728703642921
29.0	28.80448772480178	22.711923742804064	21.466335935090576	27.01686034795459	3.9224934898865856E-4
30.0	25.03450772471192	22.671757845178348	24.12641739900674	28.167024695983656	2.923351193385041E-4
31.0	27.591900299420395	23.57104968124649	20.763181978039913	28.073430860313874	4.3718097932425424E-4
32.0	24.966180121597837	21.853982674998655	22.60234356384655	30.57720540195694	2.882376000184472E-4
33.0	25.112887660395796	24.40479906592163	23.72058665840611	26.761583644097076	1.4297117939308734E-4
34.0	27.109103120425715	25.08539448304612	22.22874992496818	25.576563415004188	1.89056555796025E-4
35.0	26.153143389349008	20.869447719896055	25.86817130679454	27.108910298549755	3.2728541064500473E-4
36.0	25.550707513561825	23.44085147377829	25.59397079868416	25.414143169703742	3.2704427198309834E-4
37.0	25.79283514194508	24.235023784003417	21.144621219020664	28.827519855030836	0.0
38.0	27.20170855805862	23.915003532258886	21.229506244837605	27.653688280604698	9.33842401954719E-5
39.0	23.603100031183306	27.13955742115946	21.067822751861197	28.189473114203718	4.668159232778694E-5
40.0	28.386135873443802	25.649119547962897	20.85430008882234	25.110257790158037	1.8669961292502751E-4
41.0	24.939843153506832	23.986107455342058	19.938331065200874	31.130724700989205	0.004993624961031057
42.0	25.759655875281855	24.74847686173787	19.475777248495525	30.01604334970956	4.666477518777906E-5
43.0	26.453379320384546	24.20684467985435	22.662293790814907	26.673749493750503	0.0037327151956969263
44.0	29.962613212361994	23.620061785701957	22.627870371320686	23.788988112177158	4.6651843820823334E-4
45.0	26.27097060686602	23.650711762198007	21.143474727987336	28.93087804372913	0.003964859219510466
46.0	25.675855310689847	23.39822956016058	21.699058809591662	29.22685631955791	0.0
47.0	26.877333024906118	22.422363087232046	22.368823605128597	28.329801344270063	0.0016789384631743503
48.0	22.710018508762523	23.2561435571324	22.658408432909233	31.375429501195846	0.0
49.0	22.242340358779305	25.510941878423782	23.313848679809446	28.930864520977273	0.002004562010193431
50.0	28.110931179373296	24.025361984432642	18.65756939258588	29.205950985848787	1.864577593930427E-4
51.0	25.814081823461255	25.528094014297526	20.847793522021902	27.807840055631527	0.0021905845877925713
52.0	23.72543461390114	25.12586492929537	20.917092257575828	30.23160819922766	0.0
53.0	24.13674253900398	23.951254177425827	22.734044711774988	29.176290844268532	0.0016677275266766918
54.0	24.268977133126672	27.86623407184508	21.695272647765655	26.169330855363	1.8529189959402544E-4
55.0	25.36096613380474	26.59110634935094	21.760622288274433	26.285733046209675	0.0015721823602063997
56.0	28.053912024696963	24.1280861379185	24.0176766193974	23.800325217987133	0.0
57.0	24.514050758961965	26.585766816483485	22.095839000391106	26.798842024773865	0.005501399389575819
58.0	26.365680327861273	24.44921173326233	21.345373896274026	27.839410470963145	3.235716392231692E-4
59.0	29.21451715037139	21.3219259444144	22.89062680551511	26.57001816492644	0.0029119347726610924
60.0	23.506411309147072	22.18452281001526	23.40293910870901	30.90598837863721	1.383934914463596E-4
61.0	26.218377311232526	22.890663739163124	22.775808426874296	28.109292440537004	0.005858082193044565
62.0	26.021973054872678	20.3638191789162	24.540821268293584	29.072925266706946	4.612312105935584E-4
63.0	28.002296820195415	22.22145866530764	21.697387021121063	28.07659756989044	0.0022599234854477073
64.0	25.7437832373571	21.08109052794824	22.478307040858233	30.69668121985556	1.3797398086668817E-4
65.0	24.074378101559386	25.790763992456235	22.949251578860718	27.180501731193818	0.005104595929843537
66.0	25.27796695436325	23.003510024008694	22.064085414109716	29.653701849832775	7.357576855638364E-4
67.0	27.005524760260354	24.0014162514858	21.223448158528203	27.76901306124138	5.977684842660438E-4
68.0	25.108834391483793	21.389245488453533	25.679444783673826	27.822015537523264	4.5979886558423887E-4
69.0	23.509416594595614	22.721485725793436	25.727503831145455	28.03878916952537	0.002804678940125622
70.0	27.128333175687523	22.07093326623438	24.011216422591165	26.78919572170709	3.214137798352341E-4
71.0	25.040379519452845	22.1361188912111	25.20377305497881	27.618950905548743	7.776288084942682E-4
72.0	28.404677269159773	24.693377802089643	21.502110314470702	25.397776440218735	0.002058174061152468
73.0	25.633296654949707	21.89562301573146	22.35936218028752	30.10737345271644	0.004344696314874319
74.0	24.90533836732006	25.541766358627655	22.974972744766628	26.576733542594994	0.0011889866906659057
75.0	27.16750265337563	23.97339170683503	21.00467478829012	27.8520529879456	0.002377863553616479
76.0	28.548473976714345	23.00690558345367	23.841913260896803	24.601792653249355	9.145256858256749E-4
77.0	25.914076824244308	23.644373522566724	23.09281367308774	27.34782151462916	9.144654720699382E-4
78.0	27.97320553336552	25.944600506225402	19.18508317605232	26.896333523533627	7.77260823128356E-4
79.0	28.085785177697282	19.509461963551175	21.578379238406917	30.82367614577518	0.0026974745694441967
80.0	23.699276884582694	22.059980588303333	29.206557185185115	25.031396567796243	0.002788774132611239
81.0	25.100713727971442	24.460406658535202	21.15788328362412	29.28035629709955	6.400327696778075E-4
82.0	23.08182506390869	21.9440401262448	23.039630701038995	31.93308696335902	0.0014171454484945343
83.0	25.261749948801963	21.675144817296157	23.30580220005266	29.756434495772506	8.685380767092829E-4
84.0	23.607502591734605	25.386291872283707	23.658057414920712	27.3467311233044	0.0014169977565725842
85.0	26.186624786374402	26.015678599228547	19.77221192025132	28.02470766602234	7.770281233902377E-4
86.0	26.746270430363083	24.383752605214084	21.139392665179717	27.72807049617902	0.0025138030640974073
87.0	23.509740519418195	20.921058945852998	24.840575404760003	30.727802470264283	8.22659704528056E-4
88.0	26.162168683839027	26.412291048653895	24.527118830745355	22.897644517302222	7.769194595017023E-4
89.0	26.47735716786141	26.517847105243675	21.76763711510567	25.236290317421002	8.682943682427275E-4
90.0	24.116207313818606	24.57551446422239	24.06589419347291	27.24215554020114	2.284882849486541E-4
91.0	28.453058870729684	23.947666400721616	22.93369377569774	24.665078307565906	5.026452850501412E-4
92.0	26.477850631696786	23.088209088209087	22.568687030225494	27.865253249868633	0.0
93.0	27.539882413358896	24.999954310444082	20.32180068022611	27.1380427690795	3.1982689141054623E-4
94.0	28.669253219637092	22.431554727891097	22.39185180988653	26.502268868708985	0.005071373876302338
95.0	24.47367531379377	26.237974322683332	22.88001323064356	26.405733035217448	0.002604097661885787
96.0	27.06381489623364	23.697506939381146	23.561186245863325	25.676395505437295	0.0010964130845937516
97.0	26.03716318691961	24.09271062123809	23.70879944158374	26.16118970438291	1.3704587565005426E-4
98.0	29.775538040861598	21.73130526698539	22.67651403789423	25.816596974345245	4.567991353705965E-5
99.0	22.73669711866048	20.952003858105034	26.55726235296911	29.75403667026537	0.0
100.0	22.969301137827042	24.330300467442513	23.360708890541	29.339689504189447	0.0
101.0	24.85852048479081	21.50598225575405	27.703956312020722	25.931403954439787	1.369929946348977E-4
102.0	25.92920362064509	23.80649038351768	24.080568577542394	26.183691753817325	4.566447751161476E-5
103.0	26.17719001290828	25.307581914160615	23.982690940505474	24.532354489611503	1.8264281412395144E-4
104.0	27.079441802020803	26.10104747732886	21.426004705680377	25.39314073801469	3.6527695527046705E-4
105.0	28.429906934651523	21.936290737207965	19.37993876006016	30.250393365703626	0.0034702023767233434
106.0	28.06176193000552	22.134326170604183	23.878366475852328	25.925408442678304	1.3698085966447907E-4
107.0	26.713276048722513	23.89324405956394	22.258856490315356	27.133710208176094	9.13193222097267E-4
108.0	24.635357264501472	24.16417301228275	24.11970271561017	27.080630035439263	1.369721663426514E-4
109.0	28.185875696928857	23.259572556388918	24.642609951769693	23.91102868799319	9.131069193416135E-4
110.0	25.575094013324623	22.686372827375695	22.496953726315194	29.241442470510837	1.369624736518441E-4
111.0	26.328536711528372	22.80140123020817	23.464807855873985	27.404158492595514	0.0010957097939563389
112.0	26.463879854566173	22.709061126399966	22.98722797355018	27.83960277792488	2.2826755879715779E-4
113.0	30.118988596926126	20.407749598030005	21.65561420376158	27.81664324694973	0.0010043543325563284
114.0	26.956242655444353	21.972993035968805	27.02189282495693	24.04836929179081	5.021918391086916E-4
115.0	28.431595450258087	22.285134082614505	25.312847259316477	23.969510118400304	9.13089410628178E-4
116.0	27.300381582155214	23.88207568274352	24.29602703489938	24.521333081319273	1.8261888260984296E-4
117.0	27.237427453787745	26.066461278858693	23.214924887961985	23.480273274139762	9.131052518161663E-4
118.0	28.324308234259643	23.304889167278812	24.055994116070643	24.314397593469238	4.1088892165854857E-4
119.0	29.30541649945694	20.62448096502726	23.311798090088264	26.757619627431616	6.84817995921224E-4
120.0	25.701854705244536	22.822028191519717	24.957187696170745	26.51879244421617	1.369628488272556E-4
121.0	28.974048641163787	22.827955315250822	22.892738979358253	25.30438962968306	8.67434544074121E-4
122.0	28.112925780659697	22.257492949785856	24.209638693930994	25.419486029459097	4.565461643502275E-4
123.0	26.532862310834677	27.03646619905296	21.262392645767097	25.167365774110078	9.130702351886311E-4
124.0	25.61181268940103	24.045290984807743	21.821235558956165	28.52152380917598	1.3695765908316892E-4
125.0	29.095946417256624	22.71391372783896	22.895831012765708	25.29307627835125	0.0012325637874585264
126.0	24.978623923949105	23.68934866537048	24.08281454787488	27.24903025884568	1.826039598581715E-4
127.0	27.241623299552636	21.735962749931524	26.697388843239295	24.323701269058706	0.0013238382178398613
128.0	27.52817759761158	22.73385465883309	23.052401886267045	26.675294558037404	0.010271299250879908
129.0	24.49432457539881	26.394958424347838	21.42760951983146	27.67991198698065	0.003195493441249712
130.0	27.841863340030248	23.415691231606882	22.336880826418437	26.40556460194443	0.0
131.0	26.48745354453858	22.97119567375883	24.19628228486231	26.34420113040672	8.673664335581335E-4
132.0	26.968286916464244	25.221052093381243	21.20251243182639	26.60143790569205	0.006710652636076743
133.0	27.708026238123434	24.83633128255742	23.499134693385642	23.954499160714214	0.0020086252192939406
134.0	27.181831212618928	22.947584558484515	20.26331430366098	29.60713297732964	1.3694790592957043E-4
135.0	27.11499300902322	21.568042083717344	26.99959510307525	24.31668508559667	6.847185875077202E-4
136.0	28.503855487244845	26.47527393770964	23.427083542556435	21.586985379641785	0.006801652847290569
137.0	30.028238091021052	20.34288327981821	23.300533447028243	26.328162588592104	1.825935403883217E-4
138.0	25.74085012100636	23.101441760384592	26.14631955354999	25.010019198518897	0.0013693665401676286
139.0	27.94142685317686	23.102797424643903	23.33244323329978	25.622510858079256	8.2163080019993E-4
140.0	29.291289270812555	19.971325294495436	24.741998401483308	25.995021866631124	3.65166577581237E-4
141.0	26.168018251183835	24.245673423219866	24.761156163928348	24.824969576795652	1.8258487229557568E-4
142.0	29.179539005926753	22.27051631774411	22.563613092173252	25.986057704597158	2.7387955872525496E-4
143.0	27.488283623273812	24.202357471481058	23.13468024687582	25.17458736489136	9.129347794828863E-5
144.0	29.06323148665476	24.231220078658207	22.05474487206173	24.650073217135365	7.303454899340133E-4
145.0	29.580581609568966	20.956495224462145	21.473898412779562	27.987929236954685	0.001095516234637667
146.0	27.762171942727143	21.559483945414776	23.893634036524045	26.77932385602179	0.005386219312243698
147.0	27.26638673988765	22.61906663787976	25.890412271985124	24.22043708927881	0.003697260968654987
148.0	24.881034489841657	24.22610225396563	22.61894382819486	28.273326026892025	5.934011058257838E-4
149.0	28.529088076511027	23.59587591972221	23.46961738551715	24.40322758077967	0.002191037469935999
150.0	26.22328591161356	23.995548450767746	23.928903025428426	25.852216964638668	4.5647551602274706E-5
151.0	28.277078844538583	23.38362305079794	23.68677646715115	24.651882554869808	6.390826425154292E-4
152.0	28.21711059993874	22.493993673899517	22.8575915260017	26.431075952920814	2.2824723923551781E-4
153.0	24.970749956062164	22.691734437447362	23.780753630862847	28.555757682273537	0.0010042933540887293
154.0	24.140034054441458	23.19248976312534	23.88092814330255	28.784174271093438	0.0023737680372133787
155.0	27.667178040161083	23.254892291957738	23.682528376663107	25.39517299947949	2.282917385785643E-4
156.0	28.381997139025728	21.852483125685165	25.032794362794004	24.732405761580303	3.19610914804058E-4
157.0	24.692808953468408	22.212268647884546	26.296110617998252	26.798537829061512	2.7395158727549666E-4
158.0	25.13655663144937	21.86924260210756	25.443343894412944	27.55081121236902	4.565966110486335E-5
159.0	27.788284952133253	20.56078479003561	22.944989995607383	28.705301003909522	6.392583142392962E-4
160.0	27.653691869690388	20.19945068869391	24.440426207126436	27.706294249126145	1.3698536311395126E-4
161.0	25.806419207393645	19.137758619902375	27.49560500276257	27.55638153598875	0.0038356339526664503
162.0	26.104951499623514	21.59117216891638	25.30019639421858	27.00363427478661	4.566245491403358E-5
163.0	25.352570600881496	22.712241017463683	27.49899996164236	24.43614275616051	4.566385194683267E-5
164.0	26.041631466900956	22.309923548392106	24.756128412398475	26.890489989871604	0.001826582436861895
165.0	27.25049649768773	21.847998871149887	25.23783711953253	25.66293686430829	7.306473215610827E-4
166.0	25.250900648503453	22.763014707661984	24.160395577517875	27.825415070067688	2.739962489913513E-4
167.0	26.53213045354596	22.325384919248588	26.36946311100151	24.772519174607087	5.023415968526015E-4
168.0	26.28296319502831	24.208958672900156	22.807930119373772	26.699919668517317	2.2834418044305165E-4
169.0	27.048813092089546	21.554149005501927	24.930752097303753	26.466057452581452	2.2835252331821791E-4
170.0	32.603405770426996	21.637046042662103	21.82215020428594	23.93721529902109	1.8268360387252704E-4
171.0	26.417699273475936	22.851894680499303	25.71775535667637	25.011782952533885	8.677368145107516E-4
172.0	28.531972569827634	23.932090279036576	23.389705603698026	24.145957592723395	2.7395471437253186E-4
173.0	29.189300490433755	19.118835450389124	21.74276105713083	29.94741374036322	0.0016892616830707673
174.0	25.782253727159247	24.211080440164107	23.779399289769227	26.22662735347267	6.391894347465203E-4
175.0	25.283665842527846	24.028783219529124	22.129291628712906	28.556569938794567	0.001689370435560791
176.0	25.928153172898494	23.021824179196074	27.353829687751137	23.69468614386534	0.0015068162889580502
177.0	23.029329957801284	25.31845395882965	23.990936477254202	27.636346698924186	0.024932907190677835
178.0	25.81045206691646	22.014233309011477	23.427107942471352	28.747841397140007	3.6528446070772035E-4
179.0	28.586178379521236	22.861289242823396	22.752058465864696	25.799149625615165	0.0013242861755026235
180.0	28.059895087347	21.024101493481346	25.446382942641794	25.469391309528994	2.2916700086854293E-4
181.0	28.28927592446672	21.79537249204112	26.164231236803086	23.7501566076017	9.637390873757981E-4
182.0	26.584842111253433	21.812451840800083	24.7024857145873	26.900128546915035	9.178644415184966E-5
183.0	24.94109321087208	23.41167377892904	25.52580103595173	26.120881229042997	5.507452041566577E-4
184.0	26.794878326519765	21.471069760012778	25.93314212198696	25.79691665966721	0.003993131813281156
185.0	26.454880763728934	23.734312134091297	22.1152156064751	27.69485721156516	7.342841395084794E-4
186.0	28.143430324938244	22.437849215215248	24.025685533505843	25.39298902981163	4.5896529029095646E-5
187.0	25.685404634252972	21.718263190593433	26.92818518603741	25.66727260176258	8.743873535976437E-4
188.0	29.204121832457357	27.44254010916689	21.0325751787999	22.320440717592803	3.2216198304507504E-4
189.0	25.74390899484147	22.31008987845605	24.13476797661172	27.809898412675032	0.001334737415727441
190.0	31.18328964417308	19.460816691944242	24.616567205742573	24.739142342275994	1.841158641132865E-4
191.0	27.622687694868187	22.73067481748509	23.700675089568463	25.945731818951113	2.3057912714732578E-4
192.0	27.941847214273295	22.125231223456286	24.038384823163344	25.894536739107078	0.0
193.0	28.3303553061618	23.85455112351725	20.849987685081235	26.96482914549223	2.767397474842051E-4
194.0	29.297557695066356	22.151639788504852	23.09887531924688	25.451927197181913	0.0
195.0	27.360671384726388	19.741578512514884	24.015234587458867	28.88163900984408	8.765054557851436E-4
196.0	29.89835559182889	21.005925636999045	25.274861379284207	23.820718748064763	1.386438230941789E-4
197.0	26.580213719598294	22.50369657530036	23.246200928222883	27.66887190089712	0.001016875981343099
198.0	28.92605820737531	22.100283901096887	22.844834581128808	26.12868421138043	1.3909901856369136E-4
199.0	26.847378372069446	22.70742987555649	24.06416266843491	26.380331582760373	6.975011787769921E-4
200.0	28.645191473292886	22.197099416553584	23.445282250226246	25.712380355350774	4.650457651537488E-5
201.0	25.742772259914016	19.848869029126757	28.496345435840958	25.911594707067476	4.1856805079369805E-4
202.0	26.53920071143789	24.380980199180282	27.324359119856073	21.755459969525752	0.0
203.0	28.10031363130711	23.382630659937774	20.6200138740329	27.896111316083687	9.305186385209592E-4
204.0	26.10302157791342	22.533504068135098	22.83185568938674	28.531432543777935	1.8612078680701417E-4
205.0	27.884452969153305	23.54518072429314	24.321059520801548	24.248190011665635	0.0011167740863740998
206.0	26.03826074978337	20.175174071147424	24.580958789743647	29.2054202418614	1.861474641596326E-4
207.0	27.250635565017532	23.618350072283594	26.355491924065454	22.775243171690523	2.7926694289270285E-4
208.0	29.377255204281767	21.110225051406204	20.18693842474723	29.32553476651551	4.655304929455837E-5
209.0	28.11637483098859	18.95418719945767	24.36204013066491	28.566420086936116	9.777519527103284E-4
210.0	26.184170760317794	22.548105154484592	23.797737855139466	27.469567124624728	4.1910543342254066E-4
211.0	25.99844987815148	24.96977076082663	24.982160556851465	24.048361193295722	0.001257610874700968
212.0	29.671388014867144	21.225565636897432	23.349030779388215	25.75368941235453	3.2615649268081533E-4
213.0	31.61900819473055	21.4564980964115	21.840012791592606	25.084014751354093	4.661659112448075E-4
214.0	30.152285400548013	23.38396763037274	23.350428084028927	23.11331888505032	0.0
215.0	26.340608358053835	24.435680893340137	22.39574863406364	26.827401346963725	5.607675786616721E-4
216.0	27.149469196583166	23.88731122120927	25.068065953700508	23.895011898254687	1.417302523696117E-4
217.0	30.23684117804465	22.079147672679035	24.531788483715562	23.151270387091675	9.52278469079042E-4
218.0	24.777568608105664	22.80760938259543	25.786157787726	26.6282323392522	4.3188232070525426E-4
219.0	27.63185603336759	21.906602967021556	22.701247305817493	27.759323254349265	9.704394440934688E-4
220.0	28.927764512192987	21.126676280161366	23.302264620198848	26.642808074557127	4.86512889672499E-4
221.0	25.851379618215592	21.02233630272407	23.278005595952266	29.84798462949712	2.938536109466347E-4
222.0	27.110011749062117	22.93749232711795	23.099947886031632	26.85225221582973	2.9582195856816255E-4
223.0	31.01626305798885	22.074146315222702	23.53947020415116	23.368974821174103	0.0011456014631821122
224.0	31.724374507852637	21.951682301369697	22.494348887478573	23.829394573234275	1.997300648173993E-4
225.0	31.980823123003976	18.97955058332677	23.049219748090312	25.989152564817015	0.0012539807619287428
226.0	26.331034195336432	21.416645786204054	25.646273612499616	26.60584310733811	2.0329862178781823E-4
227.0	27.930239970763942	22.4466311036561	24.438799576446698	25.182635546551595	0.0016938025816630984
228.0	28.017538788001524	27.48971587843635	22.507836441371875	21.98475430186235	1.545903279015445E-4
229.0	28.29767602222154	25.696681878768086	20.727937736482925	25.277652438185367	5.192434207964259E-5
230.0	28.02783475285831	21.689864037294303	25.262558952211705	25.01974225763568	0.0
231.0	26.68881088019261	23.188043613501765	23.0568160186994	27.064362137116888	0.0019673504893385554
232.0	25.375042030687617	24.79936193540558	23.424818125396584	26.400564079892785	2.138286174322711E-4
233.0	24.368539175219837	24.719566961225862	20.869828907738178	30.041362251594055	7.027042220631828E-4
234.0	26.854785744737235	20.193748494570027	26.32855052401308	26.62181788453551	0.0010973521441437883
235.0	25.92859490828381	20.436599114517882	28.328332378966834	25.30597470383689	4.988943945888805E-4
236.0	29.37422030412354	23.11383840767839	22.928453420546884	24.58326309046158	2.2477718961079831E-4
237.0	29.517151367960757	23.179632188097646	21.568325591583104	25.734607859173536	2.8299318495811983E-4
238.0	27.32074668521975	21.65555350851195	23.982393644959483	27.041306161308814	0.0
239.0	28.955451813096595	21.31095835768421	24.314001057523722	25.41784942346404	0.0017393482314307183
240.0	26.1357421095341	20.600231885025067	26.427564528025794	26.836282737673212	1.787397418283169E-4
241.0	28.425108555613875	21.04994751157131	22.923247602233143	27.59877367943885	0.002922651142816243
242.0	27.970258239635182	22.517642048547184	20.118215781483833	29.393225979718373	6.579506154230801E-4
243.0	27.48326095176913	22.550328009238314	24.450186761814415	25.51298823097939	0.003236046198754362
244.0	27.339353047788112	22.125902521928573	24.33193716460283	26.20172667070489	0.0010805949755935617
245.0	29.085606861651776	20.463621539728837	22.944129853050626	27.504714856555157	0.0019268890136014277
246.0	24.669951071693962	25.73585470126712	22.796115169704983	26.795847366846488	0.002231690487449455
247.0	26.970344385057754	22.042867172668643	24.30990667441661	26.53501431362858	0.14186745422841143
248.0	27.46341253938176	21.212108382470436	23.09257412298661	28.22107856271475	0.010826392446444136
249.0	24.707303019158072	22.12954586903874	29.69667849592863	23.449386128559457	0.01708648731510088
250.0	29.48707191135303	20.831722034541382	20.573366994277155	29.10680539645247	0.0010336633759689073
