# Position (bp)	A	C	G	T	N
0.0	23.152599447185356	24.66216067441625	25.782652541464767	26.402550639201106	3.669773252050302E-5
1.0	22.559138335879673	29.917867694773093	23.722093399679792	23.72095816628313	0.07994240338431385
2.0	23.70561108862513	27.4635544444071	23.304114545053384	25.525770153000465	9.497689139173292E-4
3.0	25.328187893249638	22.41712304340224	25.211232799406318	27.035571650873713	0.00788461306808911
4.0	25.624193140651343	23.53225923535907	24.20995725081794	26.63340798055257	1.8239261908140512E-4
5.0	28.023137069387154	24.370895779682503	22.18179604945219	25.423624418785185	5.466826929735238E-4
6.0	25.624926555735968	24.039912932848203	23.799688796416323	26.52925055381068	0.00622116118883116
7.0	25.149166497255536	26.06275230157117	23.711737286905006	25.07540005227543	9.438619928556907E-4
8.0	27.034635282451415	24.332117716902722	23.60263912719175	25.03049914210969	1.087313444195812E-4
9.0	25.578426817990383	25.864944737028722	23.219999739496274	25.336266894752153	3.618107324641192E-4
10.0	24.776410463317866	24.65370646339885	23.583571402231232	26.98631167105205	0.0
11.0	26.382524018993752	22.711345209884605	23.61691889772717	27.28903778486976	1.7408852471116973E-4
12.0	27.741932833493493	24.823104144407406	20.76849263060886	26.666436157447837	3.423404240023087E-5
13.0	25.08717369721692	22.87508633062471	25.214005525159983	26.823565832497003	1.6861450138668568E-4
14.0	26.15831176746835	22.282950809844028	24.121228471604667	27.437442338372588	6.661271037126594E-5
15.0	25.439456300729553	23.678543390499716	24.246845775589374	26.635088837281106	6.569590024734505E-5
16.0	26.023689571023628	25.286004176102107	21.75742088690946	26.93278841265784	9.695330696418837E-5
17.0	28.451598104895158	26.55760058846327	19.57665445974484	25.41288133448284	0.001265512413885835
18.0	25.502562551229058	26.12914178696996	19.93492889751929	28.433241241321657	1.255229600322343E-4
19.0	25.0965222047881	24.98402218918477	21.6203185326378	28.298512940154364	6.241332349699355E-4
20.0	22.170154831110075	25.824734785917602	24.423433854244525	27.581583680199955	9.284852784016683E-5
21.0	23.321118527377184	24.44900714699574	24.656353145816073	27.57315310999061	3.680698203911294E-4
22.0	21.969027785202933	26.730803812263982	26.690647219778675	24.60943005584257	9.112691184261046E-5
23.0	24.593873002681978	24.462297435122576	23.52679333660711	27.416582933554945	4.5329203339251314E-4
24.0	27.357849005154712	22.105811459442513	24.948487290041015	25.587732570124455	1.1967523730851588E-4
25.0	24.698586588215743	26.044224155239625	19.908498892754988	29.34842423466438	2.6612912526017814E-4
26.0	25.43778312030433	25.774268335508054	20.043155843744017	28.744616530173854	1.7617026974017233E-4
27.0	25.363013897104814	24.874702433830034	20.692223867521626	29.070001261537136	5.8540006386714696E-5
28.0	27.79054575970552	24.12368345538291	22.90015341806727	25.18275649122564	0.0028608756186643525
29.0	27.066556526382325	24.103180072519162	22.92542825782867	25.904293189177345	5.419540924950198E-4
30.0	23.20247616498827	25.16492348551737	25.924169851882173	25.708232467782672	1.9802982951611979E-4
31.0	25.48417044779124	24.636699954058564	23.484677659247247	26.39386150428121	5.904346217366538E-4
32.0	23.606315066951478	22.92911177447877	24.701623839338744	28.76269860637078	2.507128602325947E-4
33.0	23.479363403905552	25.158144993996483	25.964316043732172	25.398037831395193	1.3772697060438177E-4
34.0	25.80554821606773	26.861042386816	22.947096729111756	24.386312668004514	0.0
35.0	24.970176058506794	22.689319895270422	26.07233818620729	26.26792273005767	2.4312995782505665E-4
36.0	23.232403111278206	25.257557081439884	26.820726344571984	24.68907055435196	2.4290835796379097E-4
37.0	25.22163790275236	26.070579868425597	21.461051084366474	27.24667718513658	5.395931899022689E-5
38.0	26.703861943217188	25.70808585932148	21.523846514864626	26.064097792019336	1.0789057737642483E-4
39.0	23.41876266796686	27.69572177342367	21.769378550941003	27.1159212679455	2.1573972296862174E-4
40.0	25.776221158990108	26.66164771256493	23.516936812949766	24.045140386905274	5.392858991837369E-5
41.0	23.3428200597351	24.436687424946925	22.326007632159463	29.890117178505932	0.004367704652576056
42.0	24.1654652442976	26.41984401098587	21.286176112524302	28.128460716453894	5.391573832751223E-5
43.0	26.079152446750957	25.678977670161213	22.645805968334816	25.592613667453847	0.003450247299170674
44.0	28.444467083824186	25.031499732235428	23.404563829440303	23.119361547929856	1.0780657021751863E-4
45.0	25.67570153121376	24.568568846950576	22.177928650790506	27.57416298758747	0.0036379834576849976
46.0	24.636395994987133	24.617291914393242	22.99199002815494	27.754322062464688	0.0
47.0	24.5689087283572	25.11953839467891	23.812813395089787	26.497149857647806	0.0015896242263042934
48.0	22.6867051350528	24.805321469060317	22.852031387746628	29.655942008140258	0.0
49.0	22.256851928111818	26.061930015973893	24.926251025806284	26.753324124081956	0.001642906026044639
50.0	26.68106208684758	25.35587730103646	20.73277141282844	27.23023533765052	5.3861636995188535E-5
51.0	24.045347781119382	27.524518772886005	22.27462156553405	26.15335774507262	0.0021541353879476663
52.0	22.52710484121946	26.410174682511485	21.214285061605697	29.848435414663356	0.0
53.0	22.403028705354565	25.64893258796272	24.31102185266722	27.63543381347758	0.0015830405379118086
54.0	22.59605865071167	28.98302992903425	22.933930751378398	25.486846518117062	1.3415075862254E-4
55.0	23.4457845832748	29.277836868757817	22.64456441028317	24.630342437803957	0.001471699880257146
56.0	25.67180527459344	26.467572029827274	25.04052676907139	22.820095926507893	0.0
57.0	22.864713012645577	27.969171642383987	22.887265258011865	26.274221927470588	0.004628159487981098
58.0	24.81488158895019	25.92371960545878	22.04164970316321	27.21940136175248	3.477406753337909E-4
59.0	26.925541760058202	23.210707350604746	24.975205550533065	24.885710159037536	0.00283517976644538
60.0	23.332474979979175	23.43237876248597	24.63012895067371	28.60496388237852	5.3424482623954156E-5
61.0	24.60214073804793	24.661304448977507	22.84274819844497	27.888063861549973	0.005742752979620706
62.0	24.394245741865006	22.978490976252736	25.496139166294963	27.13075018496211	3.7393062518529597E-4
63.0	25.431561044581507	24.41641708050696	23.70993734839878	26.43997459536061	0.002109931152145266
64.0	24.485565229257496	22.43147754973238	23.981245112583164	29.10171210842696	0.0
65.0	23.23191486413162	27.28883130062884	23.81337033100694	25.66121970797706	0.004663796255531262
66.0	24.539402677212777	24.81575840593112	23.333271151073575	27.310821578665447	7.461871170794237E-4
67.0	26.61560157288448	26.13697291155243	20.878399913020214	26.36838604528705	6.395572558303639E-4
68.0	23.3415770942648	23.123522911411058	27.155087073781083	26.379653037236555	1.5988330650402628E-4
69.0	22.689743562414737	25.225208901773534	25.259475187585267	26.8229610760573	0.002611272169167804
70.0	24.106429388449975	23.6175351794217	24.903013858963106	27.37251615992339	5.054132418269358E-4
71.0	24.539175730341604	23.160302230617223	26.455095335958067	25.844392647386744	0.0010340556963609458
72.0	25.979104138106013	26.80008685178965	22.376372071370113	24.8423160159101	0.002120922824125391
73.0	25.105275226621742	23.190319848472598	23.36687206988923	28.33366249100339	0.003870364013037295
74.0	24.40929729047711	26.482227163723103	23.626040831971093	25.4812949112054	0.001139802623295498
75.0	24.433335029696966	25.024173181763242	22.925426794487667	27.61507706792028	0.001987926131845622
76.0	26.50959269225142	24.57080441637034	25.47804431213145	23.4405513889684	0.001007190278387393
77.0	23.534042112215488	25.830452825848077	24.76935178907741	25.8653581626806	7.951101784174232E-4
78.0	27.100743957580818	26.779133568094345	20.67945528449467	25.439978119362376	6.890704677913887E-4
79.0	27.20437562346486	21.361403430660104	23.295403347973163	28.13611437088487	0.0027032270170048883
80.0	23.601976168732286	23.6448026984954	28.491833012576052	24.258287437038906	0.0031006831573541045
81.0	25.061608224429637	25.653667302602585	22.406498471819223	26.877748982957467	4.770181910887172E-4
82.0	22.100649844521744	22.704012542142372	24.761906528602754	30.43200005936105	0.0014310253720798468
83.0	24.64546092464766	23.14351266896189	24.587718145277545	27.622089276325834	0.0012189847870698574
84.0	23.07335607369233	26.80744385063013	25.160450429753567	24.957504252224552	0.0012453936994207858
85.0	25.162807458221714	27.175319083540668	21.438704429412123	26.222374135221997	7.948936034911726E-4
86.0	24.839663339379577	25.49322434202752	23.364242818300664	26.30069688091343	0.002172619378811026
87.0	21.73427042545632	22.481891684733696	27.3933855468898	28.389525036092106	9.273068280781088E-4
88.0	25.199886713862156	27.209179038461386	25.259205624672642	22.331172259838556	5.563631652613199E-4
89.0	26.432636309375106	26.56647593019464	22.907398189032303	24.092297413255263	0.0011921581426917924
90.0	23.17573406421416	26.45272366314984	24.660287177672178	25.71125509496382	0.0
91.0	26.297417720982473	25.105087206222056	24.63705575688219	23.959883018628013	5.562972852692479E-4
92.0	24.913400493809892	24.80831821467671	22.94133961231076	27.336915190097738	2.648910489870964E-5
93.0	25.953033387325558	26.06420527463853	21.698437315822723	26.284032649623136	2.913725900506856E-4
94.0	27.319788470223326	23.90813579120374	23.311794519985536	25.455486967450742	0.004794251136648077
95.0	23.36270345692694	27.436079853963403	24.304064212028525	24.894556788890032	0.0025956881911019807
96.0	25.204759987710695	24.914689959847866	24.511605979383628	25.367646279836002	0.0012977932218114015
97.0	25.561505455683807	24.764982770479374	23.486467854251313	26.186885012316637	1.589072688687153E-4
98.0	26.519128808944963	24.191256309620286	24.81784861148629	24.471739786757347	2.648319111859703E-5
99.0	21.56977804940762	23.02905877346592	27.061014235586928	28.340122461160565	2.648037896599946E-5
100.0	22.353914987511093	25.255345419669954	25.097317631881577	27.293421960937376	0.0
101.0	22.524198735048973	22.627991761163774	28.75998842390025	26.087635735197512	1.853446894907178E-4
102.0	24.77274695404781	25.04604646568383	25.150175698218018	25.031004399539526	2.6482510817443606E-5
103.0	25.730758923700886	26.105433079790313	25.32319584953505	22.84042678270117	1.8536427257233708E-4
104.0	24.810938015950082	27.951277497367204	23.311443920107127	23.925705041855924	6.355247196607781E-4
105.0	27.406013813004055	23.40888139243386	21.647973639879375	27.533291119428537	0.0038400352541719334
106.0	26.008843084507703	22.949329697795957	24.903563451620712	26.13805190492307	2.118611525564491E-4
107.0	24.945307284214362	24.948273309716352	22.823989955766496	27.281529049703966	9.00400598819363E-4
108.0	23.40232109444057	25.234421217258486	24.49060223148344	26.872523052854074	1.32403963433203E-4
109.0	25.054065111155538	25.31862469266894	25.491723079652534	24.1347397632442	8.473532787937925E-4
110.0	24.07670279652232	24.605557033936115	23.324132069251757	27.993475708000865	1.3239228894352278E-4
111.0	24.202109912457697	24.34838446587545	24.867945112618695	26.580739634472494	8.208745756608042E-4
112.0	24.75791935358311	25.301286807246875	23.52822645773988	26.41246146701004	1.0591442008942355E-4
113.0	27.95336780705308	22.581133714079947	23.12874160331922	26.335883117674	8.737578737499304E-4
114.0	26.4920107120483	22.433607065672987	27.597187160581694	23.476559583253238	6.35478443776839E-4
115.0	25.9516138129882	24.008783333064105	26.7160243660167	23.322837010224184	7.41477706810711E-4
116.0	26.762307812697372	24.656301217176317	25.172349232654316	23.40890932919584	1.324082761528193E-4
117.0	25.6805168405905	27.202692460675802	24.112871917448718	23.00296543538513	9.533458998446576E-4
118.0	25.97871525697879	24.857860731852384	25.55437624760806	23.608359245447705	6.88518113057852E-4
119.0	26.984856714376022	21.39264839734024	24.917580940693497	26.704304858229154	6.090893610890941E-4
120.0	24.972081611467658	24.301563615130085	24.876641372178536	25.849554510703264	1.5889052045914065E-4
121.0	27.21758133267798	23.488942018423263	24.721299458488343	24.571329754328282	8.474360821335051E-4
122.0	26.30305973876571	24.11491406153587	24.932668162753167	24.64851059592582	8.474410194291744E-4
123.0	23.57561863217547	28.192694445319834	23.850557438297002	24.380387980974085	7.41503233616155E-4
124.0	24.941645926496378	25.102156041996928	22.875511839507894	27.08042136752182	2.6482447698489915E-4
125.0	26.339062981641607	24.03552509064793	25.214027628154405	24.41032501904057	0.00105928051548827
126.0	23.938536715581225	24.30899751807946	25.733638974309	26.018561969096222	2.6482293408980887E-4
127.0	25.364750970435935	23.130272251702667	27.741809224133227	23.762081788324473	0.001085765403700818
128.0	25.782529236184732	22.911465584338373	25.73552253051265	25.560604620110343	0.00987802885390766
129.0	24.177147139751117	27.29446223189718	22.629294478121434	25.896050655840597	0.003045494389669683
130.0	25.6980596308566	25.133351218547162	24.05353805458839	25.115024612473057	2.648353478916855E-5
131.0	25.3058736102011	25.395044262224747	24.794340748948727	24.504026318451782	7.150601736377972E-4
132.0	26.048824696093693	26.28638288394581	22.006707244889125	25.65157020135771	0.006514973713670083
133.0	26.98712551831753	25.731643078148657	24.762792845927045	22.516240417233526	0.0021981403732442353
134.0	26.270633652998427	23.555594633482443	21.34962211968386	28.82401717616132	1.3241767394584275E-4
135.0	25.726801733386544	24.197469200555833	26.314572634622017	23.76052083165054	6.355997850613393E-4
136.0	27.83245008382263	26.261987430578177	24.051109292526412	21.847805648029706	0.006647545043076622
137.0	28.18959206655416	21.314223271709505	25.06030490924866	25.43558842442367	2.913280640031866E-4
138.0	25.432660337039287	24.50654780364084	27.4358123505859	22.623575906667348	0.0014036020666319032
139.0	25.623428551149978	23.98146809273581	25.30216044919801	25.09127446322459	0.001668443691614402
140.0	26.092024067075094	22.182594194251138	25.408937148747057	26.316232722546157	2.1186738055380542E-4
141.0	25.3231611087467	26.022834802694877	25.23245432946768	23.420993600736036	5.561583547034974E-4
142.0	28.251540306451066	23.353201591579374	23.67951032238381	24.715324036408013	4.2374317773483843E-4
143.0	26.04927691143218	25.71889087753179	24.338632045564935	23.89306774621903	1.3241925206428372E-4
144.0	27.310965319762236	25.60902552737543	23.61639760711974	23.46263163860601	9.799071365842239E-4
145.0	27.445308171543402	22.735973880553534	23.814608711496437	26.00307636569344	0.0010328707131892823
146.0	26.92390913133328	22.062720959186326	25.109147117734814	25.899349738748747	0.0048730529968348995
147.0	26.13087791147896	24.98784400924173	26.926578875165657	21.951229847274146	0.0034693568395059637
148.0	24.48117450016367	24.205738808571134	23.763161323743933	27.549157325688935	7.680418323253446E-4
149.0	27.356250360853927	25.803638255124923	23.8350840597643	23.002670186658815	0.002357137598039709
150.0	25.150026988701825	24.49366387915842	24.99627879037645	25.360003856285562	2.6485477747696162E-5
151.0	26.214627763828414	24.882957759908464	25.807959613938063	23.09387216730763	5.826950174278782E-4
152.0	26.63129632028148	24.6834640054944	23.64650948925951	25.038438831205255	2.9135375935080023E-4
153.0	25.0167794567535	23.203167834297897	25.74021639804527	26.038988729820282	8.475810830497026E-4
154.0	22.6223311028347	24.823216892352022	25.017475020454842	27.534805022740706	0.0021719616177299874
155.0	27.284389987404122	24.14951344950855	23.96392625783269	24.601878917999652	2.9138725498636443E-4
156.0	25.337103088299262	23.898623507864194	26.88448454260948	23.879365015451828	4.2384577523776423E-4
157.0	24.654481279523928	23.17534432663718	26.598928078700812	25.570795972559836	4.503425782483475E-4
158.0	24.82217591510857	21.72346705704517	26.272637635179418	27.18153395228036	1.854403864789586E-4
159.0	25.509511238507503	22.163722317666494	25.16620327995666	27.159715424485626	8.477393837199598E-4
160.0	25.12738277248177	22.14445483246513	26.040527763258392	26.687555154164084	7.947763062347287E-5
161.0	24.05833830515731	21.430327525748396	28.919219075696418	25.587664295380392	0.004450798017487397
162.0	25.15518537731175	23.21938854179527	25.68788915564848	25.937483938346567	5.298689792974891E-5
163.0	24.49462815139576	24.604923856751764	27.146388073968865	23.753953940746594	1.0597713702234449E-4
164.0	25.36428982097485	24.492770902385324	24.611282002368633	25.529405218939523	0.0022520553316747608
165.0	26.271770024076822	22.37141474056938	27.178035747736786	24.178011106550873	7.683810661366781E-4
166.0	24.504262164942908	23.552386168492436	25.922669746670724	26.02046994439088	2.119755030509899E-4
167.0	26.358336992273962	24.553342054728567	26.61202943086669	22.475841055089205	4.5046704157890294E-4
168.0	26.489052760281645	25.02751285147618	23.680078734586377	24.80322315738093	1.3249627486723212E-4
169.0	26.112902208552995	22.26909462100137	26.263660025620084	25.354051646146043	2.9149867951098183E-4
170.0	31.279140455604747	22.99165715745505	23.39403858558052	22.334872297427292	2.915039323880479E-4
171.0	25.478247826531707	23.756036234100144	27.481607075942467	23.283340338394822	7.685250308602552E-4
172.0	27.282129782036396	24.988892924614152	24.466111961969162	23.262732867750167	1.3246363012339518E-4
173.0	28.95260987282617	19.797571911930618	23.641342714530516	27.606992084118197	0.0014834165945046302
174.0	23.409579292689543	26.31349179438492	24.38701597043266	25.889330157330804	5.827851620778516E-4
175.0	26.329444035142235	24.145730660073326	23.27440706150951	26.248537307565044	0.0018809357098823567
176.0	23.7440610505327	24.87733964737086	29.19630345849339	22.180706206763535	0.0015896368395158283
177.0	21.236547031139295	26.666302780496622	25.17446663737913	26.89854517955928	0.024138371425679518
178.0	25.034462166330325	23.417687814501214	24.50993249574969	27.03738764194531	5.298814734626086E-4
179.0	27.840962536323914	24.549917342977494	23.270276937458615	24.33735935786397	0.0014838253760106241
180.0	26.151195871087644	22.55711025043373	26.189790792665796	25.1016372805678	2.658052450285781E-4
181.0	27.24867076862455	22.62661977193398	26.71902830989928	23.404882412611524	7.98736930666972E-4
182.0	24.677934745823862	23.578347799854246	25.868770074577647	25.87486750079812	7.9878946119787E-5
183.0	23.452895884081556	24.995606406445216	26.53317775574176	25.017467862860233	8.520908712309625E-4
184.0	26.047703908537684	22.43324126456261	26.531251364787263	24.983862222795064	0.00394123931737735
185.0	24.78650002223334	25.044965932398394	25.260216619302106	24.907571876927946	7.455491382117631E-4
186.0	26.675995877749166	23.437579056409326	25.642424032615846	24.24400103322566	0.0
187.0	23.51081058795306	23.326388946336266	28.42019954683138	24.74177367667265	8.272422066445695E-4
188.0	26.882037809687642	28.824829560708842	22.63510646417666	21.657519104198947	5.070612279101445E-4
189.0	24.776473539805057	24.29037354941336	25.300419562502004	25.63147893112983	0.001254417149750718
190.0	28.221378815715266	22.20327686472009	24.974462470708914	24.600428085596835	4.53763258895695E-4
191.0	25.734928358835298	24.731163539117638	25.00997670542858	24.52350372806695	4.276685515267099E-4
192.0	26.502814628046195	24.238414419963142	24.426100843292396	24.832563180099303	1.0692859896268566E-4
193.0	27.819701650560326	25.110494098648616	21.406137833216807	25.66339905540947	2.6736216477797576E-4
194.0	27.669182421215226	23.74450906957723	24.350359662794236	24.235948846413304	0.0
195.0	26.042107357502314	22.255504501531533	24.91446475017075	26.78722809096875	6.952998266564047E-4
196.0	27.59502590762492	23.101787845993623	26.507720804718392	22.7953313719833	1.340696797665257E-4
197.0	24.414874301563607	25.503837008533303	24.165590773800744	25.91497380042192	7.241156804300497E-4
198.0	26.678454484864556	23.924059372134813	25.041564953752694	24.355733142922997	1.8804632494351224E-4
199.0	25.346750287579216	23.074887942343125	25.74782707459404	25.830023323925893	5.113715577292734E-4
200.0	27.040270716285423	23.922576046765958	24.48833583074418	24.548709739848476	1.0766635595950776E-4
201.0	24.503985291702897	21.660767017235948	28.999975773302715	24.834975813680547	2.9610407789152363E-4
202.0	24.50890972682868	25.511038628199273	28.907158578923337	21.072866145191718	2.6920856987793006E-5
203.0	25.23533759975441	24.810212481772563	23.65668999150396	26.2970059202988	7.540066702661508E-4
204.0	25.73044874039202	24.050782912207183	24.254334699681664	25.96424512396783	1.8852375129946728E-4
205.0	27.15399116088943	24.702267846758943	25.434892158703214	22.7079061531985	9.426804499117517E-4
206.0	24.522237489551785	21.55382685447547	26.56773042032326	27.356097487391434	1.0774825804738068E-4
207.0	25.3958340966943	23.917572102587094	27.279386882836125	23.40677584345101	4.3107443146670924E-4
208.0	27.873042684343254	22.817801554480383	22.409670957000902	26.89948480417546	0.0
209.0	27.42066161678235	20.700779260543413	25.217805909356517	26.659836816718524	9.163965991983148E-4
210.0	23.888148308894195	25.418897954067265	25.277802863146658	25.414719555310544	4.3131858133927113E-4
211.0	24.601596042737313	25.997742436001083	25.66029432464806	23.7394773302499	8.898663636446985E-4
212.0	28.06470402084031	22.703682530621208	25.374170783802036	23.857037988077145	4.046766593024507E-4
213.0	28.857306063654086	23.59328289511691	23.17091277406411	24.378147326887913	3.5094027698366295E-4
214.0	27.02856846440519	25.735555150898833	24.94381785692479	22.291977476350546	8.105142064228388E-5
215.0	24.79117278727365	25.65618547977661	23.466332712810967	26.08587578270435	4.3323743442206803E-4
216.0	25.117857867925856	25.043791414420273	26.333100399307657	23.50519559617886	5.472216734804885E-5
217.0	28.004132485748695	23.501483990757936	25.862372105334774	22.631266179611874	7.452385467185905E-4
218.0	24.385601408660975	25.122832279209558	25.730973100658705	24.760146726216636	4.464852541268492E-4
219.0	26.036020357128375	23.305234143022567	25.264207860789323	25.393833610439	7.04028620734713E-4
220.0	28.21936251212257	22.20350733643985	25.199138819341606	24.377538019471476	4.5331262450160406E-4
221.0	24.78908660159437	23.665310636619672	24.56383414995206	26.981511409085257	2.5720274864004047E-4
222.0	25.154112494447894	25.330245195946542	24.448133943085075	25.067131952724743	3.7641379573934326E-4
223.0	29.645893397954854	23.234715924152603	24.560643665973064	22.55798459687011	7.624150493693068E-4
224.0	28.811063220503797	23.722733580440238	25.28920155370281	22.176795755612407	2.05889740749521E-4
225.0	30.040898468891896	20.27408224303827	24.379717416373193	25.304353982217	9.478894796412594E-4
226.0	24.7013437432144	23.097993322672323	26.040438261111586	26.15989476550775	3.299074939386996E-4
227.0	26.105637596010357	24.278100883807248	26.637000423514955	22.97786755675494	0.001393539912497811
228.0	26.86010315976666	27.517759618187625	23.91012251783425	21.711984243050818	3.046116064941976E-5
229.0	27.968614476629472	25.370404951509506	21.8570249172578	24.803924941091484	3.071351173379002E-5
230.0	25.256844245383718	23.245307141973583	27.883896077403442	23.613921533187852	3.100205140574151E-5
231.0	24.997113584462497	24.82386573307247	24.958890207044867	25.218368739506268	0.0017617359138989324
232.0	25.16471911115134	24.9459692199408	25.161554326845632	24.727630750690004	1.2659137222832147E-4
233.0	22.722585675974816	25.095035211764362	22.948374461819828	29.233587829336766	4.1682110422964407E-4
234.0	26.44990165689095	21.972832431285152	26.67263040634813	24.903333378907764	0.0013021265680045367
235.0	25.675336581587693	22.601382813230643	27.078237354398247	24.64474687721045	2.963735729612462E-4
236.0	27.6973384883961	24.24419470851113	24.122633838884912	23.935398698941263	4.342652665954472E-4
237.0	27.816785694382755	25.169354852328514	22.39962577618511	24.613963479403335	2.701977002798235E-4
238.0	26.700534922650483	22.816504478960773	24.91498912210722	25.567834237451308	1.3723883021738288E-4
239.0	27.390750957563064	24.079244818381305	24.5720048009828	23.956499551957105	0.0014998711157262184
240.0	25.202560826132697	22.30289120396164	27.008025735608015	25.486232810005976	2.8942429167022415E-4
241.0	29.035402410099408	21.142268889664855	23.864968363279672	25.954716095389745	0.002644241566318303
242.0	25.811254829351427	24.716299419425404	22.151580848223908	27.319776189546463	0.0010887134527966507
243.0	27.49945377361543	23.0741293733102	25.36308149479531	24.060063453146864	0.0032719051322013266
244.0	25.293410337226035	23.032192242525827	26.56146040190202	25.111443094244752	0.001493924101368216
245.0	29.08503474267344	21.190492970218322	23.61095947034996	26.110847185184348	0.0026656315739312917
246.0	24.743468869931824	26.156776378875396	24.210840831110392	24.886171053911582	0.002742866170805225
247.0	25.352927100880446	23.50977275983588	24.785751950466167	26.211824784725916	0.1397234040915908
248.0	25.79205305787064	23.351112219744103	23.45455745979575	27.390612161051763	0.011665101537739172
249.0	25.832960193559284	21.680530786882798	28.2667636032903	24.20072356615906	0.019021850108556997
250.0	25.75509937840817	22.316020131806802	25.536084719572422	26.391579636317005	0.0012161338956048554
