# Position (bp)	A	C	G	T	N
0.0	24.176647981871774	23.81975325469439	25.1017062417059	26.901892521727937	0.0
1.0	22.938843724329377	30.230622515555805	23.733440972910707	23.019290145313427	0.07780264189067973
2.0	24.545333870579018	26.68079133277098	22.75830157558595	26.014914216424657	6.590046393926614E-4
3.0	25.911068278441824	22.371070451431564	24.49265157896866	27.21871894259121	0.0064907485667439445
4.0	25.94362500892961	23.66060518331084	24.061403772620118	26.334319037181025	4.699795840868673E-5
5.0	28.293213784542694	24.268348161909177	22.351454853007663	25.086372874480812	6.103260596551469E-4
6.0	25.657423518558797	24.076185190462976	23.94676299190748	26.314800162000406	0.004828137070342676
7.0	25.57128681697629	25.46639787901655	23.80712224894608	25.15449130034681	7.017547142712114E-4
8.0	27.442463124571013	24.544677751474318	23.486111305663336	24.52665443322267	9.338506866137173E-5
9.0	25.680926235845643	25.841851465034765	22.167368762982257	26.309573909327277	2.7962681005929487E-4
10.0	24.54824157853761	24.680435163214142	23.533996893287785	27.237326364960456	0.0
11.0	27.305049531183634	22.98728081994229	22.7194824762026	26.98800662431905	1.8054835242857845E-4
12.0	27.92221144174537	24.47704796916586	20.356319485860265	27.244376596672694	4.450655581567165E-5
13.0	25.06421697087702	22.882929569633017	25.42160602475944	26.631203442971064	4.399175946361728E-5
14.0	26.66028127588452	21.95107005996299	23.537190700391033	27.8514145060202	4.345774125782348E-5
15.0	25.25771580357829	23.387642091985576	24.73577985353851	26.618862250897617	0.0
16.0	26.384421356150796	24.528433356095054	22.06125731679456	27.025887970959594	0.0
17.0	28.79220991649637	26.77690057208167	19.337147211127746	25.092375764276674	0.0013665360175413531
18.0	25.81034809205076	25.808540952452923	20.214129613801944	28.166817056276383	1.6428541798522826E-4
19.0	24.7940841308157	25.015132763965642	22.2051765897571	27.985034697120074	5.718183414817447E-4
20.0	22.61551516045895	26.021403716318254	23.813935159640003	27.549064879685687	8.10838971029129E-5
21.0	24.03600326293146	24.721049930252427	23.585178117764798	27.657607794995233	1.6089405609088584E-4
22.0	22.829431835252105	26.993911965563694	25.986212568390275	24.190363939263896	7.9691530025577E-5
23.0	25.254980457550086	24.059138878185195	23.32494278540529	27.360580721687654	3.5715717177553546E-4
24.0	27.883453068398467	21.618703891327414	24.903701893669606	25.594101861298512	3.928530599914122E-5
25.0	24.810760635409917	25.051403751510588	20.03203126064222	30.105648671948128	1.556804891480969E-4
26.0	26.107139595256267	25.704075456393223	20.036099685907967	28.15260786174378	7.740069877350854E-5
27.0	25.28177756093343	25.13614102156332	20.035851369670542	29.546114248835064	1.157989976438764E-4
28.0	27.65476999396897	23.555198048070242	23.00415526061188	25.783584982699466	0.002291714649442139
29.0	27.43397390174083	24.045968051674325	22.27600129412855	26.24371619231053	3.405601457597424E-4
30.0	23.548559351990434	24.501169515873077	25.27244831191101	26.677672400177492	1.5042004798399532E-4
31.0	26.17381791661602	24.840010846088393	22.71354171536498	26.272180718272853	4.488036577498106E-4
32.0	24.426371272655533	22.759403001900104	24.849778914314278	27.964261398780433	1.8541234964912569E-4
33.0	23.262500541769114	25.3138036893191	25.405518772391595	26.018103536301467	7.346021872045522E-5
34.0	26.2482185480839	26.807609021942824	22.565130464940736	24.379005534523007	3.6430509531678516E-5
35.0	25.308368019064687	22.36441018633854	26.28078227215125	26.046331364253355	1.0815819217187058E-4
36.0	23.94572031068426	24.62891732401175	26.308920609236235	25.116189600679522	2.5215538823644684E-4
37.0	25.21925568120233	25.595019677645986	21.42092445505218	27.764800186099503	0.0
38.0	26.71754790816896	25.227795558211618	21.506744764572254	26.547911769047168	0.0
39.0	23.197151292076068	27.74261565407189	21.653873204710028	27.405999909295158	3.59939846852794E-4
40.0	26.212750152774667	26.28184964957198	22.968744714068443	24.53661949426366	3.598932124859912E-5
41.0	23.862057102800442	24.86169077317143	21.612944318616094	29.658593740441425	0.004714064970610864
42.0	24.44671526543419	26.177776498442007	20.704010477759947	28.67146177704536	3.598131849943509E-5
43.0	25.759444395675242	26.21797482453881	22.315267462292212	25.70364363497164	0.0036696825220936475
44.0	28.571274399450036	25.139370183827985	22.67054748371032	23.618520145318396	2.8778769326292603E-4
45.0	25.69922945473393	24.55141446472767	21.900850970006537	27.844692488667338	0.003812621864523158
46.0	25.11949349861859	24.685216900930268	22.325089930321536	27.870199670129608	0.0
47.0	24.912064299777935	24.842729863614704	23.277202887736113	26.96609697111365	0.001905977757599187
48.0	22.493892101217842	23.982831735477294	22.832468856546704	30.69080730675816	0.0
49.0	22.248168045537795	25.956435700510273	24.76752106949834	27.026005934867435	0.0018692495861589256
50.0	27.260764294762023	24.662049957082285	20.61369456102439	27.463455242646837	3.594448446263715E-5
51.0	24.781563028302646	27.127622106195297	21.350291249295598	26.7381157061861	0.0024079100203558243
52.0	23.12419056868837	26.27250402855152	21.55440938547598	29.048896017284125	0.0
53.0	22.83242707432088	25.101918327823203	23.903500604490997	28.1604350616237	0.0017189317412205562
54.0	23.05222011026426	28.257472344411806	22.923736036130236	25.766571509193703	0.0
55.0	23.905310981087496	27.871912683591653	23.228297217118236	24.99308549755473	0.0013936206478835191
56.0	26.184785016542683	25.18572112533139	25.389664215633733	23.239829642492193	0.0
57.0	22.5152417512339	27.990018059666568	23.39096587955578	26.098844074160745	0.004930235383013196
58.0	25.106703723020424	25.586531110904716	21.84575649974637	27.460758607386026	2.500589424650096E-4
59.0	27.526650654603802	22.538002454674956	24.43919678691907	25.493578267410978	0.002571836391199176
60.0	23.987470828695113	23.535781505633455	23.633152940563836	28.843594725107597	0.0
61.0	25.546653104952544	24.011188414149643	22.936712634790933	27.499597000255356	0.005848845851527762
62.0	25.13404283165504	22.126098509311763	24.999099545992873	27.74058080531614	1.78307724183627E-4
63.0	26.035130535994217	24.06678496186549	22.624634309506455	27.27116797014853	0.0022822224853117586
64.0	25.05607592430925	21.84814141244394	23.786267771617535	29.309479287867806	3.560376146619138E-5
65.0	24.01458510523541	25.972295847510036	23.961681701652573	26.04680918781883	0.004628157783155143
66.0	24.219476456490753	24.21865766326381	23.543188850741828	28.017965035393228	7.119941103847189E-4
67.0	26.73572200539096	25.127583167565398	21.25911486329663	26.877010396034667	5.695677123455226E-4
68.0	23.48205605926365	22.564311030916496	27.153320943431353	26.80013398465157	1.7798173693800933E-4
69.0	22.836916996272535	25.171530310925828	25.089947519342097	26.898793201149278	0.0028119723102594985
70.0	26.1285019363622	23.065335117736865	24.60237482071543	26.20336157454061	4.2655064489125627E-4
71.0	24.318508603365586	23.23593232506159	26.377825966366824	26.06681094869334	9.221565126594356E-4
72.0	27.697830118187934	25.876657147183646	21.84783414325185	24.575834509231225	0.0018440821453484268
73.0	25.32953650546459	22.936059901093838	22.82419034631339	28.90670291878483	0.0035103283433484066
74.0	24.706126356094448	25.517230376515638	23.773310643125576	26.002552648372685	7.799758916542579E-4
75.0	25.525477086043878	25.033767375574755	22.241586517156662	27.197219199013034	0.001949822211665609
76.0	26.532808678081466	24.301322273033428	25.41121627849268	23.753589280017014	0.0010634903754121025
77.0	24.07054374635332	25.110118260595847	24.10265935687958	26.716111473071454	5.671630998015638E-4
78.0	27.141054965792815	26.115211625161145	20.709586837615745	26.03375666518148	3.899062488147736E-4
79.0	27.116770909317754	20.96485948686103	23.093061288724144	28.822756301877643	0.002552013219428477
80.0	23.90524298161795	23.68680904273267	28.03960944876531	24.365680317340598	0.00265820954346846
81.0	24.862769198489897	25.310222418806287	21.84326626319677	27.98328137559702	4.607439100287646E-4
82.0	22.74463856378153	22.820693839593538	23.95854597622936	30.47495208446743	0.0011695359281437127
83.0	25.271178656127603	22.367419436691193	24.13390810544923	28.22639519504876	0.001098606683214282
84.0	23.516988042918204	25.878176819661462	25.293646963102507	25.309983323446467	0.0012048508713552375
85.0	25.126103036146525	27.200376174171193	21.47987826074015	26.193146443938677	4.960850034566494E-4
86.0	24.964345558067755	25.317470694263296	22.841201050658892	26.875600810564983	0.0013818864450758602
87.0	22.195747521347958	22.336726779787845	26.038397803855652	29.42827755517377	8.50339834771884E-4
88.0	24.583647322790373	27.00713221073024	25.636419871839156	22.772233730740357	5.668638998748294E-4
89.0	26.063454217911087	26.314139297436995	23.189361826500843	24.432158970334772	8.856878163012613E-4
90.0	23.711029040571777	25.604626652850477	25.398517416372187	25.285649759545127	1.7713066043166742E-4
91.0	26.23345541805723	25.53024315748717	23.988213551794022	24.24773362740413	3.5424525745305453E-4
92.0	25.402599334757337	24.55131543058345	22.781479474181996	27.264605760477217	0.0
93.0	26.101762877278688	26.112035229208054	21.298659068432283	26.487259449855337	2.833752256375234E-4
94.0	27.848204839023328	23.898500021075577	23.25057656757131	24.99899935285581	0.0037192194739748504
95.0	23.661248270187578	26.668102347515287	23.9781842627891	25.689666958643535	0.002798160864497112
96.0	26.10583424298213	24.610031613984955	23.848016280883492	25.434913654790588	0.001204207358840334
97.0	25.373658699672685	25.350815245685776	23.001693603053727	26.273619954341427	2.1249724638984887E-4
98.0	28.153571826985562	22.935479929666624	24.418076314899448	24.492871928448363	0.0
99.0	21.87642190864446	22.435182211451473	26.571247781158586	29.11714809874548	0.0
100.0	22.400442732463755	24.99529968533562	24.715936350480955	27.888321231719672	0.0
101.0	23.565887191339666	22.654068170102363	28.261114321159695	25.518859507503016	7.080989525800294E-5
102.0	24.9074790101635	24.432410460360085	24.78047067088163	25.879604450638478	3.540795630941455E-5
103.0	25.317352023355923	25.68361594722684	25.474018805678668	23.524836199125783	1.7702461279406445E-4
104.0	25.84806580737168	27.119093527105463	22.7968203772297	24.23584326493387	1.7702335929439906E-4
105.0	26.98447430382212	23.80799121921858	21.025262449767204	28.179581142563777	0.0026908846283215607
106.0	25.862178235489687	23.949302981496515	24.612384917505995	25.57606305368209	7.081182571651831E-5
107.0	25.896409405584958	24.23340545466712	22.86341876365552	27.006199885498088	5.66490594308823E-4
108.0	23.543980523510314	24.63505477851228	24.902796329147577	26.91813296732902	3.540150081122539E-5
109.0	25.824776061918207	24.5624605294086	25.533260079691654	24.07883073594422	6.725930373168776E-4
110.0	24.276845461779605	24.039180398897834	23.547354604486255	28.136513339544578	1.0619529172554606E-4
111.0	24.338980578898425	24.20697670055439	24.948343615051343	26.505026519363224	6.725861326191177E-4
112.0	25.620188104197123	23.786260676877767	23.847251179633492	26.74622924358325	7.079570836415897E-5
113.0	28.189782417092314	21.825190345223053	23.18877361395759	26.795510295101465	7.433286255853713E-4
114.0	25.823453496035913	22.68326163121205	27.396416569384456	24.09665592255746	2.1238081011952083E-4
115.0	27.03495174156916	23.680703176578245	26.391918991679336	22.891930496531728	4.955936415335791E-4
116.0	26.889288271886603	24.66125505458044	24.882394608258732	23.5669912666337	7.079864052450465E-5
117.0	25.959867534899526	26.728356275188993	24.120259337072707	23.190950460105597	5.663927331812333E-4
118.0	26.658092917913613	24.823799197281886	24.75130110708265	23.766594380973217	2.1239674863057195E-4
119.0	26.78649244799512	21.410297573807586	24.849347529575603	26.95333145242681	5.309961948812675E-4
120.0	25.175138818974958	24.045188116260316	24.904899355800662	25.874738309505958	3.5399458105095326E-5
121.0	27.363140930901857	23.77564475847775	24.041353749431398	24.81929416845582	5.663927331812333E-4
122.0	26.522562858684246	24.088501289245524	24.636448337432583	24.752133520808464	3.5399382917956977E-4
123.0	24.154280359976653	28.130122858333266	23.30821558244521	24.406744022306857	6.371769380179054E-4
124.0	24.983468956328313	24.65203392014409	23.295213997369192	27.069176931017054	1.061951413598925E-4
125.0	26.145581088624592	24.15899748358525	24.229332497006247	25.46538097896286	7.079518210467705E-4
126.0	23.72477099293386	24.05170649998478	25.386881942866285	26.836534370351806	1.061938632690294E-4
127.0	25.8316056334638	23.280957803533887	27.76771501500683	23.11904899281322	6.725551822677641E-4
128.0	26.062584269225418	24.069609344773475	24.340580589963338	25.519048871460516	0.00817692457725123
129.0	24.571572589565957	26.247866845118356	22.329622826712956	26.84757495554932	0.003362783053414092
130.0	26.074714812342165	24.46114700907829	24.01070166110793	25.45340111901598	3.5398455636177505E-5
131.0	26.06204517280513	24.75300657634371	24.38808286377149	24.79622821307382	6.371740058492574E-4
132.0	26.525616019879717	25.60593134842955	22.17126432305955	25.691807758611535	0.005380550019646087
133.0	26.704639581790556	25.710160297572106	24.392777901278446	23.190510712227557	0.0019115071313375314
134.0	26.49562816790129	23.217063826518565	21.000475395369303	29.286761814176693	7.079603414775911E-5
135.0	25.707120227960566	24.317374913718343	26.190049733633032	23.785030353445073	4.247712429868498E-4
136.0	27.754670616162397	26.224689398449986	24.53350475504088	21.481683906772457	0.005451323574284195
137.0	28.47517948914003	21.792824115864214	24.37080569579343	25.360872110846095	3.1858835623275637E-4
138.0	24.752877229025096	24.42768681193042	27.026696975768054	23.791535492019083	0.0012034912573439514
139.0	25.636095454759445	24.041064930035784	25.30842412994715	25.013141188218274	0.0012742970393478147
140.0	26.921405062296415	21.539856752572174	25.529638143432916	26.008887655475565	2.1238622293049097E-4
141.0	25.38353735442678	25.294226134027713	25.092134276216278	24.229642050681903	4.601846473197961E-4
142.0	28.614200655589144	22.87832661932643	23.700963560288006	24.806119775995242	3.8938880117807815E-4
143.0	26.58805072077203	25.69423180600625	24.173677687837372	23.54393358907764	1.0619630670484542E-4
144.0	27.587577687243204	25.75334988348462	22.978609525340104	23.679967319764003	4.955841680681669E-4
145.0	27.791500734526274	22.47767217118887	22.865006460291333	26.865218853431035	6.017805624878317E-4
146.0	27.16161477785884	21.61421856343914	25.414524618378238	25.805429625594208	0.004212414729575364
147.0	25.903368379469587	24.886709488509535	26.51189116748164	22.69417260935959	0.003858355179647141
148.0	24.47842642783387	24.75301428940081	23.766876781661765	27.001116121603097	5.663795004603603E-4
149.0	27.598157248418175	25.01067292150606	24.092447677905035	23.296491989467967	0.002230162702758959
150.0	25.75385342983752	24.148620510703793	25.08253430403917	25.014991755419512	0.0
151.0	26.504490771536183	24.095712499995575	25.93751117338509	23.46189614601849	3.8940906466420727E-4
152.0	27.301180353915004	24.35309227803137	23.21780436187891	25.127816801935467	1.0620423924841385E-4
153.0	25.105268337790466	23.770040280583398	24.84056634967568	26.283487792979464	6.372389709865097E-4
154.0	23.33674024631025	24.729798286441962	24.710645464268303	27.219983792676537	0.002832210302943835
155.0	27.03092077566956	23.64164176710581	24.211118534655977	25.116177296911463	1.4162565718730738E-4
156.0	25.676743149362018	23.874384404767344	25.969134287835672	24.47963193698684	1.0622104812557027E-4
157.0	25.03223851044981	22.996556268504833	26.442412212464706	25.528474341261543	3.186673191084963E-4
158.0	24.983083747048287	21.386888425671348	26.071424651238384	27.55849695153365	1.0622450833101113E-4
159.0	27.097485114073507	21.594330883977587	24.402261357777792	26.905426918740687	4.957254304313095E-4
160.0	26.69392484066645	21.206561932674646	26.062858099923268	26.03661971731241	3.5409423226527886E-5
161.0	24.468287017364947	20.962826832101072	28.727196113424547	25.838573978074276	0.003116059035154812
162.0	25.292404183849726	24.266661284234218	24.569918859830835	25.870980261345423	3.541073979409363E-5
163.0	25.158395940984494	24.284048930287373	26.944767870093372	23.612751847067358	3.541156740096093E-5
164.0	25.382929221747307	23.92051390103722	25.05759785260757	25.637400890261308	0.0015581343465928207
165.0	26.463950285096473	21.853111130077014	26.801724354686147	24.880824681517442	3.8954862292791116E-4
166.0	24.8783687207343	23.46026381008167	25.795145231536797	25.866151408542983	7.082910424556735E-5
167.0	26.594550334220386	23.77242981088587	26.40564162026586	23.227094906972905	2.833276549749149E-4
168.0	26.08385210969052	23.954628894718592	23.904973700810103	26.05647445998206	7.083479872823203E-5
169.0	26.432121078820455	22.66565654311779	25.554744481598007	25.34733622415676	1.4167230699538893E-4
170.0	31.005610336620197	23.28629717783067	23.18354726283577	22.524474385129775	7.083758358834864E-5
171.0	25.863020355195903	23.581100608615824	26.480951004726123	24.074396767649294	5.312638128591343E-4
172.0	27.090186614605628	24.445638808133616	24.527497568490325	23.936535384617564	1.4162415286627812E-4
173.0	28.47354054331548	20.115630675763228	23.54213651217379	27.86727609390655	0.0014161748409458632
174.0	24.41272218416259	25.825354087338887	23.753812601455472	26.007827892576245	2.832344668022652E-4
175.0	25.369737009814337	24.260738411862175	23.47357352253898	26.894322414354704	0.0016286414298055545
176.0	24.421910672505508	24.826258079866754	27.594479914343502	23.156147496870023	0.0012038364142103683
177.0	22.457248401905392	26.31537386136202	24.221668080742553	26.981099069826076	0.02461058616396387
178.0	25.140505085375892	23.385895495304105	23.943950217312405	27.52940135078914	2.4785121845429355E-4
179.0	28.170089357641253	24.21246828573907	22.900343301894978	24.716213799709283	8.852550154122899E-4
180.0	26.19232483470687	22.564215208954927	25.50269266691838	25.740589860128942	1.7742929087899892E-4
181.0	27.504492311103512	22.469230733697362	26.325493834420715	23.70025011965875	5.330011196576853E-4
182.0	25.57198931391132	23.165700469701783	25.697392369780175	25.564882311595145	3.553501158086028E-5
183.0	23.993115856663977	24.690698623988673	25.80093198194885	25.514862635185537	3.909022129685008E-4
184.0	26.288828876277474	21.708063640851176	26.7808588437278	25.219370023949367	0.002878615194183918
185.0	24.715946947151473	24.32098217061839	24.829052919594552	26.13366261870708	3.553439285048016E-4
186.0	27.355654316635476	23.145274263372727	25.301619702243162	24.197451717748635	0.0
187.0	24.651858864395077	22.919516830499184	28.034935119475545	24.393262105930003	4.270797001900505E-4
188.0	27.173114931241564	28.059249314586783	22.571886081351245	22.195144608575042	6.050642453656527E-4
189.0	25.05687950088416	23.699744576158732	24.671038581244428	26.57162545809711	7.118836155714574E-4
190.0	28.692941235519616	21.511296151865047	25.12093167133639	24.67461735969737	2.13581581578731E-4
191.0	26.544805233693904	23.931594377315335	24.7541358786942	24.76925062241374	2.1388788282366227E-4
192.0	26.75055962506992	23.496766313618917	24.270063169272905	25.482575241452505	3.5650585756949285E-5
193.0	27.430308324493925	24.334441601968145	22.13707470562543	26.098032748892475	1.4261902002905862E-4
194.0	27.33429750356928	23.617000489216554	24.478050151115145	24.57065185609902	0.0
195.0	26.156971284922935	21.891702302405754	24.53775177269302	27.413039702688984	5.349372893015752E-4
196.0	28.27346300175755	22.37091230334778	26.24577677046859	23.10974071318348	1.0721124259974399E-4
197.0	24.45421824121699	24.27467982971909	24.601123053332525	26.669299753728914	6.791220024805825E-4
198.0	27.13482158614515	23.700606806499568	24.211117542761226	24.953382469231	7.15953630547164E-5
199.0	25.55312563555241	23.410424010080604	25.521883806940565	25.514207858234556	3.5868919186966385E-4
200.0	27.324367157854862	23.64967488884951	24.217677752898307	24.808280200397324	0.0
201.0	25.279953620293416	21.47289291267284	28.43053053246974	24.81647943299661	1.4350156739586988E-4
202.0	25.235228206790573	24.972884847697696	28.190394114209056	21.601456952834525	3.587846814727537E-5
203.0	25.631032488989746	24.800494712100456	22.71591344260977	26.851877440317097	6.819159829262594E-4
204.0	25.494783496998885	23.773298023019663	24.31888974955186	26.412921047851984	1.0768257760503897E-4
205.0	27.230330746422954	24.53094600512596	25.308742129785845	22.929263197191492	7.179214737492013E-4
206.0	25.358033697458115	21.562689822839197	25.944357406160208	27.134883173241924	3.5900300557316264E-5
207.0	26.126616858525082	23.623917531103757	26.813917505968682	23.435332660910255	2.1544349222410574E-4
208.0	28.004278011873712	22.864630301410934	21.738958674735702	27.392133011979652	0.0
209.0	27.35980367611588	20.8940394853251	25.165312426027427	26.58016193415808	6.824783735175402E-4
210.0	24.59275184142776	24.647540200284684	24.945660726051738	25.813580183930807	4.670483050098475E-4
211.0	24.841250047616	25.710987760711085	25.389031716928802	24.058011742645036	7.187320990786573E-4
212.0	28.190980680899774	22.40905613382151	24.6514106078168	24.748193058699346	3.5951876256518073E-4
213.0	29.41293695552548	23.567378687714346	22.504598963875203	24.51476164884995	3.2374403501615485E-4
214.0	27.701285143453685	24.87346556751503	24.221390258828613	23.20378703337053	7.199683213938586E-5
215.0	25.838746990107854	24.90018739442377	23.011414679975495	26.249326224323465	3.247111694148055E-4
216.0	25.930454379255373	24.608433592196413	25.946020431263484	23.515091597284727	0.0
217.0	28.984687779799717	23.146924494812833	25.259927849562036	22.60790877257181	5.511032536033886E-4
218.0	24.248188875953762	24.582051148960783	25.514047797361727	25.655415576037548	2.9660168618058595E-4
219.0	26.359953238551803	22.84716206834544	24.750556385715402	26.041730143675185	5.981637121740895E-4
220.0	27.703614312073167	22.05639963435706	24.760887476879624	25.47868529346678	4.132832233686866E-4
221.0	25.730884004856296	22.943732767521812	24.17713380156506	27.148098139554232	1.5128650259645462E-4
222.0	25.57604882957751	24.7610136077172	24.20897794758792	25.453883261637415	7.635347996255625E-5
223.0	30.525887408481783	22.840131462208475	24.000918075282172	22.63236871137719	6.943426503830457E-4
224.0	29.560786248843705	22.86920963645195	24.619351176093875	22.950536922510526	1.1601609994090913E-4
225.0	30.14139369843867	20.203272157493533	24.042178933789543	25.612221841528765	9.333687494919946E-4
226.0	25.02063549462298	22.775965348091315	25.786231997987546	26.416892019369854	2.751399283063958E-4
227.0	26.989600140099686	23.92742137560574	25.656389645489824	23.425079828624096	0.0015090101806563162
228.0	27.28076616719762	28.229740073207243	22.888012543431152	21.601401443643304	7.977252068002883E-5
229.0	27.19519627202151	25.653891672509054	21.954736513735504	25.196175541733933	0.0
230.0	25.567175795310824	22.908478451211206	27.592583584654797	23.931762168823166	0.0
231.0	24.580925537789476	25.22415849470268	24.265857578936348	25.92729295695426	0.001765431617238003
232.0	24.84851588941309	25.65581157896215	24.30763397308436	25.187790731774612	2.4782676578635846E-4
233.0	22.920568550340413	25.355970911261288	22.196401231995605	29.52639056133207	6.687450706173896E-4
234.0	27.107136086397976	21.636349987467305	26.388722186855475	24.86622250176327	0.0015692375159733535
235.0	25.411760562049302	22.467754156694095	27.49474668091606	24.625609737239547	1.2886310099602586E-4
236.0	28.488492224546587	23.957374968299188	23.769540859138775	23.7842439459605	3.480020549521345E-4
237.0	27.423116199063752	24.32288317055919	22.584774503929747	25.669138207751	8.791869630640368E-5
238.0	27.1591043108877	22.810521654572682	24.246178768438597	25.784061753861288	1.3351223973457767E-4
239.0	27.183491818278615	23.53839823425693	24.4406705636698	24.836085839946147	0.0013535438485041537
240.0	25.349854030791896	22.115276839195744	26.047771487146477	26.486865096732217	2.3254613366472708E-4
241.0	29.111115664684	21.974259480383516	23.415294540617975	25.4967223589329	0.0026079553816090715
242.0	26.830066152479226	24.613426116043097	20.664530026207135	27.890671081809558	0.0013066234609842235
243.0	27.667302334325022	23.18140283964808	24.853748116612437	24.294273285965335	0.0032734234491221146
244.0	26.64885555567011	22.776508828543765	25.97885348432007	24.59456369026475	0.0012184412013080434
245.0	28.772372692179648	21.277095274787865	23.27145024489813	26.676921819951627	0.002159968182729552
246.0	24.427365649136128	27.389310449127475	23.08746735985376	25.092845957325906	0.0030105845567361127
247.0	25.352262806565918	23.436377622898746	24.495182341840778	26.57958769392436	0.1365895347701961
248.0	25.789768179789924	22.771501625503767	24.121625928732815	27.307991056778125	0.009113209195369733
249.0	25.272284182948436	21.64730923759481	28.47795214811312	24.587812567078927	0.014641864264705953
250.0	27.117873184691998	22.43036799199363	24.424886401563292	26.025780471466152	0.0010919502849278102
