# Position (bp)	A	C	G	T	N
0.0	24.250833776061185	23.618221129599068	24.673711257946376	27.457153034352316	8.080204105955717E-5
1.0	23.315134972816715	30.171968592504495	23.18656446980697	23.25298024140876	0.07335172346306162
2.0	25.275407881200508	26.256559142120455	21.875413539187527	26.591761354152045	8.580833394672885E-4
3.0	25.70456646082542	22.323255595890316	24.54768060225309	27.418536428542723	0.005960912488446546
4.0	26.453602142852173	23.66603115659086	23.39615353109636	26.484119475894254	9.369356635726374E-5
5.0	28.39042843485388	23.50497938020149	22.685575178540702	25.418188123525475	8.28882878448203E-4
6.0	25.435598810212184	23.960203722598546	24.652137629682546	25.94618671510391	0.005873122402811837
7.0	25.946873326637665	25.12662274520669	23.904285672421924	25.0215655611708	6.526945629210879E-4
8.0	27.175309772991103	24.590014447676456	24.009462171320013	24.225187022905327	2.6585107102756355E-5
9.0	26.80164261149961	25.298905766153467	22.21774847458329	25.6815040851627	1.9906260094132723E-4
10.0	25.14886676422944	25.1081073232941	22.910147178177763	26.8328787342987	0.0
11.0	27.955031312154716	22.152865014357754	23.004757669914753	26.88720389873661	1.421048361634588E-4
12.0	29.005357162418395	23.96523257890472	20.055859289718065	26.973550968958826	0.0
13.0	25.39535575693338	23.227256919598943	24.84020947690811	26.537026806896925	1.5103966263780953E-4
14.0	27.207585701465337	21.365937867785515	23.455199556111207	27.971227010697934	4.986394000669922E-5
15.0	25.805153762392358	23.273826046541643	24.163910757049827	26.75709711893633	1.231507983989411E-5
16.0	26.08623435642355	24.809694009588064	21.508492777526563	27.595530325264576	4.8531197248863497E-5
17.0	28.622502194725545	26.540167593752784	19.36592654881764	25.470091241881782	0.0013124208222483487
18.0	25.922820293105463	25.624669008821176	19.71744596215351	28.734910683189497	1.5405273035356642E-4
19.0	25.515729637413028	24.138243946175006	21.92825812188848	28.417119277424487	6.490170990044904E-4
20.0	23.587050092555604	24.84782714701806	24.019808493359815	27.545267379729292	4.688733723060881E-5
21.0	24.35196438397698	24.52920151076545	23.586451827293587	27.53206790387232	3.1437409166263605E-4
22.0	23.31289412638518	26.51017419199006	25.956742647522983	24.220142872491593	4.6161610181589386E-5
23.0	25.914137641772868	23.566505406616642	23.257001022718132	27.261965227583513	3.907013088493847E-4
24.0	28.562221339638715	21.61865511135477	24.01558709310489	25.803513669752594	2.278614902916194E-5
25.0	25.229872325646046	25.265021897065164	20.053220041736868	29.45164861990791	2.371156440094765E-4
26.0	26.479495934466087	24.587486222575762	20.201192526653205	28.73174666841939	7.864788555159694E-5
27.0	26.11410385546528	24.432234834617653	19.87187606698018	29.58170677820913	7.846472775093411E-5
28.0	27.4692532387758	23.681681713022975	22.883566616530032	25.96257839007115	0.0029200416000451216
29.0	27.39403294762246	23.46087585374238	22.250539084091837	26.894199987763596	3.5212677972577247E-4
30.0	23.724006445376006	24.576013606224613	24.38067996573953	27.319114117223364	1.858654364852977E-4
31.0	25.99651360423855	24.855127299175656	22.47522122063049	26.672637019599815	5.008563554860648E-4
32.0	24.532778776716142	22.30063582312749	23.947919148859867	29.218482618508503	1.8363278800156326E-4
33.0	23.73930595129392	25.037091928481164	24.077906826276404	27.145555921141153	1.3937280735751195E-4
34.0	25.982006518858586	26.817531497006037	22.306976827410008	24.893367999184584	1.1715754078653397E-4
35.0	25.252714690865925	22.395809147163643	25.648921089270498	26.702301777540992	2.5329515893849063E-4
36.0	23.897517407841892	24.586238155559688	25.757436745637335	25.75864950496219	1.581859988939635E-4
37.0	25.82532085663823	25.405292456936834	21.638004278404786	27.131350780169466	3.162785068407351E-5
38.0	27.281355966504112	24.776742729520596	20.980317733897465	26.96146762649682	1.1594358101025436E-4
39.0	23.539478974177392	27.494558267244802	21.581656552499613	27.38403220936721	2.7399671098563466E-4
40.0	26.52441523699779	26.142872827837234	22.687285059701217	24.645342579985346	8.429547841161187E-5
41.0	24.467179037873244	24.598569507465374	21.527081544901595	29.40243938928454	0.004730520475251898
42.0	24.69039417631967	25.577236642530554	20.273511217318333	29.45882636011341	3.160371802994221E-5
43.0	26.66452490222494	25.477846957939608	22.117271083125388	25.736723079337626	0.0036339773724342276
44.0	28.856497611412728	24.139818427556648	23.034524799148347	23.968853736141437	3.054257408390972E-4
45.0	25.772367252068673	24.532748784269153	21.268026676211186	28.42305590734994	0.0038013801010493183
46.0	25.982306050800798	24.369270190666448	21.76842412494995	27.87999963358281	0.0
47.0	25.583422629582035	24.382371414981094	22.62448641058138	27.40798240030422	0.0017371445512724005
48.0	22.852678276341013	23.610645069074096	22.656621349838307	30.880055304746584	0.0
49.0	22.598834795977734	25.959489394951035	24.137926679459014	27.302033613176512	0.0017155164356999178
50.0	27.482197366812017	25.095824713441434	19.808695754666843	27.61316640297462	1.1576210508547137E-4
51.0	25.678514266437517	25.92387213822367	21.26338785578496	27.13197397762906	0.0022517619247892575
52.0	22.858665161810077	25.76595943379211	22.244624425423407	29.13075097897441	0.0
53.0	23.093074126725174	25.12445379341457	23.71437264272188	28.066431310423695	0.001668126714682138
54.0	23.255673172234296	28.15062810495862	22.646946009076405	25.946731730736143	2.098299454190346E-5
55.0	24.13688332556376	27.784701328361646	22.68971055182973	25.387238507374427	0.0014662868704379496
56.0	27.49865114958081	24.959995274834558	23.73449973986456	23.806853835720073	0.0
57.0	22.926250934451385	27.488321386561974	22.79303238283087	26.78750510093436	0.004890195221410133
58.0	25.853544484076686	25.10968436910573	21.821875641976316	27.214738446415748	1.5705842552488403E-4
59.0	28.13643686734061	22.073135645356025	24.124448193071803	25.66322575619693	0.0027535380346313423
60.0	24.05204277109322	22.895153354610205	23.247881139498748	29.80489136634598	3.136845184874676E-5
61.0	25.4945553818907	24.119048149287792	22.81550571029084	27.56489979140352	0.005990967127155611
62.0	25.454134482145026	21.736164881214627	24.798706687724216	28.010784851025072	2.0909789105958055E-4
63.0	26.44306397700285	23.985383089123992	22.173124918782452	27.395981687671107	0.0024463274195981564
64.0	25.994659399691468	21.65109644142698	23.298371456240226	29.055830938416037	4.1764225286672254E-5
65.0	24.521392366645568	25.866762968152962	23.37517081664057	26.2318504219924	0.004823426568498452
66.0	24.502077900899884	23.453340066357946	23.23389385380435	28.81020794460017	4.802343376529716E-4
67.0	26.798489126740144	24.955465526183264	21.62377326628734	26.621645716881844	6.263639074083817E-4
68.0	24.214562346677802	22.30617464377055	26.349329296936162	27.12974581136803	1.8790124745550393E-4
69.0	23.397541521365678	24.92003248075357	24.890000623184534	26.789627829396085	0.0027975453001395536
70.0	26.711760671991936	23.15206701070801	24.481514154435796	25.654366260790734	2.919020735263793E-4
71.0	25.046528855798005	22.876246977497182	25.289712877838866	26.78661650317753	8.947856884231379E-4
72.0	27.66901816310707	25.543433084929667	22.298309737742034	24.48762647629148	0.0016125379297530621
73.0	25.776656575919286	22.504526897003117	22.996969655044573	28.71803956622928	0.003807305803738379
74.0	25.46372190790344	25.172388757086733	22.893618048176066	26.46931432275652	9.56964077232826E-4
75.0	25.753228172746834	24.53220943844954	22.42624829873775	27.28618182404437	0.002132266021508843
76.0	27.181383508230095	24.177565016445424	24.639823750076577	24.000250038249405	9.776869984998745E-4
77.0	24.349948674000338	24.557239150037287	24.09299626313441	26.999202288921175	6.136239067874084E-4
78.0	28.15640928894393	25.83127170739236	19.80997542688865	26.201761176980064	5.823997949952721E-4
79.0	27.547300611844467	21.429573512177353	22.409275517620753	28.611229638593382	0.0026207197640437043
80.0	24.45538403430434	23.626643893610282	27.237329038288312	24.67794961794052	0.0026934158565447195
81.0	25.362940972527692	25.006847746670186	21.868801541382542	27.761004178113375	4.055613062068974E-4
82.0	23.51655895855667	22.14980444705013	23.75657159506964	30.57586914761874	0.0011958517048217886
83.0	25.549724163073517	22.405066739704647	23.98673836534256	28.057628465846733	8.422660325339293E-4
84.0	23.701599524618807	25.561138523396565	24.800819751818164	25.935308854806504	0.0011333453599645233
85.0	25.542883474454236	26.457980739018964	21.87951042597864	26.118991132662384	6.342278857732704E-4
86.0	25.557885902987564	24.9744996594583	22.446392103383282	27.019194990819255	0.002027343351597791
87.0	22.746491451131696	22.320331961940898	25.31517525746616	29.617263201930694	7.381275305558808E-4
88.0	25.312441751297627	26.15186760218739	25.579300725529986	22.9556518225366	7.380984484027082E-4
89.0	27.037011626166358	25.469433494669264	22.155425128486602	25.33707981970294	0.0010499309748349217
90.0	24.294147547782917	25.727931293639234	24.742730562251623	25.234993092565855	1.9750376036764807E-4
91.0	27.123326885614684	25.102965482824775	23.788433335339477	23.98461944167517	6.548545458911152E-4
92.0	25.828668812283983	24.47019245280979	22.491188930044864	27.209939410771522	1.0394089837365754E-5
93.0	27.4332033695785	26.076992507335927	20.540000232820546	25.949544045905558	2.5984435946494513E-4
94.0	28.155868662881772	23.40052516222158	23.067632097090154	25.371307401162074	0.004666676644416285
95.0	24.544720316724977	26.37297914313268	23.748667468394174	25.331294613241305	0.002338458506859946
96.0	26.17595706559469	24.282767207226684	24.140958541360945	25.39939223372812	9.249520895603047E-4
97.0	25.777586790120445	25.346014729028177	23.035512099512655	25.840688927352	1.9745398672589595E-4
98.0	28.67778264697865	23.180810494362216	23.1420381689694	24.99935829775047	1.0391939263687456E-5
99.0	23.042287789046078	21.751121438733264	26.261075675138745	28.945483925802378	3.1171279531150705E-5
100.0	23.2132149885601	25.205558188263943	24.204825382167265	27.376401441008692	0.0
101.0	24.19840781288555	21.685120972454904	28.01042064388774	26.105863560213503	1.870105583044376E-4
102.0	25.44500547360161	23.652546409242532	23.907503198129415	26.994913748174426	3.117085201160055E-5
103.0	26.286883534211654	25.733961681954614	24.742826924655308	23.23606812512532	2.597340531083413E-4
104.0	26.642655438986683	26.721799404228165	22.307294885656294	24.327813930023563	4.3634110529565384E-4
105.0	27.38289312031335	23.081565598190142	20.72322553330753	28.80894954065293	0.0033662075360451735
106.0	25.914673549644	22.898391030630552	25.565821795328393	25.621030510035435	8.311436162144483E-5
107.0	26.479343822886204	24.001558368699648	22.765200588024456	26.75320114903719	6.960713525081944E-4
108.0	23.74622953414977	24.942099709934997	24.75311025451404	26.5584566210871	1.0388031408836246E-4
109.0	26.653101341269902	24.00179661443715	25.103324027557505	24.24110283207763	6.75184657810183E-4
110.0	24.86250862258709	24.31716537013218	22.52342835205313	28.296804171374184	9.348385341690236E-5
111.0	24.573016169631607	23.905412635823318	24.61387989202587	26.90696419002109	7.271124981185964E-4
112.0	26.8732277856413	23.76766475549609	22.859011327318505	26.500013035665894	8.309587820554036E-5
113.0	27.85459999366417	21.77339855428845	22.79496270429803	27.576290912188007	7.478355613466649E-4
114.0	26.52640601254788	22.530279875595152	26.51771225619181	24.42517599663218	4.2585903297384946E-4
115.0	27.67870312700608	23.312324996894144	25.105858830793316	23.902562508751455	5.505365550040034E-4
116.0	26.91361989896905	24.53096520383245	24.4119763360175	24.14332429862788	1.1426255311780438E-4
117.0	26.802264657072982	25.988554141275976	23.6624234124257	23.546009883983277	7.479052420678417E-4
118.0	26.933353803727904	25.280829956774298	24.28894377438412	23.496436188098137	4.3627701554527714E-4
119.0	27.46682677625032	20.898341494628504	24.482171534704374	27.15216158325664	4.986111601642924E-4
120.0	25.470251282673477	23.434022716658383	25.193522893664834	25.902120005384987	8.310161832091518E-5
121.0	27.84768535937319	23.219380558901005	24.346404855340545	24.58579169262751	7.375337577511163E-4
122.0	26.807260610949797	23.408779534965472	24.631817626071204	25.151570899343	5.713286705296103E-4
123.0	24.644818563235642	27.904634680167906	22.999687330226028	24.450163450461577	6.959759088458539E-4
124.0	26.052551648544338	24.51858333759228	22.31963781096016	27.109102550838305	1.246520649237815E-4
125.0	26.993725213440072	23.568005662442516	23.928899117590934	25.508487067698866	8.829388276088947E-4
126.0	25.19110604565105	23.362014215651346	24.10368953346545	27.343096716746718	9.348848543875289E-5
127.0	25.709442470993704	23.141934406922392	27.806397055103886	23.341260030034398	9.660369456155479E-4
128.0	26.269168687147683	23.49363492646024	24.578695818240536	25.64895433420316	0.00954623394838157
129.0	24.8449551527118	26.32478893499584	21.62120443441144	27.20615334627209	0.0028981316088307627
130.0	26.418946432429735	24.255447338241893	23.760159223494608	25.56541584257151	3.116326225339472E-5
131.0	26.60380574798146	24.392475512507	23.847207891344123	25.15582525134136	6.855968260606573E-4
132.0	26.529657834569313	25.085860784095786	22.463333482225867	25.914842473430472	0.00630542567856041
133.0	26.773638199362164	25.429831952283106	23.889996178302	23.904861222708593	0.0016724473441380356
134.0	26.900203602518026	22.548355598030454	20.95987160575904	29.591517254274613	5.1939417863004586E-5
135.0	25.671104477686363	23.620644235367834	26.320176409947866	24.387545098677965	5.29778319975302E-4
136.0	28.04765656293681	26.313378923941965	23.935723973214063	21.696727299018214	0.0065132408889420745
137.0	29.1397424226984	21.568512572576648	23.66152681745594	25.63001042845373	2.0775881528444206E-4
138.0	25.440770225258436	23.60264957621863	26.794612345534357	24.16075250823266	0.001215344755912029
139.0	26.47995021430142	23.204562733376953	25.390789375685387	24.923606978432534	0.0010906982037031593
140.0	26.857032332024932	21.40761424573203	25.524113952643102	26.210959001725502	2.804678744305853E-4
141.0	25.874019816465577	25.240984887667462	25.164197979336716	23.720454517832337	3.427986979051156E-4
142.0	29.146176941680075	22.57969684538828	23.233802932777845	25.040073970248812	2.4930990498903404E-4
143.0	26.628669122296404	25.587645964244647	23.70743649852227	24.07600949329186	2.3892164481555093E-4
144.0	28.44100721644055	25.227240123114434	22.422178548756758	23.909013159623793	5.609520644646113E-4
145.0	28.605547162641653	22.196784358023113	22.526073060560805	26.670483904494123	0.001111514280309566
146.0	27.776692226465745	21.820589012870276	24.18111774388157	26.21676018509429	0.004840831688125782
147.0	26.176245080183314	24.875280848571187	26.007047742257438	22.937936010622202	0.003490318365857872
148.0	24.68205027734835	25.04981549930494	23.21418888358641	27.05349865714741	4.4668261288968123E-4
149.0	27.850423329708935	24.705360382638574	23.770610074086722	23.67164286706347	0.0019633465022982064
150.0	26.123012656791904	23.804498387437576	24.48994389741265	25.58254505835787	0.0
151.0	26.306404406162624	24.3801002975851	25.942406489653084	23.370600553450526	4.882531486614488E-4
152.0	28.161176447489023	23.792953602624227	23.018737695430406	25.027017980579053	1.1427387729291835E-4
153.0	25.775261485118705	22.589060560911317	24.848882887536206	26.78604709048785	7.479759459246635E-4
154.0	23.371126005261665	24.575736256904843	24.639491652271403	27.41096580333876	0.0026802822233294257
155.0	27.22295978766427	23.20349249300606	23.8957280796047	25.677622232164175	1.9740756079269733E-4
156.0	25.53347029388751	23.667400925683783	25.855850211576108	24.943008429692494	2.7013916011033734E-4
157.0	25.590389030759347	22.72074871584087	25.8282382224025	25.860364279564855	2.5975143242524927E-4
158.0	25.35873449823511	21.388705442881147	25.67161673033132	27.580839425841937	1.0390271048922799E-4
159.0	26.79650983071276	21.87113181129811	23.888177428195146	27.443651014242782	5.299155512030901E-4
160.0	27.0040987988515	21.121277667307872	25.822183388907717	26.052388191693737	5.195323917536078E-5
161.0	25.27673353893804	20.53976898720268	28.309920782163783	25.8696074353523	0.003969256343198944
162.0	25.673089322229053	23.648410289618536	24.138528690910665	26.53994052451439	3.1172727354909916E-5
163.0	25.904351227151963	23.461820461067312	26.676236213036642	23.95754014304858	5.195569550803526E-5
164.0	26.0160779335651	23.668242828712085	24.40226797747485	25.91160316296485	0.0018080972831156132
165.0	26.571173619669068	22.336575424844508	26.303339180715916	24.788350625561865	5.611492086393285E-4
166.0	24.87444491600633	23.32901168341912	25.384594281039707	26.411824416587653	1.2470294718788618E-4
167.0	27.4599409636616	22.88952988335314	25.980842080496767	23.669312951205857	3.741212826374054E-4
168.0	25.683396303084123	24.498809801560846	23.95001426367481	25.86769649186347	8.31398167494514E-5
169.0	26.32068169365855	22.811040607132373	25.455740046509344	25.41227783556111	2.5981713861930264E-4
170.0	30.943785274183128	22.879043686073867	22.576277457416356	23.600758474508012	1.351078186375E-4
171.0	25.38048417747666	23.242971621465024	26.676373704320934	24.69951573937955	6.547573578358087E-4
172.0	27.4154988905534	24.3588210897785	23.811207430835772	24.414337562798792	1.3502603353859714E-4
173.0	28.612580600332656	20.481733499431144	23.0120869599718	27.892144857397057	0.0014540828673517059
174.0	24.63239903053946	25.649023918172297	23.52282682811186	26.195386701440114	3.635217362629031E-4
175.0	25.9514942348224	24.06704581854803	22.977368463254965	27.002710067633284	0.0013814157413258516
176.0	24.93062511971036	23.909934599192056	27.88480674541133	23.27316896642127	0.0014645692649856597
177.0	23.112366138040127	26.17653926970674	24.11066171322533	26.575273707273556	0.025159171754248703
178.0	24.991729686369972	23.287863313449613	23.710482831555964	28.009622957829762	3.012107946885942E-4
179.0	28.670880783699044	23.4342820549975	22.9673740919575	24.9261542728311	0.0013087965148618518
180.0	26.677307997848143	22.529738676812183	25.359384300085125	25.43339209759912	1.7692765542652212E-4
181.0	27.966731343563538	22.27861014836783	25.919280314950782	23.83478422161598	5.939715018725733E-4
182.0	26.2361490067947	23.305391233341112	24.709870715900422	25.748495256380345	9.378758342014764E-5
183.0	24.48664652555382	24.025988913703426	25.585156993339673	25.901811553801053	3.9601360202508854E-4
184.0	26.28632495289796	22.386313634651593	25.4965281331376	25.826737449826087	0.004095829486762342
185.0	25.26527844180464	24.264594013629374	24.2976483097917	26.172041567548938	4.376672253523534E-4
186.0	27.67011189389677	22.82360998634088	25.081288277866108	24.42498984189624	0.0
187.0	24.7779054273321	22.395693444899738	27.321227146990722	25.504662686922252	5.112938551869718E-4
188.0	27.3311854492086	26.94231017272261	22.106419400498645	23.61965712606509	4.2785150505636997E-4
189.0	25.333961862657855	23.8818149191252	24.8123987114801	25.97106267409311	7.618326437356433E-4
190.0	29.2987083306676	21.39952952973743	24.98162861529595	24.319945661822285	1.878624767350587E-4
191.0	26.51300326457136	24.253176658152803	24.63961855543945	24.594023866619807	1.7765521657895202E-4
192.0	27.243721121758664	23.33856246583732	23.55090147666382	25.866773130550293	4.180518990530079E-5
193.0	27.666070078532012	24.21299440242638	21.761436310236004	26.359394684808407	1.0452399719415782E-4
194.0	28.11882185773295	23.075576299096664	23.75247648320883	25.05312535996155	0.0
195.0	26.633354679933756	21.31788391421803	25.111066090203916	26.93716217332227	5.331423220292526E-4
196.0	29.011146847988563	22.161457662481492	25.52739819126301	23.299892579930983	1.0471833595024455E-4
197.0	24.998889826833935	23.841911341152024	23.96401991608767	27.19458193601632	5.969799100550269E-4
198.0	27.961113896566808	22.989314931358063	23.28071636071107	25.768739454696448	1.1535666761014437E-4
199.0	26.014744837174653	23.256164497811888	25.133470545094273	25.595199955294483	4.201646247016043E-4
200.0	27.28938240717766	23.833461108647114	23.72349520143994	25.15362976785932	3.1514875966902655E-5
201.0	26.041712628593594	21.547476621925487	27.589437182284897	24.821131938780184	2.4162841583788122E-4
202.0	25.827095131686455	24.92248191104507	27.557808012333552	21.692614944934917	0.0
203.0	26.434814171599402	23.986214997736933	22.254724722933286	27.323594563133568	6.515445968089657E-4
204.0	25.91282792576934	23.023722206959583	24.756943911653345	26.306411366951266	9.458866647006238E-5
205.0	27.68017312595775	24.2265982515035	24.738114406913265	23.35435747273098	7.567428944995301E-4
206.0	25.519052028344298	21.630893275404116	25.73786856901214	27.11210203576011	8.409147933625334E-5
207.0	26.734083567211968	22.71442682843751	26.05857240537692	24.492770017333793	1.4718163980531653E-4
208.0	28.31651734896895	22.15745935532523	21.76406647155793	27.761925280376808	3.1543771083068E-5
209.0	28.142438559222	20.36358382165462	24.82598312658615	26.667468690318163	5.258022190746533E-4
210.0	24.879023687051113	24.2180753110087	24.354772838831227	26.547770563974854	3.575991341052496E-4
211.0	25.702140337175482	25.115182406684262	24.69984615695357	24.48215782546052	6.732737261661102E-4
212.0	28.45615454407507	22.563592384929894	24.372357793046493	24.607653247740227	2.420302083164526E-4
213.0	30.12022089643561	22.811419516575075	22.352873181203233	24.715244273276646	2.4213250943711456E-4
214.0	28.214126965735893	24.983894922002552	23.785830901947566	23.016115611076586	3.1599237405070625E-5
215.0	25.97107383296035	25.49299827385052	22.60001226105323	25.93559908170831	3.1655042759104175E-4
216.0	26.95431659112008	24.359060915116423	24.9829138994709	23.70363405225227	7.45420403263919E-5
217.0	29.60394018353874	23.294738438275765	24.327857819900135	22.772906308655212	5.572496301523488E-4
218.0	24.953097791294077	23.970110840137366	24.820461000832353	26.25610365663416	2.2671110204266703E-4
219.0	26.47638518208356	22.571338690429492	24.39568357927466	26.556092000275516	5.005479367686083E-4
220.0	27.9178709015102	21.14032197128361	25.229890939220713	25.711599439770712	3.167482147688333E-4
221.0	26.14385502995798	22.788438446495697	24.051162119675322	27.01635746890942	1.8693496158816425E-4
222.0	26.190292841865215	24.605358758913994	23.667045558948967	25.537092015788314	2.1082448351330348E-4
223.0	31.088861707203968	22.55915936905634	23.476272405287883	22.87515765750629	5.488609455193905E-4
224.0	30.163139689144625	22.388331462022492	24.79642899559664	22.65199882265698	1.0103057926219389E-4
225.0	30.501308979965824	19.50627211575972	24.244028251314226	25.747589674096368	8.009788638599916E-4
226.0	25.51274376737534	21.864704016184806	25.88520613468769	26.737163820447552	1.822613046150271E-4
227.0	27.50548811412244	23.59367434669439	25.28668832728164	23.61293129062658	0.001217921274947566
228.0	27.674347990719767	27.516030536641694	22.607808611994017	22.20173207465687	8.078598764736086E-5
229.0	27.610468300077184	25.419631354372786	21.4053399040723	25.56456044147773	0.0
230.0	26.379592706961752	22.90265405863858	26.728429916264073	23.989299888945638	2.342918995918635E-5
231.0	25.471297595590382	24.671241304984918	24.27526437749958	25.58082262465372	0.001374097271398189
232.0	25.49957469332461	24.572563221230396	24.378009812279583	25.54970947293864	1.428002267667601E-4
233.0	23.6362741894025	25.49037956927308	22.248627057489234	28.624262107676802	4.5707615839036056E-4
234.0	28.168151357463778	21.067189338240443	25.9540564963246	24.809299539459012	0.0013032685121679604
235.0	25.77671470321004	21.98277193862283	27.476624607763522	24.763741032770294	1.4771763331239437E-4
236.0	28.64387004296355	23.545764974441656	23.59809964556288	24.212053405300363	2.1193173155330624E-4
237.0	27.425370648616536	24.479865177092073	22.264646267093248	25.830017353120027	1.0055407810889956E-4
238.0	27.38926208150099	22.823619337935856	24.35571139963647	25.43138172729848	2.5453628198343837E-5
239.0	28.10751401330788	23.102146390852987	23.971379906754738	24.817798285019137	0.001161404065249745
240.0	25.451345685238923	21.885851486093745	25.885123755850742	26.777586385194663	9.268762192560123E-5
241.0	29.815418432652045	20.91870963773665	23.487630955109495	25.776106746401073	0.0021342281007318544
242.0	27.189436483828437	23.62259769928407	21.334405146829642	27.852564643142813	9.96026915037709E-4
243.0	28.359924650539725	23.073110060686343	24.19050709675633	24.374075568821336	0.002382623196261065
244.0	26.666620425010617	22.92023260975813	25.677551418943	24.734501753270173	0.0010937930180790647
245.0	28.68929690256498	21.38644163842231	23.395470923456894	26.527053106523113	0.0017374290327064335
246.0	24.531730797934067	26.48010549468437	23.800317228330908	25.18537001516265	0.0024764638880027906
247.0	25.655715856931504	23.191049224516437	25.086459585769344	25.930551432470438	0.13622390031227535
248.0	26.069571156335353	22.722264470087996	23.85093824952567	27.34663095912563	0.010595164925357801
249.0	25.534614522659737	21.903976524637926	28.1273905801177	24.41788364029729	0.016134732287350153
250.0	27.784631052867642	22.06684584852276	24.234955300084646	25.912717977425785	8.498210991694009E-4
