# Position (bp)	A	C	G	T	N
0.0	24.202897917094763	23.428233799539186	25.150445230441182	27.218423052924866	0.0
1.0	22.780583187316335	29.963310892826435	24.05996625200332	23.125852111991506	0.07028755586240587
2.0	24.993490307549564	26.028080855662562	22.26470180636974	26.713167725100195	5.593053179371079E-4
3.0	25.911390494973514	22.032838436408053	24.371184492498305	27.677755843536485	0.006830732583650083
4.0	26.071791295629577	23.163013529501907	24.170761956581757	26.594371176273146	6.204201361077695E-5
5.0	28.623147765420082	23.63293607881219	22.651439988250306	25.091918428862602	5.577386548211239E-4
6.0	26.142651396670164	23.244325718131968	24.466721438045653	26.140919169322746	0.005382277829469641
7.0	26.223764560830887	25.120668504130588	23.170885380054827	25.483693228356575	9.883266271253656E-4
8.0	27.354146984022833	24.462555902819748	23.658023981785487	24.52521146251397	6.166885796675308E-5
9.0	26.00007383343178	25.90261370348494	21.632149537310493	26.465039870053158	1.230557196298484E-4
10.0	24.742089314773068	24.772028532627907	22.48152467464923	28.0043574779498	0.0
11.0	27.521699910990044	21.848898128401345	23.134464775354395	27.49469823234586	2.389529083555858E-4
12.0	28.51609968023403	24.107265983289196	20.315687862211863	27.060946474264906	0.0
13.0	25.327948797521078	22.333009778964144	25.794555419963462	26.54436933731243	1.166662388904574E-4
14.0	26.16265971298743	22.047873170066676	23.484206914320243	28.305144667414567	1.1553521108860743E-4
15.0	25.156909193972044	23.57589865656304	24.348383461776656	26.91875166090506	5.7026783198997246E-5
16.0	26.85539459080554	24.331152520591157	21.828085752672468	26.985198632199044	1.6850373179598017E-4
17.0	28.010214254366574	26.284183230408992	19.163591203525446	26.54096769569036	0.0010436160086301552
18.0	25.81431425177486	25.70922208332401	19.717331531961168	28.75891387298471	2.1825995524579617E-4
19.0	24.82732744147052	24.183714914347895	22.08237675631884	28.905820694208845	7.601936539033771E-4
20.0	22.86457338929501	25.44854017472383	23.596184941045	28.09064756116898	5.39337671765565E-5
21.0	24.078799118982815	23.941294067585687	23.263992035519017	28.715540104747912	3.746731645698351E-4
22.0	22.63210823678175	27.061688346130264	25.69631707249802	24.609886344589967	0.0
23.0	25.498072098146196	23.622893319949377	22.645959533588137	28.23260006565316	4.749826631327956E-4
24.0	28.857199797674298	21.055368091019364	24.25889320310142	25.828538908204912	0.0
25.0	25.31334710728812	24.470119897664386	19.656905192387118	30.559368698920935	2.591037394369883E-4
26.0	26.68350094531611	24.7501038171168	19.92189857648033	28.644393488796776	1.0317228998635547E-4
27.0	25.111674688031353	24.67017369788343	20.487261880745844	29.73078680735962	1.0292597975240127E-4
28.0	28.181302067012048	22.97226077153799	22.93278446342744	25.911617836779712	0.0020348612428118524
29.0	28.134504772520685	22.97807509088535	21.99110379759854	26.89571136093344	6.049780619830274E-4
30.0	23.558849905561598	24.070019689280116	25.337748808873705	27.03333149633519	5.0099949399051105E-5
31.0	26.207492726427944	24.384263958378614	22.345869069720603	27.061526742217428	8.475032554095634E-4
32.0	24.274815713058004	22.804762896139223	23.888629611613606	29.03169311130428	9.866788488615206E-5
33.0	23.87710608237665	24.968815963882196	24.171559572986272	26.982274183134543	2.441976203430293E-4
34.0	26.827920034851637	26.57025993513723	22.11196088871678	24.489810736240862	4.840505348758411E-5
35.0	25.05516006128629	22.176526582569853	25.74781985282658	27.019918045168666	5.754581486072714E-4
36.0	23.97313011626208	24.106233784279105	26.51240120837815	25.408186977593257	4.791348740713767E-5
37.0	25.650333278892433	25.146188187027	21.192677203934494	28.010657644484315	1.4368566175149947E-4
38.0	27.476031301638105	24.468925084739755	20.88895464729156	27.165993201666495	9.576466408389367E-5
39.0	23.51123170575248	27.38483456427952	21.620291559034673	27.48349855522598	1.4361570734565618E-4
40.0	26.850832061320816	25.119794142184915	22.50502462893851	25.524253437545024	9.57300107361207E-5
41.0	24.319079183517196	24.414080260355597	21.353418363684224	29.907679054296587	0.005743138146402163
42.0	24.679796850153302	25.35827101544775	20.129646086092237	29.83214248627427	1.435620324364056E-4
43.0	25.768446618432954	25.75576696812336	22.598055563663088	25.87342455344903	0.00430629633156185
44.0	29.40060365898291	24.533585168876687	22.187983942613645	23.877683706230776	1.435232959837876E-4
45.0	26.003144550299172	24.233175053489404	21.366726601584904	28.39245747993041	0.004496314696108918
46.0	25.9614993713002	23.580331764094808	22.28993080715106	28.16823805745393	0.0
47.0	25.385170136736836	24.232576957509814	22.89007682360413	27.49035879071689	0.0018172914323317188
48.0	22.512328271976454	23.487545504878238	22.65729364189155	31.34283258125376	0.0
49.0	22.487159885776407	25.747542533849472	24.329596158507464	27.43364566495848	0.0020557569081798566
50.0	27.204644703598973	24.1533670037694	19.891387746224027	28.750552741718433	4.78046891619599E-5
51.0	25.327391735360223	26.26427842851967	21.450025858665427	26.955866284410906	0.002437693043780011
52.0	23.05110264897187	25.149155540628605	21.794121940677456	30.005619869722068	0.0
53.0	23.149119519527527	24.225391952981358	23.443509864362337	29.180216702151924	0.001761960976850214
54.0	23.415198362699414	28.377718159922516	22.13093833361428	26.07614514376379	0.0
55.0	24.884744650811232	27.19004178570919	22.36200970721481	25.561540033941977	0.0016638223227910382
56.0	26.919574147291648	25.351431154477606	24.26992536455011	23.459069333680638	0.0
57.0	23.08793132374881	28.11883173947739	22.231141668532146	26.555869082806836	0.0062261854348135024
58.0	25.83107126835314	24.506099971866753	21.674004121140232	27.98868207151927	1.4256712060037866E-4
59.0	28.188363718614838	21.74990900096844	24.429082054990975	25.629508966374555	0.0031362590511961027
60.0	24.319451964567133	22.502585050412634	23.420153380448713	29.757809604571516	0.0
61.0	26.102860233829333	23.501319085939873	22.647614257515944	27.741231399939263	0.006975022775584573
62.0	25.337874864956806	21.49541268298145	24.436021196977308	28.73050147106339	1.8978402103945658E-4
63.0	27.031880325782137	23.511034548524545	22.131816799499383	27.322469184534125	0.002799141659815095
64.0	25.232339806321917	21.644738462587842	23.28002228188479	29.842852081253092	4.7367952359208235E-5
65.0	23.67502814604589	25.713763357234775	24.34186563880512	26.263469724232692	0.005873133681521748
66.0	25.04802437023664	23.339843935005124	23.254925102821407	28.356922424065605	2.841678712226986E-4
67.0	27.328154184805054	24.445950451423222	21.079740701590875	27.14539692282046	7.577393603922059E-4
68.0	23.980415491253602	21.920575620516285	26.92457956242195	27.17428725808827	1.4206771989360074E-4
69.0	23.082638335110687	24.59943288902695	24.686848291185157	27.62800247755896	0.003078007118246616
70.0	26.729326169995776	22.350379120097173	24.066478521098293	26.85348522407967	3.30964729088821E-4
71.0	24.352577069552165	23.079837700132167	26.14209401558166	26.4243115727129	0.0011796420211137048
72.0	28.658361960084378	24.485532344336292	21.878952838872557	24.975831803506544	0.0013210532002277872
73.0	25.82724876598511	22.490230961165857	22.93378282941935	28.744538749931003	0.00419869349867694
74.0	24.972595063526622	25.380555985313595	23.208302044851646	26.43798088352383	5.660227843038109E-4
75.0	26.11952300973818	24.714332677266555	21.728120455935755	27.43557127097256	0.00245258608695078
76.0	27.264418165714467	23.26092062333223	24.728982911279573	24.744876543733902	8.017559398324613E-4
77.0	24.95552885295566	24.348259541725536	24.046912108413395	26.6481205163369	0.001178980568513862
78.0	27.51854801782722	26.43337167195532	19.76834606807487	26.27940414330628	3.3009883630728804E-4
79.0	27.49181274829948	20.41321748971436	22.862013274075473	29.230221509660836	0.002734978249849694
80.0	24.31767320929592	22.876018857408532	28.00970219138629	24.794578164976862	0.002027576932398699
81.0	25.44845692342802	25.028102231769857	21.46072194444811	28.061917326629032	8.015737249791119E-4
82.0	23.264167036394934	22.393887201209658	23.493925062012977	30.84721916407307	8.015363093590679E-4
83.0	26.082522637714533	21.791281356405275	23.468070520853665	28.656946805731963	0.001178679294565157
84.0	23.383543825787772	25.71078624341568	24.64635711884711	26.258511354994983	8.014569544541442E-4
85.0	25.127176232717304	26.75506972477324	21.318795494583668	26.797874291285073	0.0010842566407183625
86.0	25.672967145684083	24.625511330586125	22.337899130113424	27.362019698071016	0.0016026955453548699
87.0	22.068551378654032	22.75978736421561	24.778347274319582	30.392654091655107	6.598911556673809E-4
88.0	25.21237806878297	26.06778187933381	25.778531056404148	22.9406962757955	6.127196835727024E-4
89.0	26.601568188684098	26.005237978311925	22.64216746920437	24.750130902328245	8.954614713563083E-4
90.0	24.14415501301169	25.20172596937328	24.638231654270765	26.01579310988351	9.425346075144514E-5
91.0	26.95289766116457	24.526646305746503	23.767565063601566	24.752372600126577	5.183693607893164E-4
92.0	25.91183297724859	23.94279585741657	22.488942838267157	27.65638120513403	4.712193365797204E-5
93.0	26.75701145958987	25.99965131182147	21.110194888419784	26.132718259951748	4.2408021712907114E-4
94.0	28.548031050852252	22.47007409327035	22.60888412472171	26.36905280765199	0.003957923503704663
95.0	23.784509874502692	26.328991781142047	23.817255267061054	26.066604599620437	0.0026384776737673125
96.0	26.24506144862917	23.654589260458707	23.882424551938062	26.217312278513095	6.124604609660104E-4
97.0	26.044512868443764	24.608142790920297	23.407791542140433	25.939128812575614	4.239859198986956E-4
98.0	28.81190497500954	23.08605103612664	23.61030897725185	24.49173501161197	0.0
99.0	22.228130703561966	21.914395054459817	26.68128348542832	29.176049455401827	1.4130114807182808E-4
100.0	22.83884070011638	24.527386592327694	24.36527639035873	28.2684963171972	0.0
101.0	24.34691941878065	21.54339412583039	28.363782955432754	25.745668028320644	2.35471635557724E-4
102.0	24.957593156133477	24.2056192717796	24.653846190071192	26.182894289462855	4.7092552877872996E-5
103.0	26.044872854282115	25.394771598198158	25.075677210389003	23.484631252227707	4.7084903026287974E-5
104.0	26.99088377734231	26.456396846188106	22.175463509213685	24.376879202751912	3.766645039846396E-4
105.0	27.472931564742954	23.065706284171018	20.761146130941732	28.69673182426846	0.0034841958758420923
106.0	26.437086292270045	23.210007095327395	24.324260699372342	26.02859883056575	4.708246446568701E-5
107.0	26.041856464277085	23.809436372307935	22.68145593187861	27.46640376313635	8.474684000220343E-4
108.0	23.645089916203748	24.53380096036155	24.61326617079371	27.207795876094533	4.7076546464551366E-5
109.0	26.611994438006082	24.253701484359482	25.4482404121976	23.68502808769272	0.001035577744116271
110.0	25.315977868723216	23.858147082149774	22.625206215772888	28.20066883335412	0.0
111.0	25.2030354476005	23.026514276139505	24.11974043468295	27.64990970188207	8.001396949773347E-4
112.0	26.162411171609932	23.75397871648477	23.426503817167536	26.657106294737765	0.0
113.0	29.25148362017441	21.249770574199832	22.424430671052818	27.073138592007982	0.001176542564956915
114.0	26.06323350993889	22.019581285772507	27.50782865527845	24.409074180920765	2.8236808939397217E-4
115.0	27.792772547257055	23.05273635587098	26.07845859521888	23.074997117396105	0.0010353842569823728
116.0	27.222849978657326	24.068605281029118	24.6608350420806	24.047709698232957	0.0
117.0	26.18493181629933	26.178248985339188	23.821986325610116	23.813797504574445	0.001035368176923714
118.0	27.627442490870074	23.91245623282256	24.618519634049925	23.84129927337073	2.823688867136026E-4
119.0	27.308703771333047	20.906200467604638	24.150160574378127	27.63422926180965	7.059248745336189E-4
120.0	24.98762301685905	23.384309561995977	24.945644807879102	26.682422613265867	0.0
121.0	28.206973245241056	22.954567594697707	24.02864520707631	24.809013912700546	8.000402843813783E-4
122.0	27.91338141711947	23.137396454048233	24.354581999546333	24.594216580341115	4.2354894484545637E-4
123.0	25.04757808264562	27.67962020360219	22.897105219565088	24.374755285826154	9.412083609421119E-4
124.0	24.918398310365014	24.572932333657732	22.775248052194964	27.73342130378229	0.0
125.0	26.755740152763284	23.57812071320907	24.372949105100407	25.291919432918885	0.001270596008352051
126.0	24.32609858836119	23.40095916332271	25.14784865906784	27.12504652991538	4.7059332877485265E-5
127.0	26.47051211162222	22.95596522393854	27.201327043211254	23.370783873130904	0.001411748097081211
128.0	25.96565877311619	23.400372513089252	24.143422245186645	26.481558343286153	0.008988125321760769
129.0	23.987298079606294	26.00072563579013	22.58157873313026	27.4273387754449	0.003058776028419323
130.0	26.395838519576113	23.533550147693212	23.741595933766053	26.328968340428975	4.7058535641899605E-5
131.0	26.26080998473885	24.17827174832224	24.225001094116102	25.33488188016676	0.0010352926560574269
132.0	26.747172105670096	25.332766115244727	21.787198157545138	26.127357715867973	0.005505905672071082
133.0	27.77056731347512	25.171317808299115	24.53367014933661	22.522280020969433	0.002164707919725101
134.0	26.672360730722534	23.0715475619053	20.679899483298982	29.576192224073182	0.0
135.0	26.592105213623412	23.17406477406628	26.09169298764075	24.141431158260897	7.058664086646514E-4
136.0	28.249313652872587	25.621477088664662	24.23348884574154	21.890026343306268	0.005694069414941426
137.0	28.592517647058823	21.373976470588236	23.592141176470587	26.440988235294117	3.7647058823529414E-4
138.0	25.15044394374893	24.104677361974623	26.739116931225894	24.00491472176576	8.470412847922207E-4
139.0	26.762203107404854	22.99457942931306	25.322803713601495	24.9193314237339	0.0010823259466940355
140.0	27.273334748209326	20.778818647563646	25.81317331117217	26.134532119175226	1.4117387963232675E-4
141.0	25.746728006159046	24.87049436142238	25.051105786153816	24.331342435120124	3.294111446378454E-4
142.0	28.61232301623119	22.30295489422739	23.531764724706033	25.552722068835376	2.3529600001505894E-4
143.0	27.75110835867856	24.5499153172087	23.531368868262376	24.167230983313324	3.7647253703430937E-4
144.0	28.22992491195178	25.042918212569386	22.2713052219041	24.455192821364236	6.588322104950088E-4
145.0	28.593553014056987	21.649341903714507	22.62548629571956	27.13081878387364	8.000026353027986E-4
146.0	27.822316130277038	21.640839337226648	24.423085067834975	26.10947713187232	0.0042823327890221695
147.0	26.66072801640611	24.059674494202994	26.139754981266428	23.136548486585333	0.0032940215391362698
148.0	24.925613409962228	23.912082885696176	23.814720333244395	27.34720690883543	3.764622617758572E-4
149.0	27.9316167079682	24.097256404874866	23.920552351928592	24.048315735084156	0.0022588001441867425
150.0	25.764895557450462	23.980986317150716	24.84941148124514	25.404706644153684	0.0
151.0	26.78317136873809	24.03905974258218	25.020447539942115	24.156662509706113	6.588390315066237E-4
152.0	27.762357749058562	23.580173011781028	22.7897514379216	25.86757662091483	1.4118032398060745E-4
153.0	25.243396023966884	23.219190072905864	24.58478671317482	26.951591862704312	0.0010353272481189986
154.0	23.61831606262727	23.972781637064337	24.810284207786854	27.59584147689597	0.0027766156255691473
155.0	27.56898234740953	22.849011189481306	24.360443060911933	25.221281005933143	2.8239626408569035E-4
156.0	26.362095574374873	23.106451936296303	26.278834762824353	24.252429460113177	1.8826639129569165E-4
157.0	25.592117927967323	22.212735553998154	26.161019928749578	26.033702983923234	4.23605361714265E-4
158.0	25.473053785112782	20.520233254430238	25.570156838140086	28.43636784688689	1.8827543000931492E-4
159.0	27.089227843662407	21.403338660064346	24.02733813288272	27.47934224678219	7.531166083393543E-4
160.0	27.057617430204623	20.608935013292566	25.456861297926665	26.876539188588726	4.7069987422899365E-5
161.0	24.854669908880975	19.882003733630064	28.871664233123116	26.387755274952763	0.003906849413078249
162.0	25.718048726298438	22.81657548961184	24.678762100847376	26.786613683242344	0.0
163.0	25.2831831747018	23.395091366114045	27.52638367177865	23.795294715734176	4.707167132676213E-5
164.0	26.347555972722432	23.012469973634698	24.60159020289656	26.036689241064348	0.001694609681964128
165.0	27.181330793843273	21.808435770468638	25.956510134344736	25.05282889369777	8.944076455848508E-4
166.0	25.195859943075625	23.001597761439246	25.40497179673311	26.397570498752014	0.0
167.0	27.162784917033516	22.71375515436375	25.987126271849114	24.13567457610522	6.590806484035419E-4
168.0	26.881575143896374	23.674237252706796	23.599334870613315	25.84485273278351	0.0
169.0	27.42031087058358	21.741120085121008	25.314931251132865	25.52311991092425	5.178822382870339E-4
170.0	31.69299420153935	22.3833951973906	22.73113334576264	23.19247725530741	0.0
171.0	26.095375476263	23.069325249554044	26.305018292548006	24.52919816448369	0.0010828171512587278
172.0	27.577137876276296	24.210359852817007	24.367793695304094	23.844661510178838	4.7065423762955936E-5
173.0	29.397318224918063	19.30148676405885	22.735890564377424	28.563469225936842	0.001835220708818706
174.0	24.996870650085974	24.87268486928729	23.865363602225273	26.2647985310408	2.823473606639304E-4
175.0	25.77605963209931	24.48238377811137	22.672809325044824	27.06733551996913	0.001411744775367877
176.0	25.170077631450148	23.36600292153275	27.862706785033918	23.600083203445603	0.0011294585375770856
177.0	23.429602803133523	25.863660216541597	23.968768310848493	26.712459966160964	0.02550870331542547
178.0	25.614357566927566	22.352921245524673	23.839050082259444	28.193529927754753	1.411775335720175E-4
179.0	28.570225134196697	23.216240459398378	22.94822355856793	25.26418136484842	0.0011294829885743383
180.0	27.49958859068852	21.476886341163706	25.71984841276166	25.303535196597064	1.4145878904675164E-4
181.0	28.688563298019538	21.69016984434162	25.78554070531256	23.83478168064957	9.44471676711123E-4
182.0	26.22340453163688	22.449590628251162	25.14964489001957	26.177359950092395	0.0
183.0	24.47049922570828	23.930171590979395	25.99287151007902	25.605843718224875	6.139550084324359E-4
184.0	26.31400964814589	21.427923702757003	26.40081840156652	25.853469846946435	0.0037784005841407305
185.0	25.725459341879947	23.927761505861195	23.3995880019986	26.946435537236134	7.556130241238903E-4
186.0	27.609500918854152	22.623365202372252	25.078035300435314	24.689098578338278	0.0
187.0	25.27697591445922	22.69757489098574	27.583788081675436	24.440857015958485	8.040969211128891E-4
188.0	28.54299933633583	26.80980936329393	21.87622544903764	22.770634728794086	3.311225385178293E-4
189.0	25.544237462043284	22.3694735990607	24.947053366705756	27.13819485212551	0.0010407200647517103
190.0	28.93646010246997	20.941484253402656	26.02883919405428	24.092837982959516	3.7846711357325E-4
191.0	27.362458182493448	23.394165113659295	23.971201700839146	25.271748656297284	4.2634671082986966E-4
192.0	27.995808355433265	22.308190098281937	23.677059557546524	26.01889461481686	4.73739214142442E-5
193.0	27.76792021677053	23.508932687519632	21.98738853388508	26.735569043962933	1.8951786182157935E-4
194.0	27.69415483868522	22.859354892510513	24.13652102882117	25.309969239983094	0.0
195.0	26.805571746615755	20.97039263241997	24.605040806210543	27.618189210782962	8.056039707745836E-4
196.0	29.000345099796498	22.120944424692055	26.072835519360954	22.80582748712759	4.746902290237948E-5
197.0	26.245949069128606	23.41630323419294	23.05738102630862	27.279559570166917	8.071002029144864E-4
198.0	27.668737859644647	22.56051390445243	24.031435077993162	25.739313157909756	0.0
199.0	26.09840496246606	22.497252975030424	25.354063643303213	26.049611318600576	6.671005997234392E-4
200.0	27.8347533408976	22.776860969195074	24.24579323056923	25.142592459338097	0.0
201.0	26.15287320551246	20.396501741170596	29.19833713085015	24.251811346417888	4.7657604890814044E-4
202.0	25.973980788716872	25.09229594565096	27.349197528098667	21.584478076317044	4.766121644769515E-5
203.0	26.64745191624708	23.980142003552473	22.26287532881345	27.108672666270678	8.580851163229717E-4
204.0	26.122421930238183	23.425147953396767	24.136773636189833	26.315608803256907	4.767691831656616E-5
205.0	27.655668748384834	24.01566581128362	25.510583577217634	22.817080578608937	0.001001284504979245
206.0	26.21277926873697	20.695451398227252	25.409139548058164	27.68262978497762	0.0
207.0	26.104152587599422	23.746690773368233	26.73273276424094	23.416185414936837	2.3845985456810386E-4
208.0	28.927861370496583	21.654468023400025	21.47735555292672	27.940315053176672	0.0
209.0	28.16637000447021	19.872725477184044	25.154489363336367	26.80541329393316	0.001001861076218251
210.0	25.299067404980995	23.782151147671616	24.864190403027056	26.05435246795323	2.3857636710222758E-4
211.0	25.582955959953875	25.252149691864773	25.26747054196672	23.896326050599853	0.0010977556147813271
212.0	29.59744073340177	21.574235442977535	24.146155131663765	24.68202544942345	1.432425334829422E-4
213.0	30.470641910371892	22.392551135698604	22.190564230450434	24.94571721355529	5.255099237771742E-4
214.0	28.159951046126118	24.19832055704154	24.16256128197957	23.479167114852768	0.0
215.0	26.02579621022661	24.357477782658282	22.599298452677647	27.01680485095592	6.227034815351653E-4
216.0	26.403143936041968	24.36298979536079	25.288820351831088	23.945045916766162	0.0
217.0	29.622787179553455	22.168562818324986	25.229311040240816	22.978509847681966	8.291141987757396E-4
218.0	24.22128271484255	23.757630077587333	25.543985442833822	26.476954026243284	1.4773849301812504E-4
219.0	27.27294889565296	22.588242786196382	24.28653021991417	25.85128305652931	9.95041707173156E-4
220.0	28.101043389343605	21.421692322839466	24.78465757368122	25.692406802396743	1.9991173896724597E-4
221.0	25.712911520537478	22.421049083368928	24.06881663303414	27.7967699690943	4.527939651620323E-4
222.0	26.006867039075516	24.62000539168675	23.659604843176545	25.713370418525876	1.523075353137713E-4
223.0	31.746279524263837	21.982360667657357	23.357429603392305	22.912954577897636	9.756267888630662E-4
224.0	30.134289635977456	22.399241600400195	24.248561145710404	23.217856152141053	5.1465770887769115E-5
225.0	31.067149940797194	19.332326799480875	23.639860808777527	25.959421518797537	0.0012409321468643197
226.0	25.777536791887535	21.821016735040892	25.353383034058837	27.047906577415905	1.5686159683014084E-4
227.0	27.62251208121913	23.274011703260676	25.60865026367416	23.493296182804237	0.001529769041800148
228.0	28.228562641022176	27.5601407371466	22.847461402015607	21.363729163186683	1.0605662893702091E-4
229.0	28.53928611864128	25.046409337836483	21.415693085275688	24.99861145824655	0.0
230.0	26.591095689439353	22.917387875084458	26.985299461886548	23.506216973589638	0.0
231.0	25.796415909969618	24.826999067280326	24.148647556471044	25.22640841763124	0.0015290486477749067
232.0	25.087817819812493	25.173947627148515	24.521688627297276	25.21638124159768	1.646841440459271E-4
233.0	23.888015932773634	25.341293805979003	21.95219724347935	28.818049455027726	4.4356274028625324E-4
234.0	27.61911892780158	20.9778907208358	26.331226534963154	25.070863074244237	9.007421552395327E-4
235.0	26.007637696388752	21.248686470000255	28.046293211221318	24.697211756698646	1.708656910235709E-4
236.0	29.318824176515506	24.034879231123966	23.603563878017347	23.042559564863815	1.731494793683738E-4
237.0	28.05035758518256	24.538351942041402	21.86181753843575	25.549298332200358	1.746021399238269E-4
238.0	27.47807647227727	21.94365076749999	24.603893750323618	25.974379009899124	0.0
239.0	28.364417381307593	23.156512623832338	23.718565637846094	24.758954030431717	0.001550326582257347
240.0	25.74244368493497	21.19779769513682	26.444955872935644	26.61443471476275	3.6803222980913853E-4
241.0	29.42998791285463	21.44952388439579	23.104258999027135	26.014079558966596	0.0021496447558494907
242.0	27.259383854217333	23.6334106214283	20.560500817004527	28.545965893908853	7.388134409866608E-4
243.0	27.75574123679992	23.25058271248266	24.704233709184685	24.286790143940316	0.002652197592421376
244.0	27.32333221495793	22.83117042002102	25.780468469537244	24.06391669895126	0.0011121965325419437
245.0	29.072264639549704	21.348617190996837	22.700441218622682	26.876819709539845	0.0018572412909312764
246.0	25.72860781411144	26.138159979609217	23.213682167922588	24.917255454752365	0.0022945836043939414
247.0	25.798591671954117	22.861879346595504	24.788066534791426	26.40913671481357	0.1423257318453825
248.0	26.31528466252243	22.986877827208843	23.51870294213451	27.16842208192187	0.010712486212345145
249.0	25.3691359027383	21.681962727176174	28.75961340222287	24.173356740783316	0.01593122707933751
250.0	28.36765250833776	21.645617795226695	23.85243172053241	26.133546826644764	7.51149258365299E-4
