# Position (bp)	A	C	G	T	N
0.0	24.147737059596476	23.605153030842395	25.049747122213056	27.197280764063304	8.202328477008053E-5
1.0	22.587173495301403	29.724361662216143	23.63878896661983	23.967939868454067	0.0817360074085517
2.0	23.978151371620125	27.11179057051464	22.444388759971172	26.464444965012646	0.0012243328814184632
3.0	26.860494043662136	21.70423448517747	23.965889209260975	27.462286042879107	0.007096219020313947
4.0	26.611359129207873	22.210203963525718	23.45209673330687	27.72625866353884	8.151042069973435E-5
5.0	28.849088779833114	23.342514215164904	22.100407683274238	25.707582127087075	4.071946406670174E-4
6.0	25.437210051074917	23.757396594030038	23.434783951972342	27.365649883979774	0.004959518942923255
7.0	25.544270233254036	25.538590609472315	22.63751991925198	26.278970138160908	6.490998607680798E-4
8.0	28.241215789729228	23.542492757376145	23.30312201595805	24.91308851376503	8.092317154093904E-5
9.0	26.252025581877913	24.487276479512452	22.754500687506912	26.505874288371807	3.2296273090826E-4
10.0	24.57235477973508	24.052532469732835	23.14012047162398	28.234992278908106	0.0
11.0	27.105007553659043	22.300755677716783	22.81688340237383	27.77727541311265	7.795313769174523E-5
12.0	28.890671960651048	24.32161875641484	19.487994182344828	27.29971510058928	0.0
13.0	25.0004729377455	21.932506865164314	25.21189502749471	27.855125169595475	0.0
14.0	26.96468112587564	21.619293712316967	22.6393406923987	28.776609636529223	7.483287947191934E-5
15.0	25.490724285132288	23.523841716509118	24.320779726865325	26.664580467269307	7.380422396334586E-5
16.0	27.000932845947258	24.962277273079252	21.079930206622844	26.956714934870853	1.4473947979183567E-4
17.0	29.35528043413334	26.355891849856583	18.381283916667137	25.9062758865528	0.0012679127901407102
18.0	26.274283206962373	25.00153713293964	19.894343071303407	28.82955711007828	2.794787162983603E-4
19.0	25.502125298772377	24.210260667164444	20.81040833267287	29.476858089553154	3.476118371563683E-4
20.0	23.404488382907633	26.131482406434614	23.183203871790013	27.280756445806997	6.88930607464563E-5
21.0	23.84604736574013	24.040523612975903	23.403293412969493	28.70999922945947	1.3637885500404704E-4
22.0	22.280039502228746	26.6386409506438	25.496273731017883	25.584843448134436	2.023679751330232E-4
23.0	25.45066795428939	23.159034819464562	22.796890927624872	28.593272171253826	1.341273673480337E-4
24.0	28.205729985029958	20.783493972868293	24.04249422877775	26.968149217752423	1.325955715731006E-4
25.0	25.103291553119217	25.07081818456157	18.615571734655184	31.210056116604978	2.6241105905167267E-4
26.0	26.96828927925914	24.47945624238616	19.567817506434896	28.98437179192198	6.517999782298808E-5
27.0	26.04529028335979	23.439208972323904	20.36146753715736	30.153968258092007	6.494906694170431E-5
28.0	28.214406962254753	22.884346243281243	22.691902197506412	26.206787201000452	0.0025573959571406012
29.0	29.22159512950275	22.820074455953414	21.7984034694783	26.15961140025534	3.155448102029521E-4
30.0	24.757072204496875	23.602577523145683	25.023098669240845	26.616812822425455	4.387806911422715E-4
31.0	26.6338578134735	23.41700193772222	22.34398903849188	27.604901744947856	2.494653645406189E-4
32.0	24.548958946405076	22.736413303053368	23.64949603576898	29.06476194584734	3.697689252358047E-4
33.0	24.813260284374955	23.68831930605112	25.205784854429425	26.29251386096684	1.2169417766376386E-4
34.0	26.540780116232597	25.519050301655856	22.758044557434985	25.182004651229978	1.2037344658067188E-4
35.0	25.58677235647588	21.60561902416566	25.040061957735972	27.767368211922104	1.7844970038295306E-4
36.0	25.036383960274478	24.431777326003257	25.22221106321984	25.30938994394285	2.3770655957193804E-4
37.0	26.297022080902128	24.937882055799527	20.442520928237812	28.32257493506054	0.0
38.0	27.11348691047245	25.540463344216036	20.804409454055715	26.54128400052731	3.562907284838998E-4
39.0	24.085222138710684	26.700162313182513	21.191487997492278	28.022890077048295	2.3747356622365974E-4
40.0	26.621340309176095	25.83970401342458	22.23075009898075	25.30802750210575	1.7807631282309723E-4
41.0	24.394232013323155	23.465504491105037	21.12024196295773	31.014857978521988	0.005163554092086943
42.0	25.870443638288542	24.920701517842677	20.083746318443715	29.12504918137855	5.934404651623742E-5
43.0	26.769112275196825	24.368581078675476	22.53265387016304	26.325973800950838	0.0036789750138258256
44.0	29.87600734024205	24.020900585759858	22.180441090879103	23.922354335768016	2.9664735096882056E-4
45.0	25.77168778581441	22.875237356836976	21.5180990334883	29.83123862155369	0.003737202306624992
46.0	25.39819339746027	23.362577383243757	22.00907868490154	29.23009121984522	5.931454920646031E-5
47.0	25.674604916202977	23.23571939472083	23.221485346640584	27.866292469358246	0.00189787307736561
48.0	24.081011403309045	23.212600087279903	22.626306826806314	30.080081682604735	0.0
49.0	22.483653000739313	25.08310601582616	23.932991087335573	28.49799697753188	0.0022529185670726467
50.0	28.299150832212888	23.739824095876997	19.283708831013	28.67707910942906	2.371314680572056E-4
51.0	24.738560716209975	26.098169465646144	20.96582129247592	28.195196143922452	0.00225238174551287
52.0	23.658027371000024	24.72744528075101	20.330995391285693	31.28347286330633	5.909365694595708E-5
53.0	23.521685328541555	23.77565897258582	23.413681680470734	29.287028537841657	0.0019454805602276567
54.0	23.669833043105086	27.554077363021896	21.507386967199295	27.26858472758827	1.178990854567941E-4
55.0	24.52069257500684	27.6944270566032	21.642323036469055	26.140736991317564	0.0018203406033430848
56.0	26.616198621933517	25.420782313404445	24.705916198152245	23.25710286650979	0.0
57.0	23.830897875128272	27.30233573865651	22.137915892744346	26.723567079399146	0.005283414071727629
58.0	26.234824610266234	23.875848686037084	20.857587445404402	29.03156316712871	1.7609116356932092E-4
59.0	27.789013914550058	21.751139199496663	24.508166317257377	25.948628617442605	0.00305195125329552
60.0	24.622935786800397	21.590962990116136	24.08467834257463	29.70136432334563	5.8557163209939726E-5
61.0	25.47083752460604	23.10192433576866	21.89185169745081	29.529004387808754	0.006382054365735043
62.0	25.561156681245205	21.7674576549043	24.406114789899238	28.264861035486156	4.0983846509639986E-4
63.0	27.27284968584536	22.49630578498849	23.046632585435308	27.181811582154424	0.002400361576416974
64.0	25.35028538746163	21.09859582365506	23.110256440185356	30.44080398725386	5.8361444095572706E-5
65.0	24.90285270784035	25.620975295205806	23.040087299804217	26.431241191969118	0.004843505180508101
66.0	25.45617190226163	23.77170572988088	22.666097922762088	28.105674329148673	3.501159467310258E-4
67.0	27.71850531876719	24.773242729617813	19.7922556229093	27.715004402402325	9.919263033765753E-4
68.0	23.697461144672864	22.78032489226464	26.444377282046673	27.077719989591127	1.1669142469727326E-4
69.0	23.346335964975744	23.37661579965601	25.26429219865439	28.010013932224513	0.002742104489350133
70.0	25.324764540614055	21.93844581086635	24.219394937201127	28.517394711318467	0.0
71.0	25.08886529071666	21.84412949712888	25.958060338502957	27.1079009348472	0.0010439388043072915
72.0	27.744368837790283	24.480028670476255	21.369015241048885	26.40496351821074	0.0016237324738376106
73.0	25.827822249797773	21.740506971363626	22.58066573695823	29.846598107917693	0.004406933962674429
74.0	25.261763333130403	25.471939330161852	23.047638926334038	26.2181945736906	4.6383668310387915E-4
75.0	25.82283632788109	23.74324364280633	21.623357762411608	28.808069306614982	0.0024929602859831276
76.0	27.369059379536488	22.544790898507973	25.538986517510544	24.54652548779526	6.377166497381884E-4
77.0	24.80851002159389	24.274256894827612	24.343531253170244	26.57277430761873	9.275227895247895E-4
78.0	27.451478231432112	25.042635160123865	20.3230881420345	27.18210285536739	6.956110421296828E-4
79.0	28.076060500141146	19.339328163936763	22.30816629017832	30.273720649704693	0.0027243960390759543
80.0	24.07176410032877	22.353014824879086	28.053544847925583	25.51877802560619	0.0028982012603697644
81.0	26.204022818616114	23.928942801598367	21.356457990630968	28.50988084101045	6.955481441036645E-4
82.0	23.020082025173245	21.528246288812998	23.734382643491887	31.716129839960495	0.0011592025613739797
83.0	25.79724945099719	21.29597699317434	23.85967088230504	29.04600148023561	0.001101193287821208
84.0	23.837258832590656	24.968922285720247	24.85127611324864	26.34144164662915	0.0011011218113106073
85.0	24.995334907295046	26.653731900309573	20.364375613561105	27.98580420982602	7.533690082534472E-4
86.0	26.563791183127943	24.427489763253877	21.677273322570215	27.329301606470853	0.002144124577114889
87.0	22.239432489972266	21.343861149645885	25.25308365117279	31.162579662678752	0.0010430465303057168
88.0	25.334342348021995	26.021743262161483	25.48946097291885	23.153700132578038	7.532843196336026E-4
89.0	26.232207784682686	25.999565425231413	22.32016571784509	25.447133979401155	9.270928396563963E-4
90.0	23.38130913684113	24.797754176154633	24.384687143295842	27.436075718333363	1.7382537502824664E-4
91.0	27.201887911894357	23.853544296169947	23.95580812177565	24.988469970937373	2.896992226790457E-4
92.0	25.72085914451714	23.330818843149114	22.52438591978197	28.423936092551777	0.0
93.0	27.0543570265305	24.968787133172775	21.008069865838262	26.968438360164328	3.4761429413151753E-4
94.0	28.34265400839237	22.172990879391644	22.873533318926988	26.606592584052635	0.004229209236361235
95.0	24.192631738110563	25.75467823163105	23.92886295551965	26.12116215842001	0.002664916318730944
96.0	26.37024412483555	23.754277441813176	23.298016981740894	26.57641870297131	0.0010427486390681999
97.0	26.47276055530292	23.784529026539957	22.972139271780403	26.770281503708876	2.8964266784068494E-4
98.0	28.191699805079516	22.298265989706575	24.35747200009268	25.152504279272105	5.792584912054079E-5
99.0	21.650158020838944	21.221356008179903	26.274547959628674	30.853880096439912	5.791491256875224E-5
100.0	22.63221171943862	23.965592927242003	24.54512496974063	28.857070383578748	0.0
101.0	23.891128098216356	21.419793838313645	28.569724345610375	26.119295807273566	5.7910586055130883E-5
102.0	25.236401587613233	24.10424546960907	24.699629390884024	25.959723551893678	0.0
103.0	25.819030096015133	25.23873477086732	24.69973191745907	24.242329474543162	1.7374111531371565E-4
104.0	25.60599742868063	26.51001308824722	22.769322538425012	25.114261556458995	4.0538818814644934E-4
105.0	28.240629198906547	22.202138256961497	20.983412871241256	28.570055135986657	0.00376453690404485
106.0	27.07757082956888	21.852514652396508	23.457560173280516	27.6122385155327	1.1582922139597377E-4
107.0	26.117827205452254	23.80427845517861	22.1076297071057	27.96933800815198	9.266241114543482E-4
108.0	24.13544877207491	23.44842923113809	23.485782986841052	28.930165271547324	1.7373839861843226E-4
109.0	25.89654954744698	23.898876450043115	25.262818957364637	24.940886365729092	8.68679416177938E-4
110.0	25.19514498842652	23.884738935124243	22.23335396888915	28.68676210756008	0.0
111.0	25.379472739929277	23.391562587954862	23.71633681542886	27.511643341375475	9.84515311529601E-4
112.0	25.222623930747844	23.422869357090693	23.102737968868265	28.25147918885377	2.8955443941970974E-4
113.0	29.91441558042961	21.037124029943833	22.169485989670108	26.8778741198483	0.0011002801081517436
114.0	27.546107948803627	20.806561178343525	27.382159566773208	24.264708011464226	4.6329461541624417E-4
115.0	26.97508027039424	22.887892490953654	26.243264468362113	23.892778212784886	9.84557505108116E-4
116.0	27.1294272453172	23.611086979436337	24.266001327435166	24.993252783733475	2.3166407782059702E-4
117.0	26.305684564609642	25.564063492725396	23.615520006393982	24.513747355386787	9.845808841883838E-4
118.0	27.022251308900525	23.329935597460967	24.62702126673771	25.020212667377102	5.791595236992077E-4
119.0	27.22691995829955	20.57187536198309	24.604309046681337	27.596084790918567	8.108421174562723E-4
120.0	25.580329942476677	23.058790550699523	24.282695974294047	27.078125615369824	5.791715992781205E-5
121.0	28.301846359320436	22.43680741254278	23.995894791284773	25.26464058862948	8.108482225338196E-4
122.0	27.283768498199045	22.637086923508633	24.390546204738015	25.688135031712854	4.6334184144789685E-4
123.0	25.20913934900961	26.597301054094753	22.654291671493105	25.538399165990967	8.687594115602919E-4
124.0	25.714059010499195	24.300651914041868	22.307553306830503	27.67756201755118	1.73751077256679E-4
125.0	27.584387544182455	23.059200867345787	23.825773305139965	25.529422053262767	0.0012162300690297437
126.0	24.52987874059801	24.336496143641746	23.93594686525015	27.19744658522474	2.3166528536240272E-4
127.0	27.095275877845797	21.722158837531204	27.27255352788894	23.909027202650186	9.84554083872425E-4
128.0	26.125717065655852	22.320324558177518	25.071482143219114	26.473499338315992	0.008976894631527434
129.0	25.02060334947045	25.636821588024517	21.853450098195303	27.486460862902444	0.0026641014072826107
130.0	27.028528140684312	22.708418517750598	23.78958975956855	26.473405666245426	5.791575111516779E-5
131.0	25.136985150989172	24.532924216704398	24.460008328280185	25.86927148398022	8.108200460198292E-4
132.0	27.431779628378006	25.79959887574009	20.462607585684857	26.300569832745204	0.005444077451847424
133.0	27.84263077422045	24.54634434508641	24.54553352175323	23.063638048464068	0.0018533104758374646
134.0	27.232776050284624	22.582154702948078	20.314238372433106	29.870772958750784	5.7915583403942076E-5
135.0	28.1693917547745	22.550606021294143	25.98154136975639	23.297939620263723	5.212339112466061E-4
136.0	28.38747191814897	25.867677796703326	23.82997354992242	21.909027254525963	0.005849480699319896
137.0	29.453127036113596	20.117222227048565	23.834394646233857	26.595024426123643	2.316644803331335E-4
138.0	26.103917388693244	23.358681721651877	26.816822712433915	23.719593661339278	9.84515881688989E-4
139.0	26.323495004389834	23.406570623078725	24.463548145728655	25.80522795873786	0.0011582680649278748
140.0	27.318242180057183	20.89636516212652	25.107618142510567	26.6774849467802	2.895685255228594E-4
141.0	26.79918549740603	24.637255617369107	24.468436287063515	24.094717200112584	4.053980487612773E-4
142.0	29.607499736487608	22.206739662495643	23.284650142412524	24.90076296973256	3.474888716688848E-4
143.0	27.713240923817168	24.0653932269315	23.81890607426352	24.40222811413004	2.3166085777065807E-4
144.0	28.638179799579188	24.141076420641618	22.715613375364214	24.504435423854165	6.949805608145635E-4
145.0	27.96509358454462	21.3092917365988	22.84073310885552	27.883897018197988	9.845518030618403E-4
146.0	27.181943645706824	21.186517733712556	24.592875472799584	27.034145815995174	0.004517331785857624
147.0	27.771886653350347	23.20364301214511	26.283558898084962	22.737089123028106	0.003822313391474967
148.0	24.912765359812123	22.92442367222362	23.044018382257125	29.118503010138042	2.895755690883872E-4
149.0	28.50566098492856	23.950637161242945	24.18398012791295	23.357984250363277	0.0017374755522710833
150.0	26.143651925324534	23.571340041630517	24.147900693726115	26.137049422628518	5.791669031598188E-5
151.0	27.5038312866984	22.90107461365687	24.930874668563295	24.663582331252528	6.370998289097369E-4
152.0	27.186306501666337	22.92889486615443	23.759572602346193	26.12505227211386	1.7375771918667486E-4
153.0	24.27159667214205	22.892924247443986	25.432952836811246	27.401657441923504	8.688016792198856E-4
154.0	22.73310172501474	23.39983480820491	24.53399348268556	29.330289757529492	0.002780226565296517
155.0	28.376815036452797	23.49321198814741	23.081963034517916	25.04772028814654	2.8965273533560615E-4
156.0	27.457650487697915	22.494468972077506	25.923329728051275	24.12397149529218	5.793168811201208E-4
157.0	25.43796939775732	21.583838697492915	26.750892739208922	26.22683570586068	4.6345968016647473E-4
158.0	24.58426992329618	20.36254721572081	26.049521470117952	29.0036034574653	5.7933399763631726E-5
159.0	26.960575582247515	20.738155613218833	23.936439850693436	28.36413375022377	6.952036164492128E-4
160.0	26.381319575803047	20.2821993123166	24.61043343751901	28.726047674361343	0.0
161.0	24.774168804473522	19.470959429176602	29.442119313955185	26.30881286252917	0.003939589865520942
162.0	25.681441072322436	21.934615955060348	25.569161460167965	26.814723576632865	5.793581638517585E-5
163.0	26.028363945645232	23.29648886380833	26.42025406809062	24.254777247197847	1.1587525796729305E-4
164.0	26.068065821256386	22.30334998699265	24.670803912286992	26.955984164056023	0.0017961154079470572
165.0	27.91100027637866	21.36140537101663	25.688498649684536	25.03828452864691	8.111742732602775E-4
166.0	25.025147232993174	21.916277097012692	25.675498714825746	27.382903126368902	1.7382879949195637E-4
167.0	26.530835747227478	23.24436643753263	26.725762890020878	23.498397529686695	6.373955323208788E-4
168.0	27.28704019729816	23.95421486655081	22.525877709677104	26.23275133234785	1.1589412608006082E-4
169.0	26.82425916997367	20.841233820420577	25.475999517857804	26.858391592181878	1.1589956607202463E-4
170.0	32.644531834033955	21.944870381767334	22.832500582404094	22.57792334982609	1.7385196852583962E-4
171.0	26.39074899032953	22.783984125760696	26.059842497781883	24.764497152523553	9.272336043366716E-4
172.0	28.59319286684117	24.08944901893858	23.977432023416362	23.339810191170653	1.1589963323561063E-4
173.0	30.683285388768223	18.126406753809103	22.16777429815879	29.020968889733684	0.001564669530205076
174.0	24.82126019890435	24.554852850071832	23.806397137613274	26.817142098793834	3.477146167054851E-4
175.0	26.29829278230062	23.419257360010988	22.112227670755093	28.168773280307214	0.0014489066260818262
176.0	25.14506949193801	23.19042761594547	28.25290660608098	23.41008937161669	0.0015069144188526585
177.0	22.35644626063267	25.495978785375822	24.126128475995884	27.99455143532003	0.02689504267559304
178.0	26.030103104494952	21.99657226385338	24.012294409729808	27.960624504082393	4.057178394713613E-4
179.0	29.419498071176626	23.48701123673662	22.34809247918291	24.744354822348267	0.0010433905555764878
180.0	27.320975587051127	20.88040215038749	25.397088598757243	26.401359119365125	1.7454443901417302E-4
181.0	29.018952120926972	21.127938913851715	26.17569671942384	23.676654324205042	7.579215924282467E-4
182.0	26.054670558993465	21.410517676355514	25.9112148443147	26.62348033706555	1.1658327076697802E-4
183.0	23.790056974842233	24.591575371292468	26.278378123152862	25.33969806947736	2.9146123507281285E-4
184.0	27.21584254919026	21.210762776235242	26.022439841649124	25.547049108941135	0.0039057239842348653
185.0	25.73423760823757	23.697404047086803	23.675778392415285	26.891880470168545	6.994820918011955E-4
186.0	27.370452200374256	22.292831367793912	24.833011734940744	25.503704696891088	0.0
187.0	24.127949813695977	23.092576609196612	26.947245437130285	25.831643381587593	5.847583895286146E-4
188.0	27.63997438663895	28.262589580975938	21.703756333897644	22.393153396548044	5.263019394226468E-4
189.0	25.35122478386167	22.9760423294285	24.11497904113178	27.556993618773156	7.602268048953928E-4
190.0	29.29330855909994	20.398680345131506	24.433441472043306	25.874277198874047	2.924248511996145E-4
191.0	27.359246508896064	23.26224414251289	24.007212281042143	25.37082812859947	4.6893894942434813E-4
192.0	27.880475565143982	22.534178313479035	23.968143232342182	25.617027014351372	1.7587468342556984E-4
193.0	29.200626224009945	23.976346557527002	20.516282996962694	26.306333775051893	4.1044644846551664E-4
194.0	29.23358946225827	22.470812385904562	23.339594349486678	24.95600380235049	0.0
195.0	27.430195286037296	20.699616114397323	24.042324194177493	27.827219219501035	6.451858868519914E-4
196.0	29.183154981821392	21.550966336458778	26.238485655828192	23.027098635500536	2.9439039109763453E-4
197.0	26.002673560605615	23.192549363704355	23.33588519000536	27.468008550682814	8.833350018550036E-4
198.0	27.963554902290653	22.043676267889765	24.31019063725794	25.682460132640323	1.1805992131306245E-4
199.0	26.09900861137507	21.51754393755051	25.3707864503314	27.011950540098102	7.104606449206505E-4
200.0	28.552464152214757	22.832213358344035	23.87728650458263	24.73797677391545	5.921094312966545E-5
201.0	24.67157252584636	19.984911729472284	28.893919628312183	26.44924081957496	3.552967942162419E-4
202.0	25.70486448136815	24.5735043560089	27.82681614864973	21.894815013973222	0.0
203.0	26.661090651902075	24.325561861480658	21.73295193708265	27.279566255554048	8.292939805696419E-4
204.0	26.781109320044287	22.982369148943103	22.747535999554504	27.488807807076633	1.7772438147472137E-4
205.0	28.14850055602986	23.426601392651875	25.00789461678967	23.415818501426955	0.0011849331016394141
206.0	26.25012665548346	20.449809172404926	24.967336217424357	28.332727954687257	0.0
207.0	26.132351110926734	23.809391168295473	26.78889132534833	23.268892273592005	4.7412183745918103E-4
208.0	29.020821082383293	21.852829732344407	20.696181971659996	28.43004865603126	1.1855758104596241E-4
209.0	27.735338481387316	19.403685064319053	25.208171270823055	27.651797233711534	0.0010079497590407165
210.0	25.816171377605723	23.213353828053094	24.441317260159593	26.528801723074587	3.558111069995161E-4
211.0	25.844926054140753	24.849510151688072	25.136609428719893	24.168242549061944	7.118163893350924E-4
212.0	29.97083641448138	21.187279596528857	23.315794034106084	25.525793215104294	2.967397793917784E-4
213.0	30.422277584932107	22.247000169255486	22.66960438757724	24.660642755122947	4.7510311222232447E-4
214.0	27.996692697900183	24.6618693746441	24.40110132446631	22.940217720814722	1.1888217468784514E-4
215.0	25.998030185940674	24.287521353058487	22.390696471673348	27.323454074315496	2.9791501199703753E-4
216.0	25.924608240354424	23.909413628357328	26.121972971946228	24.04400515934202	0.0
217.0	29.257437866988994	21.824201077374287	26.180731303437682	22.737142362790745	4.873894082970736E-4
218.0	24.623437877733867	23.524895282921126	25.71445663060156	26.136840183729753	3.700250136909255E-4
219.0	27.233838139650953	22.17620911770669	23.825132180233012	26.76413431695182	6.862454575229658E-4
220.0	29.52537268143809	21.148018070770917	23.58077617045607	25.745456916408266	3.7616092665990414E-4
221.0	25.563905500711453	22.13629476744957	23.81410112689524	28.485445980331907	2.5262461182649486E-4
222.0	26.182818367186332	24.0009648217543	24.265714982184708	25.550309888207355	1.9194066730092392E-4
223.0	30.667692379662814	21.574733674140337	24.24708854311503	23.509900642716612	5.847603652023401E-4
224.0	31.06215926032886	21.771419295831297	23.78363719451179	23.382653869446713	1.3037988134127E-4
225.0	32.67858361461215	18.995506538092062	22.911931296227277	25.41325676250269	7.217885658192431E-4
226.0	26.04238585038498	22.204029665975362	25.024902168864283	26.728482964524293	1.9935025108164123E-4
227.0	27.66591002736404	22.76673215842508	24.966475523939668	24.599941252346714	9.410379245005273E-4
228.0	28.095902158211107	27.316465489722937	22.86485075394013	21.722781598125835	0.0
229.0	28.472804389005113	24.289320728745107	20.985766292162424	26.25210859008736	0.0
230.0	25.997391125690655	22.79124730942601	27.06576100670558	24.14560055817776	0.0
231.0	26.482427235280475	23.48790004743431	23.716313408354743	26.312238261760314	0.001121047170161648
232.0	24.294809235072982	24.684266341590593	25.57465534067808	25.44612815372528	1.4092893306228002E-4
233.0	22.975866609413405	24.95823697999512	21.209622542187425	30.855845895526112	4.2797287793214917E-4
234.0	26.427437545172072	20.821551291821244	27.397076816363192	25.352988144081905	9.462025615886887E-4
235.0	25.71607225875499	21.16002486379974	27.625425822135135	25.498329232481705	1.4782282842721684E-4
236.0	29.2984842508762	23.041051351306766	23.80237522851714	23.857714243722622	3.749255772729113E-4
237.0	28.707394193435054	24.05096644840056	22.14449478765999	25.097144570504394	0.0
238.0	28.151798953587537	21.59328206270792	23.44686114675128	26.808057836953264	0.0
239.0	28.091873894658303	22.205953743059663	24.319780718938436	25.381611172594866	7.804707487368081E-4
240.0	25.905205704541178	20.865349617418687	26.77657590330914	26.45286877473099	0.0
241.0	28.720122177869	20.948171372238473	22.83627195888618	27.49381838162807	0.0016161093782827221
242.0	27.39689412770962	23.516295178551612	20.30164527157551	28.784355462248172	8.099599150838024E-4
243.0	27.80954701427382	22.05518669671682	25.773852307567356	24.359302349190877	0.0021116322511218043
244.0	27.108173879072496	21.739034891386623	26.4468083374706	24.70484344860703	0.0011394434632570178
245.0	29.382828590857724	20.972102860814363	22.70362693793551	26.94021855232324	0.0012230580691663798
246.0	25.37142539804912	26.205662522295327	22.292057311232924	26.12864973637617	0.002205032046465742
247.0	26.083837866076237	22.46266566879179	24.29986358373551	27.005753065271826	0.14787981612463175
248.0	25.71051764470593	23.43081213023329	22.80730082801514	28.041861402953707	0.009507994091929187
249.0	25.693498276571475	21.062045890750152	28.975691321919367	24.253488946979832	0.015275563779174479
250.0	27.896970969561472	20.438071005381193	24.231584754799638	27.432549828518262	8.234417394383304E-4
