# Position (bp)	A	C	G	T	N
0.0	24.014431248133004	24.410904296412276	24.76787424933818	26.806790206116542	0.0
1.0	22.926353166355877	30.05003778761716	23.576392596912914	23.37400294086238	0.07321350825166553
2.0	24.514327013749487	26.862183967451575	22.788662141043524	25.834263437161773	5.634405936410094E-4
3.0	26.531041481266932	21.878388689281213	24.309929169837332	27.274909153062442	0.0057315065520842975
4.0	26.210153905468225	23.301346180691024	23.56626668664266	26.922130961030966	1.0226616713052895E-4
5.0	28.19293981369166	23.931975339349528	22.455727635771733	25.418897543690118	4.59667496962364E-4
6.0	25.289921329469244	24.242425787737965	24.208921840952634	26.253835487971983	0.004895553868175993
7.0	25.481199915303925	25.79494185288944	23.15450110756401	25.568644537103395	7.125871392273112E-4
8.0	27.56995728287832	24.426994540290867	23.698864092131704	24.304184084699106	0.0
9.0	25.9699300401595	25.21934670361638	22.49981248086798	26.31080941366315	1.0136169298354089E-4
10.0	24.426041075913474	24.52270517702341	23.61297901644657	27.438274730616545	0.0
11.0	27.85831171658797	23.36761143255723	22.16602251556849	26.60790655654852	1.4777873779224477E-4
12.0	28.28920904690375	24.434471353868098	20.167671640688916	27.108647958539233	0.0
13.0	25.550900460734344	23.025480841950593	24.47846265026686	26.945108028878128	4.8018170075556584E-5
14.0	26.478616190825356	22.22860397801029	23.26695411443811	28.025825716726242	0.0
15.0	25.49317694084498	23.616841523890653	24.708999042829294	26.180982492435074	0.0
16.0	25.82399383821349	24.637610391381237	22.227622179667485	27.31068145876242	9.21319753694377E-5
17.0	28.11327471416029	26.882163520624292	19.1989929286985	25.804211841410694	0.0013569951062233152
18.0	25.342090319200565	25.651099721806315	20.434721371214085	28.57190916585852	1.79421920514295E-4
19.0	25.01797236071811	25.050815706437607	21.938105465516493	27.992526353884372	5.801134434150653E-4
20.0	23.544623110947292	25.44355524681732	23.59991245853299	27.411864881340552	4.430236184751482E-5
21.0	24.23092268187099	24.420390852800104	23.54278236996912	27.805684396645812	2.196987139716079E-4
22.0	22.688741047530815	26.844549148887193	26.114905776880036	24.35167348459103	1.3054211092685335E-4
23.0	25.336845848545735	24.072496304192363	23.774795913019336	26.815472103961675	3.898302808900432E-4
24.0	27.745219852724823	21.758659044642975	23.81329896655535	26.682736476111792	8.565996505930026E-5
25.0	24.94556894508351	25.246759066149377	19.536664529453024	30.270795293830098	2.1216548398553708E-4
26.0	26.524335700687253	25.440840905715405	20.28669848642372	27.748124907173622	0.0
27.0	25.500566504421595	24.529325912328762	19.853949985211564	30.116073453304086	8.414473399114881E-5
28.0	27.54896532041764	23.74323488335231	22.846863427953092	25.858939439387175	0.0019969288897782617
29.0	27.50273057413648	23.73460016018268	21.95476510460358	26.807656583520494	2.475775567643759E-4
30.0	24.236291949272907	24.272936655076176	25.046205530891203	26.444319927136878	2.459376228407189E-4
31.0	26.153336438646228	24.8317853633807	22.278419420186736	26.736051256408782	4.07521377552663E-4
32.0	24.71663643342091	22.011214739140943	24.420919389171456	28.850947073062805	2.823652038938968E-4
33.0	23.80959035263323	24.193717106077436	25.375402951799096	26.62108996016197	1.9962932826328076E-4
34.0	25.627808314232116	26.690052307139677	23.069774765187546	24.6122459313812	1.186820594660415E-4
35.0	25.595854274107037	22.31091536852113	25.58674562393863	26.506367454675672	1.1727875753320553E-4
36.0	23.93595583548907	24.586426348742172	26.07708794161387	25.400295554805734	2.3431934915457578E-4
37.0	25.334117762798837	25.156840347262293	21.599385053105145	27.909617797543806	3.903928992216346E-5
38.0	26.635141416739422	25.227823661032268	21.329188944254092	26.80780694869484	3.90292793750944E-5
39.0	23.23148132973406	27.33330523838176	21.88471860954963	27.550221676972054	2.731453624990147E-4
40.0	26.192265286487775	26.60074767492761	22.521502871861376	24.685367123058928	1.1704366430940726E-4
41.0	24.682874460144408	24.167078551792393	21.177163138108234	29.967851504456743	0.005032345498215858
42.0	24.3683138471284	25.74418007765357	20.89660466498732	28.990823397800202	7.801243050067597E-5
43.0	25.731586934536566	25.54129691288664	22.64923180007964	26.07394516574031	0.003939186756844142
44.0	28.67674901717166	24.647864529773038	22.86549495512001	23.809579519889184	3.119780461048956E-4
45.0	25.264159329990566	24.706987842822276	21.64367538229996	28.381044472344175	0.0041329725430258035
46.0	25.0821454024306	24.653601376081692	22.038593913988656	28.22565930749905	0.0
47.0	25.418689407911334	24.29854588732995	23.10043594922359	27.180613494349583	0.0017152611855495484
48.0	22.811437576868578	24.186381654734014	22.73186057423264	30.270320194164768	0.0
49.0	22.60810166279077	25.967857076056934	24.021504990866184	27.40086069840953	0.0016755718765781547
50.0	27.379731526260585	24.1772478402561	20.094190238253688	28.34879143178202	3.896344761052761E-5
51.0	24.952802219678688	26.885164664348398	20.937036641684116	27.222386279256582	0.0026101950322144816
52.0	22.67196088129077	26.35757567274164	21.44934568857451	29.521117757393085	0.0
53.0	22.71197119467531	25.089357106028565	23.718923842877366	28.478118420424746	0.001629435994008331
54.0	23.001311607434847	28.278620953985893	22.51041895790636	26.20957089372023	7.758695266769159E-5
55.0	23.673067713487068	28.184463412992468	22.957156749956866	25.183687426937006	0.0016246966265882378
56.0	26.45385873916525	24.891990887395906	25.19689181296728	23.457258560471566	0.0
57.0	22.604941527908736	27.496772606643212	23.423063505974064	26.470039966306707	0.005182393167285331
58.0	25.44950076953418	24.752472950293505	22.006318687692865	27.79143690206421	2.70690415239097E-4
59.0	27.232422671742295	22.66849430538451	24.489572599339187	25.606919764984738	0.002590658549269879
60.0	24.48037281256066	22.941587116109147	23.098842331483187	29.4791591496101	3.8590236901605315E-5
61.0	24.834435169546953	24.264821925440938	22.683433252957748	28.211097232849575	0.00621241920478719
62.0	25.042346624192714	22.1374260815077	24.50686922050572	28.31316515067681	1.9292311705108525E-4
63.0	26.762102342241956	23.26110517151375	22.715390999342937	27.258893609271894	0.002507877629461466
64.0	25.35583499313299	21.380478445834576	23.540727113534917	29.722920944509106	3.8502988409445394E-5
65.0	24.41297653908138	25.8461261264036	23.81145795876379	25.924472920498985	0.004966455252238177
66.0	24.51068898332718	24.223344719567937	22.760252712042472	28.505097627369462	6.159576929458601E-4
67.0	27.313584921494343	24.681690919428682	20.980855838082064	27.023329384985473	5.3893600943292E-4
68.0	23.658954092935044	22.541619528854113	26.605896579478877	27.19329884109306	2.309576389046603E-4
69.0	22.849695481861513	24.72076054285559	25.124757557527044	27.301938115632595	0.0028483021232552706
70.0	26.0833090376489	23.077327881881104	24.249858739320942	26.589197043954638	3.072971944150271E-4
71.0	24.53860723252434	22.997611884275017	25.696278407948387	26.76654493085572	9.575443965459459E-4
72.0	27.365232816236247	25.75933156763596	21.613874459836	25.260067615282217	0.0014935410095724489
73.0	25.376860948360957	23.468453187303627	22.198363828087846	28.952952591141575	0.003369445105995851
74.0	24.840639242311426	25.75092213134366	23.15077014955085	26.256787977742512	8.804990515493911E-4
75.0	26.055650064846475	24.61673973060003	21.7588629894301	27.566641810127685	0.002105404995704974
76.0	26.764722769813776	24.29661811709315	24.873968879787174	24.063771555436468	9.186778694329078E-4
77.0	24.436801204614063	24.63801676553928	23.83702037149667	27.087587522262126	5.741360878596627E-4
78.0	27.022715529614388	25.84897139029758	20.671017127547604	26.456607023251365	6.889292890632475E-4
79.0	26.936676789654268	20.89706127182231	22.831680932616113	29.3319019543681	0.0026790515392107897
80.0	24.04428068569469	23.51784767119597	27.888053001502456	24.547828636027212	0.0019900055796694908
81.0	25.14283418223843	24.960373798872634	21.922913549443777	27.97345752476877	4.209446763892131E-4
82.0	23.00366973179197	22.49193539129137	23.919878160312557	30.583253930898834	0.0012627857052658164
83.0	25.86197330443603	22.460112198968925	23.476224203554537	28.200925004390843	7.652886496596569E-4
84.0	23.4127257422712	25.674778083868993	24.800543311906946	26.110919804101623	0.0010330578512396695
85.0	25.68834646874283	27.07471880021425	20.661412502869386	26.574948351059756	5.738771137807024E-4
86.0	25.844315372253153	24.605658442235605	22.302595865940894	27.24601488653009	0.001415433040262184
87.0	22.690425636492503	21.57080471104478	25.52139772266097	30.21664517644233	7.26753359417404E-4
88.0	24.37069927317693	27.102816606738728	25.458964119349986	23.066908035825957	6.119649084022399E-4
89.0	26.110226571699897	26.25739625168616	22.55333275454752	25.07824126113095	8.031609354759627E-4
90.0	23.77839400013079	25.705650442834926	25.072154997386093	25.443647587611867	1.529720363293289E-4
91.0	26.970052140594134	25.174174822995397	23.31776317424748	24.537550979046248	4.588831167341288E-4
92.0	25.2027543233225	23.968027335221244	23.006010169644476	27.823208171811775	0.0
93.0	26.20218640872178	26.377460053935646	20.737961694449552	26.682200663088036	1.9117980498895172E-4
94.0	27.400420120836355	23.884527180533432	23.37054061308278	25.34065039966537	0.00386168588205876
95.0	24.1570776269674	25.86710445474089	23.888685194410556	26.08472407384539	0.0024086500357665417
96.0	26.19231486777034	23.748352290278284	23.688445999467838	26.36966348491753	0.0012233575660077867
97.0	25.343469079755167	25.496032807891268	23.394353727662086	25.7658767960929	2.675885985849915E-4
98.0	28.698733081764082	22.40473649446201	23.71270801861694	25.183822405156963	0.0
99.0	22.029728888980607	22.627234004174703	26.13808769319077	29.204949413653917	0.0
100.0	22.579975810935522	24.898801437587053	24.312149750562213	28.209073000915208	0.0
101.0	23.727970997104446	22.33644031335232	28.05582323762245	25.879574402071288	1.9104984949092858E-4
102.0	25.624380262396183	23.763495711750128	24.23750542121141	26.37458039346054	3.8211181738112024E-5
103.0	25.46918958769837	25.650291363381996	25.52518941962248	23.355215032096766	1.1459720039039445E-4
104.0	25.673917070757806	26.856416025118268	22.74429290894055	24.72510661703619	2.6737814718403067E-4
105.0	26.921537275657357	23.783471391323545	20.683450077196863	28.608791045927738	0.002750209894491253
106.0	26.466518135938085	23.58857930345378	24.147383836072798	25.797442332938264	7.639159707710471E-5
107.0	25.79472463792472	24.093995388383725	22.47057201382186	27.640020457028974	6.875028407235433E-4
108.0	23.592863936090485	24.41838223306861	24.127950372689707	27.86068891949192	1.1453865927917767E-4
109.0	25.6500941534757	24.14161537818472	25.5058769099337	24.701611927353902	8.016310519804294E-4
110.0	24.35096858510846	23.778695707934336	23.276959766464724	28.593337771154975	3.8169337502442836E-5
111.0	24.803816194858612	23.88014925236413	24.508166437149427	26.80729559479571	5.725208321246782E-4
112.0	25.716785004953874	23.880073521890928	23.941176380787216	26.46188876150115	7.633086682858987E-5
113.0	28.990530956429883	21.378583139210054	22.546414036716016	27.08374676758024	7.251000638088057E-4
114.0	26.62697911423153	22.346173206818605	26.96865741760202	24.057961280020884	2.289813269544224E-4
115.0	27.447818608096746	23.5448195687328	25.641006068762	23.365783265696972	5.724887114767575E-4
116.0	26.97146032500858	24.510405213082933	24.32415825343097	24.19382354703518	1.5266144233767412E-4
117.0	25.375974499568926	26.641225773235615	24.543630597922057	23.438672982236792	4.961470366091632E-4
118.0	26.430460308149346	25.14312713078238	24.789531272719916	23.63661413551442	2.6715283393818006E-4
119.0	26.90512619804466	21.080433721457883	24.52642100414204	27.487561097272085	4.5797908333196575E-4
120.0	25.178085987337717	23.58268742774947	24.593097610394228	26.646090809828017	3.816469056259715E-5
121.0	27.462980723909613	23.93659388692953	23.954989506482168	24.644863404891783	5.724777869077384E-4
122.0	26.06122826736178	23.877612162453556	24.598970687296173	25.461692736609297	4.961462791891443E-4
123.0	24.351929594235642	28.162343907428326	23.06414679571337	24.420816413763625	7.632888590358135E-4
124.0	25.16394484324152	24.126864666265433	23.30644394923978	27.402555719111334	1.9082214193274588E-4
125.0	26.50639976124452	23.677284721252214	23.936496232807965	25.879017835675473	8.014490198278486E-4
126.0	23.65477355405713	24.015658179364543	24.94191345180648	27.387463991683163	1.9082308867777922E-4
127.0	25.780203474593154	23.049958821163248	27.79124963076437	23.37809194291598	4.961305632455793E-4
128.0	26.517521771022807	23.092053891534547	24.84522327463356	25.536270535442362	0.008930527366723328
129.0	24.72446299909894	26.74518852611987	21.980294224170468	26.54673395294413	0.003320297666594027
130.0	25.869265041397572	24.201340202014958	24.054404965724014	25.874989790863452	0.0
131.0	25.463182589639594	24.719724202890863	24.805099788679204	25.011306444921676	6.869738686589926E-4
132.0	26.011922708485198	25.03207758156789	22.7616107105919	26.189160410806767	0.005228588548246133
133.0	26.307437607765284	25.521032501131558	25.05188380774864	23.11754706943309	0.002099013921423605
134.0	26.64609893729158	23.436830941355257	20.82345209645054	29.09346536981078	1.526550918487524E-4
135.0	26.351237633492257	23.93100287259048	25.81778380426847	23.899632215298883	3.4347434990800613E-4
136.0	27.81516828782674	26.696913225223767	24.4931099901803	20.989541809671852	0.005266687097341735
137.0	29.10058200553382	21.623013071271828	23.882797442992082	25.39337849441847	2.289857837992558E-4
138.0	25.677957111117728	24.11780284730157	26.440002961327956	23.763054075527602	0.0011830047251498409
139.0	25.707070861261766	24.128831302845228	25.151198982746063	25.011677659949594	0.0012211931973432942
140.0	27.27317481791589	21.547004127303364	25.00615374634353	26.17340016906106	2.671393761532312E-4
141.0	26.149354663898578	24.67355381362724	25.318737263103262	23.85804895547906	3.053038918613615E-4
142.0	28.808349120040543	23.058158687319395	23.644073229967926	24.489037333972437	3.816286996994292E-4
143.0	27.111654385120637	25.192237457386046	23.702995847464837	23.99284516779776	2.671422307215855E-4
144.0	28.24148510162312	25.05240774119487	22.8644298652187	23.84099035270133	6.869392619753548E-4
145.0	28.564853613969525	22.622820314372376	22.503484291303543	26.30815484450062	6.8693585392996E-4
146.0	27.351298253005634	21.36121074872659	24.822341011376817	26.461142856488635	0.004007130402327341
147.0	26.39876719276466	24.05389944362628	26.355681526324044	23.18825535870821	0.0033964785768067834
148.0	24.57473526977162	24.37796458356629	23.881725399561653	27.164964132092816	6.106150076193304E-4
149.0	27.694567015258826	25.003263042437872	24.080680727898898	23.21923752430108	0.0022516901033258607
150.0	25.730473013716406	24.10053354298494	24.96137728892994	25.207577989634462	3.816473425895536E-5
151.0	27.27255379110092	24.031920480463608	25.51035518766965	23.184674383314455	4.961574513689366E-4
152.0	27.721346513491852	24.023472386550132	22.97473378878669	25.28014197931377	3.0533185756268844E-4
153.0	24.930641139603576	23.3098059631254	25.043157260362225	26.71570863210091	6.870048078886472E-4
154.0	23.387358407461324	24.22235267085951	24.531243678478546	27.856411673507587	0.002633569693032643
155.0	27.205969930460753	23.39829923558748	23.93465540356889	25.460808206669295	2.672237135850428E-4
156.0	26.343040514540156	23.166141376382704	25.81507796895901	24.6755492642882	1.9087582992810851E-4
157.0	24.94643975140104	23.061905416342174	26.366530761830592	25.624933192847436	1.9087757875608897E-4
158.0	24.416752213365747	21.258466069105953	26.394207588148095	27.930459600515682	1.1452886451884324E-4
159.0	27.255040895236114	21.1454178399741	24.312851610459894	27.286002467763314	6.871865665715805E-4
160.0	26.726954532508795	21.402523248382597	25.58345251175686	26.28699335171468	7.635563706944011E-5
161.0	24.813556630145374	20.59165561407005	28.714111512491534	25.87766016338754	0.0030160799055012535
162.0	25.982666209034022	23.664545597888274	24.62301619874492	25.72977199433279	0.0
163.0	25.551153429553956	24.108416765647686	26.87182940979059	23.468485855736258	1.1453927150732535E-4
164.0	25.76231362145932	23.5419978832682	24.770611026859278	25.92351206430222	0.001565404110980279
165.0	26.886403250039614	21.42803960985779	26.640359367632094	25.044625044625047	5.727278454551181E-4
166.0	24.81583092299321	22.85132258464828	25.918458909667137	26.414311215479636	7.636721173764045E-5
167.0	26.562289386150244	22.928151585076254	26.695822146734827	23.81331684761877	4.2003441991146433E-4
168.0	25.572025581533886	24.078878432726277	23.979251280375017	26.369768333458076	7.637190674684699E-5
169.0	26.93730305053057	22.71656995171635	25.37320158308041	24.972734479656257	1.90935016412774E-4
170.0	31.0641505629614	23.095241368459803	22.955894864991606	22.88463682841401	7.637517318070518E-5
171.0	25.720883324798553	23.14861169505292	26.373536151757914	24.75628146364394	6.873647466659946E-4
172.0	27.378514378216583	24.453352880988376	24.22320978604481	23.94477023869519	1.5271605503886624E-4
173.0	28.431099693550742	20.550081565819397	23.030117696824068	27.98725030608657	0.001450737719218877
174.0	24.402032242842942	25.417504653787244	23.904928356873327	26.27519115268851	3.435938079814551E-4
175.0	25.261484931283018	23.887603378984313	23.434631344137724	27.414905967739532	0.0013743778554131591
176.0	24.7343520450082	24.149300412025397	27.513232765334887	23.601816699093177	0.001298078538333023
177.0	22.848973890890736	25.853398147593083	23.907519403613097	27.36544238175986	0.024666176143225717
178.0	24.736803525779052	23.07477925703308	23.9792832992789	28.20882849699313	3.054209158351582E-4
179.0	27.63992467503509	24.475153605197605	23.162693982402793	24.721311375260974	9.163621035397541E-4
180.0	26.71726936845531	22.44194727874878	25.381434615310987	25.45915730229531	1.914351896165553E-4
181.0	27.830700576982757	22.426066531969585	25.70095483530424	24.04162592444407	6.521312993485976E-4
182.0	25.56512228224916	23.058653524231524	25.169806096413737	26.206418097105576	0.0
183.0	23.693042124006208	24.646307682690697	26.007770473810222	25.6524962196503	3.8349984257331465E-4
184.0	26.049669260222867	21.913351087330028	26.6061818884689	25.427461219380493	0.003336544597712434
185.0	25.03360314276149	24.048959155835366	24.64045116605302	26.276411303234376	5.752321157459054E-4
186.0	27.335178058129923	23.30129034856094	25.034449564418672	24.329043677023588	3.835186687299971E-5
187.0	24.882390038865765	23.241519227465602	27.656067390382827	24.219408439477903	6.14903807907125E-4
188.0	27.20600556834132	27.80150446681825	22.5551645520191	22.436825768721665	4.996440996643929E-4
189.0	25.606995627732665	23.5218373132177	24.372267332916927	26.498169413347426	7.303127852784317E-4
190.0	28.621820240899197	21.490641158757978	25.07868069381245	24.80862725590725	2.3065062312187926E-4
191.0	26.661895658986452	24.14209488579047	24.06906611376388	25.126712237750255	2.3110370894490758E-4
192.0	26.57119689052307	22.95789378393527	24.60808918559209	25.862781618183817	3.8521765760698937E-5
193.0	27.340226012904896	24.33333436071142	22.321625332677865	26.004621660314903	1.92633390917875E-4
194.0	28.060927451375516	22.853612365812843	24.229072853015143	24.856387329796494	0.0
195.0	26.400013873447186	21.55613832597591	24.45796249159404	27.585345786036765	5.395229461035845E-4
196.0	28.713496509306907	22.31775065263304	25.77972982634454	23.18890707394318	1.1593777233299646E-4
197.0	24.646045320577862	24.49259312943905	23.79857950427598	27.062240904478912	5.411412281973233E-4
198.0	27.666334681032307	23.399873791225584	23.538827405046103	25.394847908354922	1.162143410821182E-4
199.0	25.508610417887624	23.470947359433037	25.624619158325345	25.39539613355948	4.269307945182086E-4
200.0	27.71890192425257	23.786207097318858	23.56550512842906	24.929347035020815	3.881497870028044E-5
201.0	25.179725140868797	21.19782342373676	28.279692689417878	25.342487023301384	2.717226751796087E-4
202.0	25.17595504867734	25.15060509902785	28.08708425888471	21.586277951910407	7.764149969215145E-5
203.0	26.079488838337433	24.727880352010015	22.113124108305758	27.078730048766015	7.766525807776934E-4
204.0	25.536917391230052	23.761109238319087	23.732952630099064	26.968904230248818	1.1651010297939635E-4
205.0	27.368332746876828	24.255841067956716	25.153973961331154	23.221075460251843	7.767635834589748E-4
206.0	25.73372786581131	21.739203052680807	25.52460182930903	27.00242841006726	3.884213159403447E-5
207.0	26.265845159335388	23.604635352526874	26.480325391491494	23.648844463954813	3.496326914336106E-4
208.0	27.921101762252327	22.483666479516803	22.008046796531836	27.587184961699034	0.0
209.0	26.898415173176005	21.050737619487673	25.18643535599341	26.863751215375874	6.606359670428147E-4
210.0	24.96315304236156	24.022933733001036	24.546720232089193	26.466765443461686	4.275490865219426E-4
211.0	25.226228378787663	24.794319281481172	25.75813479342895	24.22057884139189	7.387049103270558E-4
212.0	27.574130300675314	22.432909909426336	24.441547974947746	25.551061749254945	3.500656956622193E-4
213.0	29.75322080917297	23.055050802443937	22.34381269549318	24.847526506511283	3.891863786324224E-4
214.0	27.60558629537911	25.135641689380726	23.952433293111465	23.306299772612725	3.894951597436499E-5
215.0	26.381685171916274	24.48097118881993	23.330359217254298	25.806711089678387	2.733323311147859E-4
216.0	25.635039219320348	24.69519026379236	26.628711253409882	23.04101974579858	3.951767882638817E-5
217.0	28.90579778319585	23.064721368671655	24.981104064778776	23.04769908103566	6.777023180608465E-4
218.0	24.77272763873478	23.824021541152202	24.89572446135041	26.507284793808207	2.4156495440058877E-4
219.0	26.176605974645327	23.0466754934141	24.548469578625827	26.227517005585575	7.31947729172834E-4
220.0	27.89832326244474	21.425692864056085	24.762696513118314	25.913001255591304	2.861047895576657E-4
221.0	25.413197628569122	22.530774765104205	24.650475718516883	27.405304932358902	2.469554508830304E-4
222.0	25.88737794130891	24.591643671830873	24.37658714167793	25.144225242457356	1.6600272493472979E-4
223.0	30.4529978154523	22.537474266733025	24.310163811704243	22.69873467438658	6.294317238624281E-4
224.0	30.083965585722655	22.63351352806931	24.022841870704106	23.259636940145278	4.2075358650357134E-5
225.0	30.39678201148822	19.881157487484472	23.95602387004837	25.76510579386866	9.308371102754263E-4
226.0	25.35568102045545	22.584408777298663	25.511386324439915	26.54843837242212	8.55053838464939E-5
227.0	27.1902368367005	24.03342305239377	25.250835035833575	23.52425117013112	0.0012539049410340392
228.0	27.459699495103106	27.855491731335764	23.04311176383687	21.64147975632859	2.1725339567057436E-4
229.0	27.33032276773453	25.012692473308572	22.356669232174358	25.30027172187035	4.380491219524375E-5
230.0	25.772993627646347	22.578819325083707	27.364049533097624	24.284137514172325	0.0
231.0	24.71010174213909	24.47350667245487	24.641430157287438	26.17384372654224	0.0011177015763615952
232.0	25.087450317428917	25.565167347085588	24.227784472060858	25.119373055410684	2.2480801395608152E-4
233.0	22.615889914697167	25.044624630249817	22.26766776178495	30.071272104309333	5.455889587343792E-4
234.0	26.651881224640356	21.536102914053853	26.364441165621542	25.446560309848763	0.001014385835485061
235.0	25.346278691946573	22.744769686902703	27.166013436934804	24.742798089670785	1.4009454513869593E-4
236.0	28.41494796558306	23.573408670887993	23.84806631926561	24.163387690489895	1.8935377344199715E-4
237.0	28.0993064629611	23.382823830104964	23.082051797500586	25.435770046283668	4.7863149682428005E-5
238.0	27.006882899669655	22.5592920114008	24.31594707905311	26.117829586493365	4.8423383070604196E-5
239.0	26.99654669423029	22.91633537311997	24.70905064521259	25.377085676928424	9.816105087294622E-4
240.0	25.66864164799633	22.08383631932701	25.7309909097095	26.51632950853963	2.0161442752843396E-4
241.0	28.87543976433527	21.48987185705079	23.696326797576937	25.936393334406617	0.001968246630387003
242.0	26.873073531434304	24.403502633346008	21.05205409078774	27.670459601802488	9.101426294627328E-4
243.0	28.03097025425727	22.29604784468225	25.43622272419589	24.23478170483441	0.0019774720301792654
244.0	26.872498018735648	22.43116376419906	26.10325943386641	24.592367560098353	7.112231005263051E-4
245.0	28.552339573486023	21.031056141004843	23.581197860810068	26.834082416457626	0.001324008241442069
246.0	24.671193600391813	26.80999122502704	22.963492031100134	25.553180417525457	0.0021427259555537414
247.0	25.42363090293309	23.448654866125633	24.509425522397596	26.480260719534794	0.13802798900888236
248.0	25.92364752617534	22.907072793507265	23.720353460549926	27.439406982207217	0.00951923756025012
249.0	25.740860601948118	21.540456237190366	28.25266483971952	24.451184427388604	0.01483389375339088
250.0	27.05395839111202	22.03646141790058	24.725608046189336	26.182994516534524	9.776282635418237E-4
