# Position (bp)	A	C	G	T	N
0.0	21.384831601666416	21.273012208112345	30.431048425326395	26.911107764894844	0.0
1.0	26.343814730456454	28.06559259992361	25.431350519516364	20.091776113119913	0.06746603698365482
2.0	25.590040204023712	23.49193577276322	23.01521911055142	27.902529353897364	2.7555876428427743E-4
3.0	24.76684137505781	20.854070778920477	27.32883349115814	27.042821907551367	0.007432447312206832
4.0	25.58912278674952	21.693636896264326	25.54621247754773	27.171027839438427	0.0
5.0	28.433298081281162	22.874095235479132	26.989520526308556	21.703086156931146	0.0
6.0	30.257606645662765	21.89247675217216	26.017944161606472	21.827884311395522	0.004088129163078198
7.0	26.50222274248038	25.625648243175924	21.378889799340666	26.492694758792286	5.444562107481101E-4
8.0	31.136422990707086	21.746120699035888	27.355328734031207	19.762127576225815	0.0
9.0	30.9603229621172	21.166795797142818	19.197216218787805	28.675665021952177	0.0
10.0	27.41055662709516	23.582624758903588	25.011817119882647	23.995001494118608	0.0
11.0	21.610577880441276	18.91274045163089	24.955460857328713	34.521220810599125	0.0
12.0	29.789283405243506	31.1549169404531	16.142975893599335	22.91282376070406	0.0
13.0	35.16061826727277	25.100051496132565	23.936813983944706	15.802516252649959	0.0
14.0	25.75286947132876	26.346454269715963	21.568826887617913	26.331588569580607	2.6080175676063355E-4
15.0	22.17490048229738	26.71085219239755	19.151768256610282	31.962479068694787	0.0
16.0	25.96482464253389	21.717024338854625	18.43565610054059	33.88249491807089	0.0
17.0	27.27936962750716	26.805396370582617	19.3292741165234	26.585243553008596	7.163323782234958E-4
18.0	29.91094290008408	20.12609475446774	23.040755711063422	26.921968450111113	2.3818427364514832E-4
19.0	27.298851941897695	26.746708789091304	24.26884447214544	21.68559479686556	0.0
20.0	18.181347674399458	25.288362234251526	32.39396527184743	24.13608956579223	2.352537093628624E-4
21.0	26.359067004081098	25.855506226413777	19.99646133896415	27.788965430540973	0.0
22.0	25.031833028843494	22.044141799996307	24.785934414733617	28.137860082304528	2.3067412205429145E-4
23.0	22.47053690339942	25.36738922355403	23.35048920505036	28.811584667996186	0.0
24.0	31.485202342254592	21.43117645060085	22.767212966213997	24.316181717275825	2.2652365473264545E-4
25.0	26.6493632321275	29.171990657923097	23.010530947296377	21.168115162653027	0.0
26.0	26.51960882081148	25.450359112777587	22.715074315624786	25.31495775078615	0.0
27.0	23.355462746852204	25.147369493296956	24.416833117058545	27.08033464279229	0.0
28.0	28.11042188283807	26.774345386602548	18.630377950981064	26.4830868980087	0.0017678815696136516
29.0	25.445787556194695	21.48544128542424	26.6263951691687	26.44237598921237	0.0
30.0	25.245249678174243	23.206187737841717	24.333066321070305	27.21527917977306	2.1708314067204597E-4
31.0	27.406511046920134	21.503977238226593	25.805423270096544	25.284088444756726	0.0
32.0	21.195257838818346	22.322924764619504	28.492053208948775	27.98954824220437	2.1594540900060464E-4
33.0	27.94098056320718	24.986570865008186	22.994546696862525	24.077901874922112	0.0
34.0	31.51676991188042	27.539067479032298	18.170307866180607	22.77385474290667	0.0
35.0	25.988680197555787	25.827938154605008	22.073402705470954	26.10997894236825	0.0
36.0	28.539627417682713	21.147131217920588	23.233922926723782	27.079318437672917	0.0
37.0	23.872343401929218	28.586871048353423	19.906018902197342	27.634766647520014	0.0
38.0	22.7503136337436	29.24380361441698	21.069830129183195	26.936052622656227	0.0
39.0	26.89902852965792	22.885383450043964	18.425095081203054	31.79049293909506	0.0
40.0	21.75921119813901	25.335853069975656	26.251093733779374	26.65384199810596	0.0
41.0	21.407038795358876	25.70009808470027	22.493808800506734	30.395029245340975	0.004025074093140214
42.0	23.575515322517436	28.419578760514568	20.569687957414267	27.43521795955372	0.0
43.0	25.146203785094734	25.40885165690563	26.50773646251443	22.93445452908719	0.002753566398017432
44.0	30.89416603308463	24.919152108398652	23.416980280950394	20.769701577566323	0.0
45.0	28.25791395244428	21.751827599935623	26.124090435489745	23.863838510474285	0.0023295016560639045
46.0	30.6399388416766	25.253855748522398	24.948911199723856	19.157294210077147	0.0
47.0	28.779277209461878	25.35759434032182	22.67322812136715	23.18862982342092	0.0012705054282344422
48.0	23.884828415596733	23.839942071208377	18.437912869677156	33.83731664351773	0.0
49.0	18.709060037515506	18.000880725243366	29.881567860303427	33.40722110014439	0.001270276793313263
50.0	28.589271084936712	20.1963644215442	27.193805079309975	24.02055941420911	0.0
51.0	20.068116488084904	34.70469449183576	19.190095380017187	26.034765233073536	0.00232840698860774
52.0	19.29628548091532	28.62278819581106	22.37704675207056	29.70387957120306	0.0
53.0	28.02794226224854	22.66479651525633	27.283901254313093	22.02187907905621	0.0014808891258311489
54.0	23.54545262222598	34.65950199919609	17.65808457974571	24.136537688548522	4.2311028369544526E-4
55.0	22.777118613597956	29.205344094276693	24.49954633994683	23.516933469537097	0.001057482641422441
56.0	31.36073901439369	21.083185646066585	25.275248178053744	22.28082716148598	0.0
57.0	24.822090586292145	31.748767587389736	21.43879810427342	21.986325559952036	0.004018162092658818
58.0	23.772807633419898	24.322855426884455	25.487662518927056	26.416251469754776	4.2295101381358013E-4
59.0	25.420746909024782	21.657020695313474	30.582839404621186	22.337066962142824	0.0023260288977371966
60.0	21.770926712108654	20.251002148064202	29.678805202712986	28.298843089829678	4.228472844747391E-4
61.0	25.42780307739145	23.943864456086494	25.071141949860255	25.55148224728223	0.005708269379574544
62.0	31.645952293872785	17.91379241090776	25.4874519313096	24.952380549700752	4.228142090943108E-4
63.0	31.20306950786403	21.385717909690513	26.259724336208357	21.149374260104853	0.0021139861322509723
64.0	18.329285896956286	21.037792276688247	29.387769767446777	31.24494070452869	2.1135438000249399E-4
65.0	21.116970126068622	29.005082900952118	23.811435998774186	26.063340765711025	0.0031702084940452915
66.0	26.045239650103873	22.714717151799885	21.55382115058256	29.685799365554377	4.226819592999541E-4
67.0	28.232656140699397	29.908766027232826	19.955450263008288	21.902704896033	4.2267302648680525E-4
68.0	21.660837498282948	22.492841217679814	26.73316497427065	29.112944980399202	2.1132936738553872E-4
69.0	24.986211283291034	23.13841758362513	28.392077140737893	23.48096945772834	0.0023245346176034897
70.0	28.493552428905573	24.193763086889554	21.59783130035349	25.71464189199183	2.112918595585268E-4
71.0	19.042147131574332	23.78198317325464	25.047051939849563	32.12860652326827	2.1123205319668027E-4
72.0	21.824326465090245	26.905488609840845	21.21220442088143	30.056924393000095	0.001056111187385808
73.0	25.46545544405981	21.210405925725667	24.12659120814597	29.194590473132955	0.0029569489356039884
74.0	25.303538127852438	21.080297952054806	27.534588246226498	26.08094209280273	6.335810635291733E-4
75.0	26.627737534582163	20.734725771367025	21.27917045046567	31.356043166986968	0.0023230765981711054
76.0	23.900148033644395	20.963337915829886	31.065314302246268	24.070355048454093	8.446998253583111E-4
77.0	26.201527143110543	20.998428934631853	24.762650877178164	28.037181880379418	2.1116470001942718E-4
78.0	23.08580791881431	31.55510884093745	20.757378357662155	24.60107141122638	6.334713597040422E-4
79.0	29.568997918047945	22.73149575374688	24.30752923390077	23.389443278419915	0.00253381588449178
80.0	24.079661657548623	26.594426133280407	30.26754475795128	19.055833683485957	0.002533767733734795
81.0	24.447442653964394	24.881338468294988	24.341449613188743	26.329558123036385	2.1114151548934156E-4
82.0	23.025911592761727	24.68051236253006	21.6717442663238	30.62077614436006	0.0010556340243513657
83.0	23.80119959211335	21.319889119011275	28.990987225040694	25.88771294237862	2.1112145606245818E-4
84.0	24.49064036496982	27.307080895873398	24.424773529976797	23.77602742762565	0.001477781554330639
85.0	27.020631157628966	25.93893616437373	21.61912261109856	25.42109896327008	2.1110362866027304E-4
86.0	29.63826122200831	18.67252676731854	27.164817441821192	24.522494680312086	0.0018998885398723276
87.0	20.928597815188134	28.595070979998944	24.029553010712966	26.44656710116629	2.1109293366404562E-4
88.0	25.174831079298272	28.69340549622897	24.70664474198036	21.424485427753023	6.33254739384012E-4
89.0	22.333367809808063	25.11730796427674	26.0863783448337	26.46231263970888	6.332413726139993E-4
90.0	21.164456714918337	23.650071976460953	32.047466470789374	23.138004837831335	0.0
91.0	25.549469684977044	23.851406258244946	28.130652736003377	22.467627038151022	8.442826236082528E-4
92.0	26.70864087567515	26.952212299723715	20.523741881831977	25.81540494276916	0.0
93.0	23.455453401886047	30.95319504596915	21.030781180085945	24.560359310758216	2.110613006441591E-4
94.0	26.60419370838214	23.44698768480704	21.276474499002752	28.667911904686527	0.004432203121537341
95.0	23.48104484951322	28.099799716775458	21.57698241348672	26.840273600813795	0.0018994194108000989
96.0	24.44275614645985	28.80911680911681	21.156062044950936	25.591431887728184	6.331117442228553E-4
97.0	21.02725243001186	28.315810798833425	27.74223092604238	22.91449481498989	2.1103012243967704E-4
98.0	23.1494025838092	22.068524544499173	32.25414350650173	22.5279293651899	0.0
99.0	19.178275771157395	22.32617980490377	29.815133139994725	28.680411283944107	0.0
100.0	18.577596115923324	23.298765557081122	27.622373935179617	30.501264391815937	0.0
101.0	19.671588342356287	19.5087744458106	37.273415569817004	23.546010743186386	2.1089882972239387E-4
102.0	22.256902558565248	21.528896687278035	31.164007997098096	25.05019275705862	0.0
103.0	27.03476724127023	20.358849555655844	32.24837720537684	20.358005997697088	0.0
104.0	24.606342799663437	31.355926842075295	22.95980447357378	21.077715006315806	2.1087837168156523E-4
105.0	26.295701974312642	24.02660250800753	21.937369396572628	27.737584898817268	0.0027412222899327555
106.0	25.180757187588952	22.786686487227335	24.821667668237552	27.210888656946157	0.0
107.0	22.831532602919964	25.468738139217123	23.576284338284285	28.1232340612164	2.1085836222092897E-4
108.0	22.27280298733419	27.357680978516413	27.52425311373925	22.845262920410146	0.0
109.0	23.56387879759046	26.129024776451093	26.052698716583627	24.254186863905574	2.108454692471341E-4
110.0	26.939488874740157	24.670374383862576	22.117699641175058	26.272437100222213	0.0
111.0	24.712288683179192	23.055695514043517	31.186662928193915	21.04514205845088	2.1081613249372295E-4
112.0	23.868590365204778	20.68285114384734	26.849845266504204	28.598713224443678	0.0
113.0	25.988026476664277	26.57953539356634	24.42134997259581	23.0108773557064	2.1080146717821155E-4
114.0	22.98334482184377	24.864087759571827	25.03799640378004	27.114360216447754	2.1079835661601184E-4
115.0	21.882812730561188	23.792439068606576	30.420374968907176	23.90416243312408	2.1079880097642003E-4
116.0	29.09540863970859	27.180532514318358	24.471374878528472	19.252683967444575	0.0
117.0	23.89516708720407	24.224429955753983	26.53875584167557	25.341436319675882	2.1079569049290358E-4
118.0	28.075404562806572	21.021245739363955	28.024603658086722	22.87874603974275	0.0
119.0	23.959696883464552	20.429169169802172	27.197015208524363	28.413907947850465	2.1079035844900453E-4
120.0	24.78146585977138	24.009982905118136	27.60749645349707	23.601054781613414	0.0
121.0	26.432597414094744	23.062784295705473	27.740937316880892	22.763470188736516	2.1078458237250693E-4
122.0	30.89223193941195	19.989798004708938	25.04674157966515	24.071228476213964	0.0
123.0	25.119619241940722	27.117207886649435	23.002727529499055	24.760234559105605	2.1078280518188448E-4
124.0	20.753595575713636	26.042211131531474	23.178606956785647	30.02537557537642	2.1076059282739549E-4
125.0	25.542224030045464	22.789532141434535	27.174955372290988	24.49307769963392	2.107565951007522E-4
126.0	24.391390207868355	26.25657821249655	27.689295506899086	21.66252531702927	2.107557067376492E-4
127.0	26.475435749362447	21.477016460471685	24.466668071743207	27.580036672497734	8.430459249267605E-4
128.0	26.748161106076253	23.577254620945475	26.264041983687058	23.40295487596687	0.0075874133243408436
129.0	19.581684138646164	29.28147801565523	26.633914608598154	24.500815640056146	0.002107597044305905
130.0	28.204706685719344	23.91975113494101	27.123930921399275	20.75161125794037	0.0
131.0	29.608967982330427	21.34427003422637	24.75573670988518	24.290814520072164	2.107534858626562E-4
132.0	22.399795988045913	31.179686479149893	23.57560455401891	22.839854831163247	0.005058147622038349
133.0	30.518808575926627	27.420962673686116	22.478192420931062	19.580561064382675	0.0014752650735208887
134.0	26.12972025171866	20.932227322349092	23.208317000282403	29.72931392756134	4.214980885061686E-4
135.0	27.055756582066937	20.88221719714484	28.176072529709657	23.88574294691987	2.1074415869878126E-4
136.0	26.70868976040093	25.357586180008052	30.510789229105946	17.417876885401718	0.0050579450833612575
137.0	29.987102321582114	23.535944902466575	21.76335710552493	24.713384924047006	2.107463793772023E-4
138.0	25.06475196152606	25.131769451404946	26.318906308284667	23.4830970510197	0.0014752277646295177
139.0	26.56674457274243	24.78340495212886	28.971998069559096	19.676166430981468	0.0016859745881480201
140.0	25.91818283361117	20.10318294952339	29.995131686817828	23.982870281582393	6.322484652168507E-4
141.0	26.305007587253414	19.953211937278706	31.200682852807283	22.540676108582026	4.215140785702243E-4
142.0	24.84757029259338	23.626868093769822	25.11059452327912	26.414756333762572	2.107565951007522E-4
143.0	23.400093997441417	24.555040138593537	25.65160670290275	26.393048404467194	2.107565951007522E-4
144.0	27.983106321009405	23.89203725207957	26.736733846578588	21.387279582378813	8.429979536224676E-4
145.0	30.025711275026346	22.703688092729188	23.443624868282402	23.82613277133825	8.429926238145417E-4
146.0	26.954769802700074	23.121520065078208	24.076618630744395	25.84266584616422	0.004425655313104576
147.0	25.542102656508497	25.770766815245683	26.461817300498424	22.221941221719934	0.0033720060274607744
148.0	31.203871136345434	24.735187128808857	25.05869509321666	19.002035887254838	2.1075437420703668E-4
149.0	27.2167038655193	25.214710091321603	20.610693458270894	26.95599575954156	0.0018968253466448322
150.0	21.96874374295259	26.824739443373062	25.49018368056653	25.716333133107817	0.0
151.0	22.50917376083094	24.667879296281388	24.28870420759994	28.534031965366285	2.1076992144605027E-4
152.0	27.9977152636826	25.756608136106212	25.02987651042358	21.21558932075464	2.1076903297059983E-4
153.0	30.07058744180067	19.956707493144652	26.791401357791283	23.181092935564983	2.1077169841942305E-4
154.0	27.922275009379437	27.25496477967802	24.55052461628608	20.269917081539997	0.0023185131164610217
155.0	27.14551117540504	25.115613092062393	24.72443701221608	23.014227843723575	2.1087659290906367E-4
156.0	27.635341453539375	26.280029016802754	22.49687900668061	23.58775052297726	0.0
157.0	26.018182086574736	21.00281946761197	31.231982927143015	21.74680463851979	2.1088015048407538E-4
158.0	31.318654668991975	17.63211114227451	24.003222248699394	27.04601194003412	0.0
159.0	28.30494642793128	21.702328661109483	24.959670702056634	25.03284333675649	2.1087214610909262E-4
160.0	24.416427333341765	25.52094535609003	25.25694066642206	24.80547577778059	2.1086636554949663E-4
161.0	26.728309804210994	21.391293346125867	28.577393064619862	23.299208198467007	0.0037955865762754754
162.0	31.845852477717308	18.037014467144758	25.31296982374164	24.8041632313963	0.0
163.0	21.177539784456492	22.71261779298798	33.17497569811257	22.934866724442955	0.0
164.0	32.21172803971061	24.997522304530914	20.415578062168017	22.373906387393486	0.0012652061969799528
165.0	32.390674488535005	19.262334836132982	22.120465769485435	26.2263140359238	2.108699227794343E-4
166.0	29.117348735499842	26.334668159647755	23.256132715053592	21.291639516763354	2.1087303545408345E-4
167.0	22.896070922464403	22.635004048856196	24.87410587758958	29.59460827316283	2.1087792698562657E-4
168.0	22.383923845354108	19.1879677683981	26.559017109067405	31.869091277180388	0.0
169.0	27.83869110510765	21.000229874876364	28.260268974694785	22.900599150939218	2.1089438198455834E-4
170.0	27.324280493231456	25.51125207991075	19.320762834288317	27.843704592569473	0.0
171.0	22.81408031312079	30.28190993559598	25.92061476948253	20.983184097647797	2.1088415289944625E-4
172.0	30.4475786899416	27.820293888221283	19.012501844707273	22.719203929753547	4.21647376299201E-4
173.0	26.626908336600852	22.323901797346352	24.02596307492527	27.022383560373214	8.432307543120712E-4
174.0	28.360615994350226	28.8943934395126	16.24353068904091	26.50103825194211	4.21625154156697E-4
175.0	24.51055415367556	27.92566030655848	22.135790523291234	25.42694097136581	0.0010540451089144811
176.0	19.530694977032258	24.461960405682593	26.330579453201253	29.67550030462032	0.0012648594635731015
177.0	27.634755219544488	23.11209871754058	27.184218349099666	22.04615841947365	0.02276929434161953
178.0	25.972908870500184	19.89606282612133	27.819111368787226	26.311706108680756	2.1082591050440098E-4
179.0	29.004054284828797	23.687311964883946	29.099560838518023	18.208229586791845	8.43324977388349E-4
180.0	24.341360236357463	21.67369257924449	27.593173301391616	26.391563000187684	2.1088281874410847E-4
181.0	29.000236201209688	20.043148899555437	25.67338434154695	25.283019663750707	2.1089393722109275E-4
182.0	31.358760152704264	20.574812228988932	22.259112401213372	25.807315217093436	0.0
183.0	22.45184899439916	22.84182102181103	29.306503257847393	25.399615930251922	2.1079569049290358E-4
184.0	24.06703990691478	23.361101508418987	26.08810212392813	26.48017301709092	0.003583443647186786
185.0	25.023239734993247	26.17458152667669	18.97057986564166	29.831388081441307	2.1079124710425527E-4
186.0	25.08911838674112	28.33300658348248	22.26536725629204	24.312507773484356	0.0
187.0	23.475349417760057	20.74136233393564	22.401742397567727	33.38133500882373	2.1084191284217007E-4
188.0	33.75257766738497	24.5885220530251	25.226560622098148	16.43191795321613	4.2170427565965093E-4
189.0	25.943763244736374	23.459182490063153	27.598814958513007	22.997606722263807	6.325844236628747E-4
190.0	29.893405029258265	26.01971637935579	20.28804892192525	23.79861879909326	2.1087036744161527E-4
191.0	24.231316763505607	26.593413546203248	24.70289251405131	24.471955373242928	4.2180299691029307E-4
192.0	22.741039452981646	19.126238573905265	25.771195484820748	32.36152648829234	0.0
193.0	21.571137804119253	21.463568965335416	25.976187211963342	30.989106018581992	0.0
194.0	25.029951739732038	22.994709932165637	26.792463973541224	25.1828743545611	0.0
195.0	29.05841382205226	23.835066855381864	26.403604432135303	20.70291489043058	0.0
196.0	30.71654928834558	23.88863336188672	23.37994708481199	22.014870264955714	0.0
197.0	25.510083512328514	22.43671166514046	20.626785556038502	31.426208270210275	2.1099628224550683E-4
198.0	28.74962009928072	21.982321953196234	21.26219903420795	28.005858913315095	0.0
199.0	27.289732254073613	21.742058616132315	26.427295643692283	24.540913486101786	0.0
200.0	30.569660475515853	24.92013858831627	22.248872016941387	22.26132891922649	0.0
201.0	22.532906544147764	20.40606907734991	35.436874754546956	21.624149623955375	0.0
202.0	26.809914144421498	25.880199161292776	27.03542756753789	20.274459126747836	0.0
203.0	21.372986693753603	24.403372914893662	28.123884722841087	26.099544491771496	2.11176740149133E-4
204.0	23.578719279238182	21.130139662385773	26.06425779146313	29.226883266912917	0.0
205.0	29.119346083577106	21.94865404315088	25.913761603531487	23.018027056425638	2.1121331488737052E-4
206.0	24.26403337381845	20.177852880604107	26.500924116808367	29.057189628769077	0.0
207.0	21.50871092652486	24.656981521892977	29.57574502874067	24.258562522841494	0.0
208.0	28.989879782806195	27.751790581225833	19.14833829836682	24.10999133760115	0.0
209.0	23.67153637914019	27.05089000986904	24.21993376965619	25.057428512860398	2.113284741872835E-4
210.0	23.87407286846939	26.882534099628195	23.368893191488464	25.87449984041395	0.0
211.0	32.38554084421885	23.56768823898746	22.777884654006414	21.26846345572893	4.2280705834103196E-4
212.0	24.44210446189564	20.47604548587764	26.872021279744914	28.209617328275588	2.1144420621730542E-4
213.0	36.91867044894453	18.13018397354944	25.521068006963795	19.42986603374858	2.115367936522039E-4
214.0	28.756675747588478	26.12236171703509	22.132683063128283	22.988279472248152	0.0
215.0	25.81493710725125	19.98208207932598	21.181693222324117	33.021075795346	2.117957526479764E-4
216.0	24.330805240663953	22.698509033651785	28.91171764586048	24.058968079823785	0.0
217.0	27.010633871389782	21.547637942202186	26.969024935334566	24.472488772021634	2.1447905183100767E-4
218.0	22.007527257207155	27.172277620421028	29.092245545510593	21.727949576861228	0.0
219.0	27.482340512585157	26.11114598870399	19.795078507056218	26.611218510043667	2.1648161096955617E-4
220.0	25.40967260872581	23.452347922591386	24.282097523756676	26.855665186932093	2.1675799403482E-4
221.0	25.38618866656044	21.10422564724937	20.193569088317535	33.31601659787266	0.0
222.0	19.937542760036195	24.795082871708857	27.893226810266825	27.374147557988127	0.0
223.0	32.77424692565153	19.735779686625506	26.74058228458545	20.749169887201997	2.2121593551113045E-4
224.0	28.180580008637012	23.566421951300534	25.749150140074633	22.503626438118015	2.2146186980256675E-4
225.0	34.62244322095282	18.8211821062127	20.719075360270885	25.83707712885322	2.2218371037908985E-4
226.0	22.128800175675707	22.443929793105635	29.20427507736749	26.22276856763175	2.2638621941805157E-4
227.0	29.795557827896076	26.191970674634064	19.59787181108329	24.413686692428314	9.129939582624812E-4
228.0	26.704647593235336	28.99433512636494	19.689929984189977	24.61085682942231	2.3046678743126329E-4
229.0	29.71732583631616	23.59326199375352	23.446409204946914	23.243002964983404	0.0
230.0	24.37548611160065	22.674947306089933	30.233028096369345	22.716538485940067	0.0
231.0	20.76454760222398	28.28797579027757	26.243139270139675	24.70338569732613	9.516400326412531E-4
232.0	24.66571115822409	25.102844346720786	21.83710409398006	28.39386344178593	4.769592891398755E-4
233.0	22.83752006449344	22.826276771596092	27.306609381690656	27.028876125226358	7.176569934477917E-4
234.0	27.87043182786325	17.79717266179923	27.818669942442764	26.51248724527704	0.001238322617714948
235.0	27.459252685988737	23.25692741939527	25.123708394122158	24.16011150049383	0.0
236.0	28.095140016842173	20.04948365449042	27.87196821366093	23.98340811500648	0.0
237.0	24.544041383094065	28.757070265045133	22.47880553342129	24.22008281843951	0.0
238.0	27.82583469592278	19.208555303549765	28.239886069940397	24.72572393058706	0.0
239.0	23.232092603408912	25.058142621993312	27.613763075452663	24.095205224871236	7.964742738809536E-4
240.0	22.480075138985406	23.492876997915218	27.40238446838082	26.624663394718556	0.0
241.0	27.811898731425217	23.90507973432761	19.54034546106769	28.74050199471699	0.0021740784624917115
242.0	27.862635912809058	21.05210183701616	22.833079892385076	28.251366268868654	8.160889210488375E-4
243.0	23.7741427847991	27.1215974124271	23.93586609092444	25.166215620184374	0.002178091664987721
244.0	26.10436294562193	23.51504778827627	26.51860976586879	23.86116190782463	8.175924083819573E-4
245.0	27.646349866985865	23.316870145807652	22.514667245028786	26.520740047275616	0.0013726949020856725
246.0	20.189477329507508	27.68721673908801	26.171178227971954	25.94992895287253	0.002198750559994283
247.0	25.677937177271076	21.577559536261244	25.68481839100708	26.917381395400046	0.1423035000605547
248.0	25.94648958448143	23.68097652375179	29.122947205995814	21.240769315551635	0.008817370219332085
249.0	25.806559552955477	17.64559898723447	30.995588669964473	25.535522081746244	0.01673070809933579
250.0	30.928295108760835	26.864023160660345	18.28392448241335	23.922641609420452	0.0011156387450179759
