# Position (bp)	A	C	G	T	N
0.0	22.481010533383692	22.6929371773889	27.57983969113265	27.24621259809476	0.0
1.0	23.099182218494445	30.413084504088907	23.791151184734748	22.623191444747327	0.07339064793457747
2.0	24.687232398337475	24.51387873598028	22.92027820129911	27.87861066438313	0.0
3.0	24.062943484431088	21.126554804240754	24.701561065197428	30.09850571834043	0.01043492779029969
4.0	25.72608052040114	25.48214248483206	23.447240581281402	25.344536413485397	0.0
5.0	26.623214360084962	25.103077756028487	25.030194494190162	23.241431010786723	0.0020823789096664027
6.0	28.066841550823124	24.17325924854894	23.28713362113482	24.468634457686985	0.0041311218061264535
7.0	26.687831124121296	23.140035869632438	23.080253148900205	27.091879857346058	0.0
8.0	26.59543807641634	25.232625164690383	27.99324769433465	20.17868906455863	0.0
9.0	26.68762714999075	24.351149744158807	22.71951996383289	26.24170314201755	0.0
10.0	26.585631275280786	23.762396566946595	23.663840009855655	25.988132147916964	0.0
11.0	24.268395487937056	20.868291116374294	24.26237405162378	30.60093934406487	0.0
12.0	29.110725003948822	25.18954351603222	20.56152266624546	25.138208813773495	0.0
13.0	27.300799343326755	24.441534582836592	27.232395880157135	21.02527019367952	0.0
14.0	27.970018253136043	22.134840187968464	22.189211231504135	27.705930327391354	0.0
15.0	24.369763863295272	23.499686544197267	23.780846900587015	28.349702691920438	0.0
16.0	27.524515308032036	22.883449359982034	19.8929560595853	29.69907927240063	0.0
17.0	23.292559551181828	26.472914558999356	21.38508231398878	28.84760415708636	0.001839418743676998
18.0	26.439867061100763	23.84500200869216	22.49735217851795	27.217778751689124	0.0
19.0	26.702342598154317	23.864649884417265	24.525382697173228	24.907624820255194	0.0
20.0	20.426878900244187	23.579632811793434	26.958487835760153	29.035000452202226	0.0
21.0	24.644073874843105	24.558006096467636	24.421732114039806	26.376187914649453	0.0
22.0	22.774507022272665	26.05511420059583	25.35643353667187	25.813945240459642	0.0
23.0	26.60309514576797	26.34927909190256	21.893397257376527	25.154228504952936	0.0
24.0	27.75353556595342	22.671433328075985	22.653908837600547	26.921122268370045	0.0
25.0	25.977346833705166	26.35146730736228	21.829414793204048	25.8417710657285	0.0
26.0	22.943597274636705	23.988661395809498	21.727771042161166	31.33997028739263	0.0
27.0	24.09314059729988	24.70510023182872	21.880540024546573	29.321219146324832	0.0
28.0	27.56620556701728	25.77028443873237	21.380255014035917	25.281563905705685	0.0016910745087428552
29.0	25.17430822734833	21.955276289040842	25.547285831891266	27.32312965171956	0.0
30.0	21.31999198182547	25.420954162768943	25.928771882934655	27.33028197247093	0.0
31.0	26.11966380960306	24.470333693933593	22.35166846966797	27.05833402679537	0.0
32.0	21.30539219746542	23.314834755238962	24.534084320384327	30.84568872691129	0.0
33.0	26.74160262001547	25.268666787354142	23.44683442226355	24.542896170366834	0.0
34.0	28.153418384036637	26.540726202158982	20.53156689564933	24.774288518155053	0.0
35.0	27.011428850124368	22.963372404935704	25.769374583407846	24.255824161532082	0.0
36.0	23.159912910668442	25.68972800831898	26.95219835570143	24.198160725311148	0.0
37.0	24.491519916823705	26.255767106374684	21.838650984469428	27.414061992332183	0.0
38.0	25.466948189053113	26.121487737534515	20.498619457528015	27.91294461588436	0.0
39.0	25.191633103806677	24.720670391061454	21.61069247758867	28.477004027543202	0.0
40.0	24.530722265523515	27.937451286048326	23.87795531306833	23.653871135359832	0.0
41.0	23.65242239251851	27.208078971294974	21.58072476945058	27.557150279257048	0.0016235874788933626
42.0	24.785714285714285	26.176948051948052	20.551948051948052	28.48538961038961	0.0
43.0	25.071821590300438	25.85414942136956	24.700134716203276	24.37227118534028	0.0016230867864504717
44.0	27.720169417263037	23.901789916102754	24.30748259578404	24.070558070850172	0.0
45.0	25.9986371158776	24.85154297952429	21.93918940844339	27.209008015056625	0.0016224810980952074
46.0	26.975989617131734	24.928617780661906	23.62426995457495	24.471122647631407	0.0
47.0	25.32688751176146	24.731514227312545	23.196846306090006	26.743129684306155	0.0016222705298335552
48.0	23.083784748126764	23.847675889584483	23.331927730383732	29.736611631905024	0.0
49.0	19.862802653130725	23.17921606149555	26.89295039164491	30.063409175680718	0.0016217180481001574
50.0	26.212096643424683	25.11593967893627	22.289605967245013	26.382357710394032	0.0
51.0	24.364815565464127	28.123226591001217	20.254560194568302	27.255776246453184	0.0016214025131738956
52.0	20.520132868832537	26.385805719841205	22.090253585027952	31.003807826298306	0.0
53.0	23.02760463045414	27.381202946652632	24.021695134785073	25.567878248198816	0.001619039909333765
54.0	24.1139804096171	30.740710758520194	21.483040556949728	23.662268274912975	0.0
55.0	25.210355987055017	29.949838187702266	20.333333333333332	24.504854368932037	0.0016181229773462782
56.0	28.33263212401696	23.751577720961844	23.201398103498494	24.7143920515227	0.0
57.0	22.602617826459788	28.707104373291052	24.26909573349297	24.419564127040626	0.001617939715566198
58.0	26.21897951920277	25.801598343417346	23.55777008444689	24.421652052932995	0.0
59.0	26.642294440220642	23.361749623902035	25.623190281305103	24.371148028923145	0.0016176256490722917
60.0	21.759655958482206	23.57040078896739	26.428790842804716	28.24115240974569	0.0
61.0	25.367801597309793	25.61354156562227	23.996831247777024	25.018592168655218	0.003233420635690497
62.0	26.434830407087656	20.642157338248133	26.864875351634492	26.058136903029716	0.0
63.0	26.58346535613825	24.08904264606033	24.05832713634453	25.26754825568237	0.0016166057745158266
64.0	22.583251199689776	22.458838926499812	25.504516003942413	29.453393869867995	0.0
65.0	21.4162237265134	27.560301791686186	24.135256959141802	26.886601935473447	0.0016155871851624471
66.0	25.36792620474629	24.32755528989839	24.122388975945462	26.182129529409863	0.0
67.0	24.540035860241975	27.588156428190675	21.398226371815788	26.47358133975156	0.0
68.0	23.639535447188614	22.30854964544735	28.01208224975367	26.03983265761036	0.0
69.0	25.197460871250666	23.39487328584581	26.502560126633394	24.903490494419408	0.0016152218507211966
70.0	25.831086426530188	23.95175743093789	25.380628703359864	24.836527439172063	0.0
71.0	22.740322580645163	24.537096774193547	25.2	27.522580645161288	0.0
72.0	24.827018919049692	28.110836921985126	22.0738375187497	24.98830664021548	0.0
73.0	23.559390371744215	24.196435771308767	24.67220385452786	27.56551890976534	0.00645109265381824
74.0	23.389502539708136	26.130774812545354	24.1183584616625	26.361364186084014	0.0
75.0	22.642178757437474	24.944773207346373	22.55026847477305	29.861167099343728	0.0016124610993759774
76.0	25.636477967140163	25.10601247964399	25.59294432530917	23.664565227906678	0.0
77.0	23.222779381177343	25.2156527627739	24.344979926154046	27.216587929894715	0.0
78.0	24.58445515662534	29.27918487110452	19.76881035678011	26.367549615490027	0.0
79.0	26.159153930483008	22.20771264590185	24.24066550590056	27.390855742567872	0.0016121751467079383
80.0	22.70191842656779	26.772529421247782	29.069804933096886	21.454135095921327	0.0016121231662098985
81.0	22.83300823755098	26.253768155659085	24.580465236245225	26.332758370544713	0.0
82.0	23.18282204633018	22.924894814050585	25.48804668482904	28.404236454790194	0.0
83.0	22.405093898605628	22.993471427420005	25.30345772547755	29.297976948496817	0.0
84.0	22.053869340253712	27.236093425103565	26.952400909105563	23.757636325537163	0.0
85.0	26.050514982028012	26.640447446043748	21.617962315243144	25.691075256685096	0.0
86.0	24.508381689232753	24.240812379110253	24.094132817537073	27.156673114119922	0.0
87.0	21.79259880085101	23.99103861775514	25.596350976726196	28.620011604667656	0.0
88.0	26.091090768437336	26.72285972150593	24.622872614749873	22.563176895306857	0.0
89.0	25.226430298146656	26.979854955680903	22.568896051571315	25.224818694601126	0.0
90.0	22.773713217520225	26.364134463531762	26.679988397202436	24.182163921745577	0.0
91.0	26.076447080056724	26.15540801856388	25.003222895449273	22.76331055820549	0.0016114477246358127
92.0	26.13200554320152	24.277288987721164	23.04618260337104	26.544522865706277	0.0
93.0	26.303153349124248	26.430447462979973	21.113098403183965	26.153300784711814	0.0
94.0	28.452428905180057	23.447998066543143	21.90445500684766	26.190284379279788	0.004833642149359542
95.0	25.064849275782624	28.475679507628854	23.075064043694717	23.38279601076256	0.001611162131245267
96.0	25.25374577090382	25.798292250684714	23.848880296439503	25.097470597712263	0.0016110842597067826
97.0	23.84657516592564	24.69714543462852	24.98872350022553	26.46755589922031	0.0
98.0	26.35665157933734	24.071001723499187	25.010067168145873	24.562279529017605	0.0
99.0	20.542567056589807	23.09288966837761	28.362483708506975	28.002059566525606	0.0
100.0	21.472817080430552	26.127459656010167	24.611844963235885	27.787878300323392	0.0
101.0	20.18147885964348	20.64000257416822	32.81099169830748	26.367526867880812	0.0
102.0	24.019371239180103	24.426424687067605	26.339415001448018	25.214789072304278	0.0
103.0	25.35877469592638	24.64926957976704	26.367526867880812	23.624428856425766	0.0
104.0	23.35708884992198	30.527179421180485	22.866427502775053	23.24930422612249	0.0
105.0	27.57777563298266	23.086574654956085	22.012032300614486	27.318791622430265	0.004825789016504198
106.0	23.551458996879322	25.05710517002863	25.686066338513015	25.705369494579028	0.0
107.0	23.890104233689357	25.598378587054434	24.026830523742117	26.48468665551409	0.0
108.0	22.19059107358263	26.145556895858462	26.91113791716928	24.752714113389626	0.0
109.0	24.069606613271574	26.00276625172891	26.457911158287494	23.46971597671202	0.0
110.0	26.571672107946416	25.791665996558322	21.473487833512923	26.163174061982343	0.0
111.0	25.864869646332245	22.423082490309923	27.363816202132625	24.34823166122521	0.0
112.0	26.20667470848412	24.484117410534783	23.88580619219944	25.423401688781667	0.0
113.0	26.587429233144622	23.890247040658775	23.710113226968605	25.812210499228	0.0
114.0	23.94010550694802	24.845599588265568	27.431806484817294	23.78248841996912	0.0
115.0	24.658239248608833	24.907523561388274	25.1986233072791	25.235613882723797	0.0
116.0	27.33048121461657	25.37313432835821	25.561309830159544	21.73507462686567	0.0
117.0	25.168886315383133	25.588689442192624	24.40648523451071	24.83593900791353	0.0
118.0	27.00455196152547	24.50821122388252	25.36713258593235	23.120104228659667	0.0
119.0	27.194054819199586	22.41346030111955	24.43540084931154	25.95708403036932	0.0
120.0	24.31515112519504	22.946257660816833	28.03899174803352	24.699599465954606	0.0
121.0	27.36090334411041	22.475832006305392	25.784555003297466	24.378709646286733	0.0
122.0	26.686504745053885	22.277625864564904	25.87099887405501	25.164870516326204	0.0
123.0	25.079615273265354	28.170939621063468	23.950525943320358	22.798919162350824	0.0
124.0	23.02842161136221	23.425712952984508	24.270158112303164	29.275707323350115	0.0
125.0	24.373140329714516	23.993566546039403	27.154000804181745	24.479292320064335	0.0
126.0	25.921994370727784	22.951347004423	26.93848009650181	24.188178528347407	0.0
127.0	25.144759698899826	23.480023161551824	26.630959274271376	24.74425786527697	0.0
128.0	24.2159101875382	23.65619069064239	25.3417827387654	26.776466046900634	0.009650336153376009
129.0	22.667395814903575	29.593231788718576	23.960561658597783	23.778810737780066	0.0
130.0	27.38575863344646	24.992359781891878	24.900677164594427	22.721204420067235	0.0
131.0	26.066396448562053	24.38075017692852	23.69877115100045	25.85408222350897	0.0
132.0	23.76073599897063	27.854086917360952	22.580178209540964	25.80017370605076	0.004825168076688004
133.0	25.946598037638736	25.098922309795725	26.02058870838025	22.933890944185297	0.0
134.0	25.081223662624247	22.88416379837231	23.572554443979797	28.462058095023647	0.0
135.0	25.48770485212049	23.424307241994885	27.083098795413242	24.00488911047138	0.0
136.0	28.23873779693456	25.007639480836964	26.390787590266495	20.358010196696526	0.004824935265451856
137.0	28.55396690094408	24.020136063174487	22.982774981102335	24.4431220547791	0.0
138.0	25.319244748946574	23.260638811155072	28.76258483708064	22.65753160281772	0.0
139.0	26.79211901889827	24.74788902291918	26.628065942903095	21.831926015279453	0.0
140.0	24.896665969731576	22.534056001415316	27.109702944818824	25.45957508403429	0.0
141.0	23.16933914469981	23.915595799089694	27.823793364105697	25.0912716921048	0.0
142.0	27.12109758255191	24.32406350023322	23.37992376111817	25.1749151560967	0.0
143.0	25.3417827387654	26.007655933348346	23.7333933798694	24.917167948016854	0.0
144.0	26.64382680306247	25.995625040211028	24.678311780222607	22.68223637650389	0.0
145.0	26.834054462691608	22.259574399639703	23.84552283218864	27.059239838509917	0.0016084669701307685
146.0	25.924436652566225	22.754250237241248	23.614752384475576	27.701735480031527	0.00482524568542615
147.0	25.089265609418725	25.317656898381962	25.702061955158108	23.89101553704121	0.0
148.0	25.17490390337263	26.152757450504204	24.480113225147562	24.192225420975603	0.0
149.0	25.517097178885063	27.923247659793482	21.60549425804999	24.954160903271465	0.0
150.0	23.422119281991893	26.204722383066333	24.815029273628	25.55812906131377	0.0
151.0	23.727259566665058	26.066045778442632	24.237159999356592	25.96953465553572	0.0
152.0	26.87277816204739	24.23954831341387	24.175205494876703	24.712468029662038	0.0
153.0	26.453366792137178	19.25489817585175	26.602966251648812	27.688768780362256	0.0
154.0	25.59677004246558	25.47612919830138	26.172629005276026	22.75286320936816	0.0016085445888560032
155.0	24.17396625016102	24.032268452917688	26.57960839881489	25.214156898106406	0.0
156.0	25.36070853462158	24.813204508856682	27.342995169082123	22.483091787439612	0.0
157.0	25.28863339935269	23.135758336956346	27.87788029563789	23.697727968053073	0.0
158.0	27.83601436323527	21.65595864934061	24.18079641885255	26.32723056857157	0.0
159.0	27.149321266968325	21.266968325791854	25.51005619877297	26.073654208466852	0.0
160.0	24.506030692925812	24.343387172096172	26.003639350070053	25.14694278490797	0.0
161.0	26.877737696469982	21.365305333676886	26.628124194795156	25.125611955681528	0.003220819376449369
162.0	27.638741263246047	21.114761490643218	26.548458788288727	24.698038457822012	0.0
163.0	22.975214597458653	23.767574444784437	28.917913452402043	24.33929750535487	0.0
164.0	27.556772427121917	25.21178933805766	24.219681108068933	23.01014656144307	0.0016105653084232568
165.0	26.931005604586744	20.332732074985504	27.314307801327065	25.421954519100687	0.0
166.0	24.50958286358512	24.778547270091803	23.49653728458689	27.21533258173619	0.0
167.0	23.265365287978355	24.6601597732251	26.902138899626337	25.17233603917021	0.0
168.0	24.813180441924885	23.196224956516136	25.180377504348385	26.810217097210593	0.0
169.0	24.056626564236364	22.357507529271555	26.754280008374803	26.83158589811728	0.0
170.0	29.08909360304065	24.39605746311924	21.81762545899633	24.69722347484378	0.0
171.0	24.377989274844193	23.40531748715719	27.170394705058214	25.046298532940398	0.0
172.0	25.611344233830124	25.849290181514174	24.429653209858678	24.109712374797024	0.0
173.0	26.398109598289636	23.658956099599738	23.757012650902603	26.184314166760437	0.0016074844475879695
174.0	25.895268098238393	28.794843770091294	19.967532467532468	25.342355664137845	0.0
175.0	26.15607168689223	24.471590452463232	24.579281523748293	24.791449007474082	0.0016073294221650729
176.0	22.268833277078613	24.4049054117042	29.09815645241654	24.228104858800652	0.0
177.0	24.017165450512714	25.814073097817353	26.95682921341091	23.187823459449035	0.024108778809990676
178.0	23.237761563434155	22.088650316608273	26.537237632991545	28.136350486966027	0.0
179.0	24.963433255645747	24.465161134774572	26.99991963352889	23.569878646628624	0.0016073294221650729
180.0	26.350851221317544	21.576609918578832	26.735429472532424	25.337109387571203	0.0
181.0	25.978687785718886	24.241838902839483	26.73523919902131	23.04423411242032	0.0
182.0	26.581056290431594	24.497119500498858	22.212030510765665	26.709793698303884	0.0
183.0	23.40606996878118	22.934569212448906	26.235074506774808	27.424286311995104	0.0
184.0	23.27213040889561	23.064544679207636	26.63695025988446	27.021547076903275	0.0048275751090227385
185.0	26.516919017200596	26.47347503580106	23.117025213599575	23.892580733398766	0.0
186.0	27.72342548192965	25.17941621343288	22.662761883307052	24.434396421330415	0.0
187.0	24.4738579456709	21.94740994798963	26.233837334750334	27.344894771589136	0.0
188.0	28.582932053532605	27.550609569516695	23.220008696632473	20.644839192823667	0.0016104874945646046
189.0	23.32485020295084	24.92268539398235	26.50119193350944	25.251272469557374	0.0
190.0	29.97857637602487	23.14556788711522	22.57373431484673	24.302121422013176	0.0
191.0	25.153918060793607	25.906585436611547	24.994359023949972	23.945137478644877	0.0
192.0	24.66353980303983	22.08629498895927	25.419467143755135	27.830698064245762	0.0
193.0	24.693706474077896	24.31325767345886	23.815127676038173	27.17790817642507	0.0
194.0	26.532323069482512	23.95615024987909	24.90569079477672	24.60583588586168	0.0
195.0	26.123264924470813	23.06179367715101	27.135694594463878	23.679246803914296	0.0
196.0	28.136593863922315	24.171694034906604	24.96048004645611	22.731232054714972	0.0
197.0	25.398489932885905	23.952955601445534	22.967217346411978	27.681337119256582	0.0
198.0	28.193412980303517	22.221504681950275	23.684210526315788	25.900871811430413	0.0
199.0	27.700956319462396	21.20218402688033	25.90301111398294	25.193848539674335	0.0
200.0	27.697452383644855	24.981825818645902	23.306570168494854	24.014151629214393	0.0
201.0	25.491970142501696	21.680615245419588	29.495589233205155	23.331825378873557	0.0
202.0	25.405571354705277	27.07148397104447	26.583505687693897	20.93943898655636	0.0
203.0	24.543426964476193	25.351520832659922	23.18098070271843	26.92407150014546	0.0
204.0	25.122842180125428	22.570634253572123	26.137906510635545	26.168617055666903	0.0
205.0	29.779013563103184	23.89466367060573	23.61661197238882	22.70971079390226	0.0
206.0	25.97539088395557	22.40529047488156	24.293821850696073	27.325496790466797	0.0
207.0	25.287449261768845	23.227194074744894	27.915325775830002	23.57003088765626	0.0
208.0	29.577214207155333	22.68713204373423	21.163550494921395	26.572103254189038	0.0
209.0	23.436438347299966	23.235836541883714	26.42119908111431	26.90652602970201	0.0
210.0	23.91856682795786	23.819850144838412	25.834641464243525	26.426941562960206	0.0
211.0	27.96697960505018	24.60505017805115	25.323729362253154	22.104240854645514	0.0
212.0	26.88596775237972	21.925791620799068	25.395000971313863	25.79323965550735	0.0
213.0	32.66449659103791	20.157411456055968	23.943707590406323	23.234384362499796	0.0
214.0	28.026179367547954	24.27099533437014	24.180274753758425	23.522550544323483	0.0
215.0	24.29968694749477	23.895800554735526	24.411607273199138	27.39290522457057	0.0
216.0	24.89719992167613	25.05058416552444	25.424254291495334	24.62796162130409	0.0
217.0	28.196710547913728	21.141787859886414	24.841600735366534	25.81990085683333	0.0
218.0	24.176205341657994	24.303387674875708	28.1089473597278	23.4114596237385	0.0
219.0	26.196837196953354	24.749846506148053	23.236480095581037	25.816836201317557	0.0
220.0	26.605382360778044	21.75093258726352	25.467958966160403	26.17572608579803	0.0
221.0	24.276740095485383	23.430773096574253	24.25161236284446	28.040874445095902	0.0
222.0	22.87173953362896	26.50525215397326	25.222141664840077	25.400866647557706	0.0
223.0	29.52845583735636	22.972054123886583	25.297477391718232	22.202012647038824	0.0
224.0	27.880882653408705	25.071511271538515	24.78035823741742	22.26724783763536	0.0
225.0	29.009906071960174	20.854077914078943	22.922547862238876	27.213468151722015	0.0
226.0	23.60511269255652	21.104719274011646	28.076095889213338	27.2140721442185	0.0
227.0	25.37641595722226	23.17772461830718	25.422148737071694	26.02371068739886	0.0
228.0	28.450061063027665	25.349121223384486	23.00748685817448	23.193330855413368	0.0
229.0	29.117525994595272	22.986201836175887	22.998729351969505	24.89754281725934	0.0
230.0	25.573249557649945	25.549777922218613	25.399920557541616	23.477051962589822	0.0
231.0	22.74878918029791	26.15553321758202	25.234396417801335	25.86128118431874	0.0
232.0	24.429232124504477	26.02774922918808	23.392306562912935	26.150712083394506	0.0
233.0	24.017337828325864	23.256029340940245	25.013892490645723	27.71274034008817	0.0
234.0	26.854210368594543	20.09664369193887	25.608705424033563	27.438567575666767	0.0018729397662571173
235.0	25.885852882101034	23.10986470610528	26.674119831735325	24.330162580058364	0.0
236.0	29.702586374035437	22.418472992361085	24.40769320252821	23.471247431075266	0.0
237.0	25.1745387885643	28.105620344007175	23.36869612699403	23.351144740434492	0.0
238.0	27.116339560179714	22.66887365019311	26.5823283676204	23.632458422006778	0.0
239.0	27.75519195722268	25.371998477960467	23.621653015040152	23.2511565497767	0.0
240.0	24.680485007373424	22.929297067016222	28.000573488448303	24.38964443716205	0.0
241.0	29.02173913043478	21.302296964725183	25.21328958162428	24.46267432321575	0.0
242.0	23.803262522085713	20.703044746682007	23.71491966963882	31.77877306159346	0.0
243.0	25.45439575142546	24.847162470924847	23.754142566023752	25.944299211625943	0.0
244.0	24.287834439543225	24.12499484684833	26.41917796924599	25.16799274436245	0.0
245.0	28.69429728887504	21.300508985145942	23.97839409992729	26.026799626051726	0.0
246.0	22.54681647940075	26.31710362047441	25.880149812734082	25.251768622555137	0.004161464835622139
247.0	26.93375644585482	22.4973381490219	25.539155305956285	24.87943380863901	0.15031629052798598
248.0	26.732983636705608	22.181354621638004	28.484253202649896	22.5909594365844	0.01044910242210194
249.0	26.68989108308325	18.85165054248599	30.104300014690143	24.33946821682651	0.014690142914104636
250.0	27.495276086500102	27.001889565399956	21.937854293512494	23.564980054587444	0.0
