# Position (bp)	A	C	G	T	N
0.0	24.346238955920597	23.37750965095056	24.829190289286235	27.447061103842614	0.0
1.0	22.068729490870293	29.5504600084553	24.272743744086327	24.025124313007066	0.08294244358101988
2.0	23.627363460161973	27.447101117089296	22.605576599834325	26.31955670293789	4.0211997651619336E-4
3.0	26.84660802506326	21.905450455878217	24.125798288950477	27.116921717476	0.0052215126320440215
4.0	26.46562064967524	23.008629439587907	23.05957964078102	27.466170269955832	0.0
5.0	28.847540458259896	23.21462906585483	22.171526998878385	25.76550232334562	8.01153661272232E-4
6.0	25.24649548591397	24.11457542002191	23.43726260065732	27.197668188687995	0.003998304718799229
7.0	25.31247505786575	25.64490382313034	23.094021869263308	25.94780110144465	7.981482959533881E-4
8.0	27.3665956025074	24.54696598466287	24.01358704298851	24.07285136984122	0.0
9.0	26.191817337977103	24.340920450308218	22.641554340841115	26.825311193443714	3.9667742984759655E-4
10.0	24.200194948766512	24.369784526139775	23.646651398321538	27.783369126772172	0.0
11.0	27.177897356406284	22.60574567189898	23.17962051948751	27.036736452207226	0.0
12.0	29.50234855693592	23.665644346214066	20.133520864056653	26.69848623279336	0.0
13.0	25.272845038993907	22.498904875829766	25.05045059211585	27.17742509163475	3.7440142572062917E-4
14.0	26.744358449722743	21.59431248702666	23.140364143166384	28.520964920084214	0.0
15.0	25.34102429901069	23.53772221022542	24.53544932490548	26.585438161781124	3.6600407728542097E-4
16.0	26.348045823313527	25.67981912228297	21.19669732817156	26.775437726231942	0.0
17.0	28.529558362057468	26.170435319803154	19.075164798135447	26.222735473544546	0.0021060464593848937
18.0	25.956985209754468	25.109692582625808	20.101383065273172	28.831939142346553	0.0
19.0	25.355019358407077	23.992325774336283	21.366496128318584	29.285467367256636	6.913716814159292E-4
20.0	24.33939601921757	25.27831159917639	23.51715854495539	26.86513383665065	0.0
21.0	23.58523330881752	23.619623546076106	24.13002914657732	28.66477350113045	3.404973985998747E-4
22.0	22.774073050185763	27.246829255136234	25.53823436204141	24.440526198679784	3.3713395680639744E-4
23.0	26.10941015898779	22.88773604203904	23.1140949500166	27.888088155895897	6.706930606742477E-4
24.0	28.5440116877511	20.50635853504665	23.86559086230368	27.08403891489856	0.0
25.0	24.830576500467146	24.752937770584133	19.484360401615938	30.931467371994785	6.579553379916571E-4
26.0	26.43475588223754	24.299951608051373	20.07775409042755	29.187538419283538	0.0
27.0	25.734182330092025	23.986874006100265	19.854206314033213	30.424411481008367	3.258687661305039E-4
28.0	27.834002574250434	23.17435250540047	22.81806597399429	26.171974052069192	0.0016048942856134066
29.0	29.143216495369252	23.02033971516776	21.50724784978339	26.32856072059253	6.352190870631281E-4
30.0	25.42083342543094	23.905169991127053	24.32923998951666	26.344756593925347	0.0
31.0	26.621978097989956	23.05716342873672	21.98155653303066	28.338044288216114	0.0012576520265490344
32.0	24.68413584099512	22.11313044747293	23.956615836523802	29.24611787500815	0.0
33.0	24.221165133273104	24.134815716208493	24.9681951435367	26.67551671368254	3.072932991623185E-4
34.0	25.866853700599968	26.409737909592167	22.86702373144842	24.856384658359445	0.0
35.0	26.553036779726604	21.06412529284894	25.12456391381167	27.257974040310412	2.9997330237608856E-4
36.0	25.233826851291514	24.552268764567366	24.84226798564384	25.371636398497277	0.0
37.0	26.21653663531145	24.14302051960649	20.77527827508368	28.865164569998385	0.0
38.0	27.099760899425142	25.38027165895101	20.87027821252121	26.64968922910264	0.0
39.0	24.089169954798777	26.725259735014944	21.3495750606522	27.83509780634971	8.974431843677363E-4
40.0	26.979498452290162	26.059545706039806	22.33816338432551	24.622493382979677	2.990743648408177E-4
41.0	25.30206941093101	23.659637068199963	20.983545776111328	30.049664666325803	0.005083078431900204
42.0	25.636227209269652	24.634466430102446	20.32250060536126	29.40680575526664	0.0
43.0	26.567478226563296	24.496834856627075	22.71222002379088	26.21958144789618	0.0038854451225708497
44.0	30.115437830019815	23.337985112315064	22.41938327570905	24.12689495247117	2.9882948490761685E-4
45.0	25.432975122416117	23.602185713986955	20.99492410051416	29.96543369214177	0.00448137094099827
46.0	25.50287656747537	24.02187744567977	21.753481453159445	28.721764533685413	0.0
47.0	25.37765884369792	23.992461756255487	22.598006128556325	28.029782633367777	0.002090638122487501
48.0	24.46902522764592	23.22197342886998	22.414987311539036	29.894014031945066	0.0
49.0	22.500298507462688	25.295820895522386	23.731343283582092	28.47044776119403	0.0020895522388059704
50.0	28.18508503309993	23.912835849405752	19.194379279263146	28.70769983823117	0.0
51.0	25.543158780507458	25.59567681120066	20.69478967423901	28.16339075503621	0.002983979016659555
52.0	23.447445841133995	25.35853317880598	20.528067516567116	30.66595346349291	0.0
53.0	23.695469761346352	24.03644590191154	22.824646348442034	29.441065980365703	0.0023720079343665405
54.0	23.364472127764916	27.52359126848835	21.768300094572602	27.343636509174136	0.0
55.0	24.340810878574697	27.90171526333643	22.029998672625105	25.72541038007168	0.002064805392091795
56.0	27.42727894687176	24.68180853071624	23.86288572237426	24.028026800037747	0.0
57.0	23.255676826284102	27.284734629377393	22.516259515428114	26.938317029594383	0.005011999316009505
58.0	26.059466294867224	24.333605501531313	20.872156603812517	28.734771599788942	0.0
59.0	28.21245103847072	21.23036749514437	23.89764719405123	26.655997547871042	0.003536724462638927
60.0	24.622180136041617	21.379943124840096	24.23546433833368	29.762412400784605	0.0
61.0	25.175396811394762	23.375851990378905	21.932393571037913	29.510770805031665	0.005586822156748587
62.0	25.781897722662244	21.824927822564046	24.74260144531273	27.650573009460977	0.0
63.0	27.55046243760179	22.88345866872064	22.274910775707475	27.28852225756569	0.0026458604044050636
64.0	26.250762123628178	20.84818497326705	22.77459900572179	30.126453897382984	0.0
65.0	25.34986708714218	25.692773467838602	22.770156007749097	26.18222103686683	0.00498240040328135
66.0	25.46063062508609	23.60023093808339	22.548407611578554	28.390730825251964	0.0
67.0	27.086666783886905	24.113082364801105	20.532004055820277	28.267953744893592	2.9305059811627075E-4
68.0	23.678519942335416	23.042099834741737	26.16618417505655	27.113196047866296	0.0
69.0	23.763484334440793	23.552832808901858	24.76224796526447	27.918505106614866	0.0029297847780102074
70.0	25.396667699122805	22.46907014662825	24.283076095913227	27.85118605833572	0.0
71.0	24.534411777541788	22.422717155700383	25.498319780043932	27.5430965508212	0.0014547358926986806
72.0	27.62084282360744	24.653768620572297	22.015399696893006	25.709116190044014	8.726688832456301E-4
73.0	25.976371631997768	22.414956489366652	22.253536693191865	29.351063334729393	0.004071850714318954
74.0	25.786697527812834	25.464516466708925	22.717544910527877	26.030950317819407	2.9077713096020425E-4
75.0	26.0259992498539	23.8151035230699	22.024347765407796	28.132223427237278	0.0023260344311246666
76.0	27.474923680767553	23.13126907980811	25.2891408634976	24.104084896060474	5.814798662596307E-4
77.0	24.649621349768157	24.300768928877716	24.545256333851768	26.503190546099393	0.0011628414029681527
78.0	27.592181304433772	25.28401493040617	19.87552180839312	27.248281956766938	0.0
79.0	27.56404480011162	20.33794841533994	21.811131426644614	30.283096474883507	0.0037788830203158564
80.0	23.969003243846572	22.90690509132765	27.451487635014942	25.67056935902057	0.0020346707902661352
81.0	26.07779479682264	24.43534393810364	20.90804193466818	28.57794738693073	8.719434748110063E-4
82.0	22.649965124389677	21.515054638456174	24.08858405022088	31.746105556847244	2.9063008602650547E-4
83.0	25.906788453323028	20.850104185132768	24.39327054132677	28.84809313598703	0.0017436842304104341
84.0	24.186489832212622	24.87519106373828	24.439885390816155	26.49756193952215	8.717737107919774E-4
85.0	25.688681219052935	26.20824325266755	20.553502103819422	27.5484110932887	0.0011623311713973546
86.0	26.513036125744204	23.942712525315336	21.76900792947446	27.774371729346033	8.716901199736168E-4
87.0	22.64803300598524	20.465163577197977	25.726945203091407	31.158986576791214	8.716369341623568E-4
88.0	25.00326845807222	25.521282746318263	25.910011359707614	23.565146906295485	2.905296064195422E-4
89.0	26.07810212192344	26.10657261719386	22.00130150835522	25.812571176238176	0.0014525762893067143
90.0	24.05312603489446	25.028032930704917	24.011294511355516	26.90725602635386	2.9049669124268674E-4
91.0	27.574878216691502	24.270098966185344	23.371647509578544	24.78279434960306	5.809579415498215E-4
92.0	25.26032967830949	22.937477307385084	22.998184590806765	28.804008423498654	0.0
93.0	27.39703746732501	24.55997676444961	20.892245135056637	27.150159744408946	5.808887598024978E-4
94.0	28.13177047333051	22.012279061122307	23.44377130974716	26.408984508866595	0.0031946469334293666
95.0	24.60686002038665	25.859099792939016	23.303798828493683	26.227046868964955	0.003194489215694816
96.0	26.352332388607536	23.929633415416067	23.341599684058913	26.375563350833993	8.711610834920783E-4
97.0	26.18987470418282	24.10151429359583	23.43975492544681	26.268275331387837	5.807453867038343E-4
98.0	28.56089268033484	21.944187153928123	23.326296961971654	26.168623203765378	0.0
99.0	21.8419830488796	20.78979449669105	27.032973412283756	30.335249042145595	0.0
100.0	22.501531022432744	24.362557721722524	23.98814654859654	29.147764707248193	0.0
101.0	24.21039495488593	20.983774026252934	27.93067321393849	26.875157804922644	0.0
102.0	25.000145120188538	23.863273563165013	24.02435697244458	27.11222434420187	0.0
103.0	25.70771007830231	25.403846042221716	24.465843592735126	24.42260028674085	0.0
104.0	25.315974449239487	26.48932434432581	22.710400529356964	25.483720241809333	5.80435268407779E-4
105.0	28.232357678745046	22.267272278736343	20.845438318991164	28.65115874098475	0.003772982542700004
106.0	26.257179425413785	21.544225840997676	24.76136300974283	27.437231723845706	0.0
107.0	27.09495990736468	23.499537113620466	22.09404574304147	27.31029639238835	0.0011608435850332436
108.0	24.932530861689717	23.062837708428855	23.782508517071868	28.22212291280956	0.0
109.0	25.851617340231975	23.505189939902905	25.662707590341515	24.979324393733187	0.0011607357904175458
110.0	24.448236038326048	23.587292743933933	22.542960112819262	29.421511104920757	0.0
111.0	25.10598661130118	22.779649409928066	24.48849308946982	27.624710187192232	0.0011607021087055558
112.0	25.48914920102487	22.678010266112253	23.333497761360768	28.499342771502107	0.0
113.0	29.927373701910103	20.414576327250675	22.352244799661097	27.30435438615835	0.0014507850197741999
114.0	27.39293559160721	21.192354677058518	27.15964123738861	24.254778326838426	2.9016710723705786E-4
115.0	27.638157417482773	23.03112078346028	26.008560029017048	23.321291258614433	8.705114254624591E-4
116.0	27.357537911542636	23.026365424905258	23.441027456488055	26.175069207064055	0.0
117.0	25.972718330252707	25.390059397551557	24.202398535227942	24.433663061803053	0.0011606751647433313
118.0	27.07509996111817	24.01359123011659	24.42620287029138	24.484815775576408	2.901628974506288E-4
119.0	27.786644072124567	20.332476365683377	24.326371196601535	27.553347687057855	0.001160678532670199
120.0	25.36089115087644	22.496394715537978	24.956983225634225	27.185730907951356	0.0
121.0	28.21463703394183	22.308984704847962	24.37213270307209	25.10308485602941	0.0011607021087055558
122.0	26.188894079686154	23.24455135552351	24.65245033035717	25.913814065641983	2.901687911858328E-4
123.0	25.710248293111803	26.362246215539432	23.084266451558612	24.841788221093164	0.0014508186969907119
124.0	25.879478638331456	23.641175036850473	22.90097378103274	27.578372543785328	0.0
125.0	27.571839747458338	23.07576249941971	23.606436562833665	25.74422032403324	0.001740866255048512
126.0	24.673881506412116	24.255788313120178	23.687692218418153	27.382637962049554	0.0
127.0	26.576798760496033	21.85177018110917	27.648308158326902	23.92167216977026	0.001450730297631828
128.0	25.821360597901773	22.466576919506082	25.472333116702256	26.233346485934455	0.006382879955435893
129.0	25.659177420852288	25.50888961099248	21.778386407947263	27.049484727509054	0.004061832698913749
130.0	26.549766305656537	22.94672465264984	24.296378390453782	26.20713065123984	0.0
131.0	25.56754388764299	24.28551120291743	24.35484947212979	25.790644845903678	0.0014505914061162736
132.0	27.576562880783555	24.634447784057283	20.933956899653015	26.850970744217896	0.004061691288252428
133.0	27.162825511767164	24.38379055841805	24.882502436986492	23.568270435872442	0.0026110569558557306
134.0	27.519401209765153	21.637969799387864	20.609234250569344	30.233394740277635	0.0
135.0	27.388215362210367	22.41552873053034	26.8532620835908	23.34212350922388	8.703144446088372E-4
136.0	27.948058127087	26.71449666804954	23.395601303188634	21.936911976744526	0.004931924930300297
137.0	30.001276501920554	20.493077878221715	23.23436575261393	26.271279867243802	0.0
138.0	26.20522207299067	23.040707338228	26.33720980828419	24.416280614627723	5.801658694220678E-4
139.0	26.515107563064213	22.589403819823165	24.555591654869925	26.33902671091411	8.702513285836949E-4
140.0	27.095166539994548	21.085686437187068	25.289653691960478	26.52891315320751	5.801776503965515E-4
141.0	26.892884494882686	24.170902086379353	25.19668592912344	23.739237392373923	2.900972405950475E-4
142.0	30.473554735547353	22.18489637726566	22.61656107127109	24.724987815915895	0.0
143.0	27.321332733786864	23.921033927561247	23.754804833118172	25.00224829927039	5.802062633266126E-4
144.0	28.937207177151475	23.886511654893315	22.436286099708447	24.7397049651151	2.901031316633063E-4
145.0	28.394753714088445	21.314704628068963	22.42262134429549	27.86675988755472	0.0011604259923818033
146.0	26.595571852952098	21.116378109914592	24.236446342369106	28.0484125510583	0.003191143705904196
147.0	27.63885423858619	23.379671263714265	25.363634781296955	23.614358569712863	0.0034811466897195936
148.0	24.054051701880148	23.57973583362102	22.930778893379014	29.435433571119816	0.0
149.0	28.605495165403262	23.813833938201874	24.399555559423618	23.17850439363742	0.0026109433338265117
150.0	26.195166245528732	23.09914969785408	24.322818906820697	26.38286514979649	0.0
151.0	27.22335685109543	22.556164129223912	25.219028499814332	25.000290103973267	0.0011604158930560713
152.0	27.20821813687805	22.64977473230423	23.96279674268424	26.179210388133484	0.0
153.0	24.317933899642576	22.43159030775658	24.98056213155085	28.268753191291836	0.0011604697581581024
154.0	22.69502928812025	23.090469683386573	24.50250813075354	29.709381772605813	0.0026111251338201634
155.0	28.421929368882026	23.582980970981982	22.81856990704599	25.176229543878183	2.902092118208016E-4
156.0	27.489675627515798	22.258853711695345	25.619825116883792	24.631355329639874	2.9021426519199126E-4
157.0	25.061597620256837	22.360589131538852	26.40412101864616	26.173402016977438	2.90212580715374E-4
158.0	24.62576110237226	20.720268395604908	25.912887516469997	28.74108298555284	0.0
159.0	27.408344749123497	20.48689312498549	24.475841092200888	27.628050337829997	8.706958601314169E-4
160.0	26.91289659736008	20.081205957812372	24.981135142037868	28.02476230278968	0.0
161.0	25.16209736871129	19.409599879261403	29.136602949968943	26.288797431982957	0.0029023700754035745
162.0	26.471569916441005	21.764519789752924	25.631045982115648	26.132864311690422	0.0
163.0	25.91813218549274	22.925948608398084	26.319257193111795	24.83666201299738	0.0
164.0	26.219073272108766	21.934320976187436	24.379143397847464	27.465430565069486	0.002031788786847941
165.0	27.202533519496313	22.177003840337186	26.167122882081618	24.452468933326756	8.708247581284235E-4
166.0	24.82241916334534	21.85485252154628	25.599217396100332	27.723510919008042	0.0
167.0	27.18183929400836	22.589119832791454	26.39195308871342	23.83650719925685	5.80585229911751E-4
168.0	26.53403664211666	23.8098279370738	23.291055456691062	26.365079964118475	0.0
169.0	27.797986953227287	20.779903208855778	25.32014527381094	26.1016742487364	2.9031536958598126E-4
170.0	32.66889243721876	21.742488024386702	22.164319930323703	23.42400929017274	2.903178980984178E-4
171.0	26.556503260194276	21.7634660829477	25.907077205348696	25.77121158457635	0.0017418669329787664
172.0	27.969641120898576	24.20003192616349	23.915308595393924	23.915018357544007	0.0
173.0	30.04318501062212	19.03681173889321	22.118967738939645	28.798713736780396	0.002321774764630083
174.0	25.144457504389596	24.324292949080725	23.75923265566729	26.7717266698591	2.902210032940084E-4
175.0	26.30245442751791	22.799736476269807	22.192587089078568	28.70348066089894	0.001741346234774104
176.0	25.04985066569142	23.07846364166732	28.076591520597688	23.793642915400444	0.001451256643127284
177.0	22.366748137870175	25.269812887157546	24.091867006484797	28.244285888452183	0.02728608003529774
178.0	24.8784480831807	21.884860218924075	24.21140019099979	29.02529150689544	0.0
179.0	29.699529698658772	23.109795041514257	21.84840039482088	25.341113627126514	0.0011612378795796319
180.0	26.704060124949347	21.17987633338095	25.99622761421379	26.119835927455913	0.0
181.0	29.2826496136175	21.083858447221672	25.322082841343512	24.309655470731965	0.0017536270853548757
182.0	26.210434020166595	21.743095133713283	25.23308490428175	26.813385941838376	0.0
183.0	24.05144694533762	24.24232680502777	26.242619117217185	25.463022508038584	5.846243788365975E-4
184.0	27.38708451486538	20.913848042798257	25.84032507966206	25.855818984418395	0.0029233782559125324
185.0	26.40611024395377	23.3670647795764	23.961603442127476	26.264344633660127	8.769006822287309E-4
186.0	27.43189239597859	22.202830423101773	24.525461237352697	25.83981594356694	0.0
187.0	24.075507320305125	22.40535200201697	27.495265401370833	26.02240945629804	0.0014658200090294513
188.0	28.112246094666226	27.46751419055214	21.35208988131538	23.068149833466247	0.0
189.0	25.227539291578697	22.983814215341308	24.63992493549144	27.1472554539057	0.0014661036828524513
190.0	30.03515953750106	20.35529020547363	24.438957588624614	25.17029942788776	2.9324051293630525E-4
191.0	27.177723899786937	23.51862464183381	24.03673499375505	25.266328704724124	5.87759900080817E-4
192.0	27.934857364550698	22.385212704048342	23.767480410771284	25.91244952062968	0.0
193.0	29.68789960579577	24.06615340747077	20.61767481237819	25.627684248586775	5.879257684924702E-4
194.0	30.146064376521505	21.594771318695535	23.191835918664957	25.067328386118003	0.0
195.0	27.221929765227287	20.3746129029412	24.979781255238493	27.422499713261438	0.0011763633315785913
196.0	29.74378982962674	21.399224393762044	25.455786897456818	23.4011988791544	0.0
197.0	25.846237531854005	23.02741661788791	23.246477582465662	27.878685752464065	0.0011825153283549438
198.0	27.619902637902477	22.13046995137821	24.085415537047076	26.164211873672233	0.0
199.0	26.38044293177518	21.492068403327345	25.04105627685021	27.08494484178458	0.0014875462626887696
200.0	28.581629920556995	22.943854324734446	23.79898241542444	24.67553333928412	0.0
201.0	25.54596392873828	19.657677120250433	28.297282901412558	26.49818334389702	8.927057017113168E-4
202.0	25.403537800421393	24.01466544454629	28.281869368028858	22.299927387003464	0.0
203.0	27.729869232990318	23.663976710196135	22.063993379789903	26.54067232043722	0.0014883565864244018
204.0	26.132622014754304	22.962947526361855	23.898041690731226	27.00638876815262	0.0
205.0	28.68881988132419	22.77706156791406	25.08537453144492	23.446957629818414	0.0017863894984116021
206.0	26.81756054564783	20.810491303402706	24.527947924638426	27.84400022631104	0.0
207.0	26.883062342327317	23.13376600554591	26.731458288035792	23.250819823495945	8.935405950384669E-4
208.0	29.3155067787976	21.52115562784684	20.60897464542018	28.55436294793538	0.0
209.0	27.086095675103916	19.57510838311756	25.3251493526809	28.01245474725504	0.0011918418425874886
210.0	26.26280387312505	23.02268263680065	24.019872266743754	26.694343198934266	2.980243962770792E-4
211.0	25.970049579483696	24.441224610265905	24.94685782941438	24.640973582453096	8.943983829277237E-4
212.0	29.662796663763167	21.596644671686136	23.40824752109012	25.33231114346057	0.0
213.0	30.56697384093209	21.85683709017311	22.34998761153351	25.225604422831793	5.970345294920131E-4
214.0	28.444054011252845	24.066321850414287	24.206160677202387	23.28346346113048	0.0
215.0	25.480533020168007	25.03145633860202	23.173734856019845	26.3136766168558	5.99168354324198E-4
216.0	26.464237844263437	23.90057071463662	25.733104481413864	23.902086959686077	0.0
217.0	29.686019447843165	21.76674240960678	25.827115972560815	22.71920221525101	9.199547382268792E-4
218.0	25.171491543052426	22.954173992719348	25.200589386097423	26.673745078130807	0.0
219.0	27.058550637414857	21.49218081454942	24.00735997091119	27.441281663077582	6.26914046949593E-4
220.0	28.97306243687246	20.428307568382266	24.739702148145586	25.858927846599688	0.0
221.0	25.33163176444882	21.256733177743225	24.40790786194492	29.00277718842131	9.500074417249602E-4
222.0	25.684558861180808	24.433854780070664	24.502982743612066	25.378603615136463	0.0
223.0	30.784123910939016	21.698382894677	23.816082693919448	23.70043594924537	9.745512191635752E-4
224.0	31.15989013316304	22.217733133062033	23.534049922291693	23.088326811483235	0.0
225.0	32.4247143489451	18.899034442058326	23.095031228996245	25.579908526089735	0.0013114539105916296
226.0	25.924170616113745	21.43074934544129	25.803201537798692	26.841547078513905	3.3142213236999967E-4
227.0	27.198669268331866	22.513663762663874	25.749791654813027	24.53653654993758	0.001338764253655663
228.0	28.458802588234498	27.427815781769972	22.558893102415617	21.554152043635238	3.364839446685801E-4
229.0	27.418112472557116	24.978028727227073	21.358791732693593	26.245067067522214	0.0
230.0	26.439051435885673	22.316035169017315	26.79327421634627	24.45163917875074	0.0
231.0	25.57779812441041	23.75076299872371	24.435034126852006	26.235017479607126	0.0013872704067476832
232.0	24.166596867409332	24.35679984364966	25.793268559622522	25.6829857330318	3.4899628667950974E-4
233.0	22.825525897118617	24.82163691002298	21.647516351423015	30.704967297153967	3.5354428142124803E-4
234.0	26.872971202775357	21.175424832837905	26.767527728394885	25.182996609974307	0.0010796260175475216
235.0	25.722448443451988	21.286323102295782	28.07660872484201	24.91425485645898	3.648729512383788E-4
236.0	29.254599116792047	22.484817551723882	23.885819112501757	24.37439436640555	3.698525767629023E-4
237.0	28.608089760231564	23.69037494591409	23.21218089312624	24.489354400728107	0.0
238.0	27.765534811813225	21.984418883315506	23.917127510385523	26.33291879448575	0.0
239.0	28.581892931516517	22.13699764908015	24.73067969579941	24.549662702445644	7.670211582786511E-4
240.0	26.086733202158847	21.256983460951883	27.023524484586996	25.632758852302267	0.0
241.0	28.580586189294742	20.551051175821176	23.24220372986384	27.623389008258247	0.0027698967619906854
242.0	27.09947743694128	23.294726358683793	20.732302491399732	28.873096930090824	3.967828843734997E-4
243.0	27.234757542095185	22.612150965332443	25.96901539674387	24.18248346651696	0.0015926293115461644
244.0	26.590035868320573	21.628716999349663	25.99036861781287	25.7904795343103	3.9898020659195096E-4
245.0	29.019438514005163	20.8034479174163	23.263047632755214	26.913266326032897	7.996097904222739E-4
246.0	25.469090501217796	26.0295154467376	22.99825342904756	25.501538264325085	0.0016023586719651327
247.0	25.636665500870325	22.370827755600846	24.7940761466009	27.049289065232333	0.14914153169559047
248.0	25.760490706678794	23.60801423178163	22.834845325970587	27.791819945423374	0.004829790145618173
249.0	24.73791168026838	21.41705106286894	29.293813102803135	24.538321344472756	0.012902809586787524
250.0	28.002069138317047	20.574994140135626	24.37420689766656	27.047517438148123	0.0012123857326446982
