# Position (bp)	A	C	G	T	N
0.0	24.361570430908163	23.642981906844145	24.763951112615718	27.231465145536006	3.140409597342962E-5
1.0	23.265812764781295	29.93340492880617	23.65715399534389	23.07183436814593	0.07179394292271857
2.0	25.094097978297626	27.018143097765833	21.833046452751066	26.054274405944422	4.380652410563505E-4
3.0	25.588170926917115	22.21015081786804	24.293275724075833	27.902337301785803	0.006065229353208944
4.0	26.093089342142704	23.692001882813887	23.85576421223073	26.359113328342065	3.1234470611642774E-5
5.0	28.24492841277263	23.92068619931259	22.38242093058873	25.451465385132455	4.990721936000853E-4
6.0	25.970930920458578	23.50989830804008	23.965706208004583	26.548264760279732	0.005199803217027954
7.0	25.99899421455803	24.989199306517776	23.231468030258103	25.77993439394589	4.040547201983225E-4
8.0	27.115995823502665	24.677379229308443	23.538520619129127	24.668073308323155	3.101973661762033E-5
9.0	26.099910653640134	25.872922604257543	22.08334907059353	25.943693837330184	1.2383417860479745E-4
10.0	25.17727249951904	24.674513277730316	22.85505378951477	27.29316043323586	0.0
11.0	26.616013623508056	22.611992588091432	23.043893802654182	27.72794994711138	1.5003863494849923E-4
12.0	28.604716120819894	23.898389237676653	20.22504158724504	27.27185305425841	0.0
13.0	25.312539122234533	23.17007393297944	24.954428081194067	26.562754111710284	2.0475188166979254E-4
14.0	26.60180298968851	22.04746100097733	23.76905487584097	27.58168113349319	0.0
15.0	26.255521676888044	22.896319531444945	24.384475733270385	26.46368305839663	0.0
16.0	26.673499668938216	24.38418978804987	21.717314178338537	27.224968129126804	2.8235546576651743E-5
17.0	28.909394571329678	26.692715742444456	19.09322125402512	25.303280579189924	0.0013878530108222002
18.0	25.849410349368583	25.736990925122544	19.973772476648435	28.439798681566604	2.7567293831790437E-5
19.0	25.19252202897612	24.256650673696768	22.146028638080537	28.404332205246348	4.6645400022719054E-4
20.0	22.7442418122616	25.3311189672883	24.129047524540862	27.795591695909238	0.0
21.0	24.294834839260595	24.58785671403709	23.331812596039438	27.785116569390052	3.7928127282460517E-4
22.0	23.059576800812923	26.98956719740754	25.466277664797417	24.484551504332266	2.683264986102029E-5
23.0	26.085851283213856	23.82292068033979	22.340468425860433	27.750412482099517	3.4712848640497987E-4
24.0	27.85325734494159	21.27434968248464	25.027330938622523	25.845062033951244	0.0
25.0	25.311484109269895	24.77722669089969	20.03044509565743	29.88050326173108	3.408424419106159E-4
26.0	26.337609593515275	25.17635138378444	19.848974344525907	28.636960328243145	1.0434993123339533E-4
27.0	25.887531267413262	24.8158440125978	20.05835629508578	29.23821637219146	5.205271169902913E-5
28.0	28.086086032433528	23.547649945524952	22.56508917518494	25.799036044235592	0.0021388026209866527
29.0	27.155752009841787	23.601233901851877	22.53779054321926	26.70478928847309	4.342566139836761E-4
30.0	23.758044437316954	24.487670651690138	24.508376466217804	27.245680071820754	2.283729543492614E-4
31.0	26.2700270459073	24.9056551337326	22.212484067421492	26.61125266385133	5.810890872732648E-4
32.0	24.1226023706829	22.75791901207255	24.285396584305115	28.8339065270877	1.75505851741181E-4
33.0	24.03495284047792	25.574536320455426	24.078952310196016	26.311434166321973	1.2436254866617436E-4
34.0	26.39900779484032	26.755097338049943	21.99305041900289	24.852696416702482	1.4803140436899886E-4
35.0	25.34521662636856	22.552807478127963	26.037778127865185	26.063953141344093	2.446262941954094E-4
36.0	24.33520463542605	24.237708566186974	25.775061976850733	25.651878174152078	1.4664738416506434E-4
37.0	25.42094900335274	25.44078739861224	21.462529498007974	27.67570966850579	2.443152125554565E-5
38.0	27.358126492987537	25.01191947515229	21.35530294518507	26.2745533860591	9.77006160023839E-5
39.0	23.818327534572788	27.714469486668058	21.20737129584228	27.259685167350078	1.4651556679058628E-4
40.0	27.099922505868214	26.28003263836023	22.35617806950252	24.263720294526532	1.4649174250462794E-4
41.0	24.546615886636943	24.844343552728873	21.347239659785842	29.256674399546327	0.005126501302009271
42.0	25.18658824879084	25.555603017436546	20.22055942912307	29.03720048671481	4.8817934732862154E-5
43.0	26.48263393230857	25.511502818747655	22.134374907715575	25.867559007728584	0.003929333499618172
44.0	28.732726923110715	25.021547117176297	22.743628837119413	23.50187750305271	2.1961954086826828E-4
45.0	26.25936938029309	24.05892667150867	21.39977071656806	28.277932116197274	0.004001115432912151
46.0	25.727372569224382	24.014553062227172	22.18249095068655	28.0755834178619	0.0
47.0	25.620065326906506	24.033652308748298	22.980474860410144	27.36397809687515	0.001829407059901373
48.0	22.54473337496638	24.033525250133568	22.725620100324097	30.696121274575955	0.0
49.0	22.94714790015054	25.791055213305846	24.085983594446045	27.173935835860586	0.001877456236982767
50.0	27.48407799375529	24.638437647880288	19.775469419727806	28.101990558578816	2.4380057795365008E-5
51.0	24.67247332911793	26.847851045750136	21.17845736680891	27.298707541462175	0.0025107168608531467
52.0	23.586560912296964	25.48048555354545	21.316017775458263	29.61693575869932	0.0
53.0	22.775185362234346	25.391412082441327	24.006721135341103	27.825053143776056	0.001628276207166311
54.0	24.014489960627962	27.810522330224025	22.397492593288355	25.777422209174627	7.290668503267071E-5
55.0	24.18684585687323	27.699434072365204	22.516954303295886	25.59521355315922	0.0015522143064682227
56.0	27.137675474578906	25.10840641060742	24.572152071865307	23.18176604294836	0.0
57.0	23.269244478628615	27.55419045185019	22.271176067502317	26.90010295664521	0.005286045373667637
58.0	25.281413598285223	25.2479075057284	21.869489647902366	27.601019535603616	1.6971248038911678E-4
59.0	27.701845706893913	22.07769539727207	24.143885429252425	26.07366439823982	0.002909068341772864
60.0	23.89121836180298	23.053552112028996	23.745963495305055	29.309193415532274	7.261533069384675E-5
61.0	25.97595435320599	23.24765079960549	23.14549007980928	27.624587793234063	0.006316974145181492
62.0	25.823281159319272	21.710009482224095	24.792216347664127	27.674226792147614	2.662186448890134E-4
63.0	26.586832752442913	23.78038421533328	22.094099892501795	27.535924293384433	0.002758846337583086
64.0	25.4489843611605	21.37548125966235	23.7302369666872	29.445224910877393	7.250161255669928E-5
65.0	24.139187641942268	26.705977536691726	23.238683404033615	25.911173318550475	0.004978098781912393
66.0	25.081826782156508	23.844100799479982	22.96446742212712	28.10926669429466	3.383019417323234E-4
67.0	26.880633855142644	24.863591386703103	21.248452030151128	27.006549498185926	7.732298171915569E-4
68.0	24.286198562309465	22.150877046314548	26.937114147100033	26.625544461682725	2.657825932214324E-4
69.0	23.72822345952985	24.68968316575721	24.93706683998101	26.641909775871213	0.003116758860715912
70.0	26.644532636355063	22.584503910852018	24.283858926077308	26.486718496101936	3.8603061367527926E-4
71.0	24.612542785320127	22.897687414026123	25.99505811196188	26.493917250338118	7.94438353750399E-4
72.0	27.54527917564724	25.60670316185154	21.84841483769496	24.998230765046078	0.0013720597601832108
73.0	26.045757879317538	22.36181920496551	22.730338230713944	28.858257728886876	0.0038269561161257343
74.0	24.94161549398683	25.410544636471016	23.708513548767186	25.938604335952054	7.219848229163758E-4
75.0	25.818289191175513	25.115908359118823	21.810528757738652	27.25289127163009	0.0023824203369175526
76.0	27.201392824355658	23.89827184379576	24.68925554404494	24.210213483781466	8.66304022177383E-4
77.0	24.18593571223181	24.473843466250546	24.336663181615293	27.002787640058763	7.699998435937818E-4
78.0	27.6438050089665	26.195282176944474	19.843013531914014	26.317442114788957	4.5716738606366126E-4
79.0	27.24654677256051	21.28669775982938	22.100583429897945	29.36328472379955	0.002887313912618332
80.0	24.041551379833024	23.670043067151074	27.831532853740104	24.454587012487067	0.0022856867887303613
81.0	25.44285963127671	24.736165658902568	21.739867904790593	28.080625618925627	4.811861045001487E-4
82.0	23.16291765978439	22.21842631449411	23.878732296200454	30.7388651524363	0.0010585770847412609
83.0	25.618986122431696	22.446516846796303	23.794433768075915	28.139269351465945	7.939112301389873E-4
84.0	24.059368998707455	25.53310542404383	24.88959967206466	25.516963653592313	9.622515917445548E-4
85.0	25.343800147168523	26.205306101143115	21.551793192385436	26.898402964153956	6.975951489714441E-4
86.0	25.499293064041805	24.94105659865425	22.269901846789008	27.288136897823577	0.001611592691354984
87.0	22.73640505710445	22.14846362900136	25.50488183324967	29.609503850458335	7.45630186188668E-4
88.0	25.173470894650436	27.049914882010928	25.10653578202483	22.669429052869358	6.493884444452997E-4
89.0	27.1371791856244	25.961619400404146	22.3658432288728	24.534540471301373	8.177137972849015E-4
90.0	24.824240342868713	25.407392282952785	24.515084198453472	25.25309077983585	1.9239588917323397E-4
91.0	26.63400582883409	24.943600655365074	23.943166102051972	24.47872239883048	5.050149183811724E-4
92.0	25.38077083821285	24.209565958036215	22.742656193114023	27.66700701063691	0.0
93.0	26.86780420710418	25.781618205776834	21.260207565862245	26.090057422066614	3.1259919012763666E-4
94.0	28.37385143411138	23.50737529941941	22.44386832807471	25.670793256456903	0.004111681937597652
95.0	24.17732996172923	26.582711576612827	23.609748286206774	25.627805779638567	0.0024043958126004285
96.0	26.26010007085407	24.400246871253085	23.750586944338323	25.588272701852954	7.934117015723737E-4
97.0	25.491444823499148	25.097716776416224	23.321769360038658	26.08890074937432	1.6829067164807055E-4
98.0	28.28092714419826	22.97952594626237	24.12452475024972	24.614998118834375	2.4040455278142057E-5
99.0	23.010009598772278	21.835271798143562	26.67593289946145	28.478761664623754	2.4038998948774577E-5
100.0	23.22620641280783	24.634231881542693	24.232004136457917	27.90755756919156	0.0
101.0	23.713190534645385	21.834628149014893	28.03645113860533	26.41568210438215	4.807335224378766E-5
102.0	25.31414414966698	23.581251720403355	25.396675429454746	25.707904659904052	2.404057086739582E-5
103.0	25.974251060572843	25.42370029346041	24.53536236399091	24.066566090130422	1.2019184541597915E-4
104.0	26.549565793462058	26.95356885395291	22.176179179575957	24.32044579515432	2.4037785475745035E-4
105.0	27.937263627962793	22.829824633944877	20.303041813029417	28.92688898098831	0.0029809440746043758
106.0	26.1261217947177	22.795089825311095	25.142456991258342	25.9362833100793	4.807863356677113E-5
107.0	25.926840296900437	24.514310756018215	22.766678053122746	26.79137760813748	7.932858211217397E-4
108.0	24.27611069753601	24.980018994274555	24.80553223269741	25.9381938516913	1.4422380072501303E-4
109.0	26.599976300475358	24.260813989738057	25.064338440749147	24.07405404404987	8.17224987567364E-4
110.0	25.13337597134264	23.889759354824907	23.07701736789848	27.899751166115905	9.613981806020132E-5
111.0	25.12316360226827	24.059715569412788	24.53631430471602	26.280037389530115	7.691340728076734E-4
112.0	26.321022583887437	23.564647176929952	23.302338951065117	26.81191918580142	7.210231607059681E-5
113.0	27.917770273664093	22.212980268816672	22.7335070585586	27.134853184720797	8.892142398287709E-4
114.0	25.94959829078316	22.656952585575	26.97608970985131	24.41709505235558	2.6436143495386894E-4
115.0	27.132155203223718	23.34484833058978	25.630230388873304	23.891996968750878	7.691085623173817E-4
116.0	26.969552180262323	24.798951712840076	24.306773969330102	23.924650034177006	7.210339049369672E-5
117.0	26.952133672027074	25.901755261325583	23.732980891875894	23.41243317516249	6.969996089591848E-4
118.0	26.272692641857926	24.935895201964062	24.8722530592331	23.918990858652194	1.682382927178055E-4
119.0	27.745174738112148	21.262349317595426	24.453193066957006	26.53877814911354	5.047282218785264E-4
120.0	25.422116064973622	23.39702608020181	25.190785020996447	25.989952661857224	1.2017197089723278E-4
121.0	27.78787232037963	23.17723805623333	23.94862935339167	25.085611335113818	6.48934881547753E-4
122.0	26.95079967236314	24.022280844780113	24.65871160265186	24.367991570657274	2.16309547615019E-4
123.0	24.52371407366389	27.73783292186767	22.62669393107373	25.111014012905407	7.450604892980473E-4
124.0	24.813237559325	25.125559782607386	22.865447644628983	27.195706945378102	4.8068060528263175E-5
125.0	27.11007947264026	23.771661383631955	23.978640661430017	25.138609061760437	0.001009420537333779
126.0	24.713577404399626	23.698462558972892	24.512606920287155	27.07530504877656	4.8067563767631787E-5
127.0	26.577775662813103	23.23094020273859	26.859642772853277	23.330655980326984	9.853812680462965E-4
128.0	26.287254796164078	23.564371331961635	24.57478454123789	25.565273568156687	0.008315762479712304
129.0	24.6714336940649	26.149921986231504	21.999474140094076	27.176189986358406	0.0029801932511120447
130.0	26.312165335680376	24.302767395574637	23.668955625004358	25.71611164374063	0.0
131.0	26.120234864890197	24.41804123835229	23.963573349612684	25.497501616318445	6.489308263773557E-4
132.0	26.576922476064812	24.778890166714135	22.840905950059064	25.79775351111528	0.005527896046713126
133.0	26.585689557625408	25.741837516061068	24.230474715443286	23.440291759860525	0.001706451009714273
134.0	27.19443169282018	22.512275608132303	21.094938579899004	29.198282015723354	7.210342515303952E-5
135.0	25.676889732118607	23.493662878702303	26.06379373579874	24.765221036156706	4.326172236453192E-4
136.0	27.463630665223306	25.92396665134854	24.64214708862658	21.964679540302377	0.005576054499203009
137.0	28.40980813001877	22.243722705455664	24.009681226160463	25.336595659791904	1.922785731968476E-4
138.0	24.626707656101175	24.157128515624716	26.88832077509159	24.326809584913477	0.0010334682690391894
139.0	26.27270365361455	23.647322380284802	24.58819115592484	25.490821440185123	9.613699906915351E-4
140.0	26.73407202349221	21.565035482027294	25.393167204156608	26.307412842748978	3.1244757490209575E-4
141.0	25.664053937648294	25.44658823031753	25.095033090935658	23.79398825569814	3.36485400379171E-4
142.0	28.558508193915948	22.921886206187114	23.14740396207514	25.372033394798116	1.682430236828494E-4
143.0	26.65571003740524	25.204685713544073	23.949304038530546	24.19015600217947	1.4420834067393844E-4
144.0	28.399351245545102	24.897706766447435	22.90361362384355	23.798823627814144	5.047363497659466E-4
145.0	28.704729638462016	22.294762263454384	22.602865827014956	26.396873153818163	7.691172504827411E-4
146.0	27.84864281784535	21.752986190110054	24.12138820435378	26.272536280494325	0.0044465071964916334
147.0	26.286163393524536	25.001742524569597	26.389945753407535	22.318735383824084	0.003412944674244045
148.0	24.694173671043185	25.062460747971514	23.31613154119357	26.92668123663508	5.528031566502341E-4
149.0	27.640507392747715	24.66184873012409	23.85104519483416	23.84448358443711	0.002115097856925167
150.0	25.70228989469287	23.845708817960933	24.795499191562932	25.656478060193287	2.40355899787934E-5
151.0	26.31351745279538	24.160073030544044	25.501369923597228	24.024462732525873	5.768605374753843E-4
152.0	27.747119557444805	23.816858295566394	23.38709037745305	25.04883562458763	9.614494812379143E-5
153.0	25.40336750513779	22.648887713774084	25.093778167702236	26.85329359308712	6.730202987729399E-4
154.0	22.78882246160828	24.64874892795471	25.298946799632333	27.261054084925217	0.0024277258794617273
155.0	27.607693330221245	23.463729317618736	23.716534342854768	25.211874745049606	1.682642556482104E-4
156.0	25.558610000149034	23.161407845755996	26.048747397271864	25.231186680570318	4.807625278301408E-5
157.0	25.101112483716832	22.935135845898927	25.97354645020362	25.990036949776812	1.6827040380810345E-4
158.0	25.25549298192096	21.11705115917478	25.961832246407905	27.665527456315647	9.615618071496447E-5
159.0	26.888338010616803	21.84552608260642	23.879916015637207	27.385811219807	4.0867133257144173E-4
160.0	26.706399661327186	21.361605109132313	25.874309787062593	26.057637362861914	4.807961599772295E-5
161.0	25.383240478637408	20.74161152480032	27.853235490326885	26.018594979235406	0.0033175269999819704
162.0	25.71898947684242	23.341542479687895	24.730814686454526	26.20862931617266	2.404084250651747E-5
163.0	25.324073194779057	23.607583357234578	26.679532066170818	24.388739257363365	7.21244521847338E-5
164.0	25.6014771414524	23.452433472736956	25.000739291986672	25.943979698921837	0.0013703949021309642
165.0	26.540372669314106	21.76502565254156	26.173430367156286	25.52066641069023	5.049002978190472E-4
166.0	24.628413964359382	23.575453622403334	25.514007613609667	26.282076712659446	4.8086968167148374E-5
167.0	27.18362750043641	22.796896542272204	26.034161309976934	23.98492993704697	3.847102674842401E-4
168.0	26.061640146502107	24.43044323812748	24.1176883598535	25.39020421039673	2.4045120187128744E-5
169.0	27.016731442564822	22.33312501487846	25.324590851413316	25.325240093231127	3.1259791227877386E-4
170.0	31.23663760153379	22.40782995971472	22.97819141146605	23.377292934073104	4.8093212340429726E-5
171.0	25.543686579517782	23.698189322538553	26.58335084743399	24.174099939546295	6.733109633781358E-4
172.0	27.344222247335274	24.129820604620853	23.94407749995792	24.58175942601173	1.2022207421549085E-4
173.0	28.458197337180298	20.328169987677697	22.939151864875424	28.272725633396444	0.0017551768701349444
174.0	24.50637901321003	25.84916465990137	23.481053378674687	26.163042307485167	3.606407287443163E-4
175.0	25.862568484101544	24.19733519395784	22.856781521921285	27.082088595892888	0.001226204126441361
176.0	24.6736719307129	24.18941526145436	28.113935560995763	23.021751037108952	0.0012262097280266824
177.0	22.24553825408207	26.41578167537832	23.807624222191123	27.506240985977197	0.024814862371290936
178.0	25.347473182423002	23.175450213583662	23.575399624816	27.901388450084223	2.88529093109781E-4
179.0	28.451613104903817	23.993827815085496	22.87401918455886	24.679650185143906	8.897103079191191E-4
180.0	26.403834290781507	22.474601920037014	25.819967613833523	25.301427497397537	1.686779504183213E-4
181.0	27.838036349141316	22.028143294432294	26.149284256539367	23.983932870728957	6.032291580706511E-4
182.0	25.854541428243706	23.19221299206435	25.25998867679387	25.69318453472936	7.236816871625383E-5
183.0	25.076659977087047	23.709192177172298	25.595156676805974	25.61860518525648	3.859836781976878E-4
184.0	25.992984369232552	21.977959146254673	26.160534423152548	25.865048021365343	0.0034740399948854413
185.0	25.489827144805215	23.61292130996241	24.34969737013185	26.546975233102554	5.789419979722556E-4
186.0	27.678631093034	22.803263047304053	25.478136786962285	24.03994494844043	2.412425923446488E-5
187.0	25.333064395348497	22.376332813171842	27.106533260542932	25.18356225270186	5.072782348649915E-4
188.0	27.76965656826273	27.392400818772533	21.97075060027294	22.866877955010995	3.1405768079998704E-4
189.0	25.269783086329138	23.337825490098492	24.774188186416936	26.617502595996296	7.006411591407337E-4
190.0	28.711364629752094	21.3020573717474	25.3342875719998	24.6520488063117	2.4162018900980903E-4
191.0	27.219679705847767	23.901732131960067	24.125283764668534	24.75303823582217	2.661617014604534E-4
192.0	27.65054593727904	22.97415672641866	23.61816961345192	25.75707932630067	4.8396549713177846E-5
193.0	27.731365166476724	24.382735396000722	21.638815469594004	26.246938756247427	1.452116811180525E-4
194.0	28.28384825695321	23.05366713653931	23.70041165490694	24.962072951600536	0.0
195.0	26.41335188245595	21.45265580137366	24.77501281162756	27.35842274037869	5.567641641408535E-4
196.0	28.405023180814233	22.065336084210607	25.93801406129709	23.5915781630278	4.851065027071369E-5
197.0	25.812067202550114	23.767486260254017	23.885458248274873	26.534430329693254	5.579592277359107E-4
198.0	27.75872483922716	23.127159857259283	23.836538260606293	25.277455549038088	1.2149386917637363E-4
199.0	26.43831116691242	22.730679202495484	25.259573411974245	25.57104690716382	3.8931145402961684E-4
200.0	27.58217241996901	23.524337325473645	23.339030828771442	25.554410756975216	4.866881069000693E-5
201.0	25.739366900816147	21.270724954831476	28.25663607407638	24.732980032396735	2.920378792598592E-4
202.0	25.777006289651062	24.854295348306284	27.663950286395494	21.70472373677608	2.4338871075539583E-5
203.0	25.97435542865601	23.845974813123973	22.6362714775963	27.542838334222758	5.599464009566806E-4
204.0	25.662489256174197	23.501379348966765	24.674252071458312	26.161806277559585	7.304584113503499E-5
205.0	27.468268373370318	23.948435589290508	24.96470475939092	23.617909479578433	6.817983698200978E-4
206.0	26.044808796933776	21.599022736095396	25.72964800672551	26.626447399247667	7.306099765279368E-5
207.0	26.72908920178645	22.911319483942314	26.328636622167878	24.03073546623861	2.1922586475469234E-4
208.0	28.565174034322265	22.361807882129856	21.58923158747983	27.483786496068046	0.0
209.0	27.70087604937068	20.297052623883616	25.068682758032484	26.93275498641453	6.335822986853168E-4
210.0	24.78750969133243	24.17979216128717	24.732597218596734	26.299710960046973	3.899687366938402E-4
211.0	24.9329959379435	25.17216990274811	25.4361145860279	24.457988154427877	7.314188526134937E-4
212.0	28.360761466712788	22.47176649603055	24.9729849188767	24.19426758273201	2.1953564795458637E-4
213.0	30.183760474107835	23.006609265468217	22.631614787630454	24.17757614054922	4.393322442775144E-4
214.0	28.071717727108293	24.63365966126999	23.894738050566946	23.399860134701566	2.4426353201647606E-5
215.0	26.251788706607577	25.09999258453084	22.667743174158534	25.98015737926062	3.181554424281819E-4
216.0	26.44845902837086	24.55409815024165	25.17416459739247	23.823253540803783	2.4683191240429092E-5
217.0	29.299918470812898	23.157074758633314	24.68461535783056	22.85771987884534	6.715338778892745E-4
218.0	24.726702635872826	24.852769497685347	24.7193075823364	25.701069876236886	1.504078685375066E-4
219.0	26.582670730339856	22.299928579293653	24.508818487355907	26.60795083184414	6.313711664405516E-4
220.0	27.44405675455375	21.279939660371483	25.44302404201456	25.83270056865129	2.789744089166308E-4
221.0	25.976104145020017	22.881336018283818	23.833201026983346	27.309077850282335	2.809594304799094E-4
222.0	25.265668605227905	24.875104900546425	23.626682112630657	26.23246708306526	7.729852975619786E-5
223.0	31.021885561741907	22.68935656089456	23.534543066736354	22.753512374709498	7.02435917681795E-4
224.0	30.26308070142686	22.04587961392476	24.67441817412393	23.016569362155042	5.214836941174814E-5
225.0	30.598900122691923	19.512785693733488	24.50041430144479	25.387087526355707	8.123557740938171E-4
226.0	25.511705908679115	22.099909723477534	25.880513689557272	26.507791279409677	7.939887640003376E-5
227.0	27.372605555778033	23.563093188098193	25.412972381295635	23.650047388303765	0.0012814865243682672
228.0	27.671971373100966	27.802493717404637	22.744028347821654	21.781452892945648	5.3668727098547856E-5
229.0	27.515648735201008	26.068582353592518	21.363037932463737	25.05270390597737	2.7072765366569304E-5
230.0	26.16650311092023	22.937065147692064	26.594109867493955	24.30232187389375	0.0
231.0	25.375703734154705	24.995915290424918	23.64502675243684	25.98216945056041	0.001184772423126868
232.0	25.368496549585174	24.416198673002583	24.391137473831122	25.82397346005162	1.9384352950298518E-4
233.0	23.85360458115733	24.970191674950645	21.901040281141928	29.27465942343503	5.040393150665752E-4
234.0	27.498577202442387	21.29778996841191	26.118137306915163	25.084474172039627	0.0010213501909073733
235.0	25.55400392868482	21.49969756182344	27.97416899769206	24.971928746770192	2.0076502948521263E-4
236.0	28.732365432373875	23.852035746005935	23.20896395020118	24.206489793632652	1.4507778635671086E-4
237.0	27.931432449787685	24.542080927730247	21.727265679510037	25.799016158924122	2.0478404790776528E-4
238.0	26.734159029583353	22.66602235947308	24.31939870978669	26.280419901156883	0.0
239.0	28.29023180423086	23.130295139540294	24.041813310920837	24.53657914287215	0.0010806024358579907
240.0	25.426083162236697	21.35437461449177	26.59564868596546	26.623646317600684	2.472197053882771E-4
241.0	29.132211202249707	21.694441453250107	23.475233529761972	25.695638343563214	0.0024754711749947708
242.0	27.548393118677296	23.415251922064932	21.04259909259123	27.992887592265784	8.682744007588719E-4
243.0	28.06824432462669	22.986124275525587	24.26247339061796	24.68082726043787	0.0023307487918952097
244.0	26.000831924997232	23.134769358757694	25.80928991216217	25.054454970814128	6.53833268780271E-4
245.0	29.20720193396126	20.72072381270928	23.452556420723937	26.617832979930284	0.0016848526752340383
246.0	24.525344501342495	26.405897779204658	23.665704981620237	25.400770702669888	0.0022820351627231743
247.0	25.940223453007395	23.22909057176981	24.66942888204237	26.025998169178326	0.13525892400209721
248.0	25.58896558129669	22.411615547517794	24.277566199891368	27.713317734062027	0.008534937232126132
249.0	25.51600108785703	22.14235521047361	27.931326666802907	24.396357250991567	0.013959783874877577
250.0	27.690628570132997	22.026878259960476	23.529341376196133	26.75230157460578	8.502191046122182E-4
