# Position (bp)	A	C	G	T	N
0.0	24.832792547222716	22.745811442444495	25.132751189482356	27.28859369879807	5.112205236636313E-5
1.0	23.635774105185988	30.60264685594727	23.722417113051918	21.965748609352957	0.07341331646186561
2.0	25.23724100861785	25.620022180935674	22.04287636846365	27.09899677751546	8.636644673705024E-4
3.0	26.144453527358593	21.423957862497314	24.329387806792628	28.095856017001996	0.00634478634947134
4.0	25.602627239478988	23.388030298150905	24.573011458799012	26.436229573585805	1.0142998529011639E-4
5.0	28.510692719023783	23.619835820007268	22.230117899114017	25.638669795110562	6.837667443712702E-4
6.0	26.903490434874477	23.031340189197174	24.353784411060673	25.70605212084174	0.005332844025938347
7.0	25.735411526490203	25.017373912065178	23.868892108195265	25.377691821232474	6.306320168847939E-4
8.0	28.068461480906908	24.323908992453156	23.359473663128583	24.248155863511354	0.0
9.0	26.822597295110697	25.386658782392523	22.45155168850681	25.339091669268775	1.0056472119185284E-4
10.0	24.877953210792565	23.808291847304623	23.961434319788207	27.352320622114608	0.0
11.0	27.778080545353102	21.951493701796313	22.688098700817548	27.5822048588412	1.2219319183524643E-4
12.0	29.262573470208615	23.904902576738095	19.585460411700673	27.24699124298013	7.229837249133685E-5
13.0	25.86780899111702	23.08276252013235	24.711793273605775	26.337540026728906	9.518841595053248E-5
14.0	27.7964296371744	20.92820208208408	22.918833739213273	28.356487473889224	4.7067639021332E-5
15.0	25.2797407620925	23.049811243560896	24.81142952782995	26.859018466516655	0.0
16.0	26.038938207156576	24.378125977091532	21.91580377195986	27.6670862314417	4.581235032246168E-5
17.0	29.208820420066235	27.41489990974437	18.84164901707665	24.53332716047163	0.0013034926411098205
18.0	26.018327292712733	26.32725434778584	19.072487224137618	28.581641167730886	2.899676329206053E-4
19.0	25.053807740185956	23.954044380975013	22.923529823291183	28.068018402680227	5.996528676177458E-4
20.0	22.903612819295997	25.5349290041895	24.341382956376684	27.219876843170006	1.983769678168637E-4
21.0	24.59959459438737	24.10502866383734	23.12062865253348	28.174397581849504	3.505073923104374E-4
22.0	23.29332231287971	26.365306326708687	25.99802300530549	24.34321808969685	1.302654092580929E-4
23.0	26.282127569891838	23.188736639072438	22.772637789738308	27.756195069217814	3.0293207959843327E-4
24.0	28.29662490253237	21.282214164445396	25.002953239762977	25.41810049762358	1.0719563567976719E-4
25.0	25.348593311522233	24.325865918047924	20.429131101432244	29.89621840569285	1.912633047536369E-4
26.0	26.885026754945358	25.20139758132415	19.058533242294697	28.854894264946978	1.481564888097404E-4
27.0	25.997359107543012	24.793610349089672	19.883598073478453	29.32541135963741	2.11102514547602E-5
28.0	27.527449005341033	24.100952748415747	22.605878022926724	25.763230280384313	0.0024899429321819056
29.0	28.514243705505905	23.064513254936283	21.932339342613506	26.488510012635196	3.936843091109738E-4
30.0	24.056809428550373	23.82177085447576	24.491933388857714	27.62917755437197	3.08773744186305E-4
31.0	26.782805711082435	24.047358114667563	23.084332387147377	26.085032027358785	4.717597438385613E-4
32.0	24.640612065844138	22.335083861587034	24.416272719921032	28.607787527618267	2.438250295333067E-4
33.0	23.55202927784491	26.374719607648466	23.852722075989053	26.2204886797768	4.0358740775000825E-5
34.0	27.262668052968277	26.367669168106723	21.790406921239136	24.579215744792144	4.0112893728108384E-5
35.0	25.625809388218183	22.686204718198354	25.748340909303042	25.939565547313748	7.943696666765302E-5
36.0	24.582718256216438	23.969165809577085	25.370936398231436	26.07696125346548	2.182825095582934E-4
37.0	25.656789685062726	25.68484053764795	20.55163370426982	28.10669639713183	3.967588767359441E-5
38.0	28.13496822761479	24.652570420572808	20.7312755741471	26.48102710911656	1.5866854874010231E-4
39.0	23.656490107237282	27.29856002335151	21.34025682296935	27.704455089492637	2.3795694922534107E-4
40.0	27.225686260203098	25.314856466691833	22.493659250752643	24.965698886185336	9.913616709440619E-5
41.0	24.870949618112373	24.367356746047008	21.735121489153585	29.021734863765065	0.004837282921972643
42.0	25.731962817424737	25.51083619562302	20.108230132650203	28.648871738828348	9.91154736896984E-5
43.0	26.54589832078033	26.033761990001864	21.895542661741267	25.52114995398543	0.0036470734911075824
44.0	29.2768886382937	24.765996831005804	22.420901488674165	23.53581667001931	3.9637200701974826E-4
45.0	26.522579927953327	24.079338132877936	21.1208431430326	28.27331524669515	0.003923549440983377
46.0	26.315466189011826	24.289382747360747	21.823661351171417	27.57148971245601	0.0
47.0	26.52362009876858	23.440856337796	22.390563451662	27.643137374553085	0.001822737220333664
48.0	22.654087367672155	23.77662600241165	21.901258590119205	31.66802803979699	0.0
49.0	22.027057805311347	26.769501642837763	23.149554681047853	28.05210340668503	0.0017824641180070467
50.0	28.425414408405565	24.17520330290985	19.941805383705034	27.45749769090987	7.921406968620138E-5
51.0	25.81703804834777	25.996057648231734	20.590204315202012	27.594284282966207	0.0024157052522778416
52.0	23.37863152944152	26.083441688041198	21.63541835456295	28.902508427954327	0.0
53.0	22.949796715317376	24.122734138525654	24.007465151902068	28.918287096149058	0.0017168981058469656
54.0	23.217123492171936	27.42703411622879	23.053609976258375	26.302114013084633	1.1840225627339554E-4
55.0	24.672050273060993	26.675954040489824	23.00085440427592	25.649665117218323	0.0014761649549385886
56.0	27.371504534671022	24.506548877721812	24.426275803640923	23.695670783966246	0.0
57.0	23.1055919932167	27.320341975064004	22.607765495167055	26.961184330793397	0.005116205758840558
58.0	25.416527215957846	25.005386191398976	22.74818340242415	26.829627732028765	2.7545819026723574E-4
59.0	28.576051913640686	21.40564161857899	24.12469803181371	25.890736061656106	0.002872374310507204
60.0	23.907538623284488	22.964407912477785	23.61346331855919	29.514570505305553	1.964037298639531E-5
61.0	25.897542800146972	23.80506498599693	22.77383953997734	27.51748444697735	0.006068226901412129
62.0	26.56198790802654	21.134267091267517	23.675392034787055	28.628156597516842	1.9636840204623727E-4
63.0	26.738735073400367	23.945059981298918	21.76187972165944	27.551831484497384	0.002493739143889534
64.0	26.0394011230071	21.65136431108618	23.09475722848326	29.21443812491263	3.9212510830005334E-5
65.0	24.563694180105788	26.506436270531175	22.205799897270616	26.71887436823388	0.005195283858547124
66.0	23.974954004252094	24.09189151570815	23.190541490272036	28.742044475462237	5.685143054862611E-4
67.0	26.700411429700566	25.421584102362644	21.700505524543466	26.17667561351798	8.23329875347857E-4
68.0	23.34799439223318	21.47762146633066	26.734001163580253	28.4402065590172	1.7641883870927273E-4
69.0	22.90115313824918	24.834908942652785	24.77308677644642	27.4879109635359	0.002940179115711729
70.0	26.655090688290827	22.621714263329025	24.64226113526854	26.080698867865397	2.350452462098954E-4
71.0	24.3141338064563	22.46304801034058	25.84281864413864	27.37894485609632	0.0010546829681591212
72.0	28.034810145740096	25.89777434334546	21.984122845920602	24.081554618312257	0.0017380466815904339
73.0	24.58804101986928	22.217774586762054	23.04160467910343	30.14859636855555	0.003983345709692593
74.0	25.151868930806803	25.22158534061669	23.73360561323499	25.892139674904048	8.004404374699836E-4
75.0	26.062202606501376	24.97000442368864	21.614228581713885	27.351456010457554	0.0021083776385467656
76.0	26.798966076558827	24.8064712160157	24.54638961328991	23.84731415917197	8.589349635918942E-4
77.0	24.566903434711282	24.48806100323334	23.050411526650265	27.89390178485679	7.222505483248082E-4
78.0	28.008130327280224	25.278189262978767	19.726701386930145	26.986334874149943	6.44148660922292E-4
79.0	27.48434469046776	20.110646078940782	22.828937172249592	29.573456496372764	0.0026155619691043573
80.0	23.952994697684478	23.7393679458768	28.058649082585816	24.246763198502876	0.002225075350029726
81.0	25.543446544572912	24.25670175107138	21.889573028383253	28.30982976838906	4.489075833958063E-4
82.0	23.731747755765625	21.928455789143946	23.5184442447184	30.820356833021545	9.953773504811478E-4
83.0	25.822219672068442	22.317722879212095	23.4693124772389	28.389788663811792	9.563076687678112E-4
84.0	23.409045313999027	25.73949739235105	24.806680358677603	26.043820679932463	9.562550398543683E-4
85.0	25.118793699982238	27.24681574340951	21.57490686769065	26.05878117175959	7.02517158005866E-4
86.0	26.095025715666704	25.32865845531941	22.10380438101999	26.47098940678834	0.0015220412055581042
87.0	22.565971424122665	22.10718314965282	25.026234033727075	30.299733347486118	8.780450113189759E-4
88.0	25.241597782275765	26.236397259530943	25.10730199908141	23.41405908858371	6.438705281728476E-4
89.0	26.39439815587104	26.276203771177386	22.724577622864704	24.603805906012248	0.0010145440746236187
90.0	24.20583623017005	25.216253136641082	25.426663175765444	25.151032852840178	2.14604583251556E-4
91.0	26.695008829613815	25.506561538467544	23.82823260238333	23.969611770113218	5.852594220914362E-4
92.0	26.27915514740365	24.190569381272194	21.693903237410353	27.836372233913803	0.0
93.0	26.622035830164574	26.264530072170245	21.0799065456111	26.03313741099663	3.901410574500264E-4
94.0	28.33640304351914	23.01675979833155	22.983383771253077	25.659220424958168	0.004232961938064549
95.0	24.00093004784051	26.817387213168605	23.205142259477885	25.97384864641758	0.0026918330954247027
96.0	26.808787281158157	23.779306427630857	23.440324302457334	25.97052870405606	0.0010532846975873345
97.0	25.148620752606128	26.12936168752038	22.598799643622257	26.123061883965033	1.5603228620066065E-4
98.0	28.26222758170233	22.786410870461093	23.75410127974165	25.197260268094922	0.0
99.0	22.120824231305207	22.35945630031954	26.27132955718609	29.248350909461777	3.900172738650595E-5
100.0	22.495268830833282	25.064208376192543	23.68848870710626	28.752034085867916	0.0
101.0	24.472103971709313	21.952718080551087	27.28274620588745	26.292295248955245	1.3649289690964483E-4
102.0	25.167354910975455	23.668102957396457	24.082395090194588	27.082108040055974	3.900137752865431E-5
103.0	26.42250623308896	25.29901961071052	24.883941804094896	23.394337370046895	1.9498205872586633E-4
104.0	26.498912614953383	26.95309133605443	22.436651095827536	24.111052488117146	2.92465047502173E-4
105.0	26.611175412625943	23.536096287965407	20.191782734367322	29.657884310309058	0.00306125473227085
106.0	25.584811569923723	23.605789797350074	25.352435078672254	25.45680757050554	1.5598354841514866E-4
107.0	27.246493742443345	23.40765085666923	22.17982946751836	27.165246017603867	7.799157651977798E-4
108.0	24.407882757569293	24.44055667306238	25.37357631601213	25.777867282298338	1.1697105785115589E-4
109.0	26.637970677223922	24.367093974524494	25.42680914463898	23.567307469255063	8.18734357544023E-4
110.0	25.441453382974995	24.12689811114793	22.42778893198963	28.003762109900393	9.746398705678253E-5
111.0	25.20095359880235	23.153562155460776	24.84785693678802	26.796808601882244	8.187070666115664E-4
112.0	26.13519787348548	23.33766643607465	23.383102614617197	27.143955107262325	7.796856034756824E-5
113.0	28.276417512586217	21.397029829762243	22.959691549198865	27.36596449447637	8.966139763017129E-4
114.0	26.699835229278467	21.805133135249804	27.493787229596588	24.00095201727666	2.9238859848203534E-4
115.0	28.018838775830456	23.14787288894694	26.196386050650656	22.636239496515	6.627880569490891E-4
116.0	26.368255993113298	24.51480422184656	24.909296265337566	24.20754605168768	9.746801489623166E-5
117.0	26.257514030967055	26.27367418058392	23.31702958126109	24.150924491164844	8.577160230904951E-4
118.0	27.572521202943967	24.36297599897699	24.527948431446088	23.53624247263325	3.118939997052602E-4
119.0	27.795787546501593	21.517419724082114	24.094373960512534	26.59191193957347	5.068293302913177E-4
120.0	25.831295324021063	23.980595734196022	24.532661365308346	25.65540859016539	3.898630917780603E-5
121.0	28.002463187664254	23.589466383414383	23.44217415493131	24.965077550644864	8.187233451944253E-4
122.0	27.148719088332417	22.974030885351485	25.227117666093562	24.64978147892568	3.508812968572732E-4
123.0	25.01516570383291	27.844056798484836	22.136878859164803	25.003099417621378	7.992208960786713E-4
124.0	25.514987041016507	25.550230485891706	22.069258047513156	26.86536848113228	1.5594444635043213E-4
125.0	27.13339526890708	23.37657907448292	23.92832679215183	25.56066573854273	0.0010331259154372793
126.0	24.762705649742955	23.09742981558945	25.050053401340854	27.089635695448422	1.754378783244747E-4
127.0	25.596806919484692	22.997243909613335	27.970798969921205	23.434117081308273	0.001033119672489368
128.0	26.746584141026524	23.696492153475546	23.94450181889349	25.603455098418298	0.008966788186139607
129.0	24.676258810499053	26.07884328203285	22.33932626277728	26.902764682410734	0.002806962280079866
130.0	26.735082307735492	23.660920355803956	23.846026990948957	25.757970345511595	0.0
131.0	26.73428734447579	24.01469086970752	24.074652011924393	25.17560953834404	7.602355482633588E-4
132.0	26.65677969240438	25.59745823669557	22.02701685892855	25.712975211219064	0.005770000752439287
133.0	27.25653376810891	24.8104143408883	23.434216315273108	24.497100683956717	0.0017348917729677741
134.0	27.661567718853398	21.58429170082794	21.263809244225918	29.490292350330737	3.898576200985638E-5
135.0	25.77623836448969	23.27302838369597	26.41310791051936	24.537079542222724	5.457990722585341E-4
136.0	27.38187644858392	26.56521137385697	23.894612291204112	22.152257013144226	0.006042873210773468
137.0	28.894603867571643	20.94394354451832	24.062917093974274	26.098418534620638	1.1695931511743982E-4
138.0	24.99812878336613	23.774372596656136	26.815138610372152	24.41124897472922	0.0011110348763593608
139.0	26.797572004725627	23.305569649318375	24.78596376875296	25.109783536046365	0.0011110411566679133
140.0	27.407148378977997	21.689645910302787	25.53803085288489	25.364960444669514	2.1441316481238265E-4
141.0	25.968536217578365	25.382595976465712	24.151010405799678	24.497467553023107	3.898471331421523E-4
142.0	29.512521785132368	22.476506363568493	22.45200448557849	25.558674980541767	2.923851788783286E-4
143.0	27.316813590047218	25.112231919652643	24.165782202534977	23.404996856863004	1.7543090215341433E-4
144.0	29.350313271715333	24.62255451091583	22.37368014687895	23.652847806844594	6.042636452964605E-4
145.0	28.871569937276735	22.268376348936116	21.680713678380805	27.178365405794835	9.746296115087384E-4
146.0	28.352545015959652	21.75681879096513	23.640632538193515	26.245422869813112	0.004580785068589947
147.0	26.495033756421616	24.239186688069612	25.975144903594156	23.287535318271352	0.0030993336432666974
148.0	24.383449548122904	25.086137731484186	23.586573195824844	26.943371702536922	4.6782203114291264E-4
149.0	28.06555013608033	24.809271162236374	23.744916724138402	23.378234710016923	0.002027267527969469
150.0	25.6602703303301	24.011758238759302	23.962791568064063	26.36517986284654	0.0
151.0	26.444909857242944	24.1103561148653	25.555509638060542	23.88867857809806	5.458117331588815E-4
152.0	28.03250374765832	23.257801854627896	22.98680083510888	25.72267913221972	2.1443038517545278E-4
153.0	25.767818955551785	23.06967731622542	23.92339647431961	27.238132555133838	9.746987693453339E-4
154.0	23.11411209853795	24.945771883411158	24.80237221571006	27.134936631031835	0.0028071713089937284
155.0	27.423746082100575	22.60958177294831	24.49637312224977	25.470065074610922	2.339480904279554E-4
156.0	26.25944703470582	23.32929441020187	25.280649918945343	25.13039418005149	2.144560954758537E-4
157.0	25.09843724776552	22.393196853439434	26.473029870801355	26.035024085834003	3.1194215968475126E-4
158.0	25.52585012208941	20.844144348597823	26.249301037155576	27.380626504671064	7.79874861279759E-5
159.0	26.842563552440147	21.599952738532952	24.11955045454067	27.437406827254268	5.264272319637257E-4
160.0	27.75344362634468	20.059319652871626	25.993527169878938	26.193631560301455	7.799060330216115E-5
161.0	25.389975783714647	20.07142049376265	28.664224240462644	25.871103849258496	0.0032756328015629446
162.0	26.04583889196745	23.400020044229894	23.846140647319437	26.707980918205116	1.9498278107060366E-5
163.0	25.636671432148045	23.506419360801537	27.37340081442155	23.483469395236234	3.899739263432847E-5
164.0	25.95885995608016	23.575617820176685	24.7832574232212	25.680626873622632	0.0016379268993224833
165.0	26.28877940495704	21.598786498923037	26.609021855577147	25.502729753434956	6.824871078185334E-4
166.0	24.55864269392636	23.22237341361167	25.72184788378205	26.497019007604678	1.1700107523988145E-4
167.0	27.19538892175855	22.592852025293304	26.186613177306235	24.02475585988918	3.90015752736253E-4
168.0	25.181622475260866	24.176280425530834	24.61311433913172	26.02888525250658	9.750757000019697E-5
169.0	26.567281015940473	22.345389806193886	25.271963932381407	25.81511172061091	2.53524873325322E-4
170.0	31.534121214260484	22.089105912266227	22.667174750471112	23.70946161123281	1.3651176936219556E-4
171.0	25.407789534323395	23.405928707841074	26.013971994775957	25.171471201555278	8.385615042935323E-4
172.0	27.546098007416397	24.246938645381658	23.686116847721703	24.520710003788732	1.3649569151349738E-4
173.0	29.007245123594487	19.895789077779742	23.491970584318565	27.60318193490171	0.0018132794054939246
174.0	25.13211215291438	25.21676218876685	23.571369806022357	26.07926846148657	4.8739080983687224E-4
175.0	25.146808519348625	24.408374777104285	23.252640876817697	27.190538285232822	0.0016375414965686683
176.0	24.3392874513595	24.145865852120394	27.76284196020568	23.750698623922872	0.0013061123915561199
177.0	23.24393794618652	25.841107346796093	23.080187968363635	27.810279302989322	0.024487435664429326
178.0	25.663206661426365	22.644845317412788	23.72421566976094	27.967439923641262	2.9242775864650396E-4
179.0	27.73973083483004	23.94491059152544	22.803742763758706	25.510251033136	0.0013647767498192647
180.0	27.247489647152754	22.576342839849247	24.68208323020564	25.49384967951237	2.3460327998845753E-4
181.0	28.000606466695686	21.42239916268469	26.205680245325556	24.370512024180414	8.021011136489242E-4
182.0	26.380018736786877	22.585516178133673	25.475281154505332	25.55906655667428	1.1737389983976507E-4
183.0	23.975559480648744	23.43585155948769	26.14233351246	26.44570769932308	5.477480804853205E-4
184.0	26.215389755956615	22.42647368092599	26.118826458578237	25.235847441727984	0.0034626628111774755
185.0	25.535246049948405	24.19738766009262	23.62476588211706	26.641994024186882	6.063836550263826E-4
186.0	27.216801383422407	22.925609746555136	25.436212333429843	24.421376536592618	0.0
187.0	24.91877553171295	22.420147311849654	27.131999041663917	25.52835328985298	7.248249204994396E-4
188.0	28.32331905128432	26.923879375685537	22.432194223851184	22.320137179763204	4.701694157537707E-4
189.0	25.500596646905127	22.35979091596026	24.641115564167805	27.497497726942793	9.991460240159442E-4
190.0	29.519777332107612	20.10263083854697	25.626968583388	24.750388132738653	2.3511321877049896E-4
191.0	27.135591018399573	22.83789623409088	24.83025757987873	25.195823427849025	4.317397817987143E-4
192.0	27.69392937474842	22.908411219355283	23.621136274027435	25.776523131868856	0.0
193.0	27.237987002153226	24.08886507324293	22.029937052107194	26.642975333140978	2.355393556820925E-4
194.0	28.151784636433142	22.926848897477747	24.077531355169494	24.843835110919617	0.0
195.0	27.20422921769367	20.853708143458558	24.657067111031886	27.284190613203585	8.049146123020794E-4
196.0	28.87089596407066	21.878271611110335	26.37406436473837	22.87663028213577	1.3777794486087282E-4
197.0	25.107886279337766	23.611770027910076	23.849806865744625	27.42972972228117	8.071047263659066E-4
198.0	27.693926476217662	22.557003225225277	23.704144223275	26.044748670151428	1.774051306352247E-4
199.0	26.4683547028846	23.265598185811704	25.020634179839984	25.244859921618755	5.530098449577649E-4
200.0	26.934779173579837	22.740242553527693	23.831693924310656	26.493244844749942	3.950383187169156E-5
201.0	25.6891404307703	20.739082494578728	29.14117349133802	24.43022827215037	3.7531116258361045E-4
202.0	25.914813445875506	24.951743791982803	27.917680667667184	21.215722584735055	3.950973944709675E-5
203.0	26.085750266916097	23.72457776076611	22.575065027144127	27.613697958277108	9.089868965586745E-4
204.0	24.925351454384298	23.07639556565208	25.441473346580914	26.55658200668176	1.9762670094831172E-4
205.0	27.60674346724387	23.238126784789273	25.322806111185663	23.831414504727586	9.091320536047976E-4
206.0	25.728581356571407	21.224445988799996	25.74127089920234	27.30562269285535	7.906257090924328E-5
207.0	27.30400801646784	22.432865145938973	26.11545477027478	24.147336005093912	3.360622244907521E-4
208.0	28.6530940696833	21.680790234373458	21.726166232348838	27.939870376887697	7.90867067109025E-5
209.0	28.233491353765057	19.496826243375196	25.106225285207007	27.162606801226275	8.50316426472051E-4
210.0	24.817126873058903	24.27637422591044	24.72201405786791	26.18406950335842	4.1533980432748474E-4
211.0	25.875063035480096	25.601970287809767	24.981200638693586	23.540935127019583	8.309109969685598E-4
212.0	29.613324487918568	21.569070233965444	24.37946196023047	24.4378068649074	3.3645297812343153E-4
213.0	30.779990621990166	21.47352375551275	22.76086154128859	24.985168645764688	4.554354438079789E-4
214.0	28.619096504154403	23.869094572244418	24.992316942612764	22.51943253760438	5.944338404052137E-5
215.0	26.03827836504203	24.623205472070516	22.84489373948578	26.49306649623528	5.559271663935674E-4
216.0	26.75971948199659	23.62778446082018	25.94982029979645	23.662615599978906	6.015740787344165E-5
217.0	30.724316478677416	22.773804368412804	24.30459845347319	22.196534403535104	7.462959014841002E-4
218.0	24.49676490272778	23.819490019363474	25.5495726065316	26.133786663894266	3.8580748287827003E-4
219.0	27.038366429466443	21.832954804892875	24.86735109199409	26.26063086980384	6.968038427502274E-4
220.0	27.91926819897459	20.66689539388739	24.972592819020512	26.440811898036447	4.3169008105700755E-4
221.0	26.443761510028846	22.14959575567783	23.489783824141558	27.91642422770902	4.3468244274145524E-4
222.0	26.25492745749986	24.120822856923084	23.67999321093082	25.9441101585001	1.463161461330419E-4
223.0	31.37123847363447	21.909635234044202	23.87530040132225	22.842982511255958	8.43379743114964E-4
224.0	30.967463905907973	21.31915925192536	24.898672775572326	22.814577255654868	1.2681093947250452E-4
225.0	30.75802702109625	19.33036390746902	25.11862211169642	24.791883399525723	0.0011035602125796526
226.0	25.361604257109732	21.617438330716105	26.729311423824935	26.291410073232342	2.359151168830723E-4
227.0	28.435481818126718	22.896783376869855	25.152060358329965	23.51428912810647	0.0013853185669918412
228.0	27.528433243391863	28.24359066558352	22.26035023941783	21.967495491157976	1.3036044881364388E-4
229.0	27.478486155038805	25.927494388715	21.335066938402843	25.258908769397788	4.374844556304359E-5
230.0	26.356699418690297	21.86375390114322	27.30435820427512	24.47518847589136	0.0
231.0	25.1634686338637	25.476405451258145	23.926568975626285	25.43204096692282	0.0015159723290462527
232.0	25.702341758910784	24.456827781961472	24.023737003356764	25.816936660557626	1.567952133557267E-4
233.0	23.261030585487532	25.28446676317506	23.00186725390416	28.45206894496869	5.664524645553699E-4
234.0	28.173757120269897	20.23437449699369	27.072638940115688	24.517734795297702	0.0014946473230176608
235.0	26.233111472705378	21.022412052756607	28.428134843724106	24.316085968533553	2.556622803541434E-4
236.0	28.68920242565311	23.280822712685435	24.162371209858165	23.867227012214656	3.766395886342413E-4
237.0	27.812889513601963	23.43057271550087	23.122109418594793	25.63428582016673	1.4253213565163436E-4
238.0	27.274622610552967	22.66659893642658	24.810405483453078	25.248300745377712	7.222418966264803E-5
239.0	27.775196310801682	23.543092710240963	23.91519002417034	24.76527631892354	0.001244635863474672
240.0	26.23346271902451	21.276752534450633	25.224820797559268	27.264738363684582	2.2558528101158457E-4
241.0	29.1511046051654	21.5310658907724	23.383428111307897	25.931615281743593	0.0027861110107107144
242.0	26.7825002433778	24.278689840090095	21.236505109927524	27.701273438162293	0.0010313684422890242
243.0	28.515203570066227	23.424629163704125	23.83677307292866	24.220799082489755	0.00259511081123164
244.0	26.511764578176145	22.227411318209334	25.800154393837577	25.459508474242533	0.0011612355344132151
245.0	27.59940492051478	21.999164418923204	23.511105611425446	26.888148793152183	0.0021762559843876406
246.0	24.63924195684492	26.81342395129183	22.938152432061884	25.606519706566555	0.002661953234805571
247.0	25.98688642613929	22.69054518035994	25.406888388701137	25.778682002443542	0.13699800235609108
248.0	26.115386269627916	22.629971987298468	23.98311755638234	27.261446027512864	0.010078159178416249
249.0	24.768438082545703	21.349737956634073	29.237917797691075	24.628448261765378	0.015457901363770154
250.0	27.85961888390392	21.876525799599	23.851209719850715	26.41154465262528	0.0011009440210930632
