# Position (bp)	A	C	G	T	N
0.0	24.39706254682865	23.649670072162365	24.79530511931031	27.157930090879347	3.217081932964377E-5
1.0	23.20163729458822	29.728421235677445	23.906195006559507	23.088798976145462	0.07494748702936845
2.0	24.401089721629667	26.974640653832978	22.700454818358935	25.923079112933074	7.356932453444211E-4
3.0	26.132368102645458	22.120015519027746	24.08875247598162	27.651449539830146	0.007414362515028466
4.0	25.638063154883696	23.68303349805624	24.349278540486303	26.329497106148743	1.2770042501893957E-4
5.0	28.2014867909007	23.963128350899233	22.399144210427306	25.435602950624702	6.376971480589296E-4
6.0	25.783583514762615	24.12162764345645	24.020345543205632	26.069668843818032	0.004774454757266721
7.0	25.528131884326793	25.32206262371143	23.461912759778127	25.68728926178419	6.034703994592906E-4
8.0	27.474120988222378	24.485351018460246	23.512111307795614	24.52838499628919	3.168923256917918E-5
9.0	26.050038420765752	25.301015390134484	22.341525018103155	26.307199725660862	2.214453357443458E-4
10.0	24.42701507428428	24.450211629058646	23.923011456380205	27.199761840276864	0.0
11.0	27.070016342899848	22.44075430560763	23.01209668889967	27.476918068147228	2.1459444562130762E-4
12.0	27.850599925712537	24.176667445031512	20.34502534122023	27.627707288035726	0.0
13.0	25.37022572974628	22.793596987718352	24.985048633803963	26.851009037801838	1.1961092956830022E-4
14.0	26.600279832289626	22.008591052099717	23.704476312592394	27.686593741749878	5.906126838798765E-5
15.0	25.66583202206145	23.23006003899545	24.923955952931294	26.180122819630725	2.916638107918527E-5
16.0	26.398645352007577	24.317883075510146	22.229142151938696	27.054214619866258	1.148006773239962E-4
17.0	28.351507665803492	26.927485977807464	19.34435415609077	25.37546835772002	0.0011838425782512898
18.0	25.730418663215698	25.74410129061593	19.94636074289112	28.579007379944738	1.119233325172257E-4
19.0	25.25100509295386	24.564134695131788	22.03534840390041	28.149010341083873	5.014669300668149E-4
20.0	22.491992067912136	25.99164938488674	23.90479833740604	27.61150484904785	5.5360747237221906E-5
21.0	23.942308115555438	24.589341758333664	23.55258582363842	27.915489191437665	2.751110348136508E-4
22.0	22.851822822597683	26.958118359084803	25.61752417821337	24.57245285333588	8.178676826400769E-5
23.0	25.75066144112137	23.507306968607953	23.21387848139572	27.527719243631875	4.3386524308249323E-4
24.0	27.893121211209877	21.394151246568338	24.958218586606748	25.75445525199885	5.370361618669955E-5
25.0	24.874595948371883	24.67753719138041	20.320207172523556	30.12739353597241	2.6615175174429204E-4
26.0	26.082247616274838	25.53569467143963	19.93518120281349	28.44682357456213	5.293490991140019E-5
27.0	25.50697396921607	25.37843699140579	19.97090824613947	29.143548797985225	1.319952534506859E-4
28.0	27.755480659063586	23.72760571960279	22.531711570602425	25.982981626907147	0.0022204238240504815
29.0	27.194972113724567	23.991200371109834	22.148250927580545	26.665188505633523	3.880819515244247E-4
30.0	23.541779075562953	24.756463822295103	24.933711970216553	26.7679165421489	1.2858977649553768E-4
31.0	25.941812331918563	24.991157141998524	22.53479917185324	26.53177098852027	4.603657094043763E-4
32.0	24.54778389382856	22.437247645281	24.885009172385566	28.12975641572487	2.028727800012071E-4
33.0	23.044730664553207	25.630266468999118	25.056725490866594	26.26815165419175	1.2572138933198695E-4
34.0	26.315458692498368	26.608601704838357	22.196168390883287	24.879671452374737	9.975940525437776E-5
35.0	25.427053950846524	22.496189102525307	25.890882969691415	26.185626957168502	2.470197682509938E-4
36.0	24.117433060263043	24.442678932123375	25.7033090275104	25.73640621328705	1.727668161346436E-4
37.0	25.18476683380435	25.2044315418957	21.663254334007902	27.94747327006084	7.402023120959421E-5
38.0	26.86913467202512	25.044944285859472	21.507567512632257	26.578279526817084	7.400266606938293E-5
39.0	23.787720759405698	27.390061452187425	21.520769616077352	27.301201544776344	2.4662755318091586E-4
40.0	26.5445215317789	25.953095775019513	23.08032604366894	24.42203199035333	2.4659179317853124E-5
41.0	24.239692602659744	24.637648284105836	21.90999988164887	29.20753068253098	0.005128549054571707
42.0	24.725729200745835	25.889255221555384	20.73827222524783	28.64671869834194	2.465410901405999E-5
43.0	25.915534830702846	25.908533783503955	22.115913676101975	26.056172064046763	0.0038456456444611858
44.0	29.019534573720758	25.096573537371842	22.379524635372043	23.50419471275905	1.7254077631517973E-4
45.0	26.26080133237483	24.242055323227323	21.762483682326785	27.73079049130336	0.003869170767700163
46.0	25.443784357617893	24.537635298906963	22.381650111925623	27.636930231549524	0.0
47.0	25.24273064709118	24.736990465226757	23.126358907236533	26.892170525979648	0.0017494544658890876
48.0	22.812773785822607	23.957831225888064	22.751394037051003	30.47800095123832	0.0
49.0	22.736535310975185	25.60330160844307	24.754822521552466	26.903616558678568	0.0017240003507109285
50.0	27.25231415126772	24.607650760909287	20.717601143457184	27.422360064895727	7.387947007733703E-5
51.0	24.668802261333752	27.282583002570593	21.052465700806632	26.9936867816375	0.0024622536515221654
52.0	23.356327827597816	26.178162685022944	21.333246499831656	29.132262987547584	0.0
53.0	22.77953743497196	25.253639717367456	23.97593800008	27.9890198045484	0.001865043032186962
54.0	23.159668558993328	27.869471177559856	22.708116260545257	26.262744002901556	0.0
55.0	24.1445631364198	27.6221193823272	22.982447290200327	25.24937640593341	0.001493785119255478
56.0	26.318761246520296	25.225114047581794	25.03182509676078	23.42429960913713	0.0
57.0	22.973271076592585	27.26423148499759	23.147789736353914	26.609517191973218	0.0051905100826882536
58.0	25.20856845584185	25.54077972948161	21.914364404186305	27.336165003978213	1.224065120264398E-4
59.0	27.67354608104459	22.44112442453618	24.42896682963774	25.453498655996558	0.00286400878491857
60.0	24.201964110260008	23.147513577193248	23.69971794633648	28.950755483426292	4.8882783972312785E-5
61.0	25.46460988020001	23.715681530468107	23.038085741797047	27.775219828829222	0.006403018705612662
62.0	25.191637545514528	22.149458713130176	24.856919430121454	27.80161775127685	3.665599569902984E-4
63.0	26.593494725066396	23.981282801099336	22.410593217129136	27.0120390129803	0.0025902437248291233
64.0	25.382957687506526	21.768637436791852	23.892045704090705	28.95618837175029	1.7079986062731373E-4
65.0	24.25207554829901	26.00639816369969	23.718122632772143	26.018450836318852	0.004952818910301766
66.0	24.607245411540255	23.835715697253146	23.51674973834252	28.03967922866546	6.099241986205954E-4
67.0	26.74738104781507	25.10344437253099	21.131292688109454	27.01717441278653	7.074787579502926E-4
68.0	23.820918577442278	22.44801922712875	26.656271162624584	27.074547083241445	2.4394956293996304E-4
69.0	22.947584884580387	25.271125704068165	24.53567481991223	27.24263853890457	0.0029760525346453986
70.0	26.278485861421807	23.028852222215182	24.662087908071342	26.030135398761857	4.3860952981545747E-4
71.0	24.59163241776313	22.53497228932093	26.33998556550618	26.532485997592953	9.237298168073612E-4
72.0	27.977042174819843	25.680822161194282	21.877259634443252	24.463344794908135	0.0015312346344857858
73.0	25.686787884207778	22.64342922742165	22.746612050567848	28.91862651657608	0.004544321226645956
74.0	24.978315072640257	25.10497448589107	24.051779476072717	25.86412916976249	8.017956334695738E-4
75.0	25.46822066429414	25.027308013006778	22.384844733052027	27.11712416496761	0.002502424679446687
76.0	26.523353219803024	24.185128075683416	25.176771093914557	24.11377584028372	9.717703152835904E-4
77.0	24.137317019430878	24.726508439595005	23.981941892714882	27.15340670168194	8.259465772895299E-4
78.0	27.20854262445848	26.132625512731877	20.447744951385513	26.210625373784758	4.6153763936614844E-4
79.0	26.887147416137978	21.28340744389726	22.77025822345489	29.056320627901815	0.00286628860805738
80.0	24.02467282637209	23.28244775423358	27.960083360051296	24.73051288777483	0.0022831715681988205
81.0	25.328445222858925	24.787082292071723	21.828324631223982	28.055734951973438	4.129018719270689E-4
82.0	22.835499938309805	22.839191635003893	23.885860510211913	30.43823354256186	0.0012143739125281613
83.0	25.81447084652898	21.837076686937767	24.03225728108182	28.31517515397618	0.0010200314752569508
84.0	23.681624225840128	25.403347522773405	25.308030815102345	25.60583177973171	0.0011656565524104684
85.0	25.151811773070694	26.841671618392297	21.6893596137824	26.31654991764392	6.070771106917691E-4
86.0	25.279183749782984	25.17489428399029	22.739012880173952	26.805452190139484	0.0014568959132855552
87.0	22.444238121298262	22.11743391198235	25.77805381052251	29.659618605405523	6.555507913469238E-4
88.0	24.218889031051667	27.357317192489568	25.533047707536145	22.889920607617213	8.254613054087866E-4
89.0	26.42762081082249	26.207768346974575	22.97300446745256	24.390513909989643	0.0010924647607283681
90.0	24.115146936587713	25.45313216136224	25.16332761071709	25.268271912311913	1.2137902104420915E-4
91.0	26.463623601881075	25.6102057674704	23.950511135552812	23.975198280007564	4.6121508814184447E-4
92.0	25.4350117263714	24.068990192180443	22.896741423194573	27.599256658253584	0.0
93.0	26.27002156135471	26.005158899392722	21.27578751858978	26.448789294616265	2.4272604651941773E-4
94.0	28.00238348936046	23.691180361212716	23.07729835607195	25.225181492277933	0.003956301076939134
95.0	23.713782058516646	26.54510345590864	23.830864861834282	25.90794388860047	0.0023057351399617637
96.0	26.246724829361064	24.414498023976336	23.848557274592054	25.489540325735682	6.79546334866843E-4
97.0	25.213976696445883	25.23817185552117	23.092519910043517	26.455161662248685	1.6987574074923452E-4
98.0	28.102439708588072	23.046993109760923	24.20086670345473	24.64967621166434	2.4266531938881345E-5
99.0	22.032363561986244	22.290013288893064	26.281897771362615	29.395652588495363	7.278926271027908E-5
100.0	22.52356424881906	24.723500682968965	24.43393640018342	28.318998668028563	0.0
101.0	23.40709986938709	22.051966665566905	28.533850674315836	26.006937233995064	1.4555673510420892E-4
102.0	25.048635406575986	24.15382640986881	24.699605555268477	26.097884108115554	4.8520171169459855E-5
103.0	25.452334064143113	25.460967967249378	25.216720668981974	23.869807531867835	1.697677577074562E-4
104.0	26.20100457179109	26.85958790827705	22.847460487909927	24.09158326761323	3.637644087082289E-4
105.0	26.988653174385295	23.584872257268437	21.046945223458838	28.37657065307544	0.0029586918119901716
106.0	25.632622535301437	23.526321966966954	25.14482392689156	25.696183069859842	4.850098020480994E-5
107.0	26.118264532692116	24.02186029807778	22.879691975140542	26.97940721510113	7.759789884289408E-4
108.0	24.09928899210449	24.335911837929956	24.865276973089333	26.69944947189543	7.272498078848425E-5
109.0	25.92641515973452	24.47818972790512	25.428436184597846	24.166207572353706	7.513554088015711E-4
110.0	24.673306005333927	23.934262549937415	23.349129934822358	28.043253041683887	4.8468222415825846E-5
111.0	24.75691300048054	23.98887318861564	24.870468706872884	26.383018114873497	7.269891574413762E-4
112.0	25.765130936486052	23.6999522633705	23.96548423600796	26.569287173385735	1.453907497558647E-4
113.0	27.729541477981336	21.847817105849472	23.281878139219547	27.139987899261964	7.753776876831981E-4
114.0	25.871336929546246	22.553304705139457	27.29101071158395	24.283984187777172	3.634659531749236E-4
115.0	26.919043121008578	23.150795339385354	26.367362902643443	23.562192821032767	6.058159298571777E-4
116.0	27.12170182986257	24.411511409198212	24.624075363760124	23.84261446879124	9.69283878531283E-5
117.0	26.115894773113553	26.060791251673827	24.216277202214414	23.606382509551036	6.542634471735577E-4
118.0	26.203512812236784	24.618957477350687	24.98984694327567	24.187295060913495	3.8770622336337085E-4
119.0	26.945744158314884	21.35632698073526	25.087338429660242	26.610178486140345	4.119451492610552E-4
120.0	25.61012400574291	23.78235083871984	25.04288405735644	25.56454417136661	9.69268141973551E-5
121.0	27.44097977951956	23.590350503512887	24.08964705392015	24.87827147677889	7.511862685088661E-4
122.0	26.40676685516527	23.956648471062834	24.868633749804026	24.767490521154176	4.6040281369121657E-4
123.0	24.42212243713091	28.275915712371773	22.684025104746482	24.61720980239499	7.26943355846769E-4
124.0	25.103812915036606	24.916190016949788	22.9363480292084	27.043576344927605	7.269387760047202E-5
125.0	26.533429966650846	23.78381469470971	24.28980690540524	25.391979192336407	9.692408977981513E-4
126.0	24.065463134643288	23.669118509393346	25.166102733147177	27.09921869926658	9.692354961177271E-5
127.0	25.861505813640743	23.15931260779575	27.666029079592093	23.312183276157263	9.692228141481331E-4
128.0	26.089151003173527	23.687257887356605	24.697979356682765	25.51705822673532	0.008553526051786876
129.0	24.88251113948263	26.20020368370436	22.257496813050295	26.656904904231588	0.0028834595311300957
130.0	26.106205733778836	24.548223753700437	23.83700798448803	25.508562528032698	0.0
131.0	26.14316668548662	24.59742669063343	24.52478006099603	24.73394807534895	6.784875349723977E-4
132.0	26.793501280881955	24.813029036232045	22.557479759351214	25.830513583745834	0.005476339788952527
133.0	26.484969479534655	25.672398890887425	24.693238489007374	23.147769647117947	0.0016234934525962933
134.0	26.89752514893086	22.702599883932674	21.263171158116897	29.13663111549426	7.269352530885661E-5
135.0	25.945057525240667	23.93922806823697	25.907572406009155	24.20765738358714	4.846169260699918E-4
136.0	27.771466870726506	25.737200907025965	24.89947645856666	21.586064483362062	0.005791280318806347
137.0	28.29510927339029	21.68248865781682	24.547796855277788	25.474387129557137	2.1808395796213626E-4
138.0	24.68041172666471	24.356843667973717	27.0122872995539	23.94914888322498	0.001308422582695336
139.0	25.606588455132396	23.99841244380434	25.070037105976162	25.323871640557115	0.0010903545299869302
140.0	26.900237069257955	21.53186866014193	25.692405060837437	25.87512575525846	3.6345450421897986E-4
141.0	25.675652099745673	25.449748193350292	25.087376325910306	23.786738764654796	4.8461633893679047E-4
142.0	28.940103577928543	22.772508741947124	23.484464643424754	24.8028261126098	9.692408977981513E-5
143.0	26.732170657685106	25.678444865791526	24.047662028483334	23.541552832280303	1.6961575972716092E-4
144.0	27.708885343103223	25.536853353493427	23.232423827195046	23.521255935051542	5.815411567580535E-4
145.0	27.77927605395248	22.430696649959476	23.08364621459111	26.70538761535414	9.93466142795008E-4
146.0	27.7655534402242	21.50230687424537	24.885843587117364	25.842007282264433	0.00428881614862856
147.0	26.424382485719107	24.53912975214141	26.290489999011434	22.742654085392683	0.0033436777353706834
148.0	24.172472495707716	25.092012112888867	23.844257596117828	26.89057936496014	6.784303254478731E-4
149.0	27.86753647215095	24.607195497610522	24.18912478225988	23.334010975870676	0.002132272107966629
150.0	25.905152966501916	23.72627261277127	25.07318907618206	25.29538534454475	0.0
151.0	26.50291674995911	23.989968560888293	25.746342704490523	23.76033583513548	4.361495265960347E-4
152.0	27.52256053842409	24.24543985508142	23.422373647536823	24.80960172832273	2.4230634937134828E-5
153.0	25.313753493486495	23.424641734387926	24.768583022006965	26.492294823848805	7.269262698069236E-4
154.0	22.761409939790568	24.814389783393363	25.131671790736355	27.289741909720743	0.0027865763589769435
155.0	27.727247723118403	23.53896815940146	23.903022037339817	24.830616681533673	1.4539860664515252E-4
156.0	25.695329637574606	23.634640419606583	25.724361279641112	24.945426328936744	2.423342409558438E-4
157.0	25.07832333773741	23.18802156993702	26.20875302073145	25.52451433229839	3.877392957297302E-4
158.0	25.43223824576607	21.338043460348757	25.772023648540575	27.457621943240014	7.27021045805234E-5
159.0	26.885325677731377	21.882178792977637	24.279603315607215	26.952407518303918	4.8469537985940445E-4
160.0	26.83121065417553	20.85626789768486	26.37403810546765	25.938434872299958	4.847037200041103E-5
161.0	24.600706650409684	20.84710802386781	28.77880930932787	25.76981343973562	0.003562576659015609
162.0	25.580421410810107	23.974368295792193	24.44320842239963	26.00192916381897	7.270717910686502E-5
163.0	25.188838977780424	24.312276145285434	26.728368042477925	23.770468361382278	4.8473073934525475E-5
164.0	25.414046346433178	23.979556594190832	24.889921707291478	25.715069607387626	0.0014057446968887234
165.0	26.319487651689244	21.945267654389333	26.683103126748907	25.051535622173414	6.059449990995657E-4
166.0	25.043247678247454	23.596592541063178	25.552427432734927	25.807635393652646	9.695430180177451E-5
167.0	26.65938840283639	23.221960060365635	26.350845928494937	23.76741777896928	3.8782933376253114E-4
168.0	26.07827333734909	23.795593897826038	24.417785846999635	25.70822571789747	1.2119992776484305E-4
169.0	26.764211442360953	22.326869537498624	25.59590428297681	25.312699607421063	3.151297425511207E-4
170.0	30.973314247551958	23.168158904886628	23.045523467147934	22.812833693110818	1.696873026627574E-4
171.0	25.83159647226913	23.67643429816996	26.654187447185123	23.83700607331711	7.757090586819054E-4
172.0	27.219442663297272	24.328240948743186	24.009015755034348	24.4432036997456	9.69331795973105E-5
173.0	28.378561082539044	20.42745347556422	23.578389730920776	27.61431154302229	0.0012841679536614052
174.0	24.58720313359022	25.31814319369463	24.244618139728836	25.84962362656467	4.119064216453433E-4
175.0	25.169677035724618	24.18922121330045	23.675234882448525	26.96450993685906	0.0013569316673443248
176.0	24.45173464395375	24.760334960381147	27.725660497972104	23.06084018283872	0.0014297148542769193
177.0	22.692640277175933	26.369132962434094	24.113128146366574	26.800887405033414	0.0242112089899927
178.0	25.193630590228256	23.426811284242362	23.591390318409903	27.787973928121783	1.9387899769405167E-4
179.0	28.277169171110035	24.21228793019874	23.03873000484731	24.47072224915172	0.0010906446921958312
180.0	26.638623248926148	22.422952264486547	25.377616863364132	25.560637574778806	1.7004844437253823E-4
181.0	27.805328823138176	22.588587763380115	25.764578999140355	23.840726235450184	7.781788911680345E-4
182.0	25.78750627128071	22.923740983400045	25.717102557661125	25.57150427322575	1.4591443237218685E-4
183.0	24.090912959997276	24.505252508302235	26.1182024127855	25.28521867920605	4.1343970893844493E-4
184.0	25.919143890797436	22.48682698446478	26.25716109810598	25.333098227586415	0.0037697990453895965
185.0	24.866193113833617	24.057636671744618	24.701135437277596	26.37447542447572	5.59352668452704E-4
186.0	27.256202230434084	22.967332463288603	25.39075401552558	24.38568696971009	2.4321041641028238E-5
187.0	24.634579976424515	22.73000711161336	27.75151243558145	24.88324289569309	6.575806875858508E-4
188.0	27.261193131914034	27.370239365860954	22.62186897012323	22.746406248249343	2.9228385243757426E-4
189.0	25.302337907689417	23.089289459332203	25.00073683028521	26.606685839680832	9.499630123375837E-4
190.0	28.642813347341868	21.611661738264708	25.246734745928066	24.4986683692572	1.2179920815898792E-4
191.0	26.72481702373904	23.549674813230155	24.6182693511073	25.106897267621186	3.4154430232135463E-4
192.0	27.23039343652761	23.1034354882861	24.210684770150138	25.455388715640602	9.758939554592241E-5
193.0	27.490397289427232	24.26275924634521	22.16333904461387	26.083162816391685	3.416032220015899E-4
194.0	27.66642565837844	23.453286810518435	24.14005062394142	24.7402369071617	0.0
195.0	26.414952052131667	21.314244811006596	24.466725938999932	27.803369444225474	7.077536363283597E-4
196.0	28.237454013558892	22.508319318010347	26.140450288666333	23.11367855578547	9.782397895610565E-5
197.0	24.805923002242796	24.195042460038007	24.11889642304419	26.87940429485174	7.338198232619416E-4
198.0	27.47019011647148	23.348505384359306	23.98368855496931	25.197591448126992	2.4496072912071102E-5
199.0	25.795822024865828	23.19360039109157	25.70379181637936	25.30614769155106	6.380761121727988E-4
200.0	27.217311974717983	23.549913004720498	23.862379333779867	25.37039568678165	0.0
201.0	25.46531238502037	21.397509284893243	28.478548957301147	24.658359373906965	2.6999887827738753E-4
202.0	25.3889296921947	24.950585996567284	28.056794928694583	21.60368938254343	0.0
203.0	25.794056949324357	24.381226898531818	22.793898805869578	27.03003154028778	7.858059864664565E-4
204.0	25.472232625820435	23.30850796028759	24.96019549213795	26.2590148031264	4.9118627625544147E-5
205.0	27.314478354958688	24.222031357722017	25.3693878939456	23.093144523205385	9.578701683125249E-4
206.0	25.6289239042299	21.441198946411987	26.19167922897362	26.738173356642687	2.4563741804614597E-5
207.0	25.958001838184263	23.16254663944195	26.910580271187456	23.968453593709192	4.1765747713755255E-4
208.0	28.231771594821126	22.138435869776217	21.891237735311243	27.738554800091407	0.0
209.0	27.21708179106062	20.80873131362681	25.250353838996435	26.722923728803146	9.09327512981879E-4
210.0	24.556865941592584	24.38032516735977	24.924450282706132	26.138137379301124	2.212290403919982E-4
211.0	25.092308172712478	25.274600985522056	25.19058499666714	24.44171904040316	7.868046951586678E-4
212.0	28.532027386511636	22.49462243927876	24.595099501783913	24.37810308928411	1.4758314157773758E-4
213.0	29.797928091066733	23.19057437465945	22.658544544762318	24.35251000047744	4.42989034052567E-4
214.0	27.89145383805701	24.371463767951756	24.276203765774667	23.460829372786275	4.925543028805068E-5
215.0	25.89511885302352	24.723275287092168	23.369606268658337	26.011604640473863	3.949507521096541E-4
216.0	26.088805158663597	24.404657910549833	25.947790787310304	23.55869629746306	4.9846013203710434E-5
217.0	28.917833788930448	23.352993830602262	25.124899914305548	22.60356922916183	7.032369999105885E-4
218.0	24.32247112944098	24.703293097196706	25.22626496701231	25.74784420330221	1.266030477911313E-4
219.0	26.466587872971083	22.695826972516933	24.826831321489767	26.01001338675781	7.404462644102971E-4
220.0	27.402262244673842	21.398158962664034	25.42143826295079	25.77796092131921	1.7960839212514702E-4
221.0	25.868128945292373	22.833909404660304	24.134053110462375	27.163650308134677	2.582314502665594E-4
222.0	25.409187621898432	24.69923027983187	24.483411383097444	25.408014267983603	1.5644718864402007E-4
223.0	31.066842959496118	22.485159868776176	23.715258102238774	22.732080474041197	6.585954477355776E-4
224.0	29.72477195054415	22.643031197899735	25.034879860897817	22.59718494499902	1.3204565927624716E-4
225.0	30.380273263066094	19.8417274173164	24.174425426015837	25.602617852631067	9.560409706046614E-4
226.0	25.620731444698887	22.3474047210587	25.949517641685798	26.0822657391642	8.04533924111533E-5
227.0	27.247528324135246	24.030652951413618	25.422607418304565	23.2978571858021	0.0013541203444665498
228.0	27.52595009628296	28.04835665278485	22.51250861371603	21.913021214935707	1.6342228044897547E-4
229.0	27.359816604867977	25.527320017314064	22.006263035983224	25.106600341834735	0.0
230.0	25.477512382611078	23.066467159834588	27.588579044267973	23.86741378586316	2.7627423201288986E-5
231.0	24.851956172269485	24.927908303438816	24.404201604879702	25.814761129151293	0.001172790260702898
232.0	25.129709937353738	25.140707892351344	24.46812122103112	25.26132066922556	1.402800382347272E-4
233.0	23.132713699732033	25.22124809642853	22.436923062964517	29.20871819430138	3.9694657354300055E-4
234.0	27.36261034238312	21.588355148975698	26.286298492053334	24.761844506211094	8.915103767494094E-4
235.0	25.372690081625294	22.0554010537576	27.736756895134196	24.835006350446193	1.456190367184226E-4
236.0	28.11371365914399	23.758283102986148	24.165996289547458	23.961859450606408	1.4749771599786775E-4
237.0	27.630356239429577	24.273102287846992	22.44028466241281	25.65613756000154	1.1925030908189486E-4
238.0	26.871505175058275	22.52506008381541	24.536297870798663	26.06713687032765	0.0
239.0	27.655050741598565	23.768139972350856	23.98213176204113	24.593698576579843	9.78947429605267E-4
240.0	25.466737010500516	22.18405628010965	26.043134132958674	26.305946512212785	1.2606421837348163E-4
241.0	28.894046043225412	22.132776840400275	23.276219584940606	25.695000716446774	0.0019568149869303698
242.0	26.9380669214338	24.484523450012887	20.596009632031723	27.980735936553813	6.640599677772806E-4
243.0	27.74502282525995	23.114792036520416	25.07202637585595	24.066034745117932	0.002124017245751966
244.0	26.242972459156388	22.923285432530523	26.15033091711314	24.682553399143988	8.577920559559996E-4
245.0	28.82909350642985	21.089500925779447	23.4410475679072	26.639052964388128	0.0013050354953739675
246.0	24.486870996598753	26.778255621305547	23.12047237942158	25.61239182744055	0.002009175233566621
247.0	25.399330069371967	23.366676386927786	24.817265485910735	26.281411791188326	0.1353162666011828
248.0	25.714654335627262	22.61103185803084	24.737963278362717	26.927194449495584	0.009156078483599735
249.0	25.2632776269203	21.3124825485692	28.61539825892156	24.79367548901761	0.015166076571335665
250.0	27.638098071833987	22.40473002520095	24.379330709548864	25.576907347691375	9.338457248220702E-4
