# Position (bp)	A	C	G	T	N
0.0	23.21317819184182	25.13623472660288	25.32684848966754	26.32365024251902	8.834936874376032E-5
1.0	22.27560642208546	30.887095281616222	22.832167185036404	23.929777278748368	0.07535383251354827
2.0	24.133993482957862	27.096485301465982	22.8645426458065	25.90436275855274	6.15811216913343E-4
3.0	25.735119307887256	22.24471706810958	24.939455075908022	27.074556278544883	0.006152269550264701
4.0	25.885671988557192	23.97599046783641	23.332156739817417	26.806049095559587	1.3170822939358897E-4
5.0	28.502136272432615	23.780193702731903	22.395080610082925	25.32237017497089	2.1923978167225582E-4
6.0	24.93518408682334	24.374328915097827	24.32206472442896	26.364482761790413	0.00393951185946273
7.0	25.528451946266102	26.625564969962184	22.94117672754022	24.904238492347595	5.678638839006658E-4
8.0	26.99537718154498	24.38724123024146	23.770734700423233	24.84655973057963	8.715721069035483E-5
9.0	25.88373771236261	25.41204554935129	22.871980641656194	25.832018606698604	2.1748993130363031E-4
10.0	24.30233796261085	24.95798447153005	23.90506468022782	26.834612885631277	0.0
11.0	27.863553745672114	23.183193490813384	22.480300271272196	26.47282629956375	1.2619267855317568E-4
12.0	28.46735917071565	24.775176062454403	20.216825234543148	26.540598173946563	4.1358340240176154E-5
13.0	25.169871013058593	22.65935324604763	25.443899939875163	26.726753430256416	1.2237076219852945E-4
14.0	26.711148412252538	22.089082600294656	23.263745912009547	27.935902084234886	1.209912083754954E-4
15.0	25.02682234896174	23.975243111090254	24.416251042870424	26.58168349707758	0.0
16.0	25.911592609874717	25.454346667395555	21.656159641700363	26.97782298607762	7.809495174708169E-5
17.0	28.04044787579889	26.82494871432446	19.374257456001285	25.759429114983057	9.168388923058116E-4
18.0	25.638943588511655	25.943206950996927	19.73172534756311	28.68589676795012	2.2734497819572208E-4
19.0	25.497662781482322	24.584002250124232	21.487329101028617	28.43074194528669	2.6392207813752454E-4
20.0	22.763867249644104	26.191971761345727	23.843132363463624	27.20091659110566	1.1203444088091934E-4
21.0	23.53322077384831	24.62991721586593	24.020127500813114	27.81651249865406	2.2201081858718976E-4
22.0	21.79363023222304	27.0891406160285	26.477149630223444	24.64000637810613	7.314341888431417E-5
23.0	24.752523874488404	24.11525238744884	23.664720327421556	27.467467030468395	3.638017280582083E-5
24.0	27.24809993768637	22.15787102409017	24.529061056210633	26.06493202492689	3.595708593707582E-5
25.0	24.28797752381643	26.715420989453982	19.438422430116496	29.558072419861592	1.066367515033116E-4
26.0	26.20738505954121	25.70904255244019	19.79429291367054	28.289244163463966	3.531088408566703E-5
27.0	25.414585864514137	25.027893568487286	20.554683533347195	29.002837033651378	0.0
28.0	27.844028967934808	23.913832727373794	22.806116688177795	25.434249771136642	0.001771845376960104
29.0	27.919205934989478	23.203682254709165	22.589150470136694	26.287687118038573	2.7422212609213247E-4
30.0	23.509230290199724	25.210616771295204	25.692832639208984	25.58721832216344	1.0197713264777506E-4
31.0	25.761241234783544	24.615199432236793	22.971553345633968	26.651769306637103	2.366807085949923E-4
32.0	23.820722429578396	22.618290923221984	24.78249358266951	28.778191820694314	3.0124383579801E-4
33.0	23.755673261206894	24.701401641897828	25.677985544916137	25.8648402316283	9.93203508392073E-5
34.0	25.36199163228178	26.872873336024703	23.33412414212538	24.430945352927917	6.553664022481689E-5
35.0	24.7014789484905	22.86991694482407	25.728182707130877	26.700194596780307	2.2680277425153465E-4
36.0	23.520317942566155	25.138580348117074	25.820468491400977	25.520439003121353	1.942147944414431E-4
37.0	25.241627208357663	26.07111716489017	21.66742428776876	27.01983133898341	0.0
38.0	26.62976066839618	26.17132503552116	20.866357312636993	26.33249229660598	6.468683968886924E-5
39.0	23.208744902406877	27.517108382622464	21.82348650148288	27.450498539110324	1.6167437745664217E-4
40.0	25.89983877501339	26.43931368007105	23.263048894782834	24.39773399202701	6.46581057179426E-5
41.0	23.671590651970135	24.12654749975757	21.89100429905938	30.305879690984906	0.004977858228011766
42.0	24.24666689936641	26.31704822960742	21.218629165810203	28.217623385807126	3.231940883922904E-5
43.0	26.29755705683483	25.58775988464867	22.49024574202484	25.620914990438017	0.0035223260536440563
44.0	29.03569329606538	24.784406650203888	23.034264569089547	23.14553855608109	9.692856009716119E-5
45.0	25.423675157075248	24.32913927608095	21.671506791788477	28.571996188199574	0.003682586855749196
46.0	24.681657037136567	24.787599094583	22.25845856890368	28.272285299376748	0.0
47.0	24.84090503197078	24.37656248940309	23.80428888707317	26.97649964265195	0.0017439489010053866
48.0	23.25269125306835	24.58444301885257	22.75129473624057	29.411570991838502	0.0
49.0	22.1215068735051	26.2992317647845	24.471408523772613	27.106303260665694	0.0015495772720918873
50.0	27.021649392688502	25.04009146794167	20.20064456234449	27.73758229726048	3.2279764848369034E-5
51.0	24.638151238210686	27.26248465771578	21.595965483531675	26.501107161841208	0.0022914587006525496
52.0	22.369368104984495	26.155446225317004	21.308913433112554	30.166272236585947	0.0
53.0	22.535517159398314	25.110936907645748	24.188936509262412	28.16309942234416	0.001510001349362908
54.0	22.506159208100442	28.997863351515136	22.387520764940074	26.108424550222804	3.212522154355907E-5
55.0	23.358728781547136	29.322627494943394	22.498408445826122	24.81882554675933	0.0014097309240177459
56.0	26.24031865740517	26.21478685429285	24.441271567085693	23.10362292121629	0.0
57.0	22.888036294961907	28.005115990641826	22.695882351433834	26.40609665160783	0.004868711354603623
58.0	25.59927084137309	25.24010385258237	21.941404059499703	27.21886896505784	3.5228148699937195E-4
59.0	27.26627910923701	22.907026565210902	24.977728363529465	24.846468208399752	0.00249775362286354
60.0	23.82329047223062	23.25026797510532	24.151763714029496	28.774677838634567	0.0
61.0	24.641942863607067	24.619861381981192	22.519052867413006	28.21297541094404	0.006167476054694329
62.0	24.850711548637616	22.606527790914367	25.16373159776988	27.378901247223208	1.2781545493354874E-4
63.0	26.208441476902195	23.720992947276635	23.375178490807304	26.69308655458184	0.0023005304320236394
64.0	24.75317352872939	22.520995387898395	23.432707678422553	29.29309153581199	3.1869137672125215E-5
65.0	23.79425679056093	26.8226439769721	23.32104141797632	26.057309727587274	0.0047480869033742
66.0	24.36750718631393	24.414794581833164	23.42988480548279	27.787207994756326	6.054316137907125E-4
67.0	26.80191497327481	26.12584337685304	20.464787273871448	26.607040155492008	4.142205086946478E-4
68.0	23.145302173477376	23.673083411738503	26.25368355619731	26.927771552447883	1.5930613892578595E-4
69.0	22.501922737493924	24.96105142359038	25.42305003832731	27.11142701849205	0.0025487820963350422
70.0	24.37772116794357	22.939099903636066	24.970788689482337	27.712008599606275	3.8163933174953016E-4
71.0	24.704735610031335	22.98445342923212	26.140015817593664	26.17016117145289	6.339716899941833E-4
72.0	26.671997814292865	25.665133565533022	22.331835097017695	25.329924188038007	0.0011093351184120154
73.0	25.224983393252842	23.03770999295164	23.404040890628725	28.329842958485667	0.0034227646811251008
74.0	24.794715720250572	26.427229606569096	23.04526775053048	25.732026375765933	7.605468839126587E-4
75.0	25.17825919149451	24.037533454295872	22.641499867862265	28.140552722322532	0.0021547640248203467
76.0	26.816670231390162	24.466582697624307	25.3329530961604	23.38300181404818	7.9216077695129E-4
77.0	24.081899579513887	25.45285983468885	24.400044485155615	26.06456240896623	6.336916754142521E-4
78.0	26.994159509948858	26.129365238787138	20.705319807543273	26.170775244737253	3.8019898347465116E-4
79.0	27.277465197923295	21.12450175820228	23.053154134729713	28.54221760648141	0.0026613026632986403
80.0	23.97090672232381	23.553858299846535	27.973671838269865	24.49940883291071	0.0021543066490773864
81.0	25.607178780462693	25.050744093583926	22.420256452903114	26.92147218856179	3.484844884802116E-4
82.0	22.8995921925771	22.070893802486633	24.329278279384038	30.69906359204432	0.0011721335079073077
83.0	24.92606305737811	22.664840734630364	24.511617033246917	27.89665554127924	8.236334653681136E-4
84.0	23.038663060221904	26.353549211087568	25.33116710131738	25.27567034037063	9.502870025128757E-4
85.0	24.300730864766894	27.258398736554827	21.393204230995583	27.047127695764633	5.38471918055977E-4
86.0	25.654341477629057	25.443301385396012	22.499857469545994	26.401201056625766	0.0012986108031749451
87.0	21.637702692130937	21.900362745157036	26.490658354113133	29.9705477410697	7.284675291933363E-4
88.0	24.966769059452744	26.734968640823652	25.556200591046757	22.74145995707294	6.017516039055579E-4
89.0	26.412913286676964	26.68689118222523	22.484682763936895	24.41453099456098	9.817725999301992E-4
90.0	22.53384860892375	25.793727829727235	25.001623035770443	26.67076885658793	3.166899064276333E-5
91.0	26.531001307884992	24.838889469467375	24.432305076050504	24.19742413158653	3.8001501059291846E-4
92.0	25.28942410943444	24.08631787679759	23.132965516105752	27.49129249766222	0.0
93.0	26.122221244099862	26.044861617148698	21.38165623699722	26.45100757510027	2.533266539538908E-4
94.0	27.49518140311335	23.135471364377754	23.25687435740167	26.10908473732591	0.0033881377813143885
95.0	23.431398345455705	26.415049532789293	24.716208005101624	25.435254325945923	0.0020897907074606476
96.0	25.71765365944475	24.463263706216036	24.030632469886157	25.78721534169129	0.0012348227617729269
97.0	25.695683408365078	25.28076351592447	22.950183334119586	26.07308479088259	2.849507082766466E-4
98.0	27.39883243782663	23.331234266895507	24.7106976720625	24.559235623215358	0.0
99.0	21.620463278910616	22.407018188033756	26.646165825741797	29.326321053931032	3.165338279701952E-5
100.0	22.543575446579485	25.175764113355033	24.757893084269288	27.522767355796198	0.0
101.0	23.23476769156999	22.635999221392094	28.70505794457008	25.424016888828397	1.5825363943807298E-4
102.0	25.057716359980407	24.69411832858866	24.465152234120918	25.783013077310006	0.0
103.0	25.703876157933138	26.189317814562934	25.093592176463233	23.01308723610678	1.266149339149179E-4
104.0	25.14540712888223	27.605466263488637	22.864093911401913	24.384652857196667	3.7983903054950366E-4
105.0	27.413455210445996	23.300894040542204	21.527342737277817	27.755712277411824	0.0025957343221603853
106.0	26.449512658594482	22.664580404605267	24.599226546724537	26.286648735280128	3.165479559074021E-5
107.0	25.497210417606418	24.802545048788016	22.76064987377634	26.938993217951456	6.014418777648521E-4
108.0	23.5498260826352	24.526732376167956	24.575826166832158	27.347488762396498	1.2661196818621075E-4
109.0	25.183239196111913	24.587333967420978	26.03697859875071	24.191846856755802	6.013809605953038E-4
110.0	24.295467615675484	24.9615208955068	22.768204026767467	27.974744161035247	6.330101500012503E-5
111.0	24.49375944992383	24.184493531559777	24.67395092195807	26.647099765558014	6.963310003079682E-4
112.0	25.18830260841603	24.82980128132495	23.071413514996795	26.910450945105335	3.1650156889827705E-5
113.0	28.7004831498866	21.879891710621514	23.166666772162515	26.252357040993367	6.013263360046992E-4
114.0	26.721038459249957	22.483956850288834	27.612827430272908	23.181955713437507	2.2154675079535285E-4
115.0	26.85547653924601	23.774072578245768	25.910140013749427	23.459772792589995	5.380761687963933E-4
116.0	26.327277331138827	24.805627650819776	24.707001329366335	24.159967082357408	1.2660631765525098E-4
117.0	25.666639129731568	26.68749978239491	23.680308211102577	23.964793237181954	7.596395889970004E-4
118.0	25.967092673397442	24.848152412881106	25.299153198468833	23.885316852660836	2.8486259178114447E-4
119.0	26.86555873308782	21.563177060995432	24.314262336852536	27.256463781143818	5.380879204009704E-4
120.0	24.94160246630668	23.689584665345734	25.225613886268828	26.143104026739422	9.495533933873101E-5
121.0	27.325376942080617	23.555623784344977	25.111820479504193	24.006577395977914	6.013980923019461E-4
122.0	26.555803568602478	23.910370926512314	24.34166463037123	25.191939308689303	2.2156582467432987E-4
123.0	24.213968360277942	27.76339557438905	23.825126614911834	24.19693971892613	5.697314950419117E-4
124.0	25.044581052055854	24.71309552974064	23.241746728982022	27.000418432025686	1.5825719579643568E-4
125.0	26.59567296051351	23.32853817217319	24.628865604134916	25.44610033123011	8.22931948275562E-4
126.0	23.94019729978832	24.778347918122616	24.66943676379731	26.611891414218142	1.2660407361267257E-4
127.0	25.922235666816164	23.003010948991744	27.72712756479016	23.346834547197645	7.912722042849606E-4
128.0	25.60048692234943	23.001352140065507	25.2076319950776	26.183977140223764	0.006551802283698736
129.0	24.566593183296433	26.711178703854632	22.241976043260763	26.477308514628362	0.0029435549598109795
130.0	26.102135571149994	24.244118087389683	24.07978251491032	25.573963826550006	0.0
131.0	25.209955829591802	25.455797148468594	24.80541123108989	24.528171098214667	6.646926350473435E-4
132.0	26.823056792443033	26.005961959432337	21.68202207786124	25.484306335072503	0.004652835190880189
133.0	26.854030847259885	25.357119909551674	25.103905110286124	22.68320328115737	0.0017408517449506596
134.0	26.15435793602387	23.33315502926666	21.399653161663444	29.112802221436556	3.1651609468515666E-5
135.0	26.405810936304174	23.970017300632836	26.580747997576772	23.042980646460016	4.4311902620162806E-4
136.0	27.59269663365898	26.289681629061533	24.232875910190813	21.88034620881095	0.00439961827772353
137.0	28.464086474167743	21.03310042493254	24.58452359285607	25.91800463706646	2.848709771865826E-4
138.0	25.393388515549432	23.95349602718429	27.608157312361055	23.043787063154856	0.001171081750368416
139.0	25.806494494656707	23.39837365436547	25.545343594950552	25.248458921669286	0.0013293343579758162
140.0	25.975590032053077	21.616282849498663	26.003284752046795	26.40465245975008	1.8990665138551147E-4
141.0	25.27393084832628	25.079936721641694	25.554397801589808	24.09129150268376	4.431257584572133E-4
142.0	28.16800656088682	22.933698896189668	24.303103602062336	24.59490607024466	2.8487061651382307E-4
143.0	27.27946627131208	24.986310509920052	23.891815995528205	23.84234391923929	6.330400036969537E-5
144.0	27.664000389955234	25.168160281729996	23.271464867470613	23.896057938738412	3.1652210574560424E-4
145.0	27.391820417620195	22.55566844869007	23.48795472457768	26.563923363497956	6.330456141017242E-4
146.0	27.250608118480628	21.733877540684986	24.899417124173283	26.112552166832575	0.003545049828524041
147.0	26.198491606602293	24.66404886009569	26.93344407207978	22.200755336160043	0.0032601250621955894
148.0	24.399587507216726	24.031534554183676	23.62312491770402	27.945278236384446	4.7478451113654554E-4
149.0	27.74072245223535	25.433047188564338	23.859820716374823	22.96451045188083	0.0018991909446575757
150.0	25.2986149205693	24.323295145020733	24.79041165572339	25.587678278686575	0.0
151.0	26.63218231440841	24.86149597640351	25.365371430090843	23.14053877131373	4.115077835114529E-4
152.0	27.420761969037294	23.83345372909245	23.46441593073308	25.28111512852379	2.5324261338779735E-4
153.0	24.550275135668493	23.216714725321758	25.948318242525215	26.283900503547496	7.913929370396269E-4
154.0	22.642995480137994	24.38316451120089	24.937241725562895	28.033812543804164	0.0027857392940556754
155.0	27.13601362732557	23.873972568041644	24.186888131815245	24.802935700806746	1.899720107904102E-4
156.0	26.07108944265322	23.536120505220683	26.779571181105805	23.613092220727395	1.266502928946336E-4
157.0	24.42767427825628	22.726607802918956	26.91550457942901	25.929928371815564	2.849675801882939E-4
158.0	24.49078008615132	21.687664098507867	25.87614196096213	27.945382190411898	3.16639667857654E-5
159.0	25.826123549876463	21.746573010991128	24.65934347088575	27.767611656781483	3.483114651785112E-4
160.0	25.397567775960532	21.943119332872072	25.76963693965988	26.889675951507513	0.0
161.0	24.547241968851047	20.563547622915443	29.00767371465359	25.878750051853704	0.002786641726223217
162.0	25.042719344357817	23.012489628921216	25.98634501016524	25.958446016555726	0.0
163.0	24.887964589494846	24.3709755211614	26.916556855971752	23.82447136482264	3.166854936192623E-5
164.0	25.30148488371467	23.481950493741966	24.786160213654522	26.429074293590016	0.0013301152988278201
165.0	26.95884387491041	22.10439038572446	26.8927475516332	24.043479789315196	5.383984167286089E-4
166.0	24.505593732511173	22.95724958691925	25.856938663882918	26.68012300098848	9.50156981769338E-5
167.0	26.07848322978809	23.63283062553152	27.018704657714743	23.269633080844475	3.484061211788163E-4
168.0	25.96748082332755	24.748510575083202	23.926392999124825	25.357615602464424	0.0
169.0	25.487109198429746	22.65816814441575	25.93358570844371	25.920946891310294	1.9005740050257513E-4
170.0	30.959135654018326	22.91490596423562	23.980988848497443	22.14487450283254	9.503041606850299E-5
171.0	25.74327742445586	23.056718014053825	27.102886631443933	24.09651606674094	6.018633054396088E-4
172.0	27.09476228260646	25.076520309597228	24.259828540024486	23.568793840998033	9.502677379351632E-5
173.0	29.420877671157598	19.162999013336584	23.523829584381893	27.891121771369658	0.0011719597542685467
174.0	23.479674353827747	25.86336049796511	24.765541534203585	25.89113854849075	2.850655128059347E-4
175.0	25.80334435532738	24.027714734871893	23.07843375131176	27.088733334368065	0.001773824120903852
176.0	24.338126217002927	24.08138156183745	28.856895502549552	22.722361303242838	0.001235415367236721
177.0	21.705996608269725	26.223213615329126	25.089331509795183	26.956842402394297	0.024615864211669822
178.0	25.412112890768302	23.051900531531697	24.1468026046257	27.38908893224159	9.504083270975987E-5
179.0	27.832351554539418	24.278145451964654	23.155964686379974	24.73277789324803	7.604138679211806E-4
180.0	27.110492499636056	22.398234774709373	25.25035647150739	25.240820898416267	9.535573091121301E-5
181.0	27.902817761493502	22.44845523299018	26.214332243823513	23.433885347398263	5.094142945471657E-4
182.0	25.335156743913316	22.761085464094283	25.816953516400194	26.086740609021682	6.366657053014516E-5
183.0	23.0696794896283	25.238249863111385	26.49418700895188	25.197660796373405	2.2284193503202556E-4
184.0	25.935084289310474	22.55669881220378	26.32607105892436	25.179407881562305	0.0027379579990875593
185.0	24.960803358447837	24.925275681719132	24.59479825150348	25.51877252513599	3.5018319356248684E-4
186.0	26.436030292475337	23.271723605678215	25.14978448481715	25.142461617029298	0.0
187.0	23.547409494794984	23.76376906153958	27.71132564764226	24.97695314145919	5.426545639802499E-4
188.0	26.736441545050127	28.66093846519743	22.474895888368707	22.12705370069163	6.704006921089049E-4
189.0	24.686884708377914	24.371542514047047	24.973716162652334	25.967250003432145	6.066114905625619E-4
190.0	28.922907837833005	21.89694436142467	24.581771922967867	24.598280085727495	9.57920469610931E-5
191.0	25.81879449517978	24.663099640087168	24.80119047352422	24.716723420634086	1.9197057475030225E-4
192.0	26.57716192290672	23.46115656887745	24.57016891815138	25.391480591323923	3.1998740529572756E-5
193.0	27.78185837974818	24.887191358469202	21.207928593626132	26.12289364927114	1.2801888534596622E-4
194.0	27.963741724928	23.288282030714353	24.09781629644235	24.6501599479153	0.0
195.0	26.281621548593893	21.789503204974288	24.79214568402558	27.136089271868002	6.402905382346293E-4
196.0	27.9768378288498	22.658038579222485	26.595151852883813	22.769875438648302	9.630039560202513E-5
197.0	24.75536994947346	24.646559864329333	23.958381828041535	26.639078328171088	6.100299845790842E-4
198.0	27.236772897408223	23.57730534327816	24.561739882933324	24.624053196331975	1.2868004831935814E-4
199.0	25.219308996055016	22.95346005093129	25.31354736171278	26.51329657542552	3.8701587539120857E-4
200.0	27.101139440324047	23.86260786880212	24.613246356635855	24.422974079232485	3.2255005493027435E-5
201.0	24.454263278813965	21.249037883983483	29.317166988501057	24.979306037733657	2.2581096783225987E-4
202.0	24.69207416416904	25.516823084194463	28.398475937295338	21.392594552217858	3.2262123299382826E-5
203.0	25.478583043730396	25.06580809304814	22.96075588384214	26.494401189111983	4.5179026734043655E-4
204.0	26.146068873544642	23.80287208710117	23.595860280263132	26.455037384124708	1.613749663533195E-4
205.0	27.275952192891424	24.586084137902986	25.665607822770127	22.47183938970308	5.164567323847098E-4
206.0	24.789430356249294	21.43403657729496	25.892979935755676	27.883520847121112	3.2283578957563236E-5
207.0	25.394123290205773	24.025512950376452	27.03890973565171	23.541324863889706	1.2915987635525036E-4
208.0	27.94562314084821	22.427741370790365	21.758559769004933	27.868075719356494	0.0
209.0	27.04279508260539	20.497166905894236	25.78617997989907	26.673341132055235	5.168995460652799E-4
210.0	24.477229191925197	24.778328115750206	24.967363177391793	25.77669175070379	3.877642290083835E-4
211.0	24.769119020442044	25.56864007716883	25.565892359956127	24.095831325075313	5.172173576852196E-4
212.0	28.264736450364826	22.42495229611055	24.303316192603706	25.00660689569062	3.8816523029357907E-4
213.0	29.0690247794125	23.06411143306367	22.717995349510236	25.148706580511	1.6185750259700363E-4
214.0	27.054880967078287	25.851412099301413	24.921947882734045	22.17175905088625	0.0
215.0	25.0358379219625	25.409013582515577	22.956215203594805	26.59864093634347	2.9235558365056625E-4
216.0	25.249563169989464	24.952111339574795	26.800334349920057	22.99799114051568	0.0
217.0	28.117243244229662	22.99249644564112	25.92271488318311	22.967014554207914	5.308727381918143E-4
218.0	24.539147597846778	24.402467089875483	25.81977286757785	25.238277114699965	3.353299999295807E-4
219.0	26.21451834755207	23.35153764832487	24.78654966601719	25.64702185398216	3.7248412371078166E-4
220.0	28.930950337846696	21.691285968648728	24.718035611502344	24.65931962295145	4.0845905078881956E-4
221.0	24.59515334660754	22.892027267878014	24.85825601400833	27.65439163347257	1.717380335514292E-4
222.0	25.591369699535317	25.211907185557862	24.771521790895964	24.425096884786825	1.0443922403049067E-4
223.0	29.69106940496185	22.92522677645226	24.764464433944475	22.618710665498785	5.287191426290383E-4
224.0	29.368452025610488	23.398177672026232	24.877386836573308	22.355842002665167	1.414631248072565E-4
225.0	30.84416069906557	19.797185822446632	24.232958247323214	25.124983177737793	7.12053426792719E-4
226.0	24.58147734435867	22.861102827505487	26.103863658189468	26.453339552656413	2.1661728995884993E-4
227.0	26.431407987072475	23.6972390204418	26.247605675371222	23.6227245697521	0.0010227473624076057
228.0	26.814917448736743	27.626563482026135	23.784395135266383	21.773977003117505	1.4693085323848456E-4
229.0	28.15704187348408	25.00185320263066	21.72713296209978	25.11397196178548	0.0
230.0	25.486026595051936	23.184033687664574	27.920313643773603	23.409626073509884	0.0
231.0	25.686101928191363	24.274794358571736	24.600474871539454	25.437450217380146	0.0011786243173008742
232.0	24.440436677516185	25.160496536578226	25.380188776272934	25.018725073858423	1.529357742392688E-4
233.0	22.455466920247193	25.24261995870282	22.571854807079138	29.729283943466307	7.743705045372305E-4
234.0	26.50222058492458	21.69423309135963	27.23664303605361	24.565525753589853	0.001377534072321326
235.0	25.351569809824127	22.26286269695191	27.288440659963715	25.09684753251759	2.793007426606747E-4
236.0	28.36301353222711	23.59640598300981	24.253298024829327	23.78699902010803	2.834398257249986E-4
237.0	27.530725270123945	24.690825435976617	22.659498254785028	25.11870569492923	2.4534418517924844E-4
238.0	27.09935001252848	22.705421429839685	24.565776176639943	25.62941089596052	4.1485031370980724E-5
239.0	27.14014629881214	23.06802350667531	24.74675239497558	25.04406552614386	0.001012273393110889
240.0	25.59087594815484	21.86242096442447	26.76015627550632	25.786242096442447	3.0471547192808716E-4
241.0	28.62000122054349	21.178260376799212	23.446204545652684	26.7530491791845	0.0024846778201093257
242.0	26.239840088552363	24.307562202224556	21.80475235086165	27.646840669961172	0.0010046884002608695
243.0	27.64704620204082	22.49196146407104	25.772752570733203	24.08605032125681	0.002189441898123517
244.0	26.201065390094453	22.52898926622552	26.694701400244536	24.574146779472677	0.0010971639628157967
245.0	28.62476369055655	21.4777634957483	23.493391251042752	26.402454496002914	0.0016270666494871881
246.0	24.512872709327482	27.008499557177036	23.56778716298088	24.90872559516728	0.0021149753473186077
247.0	25.292337748133807	23.528728586922345	24.43378329205866	26.604457311623207	0.14069306126198053
248.0	25.430904677610293	23.790997135777925	23.386680593469293	27.383280849865148	0.008136743277347529
249.0	25.518752307991715	21.211668496805274	28.869967358957048	24.386667133621692	0.01294470262427247
250.0	25.71871157075334	21.64188616349492	25.990239387699	26.648008196462854	0.0011546815898899633
