# Position (bp)	A	C	G	T	N
0.0	22.933966358281694	24.39369612655592	26.369138806974927	26.30319870818746	0.0
1.0	23.991167136624206	30.106918517140365	24.30531939066663	21.523851933637626	0.07274302193118236
2.0	23.805988428436894	26.021107529122883	22.22771606919813	27.943818737534247	0.001369235707841613
3.0	25.61174675356257	20.978734010991683	24.42609795243422	28.97749379893974	0.005927484071786392
4.0	25.978036593531222	21.630144494497003	25.14055456614453	27.251112518048526	1.5182777871404908E-4
5.0	29.210574182986722	23.092675680591764	21.706633117079974	25.989207542593828	9.094767477111501E-4
6.0	27.883524765335327	24.35966561700007	24.314658329746344	23.43716725946399	0.0049840284542715385
7.0	26.336931657968666	25.310511943231013	21.480022738958862	26.871930504433944	6.031554075144116E-4
8.0	28.655416144880068	24.658631153068107	24.276021096233507	22.409931605818322	0.0
9.0	27.556067463923956	24.537257830848276	22.08384699138854	25.822827713839224	0.0
10.0	25.397505460363305	22.687547375580117	23.528548187518915	28.386398976537663	0.0
11.0	25.574185660640993	23.895438535207987	22.34200797601374	28.18807673274532	2.910953919599453E-4
12.0	28.966029950351686	26.36432006592881	19.304203249760114	25.36544673395939	0.0
13.0	26.450952370795385	23.81175834879736	24.79079126051376	24.946498019893493	0.0
14.0	25.76416630512562	24.237805736952126	23.25671480327472	26.74131315464754	0.0
15.0	25.6467473681738	25.113128111454852	22.877233028019848	26.362891492351505	0.0
16.0	27.639084053530617	25.51413294880409	19.84609744163574	27.000685556029552	0.0
17.0	26.759962149646345	27.64978907414652	19.028657369717603	26.559609020648534	0.0019823858410073694
18.0	25.3980102113101	27.17370771305484	20.596175743678273	26.832106331956783	0.0
19.0	24.296238984027738	25.28494822509374	22.14120571556279	28.2773456849017	2.613904140293463E-4
20.0	22.47052731219677	26.787118669457787	23.21811144931111	27.524242569034342	0.0
21.0	23.6239118322113	22.54264493142562	23.286151707075202	30.54729152928788	0.0
22.0	23.184233751377807	27.318972602999164	24.45755857483577	25.039235070787264	0.0
23.0	23.801602466724084	24.636482105955643	22.897547085956194	28.66424279555367	1.255458104107608E-4
24.0	27.169369463236258	21.871193571834354	23.73028099657406	27.22915596835532	0.0
25.0	25.752551738314374	25.3096223353881	18.76405566717159	30.173770259125938	0.0
26.0	26.694967947701965	27.095347357178913	19.436689091489864	26.772995603629262	0.0
27.0	24.555009829161264	23.47824499260531	21.523733011983666	30.44289044289044	1.2172335932127053E-4
28.0	27.91577762723981	23.23867553955184	23.26934664507614	25.574026645221043	0.0021735429111709235
29.0	27.79007309399337	23.68783720735486	23.208957902166503	25.313131796485266	0.0
30.0	25.67858319175203	22.78570396119606	24.748767235598397	26.78694561145351	0.0
31.0	27.99594811506975	22.989837191764792	22.311371045334305	26.702725448154073	1.1819967707848221E-4
32.0	23.972910966430575	23.325337014043367	24.46013216601801	28.24161985350805	0.0
33.0	25.86379358967718	24.386161806262983	24.975050503306456	24.77499410075338	0.0
34.0	26.455270655270656	25.752934472934474	22.343931623931624	25.44786324786325	0.0
35.0	26.257515301424522	22.513067145720115	25.577188690486935	25.652228862368425	0.0
36.0	26.00166168574298	24.067387331731773	26.05351890703015	23.877432075495093	0.0
37.0	24.991577531219473	26.430101396383353	20.70687893165913	27.871442140738047	0.0
38.0	26.40490189452817	25.090446261629612	21.706201707553333	26.798337500844767	1.1263544412155618E-4
39.0	22.4938715623603	26.80072471519796	22.568752793970766	28.135975308336135	6.756201348312582E-4
40.0	27.1907663347699	25.302399834276784	21.78168218070135	25.725151650251966	0.0
41.0	23.11164440922476	24.61086997631676	21.02495294869832	31.247467334239843	0.0050653315203198586
42.0	23.87377045490355	27.23906633353591	19.858869606320482	29.02829360524006	0.0
43.0	25.900782290878976	24.921230780310395	23.98916585646898	25.18522019372727	0.0036008786143819096
44.0	30.03691232507147	24.97516490167776	22.35170099329143	22.635996773406024	2.2500655331586533E-4
45.0	25.44548152047494	23.747016437992528	23.61428870307006	27.189838904523768	0.003374433938706782
46.0	25.7595472687788	24.747717281408395	22.181872981991294	27.31086246782151	0.0
47.0	26.306332239616246	22.2882150672085	24.259492062492548	27.144386397727704	0.0015742329549926798
48.0	21.306175307090367	24.946968104420282	23.357641258196477	30.389215330292874	0.0
49.0	20.641961043063052	26.12198743549422	23.57322944217326	29.661248424940624	0.001573654328842049
50.0	25.879848537809913	24.48548824527074	21.19032017686324	28.444343040056108	0.0
51.0	23.437110190614682	29.107790231699887	20.717799918638704	26.735052109437685	0.0022475496090387454
52.0	21.912961884205835	26.952341507818122	21.188111921862564	29.946584686113475	0.0
53.0	23.48566045588495	23.108739771453376	24.53844277719725	28.865366929880892	0.0017900655835278165
54.0	23.645579759432948	29.826891064652393	21.930040452495167	24.597488723419488	0.0
55.0	24.637951090356925	27.5444914474484	22.12432511406562	25.691782479565216	0.0014498685638382703
56.0	27.220235446823743	24.653336500279337	25.043517629518615	23.082910423378305	0.0
57.0	23.56576614746513	28.21048289087848	22.841374081548462	25.377582535204983	0.00479434490294239
58.0	26.145809761301475	23.642780464911997	22.77584990296219	27.43544839717615	1.1147364818693686E-4
59.0	28.259042523546785	21.915621690910104	25.38683609206933	24.436158947779077	0.002340745694699883
60.0	22.979851124361822	22.932527155606778	25.28981755218164	28.797804167849765	0.0
61.0	25.543873400724387	24.246081628608426	23.49965094567557	26.70460428819083	0.0057897368007918575
62.0	26.988779956669568	20.75863880990499	24.48024635554556	27.772334877879885	0.0
63.0	28.595124677299594	23.008553021945296	22.97292934600497	25.42083250304193	0.0025604517082109235
64.0	24.06348676895708	22.30909495219035	23.783633533466755	29.84356237491661	2.2237046920169E-4
65.0	22.864588370926985	27.071208366546713	24.124306410209375	25.935227524133204	0.004669328183731393
66.0	24.334236396522186	24.079214612948302	22.0890664134977	29.4968155627766	6.670142552063242E-4
67.0	27.165324570803524	24.786680124679297	21.75040129481496	26.296815875711992	7.781339902266371E-4
68.0	23.361415154846476	21.26489357326821	27.69440427374274	27.679064685266102	2.2231287647296174E-4
69.0	22.40825463728681	24.766912980846183	26.827793487346383	25.994260079318497	0.002778815202119903
70.0	27.076104107514247	22.307341247589026	24.21691175245872	26.399087687895097	5.552045429056519E-4
71.0	23.99402107913095	22.554027461374133	27.359324723214524	26.09196191928235	6.648169980410059E-4
72.0	26.16854421762679	24.669014482381964	22.953129725496105	26.208314546745648	9.970277494978856E-4
73.0	23.98568455285273	22.65615567550324	24.058679598272487	29.296711013833615	0.0027691595379269627
74.0	25.098644175536243	26.11991455083262	24.064638374826828	24.715695470507523	0.0011074282967863539
75.0	26.591040716866676	24.214736650938328	21.1446656353366	28.04778520576585	0.0017717910925417562
76.0	26.581905639317544	22.357511117410485	25.39542104423932	25.663944156051237	0.0012180429814148787
77.0	25.500180474637226	23.719792642392274	24.134773587370763	26.64492113369074	3.321619090009234E-4
78.0	26.108565272797122	28.766066183431004	20.385798761537924	24.73934835150357	2.2143073037819263E-4
79.0	27.9182023198373	19.822353205580274	22.79084597560152	29.466273568977908	0.002324930003000267
80.0	22.806003724097927	23.16889293329171	31.433534151217863	22.58935510225771	0.002214089134800389
81.0	24.332067300826814	25.12733202191406	22.333167653183107	28.207211625211574	2.2139886444522426E-4
82.0	21.968268867825323	23.182787748103557	23.977560402168248	30.869943978490223	0.0014390034126519394
83.0	24.15360281233985	23.54305233179146	24.601221765084173	27.701680342067657	4.427487168588749E-4
84.0	23.06742164983597	26.829535543680855	22.943792417997404	27.158254271129863	9.961173559060905E-4
85.0	25.396126224734743	27.999818496330636	19.299816393544226	27.303906866483025	3.32018907370045E-4
86.0	28.12210199216943	23.23242271794679	22.924888063582983	25.719148597115215	0.0014386291855809517
87.0	21.57412110207067	22.6988094724344	24.60881005890118	31.117484787826278	7.745787674681343E-4
88.0	25.02409365266413	28.312891072347345	25.62734781718699	21.035003568405504	6.63889396026622E-4
89.0	25.05200173486639	28.30786354744771	22.92723297662356	23.71234853111695	5.532099453871141E-4
90.0	21.456150637798846	25.424332606843752	26.418590757724946	26.70081536470146	1.1063293099824094E-4
91.0	28.405256811619857	23.99714592298417	24.27514187417724	23.321459782957398	9.956082613361064E-4
92.0	27.049144060634756	24.11253534151295	22.58726422399108	26.25105637386122	0.0
93.0	24.814390386351167	27.189927968426453	20.39194821513902	27.603622816487622	1.1061359573827939E-4
94.0	28.767285413113353	23.073911110226238	21.430925819003942	26.724338171368657	0.003539486287808903
95.0	23.544824611368877	27.145614316446103	22.553379749705517	26.753748057535653	0.002433264943841351
96.0	24.86045413373178	25.174660439313723	24.35513607311794	25.609085771353808	6.635824827496204E-4
97.0	24.66223352196132	24.479429891545358	25.126928534065286	25.731408052428034	0.0
98.0	27.366431713579875	22.150207786405748	25.81229113540508	24.671069364609295	0.0
99.0	21.077749495226488	22.4666783138685	28.545854222737255	27.909717968167758	0.0
100.0	21.17865593418987	25.022887596470667	24.60118086729617	29.197275602043298	0.0
101.0	24.64836382210449	20.944602790977417	29.72306923490248	24.68385359198484	1.1056003077991257E-4
102.0	23.96399822666612	24.9532620388254	25.721190787066163	25.36154894744232	0.0
103.0	27.648257192473203	24.784200932725074	24.995440280945015	22.571991055212948	1.1053864375716429E-4
104.0	25.795398273910582	27.44765138653084	22.70974816072439	24.046870578664404	3.316001697792869E-4
105.0	27.661872133753207	23.3095430474483	20.321406504397537	28.70463606610288	0.002542248298075297
106.0	27.549378281293173	22.896601271069354	24.166233766233766	25.3877866814037	0.0
107.0	25.99814319503084	25.334777514976015	22.55697517628595	26.109662017285974	4.4209642122947014E-4
108.0	23.685987364614956	24.471472032303442	24.880458914002247	26.962081689079355	0.0
109.0	25.15837034074071	25.299696463752998	25.969752452765142	23.57207024538149	1.1049735966559079E-4
110.0	25.997874206970923	23.926883326667213	22.795594614363026	27.27964785199884	0.0
111.0	25.742553473572567	23.073625596605975	24.57596782747039	26.607411171999296	4.4193035177656E-4
112.0	24.814897467227297	23.22128121223102	24.570414086131507	27.393407234410176	0.0
113.0	28.657611727600624	21.165689918969527	22.589992432736974	27.58626403672056	4.418839723159691E-4
114.0	25.129787556082917	22.27484800576269	28.203810931653138	24.391111582496716	4.4192400453855953E-4
115.0	26.722025441761698	23.548986549938903	26.932714340323887	22.796052704264376	2.2096371112972115E-4
116.0	25.215823443497015	24.632928901449283	26.571749280220253	23.579498374833452	0.0
117.0	26.06949597081576	26.383920384114827	24.09147253592238	23.454890150318292	2.2095882874144062E-4
118.0	27.491827312409338	21.812872797738272	26.63926049744296	24.055597476216622	4.419161928036157E-4
119.0	27.760279201416775	20.943420615078335	24.51132570957617	26.784753516808763	2.2095711995651562E-4
120.0	24.77918341779326	23.61022268917311	24.99571900309668	26.614874889936953	0.0
121.0	27.20719506482717	23.925733779949976	23.53597532413586	25.330985355334214	1.1047575278177946E-4
122.0	30.085828517516468	22.0366845379412	24.35921372284095	23.517720843547725	5.523781536649738E-4
123.0	25.79691892996614	27.26376898050718	22.07842422434697	24.860335504112328	5.523610673825266E-4
124.0	23.73665122681122	25.386392232717984	21.94164375359714	28.935312786873656	0.0
125.0	27.341991131574822	23.057905469745943	25.39122481038052	24.208105307577927	7.732807207860066E-4
126.0	22.729758302650286	25.055373095911172	26.361460104305788	25.85340849713275	0.0
127.0	26.8898177953838	22.17783895206386	25.79055858849418	25.141342795218097	4.4186884007220136E-4
128.0	27.392714482661106	21.59739651454629	25.288871115981475	25.71273286436424	0.008285022446887483
129.0	22.134034124927368	28.39089677905402	23.73500710291606	25.73718989640568	0.0028720966968678683
130.0	27.36560826455045	24.40183195178423	23.27387369872214	24.958686084943178	0.0
131.0	26.988059876257502	21.80273886046879	25.52826956025129	25.680710773727526	2.2092929489310887E-4
132.0	25.24898924066014	26.288690541943748	21.885756578220622	26.571592691602415	0.004970947573072929
133.0	28.020665794729492	25.52338323406211	24.111198501210694	22.342874564767847	0.0018779052298556
134.0	26.56538419476458	22.584746652055713	21.873125532307398	28.9766331550046	1.1046586770386752E-4
135.0	26.848831441981925	22.35432654229001	27.494722516489716	23.30200903385874	1.1046537959770717E-4
136.0	26.816656393397714	27.28878490425976	25.111625142776344	20.777520761945162	0.005412797621020213
137.0	29.635447389409176	21.64438611956159	23.910550838751583	24.809615652277653	0.0
138.0	24.877042345147355	23.898682671502872	26.233911682551113	24.98925880805352	0.0011044927451394036
139.0	25.73078036054703	24.195771602006623	24.82819786128151	25.244366590751955	8.835854128884187E-4
140.0	28.65290839909653	20.031367524671552	26.37401355209605	24.94160007510534	1.104490305336345E-4
141.0	26.62914299347017	23.943100386134503	25.445667252789978	23.98175801648803	3.3135111731596756E-4
142.0	28.682146569043805	21.941176665499583	23.61824585896228	25.75832045673186	1.104497624777858E-4
143.0	26.63152965292995	24.034247543648828	23.91275535449212	25.421467448929103	0.0
144.0	28.62777192412786	24.624206719990106	23.02152155137185	23.726499804510183	0.0
145.0	30.22923965240748	21.239126689256352	21.62767221689632	26.902636101379677	0.0013253400601704387
146.0	26.798368071815442	22.58568285636028	25.40974915841278	25.20255524434745	0.003644669064048984
147.0	26.732336468828933	22.316798812509735	27.06477189518013	23.88222729526782	0.003865528213385993
148.0	25.93198811614371	22.172338005146724	23.846570137945506	28.048661961719844	4.417790442110379E-4
149.0	27.850366132470374	24.3720524403309	24.497962249146795	23.277520681238332	0.0020984968135982596
150.0	24.658578205333527	25.587333845074856	23.925536086060934	25.828551863530684	0.0
151.0	27.466222223694864	23.72733467859064	24.22876884657992	24.577563803079954	1.1044805462318989E-4
152.0	28.27286543610225	23.57773055410743	22.682419835119685	25.4668737242982	1.1045037243865587E-4
153.0	25.835524840703826	23.245146561312318	23.872390762423663	27.046827385797705	1.104497624777858E-4
154.0	24.642412969667784	23.253263292296886	24.89810840602889	27.203454042196928	0.0027612898095151837
155.0	26.254481672362413	23.49721766292522	26.00397192700314	24.24432873770923	0.0
156.0	29.067988596587153	22.124542852819317	24.757025790225363	24.050221849619426	2.2091074874384627E-4
157.0	23.261485714790652	23.247678777743662	28.3984394847472	25.09239602271849	0.0
158.0	24.458362328926004	21.74790955584275	26.64612121814627	27.147606897084977	0.0
159.0	27.965629908474554	21.613525353410168	24.038518891620882	26.382325846494396	0.0
160.0	26.69565803295384	21.540725063982407	25.638470961321158	26.125145941742595	0.0
161.0	24.307794607718062	19.737642917341834	29.23682056617966	26.714759574122617	0.002982334637828595
162.0	26.896265294332718	20.733023387336395	25.005108696492616	27.36560262183827	0.0
163.0	24.02496840840204	22.595614290890133	30.963079805236692	22.416337495471133	0.0
164.0	26.59586806894137	23.786826556322772	24.533326852912488	25.08276344291504	0.001215078908328924
165.0	28.821915326544907	21.411717660886413	25.17679886353845	24.58956814903023	0.0
166.0	26.100620593817037	22.787104727692093	24.40166493236212	26.710609746128743	0.0
167.0	25.57140174320339	23.94430144825072	26.47448714691294	24.009809661632957	0.0
168.0	24.703854885303492	23.934755831487546	23.697132725374633	27.664256557834328	0.0
169.0	27.333408456679237	20.59550718201282	26.072109574028534	25.998974787279412	0.0
170.0	31.060760894902735	21.250017952408992	22.992561626477208	24.69665952621107	0.0
171.0	25.91099513458335	24.42518703792904	25.9320962831045	23.73161106716573	1.1047721738823021E-4
172.0	28.19236249958576	24.490262573596826	23.910435560661462	23.406939366155953	0.0
173.0	28.49554061607322	19.956212539297148	22.19540430495691	29.351296060233167	0.001546479439555851
174.0	25.711091693795062	24.502603110919146	24.001201860674744	25.784882404339953	2.2093027109248916E-4
175.0	23.867017086850513	24.37099466526145	23.614254987024953	28.146407585514343	0.0013256753487354714
176.0	24.23771376551005	23.272668617748213	29.29826247681295	23.189808416165913	0.00154672376286957
177.0	23.433665786092227	25.2381252271871	24.205190417317155	27.09926405190196	0.023754517501555092
178.0	25.69208079937694	21.90266293270585	25.131876204837578	27.27338006307963	0.0
179.0	27.406042407550412	24.360865208596405	24.265081990213982	23.967237057389283	7.733362499157616E-4
180.0	29.38926692326511	19.956672721858578	26.24720902146106	24.40674063520845	1.1069820679974804E-4
181.0	29.498239417113	20.977195521094863	25.289792607989437	24.2347724538027	0.0
182.0	26.78874081951414	21.851051809511148	25.209974189403255	26.15023318157145	0.0
183.0	22.541015387001362	24.11959544039614	27.44092787273875	25.898461299863744	0.0
184.0	25.845156158780906	21.238214562264666	27.069146773634294	25.84371603949472	0.003766465825415447
185.0	24.984466391473518	24.8915416317322	21.691452140426037	28.43253983636825	0.0
186.0	27.091864255468558	24.507583267522705	22.64302874364646	25.75752373336228	0.0
187.0	25.2285708899655	22.433047719059346	26.178671743925197	26.15970964704995	0.0
188.0	29.85492717526066	26.578978302286433	22.815424162243804	20.750337675241806	3.326849672970677E-4
189.0	25.109125267822684	23.477236735291378	24.876901374712215	26.536625722511303	1.108996624214276E-4
190.0	29.58861601795743	20.277967545315008	25.64833955869436	24.485076878033198	0.0
191.0	26.952000124334752	23.470404998257095	23.604286884681734	25.97330799272642	0.0
192.0	26.366924685913744	22.31633337330189	24.59054432735137	26.72619761343299	0.0
193.0	27.643676629312296	24.16596710505861	21.949578264287712	26.240666959816295	1.1104152508872217E-4
194.0	27.188867938356577	23.520044773434428	24.551321771304583	24.739765516904413	0.0
195.0	27.718308795436574	20.127591139701636	24.687352839258264	27.46630296676055	4.4425884297226935E-4
196.0	29.331066568034153	22.10174151745528	26.294885963583216	22.272305950927354	0.0
197.0	25.78452226680498	23.999701378450446	22.22524310356931	27.990087547369956	4.4570380530766375E-4
198.0	27.942169418161654	23.483584932658427	23.070972473125973	25.50327317605394	0.0
199.0	25.122580428541852	24.65844800474541	24.95649108277047	25.262480483942273	0.0
200.0	28.586635206574385	22.141644289780583	23.16603742751064	26.105683076134394	0.0
201.0	23.158923406198788	20.033223781421547	31.3525929773344	25.45525983504527	0.0
202.0	25.058243090595017	25.868552537450785	28.729936780637654	20.343267591316547	0.0
203.0	26.393878044629183	24.342252600084205	21.724028271716637	27.539169227185994	6.718563839793605E-4
204.0	25.536575614465175	22.99125016378645	22.954741183809276	28.5174330379391	0.0
205.0	27.117381681988423	23.94114115728545	25.115697184739172	23.824995967958714	7.840080282422092E-4
206.0	25.158702331890908	20.802187498949827	25.57989221571643	28.459217953442835	0.0
207.0	25.82326590340197	24.79848333075625	27.81882435724194	21.559426408599837	0.0
208.0	29.201843838573343	22.08638874599476	20.618445782605917	28.093321632825973	0.0
209.0	26.382784098361206	19.787592524709687	25.897950696086248	27.931112179799765	5.605010430924411E-4
210.0	26.136371281522266	23.352320509514147	24.812015742910646	25.69929246605295	0.0
211.0	26.695448034824782	24.88971441838867	25.216449123940464	23.197603272506615	7.851503394653574E-4
212.0	28.73426358398628	20.369863290411924	26.069537620386807	24.82622328260123	1.1222261375445244E-4
213.0	31.220306620991746	20.726118941989107	22.653226259336215	25.399898916156566	4.492615263660358E-4
214.0	27.78586077554802	24.466821980157054	25.270749192699665	22.47645561422288	1.1243737238358234E-4
215.0	25.539580502774793	22.781123751456118	23.497973263755107	28.181097163921166	2.2531809281753517E-4
216.0	25.344530356563745	24.17794618828978	27.347136167864317	23.13038728728216	0.0
217.0	29.304059166855172	21.582329861418106	26.726245359648086	22.38656183939933	8.037726793073316E-4
218.0	23.43822427827119	24.383841989134666	27.010480596295405	25.167221367251962	2.317690467802644E-4
219.0	27.0469096716747	23.561780654766114	22.18574948529862	27.20473572380912	8.244644514484662E-4
220.0	27.622242215153854	22.56442407369363	22.550728128401847	27.262487514256772	1.1806849389467819E-4
221.0	24.567716726085614	20.41872764334796	23.813300858662423	31.200254771904	0.0
222.0	26.09891068954351	21.949683944678583	24.179947490637517	27.771337496042538	1.2037909785496485E-4
223.0	29.537086350616722	22.34231370688808	25.604437332505135	22.51531338296863	8.492270214332767E-4
224.0	31.24820764575789	22.47016793447882	22.21875227841641	24.062872141346876	0.0
225.0	32.073768692215744	20.669382577513236	23.25567779864855	24.000073183226405	0.0010977483960676214
226.0	25.21423634251059	22.064671008787467	26.846371670015333	25.87472097868661	0.0
227.0	28.29421805794726	23.123005697470102	24.734615201441787	23.846281103599708	0.001879939541144357
228.0	27.694472605123394	27.30030716155487	23.14290830042317	21.862311932898564	0.0
229.0	28.525688414848656	24.647698825832702	22.76051677636778	24.066095982950866	0.0
230.0	26.837553090594202	20.04556513133479	28.45423900045359	24.662642777617418	0.0
231.0	24.3273937990209	24.618229194083277	25.304521766594725	25.748276043585825	0.001579196715270832
232.0	23.894258033557925	25.594626713356416	24.26069059053541	26.250424662550248	0.0
233.0	22.869225243221443	24.98711453773905	21.90835699006284	30.23436853223235	9.346967443177115E-4
234.0	25.583347895415127	20.196833839365674	28.52466088552019	25.69365566501387	0.0015017146851313864
235.0	25.928475359519947	21.24964651515674	27.66796565161913	25.153912473704175	0.0
236.0	29.52907925080151	22.820321727881208	24.16854153776928	23.481776252882614	2.812306653917543E-4
237.0	30.064617880828514	23.862946552672934	21.857182569624488	24.21525299687406	0.0
238.0	26.49691928040369	20.784329506926767	26.428937924254686	26.289813288414855	0.0
239.0	26.70627194950036	21.69361945536929	26.866115851259515	24.73225057600425	0.0017421678665847848
240.0	26.775656837742112	20.16143963782095	26.132854728216397	26.929451535259304	5.97260961231791E-4
241.0	27.3074995699359	21.75466152085624	24.34252548597243	26.59202249796187	0.0032909252735581636
242.0	27.17650609011844	22.891278662140678	21.598639200455203	28.33252512089407	0.0010509263916142078
243.0	27.204819458337408	22.90491196666692	25.225592466964	24.66136686697603	0.0033092410556478965
244.0	27.22065109467496	21.390269589415908	26.179086442483424	25.209088868230694	9.040051950165207E-4
245.0	26.170653048629223	21.088091679726027	24.953409854118387	27.786484017159697	0.0013614003666704989
246.0	24.4664174239461	25.442769686991166	24.062383451738786	26.025548894932975	0.0028805423909714707
247.0	28.185423293778474	21.35110970543692	24.964875040294867	25.364782590184475	0.13380937030526785
248.0	28.03306892404196	21.561182077008574	23.425343706703615	26.9688342138518	0.01157107839405612
249.0	24.582217158496317	20.97069792872568	31.10805997867941	23.322072312856807	0.016952621241787143
250.0	27.345976070200624	22.66046491655855	21.571938154258564	28.420394004361466	0.0012268546207945723
