# Position (bp)	A	C	G	T	N
0.0	24.390914857097695	23.499561272263154	24.806101929388813	27.303371279848854	5.066140148350094E-5
1.0	23.14808200826444	30.02500761482208	23.99571952656023	22.75733381493152	0.07385703542172638
2.0	25.242479648946958	26.1684813333806	22.403353813891417	26.184878772356	8.064314250197702E-4
3.0	25.751044427715396	22.199033237010717	24.031188784045053	28.01168227907861	0.007051272150228361
4.0	26.13997928034863	23.614413159914605	23.895512559715797	26.349860121381923	2.348786390460572E-4
5.0	28.517241731844145	23.446026811998745	22.511634236725858	25.524611185124268	4.8603430698295543E-4
6.0	26.5620721949208	23.24704096954312	24.140105514932554	26.04597818876074	0.004803131842789311
7.0	25.64285472050481	25.369863965704837	23.174427577261763	25.81216879552456	6.849410040266178E-4
8.0	28.110388877487345	24.163196605388972	23.590309313790627	24.136038516804923	6.668652813763033E-5
9.0	26.350159755680902	25.665504439026154	21.851704723505925	26.13229824011631	3.3284167071207985E-4
10.0	24.921196968003873	24.803100506042174	22.909532988522262	27.36615290881131	1.6628620383229835E-5
11.0	27.56422229089461	22.51893651809337	22.687243155710647	27.229387813713274	2.1022158810766775E-4
12.0	28.486062798068502	24.3027411895803	19.83985738165256	27.371290785037257	4.784566137934896E-5
13.0	25.418482015807193	23.489077008950915	24.584394799285793	26.50790430562275	1.4187033335272227E-4
14.0	26.66910104381723	22.181108297012738	23.341978493214175	27.807796560974126	1.560498173436888E-5
15.0	26.1025027411884	23.185865967664906	24.09737846628315	26.614206638032883	4.618683065660122E-5
16.0	27.026904553949223	24.52098290895572	21.39125959288302	27.0607771665552	7.577765683663747E-5
17.0	28.954062684713954	25.907411606820897	19.341241723885396	25.796005159908848	0.0012788246709071105
18.0	25.54911551229924	25.450655455914923	20.213663634946947	28.78637355320385	1.91843635041391E-4
19.0	24.894145710870426	24.52949901990571	22.158987599549075	28.41676647479263	6.011948821599378E-4
20.0	22.70788247090532	25.054940162040555	23.945267477795852	28.29183713528616	7.275397211223843E-5
21.0	24.160408707277163	24.02232958178407	23.4245501160194	28.39252379112867	1.8780379068949706E-4
22.0	22.667820469005186	27.159517229935158	25.549138277740973	24.623481070716736	4.2952601946926906E-5
23.0	25.881986132519465	24.013671312540666	22.564451736115267	27.539562921739808	3.2789708479532664E-4
24.0	28.27493608469338	21.54877482295838	24.30765778223531	25.868546518373453	8.479173947568462E-5
25.0	25.823340952379354	24.263894953261026	19.769596350254226	30.142901588793126	2.6615531227092257E-4
26.0	26.334541744544378	25.720969906797624	19.57325104429308	28.371139739445915	9.756491900021046E-5
27.0	25.583968342527267	24.51042779752167	19.85609177730076	30.04937301939154	1.3906325876390563E-4
28.0	27.739938361592635	23.907381985478672	22.603422757126708	25.74705581889759	0.0022010769043889337
29.0	27.469068246686103	23.75619280238756	21.98638570008314	26.788080161963553	2.7308887964331316E-4
30.0	23.350804262865203	24.533127587621124	24.68632439056719	27.429553823129872	1.8993581661751175E-4
31.0	26.346303139459053	24.92053805411054	21.974606740662832	26.75813352523192	4.1854053565087783E-4
32.0	24.28398138998892	22.62923905146402	24.34786578333418	28.738659415725547	2.543594873344371E-4
33.0	24.359402342885833	25.038674969962155	24.114224626133126	26.487578836929266	1.192240896247223E-4
34.0	26.70708937682919	26.604890778864558	21.889461670331674	24.79847927644655	7.889752802210077E-5
35.0	25.35838540575855	22.325394567796266	25.801261512460393	26.514750120086983	2.0839389780988435E-4
36.0	24.326491447024015	24.138954092776338	25.970748492915103	25.563623791114722	1.821761698215025E-4
37.0	25.607040241099018	25.549049725631235	21.23758888496909	27.606256107345672	6.504095498853718E-5
38.0	27.011813849931332	25.18350222647634	21.13297994090474	26.671625951974697	7.803071288859295E-5
39.0	23.543235111315685	27.250459643675377	21.30302155579307	27.903088649466763	1.9503974910086675E-4
40.0	27.136411083937674	26.09654274720307	22.31847839949931	24.44845076077035	1.1700858960056256E-4
41.0	24.631367178958936	24.40505919054303	21.340184233863805	29.618514590748994	0.004874805885229649
42.0	24.519175901693853	25.732560857072222	20.059040569301764	29.689183677236226	3.8994695941458047E-5
43.0	26.212589829832634	25.682679434493643	22.185832292171785	25.915233312248	0.003665131253938879
44.0	28.89113476223379	24.550710900350754	22.649163409291184	23.908731022503797	2.5990562047203795E-4
45.0	25.990222190114032	24.115011534260667	21.484922043366325	28.406167093847067	0.003677138411907588
46.0	25.471975121102215	24.42650222092183	22.378600260575688	27.722922397400275	0.0
47.0	25.88284935413434	24.65428077618201	22.53554885330135	26.925463288702833	0.0018577276794668866
48.0	22.908980307813227	23.94620612647254	22.254465842404585	30.890347723309652	0.0
49.0	22.374204252178203	26.1841711924939	24.0957933506116	27.34410407060836	0.0017271341079378305
50.0	27.40702690075732	24.216174215219823	19.91235689142245	28.464325128197004	1.1686440340137742E-4
51.0	25.055687802952747	26.652908898168924	21.39156863877938	26.89745875103784	0.0023759090611069527
52.0	23.115886829707264	25.717513330625696	21.59363084696289	29.57296899270415	0.0
53.0	22.884608491780043	25.177910052311	23.74065484563488	28.195170339081415	0.0016562711926692401
54.0	23.492171730241708	28.2395450546038	22.0946638372755	26.17354174214585	7.763573314010662E-5
55.0	24.41847283236875	27.525748384237886	22.51364501677996	25.54049398885881	0.001639777754594218
56.0	26.99582317680499	25.345220834050387	24.60895456257224	23.050001426572383	0.0
57.0	23.119392729154626	27.669625368891115	22.43894586567632	26.767066067155	0.004969969122937286
58.0	25.496343776287723	25.194634810688406	21.55267431424588	27.75612766468819	2.194340898086935E-4
59.0	28.260484604991635	22.15572193319528	23.9037067898701	25.67738914453016	0.0026975274128156557
60.0	23.891430568831066	22.792373104180005	23.31858591857757	29.997558853037283	5.15553740806388E-5
61.0	25.895185228335382	23.545034028895433	22.890695641146454	27.66313094706628	0.005954154556448994
62.0	25.64468785966788	22.102930205471484	24.437060771057055	27.81506342397313	2.577398304561621E-4
63.0	26.6928268442545	23.59453262511596	21.914163673056972	27.795912471178035	0.0025643863945255634
64.0	25.339255571201026	21.21798056456964	23.910130623525305	29.5325817847448	5.145595923041438E-5
65.0	24.236268316768133	26.202945655446992	23.54605196219458	26.009974751193976	0.0047593143963214875
66.0	25.018255064116207	23.74944932539547	22.86313493183854	28.368620454804166	5.4022384560917E-4
67.0	27.18034609058045	24.734179895023743	20.946298866056303	27.138519191434078	6.559569054319791E-4
68.0	24.561626215393463	22.02068717068993	26.235946103724977	27.181547588042278	1.9292214935338282E-4
69.0	23.68356612823281	24.62743942072511	24.962516947432672	26.723596665120787	0.0028808384886195304
70.0	26.308466082968906	23.209780378838545	24.085789291478033	26.395604700400327	3.595463141880057E-4
71.0	24.54910878721394	23.077059077879024	25.50022260301395	26.872802395784955	8.071361081306151E-4
72.0	27.618115375579006	25.72491812124282	21.586796606838742	25.068735112516517	0.0014347838229148812
73.0	25.79417181631232	22.347062505139824	22.629384606989444	29.22547416406911	0.003906907489298276
74.0	24.846581605572553	25.457475771728593	23.272422806647224	26.422610423331278	9.093927203496987E-4
75.0	26.01471021627043	25.04819877529707	21.561659531254183	27.373190120458197	0.0022413567201189687
76.0	27.102874478210847	23.69979678511412	25.015167153753122	24.181226643319643	9.349396022613243E-4
77.0	24.85439986721944	24.42146711247876	23.730234676319213	26.99321958533738	6.787586452079896E-4
78.0	27.648655020667512	26.34645526304028	19.90651884907384	26.097807388309835	5.634789085362317E-4
79.0	27.70585582949399	20.89851631181079	22.255886301326534	29.137013883348523	0.0027276740201599443
80.0	24.580113062588566	22.778861552496398	27.995809006027052	24.64280893918218	0.0024074397058006236
81.0	25.233567549681762	24.754229058056904	21.74845543213582	28.263299776779082	4.481833464288239E-4
82.0	22.918572729732432	22.65120636905598	23.827490307009057	30.60160376279738	0.0011268314051497987
83.0	25.641417326363435	22.32498375433351	23.494031518193545	28.538811937603835	7.55463505670778E-4
84.0	23.80816845104823	25.752390858752754	24.47943854430622	25.959054675325522	9.474705672749555E-4
85.0	25.26031160959884	26.482424509345154	21.355595856215835	26.901130303358133	5.377214820372219E-4
86.0	25.881346532300892	24.727529331276095	22.301512357517158	27.088101111288065	0.0015106676177898267
87.0	22.720294682951344	22.06812917444685	25.451263353045263	29.759583097463565	7.296920929796707E-4
88.0	25.01778716185511	26.702696710392747	25.733574813737242	22.54531405893689	6.272550780138902E-4
89.0	26.924842914180523	25.743756729117827	22.530894579212767	24.799660937585404	8.44839903478321E-4
90.0	24.389597024210293	25.542190728049587	24.68424474999936	25.383801095184822	1.6640255594325927E-4
91.0	27.002997933880597	24.942830365990616	23.41126271869161	24.64258899020238	3.1999123480009635E-4
92.0	25.872743394908838	23.88641639182784	22.51134766078967	27.72947975339764	1.2799076009104752E-5
93.0	26.718868287963016	25.87412864866871	20.704094751318106	26.70261394200526	2.943700449042306E-4
94.0	28.151227432817265	23.369607716282953	22.691435582734147	25.784184123305515	0.003545144860122278
95.0	24.66013011084621	26.31733936334938	22.994819805321328	26.025343114149724	0.0023676063333597395
96.0	26.579319062883798	23.995350481812274	23.778781627108692	25.64546105695788	0.0010877712373576988
97.0	25.368109621576245	25.259900800049138	23.457845139560714	25.913952488444586	1.9195036931251056E-4
98.0	28.61883495177932	22.812455493108523	23.946572663846464	24.62213689126569	0.0
99.0	22.841319045558343	21.9242431958579	26.20782463225989	29.026561943789808	5.1182534062616206E-5
100.0	22.770422178567877	24.358791453376185	24.47810659851778	28.39267976953816	0.0
101.0	23.945070264676666	21.30958833021404	28.299822054495234	26.445378611431398	1.4073918265847615E-4
102.0	25.164235353487147	24.056840664933265	24.774686995431235	26.004160215245143	7.677090321351486E-5
103.0	25.653339815513732	25.332152041247134	25.226974399652008	23.78732904315341	2.0470043370904393E-4
104.0	26.862749964562184	26.42236149441669	22.42560232779139	24.288915203566606	3.71009663138578E-4
105.0	27.63835406265649	23.19737793914184	20.238360562026635	28.92346377535106	0.002443660823971724
106.0	26.004685849402637	23.147464036368106	24.750294224926655	26.097466332851393	8.955645120535947E-5
107.0	26.102250462009664	24.017350709630207	22.25172857820005	27.628068949944318	6.013002157644285E-4
108.0	24.218000160413503	25.33324498224898	23.905731098613753	26.542934213705838	8.954501792627297E-5
109.0	26.65080908947183	24.479273525810687	24.9109738083921	23.95835518482912	5.883914962591092E-4
110.0	25.117851345122048	23.93721467670053	22.739208556718808	28.205661469133283	6.395232533213001E-5
111.0	24.868151760958852	23.387734548401955	24.410032450917203	27.33339054974957	6.906899724222843E-4
112.0	26.318930428536643	23.683295031545256	23.67426529121296	26.323394138700905	1.1511000423604816E-4
113.0	29.044974967722464	21.40569555455655	22.169728369893228	27.378974421610184	6.266862175713863E-4
114.0	27.031166746943452	22.24218554756994	26.5491223569093	24.17715444681793	3.709017593788905E-4
115.0	27.274787723827693	23.46032064781885	25.90262380191949	23.361717830175223	5.499962587463794E-4
116.0	27.642754352527728	24.237782436095543	24.11904777436142	24.0002491598848	1.662771305120709E-4
117.0	26.327145445215343	26.0922601430186	24.034967263916222	23.54492366867205	7.034791777837695E-4
118.0	27.121925339293302	24.46475185469937	24.69312388507956	23.719802419502855	3.9650142491100786E-4
119.0	27.932204681888567	20.911098553674982	24.58592650216198	26.57028422298562	4.860392888580098E-4
120.0	25.677829125449147	23.336602126860313	24.75838022178255	26.227137364407632	5.1161500357043315E-5
121.0	27.999992325741573	23.089183196699555	23.781260612060482	25.12893713439353	6.267311048565905E-4
122.0	27.121153808520493	23.50660644424892	24.406757895622746	24.964983025192907	4.988264149307188E-4
123.0	24.476398154966116	28.17004722070124	22.875468142877956	24.477408592788823	6.778886658677812E-4
124.0	24.98971978861711	24.624441335262283	22.59044955252462	27.79526142049946	1.2790309652117648E-4
125.0	27.00204145140147	23.343237674646033	24.267141201902113	25.38677388645867	8.057855917094638E-4
126.0	24.539097404599836	23.800571190379014	24.70017877038666	26.959999150722354	1.5348391213608806E-4
127.0	26.656847251476112	22.63276291023728	27.146658371835912	23.563002428591382	7.290378593197386E-4
128.0	26.987468302394834	23.226526505247737	24.231065277433505	25.54674132119379	0.008198593730135038
129.0	24.548861409692982	26.581172203150498	21.84933311504597	27.017768250443826	0.0028650216667263544
130.0	26.40700010475446	24.246883874630782	23.469897418653176	25.876193020897297	2.558106428227272E-5
131.0	26.3196946520753	24.129441590928074	23.94917058581937	25.60113038387594	5.627873013184955E-4
132.0	26.217295579746207	25.10967079128865	22.4827648308025	26.185242047020974	0.005026751141667277
133.0	27.337407603058004	25.302187084701405	24.225912201960305	23.132612874879925	0.0018802354003558377
134.0	26.841340850006556	22.68264652556383	20.704870382154404	29.771052707313405	8.953496180374576E-5
135.0	26.158196722464726	23.252253412623	26.062574337259232	24.526540647891544	4.3487976150170636E-4
136.0	28.035302695028204	25.755682326908076	24.57731418119492	21.626469346772232	0.005231450096570778
137.0	28.637659819019085	21.741973906065212	23.89814764835582	25.721950017792132	2.686087677483243E-4
138.0	25.163910931910436	24.05314984876106	26.489318881825657	24.292443629616866	0.0011767078859764944
139.0	26.36605514819491	23.65529206154954	24.693119470701756	25.284369391401157	0.0011639281526337009
140.0	27.25025306161708	21.121442204359184	25.493377421608454	26.134684291403172	2.4302101210833008E-4
141.0	25.718748616991693	25.04588709638222	25.332619093483306	23.90238704995151	3.581431912758365E-4
142.0	28.85126477118336	22.50553651567761	23.34835063379898	25.294643425878483	2.0465346157260323E-4
143.0	26.641424396685487	25.213750701416952	23.860366127179443	24.28427970314538	1.7907157273318094E-4
144.0	28.472940202252815	24.95471689376758	22.63487624834725	23.936980600117394	4.8605551495855035E-4
145.0	28.964338271268588	22.504411269057673	22.654231332769253	25.876417953593254	6.011733112306209E-4
146.0	28.20015379955508	21.579558780491297	24.212071474326834	26.004340258235896	0.0038756873908923645
147.0	26.463511065597988	24.67351682921008	26.236739918859186	22.622599550218254	0.003632636114491481
148.0	25.610450562643695	24.015012188673346	23.755659118276306	26.618366484972846	5.116454338075348E-4
149.0	28.43581502373493	24.134875232849947	23.50958447021497	23.917691453724274	0.002033819475880884
150.0	25.739252254797883	24.232446448510252	24.88261517540472	25.145673329740614	1.279154652739572E-5
151.0	27.150213852220674	23.721683576487155	24.985673257138938	24.141943228234737	4.860859185002766E-4
152.0	27.70934224540238	23.86276331277837	22.81508949123073	25.612651447140962	1.5350344755951265E-4
153.0	25.542016496059677	23.285186779921972	24.52278780798994	26.649394899724744	6.140163036679031E-4
154.0	23.5763928420207	24.60887340753637	24.705083219376537	27.106989762436857	0.0026607686295378576
155.0	27.36440209201403	23.651977778107536	23.720416990526992	25.262921707076075	2.8143227536971246E-4
156.0	26.33206374783532	23.128361349455997	25.793250007963426	24.74608183434359	2.4306040166115152E-4
157.0	25.54920021026327	22.653743501072746	26.122972285443772	25.673789767690813	2.942355294007177E-4
158.0	25.60489862567728	20.9327361350786	25.90977062894515	27.55251785179032	7.6758508648701E-5
159.0	27.062587330548993	21.39323073584999	24.025294483536634	27.518311749686497	5.75700377889728E-4
160.0	26.962610336002275	21.094228657071962	25.631049329844117	26.312009329025333	1.0234805631445928E-4
161.0	24.951262617410457	20.513442152648118	28.265020824212534	26.267203931435283	0.003070474293605405
162.0	25.581114179385562	23.846266826608147	24.244529817077165	26.32805079506747	3.838186165334731E-5
163.0	25.55308099845074	23.561727121161507	26.979528758292776	23.905586356377935	7.676571704489349E-5
164.0	25.8787423067706	23.324327218668948	24.66868079164247	26.127034196495025	0.0012154864229526826
165.0	26.748237879600552	21.78772565172353	26.0265259768176	25.436973103993253	5.373878650654897E-4
166.0	25.00418084325465	23.667309030148008	25.345826430836826	25.982542948168163	1.4074759235249235E-4
167.0	26.89118576285613	22.80235229898596	26.232312748947145	24.07367575058895	4.7343862181761277E-4
168.0	26.27864523618436	24.056393725226847	24.085197632423753	25.57964824172044	1.1516444459003506E-4
169.0	27.403187136388716	22.26698422350596	25.09648527435089	25.23303625082281	3.0711493162086047E-4
170.0	31.342809540018372	22.54835143179614	22.473197810269415	23.635500456833693	1.407610823759447E-4
171.0	25.583719165274783	23.719646405067426	26.201267803899995	24.49463725271535	7.293730424491272E-4
172.0	27.65213233856134	24.368149201985435	23.941421843841297	24.038155920802122	1.4069480980683752E-4
173.0	28.57997192459749	20.16804315263033	22.98283502222295	28.267666324250435	0.001483576298794313
174.0	24.685086513204464	25.663139158158028	23.5703193071526	26.081084140075	3.7088140990184303E-4
175.0	25.841520340695457	24.248935326691647	22.88382591792104	27.024094228383618	0.0016241863082373104
176.0	25.153232138200458	23.642735744727055	27.86889250428986	23.3340653092159	0.0010743035667262096
177.0	22.71654511143849	25.97483575271341	23.95896139283848	27.325138641004788	0.02451910200483629
178.0	25.002471425145874	22.86698105667013	23.92348493325873	28.20678123251539	2.813524098793062E-4
179.0	28.283601484230438	23.70044145265498	22.901143049793752	25.11396988667728	8.441266435529444E-4
180.0	26.730747735525355	21.88713569209913	25.388444693289692	25.99347960511541	1.9227397041134324E-4
181.0	27.638488149320057	21.939971480522388	26.174117726801477	24.24674226330862	6.803800474571501E-4
182.0	26.229241348004894	22.629594426737444	24.868108969668402	26.27295255671417	1.0269887508787172E-4
183.0	24.64239905337282	23.620759091368342	25.902685709275204	25.833655461650856	5.006843327784296E-4
184.0	26.35842718830271	22.00312779284413	26.094037408977595	25.541351971188664	0.0030556386869021847
185.0	25.418188829589898	24.34903545641524	23.804509992551896	26.427585353448606	6.803679943598777E-4
186.0	27.828810680184983	22.66490344472733	25.06058133432475	24.44569170301461	1.2837748320565765E-5
187.0	25.100567871080752	22.66368969737246	27.27290846925304	24.96220386598803	6.300963057196414E-4
188.0	27.982389167455295	27.53550837608922	21.60900747068944	22.87268346964162	4.115161244234434E-4
189.0	25.41567051409832	23.367147863550137	24.887965791081246	26.32814841012121	0.0010674211490852973
190.0	28.755518703109434	21.482643874054666	24.927078586640956	24.834591636869817	1.6719932513207782E-4
191.0	27.15875058887953	23.58485390249726	24.082925571551215	25.173019181825136	4.50755246855467E-4
192.0	27.29429005176437	22.827686125884362	24.160337527744254	25.717673415014847	1.2879592170289848E-5
193.0	27.73526072898723	23.91590113007486	21.834399869849012	26.514090480441865	3.4779064703358405E-4
194.0	28.05772882897772	22.949256375301538	23.960370072714294	25.03264472300645	0.0
195.0	26.427536987147437	21.535314630222572	24.514384459684308	27.522235705369514	5.282175761692966E-4
196.0	28.920769999353173	22.042452191352595	25.46662822720716	23.570020475080216	1.2910700685674404E-4
197.0	25.40970037645665	23.829109290191855	23.786419927487483	26.974202247376724	5.681584872935228E-4
198.0	28.023823780069083	23.235750930151656	23.40450378332801	25.335830980742596	9.052570865464571E-5
199.0	26.216566493647214	22.743723327103666	25.59413953505244	25.445078351045954	4.92293150725394E-4
200.0	28.223220378487763	23.290055662708575	23.53494929618668	24.95173579472467	3.8867892309508135E-5
201.0	25.940549775550252	20.646228174034004	28.42819357277922	24.984717515683496	3.1096195302764216E-4
202.0	25.618512605044195	24.447778584317703	28.26531402924224	21.66839478139586	0.0
203.0	26.355056553770833	23.740412728529066	22.428301473730492	27.475594121461604	6.351225080028676E-4
204.0	25.319853788532633	23.436158741952937	24.36466741143014	26.879203391724417	1.1666635987734995E-4
205.0	27.374268289442043	23.97896277455958	24.960107960323803	23.685896127078944	7.648485956277883E-4
206.0	25.77479723905171	21.413231201220462	25.432109617514097	27.37981008270684	5.185950689128575E-5
207.0	26.4890265872737	23.360328705765134	26.05977086133555	24.09052375033486	3.500952907515457E-4
208.0	28.600935973994208	22.478743720899953	21.57890040822742	27.341368022245916	5.187463250065038E-5
209.0	27.869406581034617	20.345420656754516	24.958889610920227	26.82560867890315	6.744723874895748E-4
210.0	24.919694925689672	24.17790838248631	24.360436131049994	26.54164921280206	3.1134797196363405E-4
211.0	25.167769864007695	25.535159168077914	25.381860780825217	23.91447055545946	7.39631629710821E-4
212.0	28.898658959765676	22.200078093642794	24.290783548203354	24.610206797573905	2.7260081427161326E-4
213.0	30.380210783449137	22.77717701461374	22.29550724686621	24.546793245141934	3.117099289742951E-4
214.0	28.472989674053395	24.250722597913494	23.816637473351378	23.459611263832493	3.899084923759243E-5
215.0	26.628556631592875	24.496606398937743	22.425276886507305	26.449273521757743	2.865612043281683E-4
216.0	26.119488172356377	24.501832333285027	25.494103997834817	23.88454919445984	2.630206394926016E-5
217.0	29.45075752558771	22.965631749903444	24.593886604006194	22.989128102538402	5.960179642463393E-4
218.0	24.444238939114275	24.14938191372274	25.315707935229952	26.09043031567046	2.4089626257478493E-4
219.0	26.787619127941298	22.47973686429957	24.377323100278318	26.35478114194147	5.397655393438476E-4
220.0	27.731464854205772	21.698775504672327	24.815688719328325	25.753759207432353	3.1171436122273346E-4
221.0	26.216004731793408	22.36863917960417	23.770671749569697	27.64443874421914	2.455948135833034E-4
222.0	25.368735943162257	24.597115220702666	23.927762288906855	26.1062490720425	1.3747518572897592E-4
223.0	31.23968602445373	22.678853609693466	23.502832409758707	22.577974974985267	6.529811088397248E-4
224.0	30.39214403147333	21.97728052431787	24.407591648696332	23.22290025574308	8.353976938568196E-5
225.0	30.87826221054078	19.73167358848967	24.232808349512553	25.15626228834657	9.935631104290822E-4
226.0	25.753511593322862	22.088699749057874	25.671215799210128	26.48636093790927	2.1192049986112145E-4
227.0	27.188156686481356	23.899346773795802	25.0356433492689	23.87557028646106	0.0012829039928818784
228.0	28.041076081997513	27.873018818804884	22.513744867422925	21.572059993120764	1.002386539151643E-4
229.0	27.54394671798776	25.398556969561014	21.374978599369516	25.682503277580544	1.4435501170286081E-5
230.0	26.213715808704325	22.604349120736547	26.673243680546232	24.5086913900129	0.0
231.0	25.376974910402723	24.710304214296972	24.402641798541115	25.508708084681313	0.0013709920778770673
232.0	25.788930826534447	24.799951790426096	23.930858446568195	25.480051136583747	2.0779988752088946E-4
233.0	23.694096947747653	25.244093958259533	21.952306998496844	29.109066441448544	4.3565404742139374E-4
234.0	27.89245739869341	21.13600438576454	25.92962979883351	25.040872888970107	0.001035527738437876
235.0	26.042839422175962	21.527751570353164	28.136412584636716	24.29287319445392	1.232283802353385E-4
236.0	28.63378979427625	23.626200336382393	23.758103974245362	23.981702822228605	2.0307286738732543E-4
237.0	27.895056904830923	24.318733221582246	22.13169403728117	25.654452818774182	6.301753147725696E-5
238.0	27.130437139693203	22.494178087925423	24.469713699850036	25.90565512754791	1.594498342917597E-5
239.0	28.22361035566587	23.158311599409366	23.811872986059306	24.805105902871787	0.0010991559936733874
240.0	25.25724327161355	21.576046877802803	26.26497319275307	26.901570565842185	1.660919883868482E-4
241.0	29.182981287837645	21.53884196316235	23.339567062363788	25.936497779504258	0.0021119071319602722
242.0	27.40852858536374	24.06421887664448	20.908487351067134	27.618132094693937	6.330922307088051E-4
243.0	28.00169326093836	23.44014180642888	24.622101396940273	23.933709001251575	0.002354534440910787
244.0	26.522945112498576	22.843503363857895	25.734478970472292	24.89815248362736	9.200695438746873E-4
245.0	29.01579193351442	21.003050295340202	23.276170749484855	26.703495065817044	0.0014919558434713688
246.0	24.807612517985298	26.489469754224583	23.406031239049096	25.29477081832285	0.002115670418175691
247.0	26.154712742643245	22.523382038972365	24.81155189016946	26.37358013878936	0.13677318942556607
248.0	26.476103799963912	22.175197187011474	24.17303767818938	27.166580548011165	0.009080786824064725
249.0	25.757769617889032	21.960609991591276	28.028919246679823	24.23767530497467	0.015025838865202675
250.0	27.908102169807997	22.303944477406525	23.46966766094752	26.317202006984346	0.0010836848536077224
