# Position (bp)	A	C	G	T	N
0.0	24.713171763649367	22.586040755802337	25.355839831378713	27.344947649169587	0.0
1.0	23.72287630333648	29.69892965749655	24.302632347650686	22.20284235739785	0.07271933411843566
2.0	24.91849423806198	25.386333095440506	22.251360473557483	27.4430456209961	7.665719439267954E-4
3.0	24.827637447693775	21.846709351659438	24.30080281386989	29.01757366531524	0.0072767214616558905
4.0	25.64446975228421	22.879078019069663	24.275320723293976	27.20090189793491	2.2960741723800643E-4
5.0	28.370763751798634	23.823529861507197	22.263287709356252	25.541730571326777	6.881060111412009E-4
6.0	27.082446788228204	23.80013269578348	23.52162407437065	25.59007679577814	0.005719645839529616
7.0	26.12318280970507	24.64767032152675	22.282270035600078	26.94626815478387	6.086783842327951E-4
8.0	27.868821328877157	24.329048062133268	24.217086648563452	23.585043960426123	0.0
9.0	27.60812225499687	23.51275560060176	22.32400543584476	26.55481370717644	3.030013801712867E-4
10.0	25.679776828555774	22.963696799251654	23.76395956758262	27.592566804609948	0.0
11.0	27.340731989008216	21.786282691777256	22.696364540143165	28.176473277961417	1.4750110994585236E-4
12.0	29.109671890803206	24.768426084345954	19.837315316523213	26.284586708327623	0.0
13.0	26.116479573707146	22.895114291427674	24.117872161056756	26.87039011147892	1.4386232950515675E-4
14.0	25.742424523443	22.787421548751414	24.32149211100379	27.148519145742767	1.426710590330041E-4
15.0	25.977786003106928	23.79655489565983	23.532830279679885	26.692828821553356	0.0
16.0	27.45424880261552	24.162073145152974	20.575907495948726	27.807701333303797	6.922297898321135E-5
17.0	28.390575357871068	26.209320698839527	19.144826523515988	26.254331251989488	9.461677839331249E-4
18.0	25.84374922463388	24.764439580454003	20.677748786070033	28.713995350150313	6.705869177880557E-5
19.0	25.230255972092046	24.32980765184001	22.27331970090606	28.166082244821204	5.344303406793011E-4
20.0	22.766433329225748	25.18394702007815	24.313138580709445	27.736481069986656	0.0
21.0	24.257684322429725	23.437018948653648	23.085662334518336	29.219371255200286	2.631391980043523E-4
22.0	23.358190204535425	26.37727158518534	24.577057819564633	25.687480390714608	0.0
23.0	24.79846598344195	24.120790847725534	22.414586113522407	28.665768368682222	3.8868662788437867E-4
24.0	28.532463739275844	21.290782281593128	23.487641343805265	26.689112635325763	0.0
25.0	25.584309829667873	24.417659254441237	20.14500081304118	29.852903065165247	1.2703768445871782E-4
26.0	27.788218611252592	25.34904471639761	19.499741541976995	27.36293193770214	6.319267066128603E-5
27.0	26.1135281430995	24.186276988293383	20.230904484121456	29.46922734061406	6.30438715998076E-5
28.0	28.340187724079847	23.180274850446818	22.99051382312548	25.486274348083082	0.0027492542647806783
29.0	28.492559122171862	23.17607750798068	22.342302096227286	25.988813089244	2.4818437617305894E-4
30.0	24.681470381274316	23.49694317547442	24.48300168954099	27.33852313660635	6.161710392217514E-5
31.0	27.519420046852378	23.60030514805388	22.31827825795567	26.561751053933015	2.4549320505495056E-4
32.0	24.463908900512745	21.45780080675688	24.594115256016806	29.48405351888296	1.2151783061508074E-4
33.0	24.401606010704736	24.795538832452085	24.507103347137303	26.295691731496063	6.0078209813535255E-5
34.0	27.575051405071964	25.82477575468606	22.15281461394046	24.447358226301517	0.0
35.0	25.87434609417189	22.278883228696582	25.620405525009428	26.2263651521221	0.0
36.0	25.186501852769062	23.402565953796774	25.774417323759657	25.636514869674503	0.0
37.0	25.233351431741458	25.71321498548193	21.15253417058143	27.90084039564694	5.9016548240126534E-5
38.0	26.833250334551963	25.44117195852736	20.77119242107052	26.95432628197715	5.900387301422466E-5
39.0	23.482244726276058	26.661345452957992	20.63043993812762	29.22585189563814	1.179870001923188E-4
40.0	27.05826627483504	25.682392233522837	22.27211219817777	24.98711131927002	1.1797419432473342E-4
41.0	24.364358295015133	24.104722516473483	21.106819892276512	30.419380790491267	0.004718505743601116
42.0	25.08690128933559	25.997610288263402	20.04774705384872	28.86774136855229	0.0
43.0	26.519780768019587	24.276509696663044	23.33090371271977	25.869326511524775	0.0034793110728190317
44.0	29.968454444680297	24.40723837826364	22.002110898841952	23.622078350904502	1.1792730960635864E-4
45.0	27.047305857682126	22.7213852944523	22.555722528426493	27.67193112673673	0.0036551927023488148
46.0	25.761219932608487	24.24461610652481	22.916592979303875	27.077570981562832	0.0
47.0	27.02455770547965	22.914552011383478	22.340485731160854	27.71851830893596	0.0018862430400579074
48.0	22.433442151536223	23.81492262907921	22.841863973317935	30.909771246066637	0.0
49.0	21.715545986510236	25.98084187565073	24.178161010971994	28.12362452338907	0.0018266034779708675
50.0	27.09115343894146	23.711159201098695	20.903020772635763	28.294607669560907	5.89177631753375E-5
51.0	24.645399367176974	27.567684434450502	21.0349148410608	26.74970382444964	0.002297532862083815
52.0	23.20887867288097	25.516067861688636	21.2324222839679	30.042631181462493	0.0
53.0	23.85319916153387	23.567390453202567	23.74401776956504	28.833807724524785	0.0015848911737410534
54.0	23.759925380975552	28.768709787055197	21.729327589374655	25.742037242594595	0.0
55.0	24.987444377715263	26.721408009140728	22.5373712682876	25.752195916876513	0.001580427979896956
56.0	28.081808950524255	24.07716191184088	24.57335327150938	23.267675866125487	0.0
57.0	23.370951299130713	27.470478558110628	22.479485099703997	26.6740521478173	0.005032895237359533
58.0	25.404359078937283	24.90205911387124	22.450655055563715	27.242809719949047	1.170316787199543E-4
59.0	28.583281355503782	21.34802599320563	24.403795766332642	25.662205350069218	0.002691534888728437
60.0	23.77401144472232	22.528195384355527	23.749756722210954	29.948036448711196	0.0
61.0	26.45673083104342	23.38664715514813	23.166616602167228	26.98369377824894	0.006311633392280872
62.0	26.15369061783399	21.655863357028153	23.930168466179367	28.25998536702813	2.921919303601441E-4
63.0	27.871302894574608	23.285270597584883	22.09880763510888	26.74228147524842	0.00233739748320726
64.0	24.643740664675132	21.513489544436144	23.790725354742346	30.05192774458551	1.1669156086631816E-4
65.0	24.039399497792342	25.962642471085722	23.01473951478152	26.978492816936907	0.00472569940351172
66.0	24.34098876333701	23.720262455217572	23.299288673320028	28.63893505767679	5.250504485972694E-4
67.0	27.248607955291227	24.799950997692807	20.626821179497203	27.323861498478884	7.583690398756275E-4
68.0	23.604462732589546	21.34369644271726	26.272745621209065	28.778803536866075	2.916666180555637E-4
69.0	23.704575640719778	24.99619391715047	25.08205681300496	26.21449041362933	0.0026832154954528247
70.0	27.23796938509155	22.60238374911437	24.084535928701943	26.074703080135738	4.078569564082485E-4
71.0	24.72345782041641	22.339912385207537	25.909883920279604	27.026164719994146	5.811541023086928E-4
72.0	26.528350785036086	25.853835694446058	22.016920985043058	25.599149302125586	0.001743233349216126
73.0	26.145893004669908	22.604945056860366	22.36081787833612	28.884800091097436	0.0035439690361682374
74.0	24.792888684420557	24.677817161166352	24.024041293308656	26.50473007276052	5.227883439110841E-4
75.0	26.693401114296734	23.668640771736456	21.44527492646478	28.190534053893302	0.00214913360873222
76.0	26.87645495392936	23.074465761826655	24.948481272042116	25.099901028283604	6.96983918257726E-4
77.0	25.309603861546975	23.47419585467973	23.202386808665597	28.013174607691848	6.388674158451897E-4
78.0	27.03053829235756	26.500998042245904	20.43050844110854	26.037606766128242	3.484581597576125E-4
79.0	27.41244868412418	20.555852056961566	22.47729731644611	29.551962823176048	0.0024391192920978923
80.0	24.111672916077488	22.692300768453958	28.890163870643292	24.303133106353027	0.0027293384722324654
81.0	25.10961900608617	24.27302463676637	21.829091325073268	28.787916620453736	3.4841162045663986E-4
82.0	22.215338198473567	23.038188718510913	23.5773297162208	31.168388511332125	7.548554625986537E-4
83.0	25.05174913528864	22.311033641437863	23.76082231916254	28.87575620510599	6.386990049650138E-4
84.0	23.651362905084632	25.549948995202588	24.190962890453772	26.606622088996257	0.0011031202627516349
85.0	25.73893234269114	27.002198524370414	20.604417135601988	26.654103670264305	3.4832707215421137E-4
86.0	27.158806066495533	23.630272569692366	21.99696744883731	27.21238655507064	0.0015673599041472342
87.0	22.150814252081485	22.446436283091327	24.74721501177148	30.654895960548128	6.384925075806474E-4
88.0	25.388139409216677	27.218310533583224	25.283025876734506	22.110117888512328	4.06291953271782E-4
89.0	26.77766982740709	26.3149922171265	21.92454617315936	24.981921214801506	8.705675055455151E-4
90.0	23.076289176707363	24.987725995471095	25.906970589976286	26.028782105371896	2.3213247335989704E-4
91.0	28.144111480626737	24.159087598801584	23.954013196949763	23.74226546283621	5.222607857007318E-4
92.0	26.543106719725372	23.67710084984455	22.145918413530666	27.633874016899405	0.0
93.0	25.830377559599484	26.278138840230397	20.902160359694406	26.989265217762142	5.8022713571454686E-5
94.0	28.908258482932602	22.994936610447397	21.68664772512995	26.40592173474616	0.004235446743898781
95.0	24.21589991367067	26.090604026845636	23.538551152450175	26.15239215795483	0.0025527490786896507
96.0	26.4736065660313	24.739743621724568	23.431456780182632	25.35438086392645	8.121681350473176E-4
97.0	25.387889629825562	25.392588158316048	23.44501909574789	25.77432909653678	1.7401957372165222E-4
98.0	28.103098559852068	22.04501122061368	24.892245567002057	24.95964465253219	0.0
99.0	22.316714147844323	22.13158395352722	26.745281267979436	28.806420630649022	0.0
100.0	21.97225703447544	24.685370367255903	24.34935560441192	28.99301699385674	0.0
101.0	23.967888179236102	21.119947299872308	28.794751327071328	26.117413193820262	0.0
102.0	24.984474399720277	24.260700197324436	24.653783462669846	26.10098395485022	5.798543521838185E-5
103.0	26.471038397096592	25.154649335891982	24.587766034541733	23.78643028170239	1.1595076730420265E-4
104.0	26.40300628260657	26.45182011234138	22.459231466252657	24.685826191460364	1.1594733903755593E-4
105.0	27.83603890551146	23.03650594789138	20.468758424416066	28.65568204942092	0.0030146727601706074
106.0	25.861113429983952	23.73273599168916	24.234134272013062	26.17201630631383	0.0
107.0	26.58599956406606	24.560761771375837	21.754437019139356	27.098279915966778	5.217294519753836E-4
108.0	23.8160673592066	24.442865455455898	24.15934291390698	27.581666315064712	5.795636581130799E-5
109.0	26.449899803083216	24.922259014535218	25.178111754622446	23.449207870644564	5.215571145605997E-4
110.0	25.144563770600953	24.519197616747668	22.537693203199378	27.798545409451997	0.0
111.0	25.59607451605071	23.092234154561293	24.856627470159335	26.45460029239478	4.6356683387908666E-4
112.0	25.24945780120208	23.45607335082044	24.50599504126389	26.78841586401544	5.794269814809342E-5
113.0	28.620860080108514	20.74802321559248	23.349145290974207	27.281449948983404	5.214643413992278E-4
114.0	26.376885327690218	21.883795033031806	27.467708448620638	24.271379408852095	2.3178180524417925E-4
115.0	27.17341231049335	22.70087284750636	26.461540066209622	23.66382709703888	3.476787517869239E-4
116.0	26.168630464184016	24.859161703572617	24.92058470057448	24.051623131668887	0.0
117.0	26.504444188193215	26.173860791070712	23.469393076697088	23.851838373981668	4.63570057314643E-4
118.0	27.499727654327284	23.25872607124563	25.7101268551376	23.53118763573824	2.3178355124850209E-4
119.0	26.819663391752545	21.562339743125435	24.671315866480853	26.946391268698445	2.897299427203903E-4
120.0	26.018142678754057	23.28457234907418	25.216874835218007	25.480410136953758	0.0
121.0	27.749790530227962	23.914146945218004	24.483974258685606	23.851740598196997	3.4766767142623705E-4
122.0	29.063941215362306	22.262172484306888	24.001177454299764	24.672361172517334	3.476735137102153E-4
123.0	24.707392330981733	27.760513392533788	22.492793092958234	25.038663788732595	6.373947936434356E-4
124.0	24.423872879160918	25.64829692587341	21.782649231569756	28.145180963395916	0.0
125.0	27.802613151281513	23.408268238258113	24.30489121333821	24.483532071046103	6.953260760605605E-4
126.0	24.170124000463552	24.511704716653146	25.08419283810407	26.233978444779233	0.0
127.0	26.95368655143302	21.737810336725524	26.719132334816877	24.58855957172996	8.112052946210715E-4
128.0	26.96429016349843	22.464186734823365	25.169788165325958	25.393854656347365	0.00788028000489041
129.0	23.729033544011884	26.885851162208578	22.216737008735397	27.165133510868834	0.003244774175305878
130.0	26.368902380727505	24.307559839774438	23.174994799564498	26.148542979933566	0.0
131.0	27.004666826592683	23.290964527714138	24.016947522247676	25.68701551398252	4.0560946298465986E-4
132.0	25.84905551048789	25.48481863483602	22.49240931741801	26.167922123073357	0.005794414184725924
133.0	27.28641241932848	25.256022333653565	24.23587314132479	23.219895864357127	0.001796241336032717
134.0	26.97910987061945	22.823507870664645	21.21721666968935	28.98016558902655	0.0
135.0	26.48377009219188	23.237904415023955	26.583083071193037	23.69477888376615	4.6353782497622923E-4
136.0	27.66354912746179	26.6534826491879	24.614865800569813	21.06242398571815	0.005678437062347501
137.0	29.11495456365405	21.157987995278766	24.893949024840932	24.832876642479146	2.3177374710355245E-4
138.0	25.510692992096924	23.765886826296306	26.34914547023036	24.373231860035446	0.001042851340961984
139.0	25.88757259324147	24.152171192591666	24.386578419240163	25.572519083969464	0.001158710957234296
140.0	27.679393390585343	20.60046823591164	25.610511380589124	26.109511121616773	1.1587129711544199E-4
141.0	25.584515806086056	24.44393074568203	25.749633265432397	24.221514631144977	4.055516545348786E-4
142.0	28.52032054951345	23.104211036154517	23.347543156689664	25.027809385204016	1.1587243835006918E-4
143.0	27.04113054093153	24.189981582129278	24.58064437635027	24.188069692434887	1.7380815403573842E-4
144.0	28.187420591491634	24.296555763674483	23.37525774270977	24.140302414250396	4.634878737088242E-4
145.0	29.643351874779484	21.576287496893183	22.347357510792026	26.432076141787892	9.269757474176484E-4
146.0	27.83876120252992	22.467572119409454	24.143121245425277	25.546200279132663	0.004345153502686174
147.0	27.498515417927962	22.9312747128601	26.410266066074765	23.15635183870921	0.003591964427965181
148.0	24.911793843818618	24.716436760965664	23.923479349041465	26.44776863047269	5.214157015648264E-4
149.0	28.80029894760016	24.10942872619934	23.622711906631018	23.465416803056684	0.0021436165127994185
150.0	25.010225754533227	24.919671339035038	24.33932355909559	25.730779347336146	0.0
151.0	27.262314391176407	23.86505516483402	24.078669346451846	24.793497600533946	4.634970037815562E-4
152.0	28.414765494957408	23.460585389198243	22.593376465891886	25.531214712424184	5.7937528280756E-5
153.0	25.32831901014433	23.01967162015517	24.477038961430228	27.174391030302047	5.793779682257534E-4
154.0	24.08828946689927	24.868783093920538	25.144745616784643	25.895574576221104	0.002607246174445627
155.0	26.597444644785696	23.322193535827353	24.763202050587967	25.317043890184156	1.1587861483338972E-4
156.0	27.105741931745758	23.55773799177241	24.953415609247347	24.382930644880933	1.7382235355466714E-4
157.0	24.80140358846768	22.700714193834735	26.58543962379379	25.912152883602513	2.897103012871249E-4
158.0	26.038753235375406	20.875595288795097	26.7258377500155	26.35963989771955	1.7382809444428028E-4
159.0	27.283899827328455	21.386471358542604	23.652640483943866	27.67640889548157	5.794347035032622E-4
160.0	27.21126985810117	21.670905263450663	25.393859220642867	25.7239656578053	0.0
161.0	25.52239964862387	19.611817455930225	28.0748598030115	26.787678194167757	0.0032448982666448793
162.0	27.338206201839665	21.5728734124257	24.31354324448673	26.775261249337966	1.1589190993344327E-4
163.0	24.65676267209673	23.132570474259445	28.70045274355175	23.510214110092072	0.0
164.0	26.19669060762595	23.20381958167259	24.32815996903167	26.26964929990948	0.0016805417603037495
165.0	27.876311075593406	21.21312921342129	25.846045432655668	25.06410861926985	4.0565905978661175E-4
166.0	24.66728947264715	24.1801910608024	24.5986146816851	26.55378887804516	1.1590682018911356E-4
167.0	25.952549162565802	23.1998743515456	26.10491530030734	24.742487317793803	1.738677874570619E-4
168.0	24.9776718053874	23.25511172211381	25.216225599094006	26.550874958053132	1.1591535165530019E-4
169.0	26.9678114884035	21.795798424046765	25.72095948252628	25.515256722724388	1.738822990717583E-4
170.0	31.83447941686528	22.488546892823027	22.72925921117304	22.947540595932526	1.7388320612810786E-4
171.0	25.249719185458154	24.624392437887533	26.15128166191204	23.974027118164674	5.795965775981287E-4
172.0	28.2398936731097	24.800897799418074	23.279748875722913	23.679401714254595	5.7937494713203614E-5
173.0	28.795314671661448	20.031528287687227	22.421525443073246	28.750009414455626	0.0016221831224591831
174.0	25.622016499049916	25.247717476943045	23.306472169439683	25.82350419428095	2.896602864160912E-4
175.0	25.009805233590498	24.395652906896917	23.198226773472744	27.394750883340024	0.0015642026998138599
176.0	25.050201559405856	23.408294815537513	28.10673204939393	23.433844599378233	9.269762844704821E-4
177.0	23.294272659111794	25.51391710345323	24.096132831014298	27.07041466814844	0.025262738272237295
178.0	25.663448175180793	22.798378607913122	24.292610639386247	27.24521498739117	3.4759012867207245E-4
179.0	27.46676137071362	24.044785899139033	24.044959703466642	24.44221846161155	0.0012745650691538453
180.0	28.08291575775738	22.031148001793426	24.746434636354977	25.13926929501163	2.3230908258820194E-4
181.0	28.670174820478923	21.689041757728084	25.844581925624116	23.79567823822539	5.232579434916305E-4
182.0	26.569766596801713	21.705247429483396	24.918821966470638	26.80610586720233	5.814004191897022E-5
183.0	23.616803189333847	23.487208885204097	26.682356744223632	26.212875359814603	7.558214238163982E-4
184.0	25.682647386307806	22.14055009491914	26.949418129700533	25.223430636350685	0.003953752721838961
185.0	25.818845390503007	24.106917588186256	22.627758018702846	27.446013931213614	4.650713942724132E-4
186.0	27.568310776242967	22.946432724059346	25.056276452258036	24.428980047439655	0.0
187.0	25.23732753907717	22.578094660865425	26.470644744908924	25.713409056902137	5.239982463525355E-4
188.0	29.71673204037586	27.271520487481958	21.951884096110703	21.05933937717496	5.23998856518051E-4
189.0	25.343097839725232	23.117961843665814	24.68831385846861	26.849636654860838	9.898032795093836E-4
190.0	29.51185542219184	20.572223108553302	24.754489525701594	25.16108258677731	3.493567759493479E-4
191.0	26.924637292561655	23.29686343314467	24.396264798288616	25.381709869023123	5.246069819360329E-4
192.0	27.75297371818974	21.801048707478234	23.80169576990227	26.644165216605604	1.1658782415058484E-4
193.0	26.949786060059434	24.351898115731043	22.749228807585816	25.948795505599637	2.9151102407239734E-4
194.0	27.247534935353272	22.913790369223307	23.3940931733801	26.444581522043322	0.0
195.0	26.41705274022328	21.27551511299394	24.214611219798066	28.092237807704755	5.831192799643131E-4
196.0	29.774360731621602	22.57544650401522	25.128192833364228	22.521999930998955	0.0
197.0	26.813603016862235	24.294209570864446	22.059226040087587	26.83225955869968	7.018134860479479E-4
198.0	28.306440034340596	23.027891481363195	22.97104782778131	25.6946206565149	0.0
199.0	25.759271573513193	23.925352014306533	25.524566023627848	24.790399551130772	4.1083742165477094E-4
200.0	28.70216022933507	22.990970283640156	22.48536721081312	25.82150227621165	0.0
201.0	24.49960701122498	20.328173509093332	29.866442515339475	25.30548347011143	2.934942307839055E-4
202.0	25.13566410249185	25.17840034940404	28.133189157203642	21.552746390900467	0.0
203.0	26.229510121992394	23.72506936390728	22.37507890603209	27.669578238083353	7.633699848794022E-4
204.0	25.02287417033417	22.615242947767022	23.73786846794151	28.624014413957294	0.0
205.0	26.524183076398117	24.545500995772006	25.060917989615312	23.86869317477722	7.047634373427129E-4
206.0	25.437862291068658	20.991369917646235	25.52285330152191	28.04785575375044	5.873601275276309E-5
207.0	26.5459063485816	23.596609233552847	26.946430354761585	22.910701592579322	3.524705246523759E-4
208.0	28.955951399591413	21.796445394459685	21.08743972394197	28.160163482006933	0.0
209.0	27.114119990832318	20.22437310108543	25.324659297262038	27.336142404635556	7.052061846582395E-4
210.0	25.097616241649796	23.757292196284617	24.900591016895852	26.244147874719705	3.5267045003688343E-4
211.0	26.215062613910284	25.58363219472044	24.374213651596214	23.82656240813687	5.291316361926039E-4
212.0	28.72014401562953	21.711379457777156	24.73571944005161	24.832521843762333	2.3524277936991396E-4
213.0	31.18964117169387	21.362111779312944	22.649609866895766	24.79828412046463	3.5306163279236446E-4
214.0	28.453369544607117	24.33078433289247	24.55873398728758	22.657053248709502	5.888650333120949E-5
215.0	26.344699495077627	23.86640266113797	22.888299937341955	26.90012590609317	4.720003492802585E-4
216.0	25.993351170688005	25.11299140771252	25.674243078104396	23.219354819508393	5.9523986678531785E-5
217.0	30.054597285789768	22.908068678743284	24.83849627451345	22.198178011262527	6.59749690967247E-4
218.0	24.040264542213325	24.447784195245685	26.101082091384555	25.410687296869156	1.8187428728013672E-4
219.0	27.854461117220197	22.851363034113202	22.760685937641586	26.532877641636276	6.12269388734733E-4
220.0	27.149862059986095	22.12659773350923	24.47249920773545	26.25067250362968	3.6849513954910934E-4
221.0	25.5331849935573	22.11382325049689	23.721249889425625	28.631556287150673	1.8557936951265E-4
222.0	25.514778625878108	23.39442396876067	23.547430903912144	27.54317960372699	1.8689772209056315E-4
223.0	30.448299313741632	22.924222443753592	23.669565151802765	22.95741024522517	5.028454768420802E-4
224.0	30.40079630072952	22.501102473320145	23.847820882734638	23.25015434626482	1.2599695087378885E-4
225.0	31.373379740454492	20.059617445227186	23.649139872380417	24.916976343007395	8.865989305083759E-4
226.0	25.567691229815516	22.446246811794772	25.88678418022021	26.099213677536635	6.410063286554828E-5
227.0	28.552265121615832	23.568493070943756	23.903594726854312	23.974482859430644	0.0011642211554506894
228.0	27.53591634197622	28.044220726678343	22.42843540907747	21.991362530018296	6.499224967422635E-5
229.0	27.95079080583695	25.41406065041706	21.84646621245418	24.788682331291803	0.0
230.0	26.831547092016756	21.7284032191989	26.53275363084934	24.907229982423914	6.607551109407831E-5
231.0	25.46301975555426	24.528701560481654	24.56577129515486	25.44136781287895	0.001139575930279404
232.0	24.460237925493278	25.034350484676754	24.30398613728211	26.20135813165677	6.732089108624277E-5
233.0	24.104293231032262	24.6801788047178	21.969749005563674	29.24503087870155	7.480799847119654E-4
234.0	26.568958387162244	21.287294344691148	27.35725611432949	24.785244285707357	0.0012468681097548727
235.0	26.315546312312264	21.371445611672247	27.26482988706739	25.04796818594506	2.1000300304294353E-4
236.0	29.67755816513291	22.439056363023667	24.107512433805702	23.775730550649634	1.424873880850621E-4
237.0	28.415280546668793	24.066602653255426	22.382662412501848	25.13538262365999	7.176391394645551E-5
238.0	26.2136578720286	22.40971580570424	25.071079470155343	26.30554685211181	0.0
239.0	27.824503713185393	23.69884025026759	24.453615528066827	24.022157730377497	8.827781026891628E-4
240.0	25.925565456722445	21.357322474994962	25.261631481938355	27.455405139301646	7.544704258910107E-5
241.0	27.42401167586776	21.36896829929383	24.493184544583745	26.71164474419757	0.002190736057098136
242.0	27.247298907744284	24.10288735227425	21.119620828089996	27.529208010430867	9.84901460608866E-4
243.0	28.52369634056513	22.987386757994337	24.25448221920159	24.232384365958676	0.0020503162802706417
244.0	26.685946223282535	23.102658690949063	25.351576594750213	24.858600514290675	0.001217976727509679
245.0	28.211322195704057	21.177737470167067	23.736439140811456	26.873355608591886	0.001145584725536993
246.0	24.22632266217677	26.084448731708477	23.753414660454045	25.933289525722692	0.0025244199380216655
247.0	26.692515378833203	21.5089665117278	25.561308236304786	26.103747679752097	0.13346219338211607
248.0	27.433843706380152	21.513828596348716	24.93408555901742	26.107953803842925	0.01028833441079323
249.0	24.878300935459244	21.789505877531337	30.380739538964885	22.93573811763383	0.015715530410706897
250.0	28.300385301523356	22.422895270147592	22.360313711310496	26.915555843997307	8.498730212445077E-4
