# Position (bp)	A	C	G	T	N
0.0	23.45777600319425	24.59286156205958	26.015844746782523	25.933468271961953	4.94160016920039E-5
1.0	22.498616113613252	30.592244222551606	23.57284713859616	23.25865686863603	0.07763565660294956
2.0	23.694127429683405	27.258999761367637	23.229360145442737	25.816676220161728	8.364433444941118E-4
3.0	25.49873481943093	22.035625636338878	25.318654911737248	27.140642752041817	0.006341880451128929
4.0	25.383909100778997	23.92333755655042	24.087517372258326	26.605088591762616	1.4737864964803522E-4
5.0	28.542219421434467	24.573133443467114	22.200496485436723	24.683267223617708	8.834260439887275E-4
6.0	24.739872724315067	24.16542703206979	24.291693370257786	26.796294227516555	0.006712645840805439
7.0	25.349180932407727	26.299567357023868	23.262996651736586	25.087717067339906	5.37991491909097E-4
8.0	27.40622920550949	24.442384218473784	23.114807800933352	25.03648113404211	9.764104126359224E-5
9.0	25.272633023089035	26.388986327424664	22.808802207567467	25.529529722650953	4.8719267885817626E-5
10.0	24.420962437714667	24.732005715523684	23.52069443125914	27.326337415502504	0.0
11.0	26.634209355291148	23.01087876950114	23.337251242496674	27.017613692904767	4.6939806270031566E-5
12.0	27.53117218503273	25.63067370726096	20.506793434322436	26.331314475258594	4.6198125280076136E-5
13.0	24.967162447973966	22.837428927957077	25.401926621691796	26.793299634854627	1.823675225326472E-4
14.0	26.018572129748474	22.71192144297737	24.156680356650394	27.112736093734323	8.997688943594838E-5
15.0	24.967068881957474	23.88509081354951	24.37674974303076	26.771090561462245	0.0
16.0	26.260276415242817	25.120164902213567	22.162266324224852	26.457117969345035	1.7438897373396874E-4
17.0	28.21350079564216	26.938298174522647	19.275097701274436	25.57199441962905	0.0011089089317069905
18.0	25.62027574958495	25.68151299588098	20.52366098010911	28.174338673712125	2.116007128404814E-4
19.0	24.761725954011773	25.28834727203001	21.882231308416134	28.067232409227284	4.630563148042051E-4
20.0	21.606481773352535	26.91037335077972	24.15141951621341	27.331641857472633	8.350218170325245E-5
21.0	23.25341545524291	25.118257951178148	24.3707641916787	27.25718977290747	3.726289927714116E-4
22.0	21.5690583587268	27.173586539539734	26.463142438312907	24.794130815021802	8.184839875885088E-5
23.0	24.46934917854284	24.907340218376568	23.25119168908337	27.371752428374457	3.664856227690188E-4
24.0	26.694042693066244	22.14392635703881	25.055630212563003	26.10627988965802	1.2084767392397232E-4
25.0	24.125184250406768	26.160329143571424	20.006505065740228	29.7077423834529	2.391568286847889E-4
26.0	25.524385230155982	25.94327553523772	20.13707408924233	28.395067107209144	1.9803815482306083E-4
27.0	25.060128914497927	25.631634855151788	20.719794324177844	28.588441906172445	0.0
28.0	27.937892884672603	23.921478124978034	22.844772041957683	25.29304539948595	0.0028115489057217364
29.0	26.72534540892006	24.33493070195527	23.36422900929033	25.575031464003985	4.6341583036200117E-4
30.0	23.27796954563728	25.101107671766155	25.879386681801996	25.741152863149285	3.8323764528060085E-4
31.0	25.42745460723085	24.876814453770756	23.35585005645052	26.33938570255376	4.951799941187852E-4
32.0	23.530725835361597	22.967566649685857	25.338314371426957	28.163091262429013	3.018810965830834E-4
33.0	23.33469394601909	25.0308747248487	26.279730785073518	25.354663266998806	3.727705988373285E-5
34.0	25.30566099339869	26.824593821664543	23.240281692325702	24.629315754463633	1.477381474301134E-4
35.0	24.567689876098854	22.634382057267395	26.5241141257826	26.273667865458723	1.4607539243154176E-4
36.0	22.98943633836846	25.521861959835974	27.031305697474217	24.45725006211665	1.4594220469780662E-4
37.0	24.535249413989913	26.331410906589607	21.750520725627652	27.382818953792825	0.0
38.0	26.03251366160066	26.116335438782755	21.65318128984178	26.19778730925897	1.823005158375396E-4
39.0	23.067437163252517	27.509214136495707	22.163210598471426	27.259773582484705	3.645192956466554E-4
40.0	25.443343801970368	26.459616780094112	23.808246448019517	24.288647184092145	1.457858238593808E-4
41.0	23.056826960920077	25.132865909654097	22.076330481174292	29.729239246097112	0.004737402154424733
42.0	24.014264694843824	26.953998654714074	21.28237230897268	27.74925502787861	1.0931359081299433E-4
43.0	25.602368157391382	25.741397212860917	23.13063120502778	25.52177793970307	0.0038254850168503505
44.0	28.131248536050762	25.58901303137942	23.31251960280393	22.966854550017977	3.6427974790384325E-4
45.0	25.024666964114985	24.662921246004935	22.554291906067032	27.754077014832955	0.004042868980086139
46.0	24.434026925466583	24.61557679687028	23.060293495306652	27.890102782356486	0.0
47.0	24.651728674833752	25.07211232954233	23.773271042944025	26.500994332613637	0.0018936200662548527
48.0	22.386463795436597	24.770102451354628	23.27092177822145	29.57251197498732	0.0
49.0	22.151316278047084	26.076670156549646	25.148635523708148	26.621412252255926	0.0019657894391966763
50.0	26.939773473479452	25.06089774856692	20.70450650619461	27.294749471103234	7.280065578830733E-5
51.0	23.971789588002494	27.99539095033625	22.17737562226174	25.85285980176428	0.002584037635234336
52.0	22.57623472436679	26.449414830491857	21.20046540476706	29.7738850403743	0.0
53.0	21.894570416329728	25.48684215297697	24.66622184670392	27.95058872163819	0.001776862351187778
54.0	22.415102905623883	29.236931509750264	22.849048181451277	25.498772355869214	1.4504730536555365E-4
55.0	23.197721415977217	28.921994665219948	22.934526877345267	24.944129481441298	0.0016275600162756003
56.0	25.824907630379762	26.086041437859663	25.617367549902376	22.4716833818582	0.0
57.0	22.37090081242488	28.26477790296896	23.212072254757466	26.147114423615136	0.0051346062335566045
58.0	24.68990018450338	25.81861397937597	22.156675656219914	27.334629400575526	1.807793252086284E-4
59.0	26.660780949364753	23.312321177953287	25.135266654085402	24.88837744367535	0.0032537749212044175
60.0	23.203731942577168	23.94795492073231	24.62861937975403	28.219657664648505	3.60922879803658E-5
61.0	24.71895717322343	24.75526267354282	23.145658677772445	27.3742389739185	0.005882501542803319
62.0	24.71539064746981	22.840633558263768	25.4115454665854	27.03224989255088	1.804351301424463E-4
63.0	25.265945162612656	24.403806516053418	23.781415448924097	26.54619868016143	0.002634192248402164
64.0	24.260833864537528	22.43561625088684	23.921871567430518	29.38167831714511	0.0
65.0	23.078972917068786	27.042959330949905	23.894507359147727	25.978374851275788	0.005185541557794301
66.0	24.29849568206705	24.76840374212454	23.582182958793204	27.350341484527778	5.761324874268086E-4
67.0	26.40673343887937	25.99698340440348	21.013947703941557	26.581471305075468	8.641477001249054E-4
68.0	22.94488476448649	23.431023054303683	27.37323661454476	26.25049551756878	3.6004909629477075E-4
69.0	22.571114831416175	25.510251840650934	25.505643462763945	26.41018163489406	0.00280823027488254
70.0	24.67517338408264	23.48002860581184	24.946993315602718	26.897265369241847	5.393252609525275E-4
71.0	24.055369425278702	23.53835150120193	26.81437583019182	25.590648432472353	0.0012548108551894495
72.0	26.18255129888589	26.427068131688497	22.211671063381157	25.17663034224112	0.0020791638033354804
73.0	24.480941540484285	23.5087251430294	23.554176250649235	28.451999078073747	0.00415798776332877
74.0	23.944069348101753	26.532222165673037	24.001630050270638	25.521003204905345	0.0010752310492319625
75.0	24.188812973258138	25.422724705329163	22.492359058314864	27.89345115388254	0.002652109215291058
76.0	26.166828953965478	24.503614102903644	26.082752545497485	23.245657575352496	0.0011468222808933316
77.0	23.71056511303049	25.96404353936913	24.5214632863236	25.803067996040834	8.600652359481467E-4
78.0	26.639198280514382	26.873126300346662	21.06613555068046	25.420930680906846	6.091875516465623E-4
79.0	27.229580439476802	21.60070549062917	23.433949120680893	27.73264743170307	0.0031175175100566816
80.0	23.39227742781588	23.805566902443047	28.733078207526212	24.066318376941215	0.002759085273651094
81.0	24.752699106466856	25.644189848829974	22.291102542576027	27.311435196183503	5.733059436418759E-4
82.0	22.385832326794382	22.858436850683844	24.503917529614817	30.25048756376488	0.0013257291420705095
83.0	24.44663242806705	22.936063822240186	24.782640786355582	27.833480592274746	0.0011823710624356415
84.0	22.917582502229354	26.741108647386557	25.30615330433471	25.034009072190948	0.0011464738584255258
85.0	24.66534922479676	27.572594247488958	21.357211131285137	26.403949746136878	8.956502922686034E-4
86.0	24.945519915368237	25.531429357520114	23.200795876745143	26.32053527511592	0.0017195752505833122
87.0	21.268373206204412	23.2290774448262	26.961447567380514	28.540242027843842	8.597537450335788E-4
88.0	24.600265080957158	27.532920189138842	25.65234990686345	22.213748388021205	7.164350193437454E-4
89.0	25.861153070914316	26.781562299292936	23.291386266326562	24.06500284952536	8.955139408237224E-4
90.0	22.98869143201624	26.401822208578977	25.173214049689495	25.43612903179588	1.4327791940402115E-4
91.0	25.834675014640595	25.193175244771027	24.84523952369269	24.126301311474823	6.089054208700542E-4
92.0	24.78769836011086	25.084186420001593	23.009199797422507	27.118843789689034	7.163277600645841E-5
93.0	25.503350897249653	26.647870697485182	21.607162811487317	26.241257438877284	3.581549005618734E-4
94.0	27.23265752851628	23.852642579607238	23.229258030561816	25.680750181668284	0.004691679646383449
95.0	22.769356501135636	27.137278468455367	24.748394314868282	25.34203403257426	0.002936682966450904
96.0	25.46505285753731	25.149436829700928	24.11678186968027	25.267761504155867	9.669389256305785E-4
97.0	25.140890994758287	25.11693316912613	23.339255344940764	26.402705622783497	2.1486839131974674E-4
98.0	26.967486362378107	23.977863238099467	24.900276064930587	24.154266902396778	1.0743219506535278E-4
99.0	21.144454971823148	22.92773563245555	27.39621401086683	28.53159538485447	0.0
100.0	22.334409775272007	25.615260148887707	24.8712870719908	27.179043003849486	0.0
101.0	22.75019235857572	23.292985473123327	28.80505671221331	25.151693847497334	7.160859030971074E-5
102.0	24.537803932184747	24.923244836617314	25.503304034954667	25.03564719624328	0.0
103.0	25.25464213680621	26.166974775864432	25.297716554576503	23.280594921085733	7.161166711602987E-5
104.0	24.818374454049184	27.895857755956854	23.47679811975936	23.808647416924885	3.2225330972052044E-4
105.0	27.251069857744998	23.76117258772189	21.813317119406904	27.170859620985144	0.0035808141410647405
106.0	25.58470716301187	23.86660841915293	24.580259822106363	25.968245556239882	1.7903948894968275E-4
107.0	24.469923889904447	25.597305799299235	22.82389760318549	27.107977505357784	8.952022530450305E-4
108.0	23.22390137481887	25.20995375020096	24.667001088841364	26.89907217539476	7.161074404637224E-5
109.0	24.961994080886907	24.883511768408432	26.378399318865185	23.77512812452336	9.667073161125762E-4
110.0	23.872060321478248	24.563315533102877	23.94842885964551	27.616159482426824	3.580334653880098E-5
111.0	24.27358451383011	24.88198612764117	24.750187261089938	26.093311162766053	9.309346727334964E-4
112.0	24.48619138220802	24.927156291913327	23.98693718434095	26.59964353307559	7.160846211518508E-5
113.0	28.151134139765887	22.499554249452746	23.503262750792864	25.845117975311503	9.308846769937581E-4
114.0	26.008596445060267	22.845169109367475	27.56719888722402	23.578749129524905	2.8642882333249195E-4
115.0	26.046779596928626	24.460998382959342	26.695457820160446	22.796083868408125	6.80331543464592E-4
116.0	26.182577413090986	25.149268989253347	25.26850514738556	23.399505223653733	1.4322661637502745E-4
117.0	25.393959749326662	27.20483185679738	24.318049497314163	23.082371156095068	7.877404667290653E-4
118.0	25.81720841683582	24.659064583571293	26.082423175623585	23.441017376275184	2.8644769411396536E-4
119.0	26.262693897368894	21.999449294054415	25.211089026378385	26.52608745625773	6.803259405774679E-4
120.0	24.82194386348606	24.340742029770134	25.217461048933348	25.6197814450664	7.161274406070756E-5
121.0	26.79888482997811	23.881732681456825	24.554651709886784	24.76387141313354	8.593655447410767E-4
122.0	26.433647061772337	24.897278851886398	24.790896444550274	23.87785537936554	3.222624254544348E-4
123.0	23.58696018029618	28.136832026491565	23.887632853493596	24.387715568019626	8.593716990279791E-4
124.0	24.602748614002028	25.35892003338641	23.607494110649956	26.43072982107619	1.0742088541306733E-4
125.0	26.37172235528163	24.184972828548627	24.96178595047803	24.48048048908254	0.0010383766091704408
126.0	23.324178873607586	24.570557968497678	25.852492650771087	26.25266308843065	1.0741869300095603E-4
127.0	26.06063752651885	23.556864465192053	27.54017885116325	22.840922721617	0.0013964355088485674
128.0	25.774333193688033	23.589564557306492	25.260295260295262	25.3659960111573	0.009810977552913037
129.0	23.886915546516374	26.76157806916406	23.28565085685231	26.062310672519857	0.0035448549474000816
130.0	26.06418138653852	24.95035288304192	23.88121215593456	25.104253574484996	0.0
131.0	25.12818309261517	25.317928803284296	24.922717742960625	24.630310973131593	8.59388008314579E-4
132.0	25.767349192492052	26.787843587453708	21.985192643875067	25.453312354574447	0.006302221604731823
133.0	26.67961728244756	25.936025151647534	24.507637879297874	22.874320540273434	0.002399146333603088
134.0	25.50518767848031	23.928598923970746	21.81908027249859	28.747133125050357	0.0
135.0	25.695697229815522	24.751832120275036	26.259531214975222	23.292294889542823	6.445453913930273E-4
136.0	27.594912141298693	26.331649006359285	24.47027134840574	21.597044197737674	0.006123306198612122
137.0	27.992031824004005	21.939662874394518	24.903307265714606	25.164890609462336	1.0742642453705477E-4
138.0	24.416382504312118	24.72908940452485	27.721558012984516	23.131645200667023	0.0013248775114933125
139.0	25.018288877247347	24.625476379149642	25.46080271968048	24.894178747948654	0.0012532759738759995
140.0	25.780217167427466	22.26990235916416	25.62957355719444	26.319877222055915	4.2969415802145887E-4
141.0	24.94037057792467	25.596732869857284	25.410709841674528	24.05172120537193	4.655051715834158E-4
142.0	27.711727364136117	23.48681251629278	23.97856801143574	24.822569833362458	3.2227477290371005E-4
143.0	25.981805173701648	25.999888278638807	24.35837204788836	23.659648034742478	2.864650287073767E-4
144.0	27.24934140158909	25.94002233702263	23.196092059471336	23.61397127411623	5.729278007127938E-4
145.0	27.042107061099657	22.79917369310412	23.461909350452455	26.695914693731833	8.952016119358304E-4
146.0	26.50115070286514	22.02234372409486	25.650665445361575	25.821041802365574	0.00479832531284902
147.0	26.10777624044298	24.82440008135461	27.124279195276852	21.93967727427676	0.0038672086487972985
148.0	24.335240804339023	24.590477397703943	24.05658603868725	27.017051222417855	6.445368519316233E-4
149.0	26.926003522772156	26.224421139927244	23.886529353271598	22.960646860890606	0.00239912313839682
150.0	25.340241956997755	24.50551359016273	24.974674546890135	25.17953409760281	3.5808346567501415E-5
151.0	26.1809040727498	24.54138370004852	26.014212638111285	23.262783406771863	7.161823185328289E-4
152.0	26.63703089375346	24.617565676933552	23.46221456858214	25.2830814328445	1.0742788634559336E-4
153.0	24.120826331038764	24.341199418306722	25.99227870570739	25.544657062735425	0.001038482211694957
154.0	22.697657729407013	24.867717288856166	25.248665713639085	27.183201886192464	0.0027573819052721144
155.0	26.23812673624603	24.568286464613617	24.512275351206515	24.681168197004407	1.432509294299365E-4
156.0	25.45951310216245	23.86538593083926	26.73382638869241	23.941023884331234	2.506939746419463E-4
157.0	24.3752117486192	23.15496668249633	26.967050661371967	25.502412770313004	3.5813719949602936E-4
158.0	24.482347990365934	21.982683750123112	26.344050784782475	27.190810031606183	1.0744312229713395E-4
159.0	26.358332148450693	22.0630639310144	24.942740621012213	26.635361888228974	5.014112937163495E-4
160.0	25.450287261944716	22.1121319059	26.112058841332054	26.325486174858554	3.581596467972827E-5
161.0	23.900785017968953	21.407767372793636	29.075607137152144	25.611972329889493	0.0038681421957724067
162.0	24.885637044285293	23.86994499976361	25.343160500689834	25.901257455261266	0.0
163.0	24.44726209920055	24.676136852058796	27.13043353677756	23.746167511963094	0.0
164.0	24.985708534333188	24.40788917559376	25.176333046310077	25.428063424020266	0.002005819742710636
165.0	26.106791098318034	22.54971457349719	27.55636443611207	23.786485143744848	6.447483278631213E-4
166.0	24.710631336460004	23.426351363210912	26.09786003486788	25.765085624037994	7.16414232141853E-5
167.0	25.852285956849276	24.629264116405945	26.946063382779112	22.571956684493895	4.298594717743525E-4
168.0	26.328010591987805	24.697694179278564	24.015204488985304	24.95891162740046	1.7911234786197172E-4
169.0	25.982142601259273	22.3834368399483	26.104910426416684	25.529331013868074	1.7911850767057098E-4
170.0	30.98585999130915	23.415504751846804	23.603758775485492	21.994697362401713	1.791189568398544E-4
171.0	25.09312497984889	23.993394019509854	27.43018761127889	23.482469433010557	8.239563518078676E-4
172.0	26.660531443139984	24.707051435216016	24.689928215018927	23.94245308398868	3.582263639558364E-5
173.0	28.224405120748962	20.22601990685965	23.99572876894768	27.552198462514433	0.0016477409292757355
174.0	23.415821370239833	26.588261841313503	24.378957849795125	25.616672397489896	2.865411616378693E-4
175.0	25.928370657742427	24.349019517953536	23.349161346887787	26.37190841575648	0.0015400616597710107
176.0	24.19187500470043	25.09707957283914	28.53023872460558	22.17944581110104	0.0013608867538087818
177.0	21.354427451005677	26.819643431475992	25.35882134253658	26.441785951437975	0.02532182354378025
178.0	25.04009213850285	23.545240907375163	24.290141738870716	27.124167089851515	3.581253997574775E-4
179.0	27.874878315913737	24.667790804372103	23.147017298301687	24.309239108244576	0.0010744731678978936
180.0	25.88196167627938	22.92818423658377	25.840623230051868	25.34894353513032	2.873219546656237E-4
181.0	27.37950111010661	22.79052104887274	26.867097188089527	22.96219739975417	6.832531769474694E-4
182.0	24.906239933735215	23.48524285582808	26.25076935023699	25.357675958308405	7.190189130734895E-5
183.0	23.57262743245667	25.08168251787417	26.541632830746348	24.803553948926005	5.032699968042355E-4
184.0	25.86908977970262	22.444026980354266	27.110338491003912	24.572878158480105	0.0036665904591002617
185.0	24.427016691346665	25.586713055479677	24.6552108342798	25.330448409218338	6.110096755179205E-4
186.0	26.59946105634251	23.689474423899277	25.537784464950867	24.173280054807343	0.0
187.0	23.892782412276894	22.868735549322878	28.667370753647937	24.570391113956585	7.201707957059096E-4
188.0	26.403228878169323	28.65719378345189	23.398602360312534	21.54061496578263	3.600122836191171E-4
189.0	24.334419114354052	24.359763605023392	25.61017581300374	25.6947054494975	9.360181213108286E-4
190.0	28.44399754179542	22.07390670559184	25.03653285148491	24.445346890180396	2.16010947434816E-4
191.0	26.233965916315	24.219421880527168	25.32279112501546	24.22356866516445	2.5241297792143684E-4
192.0	26.265081268827924	24.228798958005036	24.573858821510044	24.932152771116662	1.081805403401629E-4
193.0	27.233774758009837	25.126945658602732	22.01172804777773	25.62726302274924	2.88512860460755E-4
194.0	27.039874440969115	24.13141720212097	24.846305951323515	23.982402405586395	0.0
195.0	25.580607707964305	22.396710818425216	25.09404025200515	26.92788377782659	7.574437787355233E-4
196.0	27.180635059539092	22.8087697665084	26.932859865264103	23.077626825678653	1.0848300975262258E-4
197.0	24.783892001879245	25.231714140322186	24.600922190993863	25.38260365426048	8.680125442279517E-4
198.0	26.907097420525762	23.999842085571508	24.920273134011037	24.172678703174842	1.08656716850375E-4
199.0	24.911280940964666	23.558998128887186	25.824659851290992	25.70440773199712	6.533468600331392E-4
200.0	26.888319295365783	23.820101053038144	25.024039936241987	24.267539715354086	0.0
201.0	24.504176994799995	21.747963052509757	29.36711231926674	24.380348303136703	3.9933028680627257E-4
202.0	24.629393509448867	25.558596342439238	28.73775960244031	21.074214240176822	3.630549476402155E-5
203.0	25.056268724466634	25.363159328188832	23.418828869723104	26.160871538810714	8.715388107126646E-4
204.0	25.67152763503006	24.101706265993293	24.108570262262766	26.118050566951567	1.4526976231687839E-4
205.0	26.821620290622484	24.58505979184803	25.993973420438	22.59840223369139	9.442634000963875E-4
206.0	24.80496182776347	21.87747327725513	26.746826123546636	26.570702449786225	3.632164853792652E-5
207.0	25.141894159889215	23.99475289491695	27.39025907127257	23.47273060162252	3.632722987435138E-4
208.0	27.80217033172662	22.638058343016475	22.7271505112626	26.832584479504806	3.633448949678912E-5
209.0	26.831064101189643	21.466384897870924	25.50008812846041	26.201445306750642	0.001017565728386268
210.0	24.146105728880233	25.41518379168422	25.513506990397765	24.924876350853523	3.271381842594918E-4
211.0	23.87906015505071	26.349421850355192	25.918600195031427	23.851645223148093	0.0012725764145777626
212.0	27.76105515144394	22.875898065659964	25.279954952579075	24.08280082630589	2.9100401112653836E-4
213.0	29.065988901757333	23.468422857167816	23.533646689198978	23.93135919623274	5.823556431353736E-4
214.0	27.288711103858542	25.94959255303804	24.731768332927807	22.0298187360038	1.0927417181105183E-4
215.0	25.06458033910974	25.22677023851842	23.50680547942006	26.201223504542703	6.204384090791308E-4
216.0	25.299865709183234	24.67710035193201	26.671787780643076	23.351135418150893	1.1074009079210911E-4
217.0	28.06962728873718	23.149114669703483	26.57890140615335	22.20146287020034	8.937652056460637E-4
218.0	24.11952832520482	25.12648679443202	26.049685911850347	24.70399754034616	3.014281666536048E-4
219.0	26.251722300670437	23.141103725189456	25.200790879707256	25.405584456528807	7.986379040394725E-4
220.0	27.87288317797411	22.72999936494383	24.944203046586345	24.45253184653676	3.82563958955478E-4
221.0	25.03856417850587	23.246949573480187	24.646135098030143	27.067888379841733	4.627701420704336E-4
222.0	24.73795702019363	25.544891068583155	24.757728698259236	24.959150231215542	2.7298174844029926E-4
223.0	29.559555049410264	23.367553327570214	24.514540048351854	22.557484347535755	8.672271319103712E-4
224.0	29.00382619012309	23.561342626921746	25.51331257106135	21.921439517524348	7.909436946957338E-5
225.0	30.146414457581994	20.43207984940682	24.147242242501186	25.27322871936101	0.0010347311489893461
226.0	24.506481136773502	23.03962333177006	26.277371380499055	26.17628240769839	2.417432589892231E-4
227.0	26.505251597639308	24.000436682645777	26.268660850749043	23.223899250144203	0.0017516188216737982
228.0	26.33525376240434	28.144557571717154	24.296792491694273	21.22335522395883	4.095022541051577E-5
229.0	27.780597378873107	25.31788706257723	22.36211392933455	24.53936029955736	4.1329657749104176E-5
230.0	25.229757320068423	23.263160571838586	28.684486904155875	22.822553511368938	4.169256817464517E-5
231.0	25.049986805513264	25.401924365142197	24.479578994377118	25.066775944082444	0.0017338908849779079
232.0	24.581962203386155	25.46242008742057	24.967941397512636	24.987421118825022	2.5519285562081406E-4
233.0	22.52769466782114	25.24508527016967	22.876964589489436	29.349652689124365	6.02783395384143E-4
234.0	26.524317528059697	21.822165836119208	27.06194511340944	24.590608737969024	9.627844426287691E-4
235.0	25.044754370895667	22.733757056823084	27.347814075465827	24.873319743318106	3.547534973151812E-4
236.0	28.098297228240487	24.23488591078458	23.878017039409368	23.78839510636365	4.0471520191241424E-4
237.0	27.812396044704364	24.803420678155994	22.580990134514455	24.802920099988214	2.730426369729765E-4
238.0	26.858333921680188	23.102419882155278	24.452710525502184	25.586443380959434	9.228970291483183E-5
239.0	26.96264996477208	23.773339377316592	24.668780185735294	24.593496030237418	0.0017344419386185687
240.0	25.396519239794664	21.86187925293181	26.89436744942151	25.84694255317288	2.9150467913594127E-4
241.0	28.709272165119938	21.551639862124443	23.67205772991702	26.064403856507866	0.002626386330729158
242.0	25.988471186984246	24.423449685606627	21.946319421327086	27.64088239723667	8.773088453689547E-4
243.0	27.528603705553838	22.920466292527124	25.52176645430268	24.02589190189555	0.003271645720809474
244.0	25.81704622622493	23.20949456639797	26.723429363173622	24.248611021415417	0.0014188227880552735
245.0	28.666721563945035	21.566199745707966	23.47020401201074	26.294717999543177	0.002156678793083335
246.0	24.716406246548498	26.87470823309151	23.770332870760573	24.636000072650265	0.002552576949150213
247.0	25.103977435113407	23.26526777356211	25.0995010558844	26.38495975931837	0.14629397612171421
248.0	25.86888195476097	23.376879809853673	24.069838496752848	26.674157757045425	0.01024198158708368
249.0	25.737990124102666	21.19877896201901	28.78737701398468	24.259270683983626	0.01658321591001631
250.0	25.87089206289235	22.641462780188338	25.459888176875577	26.026174484032122	0.0015824960116155207
