# Position (bp)	A	C	G	T	N
0.0	23.532681334498534	23.85589626278723	27.298167377782345	25.313255024931884	0.0
1.0	23.662776698717433	29.63352970448015	23.463730195675552	23.160344799910106	0.079618601216752
2.0	24.788613303269447	25.058932048785486	22.330121963718355	27.821692118479042	6.405657476683407E-4
3.0	23.605613069427335	22.6276461270141	25.705233851224857	28.050946445429382	0.010560506904331407
4.0	25.489500204624516	24.232658072437076	24.75540976058932	25.52211223654594	3.197258031512175E-4
5.0	27.282565322181608	24.8608960750826	23.996424638074412	23.85915627843131	9.576862300681554E-4
6.0	25.39362824211155	24.729638713448807	25.195702176869016	24.674676900789162	0.006353966781461666
7.0	26.08705301939796	25.451023164676563	23.5746399741276	24.886966778061726	3.170637361522413E-4
8.0	27.342830009496677	24.81354859132637	25.908198797087685	21.935422602089268	0.0
9.0	26.982157739222668	25.801512740864208	21.946738389271914	25.26959113064121	0.0
10.0	25.90483038766731	25.193959807743255	23.614212365489664	25.286997439099775	0.0
11.0	25.38884157645706	21.634318285930377	25.030360233781483	27.946172458425693	3.0744540538213926E-4
12.0	28.678407693845042	27.76240166183177	20.109739036694748	23.44945160762844	0.0
13.0	26.116900173821467	24.589305641568764	25.399774421018932	23.893421410855915	5.983527349207632E-4
14.0	25.715489714278934	23.0301033913797	23.8364018375414	27.41800505679997	0.0
15.0	24.929718700911774	25.127375797728973	23.469316778826926	26.47358872253233	0.0
16.0	26.49169589038747	24.79857782655543	20.588932998368044	28.120507478128655	2.858065604037875E-4
17.0	26.38483517158745	26.35634665497334	20.386047330039464	26.871653646669774	0.0011171967299651714
18.0	25.677397552449488	25.670472613250457	21.632402067509847	27.019727766790208	0.0
19.0	26.032533424562292	23.990365780311098	23.696262739407047	26.280010373615703	8.276821038575504E-4
20.0	21.24510635967914	24.802201111506555	26.485613381881894	27.467079146932406	0.0
21.0	23.60326086956522	25.474456521739132	24.672010869565216	26.249728260869563	5.434782608695652E-4
22.0	22.66600046204514	25.63034239693976	26.44832347457946	25.255333666435643	0.0
23.0	24.2466513391976	26.612984962365903	23.24538708971904	25.894709889418177	2.6671929927505694E-4
24.0	27.53636618778562	22.392145856611048	24.017305380660126	26.05418257494321	0.0
25.0	25.06904836900073	26.90582609442641	21.39236914650749	26.632235761458382	5.206286069800677E-4
26.0	24.212770256094117	24.845558695466355	21.99839924987502	28.943271798564506	0.0
27.0	24.116573520212178	25.867916431861776	21.946459314559284	28.06905073336677	0.0
28.0	27.4743799959008	25.468589874974377	22.667298626767778	24.386657101865136	0.003074400491904079
29.0	25.368515123972397	23.563641533672865	25.48047872691544	25.586602958276423	7.616571628778453E-4
30.0	22.199243811572554	24.846910887148574	26.879954457405837	26.073638948993803	2.5189487922900016E-4
31.0	26.75528246285033	24.6608564800301	22.773590820741113	25.809768637532134	5.015988463226535E-4
32.0	21.96825159303181	24.146995373661042	25.05330889229733	28.831444141009815	0.0
33.0	25.718622779995442	25.295175173588756	23.723961686658676	25.261992729577937	2.4763017918519764E-4
34.0	26.885521554436753	27.000324496538703	21.373013687853994	24.741140261170546	0.0
35.0	24.89357393958171	24.489825790602303	25.95405321668956	24.66230309654094	2.4395658548604689E-4
36.0	22.91551884699584	25.936498959039294	26.81997474390416	24.328007450060703	0.0
37.0	24.274688612641683	27.188362849434984	22.04824767693211	26.488700860991226	0.0
38.0	24.84449956023769	26.995314886867796	21.020882009701573	27.139059907564643	2.4363562829974006E-4
39.0	22.7315464359484	25.862270548345613	22.881104096028686	28.524835340426364	2.435792509450875E-4
40.0	24.193214502290488	28.416920150702246	23.40755605670574	23.982309290301526	0.0
41.0	23.459697174833078	26.727316115772915	21.34289179040875	28.46668582254192	0.0034090964433383824
42.0	23.205290209168755	26.909264439850894	20.900075720501267	28.985369630479084	0.0
43.0	25.194327795021604	25.927575923559125	24.207656259509463	24.667031830077292	0.0034081918325117155
44.0	27.658984088812517	25.64677991349494	23.270689776873404	23.423546220819144	0.0
45.0	25.497954644453692	24.660587787244086	23.264246308991048	26.57331766160256	0.003893597708617748
46.0	26.277739926026868	24.149795600545065	24.30212186100837	25.2703426124197	0.0
47.0	25.277848064308934	25.5890281643537	23.636792728263618	25.495114545419156	0.0012164976545925219
48.0	22.99180766498993	23.933877543077866	23.255966685801575	29.81834810613063	0.0
49.0	20.407493165478126	24.854796812826525	25.911107435765224	28.825386478834876	0.0012161070952552365
50.0	25.27183098934077	26.25944507810201	22.009615922450042	26.45886481530571	2.431948014679238E-4
51.0	23.548692212115245	28.877833621467317	22.28382048644798	25.287951622668487	0.0017020573009747927
52.0	21.11605374977831	26.87586094637898	22.417039389131972	29.591045914710733	0.0
53.0	23.01858577227088	26.55973859509429	24.56181662814861	25.858645200132063	0.0012138043541589792
54.0	23.69673884280266	31.16877756980304	21.692898188677596	23.441585398716708	0.0
55.0	24.20888954654725	30.32357600118378	20.753353046912334	24.713211089737214	9.703156194131046E-4
56.0	27.3189687165717	25.482277090109957	24.066675884083704	23.13207830923464	0.0
57.0	22.345057082637034	29.227231825601447	23.760056464150843	24.663531386354983	0.004123241255696743
58.0	24.440720224293987	26.429728654721135	22.693274090745934	26.43627703023894	0.0
59.0	26.811494035450206	23.804604307474424	25.663691060814397	23.7175429789525	0.00266761730847114
60.0	21.477993442019063	23.933479874075132	26.25543166104012	28.333095022865688	0.0
61.0	24.840055835053946	26.068233150124563	25.072459553513436	24.01416232878704	0.005089132521010847
62.0	25.764606955312203	22.25665979261528	26.084722885259886	25.89401036681263	0.0
63.0	27.45206847084367	23.52837120037221	23.67739996898263	25.34022177419355	0.0019385856079404467
64.0	22.78892622974635	23.31724017704086	25.37601813022382	28.51781546298897	0.0
65.0	21.025808638388536	27.341177609916716	25.598247143133833	26.02944024791788	0.005326360643036994
66.0	24.88561039262871	25.132788782313554	23.71290508446674	26.268453646183865	2.4209440713500636E-4
67.0	25.533418867559128	27.929748965116563	21.185940109903413	25.3508920574209	0.0
68.0	22.9278270657581	23.631764321419492	27.079071906658115	26.36133670616429	0.0
69.0	24.683689845397133	24.65004369158822	26.169687962180753	24.494642031549926	0.0019364692839662764
70.0	25.5538567979602	24.434047617895658	24.230116069225446	25.781979514918696	0.0
71.0	23.225535184822714	24.26509500300849	26.377078455110688	26.1315664199464	7.249371117055596E-4
72.0	25.002355863442073	26.313907326372863	23.570715771720458	25.110846395287307	0.002174643177298658
73.0	24.424122351349393	24.28350527918046	24.761893256662397	26.526130131194282	0.0043489816134721785
74.0	23.39400557598365	27.889581994501327	23.87646828598901	24.83946095603477	4.831874912422267E-4
75.0	24.63871401031072	24.9844179563123	22.286187786576733	28.088747590218826	0.001932656581420406
76.0	25.581277372879924	25.048615925731777	25.9619914049459	23.406424307721295	0.0016909887211052303
77.0	24.053867987197293	25.94552811160094	24.23407210580349	25.76556555347545	9.662419228214263E-4
78.0	25.368905421563063	29.946013840746872	20.490585635092213	24.193770456164927	7.24646432927934E-4
79.0	27.58481597240673	22.821450482350837	22.97217002323593	26.619631220200286	0.0019323018062191134
80.0	23.131657126295195	25.333913001473324	29.207786875347196	22.323261599401008	0.003381397483274159
81.0	23.864039822912666	27.408201761695324	23.701733919760017	25.0252999157072	7.245799247886038E-4
82.0	22.19831177770532	23.202550447415135	25.246289654506153	29.35091596324071	0.0019321571326788153
83.0	22.961739290044296	23.74980075062673	25.500055548310126	27.787196839059643	0.0012075719592130494
84.0	23.2140614585044	27.74351072770656	25.040331539747097	24.000405730459732	0.0016905435822135496
85.0	24.551417352118662	28.056520206142743	21.735549963533792	25.655304987900944	0.00120749030385286
86.0	25.078905870789974	24.66523867365691	23.70049818764021	26.55270091113038	0.00265635678252407
87.0	21.546965328387834	24.401734788005236	25.60381923818079	28.446756207227963	7.244381981773134E-4
88.0	25.294594907854577	28.46704400571804	25.1931769887571	21.043493799018663	0.0016902986516246184
89.0	26.416073869096774	27.181519203743683	22.97446744804872	23.427456548300324	4.8293081050277927E-4
90.0	23.515634431969094	25.97923457684414	25.448750452734515	25.05638053845225	0.0
91.0	25.17614050676312	25.417594251469243	25.094770594797154	24.310528831991654	9.658149788245066E-4
92.0	25.257315038594236	25.416182779992326	23.639181903563898	25.68732027784954	0.0
93.0	24.882425085223705	27.22668057285782	22.007996059912507	25.882415428146516	4.8285385945089857E-4
94.0	26.64952560295502	24.606841940078706	22.644069433379205	26.094975978368463	0.004587045218608919
95.0	23.689057879171948	29.01876999215402	23.21274669563643	24.077494115516927	0.0019313175206711328
96.0	25.0676509140417	26.5461945304749	24.394883394205074	23.99006418689757	0.001206974380761794
97.0	23.75345190506537	25.273497093640767	25.171629685417997	25.801179923913253	2.4139196261321283E-4
98.0	27.449314334405905	23.8977572543444	25.31495236187115	23.337976049378543	0.0
99.0	21.812968255194253	22.392735768903993	28.835830694369353	26.9584652815324	0.0
100.0	21.99620588618624	26.25517104888421	25.189343656927154	26.559279408002396	0.0
101.0	21.791177336596338	21.64974827557911	30.988410540085244	25.570422501218797	2.4134652050721386E-4
102.0	23.441670970887376	24.801000188259373	26.8619576078509	24.89537123300235	0.0
103.0	25.505207139150688	26.389757080623166	26.090965040365887	22.013829389262312	2.4135059794610643E-4
104.0	24.922890531102027	28.781742794669192	22.60646898968495	23.688173651972022	7.24032571811964E-4
105.0	27.767306146780356	22.99232285982522	21.76291851998446	27.474073662896075	0.0033788105138929446
106.0	24.27313338819878	23.667360931779402	26.27966414623492	25.779841533786897	0.0
107.0	24.529617902033092	25.767478230648926	23.852161489004306	25.84977699689147	9.653814221999112E-4
108.0	22.327283082707673	26.199250415698312	26.457960773524665	25.01550572806935	0.0
109.0	25.447182724701477	25.45514658326335	26.65913720038999	22.43805083355053	4.826580946589055E-4
110.0	25.152097999136043	25.927248769822214	22.983751276030418	25.936901955011333	0.0
111.0	24.490899174144097	24.1860902890737	26.249040684625374	25.072521828949846	0.0014480232069852639
112.0	25.248505587906667	24.196806289924393	24.469746149038194	26.08494197313075	0.0
113.0	26.89550156978105	24.04528112474028	23.811201552164754	25.246567838432004	0.0014479148819104754
114.0	25.09435237111611	23.523421588594704	27.264698217198674	24.117286512678447	2.4131041206165962E-4
115.0	24.412355909258725	25.300850126324477	26.98155686773212	23.30403055918187	0.0012065375028051995
116.0	26.39962356574931	25.792261380500225	25.51355525258497	22.294559801165498	0.0
117.0	25.651989267030867	26.766789568171728	23.734146671042218	23.845867999922785	0.0012064938324035288
118.0	26.955029908476924	23.90144559649254	26.554480721760683	22.588802478579066	2.4129469079291847E-4
119.0	26.915457579186885	21.906903682398276	24.918020128803107	26.258894725539356	7.238840723787555E-4
120.0	23.417351941934985	23.98897768512084	27.570747432630682	25.022922940313492	0.0
121.0	26.897453653993246	23.63495537319303	25.949661830386766	23.51744656003204	4.825823949116512E-4
122.0	27.795324417120483	23.891123437993876	24.810170562985732	23.503140298853182	2.4128304672928766E-4
123.0	24.560506111655332	27.39893932740425	24.538790794635833	23.50128120370415	4.8256260043334125E-4
124.0	22.657970993512023	25.63269225665265	23.598232877075898	28.11110387275943	0.0
125.0	26.275484353511715	23.350544068328226	26.148092744951384	24.224189929307308	0.0016889039013680122
126.0	25.655353450542982	23.686337524217617	26.893317023386437	23.764992001852963	0.0
127.0	25.789726379382312	23.750781101093178	26.142458363391146	24.315586555651794	0.001447600481568427
128.0	25.420412378098504	22.64629385679198	26.364259278024676	25.560107509759355	0.008926977325477592
129.0	21.957145373258925	29.591696403367184	24.55033042118749	23.898173816744716	0.002653985441683495
130.0	26.343980948658373	26.789139577135497	23.810316581374753	23.05656289283138	0.0
131.0	25.43007146545193	25.166599914106346	24.476555374867903	24.925808148316147	9.650972576761423E-4
132.0	23.708420090090307	27.479715204609228	23.29150511613543	25.514569103415663	0.005790485749373301
133.0	26.89619398033657	25.194764461065205	25.6411122504373	22.265999155558237	0.00193015260269015
134.0	25.31979675836345	23.740234799098634	23.263012627810134	27.676955814727783	0.0
135.0	25.144511459589868	24.154885404101325	27.171049457177322	23.52907117008444	4.8250904704463213E-4
136.0	27.50917977891329	26.366110331051058	25.666227581315233	20.452450916530356	0.006031392190070881
137.0	27.472418776221165	24.263998089278	23.563882529197617	24.699459352525796	2.4125277742260005E-4
138.0	24.65326111868373	24.204533117815224	28.265762777288572	22.874995476532252	0.0014475096802209866
139.0	26.519455642486133	23.856291932343723	26.401242922314943	23.221320749709896	0.001688753145302733
140.0	25.13184114408681	21.739675861370184	28.28758497903569	24.840656769132043	2.4124637527321151E-4
141.0	23.39184390319219	25.013992357277953	27.521519280503338	24.07216196394797	4.8249507855019884E-4
142.0	26.75089320823995	23.879117141154644	24.369567472504144	24.999939688842677	4.824892585828808E-4
143.0	23.85314239947506	26.59001650085399	24.565767000221943	24.990832858893576	2.4124055543225484E-4
144.0	27.590382954496107	26.37932615062459	23.853717847889335	22.176331800614697	2.4124637527321151E-4
145.0	27.57668164031401	22.785677408770923	23.541034387922007	26.095641558867666	9.65004125392636E-4
146.0	26.40953635481956	23.742213472682618	24.424243301535835	25.41942301289753	0.004583858064453869
147.0	25.02509119685009	25.39928779602787	26.832381154581075	22.740344714442877	0.0028951380980872785
148.0	26.06425712500392	25.120690195927054	24.37954020714563	24.434547432875505	9.650390478924754E-4
149.0	26.228681581417117	26.409868536921365	22.782027991092647	24.57725054223393	0.0021713483349377186
150.0	24.008946084640385	25.457980182540656	25.23601691746103	25.296574286520794	4.8252883712962893E-4
151.0	24.6734383670712	26.058822110164787	24.903129297657248	24.364127681134942	4.8254397181943205E-4
152.0	27.25208760082129	24.286862048249453	23.847265550545153	24.613784800384103	0.0
153.0	26.235496502754124	22.34135725470421	27.143887721397743	24.27781088573572	0.001447635408196994
154.0	24.56762599648696	26.058013395873143	25.79936109020017	23.573069276352616	0.00193024108711178
155.0	25.04487983785349	24.254415596950103	27.071469935334424	23.62899334041116	2.4128945082520993E-4
156.0	25.244002190892356	24.129735572804943	27.160550425510866	23.464987947679177	7.23863112659642E-4
157.0	24.52115877405064	24.243915857136653	27.350291237772602	23.88415154980962	4.825812304856215E-4
158.0	25.988437465314806	23.139546667567476	24.559528233142395	26.312487633975323	0.0
159.0	26.55145705095878	22.221444720859584	24.858059083132858	26.36879785152244	2.4129352633598194E-4
160.0	25.289561314608367	23.786979392886444	26.13821726750639	24.785000723903288	2.4130109550697359E-4
161.0	24.599147260447506	22.152889879810534	27.769533502723025	25.475292510900537	0.003136846118394224
162.0	25.86305495030512	23.05147564480285	26.20352340207852	24.88194600281351	0.0
163.0	23.648498653565877	23.56452749331609	28.87739245417781	23.909098806065227	4.825928749987935E-4
164.0	27.207335464800625	24.882186161549132	24.37328829100561	23.535018398986548	0.0021716836580804727
165.0	27.24339793830354	21.859677232539283	27.053733446585078	23.84222616887379	9.652136983128064E-4
166.0	25.829874517374517	24.975868725868725	24.3503861003861	24.843629343629345	2.4131274131274132E-4
167.0	25.174838675425093	24.342997524023726	25.79865920817024	24.682780622710446	7.239696704972706E-4
168.0	24.72650923702533	23.735112762902272	25.970581492162708	25.567796507909694	0.0
169.0	25.29534281487345	22.129171302452765	26.80928396110525	25.765960579125323	2.4134244320608955E-4
170.0	29.602071698532146	23.02906266743253	22.892461855550675	24.47640377848465	0.0
171.0	23.701040133214278	24.933030866134132	28.37053840770326	22.993942611675557	0.0014479812727755388
172.0	25.6797634095273	25.49426374241357	25.280299887108136	23.545672960950995	0.0
173.0	26.703117538384358	23.28506446835913	23.05979904587793	26.950571846163495	0.0014471012150826536
174.0	24.623357956450125	27.923723806285285	21.977759609888796	25.474917460707918	2.4116666787250002E-4
175.0	26.19132020053679	25.083014418103293	22.858927335556697	25.864808879950417	0.0019291658527998223
176.0	23.15495797022469	24.189184627181668	30.03935318032534	22.614092875434647	0.0024113468336604727
177.0	23.383162560317157	26.169146070612975	26.592843207944384	23.83145679953121	0.023391361594278036
178.0	23.50041956423191	21.57187087066812	27.697026398788573	27.230200908573575	4.8225773782540335E-4
179.0	26.789210721760853	24.66337760544769	25.807073892956005	22.738890978712732	0.0014468011227176713
180.0	26.566988360135756	22.58959219438718	26.86824407506288	23.974692588819742	4.827815944344938E-4
181.0	27.81113537117904	22.843161881207248	26.11223287088921	23.232020713374812	0.0014491633496927774
182.0	26.497375397795043	23.943519140038344	23.877360813988865	25.68150319443304	2.4145374470612666E-4
183.0	23.35186061560155	24.305830540558812	26.764035502844287	25.57779044050183	4.829004935243044E-4
184.0	23.95997575751722	23.380715636159934	27.122605632272446	25.53308108917322	0.0036218848771818837
185.0	24.49440263825616	27.016052127770013	23.647253949055198	24.84132559818258	9.656867360512587E-4
186.0	25.981955533451313	24.552690856327512	23.593972945371668	25.871380664849504	0.0
187.0	24.00045425660182	22.602165450885924	27.478900022471205	25.917513766632922	9.66503408132643E-4
188.0	28.75127158677115	27.588781523874417	22.176714920515256	21.48250707376774	7.248950714384094E-4
189.0	23.80344823419962	25.84484154312709	27.152367489458356	23.19813452221296	0.001208211001969384
190.0	29.89231825079988	23.023015282302108	23.648178399853073	23.436488067044937	0.0
191.0	24.438888270939223	25.82322985631864	25.74657723054305	23.990821029418168	4.836127809185741E-4
192.0	26.590313867077448	22.682633687932114	24.617006715531815	26.11004572945862	0.0
193.0	24.940989823162944	24.398531517238712	24.04713075107379	26.61286421855048	4.8368997407421743E-4
194.0	26.32131394946683	24.567623847863572	25.090030497906746	24.021031704762848	0.0
195.0	25.856902018929123	22.28900654755138	27.605415093472523	24.24770884076655	9.674992804224101E-4
196.0	27.71338939479761	22.930736496594193	26.352761196558856	23.003112912049342	0.0
197.0	25.828614589814293	24.282625905115125	23.96694014801401	25.920608905533943	0.0012104515226269703
198.0	28.430868977414242	23.07032548493233	23.83061409417112	24.668191443482307	0.0
199.0	26.193819032723482	22.281792941233526	25.703512409219314	25.820148158925306	7.274578983741316E-4
200.0	27.29089268912535	24.294568981405142	24.83461534730777	23.57992298216174	0.0
201.0	24.587842131046557	21.289366593749847	30.17955968589181	23.943231589311782	0.0
202.0	25.380370850968358	26.11964733989013	27.59650250427485	20.90347930486666	0.0
203.0	24.26804328787993	25.416952721503478	24.66006981759607	25.653721219648872	0.0012129533716464871
204.0	24.733548936500583	23.740771561731975	25.54290996343804	25.982769538329407	0.0
205.0	28.49427013701688	23.73689459138786	24.88068345873601	22.886938629928252	0.001213182931001434
206.0	24.47173529012094	22.078407392308737	26.425125696426143	27.024731621144177	0.0
207.0	24.987622440757605	24.30831286586609	27.109767107728448	23.594054888407808	2.426972400469862E-4
208.0	29.09519902514334	22.869078886682622	21.621864364813888	26.413857723360145	0.0
209.0	24.775230839081548	21.877936324104628	26.84628775794128	26.4993310947466	0.0012139841259435691
210.0	22.584632570790227	24.687940162222546	26.824032250230704	25.903152168633735	2.4284812278401087E-4
211.0	26.685531765020222	26.070999162000994	25.473955233850305	21.768299347818164	0.0012144913103146748
212.0	26.757880362813776	22.587903129791208	26.799672466535945	23.85454404085907	0.0
213.0	30.919635782033144	21.457114938673122	24.589574187777405	23.03343202026242	2.430712539073704E-4
214.0	28.085140538805053	25.129642061430392	25.096319430255974	21.688897969508577	0.0
215.0	23.894413236347336	24.86175597920615	24.24446902115925	26.998630957890995	7.30805396267046E-4
216.0	26.073414086373848	24.58451456131954	25.496852104119878	23.845219248186737	0.0
217.0	27.693984694785552	22.337653991418005	26.507533962152223	23.459591465464396	0.0012358861798263828
218.0	23.84351735003995	24.479473910846604	27.928573739847717	23.748434999265726	0.0
219.0	25.68210425691113	24.69889316807179	24.11982713102057	25.497924220925956	0.001251223070551464
220.0	27.041918755401902	22.21915137384173	25.4040119796587	25.334917891097668	0.0
221.0	24.238854221296627	22.875797122378714	25.715668316016426	27.169680340308233	0.0
222.0	23.01928371838562	25.40987168900626	26.512748012956365	25.05809657965175	0.0
223.0	29.465821720481696	22.586835243231533	25.59959970803447	22.34645372784789	0.0012896004044186868
224.0	28.954617575159315	24.101370103726826	25.180501217123453	21.763511103990407	0.0
225.0	28.801629065521055	20.198905991075463	25.230775624275985	25.767390638067976	0.0012986810595159556
226.0	24.24646621834417	22.12288906003128	27.843103005666226	25.78727706277309	2.6465318523341086E-4
227.0	26.13049784565505	23.802578814896975	26.572565163602235	23.49222516104262	0.0021330148031227336
228.0	27.976861847829586	26.209543145027013	23.97092155156671	21.84267345557668	0.0
229.0	27.51888023836725	24.8472891966774	24.029122920324443	23.604707644630903	0.0
230.0	26.282759450472525	23.542231799089954	27.33828097654883	22.836727773888693	0.0
231.0	24.566275733936163	25.921256168785185	25.298892742981398	24.211909053291084	0.0016663010061680908
232.0	24.16410617058625	25.792218882646957	24.852579612590663	25.190816261033856	2.790731422798601E-4
233.0	24.245799972361745	25.123173548498084	23.422856836660735	27.207605596464557	5.640460148738934E-4
234.0	26.70945798930408	20.908867079692637	25.89924762090171	26.481854723268782	5.725868327931931E-4
235.0	24.599094472812485	22.109039360055547	29.0989570525524	24.192909114579567	0.0
236.0	27.9179600295287	23.119546752288027	24.877037880337625	24.08545533784565	0.0
237.0	25.971711406190295	26.474732518150557	23.769762609858617	23.783793465800535	0.0
238.0	26.239063529781664	22.15016899756329	26.834031695356952	24.776735777298097	0.0
239.0	27.583149783114198	23.780439170741584	25.29127732546368	23.34329310566971	0.0018406150108289518
240.0	24.339800635200152	21.633910883305557	29.159460394327226	24.86682808716707	0.0
241.0	28.381110117510737	20.9661574114891	24.71976271143746	25.93045077269922	0.002518986863483507
242.0	24.91869430954892	22.990723257532224	24.03459359784785	28.055357334562654	6.315005083579093E-4
243.0	26.55871316387291	25.13114515506451	24.567964513291695	23.73932962520012	0.002847542570761433
244.0	25.77665640739555	23.277662788007113	26.66449013747001	24.280556726584614	6.339405427164986E-4
245.0	26.59682228224861	23.019660058101014	24.834679679934762	25.547245298404768	0.001592681310840426
246.0	23.494954200153785	26.843399940656415	25.619518296009623	24.039256099467504	0.0028714637126749597
247.0	25.10455033763045	23.020577552690813	26.559302741968487	25.182243707796193	0.1333256599140577
248.0	28.076553798886255	22.29661396658772	25.37636817512642	24.239902707546566	0.010561351853037188
249.0	25.702357611133753	20.859419373678318	29.233158659816638	24.18516890276579	0.019895452605502056
250.0	25.996686275013488	24.880230676359528	23.748683500732103	25.372794060982816	0.0016054869120706928
