# Position (bp)	A	C	G	T	N
0.0	23.351075178968767	24.449167194822913	26.22051390391025	25.979243722298072	0.0
1.0	22.937578846339225	30.92934948888712	24.249623842713866	21.809054598339458	0.07439322372033177
2.0	23.712073275402997	26.489659622721888	23.35643028833604	26.440792647399714	0.0010441661393627664
3.0	25.052179215848504	21.799148752367692	25.30581115531905	27.834775119447496	0.008085757017263351
4.0	25.6548033856766	23.65881995441356	25.03079143500336	25.655376734445177	2.0849046130078244E-4
5.0	28.372543955746426	24.386275310220725	22.527970891944467	24.71206434763049	0.001145494457889541
6.0	26.576129190440373	23.708635829070342	24.100616280954302	25.60822940778018	0.006389291754800799
7.0	25.46420143456638	26.158358166621472	23.551861083614593	24.82454225426971	0.0010370609278480417
8.0	27.667695125292575	24.687564904509767	23.567620593550284	24.07706758252487	5.17941225065662E-5
9.0	25.71626693783741	26.451600568797172	22.27589143249254	25.5559827045975	2.583562753705862E-4
10.0	25.292592173827295	23.946015072452994	23.62973827914654	27.131654474573175	0.0
11.0	26.384179118110097	22.752454447866537	23.368983447312992	27.494132059156673	2.509275537022604E-4
12.0	28.318425919692043	25.668605917553457	20.20020554211237	25.812762620642133	0.0
13.0	25.832650632960775	23.94556927458209	24.75115571420212	25.470331792381064	2.9258587395400546E-4
14.0	25.657302643078683	23.49224035937665	24.00463811216508	26.845818885379597	0.0
15.0	24.821357503362986	25.08552813802478	23.396660550424027	26.696453808188203	0.0
16.0	26.39942533281102	25.22864328855532	21.338660046580053	27.033178283609793	9.304844381130148E-5
17.0	27.68877337575537	27.0749938971435	19.91686502840891	25.318142589952476	0.0012251087397442517
18.0	25.441688311980883	26.3126071471213	20.72539023516611	27.520179139849382	1.3516588232908837E-4
19.0	24.730789479235344	24.699417303348294	22.82911499495756	27.74013964433198	5.385781268162986E-4
20.0	21.517472676933988	26.345936209077607	25.243016105690515	26.8935305751296	4.4433168293735237E-5
21.0	23.596221647059444	24.12645502808503	24.03720259641837	28.23981265791365	3.080705235042406E-4
22.0	22.730563846021557	26.7495205316928	26.14176588014272	24.378106203590626	4.3538552299597484E-5
23.0	24.239439858743374	25.22510934439272	23.486426310389525	27.04859139649431	4.3308998007353004E-4
24.0	27.417379296625978	22.14775458863385	24.16296793604615	26.27185530728724	4.2871406786629436E-5
25.0	24.47587604873416	26.378756140607546	19.918190067289814	29.226881759530894	2.959838375911313E-4
26.0	26.37964946093877	26.75843447300994	19.634551718512576	27.227322302360328	4.204517838507834E-5
27.0	24.414312639822672	25.35553184947037	21.079543237899795	29.15061227280717	0.0
28.0	27.4623034569637	24.6070801195919	23.29715329401226	24.63022238176672	0.00324074766541524
29.0	27.42561161862757	23.692314772242142	23.03756306633352	25.844140742649092	3.6980014767352563E-4
30.0	23.8620436494694	24.36973285170348	25.675155420045158	26.092864596135783	2.0348264618600266E-4
31.0	26.4835600094283	24.39495666950974	23.352538229569383	25.768499596219286	4.454952732951503E-4
32.0	23.518657592678828	22.9372533901219	24.9508884167195	28.592960152091624	2.4044838815423E-4
33.0	24.02686785407245	25.56645479435526	25.73220578207397	24.674431878169848	3.9691328476702384E-5
34.0	25.96335308101136	26.634236692929175	22.985707347669898	24.416624228493678	7.864989588720032E-5
35.0	24.672766391633154	22.998369715530725	26.40924691438225	25.91946137984072	1.55598613149561E-4
36.0	23.330584108026674	24.404064603944427	27.021671720732606	25.24352409743918	1.5546985711542783E-4
37.0	24.751944387676204	26.631719880737485	20.97152945546266	27.64480627612364	0.0
38.0	26.680846320236185	25.41271764221052	21.651406578390812	26.254951776619183	7.768254329539448E-5
39.0	22.47145415656372	27.237845008224742	22.546206909406656	27.74418326501385	3.106607910355722E-4
40.0	25.625524886461452	26.51119738371156	23.81178129624	24.051496433586987	0.0
41.0	23.050951682725064	24.902917841493746	21.841127274971843	30.200150548679673	0.004852652129673734
42.0	23.606682736909935	27.191162142543835	21.476366261805225	27.72578885874101	0.0
43.0	25.78337587798063	25.76098123468616	23.48441243558629	24.967698540932712	0.0035319108142063548
44.0	28.997091415698595	25.28489185460571	22.8523529651455	22.865314501592056	3.4926295814083445E-4
45.0	25.66807425517641	24.38851770957943	23.03760523447543	26.902155461250704	0.003647339518031244
46.0	24.578262021680793	24.600531757846493	23.522854995695422	27.298351224777296	0.0
47.0	25.287867326156533	24.389680923285812	23.462438172825138	26.85842304335176	0.0015905343807584133
48.0	21.376426707870497	25.285050696148502	23.29730712949615	30.04121546648485	0.0
49.0	21.10572660915212	26.502621195892022	24.600848369305133	27.789136250220082	0.0016675754306416596
50.0	26.508566117178262	24.437698903724684	21.773460218091742	27.28023598362509	3.877738022345853E-5
51.0	23.81812577423914	28.844287544903445	21.983719410890043	25.351851097941374	0.0020161720260008648
52.0	21.988118483914832	27.2113187074285	21.609159107214584	29.19140370144208	0.0
53.0	23.04504805741329	24.581078279161193	24.778613109347265	27.593716106617844	0.0015444474604071239
54.0	22.392370618495406	30.18390852525702	22.276930703619794	25.146751543960598	3.860866718247846E-5
55.0	24.276568748447666	28.562764378228618	22.661447613399847	24.49783298901188	0.0013862709119929761
56.0	26.072560245486642	25.498923878350126	25.50065645345726	22.927859422705975	0.0
57.0	22.59936117192652	28.573716424857242	23.282037936239615	25.539725797466783	0.005158669509837853
58.0	25.329267973473797	25.963053007755544	22.355232181267525	26.35225437317448	1.924643286613259E-4
59.0	27.658047193616376	22.778379060777137	25.00692801179917	24.553951506996523	0.0026942268107898394
60.0	22.738471543615493	23.78488824384949	25.15220606548858	28.324434147046436	0.0
61.0	25.221916942705707	24.980947253003187	23.349386449663275	26.441946097347913	0.005803257279917233
62.0	25.734862066248937	21.831981569122515	25.069797917495308	27.363127869016257	2.3057811698380765E-4
63.0	26.141212936109902	24.540242716338682	23.516531740996513	25.79970695120503	0.0023056553498697497
64.0	24.133539699618144	23.19150446008174	23.923299252209905	28.751618230044706	3.835804550414938E-5
65.0	23.831857429534033	27.09518505563022	23.503768003878466	25.564164994384814	0.0050245165724665695
66.0	23.75715717381908	24.891144223500575	23.366453819569223	27.984707839265095	5.36943846029051E-4
67.0	25.950872483221477	26.403950143815912	21.399348034515818	26.244908916586766	9.204218600191754E-4
68.0	22.86624252673884	22.086837473107764	27.787569555496756	27.259197048661044	1.5339599559753493E-4
69.0	22.14044044815594	25.14885420513369	26.22813587023004	26.47950170127309	0.003067775207237802
70.0	24.89356764027318	23.46739699921258	24.899963539544277	26.738842028181786	2.2979278818313569E-4
71.0	23.68560906571821	23.43393627394461	26.56510926310115	26.314238220209113	0.0011071770269166189
72.0	25.420286192747803	26.88423076967122	23.0384513053579	24.654932257587976	0.0020994746351017655
73.0	24.053042736164905	23.752860604043548	23.671946920623675	28.518409389651296	0.003740349516578908
74.0	24.332328926460015	26.44971172912154	24.256006215721563	24.96099909481265	9.540338842306595E-4
75.0	25.00250896645464	24.593060904731395	22.587070675772466	27.81526069783229	0.002098755209205827
76.0	26.424916137633875	24.75018726177307	25.61683818178835	23.206837353753613	0.0012210650510958486
77.0	24.048723198539708	25.61279831016397	23.721920326489997	26.616062141766438	4.960230398886467E-4
78.0	26.47143323165323	28.04074071954414	20.35860837515953	25.128645365352074	5.723082910302122E-4
79.0	26.986727426170642	21.208304782369165	23.660457436044567	28.14203042757008	0.0024799278455455154
80.0	23.283389968369075	24.187642994404403	29.881591000046164	22.64451471843288	0.002861318747474886
81.0	24.642323313324855	25.947249031177062	22.426601028070113	26.98333067553988	4.959518880888379E-4
82.0	22.227630912342597	23.012815035005584	24.580055056735294	30.17804933132313	0.001449664593391971
83.0	24.033110286367585	23.598155351620363	24.672763360024963	27.694941026260185	0.0010299757269053693
84.0	23.124622124570628	27.030762159244574	24.511465479589482	25.33158628529142	0.0015639513038967182
85.0	24.573551719810673	28.557931398288066	21.145335130122938	25.72257146377197	6.102880063530981E-4
86.0	26.032437042289136	24.716586844778117	23.30733035353653	25.94131918368468	0.0023265757115412265
87.0	20.962545960877428	22.854259635623347	26.7334511284418	29.44886610448932	8.771705681052391E-4
88.0	24.792386487579037	27.52984158219497	25.91385793500065	21.762998726250675	9.15268974669931E-4
89.0	25.932078321006298	26.899898371077136	23.859077102603262	23.308107242347802	8.38962965505275E-4
90.0	22.212036464335313	26.203345182539035	25.6699021277472	25.91448742715637	2.2879822208528227E-4
91.0	26.60447958964613	25.06733035476986	24.79133595702144	23.536396522882406	4.5757568015765003E-4
92.0	25.292106675939653	24.46413428747476	23.361937748982715	26.881783158549755	3.812905311834648E-5
93.0	25.103536364502908	27.760937946811552	21.268630254503858	25.866590410828326	3.050233533504909E-4
94.0	27.979571722963893	23.773588502517313	22.67447246967499	25.567487089351786	0.004880215492015319
95.0	23.123611535251705	27.6065774770478	24.11291709223695	25.15433952063916	0.002554374824386731
96.0	25.64242834808605	24.775640426924596	24.073083598887283	25.507856444945798	9.911811562738145E-4
97.0	24.650334255711623	26.18032082601587	23.750434092138462	25.41883458602191	7.624011213395693E-5
98.0	26.759104666498946	23.912204865478888	24.904055073988516	24.42463539403365	0.0
99.0	21.103759356081294	23.378187128105655	27.91240607708378	27.60564743872927	0.0
100.0	21.81379872852286	25.496508773802084	24.75588096290763	27.93381153476743	0.0
101.0	23.95043077328817	22.186787078402034	28.683639456897136	25.17910458000081	3.811141185249664E-5
102.0	24.640572400839147	24.885882690149778	25.56654632385227	24.906960469824853	3.811533395130995E-5
103.0	25.969433915381142	25.977475214885626	25.56207159119405	22.490828726418222	1.9055212095943754E-4
104.0	25.16265954888628	27.96075058335642	23.2922986281835	23.583795820107856	4.954194659454376E-4
105.0	26.903928804589544	24.115421568922628	21.016457707430646	27.9606475455976	0.0035443734595790887
106.0	25.69352000728667	24.5721271859538	24.550594919375953	25.183681666970912	7.622041266493621E-5
107.0	24.99903773342586	25.29903624715274	22.557129099589066	27.143996618919193	8.003009131433419E-4
108.0	23.360442277760953	25.223205866047905	24.97162419344699	26.444651460511047	7.620223310644119E-5
109.0	25.084466152580088	25.53289493736475	26.113261605047395	23.268653418269377	7.238867383949526E-4
110.0	24.773099677655438	24.920728229741268	22.838765619577032	27.467368375335404	3.8097690860859234E-5
111.0	24.78578651116044	23.82488328269932	25.135919363527815	26.252725054653492	6.857879589350171E-4
112.0	24.653362216957877	24.97620758416115	24.35691900215865	26.01339690169027	1.1429503205213681E-4
113.0	28.362172746944626	22.088628813507665	23.233671634512813	26.31465057450245	8.76230532443388E-4
114.0	26.021953303796586	22.883334165157635	27.446620691546975	23.647710851268673	3.809882301306066E-4
115.0	26.297008818124425	24.017205687524505	27.339881675653206	22.34525607158139	6.477471164775055E-4
116.0	25.23091964735459	25.718363760646767	25.978412699380378	23.072227687801057	7.62048172113152E-5
117.0	25.3065272714872	28.175704072538533	23.331089080088596	23.186031828769195	6.477471164775055E-4
118.0	26.683571506137373	23.626107117750273	26.06269015562994	23.62725019479938	3.8102568303616507E-4
119.0	26.756634927433133	21.67476309886386	25.393393631399398	26.17467488846052	5.334538430967452E-4
120.0	24.96848798733118	24.384963244876154	25.543706056555486	25.102842711237177	0.0
121.0	27.134434914881716	24.021585551916132	24.218015293703427	24.625354564257485	6.09675241240872E-4
122.0	27.482157486615733	23.146264789376417	25.3092003734258	24.061843885152516	5.334654295349325E-4
123.0	24.238699278689523	28.397570483045588	23.66953844512439	23.69354402356357	6.477695769302581E-4
124.0	24.414162001796218	25.09378323374878	23.340736921882804	27.151203530860162	1.1431171203507997E-4
125.0	26.591818095567955	23.646151132082732	25.536454767176515	24.224509134886315	0.0010668702864813436
126.0	23.095141931796533	24.98879786626024	26.064583730234332	25.851324061726043	1.5240998285387692E-4
127.0	25.63843471475426	22.80678091127449	26.82919394759623	24.724637879951715	9.525464233024861E-4
128.0	26.278330395606286	22.646293853482483	25.653253713690876	25.41263443625742	0.009487600962934342
129.0	23.103785285225214	28.106900158315568	23.32695117746013	25.459467594841694	0.0028957841573934895
130.0	25.864742789078893	25.21145608442545	23.893642104813935	25.030120918053576	3.810362815126531E-5
131.0	25.77379022225	24.005453463989877	25.5149107201034	24.70508351093036	7.620827263661952E-4
132.0	25.083000081923647	26.880671545251385	22.331203953673132	25.698837255824674	0.006287163327166833
133.0	26.992315638382713	25.44534584961788	24.790191817547566	22.770241512318336	0.001905182133506781
134.0	26.236211867710136	23.5802638953929	21.920906064472963	28.262580069187855	3.810323614594911E-5
135.0	25.214272487084973	24.24302580871813	27.239220838404215	23.302909320081604	5.71545711082881E-4
136.0	27.381191891479954	27.27187166590459	24.4199436061576	20.920400853528427	0.006591982929431489
137.0	28.427770205621822	21.69650671910824	25.028187599285317	24.847344954867452	1.90521117170106E-4
138.0	24.47207113018537	24.731349129542224	27.739050124285797	23.055853167497016	0.0016764484895961129
139.0	25.461044844474284	24.777736035681112	25.093557755101575	24.66655642689007	0.0011049378529609667
140.0	26.643348650069726	21.535217063301555	26.246828063918798	25.573920398692362	6.858240175570949E-4
141.0	24.7067676621427	24.771617121476524	26.296684371356505	24.22462602970425	3.048153200179841E-4
142.0	27.490134412791335	23.3057232788994	24.06083077064934	25.14308292503754	2.2861262238871996E-4
143.0	25.494689892220414	25.448929195895786	25.058801161201483	23.997541648520514	3.810216180235418E-5
144.0	28.147049387579987	25.342331090117533	23.363063372688043	23.146832203850934	7.239457635074944E-4
145.0	28.772592269428827	23.028635766989332	22.738372613606707	25.459484895304467	9.144546706724862E-4
146.0	26.71685687712441	22.480433781194407	25.238279033845433	25.559629483008315	0.004800824827427493
147.0	25.912524037353297	24.23776776382793	27.16168532566018	22.685012845957857	0.003010027200739476
148.0	24.526466513546836	24.423209694405536	24.407587814018846	26.642202547966793	5.334300619845732E-4
149.0	26.889078811050016	25.903354852623412	23.714072228761115	23.491398443950715	0.0020956636147453937
150.0	24.583812487187636	25.39058183566795	24.872028769807248	25.15357690733717	0.0
151.0	26.43845821163676	24.182170476174143	26.072692147213317	23.306145700562613	5.33464413160567E-4
152.0	27.350233241906263	23.940999438329406	23.60940802053413	25.09916877324893	1.9052598126596132E-4
153.0	25.91190448609299	23.555722542647757	25.244104305624994	25.28746844858491	8.002170493482423E-4
154.0	23.681174088297453	24.924340748994194	25.501987984449748	25.890210824664877	0.002286353593728685
155.0	25.913076747490738	24.10050846417753	25.7942585427736	24.191889495258895	2.66750299236675E-4
156.0	26.546198267931736	23.77325804280707	26.20429655971886	23.475942268456098	3.048610862352933E-4
157.0	23.93652230876608	23.588327135024805	27.48985081759367	24.984880547752887	4.1919086255379456E-4
158.0	25.049961357119667	21.741269529136122	26.98782177629202	26.22075679070498	1.9054674721458764E-4
159.0	26.76659063755838	21.807015638368213	25.031678795119657	26.393990842208158	7.240867455921219E-4
160.0	26.0101953239927	22.072426740164058	26.398503323998803	25.518874611844446	0.0
161.0	24.161030342966182	20.61089910716974	29.40844230903353	25.815550346182764	0.00407789464778233
162.0	25.72919398015745	22.79282856986054	25.346703477629866	26.131197748656938	7.622369520278552E-5
163.0	23.931983885905503	23.91582405604107	29.207024952454276	22.945090879986584	7.6225612568079E-5
164.0	25.490214014129386	24.729738176473994	24.852120169894107	24.92564083800603	0.0022868014964828993
165.0	26.647891446755327	22.251799101335497	27.127105494553245	23.972517895727016	6.860616289161255E-4
166.0	24.896286436964566	23.63217018629563	25.48437778723054	25.98705124158971	1.1434791955395163E-4
167.0	25.123206036628854	24.29688985995927	27.08020847349541	23.499276334873418	4.1929504305588327E-4
168.0	25.31223459487647	24.768196975772945	24.55004063509683	25.369413436570365	1.14357683387793E-4
169.0	26.14397546914049	22.208524504175646	25.9084331691132	25.73872377928936	3.430782813150419E-4
170.0	30.50379414269453	23.26640881897064	23.32214112701248	22.907465308353668	1.9060296867935776E-4
171.0	25.467298715507496	24.45384766403059	26.67497707965226	23.402961632958032	9.149078516248192E-4
172.0	27.27708341195697	25.182206699534206	24.20178427046988	23.338811256388528	1.1436165042159423E-4
173.0	28.863893334227907	20.136038810287502	24.100705163344923	26.89810469720062	0.0012579949390482393
174.0	24.582588835564188	26.621639085780245	23.789605788192976	25.00567069988445	4.955905781369072E-4
175.0	24.7188214002639	24.960073992261464	23.582974612434647	26.736719384119645	0.0014106109203397513
176.0	23.858400439524743	24.742825791806037	28.72523717674743	22.671897143279804	0.001639448641983687
177.0	22.218663469890288	25.9528750016205	25.15985788376759	26.64538278575574	0.023220858965882496
178.0	24.03861219047024	23.660754959662064	25.715792045861313	26.5844595921109	3.812118954884716E-4
179.0	26.551910818312134	24.762787080245218	24.3387623143319	24.34528166651417	0.0012581205965779118
180.0	26.9901599072434	22.545330506581987	26.249858509469924	24.214498113969473	1.5296273521844608E-4
181.0	27.564213739896882	22.634623063844092	26.43945632768887	23.360864583082083	8.422854880718975E-4
182.0	25.684922066665237	22.940409865940577	26.318273981077926	25.056240945552332	1.5314076392738678E-4
183.0	22.67467524338322	24.689389452583484	27.144067475410914	25.491178710223032	6.891183993464094E-4
184.0	25.44216296343939	22.585398572613194	27.68569159961195	24.28272702701254	0.004019837322926166
185.0	24.72001160565722	26.004710396364583	23.738583336618795	25.536005671154925	6.889902044731541E-4
186.0	26.76501076408135	24.11575291916374	24.53621049214666	24.58302582460825	0.0
187.0	24.31144658814868	22.84930950057422	27.70046340055869	25.13801360867673	7.669020416849605E-4
188.0	28.195694569169337	27.905314571301272	23.28523191672271	20.613337157519933	4.2178528674881E-4
189.0	24.56715189725377	24.25544527955624	25.842008573178198	25.33412886455429	0.0012653854575001122
190.0	29.010018767453076	22.172553194263465	25.039670883144034	23.777527067851974	2.3008728744728125E-4
191.0	25.528890349762275	23.980253633901206	25.69289301312559	24.79757901195979	3.839912511433339E-4
192.0	25.734382926333794	23.46000874788839	25.017962356430758	25.787492362878382	1.5360646867560888E-4
193.0	26.748161507724973	24.851292206206093	23.352846110476985	25.047277710268673	4.224653232781466E-4
194.0	26.236901252225692	24.23589037686601	24.887121478643337	24.64008689226496	0.0
195.0	26.236745757086506	21.538723344100756	25.221196954698076	27.00275773531503	5.762087996303044E-4
196.0	27.978089628854768	22.693148502770764	27.170624203703902	22.158022119892344	1.1554477822335268E-4
197.0	25.099621545990793	24.969412410086353	23.924272215681803	26.00607745363322	6.163746078316558E-4
198.0	26.979185569279117	23.628992714370103	24.590641807237752	24.80106408033884	1.1582877418408281E-4
199.0	24.843500437692036	24.37981379037433	25.286066461881724	25.49011643807267	5.028719792383501E-4
200.0	27.166105657916066	23.193498307689154	24.377129412165218	25.263266622229562	0.0
201.0	24.329784591719328	21.193794718748237	30.289666453365605	24.186599483280112	1.547528867216607E-4
202.0	24.375852429363228	26.110716669407335	28.89799866513189	20.61543223609754	0.0
203.0	24.772206988503434	24.728318397408483	23.869820401228417	26.629073675940422	5.805369192453795E-4
204.0	24.62122458364025	23.920630859489155	24.157477986454932	27.300589156744493	7.741367117691617E-5
205.0	26.57020931995209	24.52133264274859	25.735468881492718	23.172098827941433	8.903278651718449E-4
206.0	24.191163091408153	21.385775620105072	26.6032140548116	27.819769805228745	7.742844643693646E-5
207.0	25.390446821247494	23.872375950318947	27.872369754901545	22.864458981303002	3.484922290105066E-4
208.0	28.127078112031466	22.948166342689362	22.0698063611094	26.85483299386399	1.1619030577802772E-4
209.0	26.945852861685616	20.853665480923322	25.614457934002015	26.585132769553244	8.909538358080545E-4
210.0	24.221156070215187	25.10432822156366	25.599904224542307	25.074379018975705	2.324647031406369E-4
211.0	25.61608617571991	26.33415258552737	25.503855600793983	22.54513056492748	7.750730312563701E-4
212.0	28.32083397138554	21.86817809119333	25.631477845212085	24.179199950377306	3.10141831736426E-4
213.0	29.602968889040604	22.20720158080075	23.498157827159268	24.691477749236405	1.9395376297453698E-4
214.0	27.90480734255513	25.642654086941874	24.748980685924714	21.70355788457828	0.0
215.0	25.202765403520072	24.27650457102098	23.829164459524314	26.691254426924726	3.111390099089996E-4
216.0	24.836709754636058	24.886054627723407	26.722706190795982	23.554450789596608	7.863724794796102E-5
217.0	28.93580523536282	23.134529083938453	26.116473810491037	21.812596798354743	5.9507185294267E-4
218.0	23.868615183864293	24.843914486192666	26.92087851387538	24.366391680776207	2.0013529145702493E-4
219.0	26.378962355349	24.249675407409203	23.69513778500443	25.67553684176465	6.876104727119761E-4
220.0	27.430077843430606	22.833300962905113	24.73107487970797	25.005261887599577	2.8442635673403777E-4
221.0	24.208254737502237	22.504592623237443	24.897189265328034	28.389840247303937	1.2312662834965991E-4
222.0	24.89249117080757	23.87760616302327	24.855551547998473	26.374019076617344	3.3204155334019277E-4
223.0	28.795038009773645	23.030239799080125	25.75182590631197	22.4221839812991	7.12303535162445E-4
224.0	29.034535177673078	23.255855946651884	24.876792058252917	22.832690837931587	1.2597949053894027E-4
225.0	30.340150533302424	20.74547895443418	23.987861389090536	24.925580061664345	9.290615085171714E-4
226.0	24.775940177002227	22.44913789519833	26.709113716065325	26.065722500521765	8.571121235509983E-5
227.0	27.547057078964972	24.237832267896845	25.475484858390395	22.73815373891358	0.0014720558342118766
228.0	26.427645792097632	27.500314504969182	24.201647091906406	21.870262020728163	1.3059029862083586E-4
229.0	28.035011856175824	25.216067106350575	22.951508965834794	23.79736813546752	4.393617128779994E-5
230.0	26.102837252377764	21.746558549587462	28.435714846750564	23.714889351284214	0.0
231.0	23.92807326781258	25.4812504038378	25.71824388956691	24.87089616070553	0.0015362780771762848
232.0	24.9099003026769	25.784759061020935	24.557941978608415	24.747307900003175	9.075769057980551E-5
233.0	22.962971467937308	24.81391583902635	23.274171881279063	28.94843561628107	5.051954762041449E-4
234.0	25.98757776745603	21.47115419661557	27.762129012903536	24.77792408905653	0.0012149339683388209
235.0	25.684490733415483	22.4413396554273	27.754316841194935	24.119522149448976	3.306205133025163E-4
236.0	27.981833959579788	24.232104087022186	24.58893702384774	23.19698054071693	1.443888333526654E-4
237.0	27.819992321089416	24.328764430196124	23.068410918067777	24.78273500605116	9.732459553114655E-5
238.0	26.682298409811928	22.64293408971863	25.665872725655497	25.008795943982687	9.883083126612179E-5
239.0	27.14283782084646	23.987911291360824	25.404372113014297	23.463576328132397	0.001302446646024557
240.0	25.49839504919943	21.479089276064418	26.3997535520902	26.62265909258333	1.0303006262682358E-4
241.0	28.42727751013545	21.194745040593375	24.41198923011853	25.964389242497703	0.0015989766549408379
242.0	25.99402514650179	24.408951732738537	22.691052093318568	26.90483355100496	0.001137476436141556
243.0	27.053073066781536	23.872810194319772	25.111635629588708	23.959892457029667	0.0025886522803179072
244.0	25.956156305086047	22.377631809659974	26.41370444879974	25.2513661599053	0.00114127654894572
245.0	26.84363678749952	21.909093842072565	24.427985791879976	26.81735821801118	0.0019253605367697028
246.0	23.82937247369779	26.768756857338687	24.575086066930233	24.824386976724792	0.0023976253084988
247.0	25.757853721256595	22.287085165933625	25.522967283674763	26.29536420725827	0.1367296218767395
248.0	26.61556911041279	22.524311365465252	24.671653989073096	26.176850075814418	0.011615459234447057
249.0	25.07645902521178	20.77720822384975	30.322162768683476	23.804628410713406	0.01954157154158835
250.0	25.769420964018998	23.139847371821983	24.4853367515192	26.604446976954105	9.479356857235092E-4
