# Position (bp)	A	C	G	T	N
0.0	24.876652962269617	23.78082369696264	24.097831182131138	27.24458019460841	1.1196402819702086E-4
1.0	23.94277973142569	31.11216336150108	23.821109663750207	21.05171145260893	0.07223579071409282
2.0	24.56520400296505	25.48703310303992	21.879370869354553	28.067724220728486	6.678039119953165E-4
3.0	26.962097806969588	21.060764715803053	24.54896742424102	27.42205410574658	0.006115947239761812
4.0	26.582581804040668	22.776244884353993	23.208940575174534	27.432195700079625	3.7036351178681874E-5
5.0	28.72746670060079	23.112762769039207	22.25406423389094	25.90511442223642	5.918742326443055E-4
6.0	27.000927250188056	23.959502320341123	23.183359570340844	25.851336425644394	0.004874433485585525
7.0	26.37811794183947	25.513386125209507	22.220812996859475	25.88694555072732	7.373853642278137E-4
8.0	28.751219519384097	24.546604062215387	22.764410961084437	23.937765457316086	0.0
9.0	26.94745017740199	25.23723470606579	21.522715103587462	26.292342588833385	2.5742411137196755E-4
10.0	24.48095827496399	24.28319135483383	22.971272545447263	28.264577824754923	0.0
11.0	28.312178397496567	23.2401602460378	22.172642646025746	26.27487519795753	1.435124823569342E-4
12.0	28.66289376136758	24.679242150492165	19.345546497161454	27.3123175909788	0.0
13.0	26.213899981465566	23.10148443950193	24.609197290603042	26.075242772975677	1.7551545378467485E-4
14.0	27.558513007693406	21.93568143398315	21.917280298251164	28.588455821824233	6.943824804522652E-5
15.0	25.536238668038102	23.718231669886528	23.611404810835708	27.134124851239665	0.0
16.0	26.145055173540467	25.1702528680385	20.98585996600343	27.6987307317903	1.0126062730283543E-4
17.0	27.95309924213867	26.95079213206294	18.54461764225993	26.550167150472493	0.0013238330659742137
18.0	26.244704303557388	25.59504191704129	19.230611253081797	28.929576807601553	6.571871797239353E-5
19.0	25.419313960152706	24.858310607995023	22.96321192482771	26.758673090899936	4.904161246206222E-4
20.0	24.57803471956526	25.166788796876926	23.19907656591465	27.056067493693543	3.242394962615186E-5
21.0	24.914540359975486	23.055537575351813	22.521831456039045	29.507800778483784	2.898301498711705E-4
22.0	23.400294698929116	26.469043530311936	26.139565277599626	23.991096493159322	0.0
23.0	25.958074155665816	23.849165350717318	22.958186338427744	27.234192797358208	3.8135783091292936E-4
24.0	28.650223480019598	21.664706646874503	23.001778965782997	26.683227968501637	6.293882126287373E-5
25.0	26.086328336644392	24.4018608358815	19.686902530313315	29.824690327763697	2.1796939709664765E-4
26.0	27.666230225778932	24.98239840321048	19.442105505182916	27.909203724267957	6.214155971586393E-5
27.0	24.89179026808839	24.309522177217342	20.127832197595176	30.670793314681315	6.204241778061243E-5
28.0	27.511618466254895	23.557944209850568	22.25103385373532	26.676606986844543	0.002796483314674746
29.0	28.75251979654761	23.711644284420526	21.154810315273036	26.380598131457507	4.2747230132156116E-4
30.0	25.241088110347004	22.81959788546095	23.963834886251703	27.975236276820663	2.4284111967969258E-4
31.0	26.840724587158952	24.636156737315705	21.847482172601477	26.675153170929754	4.83331994100933E-4
32.0	24.931129229972274	22.3722578512081	23.450556874484512	29.245877004205056	1.7904013005475046E-4
33.0	24.48370759369915	24.663922728103447	24.23872856951058	26.613552391029582	8.87176572387398E-5
34.0	26.891252000647135	25.74320132316511	22.468438148989964	24.89693235573833	1.761714594601578E-4
35.0	26.576094535664406	22.091605634031495	25.26700358440189	26.06509329505487	2.0295084733428412E-4
36.0	25.49718439341216	22.481232668567102	25.811793165731224	26.20970287979118	8.689249833890507E-5
37.0	25.46380060692553	25.697427269260736	20.678145614064043	28.160568602533846	5.7907215847120315E-5
38.0	26.813945686628156	25.249196553320118	20.40663389489936	27.530165974731407	5.789042095887957E-5
39.0	23.458938053660763	26.79533604609201	21.587007234505457	28.15848715230661	2.3151343515872994E-4
40.0	27.15240621982586	25.018164162360847	21.640628232620493	26.188685643815752	1.1574137705039467E-4
41.0	25.652259451389753	23.349786047211378	21.15708098380671	29.83543428510258	0.005439232489577215
42.0	24.59432876062417	24.894033106337186	20.65651451946053	29.855007897614517	1.1571596359575785E-4
43.0	26.486909434868256	25.480536986523273	22.771277411218172	25.256705823139246	0.00457034425105653
44.0	30.140092851498917	24.2766872861934	22.296102111197364	23.28688637433754	2.3137677277991096E-4
45.0	25.160320919450886	24.37806240717349	21.615620763525488	28.841744976379847	0.004250933470288577
46.0	26.018180535411506	24.374715188189768	21.615394757843458	27.991709518555275	0.0
47.0	26.872247587591474	23.359047572788587	21.509813853654926	28.25692497710178	0.001966008863230546
48.0	21.959309368638205	23.33553107179205	22.4781818334226	32.22697772614714	0.0
49.0	22.057645735069396	26.795211478393473	22.256931428090816	28.88830376515561	0.0019075932907053673
50.0	27.812922581788136	23.043649528673644	19.8851256701701	29.258157716085154	1.445032829700858E-4
51.0	25.671933440813017	26.396453228277196	20.102389857647697	27.826651589842967	0.002571883419125392
52.0	23.345101602206377	26.397203287428628	20.921701041388026	29.335994068976966	0.0
53.0	23.351005904088336	24.275076555252383	23.080394664402366	29.291912095068305	0.0016107811886069444
54.0	22.980757614979723	28.244628527051514	22.303678775850663	26.470906319210748	2.876290735467541E-5
55.0	23.984783544254075	26.84767459630031	22.531490454019334	26.63447448150025	0.0015769239260359602
56.0	27.59525597153193	24.05030704428771	24.197572485299972	24.15686449888039	0.0
57.0	23.077370687678293	28.236878434034434	22.7834139003293	25.89660403232464	0.00573294563332997
58.0	25.644016692270654	24.687965744158852	21.579861509183043	28.088012748492424	1.43305895031298E-4
59.0	28.84755534705053	21.58901080446416	23.57351182484279	25.986769611086864	0.003152412555657993
60.0	24.014283401495273	22.52198601521816	23.251087072800843	30.21261490707036	2.860341536220791E-5
61.0	25.349002891781147	24.160343844819092	22.6618572322128	27.822103549846545	0.006692481340418211
62.0	26.279802087286473	21.09564665814242	23.904414828525123	28.71982184309575	3.1458295023326327E-4
63.0	28.098304530251244	22.569525469794513	21.878646140753045	27.45072133532827	0.0028025238729278484
64.0	25.744666342744665	20.279609547501128	23.577422731621112	30.398187254116237	1.1412401685725854E-4
65.0	24.881886708806412	25.863708345113047	22.59576227113009	26.65330792814695	0.005334746803502447
66.0	24.08317146776719	23.833220034568722	22.238089437654917	29.8449770516514	5.420083577688769E-4
67.0	27.343752228525002	24.36256340421065	21.135801821157767	27.157055317624362	8.272284822182958E-4
68.0	24.029561891287884	21.203925422114086	26.11352690420196	28.6526720224538	3.137599422681706E-4
69.0	23.45756199073134	23.695410849034	25.388418965387416	27.455128453785616	0.003479741061629066
70.0	27.375735165824494	22.60148013718067	23.48164401622054	26.54071373454704	4.2694622726119976E-4
71.0	24.4371017938667	22.14688300985274	25.461171835606557	27.953850769938455	9.925907355551105E-4
72.0	27.761155348323385	25.47581389255773	21.518595035463807	25.24296125493167	0.0014744687233993084
73.0	25.128796597065044	23.42503259785097	21.503609366746876	29.93845038081151	0.004111057525602674
74.0	24.29152494708726	26.78708413252876	22.66040086111831	26.260167948686693	8.221105789756275E-4
75.0	27.43398904910441	24.31298947657259	21.016325429140633	27.234343269417206	0.0023527757651623646
76.0	26.870594904864824	23.98307763171881	24.82372533040428	24.321610034369133	9.92098642950785E-4
77.0	25.48317278121469	24.19027140894901	22.370787809868045	27.954974356823094	7.936431451624332E-4
78.0	27.865516808414938	26.204132812085927	19.3296700898446	26.600170114928197	5.101747263408597E-4
79.0	26.982681534953652	20.29212244371605	22.30183529531802	30.42018640625908	0.0031743197531966393
80.0	23.981270159136198	23.215049396526048	28.10354693102171	24.697582844998436	0.0025506683176103524
81.0	25.188933509801643	24.66443152736723	21.641325326131007	28.50477116273533	5.384739647838027E-4
82.0	23.2215730551059	21.82162225275348	23.357631756741437	31.59806768870812	0.0011052466910614449
83.0	25.733380224174873	22.330913127348026	22.842650526544286	29.09197925732048	0.0010768646123301565
84.0	24.333992643683374	25.031029147562723	23.632280514828814	27.00184758029323	8.501136318554581E-4
85.0	25.72930580435444	28.2691040236565	19.885027051625055	26.115883075322355	6.800450416499253E-4
86.0	27.47346123921407	24.02751655679802	21.68168447250866	26.815496040931997	0.0018416905472540962
87.0	22.833760677706792	20.91343089062345	25.41454293040189	30.837443866781882	8.216344859826323E-4
88.0	25.081591672209992	27.25286505757312	24.590285151562195	23.07457818805294	6.799306017499148E-4
89.0	26.170268761170522	25.717824425761705	22.116796985328634	25.994004992157084	0.0011048355820514643
90.0	23.294920823772696	25.069714738959238	25.325911447267785	26.30931135095323	1.4163904705249142E-4
91.0	27.483943081715935	25.390694267324676	22.486823894258034	24.638057204948993	4.815517523668268E-4
92.0	26.480387080546606	23.276752846963596	22.383405071566393	27.85939835056826	5.6650355141076386E-5
93.0	26.959790874820882	26.60853920261537	20.41366746003489	26.017832515747692	1.6994678116547804E-4
94.0	27.26452371976488	23.19368179139024	23.198156924801612	26.33987052136154	0.003767042681726529
95.0	23.6863727395313	26.29126650256504	23.157588255603148	26.86211017013719	0.0026623321633233157
96.0	26.90032410779728	22.371084735893497	23.446865466376508	27.280876053973408	8.496359593126332E-4
97.0	25.553786826020357	25.67658152693058	23.52866545438995	25.240739634170346	2.2655848876425655E-4
98.0	29.19179553574791	22.0813485809888	22.95131222324262	25.775543660020666	0.0
99.0	22.050101165433723	23.004258092314625	26.026170239329076	28.91944219302087	2.8309901699528327E-5
100.0	22.623096074881705	24.91317068199479	24.096583019698485	28.36715022342502	0.0
101.0	25.059062239400077	21.214199621027912	27.30914532000043	26.41745128532907	1.4153424251156475E-4
102.0	25.543737510110105	23.79615084205815	23.87929645842705	26.78078687969534	2.8309709352706988E-5
103.0	26.21622057688372	25.17628323523859	25.664308486532956	22.94310278308281	8.491826192698218E-5
104.0	26.46837126664102	26.668347999709024	22.34785988098766	24.515081189421416	3.396632408798297E-4
105.0	28.1821720183259	23.352162153364063	18.956125688388926	29.506737754779977	0.0028023851411312297
106.0	27.143311255428777	23.45427541324952	23.675913080670167	25.72650025065154	0.0
107.0	27.333399191193763	23.865784699709387	22.05391041425066	26.746141441738015	7.642531081749324E-4
108.0	24.363506888614094	24.53038351906472	24.1919885065702	26.914092782387613	2.8303363373579775E-5
109.0	27.511442889418376	23.846039117375618	24.909853549694247	23.731900310662454	7.641328493070589E-4
110.0	25.23024234308373	23.308556434843343	22.929064077327016	28.53213714474591	0.0
111.0	25.83874650292359	22.567582787960152	24.05063183673839	27.542331391818013	7.074805598491764E-4
112.0	26.489051809568437	22.98517244482326	24.49829165329589	26.027342602606918	1.4148970549200782E-4
113.0	29.189021394889764	21.26316665195216	22.080189522819932	27.46671692235948	9.05507978657177E-4
114.0	26.79518424147615	22.585215856776912	25.984115377170653	24.635286433719365	1.9809085691840805E-4
115.0	27.955695625768012	23.290927378387114	25.7740982932905	22.978712686070843	5.660164835320334E-4
116.0	27.041273758447765	24.791706759342063	23.957911181045315	24.208995098316674	1.132028481836603E-4
117.0	25.793968277776756	27.310176780147643	23.48635978361306	23.408815942334552	6.792161279869591E-4
118.0	28.199896192811945	23.057280172430872	24.70746919320759	24.035156336228876	1.981053207127037E-4
119.0	27.7377956127573	21.223638209409064	23.840593471239018	27.197434977999823	5.377285947934853E-4
120.0	25.35351857286749	23.139451526529495	24.225259077145655	27.281770823457357	0.0
121.0	27.924223710769503	24.216069291787846	23.0581873056376	24.80084044934153	6.792424635218495E-4
122.0	27.12749578587609	22.573015569334085	24.529512452184267	25.769636572142744	3.396204628121254E-4
123.0	25.831073929212256	27.418590697858708	21.28961504282019	25.459956189257877	7.641408509698928E-4
124.0	25.648317929435365	24.970248312325786	21.766999781797374	27.614405675192792	2.830124867939298E-5
125.0	28.26252885625235	22.833690348533437	22.91182899042667	25.990989575948582	9.622288389605324E-4
126.0	24.518121593993882	23.550657371916056	24.759244752458212	27.171947980791657	2.830084019534372E-5
127.0	25.916174951535993	22.688570983854763	27.421714706173677	23.972746954196207	7.924042393626806E-4
128.0	27.887322987023055	23.063859099396687	23.299631130398264	25.74018720259641	0.008999580585584031
129.0	24.18980086112578	26.453326631789203	21.795470458019977	27.558204099375295	0.003197949689742279
130.0	26.73379522779495	23.617267015318593	23.611918088401065	26.037019668485396	0.0
131.0	26.001555996487262	24.066069569287833	24.347694179050535	25.584029329033825	6.509261405428781E-4
132.0	25.870325596822795	25.95842723435856	21.693040083839477	26.472688350857908	0.005518734121257626
133.0	27.81945439309135	24.125331159048887	23.8419232568532	24.2111686033628	0.0021225876437663987
134.0	27.140508170461814	23.09220990190918	20.473049079372625	29.294232848256385	0.0
135.0	27.27419890267347	22.24600728400222	25.977664619497343	24.501619783460974	5.094103659915376E-4
136.0	27.113309047109084	27.044621974882098	24.4416168376438	21.394508883188394	0.005943257176624547
137.0	29.70824360607495	21.40226122596609	22.980036469195472	25.909317191719122	1.415070443621754E-4
138.0	26.045608545984926	23.978530895655354	25.54937746842063	24.425407710358396	0.0010753795806925219
139.0	26.802202526107383	23.879301976834252	24.477901866634365	24.83937673390067	0.0012168965233266328
140.0	29.38669264221912	20.970806086407013	24.27677434125571	25.365387331088396	3.3959902976557195E-4
141.0	26.868857358265014	24.216073826035178	24.531031024232092	24.383641583293148	3.9620817456705764E-4
142.0	29.514197836929775	21.843607577311534	23.570509206745953	25.071515575509356	1.6980350338588186E-4
143.0	27.68387452267352	24.29413131462639	23.80532183117904	24.216530828080963	1.4150344009013205E-4
144.0	29.261647451176394	23.835651097487602	21.953034922967287	24.949100506759148	5.660216095730102E-4
145.0	30.115963316253687	21.490811375300876	21.50414114270917	26.88834833993454	7.358258017317377E-4
146.0	28.315149868541333	21.221843930684916	23.509026639837213	26.949649490721477	0.004330070215060154
147.0	26.89770816942226	22.872712556107114	26.20517798620034	24.020608928460245	0.0037923598100423955
148.0	24.756788057072377	23.6296103005147	23.791072351413874	27.821991555860208	5.377351388403827E-4
149.0	27.95493718319187	25.341367394128415	23.531496140990406	23.169765289574308	0.0024339921149976367
150.0	25.758331356853724	24.074908482861797	23.6383659315672	26.52839422871728	0.0
151.0	27.2415497167389	23.223929110003123	25.230560046372403	24.303253540197716	7.075866878603032E-4
152.0	27.914311422379328	23.546102783610753	22.346070969945995	26.19345821611951	5.660794441552722E-5
153.0	26.142662004369065	23.30466665647709	23.62561003016681	26.926268786325135	7.925226619024733E-4
154.0	23.59306599610639	23.937818818522455	24.020893492889545	28.445108161244686	0.0031135312369267067
155.0	28.30668214748509	22.24702324076268	24.322466466956183	25.123516716481042	3.11428315005777E-4
156.0	27.468011285055226	22.24497856094312	25.255562900876388	25.03127738275051	1.6987037474820255E-4
157.0	25.187829960552666	22.052795953399315	26.441492492605573	26.317541847498806	3.3974594364577406E-4
158.0	24.69598981187184	20.833651853902968	26.847688276800884	27.62252849272669	1.415646976149746E-4
159.0	27.692854794864964	20.783302325410197	23.71119396878671	27.812054328939183	5.945819989450417E-4
160.0	27.93181632856457	20.16330150130016	25.55398383633382	26.35087002020458	2.83135968687427E-5
161.0	26.063069531871136	19.35757144701584	28.687672855683484	25.888515021031484	0.0031711443980601654
162.0	26.542931974233735	22.535202095278546	23.82243930063	27.09942662985772	0.0
163.0	26.228971597428057	22.57348685544329	28.60001495051041	22.59746996589698	5.663072126019212E-5
164.0	26.427456594695432	23.14143520380021	24.456478034293845	25.972987850252405	0.0016423169581118566
165.0	27.766586379316106	21.58181749191982	26.364144005264645	24.28682915557831	6.229679211164038E-4
166.0	25.365973698883682	22.492950962143755	25.372515138051266	26.768560200921293	0.0
167.0	27.58623521519193	22.19190239810741	25.661473877611936	24.55999204812583	3.96460962896068E-4
168.0	24.94801941363746	23.63067757989944	24.188884791989864	27.232389894894716	2.8319578514049058E-5
169.0	27.77103586793585	21.56437545260085	24.56965925333498	26.094646218713724	2.8320741459668007E-4
170.0	31.630047522755977	22.067806306535935	22.43991684933757	23.862201000300203	2.8321070309889152E-5
171.0	26.24791451368201	23.114566019182934	25.61669646505998	25.02003001457681	7.929874982688799E-4
172.0	28.181637750001343	24.30738312837935	23.602273090838978	23.908649404532532	5.662624779476156E-5
173.0	28.852274589879684	20.182740593680457	22.654545485428056	28.30905218745462	0.0013871435571852762
174.0	24.845480103714394	24.75211563379273	23.62956216932827	26.772445761272884	3.9633189172325956E-4
175.0	25.063786127069438	24.003401926777038	22.707238380619437	28.223733308872074	0.001840256662012233
176.0	25.10425765351265	22.807007609272695	28.316319235533534	23.77102813661299	0.0013873650681295346
177.0	24.72959312252763	24.364510566241826	22.770555538251127	28.10844025110929	0.026900521870124282
178.0	24.364583256652022	22.366754305148397	24.281512621696784	28.986979937903712	1.6987859909046998E-4
179.0	27.38357672924933	24.270640514525176	22.662112213856535	25.682339658993698	0.0013308833752561596
180.0	28.110422558264304	21.459699198894274	24.575066152601092	25.85461317778	1.9891246033117217E-4
181.0	28.506225082443976	21.309610652598657	25.27087921067902	24.912402386960213	8.826673181320938E-4
182.0	26.764593574194496	22.297288254608443	25.739299649673917	25.198790046673125	2.8474850015846252E-5
183.0	23.750229594560924	23.32088420602997	25.77311073933008	27.15520592318371	5.695368953119994E-4
184.0	25.772358533956265	21.453228169752133	26.668280478618655	26.102857728711566	0.003275088961383853
185.0	25.925935417588548	24.18434821037549	23.0501894440942	26.838900478208945	6.26449732819189E-4
186.0	27.45297714140888	23.03532018259535	24.66714508242705	24.844557593568727	0.0
187.0	26.364068614691927	22.417359617518528	26.613622249316183	24.60415039887484	7.991195985223137E-4
188.0	28.82800084029008	25.948466013919585	22.074169300184497	23.14910696344738	2.568821584494821E-4
189.0	25.676688992948165	21.67622657774213	24.616759125921085	28.029183537447782	0.0011417659408365433
190.0	29.624059892813648	20.231038138677693	25.493154837858807	24.651547305240165	1.9982540968490958E-4
191.0	27.051578022541218	23.6505756567658	23.400384610104652	25.89700411379517	4.5759679316167355E-4
192.0	28.393668717411884	21.939913451115327	23.44774031902388	26.218591707209644	8.58052392679097E-5
193.0	27.555063269050656	23.105003681659728	22.611340885074434	26.728248885918898	3.432782962869303E-4
194.0	28.864415357331772	21.74146761657994	24.5101312353078	24.883985790780486	0.0
195.0	27.23884654122602	20.298922995925466	24.202891086389233	28.258652657601978	6.867188572998214E-4
196.0	29.236826567566627	22.055135542570696	25.494311382659657	23.21361169291656	1.1481428645647807E-4
197.0	25.053635670182473	22.90809402671032	23.527750017727833	28.509831268339695	6.890170396784817E-4
198.0	29.066306005542835	22.288431656356924	22.397959168994884	26.247274399073145	2.8770032213805073E-5
199.0	25.467054280333507	23.47254547394711	24.97864375593029	26.081150843434646	6.056463544415508E-4
200.0	28.572734753588737	22.644835102331133	23.116997290763937	25.665404010177014	2.8843139183433423E-5
201.0	26.05985835864017	19.551838245474766	29.06806423474898	25.31986417382796	3.7498730812187894E-4
202.0	25.42090907648526	24.84897525879962	28.23993180411858	21.490155012930966	2.8847665574782527E-5
203.0	27.38634193014864	23.776625918789325	21.206064456782492	27.630159777153374	8.079171261695321E-4
204.0	25.36980412933997	23.392628965402608	23.441108944902503	27.79640024609361	5.771426130939808E-5
205.0	27.56189486746605	22.890062479257754	25.247680475592688	24.299409837957953	9.523397255530063E-4
206.0	25.920153500341147	20.84968372880221	25.052990866868242	28.177171903988402	0.0
207.0	27.75290885561678	23.309209179822084	26.224314502521967	22.71316332401218	4.041380269923788E-4
208.0	28.699479842751753	22.02754500561271	21.018094635358683	28.25479390039404	8.661588281217519E-5
209.0	27.58007004396229	20.494298532357217	24.387663992274835	27.537274384285386	6.930471202737074E-4
210.0	25.53589815054161	23.698079203088064	23.98733235808472	26.778372586367986	3.1770191761989276E-4
211.0	26.374886167699824	25.503115653616977	24.95475599439737	23.166577681010693	6.64503275134403E-4
212.0	28.588721215572132	21.076892394581144	24.531341678782116	25.80284238547649	2.023255881171292E-4
213.0	30.595089943282762	21.572187585949997	22.280899991005526	25.551533268415028	2.892113466866068E-4
214.0	29.383578019199362	23.122163092136226	24.016051377374666	23.478178566942198	2.8944347545200944E-5
215.0	26.73101652936684	23.57248223690777	22.82273002653148	26.87345204023129	3.1916696262148655E-4
216.0	26.668482830347095	23.411349024634877	25.54983767669759	24.370301080558615	2.9387761819243517E-5
217.0	30.381975165873527	22.881964808950276	24.30610093798215	22.42945603663628	5.030505577647037E-4
218.0	25.112843721483095	23.62812154196419	24.63039408809646	26.628431692421493	2.0895603475476175E-4
219.0	27.271186584045477	21.883549311704883	23.394330507327638	27.450238776536096	6.948203859092843E-4
220.0	28.299274334806906	20.66861289515389	23.72677985122726	27.305120602976974	2.1231583496993453E-4
221.0	25.96921486241354	20.915772088174474	24.05693889359541	29.057830013403418	2.441424131524401E-4
222.0	26.625553702670153	23.04468969152376	23.588401831561352	26.74129334131552	6.143292921728611E-5
223.0	30.988677841582778	21.318020133448027	24.164477406055536	23.528235649687304	5.889692263579228E-4
224.0	31.618317321066648	20.332743015538686	23.378447522155547	24.67043004609943	6.209513968922624E-5
225.0	31.30646148062813	18.945602173846744	24.491593832718113	25.255440062686052	9.024501209594351E-4
226.0	25.778736196504376	21.12435231203831	25.9172432285451	27.179542376039194	1.2588687302042892E-4
227.0	28.395698148299402	23.0702195706348	24.801117700882166	23.73156618281058	0.0013983973730469711
228.0	28.013562671819535	27.901721379209967	22.357661687111854	21.726958507327296	9.575453134380953E-5
229.0	27.64741249441464	24.96045613212236	21.785526670919424	25.606572533442197	3.2169101385105E-5
230.0	25.95423384712102	21.26799107555158	27.082525223556786	25.695249853770612	0.0
231.0	24.95403289249401	24.921059526623445	24.019042365350813	26.10435297741604	0.0015122381156987084
232.0	25.510550821713956	25.02232864459343	23.373711103368898	26.093244155382244	1.6527494147614322E-4
233.0	23.209351291734905	24.62534674643227	22.306573978142442	29.8581598208616	5.681628287824605E-4
234.0	27.762503965316697	19.935477180110787	27.038918397171543	25.261778685168768	0.0013217722322089458
235.0	25.937392359660944	21.642690342324926	27.9929016808226	24.426844589840496	1.7102735103603238E-4
236.0	28.51809468523087	23.654989622385372	24.533493412697144	23.293144524862182	2.777548244277035E-4
237.0	28.922907351535777	23.4236116613227	22.318171332733613	25.33523953894879	7.011545912654368E-5
238.0	27.6396014112373	21.614125699929893	24.10590801437891	26.640293986504354	7.088794954479303E-5
239.0	27.769736009802553	22.556340857393828	24.69432421613071	24.978416245175687	0.001182671497222693
240.0	26.866283688765293	20.742390753365118	24.7244488426668	27.666693320089763	1.8339511303374397E-4
241.0	28.59377054551251	21.65481408675633	23.719190454467658	26.02994768997735	0.002277223286150736
242.0	27.493783301114956	23.466032310639132	20.57955534223866	28.459782485472285	8.465605349673668E-4
243.0	28.43112080903582	23.035166356535285	23.871471142677258	24.659736571912966	0.0025051198386702826
244.0	27.727646125810683	21.88947779023483	24.89347741529305	25.48832846081231	0.0010702078491257878
245.0	27.840674037254683	21.809571166348416	23.36841171283913	26.979568522992576	0.00177456056519754
246.0	24.11607159061741	27.05849322795962	22.60250658277068	26.22029882389806	0.0026297747542364373
247.0	26.596368049074197	22.834346744251206	24.804514054466274	25.628651851137143	0.13611930107117876
248.0	27.80438527758799	21.216957813521116	22.991740591180626	27.977330930299	0.009585387411265505
249.0	25.75993899691518	21.00871999740603	29.047650460672426	24.16837268829876	0.015317856707600006
250.0	28.561681533746018	21.330724728549537	22.683801453589712	27.423007610215855	7.846738988689859E-4
