# Position (bp)	A	C	G	T	N
0.0	23.57285998214316	24.463230788451355	25.207204791234677	26.756612911566535	9.152660426687877E-5
1.0	22.923797596243	30.247793237069782	23.665871017070383	23.088454128654075	0.07408402096276341
2.0	24.93934138164447	26.81518892715268	22.76401826026114	25.480813279029647	6.381519120626665E-4
3.0	25.52173352661942	22.46099096009535	25.16394476681564	26.848047714883894	0.0052830315856973765
4.0	25.39470528565818	23.6169216423599	23.93484296661644	27.05339358031928	1.3652504620235105E-4
5.0	27.8145066198283	24.492001021861842	22.465141692417767	25.22775973155217	5.909343399217966E-4
6.0	25.503345351128022	24.38240544040393	24.305316717136566	25.80248952564346	0.0064429656880316015
7.0	25.48963570641469	25.70413652324793	23.597445012652194	25.207876926533018	9.058311521674049E-4
8.0	27.145426428872497	24.503108410123104	24.13839371026392	24.21298109654752	9.035419295408967E-5
9.0	25.79442219146938	25.74730089674755	22.024989166611427	26.433197560875527	9.018429611833262E-5
10.0	24.42414085166964	25.25463588690058	23.408841073327206	26.912382188102573	0.0
11.0	26.792295456346118	23.32032294098134	22.59198184871784	27.295225624233282	1.7412972141856518E-4
12.0	27.39136890967208	25.028196359965804	20.65454180271303	26.925892927649087	0.0
13.0	24.970153116421937	23.218881388866496	25.290004794168937	26.520833421721402	1.2727882122841032E-4
14.0	26.1862564844631	22.309155027402507	23.9025671780095	27.601937375645825	8.393447906695075E-5
15.0	25.388780433596338	23.22129634390482	24.869881292595426	26.52004192990342	0.0
16.0	25.86108271411539	24.7973189967321	22.087673579190028	27.25380213300254	1.2257695994430102E-4
17.0	28.29092213510246	27.23523980760982	18.93832303397724	25.53419090636607	0.0013241169444035395
18.0	25.243770141539066	26.539362378981444	20.357451189199892	27.85933661056019	7.967971939990016E-5
19.0	24.993103393605974	25.369840426796884	21.616342579013708	28.02019833688733	5.152636961053992E-4
20.0	22.834422095116878	25.693465381470936	23.849553967351323	27.62255855606086	0.0
21.0	23.616262130797978	25.097370888274284	23.77382273298443	27.512153278707114	3.909692361946808E-4
22.0	22.657330640685558	27.344023939692537	26.232455281431488	23.766151435893903	3.870229651687072E-5
23.0	25.492967188948473	24.68176462565009	23.29188573964921	26.532997149578907	3.8529617331546585E-4
24.0	27.673288294521953	21.7931958380082	25.245294542160696	25.288221325309152	0.0
25.0	24.98586336879885	25.54045718884501	20.28246083832299	29.19095436793593	2.642360972177449E-4
26.0	26.28143040007325	24.91679291427259	20.335665395872088	28.46611128978207	0.0
27.0	25.40265129527687	25.153023398030744	20.725664929002008	28.718660377690377	0.0
28.0	27.70971877609271	23.56005246670496	22.769757918860183	25.95765800709426	0.002812831247890376
29.0	27.019801297088453	24.47806722664404	22.51592001385753	25.985844472694495	3.6698971548021334E-4
30.0	23.752282415769702	25.407172770538462	24.660256650843863	26.180142408897407	1.4575395056973397E-4
31.0	26.147862347476842	24.74829670168389	22.486726757284565	26.61667933200918	4.348615455196758E-4
32.0	23.90516139226869	22.64742217689225	25.119841121629584	28.32746757071237	1.0773849711979085E-4
33.0	23.267898527138815	25.31923256835616	25.232507883658016	26.180325448786014	3.5572060991855776E-5
34.0	26.100740355267575	27.10368746212109	22.58882130181103	24.206645110725404	1.0577007489579002E-4
35.0	25.138693788387524	22.339255398839672	26.41508117963304	26.10672551533269	2.441178070688147E-4
36.0	23.64438773945933	25.0536893390602	26.648586726573885	24.653231673156306	1.0452175027942149E-4
37.0	25.230058518556188	25.515859775580186	22.165653278425314	27.088428427438316	0.0
38.0	26.189643850230887	25.673486783050382	21.43193892466349	26.704860804026747	6.963802849170297E-5
39.0	23.064045325187333	27.905694368293254	21.4106855347554	27.619400711904824	1.740598591855739E-4
40.0	25.550670146476413	26.391999314990773	23.102493113359976	24.954698195655066	1.392295177716037E-4
41.0	23.98060752867803	24.635120837509746	21.73310641496826	29.64636234547277	0.004802873371199465
42.0	23.967556755146557	26.170355223394438	21.28246656078219	28.57951706099586	1.04399680954575E-4
43.0	25.560960978306902	26.223971010448306	22.811908570450296	25.399471025584724	0.003688415209771656
44.0	28.366053867717117	25.69615289739123	22.78889801610124	23.148686464251305	2.087545391065097E-4
45.0	25.6108039437094	24.810220638727305	22.04623582525062	27.528843471249058	0.003896121063613221
46.0	25.18304197695422	25.01733111597082	22.54499046397302	27.254636443101937	0.0
47.0	25.139975305636224	24.748691372624037	23.20675443020364	26.902631167069547	0.0019477244665495712
48.0	22.09955240118873	24.3733599257027	23.06373441288339	30.46335326022518	0.0
49.0	22.400629429806965	26.027673494760894	24.427745254765398	27.142109146132437	0.0018426745343074708
50.0	26.773252438558888	24.94248206323392	20.604458065965026	27.67963360952604	1.7382271612595055E-4
51.0	24.098473533708464	28.199915399072033	20.96525001242598	26.733858480096018	0.002502574697509973
52.0	22.711378365895612	26.459923985299522	21.83495031422949	28.993747334575374	0.0
53.0	22.14163776702215	25.567566612395737	24.15699601231681	28.13203254038183	0.0017670678834719213
54.0	23.48121871171256	28.386619284950022	22.673405717960517	25.4587562853769	0.0
55.0	23.888430396403727	28.014517020712375	23.123268480176357	24.97219368889224	0.0015904138153024776
56.0	26.584175461303598	25.015625691402278	25.19459517014027	23.205603677153857	0.0
57.0	22.09903518660053	28.031889207025085	23.706562051594755	26.15750126776294	0.0050122870166902245
58.0	24.997978004840345	25.062854670048413	22.06822799257012	27.870835640481655	1.0369205946946995E-4
59.0	26.877071061337286	23.165162346325	25.01258016398451	24.94221419180741	0.0029722365457911055
60.0	24.33733617597508	23.421805841311297	23.627964085536	28.612859387930182	3.450924744303731E-5
61.0	25.428604160369243	23.7502812272689	23.29631485307859	27.51862311129146	0.006176647991795755
62.0	25.519519639715988	22.21655962166314	25.18009715136304	27.083582054532567	2.4153272526894668E-4
63.0	26.38898233360142	24.41215225197157	22.41051475558141	26.785866467103265	0.002484191742339632
64.0	24.970601304082752	21.729752444724596	23.876218917811098	29.42335844364303	6.888973852899741E-5
65.0	24.154717490617923	25.805742768498263	24.642695756159657	25.39202206510418	0.004821919619977626
66.0	24.459201715951835	24.253937727865413	23.501245704437764	27.785167128281042	4.477234639468959E-4
67.0	27.11927681010135	24.836285954669417	21.377722354065913	26.665957224787345	7.576563759711346E-4
68.0	23.55058289379252	23.025957817857226	27.09416114399536	26.329091517700327	2.0662665456293642E-4
69.0	22.816644449869987	25.545746341460056	25.03688929492462	26.597861746670663	0.0028581670746728864
70.0	26.364042449370345	23.440790996238345	24.418841765333152	25.77591213842778	4.126506303754192E-4
71.0	24.2219850118407	23.325151404556816	26.092246330480407	26.359759728445948	8.575246761300803E-4
72.0	26.883702937006532	25.778081408149866	21.85373887193543	25.483036367739366	0.001440415168806369
73.0	25.55294064394494	23.3180999396128	22.860206550965113	28.264946517380096	0.0038063480970488457
74.0	25.044381771691526	25.234902826376587	23.92422631035081	25.795803394065565	6.85697515512192E-4
75.0	25.297173063348353	25.512744167358324	22.15377062590014	27.034015186655164	0.002296956738019742
76.0	26.367316994573176	24.484725693266004	25.197686656450657	23.949242198293447	0.0010284574167206606
77.0	24.17236647569607	24.722551018904067	24.648816006290957	26.455580910893072	6.855882158355109E-4
78.0	26.542931418871667	26.37414544387558	21.107227769200605	25.975284029364097	4.113386880489657E-4
79.0	27.00986254546427	21.47479897346988	22.849310053708763	28.663286260613468	0.0027421667436187207
80.0	23.550085945841268	23.612775853588733	27.98060691645516	24.853789243316704	0.0027420407981395252
81.0	24.77308099508135	25.78536099512248	22.058484318485533	27.38269667827524	3.770130353970684E-4
82.0	22.620143130886174	22.811283629948978	24.13545510597382	30.431987124320838	0.001131008870194112
83.0	26.088305026310145	22.292132043541113	24.16430936643858	27.454396779037975	8.567846721907572E-4
84.0	23.166707218028108	25.800535277971015	25.110705216732747	25.920750074534542	0.001302212733584409
85.0	25.281506622828587	26.967513787922144	21.38220171571609	26.368332410997443	4.454625357440852E-4
86.0	25.306873591550865	24.800834113687394	23.34274555112527	26.547593717010553	0.0019530266259203638
87.0	22.30575711240928	22.27999316158965	25.66737026463209	29.746057207619415	8.222537495627494E-4
88.0	24.38210034323857	27.561210992541525	25.712299684716584	22.343566769134636	8.222103686894069E-4
89.0	26.17716731669467	26.09484756457887	22.889344507991318	24.83781844092624	8.22169808896905E-4
90.0	24.01755774795232	25.97231989657727	25.36963724972005	24.64041659573025	6.85100201042654E-5
91.0	26.496782473859206	25.262212881133927	24.230521952718277	24.009968901985594	5.137903029958427E-4
92.0	25.506044308718366	24.372637951833227	22.776566427113796	27.34475131233461	0.0
93.0	26.032032321394567	26.0596038738545	21.30808349967599	26.60014330357204	1.3700150290648687E-4
94.0	27.97729011646744	23.78770224941143	23.18152768730311	25.04878782212121	0.0046921246968099715
95.0	23.89304368166125	26.17522871337957	24.557445218552147	25.372090546285325	0.002191840121701923
96.0	25.723316530601064	24.603309407703687	24.119808503643636	25.552709440578596	8.561174730151773E-4
97.0	25.055214774343636	25.166431882602947	24.067272653808672	25.710977964083177	1.0272516156955829E-4
98.0	28.428777744984107	22.743029043853046	24.46194606757885	24.366247143583994	0.0
99.0	22.405666432630667	22.876020598363073	26.503361799915993	28.214916936618234	3.423247203292616E-5
100.0	22.633196756383004	25.19461359676597	24.719743413328406	27.452446233522625	0.0
101.0	23.309254470207968	22.411961442787774	28.5418038543522	25.736877555798028	1.0267685403595332E-4
102.0	24.84325924932141	23.937090821848937	25.256283405484787	25.963366523344867	0.0
103.0	24.976298436808776	25.737348702598155	25.800233542938063	23.48581139406248	3.0792359252402576E-4
104.0	25.705218581581203	27.614756142662284	23.01876283587967	23.661057168437875	2.0527143897673558E-4
105.0	27.488542263958323	23.623121567639988	21.126984148706292	27.757725504256708	0.0036265154386920457
106.0	25.87955050214089	23.526761461524885	25.15702593562142	25.43666210071281	0.0
107.0	25.594025704795104	24.46330891936549	23.560801726880566	26.381145255696687	7.183932621553851E-4
108.0	23.717029380244334	24.298834679617254	25.03226362407184	26.951803924706585	6.839135998271066E-5
109.0	25.413904680890635	24.284915215527203	25.806577344035276	24.493987338742652	6.15420804231907E-4
110.0	23.838394888475996	24.325753678010226	23.97445605446549	27.861395379048286	0.0
111.0	24.468322586004554	24.152175748652326	25.052209694782245	26.326574076574676	7.178939862020776E-4
112.0	25.681483428605024	24.13405193586175	24.476148122726666	25.708282330533695	3.4182272868196916E-5
113.0	27.122180241679413	22.395848643091178	23.18031209005453	27.300907066836107	7.51958338773638E-4
114.0	25.819757440323094	23.019858748961365	27.08276580785607	24.077447104346874	1.7089851260188542E-4
115.0	27.135622396228555	23.426012898709445	26.2427005527823	23.19515143063013	5.127216495691087E-4
116.0	26.975286002237496	24.739496901307735	24.88298937410552	23.402159360046817	6.836230242867334E-5
117.0	25.7506189288489	26.907365586564758	24.639947990493635	22.701418058879163	6.494352135394253E-4
118.0	25.998066758361198	25.232221423161167	25.24247553369227	23.52713374368005	1.0254110531108236E-4
119.0	26.642997674345477	21.335077460292286	25.384361921611358	26.63708441401299	4.7852973788875417E-4
120.0	25.105394805832244	24.15579905566801	24.823646991830238	25.915124966417903	3.418025160766813E-5
121.0	27.662323457431537	23.752990798594496	24.510021738833213	24.07408293569954	5.810694412162809E-4
122.0	25.989665153149605	24.41810942988123	24.636386754879965	24.955531036670315	3.076254188832787E-4
123.0	23.70636041811008	28.288364840388823	23.4967653242486	24.50779162583516	7.177914173338425E-4
124.0	24.69702604263511	24.826466743959664	23.43468012731469	27.041827086090542	0.0
125.0	25.972251275257342	24.52981935164563	24.326516465893103	25.170660946294955	7.519609089703468E-4
126.0	23.72934479264043	23.957049815173384	25.437132461637585	26.8764729305486	0.0
127.0	25.594103669757384	23.496249853029237	28.13584336608161	22.77301698845288	7.861226788873425E-4
128.0	26.037100888933857	24.001077329862543	24.89807748571991	25.0549602290283	0.008784066455393348
129.0	24.016716351796696	26.589553886548373	22.63615104188385	26.75484438562588	0.0027343341452027133
130.0	25.733272994868265	25.114382179007	24.211253442744653	24.94109138338008	0.0
131.0	25.892872401877177	25.098011737482356	24.428524064573242	24.580044912789205	5.468832780183684E-4
132.0	26.026719276694156	24.765097184310783	23.21191874157033	25.990078197258892	0.0061866001658419
133.0	25.97071939586238	26.35623515948882	25.059618394423744	22.611820592126783	0.0016064580982749033
134.0	26.053395221021763	23.180847173184127	21.385978883902478	29.37971036288379	6.835900783736025E-5
135.0	25.919856011243482	24.002421231369098	26.073114078141106	24.004301069388582	3.076098577338587E-4
136.0	27.73461091892716	25.854428659953577	25.376086012126216	21.02848283520643	0.006391573786617822
137.0	28.346203709115493	22.412910912937058	24.276047770952086	24.964564169188275	2.734378070834747E-4
138.0	24.60824352216322	24.633808646412117	26.736608471831026	24.019972240649846	0.0013671189437912464
139.0	25.202643213964436	23.87874628481745	25.588584717099273	25.329000434748135	0.0010253493707089128
140.0	26.580645249493895	21.3653917600861	25.87355248150666	26.18000036229618	4.1014661716197003E-4
141.0	25.915729131205744	25.203400420267446	25.344457979407714	23.53603649791712	3.7597120197309684E-4
142.0	28.710574473306615	22.615430258542723	23.80594632543393	24.86787804379524	1.7089892149108624E-4
143.0	26.29410865977077	25.47628756321989	24.2546658048789	23.974903792287726	3.417984271119981E-5
144.0	27.278469525556616	25.886690996045026	23.147670576525602	23.686587840574553	5.810612982071525E-4
145.0	28.23413800469985	22.414629352702413	23.106310617389447	26.243862422559282	0.0010596026490066225
146.0	27.54770663933135	21.191937083189632	25.363023009316592	25.892513811503186	0.004819456659241513
147.0	25.616677991684654	24.718116428476698	26.903184084635484	22.758671841994808	0.003349653208352531
148.0	24.645693755945267	24.70865418828724	24.219941776981297	26.42509503026168	6.152485245144066E-4
149.0	27.140466444081675	25.36662264187059	24.28182842361151	23.20903164589845	0.002050844537780658
150.0	25.70188574379876	23.94709020390124	25.445936758587944	24.90505311249074	3.418122131554634E-5
151.0	26.049751753958688	24.157920373266336	26.14378615804001	23.648097350048282	4.443646866801685E-4
152.0	27.14232389484349	24.957203428647997	23.05531969585721	24.845118798086325	3.4182564977637766E-5
153.0	24.458673579784055	23.335257821609165	25.325445324194234	26.880042167828368	5.81106584176878E-4
154.0	23.12853966752079	24.394137449169623	25.399943119200824	27.074542560784515	0.002837203324245167
155.0	26.880435254552047	23.841496122565427	23.90282943493011	25.375136623884913	1.0256406749946411E-4
156.0	25.819985709352856	23.697175033077038	25.910447557085664	24.572220759729095	1.7094075535300975E-4
157.0	24.776262891999345	23.158675310849024	26.49484285837852	25.569911243625153	3.0769514795521186E-4
158.0	24.983178866091464	20.940636440593362	26.192522664084688	27.883593650637355	6.837859312412219E-5
159.0	26.690567762718597	21.839244729011693	24.72409516994315	26.74568205821123	4.1028011532974045E-4
160.0	26.348963324800508	21.821071853877708	25.958301863762202	25.87166295755959	0.0
161.0	24.207739225366296	21.056851444031533	28.753953739157666	25.97701078685692	0.004444804587585388
162.0	25.35654267040724	23.81107709035332	24.86989197127212	25.96248826796732	0.0
163.0	24.912347407213396	24.709448836666994	27.186596248257032	23.191539122769704	6.838509287037537E-5
164.0	24.96439646320535	23.995501559375075	25.147534559793254	25.89082357092618	0.0017438467001462438
165.0	26.156299186077803	22.026780136372913	26.766663896944447	25.049743869083095	5.129115217366774E-4
166.0	24.77776546750978	23.622651987355987	26.57311546894598	25.026467076188247	0.0
167.0	26.57461507053649	23.57704505211842	26.486423084893424	23.36150643811754	4.1035433412828085E-4
168.0	25.372172711666174	23.68438331429666	24.502527204207674	26.440916769829492	0.0
169.0	26.481064068668037	22.75020288314649	26.178611721840966	24.59001873056879	1.0259577572153043E-4
170.0	30.42650942421877	23.11797766258034	23.416945331528538	23.03849918366984	6.839800250473485E-5
171.0	25.243296187972124	23.87866243868006	26.94158155518042	23.9360494225734	4.1039559399290285E-4
172.0	26.731668397508955	24.766302107297637	24.287181261233666	24.214779866259104	6.836770063698187E-5
173.0	28.008075498941682	20.555638355475097	23.201847820736504	28.233105170178902	0.0013331546678188768
174.0	24.198798971875625	25.581858028179415	24.346919164934384	25.872081992884898	3.4184212568372696E-4
175.0	25.787859437152427	23.902459535331463	23.924816461260985	26.383326245663646	0.001538320591480849
176.0	24.245993096396447	24.426258034233587	28.20706981787874	23.1192774086975	0.0014016427937270674
177.0	22.64900721120643	26.85637623543023	24.07699156071404	26.3931112670143	0.024513725634997808
178.0	25.048148545698556	23.22821214211632	24.00593849155751	27.717393162188642	3.076584389684281E-4
179.0	27.91850024478097	24.476148214192918	23.325472536669285	24.278374763765854	0.0015042405909751035
180.0	25.892285258491732	22.835963858621618	25.97042136954097	25.300986811104238	3.4270224144401014E-4
181.0	27.572942135289324	22.634718826405866	26.024793033929566	23.76692832325312	6.176811221207052E-4
182.0	25.289073711866685	23.585320273739587	25.37408984194479	25.751378938986345	1.3723346259581897E-4
183.0	24.031320513783776	24.590301729091895	26.277160404245002	25.100839964223553	3.773886557656238E-4
184.0	25.379508106168263	21.807469326111075	26.76768127288834	26.041189915648093	0.0041513791842299735
185.0	24.689380751056948	24.013206527798026	24.850260271505633	26.44674081760413	4.1163203526314434E-4
186.0	27.130042458657094	23.58573770587406	25.371663331699295	23.912556503769547	0.0
187.0	24.869315561944802	22.748266073309725	28.132870357326677	24.249135699476987	4.1230794180685705E-4
188.0	26.852652969501968	27.958901633722594	22.890636865242797	22.29749928357557	3.0924795707363466E-4
189.0	25.446361533685135	23.528688128856988	25.00524888656598	26.018739298198952	9.621526929451185E-4
190.0	28.002998023654968	21.946777176118772	25.832695571729364	24.21718557608344	3.436524134537171E-4
191.0	26.63094180727365	23.932271888387575	25.044658941957316	24.391852061641213	2.753007402492779E-4
192.0	26.57743910874768	23.40022589661754	24.571729058963697	25.45050269224442	1.0324342666309674E-4
193.0	27.152888633733756	24.240850382491768	22.28677968295139	26.319274790374685	2.065104483961366E-4
194.0	27.55238131622631	23.395158034509357	24.7668796096195	24.285581039644835	0.0
195.0	26.15447741336751	22.157587849334558	24.983416860036233	26.70403595933852	4.819179231815946E-4
196.0	28.162310353142722	22.459528147200356	26.224815376871973	23.153346122784946	0.0
197.0	24.362977658932113	24.698386957646857	24.203329595445528	26.734719227119815	5.865608556887777E-4
198.0	27.019505344895745	24.071208607120447	24.049646576198285	24.85963947178553	0.0
199.0	25.75362188427967	23.785171905391465	25.42725428984765	25.03364043497221	3.114855090019312E-4
200.0	27.05499472006662	23.98868768648929	24.416897032819346	24.539420560624745	0.0
201.0	25.043517268282013	21.621601040883906	28.90076193726522	24.43398130133333	1.3845223553632762E-4
202.0	24.73653220477328	25.40045893329336	28.228759104328923	21.634249757604437	0.0
203.0	25.90508877411527	24.91402366478717	22.914961336618646	26.26537220862575	5.540158531636383E-4
204.0	25.714914972040575	23.82095301680613	24.45424751952727	26.009884491626025	0.0
205.0	27.102922516871864	25.08221223639446	25.301594931238157	22.51247381952371	7.964959718081982E-4
206.0	25.503473088069867	22.18256640012413	26.073754980355652	26.240170897544594	3.463390576252778E-5
207.0	26.25182201605037	23.48308504034761	26.794824365966125	23.470164660370667	1.039172652301144E-4
208.0	27.970001344236895	22.78076189129974	22.36900272866232	26.880164745239394	6.929056165543467E-5
209.0	26.97843484106372	21.251704404684148	25.622257142906648	26.146945239015146	6.583723303435144E-4
210.0	24.792211510002474	24.503480643491027	24.68931366548531	26.014855551388965	1.386296322225172E-4
211.0	24.756115317414093	25.127090440136453	25.74330227140361	24.372867959064813	6.240119810300358E-4
212.0	27.629282659330812	22.872907137892717	25.28480542919887	24.212900728730112	1.0404484749106255E-4
213.0	29.745486722592844	23.574186048529118	22.425137285180142	24.254773533672825	4.164100250713536E-4
214.0	26.932476071840217	25.04645679873675	25.11327263186664	22.907759769992396	3.472756399682312E-5
215.0	26.38269005668835	24.52931125758203	23.464807939362572	25.62294710514198	2.436412250698467E-4
216.0	25.825633100901367	24.89477932333658	26.154366350212975	23.12522122554908	0.0
217.0	28.376413381107795	23.373578280360594	25.454591905166414	22.79488418666672	5.322466984737294E-4
218.0	24.237428602945705	24.702700302134716	25.116111988974733	25.943759105944846	0.0
219.0	25.811028879862004	22.98284320987565	25.15329531633577	26.05225446191447	5.781320121089749E-4
220.0	27.01194258378766	22.126792440770103	25.0667148960526	25.794368492846214	1.8158654342024792E-4
221.0	25.781748540784843	22.88062536956051	24.268233603222274	27.069136355386945	2.56131045424475E-4
222.0	24.774878832004735	25.387564145048806	24.07680209485755	25.760644221834667	1.1070625423912699E-4
223.0	30.034409539171815	23.314887572127972	24.013299749463936	22.636843573876803	5.595653594722478E-4
224.0	29.622616458567474	23.262878182963977	24.288046435697442	22.826421522885926	3.739988518235249E-5
225.0	30.20121704617063	20.198414265963148	23.869078186281424	25.730613319789697	6.771817950960751E-4
226.0	24.85223904371565	22.694645858416358	25.964224113842942	26.488890984025055	0.0
227.0	26.971900179872353	23.87887185718112	25.554708901510566	23.59336627983159	0.0011527816043722702
228.0	27.159047739647967	27.928481640141207	23.20779425345222	21.70452193948304	1.5442727556311907E-4
229.0	26.99175976679747	25.935679200822428	22.557117363624005	24.515404713368202	3.895538790022278E-5
230.0	25.72476071619671	23.113239212354785	27.82216701756259	23.33983305388592	0.0
231.0	24.110512979258488	25.52169079575421	24.203161060519108	26.16344533465748	0.0011898298107099754
232.0	24.961268942717922	25.24275717262484	24.47515628041445	25.320658053028446	1.595512143442924E-4
233.0	22.836578917913002	25.09504034735526	22.342191955330836	29.72598746538406	2.0131401685078847E-4
234.0	27.17635620120678	21.748201468239216	26.53725953191194	24.53720233839768	9.80460244379716E-4
235.0	25.25633957305621	22.699954379807334	27.743777476032854	24.2996390503886	2.895207150003578E-4
236.0	28.974118957722116	23.44798557580555	23.642402273360265	23.93524190052583	2.512925862404744E-4
237.0	27.97037153529932	24.37804067593687	22.157385471043717	25.494033215130624	1.6910258946795253E-4
238.0	26.86805873184098	22.613521570050306	24.53672109221337	25.98169860589535	0.0
239.0	27.415281682900066	23.153541768166104	24.70072940767134	24.72940593599798	0.0010412052645073517
240.0	25.001793960095153	22.109167853670264	26.669279868538602	26.219668619691223	8.969800475758218E-5
241.0	28.79602735370671	21.970219523016596	23.909839466721273	25.32180303103787	0.002110625517552321
242.0	26.830913413859324	24.35569306529733	21.280307489061315	27.532186098917023	8.999328650082703E-4
243.0	28.073745435578772	22.363396737033842	25.327850989497485	24.232750853100647	0.002255984789248157
244.0	26.811311868277105	22.690948570829352	26.057560967672238	24.43913899915115	0.0010395940701554238
245.0	29.06193033765688	20.555908904762425	23.978730189793826	26.40179972529364	0.0016308424932320038
246.0	24.271140168441555	26.383852337048292	24.07323790520386	25.26972748844738	0.0020421008589076215
247.0	25.340734934809895	23.113931317590296	24.964301359755407	26.439284107497603	0.1417482803468011
248.0	26.019786650272664	22.96467320149823	24.328244361715452	26.67709507382994	0.010200712683720983
249.0	25.792412146081322	21.415752323010416	27.919542323690667	24.85640547323305	0.01588773398454781
250.0	26.857427630240423	22.787484483621792	24.916868789162425	25.437030365237828	0.0011887317375371765
