# Position (bp)	A	C	G	T	N
0.0	24.644018608767034	23.453355561979592	24.929029046688605	26.97354557235222	5.121021254542665E-5
1.0	23.521032633441532	29.756165327380153	23.84290063232097	22.804899319209856	0.07500208764748559
2.0	24.764491563949097	26.71384725970249	22.41668690219292	26.10418521589907	7.890582564256068E-4
3.0	26.23114443151219	21.921500008010256	23.813420559502337	28.02727250303182	0.006662497943398775
4.0	25.921530577271877	23.690090826195974	24.168243783821	26.219982372873435	1.5243983771254875E-4
5.0	28.511016640793617	23.90814298162058	22.63809686686604	24.942033037996588	7.104727231759755E-4
6.0	26.06175088058692	23.497961992483194	24.18533521063548	26.249379783644223	0.00557213265018987
7.0	25.994227133483637	25.20508335776607	23.259622286702186	25.540005661655428	0.0010615603926762442
8.0	27.855417479265636	24.62820206469318	23.16356838208002	24.35276160850565	5.046545551255619E-5
9.0	26.039528502944968	24.959841350035838	21.888693167765688	27.111811050592593	1.2592866090987992E-4
10.0	24.602093633523296	24.278308375515415	23.39791341185067	27.721684579110615	0.0
11.0	27.0273133448156	22.165266533097437	22.992092272121916	27.81515698289767	1.7086706737434924E-4
12.0	28.04534549701315	24.22817930396989	20.053453332379583	27.67302186663738	0.0
13.0	25.337880167295285	23.023087187827976	24.72298090129645	26.915885000926615	1.6674265367598473E-4
14.0	26.073395230087286	22.09019308584053	23.535557659605537	28.300759813273412	9.421119323186788E-5
15.0	25.67748821613024	23.250045926280762	24.373274857744796	26.699167746031154	2.3253813043993888E-5
16.0	26.790728425310157	24.33941631722109	21.2767860615253	27.592954811139247	1.1438480420753064E-4
17.0	28.53141004226625	26.48410298704058	19.477921332597152	25.505421427387155	0.0011442107088699438
18.0	25.43279790803957	25.658857132172976	19.99909629731195	28.909137369041016	1.112934344886779E-4
19.0	24.933122421255295	24.66946755188289	21.765297754513142	28.63155832901442	5.539433342558336E-4
20.0	22.592398623372738	25.396088406932428	23.904485481159394	28.107005483623944	2.200491149624596E-5
21.0	24.06447448808871	24.076283082344318	23.493034566440148	28.365858625588764	3.492375380587064E-4
22.0	22.894449349658135	26.578980350019403	25.45282794648514	25.073677415975276	6.493786204210962E-5
23.0	25.766756771904408	23.612293113631758	22.923160495104568	27.697466275204675	3.2334415458437345E-4
24.0	28.29374946723134	21.440256096422424	24.200740182582358	26.065232889606914	2.1364156969297783E-5
25.0	25.20280108307416	24.481923526153995	19.93868792152054	30.376354504531694	2.32964719611076E-4
26.0	26.50976820560865	25.39674482312379	19.700638140707742	28.392806704890095	4.2125669719162906E-5
27.0	25.76571961981422	25.020458338209366	19.545691479225567	29.66806753321079	6.302954005453735E-5
28.0	27.562230667202925	23.834192688913003	22.41067228543942	26.19024248426063	0.002661874184021185
29.0	27.65292154118862	24.10623179456421	21.71080736048524	26.529730344308533	3.0895945339717395E-4
30.0	24.019354693390284	24.19883404968087	24.80466134405773	26.976924667814732	2.25245056382933E-4
31.0	26.453609100782515	24.40506857657454	22.67460363900001	26.466270144260463	4.4853938247136634E-4
32.0	24.559626837329198	22.7064798429129	24.593626013106753	28.140024888285538	2.4241836561537903E-4
33.0	23.700785539847253	24.87452682064348	24.793796791958176	26.630830735839485	6.011171160484645E-5
34.0	26.76502049567914	26.171587536974076	22.220606303355126	24.842686324717043	9.93392746166696E-5
35.0	25.373812867633166	21.926917360472586	25.81026900986233	26.888784275691812	2.1648634010555085E-4
36.0	24.07129245600269	24.10732020051249	25.96933708556786	25.8517946025247	2.5565539226386785E-4
37.0	25.435723583363856	25.035294136150338	21.541444978599397	27.987497982419875	3.9319466537069706E-5
38.0	27.317624952581998	24.687001865271938	21.16370169014472	26.831573216345994	9.827565535120771E-5
39.0	23.691656672537707	27.358380261361127	21.09584911711377	27.85401569440151	9.825458588541432E-5
40.0	27.040842390514147	25.877038209527193	22.683787613596262	24.39821389695995	1.1788940245005615E-4
41.0	24.40305024375821	24.40446475844706	21.411921411921412	29.77618251954535	0.004381066327968983
42.0	24.859877891626855	25.633447007794818	20.41940375911491	29.08719276464672	7.857681669600202E-5
43.0	25.729454849724963	25.771783079118432	22.302380692827672	26.19317975355346	0.003201624775468876
44.0	28.725940459111175	24.791610817010504	22.333145776685825	24.149086913357667	2.1603383482642172E-4
45.0	26.14329890915032	23.872999428183636	21.756100683666162	28.22426276532908	0.0033382136708097173
46.0	25.323242368699816	24.54784552538236	22.325090982632062	27.80382112328576	0.0
47.0	25.932730586424668	24.213407823642047	22.623074024940614	27.22921692311649	0.0015706418761788404
48.0	22.91824164505855	23.52611461367988	22.72863583516443	30.826988280198176	1.962589896430206E-5
49.0	22.31295435295743	25.674822811668175	24.771552844079764	27.239158915699253	0.001511075595383409
50.0	27.434069745423223	24.02666350085016	20.280135515261165	28.2590135014879	1.1773697755442636E-4
51.0	24.976917369086266	26.813619870564615	21.028188473556312	27.179174973994023	0.0020993127987842036
52.0	23.103845613707957	25.78648528429266	21.249209925471025	29.86045917652836	0.0
53.0	23.026795167490818	24.938115205648383	23.599647523610873	28.434014519117305	0.0014275841326174814
54.0	23.364518328607318	27.487699679167974	22.38457956964667	26.763124204250737	7.821832729715984E-5
55.0	24.364658700664688	27.263953590680366	22.778214885403777	25.59192425398474	0.001248569266428489
56.0	26.55721498621678	25.429745379130186	24.48873739789378	23.524282730364668	1.9506394586273272E-5
57.0	22.71232696095316	27.44164156112457	23.025101121079643	26.816444321869497	0.00448603497312865
58.0	25.787982659856883	25.181861654865003	21.317598903486363	27.712303248117415	2.535336743426262E-4
59.0	27.67126001756633	22.1702958974975	24.339722058848764	25.816440431264326	0.0022815948230808475
60.0	24.419958080685042	23.010560839772833	23.36175145853939	29.207671199584507	5.842141822666459E-5
61.0	25.83227309422751	23.38453246473561	22.47765319724887	28.299991782903533	0.005549460884478917
62.0	25.34470287357049	21.980083509461256	24.865881546628714	27.809098422977662	2.3364736187790172E-4
63.0	26.872170104465688	23.683801666279873	22.091583869264472	27.350283242657262	0.002161117332706155
64.0	25.638079815029833	21.627542299913355	23.4232113765358	29.311166508521012	0.0
65.0	24.51494552569035	25.612438788188328	23.48936041199871	26.37888248128979	0.0043727928328176355
66.0	24.885442718055284	23.580367139108365	22.935787483051314	28.597858513910406	5.441458746260698E-4
67.0	26.82024717825105	24.8178071879053	21.016777945720904	27.344681866534316	4.8582158843449237E-4
68.0	24.012953284811953	22.02474260058665	26.562881046833724	27.39917045345241	2.5261431526460865E-4
69.0	23.2483122835523	24.669116639797018	24.85714913053675	27.22295422612593	0.0024677199880072695
70.0	26.65557551565993	22.987422805530773	24.227909763078497	26.128664984687727	4.269310430682215E-4
71.0	24.759505387733842	22.769824817560654	25.920242755436874	26.5497492760036	6.777632650373884E-4
72.0	27.964440633931492	25.225963611537566	21.916916489549454	24.89122708779031	0.001452177191175642
73.0	25.3924857323235	22.63454904384933	22.78253522948216	29.187022672436143	0.0034073219088669167
74.0	25.011638753982584	25.286361741959002	23.83051573859581	25.870670746473383	8.130189892199489E-4
75.0	25.651565607958855	24.884440549017725	21.618018137994632	27.844233602752677	0.0017421022761146938
76.0	26.690422593551062	23.92996711462267	24.97724734487838	24.401491939308187	8.710076397047866E-4
77.0	24.694632066236245	24.52293699791628	23.57659156160642	27.205258734848698	5.806393923570049E-4
78.0	27.685268638630912	26.191151262522506	20.170478132656164	25.952656833359878	4.451328305396732E-4
79.0	27.425473761744012	20.80799162874644	22.532288719999023	29.232020315810843	0.0022255736996795368
80.0	24.106056562700232	23.057438757736136	27.910452873544088	24.92351671582355	0.002535090195993435
81.0	25.657316751282394	24.528085739121416	21.60545668884814	28.20879250169709	3.483190509621733E-4
82.0	23.088659747533423	22.46269852388556	23.614154475364423	30.83328753774266	0.0011997154739301827
83.0	25.779110990543202	22.09565386655996	23.901218505557324	28.22332006097365	6.965763658604827E-4
84.0	24.000790950810718	25.34637473461646	24.795147029203847	25.85644900621326	0.001238279155718054
85.0	25.269199672570547	26.661258521649444	21.293458550012218	26.775541538403797	5.41717363995568E-4
86.0	25.67211157960513	24.452872822736115	22.428340244668018	27.444856835256804	0.0018185177339334444
87.0	22.47931492613883	21.852901326800566	25.53553313828919	30.131399450770957	8.511580004596254E-4
88.0	24.813280721223585	26.762635601303685	25.77179655369919	22.65157140925543	7.157145181142509E-4
89.0	26.391249507002357	26.01896012362321	22.795263276699774	24.79355995654077	9.671361338887789E-4
90.0	24.30045857585592	25.424819497046208	24.79911073923186	25.475456453088185	1.54734777821168E-4
91.0	26.88383069816236	25.065353839107708	23.448102591795163	24.602171317961997	5.415529727776793E-4
92.0	25.451950008064838	24.023777538905588	22.83080048443177	27.693452628460097	1.9340137709516548E-5
93.0	26.480918379325598	25.776592652416152	21.196377090335446	26.545976501331236	1.3537659156940342E-4
94.0	28.49314475080682	23.273308001967923	22.82893902216391	25.400508380700714	0.004099844360625405
95.0	23.824171888572863	26.747246848098417	23.41047392811367	26.015651408464326	0.0024559267507276894
96.0	26.739332674971667	24.445669982904125	23.19112166999296	25.622696112849404	0.001179559281845635
97.0	25.408338175338933	25.144230536829376	22.90319243661001	26.544180843833477	5.8007388207678056E-5
98.0	28.376998821356647	22.618448243326434	23.90878816283221	25.095726103083344	3.8669401366731326E-5
99.0	22.08925655493955	21.99352746054413	26.472825560596107	29.444351761119563	3.866280064435424E-5
100.0	22.811396361654133	24.5355029642989	24.21491022050054	28.43819045354643	0.0
101.0	23.995356403385202	21.70374997873811	28.326809154828304	25.973949160116717	1.353029316666074E-4
102.0	25.291962527504836	24.114350532100076	24.59107848729824	26.002569792164625	3.866093221946033E-5
103.0	25.92829543405305	25.14408774899942	24.81881155222404	24.10861198158321	1.932831402789114E-4
104.0	26.565810192607607	26.60143138031426	22.60540286249004	24.22712363064752	2.3193394057504542E-4
105.0	27.49717607164312	23.265748474382853	20.807732422254023	28.42605714656826	0.0032858851517421762
106.0	25.825165179931314	23.471882687844335	24.686861681812346	26.015993808748465	9.664166353547678E-5
107.0	26.305104178525156	23.876762006850207	22.49823584291725	27.319337461650967	5.605100564201692E-4
108.0	24.115392234069795	24.155589160357714	24.68377290669192	27.045149071653917	9.66272266536542E-5
109.0	26.287433805074834	24.29866810129263	24.990550483606537	24.422748560929477	5.990490965180175E-4
110.0	25.25244717922716	23.754613883058667	22.76260245612584	28.230201219599383	1.3526198894639027E-4
111.0	25.083302673724045	23.757126426831228	24.481923455064862	26.677067745884912	5.796984949481209E-4
112.0	26.111665554023727	23.68381746987894	23.563381519950767	26.64098087767723	1.5457846934467426E-4
113.0	28.71495476529018	21.344294850355354	22.87448645663726	27.065664958832482	5.989688847257332E-4
114.0	26.28842135608901	22.257557905199207	27.09907675518342	24.354750763316446	1.9322021191619965E-4
115.0	27.3736396048818	23.197861125834507	26.072572312702135	23.35542454685058	5.024097309808449E-4
116.0	27.311662149823917	23.7928145968899	24.49255324802056	24.40291203509128	5.797017434529934E-5
117.0	26.263511240389693	26.31895039326243	23.9173085131853	23.49965014783452	5.797053280523466E-4
118.0	26.79233047308659	24.23976991264673	24.34740114062049	24.62028591646348	2.1255718271299484E-4
119.0	27.113031302542804	21.113414301634393	24.573198527443857	27.199930743252054	4.2512512688535747E-4
120.0	25.83518664126496	23.195969221915984	24.590679656601637	26.378087185247633	7.7294969778633E-5
121.0	27.753402712894804	23.411399027810116	24.105439413014512	24.72915980262478	5.990436557895153E-4
122.0	26.804416561060474	23.853279086727706	24.41590017635171	24.925998369819162	4.0580604094467006E-4
123.0	24.52303518322058	28.017337499589367	22.915026541524394	24.54405970345378	5.410722118838781E-4
124.0	25.31337730960449	24.565963633777734	22.643032383932326	27.477530052684955	9.662000049469441E-5
125.0	26.843383467741777	23.74411161923563	24.027781910878833	25.38396938215915	7.536199846106934E-4
126.0	24.296019121296133	23.866450832595326	24.50040705605045	27.337026371009802	9.661904829078006E-5
127.0	26.169779754104034	22.888951067761102	27.11910685031248	23.821350738951665	8.115888707204628E-4
128.0	26.283191381313348	23.574025678900128	24.341196539972653	25.79269749031302	0.00888890950085295
129.0	24.986628184694915	26.259713889528708	21.776039871197728	26.974313747617423	0.0033043069612279192
130.0	26.382242033854546	24.142998537960278	23.536211473630146	25.93854795455503	0.0
131.0	26.15545479631423	24.223120226507326	24.0273108902687	25.593611664848932	5.024220608116203E-4
132.0	26.559760228640773	24.931100517301683	22.33734562593117	26.166170363657095	0.005623264469277845
133.0	27.34018367415953	25.019299796615407	24.31561810074542	23.32286941356638	0.0020290149132596125
134.0	27.37296195940982	22.696584660013844	20.605915501340498	29.324421935997012	1.1594323882799935E-4
135.0	26.335834199999	23.362639579548315	26.038095414768602	24.26308298000041	3.478256836803667E-4
136.0	28.40129284490808	25.6879494734629	24.40281479374463	21.502203695344335	0.00573919254005454
137.0	28.746888579402796	21.468777965586494	23.855554720325294	25.92860481784433	1.739168410827135E-4
138.0	25.02830828163127	23.970177563454996	26.86768960365314	24.132549229357757	0.001275321902842113
139.0	25.677746929134344	23.960732648411003	24.80703709772665	25.553169337410303	0.001313987317703583
140.0	26.945572284430554	21.535592465745484	25.603275231860973	25.915366784384563	1.9323357843080422E-4
141.0	25.968437624336733	25.471892627555114	24.866187345638874	23.693018630679006	4.6377179026925626E-4
142.0	28.90303059698882	22.742859262972324	22.82226144128577	25.531597487188694	2.512115643890989E-4
143.0	26.990325407568655	25.02533867836932	23.693002466716717	24.29129479921815	3.8648127160067984E-5
144.0	28.10430866695833	25.274055087739367	22.84958932317553	23.77131260444703	7.343176797416439E-4
145.0	28.42466971112671	22.324606018631602	22.29965850310269	26.950176854889325	8.889122496745809E-4
146.0	27.536020718592102	21.34061751128386	25.081098671290036	26.03777989355866	0.004483205275341269
147.0	26.949936888742542	24.01313780824226	25.954050521469807	23.07924192287982	0.003632858665565988
148.0	24.552691848974177	24.32416816684045	23.69479083493657	27.427730786503307	6.183627454996719E-4
149.0	28.326941200819117	24.185913758676335	23.846213156668668	23.638516355350134	0.0024155284857477056
150.0	25.955161162219277	23.83326360378414	24.762003225273467	25.44957200872312	0.0
151.0	26.760319775643776	23.92463767443766	25.191124849940906	24.123531198764432	3.8650121322730835E-4
152.0	27.890224515991385	23.60981471410919	22.998327599554592	25.501478568963233	1.5460138159524662E-4
153.0	25.356929588080124	23.09188238590795	24.53991168314153	27.01065793160758	6.184112628151241E-4
154.0	23.635921254050903	24.537232172691155	24.669439128272828	27.154798478605414	0.0026089663796996904
155.0	27.763115347721218	23.388262844465903	23.72020179197552	25.128130095946087	2.89919891268444E-4
156.0	25.783551885403	23.443468835358814	25.73536631471034	25.03745833774664	1.5462678120387773E-4
157.0	25.26445167929329	22.892001969954332	26.249525486864005	25.593769594203327	2.512696850469797E-4
158.0	25.683984929794274	21.052846229317318	25.590627278371255	27.672386932866765	1.5462965039009195E-4
159.0	27.27904786719561	21.639821214157205	23.82469802248508	27.255833696074895	5.992000872126062E-4
160.0	26.965197747669993	20.818859697530893	25.52962827586114	26.686275620292466	3.865864551317129E-5
161.0	24.62332606544195	20.42843833116843	28.747119904744235	26.197153151481412	0.003962547163976001
162.0	26.020146717339195	23.288956534732144	24.142658846329525	26.54817991208403	5.7989515109071517E-5
163.0	25.357514201308216	23.563124517835938	27.180860307297618	23.898423653337886	7.73202203394319E-5
164.0	25.92484127283289	23.496240710510065	24.510374169877938	26.06690075843025	0.0016430883488605182
165.0	26.81630090310987	21.88706622483527	25.866235815329325	25.429933110561855	4.6394616368716573E-4
166.0	25.395276095916365	23.21693692439743	25.296355580300183	26.09129607720324	1.3532218278547182E-4
167.0	26.699495827756714	23.370207497645783	26.077839987611735	23.852205364497834	2.513224879302375E-4
168.0	26.41066448897777	23.41585892659116	23.66862086405375	26.50475905449945	9.666587787310321E-5
169.0	27.43980056872097	21.774418692776994	25.327223359475116	25.458364041739202	1.9333728772532495E-4
170.0	31.494648436291644	22.934021870263248	22.64823135459523	22.922963003062456	1.3533578742227858E-4
171.0	25.988303202670572	23.304353945373315	26.302791652900027	24.40389388010928	6.573189468126507E-4
172.0	27.520870750612765	24.172391772079134	23.808606449281733	24.49803441536296	9.661266340824358E-5
173.0	28.763848093459426	20.334075685104	22.95870490367556	27.942173456831508	0.0011978609295053046
174.0	24.95785246372298	24.963725876983677	23.438377268654172	26.639715943187092	3.2844745207855075E-4
175.0	25.503509106829718	24.16957707553564	23.175504030777816	27.149844773900067	0.00156501295676159
176.0	25.264006028461296	24.119236008463034	27.183201460742545	23.43220396294042	0.0013525393927098126
177.0	22.978747168562926	25.64693578700714	23.981561890451164	27.369141326246865	0.02361382773190924
178.0	25.397092535255467	23.010189806792482	23.917874052627756	27.67445715937495	3.864459493508481E-4
179.0	28.556436157076774	24.118386132709617	22.577747856134437	24.74630908069916	0.0011207733800090358
180.0	26.699047643759165	22.099900684481238	25.26382318468407	25.936938034203344	2.9045287218195363E-4
181.0	28.069921360474265	21.774222629617952	25.858817215933566	24.296495944331546	5.428496426692227E-4
182.0	25.998797197493424	22.896811410105634	25.10578807023095	25.99852577204062	7.755012937300333E-5
183.0	24.517478569359582	24.217350724203836	25.745521057225538	25.519203722826116	4.459263849213289E-4
184.0	26.596409480745326	22.02001075321564	25.898516866707627	25.48122385011266	0.0038390492187437898
185.0	25.203695561309512	23.886546981226743	24.05061622414693	26.858772886913002	3.683464038146729E-4
186.0	27.489663200450735	22.8367365377315	25.11775401305909	24.555846248758673	0.0
187.0	25.188377669237923	22.51406630295825	27.426013664214388	24.871056866645446	4.8549694399093634E-4
188.0	28.258808422277575	27.30079745882101	21.93347738422942	22.506470055190164	4.466794818362644E-4
189.0	25.615658593836333	23.06642348284115	24.56689435856123	26.750052486765664	9.710779956250995E-4
190.0	28.838420124109188	21.197347359858572	25.08208652137862	24.881776957349583	3.690373040387637E-4
191.0	27.011955554146578	23.050194033911833	24.438878977413182	25.49850465621096	4.667783174469871E-4
192.0	27.41373022503129	23.116497140306365	24.05005752452937	25.41963730857169	7.780156128283104E-5
193.0	28.02302258587416	23.53681635406602	22.101114422166205	26.338793753602385	2.5288429123633376E-4
194.0	28.16035529030256	22.921885349624603	23.793556569923464	25.12420279014937	0.0
195.0	26.89233516996638	21.359886689079815	24.296670713485245	27.450523751712115	5.836757564437804E-4
196.0	28.973568081773365	22.33589817643731	25.403510852041826	23.286905883447297	1.1700630020423449E-4
197.0	25.47319553365518	23.573157773193817	23.91781950499468	27.035164039557984	6.631485983379156E-4
198.0	27.608452694607504	23.008632769438773	23.903283132606614	25.479494657434888	1.3674591222514315E-4
199.0	26.3239283802994	22.632467193218805	25.35596079133488	25.687271859202582	3.7177594433535755E-4
200.0	27.873314394951176	23.321449390901474	23.399351539462693	25.40582596922229	5.870546236715688E-5
201.0	25.516400691437095	21.161826456960235	28.402678937137583	24.918819938484564	2.739759805257873E-4
202.0	25.61813977192396	24.50142126742139	28.059756642693134	21.820662746666812	1.9571294703772798E-5
203.0	26.092469895675936	23.889890201885844	22.514447687019185	27.50258529313759	6.069222814482653E-4
204.0	25.600929508912202	23.475758696572864	24.197855072815642	26.72535882094598	9.79007533071364E-5
205.0	27.613162656553413	24.04152918280395	24.782909137974958	23.56163535941028	7.636632573997501E-4
206.0	26.294463303124193	21.161455756910637	25.46479889362412	27.079184130039113	9.791630192844198E-5
207.0	26.321271512117217	23.15784669942372	26.59320453401895	23.92734429121825	3.329632218618167E-4
208.0	28.516488769019325	21.940590126014534	21.51042703271112	28.03247448287967	1.958937534967035E-5
209.0	27.30569974580631	20.52133020845293	25.214920428794617	26.95734428530508	7.053316410598627E-4
210.0	25.038868607059644	24.349933079761477	24.337763982214696	26.273081603499055	3.527274651240719E-4
211.0	25.863328840769583	25.250972016737737	24.89170412429897	23.993308980972074	6.860372216354971E-4
212.0	28.885182766728047	22.270029237185934	23.982257675496648	24.862196965686014	3.333549033564917E-4
213.0	30.12248285279299	22.71853860279692	22.237376987427997	24.921307268532324	2.9428844976692355E-4
214.0	27.93929001801086	24.083878691548637	24.2559968462347	23.720814811702702	1.9632503100953863E-5
215.0	26.019486023675086	24.366812398838075	23.03553622948982	26.577890010561156	2.753374358611277E-4
216.0	26.322131492720363	24.321370262338572	25.294113092149978	24.062345443329335	3.970946175214426E-5
217.0	29.76755794539285	22.79779886965304	24.88778790563176	22.546354913254536	5.003660678152136E-4
218.0	24.426984232344385	24.269273378056745	25.284477737388933	26.01900237242156	2.622797883765264E-4
219.0	26.697554049866877	22.696668877561617	24.07587237720881	26.529395741645324	5.089537173775936E-4
220.0	28.025124469435998	21.345823477032948	25.037203871492103	25.591480231661556	3.6795037739443707E-4
221.0	26.025542026519506	22.439492681032394	23.92990362190264	27.60487654166079	1.8512888467252142E-4
222.0	25.93263109531227	24.109191206328827	24.121259126494444	25.83679394618289	1.2462568157265978E-4
223.0	31.144572208261057	22.43368074563171	23.534289453270972	22.8868910799184	5.665129178583546E-4
224.0	30.339474417012084	22.637404609051696	24.20059209480247	22.822381654651746	1.472244820011761E-4
225.0	31.084425759764166	19.705779727074905	23.481962539941676	25.727007234439398	8.247387798518431E-4
226.0	26.081523007894457	22.272145049021837	25.2490605829736	26.397121847936294	1.4951217381516409E-4
227.0	27.49723557233835	23.691021143265132	24.91876968260642	23.891809859098775	0.0011637426913187598
228.0	28.050643520059705	27.6282678702302	22.783198825642447	21.537781560318074	1.0822374957197507E-4
229.0	27.71136714620767	25.338278738411795	21.771890902696228	25.178441421639075	2.1791045231454675E-5
230.0	26.15243118509972	22.754288225921655	26.970232404812922	24.123026207351245	2.1976814460743915E-5
231.0	24.961790079703558	24.88096525266602	24.386027205018305	25.769927113047526	0.0012903495645960117
232.0	25.39959706601817	24.864952725349134	24.208770868020675	25.52647811955795	2.0122105407189807E-4
233.0	23.578708372981882	25.02270343579039	22.02394994771707	29.374366820118897	2.7142339176551187E-4
234.0	27.55360355398906	21.232032712853837	26.320148144068728	24.892907625656278	0.0013079634320960457
235.0	25.634302990479707	21.87934639107517	27.786604483698113	24.699397610237142	3.4852450986998175E-4
236.0	28.764826210536427	23.60536616054594	23.439775023968686	24.18975006639656	2.82538552385473E-4
237.0	27.770667325941844	24.421747522963695	22.392241789171404	25.415153186391038	1.9017553201605082E-4
238.0	27.52132124978796	22.5357639979163	23.90932288113877	26.033543748714226	4.8122442743316094E-5
239.0	28.285065788350938	23.35507181011217	23.472800899119655	24.88606193881208	9.995636051577483E-4
240.0	25.358874985936318	21.908677491682337	26.211234469678708	26.52101214298343	2.009097192085764E-4
241.0	29.39535587886244	21.563553811684567	23.10356335312457	25.935288716580757	0.0022382397476673897
242.0	27.00142766957199	24.250372668381214	20.699217868929097	28.04797372987181	0.0010080632458880471
243.0	28.09816037672721	23.30190320571141	24.631781169346194	23.96593314551515	0.002222102700031539
244.0	26.846542745661665	22.532274960905674	25.959190076872858	24.661005369460373	9.868470994286408E-4
245.0	29.24993769488571	20.771726484224445	23.192283343630894	26.784252410884672	0.0018000663742784204
246.0	24.800587829361852	26.316006031702248	23.1859365939779	25.694828071849084	0.002641473108914794
247.0	25.577865206151777	23.05532043800173	24.883900012600886	26.34700296184477	0.13591138140083675
248.0	26.422546238997146	22.688534400672047	24.205154136787097	26.673595804592193	0.010169418951515064
249.0	25.616016610971	21.560133669605207	28.490547598178644	24.317337905648415	0.015964215596731633
250.0	27.81901336935619	22.243196811064873	23.836920876803333	26.099510138093013	0.0013588046825947632
