# Position (bp)	A	C	G	T	N
0.0	24.485898570886555	24.006734539016062	25.824743897812063	25.682622992285314	0.0
1.0	23.333075586597378	31.06863374767436	24.047297052061158	21.474774221749513	0.07621939191758838
2.0	25.277210043490722	25.4905696623092	22.637691748100234	26.59326885831347	0.0012596877863821452
3.0	27.25241737806125	22.49664100087161	25.386481562477385	24.855334908732768	0.009125149856986875
4.0	26.077087525150905	22.624654175050303	24.86182721327968	26.436431086519114	0.0
5.0	27.83136559698645	24.319117164449793	22.912836005571112	24.93652421187174	1.5702112091097372E-4
6.0	26.388555601039542	24.343501357461804	22.980863788000697	26.281589806567574	0.005489446930379697
7.0	24.08658805555686	26.057501005727563	24.504532426691462	25.350439311190108	9.392008340103406E-4
8.0	26.336252128885757	23.63989809498936	24.293460156798595	25.730389619326292	0.0
9.0	24.80810787179295	26.091240100926825	23.65644282894901	25.44389692472957	3.1227360163881186E-4
10.0	23.608902772841493	25.312077168172493	25.147932683614233	25.93108737537178	0.0
11.0	27.63461151293154	24.2069346827288	23.0404367906584	25.11801701368126	0.0
12.0	27.691468742035102	24.987404347130266	19.935954809761185	27.385172101073447	0.0
13.0	26.12122748584533	22.8416862631967	25.89699655858707	25.139943993262875	1.4569910803006062E-4
14.0	28.422288657565826	21.208370853293953	22.352627597882073	28.01671289125815	0.0
15.0	23.613515738086452	23.31379672466154	25.245792296994296	27.826895240257716	0.0
16.0	25.244483985267312	25.17034494238837	22.690883555540633	26.894147631817123	1.3988498656404704E-4
17.0	28.831974096488377	27.556760298903615	18.01144842701146	25.598578170344222	0.0012390072523224503
18.0	26.289302010187782	25.870734154946355	19.117821268530204	28.722006402426985	1.3616390866669662E-4
19.0	24.558221513136797	24.899678486054704	22.834227625405262	27.707063874283467	8.085011197740509E-4
20.0	23.88463488809889	25.554287457469282	24.24080246079414	26.320275193637688	0.0
21.0	23.290132101695185	25.266209762929144	24.12430474540328	27.318821900553015	5.314894193743839E-4
22.0	21.65183159159539	27.776899442960058	27.46715466949139	23.10411429595316	0.0
23.0	25.40435420037924	25.600007343549606	24.15896686747778	24.83627818415	3.934044433720531E-4
24.0	27.549175693853282	21.85941632496572	25.29492419762553	25.296483783555466	0.0
25.0	25.81676594208504	25.787370103916867	20.397359531729457	27.998246564039093	2.5785822954539595E-4
26.0	26.31378263353511	25.78176052585969	19.47760667081774	28.426721786074218	1.283837132421381E-4
27.0	24.56017997174505	24.97146352449786	20.620354824839787	29.847873712659446	1.2796625785712826E-4
28.0	26.769636199863307	24.657354265811477	22.807338916394315	25.762891299596618	0.0027793183342787226
29.0	28.267666901746875	24.502805359828745	21.491864768550013	25.73728850582604	3.744640483308265E-4
30.0	22.8620536676886	25.475422756349094	24.67923059955438	26.98304513449142	2.47841916511972E-4
31.0	25.389614556799557	24.906699840056866	23.58667535493553	26.116393183658154	6.170645498884348E-4
32.0	24.089943476874627	23.159822282596082	24.899982042577413	27.850007879277257	2.443186746200539E-4
33.0	23.70749516353029	26.991321644945508	25.117743021231952	24.18331887951581	1.212907764429054E-4
34.0	27.319022685081247	26.94411653232328	22.870965172111617	22.865774906635572	1.2070384828009086E-4
35.0	25.749941606326537	23.0477445741552	25.72920589370921	25.472631242760375	4.7668304867410613E-4
36.0	23.313521704506364	24.845639517235877	25.56854771991682	26.271933949069076	3.571092718660983E-4
37.0	25.123403019744483	26.63922526227604	19.982959197273473	28.254412520706	0.0
38.0	26.513784279271295	27.2422280886886	19.416364585948163	26.827504077643567	1.1896844837780573E-4
39.0	23.752189949011207	27.47138645032607	21.839783151932803	26.936283634227077	3.5681450284440625E-4
40.0	25.881043385604098	25.85131255663723	23.166737624245133	25.100549663565943	3.56769947602387E-4
41.0	25.590946763363263	24.1994765636798	21.74412977225407	28.459977098174633	0.0054698025282378555
42.0	25.04747014166731	25.373964841776104	22.06419318593909	27.514371830617495	0.0
43.0	27.21618010015075	25.862052567254608	23.207415720719222	23.710428327539553	0.003923284335871183
44.0	28.758839661118092	24.275441997914974	23.581582835752588	23.38366001495417	4.754902601763831E-4
45.0	23.948141597969023	24.97088075610197	21.829330328702778	29.24843825769461	0.003209059531619933
46.0	25.79748863277137	23.58750448628208	21.503968131353584	29.111038749592964	0.0
47.0	25.841870170364412	23.777819235718894	23.008523567849288	27.370598741130937	0.001188284936468346
48.0	22.111892448667547	23.749850009326153	22.333462830231944	31.80479471177436	0.0
49.0	22.338862286190132	28.163922780766704	21.776740859884224	27.71916736654665	0.0013067066122918326
50.0	27.161677244171088	24.9345216247902	19.88618343922716	28.017498910178517	1.1878163303364727E-4
51.0	26.014280692086235	27.259684361549496	19.341050101190532	27.382965785248036	0.0020190599256985947
52.0	23.482893945777572	25.929862100633873	21.606482643047514	28.98076131054104	0.0
53.0	22.204491159883354	24.733058856488327	24.602203616427477	28.459300710542774	9.456566580730118E-4
54.0	22.1429761863955	29.2102280181885	23.337616086446207	25.309179708969786	0.0
55.0	22.916914677570112	27.477054325879845	23.050339632515616	26.55463056492267	0.0010607991117575438
56.0	26.84507128563987	24.9383071045232	24.616702688561066	23.599918921275858	0.0
57.0	21.96010595676888	29.773121482640626	22.975250044777106	25.285630791564934	0.005891724248451655
58.0	24.275914723950955	25.693097654602308	22.64829874423548	27.382571053555566	1.178236556910004E-4
59.0	27.999363811476137	22.331866565347756	24.06877904819128	25.597516508503134	0.002474066481700744
60.0	23.44303743903858	22.927958267067726	24.59497168945263	29.034032604441055	0.0
61.0	24.48311120513363	24.730037844063656	21.949791975178055	28.830242343041157	0.00681663258350375
62.0	25.389865724016197	21.82343166450042	25.233801916482356	27.552783177073664	1.1751792735981874E-4
63.0	25.350277154631957	24.821938284473347	21.354126883588005	28.471659954710454	0.0019977225962402863
64.0	26.40301441908069	20.379451960040658	23.5928236379602	29.624709982918446	0.0
65.0	24.11014788373279	26.761035596429224	22.097803724348942	27.02538582824855	0.0056269672405000965
66.0	22.77369199642712	25.904648256815776	23.38147964937041	27.939828436256732	3.516611299575428E-4
67.0	26.9882983698831	24.7619058782435	22.296628059765876	25.95281604540462	3.516467029019058E-4
68.0	22.90851852589805	22.326481960499805	26.458168026431917	28.306714282867894	1.1720430233553013E-4
69.0	23.439541803836818	25.760056442416662	24.80091039180366	25.996913012344436	0.0025783495984220504
70.0	25.041186354075194	23.240912986592367	25.326830819669834	26.3908359923719	2.3384729070375173E-4
71.0	24.306950535750076	22.319501861958717	26.631952050484948	26.74054688920064	0.001048662605623628
72.0	27.371026834340036	27.228554953023888	21.794004065632592	23.60478323421655	0.0016309127869387184
73.0	24.245593764413737	22.740741430960824	22.377806456422178	30.63248058367771	0.003377764525552206
74.0	24.11437541631925	25.953633098719482	23.213844856739595	26.71709855179128	0.0010480764303914217
75.0	25.266163392824915	25.856537843933875	22.205182486256618	26.670253162345986	0.0018631146386081602
76.0	26.076669511625717	24.92230700174307	25.47387198150039	23.525870691371622	0.001280813759200027
77.0	23.42036477526095	25.331680027011767	23.566251593635933	27.68100502395548	6.985801358738363E-4
78.0	27.1669154095643	26.35246674567455	20.791957028403257	25.68819515102691	4.656653309832756E-4
79.0	27.7889262401177	19.676479900175995	22.216311726526925	30.315721349486445	0.0025607836929294435
80.0	24.210843597836305	24.77015427012634	27.19034252250743	23.825633792326528	0.0030258172034000877
81.0	24.775781752760036	23.961532329670355	23.44589145590869	27.816212605563244	5.818560976773468E-4
82.0	23.742475091462172	21.723967451680636	24.950764559789214	29.581047990740363	0.0017449063276119793
83.0	25.77722677856189	22.154161413824706	23.997850792927157	28.06983062201402	9.303926722273136E-4
84.0	23.75463024324909	25.629282902339945	25.398381129767728	25.216078018290766	0.0016277063524728348
85.0	24.755538303841423	28.771985282325076	21.503099497711695	24.96856339966204	8.135164597623136E-4
86.0	27.037803849398053	25.432609973672776	21.860310024561233	25.666952478546683	0.0023236738212583626
87.0	21.730904580392046	21.500711947949984	26.962967092441737	29.80413882172034	0.0012775574958943947
88.0	24.755964316856836	26.00949553380157	26.057565367426534	23.17616200695039	8.127749646733166E-4
89.0	26.33552515486705	24.832827171157117	24.092390850073837	24.737515440268222	0.0017413836337800562
90.0	23.233752425877263	26.999781787117083	25.11444569284912	24.651787952791732	2.3214136480551197E-4
91.0	26.48755228134676	26.16121455197033	22.75787875833832	24.593354408344588	0.0
92.0	26.017219572759657	22.99706431812116	22.50217565356633	28.48354045555285	0.0
93.0	25.86615986698829	26.06282320372117	22.244769857485796	25.82589899510256	3.4807670218209286E-4
94.0	26.72289984060436	24.40458651099876	24.33300928299803	24.53532806036153	0.004176305037319926
95.0	24.385378514980783	25.78104885194111	24.552153813680214	25.27817145614088	0.0032473632570125645
96.0	25.408037282417794	22.298155007216515	25.91696083375357	26.37661502078008	2.3185583204363527E-4
97.0	24.973779333827036	25.668786339525468	23.24420045221233	26.112886197093648	3.476773415199758E-4
98.0	29.597522358903415	22.593065061251636	24.096751282327574	23.712661297517375	0.0
99.0	21.58782437903592	23.711748519969984	26.385762064908235	28.314665036085866	0.0
100.0	22.469459391873745	24.751206342443805	25.342800381583945	27.43653388409851	0.0
101.0	23.04657664872171	23.237174294429966	27.682022487513365	26.034110845202775	1.1572413218473274E-4
102.0	24.892354726613984	24.66786471815511	24.040334142963108	26.399446412267803	0.0
103.0	26.17753623188406	25.59461010235623	25.776810668739703	22.450927314120715	1.156828992910952E-4
104.0	25.475639661314947	26.329639568778052	23.596330911951142	24.597464488964974	9.253689908851154E-4
105.0	26.682598601984242	24.009989462250914	21.419970364749553	27.88350871186139	0.003932859153903189
106.0	26.146807029231407	23.40467119583446	25.848871987397903	24.59964978753623	0.0
107.0	26.43227389744574	23.489661999782577	23.307049824558156	26.770320375077777	6.939031357482704E-4
108.0	22.778483654176316	25.25420221258531	25.775728616665955	26.191585516572424	0.0
109.0	26.270617296508767	23.969178521600117	26.101852825822352	23.65742661924308	9.247368256790169E-4
110.0	23.908123826871687	25.174640086545665	22.73464877809729	28.182587308485356	0.0
111.0	24.197451817059694	23.75017914021941	26.67316964925501	25.378390373120187	8.090203457059511E-4
112.0	25.203970785374196	23.899251144085426	25.150695696389775	25.746082374150603	0.0
113.0	28.09196119556488	22.158164473950297	22.72694181068104	27.02177693805504	0.0011555817487418605
114.0	25.34170493569301	22.73162826664139	28.677785393696098	23.248419054796468	4.623491730307104E-4
115.0	26.903003492110095	24.75456396017538	26.494145716125317	21.84747767003085	8.091615583526857E-4
116.0	27.233394750773883	25.364979112675957	24.43689762552623	22.964728511023928	0.0
117.0	25.968368161952792	26.3133986251952	25.38753798513768	22.329886111050108	8.091166642200519E-4
118.0	26.3609768727266	25.169764519995514	25.43352801591365	23.03526825394807	4.623374161579992E-4
119.0	26.382586221643777	22.463515166086037	24.668093772900548	26.484995734863386	8.091045062497544E-4
120.0	23.91613903933684	25.575535660210313	25.270748525764162	25.23757677468868	0.0
121.0	27.86045097764992	23.261676377476775	23.621829731607153	25.2552338396208	8.090736453506583E-4
122.0	25.22896228421374	23.02140063429834	26.385100461391943	25.3639587243761	5.778957198731404E-4
123.0	24.38183495102991	27.37216575630301	24.34970446891087	23.89537020556574	9.246181904759704E-4
124.0	25.961694042374173	24.74874139549075	23.31145896417658	25.978105597958496	0.0
125.0	26.98031130239417	22.89394730881068	24.220935016665358	25.90353508970631	0.0012712824234803553
126.0	24.494392670253877	23.094871581516614	26.187108226549068	26.22362752168044	0.0
127.0	25.33029949696713	22.033255869583556	30.77259978898736	21.862804804062165	0.0010400403997915296
128.0	25.99159414294117	23.992169633292463	25.13355883002118	24.873201448201822	0.009475945543358807
129.0	23.320025191099916	26.23260167439926	23.418131814163637	27.025774655211265	0.003466665125926611
130.0	25.464760478488362	23.976533178027992	25.534786547599236	25.02391979588441	0.0
131.0	25.767570846693822	24.71144235491233	25.15862148655285	24.3615564606985	8.088511425022387E-4
132.0	26.135574537803574	26.398663411466604	23.218604092262506	24.241611947955313	0.005546010512000758
133.0	25.814263283949735	24.493695821206952	25.506824087242947	24.182443962534244	0.002772845066126578
134.0	26.313460734230272	22.497556647651262	21.736824958930885	29.452157659187584	0.0
135.0	24.924738287937565	23.80337921043937	27.220826989323584	24.05024686765722	8.086446422671623E-4
136.0	26.84211924722202	26.430750640850135	25.40435073419073	21.316887830720837	0.005891547016277998
137.0	28.623891576675863	21.43248263720421	25.172703790472756	24.770575432856926	3.465627902463368E-4
138.0	24.4880000184775	25.120276977727684	28.078986693890183	22.310773075510614	0.001963234394018833
139.0	25.943753024201698	24.419728592693875	25.2270677455825	24.40737194995906	0.0020786875628658634
140.0	26.14516069432512	21.48091437334294	25.85254829143918	26.521376640892758	0.0
141.0	24.773498322167026	24.935623407906256	25.997635098464432	24.29255032921554	6.928422467488378E-4
142.0	28.046392181134582	21.74321715272838	25.04087722053376	25.169397973228886	1.1547237438915115E-4
143.0	27.692515539461514	24.415805159459183	25.00054848554481	22.890899874252472	2.309412820243389E-4
144.0	28.48350765208917	25.05952394698616	23.73417794600237	22.72255951817357	2.3093674873388926E-4
145.0	28.56704074786989	22.610685735993894	22.24407153076153	26.5776246401696	5.773452050903372E-4
146.0	28.206727010926862	20.489451301396834	24.19590060863872	27.1036487146534	0.004272364384184862
147.0	24.13055727468386	24.483761165353457	28.27697928116831	23.104776508188696	0.003925770605677126
148.0	23.18880573060874	24.509113413679472	25.246453585440708	27.055049960396545	5.77309874539018E-4
149.0	25.61707512510074	25.96622568704379	25.118634987564974	23.294946784558864	0.00311741573163438
150.0	24.550354105522754	24.43628294266654	25.791051186547914	25.222311765262788	0.0
151.0	25.705029849833	25.031142883201777	26.75655674585445	22.506577815645677	6.927054650997669E-4
152.0	26.62355054560904	23.82300378208888	24.409712441179053	25.143733231123033	0.0
153.0	24.15812185846981	23.282014458254157	26.02624281647345	26.532581867382117	0.001038999420469212
154.0	21.48515514426951	23.7117103388723	26.382260518617546	28.418565131963252	0.0023088662773918123
155.0	26.886499419183345	23.168464542471206	24.78736106011164	25.157328566710774	3.464115230329022E-4
156.0	24.58594445541433	23.86689714979209	27.43545952861813	24.111236976144536	4.6189003091199037E-4
157.0	23.760827066019555	23.657362982259837	27.43726623872259	25.144312766382487	2.30946615535086E-4
158.0	24.306544309454278	20.326008759926513	27.462242591995974	27.90520433862324	0.0
159.0	25.2932576718147	21.102773562812224	26.460514433658748	27.142992417681143	4.61914033179285E-4
160.0	26.707631263200803	20.545966226726453	26.87715586678692	25.86924664328582	0.0
161.0	24.90490037346957	21.17482394732162	29.238717962338935	24.677631320631825	0.003926396238050475
162.0	24.60788004628528	24.243302607358068	26.089055285968676	25.059646578145678	1.154822422956022E-4
163.0	25.279446223563905	24.02538834912214	27.93030214491361	22.76474779682392	1.1548557642893191E-4
164.0	24.778206108368924	23.657052710839896	25.66711398854825	25.894970977971898	0.0026562142710308653
165.0	25.55946555549268	21.262174157582365	29.666081899035767	23.511469953376427	8.084345127622937E-4
166.0	23.132494219446222	22.81823074630934	29.231584807249426	24.81757473141503	1.15495579984154E-4
167.0	27.481907032291296	22.44047742796885	26.802078063677083	23.27507547880241	4.6199726035624607E-4
168.0	23.461313232931424	24.896770221775103	26.181497296679208	25.46041924861427	0.0
169.0	24.662232011984887	22.85699104945152	26.044375038261315	26.436055382745966	3.465175563119905E-4
170.0	30.269337479237752	22.113556506813715	23.880109130307222	23.736881377388958	1.1550625235343989E-4
171.0	24.50375569013333	22.488169258437452	28.49080511416074	24.516345886182318	9.240510861642986E-4
172.0	27.80916328496167	23.75977845886638	24.785376252693624	23.645682003478324	0.0
173.0	27.359150701128826	20.236203743048755	25.885186690561092	26.518188704343487	0.0012701609178413732
174.0	23.24944430010681	26.129153315435467	24.29456424468116	26.326491729453537	3.4641032302762625E-4
175.0	24.831519580219314	23.455961828041424	25.329454857871347	26.381562537529906	0.0015011963380047485
176.0	24.322454730229122	23.695376016260163	28.719627679231337	23.260462860310422	0.0020787139689578712
177.0	22.130621182862264	25.335630930711734	24.901251051012206	27.604315848802074	0.02818098661172144
178.0	24.424580489438615	22.649181766737115	24.630380302347874	28.295626465255403	2.3097622099804824E-4
179.0	26.938020308789696	24.40635134760554	23.42405917083222	25.230298718458084	0.0012704543144628519
180.0	25.924655589764505	22.617343976862028	26.53740395389555	24.920480604219943	1.1587525796729305E-4
181.0	26.829024702096504	20.636951995178265	28.604077802720006	23.928668065650836	0.0012774343543904838
182.0	26.24488990058534	22.632398030288954	26.651142804050913	24.471453126451735	1.1613862306048499E-4
183.0	23.233873028409487	23.666519547492392	27.406443819833214	25.69269901739878	4.645868661292945E-4
184.0	25.66604602648968	21.582365301142126	27.65550172544164	25.091905466008622	0.004181480917927983
185.0	24.695408011593774	24.498462524618187	25.65261417264316	25.1528185500353	6.967411095834417E-4
186.0	26.054658286998972	22.110663638094973	27.342265761811195	24.492412313094857	0.0
187.0	23.755051022308294	22.42223287773267	29.360638337492084	24.461379464451976	6.982980149715095E-4
188.0	26.880760532922405	27.686638647931126	23.559248452315966	21.87323597773244	1.1638909806596236E-4
189.0	25.02505356982817	23.51136401993112	24.893762388568355	26.56912166432523	6.98357347126667E-4
190.0	28.107830629691023	20.39278863166521	27.513712215745066	23.985668522898703	0.0
191.0	25.99213292831446	23.849452431279776	26.765191707378527	23.393222933027236	0.0
192.0	26.692487167522167	24.00454969668689	24.21080261315912	25.092160522631822	0.0
193.0	27.226258550865325	23.40349816877597	23.270721300419915	26.099288628676305	2.333512624886679E-4
194.0	28.305059233839774	22.111788776782994	24.52198122112839	25.061170768248843	0.0
195.0	26.316772223175285	21.050616942490667	26.781244201394117	25.85101652843374	3.501045061950992E-4
196.0	28.16922012824459	21.57231283815177	27.93257971984678	22.325770280913932	1.1703284292671051E-4
197.0	23.418496468379292	23.796357643026543	25.546131137025007	27.238546522108624	4.68229460529427E-4
198.0	26.714098707240552	23.692503495290588	24.480276951239375	25.11312084622948	0.0
199.0	25.360468794650682	22.315961291278544	27.21099875227994	25.11233596479571	2.3519699512319033E-4
200.0	25.619976619301543	23.737524609714043	25.17647252532713	25.466026245657282	0.0
201.0	25.11635182769697	20.715153553832348	29.790654922296856	24.37783969617383	0.0
202.0	24.78601212705769	23.754212417589528	30.21966324184129	21.240112213511495	0.0
203.0	25.643891311687746	24.522985740452953	24.846740162371315	24.98591221220032	4.705732876720386E-4
204.0	24.992881833733755	23.783734813598166	25.48185867675054	25.74152467591754	0.0
205.0	26.97766304424562	23.387677493140306	25.281094539070846	24.352858951490308	7.059720529196651E-4
206.0	24.72561675188129	21.969722822025968	26.27313003418391	27.031530391908827	0.0
207.0	26.73924172791413	22.72391858255021	27.09890019359888	23.437939495936778	0.0
208.0	27.52840136594944	22.627157250161563	23.635492555198883	26.208948828690115	0.0
209.0	27.38470305119547	19.630032541689623	26.68689337534084	26.297900095600042	4.7093617402033507E-4
210.0	23.96385808894876	23.247543593560117	26.939571930551757	25.84879087337849	2.3551356087083496E-4
211.0	24.388870564953116	26.083376525467656	26.848466286575885	22.678933232813456	3.5339018988832867E-4
212.0	29.83203577077102	21.026406164188217	25.66156834183054	23.4797540170227	2.3570618752312867E-4
213.0	29.802510712862272	21.654131969256383	24.08135879421635	24.46199852366499	0.0
214.0	27.504250892953014	24.336465404634268	26.400139710125092	21.759143992287626	0.0
215.0	25.761103617992948	24.69321596744043	24.358746835143513	25.18693357942311	0.0
216.0	25.462273896234937	23.54846595770688	27.81193151994938	23.1773286261088	0.0
217.0	29.495842433903967	22.631343208104663	25.817365694842113	22.05508744976124	3.612133880130133E-4
218.0	25.138088725946616	24.015557107386716	26.43314032433271	24.412971368715084	2.424736188702669E-4
219.0	26.35731426612469	20.60446153092708	27.59427494000686	25.44358195798031	3.673049610656741E-4
220.0	27.623256259533925	19.936182599318595	26.040348907759537	26.39996659289264	2.4564049530949474E-4
221.0	26.50180657295585	21.225128687388636	27.24039794100178	25.03266679865373	0.0
222.0	25.267808062227886	24.196951464601753	25.738499122854247	24.796365699030694	3.7565128541609013E-4
223.0	30.79546030940908	21.3824499112351	25.874207456251586	21.94737509510525	5.07227998985544E-4
224.0	30.843250296650425	20.62168772153396	26.22148117907257	22.313580802743047	0.0
225.0	29.53228061885819	19.321375893136498	26.98175734782359	24.16369220552835	8.939346533768381E-4
226.0	25.220387696919595	20.830403844519473	28.25508057060004	25.693870350482754	2.5753747814150654E-4
227.0	25.40194722834449	21.840432278454696	29.019602237285312	23.73671871751154	0.0012995384039589139
228.0	27.772953363951313	27.746705650832286	23.665382139280027	20.81495884593637	0.0
229.0	26.349340427715457	24.849941713440643	23.554085453622058	25.246632405221842	0.0
230.0	25.99163612504722	21.816458674372214	28.471637715641506	23.72026748493906	0.0
231.0	24.396957730782216	24.856807599779252	26.306011133912357	24.439151936647075	0.0010715988791075723
232.0	25.016796978711188	24.15215895360241	26.367734629409885	24.46303851926505	2.70919011470711E-4
233.0	22.813324669651333	24.990967699394044	23.632619586973156	28.562950670588222	1.3737339324644925E-4
234.0	28.535341234107403	19.265269765273242	28.944251525758702	23.254441575793848	6.958990667993515E-4
235.0	25.952002699320953	21.97205078097541	29.24109716149531	22.834849358208327	0.0
236.0	28.25894252716053	22.040319345891913	26.15618714822634	23.544408235161452	1.427435597674422E-4
237.0	26.250756070163312	23.25830237045998	26.104150465163166	24.3866470808491	1.4401336444022005E-4
238.0	26.68526962553476	22.48170513429928	25.284325980176405	25.54855254895747	1.467110320827685E-4
239.0	25.527049770149805	24.458231491558283	26.09126807133979	23.922409948082997	0.001040718869125142
240.0	26.856339173755376	21.423421869078833	26.335815538377645	25.384269372136657	1.5404665148793662E-4
241.0	29.159245460073652	20.86807281168296	24.822276893063627	25.14778104636698	0.002623788812781864
242.0	26.261518956026965	23.53160368606593	23.27973282206692	26.92668068526192	4.638505782670542E-4
243.0	27.24150101080775	22.31222659430542	26.920612119166957	23.523493153441542	0.00216712227832661
244.0	26.77460280040449	21.320514172627504	26.727453766029118	25.176498687892	9.305730468822701E-4
245.0	27.041512012548335	21.642931465577487	25.875665853923685	25.43864825829697	0.001242409653523008
246.0	24.479523139909656	27.996086312671885	23.57032193033761	23.952201993553928	0.0018666235269229334
247.0	26.416825287858458	22.906044247511467	25.907417230942052	24.632258869785005	0.13745436390301743
248.0	25.786657587645866	21.556791773907396	24.088401759164395	28.55659186886229	0.011557010420050477
249.0	25.00438412445903	20.39541671102983	29.510481188974552	25.07296435706815	0.016753618468437436
250.0	25.68955649808315	21.515448480239588	26.585184197941246	26.208556443204	0.001254380532014143
