# Position (bp)	A	C	G	T	N
0.0	23.6560370099132	23.83079188115212	25.574698602476982	26.938442156532165	3.0349925536457693E-5
1.0	22.624463160648496	30.40929988639474	23.286080570109462	23.6027340353121	0.07742234753520189
2.0	24.207745946867185	27.102594754406685	22.279992215857654	26.40882098043932	8.461024291600742E-4
3.0	25.97991973691679	21.908464337515564	24.619668199225387	27.48497331608752	0.00697441025473807
4.0	26.157422492547937	23.743890518084065	23.515441149849753	26.583245839518245	0.0
5.0	28.35003027542043	24.10420772585328	22.263661086485225	25.281528256205103	5.726560359603879E-4
6.0	25.006943999316285	23.855699631629488	24.121211683493264	27.010878380554033	0.005266305006931963
7.0	25.47958624144084	25.689912908423818	23.468540187588324	25.36120992487218	7.507376748392971E-4
8.0	27.066083733649986	24.243596432833762	23.565157158021627	25.125132689228337	2.9986266290039163E-5
9.0	25.912986586983482	25.744964731572068	22.503795007350583	25.83801424145345	2.3943264041527198E-4
10.0	24.43034401252651	25.209303493953854	23.197848770375614	27.16250372314402	0.0
11.0	27.11616102523657	22.814460434876185	23.02391053447332	27.045410226076104	5.777933781989891E-5
12.0	28.30838834509447	24.53963692237651	20.112337810152514	27.03963692237651	0.0
13.0	25.217179968784638	22.687639868563938	25.12682118879675	26.968274683947968	8.42899067051216E-5
14.0	26.566087460356524	21.84284045337305	23.32122479385948	28.26973618790439	1.1110450656544305E-4
15.0	25.14725138510967	23.74256482225579	24.066069888821335	27.044113903813205	0.0
16.0	26.07174451938497	25.250214431040728	21.34289711484213	27.335063144387156	8.079034501516839E-5
17.0	28.829533196264094	26.43554562732885	18.860209133763682	25.87360565417194	0.0011063884714321277
18.0	25.926044916133232	25.744564534585624	19.622344236522117	28.70694183355261	1.0447920641773973E-4
19.0	25.14044436896953	24.53974364666936	21.46607952027034	28.853317005823424	4.1545826734687576E-4
20.0	22.568759155658423	25.907816518674327	24.08775529644381	27.435617538701564	5.149052188218454E-5
21.0	23.70422213466247	25.033997543897847	23.533148435755248	27.72840191357239	2.299721120485456E-4
22.0	22.34162051189781	26.70558686450904	26.153473314301152	24.799268767956388	5.0541335610388976E-5
23.0	25.328189557324077	24.162072155225733	23.029443227113152	27.479993588703255	3.014716337802985E-4
24.0	27.879660542758554	21.729739811619883	24.531493052317447	25.859056855979357	4.9737324753644815E-5
25.0	24.530407711487303	25.54256626674777	19.951570583646593	29.975258510533287	1.9692758504994697E-4
26.0	25.83588753611044	25.14906722244031	20.041648760326535	28.973347534407097	4.8946715626434754E-5
27.0	25.594314104306488	24.72344233951506	20.33333805059606	29.348807907043245	9.759853914506609E-5
28.0	27.934225648682325	23.33049802431717	22.549427000187656	26.183825826750333	0.0020235000625116986
29.0	27.72751907084573	23.64915834921578	22.450259595904758	26.172705807499945	3.571765337874714E-4
30.0	23.70699393044542	24.722351671183464	25.179506060574553	26.390982916203093	1.654215934731256E-4
31.0	25.816220639710092	24.597814705148675	22.446155674658932	27.139409672553406	3.993079288931232E-4
32.0	23.847478873121474	22.87623804299172	24.51080841892499	28.765288545560637	1.8611940117943865E-4
33.0	23.65029579153003	24.976547496957387	25.44585072516336	25.927167895065356	1.380912838622843E-4
34.0	25.880092362989654	26.8169762846481	22.803812596753243	24.49907313073761	4.562487139489375E-5
35.0	25.171854023351514	22.238500944855687	25.75899418864652	26.830537970647285	1.128724989993853E-4
36.0	23.77277334212595	24.856326829230888	26.03877472867748	25.33194467686448	1.804231011934537E-4
37.0	25.296516025471217	25.516779597776623	21.27101324624994	27.91562349583314	6.763466908047285E-5
38.0	26.59440694519169	25.617843608769707	21.050533044859435	26.73712624369433	9.01574848405824E-5
39.0	23.237934230573607	27.69734895492608	21.65813752821669	27.40628633071574	2.929555678797206E-4
40.0	25.953776214763458	26.353650216261375	22.88001661954491	24.812444289825393	1.1265960486220829E-4
41.0	24.196306772419184	24.445300557712734	21.58736917519119	29.766585223259696	0.004438271417194133
42.0	24.442378972797798	25.954816330962444	20.56566990889648	29.037134787343273	0.0
43.0	26.213859903531805	25.611485544411906	22.462258970294158	25.709039422037762	0.003356159724371441
44.0	29.062102775828414	24.68237831371104	22.635978476587027	23.619382782891172	1.5765098234579258E-4
45.0	25.53103236759066	24.23433812275225	21.520071356014224	28.71109033421898	0.0034678194238871056
46.0	24.9457981491326	24.282181511635525	22.318418452023508	28.453601887208364	0.0
47.0	24.640767527329675	24.58605864611954	23.60181660502349	27.16962364792516	0.0017335736021318003
48.0	22.442593730917377	23.95455080532748	22.97873595130694	30.6241195124482	0.0
49.0	22.130382147585845	25.91332748623693	24.309989734947386	27.644747707242768	0.00155292398707157
50.0	27.458193776714364	24.505388387674053	20.081750191345318	27.954622635076515	4.500918975131747E-5
51.0	24.592316647683372	27.052907369464148	21.773083380847826	26.579442507613194	0.0022500943914597216
52.0	23.084704803667172	25.511817776482626	21.458382631130643	29.945094788719555	0.0
53.0	22.55976687099517	25.064639785300447	24.001831292513348	28.372103758900437	0.0016582922905991411
54.0	22.677179363819885	28.864376391964715	22.399296205609783	26.059125630480608	2.2408125006862486E-5
55.0	23.777090710466535	28.547996921159697	22.291420638063727	25.38201667615767	0.0014750541523668361
56.0	26.71177959647749	25.471687994079094	24.81535162520961	23.00115843782514	2.2346408663970796E-5
57.0	23.00333309424968	27.998416238382934	22.86095542743353	26.132647632479717	0.004647607454136718
58.0	25.32848642890591	25.677616363239903	21.533454990008902	27.460174120372187	2.680974730919503E-4
59.0	27.742718235134717	22.46605663136933	24.57730657077313	25.211371846679654	0.002546716043171752
60.0	23.989926581062527	22.887438418043317	24.18539229384343	28.93719811072109	4.4596329632878554E-5
61.0	25.084553333872904	23.9905829135488	22.820515050147836	28.098507058690014	0.00584164374044462
62.0	25.253498366641132	22.195822025864416	24.993400570226402	27.557100674301193	1.7836296685391805E-4
63.0	26.127630089041293	23.518168869234216	23.027805255529714	27.32398799941232	0.002407786782454458
64.0	25.17409694613167	21.9249917631672	23.556207234931378	29.344592822376065	1.1123339368857275E-4
65.0	23.665839749504606	26.72409114003344	23.32507009368663	26.28055003634817	0.004448980427155509
66.0	24.346279070853775	24.199402483889287	23.49487088629332	27.958691265770103	7.562931935169658E-4
67.0	26.995701777565433	25.52533335468654	20.977545324404133	26.500663283962943	7.562593809527623E-4
68.0	23.301157017293537	23.097396171716056	26.571183843617725	27.030040545316602	2.2242205608283177E-4
69.0	23.025296058521114	24.76700647553298	24.978898636724047	27.22604091718368	0.0027579120381748404
70.0	24.93762773103497	23.21327541231423	24.607025839749678	27.241649132561392	4.218843397421265E-4
71.0	24.63863682394855	23.023229817926662	26.129577427377075	26.207559845363278	9.96085384439154E-4
72.0	27.077190035268977	25.665235766527562	21.863246671469533	25.39308807727082	0.0012394494631081188
73.0	25.437621736800857	22.727249589848924	23.299236885512023	28.53215157298166	0.003740214856531776
74.0	25.01394743813058	26.095883574908203	23.189394591558596	25.699822805018467	9.515903841570381E-4
75.0	25.05162128795307	24.615570498492023	22.142417883371184	28.18831020969606	0.0020801204876599064
76.0	26.866806458265657	23.98873848555954	25.483524624771082	23.659978916193193	9.515152105238467E-4
77.0	24.309321728247877	24.978548027856807	24.414335714623938	26.297197104570124	5.974247012544591E-4
78.0	27.377172506112334	26.206038211768874	20.367359582259294	26.04894292573376	4.867741257426071E-4
79.0	27.649750722454623	20.4818016218473	23.052481148475515	28.813488445261715	0.0024780619608417535
80.0	24.003555049728217	23.03226625791412	28.485046135111357	24.47698642939195	0.0021461278543500463
81.0	25.424131929195447	25.259061138583576	21.5717057912391	27.74479139817681	3.0974280506181696E-4
82.0	22.74547067582008	22.33221754915387	24.148571125157357	30.772479585131823	0.001261064736868887
83.0	25.32788807426319	22.559035782077547	24.157614587158804	27.954598751366106	8.628051343542456E-4
84.0	23.625537615735876	25.771996508290595	24.879535583182278	25.721979054167953	9.512386232966744E-4
85.0	25.123115441160532	27.26349469556165	21.298938138998007	26.31405354299495	3.981812848602184E-4
86.0	25.595808481251332	24.86449145141468	22.7337157479249	26.804435903085068	0.0015484163240242544
87.0	21.871272875915302	22.3133075804174	26.238090898473583	29.576465987393696	8.626578000191113E-4
88.0	24.863853499486513	26.638419534935366	25.87939214991919	22.61771549036518	6.193252937537285E-4
89.0	26.61989288670205	26.08165011277994	22.65916923715284	24.638226096911566	0.0010616664535961077
90.0	23.369238983352997	25.88066602171856	24.686450383452172	26.063534023666673	1.1058780959610236E-4
91.0	26.596821120868402	25.017820788007267	24.365014857107468	24.019768191524538	5.750424923226298E-4
92.0	25.53447708085401	24.505166237648922	22.38955106070481	27.570783504575513	2.2116216738039384E-5
93.0	26.780083910714332	25.892654351416976	21.174418267775184	26.152578083827116	2.653862663934073E-4
94.0	27.32571717205672	23.543540740963532	23.401296124453424	25.72581907864765	0.00362688387867808
95.0	24.05311365113007	26.45450190914225	24.01560750883584	25.474145308879447	0.0026316220123902955
96.0	25.792034115432816	24.681699199413366	24.053578248315645	25.471560632004138	0.0011278048340368845
97.0	25.98982834137482	24.60410072768114	23.104489810540198	26.301514780615427	6.633978841587884E-5
98.0	28.366380311121432	22.85687750837507	24.50367618605371	24.273065994449787	0.0
99.0	21.7985892065547	22.220284157180465	27.004261384989913	28.976843144069125	2.210720579951594E-5
100.0	22.517867876199176	25.177617665140385	24.37542844548648	27.929086013173958	0.0
101.0	23.329251201428892	22.228114541379114	28.55222844612249	25.890361600254653	4.4210814849528495E-5
102.0	24.897685846300714	24.58712306373601	24.49176766534478	26.02335709811834	6.63265001561989E-5
103.0	25.696504010705535	25.89333068628021	25.145508701781832	23.2644797379948	1.7686323762747694E-4
104.0	25.343854003483308	27.323476782144663	23.105967652719723	24.226170973933552	5.30587718751368E-4
105.0	27.410020073044745	23.278762391440512	21.12193263690473	28.186366469370533	0.0029184292394772385
106.0	25.83015722219925	23.085130538001795	24.977355077470285	26.107246618406137	1.105439225272817E-4
107.0	26.151901269679772	24.501156173773396	22.29442182357312	27.051945907118313	5.748258554016716E-4
108.0	23.6004803570489	24.49305838964544	24.60790811668113	27.298464705650872	8.84309736559708E-5
109.0	25.799512094291593	24.766420945237172	25.505906488792206	23.9274972559449	6.632157341300765E-4
110.0	24.37007225607633	24.511909485917414	22.99253121756518	28.125487040441076	0.0
111.0	24.602924751797573	24.077359923808245	24.257780340298417	27.061315970290874	6.190138048921545E-4
112.0	25.51098210565061	23.949490382989257	23.496831542866744	27.042563327692413	1.3264080097358347E-4
113.0	28.364402598252386	22.043630196460562	22.86710130036413	26.724246936548667	6.189683742530378E-4
114.0	26.813884310382637	22.173393828566578	27.118666923691826	23.893612806926946	4.421304320144877E-4
115.0	26.65928692408217	23.776765660894856	26.107243268195717	23.456129331646913	5.748151803383141E-4
116.0	26.968606819852013	24.429556583158455	24.64020633417257	23.961563937328602	6.632548835457076E-5
117.0	25.817063041205397	26.42973734286569	23.98321866693374	23.769428233292896	5.527157022772551E-4
118.0	26.848467014372897	24.489677254896847	24.890016220935465	23.77139734172981	4.4216806498632486E-4
119.0	27.023197970384867	21.175319614638433	24.64403800553833	27.156980118394213	4.642910441573946E-4
120.0	25.036711693486875	23.93277415709023	25.038546725440753	25.9919232063447	4.4217637442787906E-5
121.0	27.69636281310689	23.308112921882902	24.26421428344022	24.73075725792473	5.527236452522365E-4
122.0	26.7492040203907	23.9915472835434	24.248896152435428	25.00973349136853	6.190522619395836E-4
123.0	24.333184614153318	27.68389848832628	23.165038935978384	24.817258912427988	6.190491140301733E-4
124.0	25.076695322580218	24.835975036545797	22.726488870887437	27.360752334907186	8.843507936606198E-5
125.0	26.464957767590757	23.865926332882694	24.54164488076433	25.126697227727806	7.73791034414909E-4
126.0	24.27956781475223	24.086074470618176	24.611791818671623	27.022433245127903	1.3265083007362342E-4
127.0	25.970989372497606	23.05040491513695	27.79296378424866	23.184757592573348	8.843355434352457E-4
128.0	26.052639782484547	23.313245993162628	24.644882547980014	25.980675561635973	0.008556114736835357
129.0	24.15056037535078	26.631409362854786	22.440748428797853	26.77403187041537	0.003249962581213138
130.0	26.263822174112413	24.428861818276687	23.97531188467088	25.331959904364066	4.421857595844869E-5
131.0	25.607436755738522	24.725377741026854	24.550336727880538	25.116207599481754	6.411758723308291E-4
132.0	26.534281063085167	25.900955328039295	21.62704023414812	25.932350773798245	0.0053726009291725375
133.0	26.973568135840548	25.46698504294763	24.300312848914977	23.257166230004753	0.001967742292088128
134.0	26.38382800362328	23.135084200037188	21.046615516012785	29.43433962439357	1.326559331803221E-4
135.0	26.476845116758273	23.661270567010536	26.166145628363353	23.69529650543221	4.42182435629292E-4
136.0	27.934895415325173	26.474760432267697	24.114568893051374	21.470181550134008	0.005593709221749225
137.0	28.7141904218008	20.989463215884793	24.380173237757845	25.91575304167642	4.2008288014128934E-4
138.0	25.05228119333993	24.025714896541935	27.42634149706277	23.49442433426182	0.0012380787935452762
139.0	26.40337218333439	23.52018726884058	25.013757087746676	25.061246399887864	0.001437060190492277
140.0	26.43396588085915	21.525489643785487	25.52749449318632	26.51274045535374	3.095268153029173E-4
141.0	25.42632985220978	25.36234527572068	25.000480879246247	24.21040180501065	4.4218781264060186E-4
142.0	28.506160957629778	22.63032905534194	23.698201846286366	25.165020715613394	2.874251285177243E-4
143.0	26.54786977902514	25.28515630700086	24.153021098139757	24.01379804986029	1.547659739489069E-4
144.0	28.028853009943788	25.394142065145896	22.64481502567476	23.931681378753794	5.085204817678825E-4
145.0	27.794142455161484	22.196206770222908	22.932230337127095	27.076359183922538	0.0010612535659778027
146.0	27.134822902597257	21.72964934712046	24.760958690132995	26.370545149274932	0.004023910874353826
147.0	26.428859477060602	24.848067055666885	26.302351865379276	22.417361036186218	0.003360565707018807
148.0	24.612018542720136	24.305825321067328	23.436284327899358	27.64529696364837	5.748446648113924E-4
149.0	27.93007079591232	25.24239087656925	23.398889198427543	23.426371808988115	0.0022773201027668334
150.0	25.766989857636336	23.899084465452482	24.750807756317943	25.583095809970697	2.2110622540055053E-5
151.0	26.408170656718454	24.09090919141392	25.806506533929536	23.693949285624736	4.643323133500183E-4
152.0	27.100188430683293	24.040832102114308	23.27718149089753	25.581598976522006	1.9899978286912578E-4
153.0	24.92070325516316	23.29103215451218	25.215425126736594	26.57224245777123	5.970058168266754E-4
154.0	22.873065048339104	24.325062371076005	24.89991772302621	27.89956681317024	0.0023880443884384157
155.0	27.4515155140845	23.92449046255961	23.70666938546767	24.91714770940647	1.7692848174794722E-4
156.0	25.686808903275377	23.540697644844318	26.393937269422473	24.37813597043654	4.202120212928066E-4
157.0	24.900674115555084	22.507386961791273	26.56052885338429	26.031034086184167	3.759830851844971E-4
158.0	24.834967676953998	21.55084269495179	25.716644029807668	27.897457129858605	8.846842794036432E-5
159.0	26.656505825011017	21.536759841628882	24.378610565727087	27.42765929729176	4.644703412463597E-4
160.0	25.897263547729054	21.429663106343668	25.679512538543253	26.99353868945521	2.211792881521554E-5
161.0	24.477980688520276	20.860158212134316	28.41280250909891	26.245431190550185	0.0036273996963158673
162.0	25.1773818313405	23.483722100986544	25.12849925172051	26.210352578323825	4.4237628615375496E-5
163.0	25.25063482653973	24.018739548587455	26.77994744432549	23.950633941764067	4.4238783256505315E-5
164.0	25.4960617659498	23.791145299689788	24.595337824565874	26.11588459408141	0.0015705157131203095
165.0	26.556385029823026	22.36527875968773	26.72757654399748	24.3503393746234	4.2029186836989584E-4
166.0	24.898174710341006	23.267089747832532	25.456211807220814	26.37843524858378	8.848602186312628E-5
167.0	26.75800593890358	23.677611731624207	26.32607160088692	23.238023141061902	2.8758752339137365E-4
168.0	26.53034360914598	24.438818333903367	23.36935096148528	25.661376480743968	1.1061472140355039E-4
169.0	26.103743651032097	22.262172828209394	25.85268314828277	25.781245506109922	1.5486636581294E-4
170.0	31.795058999742253	22.632316615172563	22.773977944373094	22.798469447016384	1.769936957058011E-4
171.0	25.343415285143983	23.419077269987866	26.94482523033736	24.29212910396974	5.531105610488039E-4
172.0	26.924398309938546	24.735698378141848	24.311922038957956	24.027826416291454	1.5485667019666133E-4
173.0	29.03530084258621	19.45834597024613	23.190908413186456	28.314205969401087	0.001238804580125991
174.0	24.19052481662013	25.949529222869316	23.94786919204902	25.911479475922256	5.972925392852576E-4
175.0	26.01631699878368	24.28247548667159	22.738139115268062	26.96138705551133	0.0016813437653339658
176.0	24.460168392062883	24.0539451070902	28.372022740185244	23.11251418164183	0.0013495790198427941
177.0	22.120724877637127	26.372454419677716	24.841770716502907	26.64108741823576	0.023962567946492003
178.0	25.29480569848171	22.984081233430626	24.01531766183755	27.70548567249062	3.09733759497488E-4
179.0	28.365437802293116	23.846385315579628	22.97606878454383	24.81086905536306	0.0012390422203636588
180.0	26.536946845944122	22.21737668571961	25.635011257549884	25.610443277816803	2.2193296958519616E-4
181.0	28.4556801311604	22.213247226722686	25.985353370442986	23.345208037753068	5.112339208596554E-4
182.0	25.617479994434934	23.07352953596157	25.545227489822196	25.763696305676763	6.667410453343907E-5
183.0	23.846064783177894	24.60362488363478	26.42673374459231	25.123154351453753	4.222371412678803E-4
184.0	26.30323343541874	21.821572251555448	26.379080795772815	25.492557825000826	0.003555692252168806
185.0	24.952672093599933	24.903877688691697	24.35965120443967	25.783243521409542	5.554918591557058E-4
186.0	27.006229730045035	22.964227105714308	25.077513307756664	24.952029856484	0.0
187.0	24.069737172902414	22.73009367929211	27.97576884202116	25.223910409559924	4.898962243920666E-4
188.0	27.311814500829236	28.264699542718503	22.06487892817634	22.358183949365916	4.2307891000621705E-4
189.0	25.16523552729178	23.859673891283588	24.645919098334318	26.328414364674103	7.571184162151606E-4
190.0	28.88524896833863	21.69911788220465	24.74958410629063	24.665870882540926	1.7816062516563369E-4
191.0	26.49750589528843	24.150702514899145	24.67614122275277	24.675293381101028	3.569859586266661E-4
192.0	26.67248021192961	23.705608494321528	24.282939059526658	25.338860664136554	1.1157008565012335E-4
193.0	27.865702842219832	24.73599605793391	21.38952473599606	26.008530877397597	2.4548645260694335E-4
194.0	28.142869704675476	23.284742689643444	24.153424310230236	24.418963295450844	0.0
195.0	26.217738596273886	21.56794467863317	25.136512124428435	27.077313529784007	4.910708805012494E-4
196.0	28.004437408327952	22.172315925211276	26.579444782374978	23.243712366064255	8.951802154430224E-5
197.0	24.94639261467056	24.39359862908345	23.876371297061468	26.783055500095355	5.819590891713529E-4
198.0	27.545287362817128	23.098724578520258	24.314520098478138	25.04140068757096	6.727261352085351E-5
199.0	25.605384229536316	22.84553510590291	25.167155984085348	26.381475215608297	4.49464867129196E-4
200.0	27.179244099882272	23.6358471118495	24.556482589017016	24.62840372389656	2.2475354649858696E-5
201.0	25.02335925009446	21.164076226790502	28.513704355620728	25.29863539722638	2.2477026792840709E-4
202.0	25.328981751996277	25.35343860419709	27.922374670433804	21.395204973372827	0.0
203.0	25.921117453647607	24.8215754069178	22.766283288854133	26.490529179203026	4.946713774371841E-4
204.0	26.262372085220605	23.63238620290152	23.82748814569051	26.27761864091573	1.3492527163830312E-4
205.0	27.688806689458417	24.65773017727101	24.947139839132397	22.705648627120084	6.746670180932202E-4
206.0	25.21514157667479	21.39027498446968	25.587306928118803	27.807276510736724	0.0
207.0	25.56118664935122	23.846903634511243	26.562860980569162	24.02873380023247	3.149353359021559E-4
208.0	28.063366235049607	22.31597212612857	21.9284550233336	27.69209411560353	1.124998846876182E-4
209.0	27.05882697119649	20.724722576597348	25.249574731094356	26.96617809782434	6.97623287475479E-4
210.0	24.696027954556964	24.640636517609458	24.76224559271201	25.90079733508893	2.9260003263615746E-4
211.0	24.89407313883916	25.466866167883605	25.5306023940146	24.107917970959157	5.403283034771927E-4
212.0	28.37449947227519	22.484342812559266	24.55298803057966	24.58792192645908	2.477581268044112E-4
213.0	29.681453759365795	22.772639603998776	22.712172971978912	24.833463221278123	2.704433783967125E-4
214.0	27.47141239675759	25.55646023447473	24.407475404511768	22.564629409933826	2.2554322084741098E-5
215.0	25.705489449490038	25.076972970919208	22.887986969664485	26.32927921998914	2.713899371325211E-4
216.0	26.129706606105408	24.287520622508328	26.214093750185715	23.3686104509318	6.857026875431136E-5
217.0	28.87624466571835	22.572312608901406	25.880541135255463	22.670394468874626	5.071212501553059E-4
218.0	24.540066805769644	24.17987752819118	25.62706409398373	25.652758620769983	2.3295128546013588E-4
219.0	26.51962163968208	23.045706977902334	24.63586146476485	25.798339659481357	4.7025816938370084E-4
220.0	28.378970269235975	22.04927857767726	24.440120918989997	25.131346586454267	2.8364764249807535E-4
221.0	25.49287505444619	22.506173745545418	24.296583781372682	27.70422445270258	1.4296593312434892E-4
222.0	25.707822350620123	25.054095543722894	24.142715808434275	25.09502880274316	3.3749447955458444E-4
223.0	29.95238117324372	22.574770736599074	24.075153137235326	23.397157907661903	5.370452599775076E-4
224.0	29.71562240648663	22.983957245434805	24.799998041476627	22.500275417349087	1.468892528478154E-4
225.0	30.728450761659314	19.448968505802263	23.977776913185465	25.844212832202494	5.909871504618811E-4
226.0	25.141097998973834	22.368277370319234	25.617458007171205	26.872992105293335	1.7451824239187724E-4
227.0	27.568055808836196	23.174364327159555	25.801108479231377	23.455564612087684	9.067726851856516E-4
228.0	27.23331725863048	27.856834962808136	23.213306914394476	21.69646484087438	7.60232925231852E-5
229.0	27.61398979817915	25.17717492716362	21.841356855972684	25.36745286430137	2.5554383177242905E-5
230.0	26.004764856299495	23.15873185163202	27.41482329895197	23.421679993116516	0.0
231.0	25.28999208351939	24.732439687816672	24.258627342917467	25.71794740403228	9.934817141847227E-4
232.0	24.918165819731144	25.1154625025787	25.006209924933586	24.960056499791598	1.0525296497602338E-4
233.0	22.560087632795135	25.6485573104621	22.38508856562598	29.405840054157494	4.264369592912618E-4
234.0	27.299510828254615	21.20794377206731	26.375832781170814	25.115385261351207	0.0013273571560533175
235.0	25.545035812720542	22.23164598072433	27.44308805715991	24.780010708705653	2.194406895704229E-4
236.0	28.78468816988909	23.514715476672386	23.690185555365442	24.010104761785527	3.0603628755726005E-4
237.0	27.8877541903083	24.6769499466992	22.328033973148983	25.107149500175048	1.1238966846733647E-4
238.0	27.334032208042526	22.46697076545007	24.281140151149454	25.91782839635594	2.847900200463695E-5
239.0	27.850119040083428	23.263354470643765	24.154890557405878	24.73088443443604	7.514974308904175E-4
240.0	25.484522631784923	21.879270638160218	26.61428067018916	26.021806470785734	1.1958907996234139E-4
241.0	29.547730781641274	21.265297790197803	22.99839381808538	26.18693131851192	0.001646291563623781
242.0	26.29037574604382	24.369610031171952	21.198936920362307	28.14017750586593	8.997965559986887E-4
243.0	27.49369003581404	23.05757943705687	25.511571221636704	23.935176645952883	0.0019826595395062937
244.0	26.916453409604095	22.41484269155502	26.09306036429324	24.574288724973655	0.0013548095739876562
245.0	29.244006289215225	21.252040028749665	23.28544839311637	26.216816261234673	0.001689027684068578
246.0	24.731817892060082	26.737605858178213	23.240354673802276	25.287985906825167	0.0022356691342612974
247.0	25.57079284242046	23.29776217421483	24.65882593682676	26.331890326648644	0.14072871988930594
248.0	26.164111739211332	23.572274052107066	23.152230765920645	27.10177708523112	0.0096063575298388
249.0	25.688248986667332	21.29581415074793	28.584882674578488	24.41601597271126	0.015038215294989023
250.0	26.981030658235305	21.715945642566517	25.108902356771186	26.19281256619973	0.0013087762272668614
