# Position (bp)	A	C	G	T	N
0.0	24.254590858206072	23.467963344067236	25.34031870691168	26.93712709081501	0.0
1.0	23.235502877153337	30.730586910310315	24.32335292477394	21.635052382659584	0.07550490510282791
2.0	24.126628906404722	25.17445817144791	22.89722991390516	27.800422732493868	0.0012602757483337354
3.0	26.233141919901303	21.0825139963204	25.182316348313698	27.495013838957338	0.007013896507259383
4.0	26.0788122284552	22.92691604167191	24.766323233993006	26.22794849587989	0.0
5.0	29.30481225839103	23.432345899691672	22.863162730930615	24.398781770345405	8.973406412755158E-4
6.0	27.123245761559545	23.706819434206665	23.813988105887656	25.350668775450323	0.005277922895808435
7.0	26.445393661152245	24.96546049108577	23.09657853588182	25.491942566240887	6.247456392754378E-4
8.0	28.228005752029752	24.41144664617974	23.946077841401955	23.414469760388556	0.0
9.0	26.485641386388153	25.447886827925192	21.837223097220235	26.228981890653806	2.66797812613667E-4
10.0	24.112734215157676	23.83137841244966	23.789534843433092	28.266352528959573	0.0
11.0	26.461151664434624	22.65806357904238	22.628581605842445	28.252030235881726	1.7291479882660017E-4
12.0	28.527565717740096	25.29732757391458	19.509077573701123	26.666029134644205	0.0
13.0	26.33755893491224	23.45048623938328	24.664861719086055	25.54700876327353	8.43433448883716E-5
14.0	26.281833701253376	22.74696580637037	23.066710144335296	27.904490348040962	0.0
15.0	24.70993454240665	24.80357401570098	23.300185723745546	27.186305718146826	0.0
16.0	26.51370371748836	24.59354888821644	20.700324125242123	28.19242326905308	0.0
17.0	27.354076324691036	26.964099033229	19.401113634281998	26.279605585226502	0.0011054225714655693
18.0	26.217608375787915	25.138651868772428	20.576290079698857	28.067449675740804	0.0
19.0	24.744564386314767	24.858004637474917	23.583635268527274	26.81348362996321	3.1207771983534776E-4
20.0	22.240705166872377	26.18739385840363	24.369337181497876	27.202563793226116	0.0
21.0	23.991953118166712	23.731933261825954	23.067267574165886	29.208615871875963	2.3017396548311215E-4
22.0	23.2855548554119	26.20024445979699	25.290808463471482	25.223316302128012	7.591919161244771E-5
23.0	24.731905967023923	24.46998956415025	23.136377135438586	27.661576198705834	1.5113468140431324E-4
24.0	28.10132967318344	21.3859075747291	23.452076159656578	27.060686592430883	0.0
25.0	25.278875752580486	25.049408866121915	19.72233546626017	29.949158350615356	2.2156442207136147E-4
26.0	26.661482675439725	25.561809531726688	19.976120290175995	27.800440369510188	1.471331474060794E-4
27.0	24.566358320464158	24.589636659639105	21.01519994771553	29.828731638934602	7.343324660866909E-5
28.0	27.932500579178427	24.51381795875667	22.11900623181416	25.432343946019113	0.002331284231630573
29.0	28.10766087962629	23.692289492438952	22.674772562676907	25.52513279800565	1.4426725219935426E-4
30.0	24.428357938819296	23.33661692631374	25.199394216441	27.035416304505677	2.146139202880977E-4
31.0	26.683231353860336	23.681707184119563	23.475634304721364	26.15914213256928	2.850247294580896E-4
32.0	23.808294686480934	22.779145932771403	24.372764406531036	29.039653927310066	1.4104690655924535E-4
33.0	24.58368373256691	25.151155582856767	25.03277777855515	25.23238290602118	0.0
34.0	27.75031374778153	26.44876425763036	21.781739948605125	24.019182045982987	0.0
35.0	26.114039521837284	22.952320086387733	25.399742985473033	25.533690802984456	2.0660331749833684E-4
36.0	25.057081474773362	23.51529673421021	25.74068288574209	25.686870090958763	6.881431557969867E-5
37.0	24.70944410698648	26.31757079795471	20.587075963813195	28.38590913124562	0.0
38.0	26.92205851302716	24.9259801059284	20.497234871227736	27.654726509816708	0.0
39.0	23.233221318447526	26.418459833139767	22.266138842072763	28.082042480390516	1.375259494275826E-4
40.0	25.9672846177751	25.166932052879233	23.363199595182895	25.50258373416277	0.0
41.0	23.458766738412955	24.55001605182781	21.56568222330533	30.420654130888046	0.004880855565859584
42.0	24.60698686954645	25.70907336199276	21.006388568490486	28.677551199970303	0.0
43.0	25.500339871652915	26.006332815793687	23.616784229955304	24.872969103639203	0.0035739789588861834
44.0	30.0198742944007	24.67731760249487	21.862892108420738	23.439778551430578	1.3744325311686937E-4
45.0	26.04265651957925	24.28244467301959	22.6263971312216	27.04499746803784	0.0035042081417184226
46.0	25.76189161002032	24.908314680231562	22.313781584888446	27.016012124859675	0.0
47.0	26.315879866065973	23.13075605128184	22.71162827123702	27.84001835616175	0.0017174552534208272
48.0	21.599608240143848	24.09618446229861	23.068707700718548	31.235499596839	0.0
49.0	21.18624279759084	25.92668136335854	24.362788525592162	28.522501734072286	0.0017855793861727479
50.0	27.09340932891552	23.594568147092655	21.69877594465141	27.613177908633624	6.867070679324966E-5
51.0	24.500405114049904	27.66077534709348	21.101498235350665	26.73512407476071	0.00219722874524506
52.0	22.185023862789475	27.244648269819212	21.71009916032874	28.860228707062575	0.0
53.0	23.467598064968044	23.717206790123456	24.070038197180633	28.743652044479468	0.0015049032484020664
54.0	22.263656920696633	29.885581864917103	22.584654235345138	25.266038579869026	6.839917209642094E-5
55.0	24.67015076775517	27.238612262662382	22.875004178329036	25.21480022129795	0.0014325699554607178
56.0	26.98054767181162	24.23564061586648	24.920588474023205	23.863223238298694	0.0
57.0	22.862180088322052	28.292792715988334	23.5806237105492	25.259765724905797	0.004637760234616106
58.0	25.14228898063397	24.901287659013818	22.838319073747495	27.117899701442056	2.0458516266566283E-4
59.0	27.892661731573863	22.033011843131693	25.1389017691053	24.933174406616008	0.002250249573134475
60.0	22.492085433041094	23.522835577979688	24.512505594868188	29.472505267862193	6.812624883929904E-5
61.0	25.756006910194717	24.614094508357084	23.261688201986956	26.36221573104737	0.005994648413870526
62.0	25.859071767897017	21.08494466764484	24.710872606839878	28.34483848510733	2.724725109295536E-4
63.0	26.52612922869018	24.214747235591496	23.079422338409646	26.177385319788627	0.002315877520049369
64.0	24.08221832447268	21.907763945151498	24.257549017073142	29.752332639812114	1.3607349057078748E-4
65.0	23.300149873223443	26.53586038319379	23.332736924530703	26.8268307765991	0.004422042452968177
66.0	23.36462203887709	24.395870380675472	23.09454776505035	29.14448361390672	4.7620149037460734E-4
67.0	26.21836655007136	26.068710961999724	21.347145183607	26.364961001114256	8.163032076634546E-4
68.0	23.102655948369332	21.19493869266339	27.226225636574625	28.475975659361662	2.0406303098901188E-4
69.0	22.841790232621413	24.150591756223644	25.81029791865052	27.194599374234794	0.0027207182696231806
70.0	26.370787158067515	23.29536499067889	24.27652711273921	26.056913109880377	4.0762863400927216E-4
71.0	24.1141638905228	22.885364458672274	26.028754435279478	26.970904024482472	8.131910429717252E-4
72.0	26.4893370500414	26.22996250316765	22.383928535130075	24.89568779652243	0.001084115138448279
73.0	24.279108333931735	23.20429113956636	23.186000414589767	29.32721294062018	0.0033871712919619715
74.0	24.97292369256487	25.693874827873252	23.868061336387644	25.46446281215647	6.773310177643606E-4
75.0	26.074514869041227	24.558520837383004	21.64912354372664	27.71601204776028	0.0018287020888518935
76.0	26.224233262626345	23.92761067269166	25.384960271341455	24.462383069333484	8.127240070544445E-4
77.0	24.530175116855183	24.83248838220415	23.357153595997328	27.279776569909263	4.063350340711926E-4
78.0	26.21766394885825	27.898800010835117	20.37266029200639	25.510401711948425	4.740363518162364E-4
79.0	26.455529485056868	20.83730315927043	23.936103577752725	28.7686937325844	0.0023700453355814904
80.0	23.583709279800992	24.311836846342334	28.800580118745593	23.301639404200174	0.0022343509109042418
81.0	24.9433487314652	25.288097174105413	22.099106375747365	27.669176902937604	2.7081574441493306E-4
82.0	22.151235449667393	22.73467044520599	24.587743396921294	30.52526751489729	0.001083193308031743
83.0	24.809113538096394	22.864809939432178	24.394135610454196	27.93139934212798	5.415698892557272E-4
84.0	23.482587940310793	26.542661644729538	23.56632449981452	26.407410516282937	0.0010153988622117283
85.0	25.57312777358102	28.132809686651346	21.184811538638574	25.108912553170175	3.3844795888804955E-4
86.0	26.716095542940376	23.82813425395405	23.466690672657332	25.987590437042147	0.0014890934060913397
87.0	21.161453627469893	23.417899285639354	26.030679268651717	29.389223340067478	7.444781715616106E-4
88.0	25.802746860817503	26.937820026069055	25.153659886817533	22.10502878288917	7.444434067354533E-4
89.0	25.681726976255366	26.22345418260098	23.608140051878586	24.485731358798006	9.474304670629183E-4
90.0	22.280802548210346	25.41713951614049	26.128088578325187	26.173766345027516	2.0301229645479626E-4
91.0	26.91596652302895	25.29165132846842	24.120918234771878	23.670719559992204	7.443537385504862E-4
92.0	26.21352588162773	24.09161065673882	22.168090005636518	27.526705790726204	6.766527073213147E-5
93.0	24.60437856241982	27.390982510650048	21.707146762223868	26.297289177821924	2.029868843407798E-4
94.0	27.7939372534214	23.488998813919295	22.840206579669374	25.873271370258127	0.003585982731801645
95.0	22.851753575280128	27.51785102965632	23.674991509174827	25.95310358265463	0.0023003032340910353
96.0	25.668039310795994	24.39416602567095	23.578291792075195	26.358555753773754	9.471176841078388E-4
97.0	25.092796351329323	25.861346996455914	23.787931163947324	25.257857840116298	6.764815114220521E-5
98.0	27.744800597986192	22.75107471783372	24.51181935946479	24.992305324715296	0.0
99.0	20.69658247380158	22.49581785454924	28.029840977046543	28.777758694602635	0.0
100.0	21.635657520557448	25.17988189524728	24.906120649670797	28.278339934524478	0.0
101.0	24.005362604554563	21.647831295651773	28.657753331007648	25.68905276878602	0.0
102.0	24.05904982117383	25.07778431332779	24.767593587949346	26.095572277549035	0.0
103.0	26.971845074915784	24.761613163116884	25.0299419814968	23.236464602224494	1.3517824603522205E-4
104.0	25.405307863661925	27.17705134305117	23.506234049915655	23.911136402958604	2.7034041264760585E-4
105.0	26.921925341872743	23.34277976521573	20.863277260773565	28.869043797154713	0.002973834983248523
106.0	26.229118203236197	23.95477812816378	24.117858557295772	25.698245111304253	0.0
107.0	26.53231970512962	24.203943904883488	21.785617499751638	27.477780984131257	3.379061040034439E-4
108.0	23.507860972393367	24.545406641157015	25.3252886049679	26.621443781481723	0.0
109.0	25.075025684012015	25.67374516461746	25.4753653006127	23.775323490215758	5.403605420626778E-4
110.0	25.27264647403341	23.93197142918891	22.53152622592985	28.26385587084783	0.0
111.0	25.106908605636235	23.23293514436376	25.562772843188103	26.096978194156296	4.052126556016598E-4
112.0	25.343898693556383	23.427182617128146	24.65265725472612	26.576261434589355	0.0
113.0	28.57380167616439	21.93457813288171	23.129880118659095	26.361402435442145	3.376368526573033E-4
114.0	25.828230470237724	22.67339155144145	27.415745360153636	24.082362506313864	2.701118533184592E-4
115.0	26.780440929291537	23.36815846820729	26.947307146614698	22.903688276888523	4.051789979518201E-4
116.0	25.58146758820014	24.85938961350292	25.571811069881456	23.987331728415487	0.0
117.0	25.59995624158427	27.036758419780966	23.420881678054208	23.942066018483878	3.376420966763862E-4
118.0	27.387740604083042	22.859346215972383	25.593237965068855	24.159405100833574	2.7011404214859517E-4
119.0	26.472401607477973	21.736810934956026	24.679959671238205	27.110422607877073	4.05178450719158E-4
120.0	25.031097005098424	23.663976770098255	25.393051288111558	25.911874936691763	0.0
121.0	27.401273205751643	23.396556928585273	24.63343167914729	24.56833300806508	4.05178450719158E-4
122.0	28.024613157180344	22.529871680417926	24.297321644424695	25.147923399921936	2.7011805509597966E-4
123.0	24.980366072302825	27.483312005564354	22.90102677169608	24.634619864875358	6.752855613817694E-4
124.0	24.568840941810745	25.51597280557934	21.944746814757593	27.970439437852324	0.0
125.0	26.57439175332914	23.13717599060595	25.059067333721824	25.229027298257794	3.376240852919469E-4
126.0	23.85021263722833	23.98364266681792	26.636104707460063	25.52990493785645	1.350506372364318E-4
127.0	25.093519661411563	22.742023481875417	27.125968620608624	25.03781300389204	6.752322123578299E-4
128.0	26.51676698542688	22.28757834519287	25.34096449161549	25.846722297774534	0.007967879990222467
129.0	23.536366736328922	27.26760772609566	23.41347306298976	25.779648942743027	0.002903531842628574
130.0	26.479002962293723	24.55915032745939	23.67768731764202	25.284159392604867	0.0
131.0	26.628253789687133	23.545319924614784	24.41254700603068	25.413474128029268	4.051516381293609E-4
132.0	25.015800732505756	27.064088851435304	22.388422519690142	25.52675860802299	0.0049292883458118605
133.0	27.191286644676204	25.304450874272845	23.6530053445604	23.849839122992414	0.0014180134981380133
134.0	26.310664795815704	22.893503294471312	21.569367561443002	29.22639682477518	6.752349480001567E-5
135.0	25.536619934192355	23.860435940182974	26.83872806102433	23.764013496441216	2.0256815912134035E-4
136.0	27.393809175902756	27.165579763478704	24.207848120753617	21.227766201249725	0.004996738615201159
137.0	29.322324362210274	21.15641462983145	23.97908403523627	25.54210944959196	6.752313004819801E-5
138.0	25.870416996670592	23.606201845591247	26.750404951105406	23.77162580694821	0.0013503996845466337
139.0	25.930792431987886	24.592933398063366	24.98441955324124	24.491044365955155	8.10250752351584E-4
140.0	27.972619129608102	21.236987131963208	25.191116476731796	25.598872139329686	4.0512236721101605E-4
141.0	25.50999462523869	24.56684555528847	25.78960375314991	24.132880845052924	6.752212700101823E-4
142.0	28.761613189220288	22.439190069731467	23.48634372001537	25.312650450685258	2.0257034761746886E-4
143.0	26.784346931251445	24.82217639615331	24.764511175843808	23.62889797307426	6.752367717740226E-5
144.0	28.744133095922493	24.552440719876138	22.9840166322637	23.718801844998268	6.07706939405541E-4
145.0	29.193161001149914	22.433569191148816	21.650369992241608	26.72168440158085	0.001215413878811082
146.0	27.068720103932304	22.95896456632302	23.84203802388174	26.126968650149497	0.003308655713440705
147.0	26.587133315147078	23.62934613213484	26.05018865988013	23.72995573177616	0.0033761610617891492
148.0	24.284618469936355	24.18508830095114	24.713192406536848	26.816358060120542	7.427624551135144E-4
149.0	27.232101256386258	25.772732245086484	23.421211495063186	23.572266856819503	0.0016881466445722033
150.0	25.079917293872807	25.00543586156042	24.2681844762598	25.64646236830697	0.0
151.0	26.57096956956565	24.221310285355806	25.141928334547725	24.06552169594146	2.7011458936167194E-4
152.0	27.8026136658311	23.64515353530988	22.8638360057049	25.688261733944163	1.3505920995764544E-4
153.0	26.009539444583634	23.179378160033874	24.18180995530116	26.628799722312074	4.7271776925835303E-4
154.0	24.2010291873202	24.6431610367509	24.920042139953267	26.233336484825564	0.0024311511500695582
155.0	26.664775126243434	23.01626386988904	25.609025350019422	24.709800543817874	1.3511003023086927E-4
156.0	27.090508418240848	23.568709896651754	25.095694070818343	24.24481738747418	2.7022681487706707E-4
157.0	24.541686033314235	22.908874968923286	27.237253142801553	25.311848064596326	3.377903645974079E-4
158.0	26.276981698048196	20.91057108305127	26.505671645824464	26.306505333846786	2.702392292777181E-4
159.0	27.082989895495807	21.544294698040446	25.056346325868233	26.315896149802853	4.729307926590331E-4
160.0	26.513634960196036	21.363745997815055	26.566468192975073	25.556150849013836	0.0
161.0	25.153924266490822	20.20361986364536	28.814663224582482	25.824482082762714	0.003310562518621914
162.0	27.118928063736753	21.75776034938463	24.503813286777543	26.619498300101075	0.0
163.0	24.453944007978013	23.870119480996816	28.91610385468776	22.759832656337412	0.0
164.0	26.41034060597216	24.559817521897642	24.249156119853954	24.779064205158143	0.0016215471181053843
165.0	26.890247569138754	21.672991984627348	27.12105354550006	24.315369069972185	3.3783076165296537E-4
166.0	25.092028021924563	23.299103233548472	25.365679628968962	26.24305397896193	1.3513659607130888E-4
167.0	25.886291919212397	23.664632786685857	25.975890751589603	24.472914259458218	2.702830539282263E-4
168.0	25.225153390815468	23.761183339189664	24.513001054139526	26.500594642808878	6.757304646322674E-5
169.0	27.264114478169084	21.680425022367462	25.572363815254207	25.48302910878832	6.757542092729695E-5
170.0	30.780593882237188	22.855383958340937	22.584135118953498	23.77975188907855	1.351513898293173E-4
171.0	26.15055367808892	24.09403506211182	26.051488311841016	23.70351749625464	4.0545170360669567E-4
172.0	28.235425259168434	24.38436308239006	24.103457943609545	23.276551041571665	2.0267326030340188E-4
173.0	28.492888818338102	20.115643248683647	24.03136958217797	27.358747378268934	0.0013509725313510061
174.0	25.387401579058295	25.816819510718897	23.032594421957665	25.762981837046805	2.0265121833912465E-4
175.0	24.914831625687444	24.862545033010132	23.31772616822367	26.903208329646027	0.0016888434327296507
176.0	24.160457655206148	24.43392663762185	27.899308288312515	23.504956287523452	0.0013511313360459547
177.0	23.43088177366861	25.127377367401525	24.126871303759128	27.28885693803795	0.02601261713278799
178.0	24.312907117986356	22.64396826962442	25.467666336536006	27.5750529312495	4.0534460371484816E-4
179.0	26.496450623226913	24.635384046823262	23.807747890541233	25.058998634569246	0.0014188048393406205
180.0	27.766986872118288	21.610075364768733	25.40249175105245	25.220175110663224	2.709013973094073E-4
181.0	28.14982958501731	21.66572085842776	25.796699366545777	24.387207791019094	5.423989900530806E-4
182.0	26.858830069967997	22.747871128708574	25.24000650865108	25.15322449422357	6.779844877149211E-5
183.0	22.71947594795277	23.88729789392041	26.848175689235294	26.544575882324228	4.745865673017991E-4
184.0	25.966530186631193	21.696325480137848	26.766494388589102	25.567870172434016	0.0027797722078374662
185.0	25.531398559256946	25.008286950137983	23.229626134837662	26.230417208114638	2.711476527764503E-4
186.0	26.646343282165585	24.04016410556771	24.50188048927972	24.811544333178773	6.778980820907461E-5
187.0	24.97538293031011	22.070331188656674	27.398611943367506	25.555334625885013	3.393117807014389E-4
188.0	29.648366697000355	26.8377839711891	22.643184182507028	20.870325846272657	3.3930303085825345E-4
189.0	25.388067986715363	22.952574067815704	24.92905043628383	26.72949316699037	8.143421947336489E-4
190.0	29.787309125531795	20.6121012767153	25.335601782637408	24.26471636126978	2.7145384572056406E-4
191.0	25.69217801318098	23.732555035648957	24.925811992748628	25.649115347493296	3.3961092813628995E-4
192.0	26.890699220944363	22.558785789927366	24.45598902841865	26.094322179480994	2.037812286241982E-4
193.0	26.813389575001306	24.439853503543862	23.463074591316058	25.283546458819785	1.358713189912098E-4
194.0	27.104164373808565	22.89203118015275	25.061448597178458	24.942355848860227	0.0
195.0	26.76006669683516	21.00828002886391	24.930456182978716	27.300925303077868	2.717882443430674E-4
196.0	28.715180771481496	22.632285648302375	26.711369892969767	21.941163687246366	0.0
197.0	25.532542624873177	24.15113083756181	22.727610315686047	27.588375536324232	3.406855547280682E-4
198.0	27.360704873733116	22.548980106110758	24.318061843082006	25.772253177074123	0.0
199.0	25.21149782176051	24.219355897660357	25.673749649498355	24.89519145938626	2.0517169451302498E-4
200.0	27.380774876099984	22.77270656728219	23.671161219808134	26.17535733680969	0.0
201.0	24.26070350301437	20.790794515450774	30.586430350793915	24.361866432101824	2.0519863912262534E-4
202.0	24.81181662963652	26.009527509932468	28.478143093239357	20.700512767191658	0.0
203.0	24.893467658505344	24.035393095445315	23.74076993393216	27.330095625947635	2.736861695431083E-4
204.0	24.36138516976582	22.860392263129153	24.509328942920526	28.268893624184493	0.0
205.0	27.401347416539213	23.78002005043403	25.399794021138494	23.418496354311014	3.42157577250627E-4
206.0	24.660348729853794	20.795671298466736	26.08540917960128	28.45857079207819	0.0
207.0	25.73421853684047	23.660301442870765	27.91505551003589	22.690150707745257	2.7380250762026604E-4
208.0	28.71290314630065	22.516903595420075	21.554446145377767	27.2157471129015	0.0
209.0	26.84566010191547	20.57057324369739	25.100758271901487	27.4825975434565	4.1083902915998484E-4
210.0	24.61033780197579	25.007071070248426	24.98837468111699	25.393874021949426	3.424247093670279E-4
211.0	27.0944177402572	25.437433767564656	24.828043986214748	22.63969349666843	4.110092949752059E-4
212.0	28.06203388413498	21.180222673438102	25.461207578873502	25.29626175333232	2.7411022109045155E-4
213.0	30.440101068625868	21.069585817479936	23.14464675692447	25.34552922179215	1.3713517757291306E-4
214.0	28.32647650518585	24.706812274774464	24.67916082303894	22.287550397000743	0.0
215.0	25.13691508275382	23.57166075985208	24.116434689323544	27.174852020377994	1.374476925624992E-4
216.0	25.176456065941654	23.91411385005014	27.2611965864125	23.648164149564284	6.934803141743216E-5
217.0	29.511451756201158	22.66852405402708	25.288082315015597	22.53166270831923	2.7916643693595293E-4
218.0	24.537239238821055	23.909886225451825	27.03785991038417	24.514733301121712	2.813242212418073E-4
219.0	26.599077817169082	23.489801283098764	23.49534290565743	26.415280668973306	4.973251014187975E-4
220.0	26.992076191780118	22.49307593792161	24.24420047405937	26.270290853392435	3.5654284646694564E-4
221.0	24.864605519937104	21.694838932899437	24.60802317944867	28.832460435463464	7.193225132840885E-5
222.0	25.423587213234562	23.013664197390952	25.065800131781877	26.496657869100055	2.905884925504008E-4
223.0	29.62622919133103	22.069397739261714	25.468851700459133	22.835082077876056	4.392910720678968E-4
224.0	30.347610644393296	22.128805314862163	24.345873838034006	23.177563512984243	1.466897262916397E-4
225.0	30.540584524367947	20.274552225232384	24.390994651666098	24.79313221791276	7.363808208142457E-4
226.0	25.465101942454915	22.163190124453113	25.83379101890148	26.537692741667318	2.2417252317383457E-4
227.0	28.387587846747596	23.473978654258737	25.35976053180286	22.77746597022942	0.0012069969613851498
228.0	27.299213738611872	27.645150554158484	23.075342657883425	21.980065608967823	2.2744037840013892E-4
229.0	28.04915256181347	25.16392471124399	22.630136148314108	24.156786578628424	0.0
230.0	25.84183807223862	21.026367003772002	28.362263324604985	24.769454493863943	7.710552044684191E-5
231.0	23.777200084565933	26.010053949933837	25.411515061349455	24.80013467908011	0.0010962250706673662
232.0	24.82266042038789	25.268695736371562	23.781727666548846	26.12644384843616	4.723282555421817E-4
233.0	22.739820730428146	24.538952989415467	24.02633419153873	28.694494771304154	3.973173134992531E-4
234.0	26.71347037320522	20.35144043976174	27.56707029941535	25.36680523843352	0.0012136491841850184
235.0	25.748344176299113	21.759596269541003	27.863538582569213	24.628357755848835	1.632157418318682E-4
236.0	28.331890497491464	23.404876369342688	24.967047625225263	23.295769705104313	4.158028362743068E-4
237.0	28.219491465639162	24.13497425078692	23.13750718055355	24.507859136855473	1.679661648957434E-4
238.0	26.782041985008632	21.89917850982379	25.990051663001147	25.328727842166426	0.0
239.0	26.26530686026233	24.18264421976115	25.90997594974409	23.641040031539063	0.0010329386933669842
240.0	26.432209839125814	21.43468911003455	25.234912023447446	26.89810063983751	8.838755467875102E-5
241.0	28.373186596839357	21.76747718750332	24.01482236881708	25.842566330631595	0.001947516208646264
242.0	25.375383771491872	24.60593247041886	22.2030502899311	27.814568360808668	0.0010651073495069885
243.0	26.96435586191696	24.22345619981905	24.104541681405074	24.705246636532173	0.0023996203267394136
244.0	26.924395977548528	21.81286461149529	25.48033625542157	25.78124512849201	0.0011580270426038148
245.0	26.07695498710801	22.363579145373723	24.308553057422102	27.24885652878257	0.002056281313588265
246.0	24.38121073774516	26.822144897205906	23.49293861739526	25.301197263602255	0.002508484051416756
247.0	26.499508490324665	22.249453504082446	25.564158845154257	25.545575739621068	0.14130342081756686
248.0	27.128627259228367	22.21198546040261	24.61349982203015	26.03734850091861	0.008538957420264115
249.0	24.47299938763456	20.510262322158493	30.844584907588903	24.15750002939716	0.014653353220888446
250.0	26.55160520272662	23.486970491862795	23.55404681727828	26.40637905838999	9.984297423143603E-4
