# Position (bp)	A	C	G	T	N
0.0	24.028828734819687	24.334203419574383	24.39520812084951	27.241659388076688	1.0033667972883009E-4
1.0	23.146418505248352	30.160327057592273	23.351029609077727	23.267384189614962	0.07484063846668741
2.0	24.50221606468281	26.81755524923296	21.92097909539795	26.75850016062784	7.494300584405559E-4
3.0	26.094544525105807	22.024678982528624	24.480845782817365	27.39433954917276	0.005591160375446419
4.0	26.46355443413818	23.304629438403357	22.795801269675938	27.436014857782524	0.0
5.0	28.42464098083155	23.22383989930172	22.21037907859678	26.140492239584965	6.478016849820135E-4
6.0	25.470145856293115	24.029892703702505	24.068850737988562	26.424990857549425	0.006119844466391854
7.0	26.2604605784105	25.86657751433905	22.281243138466614	25.59107297740624	6.457913775922314E-4
8.0	28.092262306002524	23.913237428328983	23.233403649571365	24.761047051079725	4.956501740723411E-5
9.0	26.85469850357557	24.712129023192947	22.52186552860701	25.911059569032137	2.4737559234085587E-4
10.0	24.926742905791404	24.347409934685373	22.992468869133933	27.733378290389293	0.0
11.0	27.835374601506935	23.18317680379843	21.945054696823256	27.036249712229488	1.4418564189765608E-4
12.0	28.214062605824285	24.4516792404664	20.205493887707735	27.128716904084065	4.736191751353722E-5
13.0	25.736361303951295	22.46627663738326	24.454189974474556	27.34303162870311	1.4045548778318168E-4
14.0	26.44217203903521	22.187411825372887	23.002660817778693	28.367616323327123	1.3899448608873687E-4
15.0	25.602281192061948	23.442478783120205	24.382573698572973	26.57266632624487	0.0
16.0	26.19619507015002	24.783565366858955	21.429278521224994	27.59087104815558	8.99936104536578E-5
17.0	28.392108559112405	26.94205563473761	18.666543815695327	25.997749005766796	0.0015429846878608105
18.0	25.598391858807094	25.617561406011884	19.765597577809544	29.018186560834426	2.625965370519337E-4
19.0	25.352729692350035	24.91334171755845	21.610833765898967	28.12257226168537	5.225625071852345E-4
20.0	23.94723109249506	25.62842139095094	23.27396874438408	27.15024917402784	1.2959814208103512E-4
21.0	24.20670555734547	23.79759081156301	23.440017068940698	28.55521528115767	4.7128099315185874E-4
22.0	22.45636521440197	27.256372004982587	25.86022863036111	24.42694926799663	8.488225769829026E-5
23.0	25.364062130903903	23.86061156437374	23.15439800914714	27.62067474834381	2.535472314121355E-4
24.0	28.239617796796523	21.892571401815868	23.692342808982843	26.175384381273446	8.361113131713452E-5
25.0	25.088030282582796	25.517977385759337	19.366537977832845	30.02720597306062	2.483807644000818E-4
26.0	27.254079894793627	25.38766252817073	19.572796614040165	27.785337519972053	1.2344302343236617E-4
27.0	25.724372027642637	24.124535490628986	20.112060770155203	30.039031711573173	0.0
28.0	27.94954121558914	23.313611002879085	22.58206161265224	26.15202912412337	0.002757044756161691
29.0	28.274333118212336	23.42989131701468	21.946962896048337	26.348451008269162	3.6166045548321454E-4
30.0	24.55270873126924	23.933944169109825	24.88619664931646	26.626950900329575	1.9954997489661315E-4
31.0	26.68893416374914	24.342463881203287	22.223369985840126	26.744675745300306	5.562239071392133E-4
32.0	24.853800939730377	22.086454565679322	24.09645089448905	28.963018457361127	2.751427401229652E-4
33.0	24.249180613342787	23.92469105857915	25.03789857641286	26.788152010995642	7.774066956483882E-5
34.0	25.62642390932538	25.91292764414743	23.214190207543982	25.246342806374493	1.1543260871154508E-4
35.0	26.00105854209607	22.071211498004484	25.232302808484924	26.695198853334844	2.2829807967070283E-4
36.0	24.38421810125456	24.369734482189713	25.973766782560965	25.27216658975016	1.1404424460513702E-4
37.0	25.655105010220012	25.045286120502308	21.90666442215214	27.392944447125533	0.0
38.0	26.65887629453837	25.603187163817015	21.057178317591134	26.680568276748662	1.899473048186972E-4
39.0	23.55848735270011	27.477748819359988	21.315176380059356	27.648321580739672	2.658671408723633E-4
40.0	26.652129597139375	25.75594280566961	22.12262481448907	25.469226831450502	7.595125144877012E-5
41.0	24.48738516216365	23.600198207400123	21.39026163756524	30.51729473478369	0.004860258087298589
42.0	24.366795448885	25.535972457614246	20.820690503526322	29.276465657062673	7.593291175380728E-5
43.0	26.335113991478355	25.275108646466975	22.38504429374482	26.00089893373097	0.003834134578882953
44.0	29.084678059100877	24.63347571978286	22.645328689515807	23.636213881805837	3.036497946188702E-4
45.0	25.38405897202745	24.000915365850325	21.613525858705767	28.997590902811826	0.0039089006046272275
46.0	25.285191158334126	24.441969452613606	21.83049046580021	28.442348923252066	0.0
47.0	25.88659223112732	23.732029022954816	22.876426304907973	27.503131202408284	0.0018212386016074706
48.0	23.013725026827586	23.754086726025584	22.765117045654122	30.46707120149271	0.0
49.0	22.410658069410204	25.352854162715722	23.976294329603643	28.258107339275558	0.002086098994879575
50.0	27.57408114650798	23.95054948597452	19.99414427756731	28.48111131295992	1.1377699027244658E-4
51.0	24.75123401805836	26.984316585119277	20.82270145769035	27.43920728583525	0.002540653296763094
52.0	22.87255156828666	25.525029506243897	21.142288019537883	30.46013090593156	0.0
53.0	22.659924408261848	24.749818082126808	23.67979735462902	28.90860982269663	0.0018503322856928154
54.0	23.106535318632513	27.899739194429102	22.305842958570544	26.68784476876586	3.775960198358741E-5
55.0	23.717328352573926	28.136472506637183	22.665692497580576	25.478925688740933	0.001580954467382086
56.0	27.081992558653482	24.87326150920985	24.343650806196056	23.701095125940615	0.0
57.0	22.7763734897004	27.48894852252462	22.768847157887766	26.96078818757275	0.005042642314467454
58.0	26.087885740861005	24.017883280066282	21.524955242884953	28.36889946788136	3.762683063937768E-4
59.0	27.28507812194307	22.54847443240819	24.69080806773478	25.472704725843297	0.0029346520706604023
60.0	24.83506193531334	22.214525362841215	23.417788530853517	29.532624170991927	0.0
61.0	25.57162309235282	23.61185830016815	22.49873952908131	28.311960076390356	0.005819002007367983
62.0	25.31021030558164	21.832896745222495	24.77324071508853	28.08342699518514	2.2523892218670954E-4
63.0	27.69969282790893	22.7525066826728	22.586927299351835	26.95839569305914	0.0024774970072962287
64.0	25.802907468022163	21.148860189347026	23.097039883536404	29.951154986894096	3.747220031139398E-5
65.0	24.712404219045656	25.43649886655301	23.62628098244562	26.22005732806265	0.004758603893062555
66.0	24.931518756798013	23.559346102011293	22.705873669294512	28.80266199172043	5.994801757526005E-4
67.0	27.62508312649277	24.46176181332834	20.73784479932562	27.174560951622723	7.493092305530839E-4
68.0	24.001795249407422	22.486023316513485	26.54755031999422	26.964406333274265	2.247808106120519E-4
69.0	23.366207113053786	24.07782716878162	25.32110187974685	27.232016758809653	0.0028470796080919997
70.0	26.424866009148406	22.72271654529882	23.885828199978306	26.96625263213013	3.36613444340967E-4
71.0	24.902022213768362	22.704291330066166	25.699159337913336	26.69333363170497	0.0011934865471688262
72.0	27.247643024878904	25.061299439979507	21.387509793925734	26.301906874077247	0.001640867138614862
73.0	25.534599684611635	22.980170208291305	22.278544828365412	29.202658092239727	0.004027186491921576
74.0	24.974982625787806	25.79559724040839	23.108410610051095	26.119816444803696	0.0011930789490167538
75.0	26.542982272019422	23.926342628614634	21.84376814004027	27.684520909070237	0.0023860502554378642
76.0	26.78885846417101	23.419705151552996	25.13425502209779	24.65606295866194	0.0011184035162606551
77.0	24.855585493834983	24.06316960391507	24.10767939234074	26.972819952314136	7.455575950697768E-4
78.0	27.457082001018385	25.99238670073218	20.35349803964254	26.196399562526047	6.336960808506736E-4
79.0	27.458137219490574	20.79472094523797	22.334109774548757	29.410087324476013	0.00294473624668391
80.0	24.23491647213048	23.03579329205178	27.972098609067803	24.754358846864765	0.0028327798851755038
81.0	25.481388163117742	24.562406586730376	21.738372028013732	28.217236868097668	5.963540404849849E-4
82.0	23.283782796606253	21.883996284827877	23.651647452229774	31.179194439764863	0.0013790265712330585
83.0	25.795519597846116	22.344429238447916	23.22794236032845	28.630878906599406	0.0012298967781176765
84.0	23.786238797426464	25.05701908685982	24.713600207504754	26.44183755001282	0.001304358196139696
85.0	25.58145601385686	26.98502964110193	20.310266389807694	27.122614439099724	6.335161337926449E-4
86.0	26.119502541029483	24.433830012244936	22.107627262015576	27.3370651947899	0.0019749899200986153
87.0	22.522813567784894	21.18600743001293	25.54173140913139	30.748329737564788	0.001117855505997295
88.0	24.60358742389579	27.05378900224307	25.393916134465055	22.947962232936636	7.452064594495905E-4
89.0	26.217200136961445	25.783401956879498	22.144795371925213	25.85348478576674	0.0011177484671011232
90.0	23.316993786700177	25.342975863992184	25.158406173286124	26.18143789252262	1.8628349889589772E-4
91.0	27.40689301120596	24.60639066357648	23.412551314229173	24.57349441937384	6.705916145499008E-4
92.0	26.07247472273332	24.001305354149956	22.60382389789031	27.322396025226414	0.0
93.0	27.11090067802583	25.551824962719945	20.488889369027323	26.84804972114926	3.352690776486909E-4
94.0	27.64791099134551	23.070452892025077	23.148158150689348	26.12885886139818	0.004619104541883544
95.0	24.196631082235314	25.578698659502848	23.817878336482778	26.40396096105157	0.0028309607274973076
96.0	26.187643545651152	23.835077919726924	23.520478745000347	26.455682340504627	0.0011174491169544595
97.0	25.827105644252946	24.78337177217981	23.33249155239304	26.05695653728568	7.44938885213857E-5
98.0	28.5297722780427	22.473450564397815	23.821249008807413	25.175528148752075	0.0
99.0	22.354188380201055	22.462360414323093	26.131049395335086	29.052401810140765	0.0
100.0	22.785575082120545	24.750250029229033	24.10773262399253	28.356442264657893	0.0
101.0	23.84762480620617	21.94788677227717	28.560184433645443	25.644117826649648	1.8616122157504307E-4
102.0	25.779087458417766	23.465115603643376	24.187587176548476	26.568172526345656	3.723504473045924E-5
103.0	25.89310413513609	25.4121825766926	25.14363049795505	23.55078493680854	2.978534077222219E-4
104.0	25.775450445000008	27.090885737102816	22.41351772460819	24.71981101693811	3.350763508696162E-4
105.0	27.82852847228764	23.155484779693996	20.68421658158298	28.32778623174511	0.003983934690278864
106.0	27.154955922985017	22.96733233626237	23.634491208983917	26.243108835992253	1.1169577644760519E-4
107.0	26.06945465714791	24.379012816813574	22.342396008823776	27.208242970298873	8.935469158669731E-4
108.0	23.906454283646585	23.81781658660361	24.09638688772608	28.179230560759077	1.1168126464885921E-4
109.0	26.064780209471795	23.93689490972224	25.301856478765444	24.695575005137034	8.933969034863325E-4
110.0	24.716180124512604	23.635023590392613	23.04160656622526	28.607078048371935	1.116704975851255E-4
111.0	24.89859960243897	23.64680350508863	24.231679807026556	27.222023689872614	8.933955732249347E-4
112.0	26.13668553527246	23.677922688968025	23.753002542739125	26.432240338912766	1.4889410762736123E-4
113.0	28.889690397014515	21.43171932426165	22.439200149482506	27.238422364012237	9.677652290886405E-4
114.0	27.019445624204124	22.14782188238526	26.796889801925687	24.035433239395097	4.0945208982485495E-4
115.0	27.683264588948287	23.134520600979794	25.56252512768587	23.61901961076284	6.70071623211281E-4
116.0	26.940199524770847	24.196222065955077	24.25868756195829	24.60477916883664	1.1167847914758051E-4
117.0	25.921406379245006	26.44395173388865	24.25225423765409	23.381531444670202	8.562045420534168E-4
118.0	26.93780413715879	24.329036946150225	24.654765237383334	24.077946966222534	4.467130851196893E-4
119.0	27.156548688214876	21.117255628251545	24.332027287364237	27.39357276475351	5.956314158344889E-4
120.0	25.24238593230914	23.1714771581692	24.61056685027094	26.975495604963424	7.445428730122567E-5
121.0	27.89102249337253	23.47082406207502	24.029835799609035	24.60753586241223	7.817825311810239E-4
122.0	26.622730455701376	23.438192785482066	24.733458493086992	25.205097076987393	5.211887421742579E-4
123.0	24.965117854744346	27.712431147782656	22.672389274317357	24.64927994615418	7.817770014608062E-4
124.0	25.498792712046004	24.28871269524895	22.556368025147925	27.655977657541214	1.489100159110352E-4
125.0	27.205657896500224	23.250818620012893	23.739608104747624	25.8029847056914	9.306730478574417E-4
126.0	23.79061574778468	24.404721796483557	24.39828142630746	27.406157663984672	2.2336543963344244E-4
127.0	26.22563965110955	22.684580248154475	27.167442847410683	23.921294900287766	0.001042353037528432
128.0	26.41315220583938	23.035792795130387	24.76681839215162	25.774483091611195	0.009753515267415701
129.0	25.1002052313329	26.20807471567103	21.701808142766257	26.986933766454708	0.0029781437751024947
130.0	26.341131814736553	23.926536131077626	23.716273466549325	26.016058587636497	0.0
131.0	25.625101678490843	24.490546552833912	24.684280142344303	25.199215386408046	8.562399228937336E-4
132.0	26.77502660850705	24.676016530593177	22.07305491720371	26.469647688103255	0.006254255592812222
133.0	27.15984027959261	25.239427978768475	24.673422693967748	22.925224313657168	0.002084734013998989
134.0	26.89175737080477	23.228077072272193	20.516520326438105	29.36364523048493	0.0
135.0	26.67022803291596	23.219561951951338	25.868957853650183	24.24065653228403	5.956291984878464E-4
136.0	27.768708754298377	26.504985315627454	24.430894475407353	21.289120013521014	0.006291441145801729
137.0	29.17910069928404	21.14355127884398	23.97441567492227	25.702820664022013	1.1168292770093992E-4
138.0	26.05194956032428	23.46228899399843	26.512360132792416	23.97183782290721	0.0015634899776569837
139.0	25.85980716971299	23.37103078583926	25.32200424375535	25.446003797044263	0.001154003648140565
140.0	27.759555518329286	21.091362574568873	25.082167685735822	26.066579184930806	3.350364352123293E-4
141.0	26.51588730076891	24.692649459379474	24.99455563766047	23.796572564508715	3.3503768243267135E-4
142.0	29.03372191934064	22.785013224829548	23.35179163401564	24.82910095356512	3.7226824905490396E-4
143.0	27.094602090190754	24.86216906615959	23.732979136063424	24.310212481135494	3.7226450733398304E-5
144.0	28.273537300625602	24.551124909956947	22.519269678711495	24.655360795766533	7.073149394221981E-4
145.0	28.471671316917547	21.795822033440857	22.5148581564904	27.21653168840403	0.001116804747164712
146.0	27.92012472461487	21.112835124810235	24.751083113261	26.211043101914278	0.004913935399618352
147.0	26.647108268058016	23.509500378585678	26.603070229317943	23.236747453946187	0.0035736700921783528
148.0	24.716617441549673	23.921694465766645	23.070820884354603	28.290494948810597	3.72259518489758E-4
149.0	28.337073331258587	24.823770900681836	23.81895977926319	23.017962413393114	0.002233575403272039
150.0	26.09429182480312	23.655860339843684	24.324267981021766	25.92557985433143	0.0
151.0	27.150229400491117	23.86878232343012	25.092586663648696	23.887768732139747	6.328802903208034E-4
152.0	27.714004689350975	24.027786154278008	22.688700212874792	25.569285570156726	2.2337333949843752E-4
153.0	25.129576887995388	22.978909551199717	24.999162338750207	26.89145771672158	8.93505333109957E-4
154.0	23.195720077586625	24.181338257577167	24.200213698283342	28.42015911959286	0.002568846960011616
155.0	27.668150063507657	23.38105747787286	23.484390075155382	25.46629067254812	1.1171091598110298E-4
156.0	26.81143338037662	22.700123255891892	25.75139547267331	24.736824466480726	2.2342457744826792E-4
157.0	25.332009169351487	22.445398716350372	26.166351637777847	26.055868101947222	3.72374573072552E-4
158.0	24.31636544816353	21.39515294780046	25.895332807532213	28.39303708238469	1.1171411910065665E-4
159.0	27.209381911155152	21.219524819739757	23.787500144297567	27.782811125100217	7.81999707308681E-4
160.0	26.62662245169651	21.015094782273547	25.16283633695978	27.19540919018457	3.723888558910986E-5
161.0	24.892313409964252	20.433062641253116	28.63020274162778	26.03995249761762	0.004468709537231612
162.0	26.30165003031337	22.99637580233599	24.284172549346735	26.41772713798615	7.448001775603623E-5
163.0	26.141227801649176	23.412850036235366	26.84940016132744	23.596522000788017	0.0
164.0	25.798127485885384	23.248819437202997	24.64363389891105	26.30718467428384	0.0022345037167245158
165.0	27.55350424600222	21.68380932802108	25.581707145394944	25.18019719088277	7.820896989848476E-4
166.0	24.89394872742197	23.010537716264523	25.4444842537603	26.650880327982414	1.4897457078563974E-4
167.0	26.86251418091835	22.903067696706003	26.30257740751583	23.931431023193763	4.0969166605212915E-4
168.0	25.808578227524865	24.134268103410708	23.275305629664338	26.781736302021663	1.1173737842507654E-4
169.0	26.69736768102431	22.22432871638647	25.404766578305647	25.673164559696577	3.724645869982297E-4
170.0	31.882325203560907	22.69043434148173	22.838972997475064	22.588155718272677	1.1173920962387464E-4
171.0	25.984105334746655	22.870984153753213	26.254056908831007	24.890034213233434	8.193894356864957E-4
172.0	27.654888181721365	24.976224326182138	23.442926094705008	23.925737976807454	2.234205840363014E-4
173.0	28.944097806313057	19.824424621658068	22.419854359858782	28.810059431126245	0.0015637810438461864
174.0	24.88595720188693	25.05602086034788	23.959393206314246	26.09799583254686	6.328989040797036E-4
175.0	25.592181528626856	23.67907130152249	22.904870499960168	27.821978115248967	0.0018985546415193797
176.0	24.918083195161156	23.808362698798554	27.832728155332575	23.439262439776908	0.0015635109308027289
177.0	22.99701170709443	25.546535207093875	23.960845061089316	27.472005462094618	0.0236025626277619
178.0	25.49577643663315	22.81617542509214	23.44343804832438	28.24423787144615	3.7221850417294163E-4
179.0	28.415925836862836	24.170321493209133	22.451479711524932	24.96089565150711	0.0013773068959895057
180.0	27.19586713002191	21.867219607242973	25.101138106987282	25.835588519639717	1.866361081145647E-4
181.0	28.277511657632537	22.118191738848093	25.471043872625714	24.132505027371558	7.47703522094826E-4
182.0	25.618819792812708	22.4360189325417	25.341470991648134	26.60361551583176	7.476716570011414E-5
183.0	23.619021485771793	24.95640077714096	25.83653497115629	25.587519388336084	5.233775948780774E-4
184.0	25.852602079899327	21.901152255405087	26.325228303289805	25.916531113438147	0.004486247967636207
185.0	25.413535408589695	23.631283684037978	23.71031045108434	27.24430971763818	5.607386498086199E-4
186.0	27.271952373902547	23.08698551985991	24.68973798767476	24.95132411856278	0.0
187.0	24.909061016846323	23.38011015666634	27.01100330799563	24.69915141092586	6.741075658462653E-4
188.0	27.355946383918024	27.711017542335338	21.891236097790063	23.04131311538708	4.8686056949953356E-4
189.0	25.00310855369109	23.257075143105826	24.52075839721474	27.218009237273282	0.0010486687150662235
190.0	28.73187800535017	21.354045325868167	24.88165877725182	25.032155701765884	2.6218976396179223E-4
191.0	26.855708179379118	24.168947516188652	23.767965912622568	25.207078115405228	3.002764044302781E-4
192.0	26.989663539501972	22.746444401734557	23.801637256903987	26.462217263871036	3.7537988444305636E-5
193.0	27.769126226714018	23.984277036514218	21.67737890539942	26.56903011690857	1.877144637748628E-4
194.0	28.116537092151905	22.69674682677914	24.018823628354234	25.167892452714717	0.0
195.0	27.037731328666393	20.99890874379362	24.12487335645024	27.837960845456944	5.257256328046787E-4
196.0	28.706596087616358	22.324309807025084	25.432866719577095	23.53607671535456	1.5067042689828727E-4
197.0	25.248105536873183	24.11896256433866	23.31698510424916	27.315268653218872	6.78141320130173E-4
198.0	27.945544227382296	23.349800189145466	23.126110191391806	25.578394377735957	1.5101434447504583E-4
199.0	25.504975127201412	23.14950275210546	25.250212900865566	26.09496872977158	3.4049005598791487E-4
200.0	28.090708531288932	23.43977187039714	23.464213246847688	25.00526851651817	3.783494806585854E-5
201.0	25.256093052786593	20.903277362974656	28.647157445626696	25.193358626380924	1.1351223113209153E-4
202.0	25.528731487161018	25.05270192186531	27.804326874139374	21.614239716834305	0.0
203.0	26.797664179646812	24.592843862794023	21.392900184104064	27.21602401831351	5.677551415905623E-4
204.0	25.963768949832534	23.489615824889317	23.44896037115325	27.097427728685037	2.2712543986626852E-4
205.0	27.481828323700952	24.13409847248516	25.06856611363293	23.314787832122143	7.192580588133529E-4
206.0	26.14990114768634	20.990347985888842	25.43052435265175	27.42907507399726	1.514397758085559E-4
207.0	26.29730886178523	24.087258462109364	26.011306794300403	23.60405014976012	7.57320448788098E-5
208.0	28.23099571349254	22.23484667725606	20.99816768659639	28.535952049289914	3.787336510151198E-5
209.0	27.202508255925746	20.919443832052615	25.045058149445325	26.83242156397045	5.681986058679006E-4
210.0	25.26193834565216	23.91472943109132	23.984364965975956	26.83862627805643	3.409792241358734E-4
211.0	25.75942344450828	24.634688522701605	25.487296710226143	24.11798499646057	6.06326103399822E-4
212.0	28.1346934968886	21.971761997663137	24.172410890912687	25.72064076502376	4.928495118136028E-4
213.0	29.96542060470699	23.10325416538328	22.080703969119796	24.85031779966407	3.034611258711231E-4
214.0	27.899929739161855	24.655632691066018	24.030117644200786	23.414281967257917	3.795831342103475E-5
215.0	26.083771608873118	24.565996917745178	22.94180380367893	26.408009298490363	4.183712124093466E-4
216.0	26.00430714117544	24.82930702576437	26.06358996139115	23.102757401311994	3.847035705107786E-5
217.0	28.836535204527163	23.240084402609146	24.62763097787073	23.295127893570672	6.215214222896227E-4
218.0	25.15130880347841	23.618192871010915	24.739637330116302	26.490586102681068	2.748927133010374E-4
219.0	26.893517414252315	22.83881066274449	24.09983930556509	26.167197618436244	6.349990018609439E-4
220.0	28.624718583474053	21.092300635147485	24.17418273133744	26.10835965998467	4.3839005635703447E-4
221.0	25.63944883827256	22.358842780342535	24.217831471548184	27.783676207136427	2.007027002942703E-4
222.0	26.428902108231828	24.364130208052764	23.608786115180557	25.597938549361853	2.4301917299765366E-4
223.0	30.828848647381562	22.38455246303925	23.847696622674945	22.93816460914794	7.376577563073837E-4
224.0	30.39131208362148	22.26527171516823	23.824586533795358	23.51858312243465	2.465449802825652E-4
225.0	30.850234396315802	19.75088673738518	23.625908440747754	25.772019611571817	9.508139794458822E-4
226.0	25.12097842318173	22.660965437481877	25.33193337349931	26.885746732057548	3.7603377953223066E-4
227.0	27.63566096111	23.41687169361055	24.94569337824567	24.00046461041361	0.0013093566201704276
228.0	27.88904126328939	27.79615982565955	22.726462681095466	21.588293798965363	4.243099023747776E-5
229.0	27.87805933589233	25.031174949196377	21.771532524580742	25.319190426339883	4.2763990667186675E-5
230.0	25.905020174832732	22.45896978714721	27.02297295023656	24.612993946903067	4.3140880427715945E-5
231.0	25.648043603174038	23.88011925803938	24.23533085010272	26.234932040584113	0.0015742480997513564
232.0	25.150553546416386	25.18009712451299	24.233427679343148	25.435701831438063	2.1981828940924273E-4
233.0	22.9636559178014	24.775971486472073	21.848801862978632	30.41094855476944	6.221779784548654E-4
234.0	27.031830973461705	21.287025533170382	26.56874394919171	25.111136374504543	0.001263169671657089
235.0	25.733859210544356	22.375953457124705	26.568834005913832	25.321079114661643	2.742117554579565E-4
236.0	29.0920656613847	23.198152214523116	23.6796357021858	24.029683457014404	4.6296489198334624E-4
237.0	28.495442292089628	23.95385834838237	22.199664247604307	25.350848167382665	1.869445410324573E-4
238.0	27.900672802774253	22.509123530977917	23.617992544170562	25.97211654096048	9.458111678545267E-5
239.0	27.905913398104833	22.086937747391147	24.316324817080485	25.689576586302028	0.0012474511215065372
240.0	25.754746957230513	21.505971071240378	25.628240374348966	27.11079489947562	2.466977045271989E-4
241.0	28.62524293902508	21.685249804290542	23.36472093189805	26.322563756831308	0.0022225679550152244
242.0	27.553228023677352	23.802647817683194	20.72723439926288	27.915702130902392	0.001187628474184421
243.0	28.4217579912526	22.029499906256603	25.09500818890733	24.450857132086927	0.0028767814965414145
244.0	27.36598251337778	22.297306360673133	26.172502413241304	24.163115736717984	0.0010929759898015404
245.0	28.957530686991444	20.91846714104196	23.37740806345089	26.744503764858234	0.0020903436574742974
246.0	24.60671032287585	26.30572372178986	23.05912129999671	26.025404205390867	0.0030404499467173605
247.0	25.884766225623125	23.15218997487929	24.5482565267921	26.274406827721442	0.14038044498404498
248.0	26.487861306336807	22.96740279176213	23.15588546130034	27.378007190523903	0.010843250076827175
249.0	26.22462662921905	21.32732142597931	28.62715379267229	23.80503080118109	0.015867350948261926
250.0	27.678299069621826	21.34180360110136	24.02562152312299	26.953372721215672	9.03084938148716E-4
