# Position (bp)	A	C	G	T	N
0.0	25.321515127824252	23.022242201547964	24.905304510984287	26.750840434680633	9.772496286451411E-5
1.0	23.916617315195406	30.51306342387662	23.45972188210088	22.034204228258442	0.07639315056865578
2.0	25.84713976466554	24.931950189682148	21.44129205984876	27.77903344913654	5.845366670108939E-4
3.0	26.703440272745148	21.31347195152582	24.818387322257117	27.157691012143857	0.007009441328055484
4.0	26.366646138639098	21.770508326498764	22.9226073902845	28.940238144577634	0.0
5.0	28.716269413130068	22.371487946314883	23.251336004370078	25.660323440388645	5.831957963247001E-4
6.0	25.879988866486087	24.49712497369368	23.54699399973427	26.070170232203594	0.00572192788237268
7.0	26.516957736876662	25.63880824228714	21.715219256536248	26.128530561887846	4.842024121027361E-4
8.0	29.146193578232925	22.170261897457287	23.70500557939042	24.978538944919368	0.0
9.0	27.284309647056098	25.381904663546507	21.773512461186982	25.560176708424343	9.651978607354616E-5
10.0	24.115989779905302	24.34969390835673	23.282158913020204	28.252157398717763	0.0
11.0	28.198802873928308	22.822901721748416	22.594792811238236	26.383408759719963	9.383336508028852E-5
12.0	29.186418831892315	24.514598341049275	18.85630224673078	27.44268058032763	0.0
13.0	26.822914765801208	22.750166059606276	25.109033642581334	25.317703048927363	1.8248308381813006E-4
14.0	27.953024679652156	21.18693504546727	21.7397664779346	29.12018349452316	9.03024228140041E-5
15.0	24.3030868639087	23.967809844053885	24.6333770276913	27.095726264346116	0.0
16.0	26.383120498353875	24.815111941116385	21.619913112475945	27.181854448053798	0.0
17.0	28.790042551955004	26.99292965808876	17.50031407598844	26.715688159719818	0.0010255542479738894
18.0	27.653682458851485	25.01157739210973	19.85433689956591	27.480148801294636	2.544481782358599E-4
19.0	25.73589032034337	23.70306371008364	22.4699353778317	28.09077309510571	3.3749663558041405E-4
20.0	23.85825111447275	26.184420139493163	23.861263202987992	26.09598187392067	8.366912542336577E-5
21.0	24.591553983773665	24.08712294570418	22.94578739338465	28.375369253172455	1.6642396505096735E-4
22.0	23.436759604996304	26.240732057254608	25.66156031898947	24.660865609576607	8.240918302008229E-5
23.0	26.433223393420334	23.533811033462516	22.210103866156494	27.822615695220975	2.4601173968021755E-4
24.0	27.9318647345195	21.255922763986344	23.967932710408046	26.84419847632399	8.131476212586062E-5
25.0	27.38176632454255	25.04629722618354	19.043043364733766	28.528571715508065	3.213690320766465E-4
26.0	27.212771843860594	23.795443242024394	19.97151826365356	29.020026770593287	2.3987986816202445E-4
27.0	25.930221535750732	23.24106062500946	21.450118809310062	29.378519372329976	7.965759977313516E-5
28.0	27.84420970548978	23.08084134997084	22.170018221179017	26.903044147448483	0.001886575911884328
29.0	30.502847962952718	22.053462703800168	22.68444757465434	24.75869639569662	5.45362896157451E-4
30.0	25.4090725318627	22.517754756697798	25.002377092711253	27.070563707244222	2.319114840247774E-4
31.0	26.714114899766635	23.927814422178916	22.61793213681044	26.739676583111272	4.619581327344303E-4
32.0	24.774299028717536	23.075374477927095	22.883207420698678	29.266814045581718	3.0502707496574165E-4
33.0	25.26436293164786	25.619291669911735	24.087442222002103	25.028827563157886	7.561328041411881E-5
34.0	27.651269047747963	25.51781599860432	22.459573354509196	24.37119120239191	1.5039674661757716E-4
35.0	26.46101571686642	22.368695355419295	25.005805262201253	26.163964344932726	5.193205803036542E-4
36.0	26.196010186505546	22.667791253716917	25.159868251365957	25.976182076375075	1.4823203650065668E-4
37.0	24.968993890648083	25.501839621732874	21.074374654561563	28.454791833057474	0.0
38.0	27.059259231826143	25.646607435828116	19.655429102612057	27.638704229733683	0.0
39.0	24.462359221057746	25.892439259921918	21.90241893917402	27.742634469438897	1.4811040742210874E-4
40.0	27.070713353280958	24.714465431158125	22.38798344658458	25.826689679734805	1.4808924153873607E-4
41.0	26.189362114842723	23.057610895828923	21.260074540121213	29.48806602886542	0.004886420341723662
42.0	25.391059343301613	24.461622513173502	20.20212937642229	29.945114737884747	7.40292178517017E-5
43.0	26.916790897288045	24.481969411879657	23.676111154700802	24.92120546387739	0.003923072254108493
44.0	30.599110400615764	23.720775328049022	22.30711161437865	23.37270661722803	2.9603972853156895E-4
45.0	24.948959997513672	23.526425734668948	20.587453964100693	30.93316442095589	0.003995882760799798
46.0	26.348096704545622	22.73329298304548	20.957411701682133	29.961198610726765	0.0
47.0	26.71726244203287	22.965564489637682	21.62399713530646	28.69117834196983	0.001997591053159597
48.0	23.018440287097125	22.78506106694618	22.07338389513247	32.12311475082422	0.0
49.0	22.813039953608367	24.99785497881607	22.238618073800566	29.948711803829674	0.0017751899453241498
50.0	27.537921174840857	24.854797900421648	18.301196451987714	29.30593655261778	1.4792013200392578E-4
51.0	26.107994778859556	26.10851245567392	19.96095237743077	27.82002595779455	0.002514430241200419
52.0	24.1177398338512	25.236060422034466	20.46281993078116	30.18337981333318	0.0
53.0	23.58369297776757	23.457872642433184	23.62020958767152	29.336310614995664	0.0019141771320620254
54.0	22.935962854141252	28.95596843456002	21.724025469679113	26.38396962131926	7.362030035610139E-5
55.0	23.66802745423744	27.11740036549938	21.633296949553607	27.579662517840635	0.0016127128689355581
56.0	27.27921715733593	25.402441142776727	23.995628722896654	23.322712976990694	0.0
57.0	23.31502361696904	27.804263146901576	21.66187242805894	27.21356409194678	0.005276716123665705
58.0	24.727604746408062	24.327576314271834	21.839324722108845	29.10512782370317	3.663935080932662E-4
59.0	28.708637416102466	20.18933731938216	24.139555672792287	26.959318854597146	0.0031507371259415573
60.0	23.09712033701727	22.24384087502958	24.481152332623424	30.177813419340517	7.30359892140451E-5
61.0	25.73856640634699	24.639279303490287	21.954048002617316	27.662044982188526	0.006061305356879435
62.0	26.16348866962267	21.02575112310649	23.612693294075722	29.197774817878567	2.920953165436945E-4
63.0	28.888593565968286	22.857774996549836	21.612063973759746	26.639011784601525	0.0025556791206127203
64.0	26.161749433998516	20.472188240705094	22.89877178951076	30.467217761566918	7.277421871418144E-5
65.0	23.395964451546565	26.661703912789424	22.140940754760642	27.796369912904396	0.0050209679989696105
66.0	25.261898680847068	24.70037277403403	22.083459762161	27.9536866646147	5.821183432038775E-4
67.0	27.92498601164035	25.033160961817053	21.007860403083043	26.033192249175436	8.003742841197738E-4
68.0	23.41139630076409	21.95255397447408	25.301903457829557	29.334000753758243	1.455131740352113E-4
69.0	23.623262845593874	23.56462410823285	25.177116632885127	27.632231807804626	0.002764605483522224
70.0	25.6983029532052	22.263667068705047	23.53469339798826	28.503119000701332	2.1757940016260436E-4
71.0	24.44367435732894	22.19985111113201	25.260971510715585	28.09405609304903	0.0014469277744297477
72.0	28.495585464041696	25.122453187110494	21.338141518339945	25.04208367544028	0.001736155067583453
73.0	25.668665042504063	21.45760877742221	22.82394521055281	30.045296197492	0.004484772028910866
74.0	23.448279353837297	26.817242192393543	22.9930375635957	26.740645265818095	7.956243553634485E-4
75.0	26.994599387684694	24.37298435362981	20.58959035050097	28.04080076897429	0.002025139210239104
76.0	26.357782764882902	24.400492667484887	24.653118551910534	24.58759348712678	0.0010125285948923719
77.0	25.296782848609105	25.600454169062264	22.210385862903138	26.891509280453015	8.678389724786565E-4
78.0	27.777661267752812	25.510898468262788	18.987799471944424	27.723206892636654	4.3389940331600387E-4
79.0	27.90509489425862	19.23180666085743	22.621677616235974	30.238817518828796	0.002603309819178439
80.0	23.458512214540303	23.34266878106242	28.132599513631128	25.064267073347985	0.0019524174181665933
81.0	25.712494477277474	23.584899520797613	22.65860065961735	28.043426857460613	5.784848469509871E-4
82.0	22.98406661147045	21.693632067797346	22.834892204679143	32.48625216476432	0.0011569512887352714
83.0	25.09656585639562	22.028728974963016	23.847681190229313	29.025867068114543	0.0011569102975139444
84.0	24.532881579461105	25.510862193377843	23.52200275621921	26.43302430707695	0.0012291638648960924
85.0	24.708444376320404	28.630581491694734	20.07363180338631	26.586691615489283	6.507131092662993E-4
86.0	28.937007020105987	23.14393747695511	21.528879313461108	26.388657937925203	0.0015182515525929566
87.0	20.989929368217865	21.774253016490388	25.2912386226441	31.943928341635157	6.5065101248527E-4
88.0	26.348282846976527	25.54511819026978	24.485389054116382	23.620486988154223	7.229204830843836E-4
89.0	26.87021399795132	25.032403669114622	22.88758077423263	25.209223244472945	5.783142284818312E-4
90.0	23.211527187533658	25.79521213729052	23.61843118233477	27.374684918673413	1.445741676323016E-4
91.0	27.039733529177052	24.013456545247415	22.534364211488082	26.411867435391812	5.782786956345741E-4
92.0	26.717471726644394	22.752985634547635	22.407402320851087	28.122068035314406	7.228264247993072E-5
93.0	27.302869112854083	26.61741330968247	20.96664953569278	25.112778911409734	2.891303609286578E-4
94.0	27.25743660615803	22.58137729545629	22.429009449986772	27.728707171841727	0.0034694765571805877
95.0	23.6559481742376	27.298438302956363	22.88474868075738	26.158335134244364	0.002529707804293131
96.0	26.52051139168414	22.585695112088274	23.418090672356186	27.474474142398403	0.00122868147300117
97.0	25.813189402338494	24.244991059722786	24.036336408827243	25.905410855245563	7.227386591463301E-5
98.0	28.876911046451966	22.384520541807053	23.59341054849942	25.145157863241565	0.0
99.0	20.865289429378652	21.491477170088082	26.655683452197724	30.987549948335534	0.0
100.0	23.14578180669989	24.26002154635175	24.732061506091434	27.862135140856925	0.0
101.0	23.97759014590682	22.06044071171662	27.229894641316616	26.732002248499676	7.225256026947315E-5
102.0	24.974384690643657	24.39227768874039	23.53609771536008	27.09716764768364	7.225757223228208E-5
103.0	26.698221722556347	25.687698874884756	24.166062154452632	23.44787274319454	1.4450491172194943E-4
104.0	25.642246511681677	27.37094378229657	22.22972035651943	24.756800342184665	2.890073176652833E-4
105.0	28.426311948613087	22.70959024862537	19.891980549273487	28.968432309015107	0.0036849444729445597
106.0	27.400969925377016	21.64745698051479	23.545039681392808	27.40646115963307	7.225308231649162E-5
107.0	26.414491771392324	23.049349969978607	22.53273632545359	28.002699396609714	7.225365657692522E-4
108.0	24.797644051497358	24.482270056955173	23.8765930360509	26.843420604867813	7.22506287610968E-5
109.0	26.546810721144187	24.166646196172834	25.17039879893592	24.115132800522503	0.0010114832245507208
110.0	25.950390892257364	23.776840654239706	21.578654197802102	28.69404200872599	7.224697483854607E-5
111.0	25.548287441623895	23.149159615295694	23.541681116197346	27.7601493503491	7.224765339621769E-4
112.0	26.48469519344764	22.738992886004855	23.6095488063992	27.166690868843705	7.224530459704097E-5
113.0	30.4889405193047	22.041660255007052	20.696620495493054	26.771911801571598	8.669286235990976E-4
114.0	26.52940024752171	22.22349057632967	27.394642520415484	23.85210541563924	3.612400938935252E-4
115.0	26.4730681390424	23.382466311240712	26.148878630875526	23.994864410465677	7.225083756783451E-4
116.0	26.130850412804563	25.096364415357904	24.125820316761665	24.646892604342703	7.225073316431479E-5
117.0	26.21294126742256	26.89362329332764	22.301241354196698	24.59139931780069	7.947672524101316E-4
118.0	28.836894416041204	23.21630362216012	24.648997569427387	23.29744313009199	3.6126227930487355E-4
119.0	27.953664773363602	20.781993654628863	23.86147119835896	27.402220085101092	6.502885474793732E-4
120.0	24.861741529275246	23.616150843712656	24.617449974783273	26.904585397997984	7.225423084648722E-5
121.0	27.586655375624648	23.541100067341624	22.902149440602084	25.96951707673766	5.780396939857861E-4
122.0	27.375743961062938	21.533089061451165	24.633863135008745	26.456798053724885	5.05788752269727E-4
123.0	25.751892873374192	25.575376425119238	21.86658015458014	26.805355753258475	7.947936679511013E-4
124.0	25.690813716564794	25.198046271007644	22.49974711348102	26.611248392364274	1.4450658227482263E-4
125.0	29.339780165154306	21.66456292055354	22.350381745023082	26.64440814167809	8.670275909855142E-4
126.0	26.15206316107389	23.732006182004987	24.780475962361734	25.33531018766388	1.445068955077864E-4
127.0	27.22747739936649	23.02612945365425	26.853931122979812	22.891522739358628	9.392846408175533E-4
128.0	26.85747027108264	23.19180697193509	24.395269962702475	25.54750485185758	0.007947942422214933
129.0	24.3995699446824	25.633883619169833	22.403266455107197	27.56053433217149	0.0027456488690816815
130.0	27.855455707443184	23.5235633757734	23.48382323295455	25.13708542902374	7.225480512517785E-5
131.0	25.991349535973274	24.94551912899972	24.031338784310666	25.030997736948436	7.948137679085992E-4
132.0	26.113364273064445	27.35391598584085	20.087486750179373	26.440247373338217	0.004985617577119917
133.0	28.684116403836775	23.278527430047507	23.353528784840766	24.682093245904007	0.0017341353709423941
134.0	26.42652710710397	23.277838512745554	20.684218550506404	29.611415829644077	0.0
135.0	27.07093098955981	22.277939188383638	25.898658866933676	24.751965167101524	5.05788021350035E-4
136.0	27.68112234944225	26.225293615250216	24.29444909296118	21.79378794381894	0.005346998527407703
137.0	28.926748481152416	21.48995913129433	22.6153659396623	26.9676374188551	2.890290358569422E-4
138.0	26.39829191985607	23.968323928295316	26.601397388747188	23.030975209716694	0.0010115533847298791
139.0	28.056851697444117	23.279615497441515	23.182001442173608	25.480447565139862	0.0010837978009020088
140.0	27.22342404050826	21.503756464891254	24.989487100564013	26.283115633223364	2.1676081311316215E-4
141.0	27.148634363843538	23.381240123785503	24.356885478180384	25.113023272281136	2.1676190944120948E-4
142.0	27.9525428382533	21.462515850966593	23.614417786319937	26.970162248868306	3.6127559185973834E-4
143.0	27.61400281362651	24.856735542952602	23.753106080366827	23.77601105219082	1.4451086324286712E-4
144.0	30.653462399123697	22.523531481643385	22.091449620194265	24.730906208611724	6.502904269301162E-4
145.0	28.293732911750936	21.149905490783183	22.8978924733669	27.657529812311054	9.393117879294099E-4
146.0	28.734231086878143	21.006840451367186	22.67717650561102	27.57770563443073	0.00404632171292359
147.0	27.107543593823273	23.193655349216638	26.303623852846414	23.392142454057858	0.0030347500558177243
148.0	25.384514225183786	23.145494720200237	23.62831423587778	27.840954251369627	7.225673685686085E-4
149.0	27.011001318713078	25.030474917354628	24.017558754990333	23.939158552667234	0.0018064562747258702
150.0	25.758380464526777	23.782230401986265	23.109712169133243	27.349676964353716	0.0
151.0	27.008580977328155	23.37711137205311	24.9944539788637	24.619347845723063	5.058260319754313E-4
152.0	27.160018325632617	22.621750560391487	23.957079287265852	26.261007302793505	1.4452391654032868E-4
153.0	26.047953520638224	22.666926812348247	24.998916059660075	26.285408717770842	7.948895826107065E-4
154.0	22.969254271926186	24.161838182052055	24.084298187168397	28.781574242557824	0.0030351162955393907
155.0	28.523199126893207	22.408994156400315	23.570558665476504	25.497175774177578	7.227705239724914E-5
156.0	27.376616580644182	22.707623054555913	24.751924935293406	25.1634740411101	3.6138839639681314E-4
157.0	24.42377760768234	21.947877071592593	26.14805386484062	27.48000234182389	2.891140605563855E-4
158.0	24.905097417898066	20.124479228405146	27.260387243011326	27.7098192731026	2.1683758286809626E-4
159.0	27.093786908257183	20.709968500135165	24.064581228162236	28.131157399577013	5.059638683973523E-4
160.0	27.734444740800495	19.881876815632566	25.041941609184438	27.341664552419243	7.228196326486064E-5
161.0	25.548052541338862	19.15393756451291	29.1782681481867	26.116199860637657	0.0035418853238728854
162.0	26.399404370360198	22.051669425549907	25.455866301385704	26.093059902704184	0.0
163.0	25.89338058030793	22.72018528678899	26.960413309825505	24.426020823077575	0.0
164.0	28.020998544097086	22.602928866058377	23.961024597096582	25.413674499433974	0.0013734933139791258
165.0	28.015907096311526	21.206594172410252	26.43914979013679	24.337842898266587	5.060428748440303E-4
166.0	25.311878267709247	22.21203673714894	25.83102473048628	26.644915675750706	1.445889048257993E-4
167.0	27.173850962167585	22.104297419206045	25.408641976201203	25.312920453534936	2.8918889023040405E-4
168.0	25.714632755004434	23.319979495677536	24.2423125058292	26.723002943339097	7.23001497336101E-5
169.0	26.663808336683314	21.428075645004093	25.261153994094393	26.646889722447963	7.230177023654247E-5
170.0	32.80775390533208	21.005679497051798	21.556059275005513	24.63029040992882	2.1691268179994144E-4
171.0	25.901173510336	21.857226524370404	26.576863842432918	25.663940767734612	7.953551260637874E-4
172.0	28.26830368633076	23.269981000083867	23.689454034373362	24.772044385192213	2.1689401979808613E-4
173.0	30.513805931844374	18.3407723571946	22.93120674124487	28.212335332977652	0.0018796367385121664
174.0	25.515922645942528	24.87814928610157	22.98810771733237	26.617458883065243	3.614675582866438E-4
175.0	26.51701038306437	24.247151922985164	21.468189304041168	27.76591330047267	0.001735089436630919
176.0	24.268257062212246	22.954141892048217	28.788926034750016	23.987518219466487	0.0011567915230317192
177.0	23.379813236830593	25.208761889612337	22.951624506971985	28.436445932315525	0.02335443426955934
178.0	25.95551371650767	21.457213548332057	24.47049262586781	28.116057084271457	7.230250210038769E-4
179.0	29.374002592987075	22.243577367691497	23.453300563067216	24.927817921112744	0.0013015551414681976
180.0	29.181915906107452	20.533757811271137	25.529854440890215	24.754254383771258	2.1745795993989464E-4
181.0	28.766705976271734	20.59057471030372	25.219607883054167	25.42252978393289	5.816464374882762E-4
182.0	28.562578753769092	20.99938123986153	25.385379955807004	25.05258734079287	7.27097695027597E-5
183.0	24.08710929092083	23.347939778590916	26.257860720539387	26.306726624354997	3.635855938661656E-4
184.0	26.47280200540622	21.510047029888376	25.802733362277042	26.210926904048705	0.003490698379661446
185.0	26.091860487947482	25.30493990649455	22.28168426166109	26.32122445744222	2.908864546540742E-4
186.0	27.71553667796413	21.447626805533332	24.586091029426736	26.2507454870758	0.0
187.0	24.441523734739555	21.56125961565828	27.2434833185068	26.753222490697233	5.108403981344109E-4
188.0	29.11732205651159	26.67170756558156	21.84229771568454	22.36816176030526	5.109019170499647E-4
189.0	25.553114301773032	21.5937575275371	24.69433637232932	28.15828083826653	5.109600940166573E-4
190.0	30.168939931495448	18.998770655757333	24.894658922673955	25.93733848431491	2.920057583535547E-4
191.0	27.110165854458796	23.06860776292026	24.88322223149902	24.93763796181964	3.6618930229219854E-4
192.0	28.86382647702119	21.445502316852888	23.904017978133833	25.786579979402497	7.324858959840729E-5
193.0	28.030217000616148	23.435392515497167	21.350958695959566	27.183358523935713	7.326399140759909E-5
194.0	29.749079518601967	22.18204465937609	23.320474070817536	24.748401751204412	0.0
195.0	28.446225767279405	19.77532174105497	24.326489213494177	27.451230424564084	7.328536073619542E-4
196.0	28.606082194482735	20.580929720118373	26.664743334513336	24.14809755709831	1.47193787244628E-4
197.0	27.541606247745793	22.81560758738968	22.854471981568857	26.787578115224097	7.360680715752593E-4
198.0	29.527789976921515	20.890083913734205	22.814838612697	26.767213810544188	7.368610309570057E-5
199.0	26.612030342013043	21.303730648094753	25.10513241360955	26.978441201259812	6.653950228452291E-4
200.0	28.829624174561523	22.039937506608315	24.376267594751205	24.754096784902803	7.393917615491144E-5
201.0	25.583027268203267	18.668777511662764	29.870428525689135	25.877323032488626	4.4366195620908607E-4
202.0	25.840888586514428	24.644890775442594	28.173206336059632	21.341014301983346	0.0
203.0	26.36629502357224	24.200858866846055	22.193926985963163	27.23810552257595	8.136010425927541E-4
204.0	26.121813127554788	23.26326270051795	24.44088724245011	26.17396295808633	7.397139082488457E-5
205.0	28.596622306389214	21.86557282458334	24.831670131157484	24.705394988940753	7.397489292134249E-4
206.0	27.204244911004544	20.720649402726462	24.245621251781166	27.829410450400328	7.398408750245996E-5
207.0	27.503895861729095	23.138162869958872	26.136533489611775	23.221185792276945	2.2198642331035034E-4
208.0	29.362542399600926	20.934430585293974	21.40980939700237	28.293217618102734	0.0
209.0	27.821266434085633	20.60459225405962	24.05414948402097	27.51947366512032	5.181627134552792E-4
210.0	25.53731159852699	22.663185030643234	25.158472680213162	26.640438407766016	5.922828505981316E-4
211.0	26.58936979127326	26.549306934799	25.46997951684639	21.3906772770291	6.664800522520361E-4
212.0	30.303694802799143	20.720350974410337	24.132602186033626	24.842981623034397	3.7041372249492906E-4
213.0	31.857341732554296	19.812692826019596	23.67455044943937	24.655118479126237	2.9651286050404223E-4
214.0	29.884014643753964	23.100410603739576	24.81033222924077	22.205242523265692	0.0
215.0	25.420845745056692	24.51723509570508	22.9618555665882	27.099691705807754	3.718868422716336E-4
216.0	26.665641111490668	22.444727477564093	26.764954064931217	24.124601937545197	7.54084688234997E-5
217.0	29.836854048095418	21.33285519441578	25.724353924896302	23.105330313881016	6.065187114813234E-4
218.0	25.388746791338797	23.081644852611802	24.7243876597833	26.805067811872696	1.5288439340823648E-4
219.0	29.02117536709009	19.91288263299013	24.48735432871649	26.578047719397844	5.399518054445654E-4
220.0	29.37717510557338	19.177912610467125	24.307718733026633	27.136806693560988	3.86857371876707E-4
221.0	26.912289598408456	20.251448187084318	24.84164537457822	27.994382789491134	2.3405043786936086E-4
222.0	25.8171022892326	24.5131867638758	24.737158246677232	24.932316526418795	2.3617379557268605E-4
223.0	32.67964104106708	19.844473470247532	24.082994292626374	23.392332666555493	5.585295035231243E-4
224.0	31.189757203517377	19.422517756614297	25.518608419421156	23.869116620447166	0.0
225.0	32.79082713759133	17.626691594438874	24.156877635637276	25.424879611409928	7.240209225957276E-4
226.0	25.384755267679417	21.110186014993083	26.61659187522782	26.88838529591886	8.154618082539414E-5
227.0	27.991902421215524	21.74546895736273	25.882568662501665	24.378991025896134	0.0010689330239457443
228.0	28.26026951219714	27.482938552342983	23.166049330682174	21.090577320712242	1.6528406545910127E-4
229.0	28.370927360044778	25.139384691754525	20.392226107206692	26.097461840994008	0.0
230.0	26.556130635624076	22.09773791598692	27.05870425159851	24.2874271967905	0.0
231.0	26.833402541882517	24.23978379703061	23.872694844757284	25.052587151716487	0.0015316646131015188
232.0	25.38203943831728	23.92142125861579	24.807396653324247	25.88905704825527	8.560148741144525E-5
233.0	24.01182687206799	24.47574815107607	22.342507740689502	29.169483826899807	4.334092666368481E-4
234.0	28.047261043836023	19.18188308979987	27.564877455658532	25.20438784382754	0.001590566878035332
235.0	26.101061246643432	21.056390333085755	28.20614680340513	24.63613380563332	2.678112323601668E-4
236.0	27.99029889404494	23.908082202201765	24.40608800547725	23.695259209348997	2.716889270460893E-4
237.0	27.59880113672707	24.155176037354824	23.409267432404032	24.836572639966374	1.8275354770324478E-4
238.0	28.063915347837366	21.17508617175049	23.892183388310293	26.86881509210185	0.0
239.0	27.300260281788642	22.302361147796628	24.491021735268323	25.90494685795984	0.0014099771865691215
240.0	26.668907296824585	19.6456906983909	26.84632271062165	26.838886136390634	1.931577722341497E-4
241.0	28.07032980633583	20.748723908904644	23.077161087706305	28.101561283797437	0.002223913255779999
242.0	27.561623328585682	23.40246677532294	21.576285138362223	27.458558232748715	0.0010665249804389621
243.0	27.70514169050493	22.86784997612939	24.21110546151786	25.213185891887484	0.0027169799603320925
244.0	26.935684665449276	22.445302470317607	25.24866930942091	25.36927453188944	0.0010690229227669813
245.0	27.687572525509978	22.378826984215134	22.27184728989646	27.66048659197574	0.0012666084026801434
246.0	24.73490337280387	25.056619975312618	23.078116538106876	27.12743275615599	0.002927357620643726
247.0	26.829964421159637	22.275188646049184	25.06587950111428	25.68665207021934	0.14231536145755952
248.0	27.112599227218958	22.40223556612718	22.30184643594127	28.173729945412184	0.00958882530040909
249.0	25.735625693570334	20.177848098784022	29.277981029013294	24.79286019582701	0.015684982805337602
250.0	27.573091321699973	20.44603717729001	23.425049617488913	28.55493848609238	8.833974287245507E-4
