# Position (bp)	A	C	G	T	N
0.0	23.483382740392543	24.580152158039777	25.390237254829383	26.54617176608085	5.6080657444763356E-5
1.0	22.50001398530983	30.629954296007472	23.47646831767911	23.314518429841293	0.07904497116229113
2.0	24.050089201631437	26.896945025654546	23.26196458075233	25.789884076978158	0.0011171149835281396
3.0	25.329480394723404	22.1581740330767	24.875790733410994	27.629633392184232	0.006921446604667623
4.0	26.30518481495076	23.629716320681357	23.251897461757903	26.813145619521407	5.578308857573503E-5
5.0	28.422445959766257	24.28002552577239	22.04005539872873	25.25663711882024	8.359969123847369E-4
6.0	25.258434820551006	24.291147821266733	23.831324737947593	26.614194964542087	0.004897655692578605
7.0	25.636565844206633	25.98609654424574	23.189128773065026	25.187431116009527	7.777224730685817E-4
8.0	27.351666662045904	24.36623037447566	23.583843234236507	24.698204280117885	5.544912404246294E-5
9.0	25.904941594909104	25.98125197688127	22.331846202507847	25.781849630945295	1.1059475648140572E-4
10.0	24.3165318157983	24.683704124872843	23.38536736846584	27.614396690863018	0.0
11.0	26.957939201270758	22.81260041227077	22.78532563732769	27.444081373837353	5.337529343067564E-5
12.0	28.335717476179177	24.139643604403098	20.27075585307507	27.253883066342656	0.0
13.0	24.767239138993595	22.721734254503883	25.094756455032247	27.416218279864946	5.187160532762884E-5
14.0	26.127686579099528	22.264466826053614	23.67516434215976	27.93268225268709	0.0
15.0	25.27496255452476	24.470074466180744	24.390682979173135	25.864280000121365	0.0
16.0	26.609877380066138	25.287466567009602	21.192962647485334	26.90964370942942	4.969600950982838E-5
17.0	28.131077934861757	27.065024230477956	18.964393883896495	25.838242578400354	0.001261372363428546
18.0	25.924340238024225	25.830102271524645	19.48989311038205	28.755568169791896	9.621027718180857E-5
19.0	25.089583088014965	24.698844777854045	21.90302911940997	28.308303679727654	2.3933499336084726E-4
20.0	22.346654590524313	25.939449348794973	24.234121463017054	27.479774597663663	0.0
21.0	23.26531803169446	24.76730822988601	24.35030311814972	27.616929438085496	1.4118218431428283E-4
22.0	22.327953424751794	27.062006414232194	25.721089694175582	24.888950466840427	0.0
23.0	24.582626020990826	24.362124816345283	23.290353083851002	27.764803644855796	9.243395709308145E-5
24.0	27.59996101894287	21.27944796966798	24.607524350578792	26.51306666081036	0.0
25.0	24.38943209327167	25.944065399787725	19.422763753351592	30.243648307458958	9.044613005882164E-5
26.0	25.68501919464257	25.940483581011453	19.91741766697722	28.457034636604494	4.492076426391488E-5
27.0	25.31074017992978	24.86776584951767	20.76696254999915	29.054486648536987	4.4772016415212096E-5
28.0	27.47663972718136	23.791590390179095	23.019205322014212	25.710045337182592	0.002519223442744239
29.0	27.899293175759954	23.909695082309806	22.44563722826265	25.74519963292532	1.7488074226382246E-4
30.0	23.67565136454882	24.59582751602798	25.52264581466586	26.205614828398176	2.604763591656421E-4
31.0	26.45000485546888	24.145318788506565	22.742153022799126	26.662307534608704	2.1579861673086674E-4
32.0	24.00018634381888	23.46030214197091	24.45775444586007	28.08171432894214	4.2739407999364035E-5
33.0	24.173971479531026	24.820542514433523	25.470029839139148	25.535371636757088	8.45301392211393E-5
34.0	26.067441689156155	25.86398991488592	23.26126371970615	24.80709540678636	2.0926946540859444E-4
35.0	25.015584164005837	22.525180946010494	26.54957916548354	25.909448763490754	2.0696100937367802E-4
36.0	23.813671156612983	24.66120693826355	26.470708652234485	25.05437189757612	4.135531285500951E-5
37.0	25.560325297897602	25.526757041892523	21.299306476523718	27.61361118368616	0.0
38.0	26.180866100728224	26.274270741203022	21.028484282396118	26.516254887211833	1.2398846080724754E-4
39.0	23.121761310132044	27.761385333902446	21.724122400525918	27.39260699633453	1.2395910506484507E-4
40.0	25.938375072401975	26.070000008262706	22.917033324326983	25.074550281469143	4.1313539190436415E-5
41.0	23.815631577099353	24.26370566815584	21.526062611404058	30.38947788029189	0.005122263048861845
42.0	24.18567323503159	26.708794411017706	20.769922459231516	28.335609894719187	0.0
43.0	25.741155344541266	25.726865624177876	22.738166480198206	25.78980647340852	0.004006077674129122
44.0	28.94059611186864	25.1950548928695	22.851629442366413	23.012430490918085	2.890619773656213E-4
45.0	25.380662454654534	24.839118037359796	21.473540873060767	28.302797484023284	0.0038811509016243853
46.0	24.4184467113675	24.47286057129599	22.584311551137677	28.524381166198836	0.0
47.0	24.87866577555449	24.567822291647147	23.029374090019118	27.522238931722175	0.0018989110570701206
48.0	22.536888787640923	24.470408494263946	22.988749095165105	30.003953622930023	0.0
49.0	22.159942722851643	25.737453601589564	24.765805377366863	27.334941330125595	0.0018569680663391526
50.0	27.197111958641823	24.499785641575382	20.342098715458686	27.96092115942531	8.252489879352723E-5
51.0	24.225436716803873	27.264652322184002	21.72543877961056	26.78216183791125	0.0023103434903184233
52.0	22.557586300723635	26.27586839980949	21.356853734068753	29.809691565398122	0.0
53.0	22.220638066120667	25.338777717196358	23.845078298627303	28.593821325544216	0.0016845925114521475
54.0	22.67674564026462	29.38420150058875	21.953074349891413	25.98597850925522	0.0
55.0	23.203348175787422	29.16609824532942	22.313374472699593	25.315376544825806	0.0018025613577547625
56.0	25.82255510974843	26.17323395862391	25.00474139431811	22.99946953730955	0.0
57.0	22.911354039098754	28.046004317000545	22.645944517941764	26.391495427010337	0.005201698948601481
58.0	25.20578419556082	25.26393904061706	21.244251577859714	28.285902323613694	1.2286234871037536E-4
59.0	27.27174073285394	22.817859424396797	24.84844141591181	25.058928074169927	0.0030303526675293617
60.0	23.860461693803884	23.03109708487824	24.068048123423583	29.04035221832958	4.087956471439492E-5
61.0	25.30768944632046	23.78907765313551	22.981107996757657	27.915952515942948	0.006172387843420828
62.0	25.040210488366853	22.0977632954166	25.06023909248351	27.80162362492392	1.634988091155491E-4
63.0	26.107876063549984	23.972008970666316	23.076127637851243	26.841371496676462	0.002615831255995465
64.0	24.570830456980293	22.19510216031273	23.484129666878562	29.749856165358256	8.155047015884808E-5
65.0	23.742655962685564	26.799773308272208	23.06686182813016	26.385612414226127	0.005096486685938182
66.0	24.144901289838867	24.68506233928996	23.23699530370962	27.932755677521122	2.85389640437592E-4
67.0	26.44693698089993	25.829918020255832	20.70305508978472	27.019396858360412	6.930506991047008E-4
68.0	23.060685800708917	22.399792910443956	27.45400104767748	27.08543870984837	8.153132127620977E-5
69.0	22.40927108692072	25.02005599372557	25.152661984760705	27.41507591112097	0.0029350234720349334
70.0	24.352384533739656	23.268820039980987	24.389012065923048	27.989539176808425	2.4418354788927743E-4
71.0	24.414588733525612	23.39908891403908	26.38522791346712	25.800283142475834	8.112964923596154E-4
72.0	26.489823400095723	26.005775798431124	22.25369707884127	25.24908130734224	0.0016224152896416894
73.0	24.779591945990802	23.008418861689435	23.30651421488984	28.901540929911494	0.003934047518427159
74.0	24.224798185146522	26.004897249413396	23.435706771716642	26.333948936563665	6.488571597737759E-4
75.0	24.81814782884444	24.582301641434317	22.508631337859395	28.08852666692079	0.002392524941058729
76.0	26.855181849405476	23.76797336987177	25.72577764134888	23.650093934541434	9.732048324485956E-4
77.0	24.414623910535695	25.478147865065576	24.024474553317102	26.08194271835409	8.1095272753813E-4
78.0	26.866193899437622	26.923363864527456	20.576119173022263	25.633795964043742	5.270989689133247E-4
79.0	27.005763885059636	21.146516855390384	23.02383400530005	28.82108764543511	0.00279760881481938
80.0	23.86516504073413	22.857940986392766	28.88012156585777	24.394461423193032	0.0023109838223023724
81.0	25.19898383641485	25.24698645709847	22.08830049640548	27.46516161152582	5.67598555380591E-4
82.0	22.272123581676155	22.1981364153076	24.302939540525507	31.225949103316086	8.513591746518752E-4
83.0	24.672446861169522	22.354774538766183	24.912727495328777	28.05915922453449	8.918802010297973E-4
84.0	23.180059233051168	26.004736374006534	25.013802938627393	25.800388022697625	0.0010134316172828194
85.0	24.65266771141322	27.359172028897266	21.406184002406214	26.581327682081408	6.485752018892995E-4
86.0	25.755147405746413	25.04462787405941	23.347998514836235	25.85040217780783	0.0018240275501121169
87.0	21.194341895557404	21.98976456721127	26.953536031544523	29.861465776234276	8.917294525267558E-4
88.0	24.742460254410684	27.258356868861444	25.79576295642982	22.202649814039603	7.701062584509028E-4
89.0	26.510600130264855	26.273456489147367	22.919602590868244	24.29520593722401	0.0011348524955203723
90.0	23.06434956568542	25.574708916823653	25.007295317702983	26.35356514070236	8.10590855886673E-5
91.0	26.38084623490314	24.72760800842993	24.557874685904192	24.3330631433898	6.07927372943179E-4
92.0	25.453305326431302	24.258121724653464	23.088713334659918	27.199859614255313	0.0
93.0	26.27937399243143	25.888666358131506	21.11794823579759	26.713565631669	4.457819704697812E-4
94.0	27.522224559125615	23.406451393287465	22.975596649934168	26.091999158714778	0.0037282389379706144
95.0	23.099235694652297	27.03442960355079	24.641300044453793	25.221954905133504	0.003079752209620903
96.0	25.85063399164511	24.470282363438837	24.460759622931892	25.217027308383212	0.0012967136009453043
97.0	25.84342009345018	24.805305370407066	23.27315517746498	26.077957273549856	1.6208512791960903E-4
98.0	27.676839220275305	23.191615058339966	24.24236653284429	24.88917918854044	0.0
99.0	21.509009693396944	22.303969532144198	27.76383360175028	28.423146656942883	4.0515765697326976E-5
100.0	22.40637558020867	25.045892039559327	24.803538315751005	27.744194064480997	0.0
101.0	23.43465337429402	22.350785919365027	28.415120343966073	25.799318825320057	1.2153705482496031E-4
102.0	24.973712755685238	24.86609206836345	24.695544074034608	25.464651101916708	0.0
103.0	25.998875237229324	25.67728870585833	24.74474043749058	23.57893354985827	1.6206956349804465E-4
104.0	25.371229411652685	27.65247359995592	22.692429711642596	24.28346210398921	4.051727595870966E-4
105.0	27.391334122424798	23.657467308151293	21.135197626080053	27.81267816860002	0.003322774743832302
106.0	26.28116942609396	23.166911347277765	24.507717873462777	26.0441608319492	4.052121630103698E-5
107.0	25.553506544341914	25.04411722397205	22.825431133165335	26.576215720765017	7.293777556803332E-4
108.0	23.897221792273402	24.095844641437537	24.43170445309024	27.57522911319882	0.0
109.0	25.961456647642418	24.78847913234509	25.385988611381	23.86338681354479	6.887950867030944E-4
110.0	24.40417875083161	24.340931872456046	23.188833866940886	28.06605550977146	0.0
111.0	24.812831321078413	24.272911930131798	24.809387182374437	26.104059180837947	8.103855774058018E-4
112.0	24.8673548480157	24.35808660355884	23.796023664016666	26.978534884408788	0.0
113.0	28.847165195519548	21.714350308855813	23.001634427840862	26.43608025794302	7.698098407628086E-4
114.0	26.281014974380916	22.442163590999005	27.734653872926422	23.54164083689278	5.267248008777666E-4
115.0	27.324120017586477	23.951487252842103	25.9378678623311	22.785795474115663	7.293931246593633E-4
116.0	26.194945157896953	24.57739892666054	25.249532784507085	23.97812313093542	0.0
117.0	25.52831533549964	27.267680445352678	23.997516813579075	23.205717488107812	7.699174607960056E-4
118.0	26.19812812045772	24.323006807313597	25.55378563871193	23.924795778565976	2.8365495077168327E-4
119.0	27.058490760244535	21.46134912343691	25.37004002907964	26.109512235250065	6.078519888511841E-4
120.0	24.957349259518306	24.094527818818847	25.005652996006837	25.94246992565601	0.0
121.0	28.01505394383908	22.981903091148332	24.364873752815928	24.63756134863042	6.078635662382849E-4
122.0	26.881787534541736	24.221663619929267	24.769711634511463	24.126107777102828	7.294339147056714E-4
123.0	24.174552339239465	27.841263447450842	23.397338613367072	24.586156688459234	6.889114833844681E-4
124.0	25.022308674244726	24.99280692156505	22.83909792717768	27.145745952626992	4.0524385549004113E-5
125.0	26.72061512426327	23.678061518910194	24.932527280861578	24.668026117007827	7.699589571351691E-4
126.0	23.518441597386992	24.877221491659085	24.842978455254077	26.761358455699845	0.0
127.0	26.499017911017507	23.16109055439906	26.87629244895751	23.46246442536144	0.001134660264481203
128.0	25.818510875925778	22.725165460932093	25.323303285876612	26.12455078755027	0.008469589715243479
129.0	24.57796289137058	26.472256870234883	22.79393469315639	26.1524820539504	0.003363491287747085
130.0	26.4052666345168	24.170837368952146	23.528920696544432	25.894853724859278	1.215751273499459E-4
131.0	25.044679655984886	24.73761593408241	24.885737605397384	25.331358918059333	6.078864759848369E-4
132.0	26.156818850487884	26.206624612070257	21.754945926909944	25.876585456393414	0.005025154138498111
133.0	26.833513605079652	25.620539388734915	25.0301207138518	22.513881059552084	0.001945232781549143
134.0	26.15952909232749	23.43012877014883	21.425853317528343	28.98428619190906	2.0262808627903911E-4
135.0	25.80175328822593	24.136648197919268	26.578097189486755	23.48305554564936	4.457787186860713E-4
136.0	27.47176102892306	27.109128547297846	24.10051096002775	21.31365521221376	0.004944251537581175
137.0	28.345446720145507	21.638747924027303	24.100614463602696	25.91474510013706	4.457920874336074E-4
138.0	24.99550163643172	23.88343321591659	27.85771716559327	23.26217273391896	0.0011752481394606178
139.0	25.630475335181597	23.638210154797708	25.286246278180357	25.443730869127712	0.001337362712625474
140.0	26.56334408219985	21.270476307036905	25.872739202130703	26.293116200015643	3.2420861689767203E-4
141.0	25.223940782288185	25.30945226048174	25.60079918784359	23.865280921416574	5.268479699129283E-4
142.0	28.360041126529733	23.214685915784635	23.758919427584196	24.666110369697027	2.431604044081739E-4
143.0	26.804560733179926	25.35349572725084	23.94992822689218	23.891893732031395	1.2158064565807145E-4
144.0	27.061051083874265	25.706233578967463	22.931674320190023	24.30055469300597	4.8632396227585024E-4
145.0	27.63779281847777	22.160405944899487	23.29514530134827	26.905480669512432	0.0011752657620362412
146.0	27.234930857871408	22.053100960233042	25.213878192164945	25.494158926795503	0.003931062935101798
147.0	26.4101058412693	24.548998343709968	26.87149223748289	22.165715728433277	0.003687849104561869
148.0	23.824815897178812	24.13261644242549	23.767389515004417	28.274691824582465	4.863208088163478E-4
149.0	27.275214176782626	25.305586164943783	24.15947340414538	23.257456723908813	0.002269530219402781
150.0	25.343495610405338	24.02126750711065	25.13826149193532	25.49697539054869	0.0
151.0	26.783682756379	24.136594966346525	25.478883645753157	23.6003117510952	5.268804261084652E-4
152.0	27.646614426491556	23.943854916383025	23.330761043755132	25.078729083597516	4.0529772765776016E-5
153.0	24.203448881020616	23.78319072765172	25.286173956639928	26.72641635995401	7.700747337263957E-4
154.0	22.98911138086659	24.852194037503217	24.43569878265522	27.719874921724752	0.0031208772502234264
155.0	27.033032689768838	23.971024397243497	24.42059130756238	24.57518946786859	1.6213755669241005E-4
156.0	25.849383022311073	23.432748580679732	26.436770427226953	24.28081422733283	2.83742449410748E-4
157.0	24.550048662559906	22.74233894030334	26.90733521714122	25.799993433290542	2.837467049913883E-4
158.0	24.60768087337597	21.819481923505826	26.39937931026096	27.173417356693513	4.0536163730429645E-5
159.0	26.90180753904714	21.31927244425167	24.63551273060412	27.142961380523655	4.4590557341429903E-4
160.0	25.30764980560205	21.837754834410077	26.481212657290865	26.37334216512009	4.0537576914985E-5
161.0	24.41502131064738	20.3673360515185	29.363453354531828	25.850905732916825	0.0032835503854726
162.0	25.101194715862263	23.299411905160536	26.08137980743309	25.517932494155332	8.107738877297074E-5
163.0	24.96194294299529	23.826332524016994	27.310473829109522	23.901169623596957	8.108028123506349E-5
164.0	24.960259979397218	23.78551213241241	25.05913874527346	26.1933053521426	0.0017837907743151965
165.0	26.568916454056037	22.281323901029733	26.493994264884808	24.655076160756746	6.892192726790643E-4
166.0	24.913368830455898	22.971054830526445	25.66403039784049	26.45142431089349	1.2163028367020192E-4
167.0	26.428153529469245	23.761493890535228	26.609347397988742	23.200559191280963	4.459907258255795E-4
168.0	26.726888424050482	24.685636020174112	23.283065641283056	25.304328822310406	8.109218194328494E-5
169.0	26.108930073156905	21.773241975731146	26.06465153357019	26.052852032636366	3.2438490539719715E-4
170.0	30.76440223672099	23.570035399880783	23.59533840745141	22.070102306871956	1.216490748587857E-4
171.0	26.109062154682128	23.000577853022577	26.73123751786782	24.158352003730702	7.70470696769092E-4
172.0	27.061564289305934	24.75077452109455	24.39262947884057	23.79491005823101	1.2165252793953059E-4
173.0	29.241868618892923	19.13274730319213	23.528743849785744	28.094977597060144	0.0016626310690596117
174.0	23.25416825161746	26.67595873639747	24.454905344981267	25.614602688995753	3.6497800804735956E-4
175.0	25.702853917018547	24.733109363112398	22.60686575250912	26.95538655951568	0.0017844078442568834
176.0	24.231143742753286	24.500592714738946	28.63386045674115	22.633024207824484	0.001378877942130115
177.0	21.31727657551731	26.053917383568294	25.282701441887873	27.321039573943246	0.025065025083276314
178.0	25.02035853736481	23.340819759623262	24.23558153229221	27.403037396443175	2.0277427654193615E-4
179.0	27.870029980726674	24.584155315738585	23.003758947170326	24.540960681120577	0.0010950752438367544
180.0	26.882445347048428	21.906383158782127	26.141872475157935	25.06905490093485	2.4411807665877217E-4
181.0	27.48641889581782	22.509037429690203	26.436483709398807	23.56728570665956	7.742584336099881E-4
182.0	25.1560817601582	23.265582815912538	25.759142979243826	25.819151705563705	4.073912173786575E-5
183.0	23.377798381301705	24.950749792652147	26.20856505508365	25.46239793515756	4.888358049414782E-4
184.0	26.007289300159563	21.70112728737742	27.076813027047482	25.211185617258376	0.0035847681571562363
185.0	24.65242109773592	24.414755087926242	25.162863331657924	25.769349516073714	6.109666061945496E-4
186.0	26.55280609990016	22.908760154314212	25.881357609864963	24.65707613592066	0.0
187.0	23.585520353123883	22.908062701371573	28.785908031674023	24.71985570650088	6.532073296394459E-4
188.0	27.155710659017814	28.701742383018917	22.47712058377975	21.664977337958135	4.490362253851608E-4
189.0	24.216186470914337	23.896382549825972	25.349339041959873	26.53711219590256	9.797413972581937E-4
190.0	28.885817025056827	22.05185444046717	24.694178990410993	24.367904593316435	2.449507485694876E-4
191.0	26.472477827719736	24.31101021844915	24.818845098910842	24.397421484548005	2.453703722636603E-4
192.0	26.968983117393012	23.152851393796624	24.2885011778563	25.589623413165818	4.089778824761157E-5
193.0	27.357214846907222	25.21539664724034	21.769050291394933	25.658092794806265	2.454196512423143E-4
194.0	27.41986154221228	23.876114477199952	24.19166144436572	24.512362536222042	0.0
195.0	26.094194407805375	21.614154608503828	24.90823413510161	27.382803166924685	6.136816645010522E-4
196.0	27.83989877564149	22.180697296006578	26.73763969018913	23.241764238162798	0.0
197.0	25.289458122903824	24.82747413599597	23.984224096293584	25.898104995689163	7.386491174579308E-4
198.0	26.88795991297155	23.21733102880063	24.70049023396708	25.194218824260744	0.0
199.0	24.680195524879817	23.016940325688022	25.60034411324094	26.70198441931715	5.356168740740008E-4
200.0	27.009619671498893	23.900141002809345	24.248197908279774	24.84204141741199	0.0
201.0	24.148523761725105	21.074984630244053	29.769280596527835	25.00692257104288	2.88440460120222E-4
202.0	24.841729704871177	25.400182881877182	28.494999182017743	21.2630882312339	0.0
203.0	25.853253188145402	24.932803593590858	22.748513352928594	26.46464671445536	7.831508797875764E-4
204.0	25.992308621409638	23.88589816364111	23.630315854388986	26.491477360560268	0.0
205.0	26.757676423130235	24.82378093676232	25.992816841834475	22.424818833858136	9.069644148389272E-4
206.0	24.868252121448002	21.059829327642607	26.14672809266343	27.925149229055364	4.122919059677604E-5
207.0	25.406876828636737	23.988497936753493	27.07087441409407	23.533462196903976	2.886236117204276E-4
208.0	27.70427200417006	22.677846215767715	22.048996578833634	27.568761484990745	1.2371623783869384E-4
209.0	26.871998310557206	20.995781342546078	25.543995631206517	26.587647269421584	5.774462686247044E-4
210.0	24.582172414675057	24.791199652157555	24.786043069429056	25.840502358414675	8.25053236560089E-5
211.0	24.872236818161376	25.701268739459664	25.661119017722413	23.7645501477452	8.252769113516427E-4
212.0	28.17749694090371	22.46082622846867	24.679269647985123	24.6824071826425	0.0
213.0	28.68729138438151	23.43273901979576	22.759592187448362	25.119840378069334	5.370303050332133E-4
214.0	27.03612150558573	26.07922346762981	24.677716162005794	22.2068975211607	4.134361797173998E-5
215.0	24.92444282408798	25.094594062728508	23.440849969031397	26.539615989327743	4.97154824369701E-4
216.0	25.482930074641125	24.970002781864924	26.14085788692222	23.40616736101568	4.189555605457818E-5
217.0	28.519151239396834	22.932689461532608	25.92698933552092	22.620451104927987	7.188586216520217E-4
218.0	24.50313152579288	24.2250681054504	26.117190097762418	25.154524791922572	8.547907173147262E-5
219.0	26.90370398495728	23.08408545493613	24.399417344863323	25.612016571844258	7.766433990057238E-4
220.0	27.993971503943126	22.612458226453956	24.22516337302426	25.168363501127633	4.339545102845049E-5
221.0	24.954855533334324	22.86824111911056	24.47870711494284	27.697977615340285	2.1861727198874384E-4
222.0	25.233370952063304	24.273231333970774	24.704586876942546	25.788501399761554	3.094372618161934E-4
223.0	29.569374049273485	23.00281401618216	24.603033908760697	22.82406176331286	7.162624708011127E-4
224.0	29.457877507649428	23.108256981268163	24.748084218487342	22.685601649483054	1.796431120115223E-4
225.0	30.36321760502629	20.488513074821	23.747678290136417	25.399731974760055	8.59055256242619E-4
226.0	24.65599882690422	23.130195302117986	25.286629457534847	26.927084765335017	9.16481079248119E-5
227.0	27.062155366195984	23.396770024404425	26.107410946069553	23.432506397366247	0.001157265963789611
228.0	27.149914465568198	27.911431797937485	23.665271529892326	21.273289031839678	9.317476231118134E-5
229.0	27.713165074231817	25.169707339815982	22.13165309462728	24.985427445142978	4.704618194358128E-5
230.0	25.50553189550252	22.8583960066303	28.195483725195707	23.440540904887854	4.7467783615260325E-5
231.0	25.2500452041419	25.154429403184782	24.049423195149295	25.544944971491258	0.001157226032763962
232.0	24.430779047238552	25.882534904783977	24.88460427022383	24.80198480655215	9.697120149258074E-5
233.0	22.687332584102915	25.4873150900477	22.018135831510627	29.806381104061618	8.353902771382675E-4
234.0	26.31623934614537	21.39823360077418	27.06862604451638	25.215901291983723	9.997165803494708E-4
235.0	25.356226102775643	21.806308917819347	27.424730383154905	25.41253223817141	2.0235807869098608E-4
236.0	28.04952121421675	24.326862996368963	23.814578111389388	23.808986377715964	5.130030893046038E-5
237.0	27.77798226682503	25.396191768791667	22.242728729495724	24.582941708006576	1.5552688100690175E-4
238.0	27.162295380348727	22.507556684338383	24.189175398192287	26.140867327453517	1.0520966708505044E-4
239.0	27.363208765224222	23.66148504307705	24.447211676152794	24.5270808124137	0.001013703132235973
240.0	25.425460998856607	21.55878756307418	26.706479368176623	26.3091065208658	1.655490267924545E-4
241.0	29.006336771506074	21.30994933897584	23.5182064782025	26.16268984072439	0.002817570591192606
242.0	25.9240711647252	24.93130818030938	21.11774885827548	28.026151640515767	7.201561741758643E-4
243.0	27.33103784339386	23.427039939082935	25.20215962535118	24.037265081357802	0.0024975108142218255
244.0	26.438804711838653	23.081881042868567	26.45215143638562	24.02638424997525	7.785589319061236E-4
245.0	28.52133271685059	21.525571964147446	23.77075754959251	26.181167937698106	0.0011698317113523812
246.0	24.47428381421236	26.766837088794315	23.466647177099908	25.290335034579105	0.0018968853143138966
247.0	25.7546663386157	22.950669335808627	24.944249974837	26.20597872887706	0.14443562186161468
248.0	25.85803377557252	23.3493558974026	23.83339145641133	26.94847123243503	0.010747638178521628
249.0	25.218497562464137	21.217808736312524	28.93120320764126	24.616503893157905	0.015986600424177797
250.0	26.13309818507584	22.196781548730034	24.921106747979405	26.747496070090364	0.0015174481243498156
