# Position (bp)	A	C	G	T	N
0.0	25.91484776774501	22.83351621475126	24.734821944007436	26.5168140734963	0.0
1.0	23.658507677585312	29.850947736231703	23.813464087864237	22.596200275673162	0.08088022264558441
2.0	24.591463895484857	26.354631244140297	22.31351914971917	26.73950949380953	8.762168461450841E-4
3.0	27.077247389314714	21.03619661379808	23.825561019603807	28.05333339170732	0.007661585576080093
4.0	26.625765931707658	21.887982009218526	23.43056464015156	28.055578039171074	1.0937975118294202E-4
5.0	29.652128491937564	23.039794210082306	21.98975421480306	25.317885976300065	4.371068770024959E-4
6.0	26.829475583565692	24.12714393585272	22.61215586158954	26.424686983458695	0.0065376355333566505
7.0	25.785778382053024	25.919347382732834	21.450441876274642	26.843670972127804	7.61386811692726E-4
8.0	28.538749667983886	23.660254012651848	23.4949235414329	24.306072777931366	0.0
9.0	27.185951767330742	23.727860374220107	21.57167685257986	27.514186556324983	3.24449544310615E-4
10.0	24.680689220742316	23.703497210724045	23.377730524500574	28.23808304403307	0.0
11.0	26.729460562528946	23.114257955692644	22.39377026041991	27.762405732676914	1.054886815919086E-4
12.0	29.38394041678744	24.37985233020935	18.90254354825137	27.333663704751842	0.0
13.0	26.629300069869714	22.41440960092064	24.48193662405984	26.474148205992353	2.0549915745345443E-4
14.0	27.34634555724625	22.008135695414555	22.111716093969928	28.533802653369268	0.0
15.0	26.051048114256943	23.57838313869572	23.070148779164295	27.300419967883037	0.0
16.0	27.496501566903834	24.7875317815401	20.501310680568423	27.214557423576487	9.854741115950884E-5
17.0	29.98044401114634	25.765639033676983	18.24656282865192	26.006106688570398	0.0012474379543552857
18.0	26.92352385379123	24.134676196499463	20.134089471719104	28.8077104779902	0.0
19.0	25.238475759968605	24.333275016667532	21.608121462581977	28.819654922951077	4.728378308091674E-4
20.0	24.322040091975047	25.696043836191468	22.95215910858415	27.029756963249334	0.0
21.0	24.8321506246335	22.91055827314633	22.027145391518644	30.22958899635538	5.567143461575575E-4
22.0	23.753324681665745	26.77605458259987	24.32602346963687	25.144597266097517	0.0
23.0	25.815170741150645	22.949060731909547	21.933727084451945	29.30167618170993	3.6526077793240486E-4
24.0	29.186681932445317	20.69114970094484	22.862730792568406	27.259437574041435	0.0
25.0	25.441506532061197	24.208507327890693	18.390814875752238	31.958903007162466	2.6825713340427243E-4
26.0	28.041274197038078	23.91483390510211	19.406333945614147	28.63729083991691	2.6711232874760825E-4
27.0	26.34591016817162	23.0074295999453	19.25746622848573	31.389194003397353	0.0
28.0	27.350601797508716	23.140209183762856	22.798402214474674	26.707983671753183	0.002803132500569386
29.0	29.608808840027894	23.102759693146034	20.734387656534942	26.553524012492474	5.197977986563226E-4
30.0	26.22279449128821	22.65220873849122	23.55732212528099	27.567502390036775	1.7225490280517108E-4
31.0	27.321479457134128	23.000387957523802	21.99118340777769	27.686520021011507	4.291565528772372E-4
32.0	25.75356339466568	22.049448144591885	23.014474117251886	29.182344698421964	1.6964506858750122E-4
33.0	25.793028529436246	23.496615329768872	24.061133425205554	26.649138634848274	8.408074105401934E-5
34.0	27.80397224550619	25.95040181481925	21.758704878989874	24.486671589563457	2.4947112122300724E-4
35.0	26.964065209395198	21.701270295833115	24.12970942147023	27.20479086753192	1.6420576953391834E-4
36.0	27.222282828465104	22.8541220493076	23.50784923755068	26.415663861190016	8.202348660515452E-5
37.0	26.503629634609677	25.209357849013102	19.568707253202064	28.718141286007338	1.6397716781915288E-4
38.0	27.767581891997562	25.445269678218942	19.67285004561509	27.114134448532816	1.6393563559075435E-4
39.0	24.75234867209063	25.51308569293202	21.013075858994448	28.721325877023336	1.6389895956940464E-4
40.0	27.67158935231615	25.160347799867594	21.33772835427605	25.83025255802673	8.193551347347584E-5
41.0	25.857958595151686	22.737029238999533	20.288867224302205	31.112540245610877	0.0036046959357053324
42.0	26.058837648034118	24.680012025404075	19.31469941814411	29.946368991496204	8.191692149655663E-5
43.0	26.94912713669876	23.986969915641918	22.89954597839077	26.16132633612015	0.0030306331484101054
44.0	31.778822253725757	22.794090548366253	21.675278269849887	23.751563233245456	2.456948126454206E-4
45.0	26.253879349170084	22.295673962709117	21.1714610918679	30.275382612327117	0.0036029839257785317
46.0	26.684193849219835	23.65211681258551	21.06839940688145	28.595289931313207	0.0
47.0	26.994296979511372	22.977458086974746	21.716014795433	28.31075648937581	0.0014736487050721352
48.0	24.593473976441622	22.326274987395813	21.519033962560645	31.561217073601917	0.0
49.0	22.15977026262831	24.97911069246111	23.12800296583156	29.731642983934258	0.0014730951447602416
50.0	28.577928348144876	22.267966154400092	19.4832326803162	29.67079098541759	8.183172124842474E-5
51.0	25.676601141407733	25.308486918812772	19.872195062081943	29.140998629492504	0.001718248205044286
52.0	23.866781033574625	24.797588510691728	20.09699444418172	31.23863601155193	0.0
53.0	25.397804677415685	22.412074924487015	22.77996703114484	29.408852820397772	0.0013005465546896083
54.0	25.28888943075554	27.11004905247843	20.70022717759273	26.9008343391733	0.0
55.0	25.000810417429808	26.87190217937455	21.88378289889556	26.24236991989834	0.001134584401733645
56.0	28.805203497629435	23.40520528031518	23.61937066331306	24.17022055874233	0.0
57.0	24.12768605286142	27.314652022368314	21.627941269406588	26.92558857796582	0.004132077397860718
58.0	26.497598042789672	23.286023282377815	20.699524469179607	29.516854205652905	0.0
59.0	28.49020503648405	20.765695270681856	24.07485710952992	26.66681247326879	0.0024301100353824024
60.0	25.033972715183424	20.62584123875588	23.202435371049916	31.137750675010782	0.0
61.0	25.60107795372974	22.536212508108484	21.963226461566798	29.894232252821514	0.005250823773468153
62.0	27.11654945191637	20.401182190250566	23.969965453486598	28.511979813269512	3.230910769514095E-4
63.0	29.13457500080768	21.572060866474978	21.46827448066423	27.82339353212936	0.001696119923755371
64.0	25.59386380358111	20.187057931386843	23.701606657753775	30.517471607278274	0.0
65.0	25.29649237314768	25.074737512187657	22.510294034697544	27.114044205929044	0.004431874038081885
66.0	25.863918050764628	23.454850325648778	21.11378892737746	29.56720096755921	2.417286499213173E-4
67.0	28.684091788062393	23.75128915817971	19.423907438442697	28.13998646383911	7.251514760861158E-4
68.0	24.797899475835756	21.574845272451004	25.1445761971747	28.48267905453854	0.0
69.0	24.108662026295438	22.42008249548853	25.15790152101057	28.31125934519206	0.0020946120134055168
70.0	27.280034078944194	21.474878834885907	23.7398426260077	27.50492296068865	3.2149947354461204E-4
71.0	24.913190273466654	21.08387229039936	25.08312591894983	28.918610275580843	0.0012012416033211927
72.0	27.845849074431438	24.36689957352901	20.97474965047956	26.811140453567834	0.0013612479921592117
73.0	26.6091427619801	21.683234746851053	21.091155399411363	30.612944239656425	0.0035228521010610193
74.0	26.15858759300841	24.585919957733456	22.582261660322683	26.672510336491317	7.204524441349168E-4
75.0	27.200679422650836	23.964456782059656	20.231234231118968	28.601788527298577	0.0018410368719662914
76.0	27.663935902412863	22.180582625295656	25.122924412392095	25.031516514653678	0.0010405452457087514
77.0	25.990939796065376	22.350450609082614	23.85682956891998	27.800739543148023	0.0010404827840117814
78.0	27.43480261709918	24.814662158106405	20.21841173292783	27.531723323795994	4.001680705896477E-4
79.0	28.785739781259657	18.856150931799302	21.048356246168524	31.307512176695333	0.002240864077188164
80.0	24.405579799276396	22.596250417140492	27.448444636153457	25.547484392743474	0.002240754686178305
81.0	26.781357257348816	23.15930484634166	20.472174407801393	29.58636324715534	8.00241352792002E-4
82.0	23.270001896502194	21.60588123735165	22.806199081516787	32.31687750916443	0.001040275464943117
83.0	25.841097153172704	20.448873215881804	23.624097488451294	30.084651842391857	0.0012803001023439895
84.0	24.866416703073018	24.06371671219461	24.08107974030671	26.987426607200295	0.001360237225372105
85.0	25.41719774016724	26.09633173231175	20.128145735369777	28.357284648195307	0.0010401439559234997
86.0	28.006592553774517	23.810480080326748	20.186335652194785	27.99427151880758	0.002320194896371295
87.0	23.19860091410998	20.293625630920694	23.775899849515064	32.7310735792134	8.000262408607003E-4
88.0	25.710841233791427	26.05307219889395	24.9111823447861	23.3238642499838	0.0010399725447248192
89.0	26.056012415205426	25.846985792909255	21.85452131063612	26.2410405734033	0.0014399078458978624
90.0	24.003666806918297	24.405303751437845	24.1162947332046	27.474574725589417	1.599828498384973E-4
91.0	28.634343967589317	23.605968621146133	22.504309293275902	25.255138157342195	2.3996064645398155E-4
92.0	25.740444802769343	22.075452985054334	22.967905926917716	29.21619628525861	0.0
93.0	26.782303653866457	24.491558771870892	20.796501937147482	27.92931571184971	3.19925265457989E-4
94.0	29.457795238182833	21.81783717941233	22.368495770286188	26.35155292120983	0.004318890908814616
95.0	25.19886050093812	24.33191988956904	23.453382747881836	27.013437579476218	0.0023992821347852723
96.0	26.637039833083154	23.389950601506825	22.212048050171017	27.760321741974643	6.397732643551125E-4
97.0	26.384932674606997	23.820266230785595	22.986355792190928	26.808125428830525	3.1987358595882907E-4
98.0	29.016847935170354	20.874279010890504	24.305439494489974	25.803433559449168	0.0
99.0	22.58639466879045	20.51810413897991	25.57520482201315	31.32029637021649	0.0
100.0	22.91705146134023	23.228725152258754	24.140958384605973	29.71326500179504	0.0
101.0	24.389557475142556	20.7335384398896	27.97369860209861	26.90320548286923	0.0
102.0	25.483641422540614	23.38892797748497	24.148490469489577	26.978860176538316	7.995394652680057E-5
103.0	26.433103959948802	24.526562621172545	24.047189036767698	24.993144382110955	0.0
104.0	26.646365496218117	25.495290730722214	22.048702022895178	25.809242015907824	3.997342566661683E-4
105.0	28.28202637501449	22.208977418542457	20.253596683735676	29.252121633667915	0.0032778890394585887
106.0	27.823307582411346	21.508215751313728	22.68919252751575	27.979124244800847	1.5989395832683765E-4
107.0	27.321791894344265	22.504127177010925	22.022536584975878	28.1507448904949	7.994531740289643E-4
108.0	24.620220429235054	23.039307775138838	23.306390561209604	29.034081234416508	0.0
109.0	26.606222566135052	23.361362406402108	25.077400370754372	24.95413533413858	8.793225698921551E-4
110.0	25.71379695696035	23.64366987320402	21.516387873245584	29.126065359644315	7.993694573720249E-5
111.0	25.877510627650917	22.44516707674451	23.683234451015284	27.99320853537461	8.793092146809467E-4
112.0	26.244951172351165	21.7829585630435	23.537508602890572	28.43434185988699	2.3980182776953127E-4
113.0	30.58302752916896	20.054065590097462	21.88241613399058	27.479531570100225	9.591766427698464E-4
114.0	27.827515367582993	20.265145762224122	26.765733287503696	25.14120590562825	3.996770609347647E-4
115.0	27.67177753992229	22.717633112255626	26.35634252150092	23.25352739783516	7.19428486010713E-4
116.0	28.440630248305553	22.654534496030774	23.30537434482362	25.599460910840055	0.0
117.0	27.20177267320654	24.142280686047553	23.999434049138603	24.655793162546203	7.194290610971133E-4
118.0	27.741793145786918	22.10892592068566	24.91221002128702	25.236751167268984	3.197449714108027E-4
119.0	28.301971254536447	19.711026555180737	23.994468336823928	27.99189435482582	6.394986330716718E-4
120.0	25.088889741548282	22.592542854128098	24.435246381260253	27.883321023063374	0.0
121.0	29.051458280375446	21.796667290170856	22.753746221005056	26.397328844103168	7.993643454724803E-4
122.0	27.85447697065766	21.596957931751707	24.057886907259924	26.490118633947006	5.595563836990035E-4
123.0	26.543163495156808	25.79793994407826	21.79365229082503	25.864444931152953	7.993387869554304E-4
124.0	26.12281210807389	23.393787374114034	22.277829601617224	28.205570916194855	0.0
125.0	28.71032925994846	22.451576598180086	22.8327769997634	26.004517812266197	7.993298418605841E-4
126.0	24.971304058677205	24.68138712503437	23.313893631579283	27.033415184709142	0.0
127.0	28.359035722764297	20.04346745256588	27.198411575547283	24.398046122819935	0.0010391263026047698
128.0	27.179874137422495	22.42641563426474	24.398683662564235	25.985194800834822	0.009831764913708277
129.0	24.955018108658344	25.19105813554756	21.553100213499125	28.29714665735189	0.0036768849430762257
130.0	27.47856559336097	21.602108988941875	23.627806296591757	27.291439186715543	7.99343898528088E-5
131.0	26.41455590718227	23.039285825624233	23.947431317550365	26.597847660811937	8.79288831193331E-4
132.0	27.927628344659055	24.822719980303553	20.561284809514408	26.682691346912478	0.005675518610505145
133.0	27.580536859102462	24.021567091400343	24.635245967161744	23.760411837119698	0.0022382452157508515
134.0	27.944680745615685	21.358712638679833	19.83776088275474	30.858765796451298	7.993649844563478E-5
135.0	28.59117280763039	21.21937844824692	26.667428724906035	23.521620338321885	3.9968089477361276E-4
136.0	27.543609182428746	25.95319896594559	24.318184361605695	22.1787724680615	0.006235021958468359
137.0	30.668148154069364	20.74101015591589	22.445573323634388	26.14486868452712	3.996818532448171E-4
138.0	26.493732999647502	22.771020488746895	25.43768289241989	25.29596499655897	0.0015986226267447968
139.0	26.91979668814939	23.460234053216293	23.562625341404207	26.05598509451411	0.0013588227159988587
140.0	28.2709305504266	20.28661957083	24.829065772709033	26.612984446863713	3.9965917065926175E-4
141.0	27.566218217773347	23.33082611208318	24.510712176062885	24.591763898092246	4.795959883394228E-4
142.0	30.781816888383013	21.30890843300111	22.666143382520445	25.242971433321635	1.598627737949744E-4
143.0	28.664115242521177	23.399404987426724	23.000704998777046	24.935774771275057	0.0
144.0	29.53940695137967	22.700252026080264	22.88217760764663	24.877603889818324	5.595250751162414E-4
145.0	29.77627329986891	20.73008920292867	21.73114429133229	27.76193368929245	5.595165776768871E-4
146.0	27.152278709372133	21.252340975524366	24.03713268765172	27.553291913153505	0.004955714298274852
147.0	28.174534979173878	22.866131712537957	25.492517223215593	23.46249979018011	0.004316294892464308
148.0	25.620505868548353	22.607099808484858	23.104991223554762	28.66700344343589	3.9965597613574234E-4
149.0	29.517799262210893	22.914786556731027	23.78366712362164	23.781189175362798	0.0025578820736430236
150.0	26.803776776279083	23.742659954245116	23.90005227759242	25.553351121570184	1.598703132019306E-4
151.0	28.141262276394947	21.77927989141296	24.31969227276579	25.75920599722777	5.595621985358656E-4
152.0	28.137882740036147	21.56694088558508	24.003814709975725	26.291361664403045	0.0
153.0	24.91516305082063	22.531254771453852	24.63768926933503	27.914933621332626	9.592870578585994E-4
154.0	23.604829078072015	22.894712859794616	23.97471624929452	29.523423522809576	0.0023182900292744073
155.0	28.978695815189454	22.612702567230617	23.29781969667778	25.110701977246435	7.994365571145457E-5
156.0	28.7640382967293	21.945151511275405	24.985130277951882	24.305200245590246	4.7966845316517226E-4
157.0	25.783166820028924	21.515032565829184	26.49748051526521	26.204080262157525	2.3983671916159478E-4
158.0	25.533603979424928	19.40273449554457	25.987541112569694	29.076120412460803	0.0
159.0	27.571937499600256	19.876751667721983	23.703158278488782	28.847752812581945	3.997416070252189E-4
160.0	28.048158440918847	20.108923334729788	23.930194405446805	27.912643869304794	7.994959977230353E-5
161.0	25.704163981662553	18.574738521907236	29.39843648812655	26.318743434065627	0.0039175742380318105
162.0	27.25243412394724	20.69776887295544	25.025064800704854	27.02465225087507	7.995151739984873E-5
163.0	25.48275575341239	22.623559248314592	27.272981668393648	24.62062337695565	7.995292371851454E-5
164.0	27.233796564663027	21.02722700040857	24.3653389642818	27.37187846553989	0.001759005106711644
165.0	29.518386824141984	20.34084648714949	24.689701603404945	25.450505376799764	5.597085038112151E-4
166.0	24.581922683882855	22.037716115227337	25.993398400455458	27.38680287796476	1.5992246958674436E-4
167.0	27.881040892193308	21.1973474728946	26.33072148065579	24.5902504515901	6.397026662007499E-4
168.0	27.25697401512153	22.939861739175633	23.09387582114855	26.709208458779642	7.996577464845046E-5
169.0	28.2283434972515	20.472818116244515	25.149180089276147	26.149418393573143	2.3990365469227557E-4
170.0	32.84578604804407	21.01598030191679	22.14386989924645	23.994043872858118	3.198779345801642E-4
171.0	27.16820189153352	22.47503626798804	25.234042485128928	25.121519752657917	0.001199602691588546
172.0	29.8413990662442	23.94848508597815	23.020327342346736	23.189708533197273	7.997223364048002E-5
173.0	29.934525423281507	18.916370563551606	21.368208322236963	29.779456161943813	0.001439528986115743
174.0	26.741544997376803	23.345948124736083	22.80851322473736	27.10351380056047	4.798525892845718E-4
175.0	25.524650306444247	22.991756437808576	21.74918360181363	29.732650088898023	0.0017595650355232185
176.0	25.51850509927	22.10462161584993	27.41312525144428	24.96214838791724	0.0015996455185530887
177.0	23.483168087157193	24.682939315524873	22.565921825693614	29.24469365798641	0.023277113637908898
178.0	26.485086152632885	20.752374866130094	24.176885036243853	28.585174052872915	4.798921202513675E-4
179.0	29.61675428183822	23.548430445925494	22.07030437606586	24.76379099062203	7.199055483920509E-4
180.0	27.7575097908424	20.847611227100185	24.72437544499268	26.670342998554354	1.6053851037921605E-4
181.0	29.901951319972714	20.068685562034215	25.243030080704326	24.78520678070819	0.0011262565805563063
182.0	26.963519390952577	20.85640057025828	25.12368863511913	27.056069768993936	3.216346760776973E-4
183.0	24.510042786072052	23.905119613646836	25.764114538982284	25.820079782636142	6.432786626879882E-4
184.0	27.752318107655405	20.86847719364833	25.182799001913025	26.19254586962308	0.0038598271601562907
185.0	26.66273753680544	22.334449892337556	22.218103693650086	28.784146041415067	5.628357918536755E-4
186.0	28.02003182641657	22.179426047003066	23.911384577777316	25.88915754880305	0.0
187.0	24.937831291126837	22.2091769555947	25.418903477740944	27.433040714662145	0.0010475608753741001
188.0	29.17475243056451	27.007391623900766	21.26663357144699	22.55090001805194	3.2235603579441424E-4
189.0	26.433051973748366	22.22265206594985	23.80635754992299	27.53697126199163	9.67148387159171E-4
190.0	29.88887447014474	20.044427643472996	24.757368806668016	25.309248478038864	8.060167538642459E-5
191.0	28.055325025636634	22.859310845285645	23.046221899704804	26.038818993654072	3.232357188398747E-4
192.0	28.789059216779055	21.281171404741738	23.183782787759668	26.74598659071954	0.0
193.0	29.955867732522893	22.593134441759148	20.825661377799694	26.625093962932127	2.424849861379416E-4
194.0	30.156647621264888	21.306194444174984	22.693857292060752	25.84330064249938	0.0
195.0	27.938444224173757	19.805928228048074	24.033562353762992	28.221175846618294	8.893473968801694E-4
196.0	30.749482865012972	21.056536578127318	25.012061752931515	23.1819188039282	0.0
197.0	26.3618594994404	22.10304780133331	22.152682032732642	29.381680751326012	7.299151676371835E-4
198.0	28.895735167781737	21.520953192929476	22.987253664124125	26.596057975164655	0.0
199.0	26.89712929791095	21.38174730083479	24.86235828719428	26.8580304807522	7.346333077844194E-4
200.0	29.672665646791064	21.996986088004274	22.837975291146183	25.49237297405848	0.0
201.0	25.45308039151175	18.323886249656095	28.920811858668472	27.30173166145941	4.898387042786594E-4
202.0	26.468635924601138	23.755197817100523	27.55739133061668	22.218693281232014	8.164644964496041E-5
203.0	27.35027727187344	23.65435345426035	20.976536020842353	28.01801654647469	8.167065491698179E-4
204.0	26.23019376802562	21.86328666445043	22.930346263453615	28.97617330407033	0.0
205.0	28.876869929756886	22.07728130817684	24.389937076092753	24.655013123102297	8.985628712187862E-4
206.0	27.367340919804477	19.906194419866978	24.49819079901407	28.228192163369748	8.169794472480456E-5
207.0	27.10944088172423	23.46108463585077	26.37123871532885	23.05790891203023	3.2685506592666677E-4
208.0	30.114500603602657	22.155936270675536	19.006658836587555	28.722822555531852	8.173360240035243E-5
209.0	27.94528566266577	18.655424263382237	25.51956874690368	27.87882206558723	8.992614610873215E-4
210.0	26.64013076074594	22.146742796589038	23.6779812215402	27.535063454775443	8.17663493859756E-5
211.0	26.48956409505597	24.414406603599197	24.22333932599709	24.871708465360058	9.815099876820496E-4
212.0	29.30558272111928	19.811838802681986	24.032126200251895	26.850288600583834	1.6367536301149576E-4
213.0	31.20898721084781	21.481222458527586	22.154542618086943	25.154838250022728	4.094625149351452E-4
214.0	28.655253076472913	23.713963015115574	23.3339016086015	24.296800337030948	8.196277906277202E-5
215.0	26.622326659053	23.141047234843192	22.062919538907742	28.173131434299282	5.751328967800774E-4
216.0	25.883591542555628	24.017827047676114	25.6184329342638	24.480065249324827	8.322617962706349E-5
217.0	30.332573870962044	21.352162617462252	24.829793801340454	23.4844604579146	0.0010092523206495548
218.0	24.6916898491029	23.52509256723472	24.957669620395908	26.825547963266473	0.0
219.0	28.46655469335726	21.718046860658426	21.652595659118475	28.162030754344396	7.720325214410588E-4
220.0	28.507633200335164	20.581079848798456	23.18624389421398	27.725043056652403	0.0
221.0	26.199662229131913	20.475302993972583	22.978806652579898	30.345881870222236	3.462540933726101E-4
222.0	26.36724904590175	23.16786877210182	23.9173173208221	26.547214733377682	3.501277966457757E-4
223.0	30.927800302824142	21.70106627094334	23.875474881296306	23.494682837393015	9.757075431950164E-4
224.0	32.508030121403344	20.614202021136204	22.300794297279896	24.576973560180555	0.0
225.0	33.7667836190449	18.50798182117005	22.92915687101177	24.79473785755629	0.0013398312169954911
226.0	26.39679508671539	21.258125472752727	25.63650477926458	26.70857466126731	0.0
227.0	28.138686364828402	23.121704193138964	23.87829489310415	24.859669786537257	0.0016447623912286648
228.0	29.188411575196426	27.770219434872757	21.391110715076397	21.65025827485442	0.0
229.0	28.124026494192343	23.961130230971207	20.704892376615092	27.209950898221358	0.0
230.0	26.044510972247853	22.524230556307533	26.194011186287945	25.237247285156673	0.0
231.0	26.090390572204964	23.407814485568704	23.335199401590877	27.16507480589247	0.0015207347429910761
232.0	24.456669038586963	24.158151855891955	24.378807482754098	27.006275852095605	9.577067138113759E-5
233.0	23.481937380854873	24.07068010870586	20.780362462592425	31.666439147276687	5.809005701539096E-4
234.0	26.670986185782187	19.728958418858163	27.45671001023825	26.14275186341087	5.935217105295697E-4
235.0	26.616106173022853	20.385284608483968	28.260559804608242	24.73774837892675	3.010349581862443E-4
236.0	29.52646324752863	22.289749926592933	23.627389807836614	24.556397018041825	0.0
237.0	28.442523015547756	23.71564358795005	21.715193702424347	26.12663969407784	0.0
238.0	28.369745838187356	20.91615476466364	23.496639685075046	27.21745971207396	0.0
239.0	28.376991297944905	21.577066830390628	24.571991598597798	25.472156904941993	0.0017933681246749518
240.0	25.608142625551768	20.152976639849314	26.740778902097755	27.497561813298084	5.400192030828616E-4
241.0	28.48291788578753	21.405833391923245	22.148717421755425	27.96036798070319	0.0021633198306120574
242.0	28.767522857787263	21.99617446520585	20.088503443848783	29.14725706552855	5.421676295563767E-4
243.0	27.664847329033215	22.136338268427185	25.463582967344394	24.732294095185047	0.0029373400101610206
244.0	27.45379699997929	22.22637589956481	25.480776042557874	24.8377431944782	0.0013078634198230678
245.0	29.646835779348073	20.760821196194694	22.28255105689048	27.30815193682164	0.0016400307451097016
246.0	25.105605612731598	26.40616734587933	21.99991895446884	26.48611766715915	0.0021904197610909167
247.0	26.693266931570435	21.828407412616922	23.913865250720868	27.409408186229694	0.15505221886208592
248.0	26.262355164365207	21.851014261923986	23.193390633283983	28.682460451374602	0.010779489052218925
249.0	25.525917315596708	21.563409499210916	29.62242031697857	23.2707176958563	0.017535172357510183
250.0	29.530775212577552	20.007566179179072	21.818471432695848	28.6426340922742	5.530832733237982E-4
