# Position (bp)	A	C	G	T	N
0.0	23.47643178681977	24.243844043593732	25.465184238651073	26.814481582942157	5.834799326664158E-5
1.0	22.290212300301512	30.561522850124756	23.557494926290545	23.512015863345507	0.07875405993767971
2.0	23.971276925462526	27.534191071206983	22.671428679284876	25.822077306366747	0.0010260176788653714
3.0	26.235495507693496	21.968471648661982	24.94321995377131	26.845443379529783	0.007369510343426918
4.0	25.615076189658865	23.455254569871897	23.770872038947996	27.15870055828863	9.664323261562204E-5
5.0	27.93858719181307	24.240459862271496	22.619440720782514	25.20083636600977	6.758591231519598E-4
6.0	24.950096529525464	23.94246477838695	24.624321430402926	26.47775772342238	0.005359538262283464
7.0	25.490559023707693	26.23275683588564	23.34404821736296	24.932020198832742	6.15724210968665E-4
8.0	27.604323397972802	24.160614737830194	23.404732554899446	24.830290901625855	3.8407671701976436E-5
9.0	25.653692377531645	25.81704358281471	22.858931731810333	25.67019811485693	1.341929863843962E-4
10.0	24.339875226005834	24.430852272357193	23.7856796113715	27.443573733170012	1.9157095462488683E-5
11.0	27.142166163690533	22.794266922610703	23.141906571058676	26.92156789512162	9.244751846824076E-5
12.0	27.8602756778202	25.087209408133475	20.15354461110646	26.898915706064987	5.4596874874882165E-5
13.0	25.184484987562183	22.866337552509336	25.100531079819216	26.848574578605955	7.180150330807475E-5
14.0	26.252211953513722	21.8658115787661	24.182117565019208	27.699841185812602	1.77168883758078E-5
15.0	24.856310583179333	23.615653805207725	24.99707969665218	26.53093842811437	1.7486846394142326E-5
16.0	26.25647218357135	24.860057877223447	21.992520154105584	26.89088105546722	6.872963240299758E-5
17.0	28.13606541420236	26.69037375053228	19.49547048777384	25.676695022033535	0.0013953254579819592
18.0	25.67084256128871	25.726014441698076	19.872177920813517	28.730798393781548	1.6668241815518233E-4
19.0	25.00786791986806	24.850791705286976	21.82340204871338	28.317539950442068	3.9837568952192265E-4
20.0	22.09932671989358	26.499840714389787	24.31473848760165	27.086044687228096	4.939088688746039E-5
21.0	23.46905066452683	24.63394238018652	23.954857669978153	27.94195332954159	1.959557669047366E-4
22.0	21.764958120399687	26.690940805874693	26.579794374250763	24.96424202305262	6.467642224260967E-5
23.0	24.63441384058914	24.529323048996854	23.472850178392182	27.36321992781321	1.9300420861760576E-4
24.0	27.163872777044123	21.9774650406429	24.750519901043365	26.108046806290336	9.547497926999513E-5
25.0	24.487887790767843	26.24010672207117	19.588450338061797	29.6833977976142	1.573514849810368E-4
26.0	25.589834703264437	25.951851638235652	19.94183283011088	28.51643393702834	4.689136068881533E-5
27.0	25.32822243318617	25.07870002250686	20.850214126675457	28.74283226626938	3.115136213224844E-5
28.0	27.831043019454903	23.919987548664967	22.464622305655336	25.781806979983184	0.002540146241607318
29.0	27.217770215604105	23.925486219064286	22.80483719469727	26.051678166627262	2.2820400707980113E-4
30.0	23.4741250850068	24.907796975592795	25.797259213091117	25.820622397032466	1.963292768180884E-4
31.0	25.651105348660767	24.43135333417999	23.298758631290948	26.61846744240577	3.1524346252610893E-4
32.0	23.716241840739077	23.092981121551155	24.757056319583313	28.433453122168405	2.6759595805225225E-4
33.0	23.34565322239112	25.0709962822776	25.887113595962617	25.696163400448135	7.34989205213543E-5
34.0	25.67260459004655	26.61806006844924	23.20800341225783	24.50133192924638	0.0
35.0	25.22156813102049	22.259525898596475	26.315730317811663	26.202945096350167	2.3055622120659005E-4
36.0	23.511150328779102	25.33125900087952	26.494054218569968	24.663392480890383	1.439708810254873E-4
37.0	25.02643432191773	25.9831502515776	21.691183507803935	27.299231918700734	0.0
38.0	25.851232891494757	25.715264113954785	21.65033003003543	26.783129799823747	4.316469128253089E-5
39.0	23.00490237612542	27.60993375987751	21.94104978661523	27.443970224096088	1.438532857600927E-4
40.0	25.570842063960548	25.91053106377299	23.787118829733494	24.731421743087704	8.629944526716583E-5
41.0	23.50742646414822	24.95328483172544	21.895086210033238	29.63905386629589	0.005148627797211371
42.0	24.43704153323667	26.1088800278285	21.144931831525962	28.309117847070063	2.876033880254316E-5
43.0	25.482047953602155	25.86910404114795	22.850457654749825	25.794134300798614	0.0042560497014582435
44.0	28.445023733203595	25.294623540899664	23.30358200578062	22.956511937910673	2.587822054454677E-4
45.0	25.14286215343871	24.789562761456356	22.308805345518408	27.75462984924187	0.004139890344654496
46.0	24.77795169657064	24.621827239707528	22.399791872386725	28.200429191335108	0.0
47.0	25.123449497593096	24.664230876358488	23.51677358101705	26.69373515537577	0.0018108896555946573
48.0	22.417054400117934	24.640249498088547	23.537459555771907	29.405236546021612	0.0
49.0	22.32959452262387	25.787578984178094	24.918248385548385	26.962782237203452	0.001795870446193351
50.0	26.922277958676233	24.705190424158594	20.513324792333904	27.85912062950173	8.619532953480093E-5
51.0	24.27603679195904	27.34576317345298	22.058398530527914	26.31712984109638	0.002671662963684344
52.0	22.583725816762076	26.34663620441053	21.316838040745655	29.752799938081736	0.0
53.0	22.06875444715616	25.57940551582576	24.420873493368237	27.929449878287606	0.0015166653622390672
54.0	22.569934824930975	29.38769944868814	22.453113882605898	25.58918030614956	7.15376254287071E-5
55.0	23.310879314081962	28.92888377786888	22.58119384681771	25.177530493577937	0.0015125676535124176
56.0	25.936021070443594	26.10142576478091	25.310000042802905	22.652538854337433	1.4267635153740903E-5
57.0	22.398225614178653	27.979103859263482	23.36222830537423	26.25514942241442	0.005292798769217425
58.0	24.7293857594516	25.96802612366747	21.981462261217274	27.320883357003105	2.4249866055151614E-4
59.0	27.101446029875685	23.184104183643324	24.591394111784716	25.120103108738157	0.002952565958112646
60.0	23.595928460579977	23.57061197965056	24.082409274660037	28.751021807628064	2.8477481360420547E-5
61.0	24.612391705376837	24.627768043385192	23.078701650493276	27.67485992939129	0.006278671353412457
62.0	24.61320425668221	22.660511798412642	25.069010926433428	27.657130654518276	1.4236395344698722E-4
63.0	25.515137633159224	24.224355651776428	23.56750489958188	26.690282791324577	0.002719024157889035
64.0	24.532790814576625	22.31990704549775	23.739216473565566	29.408014626296584	7.10400634700343E-5
65.0	23.060328416257605	26.793440767213838	24.09839246970253	26.042524995482232	0.005313351343794858
66.0	24.12120838455258	24.564739970533513	23.49938906262275	27.814023303556677	6.392787344781347E-4
67.0	26.762105181812473	25.766339285739654	20.881621522873907	26.58922373246077	7.102771131951588E-4
68.0	22.997439402070697	23.402978680245155	26.97994619704473	26.619394235202837	2.4148543658152082E-4
69.0	22.66419889518458	25.474858986177733	25.168783353621897	26.68900539623783	0.0031533687779559637
70.0	24.78259661088672	23.44822578810767	24.99925549212821	26.769581762421723	3.403464556745539E-4
71.0	24.48877698967123	23.403483129523973	26.53994886461598	25.566942390022646	8.486261661714697E-4
72.0	26.451262170633104	26.51862262785264	22.26959626435847	24.75924611726292	0.0012728198928738208
73.0	25.314302425525785	23.27338364510207	23.02821205610112	28.38022709589395	0.0038747773770698595
74.0	24.376200620345553	26.350983792818443	23.556940071678405	25.71502708267197	8.484324856314423E-4
75.0	24.997896697369466	24.812579828288495	22.435459009919246	27.751731389235985	0.002333075186812158
76.0	26.391747417144156	24.191434765321667	26.065861056579916	23.349966998491603	9.89762462664746E-4
77.0	23.926469450897606	25.839767525016043	24.446930979288002	25.786139246045497	6.927987528491348E-4
78.0	26.584070996647817	26.404402086240513	21.076599637212446	25.934488994077487	4.3828582173643184E-4
79.0	27.188263623135704	21.438847659640885	23.164929307689828	28.20500458916121	0.0029548203723695735
80.0	23.516289693257797	23.601284191659484	28.499664729785497	24.380343877109155	0.002417508188071958
81.0	25.02996416175982	25.28520029122988	22.1672733955849	27.517138030239842	4.241211855600874E-4
82.0	22.28068506278743	22.633431863616256	24.682111544159298	30.402485061062716	0.0012864683742955703
83.0	25.144698288359518	22.605404661134653	24.63072125998589	27.61832759695312	8.481935668193461E-4
84.0	23.024611133461253	26.352272274287213	25.25444999475565	25.36756401147933	0.001102586016551795
85.0	25.038419784917053	27.65403252253169	21.20462564032975	26.102300098381786	6.219538397168414E-4
86.0	25.1550346014134	25.560733152209323	23.337999248308517	25.944550950561794	0.0016820475069582348
87.0	21.497945551096908	22.761640110305603	26.69647160591896	29.043108797451268	8.339352272614839E-4
88.0	24.90872286066908	27.51759819854149	25.325745467661775	22.247184373037147	7.491000905139052E-4
89.0	25.96697998206463	26.380200144020023	23.32809217281555	24.323837292706212	8.904083935831234E-4
90.0	23.401696010216597	26.19294310390419	24.659393824957988	25.745825729092044	1.4133182918578592E-4
91.0	26.219130781835055	25.190248706212692	24.67257832327879	23.917604071829683	4.3811684378364485E-4
92.0	24.826317417664796	24.5819132126236	23.330977476910274	27.260791892801322	0.0
93.0	25.688064448569097	26.282751901668615	21.399703850424963	26.62919715992614	2.8263941118296745E-4
94.0	27.10249812615102	23.853504012806614	23.360297351287613	25.67971540106021	0.003985108694546223
95.0	23.32331432689658	26.970472899930048	24.501402519589348	25.202351428308994	0.002458825275028086
96.0	25.485025590879417	24.648298510331028	24.30343632802675	25.562462376744094	7.77194018714832E-4
97.0	25.34301703512325	25.19347432522791	23.218473378486763	26.244879826048322	1.5543511375306843E-4
98.0	27.16983974087695	23.743761746511744	24.365202644416126	24.721195868195185	0.0
99.0	21.16598362305882	22.825631957201427	27.099160018122824	28.909196146512322	2.825510460251637E-5
100.0	22.902860097434452	24.939631466934518	24.53661420576512	27.62089422986591	0.0
101.0	22.847413667060092	23.121017623637755	28.899912344457324	25.131500972263133	1.5539258169941565E-4
102.0	25.067302191325158	24.88907307436184	24.554049244306565	25.489575490006438	0.0
103.0	26.017410357653826	25.79321088737947	25.05434731928474	23.13493253246216	9.890321980844991E-5
104.0	24.78602203742004	27.757114772554193	23.35888531674164	24.097582258839793	3.9561444433549345E-4
105.0	27.359266534284345	23.682640200752385	21.338051543759434	27.617229786107828	0.0028119350960162793
106.0	26.17704651552519	23.274464404659664	24.56034821150763	25.98808434780569	5.6520501822927485E-5
107.0	24.809044567195006	25.40345941045442	23.001156980230732	26.78574557399954	5.934681203055965E-4
108.0	23.588340960893078	25.000173091370907	24.590151425983233	26.82124974230581	8.477944697518943E-5
109.0	25.240457947853855	25.02787462600101	25.91175213448774	23.81926531938719	6.499722702047766E-4
110.0	23.947029385824482	24.558034226896535	23.751207724690484	27.74368627388921	4.2388699285806935E-5
111.0	24.608967984081485	24.60953319197484	24.288071202629574	26.492763502039413	6.641192746913188E-4
112.0	25.037387413864824	24.641032785625146	23.736853647067335	26.58466963429853	5.65191441645114E-5
113.0	28.159770267117885	22.115802655678884	23.244883705782193	26.478766253941927	7.771174791100224E-4
114.0	26.510242929761635	22.465492353550918	27.754790263819167	23.269121209415154	3.5324345312713715E-4
115.0	26.53544995018115	24.03629745702727	25.806389162991078	23.621255796713665	6.076330868368445E-4
116.0	26.234039862278784	25.29048139541292	25.04994266326485	23.42546542379372	7.065524972038184E-5
117.0	25.54007640734285	27.06344692219155	23.635078982752177	23.760719390606575	6.782971068508714E-4
118.0	25.773926029302434	24.761068607256043	25.363249339761833	24.10141687838518	3.3914529450741477E-4
119.0	26.44554603895846	21.98565684939918	24.861649460905948	26.7067237068971	4.2394383931171873E-4
120.0	25.09938878002313	24.325037380751482	25.023927779017402	25.55156127256641	8.478764157946375E-5
121.0	27.01657474178364	24.13851334641903	24.21020203690279	24.63404569818397	6.641767105729867E-4
122.0	26.7046520024617	24.330780487012138	24.32046452900233	24.64362251224667	4.804692771693011E-4
123.0	23.79917236342753	27.871758159641953	23.566940096114823	24.76149347646928	6.35904346420339E-4
124.0	25.153846371249227	25.139079267551658	22.90372131013179	26.803240001469646	1.1304959768474423E-4
125.0	26.30417383105938	23.81968396408251	24.895317906855546	24.97999057182876	8.33726173801667E-4
126.0	23.389836591988118	25.04511320482229	25.403277430170977	26.161645594054356	1.2717896426016746E-4
127.0	25.709223616378413	23.60144203173182	27.89445675247242	22.794058006280345	8.195931370096889E-4
128.0	25.667666164586063	23.60943244542929	25.12942388759047	25.585253159271186	0.008224343122986573
129.0	24.572907013320876	26.804937199730606	22.56489803947171	26.05423368014016	0.0030240673366530245
130.0	26.379954380365326	24.486404622503247	23.977836562098002	25.155776171831224	2.8263202201025133E-5
131.0	25.141960222591592	25.251509338666455	24.797909296384343	24.808084136886652	5.370054709552111E-4
132.0	26.062640168789013	26.387259425489912	21.913446170238924	25.63146790196558	0.005186333516574363
133.0	26.990218188976524	25.348356633419993	24.676861358419526	22.98272670013709	0.0018371190468687223
134.0	25.4887003414204	23.860565943880435	21.654475772718023	28.996187283785922	7.06581952201144E-5
135.0	26.16829574912356	24.760597797516695	25.813735731396974	23.257003302255278	3.6741970748869194E-4
136.0	27.4865871090689	26.443515353900356	24.06597312263689	21.99854018002562	0.0053842343682321695
137.0	28.214435008376014	21.57795232949858	24.361524997039353	25.84588981761006	1.97847475989089E-4
138.0	24.940181583445632	24.46967504454232	27.328509234052945	23.260475359277915	0.001158778681185504
139.0	25.535034940754535	24.25822878757539	25.309284782517455	24.89632097192827	0.0011305172243484582
140.0	26.325406451760603	21.902615504908567	25.404006980483164	26.367702560984903	2.6850186276700214E-4
141.0	25.16935691291064	25.51900884375468	25.45826985746547	23.85303935174063	3.2503412858350125E-4
142.0	28.4727966330563	23.09125193556725	23.909330730766463	24.526338058682402	2.826419275840291E-4
143.0	26.3002716617494	25.952296462490033	24.135485203034055	23.611833615763757	1.1305696276143893E-4
144.0	27.23311078845668	26.024791316481878	23.041026135291194	23.70049233849621	5.794212740314972E-4
145.0	27.477342393078562	22.307903205063884	23.627746788788563	26.58623033667374	7.772763952464602E-4
146.0	26.618772342264236	21.99191774443029	25.49863305443263	25.886507833880607	0.004169024992244907
147.0	25.884569499194054	24.8274133095464	27.093107357471304	22.191362709177895	0.003547124610346242
148.0	24.21429128641589	24.560219625914637	23.79815410670839	27.426812089035213	5.228919258703183E-4
149.0	27.109021082049345	25.74437971007324	24.16297515872483	22.981546582248964	0.0020774669036203747
150.0	25.253945529295212	24.21310592687963	24.716347288548317	25.81660125527684	0.0
151.0	26.684508500169457	24.3985801156836	25.537382061438436	23.37902052517516	5.087975333495584E-4
152.0	27.245637283390582	24.30601881898542	23.274530599507475	25.173643696589654	1.6960152686601253E-4
153.0	24.382744839976954	23.59099669331126	25.813372500267125	26.212249956044616	6.360104000420615E-4
154.0	22.396056676442527	24.806049256210027	25.142277658033287	27.65274725274725	0.002869156566905763
155.0	26.813856893113496	24.65490009981466	23.992640205956622	24.538447304544697	1.5549657052313712E-4
156.0	25.736254347268623	23.705220058518666	26.28208553541697	24.276199741531716	2.403172640247035E-4
157.0	24.440308740581575	23.22331387212146	26.696320275943965	25.639717835988634	3.392753643676049E-4
158.0	24.389194336486955	21.84175571392462	26.447007339224392	27.321929516529515	1.130938345199704E-4
159.0	26.21143531033695	21.933789619310247	25.067935378053203	26.78633076011566	5.089321839382699E-4
160.0	25.634255800260263	21.84587632473117	26.26739830680396	26.25242715701541	4.241118920267671E-5
161.0	24.274981893720984	21.29763527684193	29.234596727255607	25.189407300163296	0.003378802018176824
162.0	24.66674649661286	23.88748558148175	25.47084706029051	25.974892586545394	2.8275069489517655E-5
163.0	25.059969583647725	24.562017392769775	26.62332824226312	23.754642367515892	4.241380348751741E-5
164.0	25.335583564209625	24.398180587389998	24.54639100631524	25.718317919902184	0.0015269221829558159
165.0	26.194209475290958	22.605275198097047	27.087689225025013	24.112288831743488	5.372698434961224E-4
166.0	24.736011542067565	23.196074746877475	25.84029297441394	26.2274934843281	1.2725231291683085E-4
167.0	26.03967328613932	24.105370112349956	26.566795327051796	23.287821925505554	3.3934895337713007E-4
168.0	25.8524849089873	24.757744881640363	23.910923079316014	25.478762289507063	8.48405492577159E-5
169.0	25.84174953244386	22.240414780911095	25.866085359504222	26.051552359924763	1.9796721606339928E-4
170.0	30.86586684397349	23.622113048935383	23.530424079864996	21.98145461919241	1.4140803372977547E-4
171.0	25.315041784266	23.6862777039858	27.011003465795476	23.98702656412245	6.504818302748667E-4
172.0	27.248029055395683	24.669928188554703	24.075106897192786	24.006780346326405	1.5551253042213876E-4
173.0	28.596754779655324	19.815314180499442	23.76716602920964	27.819252304897006	0.0015127057385835249
174.0	23.31920188889255	26.341856921846517	24.420744849223517	25.917786350486494	4.099895509214798E-4
175.0	25.783007330642366	24.078198231314637	23.303751564035316	26.833600780427112	0.0014420935805628406
176.0	24.067260248677815	25.20443911194008	28.393347100695827	22.333765884520993	0.0011876541652869614
177.0	21.439376286018412	26.282992487786004	25.221274350217808	27.031286940331007	0.02506993564676192
178.0	25.416473853061255	23.563922146143028	23.94229631354525	27.07698250206811	3.2518518235748797E-4
179.0	27.962791350069153	24.648171310913767	22.977110526737	24.410937040021015	9.89772259059032E-4
180.0	26.579094834643584	22.51260836202645	25.63133953205778	25.27673045755273	2.2681371945155876E-4
181.0	27.25186650736487	22.845098878569296	26.54929162522619	23.353104077884666	6.389109549802044E-4
182.0	25.14315571534848	22.914751287837205	25.984481652178985	25.957483593569354	1.2775106597618635E-4
183.0	23.278458605471194	25.058037938655954	26.531109953396463	25.13198183555184	4.1166692454996993E-4
184.0	25.837586504975395	22.281830430869913	26.71334401577295	25.163860266648342	0.0033787817333973697
185.0	24.54941619681392	24.787159154771828	25.18158988260909	25.481465687890964	3.690779141930757E-4
186.0	26.374555859867222	23.672420636836048	25.555696890437012	24.39732661285972	0.0
187.0	24.087336259448016	23.18738460448737	28.052098856004747	24.672639794182977	5.404858768906872E-4
188.0	26.74869559774909	28.1335525829156	22.946981809491838	22.170300595729184	4.694141142866897E-4
189.0	24.643491605743055	24.22044996221674	25.17856004807123	25.956758651456248	7.397325127233992E-4
190.0	28.911252988366353	21.797233829815205	24.64498122329961	24.646247419946494	2.8453857233340406E-4
191.0	26.190764260092376	24.269443747343118	24.774221112180395	24.765228861334503	3.420190496060154E-4
192.0	26.375348492116903	24.090286287289477	24.361925577675297	25.17238263572202	5.7007196303425356E-5
193.0	27.5901621304798	25.037359683812493	21.591687876590175	25.780704785232423	8.55238851106337E-5
194.0	27.702626322986738	23.99319581365493	24.47318945023252	23.830988413125816	0.0
195.0	26.270928237021607	21.82372197871401	24.8014338366808	27.103388424343688	5.275232398937597E-4
196.0	27.14824415304974	22.828490555006226	26.75562894982831	23.267564866564438	7.14755512873533E-5
197.0	24.90552716485413	24.79181661503724	24.178383013962964	26.12370129340925	5.719127364108529E-4
198.0	26.83667681695394	23.62776327964089	24.914376645363475	24.62112596573347	5.729230822115976E-5
199.0	25.195748814569978	23.33083874879218	25.51846595394463	25.954501533781954	4.4494891125307373E-4
200.0	27.16683947284522	23.620463371286576	24.365082634751857	24.847585811796918	2.8709319432663655E-5
201.0	24.213391131753497	21.789598610012693	29.18140709656682	24.815330401206236	2.72760460758455E-4
202.0	24.89360602427801	25.481432560677085	28.210490800628847	21.414456257223463	1.435719259456006E-5
203.0	25.25420291828196	25.176838373733222	23.133492399547446	26.434805686746405	6.60621690967492E-4
204.0	26.160676082749728	23.67236144499057	23.84043704827527	26.326453609079586	7.181490483878775E-5
205.0	27.18219397401066	24.69245643857072	25.300476401287142	22.824154978799957	7.182073315178967E-4
206.0	25.013443051813393	21.495795409896356	26.016726417554192	27.473963290376386	7.183035967616E-5
207.0	25.295506168184765	23.95229370031312	27.48247596408061	23.26952300597277	2.0116144873026895E-4
208.0	28.015092059666895	22.119729305258222	22.408716407476987	27.456447855850218	1.4371747673501487E-5
209.0	26.737796801012674	21.18305980804811	25.28239570861734	26.796158317256364	5.893650655151144E-4
210.0	24.44678030327537	25.117546560342436	24.97185970642079	25.463554635589485	2.587943719125292E-4
211.0	24.669553915583855	25.78384809885546	25.676586605027023	23.869205984495263	8.053960384007077E-4
212.0	27.956091119086242	22.87080834390177	24.868970054121345	24.303929042244693	2.0144064594533075E-4
213.0	29.134045439185613	23.512479945656924	23.035250290727685	24.317907572712876	3.1675171690228915E-4
214.0	27.367459706883434	25.767118603574467	24.373915049540816	22.49143459215805	7.204784322619867E-5
215.0	25.079236155660737	25.506358966863935	23.348460870351364	26.065597398587396	3.466085365638789E-4
216.0	25.44126838673067	24.503110100206385	26.414593729189416	23.64102778387353	0.0
217.0	28.078895365903193	23.27981217296736	25.99473816842721	22.64587679101621	6.775016860218588E-4
218.0	24.482976312603945	24.59990202837008	25.636525253006525	25.280417734353943	1.786716655028193E-4
219.0	26.21892879803228	23.226737644611124	25.220624830986697	25.333107456156505	6.012702133892956E-4
220.0	28.237783201049123	22.263676213969323	24.777776736262407	24.720506829602677	2.5701911647713267E-4
221.0	24.874296513032963	22.92545438088728	24.736562854181518	27.463518637090473	1.6761480776257697E-4
222.0	25.325546563717566	25.050558849730077	24.68537861967054	24.938346345121378	1.6962176043640285E-4
223.0	29.986961417557055	22.86387729288518	24.644043891621443	22.504337485121212	7.799128151062249E-4
224.0	29.274742968359597	23.3147765667963	24.955431363830787	22.454986499118956	6.260189436462443E-5
225.0	30.29674144478605	20.03929139992548	23.75751188076462	25.90539973170307	0.0010555428207727677
226.0	24.878827919858825	23.082655353338964	25.621121528651532	26.41726762341341	1.2757473726780202E-4
227.0	26.44054178792724	23.882313739644726	25.969787718964238	23.706034863399587	0.0013218900642067797
228.0	26.53010009452913	28.126930685717966	23.592239824825253	21.750680760493406	4.863443424940613E-5
229.0	27.83538528925736	24.911787504555527	22.080027834289837	25.172783021868	1.635002927472742E-5
230.0	25.2344785808894	23.434730026172012	27.852488073006544	23.47828682739088	1.6492541165795065E-5
231.0	25.307219398642484	24.67289685227788	24.325847217521524	25.692497360405124	0.0015391711529880916
232.0	24.84941991748309	25.016648944771227	24.919528699553528	25.21430158643181	1.008517603506683E-4
233.0	22.70645466438837	25.110515279405643	22.86208864513818	29.320464685166808	4.76725900994927E-4
234.0	26.544709602847167	21.681669087918877	26.958441831210607	24.814089525259828	0.0010899527635233293
235.0	25.01708617409054	22.6192723629929	26.945707246658795	25.41770634217397	2.2787408379280636E-4
236.0	28.193682051019582	23.991756909879054	23.510684881649528	24.303751757592302	1.2439985953478718E-4
237.0	27.541740710079704	24.828951850883083	22.76082382117044	24.86833980061536	1.4381725141862238E-4
238.0	27.128009210820853	22.708993485033602	24.207941103871853	25.955001469520717	5.4730752972928894E-5
239.0	26.997228028045832	23.949559745630808	24.30678466076696	24.745111990631624	0.0013155749247713495
240.0	25.35366031424538	22.14538068495673	26.448685785306576	26.052119775363654	1.534401276621862E-4
241.0	29.035518062230103	21.33896821326314	23.62647881514674	25.996423442447202	0.0026114669128102243
242.0	26.084822896245473	24.530268045338346	21.74226103463473	27.64170541463549	9.426091459634109E-4
243.0	27.580827056798224	23.010365680863494	25.41257414729407	23.993630610084995	0.002602504959217783
244.0	26.379037939492072	23.01916475281852	26.248144827742077	24.352763890345724	8.885896016085789E-4
245.0	28.955847609825607	21.215957936135204	23.305257344525028	26.52121489364543	0.0017222158687292236
246.0	24.309382092128647	26.844169077025327	23.615706616112288	25.2280868306712	0.0026553840625399157
247.0	25.42259138638247	23.545018031446098	24.725295210074307	26.162315636910442	0.14477973518667964
248.0	25.949599879936763	23.58146142774161	23.14432705100899	27.314561011019535	0.010050630293105151
249.0	25.516786520718053	21.517990585059074	28.778015064061446	24.171240720457828	0.015967109703596636
250.0	25.97529611205878	22.721095929583548	25.079718157613517	26.22267876839573	0.0012110323484319768
