# Position (bp)	A	C	G	T	N
0.0	24.6164354093273	23.378004509763155	24.55798698039321	27.44754730685838	2.579365795855578E-5
1.0	23.461656037581264	29.808743366256735	23.799107197997422	22.859086735807185	0.07140666235739253
2.0	24.857216323941365	26.39319298584173	22.25369815879885	26.495097007701695	7.955237163583285E-4
3.0	26.10898310346834	21.974643537711795	23.982707377770165	27.9274618439157	0.00620413713399116
4.0	26.01562319917018	23.38016878177464	23.902726376314206	26.701276748325633	2.048944153465917E-4
5.0	28.40668293844475	23.315498830258143	22.301134292810673	25.975942219586134	7.417189003019819E-4
6.0	26.65344763050564	23.49196006509771	23.83034253916816	26.018479415938522	0.00577034928996618
7.0	25.99206778944096	25.27187505175812	22.886631562451825	25.848814054256525	6.115420925696362E-4
8.0	27.786101580018258	24.46664332382995	23.488229001371053	24.25889886274921	1.2723203152911527E-4
9.0	26.497325204848337	25.13629250353765	21.92694472885901	26.439158157725156	2.794050298493473E-4
10.0	24.852241866356565	24.75526310247296	22.716197052119615	27.67627260522462	2.5373826238515488E-5
11.0	27.419465162959316	22.404734335793965	22.798876845167122	27.376776027946992	1.4762813260746222E-4
12.0	28.36550236731563	23.779427596309876	20.041726896370925	27.813270318194895	7.282180867526206E-5
13.0	25.38499321094469	23.06423099304578	24.761374788502202	26.789232961583743	1.6804592358999866E-4
14.0	26.3889215756892	21.88318284330471	23.386942063062467	28.34081088463319	1.42633310440687E-4
15.0	25.91137648170226	22.982690509943453	24.14208091945321	26.963805124349214	4.6964551860723805E-5
16.0	26.55428970437611	24.550641867425806	21.38230701840495	27.51269195364404	6.94561490917914E-5
17.0	28.628271208499473	26.65583170213913	18.92489200467383	25.790118339549267	8.86745138306094E-4
18.0	26.07162619516401	25.9708453467762	19.25309290418392	28.704187213971693	2.483399041814344E-4
19.0	25.15134967346447	24.503799986129227	21.719949068671777	28.624497268602155	4.0400313237095296E-4
20.0	23.585846075502552	24.57060184746497	23.830674981767704	28.01276561684466	1.1147842011891179E-4
21.0	24.142780778846504	24.282117430140765	23.339342848953095	28.235559731597103	1.9921046253349223E-4
22.0	23.26447698146571	26.910309857968972	25.378628071323377	24.44649737786849	8.771137344608337E-5
23.0	25.801868505686876	23.866660114338135	22.43200594077787	27.899203346055774	2.620931413501073E-4
24.0	28.581693856745872	21.16285906056818	24.29123411688897	25.964126443223563	8.652257341494431E-5
25.0	25.525460376069812	24.335699535170285	20.088991426921964	30.049698599208224	1.5006262971038558E-4
26.0	26.583212551216878	24.64194038496154	19.629937528844817	29.14480289979449	1.0663518227364977E-4
27.0	25.92461930694565	24.16464136784377	19.96498513315054	29.9457116363152	4.255574483405175E-5
28.0	27.57617476139264	23.385828181633368	22.60073333382489	26.434651445232227	0.0026122779168768952
29.0	27.930119499419753	23.605725099060106	21.78720112076446	26.676598814415204	3.554663404740248E-4
30.0	23.98968632386514	24.289750384352534	24.30982253187908	27.41042908059383	3.116793094183877E-4
31.0	26.758669796188055	24.597731965843366	21.788672075889654	26.854512423132476	4.1373894644687197E-4
32.0	24.9201063854641	22.245550570188545	24.313009184742892	28.521128925361722	2.0493424274952896E-4
33.0	24.082784972635203	24.64490665952758	24.118683204190965	27.153523756212472	1.0140743377334019E-4
34.0	26.900023950959056	26.49768403677629	21.865435830031448	24.736755632447093	1.0054978612054994E-4
35.0	25.70427517072207	21.96734386370651	25.60324583360944	26.724876439548655	2.5869241332759436E-4
36.0	24.460471273876475	24.274165346063608	25.7176336940364	25.547471231529702	2.584544938178679E-4
37.0	25.75737762778369	24.87657748501461	21.304270234197727	28.061754779802943	1.9873201028159926E-5
38.0	27.4261776900963	24.79638890047821	21.142117507753255	26.635236432052483	7.946961975773686E-5
39.0	23.451544428424135	27.71575231384697	20.802148182738545	28.03043589923372	1.1917575663198189E-4
40.0	26.78391166409318	26.139107207578462	22.18994801725807	24.886933812613883	9.929845640549517E-5
41.0	25.20724748650121	24.4878085976035	21.044605171397663	29.255434066030077	0.004904678467548105
42.0	24.78106314323994	25.58251459512863	20.064340870410504	29.572001972754702	7.941846622292923E-5
43.0	26.267690130689786	25.425289720308932	22.09124303789829	26.211886116135872	0.003890994967117122
44.0	28.68437793703299	24.628510917450953	22.3483957535031	24.33851690192704	1.9849008591643367E-4
45.0	25.946031549467506	24.106598525405325	21.321213333587355	28.622147815097765	0.004008776442048175
46.0	25.833041302719796	24.08577881687319	22.170064606564317	27.911115273842697	0.0
47.0	26.005150379453084	24.264124505929246	22.334924663944587	27.393935377598925	0.0018650730741582816
48.0	22.82210774297783	23.386035039534214	22.36534111125788	31.426476439132227	3.966709784802027E-5
49.0	22.81868040881367	25.988701797459342	23.506686802600747	27.684185788697636	0.001745202428607834
50.0	27.70436415238165	24.334161178326696	19.71877991882307	28.242595599439362	9.91510292273438E-5
51.0	25.192894564453628	26.76711961564633	20.640015797963713	27.397412369678698	0.0025576522576336996
52.0	23.451341004052882	25.31834092906184	21.335643875260022	29.89467419162526	0.0
53.0	22.901479691490515	25.039983522779895	23.442498866006275	28.614398886563304	0.0016390331600105135
54.0	23.650837531026067	27.780537844396747	22.32502483072652	26.24346157111856	1.382227321105229E-4
55.0	24.68454724758461	27.27081460211544	22.217522727648813	25.825578838957362	0.0015365836937738415
56.0	27.41249421644301	24.905055119341693	24.402877901897874	23.27953336814465	3.9394172774569014E-5
57.0	23.355433543975966	27.367346544879172	22.60901967472828	26.66321744771715	0.004982788699429126
58.0	25.514507425724055	24.85021143493369	21.258003394144097	28.377080823400924	1.9692179723435153E-4
59.0	28.148963464039483	21.98117823574757	24.093965083550007	25.773175983200407	0.0027172334625331905
60.0	24.455012422814566	22.544989936694375	23.023006785161208	29.97691220503189	7.865029796665385E-5
61.0	25.78996540159745	23.165240696592182	22.868840243773448	28.169839268223534	0.0061143898133872495
62.0	25.556300413035487	21.87599892268707	24.48006872784677	28.087455005475032	1.769309556434094E-4
63.0	27.255326643952866	23.451662136224638	21.687679425555153	27.602697663958885	0.0026341303084605906
64.0	25.88600007180245	21.106095184547012	23.162332983280034	29.845552142214366	1.9618156132665035E-5
65.0	24.92562114460364	25.685818457725723	23.25473279419493	26.128923610899967	0.00490399257574756
66.0	24.87482743780994	23.435249801791315	23.194574829124694	28.494759483908123	5.884473659330559E-4
67.0	27.174139025333606	24.095247958036484	21.272313320482557	27.457927039276463	3.726568708904773E-4
68.0	24.201031812418424	21.950755031335838	26.52248227277229	27.32549553374866	2.3534972478791557E-4
69.0	23.42259870120243	24.60074937568369	24.578647774209884	27.395062498308555	0.0029416505954489133
70.0	27.06383521853582	22.96193659995619	23.605321777744543	26.36859318758732	3.1321617612772016E-4
71.0	24.580266709587516	22.780970254718184	25.660313378198385	26.977765997115732	6.836603801815841E-4
72.0	28.364059228246873	25.0905409842117	21.66335257595765	24.880445666913474	0.0016015446703034754
73.0	26.018333051145188	21.93689648108451	22.562670667684497	29.478018324458567	0.004081475627243713
74.0	25.13110095906385	25.274034980563314	23.530337550798205	26.063706396336517	8.201132381116775E-4
75.0	26.47251436685104	24.59256172786474	21.589639934456855	27.34288233631006	0.002401634517306608
76.0	26.97232878381291	23.750847372909682	24.667669716688483	24.608099791632174	0.0010543349567488371
77.0	24.6017952404418	24.292911268046705	23.708743558165306	27.395905652258456	6.442810877339033E-4
78.0	27.986398095827127	25.949763227847907	19.63231205819972	26.430999503340736	5.271147845154761E-4
79.0	27.924981507753078	20.406050503112105	22.0071110961876	29.6590457200185	0.0028111729287170492
80.0	24.325768878715408	22.76691900168798	27.94621260287814	24.958639870052572	0.0024596466659001417
81.0	25.58003392616277	24.867233143791882	21.441803357089455	28.110441567162287	4.880057936047817E-4
82.0	23.281648259112977	22.06554340964553	23.310341946774965	31.341178096449045	0.0012882880174769932
83.0	25.887189424657553	21.91163766265351	23.710004891365237	28.490348239440333	8.197818833668988E-4
84.0	23.64112121515525	25.347020341390607	24.628241632838517	26.382465296990006	0.001151513625626526
85.0	25.56845260283084	26.579928407466202	20.997022247081283	26.854011262299476	5.854803222015308E-4
86.0	25.971633494871384	24.470369805883085	22.41037429041292	27.145885580480233	0.0017368283523763227
87.0	23.006816866426963	21.625510621034604	24.978876573231847	30.38811296476905	6.829745375384271E-4
88.0	24.410884916554306	26.822156182864415	25.755577192876334	23.01067925360349	7.024541014538848E-4
89.0	26.76234803610334	26.087937209003748	22.01632135078846	25.132417806912144	9.755971923093284E-4
90.0	24.64310298270068	25.172283001462553	24.695782949172806	25.488694488973106	1.3657769085366519E-4
91.0	26.929969261745356	24.97682680929893	23.55553127624726	24.537184898747157	4.877539612937967E-4
92.0	26.029544053000514	23.964359381697076	22.39755185348266	27.60854471181975	0.0
93.0	27.328845637625786	25.92252930931156	20.537411510225486	26.21084288461058	3.7065822658376407E-4
94.0	28.051649305809562	23.20797114892609	22.850551491781317	25.88561439526104	0.00421365822198839
95.0	24.230155667905866	26.22680986714721	23.155118205158917	26.385614461225032	0.002301798562975453
96.0	26.553075351060322	23.979071848210626	23.542220184083938	25.924442763478844	0.0011898531662675456
97.0	25.718582349883505	25.158403607613515	23.387072393154977	25.73574660103941	1.9504830858982998E-4
98.0	28.999982251448603	22.482304596738285	23.773053369113892	24.744601270991318	5.851170790019229E-5
99.0	23.118473839587324	21.820081507596072	26.192510263525886	28.868895388574856	3.900071585813957E-5
100.0	22.88333147115446	24.843806090826362	24.004655642177745	28.268206795841433	0.0
101.0	24.010482837580362	21.484552613456184	28.022775077972	26.482150475241205	3.8995750243138504E-5
102.0	25.594760128461868	23.610874410387705	24.506714609125314	26.287631352652014	1.949937309515499E-5
103.0	25.885486652093448	25.26412329471145	24.981185577663208	23.86906799785691	1.3647767498192645E-4
104.0	26.616629717674083	26.34539532237647	22.52335331652871	24.514192721864063	4.289215566811064E-4
105.0	27.590057243573746	22.823418392812577	20.482183522585476	29.101123814574493	0.003217026453706014
106.0	26.06876775300586	23.048799770562294	24.73817332256333	26.144181166884152	7.798698436224487E-5
107.0	26.659811690931058	23.695073678316422	22.276857964551823	27.367613281106063	6.43385094639023E-4
108.0	24.043264393799245	24.344448016194125	24.494552475251773	27.117579162070122	1.5595268473521476E-4
109.0	26.942034898238326	24.042853915452753	24.84282693780502	24.171524040222426	7.602082814751082E-4
110.0	24.985795728641598	23.521240331593475	22.815733908144217	28.677113083931992	1.1694768871409974E-4
111.0	25.240512151813366	23.19892174462188	23.981436543345595	27.578466858070637	6.627021485193479E-4
112.0	26.326957368461983	23.435778465609218	23.398591130118838	26.8384976238501	1.7541195986028632E-4
113.0	28.596091045233397	21.5450903412754	22.214532561760038	27.643564943048005	7.211086831619953E-4
114.0	26.3357033433513	22.48279988617715	26.693933476001703	24.487153999976613	4.0929449323494674E-4
115.0	27.620623263563353	22.767761600381096	26.128579052478152	23.482412360017914	6.237235594812023E-4
116.0	27.18706041514839	24.36940983531788	24.401316739664026	24.042096063366294	1.169465034067491E-4
117.0	26.51886826102558	26.185765377453908	24.002664823068574	23.291980367785346	7.211706665975382E-4
118.0	27.239069898348706	24.359219495499435	24.471604471931922	23.929716314669356	3.8981955058093833E-4
119.0	27.582731412305733	20.53081189852565	24.478210582245303	27.407719844273032	5.262626502820963E-4
120.0	25.452598489532207	23.202548008067676	24.507133284320183	26.837622763515196	9.745456473283026E-5
121.0	28.0555895567945	23.310935396173342	23.457021611014216	25.175810227867206	6.432081507336861E-4
122.0	26.966639690885618	23.70510403607582	24.246139968439895	25.081629025316694	4.87279281976436E-4
123.0	24.74192463807663	27.990273994630233	22.285357878990173	24.981780794550318	6.626937526495568E-4
124.0	24.973365490954013	24.755903934110922	22.336519858838077	27.93403529671798	1.754193790076019E-4
125.0	27.016460849203156	23.856731710416604	23.640480115573272	25.48550870678233	8.186180246435212E-4
126.0	24.688775571859658	23.42251559386903	24.38241417768337	27.506119236525105	1.754200628315683E-4
127.0	26.264553482067072	22.95697714419922	27.18812157145934	23.5893537752076	9.940270667723064E-4
128.0	27.059562120791885	23.225677811512234	24.04690841779888	25.65919767948851	0.008653970408488844
129.0	24.557271460193853	26.269070037638677	21.819925712783252	27.35061426215548	0.00311852722873832
130.0	26.433153359372092	24.351995309671054	23.078858689222244	26.135973150673504	1.949106110701041E-5
131.0	26.533132574151768	23.782088577679673	24.125113901598763	25.558904790445425	7.601561243732366E-4
132.0	26.36251987847694	24.7147819853197	22.153652562328123	26.763276210791474	0.0057693630837557545
133.0	27.157102371290353	25.537448299789105	23.88814822611265	23.415274025736082	0.0020270770718092052
134.0	27.061427068950593	22.488856992943475	20.800156395817073	29.64946208726824	9.745502060978776E-5
135.0	26.513680982826727	22.79348433483953	26.20747832266432	24.484771631483245	5.847281861790138E-4
136.0	28.05010256278316	25.83217750417307	24.664127350933125	21.447628269749085	0.005964312361563632
137.0	28.897934632461336	21.3462439189259	23.90846681208553	25.847159722496997	1.9491403024325077E-4
138.0	25.617581470080697	23.850017014552215	26.267545160675454	24.26347258240364	0.001383772287991468
139.0	26.485325321243998	23.302909248315064	24.794008395776736	25.41647071388659	0.0012863207776081958
140.0	27.35768284694529	21.259903444160177	25.156263490522257	26.225799403888235	3.508144840386231E-4
141.0	26.458744083828574	25.26327011576245	24.790717019317647	23.48689847222255	3.7030886878046767E-4
142.0	28.967450780524455	22.427748255891576	23.05234323001377	25.552126404130316	3.3132943988758187E-4
143.0	27.073881924804255	24.78921129816917	23.787700632000668	24.349050225411037	1.5591961486295932E-4
144.0	28.861484621107188	24.714554036178544	22.24696155457079	24.176142227253248	8.575608902339601E-4
145.0	28.978197391701265	21.72998880888055	22.162704298348775	27.12817398429189	9.355167775189081E-4
146.0	28.20826111437787	21.066093085905166	24.29994957910146	26.421155026429556	0.0045411941859461145
147.0	26.67041521142572	24.10892478483223	26.089852033179493	23.127007452912558	0.003800517649993763
148.0	25.01224457657348	24.2463470427764	23.382590346264738	27.358135885272656	6.821491127286491E-4
149.0	28.32494802956731	24.080816215476645	23.765193043894502	23.826859816457542	0.00218289460400148
150.0	25.75490026397731	23.741663976998268	25.036544407594686	25.466852370728297	3.898070143433389E-5
151.0	26.939071453631154	23.557712548239973	25.184871165165866	24.317799087825986	5.457451370210112E-4
152.0	27.731275227592867	24.02240854428079	22.806786728032492	25.439315097836623	2.144022572269641E-4
153.0	25.602854767151623	22.701406060142997	24.257529374295636	27.4374301482154	7.796501943473021E-4
154.0	23.354910514148937	24.164454372156666	24.772182394423847	27.70595779682755	0.0024949224429968698
155.0	27.711163264267764	23.165339217425835	23.62150064242734	25.50172395878718	2.7291709188124286E-4
156.0	26.504275958545165	22.727037910594465	25.414178961180582	25.3542732391022	2.339305775921409E-4
157.0	25.387404598754298	22.29152086399657	26.255475519772304	26.065209127328377	3.89890148450674E-4
158.0	25.333480713044874	20.83504642753334	25.761193791259252	28.070045132112458	2.3393605007167214E-4
159.0	27.52447283064493	21.318138805505182	23.675043853612568	27.481642696477635	7.01813759682593E-4
160.0	27.411305561777745	20.622993344566414	25.323418903193744	26.642184714941614	9.747552048516297E-5
161.0	24.88002066508429	20.26500046301486	27.97951037396979	26.871549930060386	0.003918567870667765
162.0	25.63236754861985	23.289744187111975	24.26813612290872	26.809713149950237	3.89914092177641E-5
163.0	25.63082764727695	23.46412140339631	27.127528701278596	23.777463759554582	5.848849355866221E-5
164.0	25.751439046131363	23.389656492806136	24.561091904765988	26.29596037661247	0.001852179684045441
165.0	27.039368669424725	21.802671370918606	25.66069218091639	25.496546387320514	7.213914197704533E-4
166.0	25.54624280217883	23.216501140908154	25.19549860406188	26.041542978106612	2.1447474452645831E-4
167.0	27.383039387786816	22.72358667576844	25.825150414210622	24.067697070059673	5.264521744522119E-4
168.0	26.213128617381525	23.48981785643742	23.88790409428654	26.408915447036847	2.3398485766993587E-4
169.0	27.30236474365174	22.15422312422587	25.09780950390146	25.44531013568534	2.9249253559049176E-4
170.0	31.542322240816567	22.27778858945104	22.426300680043415	23.75339348957003	1.9500011895007255E-4
171.0	25.43751233404133	23.184409615755126	26.305789842756084	25.07144968764162	8.385198058378139E-4
172.0	27.73637277913375	24.028796925249896	23.75520156794785	24.479433748080915	1.9497958758697554E-4
173.0	28.663169536718986	20.19244547407478	22.617353586195833	28.52556922915559	0.0014621738548108152
174.0	25.010990724900452	25.00151579398849	23.517792302106027	26.46925277692484	4.484020801957373E-4
175.0	25.97186540955963	24.393917800110778	22.638630208509007	26.99385139509987	0.001735186720713509
176.0	25.05559150630024	23.694040727005298	27.51532434341581	23.73371761094076	0.0013258123378926331
177.0	23.421266403117045	25.901920386799432	23.47947116923918	27.173124178357345	0.024217862486998986
178.0	25.353160895055776	22.921965631801726	23.389642667525614	28.33484084727808	3.899583388008742E-4
179.0	28.9380329251697	23.438675131136957	22.606527511315868	25.015340991186953	0.0014234411905272133
180.0	26.720454418436866	21.808915390204163	25.446740706898314	26.02361590792821	2.735765324487171E-4
181.0	28.474966771783322	21.5600525387532	25.580813567682792	24.38332540554084	8.417162398382339E-4
182.0	26.201578027303444	22.738266212998656	25.026305999685718	26.033791052183236	5.870782894339019E-5
183.0	24.606427573358175	23.79556387063442	25.891179014689246	25.705929320959868	9.002203582877025E-4
184.0	26.320259886304637	21.59618946148431	25.891695643060668	26.187960393915866	0.0038946152345213994
185.0	25.20877737744774	23.675323292815897	23.982706838129335	27.13248802206086	7.044695461728909E-4
186.0	27.884352317004673	22.369002491276618	25.344933197386215	24.40171199433249	0.0
187.0	25.190427777445528	22.350741622736628	27.626228807452602	24.83181747325717	7.843191080723102E-4
188.0	28.221701996315712	27.565519245634963	21.455560100668812	22.756689193084647	5.29464295869355E-4
189.0	25.71578119165733	22.940199843739702	24.49350719644555	26.849119388513927	0.0013923796434880563
190.0	29.08554986507528	21.009208301062472	25.135086527748168	24.769841504880887	3.138012331996213E-4
191.0	27.620333316378364	23.383207784727134	23.95560494972524	25.04022550240882	6.284467604453252E-4
192.0	27.390824441184154	22.769381546359963	24.03999159394843	25.799684576662997	1.178418444605495E-4
193.0	28.07201841710339	23.507008556410234	21.642983979320043	26.777615833680358	3.732134859711015E-4
194.0	28.446446752808967	22.789908161543433	23.759367567751266	25.004277517896327	0.0
195.0	26.687869969839518	21.088700812393792	24.425883040363487	27.796976407395775	5.697700074246926E-4
196.0	29.292790443765586	21.729597921626148	25.35903230837825	23.61838239116975	1.9693506027000586E-4
197.0	25.232684864143316	23.45854217833569	23.82758402664917	27.480598022703084	5.909081687342215E-4
198.0	27.995698234590687	22.764067824843387	23.41375361005077	25.82634217508359	1.3815543157092398E-4
199.0	26.28691029403651	22.79178954524987	25.432104478287844	25.488681525408946	5.141570168293479E-4
200.0	28.137541086706303	23.190365439306383	23.301690141959266	25.370324224049618	7.910797843516508E-5
201.0	25.928182120430638	20.720073559559175	28.403578374296558	24.947809935801523	3.560099121070862E-4
202.0	25.79466655959092	24.38348203609811	27.856573616917917	21.965258007390204	1.9780002852276412E-5
203.0	27.025457432206085	23.596776213742938	21.9704781086899	27.406595698412822	6.925469482522985E-4
204.0	25.712419852766565	23.40795931291063	24.35355814137576	26.525924166864563	1.3852608248238738E-4
205.0	27.753619918636435	24.065007730251047	24.67305748251095	23.50748365881134	8.312097902263977E-4
206.0	26.069370797681042	21.43854148729185	25.240931304146454	27.25105744546511	9.896541554588333E-5
207.0	26.745764033886545	23.254186474168076	25.952249775158094	24.047403781224222	3.9593556307085246E-4
208.0	28.70124002010137	22.172096399454936	21.339647814174	27.78697616546168	3.960080801488674E-5
209.0	27.663602594978332	20.441662793421813	24.75343091599947	27.14055116059711	7.525350032745175E-4
210.0	25.24374014229754	23.79354992565438	24.21900455105723	26.74338846879316	3.16912197692998E-4
211.0	25.686641079510647	25.053830505035933	25.054365441964894	24.204370474334517	7.924991540071531E-4
212.0	28.941466127605832	22.12706909653663	23.973771326207782	24.957396144306465	2.973053432905518E-4
213.0	30.39996938063813	22.626796185509704	21.98888620286398	24.984070594287306	2.776367008748134E-4
214.0	28.263660809081077	23.71196951806392	24.125678451295382	23.898651531538682	3.969002093648604E-5
215.0	26.569230435698394	24.64346498157134	22.698685122043244	26.08822166977905	3.977909079716701E-4
216.0	26.862846277503643	23.923207600762183	25.3763524293826	23.837513284830177	8.040752139995928E-5
217.0	29.893369253163264	22.571434535035916	24.746889016196143	22.787597931624116	7.092639805556293E-4
218.0	24.557352187321378	23.979363301216697	24.657440299253015	26.80553713066279	3.0708154611873493E-4
219.0	26.928495501721528	22.319808023866855	24.23078869919228	26.52039126603632	5.165091830167648E-4
220.0	27.797837678001518	21.375423250301036	24.792177337029063	26.034250692742212	3.110419261706737E-4
221.0	26.352697211503013	22.168260874829297	23.722598177296323	27.756130614432916	3.1312193845024685E-4
222.0	25.764906541161665	24.550079411670055	23.628647431325366	26.05617731507997	1.8930076294517494E-4
223.0	31.216795891267374	22.52505981492689	23.049761473175316	23.207639316256383	7.435043740362325E-4
224.0	30.57891423696996	22.229992483070944	23.791069820157844	23.39987444110004	1.4901870120835007E-4
225.0	30.766496705922837	19.26570795911013	24.057098764111206	25.90971224222359	9.843286322368482E-4
226.0	25.762891525031158	21.911120080063746	25.263767870446074	27.061961250667633	2.592737913952214E-4
227.0	27.72544058679899	23.332214237301148	24.904467810936907	24.03656848071479	0.0013088842481670713
228.0	28.11186357293074	27.733970369159955	22.409207171209147	21.74482746082359	1.314258765722642E-4
229.0	27.639124775332657	25.707885738116016	21.545821756214426	25.107101464929364	6.626540753556961E-5
230.0	26.561363346983185	22.42502597746038	26.374557136611614	24.63905353894482	0.0
231.0	25.274932881002066	24.751558941885293	24.1527964579093	25.819270600066247	0.0014411191370938886
232.0	25.575272851852453	24.971495795516546	23.895042896788496	25.557961872341046	2.2658350145829143E-4
233.0	23.60557723309152	25.290379753792042	21.67282644537261	29.43075859163186	4.5797611196599986E-4
234.0	27.98715174597633	20.936117585943244	26.007431523717695	25.068045701456825	0.001253442905907755
235.0	25.9477456072559	21.310827910445838	27.86942382724316	24.87183847320259	1.6418185251075096E-4
236.0	29.121564580960946	23.531043774498837	23.623872715084985	23.72328139378331	2.375356719195305E-4
237.0	28.330993776619444	24.22837746551749	21.74740932021904	25.6930038470936	2.1559055042662975E-4
238.0	26.993930134400536	22.512507150317667	24.097509375668544	26.39602911151443	2.422809882835337E-5
239.0	28.639100265993882	22.910951219069066	23.489268175553015	24.959526406165832	0.001153933218201897
240.0	25.66426153959854	21.343511674500963	26.052542594236805	26.939481711483964	2.0248017972140751E-4
241.0	29.305775773624386	21.691212251468983	23.194386433035007	25.806521924257602	0.0021036176140211437
242.0	27.29639595986685	23.797544348313682	20.475649187392005	28.429420076532143	9.90427895325485E-4
243.0	28.24316094576836	22.966319734339073	24.522020459798537	24.26613306551521	0.0023657945788198805
244.0	26.822467447199827	22.641910022551453	25.31538392525804	25.21939751322298	8.410917676996293E-4
245.0	29.359498753040114	20.419661214245874	23.29838711531843	26.920792177865714	0.001660739529867634
246.0	24.625339361419464	26.159153146391674	23.2233280994583	25.98979880724988	0.0023805854806811647
247.0	25.996916711429186	22.90171998432435	24.6255795922945	26.340893044995124	0.13489066695684243
248.0	26.627745306195443	22.409211828318103	23.544913521554026	27.408236695865824	0.009892648066603987
249.0	25.775197095366163	21.466937004232918	27.88796972054292	24.854688402961752	0.015207776896242236
250.0	28.36360875405102	21.771599564378967	23.40037493159526	26.46351286474029	9.038852344665385E-4
