# Position (bp)	A	C	G	T	N
0.0	22.608200455580864	22.700943703221608	28.058900097624473	26.631955743573055	0.0
1.0	23.90300230946882	29.23592362489022	24.878834206160754	21.92856910516215	0.05367075431805614
2.0	25.13243749596227	24.86756250403773	23.51250080754571	26.48588410104012	0.0016150914141740422
3.0	24.688947342940597	21.932641567285813	25.668500976326108	27.70345506479255	0.006455048654929236
4.0	25.588742565160626	24.35725914344203	24.08968552039846	25.962700881703444	0.001611889295443189
5.0	27.324963785610816	24.540479639465637	24.957347497183324	23.175599549332045	0.0016095284081764044
6.0	27.756891228182447	23.74934007391172	24.515654246724367	23.973314988721263	0.004799462460204457
7.0	26.15618013414245	24.399552858511658	24.123283296071545	25.317789843500478	0.0031938677738741618
8.0	28.318711118200667	24.25426702823417	26.46514595629287	20.961875897272293	0.0
9.0	28.15427260562034	23.808385904543428	21.331166762250685	26.704581660613012	0.0015930669725355254
10.0	25.542076607125804	24.470659407138537	24.44359537682682	25.543668608908842	0.0
11.0	24.713116663302227	21.1012593363251	24.936722619916456	29.247348561313064	0.0015528191431543967
12.0	28.459345980569434	27.74525728646296	19.896411167979405	23.8989855649882	0.0
13.0	28.46598056898616	25.029934674204647	25.42552707761796	21.078557679191235	0.0
14.0	27.696942310588945	23.271577044735654	22.30305768941106	26.72691670432294	0.0015062509414068383
15.0	23.94995401258449	24.093025971940378	22.636027855234538	29.320992160240593	0.0
16.0	26.53525507192121	23.24228592820838	20.554059696764625	29.666959439028957	0.001439864076831147
17.0	26.041901646740357	26.23787502819761	20.382641551996393	27.337581773065644	0.0
18.0	27.433739831706873	23.509233720230178	22.09652352883525	26.960502919227704	0.0
19.0	26.70351450185635	25.21006057560785	24.351673505848197	23.73335566535466	0.001395751332942523
20.0	20.526038635292814	24.846872315068875	28.253097197971233	26.373991851667082	0.0
21.0	24.993815453121133	25.50919435969325	22.679420576674637	26.817569610510983	0.0
22.0	23.315448305915677	24.502941496895087	26.237879943348947	25.943730253840286	0.0
23.0	24.677327705170875	26.452363557648077	23.086289471548017	25.782666341964987	0.0013529236680466488
24.0	29.039230955130098	22.01337235842217	23.53454525925727	25.412851427190464	0.0
25.0	25.42877859073232	26.79981543734757	22.597060180607738	25.173027486652167	0.001318304660206974
26.0	24.36964857908284	25.19304512265588	22.042601250196984	28.394705048064296	0.0
27.0	23.370441760748985	25.53662982048962	22.784312182840956	28.308616235920432	0.0
28.0	27.513448037823828	26.50924104875158	20.881253500397253	25.09345246623338	0.0026049467939617335
29.0	25.227622011855715	22.72216554093322	24.948663971794243	27.10154847541682	0.0
30.0	22.710533406900797	24.80592303645439	25.68873262930979	26.794810927335018	0.0
31.0	26.63879406236815	24.37574316290131	23.451344405661462	25.53411836906908	0.0
32.0	22.443449276099845	23.490496425027352	26.174906490928983	27.891147807943817	0.0
33.0	26.280510939673707	24.919691412672314	23.89654736309599	24.903250284557988	0.0
34.0	28.77100932632081	27.223317057250807	19.78234400692884	24.22332960949954	0.0
35.0	26.384486760338415	24.718610397065063	24.259402530634656	24.637500311961865	0.0
36.0	24.536938869694286	24.894914746859914	25.44622254374914	25.12192383969666	0.0
37.0	24.414211071067825	26.62642939980796	21.59219862578095	27.36716090334327	0.0
38.0	24.606004688045484	27.673183382374944	21.119894269612487	26.60091765996708	0.0
39.0	25.11843023835644	24.669641966689937	20.86366809614042	29.348259698813205	0.0
40.0	23.60669633396906	28.09294092716553	24.11403213542251	24.1863306034429	0.0
41.0	22.90913623332918	26.880219369313224	22.002991399725786	28.205160164526983	0.0024928331048236323
42.0	24.051200877444444	27.322921989704984	20.62991537148056	27.99596176137001	0.0
43.0	24.81523486670738	26.40303102060147	25.450851851390254	23.32963595348779	0.0012463078131036804
44.0	28.808025422144684	24.261947784908717	23.547884603402082	23.38214218954452	0.0
45.0	26.343596964523808	24.007177480654445	24.25514946854245	25.3928299958879	0.0012460903913969921
46.0	27.53769470404984	25.253582554517134	23.930218068535826	23.278504672897196	0.0
47.0	26.75064792663477	25.758821770334926	23.2294158692185	24.261114433811805	0.0
48.0	23.5528643691909	24.021330143779124	21.24043756696818	31.185367920061797	0.0
49.0	20.07425218333811	22.452564565761772	27.42845752301693	30.044725727883193	0.0
50.0	26.618498909996884	23.990034257240737	23.942696979134226	25.448769853628157	0.0
51.0	22.929745889387146	29.869207772795214	20.35251619332337	26.84853014449427	0.0
52.0	20.184251478369124	27.172113289760347	22.36663554310613	30.276999688764395	0.0
53.0	24.63486850289866	26.13271627976413	25.166081958647457	24.066333258689756	0.0
54.0	23.4921622294103	31.321224185120677	20.98283155013685	24.20378203533217	0.0
55.0	23.561810744613396	30.15130981835362	22.26877696410588	24.018102472927104	0.0
56.0	28.48689771766695	23.983143553279298	24.19447068768336	23.335488041370393	0.0
57.0	22.39887626482361	30.337120552917483	22.597767446485843	24.663749596002287	0.0024861397707779133
58.0	24.46082513953286	26.020858453391675	23.313485897547455	26.20483050952801	0.0
59.0	26.26241284597507	22.879407414772373	26.917388548489328	23.94079119076323	0.0
60.0	22.03726708074534	22.264596273291925	27.200000000000003	28.498136645962735	0.0
61.0	24.641894326214704	25.2220689997888	24.918937050426745	25.213372591405463	0.003727032164287578
62.0	27.30909226430799	21.322533759022075	25.68294470601389	25.68542927065605	0.0
63.0	28.294573643410853	23.098042138739814	24.165175909361956	24.44220830848738	0.0
64.0	21.70344339446921	22.237399262395847	26.660540661360223	29.39861668177472	0.0
65.0	21.820597511610003	27.91367621128964	24.527528745622966	25.734472396751684	0.0037251347257059135
66.0	24.66008567703483	24.717203700254547	23.232135096541874	27.390575526168746	0.0
67.0	26.352123168611868	27.742736528433078	21.02557735286814	24.879562950086914	0.0
68.0	22.57788152323719	23.769850631371135	26.41204882106805	27.24021902432362	0.0
69.0	25.455990265585616	24.13861607420008	26.439364779796126	23.964787245930545	0.0012416344876395287
70.0	26.620830023828436	24.357128673550438	23.835881652104845	25.18615965051628	0.0
71.0	22.50812231839488	23.989980407231965	25.449517621090745	28.05237965328241	0.0
72.0	24.39269372419181	26.948402217179417	22.587205337103033	26.07169872152574	0.0
73.0	24.829818100658407	23.13605872360476	24.26068519138489	27.772198043373137	0.0012399409788094087
74.0	24.194708259974707	24.949785503508814	25.03657599127136	25.81893024524512	0.0
75.0	24.733435826224955	23.741569133108513	22.364114263043046	29.15964094425709	0.0012398333663955563
76.0	24.673022327461165	23.921748509229758	27.815727161151955	23.589502002157122	0.0
77.0	24.202866210453237	24.210304472875137	24.791728652186848	26.795100664484778	0.0
78.0	24.655988892470184	29.08412466218729	20.33570525376243	25.924181191580097	0.0
79.0	27.602920576677537	22.468358353270773	24.047651514212397	25.87982992227498	0.0012396335643183876
80.0	24.344861782570966	25.697285236147266	28.686004710549152	21.27060865253502	0.0012396181975951408
81.0	23.28784103727393	25.49427937475983	24.44932009470331	26.768559493262927	0.0
82.0	22.940374364695675	23.136234039915706	24.139085161770176	29.784306433618447	0.0
83.0	23.059473932121875	23.14996157374123	26.631876440984705	27.15744849641768	0.0012395567345117387
84.0	23.696606093660908	26.93680739767459	25.27456181669435	24.092024691970153	0.0
85.0	26.37124264022312	26.867059188100402	21.88286334056399	24.87883483111249	0.0
86.0	25.998735699145975	23.232147947990136	24.68485441947519	26.084261933388696	0.0
87.0	22.466812925296544	25.4762701570421	24.74497700764759	27.31193991001376	0.0
88.0	25.325351379489845	28.366921990034953	24.737859745668178	21.56986688480702	0.0
89.0	24.212678936605318	26.60097911631654	23.95736506165954	25.228976885418604	0.0
90.0	22.663560088735764	25.15336662989999	28.256639690664155	23.926433590700093	0.0
91.0	26.101720120953747	25.76835374014772	25.53908689832945	22.59083924056908	0.0
92.0	26.086202195950133	25.097281086573968	22.612585818028602	26.203930899447297	0.0
93.0	24.98017249925647	28.12407058590265	20.88455437692079	26.009963319123624	0.001239218796470705
94.0	27.132695548726083	24.022256369584614	22.900763358778626	25.939327847724797	0.00495687518588282
95.0	23.887181520769307	28.8366213938733	22.806582730246852	24.465896698721128	0.0037176563894121147
96.0	24.7388443475136	26.965637740244613	23.38814607368121	24.90737183856058	0.0
97.0	23.130777428068697	26.219920200242868	25.410770488959383	25.238531882729053	0.0
98.0	25.72763205174272	23.31768000297372	26.954291449316663	24.000396495966893	0.0
99.0	21.16465664545207	22.329808573338948	28.237289814516732	28.268244966692258	0.0
100.0	21.605893642047917	24.83501516746115	26.112796384572523	27.446294805918402	0.0
101.0	20.850099669419443	20.188938551636188	33.190535738606116	25.770426040338258	0.0
102.0	22.9691079056522	24.4425184176314	27.677830743515138	24.910542933201263	0.0
103.0	26.119310583923532	24.063939378931206	28.02114803625378	21.79560200089149	0.0
104.0	24.4487092181019	29.662601374357706	23.011205348851608	22.877484058688786	0.0
105.0	26.881121305548334	23.297797258645666	22.230476827260006	27.586890036278987	0.0037145722670034543
106.0	23.806044996966357	24.13541189435495	25.95931204417974	26.09923106449895	0.0
107.0	25.200584418800453	25.297162101926602	23.0882571442722	26.413996335000746	0.0
108.0	22.73453266804512	26.206247601124222	27.116272735151732	23.94294699567893	0.0
109.0	23.94542325454703	26.11957854074065	26.439015934725816	23.495982269986506	0.0
110.0	25.784325863563208	25.27547356691841	22.172836449176675	26.767364120341714	0.0
111.0	24.342561410459588	22.522533676703645	29.124158082408876	24.01074683042789	0.0
112.0	25.38811993958452	23.325575061282095	25.004333077475426	26.28197192165796	0.0
113.0	25.938672179650652	24.698250783000532	24.39990591614157	24.963171121207246	0.0
114.0	24.392810279517715	24.286350919759354	26.460102498081255	24.859498403109605	0.0012378995320739769
115.0	23.70105351770925	25.00588038674375	26.773710338338887	24.518117781051536	0.0012379761565792244
116.0	27.975291525339802	26.28308286499468	24.702285162536207	21.039340447129312	0.0
117.0	25.475365189403316	25.601634067838575	24.140876454567962	24.780886358009408	0.0012379301807378064
118.0	27.272839811834615	23.87843525625155	26.301064619955433	22.546422381777667	0.0012379301807378064
119.0	26.07484618527092	21.432550539125266	26.030280147067923	26.462323128535882	0.0
120.0	24.2086629281638	23.827385152449214	27.72681694953021	24.237134969856776	0.0
121.0	26.376904888646802	23.060448879040344	26.730957303259512	23.831688929053342	0.0
122.0	27.878532786986714	22.19141113408188	25.174859802671484	24.75395833075428	0.0012379455056388418
123.0	24.782124288190147	27.768011884129734	24.002228274325326	23.44763555335479	0.0
124.0	22.857142857142858	24.91458281752909	23.450111413716265	28.778162911611787	0.0
125.0	25.702507984451984	23.02740709564012	26.530662771409474	24.738184248966355	0.0012378995320739769
126.0	25.370122796593385	24.262230144583086	27.30738760150525	23.06025945731828	0.0
127.0	24.86197420217375	23.05959248347404	26.72377509841301	25.35342031640712	0.0012378995320739769
128.0	25.797467414311708	23.59290479903945	25.740527560127248	24.859197643185166	0.00990258333642789
129.0	22.201866660064862	29.53605822791078	24.345802490530538	23.912559106775927	0.0037135147178966655
130.0	27.162449868792393	25.446848541862654	25.089122146853494	22.30157944249146	0.0
131.0	27.482238780107433	23.983216575488278	23.847067851573136	24.686239077159193	0.0012377156719558383
132.0	24.101783437913834	27.95455389299373	23.110434535080877	24.82827757769279	0.0049505563187663216
133.0	27.841239588618954	25.844977166124185	24.67667479362879	21.633395626291755	0.003712825336320095
134.0	25.84002673234242	22.31408027128377	23.306642244526678	28.539250751847128	0.0
135.0	26.107404977907596	23.287993366090326	26.898275926086363	23.706325729915715	0.0
136.0	27.683510934541268	25.11540984418124	27.61420314607854	19.581925518880183	0.0049505563187663216
137.0	28.948182616982045	24.185983193693303	22.809796665965372	24.054799945546577	0.001237577812704974
138.0	25.660573507753615	24.742268041237114	27.223672974344375	22.373485476664893	0.0
139.0	26.389198287171112	25.08229994307072	26.869384421177696	21.6578797554516	0.0012375931288829485
140.0	25.342491182476333	22.002351339644825	27.95990347131984	24.695254006559	0.0
141.0	24.637053355941433	23.17660309169895	28.885973489114697	23.30037006324492	0.0
142.0	27.046562863578977	23.834690694853577	23.76909176423992	25.34965467732753	0.0
143.0	25.1896869700833	25.777623745219145	24.350484583678874	24.68220470101868	0.0
144.0	27.70062874399723	25.730234170008416	24.858903906133968	21.71023317986039	0.0
145.0	28.403985395135837	22.835571508137882	23.437093879571755	25.322111516801783	0.0012377003527446005
146.0	26.90274906858437	22.522310653414365	24.102932257305888	26.467056974167914	0.004951046527459742
147.0	24.64291902864074	26.056390326014306	26.170260167834247	23.125479614822883	0.004950862687823353
148.0	26.530182817393026	25.98680546100432	24.45940760728299	23.023604114319664	0.0
149.0	26.847382101745264	26.33370466641911	21.336799108800594	25.478400792177247	0.003713330857779428
150.0	23.50938865439602	25.30913862035673	25.814157868026587	25.367314857220663	0.0
151.0	23.932121152108525	25.558539936379056	24.81835848052382	25.689742669356736	0.0012377616318649356
152.0	27.953262699277154	24.516041192197246	24.39474205366868	23.135954054856917	0.0
153.0	27.94454416042582	20.7649935012688	26.9059850219719	24.383239462771556	0.0012378535619236245
154.0	26.28458253388624	26.30438819087702	25.38218728724392	22.0276041344309	0.0012378535619236245
155.0	26.174787584532687	24.896579058188216	25.816839654190098	23.111793703089003	0.0
156.0	25.824631811031423	25.38119480262099	25.771369823987712	23.02280356235988	0.0
157.0	25.89459342292686	22.824054003839723	28.046076670588967	23.232798662290207	0.002477240354245371
158.0	28.172956636981805	20.61508354286139	24.88945588763516	26.322503932521645	0.0
159.0	27.178597968788704	21.221203864255635	25.62422591032945	25.97473371315333	0.0012385434728758979
160.0	25.41027260679473	24.160566764512815	25.858630897088148	24.570529731604303	0.0
161.0	26.062077336570137	21.883128142881915	27.854294136589957	24.196784661497684	0.0037157224603036987
162.0	28.115091161315892	21.808115338882285	25.479340071343636	24.597453428458184	0.0
163.0	23.27491174831238	23.863256332445655	29.222765838855512	23.63906608038645	0.0
164.0	29.480763990388187	24.97956251393465	22.922188916689375	22.616245943468673	0.0012386355191121461
165.0	27.628319460959176	20.954716607213637	26.487564407451448	24.92816091954023	0.0012386048355132778
166.0	25.561432411341368	25.474724703026098	24.09607214081332	24.867770744819214	0.0
167.0	24.661216400346834	23.630620587142324	25.65341260993435	26.053511705685615	0.0012386968908708038
168.0	23.877712813398077	22.15712020612427	25.99965315627787	27.965513824199782	0.0
169.0	26.3173541434411	21.871671002105785	26.90573516660473	24.904000990957513	0.0012386968908708038
170.0	28.25946936854361	24.53984690464984	21.954814576262788	25.245869150543758	0.0
171.0	23.457860575732052	25.4434425011148	27.369568448694448	23.72788980825447	0.0012386662042312836
172.0	27.411512909650998	26.01229726218901	22.839009785849488	23.7371800423105	0.0
173.0	26.65149190954525	23.482111930328074	23.88292344994804	25.982235637587216	0.0012370725914196644
174.0	25.980355773274944	28.563299438382938	19.47970014102279	25.97664464731933	0.0
175.0	25.758644151666978	25.27741696047504	23.47869116100699	25.482773551060806	0.002474175790189893
176.0	21.989781401160418	24.451647223287516	27.619907710959634	25.938663664592433	0.0
177.0	25.032167070817046	25.149700598802394	26.238432226456176	23.55248181323304	0.027218290691344585
178.0	23.83785655970906	21.12392073427179	27.422626852378713	27.615595853640436	0.0
179.0	27.766850979082395	24.12389752724484	26.281218688536757	21.825558812978564	0.002473992157444861
180.0	25.662227063425263	22.01935931078873	26.901272466207853	25.417141159578154	0.0
181.0	27.935603715170277	22.272445820433436	25.821671826625387	23.96904024767802	0.0012383900928792568
182.0	27.73306920886468	23.467871734554908	22.50464281292559	26.294416243654823	0.0
183.0	23.03568333209519	23.533417527177278	27.74806230344452	25.68159869251913	0.0012381447638857936
184.0	24.474104522886822	22.947490930701893	26.421682122649102	26.150531776591922	0.0061906471702551785
185.0	24.951407029576714	26.82827182350538	22.872742129176828	25.34510294281505	0.002476074926027262
186.0	26.815407282677334	26.087387175455323	22.923966471454925	24.17323907041242	0.0
187.0	24.36151502390448	21.962396888701726	25.637246401942082	28.037603111298274	0.0012385741534345661
188.0	29.41314902893381	26.59160721363456	23.591706302021404	20.402298850574713	0.0012386048355132778
189.0	25.25888123668434	24.82658673140762	26.50993410295793	23.400881930337412	0.0037159986126938513
190.0	29.94066862373503	23.681765820668126	22.206532644643453	24.16979426009191	0.0012386508614816742
191.0	24.61767257404883	25.54715578138555	25.253439087867147	24.58049324575536	0.0012393109431156277
192.0	24.887836799444763	21.82286889918945	25.6041940361401	27.68510026522569	0.0
193.0	24.190289673636848	23.330069288644843	24.41216207841144	28.066239448665662	0.0012395106411988547
194.0	26.66600567625516	23.6407351865852	25.349808519340165	24.343450617819475	0.0
195.0	26.77956016165423	23.30101901668609	27.126670468350977	22.792750353308705	0.0
196.0	29.371852439901758	23.904090897814385	24.578878166166366	22.14517849611749	0.0
197.0	25.272625767632277	23.956330252465726	22.442776502698344	28.328267477203646	0.0
198.0	28.540388865436668	22.708648903677584	23.292195376325395	25.458766854560356	0.0
199.0	27.14894462872548	21.821773321903766	26.509137440522778	24.520144608847975	0.0
200.0	28.189995775662847	25.382054021817456	23.63268146012971	22.795268742389982	0.0
201.0	24.41942818801953	21.791478734111156	30.345050384562818	23.444042693306493	0.0
202.0	26.061562550484023	25.8863441488238	26.834511811708566	21.21758148898361	0.0
203.0	22.811226011733122	25.461121606841008	25.56801232972059	26.15964005170528	0.0
204.0	24.151947196360428	22.95615856008154	26.268816268691968	26.623077974866067	0.0
205.0	29.627787861458515	23.101021905069743	24.142818071060944	23.128372162410802	0.0
206.0	24.45417018948625	22.464813249117224	25.92753767344706	27.153478887949472	0.0
207.0	24.610142512497823	23.487203720745146	28.10704603675977	23.795607729997265	0.0
208.0	28.809153659598287	24.646477209128786	21.435234127230892	25.109135004042038	0.0
209.0	24.559635766532317	24.368064885306264	25.68418171866448	25.38687366273573	0.0012439667612081406
210.0	23.95212560807196	24.847904251216143	25.829528347661647	25.369197656045884	0.0012441370043669209
211.0	28.846823974512148	24.492234169653525	24.478544404619672	22.182397451214655	0.0
212.0	26.23815984366637	22.138136194471066	26.203308397953723	25.420395563908837	0.0
213.0	33.230386052303864	20.306351183063512	24.280199252801992	22.183063511830635	0.0
214.0	28.50877192982456	24.573863636363637	24.04430821371611	22.873056220095695	0.0
215.0	24.58085923856095	23.247342946958735	23.450676113966367	28.721121700513947	0.0
216.0	25.18316856526321	23.938625984844684	26.584533547448185	24.29367190244392	0.0
217.0	27.939095274197623	21.674248167803892	25.415718979024515	24.97093757897397	0.0
218.0	23.463190262000964	25.291606312418995	28.304236232878456	22.940967192701585	0.0
219.0	26.136581255505764	25.200760912584418	22.744392099786793	25.918265732123025	0.0
220.0	26.4837374940753	22.44084905781228	25.192472746371518	25.882940701740903	0.0
221.0	24.862633819166774	22.010834515671355	24.380239907132722	28.74629175802915	0.0
222.0	21.74139254172032	25.639624874806522	27.33054981074648	25.288432772726683	0.0
223.0	30.441671358797418	22.018096347994607	25.925440951171286	21.61479134203669	0.0
224.0	28.83149928518028	23.962855606416326	25.61940112534921	21.58624398305418	0.0
225.0	30.24508448237262	20.356103406950865	23.4219640999302	25.976848010746316	0.0
226.0	24.35115015760177	21.419086580376902	28.155053316343636	26.07470994567769	0.0
227.0	27.21559192831173	24.88274967223972	24.189384621622718	23.712273777825835	0.0
228.0	27.72228723838554	26.795580110497237	22.089921889883787	23.392210761233432	0.0
229.0	27.46713914870823	23.533451453843725	24.438584202068483	24.560825195379564	0.0
230.0	25.02320169545524	23.884587148338483	28.261742828252046	22.830468327954236	0.0
231.0	22.40800335805233	26.58877850846509	26.392892122568913	24.61032601091367	0.0
232.0	24.491458754776353	25.948246797033043	23.412564621263204	26.147729826927403	0.0
233.0	23.525911653869038	23.649165556909303	25.786983254469725	27.03793953475193	0.0
234.0	27.665652004558765	20.023947949276515	25.90994994013013	26.400450106034594	0.0
235.0	26.214201304290736	22.883445428417197	27.810279678450023	23.09207358884204	0.0
236.0	28.789248478273972	21.38703067558609	26.23546073645513	23.588260109684807	0.0
237.0	24.80758741894431	27.06805648142537	23.58644930610266	24.537906793527664	0.0
238.0	26.83648290342851	21.67302711235766	27.477125385075173	24.013364599138658	0.0
239.0	26.085268910694325	24.829213762265557	25.883430629735436	23.202086697304683	0.0
240.0	24.637035859107893	22.835334340462747	27.314939969786117	25.212689830643235	0.0
241.0	28.782017606698822	22.200996545521118	23.29942531480332	25.71756053297674	0.0
242.0	25.33199419707622	22.070240885105296	23.0873467565801	29.510418161238384	0.0
243.0	25.70146441176001	25.425190437407174	23.702071256327955	25.168079975726215	0.0031939187786454593
244.0	25.08278278118151	23.206373074400524	26.636059699582486	25.074784444835473	0.0
245.0	27.634754625905067	22.281576830249396	24.58246178600161	25.501206757843924	0.0
246.0	22.01202120631033	27.11217106853377	25.286430217380797	25.589377507775108	0.0
247.0	25.395389412125812	22.7443821586081	25.77018141871698	25.952730973651477	0.13731603689762686
248.0	26.03211565516907	23.28465854881224	27.48750788337457	23.18116399036207	0.014553922282055013
249.0	25.74160652906967	20.035186603026702	29.36452343330021	24.842393340609576	0.016290093993842347
250.0	27.924257732294755	26.43972232180686	21.960043020565134	23.67434735847212	0.0016295668611283121
