# Position (bp)	A	C	G	T	N
0.0	24.4883218915169	23.494846814018157	24.82580984877697	27.19102144568797	0.0
1.0	23.0015646216624	30.95697464662433	22.925714737063412	23.04094151427964	0.07480448037021248
2.0	24.387968466074575	26.991118609611025	21.5305835911265	27.089865189451867	4.641437360321745E-4
3.0	26.590810531271238	21.735762770430252	23.813399936458023	27.852605800872425	0.007420960968064359
4.0	26.7546832688504	22.856275470180844	22.98628419536534	27.402525320995252	2.317446081720101E-4
5.0	29.11844039777266	23.190632199210476	22.199094708327063	25.491138097498293	6.945971915120223E-4
6.0	25.639777830436767	23.55332589685645	23.236485744505003	27.56359054681224	0.006819981389542311
7.0	25.268452504556887	25.63934842297132	22.748090722410648	26.343531529037172	5.768210239726817E-4
8.0	27.8150208110796	23.929979004751555	23.351573722789055	24.903426461379794	0.0
9.0	26.819981898955746	25.175841997179177	22.42875585182871	25.57519054335292	2.2970868344765168E-4
10.0	24.650595855011485	24.379841357835524	22.832787577659712	28.13677520949328	0.0
11.0	28.11420093921851	22.85580430345012	22.217871922720832	26.812122834610534	0.0
12.0	29.355970765473742	24.43834659779687	19.35491663592122	26.850766000808168	0.0
13.0	25.58988365378469	22.55669155956365	24.695646144562257	27.15767030219248	1.0833989692542207E-4
14.0	27.084083273338134	22.17133343618225	22.432955363570915	28.311627926908706	0.0
15.0	24.817256867127785	23.764740927278797	24.205859611021207	27.212142594572214	0.0
16.0	26.25043763369255	25.291747137589955	21.296787846613675	27.161027382103818	0.0
17.0	29.22363543773725	26.009105535345828	18.711388208656345	26.05414628505114	0.001724533209437457
18.0	26.09717608224031	25.11071081219443	19.731618686114356	29.060494419450905	0.0
19.0	24.996297304437633	24.224435388963165	21.532775860826682	29.246291300066446	2.001457060740219E-4
20.0	24.36852166166867	25.5991889460167	23.076846769721577	26.95544262259305	0.0
21.0	23.80479577417666	24.238950314299547	23.313665830896216	28.642489677513318	9.840311426176016E-5
22.0	22.731887051268064	26.751964054681775	25.37897682103721	25.13717207301295	0.0
23.0	25.60337652497367	23.625791736389207	22.908396451005604	27.862144608828693	2.9067880282966126E-4
24.0	28.237672522408154	21.05230884205786	23.576297900268752	27.133720735265232	0.0
25.0	25.132259829520187	25.504929576796993	19.064191178632083	30.29842976123533	1.8965381540804493E-4
26.0	27.15344961247621	24.891683846982332	19.571979078053648	28.382887462487812	0.0
27.0	26.177010146120676	24.198347449184816	19.538330833455507	30.086311571239	0.0
28.0	28.01232831367473	23.180864409875632	22.659952359449715	26.143331481984582	0.0035234350153408507
29.0	28.816848552502094	22.857670049792166	21.76424364378773	26.560962354772848	2.7539914516105344E-4
30.0	25.136822898848216	23.409100239479987	24.87891435739537	26.57507127380545	9.123047097730642E-5
31.0	26.566639251521085	23.874350783603624	21.82666660608071	27.73197984305208	3.635157425036238E-4
32.0	24.60139435648401	22.546406712450793	23.532549352030113	29.319559782764866	8.979627022212006E-5
33.0	24.753523908957657	24.02286268274299	25.04392401478368	26.179600613293776	8.878022189728661E-5
34.0	26.158898450462114	25.812201005343415	22.989269181843294	25.03954339040367	8.79719475053795E-5
35.0	26.113701833698777	21.57263038651187	25.194941257006242	27.11846590612936	2.606166537516636E-4
36.0	25.05801652060563	24.137649727751946	25.237750573222318	25.56649639230103	8.678611908096971E-5
37.0	26.0564504375707	24.83196382841399	20.767258191004295	28.344327543011016	0.0
38.0	27.078095363643378	26.01924132661601	20.266703901602632	26.635785953467316	1.7345467065728047E-4
39.0	23.726662082826465	26.752430143402524	21.211503762592915	28.309057188464333	3.4682271376634724E-4
40.0	26.750311870677912	26.336102531115547	21.954221979102282	24.959276928158346	8.669094591091811E-5
41.0	25.25882303993121	23.15382721785168	20.554241889460197	31.028340516120533	0.0047673366363752984
42.0	25.32365783183486	25.07397026629296	20.427146871062067	29.175225030810108	0.0
43.0	26.504300353127235	24.557897701423343	23.311336900712753	25.622478823198076	0.003986221538594857
44.0	30.576619820818962	23.26953402533488	22.500043322300588	23.653629542343214	1.732892023498016E-4
45.0	25.214952833825542	23.55623166132876	21.269436717452567	29.955567029332347	0.003811758060785413
46.0	25.261447335025935	23.687869172819006	21.742075588229433	29.308607903925633	0.0
47.0	25.74307335329471	23.41543943466056	22.551043121943106	28.288625220104922	0.0018188699967000503
48.0	23.41685889842543	23.204451464078637	22.453708514308275	30.92498112318765	0.0
49.0	21.962281010111155	26.0443200728682	23.39817240740388	28.59340826797765	0.0018182416391188628
50.0	28.074129033207594	24.16673664817712	18.70410980488578	29.054851363600555	1.7315012895355856E-4
51.0	25.31926072952364	26.119695614877163	20.48644142767737	28.072091942242654	0.0025102856791664467
52.0	23.824267782426777	25.385584264331623	20.291592977612908	30.498554975628693	0.0
53.0	23.673166269530864	23.90783351447545	22.937582987614356	29.479696163143217	0.0017210652361172422
54.0	23.510759225174013	28.04325546695304	21.48540726035802	26.96057804751493	0.0
55.0	24.63464032288616	27.676997275283767	21.651080329845797	26.03582500447834	0.0014570675059375501
56.0	27.363564379514006	24.93495720372535	24.279301822569423	23.422176594191225	0.0
57.0	23.38361828903196	27.55281976759131	22.114213054438334	26.944036494436553	0.005312394501843058
58.0	26.242351759930504	24.55138606413984	21.024671410531653	28.181590765398003	0.0
59.0	28.15856922091139	21.865330779431265	23.676933672787577	26.296425108192473	0.0027412186772934576
60.0	24.039549832361672	22.127832233540477	23.418540585559615	30.41407734853824	0.0
61.0	25.018768752738445	23.54946794109131	22.406944139579736	29.019267544620092	0.005551621970415834
62.0	25.621016959574757	21.958712172325267	24.02822781069637	28.39170144042798	3.4161697563075304E-4
63.0	27.151476333824377	23.032344840837762	22.098678451717586	27.715023804948867	0.0024765686714063066
64.0	25.588403498081775	21.23129006232958	22.910886741262456	30.26941969832619	0.0
65.0	24.801963979526278	25.536328941042324	22.686346172665115	26.970850901788257	0.004510004978024363
66.0	24.844033449847352	24.114062345777757	22.102919203711206	28.938644648126527	3.4035253715798827E-4
67.0	27.354067030426688	24.93463465601195	20.135674035175192	27.574943610957725	6.806674284469636E-4
68.0	23.91223151957052	22.920709736975322	25.536322759313062	27.630565824233322	1.7015990777332997E-4
69.0	23.97545394296351	23.640510692746357	25.019163313972925	27.362319777646004	0.00255227267120007
70.0	25.592476999898995	22.74996244101967	24.17126215998513	27.48587400383823	4.2439525797714544E-4
71.0	25.142136467915112	22.18512313422112	25.422521043635854	27.24937405855194	8.452956759744991E-4
72.0	27.16508281017049	25.025693296416122	22.00453351453869	25.80308454784869	0.0016058310260077013
73.0	25.90361496693499	22.64452473009233	21.728338720922864	29.719549555259768	0.003972026790053031
74.0	24.947543036681424	25.956964586162517	22.13240196695655	26.962329858173952	7.605520255613086E-4
75.0	26.52813409452731	24.025607484848795	21.222845283605597	28.22130058711987	0.0021125498984286006
76.0	27.46730344465118	23.814617840261334	24.850058050222316	23.867260181603402	7.604832617634086E-4
77.0	24.846093920308505	24.500259397016006	23.719449030598707	26.93326821651455	9.294355622324704E-4
78.0	27.80999695832911	25.277214505390518	19.91111561729021	27.00133495555781	3.3796343235661903E-4
79.0	27.696968877683787	19.96919536189958	21.78722663629574	30.544074458341925	0.002534665778970385
80.0	23.89043780943208	22.84086108717325	27.957790507088426	25.30753113330292	0.003379463003328771
81.0	26.265979987631667	24.202648039821977	21.11343721381333	28.41742785983908	5.068988939466134E-4
82.0	23.01304362518163	21.29625249214341	23.65390463961072	32.03586996924949	9.29273814753489E-4
83.0	25.828189400358347	21.39121458204682	23.678170435317384	29.10141186071128	0.001013721566166029
84.0	24.273517702422918	24.90925570673269	24.185751055269336	26.630208452122407	0.0012670834526503584
85.0	25.171306354553476	26.975598136240926	20.106280895117937	27.746223319964454	5.912941232121801E-4
86.0	26.958166265591466	24.751562841825457	21.203462113808502	27.084697115721667	0.0021116630529072955
87.0	22.610193971797436	21.11965606219936	25.20847850599906	31.06091128313632	7.601768678179123E-4
88.0	25.518189089502428	26.05747230314051	25.195294848979582	23.22828360975997	7.601486175008172E-4
89.0	26.519208696467377	25.951651195375756	22.009744759594636	25.51846631098604	9.290375761916385E-4
90.0	23.86501450930183	25.29635122307165	23.6412942499924	27.197171108416068	1.6890921805166593E-4
91.0	27.492464734789912	24.317476832595926	23.408600125496264	24.78095159273	5.067143879016872E-4
92.0	25.559177469070644	23.645061858717224	22.50002111219018	28.295739560021953	0.0
93.0	27.344284389677902	25.134903705355104	20.57477845391487	26.945780110760374	2.5334029174668E-4
94.0	28.33366689213553	22.217042912551015	22.902316249211495	26.54241390171753	0.004560044384432009
95.0	24.348780652570426	25.914426129838546	23.66268661757752	26.071911099101534	0.0021955009119773022
96.0	26.546711014624186	23.415670906405715	23.21445007097193	26.82249248693922	6.75521058946812E-4
97.0	26.18422574742653	24.464640204273085	23.205074402789165	26.14589076895407	1.6887655714740475E-4
98.0	28.633308199509088	22.23338655624671	23.668294313985918	25.46501093025828	0.0
99.0	21.52092590138026	21.682767843348483	26.45149089607417	30.344815359197085	0.0
100.0	22.815575372453274	24.514082182436464	24.075420152282252	28.594922292828013	0.0
101.0	24.408462356695427	21.63092846168133	27.60700356256437	26.353521198102214	8.442095665828085E-5
102.0	25.60793269535191	24.103540416981506	23.831687723993532	26.456839163673052	0.0
103.0	26.143454258874822	25.82213806127971	24.389891794279965	23.644347038378122	1.688471873857643E-4
104.0	25.87104829715978	26.46462156432853	22.184916941109527	25.47924435278058	1.6884462158121299E-4
105.0	28.869127522444714	22.419047908508983	20.065751148618872	28.642949649884418	0.003123770543012632
106.0	26.657317931841472	22.244895202427408	24.05835839368361	27.039428472047504	0.0
107.0	26.349483744058627	24.167278744438534	21.966331501321243	27.51614618949928	7.598206823189727E-4
108.0	24.55417593883912	23.90785345971628	23.481952609771827	28.05593357128626	8.44203865102976E-5
109.0	26.890702388117916	23.356939589202184	25.599519826975627	24.152162846865494	6.753488387798809E-4
110.0	25.21456881523909	24.118151082446595	22.132392356816943	28.534803327747692	8.441774967604688E-5
111.0	25.844620262782	22.90723275218732	23.592215142213625	27.655340904102466	5.909387145901081E-4
112.0	25.26498932951537	23.253721162677614	23.772725430871468	27.708564076935545	0.0
113.0	30.13298283202022	20.970142386937578	21.9612878390733	26.934827184787295	7.597571816047591E-4
114.0	27.137291319305206	21.05400899094574	27.485110065216016	24.323336358455922	2.5326607711952044E-4
115.0	27.429620718039637	23.691508896346484	25.09331138268009	23.785052449397412	5.065535363768758E-4
116.0	26.769598084557078	24.570908028684364	23.54024304377118	25.11916641761181	8.442537556628321E-5
117.0	26.09860003951161	26.40785436763695	23.405056472896554	24.08756042827883	9.28691676052081E-4
118.0	27.421570340802504	24.01894857526875	24.334026470933388	24.225285760961242	1.6885203411824202E-4
119.0	27.7983545174785	20.767019430877493	23.933707907856355	27.500580435727823	3.377080598249828E-4
120.0	25.225591079021044	23.508076363255668	24.727551492514632	26.538696637409622	8.442779903482139E-5
121.0	28.42260346836426	22.987791492882593	23.624305567281876	24.964708464902653	5.910065686158627E-4
122.0	26.925681266316115	22.89161204040486	24.327683272374813	25.854601270503846	4.221504003674397E-4
123.0	25.291742722684425	26.56610668049043	22.486774273619297	25.654869752134772	5.06571071076987E-4
124.0	25.66679359054133	24.188622949131105	22.66013304211199	27.484450418215573	0.0
125.0	27.99340127921977	22.666386372999952	23.41372358316617	25.925644506581836	8.44258032270919E-4
126.0	24.55496034007489	24.549641393226363	23.997399625985167	26.89799864071358	0.0
127.0	26.96529039491547	22.187822933059564	27.12798111538124	23.717976860263278	9.286963804480707E-4
128.0	26.60851842721142	22.635852771426933	24.863311393362626	25.88345248910037	0.008864918898656246
129.0	24.41780847940009	26.474126744379443	21.701857491301848	27.403336747022028	0.002870537896588028
130.0	27.068540754486953	22.996047057075366	23.528622109800967	26.406790078636718	0.0
131.0	25.691287135233164	23.977285103860872	24.72077073945835	25.610150444816497	5.065766311134302E-4
132.0	26.9214110399923	25.719455286756283	21.13706230058519	26.215570207100118	0.006501165566112211
133.0	27.800817964140613	24.188959172714718	24.52423328526415	23.484385395523823	0.001604182356695857
134.0	27.176453304784516	22.982023025926964	20.3280299627492	29.51349370653932	0.0
135.0	27.69778796964168	22.658472272998605	26.437726857859804	23.205590740188807	4.221593111035498E-4
136.0	27.7450410051648	26.75987007361763	23.65989143531164	21.828611667200004	0.006585818705920397
137.0	29.69868343396357	20.579228264164293	23.160771685175817	26.56114775040549	1.6886629082659205E-4
138.0	25.851276873096175	23.18330102595622	26.490473263675472	24.47326029839859	0.0016885388735419467
139.0	26.705700584242344	23.464337577251698	24.155381446084228	25.67373611158016	8.442808415791428E-4
140.0	27.30881616684214	21.33861398844526	24.910654658832925	26.44166190355178	2.532823279009903E-4
141.0	26.587592057417318	24.30189176251276	24.68122362174543	24.429039276424266	2.5328190022212824E-4
142.0	29.6838233990441	22.243892225225064	23.230271361909033	24.842013013821802	0.0
143.0	27.374219133230497	24.704306998947164	23.416589202656827	24.504715806288473	1.6885887703781005E-4
144.0	29.064290207236603	24.01850733919005	22.38535285947678	24.53142743763694	4.2215645962706696E-4
145.0	28.83442264875467	21.790079729276762	21.940706680187066	27.433946620307786	8.443214737124731E-4
146.0	26.82022389376571	21.549964918975924	24.20295153415102	27.42204709384744	0.004812559259912816
147.0	27.83601685255701	22.91458050135513	26.44010841023649	22.805579243323567	0.0037149925277991202
148.0	24.56757455043458	23.81054505110751	22.829936016400335	28.791353348542597	5.910335149776336E-4
149.0	28.176636973867524	24.35285177523536	24.045088022966183	23.42339679993245	0.002026427998480179
150.0	25.74280081227018	23.95141577340871	23.952851178087283	26.352932236233833	0.0
151.0	27.8117635535696	23.203545666328075	24.978320874696767	24.00577884843526	5.910569702926323E-4
152.0	27.513109120232375	22.29192174214086	23.775764382034804	26.419204755591956	0.0
153.0	24.187771052596023	23.106347190510288	25.404552332572244	27.300569463771833	7.599605496034695E-4
154.0	22.83197946396906	23.654433992535424	23.968807525374494	29.54190802695354	0.0028709911674801142
155.0	27.94343802174954	24.11678913485745	23.090792548371486	24.8486424905647	3.378044568231011E-4
156.0	27.374868781864997	22.31531707284116	25.426379764495643	24.88318102317631	2.533576218840179E-4
157.0	24.29605744877251	22.545332625048456	26.209862332053298	26.948578686762136	1.6890736360096988E-4
158.0	24.29057783310685	20.684072238217542	26.299146894454267	28.726118576687863	8.44575334853006E-5
159.0	26.934722514309463	20.768542753547912	23.775872946697106	28.520186113764527	6.756716809951293E-4
160.0	27.356327275583553	20.927404131612263	24.62016245028476	27.09610614251942	0.0
161.0	25.764656496866877	19.58135516059201	28.8351916402793	25.81508036991021	0.003716332351602204
162.0	26.308765646907784	21.663682281196685	25.66988191969188	26.35767015220366	0.0
163.0	26.031642527787092	22.486280664204212	26.792086918548915	24.68998988945978	0.0
164.0	25.882006128937434	22.414206701286943	24.26817648907164	27.433836870255057	0.0017738104489260843
165.0	27.78124102512121	21.854780126028416	26.276417819674624	24.08696974304394	5.912861318061257E-4
166.0	24.769961776444998	22.198382362257934	25.49109876882141	27.54055709247566	0.0
167.0	27.15156655349783	22.744402028422584	26.41924957149869	23.684528420471086	2.5342610981629143E-4
168.0	26.147519448802072	24.310981466510214	22.818435327083698	26.72306375760402	0.0
169.0	26.804330121955754	21.55903313992978	24.896427159400798	26.73995613783129	2.534408823797761E-4
170.0	32.82559990267739	21.865400796828904	22.39045292187495	22.918461897182713	8.448143604924254E-5
171.0	26.03863934359751	22.630746563213886	25.98980791846335	25.3397923735114	0.0010138012138579866
172.0	27.991291121622798	24.313073705386213	23.655685135873536	24.039865583293007	8.445382444921327E-5
173.0	29.989630357718884	18.985987471985922	22.256815844272968	28.7658774592012	0.0016888668210290941
174.0	25.078217692187522	24.730639801721846	23.306212237004885	26.88459248687927	3.3778220647781825E-4
175.0	25.608672667113687	23.332916713817863	22.45049969006886	28.606644180472816	0.0012667485267714633
176.0	25.036505782228758	22.915918885798764	27.947509372421475	24.09854576503367	0.001520194517334018
177.0	22.467886429149974	25.23486044353003	24.21585792579567	28.056564141415418	0.024831060108901935
178.0	25.4995156646795	22.269797153442667	24.010195110704615	28.22015426101071	3.3781016251202393E-4
179.0	29.1819016464336	23.199485114696277	22.150119134796736	25.4674805503259	0.0010135537474882871
180.0	27.372929149016468	21.53032018419814	25.138636238355105	25.95794481688313	1.6961154715413026E-4
181.0	28.977884609663658	21.656661093691433	25.799503787044912	23.565015541716143	9.349678838531897E-4
182.0	26.17590284229468	21.497536292615507	25.28357922240856	27.04298164268126	0.0
183.0	23.76598437753691	24.456490785739	26.098473031317184	25.67837175477714	6.800506297693863E-4
184.0	27.223822332246318	21.13128534363449	25.868395012190685	25.772841806737688	0.003655505190817371
185.0	25.808431542070576	23.95893637876056	23.480835588245043	26.751116404450826	6.800864729950413E-4
186.0	27.406839955515807	22.329162656400385	24.7347272622153	25.529270125868514	0.0
187.0	24.57796152087414	22.140341657509847	27.408187222309433	25.87257116727295	9.384320336334041E-4
188.0	27.904903290759087	27.636915883863594	21.711843149299956	22.74608171866868	2.5595740868719445E-4
189.0	25.656777672545456	23.114051927884574	24.145442445030334	27.082874719498978	8.532350406566497E-4
190.0	29.901662957552254	20.304926750679243	24.527087912838084	25.26606638177027	2.559971601381702E-4
191.0	27.51093309740147	23.836077552902843	23.824868507631138	24.827693015909144	4.278261554087066E-4
192.0	28.355063187151718	22.879927297123377	23.614058627818775	25.15095088790613	0.0
193.0	29.325576697912314	23.9718207152492	20.714906845056728	25.987353386238677	3.4235554307859796E-4
194.0	29.5384452089327	22.20395173280993	23.190814956083774	25.066788102173597	0.0
195.0	27.285164527051613	20.691925396709888	24.51412402775578	27.507929917083672	8.561313990471257E-4
196.0	29.30232038443588	21.666375870133418	25.74606500720688	23.285238738223814	0.0
197.0	26.232374690735032	22.999943262021144	23.191219024072378	27.57560335682515	8.596663462976749E-4
198.0	28.467119942979917	21.842155386613555	23.72004312703774	25.970681543368784	0.0
199.0	26.108292173383695	22.24055396449868	24.801117890396934	26.84917126689633	8.647048243611562E-4
200.0	28.698851194985526	22.681202284465016	23.63836683582224	24.981579684727222	0.0
201.0	25.668645757207535	19.93046516555604	28.03845172561416	26.362091407172294	3.4594444996994606E-4
202.0	25.567984749370538	24.544587246107554	28.081155629594456	21.806272374927453	0.0
203.0	27.36537576435006	24.14411826792308	21.424641226974334	27.06499960203619	8.651387163417783E-4
204.0	26.197494823783686	23.23876698331065	22.92157502333948	27.642076646936626	8.652262956114857E-5
205.0	27.887056551332662	23.671795635040816	24.662313591045102	23.77788238388866	9.518386927620455E-4
206.0	26.42712187101101	20.884965708227863	24.390471863438698	28.297440557322428	0.0
207.0	26.643307796109607	23.738019418215245	26.35663074836386	23.26160925191313	4.327853981668942E-4
208.0	29.413883261475593	22.085173064602703	20.508285283881357	27.992658390040344	0.0
209.0	27.763110155526828	19.825535632797013	25.10025120167225	27.31032368733921	7.793226646946917E-4
210.0	26.163007715711245	23.14418914015158	24.060218748944493	26.632584395192684	0.0
211.0	25.658660147563435	25.12736593982246	24.9781912087398	24.23526293129213	5.197725821695481E-4
212.0	29.600999818860835	21.572287961005678	23.6091068799082	25.21760534022529	0.0
213.0	30.800277512791606	22.21689359118897	22.18073020553291	24.80175179949701	3.4689098950654754E-4
214.0	28.841432138495946	24.490651419406408	23.959410071280594	22.708506370817048	0.0
215.0	26.470209642293053	24.567304012635592	22.520369326681557	26.441769122118547	3.4789627124776475E-4
216.0	26.519478643260346	23.792715241122206	25.497889343829062	24.189916771788383	0.0
217.0	29.977793634530673	21.85900779577608	25.316856133142224	22.84563154850078	7.108880502384585E-4
218.0	25.153659246692285	23.45684781084996	25.306689478924422	26.082803463533338	0.0
219.0	27.427655422865488	21.973511692062054	23.621347764969457	26.97693956934223	5.455507607705359E-4
220.0	29.18110661564095	20.902932518673843	24.232743690677587	25.68312592730478	9.124770283908102E-5
221.0	25.924810096352562	21.73186615352114	23.383637515959254	28.959502530517767	1.837036492729928E-4
222.0	26.455669542578747	24.134373350231908	23.94268711443557	25.4671772114199	9.278133388012466E-5
223.0	30.97016188484511	21.851821204507498	23.75323468789023	23.424124001384143	6.582213730121715E-4
224.0	31.107538720033663	21.80539085134545	23.446363661235438	23.640706767385453	0.0
225.0	32.75007257554973	18.615296459261874	22.99155467263209	25.641937852560638	0.001138439995673928
226.0	25.756633081202317	21.57102778433869	25.8737693490872	26.79856978537179	0.0
227.0	27.27052070711778	22.415299655140274	25.625155342218907	24.687567962220772	0.0014563333022648895
228.0	27.886584097754824	27.819116476842787	22.48136341224083	21.812936013161558	0.0
229.0	27.86425105933872	25.030716884835307	21.102992139627933	26.00203991619804	0.0
230.0	26.58105534115759	22.669357289409447	26.186797013567652	24.562790355865314	0.0
231.0	26.41032030516207	23.394917933719462	24.107581534103232	26.085465153231752	0.0017150737834830323
232.0	24.90359926511242	24.371404310921154	24.96243896649079	25.762456009714636	1.0144776099719091E-4
233.0	23.510868682632825	25.138524441045785	20.96290289259384	30.38688172772431	8.222560032396886E-4
234.0	27.14241349780366	20.537390091419265	26.812726966643417	25.506528378868694	9.410652649673816E-4
235.0	25.614121595811433	21.757919430632697	27.55571404234066	25.07213911659607	1.058146191361506E-4
236.0	28.849959678415228	23.46447781131646	23.3069498090228	24.378612701245515	0.0
237.0	28.49855223346455	23.722332476602574	22.522692520415134	25.25642276951774	0.0
238.0	27.987617460919672	22.200704902979616	23.524734836613167	26.286942799487544	0.0
239.0	28.552984418679717	22.16353740979956	23.88685310046048	25.39539652455362	0.0012285465066280085
240.0	25.975205918601997	21.14492006188757	26.366884865916006	26.51298915359443	0.0
241.0	28.742302893709503	20.54803971735593	22.902448700331746	27.80364401566156	0.0035646729412576396
242.0	28.143098351303227	23.283102154658245	19.94387170015732	28.629005768421777	9.220254594279984E-4
243.0	27.81083066856435	22.55746196927968	25.171785179571543	24.45668749191327	0.003234690671152104
244.0	27.148071444364824	22.525071396901946	25.10276870645136	25.223162347351863	9.261049300038317E-4
245.0	28.991064616297972	21.277251992662457	22.713453167504237	27.015911151720633	0.0023190718146968857
246.0	25.1592264237484	26.450455471757266	22.69323440103577	25.694296878175095	0.002786825283472384
247.0	26.377489844076184	22.50934182170466	24.352468997247172	26.618580368741735	0.1421189682302467
248.0	26.72006426338675	22.498239159919205	22.779857153667496	27.991478116104844	0.010361306921702281
249.0	25.562112514619066	21.73766022669899	28.86348504511942	23.819951423310982	0.016790790251547026
250.0	27.937268156542107	20.469775910953413	23.406401275299714	28.186087171971458	4.6748523331019285E-4
