# Position (bp)	A	C	G	T	N
0.0	23.187161513521346	24.214167979858356	26.308754007498774	26.289554239345037	3.622597764857179E-4
1.0	22.57412155574013	31.15235997255426	23.37835397782673	22.81391065689213	0.0812538369867466
2.0	23.674242424242426	26.110438990667127	22.471626915543265	27.742971540500054	7.201290471252449E-4
3.0	24.705251682862684	21.642099809677315	24.308416292197492	29.334158424746988	0.01007379051552623
4.0	26.330644001495674	22.986956021514654	24.100440072482527	26.581959904507148	0.0
5.0	28.204004511721138	24.60253029965587	22.603507360283924	24.589957828339067	0.0
6.0	26.80651846337212	23.619228965857882	24.39019152370692	25.18048183370259	0.003579213360487632
7.0	26.356251606087426	24.094523598777943	23.390343488564657	26.157810581617795	0.0010707249521742855
8.0	28.473631102854924	24.532291246973752	24.81040279823007	22.183674851941255	0.0
9.0	27.53254696684672	24.26131453829714	23.418880619041353	24.786902268419574	3.556073952113908E-4
10.0	25.300999303472686	23.11155808895649	23.803820949835817	27.783621657735008	0.0
11.0	26.650920356699277	22.307311218722525	22.5372259514074	28.504193588902687	3.488842681105824E-4
12.0	27.75801079472457	25.94522727820699	20.43971108439794	25.857050842670503	0.0
13.0	24.21888521252227	25.121913973021126	24.377704250445404	26.2814965640112	0.0
14.0	24.787745670952056	23.234460430688213	24.002874837114955	27.97491906124478	0.0
15.0	23.871951719500796	26.98591272118996	22.864030700100038	26.27810485920921	0.0
16.0	26.458984641582767	25.460980000909938	19.366034694554035	28.71400066295326	0.0
17.0	24.908273130985968	26.577702147041332	21.12469793393135	27.388694188944697	6.3259909664849E-4
18.0	25.440779272745463	25.683989396288702	20.928575001250437	27.946031110888814	6.252188265893062E-4
19.0	25.159887479089242	24.657406224786374	24.353363010775468	25.82903176566243	3.1151968648658753E-4
20.0	22.829126465304913	25.595844367488287	24.15229911665031	27.422730050556492	0.0
21.0	24.26735628587293	22.637486693846498	23.52405231043908	29.570797939731946	3.067701095476061E-4
22.0	23.74701200650769	25.099751265636787	23.897888636081326	27.255348091774195	0.0
23.0	25.100186210761656	24.32069229424916	23.244707456264578	27.334112726812542	3.0131191206513155E-4
24.0	27.8222009655193	22.10501143378122	22.726172149401407	27.346316528913267	2.9892238480278596E-4
25.0	24.3366909779373	26.12985575181893	20.447378416656115	29.086074853587657	0.0
26.0	26.31917291908838	25.829546655394697	20.630643324292272	27.220343560299177	2.935409254758298E-4
27.0	23.527566626309294	24.867861362163936	22.09786027749847	29.5067117340283	0.0
28.0	28.968411006098982	24.18408678243866	23.118511103868894	23.72608128870059	0.0029098188928721076
29.0	27.727158667116612	23.002419910760384	23.60638810292264	25.663744891219388	2.884279809752904E-4
30.0	23.988913011764907	23.14108449966962	25.819581863792518	27.04984854075669	5.720840162586277E-4
31.0	27.773593088414877	23.466406455073553	22.933714520491662	25.826000616290617	2.8531972928864084E-4
32.0	24.011489799012754	22.276507685136828	24.37426644428346	29.337455284689817	2.807868771445098E-4
33.0	24.840305967930604	24.03426440719408	25.585498475995188	25.53993114888013	0.0
34.0	26.204932226008886	26.349413801850684	22.339774344042617	25.105603899899638	2.757281981713706E-4
35.0	27.05723318554103	23.092341397473547	25.69968275381751	24.15074266316791	0.0
36.0	25.10214763518976	24.66971579527175	26.72746654682075	23.500395984796377	2.7403792136755883E-4
37.0	25.258864393408135	26.83013017180926	20.908299000701263	27.002706434081347	0.0
38.0	26.350614849505654	25.037110070385886	21.529318324980142	27.082682880070113	2.7387505819844983E-4
39.0	22.817461404075644	25.340230124262717	23.058155391381018	28.783879253218835	2.7382706178086166E-4
40.0	26.660259990581636	25.917195080548893	23.720033730875798	23.701963618841106	5.475791525665035E-4
41.0	22.762039815159547	25.61129848229342	21.532598935634347	30.09132520093734	0.0027375659753400058
42.0	24.364340087975496	25.789083264673764	21.103443745226905	28.742585450374868	5.47451748971475E-4
43.0	25.246938077317825	25.3744782757441	24.601300034211427	24.774820390010262	0.0024632227163872734
44.0	29.915362534581508	24.657605468461394	21.835535695228504	23.5909490177621	5.472839664952756E-4
45.0	25.65980639477299	23.602819259834853	23.931422817837074	26.80321544464083	0.002736082914256634
46.0	24.896724172835857	24.85076301001844	23.324469394789972	26.928043422355728	0.0
47.0	26.624302092423342	22.48924244372287	21.855688716123613	29.029946082279917	8.206654502580994E-4
48.0	21.457166608330418	24.22093760938047	24.22421902345117	30.09767675883794	0.0
49.0	20.324454093546464	26.017302760019906	24.26487878771307	29.392544063523662	8.202951968981904E-4
50.0	25.186675817039927	24.754676123267558	21.428551898748022	28.62982274341679	2.73417527704031E-4
51.0	22.827929356443764	29.223030236754333	20.886051725080648	27.061621739843623	0.001366941877631363
52.0	22.530224171140528	27.452426813108755	20.533311476305617	29.484037539445108	0.0
53.0	23.15068232013355	24.317067126357898	23.33368736094204	29.19801853470696	5.446578595490778E-4
54.0	22.788481176390498	30.113690516713188	21.948124446865	25.149703860031313	0.0
55.0	23.77097638495666	28.07581329254667	21.795101261566163	26.357837873018973	2.7118791152765576E-4
56.0	26.815327382566352	25.24999728853266	24.55287903601913	23.381796292881855	0.0
57.0	22.38944363258766	28.24701292433826	23.69136669386914	25.6697366601688	0.0024400890361377186
58.0	25.458892801665595	24.65754167378286	23.012277805338908	26.87128771921264	0.0
59.0	27.65373199062089	21.235006302435586	25.68466136268145	25.425244981770373	0.0013553624916984048
60.0	22.670192388450733	22.18793433704419	25.205840199188835	29.936033075316242	0.0
61.0	24.841580537230946	25.19458705281552	24.435203120978557	25.524294596534958	0.004334692440025466
62.0	25.258914711882035	21.078623925534423	24.512037536199298	29.15042382638424	0.0
63.0	27.337346068621027	23.790897122641255	23.52949143727076	25.340098277702232	0.0021670937647294652
64.0	23.815287797058122	22.791154870994994	23.904919737440697	29.488637594506184	0.0
65.0	22.7178819279914	26.68574693285172	23.254006720513814	27.339656717670728	0.002707700972335419
66.0	23.78950047518351	23.489498579864673	23.98932123217385	28.731408952944648	2.707598333202466E-4
67.0	25.112904099203988	26.64997021714409	20.736178047327666	27.500676883088754	2.7075323550116424E-4
68.0	23.01100829006005	21.223041060434593	27.621440445313215	28.144239464151312	2.7074004082759814E-4
69.0	23.123071092100275	25.17461692565921	25.531431046618657	26.168715144295845	0.0021657913260057396
70.0	24.706312157499493	23.556457614505106	24.31770516203234	27.419525065963064	0.0
71.0	24.665114042245072	22.57528517315725	26.34211052452408	26.416679725282744	8.105347908550061E-4
72.0	24.415070791224643	24.575806447255744	24.71925288986501	26.288249007896308	0.0016208637582967964
73.0	22.966702319601552	25.886461608271482	23.11633660692099	28.02752838729891	0.002971077907064683
74.0	23.839875547585223	26.943623704295877	23.32969626912835	25.88572416289006	0.0010803161004910038
75.0	25.656052262728778	23.051017735083708	22.45606738629643	28.835512297350945	0.0013503185401436198
76.0	25.306771660347604	24.368363632435702	24.988928135498018	25.334316298864728	0.0016202728539486048
77.0	24.48885360637677	24.576609854621648	22.75127989112825	28.18271660942259	5.400384507376926E-4
78.0	25.36470778826293	28.41197197359362	19.62415455024098	26.598355676157304	8.10011745170305E-4
79.0	23.829541374068885	21.68314933758832	23.758804932111914	30.72688443771278	0.0016199185180985395
80.0	23.131163428546746	23.845196541326185	30.188618123213228	22.832592304639732	0.0024296022741077286
81.0	24.66871283226571	25.095762169691376	22.524288093637722	27.71096696171403	2.699426911666653E-4
82.0	21.077236595273764	21.933951442028693	25.244206917958888	31.742985545973525	0.0016194987651321916
83.0	23.39003087685963	23.544145272385723	24.058849567076198	29.006164575821042	8.097078574050482E-4
84.0	23.83221961935811	26.376399339328316	23.217697796681527	26.573143480185244	5.397644467954185E-4
85.0	24.95034542314335	28.283948618307424	20.433398100172713	26.332037996545772	2.6986183074265976E-4
86.0	28.053312032986753	23.09666381522669	23.150904140344817	25.697500897259108	0.0016191141826306828
87.0	20.444782627466218	24.23234252903337	24.650304364719595	30.672030825022667	5.396537581487717E-4
88.0	25.097334531296795	27.29764805236503	25.57759916250482	22.027148442242783	2.6981159056630756E-4
89.0	25.245104651727466	26.578409207409525	23.5880515191902	24.587895040711384	5.395809614253571E-4
90.0	20.56571706053739	25.700874069278086	25.997086435739718	27.735782885507714	5.395489370885939E-4
91.0	27.48048977213565	24.216151474360874	25.096370949250478	23.206987804253	0.0
92.0	26.670784734735275	23.732210485428514	23.18517279701341	26.411831982822804	0.0
93.0	24.47058442731949	26.861215032677976	22.065388319006093	26.60281222099644	0.0
94.0	27.057782716702043	22.59575833915485	22.48598115716478	27.857780558919597	0.0026972280587240494
95.0	22.54134616421952	28.083296473304348	23.273602105876385	26.100676426483123	0.0010788301166215356
96.0	24.686283869610595	24.65931493512623	24.500467911013306	26.153393905560186	5.393786896873492E-4
97.0	24.95246879121057	25.357529078312552	23.853789956554454	25.836212173922423	0.0
98.0	27.172215915066435	23.2286405397607	24.287343830478033	25.311799714694832	0.0
99.0	20.18249975072022	23.905527004411578	28.931546423980446	26.98042682088776	0.0
100.0	21.104937240297712	26.816636036842016	23.44636726686751	28.63205945599276	0.0
101.0	24.676570529316816	20.348907709760955	29.21199350042172	25.76225879208086	2.694684196485593E-4
102.0	23.7778274824095	25.572583883303107	24.305744567897573	26.343844066389817	0.0
103.0	27.154921531430542	25.026407691644394	23.93479994826248	23.883601362421317	2.694662412692938E-4
104.0	25.231469006327	26.607079340784896	23.011091110943447	25.14982161527103	5.38926673636785E-4
105.0	28.204886382314818	22.713836486461	20.8992948239485	28.180635008743966	0.0013472985317140602
106.0	24.917209397575427	25.437261025498696	23.25708604025146	26.388443536674416	0.0
107.0	27.305772920304385	25.92883011058656	21.11276380176335	25.652363706913277	2.6946043243010194E-4
108.0	23.77327682139191	23.075948923695407	25.856099328808423	27.29440547946682	2.694466374406881E-4
109.0	24.735679258500834	25.480142264374628	25.931993317885432	23.851915719135636	2.694401034649997E-4
110.0	27.102300129596152	24.103536816353362	22.811886203263885	25.982007420120546	2.6943066605954956E-4
111.0	26.648597385522304	22.66814669526139	24.70498216421851	25.977465486954554	8.082680432369518E-4
112.0	25.25870825037516	24.26752090007032	24.996295508000355	25.477205923954187	2.694175999741359E-4
113.0	28.618998868473515	21.771916590333532	22.889972520071126	26.718573198987016	5.388221348132981E-4
114.0	25.448706550495988	22.370129695186673	27.947238252267105	24.233117264493046	8.082375571828072E-4
115.0	26.44709368896073	23.691250757728834	25.858153162255	24.00323297635886	2.69414696571698E-4
116.0	24.05727602139095	25.797917480501635	25.52931826447728	24.61521882619179	2.6940743833937255E-4
117.0	24.905437734385103	28.457853786801156	22.58664166558903	24.049797405060563	2.6940816414500624E-4
118.0	27.44813317133228	22.78180236050982	25.55153546287491	24.217990199115818	5.388061671753895E-4
119.0	26.949292268566165	22.310647492092915	23.83926117903154	26.90052965359685	2.6940671253764957E-4
120.0	25.247240683518456	21.96515596839414	26.035231965775584	26.752101983582843	2.693987289767967E-4
121.0	25.76932713004545	24.544923100961473	26.048151809935856	23.637328563231243	2.6939582598107224E-4
122.0	28.452781190060563	22.050171332514385	24.4663369323937	25.02990237279369	8.081722376672917E-4
123.0	25.957883564245478	26.658028226686316	22.9606501997527	24.42316861929533	2.693900201773125E-4
124.0	23.707455047477943	25.658293487776955	23.043437268502927	27.59054481783285	2.6937840932049294E-4
125.0	27.600168091674615	23.739716506925703	25.201898573914544	23.457678072117794	5.387553673503472E-4
126.0	24.211249393890416	24.000862022520337	26.794353752491784	24.993265449059855	2.693820376057324E-4
127.0	24.653039674159	22.321563260996054	26.99663814839558	26.028220158179426	5.387582699394436E-4
128.0	26.84379529009908	21.102963757145396	26.592460494911347	25.454045870620494	0.006734587223679886
129.0	23.19973924099735	27.720190504924254	23.930564834170205	25.14573411201862	0.003771307889576105
130.0	25.57377137500404	24.3944422295732	23.954281465837706	26.077504929585054	0.0
131.0	25.384528356777665	23.189416917631466	25.439480220022954	25.986035761810612	5.387437573067122E-4
132.0	24.918313637918637	26.91730619523377	22.226232837782874	25.933298674431697	0.004848654633024187
133.0	28.536103134882367	25.89577687869368	23.05154050457653	22.514155187182485	0.0024242946649355407
134.0	27.3521402193149	22.945909327213418	21.892163438357752	27.80978701511393	0.0
135.0	25.86472079235657	23.65163893580285	27.432140865784778	23.051499406055807	0.0
136.0	26.25054881120087	27.425206797447586	24.814885645253824	21.504240997476142	0.005117748621574812
137.0	28.58562732316975	21.258417281689383	25.318105909605126	24.837580132521683	2.6935301406022733E-4
138.0	26.21794371075874	22.543978494913283	27.19434575675872	24.042923980703602	8.080568656551591E-4
139.0	24.97696994510497	24.45280050854671	25.569825510297534	24.999326606582017	0.0010774294687734003
140.0	27.790273269673666	22.379560667483737	26.293956820967285	23.535939877978155	2.6936389715686405E-4
141.0	25.98272272040384	24.402877930389856	26.075385398624608	23.53874458233106	2.6936825064176984E-4
142.0	28.680103225528384	23.371477213341738	23.000005387553674	24.948414173576204	0.0
143.0	26.581954538842407	23.54223124956225	25.492298326051	24.383515885544345	0.0
144.0	28.536101136519754	24.241354880246536	22.795046616436032	24.427497366797677	0.0
145.0	29.165488129776442	22.795193185767047	21.675111725297196	26.363668199438074	5.387597212457202E-4
146.0	26.607296304976174	24.36582271320398	23.863168017584833	25.160749833660624	0.0029631305743893933
147.0	27.49459234496933	21.91507759277866	26.2603270722161	24.325154283159094	0.004848706876813214
148.0	22.734570295664167	24.366433928109647	25.071653305749503	27.827342470476683	0.0
149.0	27.430512529026068	26.931614307495867	23.185567510196165	22.44934243490348	0.00296321837841915
150.0	24.573899222822355	25.454790350605442	22.455450345487115	27.515860081085087	0.0
151.0	26.656519396551726	25.670797413793107	24.192349137931036	23.48033405172414	0.0
152.0	28.715786637931036	22.637661637931032	22.768318965517242	25.87823275862069	0.0
153.0	26.9525556785823	22.758780472692102	24.41991093582045	25.868752912905148	0.0
154.0	25.061759991379194	25.07118899769663	24.712078557092635	25.153356052748556	0.0016164010829887256
155.0	25.421517544025168	23.190675533248335	26.948549925737435	24.438987441405356	2.6955558370913874E-4
156.0	28.313722318817142	21.278826843502756	25.660911406736485	24.74653943094362	0.0
157.0	23.36453132918558	24.1551740869734	27.241457392091956	25.238837191749063	0.0
158.0	24.095031163061527	22.778149194504948	27.592788285276804	25.53403135715672	0.0
159.0	27.9511108954556	20.892975560839115	24.4531784926758	26.70246548163963	2.69569389856643E-4
160.0	25.853749272143027	23.035055748452628	26.148396558045246	24.962798421359096	0.0
161.0	26.13202282781284	19.705028426935094	28.178654323616865	25.98267695733399	0.0016174643012149851
162.0	27.58662522207275	19.835174167041842	25.45769227658605	27.120508334299352	0.0
163.0	24.309642494156595	23.10753212861691	30.239047154322503	22.34377822290399	0.0
164.0	27.402035451910763	24.894520455617712	23.571072319201996	24.13237177326953	0.0
165.0	28.122354565110726	21.359746793126316	26.522287704692634	23.995610937070328	0.0
166.0	24.926869643285624	23.434066748806323	23.06093342643693	28.578130181471128	0.0
167.0	25.302634062171414	24.55016041627349	25.726726159984903	24.42047936157019	0.0
168.0	24.3933609421509	24.400101376127	24.751952029679476	26.454585652042624	0.0
169.0	27.086293595049675	20.964989147579438	26.306806692101325	25.64191056526956	0.0
170.0	29.87820825660121	21.805494514383398	24.45757241580138	23.858724813214014	0.0
171.0	26.705887428146198	22.517336583156283	26.054754483785036	24.721751884645666	2.69620266816216E-4
172.0	26.295515564516997	26.482322115954844	23.034622559114972	24.187539760413184	0.0
173.0	29.308630062773407	20.90362436222599	23.377365457647493	26.41011058792454	2.6952942857065847E-4
174.0	26.335876833840505	25.892493753554476	22.6672524534313	25.10437695917372	0.0
175.0	25.52783730238952	24.129705252092347	23.704093047076107	26.637286216795374	0.00107818164665292
176.0	23.063341842166977	24.08251502074197	29.65333017059897	23.200812966492087	0.0
177.0	24.36072997816535	23.91487182251934	24.717901717119982	26.984392268916622	0.02210421327870178
178.0	23.366884289634427	21.97812269191165	26.512084274539188	28.142908743914735	0.0
179.0	24.917645663390463	25.532809644218485	24.88206212024003	24.66667385526124	8.087168897826708E-4
180.0	29.23127600461164	20.742398755828678	25.583272807782553	24.44305243177713	0.0
181.0	29.997028873943226	22.059800664451828	24.295978175728603	23.647192285876347	0.0
182.0	25.97890142655741	21.82454586211926	25.17325569461624	27.023026937681966	2.7007902512275094E-4
183.0	21.809126927325416	23.926787966521456	27.26681016671753	26.997274939435595	0.0
184.0	23.51101412011279	21.74681028056567	29.011051932197528	25.72896297656731	0.002160690556701922
185.0	25.328814108623437	26.282442541928862	23.1009803656791	25.28749291057877	2.700731898344451E-4
186.0	25.948683322079674	25.009858203916274	23.499797434166105	25.541661039837948	0.0
187.0	25.67149500009457	22.372178856384775	26.211338883079762	25.7449872604409	0.0
188.0	30.92542556065928	25.77708727370981	22.235071602269656	21.062415563361252	0.0
189.0	24.420414383450602	23.81083622450634	25.23021302811193	26.53826616084649	2.702030846384142E-4
190.0	29.943200549079375	20.38024827466939	24.707220718018558	24.969330458232676	0.0
191.0	26.383433136430607	24.1811865529407	24.917882101677503	24.51749820895119	0.0
192.0	28.32245540228518	20.878868334676177	24.754367845304465	26.04430841773418	0.0
193.0	26.625367742493726	24.851821406939518	23.39166738773038	25.131143462836373	0.0
194.0	26.670975138853585	23.128383457630054	24.92901837139751	25.27162303211885	0.0
195.0	27.22739208861701	19.846066890048164	26.047472624948952	26.87906839638587	0.0
196.0	27.541199091827533	23.849032622510947	27.018945607421813	21.59082267823971	0.0
197.0	27.731407416662368	24.1428575308756	21.016321220302522	27.10941383215951	0.0
198.0	27.828882833787468	21.262942779291553	24.444141689373296	26.46376021798365	2.7247956403269756E-4
199.0	24.639281507656065	24.016817170527418	26.223661824368538	25.120239497447976	0.0
200.0	28.444049365480158	23.60430175549581	21.85180539573642	26.099570806088334	2.726771992779508E-4
201.0	23.66957816458371	21.08358989602053	31.102215119973163	24.14461681942259	0.0
202.0	23.206366695940087	27.283463063672414	30.263078945502347	19.247091294885152	0.0
203.0	26.17011117931928	24.162881113157354	22.575813382443215	27.091194325080142	0.0
204.0	23.953231373726073	24.575357790905493	23.34311090494836	28.12829993042007	0.0
205.0	27.72035429138993	24.587833376082603	24.254116208885662	23.437696123641803	0.0
206.0	25.940884790564272	20.415787707027402	25.08480311758911	28.55852438481922	0.0
207.0	25.89264756456376	23.888182279697144	27.768285559880123	22.450884595858966	0.0
208.0	29.087925828450995	21.47666031461754	21.342885067952366	28.092528788979106	0.0
209.0	26.72133206636303	20.419520080387084	25.380091090795897	27.47905676245399	0.0
210.0	25.195132209240718	25.117570911236008	24.511828097945717	25.175195678415562	2.731031619884095E-4
211.0	27.85949787891949	25.050875884694072	24.963738127822076	22.125614949451904	2.731591124514118E-4
212.0	28.583645956572468	21.327963408736327	26.32729398971007	23.760550180469906	5.464645112284796E-4
213.0	31.76706992003281	20.57357665231358	23.090697833367507	24.568655594286103	0.0
214.0	29.51133630819656	24.218414421611627	24.749184010155755	21.52106526003606	0.0
215.0	24.64591719024433	24.64317714141666	24.725104601363995	25.98580106697501	0.0
216.0	25.922281121043973	23.502283822487588	26.127921625056167	24.447513431412276	0.0
217.0	29.219349230901674	23.085168718428644	25.442311377212253	22.25289297050517	2.7770295226008546E-4
218.0	23.998350570988563	23.50015568590159	26.74122759034691	25.759985637624933	2.805151379994221E-4
219.0	26.242497135658628	24.723968694601357	22.92271123448838	26.110822935251633	0.0
220.0	27.68156600140556	22.11559887783612	24.064530136728013	26.138019300761634	2.856832686736868E-4
221.0	24.44114638117606	20.86021815247619	25.28176827423236	29.416867192115387	0.0
222.0	25.104303254261534	23.10604188411654	24.927823601754913	26.861831259867014	0.0
223.0	28.988333684728374	22.026905146765994	25.569552791247922	23.415208377257713	0.0
224.0	29.930181481231692	22.352482354769563	23.89341606383072	23.82392010016802	0.0
225.0	30.748683552496104	20.751331156414558	23.586326596652253	24.91336451622393	2.9417821316153327E-4
226.0	24.60425146992311	21.263040606719564	27.527324245719026	26.6053836776383	0.0
227.0	29.2926334351938	22.566823282161536	25.716546084813935	22.423393282040752	6.039157899822449E-4
228.0	26.74059858128462	25.876068895151107	23.384814400932854	23.998518122631427	0.0
229.0	28.402179946820095	24.664252000380294	24.380257802939923	22.55331024985969	0.0
230.0	27.841265234159103	19.80046995470279	27.366061365832874	24.99220344530524	0.0
231.0	24.984578780401833	23.838058311093206	26.115678030112292	25.06137015962536	3.147187673095322E-4
232.0	24.54670702959597	25.163526742547287	24.413357685914896	25.876408541941842	0.0
233.0	23.954655030557593	24.581813990863136	23.93928819538931	27.524242783189962	0.0
234.0	26.350884736663797	19.89191619107185	27.69264847679358	26.06357334584213	9.77249628645141E-4
235.0	25.521093114220463	21.917084503714594	27.818103063554982	24.743719318509964	0.0
236.0	27.935685309726182	24.110950906946027	24.86077361807103	23.092254072602735	3.3609265402286106E-4
237.0	28.45132758380765	24.75724036343519	23.280487929050718	23.51094412370644	0.0
238.0	26.5241706781711	21.67211679938802	27.117884820145623	24.685827702295256	0.0
239.0	28.18064092763822	22.6509733290051	25.776027868240188	23.392008824011924	3.490511045722204E-4
240.0	26.277029812763903	21.355862323888598	25.721150428638452	26.64595743470905	0.0
241.0	27.212140620552233	20.942926273840023	25.44264161685169	26.400512382578995	0.0017791061770566468
242.0	25.570531830233996	24.435356379429095	21.490180964310312	28.502860242451494	0.0010705835751067907
243.0	27.67387941597808	24.23147959602888	24.023921034863406	24.06857649122431	0.0021434619053232874
244.0	26.428776153625684	21.594654628833474	26.734021209515618	25.240756663800518	0.0017913442247062196
245.0	25.23069066952438	22.932774257582405	25.551823589064938	26.282194204503774	0.002517279324506074
246.0	24.491148450303456	24.371206800295354	24.742197489509607	26.393286149080623	0.002161110810956832
247.0	25.970039425605364	23.297178165500974	27.07525493180777	23.512161338378466	0.1453661387074317
248.0	28.270336241261774	22.25323531110983	24.707522098330347	24.759879253567508	0.009027095730544804
249.0	24.856852939044717	20.767920562441113	31.03645720084076	23.323548597521203	0.015220700152207002
250.0	26.659691493922153	23.418052618959393	22.72780114945034	27.19372815717389	7.265804942200521E-4
