# Position (bp)	A	C	G	T	N
0.0	24.60847948281905	24.085391974867914	25.129879402334065	26.17611932548388	1.2981449508652135E-4
1.0	22.219493182931668	30.788884824056684	24.347734473669583	22.569427836804028	0.07445968253804101
2.0	22.756953683812714	25.904934988884808	22.571345837463504	28.765346666830045	0.0014188230089237518
3.0	26.208885521208654	21.244735851877053	25.013079829485413	27.52260297627332	0.010695821155561055
4.0	25.749779954658102	23.080583276296466	25.097145108876568	26.072105333306723	3.863268621437664E-4
5.0	29.42290362688035	22.926074984386023	21.71735071206801	25.932770179655584	9.004970100283206E-4
6.0	26.3639000437639	24.45670518146618	23.6976389311341	25.475723869036848	0.006031974598969944
7.0	26.805452143167457	24.808571388294755	22.427487803033898	25.957783823753676	7.048417502117729E-4
8.0	27.88931535190026	24.237551561767862	23.871530222685386	24.001410827267115	1.9203637937170818E-4
9.0	26.743265418185764	27.00607213776282	21.890790910309864	24.35967998365439	1.9155008715528965E-4
10.0	24.260863851717936	24.11395203006876	23.08352795056414	28.54165616764916	0.0
11.0	27.12236640777588	23.717760798764054	22.6711270593445	26.488436500014224	3.0923410134714744E-4
12.0	28.98693501770061	24.720621773913805	20.07359454356691	26.21878770181042	6.09630082562202E-5
13.0	25.13417569700918	23.589213442014547	24.65111910418681	26.62525092089625	2.4083589321818166E-4
14.0	26.651702349965937	22.203831397528504	22.549647776302937	28.594580064359278	2.384118433467301E-4
15.0	24.984435437255758	24.806336975421477	23.335998752490035	26.87317021124424	5.862358849054812E-5
16.0	26.129881691867002	25.82504964432407	20.552316590598362	27.492520833273115	2.3123993744959693E-4
17.0	27.240701731528556	26.366260997899115	19.56824383480253	26.82344563680974	0.0013477989600607857
18.0	25.838690393872206	26.622341730646546	19.539590201597974	27.998987325960588	3.903479226798835E-4
19.0	24.23371573141258	24.313241813638335	24.087141508732895	27.365290913507344	6.100327088446979E-4
20.0	22.713318832060217	25.54414078859043	23.969309114780156	27.773011714635583	2.1954993361358884E-4
21.0	23.840858324495944	23.009952890848275	24.144624932391913	29.00423704580029	3.2680646357823663E-4
22.0	23.16373290719205	26.15050877974163	25.46310828644146	25.222542342675098	1.0768394976113007E-4
23.0	23.600424245478987	24.355454653670485	23.69168635433077	28.351952161925364	4.825845943983725E-4
24.0	28.507706400095582	21.649023590478848	23.211544333373162	26.631513268814633	2.1240723777662723E-4
25.0	24.721058802062906	25.301592062130478	19.266237838268633	30.710639404533946	4.718930040289176E-4
26.0	25.859479527898987	26.104206134139208	19.71051473501611	28.32569519739696	1.044055487372932E-4
27.0	24.126122209171815	24.00997183301246	21.393043384876368	30.470758308687873	1.0426425148954518E-4
28.0	27.155175756861272	23.41279012950832	23.781041123429233	25.648304271908014	0.0026887182931602627
29.0	28.53982900857413	23.057695918934364	23.004328255644925	25.397481639835302	6.651770112778203E-4
30.0	23.438074749478893	23.027573788333097	26.733685094792182	26.80031170105072	3.546663451025138E-4
31.0	26.097739207563524	24.47945329745094	22.124318385695425	27.297733159968956	7.559493211575096E-4
32.0	23.574265653762712	23.114933594775017	22.918254826969985	30.391998211468014	5.477130242671724E-4
33.0	23.90383953329394	25.00115907088877	25.777046056051685	25.317758051103684	1.9728866191924383E-4
34.0	26.337678369362354	26.0153521340642	23.72154540244243	23.925424094131017	0.0
35.0	25.931437734194663	22.442382360706407	26.33385894669021	25.291884965762467	4.359926462573665E-4
36.0	24.15026314197568	24.240808178573587	26.642211602443894	24.966329925594337	3.871514124977315E-4
37.0	24.32938811170205	26.16811036687368	20.432461824103036	29.07003969732123	0.0
38.0	27.636987957634084	24.760797020844414	20.63568215892054	26.96638777385501	1.4508874594960583E-4
39.0	22.580771505260657	26.552267868808226	22.915815437164877	27.950951773305476	1.934154607615637E-4
40.0	25.824540028573708	25.345894161245642	22.574389545213904	26.25512791689934	4.834806740687558E-5
41.0	23.176758027775737	24.67296216513066	21.26253524177112	30.882861960544687	0.004882604777797974
42.0	24.79665581165352	26.789518282004444	19.515193231962947	28.898584336781575	4.833759751506079E-5
43.0	25.449619120853306	26.149029327283476	23.031044997435995	25.366295010848084	0.004011543579137846
44.0	30.011196963627025	24.829230598977148	22.237401724535363	22.921880761277546	2.8995158291817905E-4
45.0	26.040943411815697	24.882769297224584	22.086626785276838	26.985843411187567	0.0038170944953148794
46.0	25.381635962990355	24.33855966575178	22.260668583401895	28.019087474919544	4.831293641679377E-5
47.0	25.14092675190467	22.942957333818992	24.049067484941165	27.865357646468897	0.0016907828662827463
48.0	22.034657960319144	23.92452137627263	23.254641346135273	30.786179317272953	0.0
49.0	20.666780960015842	25.756376482292175	23.98668080040759	29.58808515981349	0.002076597470897452
50.0	25.578713652031066	24.494878037709462	21.146118134943208	28.78019359829561	9.657702065685896E-5
51.0	24.37333665519466	27.26784631369959	22.039149680753674	26.31739805555234	0.0022692947997419765
52.0	21.41982126235272	26.98924005150885	21.79065606265946	29.800234394216346	4.822926262280376E-5
53.0	22.876176294898322	23.35828526191349	24.400129280616852	29.363870107608797	0.0015390549625384402
54.0	21.659361597554653	31.017785126129066	23.15100958074963	24.171699421653976	1.442739126796571E-4
55.0	24.55728118932382	27.49520105229187	22.40397668883877	25.542150417699066	0.0013906518464739544
56.0	25.805591649445486	25.568107172481913	25.664817487449714	22.961483690622888	0.0
57.0	23.788579414563753	28.33974575641422	22.076762097905114	25.78983073600234	0.005081995114572621
58.0	25.454756378285975	25.071690103170475	22.615674893651292	26.857543064395976	3.3556049628438657E-4
59.0	28.519112714855368	21.37191075380507	24.983834468795134	25.122361926710823	0.00278013583360216
60.0	22.415958891153025	23.737820953347878	24.600848133364302	29.245372022134795	0.0
61.0	24.438420293248782	25.28194512084457	24.00289044329229	26.27104562121306	0.005698521401299934
62.0	25.222135604712587	21.41805738846293	24.909450651323237	28.450021164892707	3.351906085337614E-4
63.0	25.97576216081629	24.023567491991745	24.025913707163618	25.97221889708734	0.0025377429410046587
64.0	24.082289046782186	22.481634300878895	24.085254728109206	29.35077409065992	4.7833569790613334E-5
65.0	22.515058332053858	26.99866982541279	23.896077061160767	26.585603024437233	0.004591756935346628
66.0	23.476034530670148	23.770757215372836	22.955176037256926	29.79697997731946	0.001052239380632769
67.0	26.84364328553801	25.242196990711957	21.94628047788948	25.967066183292996	8.130625675559339E-4
68.0	23.1277678409167	21.04864704588279	27.62857607437661	28.194769916498487	2.3912232541679023E-4
69.0	21.99485910357113	23.915115431058187	26.574943509917148	27.512212617911842	0.002869337541695061
70.0	25.298444638316536	23.285991807046095	24.674656405248307	26.74062048200254	2.8666738652032616E-4
71.0	23.850159745017613	22.967847147736993	27.3766000697277	25.80439284509972	0.0010001924179699332
72.0	25.915752790914404	26.32905051051483	22.730231687682355	25.02329829580764	0.0016667150807713937
73.0	23.036106762352063	23.02144160410167	24.1458973743653	29.79188807246493	0.004666186716033018
74.0	23.928327792902948	26.78324817589482	23.87729521631481	25.410367134639838	7.616802475841645E-4
75.0	26.644179395490358	24.285062815840483	22.286865986526678	26.781368886451656	0.0025229156908219185
76.0	26.676938689636394	23.388082549365684	25.556012513018526	24.378157052472044	8.091955073465432E-4
77.0	24.40408394252476	25.660004312213797	24.01355729556608	25.921450122298385	9.043273969792609E-4
78.0	27.093553154173637	28.350986742690154	19.61939074915342	24.935450631929392	6.187220533957132E-4
79.0	26.985133982623	19.65273600207123	24.785024329325402	28.574250131355512	0.00285555462485627
80.0	22.54455691973687	24.49663327624172	30.3787510689806	22.577536488109036	0.002522246931781787
81.0	24.860470251420043	26.174819544063226	21.84773173740235	27.11640740402333	5.710630910502993E-4
82.0	22.263871347823233	22.3854559159577	24.752143552591633	30.59738709766453	0.0011420859629069514
83.0	24.260342077513712	23.033653864455687	24.017041063767422	28.68786854417201	0.0010944500911724512
84.0	23.53233667503639	27.851427206497075	22.595394131107245	26.019557265979675	0.0012847213796194656
85.0	25.281467422670506	28.33572736663157	20.55065462021465	25.831436900530175	7.136899531010542E-4
86.0	25.553545167829846	25.564725735907366	23.45450055926629	25.425515769120793	0.0017127678757063382
87.0	21.358469059403586	22.690087858011406	25.851273151451835	30.099503907654896	6.660234782790714E-4
88.0	26.013405514433046	26.528266702186365	25.545449355888337	21.912355146233324	5.232812589195669E-4
89.0	26.07780057377412	26.187684358590275	24.11363981236987	23.61992388050543	9.513747603130214E-4
90.0	21.786074432056015	25.460729099280794	26.157768560447504	26.59538034171772	4.7566497964153885E-5
91.0	27.20229482902458	24.93129496505532	24.357445019324924	23.50853711784162	4.280687535494034E-4
92.0	27.435924264835275	24.000875111172412	22.11391664566083	26.44923641794168	4.756038980495484E-5
93.0	25.719207366661877	26.702579872561543	21.301093566155664	26.276643607008637	4.755876122743455E-4
94.0	27.541667181868938	23.04685233605392	23.483807271866056	25.92382108245741	0.0038521277536768795
95.0	23.377668971663333	27.597852981444465	23.61501657533706	25.406322833638402	0.0031386379167433493
96.0	25.173279897439606	24.160419904172983	25.357924749733236	25.306663572609224	0.0017118760449576693
97.0	25.974059937834003	25.052030855712033	24.127053715053023	24.846570195413488	2.8529598745458443E-4
98.0	27.620635681383344	23.016919044956428	24.666174082061932	24.696176098045257	9.509355303747827E-5
99.0	20.532612890775763	23.02223688288182	28.81559509708673	27.62950759829877	4.7530956912236936E-5
100.0	21.48923691709869	25.70877795331276	24.86868145342968	27.933303676158864	0.0
101.0	23.61448004744814	21.721069179998782	29.312629265770422	25.351583885881134	2.376209015146907E-4
102.0	24.23093101014494	26.0949474929955	24.287489811098357	25.386631685761202	0.0
103.0	26.595623346208825	25.851037136165942	24.569491544755014	22.98361035919584	2.3761367438182427E-4
104.0	25.01749955686798	27.865519766539514	22.78154803004649	24.33500495880179	4.276877442275223E-4
105.0	27.86772358534951	23.11234988570641	20.267841443188246	28.748473313278488	0.003611772477343256
106.0	27.55881937821042	23.995797139260393	23.580215760157508	24.864977633690557	1.9008868112196044E-4
107.0	25.89007713685043	24.244741274107643	21.815206110120553	28.04893000657697	0.0010454723444052023
108.0	23.342871152957994	24.59284501977569	25.484081565938293	26.58001220182039	1.9005950763183952E-4
109.0	26.20141278960381	25.637028618776757	25.74084033805087	22.419815542966173	9.027106023835362E-4
110.0	24.66324891574061	24.155812195679303	22.95712893719538	28.223762443031546	4.750835315619369E-5
111.0	24.15300961833113	23.44720607553561	24.836388600531635	27.562302983369243	0.001092722232384011
112.0	24.855777202084848	23.53642899459025	24.737196915962397	26.8705018711076	9.501625490580801E-5
113.0	28.888692527466052	21.593691477565866	22.69390136258992	26.822716989665373	9.976427127900646E-4
114.0	26.95515305618268	21.598234171778675	28.06549451551846	23.380595653462862	5.226030573229041E-4
115.0	26.54404574908134	23.374754952967123	27.332519914971176	22.74772912788438	9.50255095980516E-4
116.0	25.111974886837302	25.038283129338772	26.453725519821468	23.39587392675391	1.425372485464764E-4
117.0	26.23275070745618	27.951265819176292	22.481570030084704	23.3334631999255	9.502433573238107E-4
118.0	28.38797651938624	22.503664391615967	25.586789660357816	23.52085674307448	7.126855655041182E-4
119.0	27.082747335451796	22.270548570038468	23.599211658633745	27.046684709066305	8.077268096881604E-4
120.0	24.21290295605636	24.697628541128978	24.67377711555493	26.415596361659833	9.502559989661215E-5
121.0	27.408498096863042	23.66337353416168	23.692023929494372	25.23501163833223	0.0010928011486765466
122.0	28.181430304965367	22.20489590430551	24.39366597963223	25.219342632529703	6.651785671863611E-4
123.0	24.883844572421168	27.056814602206565	22.7075962014954	25.35074686787763	9.977559992455063E-4
124.0	24.34136945740721	25.217389651767956	22.11478249632022	28.326173324477153	2.8507002745224366E-4
125.0	26.241837642247372	23.837600437859656	25.689286881694272	24.23018228948909	0.0010927487096063064
126.0	24.61131551241168	22.784864252619734	26.324216359621282	26.279223790284266	3.800850630371077E-4
127.0	24.854251402612	22.957844911424857	28.122079623797347	24.064778843636734	0.001045218529063964
128.0	26.63357361272385	22.152518182491974	24.453765063389287	26.75125856862406	0.008884572770827435
129.0	23.20035310204326	27.15094352172727	23.880426117008287	25.764571398164364	0.0037058610568165514
130.0	27.029745496079766	24.342407215774813	23.835261854059585	24.792585434085833	0.0
131.0	26.396629331995403	23.13709112643521	24.90409769159794	25.56137415156033	8.076984111146903E-4
132.0	25.595868757310875	27.479472543428123	21.58877430107823	25.330135475036847	0.0057489231459247735
133.0	27.57508924999596	25.529157215875237	23.643575853231862	23.249849626703636	0.0023280541933007153
134.0	26.852671412994678	23.387661922714194	21.591706516342523	28.167817615575935	1.4253237266514157E-4
135.0	26.14475845322263	23.204321193240748	26.320548045433533	24.329707158294728	6.651498083655892E-4
136.0	26.408354844273145	28.1609203593978	23.47056148897989	21.954176828239838	0.005986479109325937
137.0	29.40192429850905	20.31517027775521	23.70300370539827	26.579806695943063	9.502239440280088E-5
138.0	25.18899346165522	23.899709591646808	27.20109151354867	23.709207792806254	9.976403430552593E-4
139.0	27.114990854889665	23.91942801491722	24.837264543100787	24.127081403358748	0.00123518373358037
140.0	27.738003730261962	20.98196343279115	25.79885659774645	25.48084368910176	3.32550098672365E-4
141.0	25.766862130381885	24.610660128300083	24.65108942951928	24.97129329581469	9.501598406391915E-5
142.0	27.881864951188007	22.528627073898065	24.025220994881973	25.563526853603925	7.601264280281418E-4
143.0	26.684735488131352	24.950461182518058	24.77558476233007	23.58883850416763	3.800628528942974E-4
144.0	28.656990830918332	24.20152976388427	21.85757043089933	25.283148843175447	7.601311226186517E-4
145.0	28.366193168321534	22.12570668440306	22.374269561499357	27.132785405482444	0.0010451802936006461
146.0	27.49683478905324	22.463424888891	24.09565231850217	25.940097343598197	0.003990659955390123
147.0	26.348346847523075	24.08510804067369	26.799854438209398	22.762652569089592	0.004038104504244285
148.0	24.702757477561022	23.414734259697823	23.29211741382497	28.589725743979255	6.651049369314244E-4
149.0	27.826653756946975	26.3351155461087	23.25369594569556	22.582016785802857	0.002517965445912677
150.0	24.714953903750175	25.751804773295767	24.106165091325447	25.42707623162861	0.0
151.0	26.39111858186934	25.02419470932854	24.91886398653743	23.66511006514161	7.126571230792109E-4
152.0	27.14420917899506	24.137218364831746	23.045503482103914	25.672878928829007	1.9004524026944614E-4
153.0	26.609047487598225	23.01392239132738	23.234472302741572	27.14156006991841	9.977484144114781E-4
154.0	23.43719414274447	24.340346075999886	24.826629417410224	27.393312238091166	0.002518125754249931
155.0	26.864027427480803	23.509018057977336	26.06608695982781	23.560629930989318	2.376237247328753E-4
156.0	27.51309222754883	22.963379783671108	26.15147204686445	23.371770785856828	2.8515605878207E-4
157.0	24.878096306294317	22.35110164819497	26.855407486265044	25.91525198182613	1.4257741953880958E-4
158.0	25.235659175570717	22.295301834800473	26.726036524914715	25.74290741210723	9.505260686526958E-5
159.0	26.89752522540078	20.88263950609069	24.677357262016226	27.54167003322196	8.079732703431034E-4
160.0	25.424997576059454	21.163519979924068	27.116480324256703	26.295002119759776	0.0
161.0	25.255748033292395	20.62728371919712	28.32372634532686	25.789724832036136	0.003517070147488812
162.0	25.5276130653744	21.996155900844293	25.32238531865909	27.153845715122216	0.0
163.0	24.885062470026888	23.259848410314028	29.46264892686157	22.392392663580118	4.752921739816509E-5
164.0	25.490402973858963	24.364178897331808	25.28236402965304	24.861152897929735	0.0019012012264649112
165.0	27.67547897655464	21.619762794374104	27.313629413383538	23.390368327967934	7.604877197868923E-4
166.0	25.133539365950625	22.806688993732514	25.758957047807996	26.300671998418157	1.425940907107555E-4
167.0	26.225154671321064	23.437838670301968	26.924170174578006	23.41221855903748	6.179247614810421E-4
168.0	25.54485933241244	25.247866433052536	24.05181404289665	25.155317589413972	1.426022244045644E-4
169.0	26.09196429505164	22.323388566544626	25.270073575619172	26.314335884728045	2.3767805651603898E-4
170.0	32.0468648540215	21.943217221745275	22.653928903162385	23.3557988768179	1.9014425293749102E-4
171.0	26.838773222643603	23.144066193269058	26.223131326479876	23.793126068971286	9.031886361756521E-4
172.0	26.59737886993115	25.063284882256376	25.19113793014946	23.14800820160667	1.9011605634659676E-4
173.0	29.389108174453614	18.894753226507863	23.768057393936946	27.946417750486564	0.001663454615017193
174.0	24.761765799026815	25.09137261872737	24.739380101538863	25.406958672485363	5.228082215870366E-4
175.0	24.41204387385388	25.266630575667282	22.886335690972324	27.432851016259484	0.002138843247030216
176.0	23.656726101552806	24.275965589144963	29.68860733381467	22.377132438253106	0.0015685372344597175
177.0	22.795062057032574	25.671456617119283	24.189218095650066	27.319640064457552	0.02462316574052507
178.0	23.76607871393102	22.80720181899066	25.407219689509247	28.01911955376935	3.8022379972852023E-4
179.0	25.804179351352126	23.711604318615535	24.482975785618716	26.000099813918336	0.001140730495290922
180.0	28.283239049990037	21.08736838391707	26.023775993073915	24.605330528828965	2.8604419001343457E-4
181.0	27.527816731885306	22.470584811031358	26.604290258811673	23.396353895535345	9.543027363199511E-4
182.0	26.304375314627087	22.39996946178787	25.783603365883568	25.51200414174502	4.771595645441814E-5
183.0	21.643110425873356	23.7967897851856	27.167195626312555	27.39233154054904	5.726220794484504E-4
184.0	26.053463043672252	21.635844872517406	27.0281039597889	25.27934313859762	0.0032449854238117987
185.0	24.393999178401014	26.047121230699936	23.738055921214286	25.820060279219604	7.633904651576664E-4
186.0	26.33940244100274	23.63430763505196	24.559369423530196	25.466920500415103	0.0
187.0	23.654467850171716	22.952216433275368	27.163384733386604	26.22911907660434	8.119065619721115E-4
188.0	29.896639358238403	26.37442047401369	22.322192328835953	21.406079178043854	6.686608681033005E-4
189.0	24.80750116184709	23.499784347806152	24.486434927726663	27.205372056156502	9.075064635953782E-4
190.0	29.67099996369813	21.270317106396963	24.75582215140173	24.302621950404003	2.3882809917671178E-4
191.0	25.55425201435361	24.01137236116569	24.56593512189385	25.86815365977957	2.868428072731862E-4
192.0	26.65885115855664	22.850034041446417	24.89969247951776	25.591231076398184	1.912440809956932E-4
193.0	26.591945297837494	24.762483114771737	22.632398120808578	26.012934383704113	2.390828780796863E-4
194.0	26.467904823839945	23.341972380551624	25.011763130714204	25.178359664894227	0.0
195.0	26.718147936835575	20.42351291519268	24.821579474190898	28.035946660596167	8.130131846826403E-4
196.0	28.199594250442438	22.307496774626745	27.446799326628398	22.045869843599373	2.3980470304983624E-4
197.0	25.92127821446012	24.54282668907802	23.046178317978296	26.488853327500244	8.634509833267615E-4
198.0	27.59225462343412	22.243569330586965	24.237685353457124	25.92625017677907	2.4051574271742381E-4
199.0	24.86675411680179	23.37148201012033	25.318258779203816	26.442782763462798	7.223304112660429E-4
200.0	26.730078893658742	22.929583243838326	24.457275004743636	25.88301469901265	4.815874663972346E-5
201.0	24.664817895386772	20.340609940404576	30.538294898604946	24.455747485712802	5.297798909038719E-4
202.0	25.092189249018865	26.52276024437376	28.271851356636567	20.113150984218972	4.816575183848674E-5
203.0	25.65260645127101	24.450466465772035	22.35075624543832	27.545159137935606	0.0010116995830352431
204.0	25.255564062178543	23.284816673709123	23.99789545397823	27.461482905140766	2.4090499333415883E-4
205.0	27.06901502916019	23.82424478373659	25.693397808263533	23.412378724043958	9.636547957244565E-4
206.0	24.0974880590283	20.839838705324958	25.631213834950522	29.431314836874183	1.4456382203615253E-4
207.0	25.554186776631667	24.08168911174923	27.496888919734612	22.866946013238596	2.8917864589207275E-4
208.0	27.684008268127986	22.28730973471804	21.327017187988076	28.701616604128667	4.820503723357076E-5
209.0	27.08639786089347	19.79054421188186	25.174084450544974	27.948153858689178	8.196179905184663E-4
210.0	25.189892950139843	24.627061433117948	25.18912141961616	24.99329732857556	6.268685504870286E-4
211.0	25.203422220121414	26.48607950516912	25.439184594028575	22.870300789958296	0.0010128907225962415
212.0	29.23911512042414	20.651066244376377	25.71464139101031	24.394549984849274	6.272593398915711E-4
213.0	30.022212748988213	20.66785012356777	22.444628652177123	26.86487397246121	4.3450280568117246E-4
214.0	29.079498211175505	24.57195036223394	24.081660261040344	22.266842851586752	4.831396346014944E-5
215.0	24.587376382519295	23.91036351583428	23.80317344632549	27.69855361247979	5.330428411377266E-4
216.0	25.101432825960924	24.05159878912803	26.767141400226315	24.07977797740078	4.900728395261388E-5
217.0	27.796513856230238	22.648441288167465	26.266584389056685	23.2875725786681	8.878878775188269E-4
218.0	24.2487092009984	23.983831672644616	27.38051401069263	24.3862982233351	6.468923292502817E-4
219.0	26.930400746774403	22.983099899201566	23.206095032480054	26.87954839079985	8.559307441260495E-4
220.0	29.17985784613798	21.90560583213996	22.41539236882159	26.49853736505316	6.065878473157729E-4
221.0	24.364632025303397	21.25517154041691	24.785402136735986	29.594436847206325	3.574503373820542E-4
222.0	26.935254827816813	22.779441632747417	23.9558994724284	26.329042857968478	3.612090388949893E-4
223.0	29.21512784700494	22.264235349807404	25.218124078307753	23.301732456311463	7.802685684412576E-4
224.0	30.61208012439022	21.76719546402815	23.758168317476358	23.862399824978578	1.562691266899855E-4
225.0	29.65755195115749	20.185262897920698	25.051514241372345	25.104729054450736	9.41855098732577E-4
226.0	25.01021617913306	22.22764250972065	26.274790508545188	26.486978822086506	3.719805145978439E-4
227.0	28.203094989259174	22.688790696576454	26.44196412284674	22.664755278671358	0.0013949126462780511
228.0	27.03669672857786	27.106323240542896	23.61540513522471	22.241521005165403	5.3890489137024654E-5
229.0	28.908101069911616	25.386163751690077	21.46404210086993	24.241693077528378	0.0
230.0	25.754509304601186	21.818777510291877	28.208397206702074	24.218315978404867	0.0
231.0	25.09534445601267	24.807489933216853	23.835441576795013	26.260435216762247	0.0012888172132185577
232.0	24.80355724697762	25.261909579687753	23.928731059570584	26.005576657623998	2.2545614004433595E-4
233.0	22.470340706165242	24.768026993222605	24.03097193966449	28.72997594860976	6.844123379012154E-4
234.0	26.354623934246867	20.240854261649247	27.57293414882749	25.829789282977362	0.0017983722990333457
235.0	26.93799470288275	21.129365059858827	27.678139852790235	24.25414927196823	3.511124999561109E-4
236.0	27.955736472901176	24.24318877333954	24.72730994406068	23.073467291771664	2.9751792694268793E-4
237.0	29.110960219157555	23.990319700825683	22.507716202253654	24.39088380459052	1.200731725913772E-4
238.0	26.97917337849354	20.80218539109334	26.617069052085395	25.601511391971094	6.07863566238285E-5
239.0	26.66651046470905	23.129152711254928	26.13760241504669	24.06562455297466	0.0011098560146796956
240.0	26.225011394937404	21.325855796351966	26.73624200367816	25.71263652469984	2.542803326241031E-4
241.0	28.038223234537142	20.538081593912192	24.0529971474533	27.368151675783654	0.0025463483137126586
242.0	25.896911717118982	24.243279105791256	22.124301040405463	27.733848696030684	0.0016594406536153787
243.0	26.126194056126153	24.189888551566547	24.262862641930454	25.41843483995223	0.00261991042462358
244.0	27.88870911171587	21.531168156228638	25.12710985722222	25.45134879815262	0.0016640766806534444
245.0	26.8412526859223	22.620985236091606	23.503905979241704	27.03167398743617	0.002182111308214237
246.0	24.871577269015887	26.095884686352793	23.983129850007394	25.046129316386036	0.00327887823789226
247.0	26.8748525375151	23.2144952238271	25.051217024809798	24.718193550716137	0.14124166313186465
248.0	27.92751343168393	21.358668227404895	23.123274659384368	27.580090004865475	0.010453676661327977
249.0	24.48299871744597	20.075076649104346	31.411184751196163	24.013656417882245	0.01708346437127027
250.0	26.42244303702958	21.502218788447365	23.327436041434698	28.746668571113226	0.001233561975127495
