# Position (bp)	A	C	G	T	N
0.0	23.690256918587593	23.97167957901573	25.6696929701562	26.66831874301331	5.178922716748921E-5
1.0	22.830353772908595	30.837953092235264	23.443936290340705	22.812063325249884	0.0756935192655507
2.0	24.115088251570825	26.75784329587953	22.742672496859385	26.38336540076735	0.001030554922909339
3.0	25.826812802080045	22.106589608768125	24.44973323636738	27.60921863033447	0.007645722449977797
4.0	26.055547095103936	23.621638085203152	23.75612496681559	26.56648405810821	2.0579476910855882E-4
5.0	28.40251452073791	24.223656756251803	22.27822096192934	25.09491388041455	6.938806664029919E-4
6.0	25.592645912909344	23.44405191150485	24.295833280949044	26.66159330172145	0.005875592915317825
7.0	25.518330483208253	25.73925466134393	23.737260555557974	25.004616459901342	5.378399885055911E-4
8.0	27.71887668747169	23.904321631074062	23.509076543053244	24.867673980610686	5.115779032109955E-5
9.0	25.796403631712927	25.918654206829483	22.503605970588357	25.781004196409967	3.319944592678552E-4
10.0	24.27530351561623	25.134890158683497	23.178778710729762	27.41100209659013	2.55183803790194E-5
11.0	27.15838889228699	22.860256817522625	22.82409992521985	27.157032392234704	2.2197273582876727E-4
12.0	27.930574416713377	24.81676430732717	20.196734328716513	27.05590264945509	2.4297787856500178E-5
13.0	25.268743965222413	22.99288034148267	25.123549554847465	26.61468223913093	1.4389931652621294E-4
14.0	26.92689568620022	22.027266861232633	23.079438560764373	27.966327853519058	7.103828371506545E-5
15.0	25.067246560908874	23.36088625487539	24.64933760589391	26.922529578321825	0.0
16.0	26.13320638468889	24.62594420929048	21.999280164389294	27.241523245745668	4.599588566802699E-5
17.0	28.360454685332392	26.94502604001227	19.30209432976987	25.39136613307057	0.001058811814898068
18.0	25.810682590080503	25.346659469390904	19.94973082859196	28.892815352996205	1.1175894043583752E-4
19.0	24.952298456253093	24.958457080171943	21.759574436863875	28.329047494329394	6.225323816888325E-4
20.0	22.64774701608438	26.063877525774014	24.23259006764652	27.055763339277604	2.2051217480793942E-5
21.0	23.84919699920169	24.875336830662206	23.76299985320232	27.512291297347996	1.7501958578552181E-4
22.0	22.633939991524933	26.983123887864252	25.879677462778755	24.503215373541266	4.3284290789059635E-5
23.0	24.91586480724462	23.947666542229374	23.42294039223813	27.713075889588435	4.523686994464515E-4
24.0	27.654680184630404	21.484887142481085	24.981482606439045	25.87895006644947	0.0
25.0	24.885223113783265	25.233707923927994	20.003715540575307	29.87707928988892	2.741318245117712E-4
26.0	25.953290165476783	25.294661709239165	20.327486218653412	28.424499016396744	6.289023390135792E-5
27.0	25.276120204489217	25.270060583671032	20.42992800752563	29.023786728093114	1.0447622100314724E-4
28.0	27.664634985121804	23.47946064078126	22.86027526475124	25.99296065267554	0.002668456670159104
29.0	27.46595463454286	23.925007537455116	22.67207181629964	25.936618286500202	3.477252021817506E-4
30.0	23.602087754749743	24.623077001188072	25.13153058012368	26.643081266056722	2.2339788178190272E-4
31.0	25.681174073130443	24.775048321457717	22.704826654467357	26.838486612725372	4.6433821911353397E-4
32.0	23.76867897071006	23.283406741849895	24.6874221230375	28.26031215986643	1.8000453611431008E-4
33.0	23.26066161304906	25.0310764838613	25.291974521536897	26.416148890139706	1.384914130377795E-4
34.0	25.771027982410118	26.884061892426264	22.757658321118136	24.5871145546335	1.3724941198430495E-4
35.0	25.42088270378351	22.17562937684936	25.913761117990326	26.489591006166847	1.357952099597639E-4
36.0	23.49036084658177	24.363472428799966	26.545631166563748	25.600322358192052	2.131998624667069E-4
37.0	25.183969414769948	25.254844624799272	21.46904663736073	28.09210057227179	3.8750798266444286E-5
38.0	26.69270623987026	25.751264092527528	21.188637298279346	26.36727614428873	1.1622503413626106E-4
39.0	22.973317124686186	28.01286491969883	21.71275718267787	27.30084773910095	2.1303383616419797E-4
40.0	25.71241072718351	26.298577947595632	23.086634860674184	24.90226028063063	1.1618391604085491E-4
41.0	23.995659123053795	24.488761059119764	21.725353373908852	29.785579653252608	0.0046467906649847865
42.0	24.377808946619	26.264511176739912	20.79890967134296	28.558770205298124	0.0
43.0	26.0150856528728	25.946792546914732	22.482078866922908	25.55228758676012	0.0037553465294403684
44.0	28.474017270528712	24.8448255672729	23.07159149964048	23.60927533651208	2.903260458269986E-4
45.0	25.29506101904643	24.337350050442	22.03346763245403	28.330192763329393	0.0039285347281502354
46.0	25.002172081066515	24.604560305968338	22.332766689467874	28.060500923497273	0.0
47.0	24.76875616492214	24.855282745725233	23.37641732745087	26.997705652515286	0.0018381093864700444
48.0	22.528877882202885	24.228986610086643	22.705094039657727	30.537041468052745	0.0
49.0	22.243334718840924	25.970259876480288	24.481474267758593	27.30313236252383	0.0017987743963612923
50.0	27.449935268709314	24.518151257318774	20.35879353406545	27.673042579535164	7.736037129883809E-5
51.0	24.525141166408417	27.284869277614348	21.517104045168608	26.670391011759147	0.002494499049479839
52.0	22.764372007972884	25.909442100758902	21.357710322267966	29.968475569000248	0.0
53.0	22.63020513178234	24.91595597453494	24.0052204992271	28.44692267641345	0.0016957180421701952
54.0	22.18887622490339	28.95206751071113	22.987458800565353	25.871558925909905	3.853791022401124E-5
55.0	23.939345185887422	28.225424960638534	22.647024280801464	25.18664860585154	0.0015569668210370438
56.0	26.044914601906406	25.731459921564255	25.11829267237941	23.105332804149924	0.0
57.0	22.699953261472846	28.01117573532464	23.067135128154273	26.21683524822924	0.004900626818997366
58.0	25.325077863421562	25.45132729078337	21.86634317092443	27.357078730449597	1.729444210435697E-4
59.0	27.453144472698305	22.816338937691594	24.448841576803638	25.278831266301104	0.002843746505362191
60.0	23.95294930013762	23.125946456572088	24.10522631041378	28.815839571115514	3.836176099663855E-5
61.0	25.253859485054203	24.27359669560721	22.53973411115041	27.927036687260305	0.005773020927872146
62.0	25.30675276086115	21.996135887570208	25.028010404028745	27.66885162521715	2.4932232274813037E-4
63.0	25.7856084517274	24.216386038110866	23.057088819618723	26.93844275603208	0.0024739345109261604
64.0	24.968568792149874	21.850210249425054	23.552202978434654	29.62899884379082	1.9136199604339938E-5
65.0	23.850241287068467	26.470148139927364	23.528875996433314	26.145893527536572	0.004841049034277688
66.0	24.21552729488773	24.548207207905335	23.158230082399843	28.07757620287218	4.5921193491818855E-4
67.0	26.618085903651362	25.464013761849667	21.26738431296843	26.64961677932386	8.992422066791501E-4
68.0	23.014010980653854	22.95699744529618	27.014027051583284	27.0148879942313	7.652823537942412E-5
69.0	22.776498011031396	24.801720118743138	25.295226915366335	27.123666153250735	0.0028888016083929062
70.0	25.348467301710535	23.308346518307214	24.355267194880728	26.98759421636552	3.2476873600390026E-4
71.0	24.334726968342725	23.12174623190742	26.253118720401453	26.289264818471132	0.0011432608772698014
72.0	26.729962183110413	26.29598913104984	22.071220125771784	24.901171010874474	0.0016575491934880035
73.0	25.186032436444357	23.105361007037427	22.810574296862065	28.893860210442735	0.004172049213416319
74.0	24.42506884239625	26.22276210780407	23.630676354637014	25.72076884041517	7.238547474966055E-4
75.0	25.220047425746557	24.945432200401875	22.001047259838348	27.831225448299783	0.0022476657134405265
76.0	26.817699573529495	24.34022784458112	25.330500355233358	23.51061985840189	9.523682541375638E-4
77.0	24.38120568017521	25.46001385436461	23.89858848899241	26.259506305411982	6.856710557867685E-4
78.0	27.30810017689569	26.109235752736094	20.583550072449526	25.99867594873834	4.3804918035284673E-4
79.0	27.091092235704682	20.665268881855315	23.636002817915898	28.604798341703347	0.002837722820757428
80.0	24.134720386010176	23.454258608993676	28.397900071721775	24.010435651702604	0.0026852815717695777
81.0	25.490285698614983	25.095840384481345	22.034318570581373	27.37915541625293	3.9993006937072715E-4
82.0	22.820339863585325	22.317183160390076	24.16637593105224	30.69507267882526	0.0010283661471005407
83.0	25.299678379071654	22.60005450169323	24.23078248777949	27.868646729812713	8.379016429156463E-4
84.0	23.05389825886733	26.447008525525163	24.94651076525595	25.55157321950733	0.0010092308442273138
85.0	24.44530215073767	27.45008171588312	21.370869387305106	26.732985092730345	7.616533437629064E-4
86.0	25.101277170042824	24.90645333024621	23.062424361053207	26.927998196470476	0.0018469421872822228
87.0	21.880029527186124	22.52529412470305	26.253148973107756	29.340841936067967	6.854389351020704E-4
88.0	24.874892904061078	26.816366163395084	25.756868419549534	22.551110941873084	7.615711212230832E-4
89.0	26.294859932298394	26.340914542899895	22.887675489199346	24.475731371585884	8.186640164798971E-4
90.0	23.149880268956018	26.024929339836266	25.19511267359478	25.62994445043089	1.332671820425899E-4
91.0	26.453301482062624	24.997111035425846	24.032986930457533	24.516029422319406	5.711297345941086E-4
92.0	25.537105926397903	24.558755024109445	22.512027117864516	27.392073857573717	3.8074054416580794E-5
93.0	26.37492504354613	26.426171462293336	21.316092555753325	25.88252539001152	2.855483956939302E-4
94.0	27.796864803701865	23.524194708985043	23.07693772020197	25.597757680560857	0.004245086550271344
95.0	23.51618978075234	26.79657654080315	24.20408342744908	25.48067560799599	0.0024746429994348296
96.0	25.64270023946123	24.84644405782094	24.23981528364164	25.27016480567093	8.75613405260533E-4
97.0	25.5342917890433	25.1862821423065	23.11008281955767	26.169095799253462	2.474498390624316E-4
98.0	27.673051505073758	23.063477597485658	24.69922127203401	24.56424962540657	0.0
99.0	21.601287226126654	22.563719025407682	26.933760378783987	28.90115724749796	7.612218371708428E-5
100.0	22.303289941170718	25.276857678197693	24.64475783017112	27.775094550460466	0.0
101.0	23.493249350624637	22.13259626454553	28.386942084280836	25.98706006603172	1.522345172738604E-4
102.0	24.548695442484874	24.50471122199051	25.093064405955133	25.853490864471695	3.806509778828459E-5
103.0	25.645045808386996	25.497242437495693	25.417174348216825	23.440347084794524	1.903211059635596E-4
104.0	24.87965973566632	27.54545447624674	23.27483105163269	24.299636029224242	4.1870723000806195E-4
105.0	27.293662453969723	23.521287795170007	21.148583741650693	28.03330643891875	0.003159570290827025
106.0	25.661309144383203	23.970532897818536	24.774208824408877	25.593872998875682	7.613451369745553E-5
107.0	25.7296289648638	24.660055284971893	22.39151756543606	27.218189109777956	6.090749502890156E-4
108.0	23.233575171110108	24.790386429727945	24.772114890676242	27.203866409926164	5.7098559536572865E-5
109.0	25.806331276909905	24.390733647170425	25.61956306172734	24.182705868515026	6.66145677304569E-4
110.0	24.222284268567797	24.301440940729183	23.162776303701254	28.31344138913774	5.709786402600466E-5
111.0	24.568887332374683	23.955267558130572	24.567688224282698	26.907452647126277	7.042380857666821E-4
112.0	25.21085351492947	24.19054576101308	23.769228909842646	26.829276648681017	9.516553378443065E-5
113.0	28.457997838674032	22.005138002452142	22.99366485591858	26.542457037080176	7.422658750686597E-4
114.0	25.774436943131224	22.61789635143831	27.35803646829689	24.249230544934633	3.9969219894089175E-4
115.0	26.759196638785344	23.934835256055067	26.02761889661082	23.277721065095268	6.281434534984449E-4
116.0	26.391267445151712	24.89020254354352	25.076305734593664	23.642205241916063	1.903479503427881E-5
117.0	25.721450991813093	27.116765743284017	23.881462108190522	23.27969300524792	6.281514644494823E-4
118.0	26.437599457883152	24.69483085497613	25.19505166099424	23.672042151107455	4.7587503902175323E-4
119.0	26.704445626755422	21.410886165343545	24.70903887317938	27.175020201337617	6.091333840309973E-4
120.0	24.607943259441292	23.86242394189651	25.391952046156906	26.137642681813727	3.807069156362992E-5
121.0	27.18003940752794	23.77007567227602	24.03630776856729	25.0129680119833	6.091396454540765E-4
122.0	26.66128846199971	23.958664474267806	24.372575572468516	25.006900421868	5.710693959722857E-4
123.0	23.911866170955598	27.86971842045301	23.549619679254814	24.6680723784861	7.233508504797625E-4
124.0	24.847981616168997	24.620544144341704	22.976381376168025	27.55503575649038	5.710683089068382E-5
125.0	26.179082720669765	23.998772610716777	24.713696411885042	25.107515532242097	9.327244863210243E-4
126.0	23.824271737655188	24.036688131655144	25.49198503586561	26.646997988525822	5.710629823459686E-5
127.0	26.16527845485239	23.25862807731601	27.333816702741707	23.24115368310928	0.0011230819806064682
128.0	26.22550601253046	23.161914682239416	24.761601277982763	25.842583270372653	0.008394756874706255
129.0	24.093799909009746	26.77584227848728	22.614884710782345	26.51261775908903	0.002855342631597983
130.0	26.3677648381069	24.410557126692524	23.906949349488375	25.314709649319184	1.90363930147098E-5
131.0	25.642263022824746	24.56952914957414	24.501435077337312	25.28608743111353	6.853191502727856E-4
132.0	26.131907966688058	26.335962365203496	21.85662660900577	25.669811085489826	0.0056919736128479455
133.0	26.820162680620875	25.28254373888253	24.284902775408757	23.61079171641609	0.0015990886717512608
134.0	26.28478354977531	23.69111587200118	21.02097740218611	29.003047028870814	7.614716658296823E-5
135.0	26.125905404471585	24.090150482415986	26.18172071442835	23.6017284470951	4.949515889754483E-4
136.0	27.49098684568726	26.507011965631033	24.422649831197297	21.573525979472585	0.005825378011825137
137.0	28.288207954316576	21.35126367687155	24.54785462966171	25.812426254262927	2.4748488724017414E-4
138.0	25.34448167793221	24.405139350817443	27.13984310409388	23.10941270735386	0.0011231598026056166
139.0	25.955319314191033	23.97645311029414	25.14860057323347	24.91846576285435	0.0011612394270102005
140.0	26.681430383737347	21.81383933806564	25.334058764492763	26.17044307142172	2.2844228253436914E-4
141.0	25.15224612652615	25.578777054634987	25.17720403979331	24.09127780898839	4.949700571671378E-4
142.0	28.39051432912	22.647082060590947	23.65089624226479	25.311374104876194	1.33263148075347E-4
143.0	26.878025080948042	25.1893102891589	24.090952704410945	23.841445398526336	2.665269557748015E-4
144.0	27.862406786566225	25.505365781222334	22.742707125628005	23.888930137280994	5.901693024389223E-4
145.0	27.981979646001022	22.403562949302334	22.85757474165324	26.75579751241593	0.001085150627474072
146.0	27.228757214319053	21.7234674117243	24.858531191673386	26.184884559472486	0.004359622810764956
147.0	26.522846190968895	24.881507069026405	26.47464374067767	22.11784280708835	0.003160192238682086
148.0	24.660469942078233	24.2300879059164	23.742954914307198	27.366049373902367	4.378637958031707E-4
149.0	27.29914686774889	25.32625473951785	24.15844287181846	23.214308831894947	0.0018466890198536206
150.0	25.871718786708332	24.068424617814497	24.8895489698916	25.170269548870895	3.807671468013465E-5
151.0	26.376515031369173	24.102718560427718	25.890532206976214	23.629739194040724	4.950071861716315E-4
152.0	26.90066217600402	24.33180767575842	23.237046824487184	25.530426206786256	5.711696411912314E-5
153.0	24.65480981554444	23.686914092471863	25.21821777111152	26.439258674544323	7.996463278527097E-4
154.0	23.15198585588301	24.551889401413003	24.80576304986521	27.487600954948753	0.0027607378900232453
155.0	26.998059145780395	23.876010798096317	23.86277596997008	25.262944614053367	2.094720998397348E-4
156.0	25.543616738059626	23.73397943105771	26.363883579009666	24.358196517455568	3.237344174246813E-4
157.0	24.542424214724694	23.079678516257005	26.496338327285134	25.881139986044964	4.1895568819946556E-4
158.0	24.725033431714557	21.291041214610086	26.180603244866408	27.803207844902744	1.1426390620304467E-4
159.0	27.00664495104081	21.611097822394008	24.255937644260875	27.125805385129876	5.141971744293934E-4
160.0	26.470234788492675	21.452057596436056	25.66864432941883	26.40900615162115	5.713403129535608E-5
161.0	24.26721952694794	21.036940599388203	28.78219013878769	25.91003120694666	0.0036185279295125996
162.0	25.269245514542753	23.473367600569144	24.96031474714471	26.297034047518697	3.809022469613999E-5
163.0	24.952195356816905	24.020938052800705	27.34886495397803	23.677868316682336	1.3331972202457044E-4
164.0	25.494552795977448	24.175758037482858	24.75260932500381	25.575594240438825	0.0014856010970592717
165.0	26.102808617561017	22.066191087781466	27.276772168787904	24.553523385845356	7.047400242621039E-4
166.0	25.32340716435798	23.234134501189626	25.65289532627004	25.789448721619074	1.1428656327161289E-4
167.0	26.844741159071567	23.90675585376019	26.24492646179236	23.00308126728165	4.952580942316146E-4
168.0	26.086760233267565	24.31077527138289	23.74017876430063	25.862209534680208	7.619636870965641E-5
169.0	26.121307393138427	22.447102606617737	26.00034137182707	25.43092478237546	3.238460413059911E-4
170.0	31.04983408071151	23.4868330437993	22.592284329214195	22.870915193611875	1.3335266311935884E-4
171.0	25.254279684887322	23.56585762395164	26.9347193383632	24.244343206942677	8.001458551587404E-4
172.0	26.867345885119644	24.477278797723137	24.57926063264935	24.07603847913897	7.62053688968549E-5
173.0	28.99057081679897	19.795607360527896	23.606603038302946	27.605580351146724	0.0016384332234630496
174.0	23.896927490263913	26.029998260545185	23.771945851705095	26.30076640798389	3.6198950192340264E-4
175.0	25.954617196675073	24.464275779656123	23.19195457223227	26.38774255057924	0.0014099008572959321
176.0	24.344547737319512	24.504653704872666	27.9709488550699	23.17851596267738	0.0013337400605403667
177.0	21.84165441273847	26.532376189910895	24.673583744745834	26.92833829111675	0.0240473614880553
178.0	25.13939966215611	23.470852486140057	23.877515014542986	27.511813676009005	4.1916115183960305E-4
179.0	28.429859400973605	23.776513324019515	22.85056199215109	24.941902960986383	0.0011623218694098987
180.0	26.372614137528753	22.750559853993824	25.609439970260834	25.26715680515591	2.292330606797104E-4
181.0	28.3001706275728	21.847559949194302	26.30832325891013	23.543314918818005	6.312455047668599E-4
182.0	25.594706724410983	22.824708045588462	25.845959883239267	25.734548867601763	7.647915952462849E-5
183.0	23.210101409119652	25.032872830092067	26.378187545972725	25.3783793240654	4.5889075015826953E-4
184.0	26.6318017633865	21.89098439492821	26.358784712727857	25.114872526392478	0.0035566025649605808
185.0	24.798976258778776	24.865971426102266	24.64533094924351	25.689186016364868	5.353495105758296E-4
186.0	27.094200592912582	23.107968677817176	25.286035195388866	24.511795533881376	0.0
187.0	24.031966812097533	22.929191131112567	28.407157367925528	24.63112895093735	5.557379270247113E-4
188.0	27.033876671468114	27.94522590452652	22.393743958260348	22.626789332348	3.641333970119597E-4
189.0	24.852987373617825	23.80568592571524	24.731911950931966	26.608456419651976	9.583300829971351E-4
190.0	28.679250997381402	21.720017841975835	25.100274856136128	24.500207114899986	2.4918960664653853E-4
191.0	26.553711157101052	24.319994223625947	24.694728809031883	24.431220149559696	3.4566068142394534E-4
192.0	26.432942234817748	23.79924510067341	24.450241578923816	25.317513468478737	5.76171062883886E-5
193.0	27.480165876144557	24.578946852826892	21.835467291631492	26.105227895298032	1.920840990285731E-4
194.0	27.887159879888003	23.49698644283462	24.347363560085196	24.268490117192183	0.0
195.0	26.424391255122703	21.851664923795582	24.62349277513812	27.099913103002816	5.379429407765168E-4
196.0	27.94948337457991	22.697949868556627	26.568297591649255	22.784192128804875	7.703640933296099E-5
197.0	24.749514979019665	24.60291074227087	24.07256591893562	26.57437270876705	6.356510067941461E-4
198.0	27.379740267959253	23.114673662109094	24.4244668377324	25.08106134846337	5.788373588577455E-5
199.0	25.379908804489837	23.215962944985975	25.398098421485322	26.005604567004966	4.2526203390072954E-4
200.0	27.13662780020082	23.85253580587826	24.304132769507305	24.706626296166416	7.732824719675439E-5
201.0	24.871712778919097	21.485417345754698	28.819780766216237	24.822857107504518	2.3200160545110973E-4
202.0	25.251679977261936	25.62877215438293	27.992041678710816	21.127486854558587	1.933508573660393E-5
203.0	25.91302222051166	24.779416585613788	22.759435125431946	26.547565193493156	5.608749494487276E-4
204.0	25.558505313917152	23.88780086326371	24.237767932354785	26.315848519753228	7.737071112387729E-5
205.0	27.185131595745915	24.14479207369207	25.476630777503956	23.192594426669658	8.511263883999212E-4
206.0	25.08644383796131	21.526503478550726	26.106048737435344	27.280907214851414	9.673120120999123E-5
207.0	25.594690317542263	23.69320604914641	26.624765773205773	24.087144364199542	1.9349590601362056E-4
208.0	27.695717825240944	22.614387509546244	22.335983637555124	27.35391102765769	0.0
209.0	27.089422358289887	21.19010688422524	25.070958373088025	26.64887359934279	6.387850540557334E-4
210.0	24.549282336669055	25.18441089962316	24.79541522558342	25.470678570156295	2.1296796806874452E-4
211.0	25.08675118879824	26.00529318783845	25.136832352819283	23.7702517885715	8.714819725239164E-4
212.0	28.68677928981312	22.10647417116512	24.519752578853577	24.686819588941145	1.7437122704257486E-4
213.0	29.59740517302045	22.95419989248319	23.039054038151992	24.408953168925276	3.8772741909437345E-4
214.0	27.76434799141701	25.54782534465833	24.08850336994944	22.599226289097814	9.700487740523593E-5
215.0	25.990023115558934	24.646952562844515	23.01328974514168	26.349365163030892	3.694134239783143E-4
216.0	25.81873301061694	24.379302863413617	26.064975890601342	23.736929278573214	5.89567948885245E-5
217.0	29.071183785216313	22.870876030515408	25.719579292227618	22.337647303915396	7.13588125259295E-4
218.0	24.469627749000864	24.592684606316197	25.505176039003256	25.43227126025524	2.4034542444401093E-4
219.0	26.647161995564755	22.907403413371348	24.91882767412861	25.52596008522816	6.468317071243055E-4
220.0	28.20961273892808	21.94093187236354	24.773674898444387	25.075597543801447	1.829464625472002E-4
221.0	25.16858732759057	22.912598373754626	24.170918171427306	27.747609405377794	2.8672184969999676E-4
222.0	25.690479336884653	25.062687996672654	23.838920536103025	25.407705000002075	2.0713033759345206E-4
223.0	30.10539568413052	22.507969163932874	24.261007404413444	23.12489552795855	7.322195646138786E-4
224.0	29.51260342662777	23.112833264744257	24.84266309178016	22.531795287101428	1.0492974638690158E-4
225.0	30.807342385570237	19.853315257569086	23.83227030557527	25.50607988266234	9.921686230683847E-4
226.0	24.934054916715898	22.531261707254664	25.54162539091818	26.992844397796972	2.1358731428049058E-4
227.0	27.472421437010265	23.509825055321183	25.84433478906498	23.171972413126152	0.0014463054774178827
228.0	27.207767443535396	28.117544257741606	22.948511639147174	21.725981419189353	1.9524038647183702E-4
229.0	27.413945053901045	25.430488163135212	21.97695102607468	25.17859386636183	2.1890527224591996E-5
230.0	25.71825727771496	22.872711234415778	27.814122632317172	23.594908855552088	0.0
231.0	25.013822061420786	25.1700354279196	24.430933023295186	25.38366437235749	0.0015451150069407014
232.0	25.33443831275947	25.238683438032382	24.42670371950938	24.999904290165194	2.7023953356656503E-4
233.0	22.43346501596876	25.214208413526627	22.940563205385708	29.41123912660953	5.242385093756638E-4
234.0	27.35070995519945	21.38526297473612	26.718823681308486	24.54397705412208	0.001226334633865069
235.0	25.718894368371153	22.274099300513704	27.36595324696966	24.640702018650003	3.510654954809679E-4
236.0	28.323749339859845	23.86229322132738	23.819232866130456	23.994605949114288	1.1862356803559846E-4
237.0	28.169774292049375	24.433259279996218	22.549013257874254	24.84776125990946	1.919101706873047E-4
238.0	27.029877028454003	23.101637552965236	24.15771922360544	25.71074186970363	2.4325271695040877E-5
239.0	27.738253555945864	23.612793605566694	23.762885274775616	24.88473473191816	0.0013328317936657909
240.0	25.622436026026012	21.56295412678263	26.46268701665087	26.35161657011807	3.0626042242500067E-4
241.0	29.4312044092626	21.298055757620354	23.320458249750047	25.947854250681125	0.002427332685874278
242.0	26.468038512423476	24.497242000829793	21.281653770579414	27.752016317383237	0.0010493987840795454
243.0	27.90640267183644	23.22694640049811	24.96523449445636	23.89885307796163	0.002563355247457344
244.0	26.68352656641301	22.606665147957305	25.876547420586864	24.832182187593823	0.001078677448989472
245.0	28.64108985986391	21.6539449959613	23.407659661191754	26.29540128523055	0.0019041977524805393
246.0	24.57084979549549	27.067531590599238	23.320730597843877	25.038130362283546	0.0027576537778568133
247.0	25.2883259012768	23.283659982121726	24.710227302085972	26.578894337341303	0.1388924771741995
248.0	26.162767539605564	23.32009052699644	23.80978984804397	26.697445845457484	0.009906239896540575
249.0	25.504557257882055	21.14293661353498	28.50359308284848	24.831892087122398	0.017020958612086128
250.0	26.596424699101327	22.10129057397749	24.997965890915083	26.303227045826333	0.0010917901797632531
