# Position (bp)	A	C	G	T	N
0.0	24.21332963028837	23.61018350046177	24.310991100327474	27.865381633974927	1.1413494745512355E-4
1.0	23.229177870079674	29.997414560519864	24.091914175549253	22.606718614462412	0.074774779388793
2.0	24.515324831291768	26.69434717528924	22.48509735286939	26.304455470347754	7.751702018524298E-4
3.0	26.010719070845113	21.869503727760613	23.958084817533443	28.15502436847944	0.006668015381392535
4.0	26.263315051786186	23.221805137794828	23.750962786837814	26.763766035201808	1.5098837936811742E-4
5.0	28.745399885040722	23.21461057402912	22.364594351913766	25.674773074191716	6.221148246757886E-4
6.0	26.130442881846115	23.429892878176915	24.3593670912276	26.075216718004107	0.005080430745261558
7.0	25.801925552706333	25.224657830575996	22.539955443990273	26.432897838147213	5.633345801805375E-4
8.0	28.437385845711173	24.06202874767945	23.45942523374115	24.04110397383373	5.619903450058728E-5
9.0	26.165225992345075	24.989445027196115	22.359097189890413	26.486063509336805	1.682812315942403E-4
10.0	24.49375764253075	24.395798751640587	23.36853801025393	27.74190559557474	0.0
11.0	27.382489492296468	22.629219545827397	22.783462732284516	27.20477372669888	5.450289274103223E-5
12.0	28.542697348484168	23.787182995296593	19.87758234546273	27.79251937935845	1.7931398057312333E-5
13.0	25.671581480773263	22.812289246643115	24.88621757746411	26.629752050283155	1.5964483635872126E-4
14.0	26.48394354458513	21.72888394059806	23.498008991109913	28.28911090719289	5.2616514008620686E-5
15.0	25.622311041754763	23.37353415736711	24.450606631404366	26.553530853474438	1.7315999325368664E-5
16.0	26.49607287264405	24.177560577738163	21.899437988077793	27.426826265958965	1.0229558103549043E-4
17.0	28.517820752810895	26.640827901985524	19.248513766476353	25.591466082565407	0.0013714961618178144
18.0	25.762868242956817	25.312407009354338	20.08448330033464	28.840075207093808	1.662402603987439E-4
19.0	24.831135913543704	24.95024163621052	22.239796433280777	27.978296584665323	5.294322996719174E-4
20.0	23.36563061838473	25.349757667696338	23.465701006042497	27.81886142830274	4.927957369883446E-5
21.0	24.109169019554983	23.850700373751074	23.522716733978587	28.517087893845634	3.2597886972368564E-4
22.0	23.073452234181474	26.641171846912908	25.656921562667033	24.628389782420133	6.457381844844935E-5
23.0	25.631020985540793	23.353828595311004	23.121597183709884	27.893199591702235	3.536437360853246E-4
24.0	28.231732027002387	21.55417396143585	23.892576412955986	26.321453906214547	6.369239122732849E-5
25.0	25.29077687296674	24.357556978629166	19.740910805695734	30.610534357651687	2.209850566747747E-4
26.0	27.00823685036362	24.694813086857135	19.687379157416792	28.609492372408297	7.853295415528855E-5
27.0	25.831548675513556	24.644639561808717	19.890389490304862	29.633390928217967	3.134415490281353E-5
28.0	27.77467586378132	23.20897572178987	22.50604821502006	26.507894879772813	0.0024053196359432342
29.0	28.041260702277587	23.133564670673803	21.820097031109206	27.004677251766594	4.003441728057906E-4
30.0	24.325488439142234	24.09146867948048	24.46058284680622	27.122184519123753	2.755154473092779E-4
31.0	26.670841470113583	24.591262426753747	21.881229177063698	26.856210053123664	4.568729453091103E-4
32.0	24.84059078349417	22.332571532771365	24.104017800965853	28.722533548234935	2.8633453367783897E-4
33.0	23.806929938139902	24.479673632231954	24.65924819450869	27.054073555521068	7.467959838506862E-5
34.0	26.24405789270049	26.13632525805173	22.730341645617848	24.889201140220994	7.406340894318625E-5
35.0	25.89049360100711	21.819454280651268	25.642218215937014	26.647555484632292	2.78417772314928E-4
36.0	24.9548507039367	23.85692170877112	25.72417099422139	25.463895567778838	1.610252919498333E-4
37.0	25.47618890827873	24.733170165984365	21.43976527315897	28.350875652577933	0.0
38.0	27.10863979554783	24.644106272291364	21.445649378219255	26.801531401544338	7.315239721868734E-5
39.0	23.701856634490152	27.150997534395017	21.341744904084806	27.805225397486648	1.7552954337744586E-4
40.0	27.29032041984546	25.523121233842293	22.394039348153157	24.79241661965787	1.0237850121676849E-4
41.0	24.54083995581874	24.06577293153323	21.641141161122537	29.747434738972707	0.004811212552789897
42.0	24.312889326646676	25.609546928003386	20.24157133079033	29.835875436529108	1.1697803050231391E-4
43.0	26.15460935793482	25.655251648272277	22.506976299442684	25.679434398514765	0.0037282958354496894
44.0	28.891568047510287	24.629907713754758	22.544403472517036	23.933769912415194	3.5085380272894086E-4
45.0	25.644395332622967	24.329820961100808	21.450275011583667	28.57173760840046	0.0037710862921013283
46.0	25.63998868757614	24.19876542578341	22.2239582229556	27.937273048150146	1.4615534705683322E-5
47.0	25.774625513088612	23.864643253346046	22.697124160903652	27.66179490368395	0.0018121689777423268
48.0	22.860642394207613	23.787378997213583	22.63888886859829	30.713089739980514	0.0
49.0	22.778689324444585	25.31638265560423	24.121803670377716	27.78134215897491	0.0017821905985647816
50.0	27.949925789638126	23.75530577429796	20.001463611506672	28.29324639695218	5.842760505685079E-5
51.0	24.855576763350943	26.886432912914632	20.680239103977865	27.575356032214103	0.002395187542454334
52.0	23.157982803291954	25.745301455446906	21.341705864930983	29.755009876330156	0.0
53.0	22.963919306680438	24.802234449952177	23.542665119814377	28.689377270727036	0.0018038528259754806
54.0	23.601884814408216	27.256247451641375	22.44736107508841	26.694375740687754	1.3091817425005343E-4
55.0	24.37830564048995	27.316104648843137	22.788348331356566	25.51573250925815	0.0015088700521938463
56.0	26.90478632347209	24.962860592423052	24.645799355665186	23.48655372843967	0.0
57.0	22.89260799134816	27.20270323585315	23.037844837789603	26.861825264394014	0.005018670615074346
58.0	25.96916184238826	24.21713552943449	21.759715765800326	28.05374031258743	2.4654978949724003E-4
59.0	27.674125673741095	22.061467926095563	24.477161830116316	25.78435876553694	0.002885804510091905
60.0	24.625058989406515	22.478061731147275	23.30851676746738	29.588290132338933	7.237963989681558E-5
61.0	25.6429151450147	23.186545484547544	22.850978706281	28.313611565857677	0.005949098299078975
62.0	25.526023377465872	21.545916962043933	24.22370020615256	28.70412787103589	2.315833017439236E-4
63.0	27.462469857712335	23.190134822376695	22.143909242496324	27.201083523065172	0.002402554349470056
64.0	26.008267429606587	21.067412849258453	23.43080271208673	29.493459225161416	5.7783886818700884E-5
65.0	25.18050145198511	25.704773234939626	23.483345794327725	25.626612755050747	0.004766763696789917
66.0	24.922489068304518	23.370392694610036	23.000477956996004	28.7060625140018	5.777660876439377E-4
67.0	26.872978471598145	24.3019308746695	20.93841959050771	27.885891121928225	7.799412964184229E-4
68.0	24.18883831820594	21.869772772766122	26.426477907107397	27.514708809052234	2.0219286831091836E-4
69.0	23.046224561385266	24.33368368789041	24.885802610877974	27.731487458722135	0.0028016811242077668
70.0	26.69357027574494	22.53376416392569	24.005597319075584	26.76669347225924	3.747689945538858E-4
71.0	24.600129149851625	22.66558337545627	25.60354847337718	27.129776054502212	9.629468127107254E-4
72.0	28.059501508029893	25.11287950073778	21.66878294773715	25.157169076966145	0.001666966529036545
73.0	25.45141285142397	22.325623030701692	22.747971916399806	29.470854061749378	0.004138139725149932
74.0	25.008051608439867	25.107529553927964	23.796230669316348	26.08725444030763	9.337280081915239E-4
75.0	25.978657654611492	24.715445449497224	21.816495243993984	27.48729016965688	0.0021114822404234225
76.0	27.057419164598272	23.985429009582575	24.440248210117105	24.515955656779695	9.479589223545518E-4
77.0	24.624899662302337	24.213007040191233	23.587908030994136	27.57343843376534	7.468327469499422E-4
78.0	27.280585640165867	25.830645692898525	20.158057241319785	26.730165687521566	5.457380942567241E-4
79.0	27.170925791490653	20.481482518667555	22.626849252902904	29.718071283883972	0.0026711530549158907
80.0	24.25012787826621	22.72229493309116	28.258124254881128	24.76699732640364	0.002455607357861261
81.0	25.62958497614775	24.752879595135667	21.232861467396276	28.384214449548693	4.5951177161460805E-4
82.0	22.947462677908778	22.289394591432465	23.506078898384633	31.255929454940308	0.0011343773338198231
83.0	26.162587005927808	21.894996143280434	23.573114270896212	28.36828311939979	0.0010194604957622032
84.0	23.947399819007227	25.03764939692766	24.706260044086658	26.30754212647699	0.001148613501463549
85.0	25.56003665597893	26.898399107691368	20.90107207109296	26.63984610576166	6.460594750867263E-4
86.0	25.952759473041816	24.385296324253336	22.393483281110882	27.266738197979418	0.0017227236145497791
87.0	22.80764664759359	21.43000693348875	25.27032710850551	30.491215427658446	8.038827537003727E-4
88.0	24.782495358513394	26.761001694103136	25.65488239605496	22.800888478290016	7.320730384964196E-4
89.0	25.93658378765074	26.53816022191914	22.503833146113703	25.020389380470004	0.0010334638464203827
90.0	24.037575653016123	25.334658787619823	24.75096420053419	25.876700887634307	1.0047119555412089E-4
91.0	27.160176304016787	25.145927311191517	23.435344908008744	24.257948678939822	6.02797843131908E-4
92.0	25.781661043171507	23.85720579983036	22.296926285091832	28.0641781684006	2.8703505702668996E-5
93.0	26.60814747937384	26.341384027000114	20.742925020784387	26.30719903972046	3.444331212055848E-4
94.0	28.424165424951997	23.386987174712733	22.533465304533305	25.651177271792502	0.0042048240094589885
95.0	23.657636183734223	26.222846306236626	23.412502233284805	26.70417389270331	0.002841384041036474
96.0	26.728368895487247	23.84677110834128	23.12744430914177	26.296296402591114	0.0011192844385884504
97.0	25.538756024800875	25.558815975067116	23.245105903049314	25.657207304806494	1.1479227620169576E-4
98.0	28.49470349789961	22.57470538041163	23.690796826302826	25.239751250141513	4.304524442596369E-5
99.0	22.5993171433068	22.080682908339995	25.918627893888218	29.401314669138443	5.7385326543310214E-5
100.0	22.825849007070932	24.7605364671723	24.044491370418562	28.369123155338205	0.0
101.0	24.360857560574797	21.38372989733785	28.3929518178751	25.862317277215336	1.4344699690843033E-4
102.0	25.43141630847107	23.591675526218655	24.353322041499	26.623500050711403	8.60730998753518E-5
103.0	25.370810900748225	25.137327941145887	25.221739245806152	24.269820699487866	3.0121281187180094E-4
104.0	26.86516728391529	26.23429286198975	22.505901763163845	24.39433688909275	3.0120183836390604E-4
105.0	27.246571383287183	23.409432380427823	20.312801436063822	29.02802490305637	0.0031698971648066827
106.0	26.133499904618336	23.642030467628324	24.269512721618934	25.954827818169562	1.2908796484217562E-4
107.0	26.00103182226496	23.991488398597216	22.41745027452869	27.5893123637522	7.171408569345585E-4
108.0	24.375857771607954	24.222408974029864	24.023542200570486	27.378061984709618	1.2906908207502928E-4
109.0	26.113268509568194	23.837940873946415	25.419617226321208	24.628470747928244	7.026422359395194E-4
110.0	25.40321771204167	23.228213682875673	22.967092181009065	28.40136171472128	1.1470935231084857E-4
111.0	25.158259316003157	23.335572553234048	24.208036672543127	27.297371509523376	7.599486962936729E-4
112.0	26.339788051850334	23.43537978727187	23.580536396973216	26.64409503370547	2.007301991128872E-4
113.0	28.74924675918273	21.3790497043597	22.598156436379163	27.272787228304622	7.598717737887536E-4
114.0	26.551328364318582	22.31662091703342	26.49641446658604	24.635206117092775	4.301349691844139E-4
115.0	27.485215767420073	22.850516758092347	26.047507130973468	23.616057749234926	7.025942791906057E-4
116.0	27.084604986932526	24.059392155673486	24.566490689165633	24.28936878233979	1.4338588856306836E-4
117.0	26.00191822741907	26.337543501735766	24.00131514291282	23.658377146337752	8.459815945950093E-4
118.0	27.30144737560919	24.03892685177631	24.661334353472917	23.997861262832817	4.301563087656249E-4
119.0	27.54146449598722	20.583146296030495	24.701283993817697	27.173603357222202	5.018569423806574E-4
120.0	25.924113940930347	22.899310882775513	24.640901960671854	26.535587183509364	8.603211292001594E-5
121.0	27.742971947439145	23.51991020473361	23.472219374378323	25.26409550095948	8.02972489445572E-4
122.0	26.81814382032203	23.6015604645604	24.256959021243958	25.322734463643005	6.02230230609728E-4
123.0	24.726209734427243	28.073263289750383	22.45078743826832	24.749008263965102	7.312735889502554E-4
124.0	24.8257662735125	24.660053348750356	22.64999012777116	27.864032523724536	1.5772624144532298E-4
125.0	27.441879005322217	23.968757232055825	23.522911296245365	25.065563470170883	8.889962057068394E-4
126.0	24.285183751308413	23.934041668459013	24.342495805910442	27.438092370341693	1.8640398044192082E-4
127.0	26.221956926274654	23.043921136557664	27.161995485635448	23.571151426790983	9.750247412528094E-4
128.0	27.280296811427956	23.106425537253777	24.20095710931479	25.403401860448444	0.008918681555033786
129.0	24.84854811230367	26.00728230861285	21.954207544935148	27.186563776407834	0.0033982577404998624
130.0	26.40818649436631	24.08057730810466	23.201371719020713	26.30982146173019	4.3016778120748956E-5
131.0	26.307613972564592	24.366785627893165	24.1428389323114	25.182058855623495	7.026116073444996E-4
132.0	26.57262399166504	24.90108613468001	21.83159814952602	26.688884437432364	0.005807286696567263
133.0	27.518191824160898	25.457111344230555	23.836724112318706	23.185821876991323	0.0021508422985219984
134.0	27.39361347468256	22.786447485792642	20.629487095475827	29.19036591054207	8.603350689637422E-5
135.0	27.05225164666503	22.70778893780642	25.97464961767088	24.26475058559561	5.592122620623519E-4
136.0	27.96896244079081	25.9567748905148	24.536499989532555	21.531797667967403	0.005965011194433268
137.0	28.95912224696655	21.392219001205767	23.97521705296639	25.673269630909946	1.7206795135466947E-4
138.0	25.758671090019668	23.920201855388015	25.901978895111878	24.41781473017843	0.001333429302008546
139.0	25.9522355925501	23.75254535032136	24.768549119490164	25.525451209136392	0.0012187285019876744
140.0	27.817117946281183	21.32996422750612	24.735527438889314	26.117160975362157	2.2941196122421676E-4
141.0	26.44087185076224	24.89166244997503	24.611188530636984	24.055847015894287	4.3015273146267564E-4
142.0	29.078461219044694	22.61879703732933	23.118592857609883	25.183833439820326	3.154461957762328E-4
143.0	27.571216342568555	24.58208929757163	23.807543061452822	24.039050929580227	1.0036882676154102E-4
144.0	28.49664708217	24.760374774311806	22.810523436012378	23.931895505507136	5.592019986739743E-4
145.0	28.65950837336782	22.294099892532397	22.51148698882093	26.533929722355055	9.750229237926384E-4
146.0	28.188144551999123	21.30345489836936	24.822877472692998	25.681049398727612	0.004473678210907257
147.0	27.23958175011801	23.555347678387385	25.764130214716978	23.437197994208372	0.003742362569262385
148.0	24.94362656885617	24.04312857845464	23.800614565753232	27.21217144176323	4.5884517273369913E-4
149.0	28.190371829344397	23.82501342137141	24.37870234839586	23.603646827508992	0.0022655733793407237
150.0	26.083622318403997	23.634481014168394	24.96997346652457	25.311908861584275	1.4339318756173076E-5
151.0	27.270533292149597	23.27503654483335	25.362573215139438	24.09132637741112	5.305704664976298E-4
152.0	27.82960398765616	23.85846745976207	23.038221730202253	25.27349172297491	2.1509940460484803E-4
153.0	25.342496397793706	23.033398991382235	24.421811473830086	27.201533117353915	7.600196400546985E-4
154.0	23.131022587193613	24.365583052692745	24.835229414001798	27.665239515342165	0.0029254307696808357
155.0	27.73627604200654	23.02424384366485	23.773713225882187	25.46553741660312	2.294718433028571E-4
156.0	26.65440973463728	22.68850483070274	25.559819522197653	25.097108147130804	1.5776533152735055E-4
157.0	25.472273161586163	22.20469104929162	26.379055990081955	25.94369295137846	2.8684766180431194E-4
158.0	24.97170191807354	21.335061337849552	25.98895557272851	27.704166430012663	1.1474133573831174E-4
159.0	27.627349639832094	21.277746239041566	23.566234549326122	27.528110193507597	5.593782926225461E-4
160.0	27.40842546403134	20.45801360291307	25.673372022991188	26.460074163544483	1.1474651991734235E-4
161.0	24.84283472807098	19.78901864812263	28.952977860383566	26.41156854591805	0.003600217504773874
162.0	26.00638037274447	22.912397318700066	24.447921042994867	26.63324389068767	5.73748729325861E-5
163.0	25.471227600847733	23.803615421303085	27.314081208917706	23.411004048612032	7.17203194423028E-5
164.0	25.956387581596314	23.618093047227635	24.527226598299357	25.89660013400536	0.001692638871336925
165.0	26.865946763837005	21.80781124885707	25.75500715379409	25.570603658576825	6.31174935010499E-4
166.0	25.44224032183955	23.032417352814054	25.123229665150703	26.4019261713686	1.8648882709573634E-4
167.0	27.086297232970008	22.663892382486832	26.20424643941121	24.04517660884788	3.873362840707092E-4
168.0	26.21784320794581	23.404754694016155	23.682256025715535	26.694959569850703	1.8650247180333686E-4
169.0	27.57480068692532	21.831255675957184	25.315364430524852	25.27836400442456	2.1520216809010946E-4
170.0	31.18724164230986	22.910096832304447	22.723008992267992	23.179394283031765	2.582500859398897E-4
171.0	25.804161981511708	23.136920063664064	26.202141294564807	24.856044922392027	7.317378673915941E-4
172.0	27.929193117999894	24.13812151366813	23.424333667445367	24.508208223058666	1.4347782794081482E-4
173.0	28.71316435162501	20.327720999542446	22.847998388454954	28.109581045636194	0.0015352147413902075
174.0	25.301289179358783	24.68506575029952	23.79982925726912	26.21325623605541	5.595770171675359E-4
175.0	25.398814590171554	24.464014426484678	22.993228689282468	27.142148740408796	0.0017935536525074452
176.0	25.2750154109648	23.839184142949467	27.377205891637672	23.50724573629974	0.0013488181483194872
177.0	23.197393912432013	25.556204526211555	23.714119656157166	27.507713502575953	0.024568402623308408
178.0	24.715190422884696	23.029572325367184	23.909568663319643	28.345223747230325	4.448411981496328E-4
179.0	29.067923778776127	23.535174301456614	22.821633633412976	24.574148871802347	0.0011194145519299282
180.0	26.830164062013168	21.644871315347018	25.769814667677316	25.754934085786125	2.1586917637130535E-4
181.0	28.62455691454079	21.762241355373316	25.358407785819043	24.253986597759642	8.073465072099647E-4
182.0	26.00947074301802	22.510731063953525	25.420456407218605	26.05921210092539	1.2968488446301596E-4
183.0	24.57474022729994	23.965992186825677	25.84886604358588	25.60994043502876	4.6110725974474545E-4
184.0	26.240050816238718	21.757633171429585	26.468928515743322	25.52958319559554	0.0038043009928360977
185.0	25.647549226019038	23.67376736445858	24.014333973453876	26.663830653098763	5.187829697385248E-4
186.0	27.82608545267794	22.99500730752164	24.775546457203117	24.40331754708815	4.3235509150723456E-5
187.0	25.744886687699893	22.328522644410914	27.22772920562266	24.6981250586596	7.364036069337453E-4
188.0	27.830415030833116	26.981531320709923	22.456616084168644	22.73100434247109	4.3322181722400414E-4
189.0	25.553042005427884	22.70276858945549	24.898544939464905	26.84466240954975	9.820561019767055E-4
190.0	28.83330232762366	21.27158748463195	25.130816170421244	24.76401958790523	2.7442941790920607E-4
191.0	27.28148497226507	23.210295108561734	23.977659263692136	25.530097647034484	4.630084465762768E-4
192.0	27.46201616234993	22.400041675680722	24.549349143079993	25.588477253109577	1.1576577978020421E-4
193.0	27.846447888450783	23.916582386861958	21.899164110291824	26.337501686078518	3.0392831691445027E-4
194.0	28.211980230093094	22.574161033899085	24.118362952586324	25.095495783421494	0.0
195.0	26.72043688689998	20.88469539337208	24.444796079344854	27.949376735181907	6.949052011772273E-4
196.0	28.7237818039939	22.2221786767309	25.771920038285195	23.282003359679805	1.1612131019093681E-4
197.0	25.161046422832733	23.327530067902853	23.941126665849797	27.569585469149878	7.113742647438849E-4
198.0	28.26496997473785	22.30908324728123	23.762831630304166	25.66298423308267	1.3091459408257308E-4
199.0	25.93999662750108	22.98760264150905	25.63236176507324	25.439485141548033	5.538243685928532E-4
200.0	28.200644128391904	23.09644551669615	23.474436591716582	25.228386309123323	8.745407203650216E-5
201.0	25.91616267187935	20.984112684925634	28.198592167272334	24.900768054529102	3.6442139357656275E-4
202.0	25.53274708242451	24.89247968623399	27.911795294034636	21.66297793730686	0.0
203.0	26.534700969872766	23.907768388462443	21.99179388909427	27.564905495556786	8.312570137310535E-4
204.0	25.286695800903956	23.638301599300732	24.116226383612524	26.958659535327246	1.1668085554487114E-4
205.0	27.355614854314908	23.865882056080356	25.23634947502609	23.541278475741517	8.751388371300988E-4
206.0	26.21616922157701	21.214620054334635	25.47224802546819	27.096846000522806	1.1669809735422073E-4
207.0	26.902371747604576	23.011402514873573	26.448351658612605	23.637582282843177	2.9179606606379656E-4
208.0	28.787968774966856	22.01396940098514	21.533715608211786	27.664302438333916	4.377750230379106E-5
209.0	27.57985754647283	20.866105302119	24.77896526348882	26.77425456511275	8.173228066047857E-4
210.0	25.32381613870732	24.233928311274568	23.93749038368618	26.504444014295352	3.2115203658564E-4
211.0	25.730489055495774	25.07406557780642	25.116513926110084	24.078084517917745	8.469226699733643E-4
212.0	28.874066886586263	21.80303975221282	24.409453650126242	24.913162145488485	2.775655861914919E-4
213.0	30.399577616356492	22.604979788556758	22.31837693354971	24.67665637506077	4.092864762685469E-4
214.0	28.288855316771556	23.71077193422355	24.01785099080577	23.982492500035477	2.925816364939416E-5
215.0	26.752538886972598	24.145149482250083	23.004395536064163	26.09746146499879	4.546297143634832E-4
216.0	26.56584700097594	23.970429235953684	25.8431227262909	23.620512086099517	8.89506799612353E-5
217.0	29.5425449511938	22.949777903688137	24.814272258042923	22.692657792377005	7.470946981378814E-4
218.0	24.121018138857117	23.996802304992592	25.004905041116448	26.87701833777123	2.5617726261032575E-4
219.0	26.70652485664022	22.600470589094975	23.941509453494312	26.750749148853643	7.459519168528502E-4
220.0	27.77554254584303	21.414949220984713	24.94907264891194	25.860145029596048	2.905546642663793E-4
221.0	26.322334755092758	22.21936666557916	23.543932858647484	27.91408871458708	2.770060935184883E-4
222.0	25.61704573726279	24.22969326706345	24.079596449419995	26.073462907457717	2.016387960488723E-4
223.0	30.949319324073905	22.157262456403117	23.719616862665692	23.173049652720522	7.517041367688091E-4
224.0	30.412256670450304	22.02932093316391	24.12165335801566	23.436643492461204	1.255459089217788E-4
225.0	31.322283481767904	19.55371049620232	23.55277675035942	25.570330225841893	8.990458284667878E-4
226.0	25.639113921831445	22.208501543576347	25.345316437135722	26.806892781609047	1.75315847436962E-4
227.0	27.830889551733552	23.825048481175244	24.48665784220518	23.856100889112493	0.0013032357735323756
228.0	27.514864930404	28.02667442649983	22.540084388185655	21.9182307580387	1.4549687181725592E-4
229.0	27.87743997925494	25.239905435380685	21.75527023139794	25.127368065448568	1.6288517865409278E-5
230.0	25.920544179255955	22.51278909933538	27.187941870566924	24.378708428242273	1.6422599467579326E-5
231.0	24.949963406507575	24.750814356882874	24.15863640496488	26.13910646719958	0.0014793644450879033
232.0	25.8877082033072	24.87806499725358	23.788434835021054	25.445608201569804	1.8376284836424335E-4
233.0	23.510577787254025	25.148862940161994	21.660426512143843	29.67944115924506	6.916011950868651E-4
234.0	27.28304601930701	21.370043259695777	26.433580723934135	24.912131951998784	0.001198045064293944
235.0	25.88233317734851	21.58742210428492	27.86727758220983	24.662586122153783	3.810140029573614E-4
236.0	28.897698072372975	23.66452712082321	23.84130553128818	23.596258678779254	2.105967363823763E-4
237.0	28.088594545381422	24.136535718569277	22.019873855988333	25.754712418334236	2.834617267319113E-4
238.0	27.257941269656943	22.137906489641264	24.263487291531366	26.34055742645088	1.0752271955064105E-4
239.0	28.285013720906598	22.786832285511014	23.868261147329143	25.058658690633486	0.0012341556197639134
240.0	25.83518295655708	21.616494568586454	25.62266194729203	26.925343582467715	3.1694509671952503E-4
241.0	29.240862178058773	21.768470609849064	23.15163208498481	25.836589300760654	0.0024458263467027927
242.0	27.587671328726277	24.119919163860065	20.320313765754047	27.9711977286257	8.98013033910843E-4
243.0	28.271641227180478	22.784789468876202	24.65190037848313	24.289136575629	0.002532349831186057
244.0	26.86254998052658	22.188402713346736	26.021847072746386	24.926053632356858	0.0011466010234447955
245.0	28.955392557066688	20.87153590789214	23.124018929999437	27.04724379034858	0.001808814693152487
246.0	24.55554152322065	26.02110249223707	23.078937169559747	26.34196472950598	0.0024540854765522516
247.0	25.583416012178407	23.121246317320146	24.42711134000318	26.730783795451273	0.13744253504699439
248.0	26.451836231129068	22.303643344017605	24.169883701444007	27.06436192759719	0.010274795812129717
249.0	25.989638682252924	21.4272066234482	28.51887813671367	24.048480705461785	0.015795852123419274
250.0	28.284426101318644	21.85878632759009	23.668347554765546	26.18712404114997	0.0013159751757494383
