# Position (bp)	A	C	G	T	N
0.0	23.178229999869895	24.634731933254447	25.668728209600168	26.518276497176235	3.3360099252967294E-5
1.0	22.714585542116534	30.184863711488113	23.72623460231916	23.299085750997385	0.07523039307880384
2.0	24.097877274331147	27.22455668529627	23.218002854023563	25.45886611150741	6.970748416063392E-4
3.0	25.245858140267668	22.18275593293421	25.364865088973282	27.19938970795536	0.007131129869483738
4.0	25.555559974757518	23.864187759517634	24.04147509426158	26.538744027448548	3.314401472124558E-5
5.0	27.855824901285768	24.529542742169422	22.591551571811376	25.022219808545387	8.60976188047796E-4
6.0	25.205912237986222	24.16182364961303	24.52876028239015	26.09666157408907	0.006842255921526265
7.0	24.962470724855386	26.431598709171134	23.723187894535886	24.88195067090695	7.920005306403556E-4
8.0	26.967413891942922	24.32952065035896	23.96171972779439	24.741312802336804	3.2927566926102965E-5
9.0	25.292464882029712	25.92976636003935	22.734549522738725	26.043022040160086	1.9719503213128719E-4
10.0	24.426937696519904	24.82816258507311	23.761754250576733	26.983145467830255	0.0
11.0	26.579845845512807	23.009387105206873	23.451349445883537	26.959385916965704	3.16864310780516E-5
12.0	27.79832030284957	25.02202247415323	20.422101580377664	26.75755564261954	0.0
13.0	24.938492170263142	23.49317732797257	25.344393108909063	26.223875892713	6.150014221907888E-5
14.0	25.712002090861297	22.494993177349407	24.083591905206184	27.70941282658311	0.0
15.0	25.135623869801083	23.59070151600245	24.18845948905569	27.085185156326325	2.996881445168158E-5
16.0	25.984934426055705	25.232598137094485	22.19589369163695	26.586544294954933	2.945025792535891E-5
17.0	28.248368524509203	26.901589906112633	19.411341834141354	25.437315050884262	0.0013846843525475595
18.0	25.55214996967601	26.189368828766895	20.160747215244253	28.09761950214844	1.1448416440727397E-4
19.0	24.908673368602084	24.756419620324866	21.85705169112955	28.47745682443483	3.9849550867097764E-4
20.0	21.75661458064418	26.062083965681516	24.663878550777877	27.517394688811336	2.8214085091987792E-5
21.0	23.359945094713854	25.372943149312622	24.056497181461523	27.21047473831053	1.3983620146704954E-4
22.0	21.72732595330988	27.179844443700794	26.162724290108102	24.930105312881228	0.0
23.0	24.377770538854676	24.757392138822983	23.590409258387	27.2741529359458	2.7512798954073436E-4
24.0	27.130435967116867	21.805194009113013	25.321100917431195	25.743241862650944	2.724368797804159E-5
25.0	24.42425126050941	26.179168183715696	19.79721355262204	29.59917835456932	1.8864858353211054E-4
26.0	25.4698323528703	26.0360464088812	20.117414576544395	28.37667988528984	2.677641426326035E-5
27.0	25.411510439524648	25.33721698813334	20.579045776298493	28.672200100588473	2.6695455045387612E-5
28.0	27.43145649912248	24.027547940563327	23.02312671498852	25.51502069523871	0.002848150086960879
29.0	26.647399115131442	24.16164516530944	22.949082262957248	26.241508540853097	3.6491574877323146E-4
30.0	22.886399996689597	25.79619003972998	25.786672639180345	25.530556286889627	1.8103751045491623E-4
31.0	25.353787538159356	25.11135278847549	23.20096696096659	26.33350687460066	3.8583779790536373E-4
32.0	23.557229464925157	23.348361503299202	24.76757358641648	28.326682633778898	1.528115802653013E-4
33.0	23.177568400391603	25.01544246984913	26.094364750257203	25.712599218655058	2.516084700468923E-5
34.0	25.294767401541723	27.1340920395714	23.118579987696926	24.45253562578297	2.4945406976831202E-5
35.0	24.593775581446142	22.711252615677804	26.456086351239595	26.238613981360853	2.714702756089634E-4
36.0	22.97951958472536	25.298524263025353	26.754288523851244	24.967618313055276	4.931534276752279E-5
37.0	24.5566294223057	26.331886447834478	21.640551246120893	27.470908234922938	2.4648815994123723E-5
38.0	26.275983681129507	26.013473220631013	21.444292978726132	26.266176193728924	7.392578442649855E-5
39.0	22.787491521740684	27.99191704375878	22.144018432530302	27.076400541918755	1.7246005147686166E-4
40.0	25.5060500359652	26.387369810911743	23.795904894222904	24.310576724112448	9.853478770679988E-5
41.0	23.13944143033323	25.158393754447378	22.237047155685858	29.460339307340906	0.004778352192635574
42.0	23.805647795120706	26.829526588761006	21.09257727292094	28.272248343197347	0.0
43.0	25.712143964956365	26.171490797549033	22.85802727859719	25.254594822750192	0.0037431361472195146
44.0	28.28866486050864	25.058435852048035	23.45569426076585	23.196983422266467	2.216044110111785E-4
45.0	25.223325785945512	24.426750988640514	22.402225958303656	27.943881310453676	0.0038159566566409583
46.0	24.286882879059522	24.89112617055829	22.893327402332343	27.928663548049848	0.0
47.0	24.39912245183786	25.446902945664235	23.77094151820361	26.381014713675665	0.0020183706186281333
48.0	22.370352726021782	24.5322028409625	22.984920151758168	30.112524281257553	0.0
49.0	22.163578911832776	26.601934294230627	24.60706111387514	26.625580261203048	0.0018454188584091308
50.0	26.739868069185068	25.33867827575169	20.587402381112305	27.333952858513292	9.841543764237946E-5
51.0	23.942690102500407	27.906644359476385	21.990835552859405	26.1572961953547	0.002533789809097388
52.0	22.52350932112332	26.573099891815517	21.511529000045908	29.391861787015262	0.0
53.0	21.899402698775027	25.647554285683473	24.7818854168939	27.66924576412227	0.001911834525329479
54.0	22.426109687452893	29.107801361074447	22.897890003713357	25.568174437144364	2.4510614934562785E-5
55.0	23.45110077024806	28.750170630763833	23.08248939398313	24.714551244760596	0.0016879602443775025
56.0	25.950819716240687	26.575742817775037	25.014119964786314	22.459317501197965	0.0
57.0	22.296255006935173	28.447536417909497	23.018951083004634	26.23229244194621	0.004965050204484248
58.0	25.018721242532905	25.926732075663654	21.801528905549556	27.25284658265789	1.711935959899612E-4
59.0	26.834095328645937	23.403306805332207	25.039689293721317	24.719876241788253	0.0030323305122877857
60.0	23.48356017026744	23.355534948932704	24.806699002086727	28.354157060706896	4.881800622868941E-5
61.0	24.58120848024454	24.838216651298247	23.02717550216663	27.5471511144587	0.006248251831884927
62.0	24.660644858969132	22.70053913158081	25.530259949772166	27.108336404438987	2.1965523889947843E-4
63.0	25.44412129134225	24.60426218793876	23.372795867111265	26.576111666873704	0.0027089867340187477
64.0	24.55776939782987	22.248469433608236	23.98845739707387	29.205279415894413	2.4355593615229844E-5
65.0	23.393413358855778	27.323626037762498	23.7724995677258	25.50559034043724	0.004870695218682038
66.0	24.368696031650554	24.570116176392517	23.70538060395359	27.35536884166005	4.3834634329045167E-4
67.0	26.388953487381052	26.036444588820384	21.14751435689651	26.42628397518801	8.035917140440802E-4
68.0	23.129574218985894	23.190718024541287	27.248100183309663	26.431461470879867	1.461022832864832E-4
69.0	22.502388058320488	25.334261204272913	25.429661790555535	26.730718331351706	0.002970615499356813
70.0	24.39585618833404	23.48071623368873	25.225551965738706	26.897583910922197	2.9170131632649837E-4
71.0	23.861124613760257	23.49018899533421	26.737524259310664	25.910265097746382	8.970338484812853E-4
72.0	26.36758512120138	26.320216779253347	22.557294118616728	24.75327978496615	0.001624195962394288
73.0	24.90098237122618	23.127294251790318	23.56389291261628	28.403830976301702	0.003999488065527613
74.0	24.411045585556415	26.25226735331157	23.942645050019923	25.393217959668014	8.240514440774453E-4
75.0	24.375738580897085	25.222143806487203	22.597255169218034	27.802705472114965	0.0021569712827144687
76.0	26.407589770086503	24.750290272789776	25.88746164533718	22.953616213689244	0.0010420980972985182
77.0	23.858091783049435	25.62587393098702	24.91824731550211	25.597011489238987	7.75481222449212E-4
78.0	27.256660971974846	26.732458531738818	20.77212751263131	25.238122932645123	6.300510098990707E-4
79.0	27.51802640544897	21.209341841131124	23.2484169040624	28.02140390295062	0.002810946406883523
80.0	23.69476218342717	23.55933086411676	28.538642997081283	24.20440460742728	0.0028593479475091566
81.0	24.996686367534302	25.238127200354942	22.683056082653987	27.081766879716472	3.634697402960243E-4
82.0	22.865122378448426	22.65521167591028	24.57484177947479	29.903733783895444	0.0010903822710627326
83.0	24.939691425569674	22.93259590008306	24.604638405391864	27.522323137654748	7.511313006589602E-4
84.0	23.15381133933296	26.8061146958546	25.082498095638673	24.956243300815434	0.001332568358333931
85.0	24.739511849554905	27.481145544596913	21.37397126956281	26.404838331024855	5.330052605196462E-4
86.0	25.154133570556947	25.287135779265757	23.28561000893707	26.270940277163035	0.0021803640771936098
87.0	21.509481589758785	23.005576379735494	26.649470063448007	28.834745213540774	7.267535169419569E-4
88.0	24.753518329031106	27.064777563312482	26.02742281187259	22.153433447284172	8.478484996472951E-4
89.0	26.443066300604272	26.552846261062175	23.057425189995392	23.945790209817314	8.720385208482609E-4
90.0	23.154002817561896	26.43707283610665	24.9906743351891	25.41810467610634	1.4533503601402191E-4
91.0	26.004985750500293	24.89724034931257	24.90247219010184	24.194526622560957	7.750875243365371E-4
92.0	25.207332878473782	24.779721305277363	22.740991395210216	27.271930200615348	2.422042329064968E-5
93.0	26.07223733255185	26.60317906265364	21.397130948027193	25.92723468050735	2.1797625996333153E-4
94.0	27.567058187572563	23.699850763836313	23.194380466482894	25.534036356273855	0.00467422583437353
95.0	23.49928593069132	27.131654909205306	24.395160167308	24.97167093186953	0.002228060925841656
96.0	25.503604213173357	25.03498142799783	24.230154305754876	25.23002498708024	0.0012350659936929296
97.0	25.171915860816746	25.591434876598594	23.277517737658222	25.958986228569092	1.452963573476731E-4
98.0	26.951437596785187	23.7579350233132	24.888252835904385	24.40237454399723	0.0
99.0	21.765289549151152	22.661495817510378	27.033618751809897	28.53957166889907	2.421262950124889E-5
100.0	22.53985309780494	25.1996316913025	25.07603085638552	27.18448435450705	0.0
101.0	22.882648324109518	22.807426149958683	28.941725451895937	25.368006389647956	1.9368438790043943E-4
102.0	24.608085568831655	24.653052210702498	25.284522370480573	25.45429142064562	4.8429339656267914E-5
103.0	25.6556998178958	25.96649486096183	25.37342741122208	23.004135782276887	2.4212764339828085E-4
104.0	25.166701532346636	27.59749315761031	23.82459076408138	23.410851361795352	3.631841663325372E-4
105.0	27.197023336184213	23.54367991662397	21.839377159345275	27.416166310387812	0.003753277458735741
106.0	25.826229755893927	23.33969515555551	25.03382694358431	25.80019971698689	4.8427979361932313E-5
107.0	24.903937444868	25.20380225872009	22.941038451415192	26.950495428296495	7.264167002230826E-4
108.0	23.54573333275225	25.092234662219454	24.670199645249436	26.691783936278547	4.8423500312089454E-5
109.0	25.151916830997596	25.0196531316088	25.92879356282768	23.898910150022335	7.263245435958149E-4
110.0	24.203258964864904	24.85913375429789	23.396555489219985	27.541027581555227	2.4210061992284736E-5
111.0	24.270495184895367	24.45408799671504	24.64811579493775	26.626550479186196	7.505442656481217E-4
112.0	25.08872410392831	24.933948690485728	23.473181582573154	26.504024572321853	1.2105069094523885E-4
113.0	28.26288208803537	22.26192533974006	23.071941564757964	26.402524730926647	7.262765399604615E-4
114.0	26.18729778751335	22.618698305990765	27.366703175068924	23.826986003821276	3.147276056782671E-4
115.0	26.381676609503522	24.109170000113796	26.741424984183226	22.767074670426375	6.537357730752385E-4
116.0	26.469446690147887	24.842782599684416	25.48746292168076	23.20030778848694	0.0
117.0	25.64028064191135	26.935405727169513	24.173779685397676	23.24988020879867	6.537367227887537E-4
118.0	25.890669629572955	24.979789011565842	25.646467138591326	23.482783675961745	2.9054430812804966E-4
119.0	26.645650073727563	21.530143556888866	24.90536480011235	26.91830889064834	5.326786228804839E-4
120.0	24.729649599537833	24.477113524771656	25.093587254361456	25.69964962132906	0.0
121.0	27.488630291185125	23.512313280241198	24.346612501098654	24.65176597007351	6.779574015151863E-4
122.0	26.384034200252394	24.228576658560183	24.65675777500782	24.730243959605115	3.8740657448327223E-4
123.0	23.384727060712684	28.38829115977527	24.050768073033037	24.175559965482478	6.5374099653372E-4
124.0	24.724404796926727	24.981204878087755	23.165396346446215	27.128945553104423	4.842543487856475E-5
125.0	26.08667649856795	24.198752909438117	25.137714816591295	24.575984124328436	8.716510742009926E-4
126.0	23.63907854890896	24.339989990438372	25.59164523634212	26.429237798758415	4.84255521299858E-5
127.0	25.89923824701658	23.241879876874023	27.780219216145746	23.077815218546668	8.474414169801595E-4
128.0	25.756669962089322	23.46275554961524	25.451171448903636	25.319257689702905	0.01014534968889612
129.0	24.095115669407505	27.26031918136621	22.7085307201956	25.93303200990411	0.0030024191265720633
130.0	25.95222385126947	25.210944130405565	24.191496857660685	24.645310946914986	2.4213749293261196E-5
131.0	25.277819076062404	25.071661267756717	24.914851546522556	24.735038546231504	6.295634268202737E-4
132.0	25.87461048987776	26.456493635267186	22.250595479224874	25.411641585552267	0.006658810077903235
133.0	26.785037600193128	25.73246948654192	24.940101440737415	22.54057544748673	0.0018160250408060827
134.0	25.72584318198823	23.467204336354133	21.560993539585866	29.245910514995323	4.842707645013064E-5
135.0	25.424498298181135	24.33846740176073	26.72796297717696	23.50861127367528	4.600492058945379E-4
136.0	27.78835909654424	26.143533046644972	24.45926313342631	21.601822795598945	0.007021927785526113
137.0	28.071990190552015	21.857620627734935	24.610038606299046	25.460060011196404	2.905642175977313E-4
138.0	24.675001107723777	24.73943068082519	27.399904747861488	23.184234923637277	0.0014285399522673957
139.0	25.04963584240499	24.29328245457715	25.678485646767136	24.97745806376632	0.0011379924844070817
140.0	25.797706973798135	22.067399048155874	25.859255299160694	26.275275490498025	3.631883872692301E-4
141.0	24.85860234541294	25.70213357371964	25.729687926375156	23.709091895218883	4.8425927338348806E-4
142.0	28.362332031400385	22.89615069008257	23.90510635196548	24.83616879656311	2.4212998845282084E-4
143.0	26.320539038812907	25.76209110953027	24.27730339189805	23.63989696897205	1.6949078672296345E-4
144.0	27.220845444871266	26.056200764404004	23.06291865768042	23.659139252520873	8.958805234363556E-4
145.0	27.510505409786646	22.83216889042776	23.421149802119363	26.235013674284474	0.001162223381755272
146.0	26.738074218850254	21.963233916109484	25.53737262112706	25.75589551772614	0.005423726187057536
147.0	25.831284962732248	25.287619318798132	26.882612384361487	21.9949241085956	0.0035592255125284737
148.0	24.59847484240563	24.53704723775534	24.189522440930105	26.674301736171223	6.537427377050967E-4
149.0	27.01072569442679	25.454038739570496	24.250524638201217	23.282604384660587	0.002106543140913935
150.0	25.10425156552897	24.60910808312231	25.436607154531547	24.849984769658644	4.8427158531630446E-5
151.0	26.074553725143794	24.812087788091297	25.97997411046492	23.132948525541096	4.35850758888813E-4
152.0	26.648627052157494	24.79013511550196	23.547459925420117	25.013656835682113	1.210712383166255E-4
153.0	24.436063553253028	23.85830670752452	25.69233358314577	26.012593936943144	7.022191335342325E-4
154.0	22.571159994847093	24.808727396706985	25.387363949218685	27.22977024041409	0.0029784188131461112
155.0	26.805073669532437	24.287636774974274	24.146862957306034	24.76011177630016	3.148218870956688E-4
156.0	25.179124364836845	24.10440239326522	26.551599877362836	24.164606972591173	2.6639194392013665E-4
157.0	24.777615331131624	23.041112617180147	26.814247440012263	25.366733999819335	2.906118566247031E-4
158.0	24.770919711706128	21.678105746502887	26.357698492657033	27.193179176192505	9.687294144999418E-5
159.0	25.949278184329888	22.038095127380945	24.94788124674258	27.064188410261774	5.570312848144553E-4
160.0	25.29067993237974	21.871884793675857	26.335379056125785	26.502056217818616	0.0
161.0	23.86503944140221	21.31657023282174	29.342150833997348	25.471662012492402	0.004577479286300742
162.0	24.430319442537133	24.228398761979427	25.313955535792175	26.027277820041373	4.843964988789854E-5
163.0	24.316904354136042	24.70728970405264	27.24602972189343	23.729630897166956	1.4532275093061058E-4
164.0	25.363812825258915	24.210259373923677	24.926040913289967	25.497779653028097	0.0021072344993525705
165.0	25.8442691526813	22.66084725572256	27.398859919941522	24.09553923209548	4.844395591406236E-4
166.0	24.53705273703762	23.530278088099504	26.237933383264718	25.694687345882066	4.844571609066325E-5
167.0	26.422662212076233	24.08458360302468	26.56885268457546	22.923513919949148	3.875803744801578E-4
168.0	25.882507408481363	24.988862750569943	24.379420833960143	24.74916055783388	4.844915467126158E-5
169.0	25.922017566299992	22.609198275928897	26.005740443576208	25.462874136607827	1.6957758707566843E-4
170.0	30.865425263242045	23.22329636094291	23.478198725488177	22.4328131680982	2.664822286635553E-4
171.0	24.971038444375644	23.733116660682974	27.62309811850424	23.67194733575491	7.994406822281429E-4
172.0	27.144602515931936	24.549189508595315	24.46004574641857	23.845968490913076	1.9373814110675334E-4
173.0	28.359032290482368	19.821893210995402	24.087302596290876	27.73017366320018	0.001598239031176558
174.0	23.800017290241403	26.43774774506435	24.264262693495116	25.497512166736048	4.6010446308594006E-4
175.0	26.032730414835825	24.488817334294282	23.215922124319004	26.26083490262634	0.001695223924549942
176.0	24.060912279478046	24.91507534353737	28.707730819960698	22.314755746855013	0.0015258101688708568
177.0	21.739642241575584	26.62609758862335	24.94809373452864	26.661291150793147	0.024875284479275766
178.0	25.056043602600965	23.60237330367592	24.186931813778298	27.1542637701602	3.875097846220617E-4
179.0	27.955386984988266	24.193722234642443	23.428784438974162	24.420410839489016	0.0016955019061074645
180.0	26.033332604804887	22.61048740981425	26.172432969311956	25.183479888972265	2.6712709664415517E-4
181.0	27.614329086607807	22.31627589300178	26.766094755701797	23.302546235374873	7.540293137408952E-4
182.0	24.777719426737107	23.396275430641627	26.00596964389136	25.819962526145467	7.297258444326661E-5
183.0	23.564905592727538	24.5913534453674	26.752396151757047	25.090736696106685	6.081140413288897E-4
184.0	25.790454654036065	22.398562637227908	26.757453789497195	25.049223252933327	0.004305666305509648
185.0	24.43021921437359	25.397767820441036	24.800197892743885	25.371279964235317	5.35108206176219E-4
186.0	26.705251440786892	23.477431482957215	25.398618518161747	24.418698558094142	0.0
187.0	23.61140090871863	23.14758390046996	28.579761510110956	24.660668668707707	5.850119927458512E-4
188.0	26.59422610872958	28.59551901107596	22.857752953272694	21.9518925272487	6.093996730692635E-4
189.0	24.617430862328256	24.59556384838968	25.201428839934188	25.584576953727495	9.994956203808372E-4
190.0	28.10841779982812	22.359787650317852	25.029493688631003	24.501983921398924	3.169398240983976E-4
191.0	26.092810316067826	24.29777699505345	25.281908996246422	24.326941889802132	5.618028301672487E-4
192.0	26.32571167804752	24.29755627562647	24.44953173675632	24.927127021290733	7.32882789566876E-5
193.0	27.35363218523358	24.941850635294024	22.0782143160804	25.626058538330206	2.443250617898081E-4
194.0	27.451558660066922	23.849470835994588	24.511090771283964	24.187879732654526	0.0
195.0	25.962237740363936	22.312303036464158	25.160087856489337	26.564711563274656	6.59803407909039E-4
196.0	27.719414226146316	22.706865776889796	26.532955288345	23.04074022383985	2.448477903711158E-5
197.0	24.454055436009973	25.19557274008031	24.376107959825827	25.97355369229334	7.101717905561355E-4
198.0	26.876454881177704	23.952651105912036	25.020510283592536	24.150383729317724	0.0
199.0	25.152077574308624	23.1012913322664	25.887643475901555	25.85839778853451	5.898289889151473E-4
200.0	26.797746747228228	23.96554889671084	24.713593620617573	24.52311073544336	0.0
201.0	24.678665640205804	21.78759044211557	29.304646505166225	24.22867955248666	4.178600257401776E-4
202.0	24.69896991960732	25.425881605651085	28.53635369633277	21.338794778408822	0.0
203.0	25.061736318118033	24.947398419383052	23.816830194450652	26.173223637799175	8.114302490869566E-4
204.0	26.059790828007305	23.92294621186226	24.524518567518587	25.492695210389254	4.918222259382124E-5
205.0	27.126283684182827	24.778996543723835	25.558490846303183	22.535343583952294	8.853418378614469E-4
206.0	24.813177380338953	22.181193898796163	26.190436954513984	26.8151917663509	0.0
207.0	25.645465530236688	23.739916676670454	27.054793846589824	23.55945495443194	3.689920710983762E-4
208.0	27.778433902488715	22.678401129059402	22.727635087056267	26.815505276718955	2.4604676660102137E-5
209.0	27.150173789698222	21.027396855740278	25.35921951642069	26.46242234588038	7.874922604276279E-4
210.0	24.38622473354276	25.10682779833944	25.385745512937106	25.12100504892259	1.9690625809930818E-4
211.0	24.364845211296423	26.1295327002939	25.747956023891263	23.756779707546517	8.863569718992832E-4
212.0	28.290316684836935	22.62338579802776	25.097801685130054	23.988323407424996	1.7242458025699145E-4
213.0	29.16036713203118	23.242805713725158	23.062557275032056	24.53399875479952	2.7112441209136003E-4
214.0	26.93567727212965	26.00775990233643	24.728429319100513	22.328010168930447	1.2333750296318353E-4
215.0	25.378413683509994	25.302765557061925	23.417841684787607	25.90070713693102	2.7193770945384033E-4
216.0	25.569339085328764	24.719410285515497	26.475873158204365	23.23530249707977	7.49738716057454E-5
217.0	28.25918298594164	23.358172042983657	26.044864893058662	22.337099749513122	6.803285029169714E-4
218.0	23.873609403373912	24.94075855059022	25.836614185774557	25.348839402963463	1.7845729784548504E-4
219.0	25.95910831770365	23.419042181356513	25.40691666954119	25.21426353939118	6.692920074692988E-4
220.0	27.824752678699443	22.438627102159884	25.169241630827315	24.56714566917926	2.3291913409982708E-4
221.0	24.841902663445964	23.292124736874104	24.88701927906832	26.97882285035244	1.3047025917395103E-4
222.0	24.839374421622505	25.642852145260704	24.701897144184805	24.81566506976173	2.1121917025189208E-4
223.0	29.94654706890632	23.407413938910555	24.420147252738445	22.22511686566227	7.748737824127699E-4
224.0	29.12411049779428	23.413474847920682	25.439662586116196	22.0226716702743	8.039789453993778E-5
225.0	30.377810965858565	20.15142863539177	24.404873487149928	25.06488893156527	9.979800344653753E-4
226.0	25.045931618807693	22.909927071782178	25.9859942004677	26.05806521006788	8.1898874545666E-5
227.0	26.63785281278338	23.96544874094248	26.35171778892455	23.04362966330747	0.0013509940421162741
228.0	26.719372958705552	27.962503950892486	23.77782953215888	21.54023810712048	5.54511226079772E-5
229.0	27.62959266002482	24.93498405934467	22.44848801569335	24.986907289059083	2.797587807888526E-5
230.0	25.314628606666524	23.443515934443855	28.457836999623904	22.784018459265717	0.0
231.0	24.83651348717176	25.10747737717956	24.84742882255905	25.20703325768041	0.0015470554092219398
232.0	24.853721610463097	25.128840276104427	25.353921644359335	24.66334352910522	1.7293996792540063E-4
233.0	22.593092656952226	25.343973189198028	23.0022609936987	29.059914143544635	7.590166064075599E-4
234.0	27.03152711316318	21.63628435554789	26.7638533052676	24.567001303390622	0.0013339226307088553
235.0	25.598032264474796	22.60968702702995	27.341473796445996	24.450506732722125	3.0017932713002747E-4
236.0	28.383292691580415	23.91376578351178	24.080383265891474	23.622405985682043	1.5227333428960988E-4
237.0	27.6440870059584	25.145914396887157	22.463925949443414	24.745918826925774	1.5382078524895585E-4
238.0	26.85323018379367	23.21126950565227	24.699868002814192	25.23553862627372	9.368146615241787E-5
239.0	27.474474040311424	23.909463533165678	24.43925956644866	24.175407825635915	0.0013950344383274298
240.0	25.200521966072202	22.02696824706394	27.215803425607525	25.55641090876263	2.9545249370111696E-4
241.0	29.284047858986774	21.371314715369714	23.518112776661347	25.823665100159804	0.002859548822358911
242.0	26.19426874821555	24.507573973811265	21.903354651788863	27.39374883300638	0.0010537931779405522
243.0	27.520559899976366	23.06587089610666	25.59217396929845	23.81845763452558	0.002937600092946987
244.0	26.011264060649886	22.989714344665177	26.48743894886402	24.510359225859528	0.0012234199613862207
245.0	28.99308553031646	21.268928630013736	23.625183714791795	26.110747501727378	0.0020546231506320452
246.0	24.792377040175015	26.656262146121556	24.16389044982513	24.384815020480996	0.002655343397306088
247.0	25.22395062139185	23.260951303508744	25.23443192972532	26.136257008335136	0.1444091370389472
248.0	25.994622420217357	23.585970326045754	23.988922398832283	26.41889294605699	0.011591908847624358
249.0	25.949819782241327	21.244304691009432	28.366315322252884	24.421678805963765	0.01788139853258893
250.0	25.892307439932267	22.73305383355825	25.640717468311884	25.732849950267877	0.0010713079297208607
