# Position (bp)	A	C	G	T	N
0.0	24.007186836114336	23.334996193318286	24.649513110122342	28.00826657658887	3.728385616484833E-5
1.0	23.156910029353316	30.446608059103408	23.971751565652642	22.350724767980253	0.07400557791037524
2.0	24.960120731657575	26.34957302670854	21.942978764428656	26.74684544048886	4.8203671636588814E-4
3.0	25.569277591673355	22.15559432851051	23.90137770790577	28.367599724777065	0.006150647133298233
4.0	25.91689639520565	22.878185748019078	23.4591157246871	27.745728085822584	7.404626558766448E-5
5.0	28.79117286110468	23.417942035653866	22.428173344153226	25.362045995394393	6.657636938345103E-4
6.0	25.730611618097043	23.609847286510647	23.836431298125568	26.816428189886114	0.006681607380629024
7.0	25.957708568524275	25.701186891889748	22.316390740009755	26.024197807697934	5.159918782878357E-4
8.0	27.76485854203552	24.289766088435286	23.735946114335913	24.20939245407865	3.6801114632159974E-5
9.0	26.42591640343789	25.296297656651728	21.6948872401381	26.58282524057886	7.345919341805627E-5
10.0	24.649625751195195	24.32088724529831	23.166724043898355	27.862726257754183	3.670185395745081E-5
11.0	26.855638140757502	22.014838361384342	23.37047242040344	27.758944597322312	1.064801324044953E-4
12.0	28.616346702014923	23.910995148941826	19.9415914408727	27.531031732985443	3.497518510616717E-5
13.0	25.74937326903906	22.288367078613057	25.315818844949096	26.64637169854025	6.91088585462606E-5
14.0	27.264164541884096	21.763514182089104	23.142023582775444	27.830126500886266	1.7119236509442458E-4
15.0	26.120017768581484	22.777751651933382	24.06035769250678	27.041872886978357	0.0
16.0	27.12702907679811	24.582397782674285	21.621785171966764	26.668721470068864	6.64984919804481E-5
17.0	29.21872585208093	26.380077468557882	18.687622112213905	25.71276116355757	8.134035897127221E-4
18.0	26.01335600582472	25.624707803043982	19.566719772335965	28.794990253908857	2.2616488647976614E-4
19.0	25.393053351769517	24.645223073202736	20.384971700544817	29.576365731481953	3.86143000981125E-4
20.0	23.44548278647438	25.346042469501583	23.100318313735382	28.108060648823646	9.578146500943448E-5
21.0	24.590480074832975	23.585782747502666	23.022698787764025	28.800848394187906	1.899957124300895E-4
22.0	22.697330398399423	27.153453460132337	25.912643009896474	24.236479156884165	9.397468760464474E-5
23.0	25.763047041558078	23.34542006459773	22.51322912231616	28.377991855882495	3.119156455328221E-4
24.0	28.248198376070487	20.834299958044376	24.538734914484564	26.378705051950934	6.16994496409092E-5
25.0	25.35290102639341	24.33237376925366	19.830865373628097	30.483676513452128	1.8331727270338592E-4
26.0	26.93386728481538	24.299462179010696	19.605213016374094	29.16139674219904	6.077760077989817E-5
27.0	26.25577641084459	24.007621255373284	19.885705417747488	29.85083629516785	6.062086679352594E-5
28.0	27.60588542763748	22.83408737524402	22.281743424112417	27.27537322524099	0.0029105477650893897
29.0	27.755925119700663	23.719835477186628	21.795199247379195	26.728713084428108	3.2707130540996757E-4
30.0	24.35856029370868	23.90548584094362	24.162356943667852	27.573213135409837	3.8378627001666815E-4
31.0	26.932405006566075	24.35993265141816	21.82995012370568	26.87715352853758	5.586897725074056E-4
32.0	24.694445892725394	22.34878417704356	23.701229381778866	29.255132764319118	4.077841330611277E-4
33.0	24.256323362597776	25.176638990121265	23.49901247306712	27.067967432542574	5.774167126915905E-5
34.0	26.44099477821797	26.384770321952217	21.928510289275685	25.245467224945585	2.5738560854108406E-4
35.0	25.2783543797782	21.594858484316237	25.692715110294245	27.433902159228218	1.6986638310305114E-4
36.0	25.254147919208997	24.061778495145603	25.217713780420954	25.466048644101264	3.1116112318982017E-4
37.0	25.135580097311134	25.1907509743273	21.892007603457415	27.78166132490415	0.0
38.0	27.39748915648753	24.7808538993955	21.130303652274804	26.691127120287643	2.261715545166742E-4
39.0	23.797392358542645	27.404543968016583	21.378199592801582	27.419751017077402	1.130635617905085E-4
40.0	26.8852124506264	25.609157771693297	21.863631636185225	25.64171552213362	2.826193614611195E-4
41.0	24.87892644820584	24.09359441928496	21.079853440105257	29.94307607358288	0.0045496188210666
42.0	24.878932555141173	25.84560725576785	19.876054739805653	29.39940544928532	0.0
43.0	26.852730024491834	25.102054019907065	21.951368353068908	26.090542094793484	0.0033055077387021564
44.0	28.810260958977636	24.945593527720185	22.772328969892826	23.47142106541771	3.954779916497647E-4
45.0	25.921441293652904	24.14908574698502	21.16232065315327	28.76362171747043	0.0035305887383822445
46.0	26.180190723859347	23.68399350885923	21.609872950548827	28.52594281673259	0.0
47.0	26.054839958578746	23.539179205106098	23.324307144206575	27.080261732186784	0.0014119599218000117
48.0	23.148502860466003	23.635367865949796	22.377412128714617	30.83871714486958	0.0
49.0	23.407598272652802	25.4000940567536	23.836019445923295	27.354735667212974	0.0015525574573286639
50.0	28.447161174668434	23.50942935022684	19.642877808390548	28.40030585795895	2.2580875522641418E-4
51.0	25.06134580634565	26.44663923755382	21.00302615793649	27.48695687266346	0.002031925500580369
52.0	23.08198512382033	24.98868728907461	21.715618017551243	30.213709569553814	0.0
53.0	23.177238666014468	24.35785952519492	24.069426271813363	28.39415502627114	0.0013205107061107896
54.0	24.12610409068778	27.6211820214605	21.813985986873547	26.438699806173943	2.8094804231189896E-5
55.0	25.251179541427405	27.98897832000752	21.66211872717554	25.096432685117502	0.0012907262720317856
56.0	27.418762039591705	25.288431162292994	24.186498150258593	23.106308647856707	0.0
57.0	23.85440263702353	27.296475786373044	22.59295157274608	26.251569239401057	0.0046007644562892315
58.0	26.429456223183674	24.304318214458824	21.260412365581747	28.005532691237455	2.805055383013482E-4
59.0	28.067741102164494	22.727903824194907	23.998904976718133	25.203009855490023	0.00244024143243855
60.0	24.544129823003747	22.344706319007518	23.40415348072478	29.706954395907985	5.598135596920801E-5
61.0	25.694360674879647	22.737291150230217	22.606503341904187	28.955771442357502	0.006073390628450393
62.0	26.14337361333992	21.32219881930642	24.228202870629143	28.30608476432866	1.3993239586091168E-4
63.0	27.826195246997194	22.902091052578555	21.624651584520837	27.64504718301188	0.00201493289154064
64.0	25.709826607347512	21.263123803833594	22.96413350438542	30.062888165159258	2.7919274210547625E-5
65.0	24.466327211735734	25.966236341145226	23.96482205416669	25.59825930474367	0.004355088208682426
66.0	25.229167637903267	23.59827178973386	22.54450683001494	28.627551258262024	5.024840859102625E-4
67.0	27.816465492720084	24.182717175605443	20.636005749236055	27.364420781774395	3.908006640261568E-4
68.0	24.121288213446533	21.991422926644365	26.718247829633107	27.168929378709272	1.1165156672269714E-4
69.0	22.742880333330355	24.13795317119354	25.64941698448567	27.467349121569118	0.002400389421316351
70.0	26.82593331795494	22.217681139070812	23.91353889117336	27.042345182495826	5.01469305063837E-4
71.0	25.0028120945897	22.46148402494196	25.213670584712926	27.321338951412283	6.943443431349759E-4
72.0	28.404120337675963	24.416719175710302	21.58323028231028	25.59418067424667	0.001749530056787524
73.0	26.18196206925277	21.763557604198482	22.902007608363647	29.149001749368285	0.0034709688168161495
74.0	25.608755236305647	25.619166766617358	23.152994522702134	25.617778562575793	0.0013049117990680153
75.0	26.209124070264938	24.22995546599955	21.33445420238442	28.224550641357904	0.001915619993187056
76.0	27.704032072464535	23.201455376082738	24.685703561790326	24.4075041927013	0.001304796961100116
77.0	24.943494779200748	23.713982259220582	24.041049078899665	27.300779885862507	6.939968164978034E-4
78.0	27.61996708941154	25.55242376935051	20.0810384378796	26.745793462740195	7.772406181505671E-4
79.0	28.43960274125081	19.830710636156386	22.071571306080155	29.65575590221366	0.0023594142989944175
80.0	24.15303070340031	22.834585347547748	28.25242427405011	24.756767649403454	0.0031920255983798945
81.0	25.586876808120696	24.986822906243763	20.896886153518206	28.52891452666686	4.996054504734178E-4
82.0	23.468131693671022	21.955920961149193	23.029489552551155	31.544764729441567	0.0016930631870610007
83.0	25.85148354095922	21.969700544124606	23.793746105713655	28.384375949720166	6.938594823530718E-4
84.0	24.091640873059376	24.777709660884252	24.543062534916075	26.586199307686908	0.0013876234533895895
85.0	25.21736982717257	26.17792925111998	21.52460120535458	27.079405931197048	6.937851558283086E-4
86.0	26.21851962235479	24.15693887824211	22.134790989217986	27.487641504564607	0.002109005620499979
87.0	23.08416339415143	21.604538825091183	24.561928789772438	30.7487030184097	6.659725752493512E-4
88.0	25.150844242168795	26.966191743738626	25.51611692166477	22.365875917725408	9.711747023973863E-4
89.0	26.601596879935453	26.5775127163274	21.735985402999088	25.083961611840973	9.433888970895899E-4
90.0	24.597369605352018	24.476925919780786	24.75740627394793	26.16813172726955	1.6647364971835433E-4
91.0	27.21295047022779	24.32036360841735	24.14651652448994	24.319642251222632	5.27145642295059E-4
92.0	25.35499799276285	24.558678325195725	21.872226523995153	28.214097158046275	0.0
93.0	26.919587768436564	25.78927452216294	20.285159752492387	27.005700531768507	2.7742513960033025E-4
94.0	28.744684315843116	22.81372766330722	22.321892504236875	26.11464650093504	0.005049015677748517
95.0	24.006500254384314	25.772820658780475	24.05660037139555	26.16219233229638	0.0018863831432802316
96.0	26.94631126610963	23.77569031562239	23.563840307758117	25.71302077250771	0.0011373380021520655
97.0	25.753075379103514	24.422509988671553	23.196685569601154	26.62756263099556	1.6643162822280977E-4
98.0	28.603251263992117	22.762620227646174	23.9275899217917	24.706538586570005	0.0
99.0	22.49375021840262	21.73476298531835	25.846140277991175	29.925318784622014	2.773366584149766E-5
100.0	22.68036719881394	24.998433120884865	23.623517496631905	28.697682183669293	0.0
101.0	24.091018377217562	21.708876854145583	27.910969398295805	26.289024445368202	1.1092497284418009E-4
102.0	25.19084287039215	23.1285971981238	25.178195820704772	26.502336376021198	2.7734758086346067E-5
103.0	25.26305864081978	25.193837791366807	25.747604586990587	23.79541578268647	8.319813636174549E-5
104.0	26.373356975889973	26.506110633964582	22.300811968739247	24.819387635967118	3.3278543908404136E-4
105.0	27.432311341620313	22.80809720731157	20.317566145284584	29.438586341710447	0.0034389640730868617
106.0	26.869572090404723	22.43278509395319	24.812682952533223	25.88490439668477	5.5466424093505296E-5
107.0	26.19964851336462	23.722463667835424	22.904371174767952	27.1727955889176	7.210551144023271E-4
108.0	23.950453571992092	24.072245409443248	24.645099639421844	27.332173648760882	2.7730381933323405E-5
109.0	26.99552146472034	23.90061539306211	25.285381496281662	23.817871604600043	6.100413358463339E-4
110.0	24.378419296966204	23.492875107102154	22.923881908955543	29.204768229549384	5.545742671994277E-5
111.0	25.65484208535726	23.16482560928472	23.651593454157865	27.528101103525305	6.377476748551619E-4
112.0	26.526019721774585	23.53489684941823	22.716973347544428	27.22202689978184	8.318148091872283E-5
113.0	28.47385323631859	21.454711003325166	22.630482899085795	27.440148810406743	8.0405086370312E-4
114.0	26.642998690442226	22.218423589674487	26.76508174962243	24.37319097056725	3.0499969361394414E-4
115.0	27.482284941659685	22.65420017558386	26.42190483532219	23.440944536907274	6.655105269900568E-4
116.0	27.239343182198834	24.204683220953925	24.94969824492906	23.60624762217448	2.7729743699524935E-5
117.0	26.836977159293745	25.674657544692707	24.06746977528099	23.42017454759629	7.209731362636454E-4
118.0	27.64934827976137	23.46470151418267	24.10621739388437	24.77942779057328	3.0502159830208343E-4
119.0	27.91190751509202	20.108424079573847	24.762229598387226	27.216939667961654	4.99138985250443E-4
120.0	25.124352311491656	23.249071205112408	24.911917690388393	26.714575604929834	8.318807770653797E-5
121.0	28.43950303015178	23.280134100334003	22.93750719236438	25.342190166807395	6.655103424466656E-4
122.0	27.956534241610587	23.501978930415355	23.607129972733382	24.93396863936714	3.882158735370154E-4
123.0	24.948249954177122	27.674856923081613	22.18956003656957	25.18677849760293	5.545885687649617E-4
124.0	25.117329298176	24.219318232550066	22.639445437612977	28.023851573203917	5.5458457040354066E-5
125.0	27.668596301943694	23.487091352799386	23.301309539951546	25.542087760555525	9.150447498475618E-4
126.0	24.391384145112287	23.851264175757628	24.488183714546917	27.26908477961946	8.318496370778676E-5
127.0	27.48947313257282	22.15353116579407	26.794281192274145	23.561771763428446	9.427459305262796E-4
128.0	26.848435895665563	23.016014957682657	23.388626072074935	26.737190487796695	0.00973258678015251
129.0	24.216343075766606	26.003859189226436	22.205810300802145	27.57046597255977	0.0035214616450438756
130.0	27.402161775760614	23.358058910482985	23.051547157861872	26.188204427311877	2.7728582650724952E-5
131.0	26.066667553985003	23.706983084385083	24.332847526544683	25.89286407503164	6.377600535940275E-4
132.0	26.944747762731097	24.514572125268202	21.715386453993254	26.81872201854145	0.0065716394659946775
133.0	27.12951309372195	25.366547407223166	23.84540027611847	23.65657051322044	0.0019687097159706447
134.0	26.45551323355175	22.886046410388865	20.76505686851739	29.893300303869953	8.318367204338196E-5
135.0	26.616043381563724	22.84139593163361	26.09493002790233	24.447187016585843	4.4364231449304576E-4
136.0	28.61164634235951	25.587997239380584	24.396322464526623	21.397185088773213	0.006848864960070008
137.0	29.34573111031809	21.235879131101946	23.756472079353312	25.661806766925842	1.1091230081190576E-4
138.0	25.667107514091867	23.791509666758163	26.217196376733238	24.32263377223992	0.0015526701768103163
139.0	26.57546826105835	23.039991216206097	24.371673151923588	26.012007845525005	8.595252869566761E-4
140.0	27.87450755525585	19.990456110307623	25.693165887332192	26.441343619956875	5.26827147458364E-4
141.0	26.301686263255597	24.811790949384374	24.97227917964672	23.913827691428935	4.1591628437028194E-4
142.0	28.809029327846897	22.372070196064296	23.2131973924641	25.605370348290712	3.327353339969555E-4
143.0	27.482177962506483	24.27964586065676	23.458515065895096	24.77963338315093	2.7727790732817783E-5
144.0	28.578843797509982	24.987390748705316	22.586323114594595	23.84694323743463	4.991017554795133E-4
145.0	28.779581594598717	21.591299164021017	22.322330204766327	27.305763125424576	0.0010259111893637964
146.0	27.932910086417458	20.944428254823222	24.961327446657663	26.15609376572654	0.0052404463751222425
147.0	26.519615046566503	23.869330989527736	26.197018302201197	23.410458955213535	0.0035767064910291213
148.0	24.964641576072115	24.414627809785127	23.273814359471164	27.346361721459633	5.545332119644977E-4
149.0	28.48910702051162	23.26012196011245	24.100195503285793	24.148551442928483	0.0020240731616494147
150.0	26.080303138692162	23.203358127221314	24.985678770808757	25.73063223582531	2.7727452451578164E-5
151.0	26.73971700250356	22.927228145692887	25.323093568407607	25.00948990742453	4.7137597141576104E-4
152.0	27.994741589496268	23.689022860110587	22.974018782651903	25.342078125827516	1.3864191372424622E-4
153.0	24.69911823425022	23.081161268855368	24.33493234250222	27.884150399290153	6.377551020408164E-4
154.0	23.387458143344695	23.56345297025585	24.58997392381673	28.4567025551554	0.0024124074273310786
155.0	27.86340704784048	23.19084055836077	23.639622361053185	25.305935910974647	1.9412177092299908E-4
156.0	26.67206511415082	22.845749069253117	25.171389152725688	25.31054707811341	2.4958575697280207E-4
157.0	25.08596163749605	22.106984280785554	26.91556693915006	25.89118209280224	3.050497660961589E-4
158.0	24.90578627176539	20.94227871733441	25.194202718491404	28.957676827707502	5.5464701293464574E-5
159.0	27.587376447746355	21.569205485621612	23.27129455556132	27.57179071972507	3.3279134565012596E-4
160.0	27.393333200214766	20.211114956758653	24.919962460563625	27.47558938246296	0.0
161.0	24.188065239879418	19.665563804679724	28.637101090751766	27.505359465523316	0.003910399165781511
162.0	25.171035509490014	23.00043486894581	24.88321217278053	26.945261980805864	5.546797778174682E-5
163.0	24.83113200561234	24.225744925917184	27.167923914481445	23.775088216279723	1.1093770930825624E-4
164.0	25.908069758927876	23.550766039117363	24.09398262683189	26.44548974361819	0.0016918315046761112
165.0	27.02930959166268	21.298747044425493	25.373494477149332	26.297810968041656	6.379187208342867E-4
166.0	25.50276449048446	22.82248182292727	25.45788693852441	26.216783538758616	8.320930524113224E-5
167.0	27.280105379333147	22.382096608262202	26.278152954806878	24.059173524468825	4.7153312894683634E-4
168.0	26.6522855396168	23.76649983301842	22.974003020092155	26.60715613166359	5.547560903897383E-5
169.0	26.69143764606348	21.853357466314378	25.659073099354373	25.79588213673969	2.4965152807539476E-4
170.0	31.040696318105397	22.987590356666637	22.526899303443336	23.444647587155572	1.6643462905465963E-4
171.0	25.514786833107127	23.895262671307826	26.179422506742473	24.409890009605746	6.379792368270464E-4
172.0	28.471723234433682	23.335961425559308	23.896568717308885	24.29569115821217	5.546448595098437E-5
173.0	28.70809615702982	19.25805493570277	22.672395409721688	29.360261087815985	0.0011924097297306292
174.0	24.62430634184705	24.649680274582003	24.22944357877275	26.49601518331765	5.546214805454036E-4
175.0	25.6559989106781	24.704034734060418	22.43090723486673	27.207506115649487	0.0015530047452614634
176.0	25.49934548439701	23.602415051640172	27.750574087838213	23.14611228825311	0.0015530878714930722
177.0	22.88508587294803	26.21968486487731	23.684447736944186	27.184848929455296	0.025932595775177987
178.0	25.927936941773634	23.18197902200294	23.112651356160068	27.777099907267317	3.327727960457718E-4
179.0	29.390863507277242	22.977680156194534	22.867606274405397	24.76268525914093	0.0011648029818956335
180.0	26.219386338689283	21.886977096883847	26.07729544391165	25.81611858191729	2.2253859792894455E-4
181.0	28.359959223734954	21.289741670433475	26.246571555489663	24.10308658936863	6.409609732797305E-4
182.0	25.925393324560275	22.658459898925887	25.104800156510485	26.31126301397503	8.360602832906664E-5
183.0	24.62188956140109	24.59549631428198	25.563462381540447	25.21878942787411	3.6231490237424957E-4
184.0	26.44590736549065	21.226774409603212	26.26192269968301	26.0618278783176	0.003567646905526201
185.0	25.27231755434507	23.248280371008455	23.65814316298031	27.820645803525597	6.13108140571205E-4
186.0	27.714821464504436	22.901589899292816	24.920778166044506	24.462810470158242	0.0
187.0	25.339199797982957	22.071842310502877	27.395628252887793	25.192770963178816	5.58675447554901E-4
188.0	28.21162285909036	27.592990415317615	21.936910385594203	22.258113178030378	3.631619674439264E-4
189.0	25.36609037604723	22.90436727044759	24.7938227277756	26.935077067835117	6.425578944662914E-4
190.0	29.595665069995015	20.468904018650434	25.34198426872364	24.593334883065967	1.1175956494236559E-4
191.0	26.950521593015786	22.646308366709203	23.95965555991671	26.44317852865472	3.359517035830929E-4
192.0	26.918473502831517	23.05628683234227	23.72130930446315	26.3038743655437	5.5994819359312874E-5
193.0	28.157157373254922	23.956480944032887	21.2002236657267	26.685886015040033	2.520019454550189E-4
194.0	28.563292255739526	23.04226203976714	23.67139044994946	24.723055254543876	0.0
195.0	26.95921332380438	20.49112933759597	24.500878216861317	28.04819103009013	5.880916482024559E-4
196.0	28.96013930423591	21.649498989848006	25.694256924903858	23.69599261979169	1.121612205384019E-4
197.0	25.0590274651942	23.423898670476284	23.640236889508493	27.876163897655253	6.730771657730165E-4
198.0	27.902930539350674	22.961227363093602	23.72156938911517	25.414160277546905	1.1243089364852585E-4
199.0	26.123928944265383	23.046916593286426	24.90928174124972	25.919422017227035	4.5070397143438226E-4
200.0	28.02825376667119	22.836104376556126	24.030745254650693	25.10489660212199	0.0
201.0	25.609539986459833	20.470389827800954	28.235335217762582	25.68448140678006	2.5356119657219073E-4
202.0	25.592422536512906	24.663300232505982	27.424097447393127	22.320179783587985	0.0
203.0	26.827798597956598	24.249776007318832	21.876764144937006	27.044984832757297	6.764170302643071E-4
204.0	26.515433812606936	22.666042793560955	23.72970885608544	27.08864541551922	1.691222274524837E-4
205.0	27.79439050007865	24.093962985576812	25.121283208766105	22.989461257308704	9.020482697304735E-4
206.0	25.986796385399845	21.082987342471608	25.319511178133773	27.610592324514478	1.1276948029339236E-4
207.0	26.602971513130218	23.446091274831694	26.476141386548225	23.47451385544411	2.81970045758099E-4
208.0	28.899668718130656	21.677233261974386	21.08102742219727	28.34198599349168	8.460420601349776E-5
209.0	27.124888058385928	20.429404505870323	24.83951627119839	27.60548602051969	7.051440256672425E-4
210.0	25.507276549503892	23.51842636506534	24.239536539596457	26.734422022945083	3.3852288922515494E-4
211.0	25.22283744893764	25.699113785715433	24.86199724544724	24.21531787544467	7.336444550164492E-4
212.0	28.894617405563455	21.720243070522578	23.39594711209083	25.98888189761443	3.1051420870676196E-4
213.0	30.011217943286688	22.938434616788054	22.111097178116765	24.938911351135182	3.389106733138347E-4
214.0	27.891017267507028	24.551609491730826	24.41029957137875	23.147073669383396	0.0
215.0	26.58845201297122	24.527814137700716	21.905879095163144	26.977458357860357	3.963963045671366E-4
216.0	26.51926511828781	24.413809277974572	25.71639812432698	23.35052747941064	0.0
217.0	29.838745282994367	22.291334272333795	24.99279301272845	22.876377154990195	7.502769531945494E-4
218.0	24.621867837138442	24.10801140558168	25.206958231232772	26.062871537638046	2.9098840905870195E-4
219.0	27.40152951257766	22.448489185512376	23.685118876081752	26.46418676821507	6.756576131484147E-4
220.0	27.57313780376031	21.787227115573124	24.348038157520683	26.29130202453792	2.94898607960611E-4
221.0	25.849708303435737	22.552965173198082	23.232862548300407	28.36422627987717	2.3769518860370417E-4
222.0	26.293946688832676	24.364616430912946	23.018553236201118	26.322643752196512	2.3989185675097667E-4
223.0	30.783462306298276	22.677790080145755	23.676644102454766	22.86134639053369	7.571205675133496E-4
224.0	30.543946010683108	22.6749666437461	23.51810952387458	23.262826029869597	1.5179182661730395E-4
225.0	31.81819708045016	18.932508112658738	23.07774019528988	26.170608350963796	9.4626063741948E-4
226.0	25.72535006819801	22.527926320852423	24.93023626036121	26.81627138765747	2.159629308884684E-4
227.0	28.040026388969036	23.060371785014123	24.517223793117967	24.38106794223748	0.0013100906613930318
228.0	28.05799079418701	27.61856690475452	22.647578280898546	21.675801357216688	6.266294323457967E-5
229.0	27.439393096050114	25.020904385050553	21.657765172598747	25.88193734630059	0.0
230.0	26.51375988739677	22.746292445540757	26.74754174926768	23.992405917794795	0.0
231.0	24.80763447154051	25.51135242813578	23.488126922119207	26.191592638465345	0.0012935397391577116
232.0	25.178691617443366	25.61296324689263	23.91180345676189	25.296379261507596	1.6241739451315062E-4
233.0	22.781001836131427	25.59762941672367	20.90339242604817	30.71741802679747	5.582942992569104E-4
234.0	26.882184526736282	21.14471080970745	26.06079056373322	25.91097887982386	0.0013352199991921918
235.0	25.56973852598519	21.10864874026107	28.18880877820361	25.13253332404165	2.7063150847634796E-4
236.0	29.508366839506007	23.28981526511545	23.417287130204873	23.78435952408677	1.712410869014268E-4
237.0	28.543236077200586	24.479266089755296	21.051557843655385	25.925870950571312	6.903881742028865E-5
238.0	27.37928664831107	21.980859795678896	23.795750202122488	26.844068399717706	3.4954169840214E-5
239.0	28.50038636765817	22.525358591387565	24.04047303175024	24.93264719827594	0.001134810928087386
240.0	25.794085673507656	20.63963013651434	26.383011320361916	27.18316291337134	1.099562447450078E-4
241.0	29.752900646194362	21.287758119075743	23.00222247417846	25.954843815874785	0.002274944676647803
242.0	27.01410004228174	23.645899590050924	20.668235380627607	28.67073551850286	0.001029468536867842
243.0	28.112319494418642	22.609187232302997	24.85885485528249	24.417244566878676	0.0023938511171919022
244.0	27.446486847027384	21.98844406601831	25.359527373957903	25.204471855744874	0.0010698572515293425
245.0	29.777980444172254	20.422411500800123	22.947124411647994	26.850523548688564	0.0019600946910650376
246.0	24.722965368911517	26.3420537717977	23.365334534551444	25.56671983736139	0.0029264873779488066
247.0	26.48331042494473	22.521019576180574	24.30594267492978	26.54611196798347	0.14361535596144856
248.0	26.61158333773296	22.446388377251523	23.241444336787843	27.690099203531204	0.01048474469646664
249.0	25.62120441336233	21.513333817826748	28.72352755928988	24.125722314462315	0.01621189505872619
250.0	28.922954446919526	21.707268758689768	23.006622912586526	26.362256873327457	8.970084767301052E-4
