# Position (bp)	A	C	G	T	N
0.0	24.008136304615917	24.03929632485258	25.33420683174769	26.618291140075044	6.939870876762467E-5
1.0	23.249261899618347	30.054741290969417	23.431709789454445	23.191238623837457	0.0730483961203339
2.0	24.927638677290936	26.831295435075685	22.844916552363504	25.39497581513054	0.0011735201393313559
3.0	26.022376875803026	22.149010433944216	24.272696363188707	27.548950708941298	0.006965618122745226
4.0	26.190471269190674	23.966237225450094	23.836157806728718	26.006927004638904	2.0669399161235783E-4
5.0	28.42658384358106	24.148002688906335	22.409364659871926	25.015498366221063	5.504414196159433E-4
6.0	25.8219535127777	23.95583006470409	24.027326679088716	26.189807371225392	0.005082372204094332
7.0	25.40173451196468	25.562400910968204	23.517792519043592	25.51766097128833	4.1108673519025775E-4
8.0	27.255270304185814	24.14406922807063	23.921063915196434	24.679528166986596	6.838556052566613E-5
9.0	26.146039502600292	25.357420728627783	22.293034493113662	26.20330052824832	2.0474740994526417E-4
10.0	24.61257945231157	24.910110253395363	23.690336213213367	26.786974081079702	0.0
11.0	27.11582445444044	23.274251045111065	22.990325068432846	26.619268438804323	3.3099321132923565E-4
12.0	28.09731759467859	24.367261634389738	20.506738108845923	27.028552324857717	1.3033722802693548E-4
13.0	25.281778142887767	23.309475999204253	24.848303021835996	26.56024969403082	1.9314204116371945E-4
14.0	26.811584052890474	22.111658799395407	23.378783962226912	27.697782180789766	1.9100469744219242E-4
15.0	25.875465486043115	23.694896156336736	24.18027664426723	26.249361713352926	0.0
16.0	26.064494682083566	24.78273254337471	21.698755002635323	27.454017771906397	0.0
17.0	28.489375803841217	26.490422427086564	19.598596336333532	25.420150104935196	0.0014553278034919379
18.0	25.482284121657994	25.606362331226872	20.243453115217115	28.667539564589532	3.60867308489223E-4
19.0	24.919648276212598	24.725727799753038	22.143350465068306	28.210735289281153	5.381696849016495E-4
20.0	23.141193790706254	25.48538687529805	23.88175285043973	27.491547709047587	1.1877450837746301E-4
21.0	23.950302997415353	24.70776704412072	23.498903499717468	27.842849508727763	1.7695001869771863E-4
22.0	23.224624927347765	26.450618114117514	25.888111462856433	24.436528550428545	1.1694524974242809E-4
23.0	25.247745010058686	24.38215689228101	23.214488234038555	27.15531906602792	2.9079759382438965E-4
24.0	28.254598687496653	21.888997774470884	24.213676144321212	25.642554559454123	1.728342571324377E-4
25.0	24.84911311678385	25.068086760600046	19.935164164586435	30.147350538785904	2.8541924376458846E-4
26.0	26.523527030579263	25.46326497126931	20.006676670317262	28.006474553426703	5.677440745970294E-5
27.0	25.622029578363637	25.092910173713566	19.65601576032884	29.628931234296722	1.1325329722818218E-4
28.0	27.14325118346059	24.24414340168619	23.07447423354107	25.5360610694198	0.0020701118923452297
29.0	27.469625109724454	23.883139502966927	22.345860358959087	26.30109777135281	2.772569967189407E-4
30.0	23.884700513732398	24.64896421721086	24.977662611232486	26.488342141590948	3.3051623330479876E-4
31.0	26.21477404638223	24.7886908644081	22.519782656592373	26.47631397506711	4.3845755018420696E-4
32.0	24.464284743920665	22.510908843907078	24.945958429561202	28.07863062083956	2.173617714984377E-4
33.0	23.947551965832574	25.015983691253208	24.721227203058536	26.31512950557115	1.0763428453338384E-4
34.0	26.135267712675457	26.787661496431248	22.58963539213582	24.4873285977779	1.0680097957858469E-4
35.0	25.40513664121532	22.784449904392144	25.475804468047404	26.33439740602528	2.1158031985654856E-4
36.0	24.01241363491504	24.76443003139876	25.84702922077064	25.375862858085114	2.642548304461731E-4
37.0	25.39769587347275	25.653404678203152	21.497925271743437	27.450974176580665	0.0
38.0	26.76437093676513	25.25332823437193	21.147731138244534	26.834516869885633	5.28207327714616E-5
39.0	23.351777470551518	27.26570858544839	21.504124846988297	27.878125056108694	2.640409031043817E-4
40.0	26.309250502136322	26.660059517146557	22.793926632127853	24.236657746838812	1.0560175045461553E-4
41.0	24.548038124079063	24.642910126068365	21.595285648141548	29.208803403777246	0.004962697933775436
42.0	24.38820445305019	25.92588877826707	20.51715054620549	29.168650644920508	1.0557755674529732E-4
43.0	26.29942979476729	25.786387597046524	22.20781270370599	25.702411245547168	0.003958658933030575
44.0	28.530610543159483	24.898552422629894	22.71090514618531	23.85972078629063	2.1110173467572927E-4
45.0	25.85058781316617	24.416302581312397	20.945355537263342	28.783743852761773	0.004010215496316933
46.0	25.480630731875635	24.39036744152181	22.124842111261305	28.00415971534125	0.0
47.0	25.477323600896217	24.709037165058398	23.22901878484867	26.582510206977833	0.002110242218877488
48.0	22.87755215049085	23.769496280709525	22.655792257652827	30.697159311146798	0.0
49.0	22.285361125700557	26.0339346997492	24.2290971910219	27.4494976660402	0.0021093174881403626
50.0	27.22720358130571	24.591948916829026	20.16403772182134	28.016757051750186	5.2728293738778764E-5
51.0	24.999973639731042	27.024178693100044	20.986780852322394	26.986061744185186	0.0030050706613369716
52.0	22.856643765054503	25.943626045331094	22.045108003076933	29.15462218653747	0.0
53.0	22.906025108998264	25.238325366391763	23.687083048799707	28.166727950832588	0.001838524977675054
54.0	23.561592746965864	27.985586380600445	22.514451702030986	25.93831664263521	5.2527767491089976E-5
55.0	23.875709324421727	28.33832645305026	22.57157460192648	25.212502457243957	0.0018871633575781404
56.0	26.827746960285182	25.050803872678184	24.67052830261863	23.450920864418002	0.0
57.0	22.5959353867263	27.512055634374533	22.96495493517132	26.922022673659573	0.005031370068274643
58.0	24.96498069156125	25.51805780530994	22.01853756852544	27.49810950759158	3.144270117957293E-4
59.0	27.72104414568826	22.44335792072126	24.36415044609944	25.46830354359157	0.0031439438994650577
60.0	24.05731594393961	23.3876882673907	23.360693901679824	29.194249572327635	5.231466223038331E-5
61.0	25.4543171968625	24.10129124895709	22.959384636308236	27.479043685905065	0.0059632319671080675
62.0	25.607617322043062	22.1030068734364	24.605239001115674	27.684084498128254	5.230527660860955E-5
63.0	26.37380339575925	23.768379574397756	22.414960880723733	27.439979539460026	0.0028766096592368197
64.0	25.2759904014235	21.815511433291356	23.7715137807239	29.13698438456124	0.0
65.0	24.205885976690812	26.243351494256235	23.768238362635135	25.777825575786178	0.004698590631636759
66.0	24.41889480646532	24.148375369471502	23.067863731706527	28.364135240925176	7.308514314769359E-4
67.0	27.059726307711983	25.169981024766987	20.914621891728938	26.85504435819602	6.264175960702736E-4
68.0	24.14149676340352	22.752221457217473	26.031777682543677	27.074451897875868	5.2198959465942E-5
69.0	23.43623831781799	24.960265574720296	24.81020124279365	26.790006498438025	0.003288366230044706
70.0	26.194177924940444	23.569954702832128	23.927026267770838	26.308580506321327	2.6059813526398335E-4
71.0	24.702894854648942	23.087449806557345	25.74635692964573	26.46257049699242	7.279121555610669E-4
72.0	27.16023133406979	26.037871206706086	22.163779322892978	24.636714536357136	0.0014035999740074079
73.0	25.561696875203015	22.680075358929383	22.912596634834014	28.84131748197232	0.004313649061261613
74.0	24.64175087779284	25.900357976314016	23.52308139193496	25.93397833850976	8.314154484265203E-4
75.0	25.64747657549386	24.999961030600332	21.822500100021458	27.527464333906444	0.0025979599779069485
76.0	26.769948402428845	24.489284840310425	24.76979565158884	23.970347632855564	6.234728163254279E-4
77.0	24.1855518744243	24.591665450109645	24.085075520915865	27.1370837231944	6.234313557917552E-4
78.0	27.313026154129883	26.257769742874437	20.184265962227297	26.24431474309522	6.23397673168185E-4
79.0	27.030166269796744	21.192801901651062	22.69836223626851	29.075448920139795	0.0032206721438871643
80.0	24.050726274974224	23.353097154373362	28.280080094118382	24.314226574937607	0.0018699015964284877
81.0	25.36212237367788	25.1880210832923	21.643408147026257	27.80592900074585	5.19395257713539E-4
82.0	22.565291797267573	22.690876417566265	23.979910615743783	30.763245983291743	6.751861306381288E-4
83.0	25.352404535789923	22.720861122854178	23.746524254136357	28.17943106311861	7.790241009282852E-4
84.0	23.633064645954786	25.654399690910846	24.976657329598506	25.73504744871623	8.308848196304848E-4
85.0	24.875506929551722	27.195102320581988	21.403253695847464	26.525669718196497	4.673358223293056E-4
86.0	25.819103555125423	24.925493559735994	22.337861524978088	26.916191417688818	0.0013499424716823605
87.0	22.442284659963732	21.988546485579796	25.643890290885622	29.924447921604013	8.306419668355812E-4
88.0	24.527866027118503	26.67954068813721	25.679312278078864	23.112917627027137	3.6337963828152577E-4
89.0	26.328438596391056	25.995865020911076	22.844176276971968	24.830689580174525	8.305255513781273E-4
90.0	23.79936791217415	25.722673412812313	24.779057328569923	25.698797538293526	1.0380815008167106E-4
91.0	26.50143374291238	25.541902920683523	23.55703182779515	24.39906060645379	5.709021551556357E-4
92.0	25.395082301568806	24.32532019428329	22.811834901760726	27.46776260238718	0.0
93.0	26.603900582425116	25.978817225003542	21.039127779078054	26.377894935138197	2.594783550940531E-4
94.0	27.50460818014248	24.165649545824408	23.005872316046432	25.32008170178847	0.0037882561982098676
95.0	24.340620907096408	26.135531021484955	23.514931119870315	26.00549214473856	0.003424806809761322
96.0	26.44406785992993	24.133538529231075	23.93564140667807	25.485195593338535	0.0015566108223886298
97.0	25.49019913026425	25.3742447400287	23.20519724697818	25.930255120410983	1.0376231788416184E-4
98.0	28.592757368847533	22.74307158694405	24.268199178063146	24.39597186614527	0.0
99.0	22.182537541961103	22.388608571890938	26.49970746523816	28.929094553044227	5.186786557509014E-5
100.0	22.59392699721446	24.97187752343799	24.32598112306313	28.10821435628442	0.0
101.0	23.318836303521863	22.229614491705995	28.19282518884425	26.258620305210272	1.0371071762112503E-4
102.0	25.694490174859858	24.258817270593337	23.968498988630454	26.07814171410675	5.185180960222921E-5
103.0	25.571560155647028	25.720997472057604	25.257342669666816	23.449944200738425	1.5550189012547447E-4
104.0	26.164046955262517	26.698303264571415	22.765444998499543	24.37168648877818	5.182928883477911E-4
105.0	27.38751364389764	23.343477931870176	20.737273210692877	28.528521835937376	0.003213377601928856
106.0	25.835459524116782	23.376955875257256	24.618931157026122	26.168497963469424	1.554801304167334E-4
107.0	26.000574199773848	24.093484698197905	22.466291674828803	27.438923904019504	7.255231799473685E-4
108.0	24.057917717683498	24.517706288490523	24.428462658040992	26.99575794931293	1.5538647205374302E-4
109.0	26.34525902583397	24.4237526443758	25.26083838041207	23.96958029192355	5.696574546151317E-4
110.0	24.671347645529767	24.270357597787925	22.9996582471184	28.058481167344993	1.5534221890825488E-4
111.0	24.569126654964766	23.95498392282958	24.71959447214585	26.755777166793525	5.177832662804004E-4
112.0	25.659791631395805	23.66541529530966	24.05542689780536	26.619107306776506	2.5886871266142406E-4
113.0	28.27722239191547	21.809338420679335	22.908277636558484	27.004488530174626	6.730206720887972E-4
114.0	26.411838616840022	22.095158515554907	26.958749249965187	24.533839448285004	4.141693548846357E-4
115.0	26.713439428910473	23.72948837825776	26.38224022581811	23.17426245142291	5.695155907481674E-4
116.0	27.36122724225143	24.577669513353715	24.194699932953142	23.86624799053578	1.5532090593507066E-4
117.0	26.136017694166764	26.194884347993565	24.448351630145527	23.22002149642451	7.248312696351613E-4
118.0	26.751501671745586	24.74696015664396	24.793400410248125	23.70762003278257	5.177285797566054E-4
119.0	27.04813550757353	21.02135996321961	24.865801278201406	27.06444438001433	2.588709911238314E-4
120.0	25.315055840512183	23.588351541276833	25.092894941348177	26.00359412948496	1.03547377843864E-4
121.0	27.698844809304486	23.18064713873886	24.218465240730307	24.90152506709964	5.177441267106266E-4
122.0	26.39345577861479	23.910741790600447	24.897397067008377	24.797732303032657	6.730607437321217E-4
123.0	24.133466078735005	28.465190831869457	23.05685116931407	24.343715328418025	7.765916634438113E-4
124.0	25.359161557728328	24.330522856394396	22.922506008028652	27.387706035777924	1.0354207069645503E-4
125.0	26.34566831343595	23.791338128170523	24.243643165130944	25.61857385949191	7.76533770677153E-4
126.0	24.25565663682546	24.102731886260017	24.78193727807404	26.859570661433196	1.0353740728872286E-4
127.0	26.02878506762969	22.55561951777091	27.780613512685225	23.634050078273187	9.318236409869877E-4
128.0	26.1267664693598	23.47953437374138	24.858232065592713	25.52708060038992	0.008386490916187895
129.0	24.363808606792876	26.893199360159027	22.114840065640642	26.624580039653573	0.003571927753878648
130.0	26.199630480732246	24.36632208227058	23.69618662120755	25.737860815789627	0.0
131.0	25.99821297487915	24.560361794935243	24.360641548230525	25.080524842858786	2.588390962995327E-4
132.0	26.140018563949596	25.06076250931174	22.62301463839383	26.170923968046818	0.005280320298017136
133.0	26.811935189801073	25.45010102327806	24.910947838029376	22.824582900431892	0.002433048459595607
134.0	27.05488865777972	22.739364937540994	20.876336290414844	29.329358347651112	5.17666133297994E-5
135.0	26.51285343051486	23.683183385271615	26.09039331600907	23.713207508101338	3.623601031173322E-4
136.0	27.727337434936445	26.139773730241515	24.674688691429857	21.452609401247045	0.005590742145136701
137.0	28.744331476611517	21.65070507112832	24.2541362102168	25.350568405358953	2.5883668440560746E-4
138.0	25.089355085333136	24.10917962067375	26.875266253567087	23.92557788994145	6.211504845750218E-4
139.0	25.793034978326833	23.880599332671455	25.5172934992924	24.807674588820642	0.0013976008886671131
140.0	26.838567947143826	21.507813098509022	25.624571661652563	26.028840240925437	2.0705176915384154E-4
141.0	25.481156712072078	25.04069922432067	25.62909742190796	23.848580768225357	4.6587347394084957E-4
142.0	28.565645794564265	22.84624284039351	23.643667064386637	24.94418548071921	2.588199363820596E-4
143.0	26.7432699504829	25.40668102935102	23.917648191533747	23.93234906499339	5.1763638942406734E-5
144.0	28.335163188389146	25.032158343802593	22.94358714742938	23.68857368104203	5.176393368625983E-4
145.0	28.46111160574707	22.423435529724056	23.001124319041573	26.113189732461763	0.0011388130255363291
146.0	27.67196268406779	21.739657081449757	24.819070424970327	25.765272185064	0.00403762444812662
147.0	26.28136109805513	24.556901874470714	26.551930479146435	22.605613680551098	0.004192867776620569
148.0	24.742872139810054	24.490985448444757	23.931358029548285	26.8344737944147	3.1058778220135303E-4
149.0	28.430869608655655	24.498738726053784	23.639219226649864	23.42837708493268	0.0027953537080108106
150.0	25.704140958125553	24.04683626409408	25.217639333433763	25.031383444346606	0.0
151.0	26.42194520945064	24.276033793717517	25.672043567390716	23.629459756072308	5.176733688112149E-4
152.0	27.693444207402774	23.760341381418566	22.983401503664425	25.562657602368095	1.5530514613955408E-4
153.0	25.701871502031675	23.358546574262405	24.946457885639116	25.992502809763845	6.212283029544065E-4
154.0	23.247202098128728	25.12825981841205	24.681485960532733	26.939738852138046	0.003313270788444554
155.0	27.496470244693462	23.54738984497035	24.172261378445167	24.783826756969034	5.177492198813629E-5
156.0	26.18304010603817	22.908593855170913	26.374043430086257	24.53401195000466	3.106586999968934E-4
157.0	25.172054568688246	22.78607243378255	26.65090578472002	25.3906565515356	3.106612735869572E-4
158.0	25.322939082204748	21.182100983573964	25.879810948344247	27.61504542997446	1.0355590258289133E-4
159.0	26.821058147416142	21.32910746804841	24.53682296879636	27.31254540380193	4.660119371546657E-4
160.0	26.529891551991252	21.544099980944964	25.613748208412385	26.312156698673604	1.0355997779674075E-4
161.0	24.947054358215972	20.448616578277218	28.6689905790415	25.932024527424545	0.0033139570407606355
162.0	25.598289912274115	23.80938818691035	24.886892589775204	25.70527396150128	1.5534953905202604E-4
163.0	25.02791189989415	23.938622819609378	27.35811537194807	23.675298123947478	5.178460091679457E-5
164.0	25.557186223810774	23.385094679452855	25.08127736217027	25.9745256705965	0.0019160639696081184
165.0	26.63171059479698	22.051895525363864	26.62347649786768	24.692347727466927	5.696545045429947E-4
166.0	24.9791033336268	23.015075637128223	25.995297602709577	26.010160906920497	3.6251961490059193E-4
167.0	26.781191897952738	22.679310362686252	26.942362769114443	23.596720649241014	4.1432100555708045E-4
168.0	25.922187291212406	23.799843587339897	24.28772678540908	25.98998337468083	2.589613577861911E-4
169.0	26.724181687662046	22.529265950603445	25.50537565350523	25.24076235975599	4.1434847328125667E-4
170.0	31.241444214074505	22.38900591543737	23.1796990849485	23.189540019195	3.1076634462640963E-4
171.0	25.88033849830352	23.217764168880386	26.588296958249146	24.31287527262538	7.251019415640346E-4
172.0	27.322924136788334	24.6724365131349	24.17241191836608	23.83212387478933	1.0355692135628499E-4
173.0	28.458351087982464	20.52832658268351	23.475382607295465	27.536075807476262	0.0018639145622984965
174.0	24.973594283939114	25.628973801387595	23.60049704877291	25.796158227192713	7.766387076731905E-4
175.0	25.68860638370583	24.094129732842056	23.40039724702427	26.81500259929622	0.001864037131619662
176.0	24.6115097706393	23.833856153239914	28.075791453370297	23.477392742520948	0.0014498802295367528
177.0	22.902075537658774	25.52888014190825	24.434891820853778	27.108515789882563	0.02563670969663227
178.0	24.689578024982907	22.99494541462101	24.250978808029334	28.064135230874403	3.6252149234561765E-4
179.0	28.231327397877532	24.109966490053193	23.2040066916308	24.453611771469415	0.0010876489690641558
180.0	26.610235656397236	22.511840960483063	25.04568191681323	25.832189555037367	5.191126910594259E-5
181.0	27.913616257435734	22.390467283792418	25.879721300507523	23.815519359300996	6.757989633243902E-4
182.0	25.912160967870058	23.22142647710188	25.191987373438057	25.674425181590006	0.0
183.0	24.032926132479176	24.24176885680314	26.040665322905582	25.6843277494636	3.119383485048015E-4
184.0	26.172932323008595	22.34392011405148	26.522740105503857	24.956507994937976	0.0038994624980892632
185.0	25.20963450555369	24.319942024947157	24.614184133176266	25.855667487702654	5.718486202332518E-4
186.0	27.044756937512478	23.13507561389499	25.218928844746124	24.601238603846408	0.0
187.0	24.533350275271783	22.905986822782467	27.590346011319163	24.96958783179988	7.29058826715215E-4
188.0	27.59013630596867	27.6381027575762	22.2296119144291	22.541367809459132	7.812125668978361E-4
189.0	25.58992986363357	23.792926362544492	25.042266197354756	25.574044231848976	8.333446182083716E-4
190.0	28.352066324059034	21.844570176050873	25.10597535350294	24.697336057248048	5.20891391019624E-5
191.0	26.537205685724285	24.14846904147436	24.609011248018255	24.70505318302588	2.608417572178827E-4
192.0	26.97046879304156	23.161890531482424	24.152055143284056	25.71558553219196	0.0
193.0	27.607441349853435	23.91447268871828	22.398976485676748	26.078796410603726	3.130651478137096E-4
194.0	28.097515871819052	23.31115861800509	24.150472201944538	24.440853308231326	0.0
195.0	26.382569886513675	21.25987251706261	25.03436528339225	27.322774815283342	4.174977481215211E-4
196.0	28.524700409355138	22.308704392043825	25.83026717900554	23.336171138475827	1.5688111967100983E-4
197.0	24.858170810096112	24.05842520566344	24.332747728405536	26.75013323863235	5.230172025588093E-4
198.0	27.48402913651258	23.32707333108078	23.623205487848	25.565482504734288	2.0953982435324223E-4
199.0	25.888511635743168	22.876481465055505	25.6726918117056	25.56179023383805	5.248536576788977E-4
200.0	27.787757038878524	23.704477859513233	23.87339624642138	24.634368855186864	0.0
201.0	25.47893746069442	21.124063359276327	28.076963861442795	25.31977284395463	2.624746318268339E-4
202.0	25.385658906589274	24.829850188367022	28.179349766273692	21.605141138770005	0.0
203.0	26.147707316253392	24.39710442067407	22.372782730717844	27.081670293843324	7.352385113730894E-4
204.0	25.509216851269812	23.78103097635175	24.25474183572281	26.454747718372357	2.626182832747869E-4
205.0	27.652341628472048	24.32019186425793	25.010688889752636	23.016094789179377	6.828283380063304E-4
206.0	25.82585911095189	21.380566006217517	25.79654706159838	26.99687022956903	1.57591663190895E-4
207.0	26.104661792550964	23.374109745359327	26.258702902403503	24.262315408103866	2.101515823363392E-4
208.0	28.239833572685573	22.429538220953386	21.87248594758002	27.458037164493053	1.0509428796780753E-4
209.0	27.639946919630535	20.57600084087714	25.273560983300708	26.509965707979138	5.255482124791424E-4
210.0	24.831044232585743	24.291994253637863	24.504512933782795	26.371870369387217	5.782106063799758E-4
211.0	25.487813534324793	25.040682894256022	25.699864083642453	23.770745647127487	8.938406492437846E-4
212.0	28.09455677825236	22.253613735350434	24.88127801039409	24.769972857533613	5.786184695015465E-4
213.0	29.8916318482688	22.77057434436242	22.658895835317878	24.678424312021967	4.7366002893536494E-4
214.0	27.51152391650433	24.675057942141592	24.455507123420844	23.357858355227854	5.266270537796814E-5
215.0	26.422944494949334	24.743665683669043	23.191036244209975	25.641931236623684	4.223405479657439E-4
216.0	26.00225352473014	24.478939031176246	26.035192935402513	23.4836145086911	0.0
217.0	29.0047569468123	22.916734905594016	25.007396652256396	23.07030605226037	8.054430769214247E-4
218.0	24.433170731707317	24.45149051490515	25.199620596205964	25.915176151761514	5.420054200542005E-4
219.0	26.394303368889	23.077499039466844	24.430880690031714	26.096551754291518	7.651473209186359E-4
220.0	27.47656370063009	21.687578212474477	25.139684735120422	25.69562449230499	5.488594700212958E-4
221.0	25.679321018869615	22.427223796394088	24.803514060053597	27.0897753254225	1.6579926020370098E-4
222.0	25.825424087973857	24.55522344779898	24.66128726453498	24.957563320433177	5.018792590031563E-4
223.0	30.612271380638926	22.69648556532179	24.18709198034566	22.503474038228806	6.770354648102354E-4
224.0	29.86933583100873	22.7829737268982	24.85984511697673	22.487732205759585	1.1311935675808972E-4
225.0	30.56208286511103	19.75803332984536	24.176933435849374	25.502097332611473	8.53036582758197E-4
226.0	25.587714551284925	22.16420045429321	26.11467858812932	26.133119169817654	2.872364748961066E-4
227.0	27.110907996367136	23.779503995341763	26.01669819713755	23.091671895969164	0.0012179151843865592
228.0	27.62350350259275	28.127531586323705	22.60427729826483	21.64457096665261	1.1664616610297407E-4
229.0	27.332787335995167	25.677111117900175	21.778478617976553	25.211622928128108	0.0
230.0	26.075600853911222	22.575618313282675	26.934838666530148	24.413882981965948	5.9184310002681045E-5
231.0	24.99652548972623	24.693404421014797	24.698975618522734	25.609596836997543	0.0014976337386928653
232.0	25.26519106536999	24.693755259813695	24.54015061453915	25.500782491481814	1.2056879534893815E-4
233.0	23.24779474153901	25.193228891219043	22.33952287972809	29.219026496040872	4.269914729802846E-4
234.0	27.031651089571902	21.08783996932003	26.680687082866843	25.198399198362086	0.001422659879135765
235.0	25.373500659625236	22.30416143067611	28.085195905878024	24.237016778336493	1.2522548413737488E-4
236.0	28.115369594828433	23.47347064482637	23.987960108333624	24.42281864278162	3.810092299485955E-4
237.0	27.175959250098224	24.4664138278923	22.89130987962063	25.46612475330913	1.9228907971087413E-4
238.0	27.096788431655348	22.656881848712658	24.73760529865288	25.508659511962083	6.490901703082789E-5
239.0	27.607485689994366	23.127012215818283	24.48680052329969	24.77738343565358	0.001318135234084341
240.0	25.371925088188775	22.006344574534513	26.548701965679093	26.07289277479201	1.355968056104534E-4
241.0	29.243945369796933	21.28810967328357	23.820379303975574	25.644849354064124	0.002716298879798342
242.0	26.975197723962374	24.140904697730768	21.34186847442861	27.540872027334235	0.001157076544016553
243.0	27.856007531158124	23.238125123643332	25.130192167322683	23.773287582457314	0.0023875954185454767
244.0	26.256910675819146	22.593047588381793	26.24282783453072	24.905846635123837	0.0013672661445077261
245.0	28.685228109180976	21.292086394047764	23.595315410648613	26.42558814377807	0.001781942344570079
246.0	24.466696198315322	26.667216092688168	23.62270915103378	25.240700106107898	0.0026784518548279095
247.0	25.521195633458454	23.354660973174006	24.81607493370984	26.1705981610937	0.13747029856400014
248.0	26.05829883358203	22.476231716970567	24.303845124847268	27.152315597565114	0.009308727035025636
249.0	25.430548269986947	21.75080172011698	28.45687735377691	24.345163866470866	0.016608789648295038
250.0	27.235669778907933	21.88632601166328	24.84443415349718	26.031836924843116	0.0017331310884895138
