# Position (bp)	A	C	G	T	N
0.0	24.232863810001668	23.782535819224506	25.140817298039618	26.843745261819784	3.7810914422935496E-5
1.0	23.235829879352675	30.097905737442154	23.78509766059596	22.809434552880788	0.07173216972842095
2.0	24.510281659955105	26.927684342323445	22.983392176989685	25.578002624464673	6.391962670938002E-4
3.0	25.69700526405366	22.351883446164898	24.5987713576269	27.344374909125474	0.007965023029060686
4.0	25.89674878119653	23.855623690250848	23.75662523773519	26.49081458044103	1.8771037640435517E-4
5.0	28.115246017403084	24.083728008478406	22.61849536046538	25.18204309031295	4.875233401799111E-4
6.0	26.094024236107366	23.802271461174907	24.037272150041034	26.06010506705962	0.006327085617074296
7.0	25.312250094406185	25.784859974429093	23.625302127808983	25.276990177647978	5.976257077662581E-4
8.0	27.33725467383814	24.724544101283648	23.955191711637536	23.982897645405814	1.1186783486517687E-4
9.0	26.015080062600415	25.12998963357323	22.648968082865924	26.205925011962695	3.7208997730995316E-5
10.0	24.541737823850376	24.56277829366994	23.686253138412834	27.209230744066847	0.0
11.0	26.45567340900538	22.75337143892269	23.22108322380043	27.569692218832902	1.7970943859130803E-4
12.0	28.137448840019324	24.494053621437235	20.050671730058905	27.317684029721086	1.417787634552477E-4
13.0	25.719255604260788	23.225117669968412	24.431508222638474	26.62404851876333	6.998436899118582E-5
14.0	25.90971863338686	22.43770405949852	24.012140297872854	27.64029873705643	1.3827218534003723E-4
15.0	25.61158114605233	24.025596554414825	23.935265795956752	26.42755650357609	0.0
16.0	26.435616964886737	25.042637605009254	21.313570279350518	27.20807453103665	1.0061971683599287E-4
17.0	28.3144894581484	26.85770347887179	19.179039203778256	25.647651120236986	0.0011167389645662011
18.0	25.891721643263143	25.776335111408414	20.103082543219468	28.22866529731328	1.9540479568963076E-4
19.0	24.936618441885297	25.083338764417096	21.805331151821004	28.174387398069907	3.2424380670010916E-4
20.0	22.259202808808546	25.781764559577624	24.131505883163012	27.82739804571328	1.2870273753940316E-4
21.0	23.308597181194575	24.79027940958445	23.710901070801725	28.19006292175671	1.5941666254840287E-4
22.0	22.45738826791412	26.69829458440254	26.124607476827133	24.71964658325434	6.308760186676215E-5
23.0	24.848879942926068	24.2430814650022	23.633265464402083	27.2745848062942	1.8832137544910724E-4
24.0	27.531522373016482	21.79133265622461	24.955889028322055	25.721100594764103	1.5534767275204926E-4
25.0	24.97012088132334	25.206479465176074	19.941145513767143	29.882100440563303	1.5369917014744055E-4
26.0	26.164774282035786	25.833840099231338	19.880601979796015	28.120691916602386	9.172233448016825E-5
27.0	25.703077553469384	25.086707105592428	19.829982121994824	29.380172243482335	6.097546103546089E-5
28.0	27.296166362476747	24.133737391652136	23.111858339494045	25.45531213324152	0.002925773135551069
29.0	27.23095770177146	24.067455155011654	22.593229093075102	26.10808919977285	2.6885036893738683E-4
30.0	23.32309688786729	25.429176778446354	24.69934770116307	26.548111491572595	2.671409506893424E-4
31.0	26.311044811200272	24.858952746844874	22.502451551409056	26.327196556105463	3.5433444033318066E-4
32.0	23.973819694931496	22.905691082106998	24.89046952574949	28.229581136754554	4.385604574594895E-4
33.0	23.616597644866197	25.578668935559396	25.029504287454817	25.775171252203055	5.7879916537160355E-5
34.0	26.45453598374236	26.756453706570987	22.422872506057725	24.366051705418993	8.60982099321173E-5
35.0	25.5026232900895	22.492237782478394	26.1940436502064	25.810981659550887	1.1361767481996569E-4
36.0	23.82862927198742	24.83569579309149	26.17663493292325	25.1588129742928	2.270277050422002E-4
37.0	25.26735468577438	26.06193647147134	21.42085714066869	27.249823333283214	2.836880237412833E-5
38.0	26.15706582361555	25.264079788469573	21.40296313901353	27.175749442060987	1.4180684036492003E-4
39.0	23.305884110991986	27.54823084795044	21.66860004996267	27.477143212803828	1.4177829107820406E-4
40.0	26.05485037674797	26.32829991503077	23.37680269021045	24.23987690943334	1.7010857746985606E-4
41.0	23.99240837176867	24.74315180138169	21.66284439429976	29.59643607355772	0.005159358992167413
42.0	24.189076689032046	26.413926834570933	20.71144976803632	28.68546167249115	8.503586954703944E-5
43.0	25.99684894580827	25.869196957325297	22.761959367329084	25.367913493671107	0.004081235866240896
44.0	28.535803368962043	25.286286960843935	22.891083149465455	23.28657147666545	2.550440631126371E-4
45.0	25.86739616108755	24.27445574795609	22.061917302872878	27.791952422305872	0.004278365777607146
46.0	24.90057984818613	24.46941213700702	23.138710553848934	27.49129746095792	0.0
47.0	25.315018869121776	24.60637159337425	23.03837335196167	27.038394881060228	0.0018413044820750424
48.0	22.201563909178304	24.279668755937575	22.896275981973844	30.62249135291028	0.0
49.0	22.084969633478206	26.41037982926795	24.747342044537564	26.75566629386865	0.0016421988476294294
50.0	26.975437650793253	24.87213184929083	20.819420670786155	27.332868272447918	1.415566818434304E-4
51.0	24.436190894587682	27.706895126637672	21.364622974244472	26.489630192405023	0.0026608121251510152
52.0	23.218913371428442	26.511698979532756	21.52621272458739	28.743174924451413	0.0
53.0	22.483720843665107	25.25143827061794	24.364830197916078	27.898346887664445	0.0016638001364316112
54.0	23.54090705288181	28.570079042132306	22.123280911169953	25.765648396457063	8.459735887045606E-5
55.0	23.58102229870336	28.196892159720527	22.61599816325221	25.604427327475697	0.001660050848201574
56.0	26.382966512507487	25.682737425908364	25.216068077233945	22.718227984350204	0.0
57.0	22.6058733446829	28.104693567315948	23.218631818319913	26.065569066766287	0.005232202914955886
58.0	24.851230993908597	25.713072995542273	21.940320254187135	27.495066348332685	3.094080293071285E-4
59.0	27.285608854428002	23.23679834755745	24.785738232759496	24.688873238485893	0.002981326769164306
60.0	23.750307283640712	23.34473501965913	24.078535377302167	28.826366130389403	5.618900858708524E-5
61.0	25.634780439458194	23.7856691770216	23.140915863780094	27.432173221232613	0.00646129850749623
62.0	25.078401431057866	22.008301394090367	25.32425213855283	27.588960763890057	8.427240887624429E-5
63.0	26.12544970798475	23.881965839046675	22.67295078099193	27.316768574259964	0.002865097716685655
64.0	24.526283498604144	21.751365853603826	24.122107480424916	29.60024316736712	0.0
65.0	23.95865314008524	26.761064507527742	23.35494210604084	25.92009716798066	0.005243078365516582
66.0	24.10926112733188	24.648209943035106	23.232806935598095	28.009189297395565	5.326966393570856E-4
67.0	26.282647213842754	25.711762529016628	21.140339564666437	26.864521772285332	7.289201888463997E-4
68.0	23.23618602113731	22.38859653770601	27.329167994792346	27.04596534341896	8.410294536924978E-5
69.0	22.95983658004441	25.312068032218647	25.16531637386884	26.559415079006214	0.003363934861886646
70.0	25.488773350420562	23.176594978135682	24.70092454102572	26.63351117598136	1.9595443667438448E-4
71.0	24.157829114033603	23.213016426596802	26.279428031248447	26.34877720433494	9.492237862080016E-4
72.0	26.836234681179267	25.86748728072404	22.446500321855044	24.848102841759534	0.001674874482114853
73.0	25.54131596038839	23.08709535796392	23.166277269544214	28.201376040396454	0.003935371707021904
74.0	24.64712617728095	25.37434806353696	23.97750381415447	26.00043590336787	5.860416597481193E-4
75.0	24.7500069064647	24.808523498304357	22.808550845114087	27.630546832946436	0.002371917170420016
76.0	26.35614183170216	24.253723326334296	25.60624472456105	23.78288560406828	0.001004513334216933
77.0	24.133355208015956	24.88482309966485	24.23173547705223	26.74958399041085	5.022248561125787E-4
78.0	26.786710208955554	26.408946908074345	20.81453468014971	25.989027008402026	7.811944183658807E-4
79.0	27.142496453386265	21.435691558292103	22.37249975937429	29.046354973838056	0.002957255109285921
80.0	23.86351716580631	23.15693271825224	28.79632915319224	24.18054281575911	0.0026781469900975514
81.0	24.960073066636763	25.40744999613633	22.146845751341893	27.485240634222425	3.905516625923759E-4
82.0	22.31182443260638	22.535599048999725	24.273911065350724	30.877605438654875	0.0010600143883005653
83.0	25.194392871647707	22.359057497221762	24.750823429124843	27.695168323194814	5.578788108701571E-4
84.0	23.194076275649092	26.172506046893545	25.41022929106309	25.22212850652886	0.0010598798654064137
85.0	25.153526857543195	27.138059683801192	21.66634267914163	26.041708210978072	3.6256853591199514E-4
86.0	25.65608806610368	24.86752463424082	23.200765472099228	26.273502333256456	0.0021194942998152976
87.0	22.256621275532513	22.393876658665217	26.039510141616766	29.309517860489187	4.740636963136807E-4
88.0	24.570899881937166	27.488535301456185	25.640994181627146	22.298789869907807	7.807650716937527E-4
89.0	26.534196072614197	26.410701967373466	23.030493480102365	24.023799870957163	8.086089528067933E-4
90.0	23.286135456345587	25.580145218231632	25.31334672762687	25.82017742699078	1.9517080512418162E-4
91.0	26.416039108025213	25.144788519405832	24.55202893512097	23.88666947512576	4.739623222257939E-4
92.0	25.015381981935263	24.429681830638454	23.076875897863083	27.478060289563196	0.0
93.0	25.689039897923937	26.44833793264753	21.447737173656147	26.414661976193216	2.230195791676296E-4
94.0	28.11286503507693	23.581437409854548	22.91956697845541	25.3817818512078	0.00434872540530957
95.0	23.611608992073982	26.775047067172952	24.0980580505354	25.513055879062037	0.002230011155630806
96.0	25.66788129614614	24.505560880921806	24.42436569220362	25.401160815252094	0.001031315476338139
97.0	25.40802078078446	25.287421995412394	23.066224814865397	26.23827666649015	5.574244759513146E-5
98.0	28.079150934246567	22.891855706534763	24.747333710131063	24.281631779432864	2.7869654739569223E-5
99.0	22.001621343998867	22.36554591053737	27.294286754946036	28.33849025507604	5.573544169362172E-5
100.0	22.139562386811804	25.215299658390744	24.727561115007706	27.917576839789742	0.0
101.0	23.360632441728406	22.482866540127795	28.3622429702381	25.79414659264551	1.1145526018673215E-4
102.0	25.26021848516101	24.11267398405905	25.144017796260904	25.48303400277377	5.5731745275828944E-5
103.0	25.845232353745068	25.222245533148275	25.81739855080338	23.11490066898643	2.2289331685037254E-4
104.0	26.187280859996964	26.702727400632153	23.121626271308035	23.988003281963273	3.6218609957610297E-4
105.0	27.191183165632715	23.730821975440314	21.315838305284785	27.758952438109024	0.0032041155331620384
106.0	25.795623516916866	23.27836981145533	25.007905597553126	25.917906046117423	1.9502795725767288E-4
107.0	25.946095038559264	24.70782441046672	23.10226563544778	26.243229839967903	5.850755583292471E-4
108.0	23.659370671682453	24.86876457629706	24.49985124237687	26.971818509014046	1.9500062957346118E-4
109.0	25.950052171742804	24.49202883735285	25.552092914169265	24.005213274630606	6.128021044738453E-4
110.0	24.58749648013151	24.163329696716154	23.70005790549233	27.549088065090345	2.785256966415093E-5
111.0	25.458330385587445	23.842009361855258	24.779086174635424	25.919905612712423	6.68465209449647E-4
112.0	25.18397271895274	24.192238470755147	24.067380443495267	26.5562691095726	1.3925722424702226E-4
113.0	28.49451929394013	21.94666368859218	22.927924377702652	26.6302799436431	6.126961219398961E-4
114.0	25.947747913342077	22.817719255737785	27.3149579326421	23.919184998899926	3.898993781104919E-4
115.0	27.089571070232715	23.650713100403355	26.391594422648534	22.86762006674506	5.013399703318146E-4
116.0	26.8766570288941	24.541950491687945	24.925307494707393	23.655890019655264	1.949650552990527E-4
117.0	26.06254828878742	26.420699993148354	24.30535169277441	23.21073157199604	6.684532937757528E-4
118.0	26.476723060584632	24.29100498301164	25.491540076743558	23.740341950852816	3.8992880735539423E-4
119.0	26.82316719577486	21.597724769783625	25.06803018562701	26.510576500465977	5.013483485306873E-4
120.0	25.235340221828945	23.72152562964894	25.188965706254628	25.85405703201986	1.1141024762598687E-4
121.0	27.800143497118356	23.458185853278653	24.65727250748959	24.083896793485586	5.013486278088057E-4
122.0	26.864860589105938	24.065223119263397	24.707171111671876	24.362271684823813	4.7349513497675134E-4
123.0	24.570935347017354	27.97665866005936	23.145538284654943	24.306199253112773	6.684551555717965E-4
124.0	24.897177280656237	25.166255710013612	22.948510236873133	26.98791751232383	1.392601331939618E-4
125.0	27.023977692268268	24.021168058857477	24.37752471519319	24.5766889550882	6.405785928660712E-4
126.0	24.19488254108305	24.356669150978185	25.158945805245576	26.289140439355506	3.6206333768923376E-4
127.0	26.122791597179752	22.671311010626624	27.514228803844702	23.690721672453993	9.469158949302122E-4
128.0	26.13656270740259	23.25499137873652	25.26095649652796	25.338382154666945	0.009107262665988217
129.0	24.373775959681033	26.702906058317232	22.822210859117558	26.098517003437898	0.0025901194462825934
130.0	25.661457889450933	24.90348081787439	23.767030462239287	25.667947276100843	8.355433454821336E-5
131.0	25.84131719766014	24.773100799310175	24.73054370861093	24.654397709938333	6.405844804205354E-4
132.0	26.069524152755502	25.501138831623926	22.504750005709475	25.9184876182349	0.006099391676196386
133.0	27.034743251639938	25.925606155510355	24.801596640504393	22.23660570181803	0.0014482505272885213
134.0	26.406884087941062	23.066746766016596	21.209115840760486	29.317141901457187	1.1140382466040633E-4
135.0	25.897501739274286	23.89066607103369	26.404773827500755	23.80664060215375	4.1776003752042154E-4
136.0	27.707742478674923	26.493396028565453	24.58658161237558	21.205929773950135	0.006350106433911129
137.0	28.537906835994995	21.899688086717404	24.508713602109612	25.053552215742947	1.3925943503561282E-4
138.0	24.74807536878669	24.101824841709842	27.246823474234365	23.90221798394567	0.0010583313234321797
139.0	25.77401131202312	23.73043317450751	25.350562426124824	25.144129701691902	8.633856526471404E-4
140.0	26.534672934080465	21.45969987380317	25.916333535073722	26.088987286456224	3.063705864183691E-4
141.0	25.71221587680735	25.24702368352448	25.601585809047823	23.43889610577705	2.785248433019232E-4
142.0	28.60042697846586	23.03803673463135	23.422762993528476	24.93841121117887	3.6208219544361334E-4
143.0	26.461975355268603	25.37448661451623	24.600752788979	23.562645980288448	1.3926094772088318E-4
144.0	27.41560960202676	25.861896569347927	23.287591491343367	23.43431743885792	5.848984240329749E-4
145.0	27.982571141056056	22.49538835444956	22.756865802298204	26.76411631457174	0.0010583876244406212
146.0	27.325211379054583	22.123157318044946	25.106124721510515	25.440771668285358	0.00473491310459618
147.0	26.30535393346206	24.621114324252886	26.372476195966925	22.697991874585536	0.0030636717325871346
148.0	24.212418208723342	24.64092330942413	24.31683586374624	26.829516244618617	3.063734876638715E-4
149.0	27.596017663991447	25.21210298146005	24.317456073285232	22.872612875328485	0.0018104059347891783
150.0	25.259715264388998	24.260962521565183	25.53468004427512	24.944614316774356	2.7852996341787462E-5
151.0	26.458605315252054	24.248424651944383	25.442828576673065	23.84975150125663	3.8995487386491796E-4
152.0	27.647026381408452	23.9780518893046	23.220998611739383	25.153672428431044	2.506891165269864E-4
153.0	24.81634815481879	23.3128166189008	25.140881222457097	26.729257640705047	6.963631182694764E-4
154.0	23.359513011195908	24.917201987040894	24.61392031669648	27.106607072524096	0.0027576125426246123
155.0	27.328926795746707	23.575886031327848	24.548039272762523	24.547008623194237	1.3927696868691622E-4
156.0	25.779591263697483	23.552756710922385	26.03436201737433	24.632955736297507	3.3427170830113646E-4
157.0	24.780167665070984	23.203157752524795	26.713594687309794	25.302829191383037	2.5070371138988744E-4
158.0	25.024402528057337	21.875334281206264	26.158507233845302	26.941672386589527	8.357030156621888E-5
159.0	26.76090747519319	21.73806459520745	24.381097238240095	27.11951283379855	4.178575607147036E-4
160.0	26.123703258599466	21.4678726824826	26.477161834608243	25.931206508897333	5.5715412359517074E-5
161.0	24.431260232552116	20.423651684970697	29.21941906822593	25.92201963034248	0.003649383908779888
162.0	25.698710460870462	23.414151583877434	25.045458002433158	25.841679952818954	0.0
163.0	24.52045456001725	24.262841576790926	27.291737301061737	23.9248551257796	1.1143635048180899E-4
164.0	25.589593861960985	23.63462620701952	25.086002752533837	25.68832847646695	0.0014487020187105438
165.0	26.317392204373647	21.938506141501236	26.88862272512871	24.85500529495003	4.736340463754598E-4
166.0	24.736329447349195	23.62765098472112	25.62754622419088	26.008334034523052	1.3930921575041138E-4
167.0	26.39250602184722	23.949133675952872	26.123462844262285	23.534479515967472	4.179419701505845E-4
168.0	25.965501041834433	23.690601644755358	24.559289267740027	25.784412997769206	1.9504790097808164E-4
169.0	26.378857389982326	21.686958159732672	26.23601999166271	25.697941536424374	2.2292219792370265E-4
170.0	30.462217013190795	23.518163849860628	23.485198706250475	22.534253236394076	1.671943040244505E-4
171.0	26.137796166402687	23.639002734143805	26.697052853797427	23.52556307423429	5.85171421788217E-4
172.0	27.49249611502967	24.70375882371623	24.12459318551966	23.67895686108884	1.9501464559988456E-4
173.0	28.404149607161273	20.47371868106031	23.190452750010376	27.930258206879184	0.0014207548888593596
174.0	24.277166953003835	25.75343541924414	24.21364996736397	25.75519049384735	5.571665407005979E-4
175.0	25.26964985845733	24.6361415922596	23.70129969629827	26.39151585358685	0.0013929993979456602
176.0	24.362960696894167	24.67723843483	28.120474247335466	22.838240022378358	0.0010865985620121799
177.0	22.373857937115872	25.989058710858338	24.518730681168115	27.094082659034758	0.024270011822923095
178.0	25.173694892133074	23.287988025807373	24.282707522766458	27.2552473466531	3.6221263999518537E-4
179.0	27.888178663573242	24.627322122368366	23.23132486543136	24.251976139476003	0.001198209151029805
180.0	26.66593283606066	22.180225630561175	25.651263022117448	25.50218738327274	3.911279879733731E-4
181.0	27.830601326794756	22.258572508049422	26.242257962628962	23.668064632635975	5.035698908847975E-4
182.0	25.79064166754329	23.204661484503873	25.491423244529297	25.513077761538444	1.9584188509564918E-4
183.0	23.88029926582505	24.7071134389829	25.898329080490644	25.513950443190975	3.0777151043065627E-4
184.0	25.131013989095806	22.18900878742982	27.22147373074733	25.454782021094868	0.0037214716321731017
185.0	24.856798240030574	24.082069234305305	24.717436550701663	26.343332252424563	3.63722537899189E-4
186.0	26.58615513114137	23.274148214163297	25.510022203163846	24.629674451531486	0.0
187.0	24.2541475024449	22.982574701573512	28.161980968312566	24.600988499645002	3.0832802401819246E-4
188.0	27.988385757022595	27.863334738673927	22.61222915423912	21.535545772989654	5.045770747088029E-4
189.0	24.999165989880304	23.911280386352736	25.217550488449593	25.871498524152514	5.046111648584299E-4
190.0	28.804866649639298	21.597019406993425	24.96658776322913	24.631385998737805	1.4018140033929507E-4
191.0	26.53233817300262	23.878907876001097	24.7647225748721	24.823778759365414	2.526167587641876E-4
192.0	27.260125576489962	23.125960231772194	24.173516425244316	25.440341622848887	5.6143644637678396E-5
193.0	27.518491119068912	24.185583595018873	22.213010392086126	26.08283066781401	8.422601208081766E-5
194.0	27.56739531142298	23.496512135578183	24.198886185698424	24.73720636730041	0.0
195.0	26.078897139537112	21.948168905555555	25.16782189158474	26.804690841256285	4.212220663076544E-4
196.0	28.145465270974295	22.66302067223679	26.190030573104277	23.001314618154225	1.6886553040803821E-4
197.0	25.00094302071774	24.595359662471772	23.89786212980807	26.505384789047675	4.5039795474288746E-4
198.0	26.88963344608835	23.48296000678955	24.05429158465212	25.572973983449625	1.4097902034806593E-4
199.0	25.236272355738805	23.59525036619107	25.566691983580174	25.60161576158701	1.695329029458037E-4
200.0	27.60844237077922	23.760013722285915	23.776375344081515	24.8551403044392	2.8258414154752684E-5
201.0	24.71586292691212	21.28462710833142	29.28169707061227	24.717699852565524	1.1304157867086276E-4
202.0	25.008415274507527	25.005645511613363	28.51626345419391	21.4696757596852	0.0
203.0	25.48309489483665	24.696995700388285	23.36297663077484	26.456452117729118	4.806562711082322E-4
204.0	25.517639207790886	23.839878521903383	24.121319745280566	26.52110597097646	5.655404870434674E-5
205.0	27.05397753302121	24.56654182498108	25.407300241048898	22.9715299874555	6.504134933086591E-4
206.0	25.010584690676733	20.971178247887938	26.469702330498592	27.548449883716884	8.484721985357067E-5
207.0	25.857576588205113	24.071944639865215	27.100877003157187	22.969545193398673	5.657537381471056E-5
208.0	27.940901445351233	22.688010955074855	21.958757198816784	27.412302107691893	2.829306522824723E-5
209.0	26.838353376435176	20.822394922634295	25.48505136537117	26.85391735414643	2.829814129318544E-4
210.0	24.721345996272444	24.51379719768082	24.71681745300575	26.04758649871432	4.528543266692989E-4
211.0	25.076010603404857	25.930551265503286	25.18662553123902	23.806274672125973	5.379277268618175E-4
212.0	28.39721964939711	22.804511555053264	24.403326450436058	24.394545799591558	3.965455220096927E-4
213.0	29.68771742577518	23.26918809478127	22.68477595172797	24.35817682456271	1.4170315286681065E-4
214.0	27.6645246341305	24.85294739120064	24.570031190270292	22.91244005934575	5.67250528181148E-5
215.0	25.940640668697885	24.922066927779653	23.24267531458922	25.89436124445031	2.558444829411427E-4
216.0	25.661941899235284	24.508216947286808	25.73691692910321	24.09283804617945	8.617819525048985E-5
217.0	29.340193122682823	22.75680487011069	25.45749945852912	22.44498134676258	5.212019147800123E-4
218.0	24.45298256848409	24.63833588453649	25.53267513753836	25.375655527631213	3.508818098483752E-4
219.0	26.811317367885902	23.07808811424833	24.519625360332643	25.590555830450867	4.1332708225327034E-4
220.0	27.044499822000713	22.51323128040821	24.959623828171352	25.482200071199717	4.4499822000711994E-4
221.0	26.032621536235578	22.479958397938297	24.16477021043869	27.322530377898335	1.194774890969324E-4
222.0	24.803935763323317	24.536202507209133	24.78794898710199	25.871701596264522	2.111461010364257E-4
223.0	30.24449085464648	22.868977618339663	24.537732947324557	22.348402287641573	3.9629204772941425E-4
224.0	29.920170534347275	23.085775487766075	24.319850935276605	22.674080778237187	1.2226437286476735E-4
225.0	30.501000612168134	20.358646936332057	23.674219608556587	25.465426022308492	7.068206347372225E-4
226.0	25.199264312271012	22.619971501898473	25.904811612991924	26.275797049472914	1.5552336567493564E-4
227.0	27.108149775721056	24.344368263696982	25.360992622080715	23.18507522159212	0.0014141169091301043
228.0	27.143885110248828	28.23920286769509	22.97295931324919	21.643921120695648	3.158811124574666E-5
229.0	27.424697792121005	25.419432636634482	22.15600500830309	24.999800827855037	6.373508638812946E-5
230.0	25.627235761896184	22.259438453817847	27.814518619553745	24.29874282626039	6.433847183261704E-5
231.0	24.6392304626148	25.11233664457686	24.921966486899787	25.325195316001096	0.0012710899074483588
232.0	24.984335290616798	25.647084333292607	24.537600379424973	24.83068520861659	2.947880490304585E-4
233.0	23.03227975745582	25.35379868939131	22.603954374741768	29.009569260582456	3.979178286419927E-4
234.0	26.927289824861212	21.24889950737688	26.843226170986483	24.97940524712187	0.0011792496535532983
235.0	25.25120361827351	21.51051321976202	28.098956778890678	25.13918994742111	1.3643565268258074E-4
236.0	28.300325891875893	24.00637591965372	23.846458716612524	23.846631787178588	2.076846792742805E-4
237.0	27.530067673691494	24.896544534997854	22.390980852256153	25.182267016193972	1.3992286052699147E-4
238.0	26.945041878310793	22.146675364783484	24.982928349440105	25.925283460346414	7.094711920996126E-5
239.0	27.134636364093996	23.715241346428364	24.893549544677548	24.25556595110003	0.0010067937000603356
240.0	25.612828779454453	21.57047335919557	26.69270475365364	26.123770200074453	2.2290762188031493E-4
241.0	28.766082608888137	21.655228449964454	23.778618328900535	25.79787560562651	0.002195006620363188
242.0	26.33038965106459	24.219364917795016	21.26498173947573	28.184145129687938	0.0011185619767227254
243.0	27.226369097737674	23.734152863186978	25.173609684338555	23.86325346976558	0.0026148849712101163
244.0	26.11918923017304	23.46982827210625	25.77314994224566	24.63685906256377	9.734929112867142E-4
245.0	28.47563597397949	21.02966965596886	23.750319853583974	26.742573581332106	0.0018009351355691443
246.0	24.18194543847093	26.85066848698811	23.59153129529503	25.373298711140247	0.002556068105682891
247.0	25.682390181395004	22.86813169408345	24.76481852580642	26.54954291114428	0.13511668757084858
248.0	26.10819565677006	22.643994080159473	24.42179618834758	26.81498988190522	0.011024192817662872
249.0	24.856055992939876	21.875017762093666	28.66106590750373	24.59065715767851	0.01720317978421756
250.0	26.868813807714066	23.050696878001737	23.851641488444848	26.227936626054998	9.111997843493844E-4
