# Position (bp)	A	C	G	T	N
0.0	24.290591359260226	23.887591327284195	24.88684227176768	26.93494102463447	3.401705342922514E-5
1.0	22.681982141299407	29.666881298735593	24.174517934902333	23.397871171202056	0.0787474538606109
2.0	24.915427281670453	26.183037013081034	22.51143084860942	26.389022325844476	0.001082530794618198
3.0	25.6886811424477	22.446383336121688	24.58361428110324	27.27361524435274	0.00770599597463105
4.0	25.871454599796355	23.504156457749012	23.951328158375983	26.67279061010349	2.701739751541258E-4
5.0	28.549188224943734	23.1486104289346	22.842744220690548	25.458816179367744	6.409460633767468E-4
6.0	26.06640145590941	23.88469224384799	24.214931825795926	25.828351512559912	0.0056229618867562415
7.0	25.705114562309006	25.572744300799567	22.825750369927306	25.895751946804435	6.388201596848667E-4
8.0	28.304564543612727	23.897136761884315	23.492036870563926	24.30609410849177	1.6771544726355478E-4
9.0	26.55205111961438	25.907564679678718	21.78808155458915	25.751967813179295	3.3483293845368794E-4
10.0	25.010186188131033	24.72396935512899	22.899387223007604	27.366423781554605	3.345217777022502E-5
11.0	27.042764485166444	22.23590274285963	23.160457791409968	27.56077759747479	9.738308916687794E-5
12.0	28.34313707606853	24.147960831111607	20.1583319652576	27.350538125790642	3.200177161807678E-5
13.0	24.99215349502138	23.202802679917276	25.26040440238711	26.544481386320186	1.580363540507404E-4
14.0	26.581032739034	22.00528460779749	23.57974600838127	27.833874060611524	6.258417571633848E-5
15.0	25.300891443353297	23.728277007722223	24.245303045075712	26.725528503848768	0.0
16.0	26.247288964426176	24.847254158692884	21.27170916499345	27.633565482917398	1.822289700934926E-4
17.0	28.32173500001933	26.263599674134277	19.658929586412864	25.75448652799825	0.0012492114352814787
18.0	25.58348299734206	25.56529896787921	20.007657365653674	28.84338355195496	1.7711717009270312E-4
19.0	24.90047856052378	24.62583639421357	22.232945664260452	28.24024008500955	4.992959926503629E-4
20.0	22.099482918122103	25.62270033718679	23.82203085713487	28.455727631373517	5.825618272867299E-5
21.0	24.193158692896393	24.205427293063583	23.316445682364208	28.28470791327604	2.6041839977522995E-4
22.0	22.611203391326576	27.024834268172036	25.65461636076635	24.709317321283027	2.86584520079831E-5
23.0	25.301935724074156	24.36481960258089	22.93497060679067	27.397846446031583	4.2762052270622214E-4
24.0	28.459714923305206	21.277891423764267	24.29413973850214	25.968197397568137	5.651686025104224E-5
25.0	25.16032603826997	24.929705136704055	19.978270460816283	29.931474406062996	2.2395814670154443E-4
26.0	26.419788905202246	25.53939657527133	19.546358075961717	28.494400756014187	5.568755051904974E-5
27.0	25.573909741625688	24.351439284661733	20.37528537504788	29.699254490238708	1.1110842599081633E-4
28.0	27.602490501578302	24.18308620560616	22.547249970283037	25.664311689112147	0.0028616334203563397
29.0	27.700945418521105	23.52641299304704	22.157777779596188	26.614481942781737	3.8186605393530703E-4
30.0	23.544480651786305	24.34053072712676	25.37896992744843	26.735666698707234	3.5199493127298966E-4
31.0	26.516410001932634	24.49919311863757	22.05579947832364	26.928112221065277	4.851800408791139E-4
32.0	23.94614165181707	22.742201688738856	24.537168182270058	28.7741677899627	3.2068721131469995E-4
33.0	24.053959174265135	24.992535108833742	24.393383205253375	26.56001653271371	1.0597893403738671E-4
34.0	26.66874508434941	26.72134517435576	22.4028278397214	24.20700304086877	7.886070465719777E-5
35.0	25.43769797649324	22.2073980603995	25.841722875187813	26.51302498325127	1.561046681800147E-4
36.0	23.85783754109508	24.730659579910043	26.002891471562517	25.40837746960368	2.339378286826493E-4
37.0	25.433387077705007	25.368504065906794	21.118367972685213	28.079714899316997	2.5984385982463135E-5
38.0	27.069714398532767	24.924715931231198	21.172462344976644	26.832977435561723	1.298896976687397E-4
39.0	23.14328695154404	27.218978250062726	21.754144830240783	27.883330242599254	2.5972555320244206E-4
40.0	26.409805945633614	26.068389718819184	22.650176265508442	24.87155016263171	7.790740704672496E-5
41.0	24.28868628452964	24.725538951138144	21.263201135027565	29.717302523068227	0.005271106236419761
42.0	24.7152684941444	26.181408247094527	20.13248482258463	28.97078650985263	5.1926323816190154E-5
43.0	25.93103720410545	25.92223669071621	22.504288627763724	25.63862132559096	0.0038161518236532878
44.0	29.095987125577533	24.677698177853916	22.587032134143175	23.639100866946997	1.8169547837823807E-4
45.0	26.14424493329693	24.14940740102502	21.76922741537155	27.93333118792815	0.0037890623783477404
46.0	25.68734559571509	24.520749859868378	22.413663351948347	27.378241192468185	0.0
47.0	25.83464065549644	24.436484900883098	22.87789567750771	26.849473810397377	0.0015049557153806994
48.0	22.91477243985924	24.128755108737806	22.363631882933866	30.592840568469082	0.0
49.0	22.312054434360547	26.4910723456972	23.898737605091497	27.296683035848613	0.0014525790021404788
50.0	27.165114059984557	24.78221705335076	20.100768786056705	27.951822290879218	7.78097287578792E-5
51.0	24.820369910783356	26.725860897965028	21.358884412021517	27.092602691981238	0.0022820872488634298
52.0	22.453591693896378	26.291330324408307	21.57618273510819	29.67889524658713	0.0
53.0	22.79291159031141	25.024487228769527	24.008212301752973	28.173096336079816	0.0012925430862775096
54.0	23.191783884947505	28.539703424716844	22.098051050860864	26.170435789628783	2.5849845999542457E-5
55.0	24.360728780022818	27.96047541331991	22.449878577927798	25.227679280669648	0.0012379480598259033
56.0	26.511007217805467	25.402884543478315	24.577671993419138	23.50843624529708	0.0
57.0	23.085872443324	27.995432966954763	22.55392861019811	26.359376921785692	0.00538905773743634
58.0	25.49134615607728	25.198952943023674	21.875116824508126	27.434377820707606	2.0625568331089872E-4
59.0	27.882455332582968	22.350542742695158	23.83615682590522	25.928189776648736	0.002655322167918449
60.0	23.684480863596306	22.789844689945024	23.784711628648232	29.74093707140277	2.574640766810409E-5
61.0	25.186270819828454	24.129067103834366	22.72362409825152	27.95462771837489	0.006410259710771141
62.0	25.48626302763767	21.812164156858344	24.620130741028866	28.081287619451658	1.544550234694408E-4
63.0	26.586395127282795	24.200643840348597	22.354609512836394	26.856034806299604	0.0023167132326026418
64.0	25.16281373173622	21.35091258185661	23.916252024168983	29.56999596258439	2.569965379996366E-5
65.0	23.371408747494474	26.63290846481986	23.600349488615922	26.390399342139077	0.004933956930667626
66.0	24.373123842699066	24.146378942532092	23.211261800422346	28.268515915569903	7.19498776595116E-4
67.0	27.167951767107322	24.692120631566397	21.12093065802213	27.018431649855184	5.652934489683908E-4
68.0	23.854619715682528	22.700201468839136	26.33948771261052	27.105511242917053	1.7985995076462319E-4
69.0	23.11455558744357	25.035578543472624	24.51927536161135	27.327841343976107	0.0027491634963501643
70.0	25.855292918340133	23.17839639200903	24.448875376570072	26.51720438687939	2.309262013743188E-4
71.0	24.421653943590695	22.780011287796338	25.811342342079584	26.98604580716698	9.466193663995153E-4
72.0	27.546678359066508	25.8746020815064	21.533517246460303	25.043539522733155	0.0016627902336399348
73.0	25.266308408477773	22.40379836555892	23.156304267252526	29.169547491207894	0.004041467502892335
74.0	24.540296088808226	26.040510416101863	23.55817579339463	25.860199268115768	8.184335795113337E-4
75.0	25.741998958095436	24.67147654551095	21.758491432675036	27.825961530346554	0.002071533372019006
76.0	26.984496371831344	23.855103410798197	25.298059649010646	23.86131764856312	0.0010229197966946904
77.0	24.4524654302756	25.14136667881322	23.62680679951158	26.7785427974147	8.182939848999188E-4
78.0	27.323335663645445	26.913621790855935	19.90555331956966	25.857054529814782	4.346961141747243E-4
79.0	27.39773628595639	20.962674236585883	22.55552276984585	29.081381915959376	0.002684791652496933
80.0	24.220224770812266	23.136231669136137	27.75521944621647	24.885690580259492	0.002633533575635468
81.0	24.937507494370752	25.261136475144003	21.78689320524873	28.01407931799117	3.835072453467149E-4
82.0	22.754158043357933	22.761086517725772	23.62880762490109	30.8547717630155	0.0011760509997072654
83.0	25.41352691462559	22.46350857144318	23.93640859662511	28.185763389564457	7.925277416666348E-4
84.0	23.70093275412098	26.394280410118338	24.421198803910986	25.482360959253775	0.0012270725959155355
85.0	25.322872840388865	27.07172745117637	21.095074653839774	26.509737118381466	5.879362135220728E-4
86.0	25.683994685394907	24.79452937167933	22.712140723544938	26.807418158097747	0.0019170612830814483
87.0	22.187146887781847	22.65530931256519	25.47274385813173	29.684033174433633	7.66767087596239E-4
88.0	24.690300701783173	26.905598547516618	25.763792036643306	22.63943975933021	8.689547266920145E-4
89.0	26.574979427233743	26.239119434491716	22.68227982028858	24.502726849887807	8.944680981563734E-4
90.0	24.02625927933412	25.737344341398234	24.453231951600905	25.783036652746866	1.277749198787365E-4
91.0	26.740189295471172	25.15150051630916	23.48446460107228	24.623513391201868	3.3219594552293135E-4
92.0	25.871202045591424	24.061097913499815	22.208015306673904	27.859684734234857	0.0
93.0	26.20743717524703	26.602506449067697	20.558472909827522	26.631302405062772	2.810607949830137E-4
94.0	27.960717943057574	23.603675973108817	22.441060562392817	25.99045747305465	0.004088048386140699
95.0	24.02514052120593	26.811037301992847	23.234057230454777	25.927644353602453	0.0021205927439959123
96.0	25.893410985403957	24.16654999780288	24.341195622516103	25.597591545884583	0.0012518483924733766
97.0	25.54766081624843	25.334142648427445	23.292205922663914	25.825760693599385	2.299190608266203E-4
98.0	28.140623543101213	23.204877170260296	23.839660345402365	24.81483894123613	0.0
99.0	22.262262579314772	21.999653123586345	26.492239087250148	29.245794123484426	5.108636430861375E-5
100.0	22.881570010939747	24.818541429921883	24.461230814892463	27.838657744245904	0.0
101.0	23.849837995279056	21.758488071722397	28.40824168049696	25.983304548953623	1.2770354796213233E-4
102.0	24.820854992153784	24.577806247548057	24.672895620831696	25.928443139466456	0.0
103.0	25.806650966500012	25.522602570761837	24.653654017153734	24.016964760429452	1.2768515496636517E-4
104.0	25.93413721073948	27.05547979836671	22.75874484808556	24.25110188405575	5.362587525089249E-4
105.0	27.339305459439167	23.453831362344452	20.834991075008237	28.368884337724754	0.002987765483392365
106.0	26.287942162747964	23.2994781532201	24.66704050875209	25.7454881039567	5.10713231456258E-5
107.0	25.992838412827226	24.025687335920725	22.7613145595532	27.219470242744766	6.894489540931691E-4
108.0	23.997018027149227	24.930748276046945	24.054283139343404	27.017848435102522	1.0212235790312163E-4
109.0	26.605874391222056	24.285051288217264	25.123389377408884	23.98509780015388	5.871429979113027E-4
110.0	24.59201146033503	24.599745961212115	22.541985831823872	28.26618016741238	7.65792166048247E-5
111.0	24.728189076714585	24.026086905469047	24.297916973514628	26.94716888562946	6.381586722828033E-4
112.0	25.823697577660358	23.89320264440871	23.32728386553335	26.95571381167522	1.0210072236261072E-4
113.0	28.065095691196962	21.90640663034925	22.74865149700232	27.27915703024838	6.891512030920939E-4
114.0	26.491949594129675	22.433246372971894	26.869705200035632	24.20463940036913	4.5943249366940306E-4
115.0	26.936085120460028	23.294410319661186	26.296109298232	23.47273159814256	6.63663504224984E-4
116.0	26.90560375898241	24.40586922384201	24.72940452147917	23.959071444761868	5.1050934538407666E-5
117.0	25.95704154995117	26.44409423413958	23.957754222816458	23.64039527818491	7.147149078809061E-4
118.0	26.692559568478863	24.543581449818717	25.268679696840678	23.49466877812254	5.105067391994642E-4
119.0	27.222896385401928	21.471538543613537	24.435817311251185	26.86923724491489	5.10514818458378E-4
120.0	25.226335011552862	23.96659829223891	24.305041499431802	26.501948620140066	7.65766363661425E-5
121.0	27.88122317736245	23.393641007210224	24.0728521533283	24.65161999605374	6.636660452880603E-4
122.0	27.328823139621672	23.54295081431595	24.150560898335836	24.976975957999247	6.891897272952826E-4
123.0	24.26875708806158	27.931563560975768	23.12935796934869	24.669581147408966	7.402342049973976E-4
124.0	25.20770977858074	24.587069131429814	22.20811256325736	27.997057476709703	5.1050022385434815E-5
125.0	26.692662402732946	23.79720160844469	24.463541222648708	25.04575246144414	8.423047295155317E-4
126.0	24.51512582799037	23.644962222121823	25.27022394633272	26.569560379899887	1.2762365519763927E-4
127.0	26.58464931199861	22.879217534017208	27.009216742770942	23.525972020511148	9.443907020906769E-4
128.0	26.21646732111225	23.16020133645752	24.771862923768833	25.842764598679878	0.008703819981520335
129.0	24.424499618153824	26.385392035546406	22.451916990317034	26.734924222932822	0.003267133049909541
130.0	26.367014908991592	24.500264180898828	23.596127388795157	25.5365679965899	2.552472452441057E-5
131.0	26.193098586192633	24.359710331445413	23.954653205092043	25.491874225793122	6.636514767904487E-4
132.0	26.087822150343975	25.7246532180831	21.96687066203542	26.21501295646261	0.0056410130748983595
133.0	27.319563025029908	25.23316298909094	24.21658537432043	23.228876348253706	0.0018122633050118271
134.0	26.691240038072472	22.747257319239335	21.184054994255693	29.377422123844788	2.5524587707715903E-5
135.0	26.178892334976002	23.42697155476441	26.399832151082403	23.99374242082756	5.615383496234758E-4
136.0	27.890806406450253	26.04116813294607	24.391364508968056	21.670764693615375	0.005896258020250966
137.0	28.499521152012285	21.759480475458275	23.84512381640825	25.895619306660784	2.552494604026407E-4
138.0	24.8615520009842	24.264216236414587	27.018168165217205	23.855017117601612	0.0010464797823934626
139.0	26.2096679507036	23.763148786631042	24.78845551082583	25.237604687466497	0.0011230643730288945
140.0	26.330921296119048	21.333996962619807	25.979555113136033	26.355118240871906	4.083872532128591E-4
141.0	25.47523635472607	25.394911481836928	24.948389929144632	24.181002797459826	4.594368325403794E-4
142.0	28.442770950564828	22.579303071250376	23.337837541202784	25.639628997569563	4.5943941244845984E-4
143.0	26.7469041203863	25.47057165931388	23.752995312661124	24.029350235387927	1.7867225077007742E-4
144.0	28.40187147280213	25.34528571100396	22.553825262840853	23.698660207209713	3.57346143341748E-4
145.0	28.51869085763308	22.212605075692274	22.88921430068271	26.378596400861614	8.933651303253814E-4
146.0	27.517384951998032	21.59123743285697	24.839244710492437	26.04761501226723	0.00451789238533487
147.0	26.499952906919315	24.727440819057154	26.229186836501245	22.540101225875006	0.003318211647280228
148.0	24.940743807517304	24.292869296384083	23.96107035342369	26.804882618370723	4.339243042023782E-4
149.0	27.892785380854946	24.309903331332166	23.904871006342475	23.890372748175466	0.0020675332949435794
150.0	25.343427858899563	24.566811354299215	24.59404717386893	25.495713612932292	0.0
151.0	26.535536661843974	23.96436276606933	25.107923548877526	24.391615453181906	5.615700272718825E-4
152.0	27.58861781354299	24.244210311357296	22.94024926452288	25.226718400010213	2.0421056662050656E-4
153.0	25.21068916127909	23.15682880489373	24.77842379619048	26.853343496274796	7.14741361903928E-4
154.0	23.329473648203997	24.752273053322366	25.223169955312404	26.692428533283913	0.0026548098773222567
155.0	27.13003471162951	23.830987526329857	23.970553959007244	25.068168514149768	2.552888836242648E-4
156.0	26.183675048039866	23.511108717024687	25.6361213859684	24.668814026033306	2.808229337367653E-4
157.0	25.43467277606205	22.9263163108143	25.856114854454663	25.782691822139597	2.0423652938823244E-4
158.0	25.58903123356498	21.533390861233514	25.662889908959546	27.214687996241967	0.0
159.0	26.835420545190697	21.736652856312748	24.51315694069854	26.914131392735214	6.382650628001761E-4
160.0	26.292642351375683	21.147680440928895	26.13427416410549	26.425351981785234	5.106180469778816E-5
161.0	24.720747162664537	20.541918116131292	28.723054153259646	26.010450902281995	0.0038296656625283303
162.0	25.385033118094864	23.097595679673482	24.493296850621473	27.024048820179836	2.5531430339662488E-5
163.0	24.89584772179897	23.874457089414573	27.413221754160027	23.81644790241384	2.553221258835103E-5
164.0	25.869871000572193	23.794078889751614	24.59833694580073	25.73610459669774	0.0016085671777229275
165.0	26.37671708224581	22.038248567172456	26.33044988971964	25.253946116594346	6.383442677450769E-4
166.0	24.67198430345563	23.25058295176336	25.863447826455545	26.213882780478187	1.0213784728144799E-4
167.0	26.47922512085782	23.41975786558915	26.205258604576105	23.895273241318307	4.851676586217357E-4
168.0	26.26826170969771	24.31049764699063	24.100260236784578	25.320878262759223	1.021437678639874E-4
169.0	27.232521343338163	22.182567002453542	25.603348948001724	24.981230732772623	3.3197343395363E-4
170.0	31.109455174409206	22.758631080598292	22.853450197746252	23.278131565419443	3.319818268040595E-4
171.0	25.520897974735394	23.632692294923636	26.46138728046184	24.384077568150232	9.448817288986203E-4
172.0	27.38482943485337	24.1291253151227	24.201065832721703	24.284800714809972	1.7870249226154388E-4
173.0	28.30174088938638	20.25116745807283	23.513235955411755	27.932298916225278	0.0015567809037598046
174.0	24.54674594752416	25.97359210376543	23.705063163853403	25.774037305696307	5.614791607009506E-4
175.0	25.94231920707414	24.19085942329416	22.81525025484642	27.049503757740467	0.0020673570448126437
176.0	24.496126959364467	23.916753363833042	28.366946990340626	23.21897304951795	0.001199636943917228
177.0	22.48540783772566	26.128024047903846	24.67171782921516	26.689425998222344	0.025424286932988625
178.0	24.9602925145743	22.978580801000096	23.977731649118294	28.08311428175457	2.8075355274478713E-4
179.0	27.770866143742133	24.21988865944646	23.11230285038964	24.896023442266017	9.189041557440443E-4
180.0	27.28944484646931	21.814395231879892	25.802709405820334	25.093271332481613	1.7918334884975808E-4
181.0	27.99498450085685	22.051356578716014	25.91558234179314	24.037128226894946	9.483517390464092E-4
182.0	26.088741820306915	22.443334879774852	25.494370013046495	25.97342512873485	1.2815813688826915E-4
183.0	24.132643605858735	24.171964326314814	26.427420332606133	25.267535977562066	4.357576582485977E-4
184.0	25.918958187645984	22.020082808517095	26.554300280334925	25.502685432222314	0.003973291279676641
185.0	25.111132412629317	24.55552160982066	24.340868944744432	25.991631237229768	8.45795575822754E-4
186.0	27.386311150480765	23.284408335089076	25.104537198941323	24.22474331548883	0.0
187.0	24.659490184471004	22.94957987723497	27.256598729427385	25.1335097290169	8.21479849741067E-4
188.0	27.823430843969714	27.742639079543817	22.114325866277948	22.319013739734476	5.904704740373983E-4
189.0	25.39232470035851	23.312600706343638	24.979306739841046	26.31471521863482	0.0010526348219814798
190.0	28.7042754670503	21.84679266153132	25.072040042015974	24.376686422528614	2.0540687378697614E-4
191.0	26.525324273846383	23.964836645161956	24.414006213615195	25.09542153993283	4.1132744363849976E-4
192.0	26.922117761753345	22.954862382302004	24.493780362894434	25.629239493050214	0.0
193.0	27.678520922875343	24.312281383798773	21.92898553854793	26.07972362695398	4.885278239736544E-4
194.0	27.949631510594443	23.09235414373491	24.414637551594044	24.543376794076607	0.0
195.0	26.943306443918868	21.518740599227034	24.474347478027685	27.062885433298966	7.200455274500642E-4
196.0	28.526558262858487	22.119165833495067	26.32732032168027	23.026904032292776	5.154967339415679E-5
197.0	25.812544581390572	23.827388589381	23.582978808968274	26.77623731645743	8.507038027233348E-4
198.0	27.653265078400402	23.23238295189504	24.227652645455244	24.88664768898635	5.163526296032191E-5
199.0	25.67404060263418	23.120285051624105	25.226313643156388	25.97868836222802	6.723403573075252E-4
200.0	27.614382465544836	23.559312127660235	23.79920264076111	25.02705104319788	5.1722835942405585E-5
201.0	25.451121616232257	20.817287275176298	29.268191121936937	24.46303789964707	3.620870074388189E-4
202.0	25.810026879328575	24.95908092974749	27.80996583697346	21.420926353950478	0.0
203.0	25.376502653777443	24.208349017979454	23.373240247384057	27.04100257551591	9.05505343128314E-4
204.0	25.9471628711844	22.885265124876515	24.436913335496413	26.730606920099003	5.1748343664890145E-5
205.0	27.688648097010443	23.991165061004136	25.099983025656098	23.219117044311318	0.0010867720180010847
206.0	25.52064194305364	21.472216730309597	25.302981056179334	27.704134392335106	2.5878122324849108E-5
207.0	26.30450728679153	23.281652235266588	26.70833111172425	23.705069358204312	4.4000801332240734E-4
208.0	28.61901365699722	22.214372530162276	21.673296046576947	27.4932659910869	5.177517665043084E-5
209.0	27.70890305796161	20.32747266745826	25.048275019250454	26.914494830210195	8.544251194771125E-4
210.0	24.997119049672246	24.035826850871395	24.686623818842733	26.2800418378728	3.884427408209038E-4
211.0	25.202202901734026	25.465003214421326	25.50463306642326	23.8275391726841	6.216447372851634E-4
212.0	29.259603405423224	22.11024611997753	24.44450432933187	24.185309292775603	3.368524917756168E-4
213.0	29.804282778927373	22.50646938016831	22.965923696830146	24.72303897804792	2.8516602625290285E-4
214.0	27.81025209600085	24.23856133106398	24.456157854500354	23.494976835620456	5.1882814362511964E-5
215.0	25.60073598395351	24.605239180487377	23.076185205297982	26.71747569357883	3.6393668229601415E-4
216.0	26.267400449819966	24.4505753550875	25.593510993745966	23.68851320134657	0.0
217.0	29.148788084885663	22.99984386288515	24.972596613147804	22.878136305054873	6.351340265115528E-4
218.0	24.94027294417085	24.282000850364874	25.525839641896564	25.25169972884944	1.8683471826792472E-4
219.0	26.798907453611598	22.21160158934436	24.691607597434288	26.297264246400598	6.191132091571689E-4
220.0	28.04462298683768	21.35258023935671	24.880125718347124	25.722238662175183	4.3239328331083534E-4
221.0	25.713871026947132	22.371689474340616	24.0834495637886	27.83066316441295	3.26770510704185E-4
222.0	25.361075887470907	25.089911851772083	23.908036630632335	25.640810805465147	1.6482465952719498E-4
223.0	31.124479394850233	22.6807768454794	23.415557983351725	22.778437103133893	7.486731847448134E-4
224.0	30.27596649137132	22.684219917190042	24.520457639243627	22.51921699066012	1.3896153489129594E-4
225.0	31.389632040668396	19.570100279382842	23.98755156343175	25.05176602483316	9.500916838474912E-4
226.0	25.237345993668512	22.399414339037957	26.0076776244706	26.355449111669433	1.1293115349856478E-4
227.0	27.584732606992805	23.707355978067365	25.20484227017019	23.501758883429467	0.0013102613401694795
228.0	27.859473380319123	27.635761976336028	22.921497374233578	21.58320998799388	5.728111739421323E-5
229.0	27.85171055987342	25.360800802026674	21.713121806789786	25.074309065056067	5.7766254051941684E-5
230.0	26.182051854155354	23.335911680319107	26.5665057890629	23.915501586425194	2.909003744760521E-5
231.0	25.456783406924167	24.726283994333023	24.540118756309997	25.275338682068128	0.0014751603646832446
232.0	25.73222409034391	24.605654742037515	24.1759076386398	25.486124523710558	8.900526822182605E-5
233.0	23.56646030666461	25.370484536806536	22.154876253032217	28.907428539870423	7.50363626213263E-4
234.0	27.737447582087626	21.095021692377166	26.328098194952887	24.83793944660823	0.001493083974089813
235.0	25.803221206926207	21.71087550325579	27.83646398349882	24.649100257861765	3.390484574219865E-4
236.0	28.13491701138412	23.442892399371065	24.121330119445066	24.300797926566737	6.254323300981804E-5
237.0	27.717130595794565	24.638858147410026	22.192684470687453	25.45110601515687	2.2077095108441117E-4
238.0	26.933942611469526	22.264446818734857	24.79337496293721	26.00820365618003	3.1950678376803296E-5
239.0	28.36685306560316	23.083109042243837	24.277578569921957	24.2713253116666	0.0011340105644424183
240.0	25.677187739123497	21.511696006935814	26.311602301392135	26.49934709794799	1.6685460056510315E-4
241.0	28.892011045976457	21.862179224810347	22.936839801600094	26.30649744649501	0.002472481118096056
242.0	26.65986195519067	23.88955879625569	21.412746481089307	28.036828464360298	0.0010043031040330806
243.0	27.747669927576723	23.43133514081111	24.74177330819107	24.076872506370304	0.0023491170507976425
244.0	27.184091099287457	22.511898436205527	25.7865604890248	24.516374486580084	0.001075488902130846
245.0	28.64282829521298	21.1685600810294	23.44274570289198	26.74397963620979	0.0018862846558490487
246.0	25.26467096734148	26.248802010295037	22.85695201732864	25.627179868982687	0.0023951360521613403
247.0	25.632982079320577	22.688206671584652	24.95851084429038	26.57999254530014	0.1403078595042523
248.0	26.6283831441992	22.163385503794807	24.156474172154066	27.041540722898905	0.010216456953026287
249.0	25.33634776632349	21.347068517115613	28.836381553055524	24.464004906037232	0.016197257468141147
250.0	27.33742983237327	22.26100486232484	23.8544078297921	26.546000913004047	0.0011565625057402917
