# Position (bp)	A	C	G	T	N
0.0	24.6617764311912	22.465635464838144	26.375538191675968	26.497049912294692	0.0
1.0	22.446084807699034	32.626284471216074	21.7941093219773	23.060690966800134	0.07283043230745256
2.0	25.364438883841	26.463820927426195	20.36179865435511	27.809148672670215	7.928617074752588E-4
3.0	26.27413763601681	20.88464000304196	22.92243635649237	29.915775731496332	0.003010272952539086
4.0	28.1770964427791	21.916064720492763	21.914798298562136	27.992040538166002	0.0
5.0	26.717974910932707	23.971080999451285	21.56432690741587	27.7456683960929	9.487861072412937E-4
6.0	28.02576126780172	23.317282356142922	22.57760550463045	26.07353036025818	0.005820511166729329
7.0	26.192793784101937	21.71771082656585	22.045152097959644	30.0432460731343	0.0010972182382750475
8.0	29.18526986712186	24.56421138351434	22.250236862917056	24.000281886446743	0.0
9.0	27.822511323178677	23.01738877653406	24.652802740693737	24.50729715959352	0.0
10.0	27.55688207511807	20.67074618287228	23.4545630606992	28.317808681310442	0.0
11.0	28.241677140042675	22.233253148960745	20.271926926200525	29.253142784796054	0.0
12.0	29.67210809918669	22.82222989721286	20.643313639850724	26.862348363749728	0.0
13.0	23.74485602881674	25.51274684685631	22.110337150461252	28.63190994918664	1.5002467905970532E-4
14.0	26.034501615415767	23.269081267384564	22.15159191612253	28.54482520107714	0.0
15.0	25.9501270316361	26.055986728384323	23.420660332486456	24.573225907493125	0.0
16.0	25.01560212706602	24.093854343718455	19.18845931511695	31.70208421409857	0.0
17.0	23.748807392254182	27.718543154325214	19.163523002266842	29.368275854247383	8.505969063790515E-4
18.0	24.99880909348196	24.97807330940312	20.59805924269554	29.424918247770204	1.4010664918135684E-4
19.0	25.597411194878255	23.116845389563775	26.73455250374997	24.550492593637482	6.983181705181242E-4
20.0	23.983869668700546	25.021454340442194	23.62796368453649	27.366573443275833	1.3886304493330407E-4
21.0	26.566412586150108	22.473240236321065	23.421115372583284	27.538956179724185	2.756252213615059E-4
22.0	24.07742781081662	24.283002808981124	21.155733938093647	30.483835442108614	0.0
23.0	27.484734391279197	23.56804051500006	22.209140533019372	26.73781359360626	2.709670951108052E-4
24.0	29.163016493839404	21.895511163463947	21.831762298948483	27.109710043748166	0.0
25.0	26.339853456853845	24.324885197226642	19.64125131032134	29.693743980503484	2.6605509468900817E-4
26.0	28.8151911778767	23.46205127115493	20.418822442019824	27.30380230964548	1.327993030692575E-4
27.0	25.2508390052165	21.57261890385909	22.336846826642745	30.839562562784394	1.327014972709937E-4
28.0	30.560361316762393	24.1920474837152	22.398038808194755	22.847169733896877	0.0023826574307804923
29.0	31.586356096830077	20.97174431350695	21.622605600666635	25.819031120948218	2.6286804812588227E-4
30.0	27.173216162750464	19.515300293144083	25.311196275960224	28.000156691715578	1.3057642964868412E-4
31.0	30.00688536390713	21.61143596350757	22.70018413132267	25.68110332740427	3.9121385835971855E-4
32.0	25.605510267916987	20.066771782219302	23.062565032268772	31.265025246883237	1.276707117003824E-4
33.0	25.774607753420973	21.642822443069484	24.89038184650571	27.692187957003828	0.0
34.0	26.649056085330137	26.24638577164946	21.712472912802642	25.391960332477787	1.2489773997539515E-4
35.0	28.43315342466775	22.220150019209324	23.870038058080535	25.47628550150007	3.7299654232205267E-4
36.0	27.44344178163048	23.50605035626148	26.808707343683597	22.241676255613573	1.2426281087448711E-4
37.0	27.113635262594983	25.164249965528935	20.571710373492436	27.15040439838365	0.0
38.0	28.278381090533344	25.51826663222319	20.315729075590173	25.887623201653287	0.0
39.0	23.22055660691313	25.928464637132624	20.979923209504935	29.87055884208278	4.967043665280861E-4
40.0	27.9582081398525	25.82267636760945	21.01909562712622	25.200019865411832	0.0
41.0	24.45955910649423	24.04257484985339	20.294061419211317	31.199956302929937	0.0038483215111241318
42.0	26.61094223037594	22.5410889104317	21.905438097590586	28.942530761601777	0.0
43.0	26.035267222184988	23.383771815512315	24.65218049629282	25.92617414680279	0.002606319207083231
44.0	31.02474822429257	23.573353716949008	19.905667869498533	25.495982012120972	2.4817713891467174E-4
45.0	26.56975402534435	22.15124227994908	23.250101114367173	28.026173112759267	0.0027294675801284836
46.0	25.875054119065666	24.289629112273644	22.786080514283093	27.049236254377597	0.0
47.0	26.595070374491275	21.192973838575913	20.30657899469974	31.904260425930957	0.0011163663021110488
48.0	24.651862396674744	21.930002951264456	23.450276154031204	29.9678584980296	0.0
49.0	20.811164359357466	24.871697902652837	22.489662056181377	31.82623574851673	0.0012399332915889127
50.0	24.935839418773323	25.61079633509801	19.254249476176895	30.198990788152297	1.2398179947183753E-4
51.0	22.35624752834883	28.135975215924685	18.146599441887222	31.35919429440635	0.001983519432911794
52.0	25.397997895522224	24.49907108003832	18.980456118911672	31.122474905527785	0.0
53.0	23.923602993836436	23.994478397844794	21.731536833564018	30.34914485670923	0.0012369180455210579
54.0	23.3516004437535	27.141933098099454	23.703956554701772	25.802509903445277	0.0
55.0	23.826421856862506	24.875799352060575	22.324246736706886	28.972551442296496	9.806120735410023E-4
56.0	25.908469819794977	25.438748062229248	24.171001758546105	24.481780359429667	0.0
57.0	21.29957971351901	27.224393770447612	22.914803151535946	28.557057259438068	0.004166105059366997
58.0	27.23058471572763	22.382965586436956	22.117614486258955	28.268835211576466	0.0
59.0	27.5158692632399	18.383968798002837	25.136643482393755	28.96106855080737	0.002449905556140811
60.0	23.977672404502748	18.898119936122896	25.080581164091665	32.043626495282695	0.0
61.0	24.711364192995347	22.488978692138133	23.996081312760225	28.79806514817536	0.005510653930933138
62.0	25.118106765086928	21.353629655390296	23.790951638065522	29.73706703370176	2.4490775549389324E-4
63.0	29.944640838922105	22.391011268974992	22.80550089571392	24.85652046672634	0.002326529662640954
64.0	26.797969732064374	20.729324541708394	21.252684130757874	31.220021595469362	0.0
65.0	25.43917206730993	24.58457688908258	21.014276305641726	28.958057384334012	0.0039173536317540685
66.0	24.84168983326172	22.555266253646366	24.46906570988935	28.133855790547052	1.2241265550997724E-4
67.0	25.63204602484852	24.21739396535896	21.19126017504131	28.95856539567905	7.344390721586388E-4
68.0	23.333312933371687	21.087644355228612	26.44753027864308	29.13151243275663	0.0
69.0	24.33831349956734	24.284093454306454	23.286346707203187	28.088431302713087	0.002815036209933161
70.0	26.87046944059675	22.38616395913992	24.51445618603376	26.228788049357092	1.223648724713299E-4
71.0	25.96434836986011	20.79435102207666	25.647420658577	27.592663336391087	0.0012166130951367109
72.0	23.94363456123386	24.921576140171624	25.020708277837585	26.112378137410523	0.0017028833464090448
73.0	23.074518827332408	27.26259999854061	19.945224271582536	29.714738124831257	0.0029187777131863078
74.0	23.077680752669476	25.69103535829504	22.703510536229576	28.527408545965056	3.6480684085787976E-4
75.0	25.234128962439662	22.766381731739642	22.465072165951288	29.532836419790616	0.0015807200787928163
76.0	26.326693382095474	23.46321441076917	22.308315177216667	27.901047543088353	7.294868303310898E-4
77.0	22.730615911856635	24.279300581470977	22.601143490698046	30.388210593883308	7.294220910343083E-4
78.0	26.983716031510458	25.0701643712069	18.877345750816506	29.068287649004326	4.861974618061507E-4
79.0	22.712008604921092	20.98689207994798	24.85193580339943	31.447097358362146	0.0020661533693492225
80.0	22.322423529497545	22.841199223720043	29.59172389321168	25.24210140005031	0.0025519535204198813
81.0	24.83941994327751	24.43295737064283	20.732507527759754	29.99450759094676	6.075673731460082E-4
82.0	21.474153349663673	21.521783506357167	23.281426182977565	33.72215093899452	4.860220070764805E-4
83.0	25.62888191211205	23.198646980492025	22.235276678881426	28.935979432548287	0.0012149959662133922
84.0	24.695149731080573	24.34331297555974	23.75857875445415	27.20210810475891	8.504341466318556E-4
85.0	27.654769425142135	25.269449438748236	19.445672773215414	27.62950094756791	6.074153263035133E-4
86.0	29.19606773715109	21.537071161421746	23.357558722172485	25.907358841457118	0.0019435377975586736
87.0	21.575174011948558	22.982329786497573	22.21013089002056	33.23102932728335	0.001335984249960224
88.0	25.177761018754317	26.9309006032034	23.393775115764775	24.49707749348159	4.8576879591274134E-4
89.0	25.66730824109436	24.457586263426006	23.097286565188615	26.776847461126053	9.714691649615358E-4
90.0	19.94067097892885	26.25388109667619	26.753915703248037	27.051289368011144	2.4285313578040248E-4
91.0	28.441405168603715	23.479822435489588	23.07998659523937	24.998178701000988	6.070996663380234E-4
92.0	29.822929769264768	22.221318362173214	21.88148047419466	26.07427139436736	0.0
93.0	27.264173849702562	24.707903362874834	21.186111448342842	26.841447128809033	3.642102707296346E-4
94.0	28.059277136516602	21.094201455827438	23.636800675954568	27.204621936473867	0.005098795227527667
95.0	24.66355573575863	26.208055239256	22.424559520832474	26.700794646997554	0.0030348571553434124
96.0	25.402983516490185	24.319701672628923	23.62790166947279	26.64856341338176	8.497280263367132E-4
97.0	26.779515363962535	25.963858638921387	22.100170413994338	25.156334205632884	1.2137748884540877E-4
98.0	26.710891524094905	23.51114298925569	22.17675136624954	27.60121412039987	0.0
99.0	20.340118144770415	26.265919152482947	27.499899908158156	25.89406279458849	0.0
100.0	23.28142968746209	25.37617608097551	21.583603041433957	29.75879119012844	0.0
101.0	25.53427887665281	17.525705670227516	30.14013335290243	26.799882100217243	0.0
102.0	24.575223804204523	27.77391681918464	20.88398567362003	26.766873702990807	0.0
103.0	31.342411130083825	24.368402669978266	19.925998331263585	24.363187868674324	0.0
104.0	24.607178109167986	25.04917094512498	23.516565333695496	26.826843091936937	2.4252007459917496E-4
105.0	29.052005936329948	22.41073680330572	20.408680427570953	28.12469687857683	0.003879954216540245
106.0	23.33912056682557	26.765995315250652	20.800941799506305	29.093942318417465	0.0
107.0	29.12401723960259	25.245591595996824	19.68503173323473	25.94463202177379	7.274093920676005E-4
108.0	24.640423600091644	22.109296678865697	24.293484651406363	28.9567950696363	0.0
109.0	24.25210308128682	25.367402846129604	23.376566704647388	27.003442507697155	4.848602390360978E-4
110.0	28.23005073828692	24.265531176289485	20.28040600326296	27.22401208216063	0.0
111.0	29.28129117179707	20.09807902318529	24.430912588222036	26.189111192183738	6.060246118715373E-4
112.0	26.53515602748343	22.82993507288393	25.865038378143186	24.769870521489455	0.0
113.0	27.36362545585439	20.881494220693515	23.441308255130597	28.31284488285648	7.271854650169252E-4
114.0	27.38247599102178	22.58807331888674	26.787644768927223	23.24156352865322	2.4239251104097887E-4
115.0	29.016870273414774	21.49275256932325	24.58793872406438	24.901832460732983	6.059724646112081E-4
116.0	24.72476864083459	24.74270533883392	24.053354404913684	26.4791716154178	0.0
117.0	24.844299715322073	29.26741183043424	22.567724624701416	23.320079065083267	4.847644590089233E-4
118.0	26.60638627924338	23.643630687492124	26.21687850847852	23.532862142850217	2.4238193575909175E-4
119.0	28.733975951505514	21.63273813996214	23.985234486151878	25.647687859170155	3.6356321031162214E-4
120.0	28.600011391578228	20.206236040772154	24.165294223863903	27.02845834378571	0.0
121.0	28.586750108159663	22.48303074885266	26.01030819141291	22.919547389686233	3.6356188853434873E-4
122.0	27.262250003938615	20.979248948389593	24.447169831899878	27.31108883941718	2.4237635473233773E-4
123.0	24.793710925050018	27.340316077641525	22.539527883108715	25.32596036971462	4.847444851225858E-4
124.0	27.25549741519087	24.371490270308264	22.056189605989292	26.316822708511573	0.0
125.0	29.30218637041669	22.66091809865871	24.884489408651206	23.151679068984027	7.270532893708444E-4
126.0	26.20943212856662	25.124875488050492	23.27264663326959	25.393045750113302	0.0
127.0	23.829437111932954	23.67178676851937	26.607282209867627	25.890403323138365	0.0010905865416773707
128.0	27.521941915571947	22.285327907886973	26.509396580660095	23.67242777011004	0.010905825770951
129.0	26.1629287822753	27.79020507874035	19.852916228412447	26.190799327229282	0.003150583342623515
130.0	25.549196547474644	22.896912575689093	24.0094225877945	27.544468289041756	0.0
131.0	25.142953388531495	24.526911831172622	24.082814209669817	26.24707822540287	2.4234522319389193E-4
132.0	24.207053155550383	28.422006698365156	21.321473058710055	26.041833277594407	0.007633809780000872
133.0	29.286211083188128	24.281764139946638	20.793882363205	25.63559784123322	0.002544572427013181
134.0	30.112442597327068	21.288243205583356	21.091832160036837	27.507482037052743	0.0
135.0	29.62595873065878	21.906919824066108	27.184573069513274	21.282063709394045	4.846663677890732E-4
136.0	25.531381239837053	28.446798868777734	23.385257760189603	22.628928561908246	0.007633569287363898
137.0	30.19465295069155	20.986532414896132	23.21380321453021	25.604526756450568	4.846634315382611E-4
138.0	28.308361140796638	22.361077790621312	24.605545983487577	24.724409258007217	6.058270872560637E-4
139.0	23.444067615886897	24.90860998728961	24.96155985212811	26.68418737709149	0.001575167603891391
140.0	28.46802266759883	25.101687953385298	22.54146578474505	23.88870242900018	1.2116527064080676E-4
141.0	30.936231567978865	23.055262743387495	23.637211781953884	22.370809252056752	4.8465462299928513E-4
142.0	31.70592811048294	23.324714475077606	19.755804401191295	25.213553013248163	0.0
143.0	27.93756997387642	23.2788243904094	25.2451206095179	23.538363859310707	1.2116688557483994E-4
144.0	30.33709635011202	20.924909700925586	21.67698800333934	27.060400114865512	6.058307575428958E-4
145.0	31.32988655185742	22.84641789579928	19.661194386116264	26.16128950177569	0.0012116644513401615
146.0	27.38281462992021	23.85207713605438	21.47389721251189	27.28539491939246	0.005816102121059742
147.0	30.696745097896667	20.801057543295904	24.576007289391004	23.922191567037316	0.003998502379108915
148.0	22.33924222413396	24.039694175521927	22.81978892779683	30.800790006179497	4.846663677890732E-4
149.0	28.261978531156966	25.99113764996262	23.32613181564276	22.418207440060392	0.0025445631772627528
150.0	22.98595283360657	26.05771782316783	20.702758178630326	30.25357116459528	0.0
151.0	28.568624362345357	24.405724048516277	23.395291352130766	23.629754389366163	6.058476414351319E-4
152.0	28.91760141238796	24.8651045901397	19.9016320739056	26.31566192356674	0.0
153.0	28.230699414841858	21.62431369032544	23.700055862063117	26.444325153560083	6.058792094972778E-4
154.0	25.842304504408435	24.64289003388122	24.556369329500892	24.955891405610032	0.0025447265994212567
155.0	28.185361407965253	20.57096180741552	24.93073852247029	26.31293826214894	0.0
156.0	29.07640772439603	21.244149378397967	24.52304254138156	25.15615796860116	2.423872232846862E-4
157.0	25.450872172997236	21.038317923509588	26.586218054762746	26.92447065467815	1.2119405228069027E-4
158.0	23.16658142426718	22.180153145444542	30.43759650368805	24.215668926600234	0.0
159.0	29.422294508967905	19.421918801031136	23.247595166214403	27.90770673935201	4.8478443454137574E-4
160.0	26.652243997624502	23.833157594929038	24.985031935910023	24.529566471536437	0.0
161.0	28.97256862086811	18.39549520832601	27.812313275003426	24.815138465864397	0.004484429938054267
162.0	29.446685348045726	17.981271755888027	24.26260265870284	28.309440237363404	0.0
163.0	26.638102914351165	22.619582936895117	30.246468417257034	20.495845731496686	0.0
164.0	28.343080158292477	25.528116307397692	21.01399300652684	25.112992467168855	0.0018180606141408756
165.0	29.078530807755147	20.43689367458051	25.66916994322782	24.814920756509892	4.84817926627655E-4
166.0	22.605187054423105	22.161337318527032	22.480589149316287	32.752765273545734	1.2120418784709849E-4
167.0	25.12217648684421	25.966260866192503	24.24972970876422	24.6614693177025	3.636204965601501E-4
168.0	21.978143189261655	24.371822750379998	25.584056358378	28.065977701980348	0.0
169.0	29.39622078893364	20.15122662538925	23.750677283399618	26.701632874214987	2.4242806250280305E-4
170.0	31.21671893049658	18.661035829916084	24.34880318455819	25.77332084011632	1.2121491282829545E-4
171.0	26.58137166961623	20.609105675289097	25.639409440228857	27.1692647094475	8.485054183131712E-4
172.0	27.5753088334735	26.06198239946098	20.271521397185175	26.09118736988034	0.0
173.0	30.469561339623397	22.494083374433636	20.87123750480177	26.163784798422718	0.0013329827184849561
174.0	27.911513969086844	25.625443066352403	20.962052313639475	25.50062710929879	3.6354162248626115E-4
175.0	28.393637327677624	20.89186486895925	23.56891380093925	27.14425087108014	0.0013331313437357976
176.0	22.237062336154438	22.587326731233283	31.271944549146703	23.902333197186735	0.0013331862788468181
177.0	25.637551028323752	22.925656216970978	22.556579623578237	28.85694130651902	0.023271824608015204
178.0	24.76267002134243	21.548822773012795	26.82152955277858	26.866735262999065	2.4238986713399433E-4
179.0	23.083729917256797	27.58430085264533	23.193431939895415	26.137082677747582	0.0014546124548767095
180.0	31.704272718740214	19.902948715917166	24.21150402673847	24.181274538604153	0.0
181.0	32.063036131417114	21.177160496837466	21.501948238782386	25.25712362903973	7.315039232993753E-4
182.0	26.714220589418357	21.146949909922206	23.673028588423726	28.465679020772743	1.218914629657168E-4
183.0	21.042950394031926	21.27699255819056	28.031790727298215	29.6480225265583	2.4379392099857993E-4
184.0	24.274894584977492	20.8824752020226	29.789023672209563	25.048974253013117	0.004632287777221091
185.0	28.810410734485316	24.24584097203261	22.339660451690914	24.60372215937902	3.6568241213870574E-4
186.0	28.435627246085655	23.231413260255803	23.981611964169904	24.35134752948864	0.0
187.0	28.591320718367786	20.481943870353366	24.39141265422728	26.534591171962735	7.315850888327194E-4
188.0	30.7698498344704	24.162688469018832	21.565062584212804	23.50191136392735	4.877483706155994E-4
189.0	26.185000280473442	22.286541421049165	23.239175554422822	28.28855107421327	7.316698413008115E-4
190.0	28.16227574339593	17.750769219512016	23.989038850615923	30.097916186476127	0.0
191.0	30.243669782068267	22.105689450328008	23.42516083230259	24.225113991495466	3.6594380566920147E-4
192.0	30.27410679539402	19.55443159041474	25.02058637310194	25.150875241089306	0.0
193.0	28.32294544283162	25.046245229054204	21.421058539870952	25.209506750095173	2.4403814804330212E-4
194.0	28.101238945828307	20.535774209963062	23.55510215537281	27.80788468883582	0.0
195.0	29.27837367053254	20.184834580252655	24.49198565951229	26.043707482370404	0.0010986073321053345
196.0	29.995567266727413	24.446277735365822	25.550767109119114	20.007387888787648	0.0
197.0	28.90678108036216	24.947292198260147	18.84168448223205	27.303257046589756	9.851925558850478E-4
198.0	29.744193421411445	20.673554478743657	22.227075690662957	27.355053015916496	1.2339326544235867E-4
199.0	27.284026502359936	22.541940675790432	26.414726385844347	23.758442443272706	8.639927325868436E-4
200.0	30.97252172796745	24.474436850336552	17.410270684617675	27.142647300251443	1.234368268835534E-4
201.0	23.373918754266654	20.131940681010445	32.573349414426815	23.920050465335326	7.406849607622143E-4
202.0	23.571286592088416	26.97014853508186	30.853839059627617	18.6047258132021	0.0
203.0	28.20928589776522	22.978496907664645	19.48813452152779	29.32297121065423	0.0011114623881127864
204.0	23.974587303038014	26.52746661001835	22.536230631093503	26.961591949352453	1.2350649767684278E-4
205.0	28.884492654831412	23.035278543414044	23.510837457890005	24.568279936378097	0.0011114074864408286
206.0	27.389369656206426	21.148794431524724	23.730858674992376	27.730977237276477	0.0
207.0	28.470438843864375	22.151319422055714	25.003242506105178	24.37450513180633	4.94096168407738E-4
208.0	31.019775777329144	19.90118288949237	21.19675205776316	27.882289275415324	0.0
209.0	27.93310241622664	19.47389948803626	25.536771057181024	27.05511487981889	0.001112158737180826
210.0	26.561086308420222	25.410480414114296	23.359190756589193	24.669118919426687	1.236014495978009E-4
211.0	30.000309097990247	24.857042179511748	24.178139353737922	20.963520255191302	9.891135687835758E-4
212.0	27.660079667282123	20.380206600685373	25.866143631131333	26.09357010090117	0.0
213.0	31.95300104700638	19.027670175664404	24.20750527834776	24.811204700885376	6.187980960820179E-4
214.0	29.981197186762227	21.690865895561394	24.33465539323644	23.99328152443994	0.0
215.0	25.464239362137718	22.934776944246607	26.21441741465267	25.385945886924866	6.203920381367394E-4
216.0	26.886103993632943	21.8479690030014	25.945765232165623	25.320161771200034	0.0
217.0	31.19326323601867	23.082468191055508	23.13675244749283	22.58663855084855	8.775745844370924E-4
218.0	25.37737099059248	22.419174829023678	24.1793900910175	28.02393668525068	1.2740411566255236E-4
219.0	27.087686470190757	23.379333645199853	21.58220281719424	27.949867456728523	9.09610686626124E-4
220.0	30.4428533890434	19.516170574783217	23.109313657898227	26.931532295620634	1.3008265451868118E-4
221.0	25.94956099579195	20.35248646851032	24.086182561857303	29.61124625871004	5.237151303919746E-4
222.0	26.944636746642402	23.25428064692657	20.67105774999835	29.129761127704047	2.6372872862973144E-4
223.0	29.016367434358393	21.32631745947804	23.88402654750258	25.772363097913747	9.25460747243449E-4
224.0	30.922438523505562	20.73131358040374	23.92197804524331	24.424269850847384	0.0
225.0	31.52081980035263	21.02117110548434	23.135365158485012	24.321715959858416	9.279758196015006E-4
226.0	25.393265075049147	20.291644142508666	27.13374374366298	27.1813470387792	0.0
227.0	32.30119786307393	22.009229724960687	23.03428898260739	22.65393128682053	0.0013521425374577287
228.0	27.55693500296533	25.177750122480997	21.968951576238823	25.29636329831485	0.0
229.0	27.44354909634581	26.329097225275934	23.22732069829823	23.000032980080032	0.0
230.0	29.59514932607985	20.321337757809772	25.23336527967825	24.85014763643213	0.0
231.0	26.747553509110972	22.535303969841085	25.52738893463514	25.188213151393953	0.001540435018849323
232.0	26.433319747586186	22.723567523505686	22.10967914213034	28.73343358677779	0.0
233.0	24.439937664112033	22.343003935130827	24.405496374413822	28.810992748827648	5.692775156729216E-4
234.0	26.86014011137058	19.215520028740794	29.47742051374169	24.44591341835818	0.0010059277887551643
235.0	28.520653176337053	20.709205072410263	25.06250751031175	25.707199909659096	4.3433128184191215E-4
236.0	26.814186985029508	23.43822420608562	24.64226987036988	25.105318938514998	0.0
237.0	28.877319322042023	23.819894196377753	23.413095444932388	23.889241700766267	4.4933588156704384E-4
238.0	25.507021827215322	24.35229762970441	24.93682719244336	25.203853350636912	0.0
239.0	28.023086155548054	22.498062544006828	23.33991220974752	26.137398370225885	0.0015407204717069797
240.0	27.141114350128614	23.06041970811449	22.473501426396833	27.324808710135283	1.5580522477240752E-4
241.0	26.662850208163373	19.037784499043024	26.20955476903927	28.087938691245906	0.0018718325084271458
242.0	26.03128199917144	22.57025161608029	21.173895711036245	30.223789014562307	7.816591497111769E-4
243.0	29.91977613692207	24.07028899997183	21.523502180098347	24.48439813322232	0.0020345497854332498
244.0	24.513750689144423	23.121482614712114	25.837850403434174	26.52613094293806	7.853497712276116E-4
245.0	25.79858867687272	21.231456045041018	24.109076605431397	28.860246784082094	6.31888572769078E-4
246.0	22.70568168152963	24.064709270311837	24.85696112000709	28.370907410806396	0.0017405173450464877
247.0	26.316798732171158	24.474960380348655	27.13597464342314	21.934706814580032	0.1375594294770206
248.0	27.507845196582064	20.74241419464972	26.211682283023595	25.526635592601878	0.011422733142742916
249.0	26.4616937088359	20.63545118562165	30.358853883153635	22.527766370937705	0.01623485145110922
250.0	28.78699182842076	21.801192798546566	22.853624573117532	26.556755230656105	0.0014355692590389023
