# Position (bp)	A	C	G	T	N
0.0	24.16635357203937	23.931068009539622	25.27429109316484	26.628260392385002	2.693287116526414E-5
1.0	23.448127789290844	29.700331275313218	23.769783004996	23.007591815500504	0.07416611489943505
2.0	24.817308225543602	27.039909683541442	22.560897034897163	25.58097417574042	9.108802773791188E-4
3.0	25.595588644705902	22.39864633347182	24.58646890271847	27.412229041832813	0.007067077270994574
4.0	25.53624837938102	23.77795701455241	24.540583936296304	26.145157183995344	5.34857749233014E-5
5.0	27.904205402180327	24.501622865457204	22.411300581176256	25.18212334845764	7.478027285719131E-4
6.0	26.19818441357305	24.20453136891378	23.460250226248565	26.13116952181916	0.005864469445447772
7.0	25.351464016576543	25.60874312636422	23.504428819091547	25.53445943716802	9.046007996671068E-4
8.0	27.132202004439865	24.913332457568533	23.73351804009145	24.220947497900156	0.0
9.0	25.6676897704888	26.284305996927777	21.55993366198701	26.48783224945762	2.383211387937296E-4
10.0	24.42111889462109	24.833731619227223	23.213618335874692	27.531531150276994	0.0
11.0	26.881236148119907	22.45252860939229	23.45945829621779	27.206623232192033	1.537140779806889E-4
12.0	27.665400654443378	24.14796972896013	20.740455359923633	27.446174256672855	0.0
13.0	25.14747270164891	23.47661942558436	25.013739459853664	26.36211842852069	4.9984392373481384E-5
14.0	25.942083166223835	22.244981828465367	24.231888030984514	27.580972749254595	7.422507169523383E-5
15.0	25.374178244331684	23.51526981435834	24.388682186071623	26.721845325489756	2.4429748593457225E-5
16.0	26.316238845499758	24.75206542995408	21.94722706513533	26.98439650675313	7.215265770707031E-5
17.0	28.627428504309517	26.897819024996693	19.19476881108335	25.27859208486436	0.0013915747460788845
18.0	24.95571151140073	26.386525340040752	19.86025796332199	28.797247591912225	2.575933243050776E-4
19.0	24.657730127829968	24.476962356194488	22.316528979318832	28.548429204451796	3.493322049126821E-4
20.0	21.833854676016156	25.770535237447895	24.490621611561554	27.904965355564958	2.3119409437805322E-5
21.0	24.02790130107636	25.121458517183076	22.98736629344451	27.86311314535135	1.607429447051159E-4
22.0	22.645996209429047	26.73650975889782	25.745699159878267	24.871726532174293	6.833962057842655E-5
23.0	24.86335259916362	24.348397750689557	23.18342239064863	27.604509778087298	3.1748141089646094E-4
24.0	27.797474643451793	22.035742754766574	24.70228783368593	25.464404924932673	8.98431630363665E-5
25.0	25.08284772037605	25.16915415902797	20.063261683839954	29.684625044863083	1.1139189294258839E-4
26.0	26.372554753322063	25.612352859861975	19.524047510181514	28.49100057066094	4.430597350857232E-5
27.0	25.698207365433085	25.172941528461497	19.832050165307045	29.29673465004448	6.629075389822779E-5
28.0	27.47901780663401	24.30856940166512	22.684598089378703	25.52499712782134	0.0028175745008197175
29.0	27.161510792535015	24.333294004435864	22.16290173656927	26.34209862605038	1.9484040946794495E-4
30.0	23.407532439223683	24.800977158994492	25.022308314557662	26.768945622314376	2.3646490978971175E-4
31.0	26.030958938814774	24.632645585156553	22.44837609149282	26.887677022546246	3.423619896024664E-4
32.0	24.342444394879493	22.606258638644125	24.907180667008905	28.143925302268986	1.909971984955363E-4
33.0	23.56480626400072	25.134609658780143	24.72985089084541	26.570691161894892	4.2024478838678746E-5
34.0	26.484680408911508	26.816699547587707	22.259080814112846	24.439455854627766	8.337476016729145E-5
35.0	25.2755337582784	22.512289868738794	26.03102988005947	26.181022634331867	1.2385859147184055E-4
36.0	23.530424736335313	24.810063876777814	26.251122169364514	25.40820360715194	1.8561037042261625E-4
37.0	24.9425485221977	25.86338021055062	21.31041115404954	27.883618881317112	4.1231885029011786E-5
38.0	26.778307700551952	25.197450050083887	21.308838259966283	26.71532154678824	8.244260963836549E-5
39.0	23.330820774316013	27.723176440576193	21.24604931346969	27.69978862358885	1.6484804925000318E-4
40.0	26.454539180025073	26.577126451345727	22.50549839966953	24.462753557348694	8.241161097186984E-5
41.0	24.15661985433049	25.278537932330174	21.48666454070597	29.073171776800493	0.005005895832869824
42.0	24.421891410519663	26.35450543334637	20.07585283980583	29.147667925799915	8.239052822009476E-5
43.0	25.793866060678706	26.090722724672137	22.355176826809448	25.75617716827493	0.004057219564777732
44.0	28.428992333112586	25.295086207180585	22.572612211009083	23.70312391890957	1.8532978818040744E-4
45.0	25.939858215486684	24.61610236089971	21.621263271066272	27.818617282903404	0.004158869643936934
46.0	25.25437448354147	24.4439334469971	22.75340795725957	27.548284112201866	0.0
47.0	25.418095516464877	24.74435081161413	23.158131990729114	26.67750739982957	0.0019142813623096526
48.0	22.760500560101203	24.147193444387835	22.441436295381163	30.650869700129803	0.0
49.0	22.035784931581823	26.398289967322725	24.306919509211237	27.257092113217034	0.0019134786671818657
50.0	26.996766495819198	25.054051179353632	19.983948718191378	27.965171886762136	6.171987365530397E-5
51.0	24.645741367748517	27.471109264371314	20.93388351551604	26.94636546523444	0.002900387129686388
52.0	22.86839104701559	26.669314506983422	21.82542932472888	28.636865121272116	0.0
53.0	23.062108820649968	25.358830792507387	23.875684006791197	27.70165522164627	0.0017211584051746217
54.0	23.698609395447317	28.390391262862185	22.499986169968427	25.4108697491724	1.4342254967183895E-4
55.0	24.597022301644966	27.76639075990548	22.634520910655958	25.00030683581093	0.0017591919826666406
56.0	26.348130378055945	25.801537553099212	24.897012740537967	22.95331932830688	0.0
57.0	23.03992595163338	27.55391503538914	22.375008103641537	27.025567832643492	0.005583076692454482
58.0	24.53138039293151	25.622281973560952	21.98411661367365	27.861955185678	2.65834155885558E-4
59.0	27.19117274206872	22.699662220186635	24.29289108441224	25.81294113798264	0.0033328153497615915
60.0	23.691044247498567	23.320496581232348	24.180113275066116	28.80828465540312	6.124079984567319E-5
61.0	25.697817509441634	23.76544375321346	23.028646272914703	27.501499700672195	0.006592763758005974
62.0	25.047518845791572	22.588335661738068	24.889282569007694	27.47465882662688	2.040968357847064E-4
63.0	26.305795724610988	24.17004003138836	22.48461959976775	27.036789488775803	0.0027551554570955966
64.0	25.534974456142496	21.59369222071115	23.802963393079985	29.068329182138147	4.074792822252444E-5
65.0	24.121178958124815	26.481617256845848	23.288311972990037	26.103472869739424	0.005418942299876525
66.0	24.653023642385993	24.182579680503892	23.564528680092405	27.599277242930302	5.907540874071599E-4
67.0	26.706657888668804	24.89876241637205	21.07165583947345	27.322109066080237	8.147894054563188E-4
68.0	24.121981073138656	22.486662610435378	26.70635173636099	26.684943471793133	6.110827183973988E-5
69.0	23.09495381058122	25.6862215519661	24.540987940685593	26.674679594896983	0.0031571018701042003
70.0	26.522993375074684	23.677817108772498	23.77228744124338	26.026698650420915	2.034244885247229E-4
71.0	23.873446506471602	23.538146488113167	25.84948317464954	26.737666126056496	0.0012577047091912857
72.0	27.535781248605545	25.929428124738855	21.989819554276917	24.543409281016164	0.001561791362523011
73.0	24.902211456874888	22.655366567107034	23.178500797396413	29.259540771049075	0.004380407572589032
74.0	24.26513184508089	25.888982275000583	24.256433080852887	25.58866200231764	7.907967480004502E-4
75.0	26.012828194046968	25.114246351202986	21.92426965768166	26.94616193288667	0.002493864181723625
76.0	26.59873365623815	24.52370187599725	25.094550018145657	23.782244019536485	7.704300824562933E-4
77.0	23.94426046383387	25.255439085185554	23.925710352685257	26.873839984511168	7.501137841517176E-4
78.0	27.407897855094017	26.167678642998226	20.25660295043928	26.16725291758747	5.676338810121804E-4
79.0	27.528294428283278	21.53790328302537	22.463333299546925	28.46740794048186	0.0030610486625649966
80.0	24.025926245002	23.309396996893515	28.126691971276397	24.535329323110137	0.0026554637179532657
81.0	24.876904855678024	25.05757210220419	21.767028237644016	28.297947512242622	5.472922311462388E-4
82.0	22.956869560352757	22.644316923509127	23.831348056548922	30.566370917281183	0.0010945423080127186
83.0	25.464209852120902	22.348269879361784	23.881785899597872	28.304700674536253	0.001033694383188481
84.0	23.554608237585942	26.12284472101049	24.743603982356486	25.577848648727525	0.0010944103195597065
85.0	25.049442809579674	27.02638510289515	21.348897525154072	26.57452473802252	7.498243485799643E-4
86.0	25.257527753827073	24.91271868455421	23.240852660790836	26.587056893699067	0.0018440071288099772
87.0	22.578962106374796	22.518804167978633	25.546010793172997	29.355250355497148	9.725769764283812E-4
88.0	24.4867700383313	26.774066167131277	25.794114780759507	22.944441191469497	6.078223084159279E-4
89.0	26.322283233112092	26.192337668836547	23.059259755996507	24.425086098559678	0.0010332434951750567
90.0	24.106184370915987	25.619726553122472	24.982025534376966	25.291840696702238	2.2284488233688922E-4
91.0	26.122253353020618	25.57332403663391	23.959697106402306	24.344057016695366	6.684872477954607E-4
92.0	25.903569186654547	24.277490017284535	22.60186441251317	27.21707638354775	0.0
93.0	26.097862629992857	26.74868270257942	21.219517431834138	25.933572641858362	3.64593735226358E-4
94.0	27.85210192829598	23.87815497866485	22.9648763448276	25.300086669311916	0.004780078899658245
95.0	24.533823469842428	26.570786243772027	23.60467047433872	25.287843804431482	0.0028760076153441084
96.0	26.262039361151874	24.433741439947894	24.183445860695592	25.1195987169896	0.0011746212150362857
97.0	25.293087859025416	25.736488737281537	22.96339046959466	26.006850681271192	1.8225282719698188E-4
98.0	28.115548141717962	23.195119664562995	24.462140729405796	24.227171215303066	2.0249010177759987E-5
99.0	22.62816390595995	22.370147435669	26.640894041344186	28.36077436932457	2.0247702290744047E-5
100.0	22.85769240892553	24.642170926223255	24.611213806591902	27.888922858259313	0.0
101.0	23.58325782071807	22.393012997887265	28.46687931666954	25.55678913071821	6.0734006913959346E-5
102.0	24.89427090091861	24.398051155251473	25.099767255286555	25.6078297127363	8.097580706056403E-5
103.0	25.632226548546477	26.168952508050385	24.948427152100084	23.250292598625926	1.0119267713120379E-4
104.0	26.646502397896633	26.90600301856918	22.734990429864812	23.712220833955623	2.8331971374995094E-4
105.0	27.172609916596713	23.468072722680628	21.04904951984218	28.30692863324005	0.003339207640430883
106.0	25.972856447580238	23.806532625182005	24.67958648225591	25.540862550983963	1.618939978812123E-4
107.0	25.917115674693836	24.005237943562797	22.7380052832727	27.338892358276635	7.487401940329859E-4
108.0	24.05942504731397	25.162979319407103	24.231203672162557	26.546331276251262	6.0684865113727485E-5
109.0	25.862847658692107	24.624422123704615	25.41116516567658	24.10069534266646	8.697092602394613E-4
110.0	24.555361158395844	24.37953408454544	23.03743191352398	28.027591947710555	8.08958241777799E-5
111.0	24.658383070838354	24.265970284297037	24.482379747746773	26.592437742085462	8.291550323744594E-4
112.0	25.424826278897317	23.68620983151333	24.130767608352365	26.758074949966016	1.2133127097135186E-4
113.0	28.086271093699764	21.99002150266286	22.868124415369813	27.054753940705712	8.290475618520033E-4
114.0	26.03023090428835	22.53974294450132	27.17521836654926	24.254443815136643	3.639695244273091E-4
115.0	26.57301054379585	23.77829091461327	26.243376635404598	23.404654590133468	6.673160528134146E-4
116.0	27.07008984072623	24.618660210838964	24.815942583468885	23.49518603509345	1.2132987246612673E-4
117.0	25.59654792665699	26.472548543011992	24.73134565584985	23.198728788025242	8.290864559223263E-4
118.0	26.440324745298106	25.14555766283521	25.10879541770141	23.304978412797144	3.4376136813789115E-4
119.0	27.04943409114761	21.547325089566087	24.90635927826223	26.496355781964482	5.25759059586903E-4
120.0	25.23287267362398	24.284133274853552	24.91649139920559	25.56648243109264	2.0221224237402025E-5
121.0	28.175222569959875	23.09219321217989	23.965992753926507	24.765762393739994	8.290701937334831E-4
122.0	26.666388962134587	24.149637716912853	24.913291478137644	24.270216755127695	4.6508768722812585E-4
123.0	24.017134528371784	28.50880101978915	23.335502380424707	24.13777344956945	7.886218449059883E-4
124.0	24.82837021925299	25.163612201522106	23.086786200381244	26.92106961179751	1.6176704615193606E-4
125.0	26.81507717705124	24.31486586880447	24.395001235496064	24.474145778829623	9.099398186024862E-4
126.0	24.27453774017361	23.8648870584234	25.22096649575477	26.63942671956126	1.8198608696144505E-4
127.0	26.2767652086561	22.850422181269217	27.604071251758665	23.267932543201848	8.088151141662754E-4
128.0	26.310973791139965	24.063298395600818	24.59566491725247	25.020296372535245	0.009766523471503691
129.0	24.157113777533155	26.67671882750043	22.423227245089866	26.739664469197177	0.003275680679368085
130.0	25.73299209030363	24.95959416425081	24.086488405805014	25.220905119029634	2.022061090914091E-5
131.0	25.82723647350429	24.93010735946352	24.218563275031837	25.02336494897726	7.279430230907572E-4
132.0	25.925406929931093	24.96250085432133	23.10353808331948	26.00190154740341	0.006652585024687359
133.0	27.142214417075884	25.583085883907547	24.29143526733132	22.981363696565836	0.001900735119417728
134.0	26.8600868512343	23.073812225657917	21.09323121694448	28.972849485630075	2.022053322354932E-5
135.0	26.190243656836152	23.223215511570974	26.633432554426523	23.952562328620182	5.45948546169352E-4
136.0	27.715669035444314	25.730105745728192	24.8013324576459	21.746078413927314	0.006814347254283131
137.0	28.531645738552896	21.96187139578208	24.26780247829255	25.238457959393145	2.2242797933684513E-4
138.0	24.373906872071935	24.75628175757784	27.00293387953503	23.86592716457022	9.503262449779301E-4
139.0	26.188900488329015	24.318465493148413	24.31498768309305	25.176230947616297	0.0014153878132278507
140.0	26.328230224078347	21.893371956630883	25.77862469004945	25.999469826087996	3.033031533215638E-4
141.0	25.37916548207995	25.8113795545253	25.02140344307291	23.787586447869625	4.650724522218938E-4
142.0	28.245726525538934	22.727906000041653	23.76550642823331	25.26047685457883	3.8419160727367724E-4
143.0	26.282987518473984	25.85227002737253	23.851246464187724	24.013334225732685	1.6176423307880404E-4
144.0	27.888292990377263	25.25744251358768	22.949291200255264	23.904386900909174	5.863948706220821E-4
145.0	28.070564237283612	22.397517100366635	23.233386742069772	26.297480461056782	0.0010514592231981022
146.0	27.279822788572655	21.754926948815136	25.379652836262423	25.58042100857243	0.005176417777355396
147.0	26.583585631720585	24.98207978796219	26.113605955111414	22.316987875725427	0.003740749480389677
148.0	25.013638755174945	24.337726717765324	24.26800629101484	26.380284486841077	3.437492038161823E-4
149.0	28.01834359274458	24.55535249277204	24.040851882303034	23.383086186738407	0.002365845441945995
150.0	25.348435560982015	24.439576092057962	24.813768333246045	25.398220013713978	0.0
151.0	26.256793114221384	24.242260020443798	25.578447262179075	23.921953626347626	5.459768081184728E-4
152.0	26.90387735722386	24.74555247649045	23.189141684987373	25.161246487520078	1.8199377823936792E-4
153.0	25.23623079032364	23.42106348747989	24.645451596751897	26.696425032617725	8.290928268506364E-4
154.0	22.90186337011433	25.42782529707029	24.955137644622198	26.712039288786578	0.0031343994066076377
155.0	27.28450224013929	23.78155330479949	24.047114209186844	24.886587576756746	2.4266911762475468E-4
156.0	25.725583316042854	23.20283167486296	26.124194577139605	24.947188204132	2.0222782258472234E-4
157.0	25.523958211152593	22.81468029428538	26.432376245232426	25.228722350076644	2.628992529616612E-4
158.0	25.20041482430637	21.064022727971356	26.006826642592618	27.728614464166395	1.2134096325310269E-4
159.0	26.113387548519935	22.128447966748485	24.46693040128285	27.290688035089474	5.460483592561365E-4
160.0	26.567396486598486	21.320552130799285	26.02303989865211	26.088971035399965	4.044855015205621E-5
161.0	24.552645618962753	20.945921075357457	28.535403075003934	25.962106690364312	0.0039235403115452806
162.0	25.251242307	23.700608563575578	24.82073767855951	26.227310326973992	1.011238909237263E-4
163.0	24.73747611396692	24.386567837951976	27.174963877684092	23.70095171987528	4.045052173082929E-5
164.0	25.092011573121315	24.221863329163476	24.92233853099026	25.76184490358935	0.001941663135603933
165.0	26.585690557538165	21.858108627428454	26.555998553424974	24.99955502446152	6.47237146881571E-4
166.0	24.08560296330397	24.02593396644499	25.94763974731899	25.94066150870328	1.618142287701249E-4
167.0	26.81447999679596	23.25508246965163	26.086187875701032	23.843683287086463	5.663707649120366E-4
168.0	26.063141814409818	24.153461383015866	24.579810429723103	25.203444775691896	1.415971593182461E-4
169.0	26.910526493590194	22.85745900477016	25.584911400783383	24.646880583787688	2.2251706857632163E-4
170.0	31.262434526245436	22.689092289445732	22.92358709898242	23.124764711201394	1.2137412501899E-4
171.0	25.874504139838127	23.4878616668993	26.444007500864785	24.192756851012355	8.698413854348095E-4
172.0	27.440596747495604	24.39068881381571	24.167869107072978	24.000683545660547	1.617859551590002E-4
173.0	27.967734382298193	20.69707176558272	23.601608225860133	27.7317051569747	0.0018804692842529502
174.0	24.75279557060133	25.75831533381242	23.93330343411043	25.555059931226392	5.257302494266507E-4
175.0	25.89953458124445	24.306259938882448	22.93004320936726	26.862423218847116	0.0017390516587317377
176.0	24.18148943351439	24.433727737537886	28.60792484904226	22.77530082850566	0.001557151399808329
177.0	22.409788607086504	26.171244399266897	24.2980906642246	27.094017889177387	0.02685844024462214
178.0	24.75994766870301	23.326277223609917	24.134382790615554	27.779048511209385	3.438058621326359E-4
179.0	27.81403630904984	23.92677432918908	23.42769225915134	24.830263352963435	0.0012337496463082469
180.0	26.002436121772014	22.11948678385686	26.202018825388556	25.675774338706102	2.83930276458854E-4
181.0	27.175881817347435	22.509907170281494	26.557836025468273	23.755481534366652	8.934525361462467E-4
182.0	25.786941804055992	23.31369033235389	25.320586365916213	25.57870027230804	8.122536586950739E-5
183.0	24.25772813188652	23.639774059209547	26.28691864880649	25.815030878412244	5.482816851985876E-4
184.0	26.08639850797007	22.241545901568102	27.002386939214485	24.665769618329353	0.0038990329179915597
185.0	24.880038938230637	24.83284846680717	24.123265410054533	26.16319740216861	6.497827390494857E-4
186.0	27.829374954943432	22.934611873815204	25.254301823686916	23.981691040367643	2.0307186814949744E-5
187.0	24.76935575006824	22.77000499954642	27.64480683811029	24.815079836125527	7.525761495193885E-4
188.0	27.366035252039715	28.047635978429604	22.595277652120426	21.990542611944427	5.08505465823551E-4
189.0	25.380205649827374	23.806252810848008	24.982684871164253	25.829697241031273	0.0011594271290895995
190.0	28.390649458437125	21.975216976056096	25.043995309065647	24.589914491142455	2.2376529868090356E-4
191.0	27.068453475420718	23.7626521873684	24.687873153067404	24.480695208421746	3.259757217357148E-4
192.0	27.259947235486244	23.21828083198339	24.51746793085807	25.004222505782643	8.14958896529355E-5
193.0	27.633694334355546	24.357156683952606	21.88361028190682	26.125192301814515	3.463979705154198E-4
194.0	27.430123381921533	23.819794089046585	24.084661337532737	24.665421191499142	0.0
195.0	25.889537018883722	22.108777960880953	24.487187691444834	27.513885928124555	6.114006659376054E-4
196.0	28.156655349738795	22.498028111052868	25.85568957323914	23.489524901323904	1.020646452967795E-4
197.0	24.951600466366738	24.400612376847352	24.225143014165553	26.421950022977402	6.941196429530218E-4
198.0	27.372265460600175	23.519625779098583	23.999303877793334	25.108682181766422	1.2270074148058077E-4
199.0	25.714870042816994	23.24023871284252	26.322943507550868	24.721435424700573	5.123120890488577E-4
200.0	27.645788115622626	23.45371055569138	23.889685966137208	25.010712895826387	1.0246672239490142E-4
201.0	25.117683357834263	21.22889113369719	29.103249636687412	24.54986845737607	3.074144050701243E-4
202.0	25.88123798190733	24.83038887073892	28.062663990217874	21.22570915713588	0.0
203.0	25.571063843396978	24.349501712622605	23.28810008678436	26.790555286639535	7.790705565249518E-4
204.0	25.271115204636875	23.76671031301939	24.825951112530905	26.13614135349076	8.20163220682548E-5
205.0	27.22095821447377	24.57942579964666	25.174926551763164	23.02382823200949	8.612021069104497E-4
206.0	25.453630107209356	21.69914937946535	25.760800912140823	27.086337574131946	8.202705252192174E-5
207.0	26.585495311799484	23.312266271905376	26.344101899604134	23.75776735089496	3.691657960506643E-4
208.0	28.31121076619521	22.481880650341733	22.246067055491068	26.96084152797199	0.0
209.0	27.3686117400292	20.461511444029664	25.529693094356315	26.639240002527526	9.437190572985181E-4
210.0	24.786287782567747	24.18777866920004	25.033948141111008	25.99153399635999	4.514107612221741E-4
211.0	24.749533855387934	25.77859234075915	25.91427454352718	23.55667569367552	9.235666502134977E-4
212.0	28.623311594613526	22.59808498878571	24.886686820357035	23.891547029794445	3.6956644927946865E-4
213.0	29.707854034247006	23.241440200030976	22.32889746727948	24.72133582961213	4.7246883040957295E-4
214.0	27.921714749304797	24.47726484651698	24.26931566693682	23.33164307394806	6.1663293341947E-5
215.0	26.069931591034223	25.216215052691442	22.89923751326787	25.814142082441343	4.7376056511808074E-4
216.0	26.197762245616367	24.773161922609347	25.29117949560571	23.737792341634524	1.0399453404729047E-4
217.0	29.058195996828385	23.108667306495594	25.145716880521697	22.686623348613633	7.964675406989673E-4
218.0	23.842026638291767	25.124505243367462	25.214721680281666	25.81838667276998	3.597652891253746E-4
219.0	26.365417099196126	22.92448792992148	24.897782249204383	25.81163006112799	6.826605500281385E-4
220.0	27.393027847739017	21.764766867346776	25.57401180432597	25.267850755003046	3.4272558519322655E-4
221.0	26.131036622974268	22.583246686598653	24.15221079737008	27.133182181719462	3.2371133753640135E-4
222.0	25.400286414224123	25.038882788560592	24.02783230331776	25.532824302488606	1.7419140892325976E-4
223.0	31.136944700915542	23.180080594574402	23.653379897521198	22.028669749018555	9.25057970299472E-4
224.0	29.992197879783767	22.495230197870068	25.05767696396409	22.454674185314264	2.2077306780514923E-4
225.0	30.68683104331936	19.878990653475334	24.67248094022877	24.7605208338883	0.0011765290882387936
226.0	25.64006288950293	22.654917375756714	26.03556420209055	25.669231503357526	2.2402929227802393E-4
227.0	26.97727288150546	23.901205914886976	25.650223606615224	23.469736761741892	0.0015608352504461955
228.0	27.099457294124225	27.954238364274218	22.892657313576372	22.05348795671079	1.5907131439718105E-4
229.0	27.148985778317257	26.24396544447019	21.85502517224348	24.752000728390268	2.2876578798490055E-5
230.0	25.82769691889324	23.33189859569293	26.94292125179784	23.897437149965874	4.6083650120024864E-5
231.0	24.974417648626112	24.981953535077334	24.531736814181837	25.510165514197098	0.001726487917617596
232.0	25.342536159267404	24.83427638048256	24.17844595530168	25.644459881577376	2.8162337098481345E-4
233.0	23.787985305489272	25.251858768264302	22.126569503905987	28.833087997599964	4.984247404749845E-4
234.0	27.497889853355346	21.580472745093083	26.550617631795365	24.369647120868958	0.001372648887251343
235.0	26.086856963567705	21.749465420280266	27.965522835774287	24.197862460640366	2.92319737379948E-4
236.0	28.113127454101665	24.151519414396738	23.915308658428536	23.819772994824636	2.714782484223412E-4
237.0	27.91113777702538	24.670507222202858	21.80893651133495	25.6091944293688	2.240600680146784E-4
238.0	26.80895121830822	22.73164579150494	24.508712563479264	25.950640056334223	5.0370373355281384E-5
239.0	28.16124452265297	23.48346512309167	24.273718839215814	24.080193566101233	0.0013779489383158605
240.0	25.238982678659728	22.005074284342125	26.82682925159572	25.928876816955565	2.3696844686140557E-4
241.0	28.905267288341463	21.901536923126418	23.759362172419557	25.43109108831414	0.0027425277984199875
242.0	27.079808514113285	24.04469801119591	21.39770743379418	27.47670249759374	0.0010835433028831237
243.0	27.713034432952803	23.306862076047995	25.072357567365223	23.90498969727889	0.0027562263550894115
244.0	26.15352713180353	22.66946126163537	26.329136307661756	24.846786702556713	0.0010885963426349025
245.0	28.708724329110215	20.938837084434855	24.20868027262314	26.14176179629079	0.001996517541003812
246.0	24.87157168945096	26.271162937552266	23.69267659959381	25.161655402522488	0.0029333708804806036
247.0	25.51372627423895	23.236518293680362	24.911982277779977	26.196271234643003	0.14150191965770115
248.0	25.938845558664653	22.254776009930794	25.05012626225461	26.74586968429486	0.010382484855085397
249.0	25.66692490188628	21.37344437895325	28.467707394881035	24.47602641786576	0.01589690641367671
250.0	27.176678638218693	22.22554640776762	24.559958696396723	26.03682079557864	9.954620383242122E-4
