# Position (bp)	A	C	G	T	N
0.0	25.074517594557516	22.815286308990068	24.67963031260666	27.430487230577015	7.855326873898044E-5
1.0	23.07247094168444	29.51522874245494	24.0294510854625	23.309151029621038	0.07369820077708135
2.0	24.796788298130803	26.251592687581688	22.384066796399257	26.56681007039464	7.421474936116726E-4
3.0	26.249734124033818	22.07143233481053	23.871700454867433	27.800147134296143	0.006985951992069578
4.0	26.43459890110104	22.955337099791116	23.804486293397677	26.80526576221249	3.119434976742663E-4
5.0	28.816251664810387	23.193008964663182	22.390278286199404	25.59987694033164	5.841439953891567E-4
6.0	26.291633384329522	23.76401649818739	23.805355299805477	26.132461498136838	0.006533319540769859
7.0	26.19304267561094	24.947200367666326	23.024443677610353	25.834808669503605	5.046096087761704E-4
8.0	27.767255403207063	24.223952281354094	23.618212100085213	24.390464017352233	1.1619800139437602E-4
9.0	26.42707741319384	24.81664482256013	22.21522437570317	26.540821415730075	2.3197281278634143E-4
10.0	24.517224848777257	24.630755377827978	23.476715039144665	27.37526610528479	3.862896531157544E-5
11.0	28.175483772247784	21.836498725429784	22.51123148197806	27.476711012534178	7.500781018823584E-5
12.0	28.733097932672745	23.531365342343573	20.323392672219576	27.41214405276411	0.0
13.0	25.408123051499025	22.18708978926889	25.190638112093012	27.214075795222804	7.325191627012963E-5
14.0	26.87410347534453	21.313204308682092	23.59123766972811	28.221382063200867	7.248304440383784E-5
15.0	25.65130727006028	23.12862414338429	24.70201089821457	26.518057688340857	0.0
16.0	26.930044730559683	24.508865782953908	21.513792627208694	27.047155931238393	1.409280393245601E-4
17.0	29.12658753399917	26.17421174206565	19.024523580179718	25.67374530499945	9.318387560021632E-4
18.0	25.92426150704934	25.679458727936666	19.556786058401237	28.839356696522305	1.3701009045063647E-4
19.0	25.02584797370288	24.194827951661395	21.767469788370356	29.011274964508022	5.793217573486965E-4
20.0	23.19357130550955	25.18948990633903	23.31457812284747	28.302326817243152	3.384806079382503E-5
21.0	23.96738978866129	24.238111126455458	23.465999221134343	28.32823105765454	2.688060943717716E-4
22.0	23.123529347167413	26.801979206287562	25.29398081824453	24.78041079611839	9.983218210188674E-5
23.0	25.856607900318135	22.747580858960763	22.981342788971368	28.414004506892894	4.639448568398727E-4
24.0	28.737593540764077	21.010995142444532	24.350269134829986	25.901109360640675	3.282132072994617E-5
25.0	25.353055976474003	24.198929061910068	19.464654680095826	30.983164926158928	1.9535536116973583E-4
26.0	26.874654877861175	24.701628247791625	19.744921340490823	28.678665986543272	1.2954731310775908E-4
27.0	25.794280040222358	24.41657075687603	19.60662073117985	30.1824315659552	9.690576657145136E-5
28.0	27.705826990752108	22.90809906702676	22.97440205826991	26.408443049758574	0.00322883419265079
29.0	28.251092946121453	23.28397399930363	21.806267122083327	26.658444159237	2.2177325458904308E-4
30.0	23.94535941768107	24.098031077248457	24.66736914105186	27.288893955550126	3.4640846849037077E-4
31.0	26.58262206980898	24.34823437077352	22.147070835484286	26.921602570672654	4.701532605598773E-4
32.0	24.81722974126823	22.063892744146475	24.363323614979308	28.75533655622518	2.173433808073375E-4
33.0	23.72665284224664	24.94480686399673	24.58692780553321	26.741520243427864	9.224479554863514E-5
34.0	26.706168765844435	26.24121582815398	22.315149808007238	24.737313174398203	1.5242359614819477E-4
35.0	25.637812603134165	21.986987846889345	25.64379117629031	26.731227204802664	1.8116888351957998E-4
36.0	24.683777607243524	23.68880675894822	25.582310127804163	26.044864183945325	2.4132205876674774E-4
37.0	25.69665678920171	24.6267304284319	21.156390112724925	28.520192515581357	3.015406010850034E-5
38.0	27.86631913355485	24.950935969857955	20.698297968040702	26.484326341068414	1.2058747807568915E-4
39.0	23.90564911145921	27.51264941256752	20.733100785684726	27.848389703482155	2.1098680639217686E-4
40.0	27.22834728247832	25.468048763140988	22.291941159239645	25.01151211303328	1.5068210776543256E-4
41.0	24.827156654649592	23.764513597853558	21.48527757990389	29.91835140715456	0.00470076043840015
42.0	25.24302705777572	25.237543432122962	19.85425005091938	29.665028810125545	1.5064905639457037E-4
43.0	26.288095469063595	25.37867262283851	22.287382078100645	26.04232505201307	0.003524777984176458
44.0	29.558632962851622	24.285308067721704	22.153958856830275	24.001618159045876	4.819535505216846E-4
45.0	26.246170962045877	23.998155616680283	21.320697721415595	28.430970099245535	0.004005600612706307
46.0	26.03134183000198	23.955016361136323	21.839451870313077	28.174189938548622	0.0
47.0	25.355169175281233	23.947289735722997	22.894511721237702	27.80152380757375	0.0015055601843167001
48.0	23.13129437232434	23.313878012095792	22.326734416654904	31.228093198924967	0.0
49.0	22.66059149001743	25.659394833912803	24.186448411360768	27.4921206094519	0.0014446552571004804
50.0	27.795961359053837	23.848686388395677	20.058623491528486	28.29654819585302	1.8056516897890397E-4
51.0	25.244331426659656	26.043244947595557	21.081972125578112	27.62813484952602	0.0023166506406592045
52.0	23.369662147433452	25.388724716304367	21.48751571082592	29.754097425436253	0.0
53.0	23.21471932120753	24.36112891457117	23.455110998661194	28.967571855197814	0.0014689103622932509
54.0	23.30547417227357	27.425386668009565	22.290296414998984	26.97878279386559	5.995085229129159E-5
55.0	24.58825583599478	27.009568047588495	22.509428422620562	25.89146206775309	0.001285626043076246
56.0	27.115641011843906	25.06543743535475	24.525376810814365	23.29354474198698	0.0
57.0	23.39520099667377	27.28367540190965	22.564151308851695	26.752488695356906	0.004483597207974347
58.0	25.76193197304935	24.854929873806324	21.359319634856043	28.023609311266572	2.0920702170492962E-4
59.0	28.582566759326937	21.49934524190189	24.22799208911165	25.687466119032692	0.002629790626828526
60.0	24.705988712162533	22.4479736672821	23.044917429791152	29.80109035401895	2.983674526461016E-5
61.0	26.241354167661125	22.88866268246346	22.586297220922795	28.278077176434646	0.005608752517971875
62.0	25.645274026484273	21.546533623817645	24.588444925469176	28.219508768077826	2.3865615107888986E-4
63.0	27.325096472576014	23.049040524448074	21.921498648071385	27.702097219537457	0.0022671353670730802
64.0	26.0107134870289	20.928015837069715	23.573780811548577	29.48746008646902	2.9777883787044056E-5
65.0	24.983884102504554	25.37730554104008	23.286511626522078	26.347594227754477	0.00470450217880979
66.0	24.97673924221587	23.03974708968842	23.549057198687215	28.434128957938892	3.275114696005343E-4
67.0	27.42464331681053	24.24138671242914	20.989325629772363	27.344197751990073	4.465889978929931E-4
68.0	24.207783639982686	21.745677426038867	26.664352481725185	27.382067368980117	1.1908327314666236E-4
69.0	23.448248556489514	24.295897917701147	24.722907907067576	27.530445002518476	0.002500616223283595
70.0	26.87168235102142	22.35722758904801	24.155828406491157	26.61514276126481	1.1889217460623655E-4
71.0	24.856373391817893	22.286069449625565	26.053810382630655	26.803035092515877	7.116834100073363E-4
72.0	28.605597463428868	24.70283822480344	21.561447629258332	25.12818946720502	0.0019272153043428757
73.0	26.09849379829817	21.78835623403031	22.606188153814184	29.502752145078233	0.004209668779110082
74.0	25.12205091177685	24.609660865784157	23.670392735543956	26.59700628105366	8.892058413710132E-4
75.0	26.3541999782459	24.135845151133182	22.144989577890488	27.362653549400324	0.0023117433301018324
76.0	27.152123969548175	23.259493670886076	25.188990257977483	24.398503014597622	8.890869906420632E-4
77.0	24.92928533814277	23.90871237231725	23.866305800869288	27.294866730459265	8.297582114206143E-4
78.0	28.094533967866393	25.44223714389005	19.99084352201407	26.471614918243613	7.704479858711694E-4
79.0	27.987007099158873	20.2074158623146	22.410768628106364	29.392200822219973	0.002607588200189287
80.0	24.6552779065857	22.465358900018224	27.753561888789957	25.123045720474142	0.002755584131983591
81.0	25.363286070466163	24.33090031539853	21.526505179854198	28.778834373550964	4.740607301424108E-4
82.0	23.382294514287643	22.0546038096632	23.25860030296934	31.303375533551648	0.0011258395281665793
83.0	26.118521274849694	21.317185490049457	23.655845806445114	28.907469765011136	9.776636445997119E-4
84.0	23.90899137099507	24.925642672455677	25.03356448291144	26.13026100310701	0.0015404705307987456
85.0	25.567242467698392	26.620960429366892	21.123207478254532	26.68784905092511	7.405737550733004E-4
86.0	26.237411721354352	24.42331924745509	22.079421604178727	27.257566592949317	0.0022808340625090715
87.0	22.613282783031092	21.752338074892442	25.09739572148956	30.53621331832621	7.701022606944249E-4
88.0	24.87646444865411	26.08753342360817	25.82414295175035	23.2110594972805	7.99678706866219E-4
89.0	26.55519581292752	26.005008754658686	22.494971106072345	24.943787746321032	0.0010365800204235882
90.0	24.360530304511073	24.83692301131366	25.054003611889502	25.748424610839344	1.1846144642610702E-4
91.0	27.19886732464973	24.892057057839647	23.510268942283545	24.398332851612658	4.7382361442129553E-4
92.0	26.09933958783316	23.58801438681047	22.473350465000998	27.83929556035537	0.0
93.0	26.985581695042132	25.68603320722893	21.076036926400672	26.25211128140864	2.3688991962325027E-4
94.0	28.624972314441617	22.79297242814487	22.75815080604949	25.818900323698955	0.00500412766506811
95.0	24.11868912900646	26.02543372317812	23.465569072820013	26.38808738389857	0.002220691096834864
96.0	26.762997069110543	23.683002055086746	23.483947910168343	26.069194335528366	8.58630105999367E-4
97.0	25.94451219385826	24.743970869627134	23.091013467083407	26.220237011430754	2.66458000445873E-4
98.0	28.881065219090384	22.412119898726502	24.06343922524353	24.643316446522334	5.9210417243968235E-5
99.0	22.52393139774519	21.408573446553458	26.446259218672203	29.621176733868175	5.9203160975170784E-5
100.0	22.48676136716819	24.382616468888845	24.544380870064558	28.586241293878405	0.0
101.0	24.407893373745388	21.108647843884768	28.421473244280797	26.061748748716155	2.3678937289294458E-4
102.0	25.098033876150538	23.874327201085478	24.544846946386837	26.482762376776865	2.959960028699772E-5
103.0	25.700322725001833	25.302480696877645	25.032290258345746	23.964580753466986	3.2556630779393905E-4
104.0	26.71689935714034	26.545093256233187	22.193500727623256	24.544210696727752	2.959622754645202E-4
105.0	27.352068330818096	22.944684392609197	20.68789569126233	29.012066335991033	0.003285249319346656
106.0	26.144654942430968	22.906949866713546	24.798945665238058	26.1493607370399	8.878857752707829E-5
107.0	26.762664280044536	23.33281244358261	22.57977160168271	27.324041370484608	7.10304205533625E-4
108.0	23.88766516890443	23.886866125625584	24.758859096412266	27.46652082647118	8.878258653860666E-5
109.0	26.43493906201219	23.902664936502276	25.325138233131266	24.336429183355506	8.285849987645206E-4
110.0	25.24959727103038	23.5326876255384	22.723471671671437	28.4941546597606	8.877199918093036E-5
111.0	25.01404086260905	23.504966233870764	24.387099332371037	27.093124208814405	7.6936233474245E-4
112.0	25.966616235844626	23.192546219951964	23.412279811465854	27.428321014621194	2.3671811636293268E-4
113.0	28.76702519778094	21.230859181630613	22.710077425795717	27.291298467314252	7.397274784791085E-4
114.0	26.64526508499332	21.80611871397582	27.124566615012096	24.42381286468032	2.367213384461197E-4
115.0	27.72831302233667	22.431336086972216	26.218349083208704	23.621350782384205	6.510250982012176E-4
116.0	27.497620046004062	23.744380068221897	24.344746952519586	24.41310497217296	1.479610815008107E-4
117.0	26.269209519629953	25.85189786251324	24.17776849234845	23.70026594666448	8.58178843879217E-4
118.0	27.355437003297734	24.081966378716462	24.4843588353523	24.077912270277054	3.255123564490508E-4
119.0	27.434581560501957	20.63285715215761	24.701871364203733	27.23000929793214	6.806252045574664E-4
120.0	25.740273406382165	23.27555594485472	24.623678569357132	26.360373711416475	1.1836798950786142E-4
121.0	27.91258760090269	22.966720978585165	24.058029513092567	25.06198128221503	6.806252045574664E-4
122.0	27.07129168535921	23.720157526357966	24.342308516342708	24.865798385674427	4.43886265685461E-4
123.0	24.90583714975977	27.820920132621062	22.42907602037374	24.843515665597003	6.510316484239707E-4
124.0	25.201920874596883	24.579631130052608	22.50928744288008	27.708953408611386	2.0714385904274681E-4
125.0	26.93001275400745	23.577780210870202	23.780305563528863	25.710924946661024	9.765249324570255E-4
126.0	24.374362288682295	23.45440082952778	24.399545227492787	27.771514101262046	1.7755303509158185E-4
127.0	26.397317297565547	22.662171427692122	27.588695695146804	23.35092781625903	8.877633364987029E-4
128.0	26.43552750999256	23.77861681674377	23.846116742023334	25.930151041810007	0.009587889430328447
129.0	25.033661036469923	25.56264977311722	21.71815991463265	27.68257006378286	0.002959211997355648
130.0	26.428038551943594	23.618495676385738	23.618436491357656	26.335029280313016	0.0
131.0	26.59544119918727	23.825957572482658	23.962379506288727	25.615422721561355	7.990004799921402E-4
132.0	27.377674268575802	24.597988574201842	21.952003361747398	26.065704997787936	0.0066287976870230934
133.0	27.459300073420113	25.196711749556034	23.98079654164927	23.361208907596893	0.001982727777690643
134.0	27.54063945966357	22.05127916790462	20.508116054909582	29.899906132406574	5.91851156536345E-5
135.0	26.680188288685247	23.090517237552742	26.24024237122771	23.988489852421182	5.622501131158451E-4
136.0	28.2434459921343	25.69884263574838	24.518751313168977	21.53224255229742	0.006717506650923435
137.0	29.198883059819508	20.9443151580004	23.792477107224364	26.06420630486454	1.1837009119231824E-4
138.0	25.205272153531855	23.8159196736951	26.68171068610671	24.295795486557438	0.0013020001088945546
139.0	26.336822519067027	23.123406149149815	24.993741481460876	25.54484620615412	0.0011836441681555925
140.0	27.45740172257367	20.97523141942177	25.764774534364772	25.802178044258056	4.142793817294507E-4
141.0	26.54647046081624	24.751369215235783	24.6979263210101	24.003760533221595	4.734697162851092E-4
142.0	29.192317935667152	22.348267392655284	23.234101737046135	25.225046607285535	2.6632734590003844E-4
143.0	27.565562998567454	24.77895615876273	23.858797084727726	23.796506206745942	1.7755119614761252E-4
144.0	28.528541058547525	24.647586817515727	22.729363010731305	24.093769308892565	7.39804312881591E-4
145.0	28.00814140091162	21.834324622085653	22.663319988245988	27.4934149998624	7.989888943502904E-4
146.0	27.867963718608816	21.352855202022457	24.549271688151197	26.22487869360477	0.005030697612756429
147.0	26.95564608006704	24.252023633170953	25.93594328796521	22.852924761741868	0.003462237054932386
148.0	24.955759963921437	24.137659604437854	23.304881614255294	27.601314121419517	3.8469596590054954E-4
149.0	28.841138493015734	23.83228886740476	23.88099805903045	23.443355145936703	0.0022194346123491117
150.0	26.188592096393016	23.437854192424997	24.98539580476366	25.38809872021676	5.918620156571177E-5
151.0	27.066808953158507	23.488901476074382	25.19918037298711	24.244546917550185	5.62280229812808E-4
152.0	28.033167823695244	23.373792340942355	23.263140200612124	25.329722070470527	1.7756427974897145E-4
153.0	25.212389388387813	22.839180089806227	24.532879478362723	27.414781597092443	7.69446350797102E-4
154.0	23.341445174342436	24.045438147434265	24.615841735939895	27.99496657453912	0.0023083677442896754
155.0	28.001698880780896	22.901327287606605	23.77950658464289	25.31711208025584	3.5516671377558494E-4
156.0	26.40699521170265	22.95067799188671	25.61076097167689	25.03138823922189	1.7758551186360013E-4
157.0	25.872902227314338	21.77092992660071	26.209575856342326	26.146325610607573	2.663791350551094E-4
158.0	25.346395219534344	20.6097053113687	25.83251617616024	28.211324096522123	5.919641459156102E-5
159.0	27.420302003490306	21.11046782836427	23.723517864711717	27.745268319942788	4.4398349091787374E-4
160.0	27.07628554725945	20.085187624410782	25.851158454013333	26.987309175133383	5.9199183051273893E-5
161.0	24.826131124482302	20.042013871622373	28.480603882065164	26.647403155569133	0.0038479662610318233
162.0	25.91755339617302	23.251829601116764	24.26067065048669	26.569916751817168	2.960040635437843E-5
163.0	25.70394309963484	23.238854604269186	27.00994240815379	24.047111882580836	1.480053613462094E-4
164.0	25.809435652910867	22.862292703157046	25.088427609247212	26.238008730718576	0.001835303966299083
165.0	27.43015540952374	21.340531842241823	25.628229064384282	25.600462033914262	6.216499358960507E-4
166.0	25.375591843936153	22.92621496375668	25.028522777665614	26.669433588257203	2.368263843538281E-4
167.0	27.191647157596577	22.807583137058472	26.231943008647935	23.768382635921082	4.4406077593403743E-4
168.0	26.265932493271443	23.242959031810067	23.875063022405037	26.615838215010097	2.0723750335650742E-4
169.0	27.210012674533896	21.821633395398383	25.226200905425355	25.74179774688769	3.5527775466827566E-4
170.0	31.518401865500845	22.552818058597712	22.76690891412621	23.161663910220994	2.0725155423861994E-4
171.0	26.16277899234703	22.93531451553688	26.1373756777178	24.763731409392477	7.994050058149312E-4
172.0	27.53318126302815	24.0811103460892	24.241399867742643	24.14413091702183	1.776061181755589E-4
173.0	29.39609370305501	19.458962806320006	22.62494416552284	28.5186376890787	0.0013616360234426363
174.0	25.26222438503997	24.539170336402027	23.966102567882334	26.23214750338113	3.5520729453700065E-4
175.0	25.229813502797665	24.365796433221025	22.66585439352739	27.736996377332844	0.0015392931210766526
176.0	24.95226473842853	23.739211830884848	27.370318465982596	23.936606388502565	0.0015985762014632302
177.0	23.230878818507538	25.99610858769326	23.600509696852352	27.14772267706903	0.024780219877821967
178.0	25.802301344103608	22.57462316519037	23.52869604809323	28.09411300796136	2.664346514250257E-4
179.0	28.837537178523824	23.323569067231325	22.50562673975951	25.332230782485425	0.0010362319999099958
180.0	26.859691619432706	21.585245021628065	25.433874383629078	26.121010929910348	1.780453997964941E-4
181.0	28.492602428879337	21.68300946393426	25.71692712024727	24.10671806497952	7.42921959614168E-4
182.0	26.4495044139893	22.191837714445967	25.293899556640355	26.064698899265505	5.9415658878066E-5
183.0	24.649282525462844	24.096510795533867	25.536984616846915	25.716746815102166	4.7524705421083746E-4
184.0	26.914344709763803	21.52775715180151	25.64276812350082	25.9114173392055	0.0037126757283675754
185.0	25.236599430563594	23.319985899217418	24.045962373956435	27.396709837196546	7.42459066004314E-4
186.0	27.755179755763137	22.265672340496316	25.58062097661476	24.39849722328496	2.9703840825434093E-5
187.0	24.868611414128612	22.191801447461525	27.644896421576593	25.2941253486685	5.653681647732784E-4
188.0	28.25349979843898	27.489858728782167	21.722030247540733	22.53437321960631	2.3800563180826267E-4
189.0	25.652893329073233	22.596240519637227	24.42873878971459	27.321086135570006	0.0010412260049467161
190.0	29.115679286814817	20.833701486685047	25.011728845164665	25.03868213297491	2.0824836056478147E-4
191.0	27.30890450492006	23.0614969875919	24.175100187636716	25.454110948514476	3.8737133684530145E-4
192.0	27.787247839733176	22.330614697085828	24.10644998635119	25.775627875041273	5.9601788530470216E-5
193.0	28.03758456631737	23.69323263810549	21.757286510191474	26.511538632340713	3.5765304495370925E-4
194.0	28.069861170639875	22.57924909703391	23.903877553088567	25.44701217923765	0.0
195.0	26.806278664554107	20.799037720578262	24.27010002876703	28.123868136716418	7.154493841918478E-4
196.0	29.133589285169915	21.5563210599586	26.125079275133878	23.184890831939107	1.1954779849740372E-4
197.0	25.3458985830466	23.44069513606226	23.80531335854394	27.407255956432337	8.369659148620336E-4
198.0	27.74686386635131	22.47522529265591	24.040358073111584	25.737433010987694	1.1975689350618245E-4
199.0	26.397344576585656	22.305526682475616	25.600177588190387	25.69647118466622	4.7996808212253885E-4
200.0	27.872208613528258	22.757013060846113	24.059917587816077	25.310770735424487	9.000238506320418E-5
201.0	25.801027943983023	20.4838435300164	28.58006499130979	25.134643500373983	4.2003431680368285E-4
202.0	26.0097486036453	24.562370509948884	27.62911498941576	21.79870588711843	6.000987162388212E-5
203.0	26.68542892399275	23.953275255582227	21.7822183387658	27.578297054999968	7.804266592546145E-4
204.0	25.72864176791653	23.075272019255536	24.376275442048176	26.819690693858483	1.2007692127576925E-4
205.0	27.444924980531383	23.89818439016248	25.404878171793357	23.25099174362549	0.0010207138872927726
206.0	26.26525174728172	20.953509305524946	25.329625094802683	27.451433704777696	1.8014761295405453E-4
207.0	26.61211906819641	23.093922087843517	26.346237813275327	23.94718049955887	5.405311258842939E-4
208.0	28.644734411675042	21.92749951569232	21.256106406527117	28.171629631520695	3.0034584824425328E-5
209.0	27.70380441312884	19.99584857325496	25.15722552520655	27.142310428191735	8.110602179168609E-4
210.0	25.201265215818562	23.70269711612994	24.708872974879554	26.386864252485548	3.0044068639880977E-4
211.0	25.269258277588456	25.086186689745947	25.134779394529488	24.508844052577487	9.315855586207725E-4
212.0	29.225707573971114	21.814917540643453	23.8346592046696	25.12444511517975	2.7056553608352177E-4
213.0	29.99245613549599	22.47608402445319	22.3187697845968	25.21232910499928	3.6095045473741457E-4
214.0	28.185284955379313	23.73865671417177	24.694156420713632	23.381781516651866	1.2039308341735768E-4
215.0	26.14911115374452	24.30424085784855	22.64171888253812	26.90450679379467	4.2231207414352096E-4
216.0	26.60253950152962	23.803775869862122	25.910737325336168	23.682825469577516	1.2183369457023775E-4
217.0	29.926265328120827	22.30349448909335	25.192781925331744	22.5768133477875	6.449096665817024E-4
218.0	24.465043451417753	24.026949518003693	25.13639489759264	26.37111623606801	4.958969179076745E-4
219.0	27.079157415382227	22.10494108533874	24.090078754149584	26.725165756633317	6.569884961314328E-4
220.0	28.11787451449716	21.25799617094726	24.5915336785449	26.032218698907357	3.769371033325952E-4
221.0	26.431170358381355	22.24853717056702	23.49833564625291	27.82164070822757	3.161165711467761E-4
222.0	26.09322963851425	24.21769532097332	23.954428296180986	25.734423447448673	2.2329688277551642E-4
223.0	31.20763676691121	22.180954557188894	23.41907045264906	23.19159695228052	7.412709703140314E-4
224.0	30.588964365659105	21.897245614851347	24.36794666997524	23.14561717768576	2.261718285539995E-4
225.0	31.144616058230095	19.151955560218443	24.01825715736242	25.684131818702998	0.0010394054860471183
226.0	25.519028275258137	22.320947261667946	25.697284552861532	26.462444620961794	2.9528925058541094E-4
227.0	27.771660856695775	23.02735919929724	25.309511790199764	23.890010692466383	0.0014574613408379342
228.0	27.909931284464225	27.897922033681787	22.677623805062915	21.51422347718708	2.993996039941238E-4
229.0	27.820290334870577	25.200755810232522	21.177296071803983	25.801624274925132	3.350816778343805E-5
230.0	26.094704830476562	22.69667133273333	27.132091337832797	24.076498727666625	3.377129068807316E-5
231.0	25.534545320310194	24.68130311614731	23.909102343946536	25.87337438612226	0.0016748334737003293
232.0	24.769564350855973	25.205591483571236	24.612424144542874	25.412076394950073	3.4362607984495593E-4
233.0	23.34624632229945	25.439178849239724	21.591580606128822	29.622438376694504	5.558456374976246E-4
234.0	27.54259135415362	21.092667846549375	26.52219867554343	24.841483405473223	0.0010587182803591878
235.0	25.954524237227677	21.248042271915295	28.165193292364304	24.63202575087048	2.1444762224050585E-4
236.0	29.332634742564117	23.462663085424072	23.844548115378924	23.359792217491375	3.618391415149264E-4
237.0	27.889323726966488	23.96661436923158	22.57879674996275	25.56508255106304	1.826027761465263E-4
238.0	27.269335136203516	21.997122057636428	24.402032662244462	26.33143625579329	7.388812229962004E-5
239.0	28.110387175997047	22.678391971079844	24.050954489366337	25.15895684500314	0.001309518553633016
240.0	25.390310167712787	21.401911213779478	26.328772844182602	26.878851669037317	1.5410528781474077E-4
241.0	28.956943040757917	21.714756324304307	23.115091151760158	26.21093358226803	0.002275900909588872
242.0	27.624063817887578	23.969354179767837	19.97277404427967	28.43303493263277	7.73025432150205E-4
243.0	27.804346798557834	22.697218802084986	25.250298514054766	24.245540110913176	0.002595774389237532
244.0	26.940020161094676	22.725986502081128	25.852664086429535	24.48032003117711	0.0010092192175523407
245.0	29.390888685288342	20.890077480552087	23.211460775178846	26.505667544499595	0.0019055144811322958
246.0	24.96088752592565	26.36613171398341	22.981071744120275	25.68961057376909	0.0022984422015803934
247.0	25.676989697812935	22.92713430362531	24.775040255131554	26.484124626760675	0.13671111666953273
248.0	25.594638568218798	22.835310570647984	24.13274294036671	27.426899349112098	0.010408571654407247
249.0	25.049498927604997	21.505552317766437	28.638382125834223	24.790868257304158	0.015698371490187536
250.0	28.42144607987787	21.35491790701243	23.767228117389237	26.45542427497315	9.83620747315699E-4
