# Position (bp)	A	C	G	T	N
0.0	24.80250643131311	23.265764161442014	24.608194946733665	27.3234176867825	1.1677372871360893E-4
1.0	22.67605535413654	29.81467122129779	23.671507708643322	23.76104020696095	0.07672550896139974
2.0	24.694866457219703	27.407216273169055	21.42205423072408	26.475630578327003	2.3246056016021182E-4
3.0	26.455519924365344	22.338239752096737	23.326531015202427	27.873785832672265	0.005923475663226018
4.0	27.109014750481375	22.245499356429153	23.768481625442927	26.876772141100442	2.3212654610787618E-4
5.0	29.3618481854308	22.8040738374338	22.010573052977744	25.822925134018494	5.797901391612291E-4
6.0	26.4215537066121	23.22574149023711	23.25849471724012	27.090043597670004	0.00416648824066562
7.0	25.49317129669726	25.343629218789875	22.605450260226313	26.556825412222263	9.238120642927006E-4
8.0	28.053451612642945	23.809320720049886	23.783155111342158	24.353957288966296	1.1526699871246763E-4
9.0	26.945796490711523	24.524879695996617	22.6234783728826	25.905730427021705	1.1501338755831178E-4
10.0	25.145895116377137	23.56451729657125	23.725837826906748	27.56374976014487	0.0
11.0	27.81497077746015	22.474465146068066	22.812995829177016	26.89734508929667	2.231579980942307E-4
12.0	29.904586560047047	24.325818903184324	19.062938198511745	26.706656338256884	0.0
13.0	25.35205631170449	23.30893995898625	24.26149293507887	27.07740263560928	1.0815862110737123E-4
14.0	27.126250806583645	21.705259620951164	23.09370709590293	28.074675467122955	1.0700943930264089E-4
15.0	25.92642949818556	24.177124867065707	23.34131202590282	26.555133608845914	0.0
16.0	26.69922210650329	25.18557014810413	20.841727557141112	27.273273136482313	2.0705176915384154E-4
17.0	29.628844628269334	25.279522162943408	18.827954840441745	26.262568152135955	0.0011102162095603745
18.0	26.395035337492565	24.94941064147907	19.69602350628789	28.95943043687989	1.0007786057552777E-4
19.0	25.57254567130196	23.879239485002458	21.36256615099244	29.185151129766407	4.975629367358678E-4
20.0	23.224885349162122	25.716913070590188	23.42685631743877	27.631246595994917	9.866681400910892E-5
21.0	24.256054449192135	23.63013531086078	23.191199363611368	28.922317339144065	2.935371916514109E-4
22.0	23.148171489626577	26.22209337726128	24.90396418023902	25.725770952873123	0.0
23.0	25.689037791838693	23.15701256706178	22.59312944044702	28.560530881449527	2.8931920298345964E-4
24.0	28.732959545804242	21.346455986423	23.12061043054291	26.799974037229852	0.0
25.0	25.2150591471698	25.16225086108681	18.505194861630955	31.11721172249482	2.8340761761888475E-4
26.0	27.13364722245717	24.888776114353377	19.289802362626517	28.687774300562936	0.0
27.0	26.180099119427574	23.60835180933701	19.723286134051953	30.488075601278002	1.8733590545531523E-4
28.0	28.40968694756064	23.33883132393032	22.50580711766224	25.74373196694545	0.0019426439013469922
29.0	29.081702126881805	22.960873892258583	21.847123687777078	26.109934739556824	3.6555352571806133E-4
30.0	25.067191917908318	23.429805890014933	24.532742728250557	26.97016869460241	9.076922378698278E-5
31.0	26.772046273297256	23.543252232479677	21.855937632428535	27.828402436368794	3.614254257365624E-4
32.0	24.15008478836841	22.596479697672986	23.5816142740928	29.671731941952785	8.929791301847484E-5
33.0	24.97651154712672	24.447259032337612	24.69898100329943	25.87724841723624	0.0
34.0	26.788727360016264	26.018656906016364	22.70481333457152	24.487802399395857	0.0
35.0	26.45971920673127	21.638613930065272	24.886586710875882	27.0149067375124	1.7341481517449E-4
36.0	25.542068274918766	24.172030827575036	24.677738883821412	25.607988766663116	1.7324702166713878E-4
37.0	26.23608222248008	25.745875107592713	20.173741663188487	27.844301006738725	0.0
38.0	27.58435594772849	24.93502423280112	20.52758071972891	26.952952523102976	8.657663850617205E-5
39.0	24.0625505825815	26.028552163138404	21.266280558371108	28.642183903767805	4.3279214118718346E-4
40.0	27.343592459793037	26.2324323061225	22.372667485388924	24.051307748695542	0.0
41.0	24.82219116559002	23.630424153790905	20.693235952042023	30.84852392057771	0.00562480799934233
42.0	25.315133685212427	24.74491650082201	19.88483170372934	30.055118110236222	0.0
43.0	27.329230700017217	24.35823896498054	22.533337140078714	25.774434763198805	0.0047584317247238595
44.0	30.927642420598705	23.490326515253095	21.8052846249335	23.7767464392147	0.0
45.0	26.351760428162702	23.153859726205592	20.97274164588011	29.517140692408557	0.004497507343045643
46.0	25.715494002848743	23.333670616337123	22.006591720653567	28.944243660160563	0.0
47.0	25.74911298070479	22.77808476471397	23.160996920618366	28.309556978937238	0.002248355025635571
48.0	23.580958539144987	22.747280865696982	22.75860518913349	30.91315540602454	0.0
49.0	22.24567572450145	25.340673645668293	23.71494832306018	28.696109167697436	0.002593139072641605
50.0	26.771385405754867	24.534919498981854	19.41903398778224	29.274661107481048	0.0
51.0	24.92369327982357	26.003308064833924	20.7366752738573	28.33338518387932	0.0029381976058874566
52.0	23.31108743200045	25.484916070974062	20.791189070029294	30.412807426996196	0.0
53.0	23.99059651224226	23.84388213974092	23.281204555115558	28.88207950628247	0.002237286618788733
54.0	24.218499267349785	28.18771677282853	21.38899811481313	26.20461376040144	1.720846071179356E-4
55.0	24.568491705951857	28.0834943897491	21.103134983854343	26.242821056747307	0.002057863697398003
56.0	27.405876931650123	25.20213472790792	24.161261975694963	23.230726364746985	0.0
57.0	23.36481125249886	27.418707759409944	22.0764625402475	27.134103479373046	0.005914968470646326
58.0	26.084485795466723	24.67590350602766	21.104306572784036	28.135132702782624	1.71422938960577E-4
59.0	28.292420375287332	21.710407906848385	23.949978830736743	26.043678960837717	0.003513926289825212
60.0	24.230305105053702	21.975009628139844	23.619153579528433	30.175446103812742	8.558346527450897E-5
61.0	25.448273442307016	23.177489155261398	22.53514859153182	28.831643616516008	0.007445194383756125
62.0	25.707645255751782	21.59235799601915	24.217136148225986	28.48268945416458	1.7114583850336387E-4
63.0	28.18325107303482	22.718731388750076	21.733404754896256	27.36127559367748	0.003337189641363353
64.0	25.913255079145642	21.066940994929826	23.68388224618797	29.335921679736565	0.0
65.0	24.057266716391005	26.192508370690664	23.230834557218444	26.51340976527891	0.005980590420973759
66.0	25.69017395954898	23.574415080025492	22.06079101103629	28.674363649100986	2.5630028825239086E-4
67.0	27.327736002829422	24.996540111639064	20.201903707462595	27.472965884646467	8.542934224532231E-4
68.0	23.941353052029818	22.310477209084585	26.07325486631619	27.674829446146326	8.542642307606881E-5
69.0	23.915984992926994	23.566947536748877	24.82642092242929	27.68705879137025	0.0035877565245915084
70.0	25.489883525865714	22.647843046330518	23.936781413237682	27.924980564913188	5.114496528961689E-4
71.0	25.02844459841322	22.422240109770676	25.66933960982502	26.878871861754156	0.0011038202369307683
72.0	27.654673791416002	25.193527956490808	21.65832106538435	25.492543294398512	9.338923103307168E-4
73.0	25.8848327364131	22.04872532982001	22.958239918641144	29.103872610232166	0.004329404893585774
74.0	25.760946604929103	25.45290954541403	22.276452438449883	26.50858794419852	0.001103467008458499
75.0	26.37476987792178	23.76845963134634	21.2229211350737	28.630539162555095	0.003310193103085355
76.0	27.411372588627415	22.860435963093447	24.57522752561281	25.152200057883977	7.63864782353705E-4
77.0	23.944994772076097	24.321812663796965	24.416102005621713	27.316411607348968	6.789511562538191E-4
78.0	27.846660692099313	26.012706139546882	19.832678167708824	26.307700402604368	2.5459804061347946E-4
79.0	27.86941589504798	20.30657681350547	21.575451451033505	30.244736996198977	0.0038188442140691314
80.0	24.10910451776275	22.595517794148474	28.46902518938928	24.824485549388022	0.00186694931147758
81.0	26.653004421136593	24.102068005736445	20.74904746145295	28.495286100998783	5.940106752204203E-4
82.0	22.647867197636263	21.879160574743757	23.692693850431873	31.77917525475764	0.0011031224304672233
83.0	25.724397576304735	22.01469456467416	23.579608852036984	28.680450493029035	8.485139550847622E-4
84.0	25.10465611536184	24.888810831632195	23.959420407900073	26.04651873119626	5.939139096334534E-4
85.0	25.41211844576835	26.658018471729903	20.47993239815181	27.44925195093436	6.787334155731988E-4
86.0	27.20124065416002	24.599548837607838	21.106730701524434	27.091292090744894	0.0011877159628177034
87.0	22.748353612551142	21.029816091544486	25.05147214141923	31.16925533151283	0.0011028229723115085
88.0	25.87932600911583	25.988247659329726	25.330476260763863	22.80169558095364	2.5448983694836147E-4
89.0	26.66694376606929	25.900877019609307	22.3233258035812	25.108089973610525	7.634371296799757E-4
90.0	23.60196077932411	25.352377898736044	23.88823998934617	27.157421332593675	0.0
91.0	27.860948868581005	24.213842346063743	23.45614192823857	24.468642755237234	4.2410187944988897E-4
92.0	25.96715588486748	23.616228338015173	22.310572134239845	28.1060436428775	0.0
93.0	26.55905187255848	24.981638257559695	21.06223316105241	27.396907085342665	1.6962348674646885E-4
94.0	28.868138951082162	22.702015062080193	22.159407015401317	26.267046611031958	0.0033923604043693606
95.0	24.779332195788825	26.408304979527593	22.612513441908906	26.19713555889507	0.0027138238796147727
96.0	26.43777391823498	23.623539668109473	23.333847813403167	26.603396925331413	0.0014416749209622925
97.0	26.454159144045093	24.24040955851363	23.20396261599819	26.101299077950614	1.6960349247511705E-4
98.0	28.71452279131612	22.50257156497855	23.888206247567297	24.89469939613803	0.0
99.0	22.250129525880162	21.115219948087894	26.767127306769012	29.867523219262935	0.0
100.0	22.984544863310184	23.832300701488705	24.691842703050582	28.491311732150532	0.0
101.0	24.332385978240225	21.011188512358576	28.528841197058902	26.12749952519196	8.4787150337792E-5
102.0	25.96175289210578	24.293942921876894	23.68741260935225	26.056891576665077	0.0
103.0	26.68173088744653	24.948045396156505	24.084806193005736	24.28533273415607	8.478923515870425E-5
104.0	26.86456687038331	25.881877132411297	22.43356033833694	24.819741295692104	2.5436317635168593E-4
105.0	28.596090774349562	22.736661454818023	19.728175525113535	28.936019753019426	0.0030524926994549605
106.0	27.444113946160815	21.79954619608535	23.755685267652733	27.00056979863723	8.479146387374891E-5
107.0	26.37108638049814	24.449051404345525	21.62781134075252	27.55137254901961	6.783253842077372E-4
108.0	23.944180241623346	24.377776213945783	23.67803676154511	27.999837210741717	1.6957214404475347E-4
109.0	27.06093812925242	24.32667076453507	24.479365819538355	24.13226223531656	7.630513575955404E-4
110.0	26.240981424489828	23.909335232427026	21.945214538240457	27.904384023874318	8.47809683682207E-5
111.0	25.120388770949344	23.30090749394665	23.579412502797766	27.99852820488473	7.630274215099126E-4
112.0	25.803008478779315	22.87795254562611	23.3493255381579	27.969628658121476	8.477931520355938E-5
113.0	30.13378570041871	20.675532586792002	21.851975248670495	27.3379434761562	7.629879625932435E-4
114.0	27.33656012161075	21.132241515691806	27.61515250940864	23.915876290058254	1.6956323055258114E-4
115.0	27.529543631649545	22.89268993303613	25.596086963157155	23.980831613593548	8.478585636258501E-4
116.0	27.57817554087614	23.621345583328882	23.756834875181127	25.043474427032063	1.6957358179254538E-4
117.0	27.242335345587737	25.47802346876484	23.058315810893305	24.220647086753036	6.782880010852608E-4
118.0	27.691579846980304	23.072246866351946	24.63406858755223	24.60185034456563	2.543545498941885E-4
119.0	28.08445371062005	20.64515417923267	24.273319773214215	26.996394048356887	6.782885761790139E-4
120.0	26.474964707677827	22.73580146426043	24.373365213004533	26.415783828697638	8.47863595704723E-5
121.0	28.767795778105054	22.123190746661713	23.572882672289754	25.53528293072121	8.478722222646158E-4
122.0	27.819229484372798	22.08496054833825	24.005144910455837	26.090495481669773	1.695751633432761E-4
123.0	25.537041810239575	26.563135903627533	22.378296524405133	25.520847464525055	6.78297202702336E-4
124.0	25.705167554661717	24.539356099016818	21.810085498492498	27.94530606154128	8.478628768326555E-5
125.0	27.465696282379113	23.23580880806875	23.74086873359424	25.556863117483875	7.630584740187068E-4
126.0	25.030946470237126	24.319601579033044	23.896355608009117	26.75292677302078	1.6956969992945898E-4
127.0	27.26378637039599	21.591708762130533	26.836388115937602	24.30692976967465	0.001186981861221472
128.0	26.61140922583342	22.28362565910014	24.95987533161671	26.136950389546303	0.008139393903424396
129.0	25.39308276082509	26.181664644553138	21.26856465549036	27.153635692296213	0.0030522468352015626
130.0	27.11059372941295	22.803391092235913	23.639378927171556	26.446551465395107	8.478578447623158E-5
131.0	26.056378629433617	23.582606867245353	24.345163100892446	26.015088337484972	7.630649436095006E-4
132.0	27.12519405116083	25.223641048380742	21.46818408810156	26.178317649562466	0.004663162794404543
133.0	28.27636668243657	24.613425443125763	24.203577563329723	22.904595485060135	0.002034826047808238
134.0	27.982229306383378	22.35605822954378	20.273088760205855	29.38862370386699	0.0
135.0	27.831770360403667	22.533601586457795	25.895752630601717	23.73828194217297	5.934803638543328E-4
136.0	28.050741907942538	26.036937273783998	23.362236415170006	22.54499732504479	0.005087078058669272
137.0	29.998770639479428	20.389325759342082	23.431865872528032	26.180037728650458	0.0
138.0	25.472658664186625	23.512166917750907	26.903033442386125	24.110784527332857	0.0013564483434798495
139.0	26.559890397765905	23.415354147132184	24.16776738010984	25.85614028543379	8.477895582846844E-4
140.0	27.098190820150226	20.62515896027265	25.503331807314716	26.773233633450328	8.477881207928515E-5
141.0	26.82769057298003	24.635470757544287	24.448702242832983	24.088051647471246	8.477917145315739E-5
142.0	29.495895423373746	22.062639832408816	22.899324056812123	25.541971129349903	1.6955805540648576E-4
143.0	27.698307398191673	24.39584755138634	23.64937327528835	24.256302218228214	1.6955690541691924E-4
144.0	29.354703336484295	23.420415672277635	22.580508420691203	24.643948674689604	4.23895857265787E-4
145.0	29.003985482365447	21.591123929765306	22.18381712731586	27.22014088650489	9.325740484989373E-4
146.0	27.3950025815389	22.165372788630037	24.17236032348505	26.264042681443183	0.0032216249028213808
147.0	27.986676240963693	23.099630620907856	26.211927121174483	22.698713997831373	0.003052019122595369
148.0	25.027723235632244	23.513712404070823	22.89311887248668	28.564936804587642	5.086832226099519E-4
149.0	29.110424376534027	23.895650257101554	23.832657196512066	23.15923340073506	0.0020347691172917224
150.0	26.001475251386232	23.935868956980315	23.559934207179555	26.5027215844539	0.0
151.0	27.696965791602295	23.30293415905133	24.492843080231097	24.506663456043572	5.935130717014663E-4
152.0	27.815141725807408	22.45830471684515	23.56302834516148	26.16335563299672	1.6957918924189624E-4
153.0	25.444174810790095	22.709258609199086	24.477309225710503	27.368494240184233	7.631141160849193E-4
154.0	23.386093632218856	23.563817293970708	24.51314654825206	28.533805228094245	0.003137297464130939
155.0	28.796968445616113	23.196071664480396	23.444263644835324	24.562526657107558	1.6958796061150024E-4
156.0	27.57984138142146	22.225510405687405	25.883675751945844	24.310972460945283	0.0
157.0	25.151765173761476	22.73844664030615	26.160847765051653	25.948601233455072	3.3918742564375653E-4
158.0	25.242972022071637	21.331421385269124	25.34744511558608	28.078076677484265	8.479958889159305E-5
159.0	26.713211636864433	20.780381574908116	23.742598908768354	28.763553473573168	2.54405885934577E-4
160.0	26.649705943461427	20.611858089628942	24.73390745381383	28.00444370947977	8.480361602618736E-5
161.0	25.330589060391812	19.25290646150767	29.23549610196212	26.17787061041416	0.003137765724234491
162.0	26.492622752012863	22.078910009277745	24.878431026674786	26.550036212034605	0.0
163.0	25.660560098989666	23.019252607680517	26.900390378191062	24.419796915138754	0.0
164.0	26.211551819331397	22.619280850352858	24.43212417743559	26.735262113821967	0.001781039058186546
165.0	28.31066261596161	21.468991242131406	25.246171931056594	24.973580514548104	5.936963022898018E-4
166.0	24.34949661156394	22.483863580461573	25.440327054053824	27.726227936997986	8.48169226724116E-5
167.0	27.03604308138065	22.71636960146839	26.559528676531706	23.687804182944888	2.5445767435863944E-4
168.0	25.941401299818313	24.394495366152814	23.183825388020026	26.480193123618456	8.482239039674825E-5
169.0	26.986792884953047	21.357185875088007	24.910892264888755	26.744959326835804	1.6964823438600062E-4
170.0	32.09608246303346	21.568507698676058	22.909329343186553	23.425910846006122	1.6964909780609787E-4
171.0	26.47139653318043	22.82246545225065	25.75677638029837	24.9486830632055	6.785710650512152E-4
172.0	28.377238100003304	24.44815511783178	23.6368292908383	23.537692686703735	8.480462286960187E-5
173.0	30.29367642930981	19.272181767146673	21.992956378903735	28.439743797398798	0.0014416272409883458
174.0	25.787562996135645	24.730101361980054	23.162395409242738	26.319601030834296	3.392018072672291E-4
175.0	25.610402519211707	23.82861829244194	22.146147185266038	28.413050982148235	0.0017810209320845835
176.0	25.079769233248463	22.983971515471243	28.37638864622154	23.55868318425548	0.0011874208032732103
177.0	22.700383573356493	24.919035654848447	24.128562388774753	28.224365814639572	0.02765256838073006
178.0	25.574688513354758	21.81012992146355	24.64572078548327	27.96937595795556	8.482174286627938E-5
179.0	29.008934570305872	23.562935615443607	22.436188912038766	24.990838078303888	0.0011028239078650008
180.0	28.261363800856433	20.816001920966205	25.248188663404314	25.67427531635061	1.7029842244056372E-4
181.0	29.126400808189747	21.85986030740562	25.475553795983284	23.537417171643053	7.679167782990132E-4
182.0	27.428730862857627	21.48342876840549	24.37642971294393	26.711325331633677	8.532415927972758E-5
183.0	24.160701593312407	23.89012944970012	26.127319936414267	25.821251731072962	5.972895002478752E-4
184.0	26.447792269851224	21.350536092942686	26.034448184793135	26.164151531054138	0.003071921358813214
185.0	25.54045072186657	23.71456045104609	23.760719639668235	26.983842577542745	4.2660987635992565E-4
186.0	27.22217386926612	22.250494480083418	24.54532577661958	25.98200587403088	0.0
187.0	24.51175171223366	22.532183156662438	26.263763026007155	26.69153304194385	7.690631529025725E-4
188.0	29.359757374185712	26.885644041131535	21.299746965681845	22.454509796213802	3.418227871033681E-4
189.0	25.956711466179872	23.036453232282312	24.514529502556186	26.491622097902578	6.83701079051228E-4
190.0	29.4502616682322	20.570721363290208	24.52100140770073	25.457930090180025	8.547059683263062E-5
191.0	27.085189512108492	23.87155028907176	23.625400656456076	25.417602779881804	2.5676248186614974E-4
192.0	28.14401292836331	22.05816393959003	24.006063594126086	25.791673942294853	8.559562572114315E-5
193.0	29.0349866358003	23.960614564837343	20.741563260351047	26.262664312878087	1.7122613321735616E-4
194.0	29.05856526154104	22.362885093864353	22.74919903216029	25.82935061243431	0.0
195.0	27.668768449114054	20.54414556677477	24.72487430838569	27.06152659113038	6.850845951021589E-4
196.0	29.551848166612533	21.71202661621135	25.789008783281	22.94703050862604	8.592526907498011E-5
197.0	26.426120855019352	23.300927485613315	22.737062297606688	27.534944000220012	9.453615406299202E-4
198.0	28.094170847949513	21.602562279787925	23.766230744772425	26.536949959888982	8.616760115430119E-5
199.0	26.498770640000757	21.63147161598056	25.119074023092463	26.749993311660237	6.904092659827588E-4
200.0	28.578555079523447	22.38972530147102	23.13360698466839	25.898026327145686	8.630719146042125E-5
201.0	25.262634554084464	20.128712726004682	28.400956713958582	26.20717811676502	5.17889187250604E-4
202.0	25.929091091153307	24.286197692767196	28.256868696285707	21.52784251979379	0.0
203.0	26.648019992642652	24.00887372131541	21.676024545217466	27.6662182023547	8.6353846977529E-4
204.0	25.930135447101527	23.089054115793754	23.14285985720319	27.837777848789457	1.7273111206880917E-4
205.0	28.40249310302534	23.533583127331024	24.3368625804791	23.726283821951814	7.773672127239465E-4
206.0	26.83030912962539	19.969937932196217	24.88068037024719	28.318986182678895	8.638525230972568E-5
207.0	26.446647306898406	23.52566090913725	26.38720285333377	23.640316126986484	1.7280364408324642E-4
208.0	29.943212311287446	21.521159917277163	20.198389618335916	28.33723815309947	0.0
209.0	27.7652442397588	19.278828866207505	24.957818161701656	27.9977629795591	3.4575277293723896E-4
210.0	25.544550004365913	23.1777080961261	24.639985337458903	26.63758365472482	1.729073242678023E-4
211.0	26.25206688759591	25.096944811506773	24.43424357102829	24.216139365301196	6.053645678388831E-4
212.0	30.019710247251986	20.922539939640615	24.108020461278624	24.94946977877454	2.5957305424038543E-4
213.0	30.664262040734343	21.673235231983487	22.718087335367397	24.94432881152835	8.65803864255807E-5
214.0	28.894948728213603	24.055626898754472	24.06403210963861	22.985305611734713	8.665165859939725E-5
215.0	25.721612129027328	24.70816613458507	22.848632199828643	26.72158953655896	0.0
216.0	26.61997174067104	23.41748196909037	25.532804268581298	24.42965420522174	8.781643554844437E-5
217.0	29.39093998657592	21.709196910690913	25.726148794755044	23.173360110651245	3.5419732687277407E-4
218.0	25.393355509660477	23.247308384816222	25.57653829262555	25.782529478743015	2.6833415473399586E-4
219.0	27.262397077410093	21.68428899839956	23.5318970688153	27.521054969551834	3.6188582321334704E-4
220.0	28.815918084074287	20.793197170150684	24.08796587320909	26.30264635240853	2.725201574076429E-4
221.0	25.836894163288836	21.424636978342225	24.09237723142802	28.646000128098382	9.149884253964187E-5
222.0	26.031394972988544	23.848713610014382	24.014774104935785	26.10511731206129	0.0
223.0	30.862320015976703	21.832013973989103	24.079065925462682	23.225850004641117	7.500799303925825E-4
224.0	31.509397585829092	21.10861888169434	23.524388580886953	23.85750090519653	9.404639308570918E-5
225.0	32.52497364352813	18.79738846366589	23.50666357795606	25.170028791195282	9.4552365463803E-4
226.0	26.230720442955086	21.491032130123795	25.50913910553761	26.76891699662216	1.9132476134627583E-4
227.0	27.805404109999397	22.7241453284656	25.278255037967153	24.19113255936655	0.0010629642012983625
228.0	28.158383131710636	27.59801778166448	21.827624738862166	22.415974347762717	0.0
229.0	28.73005938476095	24.862165256731593	20.68799346503175	25.71978189347571	0.0
230.0	26.71972835367782	22.217324963632915	26.41426459426981	24.648682088419456	0.0
231.0	26.088900095130274	23.543889009992196	23.946811428089248	26.418993105817613	0.001406360970670342
232.0	24.902198635329796	23.928834975991915	25.592519585544604	25.576345716451858	1.0108668182966894E-4
233.0	24.046542885593343	24.777898890723797	21.278372187368102	29.89698114599255	2.0489032221052071E-4
234.0	26.80869131598659	20.667121512759685	26.938885793988103	25.583945184786444	0.0013561924791824454
235.0	26.203100588363387	20.485214806546203	28.113114605069267	25.198464293340265	1.0570668087364457E-4
236.0	29.04080249453006	23.18482229266045	23.195993112759762	24.57784504139111	5.370586586208118E-4
237.0	28.027793435372672	24.444998482417727	21.931340241945975	25.595867840263626	0.0
238.0	27.649406511374053	21.528006258947443	24.49341369023712	26.32917353944138	0.0
239.0	28.593299530533233	22.284909741155843	24.357698337966866	24.762750417688988	0.001341972655070532
240.0	26.03484485665717	21.004906527544872	27.026616704276478	25.93363191152148	0.0
241.0	29.431684673685183	20.148932249072775	22.77730424566334	27.639659978345506	0.0024188532332004888
242.0	27.727294242875892	23.414675257654597	20.572306647933047	28.284915704490643	8.08147045818474E-4
243.0	27.290561760061998	23.290515491344856	25.3944697315836	24.021908237566727	0.0025447794428089736
244.0	27.43585463010624	21.887332303854055	25.787296596689902	24.888936807594035	5.796617557722718E-4
245.0	29.066534364023592	20.62538560836946	22.88785375755386	27.418483407366267	0.0017428626868203562
246.0	25.360998014307228	25.647678043079992	23.12517313704539	25.863240939258286	0.0029098663091022946
247.0	26.360877038821183	22.872606715375486	24.086126155142374	26.532069751402975	0.14832033925797822
248.0	26.5726602567847	22.16841711742234	22.963071135670642	28.28592123555732	0.009930254564996438
249.0	25.570316937075138	21.88089536333882	28.818614563999272	23.71377882909521	0.01639430649155986
250.0	27.78744693860546	20.962492914389394	23.134122540280888	28.114881366633842	0.0010562400904141516
