# Position (bp)	A	C	G	T	N
0.0	23.401675748466822	24.178291621879744	25.910223597925143	26.509776290755553	3.274097274084832E-5
1.0	22.16297865957182	30.710751720741353	23.935535886620134	23.11576330128734	0.07497043177935817
2.0	24.579482001506896	27.12001614486561	22.273817833621163	26.025771143921762	9.128760845701446E-4
3.0	25.2125155901196	22.310368638165006	24.84421274901462	27.626196544731396	0.006706477969382649
4.0	25.347390137747063	24.240545164292882	24.356731874223257	26.055202824620793	1.2999911600601117E-4
5.0	28.089543701453547	24.38041156949864	22.468807374553407	25.060556399003598	6.809554908035339E-4
6.0	25.297840197390737	23.72653331227556	24.436553532916147	26.534962808002298	0.004110149415258428
7.0	25.482163541477288	25.98333914055489	23.63966507778071	24.894347856553985	4.843836331291279E-4
8.0	27.37529673994386	24.41471076291763	23.598545044068437	24.611415238121623	3.221494844480726E-5
9.0	25.93411566270017	25.848109142146026	22.354367434254506	25.86318278121175	2.2497968754820992E-4
10.0	24.54908964156342	25.306892507541118	23.17425999474898	26.969757856146487	0.0
11.0	26.817727929882896	22.731056778895955	23.367817818424836	27.083366374874867	3.109792144602847E-5
12.0	28.03579758247866	25.029199779134586	20.2612492608232	26.673753377563553	0.0
13.0	24.961355476129242	23.123704482946092	25.26072021002071	26.654189610357427	3.0220546526495713E-5
14.0	25.801343562879847	22.23879279783283	24.17102828482576	27.78877552088865	5.983357291693156E-5
15.0	24.95584417730311	24.011945234387312	24.43520970253758	26.596971379709387	2.9506062610684617E-5
16.0	26.10396196734172	25.28382039514646	21.631857747738287	26.980272850551916	8.703922161404372E-5
17.0	28.208093896857566	26.35815523404516	19.442284417742446	25.990444401480495	0.0010220498743304508
18.0	25.399784649035368	25.889984040150793	20.024626824485583	28.685491855070605	1.1263125765188606E-4
19.0	24.880035285550445	24.77844379751781	22.28978818034812	28.051452870225408	2.798663582166244E-4
20.0	22.252828982276817	25.695617713858184	24.449716602246312	27.601836701618687	0.0
21.0	23.57216420872519	24.84431109190335	23.71748946488299	27.865952600718856	8.26337696120923E-5
22.0	21.9567421509123	27.09293320927654	25.952854601789436	24.997470038021714	0.0
23.0	24.55688499998373	24.99330215990429	23.10483665405195	27.344867719013948	1.0846704608439387E-4
24.0	27.78998529191442	21.849588748180285	24.369294844222633	25.991131115682663	0.0
25.0	24.432364553603954	26.147407321395217	20.23899265118323	29.181076046184064	1.594276335385787E-4
26.0	25.872168776522813	25.566429511918155	19.881976195109175	28.679425516449854	0.0
27.0	25.30296358277846	25.04870079876943	20.69180534209794	28.956477633955817	5.2642398345554705E-5
28.0	27.66870357489996	23.94534202416489	22.88249319854178	25.50182433153962	0.001636870853747668
29.0	27.005336742876253	23.764224764767736	22.981743911340928	26.24854047351072	1.5410750436766353E-4
30.0	23.35392544253909	24.831482593611216	25.54961805781346	26.26469339433188	2.8051170435086404E-4
31.0	25.817942166689328	24.763424865198342	22.71088316648436	26.7075468634896	2.029381383672815E-4
32.0	23.44187073044678	22.96810994407476	24.85754749422347	28.73224559646551	2.2623478948098722E-4
33.0	24.029580102828916	24.840023182522568	25.042671263372856	26.087650829421904	7.4621853756091E-5
34.0	25.943900320949414	26.640947305152036	22.94180365531616	24.473225399817935	1.2331876445450068E-4
35.0	24.8135341577292	22.90538494598449	25.993743773076243	26.28723944597472	9.767723534353083E-5
36.0	23.53876684288864	25.34277194395268	26.187413131801147	24.930828586347264	2.1949501026870825E-4
37.0	24.919487919776437	26.27164736878529	21.594806873353328	27.2140091019589	4.8736126043318614E-5
38.0	26.29593216202967	25.866891435916532	21.137434040802827	26.69959623850836	1.4612274261672223E-4
39.0	22.993578213686455	27.574368063461783	21.964987255501214	27.466896070079045	1.7039727150151886E-4
40.0	26.07450247203523	26.57336275878986	23.048951334840623	24.30311043038989	7.30039444031161E-5
41.0	23.518494325915558	24.981662953034537	21.68610332825613	29.809190102203342	0.0045492905904370995
42.0	24.315502436703827	26.117092143350856	20.830862742484744	28.736518356631873	2.4320828698188732E-5
43.0	25.518284380470725	25.775505738183234	23.118119042987743	25.584565259677106	0.00352557868119043
44.0	28.256434263180612	25.04780974492395	23.054991658208206	23.64066711000665	9.722368057743088E-5
45.0	25.274962642595945	24.685821194708005	21.986150425813662	28.04961549208509	0.003450244797298118
46.0	24.672326883601162	24.5973107896367	22.55824800495573	28.172090029029867	2.4292776542894973E-5
47.0	25.063490101324298	24.59576289030596	23.551797892495358	26.787249084472375	0.0017000314020086114
48.0	22.522216784547684	24.507137918846592	23.120482360572197	29.850162936033524	0.0
49.0	21.985414363997243	26.05391268131929	24.73924923389976	27.219797593234148	0.001626127549561698
50.0	26.86518053046065	25.281010390141084	19.962256935294207	27.891479346628095	7.27974759659133E-5
51.0	24.516692930806283	27.387618916390764	21.669952918618687	26.423430652967912	0.0023045812163531142
52.0	22.536673674262047	26.236020718725577	21.634538568726885	29.592767038285483	0.0
53.0	22.25063475098212	25.46207479175311	24.101398735741814	28.18432100433107	0.0015707171918863034
54.0	22.771950442792622	29.32171012764296	22.353054027175475	25.553237078409524	4.8323979421716606E-5
55.0	23.620372922165583	28.894969796791102	22.241414937092017	25.241771545449964	0.0014707985013286617
56.0	26.26774967667595	26.163755645364446	24.682045601647896	22.886449076311706	0.0
57.0	22.539306340131883	28.16282972390063	22.721121586053634	26.57213912722416	0.004603222689694348
58.0	25.11607028622358	25.638853409414818	21.882269828568482	27.362589623320027	2.168524730940294E-4
59.0	27.229951151517984	22.74209172298042	24.776589924497692	25.248837689433312	0.0025295115705881886
60.0	23.4862533161124	23.17750310866747	24.561792131764207	28.774427391870084	2.405158584131245E-5
61.0	24.93877270291823	24.489596169181652	23.133024359133447	27.432666807109484	0.005939961657186777
62.0	25.215095869481214	22.3949540328086	24.87342881607761	27.516425098353416	9.618327916210898E-5
63.0	25.845407898416166	24.009355899503905	23.50691389720869	26.63594197476514	0.0023803301061026136
64.0	24.67143350902964	22.310118378985567	23.78039882101059	29.237977284291983	7.200668222011002E-5
65.0	23.184914814405055	26.91958876300355	23.836583235797463	26.054593369608597	0.0043198171853367166
66.0	24.414480005452056	24.408144871084815	23.46195415858377	27.714797050131068	6.239147482887938E-4
67.0	26.415862594181693	25.992419876278326	21.07217769238115	26.518915998159194	6.238389996309753E-4
68.0	23.65713803153991	23.263902800292595	26.403115173467572	26.67558009453864	2.639001612909804E-4
69.0	23.0628436654255	25.03002162324506	24.99838077541427	26.906019245503714	0.002734690411455762
70.0	24.800897017383665	23.72343656730361	24.587182290374166	26.888029005031232	4.5511990732800535E-4
71.0	24.42770466266412	23.40849115265055	26.223642667078177	25.939420983720435	7.405338867112149E-4
72.0	26.754569809841744	25.920345001446183	22.216752757004556	25.107114341200525	0.0012180905069907647
73.0	25.136662001217424	22.946129702991342	23.72608997065328	28.187798938799354	0.0033193863385998544
74.0	24.69990604342537	26.355523560178174	23.274177700893365	25.66943760961103	9.55085892068131E-4
75.0	25.202188349414893	24.854287109246766	22.217142229580915	27.724376842077618	0.0020054696798052787
76.0	26.652890638372334	24.41088022948164	25.671921562579747	23.26347203180582	8.355377604580083E-4
77.0	24.188330055956495	25.41277522923735	24.13092225336486	26.26747118748935	5.012739519435823E-4
78.0	26.759600909770292	27.11371340994632	20.307955668628416	25.81822877395588	5.01237699089824E-4
79.0	27.38624774545673	21.486116643630965	22.79632342078149	28.328925482944236	0.0023867071865901423
80.0	24.006138212400767	23.265089871591556	28.447846076925735	24.278587017871697	0.002338821210244514
81.0	25.121133904988636	25.21086272349874	22.210483762424815	27.45711392028072	4.056888070935404E-4
82.0	22.388117042747776	22.49299277395474	24.69041972723242	30.427325055587715	0.0011454004773456489
83.0	25.10214882374949	22.812950972382357	24.42411542602335	27.660188253529515	5.965243152855299E-4
84.0	23.50146898198141	26.32820354741135	24.843570239384178	25.3258028820391	9.543491839598715E-4
85.0	24.994787210845274	27.21899010739061	21.460993307112723	26.324799945796535	4.2942885485161564E-4
86.0	25.626865077026835	25.118068366456725	22.937838200832996	26.316107132624705	0.0011212230587394447
87.0	21.611882563646027	22.792128607864523	26.23000640253124	29.365386065000482	5.963609577270728E-4
88.0	24.79195608035905	26.976584206026928	25.769681403230237	22.461253549293193	5.247610905871218E-4
89.0	26.359198535158836	26.21093989443012	23.038357630084676	24.390740704080667	7.632362457076906E-4
90.0	23.437678500688424	26.048012943751964	24.709897252767828	25.804363603234126	4.769955765815206E-5
91.0	26.205690968690494	24.922259836613893	24.5739285761131	24.29759595147783	5.24667104684204E-4
92.0	25.13813235046532	24.685830875924836	22.87111637647546	27.30492039713438	0.0
93.0	26.234008342571464	26.427848059611737	21.319125892326795	26.01885078729352	1.6691819649180872E-4
94.0	27.39154942473483	23.73203697186289	23.051451968720222	25.82200495387101	0.0029566808110461596
95.0	23.82899170903861	26.990519778952205	24.19654637850406	24.981987055476054	0.0019550780290715337
96.0	25.847001414251807	24.70308341224725	24.348972116447378	25.100013255630543	9.298014230253163E-4
97.0	25.57855892440834	25.040891831718042	23.473568297166622	25.906790225439693	1.90721267304677E-4
98.0	27.838288454515205	23.397535836782797	24.35921458015682	24.40496112854518	0.0
99.0	21.66118452415003	22.397579276547873	27.551460633449647	28.389727895047955	4.7670804492496616E-5
100.0	22.83110812605435	25.32191183669812	24.479242388780552	27.367737648466985	0.0
101.0	23.156164247749143	22.57755923920996	28.72479059589309	25.541271424805895	2.1449234190841943E-4
102.0	24.88449595330643	24.647004760311226	24.946705107633754	25.52174650889853	4.766985005925362E-5
103.0	25.81239306227229	26.139221213299162	24.911607678471455	23.13658737832724	1.906676298559768E-4
104.0	25.565605467753876	27.336815106772107	22.900842861180767	24.196331411319402	4.051529738466605E-4
105.0	27.53316217576668	23.32649465744335	21.239808720455777	27.89824641350855	0.002288032825644272
106.0	25.952789969608343	22.928900866753356	24.96572835118573	26.152437815308705	1.4299714387037976E-4
107.0	25.299655146937912	24.901942092331012	22.956870726574657	26.84110305315313	4.2898100329123755E-4
108.0	23.841317002818663	24.97068857540757	24.34092189434733	26.846977205720446	9.532170599163647E-5
109.0	25.5762454548639	24.9603540458175	25.808985971468257	23.653914113101834	5.004147485094194E-4
110.0	24.47391979938289	24.87728905739362	22.90392982404303	27.744813662132017	4.7657048441721745E-5
111.0	24.63927666607571	24.166628540273862	24.678618337651148	26.51495221809822	5.242379010658233E-4
112.0	25.090632609058755	24.561764678551185	23.745803141326828	26.601632780852675	1.6679021055834452E-4
113.0	28.22334841551338	22.258291009754775	23.08538470757002	26.43247553682467	5.003303371487889E-4
114.0	26.227583430024087	22.482899436056638	27.63427308010283	23.654791374311152	4.526795052927764E-4
115.0	26.591067103229765	23.879075326195263	26.146919270931367	23.382461771740275	4.7652790332964343E-4
116.0	26.296543028445463	24.77634471933371	25.13604683632732	23.790993937695788	7.147819772013141E-5
117.0	25.806547684994246	26.99903290758871	23.84196104135291	23.35193419673552	5.241693286129502E-4
118.0	26.237857300105883	24.656220903027084	25.415327272744598	23.690189489494355	4.0503462807814404E-4
119.0	26.888673451129446	21.589301664776887	24.67442703231892	26.8471689882084	4.2886356634841015E-4
120.0	24.965918030779317	23.966950615572063	25.237954328969987	25.829129374249803	4.765042883003425E-5
121.0	27.463477846312117	23.193988821720524	24.72542121061734	24.61661179339696	5.003279530606609E-4
122.0	26.78384444742522	23.959222056055975	24.580816716774645	24.675544979366347	5.718003778170997E-4
123.0	24.03621148812749	28.077268900175394	23.589595510682713	24.29647143358821	4.5266742619495863E-4
124.0	25.040137932973284	25.036516644466424	22.803682564520283	27.11956756097404	9.529706597010864E-5
125.0	26.77846805588942	23.62140062794476	24.688153885774472	24.911286543452142	6.908869392112405E-4
126.0	24.00896815475999	24.43400494434927	25.07378763502917	26.483143971474576	9.529438699384089E-5
127.0	25.80103835945591	22.960498934744113	27.603575676764464	23.634339094664718	5.479343708033886E-4
128.0	25.65110829681257	23.070212301661037	25.364612069910226	25.90687276480056	0.007194566815608493
129.0	23.71709201965843	27.09380635540023	22.745652966274307	26.440685234021572	0.002763424645459765
130.0	26.190476190476193	24.621398912258886	23.972947025626	25.21515404901267	2.382262625396349E-5
131.0	25.348206071099643	24.94488593401368	24.77469579465502	24.93166427565085	5.479245808019615E-4
132.0	26.029363419363754	25.974524386932014	22.305145149532844	25.686631377836644	0.004335666334742028
133.0	26.90919598607648	25.575993832942494	24.817546765105813	22.695595870968233	0.001667544906984345
134.0	26.17941945215478	23.221127687937667	21.34246567510627	29.256868075585757	1.1910921552764906E-4
135.0	26.216301844004068	23.74458364003211	26.58124361292351	23.457442120283094	4.2878275721605646E-4
136.0	27.548690521025915	26.46033448700788	24.21523093381891	21.771360904797195	0.004383153350098895
137.0	28.057106322077292	21.423684659369727	24.547038012122183	25.971956614745768	2.143916850328877E-4
138.0	24.95245527079534	24.37646373928338	27.40501058561005	23.265189064140603	8.813401706274571E-4
139.0	25.95808021655196	23.8876736742588	25.137721016416474	25.015500834770272	0.0010242580024920436
140.0	26.109687068782556	21.45324730482025	25.902905165450534	26.533969900501248	1.9056044541598512E-4
141.0	24.77871152462757	25.86204843097181	25.604982206405698	23.753995817195232	2.6202079968748064E-4
142.0	27.99339992796803	22.936608056527945	24.093740650612556	24.97596552374673	2.8584114473661647E-4
143.0	26.183315532070377	25.596350248820688	24.192535665251143	24.027631815890796	1.66737966997316E-4
144.0	27.648739517816583	25.524874380537348	22.939691939035704	23.886503604525277	1.90558085081803E-4
145.0	27.481728248970295	22.423280559390456	23.490097382644908	26.603964858022945	9.289509713968849E-4
146.0	27.02111797099792	22.18527887345414	24.817284056479735	25.973270260485148	0.0030488385830522687
147.0	26.33017427611224	24.636192363481328	26.71159530404834	22.31887026588004	0.0031677904780505464
148.0	24.354864832678338	24.49431939978564	23.983327378825773	27.167012028105276	4.7636060497796833E-4
149.0	27.46361895906088	25.162475544709295	23.830635768485628	23.54160245689033	0.001667270853866568
150.0	25.095191342577838	24.63327573977238	24.6892734493684	25.582235649604396	2.381867698682303E-5
151.0	25.97901904682961	24.66853123800105	25.53743386583661	23.814634741241896	3.811080908294913E-4
152.0	27.010246463449228	24.145776707273473	23.348440497171545	25.49539341469939	1.429174063634928E-4
153.0	24.75855139890839	23.799569434724674	25.18147054381852	26.259836949246367	5.716733020469239E-4
154.0	22.521872295663844	25.09583458687093	25.029995576590373	27.349605859195513	0.0026916816793425818
155.0	26.98174624652668	24.016035402142883	24.183197894472038	24.81887752185	1.4293500840457848E-4
156.0	25.48270495351324	23.519319275775214	26.801419938360706	24.196222312166793	3.335201840459667E-4
157.0	24.771924274213546	23.010187441976036	26.754953224673322	25.462696828845115	2.3823029198219274E-4
158.0	25.097019956689433	21.607803525356218	25.767476099380836	27.52762894899216	7.146958135501562E-5
159.0	25.96031475653539	22.18283133175939	24.793366575104884	27.0631538071199	3.3352948043254005E-4
160.0	25.604206899081973	21.85615389783313	25.91179577489955	26.627724309265115	1.1911892022987092E-4
161.0	24.586431754836827	20.788944099882	28.77558736494424	25.84617789015334	0.0028588901835955452
162.0	24.83207309734066	23.25193776471984	25.65575711601716	26.26016054845877	7.147346357069035E-5
163.0	24.993936506045625	24.041408064804337	27.40525343975222	23.559354339150634	4.765024718565727E-5
164.0	25.475836781080652	24.145349799925427	24.55674457999826	25.820758436904732	0.0013104020909252272
165.0	26.467701093228957	22.57907111277575	26.76035498729125	24.192396288110764	4.7651859327899114E-4
166.0	24.495250757388934	23.733227543105347	25.670141780349464	26.1012369593887	1.4295976754741797E-4
167.0	26.1548644985675	23.543743221116	26.612969327515646	23.68804171503621	3.8123776465049075E-4
168.0	26.0118445671019	25.078871644619145	23.75173112537208	25.157457349741176	9.53131657028917E-5
169.0	26.11461067470818	22.541965969706105	25.859163051598276	25.48402201329424	2.3829069319954106E-4
170.0	31.04873214821459	22.71319257397182	23.196007843811962	23.04185296593842	2.1446806320326163E-4
171.0	25.293591973881753	23.588351643114173	27.240330767580968	23.87734432714534	3.8128827776851037E-4
172.0	26.939086375463827	25.047118677107242	24.18412422887774	23.82955156650388	1.1915204730622243E-4
173.0	28.627309310255345	20.129791058462214	23.480895817094357	27.76064551904389	0.0013582951441901785
174.0	23.86307340187368	26.48484292473231	24.14270753034334	25.50894721980291	4.289232477591739E-4
175.0	26.195526812436853	24.303906056389042	22.897182454200582	26.60207407972244	0.0013105972510818386
176.0	24.187268168323943	24.260539308954257	28.783048560776088	22.767881077245413	0.001262884700294824
177.0	21.87720057049511	26.16892517434774	25.263568025107503	26.665999420926017	0.024306809123632294
178.0	24.96003721281364	23.058266077336693	24.07527969185045	27.90617871873156	2.3829926765869062E-4
179.0	27.614347580609987	24.340113820281783	23.344931127027657	24.69953499989156	0.0010724721890086855
180.0	26.4738912870919	22.33908185223788	25.75029664919029	25.436658528228147	7.168325178168721E-5
181.0	27.809296795572287	22.54500801687168	26.38348761314963	23.26168117184866	5.264025577421733E-4
182.0	25.241517932311837	23.10172358370708	25.632328292182642	26.024358439590383	7.175220805461587E-5
183.0	23.563006557365284	24.504765242017367	26.584848097072445	25.34711699569101	2.6310785388903305E-4
184.0	25.606720262472578	22.628715688434372	26.77974745434274	24.98206576118794	0.0027508335623701277
185.0	25.01313076713338	25.300548669941787	24.414879622675805	25.271058258511083	3.826817379491129E-4
186.0	26.73811910637568	23.376563111816896	25.366596797700282	24.51869706457055	2.3919536592465874E-5
187.0	24.013307020881594	23.208454616292187	28.039701579226328	24.738153406449744	3.8337715014678553E-4
188.0	27.305911759849838	28.104337098969133	22.272158585642433	22.316969515867026	6.230396715718261E-4
189.0	24.480585369875175	24.055414772000137	25.4669543156697	25.99649433768913	5.512047658601982E-4
190.0	28.505859637147342	22.069198748307876	25.12549517385252	24.299374537422295	7.190326996897614E-5
191.0	26.3365977729472	24.278764498228945	25.06645509224973	24.317990587179022	1.9204939510442085E-4
192.0	27.008360395417746	23.456356776789303	24.156553698170086	25.378681111729474	4.801789338779203E-5
193.0	27.563597523887417	24.57572234958389	21.8866875210563	25.973800502397566	1.9210307482582853E-4
194.0	27.824409817376544	23.598947434906936	24.189280157197913	24.387362590518606	0.0
195.0	26.178865889615498	21.611318284722596	25.035123433437224	27.174260029905064	4.3236231962384474E-4
196.0	27.45892849534746	22.763594559119355	26.55189039286289	23.225466198376132	1.2035429415696752E-4
197.0	25.47019749245659	24.339498948750094	24.12123187758554	26.06863832501089	4.3335619688527645E-4
198.0	27.300554234762163	23.379691211716523	24.477258864222733	24.842399212556835	9.647674174888696E-5
199.0	25.322789461638536	23.246907323505308	25.513496556952685	25.916613316531965	1.933413715008535E-4
200.0	27.424589828709163	23.94680523468435	24.130046258629683	24.498510335799267	4.834217753471331E-5
201.0	24.489664196684487	21.437016663133285	29.398533191740256	24.674592559304592	1.9338913738050064E-4
202.0	25.027833713838234	25.246199927420797	28.378033693481242	21.347908488309596	2.4176950130930273E-5
203.0	25.349645149080917	24.71027259854384	23.249343686023746	26.690351610160985	3.869561905130434E-4
204.0	25.732462692343418	23.765393278429674	24.172187993436328	26.329859283569153	9.675222143100405E-5
205.0	27.45411996253348	24.60699826601229	25.33446029632611	22.603840898886844	5.805762412720039E-4
206.0	24.924082830344027	21.72337963327005	25.822725333845618	27.52971542342195	9.677911835674864E-5
207.0	25.68155224675254	23.87420363860772	26.78305693870513	23.66099356860657	1.9360732803736622E-4
208.0	28.173558306460805	22.51126443170207	21.84589255234242	27.469260501829734	2.4207664969790044E-5
209.0	27.104447340963777	20.633648444826594	25.419765943696408	26.841629778823062	5.084916901561578E-4
210.0	24.228249183618555	24.8527025780046	25.045224008093214	25.873533595340735	2.906349428938666E-4
211.0	24.798888218846056	25.665819731450384	26.04026572461175	23.494396393301304	6.299317905011616E-4
212.0	28.53393075854124	22.64294712098394	24.80951859139277	24.013409580848776	1.9394823327705603E-4
213.0	29.458962860304638	23.165015466280014	23.030648443412147	24.34505781445656	3.1541554663819195E-4
214.0	27.59584374530202	25.32344600077184	24.538932647019752	22.541753320071102	2.428683529664062E-5
215.0	25.200206633500137	25.368327622185934	23.024371457311485	26.406777812508825	3.16474493616466E-4
216.0	25.408760247589534	25.021526638200527	25.847628283273348	23.722060243114548	2.458782204514619E-5
217.0	28.655462663884624	23.08460599163256	25.535307082383397	22.724054239395162	5.700227042521463E-4
218.0	24.290950515128376	24.50276028691962	25.84091734161211	25.36502134371518	3.5051262471364375E-4
219.0	26.20759249389352	23.43460700041173	24.778158634573657	25.57911142208335	5.30449037740186E-4
220.0	28.3132192144057	21.623835046877378	25.078222043727173	24.984444443880303	2.7925110945196464E-4
221.0	25.09919324871709	22.7859125113499	24.871069249990533	27.24364584836843	1.7914157405047289E-4
222.0	25.24619766843482	25.021226168448802	24.571127855049085	25.161137681211944	3.106268553483214E-4
223.0	30.243860233294097	23.049760492072775	24.23618339464142	22.469619068344315	5.768116474002837E-4
224.0	29.498823348158805	23.20508340937993	24.939918587418354	22.356122073126198	5.258191671076974E-5
225.0	30.39812187944318	20.017194061435703	24.10781999140297	25.476123400456302	7.406672618457163E-4
226.0	25.019970445881697	22.438616310446736	26.05013492097486	26.49111770248854	1.6062020816378977E-4
227.0	26.68412179794703	23.557801778433053	26.237512378774547	23.51937416810038	0.0011898767449948105
228.0	27.132333435363737	27.62686800666599	23.60561847430534	21.6351256674489	5.441621603237765E-5
229.0	27.791650382925038	25.24132162275199	21.899993829318962	25.067006739754955	2.742524905554299E-5
230.0	25.505308929672232	23.240948834689245	27.567678141473785	23.68606409416474	0.0
231.0	25.072874848247523	24.910098580202725	24.829369629757622	25.186422725732506	0.0012342160596193678
232.0	24.955212234442286	24.88700722871431	24.993690472359187	25.16386422009439	2.2584438982774284E-4
233.0	23.264736040349398	25.16248871219066	22.660661366291592	28.911713680267493	4.0020090085222785E-4
234.0	26.93218867263496	21.517293229151083	26.636717707138335	24.912522176300097	0.0012782147755236977
235.0	25.49347124909221	22.05341785475918	27.761907142080084	24.691115547571236	8.820649729059042E-5
236.0	28.245915209366494	23.635213840933666	23.982400536932772	24.136172116782877	2.9829598419031287E-4
237.0	27.70907603120309	25.177991775044152	22.401903713263717	24.71084797670298	1.8050378606691275E-4
238.0	27.12933705836424	22.47752171579153	24.572851600624634	25.820228625805193	6.0999414405621706E-5
239.0	27.49292599630135	23.43494348697494	24.537722804394388	24.53344726509552	9.604472338035291E-4
240.0	25.272689610463505	21.758268595989747	27.073614207414803	25.895171854711307	2.5573142063279464E-4
241.0	28.8050210164139	21.368581701809276	23.611378349556	26.21271383388757	0.002305098333253829
242.0	26.291666573078686	24.114510618813366	22.08906345810697	27.50386090536907	8.984446319056299E-4
243.0	27.72811538342785	23.334017321408353	24.951627677202225	23.983891759208753	0.0023478587528174308
244.0	26.502930211899674	23.046885324315248	26.035759479594883	24.413425791924332	9.99192265865078E-4
245.0	28.710475803516143	21.307756381830085	23.7548095665197	26.225278755418387	0.0016794927156848149
246.0	24.759642933220587	26.584634370429267	23.98093071228827	24.672363971399953	0.002428012661924164
247.0	25.542005200239053	23.50379570730454	25.050240642457283	25.766717302053166	0.1372411479459575
248.0	26.331256818489813	23.199748075386296	23.8232549947012	26.638070579839336	0.007669531583358547
249.0	25.601600945290283	21.59884667286041	29.10107808323234	23.68488542493907	0.013588873677895465
250.0	26.32832954941143	22.52678523934326	25.045418484793007	26.098585606215618	8.811202366884761E-4
