# Position (bp)	A	C	G	T	N
0.0	24.19782820256107	23.46916985808403	24.69115598154462	27.64175844179485	8.751601543082385E-5
1.0	23.486943900833797	30.216751731442294	24.411135276965386	21.81168358518609	0.07348550557243291
2.0	24.640566515272937	24.327996784004764	22.77990836497378	28.250920561271048	6.07774477465893E-4
3.0	25.53225448287348	21.44779117859324	25.70695469938378	27.305713234885914	0.0072864042635874095
4.0	26.64553626836126	21.761883465593332	24.693184536500638	26.89913571644011	2.600131046604749E-4
5.0	29.921739732668467	22.265565482374125	22.32971466168017	25.48211441235543	8.657109218089895E-4
6.0	26.232068891377615	23.782912375562663	24.42153744928172	25.557955052745285	0.005526231032723059
7.0	26.383345322656375	24.477689090290372	22.975907921999045	26.162023855163234	0.001033809890976132
8.0	28.51782250972739	24.155855107031428	23.29351168749817	24.03272465070015	8.604504285903585E-5
9.0	26.682645480578703	25.054299648242974	22.103110548162565	26.159772692361493	1.716306542646356E-4
10.0	24.457875740507358	23.05436245638401	23.962175184108776	28.525586618999853	0.0
11.0	27.455649303527647	21.392228203318773	23.196999324314753	27.95495653869194	1.66630146892806E-4
12.0	29.389773007191305	24.31590333713124	19.88800710480159	26.406316550875864	0.0
13.0	25.26150427531307	22.535966757965596	24.88146740302711	27.320898772144737	1.6279154949066593E-4
14.0	25.806721317669606	22.290100515076457	23.877696875856685	28.025481291397252	0.0
15.0	24.892289101744886	24.69442370715289	23.75120205995116	26.66208513115107	0.0
16.0	26.51662133362146	24.127358453634237	20.681498950058486	28.674442967270952	7.829541486391474E-5
17.0	27.77576383312302	26.11693625482773	19.38419180910864	26.72211387709839	9.942258422240067E-4
18.0	26.043558202534932	24.70903099441719	19.897229557362568	29.34995340698599	2.2783869931443333E-4
19.0	24.48150939174905	24.137751195557446	23.875548648814117	27.504283750169122	9.070137102680755E-4
20.0	22.92136772032845	25.418091844665298	24.10090823418099	27.559482017413767	1.5018341149128372E-4
21.0	24.063722979355717	22.529399967045492	23.814923917589876	29.591804020598804	1.4911541010838452E-4
22.0	23.533738131402735	25.53953199126864	24.85731126246982	26.06919730623139	2.2130862742176187E-4
23.0	24.684240598455684	23.505219448928422	23.623018746539096	28.186933678407915	5.875276688811564E-4
24.0	28.614461561549092	20.15733943517197	23.72745412147292	27.50059918365325	1.4569815276597016E-4
25.0	25.94825451488068	24.73675193494886	19.80457592370773	29.51027365705335	1.4396940937989498E-4
26.0	27.348155909772707	24.294336751903657	20.012918320331284	28.344301944207213	2.870737851396255E-4
27.0	24.657120008713523	24.176658077349714	21.198224046456833	29.96799786747993	0.0
28.0	28.514962495177343	23.735433442350857	22.11438100523014	25.632452027434617	0.0027710298070439576
29.0	28.994292556601405	22.568688417645912	22.16209308696156	26.274361124996116	5.648137950121293E-4
30.0	24.86281903466934	22.95970254386672	25.030751385126493	27.14651677045624	2.10265881206786E-4
31.0	27.375347974234177	23.636171703175705	22.527058448485832	26.46072277971116	6.990943931231482E-4
32.0	24.956087697363323	21.534454906560153	24.466621117737528	29.0424905121765	3.457661624934996E-4
33.0	24.42314640448454	24.7656318428659	24.34219530086713	26.46902645178243	0.0
34.0	27.842552317810558	25.516107671828536	21.81697910278915	24.824360907571755	0.0
35.0	26.034030283904862	22.04160126012116	25.660943256787444	26.263020622616366	4.0457657016166877E-4
36.0	25.574914206743387	23.214951104750313	25.884194432821168	25.325670730433647	2.69525251483905E-4
37.0	25.27663432670435	24.779645695201413	21.113933532317397	28.829786445776843	0.0
38.0	27.35210984942106	24.140580751567985	20.88958689285048	27.617587814143874	1.3469201660213796E-4
39.0	23.60737222433949	26.356738951561535	22.028061963098477	28.00769219374309	1.346672574070358E-4
40.0	26.851902969750423	24.23595074428907	22.67156351199413	26.240448121940872	1.346520255030936E-4
41.0	23.759223567633214	24.24439281812178	21.978025676877415	30.013914872218116	0.0044430651494721165
42.0	25.309205415789904	25.250171313330398	20.0934044704365	29.347084173071565	1.3462737162943546E-4
43.0	26.215527140120642	24.829276303833662	23.541831848769696	25.409797446918493	0.003567260357506794
44.0	30.02680478003996	24.275655162527954	21.804137344381864	23.89320081915085	2.0189389937204266E-4
45.0	26.187159859825915	24.38404685388843	22.12418379815793	27.301110518977872	0.0034989691498581573
46.0	26.769434273541883	23.891214627798792	21.88921767705108	27.450066138901114	6.728270713317805E-5
47.0	26.422293012913883	22.738052388849457	22.317030917292627	28.52107630257302	0.0015473783710142392
48.0	22.094851823452654	23.889045831819956	22.726838586437438	31.289263758289948	0.0
49.0	22.22350754198736	25.603816323620798	23.23677293869832	28.933952797677815	0.001950398015705412
50.0	27.205874935692453	23.45098672154244	20.460593344295038	28.882477748748315	6.724972175427624E-5
51.0	24.842365741067614	26.59390980704639	20.779076687209386	27.782764962394385	0.0018828022822253378
52.0	22.632750892658752	26.236950802570536	21.344865340942274	29.78543296382844	0.0
53.0	23.650334812608083	23.54839746723873	23.05445008083993	29.74534416914366	0.0014734701695964165
54.0	22.731945403416944	28.641842691602704	23.026814098782015	25.599330836247088	6.696995125257248E-5
55.0	25.127289015994325	26.700819576373075	22.40513655489533	25.76521944045571	0.001535412281562569
56.0	27.466962322563077	24.767878526544283	23.978765641082465	23.78639350981018	0.0
57.0	23.59065744291049	27.231371449738205	23.321887065717593	25.851211869412438	0.004872172221276709
58.0	25.46633424446912	23.89495867856838	22.665726168104552	27.972713974545144	2.669343128043051E-4
59.0	28.18628661265159	21.139014302739767	24.630420247245084	26.041609668796216	0.0026691685673371174
60.0	23.259645375033838	23.070358265359324	23.425063240163272	30.244866445576125	6.667386744435066E-5
61.0	26.41988691705984	24.072225877872825	23.14433508604557	26.357685299817796	0.00586681920396597
62.0	25.217464347046963	21.29697283228979	23.883145246450706	29.60221757634585	1.9999786668942196E-4
63.0	27.135898480284094	23.90674382684158	22.63534751077107	26.320076955741783	0.001933226361474665
64.0	24.944100404261082	21.394550962657938	23.357210898074683	30.30393803415816	1.9970084812950202E-4
65.0	23.632216164261198	25.991537196331855	22.810231246076953	27.561023177857997	0.004992215472007316
66.0	23.81432566956471	23.474601203146445	23.325239584290138	29.385301059509022	5.32483489683798E-4
67.0	26.31385581180818	24.656448361261845	21.271082825779203	27.75808054353274	5.324576180375343E-4
68.0	23.66681885401595	20.8925055938834	27.167904353578688	28.27243842735006	3.327711719002698E-4
69.0	23.030680154399043	24.649208039398378	24.860708105949687	27.457140955676827	0.0022627445760681486
70.0	27.040700737531036	22.357136165861768	23.667232056190816	26.934399534400733	5.315060156515234E-4
71.0	24.54267262791853	22.079483358171885	26.216592151018382	27.16019208478225	0.0010597781089584368
72.0	28.035529572879597	25.283663098169217	21.86652768819376	24.812756528522595	0.001523112234829471
73.0	25.171803046404534	22.912590503242722	22.55246456841499	29.35870569189667	0.004436190041084417
74.0	24.542403894722277	25.571163484727823	23.622412130095057	26.262895077775944	0.0011254126788992405
75.0	26.61324221255616	23.919270204128104	21.58944149909742	27.875729229897484	0.0023168543208340144
76.0	26.855220272656748	23.306485989870026	24.6968421275593	25.140260159760224	0.0011914501536970698
77.0	24.4864689915631	24.945544367689195	23.05232175253481	27.514605890805456	0.001058997407441972
78.0	26.97358057995915	26.749083679366535	19.674585388905143	26.60222087794702	5.294738221523905E-4
79.0	25.853937789543345	20.797088021178027	23.443084050297816	29.903441429516874	0.0024487094639311716
80.0	23.98680708404528	23.62971953141854	28.565085096160846	23.816005939988642	0.0023823483866869076
81.0	24.99070261742826	24.98825419639513	21.317674026487946	28.702575077191433	7.940824972306373E-4
82.0	21.799478308512622	22.83227393699735	23.92085164613383	31.44607269007264	0.0013234182835529546
83.0	25.40335387156196	22.577362425628323	23.216204556522477	28.801954307734658	0.0011248385525842173
84.0	23.45919652137782	25.820049318414746	23.758918038405376	26.96077750275737	0.0010586190446889414
85.0	26.49547147592175	27.02645663665293	20.877918400561022	25.5990287986345	0.0011246882298068844
86.0	26.60926489927789	22.926153878720683	23.952889625080374	26.509905509352482	0.0017860875685659172
87.0	21.405049033257427	22.951612273824303	24.947864753266185	30.694614113191527	8.598264605640594E-4
88.0	25.21925459060682	26.909470885649	24.90458349729342	22.96602967484648	6.61351604273654E-4
89.0	25.888388653172644	26.15700817894213	22.836032313698933	25.11757890615907	9.919480272137635E-4
90.0	22.679488671529914	24.970706792850077	25.58566576913514	26.76413876648487	0.0
91.0	27.647809470914165	24.921913225162324	23.63265495034448	23.796895042382406	7.273111966252761E-4
92.0	27.047599527938566	23.507535462458222	21.956212004509045	27.488653005094164	0.0
93.0	25.44101537165747	26.801993138916124	21.785957718851584	25.97063709970124	3.966708735816537E-4
94.0	27.970962372195167	23.356171718921264	22.06235646127545	26.60588183184831	0.004627615759808232
95.0	22.955557626875507	27.14819567098537	23.196712154174957	26.69761747524167	0.0019170727225010793
96.0	26.28102374815991	24.17775127856148	23.338002277845604	26.20170236899909	0.0015203264339157065
97.0	25.97824312472034	25.251207375050644	23.53798067803354	25.232304445559233	2.643766362435253E-4
98.0	28.320221110150605	22.618320630867125	23.471540395428697	25.58985177371898	6.608983459036199E-5
99.0	21.32245623934188	22.100049090958343	27.465433159984325	29.112061509715453	0.0
100.0	21.81975419404836	24.96946089309628	24.18102670858788	29.02975820426748	0.0
101.0	24.954667691886954	20.67463722593358	28.26073888524469	26.10969196490206	2.642320327172103E-4
102.0	24.66306725708609	25.028204328803028	23.988805457504597	26.31979085202173	1.3210458455750247E-4
103.0	27.39685966180466	24.713874062998208	24.426246282524815	23.462755932281713	2.640603906113328E-4
104.0	25.89742049570259	25.977619521300927	23.44326430496488	24.68129963346075	3.960445708560042E-4
105.0	27.947981037448532	22.170963956102565	20.532070923427675	29.345617715279214	0.0033663677420121374
106.0	25.904245067574166	23.790159701559528	24.096546971901077	26.208850249096415	1.980098688118616E-4
107.0	26.50507306493906	24.038533249645745	22.409727295947157	27.04554439501069	0.0011219944573473807
108.0	23.701515415340943	24.002474685915395	24.949741186899466	27.346136798948915	1.319128952769907E-4
109.0	25.632915148422015	25.46589175195872	25.01071508169178	23.889554872427887	9.231454995997505E-4
110.0	24.46341066249838	23.8537916430706	22.86100989617292	28.821721872117788	6.592614030796737E-5
111.0	25.47151652582036	22.831604065865974	24.507850918247616	27.187907872012236	0.001120618053816034
112.0	25.394372082661604	22.578304295613957	24.368747619003678	27.65831236298973	2.636397310347464E-4
113.0	28.588252971949856	21.581648053124056	23.055793176806468	26.773119522537257	0.0011862755823624546
114.0	26.83151233310793	22.511003112111133	26.81721059409556	23.840010334159803	2.636265255737502E-4
115.0	27.07668500189152	22.80329902234103	26.896298551767682	23.222531104634687	0.0011863193650818759
116.0	25.905917925654887	24.41945067604438	25.211156775338157	24.46340871885042	6.59041121529819E-5
117.0	25.59797071535052	26.875434135899862	24.12398459979096	23.40135839228355	0.001252156675115429
118.0	27.345225063974016	23.058191804077072	25.41852481822681	24.177794707175966	2.636065461413603E-4
119.0	26.91048707625736	21.460444536414567	24.645561720336286	26.98264993894165	8.567280501330894E-4
120.0	25.012290420325783	23.62890970462133	25.232595380910773	26.126138593765035	6.590037708195766E-5
121.0	27.952422250222746	23.414360577607432	24.18698169011857	24.445115168257953	0.0011203137933034231
122.0	28.117728233384536	22.826139247555236	24.00234080453294	25.053330407327667	4.6130719962146453E-4
123.0	25.23562866161866	27.119208134806875	22.33533013054968	25.308910460449574	9.226125752094001E-4
124.0	24.56016759662408	25.5567717748095	21.89227607049444	27.990586858373867	1.9769969811256097E-4
125.0	27.86599072012294	22.771218278761392	23.77630764749647	25.585165376476876	0.0013179771423224207
126.0	24.559180260132578	23.34590041101659	26.568528795214625	25.526258734184893	1.3179945131888416E-4
127.0	25.97509575009292	22.635176989400932	26.463467352710918	24.925007841886483	0.0012520659087494367
128.0	27.210488059314947	21.418634704463184	24.920936908344803	26.439396385668413	0.010543942208652755
129.0	23.67912940103487	26.479686112011724	23.069106494697802	26.768980760258426	0.00309723199717427
130.0	26.82873949070358	24.22064151684453	22.95939414787547	25.991158945241605	6.589933481211441E-5
131.0	26.468995021964247	23.591302869388837	23.755326313736187	26.18351910355817	8.566913525574874E-4
132.0	25.398177894199247	26.632531013690507	22.180002965452477	25.78243463648495	0.006853490172819981
133.0	27.627030183054206	25.081154602978373	23.102339809446487	24.187696131861237	0.001779272659696311
134.0	26.592116700198552	22.668391477606345	21.813410690620714	28.92594933247049	1.3179910389789258E-4
135.0	26.508328973016997	23.457733048473976	26.500882387441234	23.53233070220643	7.248888613577564E-4
136.0	27.4759412771437	27.56134867239608	23.36841231210867	21.587444058485612	0.006853679865931477
137.0	28.923299159571936	21.110211204257695	24.70606764941767	25.260224285491166	1.9770126153174984E-4
138.0	26.42327609325777	23.09383695638566	25.879340530019245	24.602360370653706	0.0011860496836212469
139.0	26.30798648953176	23.850483448622136	24.898493580155478	24.942311671162688	7.248105279388102E-4
140.0	27.97419961888496	21.240047125427964	24.927124268277577	25.858365422376146	2.63565033354155E-4
141.0	26.472328564933484	24.753596067552696	24.747468091695605	24.02647549139118	1.3178442703425734E-4
142.0	28.82813189825474	22.478475797874793	23.214048026020134	25.478948915190756	3.9536265957825347E-4
143.0	27.257194179421067	24.415698404236743	24.565278558442678	23.761565280535272	2.6357736423953646E-4
144.0	28.9742898694165	24.146054259004345	22.331380434417323	24.54755059558914	7.248415726953497E-4
145.0	29.198743525048776	21.62641944834503	21.661738861700115	27.512241537343364	8.56627562716669E-4
146.0	27.26394530210099	22.649930283373703	23.865358612309663	26.21569190786335	0.005073894352294323
147.0	27.28784096869506	22.814097106724617	25.653537060124354	24.241098374525894	0.0034264899300732476
148.0	24.19917076976604	23.773814669942116	24.735495060465805	27.29092643942349	5.93060402543043E-4
149.0	27.543353515331553	24.748076471937182	24.017017193797262	23.689575914450117	0.0019769044838829565
150.0	25.50605926814321	23.682084467318173	24.224288472563607	26.587567791975015	0.0
151.0	26.916646732314938	24.456912475345653	24.79800406067687	23.827514150094796	9.22581567742858E-4
152.0	28.20110659767346	23.823152617164126	22.024140594315178	25.95146839026679	1.318005804497563E-4
153.0	25.98350630145219	22.81643676009669	24.146714045081545	27.05235437859325	9.885147763188764E-4
154.0	23.86002973491638	23.641301482528103	25.217014804192413	27.27921560977667	0.0024383685864315992
155.0	26.502309013656333	22.99976665976753	25.580615095399246	24.917111485217173	1.977459597204663E-4
156.0	26.987167487100255	22.929976191166737	24.688679071165474	25.393847670926593	3.2957964094275594E-4
157.0	25.209349539905606	22.376473224879373	26.570912542515885	25.84286919608722	3.954966119123579E-4
158.0	25.58655829988069	21.337710191355704	26.947866611296778	26.127798980930343	6.591653648150711E-5
159.0	28.126973412733463	20.981488976574152	24.215150272701745	26.675662242706533	7.250952841121077E-4
160.0	26.870750317232744	21.03241541833523	26.671412798075178	25.425355547865063	6.591849178490796E-5
161.0	25.141841236693423	19.3760369884767	28.84695121267913	26.631347259384064	0.003823302766686904
162.0	26.619024201809633	21.223946831694786	24.89812088907405	27.25884215758269	6.591983883917801E-5
163.0	25.269737635775254	23.052638309962774	29.024079444301247	22.65341276532908	1.3184463164917198E-4
164.0	26.54174247817947	24.014450333570654	23.918993750494423	25.522967592226355	0.0018458455290984361
165.0	26.8775125686115	21.3879992669134	27.11906196559503	24.61423954791235	0.0011866509677138642
166.0	24.803766832935793	23.22704503770393	25.0048456703441	26.96421060404083	1.3185497534971236E-4
167.0	26.03165917272116	23.93656298210683	25.474755732538668	24.556494679518455	5.274331148881182E-4
168.0	25.65845862530032	23.306877190576532	24.759349756448767	26.27505070138008	2.6372629430272085E-4
169.0	27.701418769854403	20.693745359888073	25.75148384680609	25.85289048478703	4.615386644125997E-4
170.0	31.171990900998914	21.896086770184287	23.142122440905943	23.789536148748887	2.6373916196881285E-4
171.0	26.178728847364756	23.651720397849214	25.86573742874945	24.302494634574114	0.0013186914624617992
172.0	28.03334785781478	23.9265012897344	24.13039336734391	23.909691564616253	6.592049065939608E-5
173.0	28.64127905673784	20.018811984301816	23.5081252743689	27.830201737768583	0.0015819468228575495
174.0	25.172404701167384	25.234563995069443	23.311251293612028	26.281252677859296	5.273322918520569E-4
175.0	25.54447639426696	24.549527278863938	22.876116870429186	27.027769977098963	0.002109479340945917
176.0	24.25759512572345	24.070630070916188	28.461803685373937	23.207927423804815	0.0020436941816026647
177.0	24.024526124938188	25.00992253172903	24.078523158068236	26.859469259930773	0.02755892533377287
178.0	24.677964045882998	22.09627096834585	24.73307321279192	28.492164412530347	5.27360448889214E-4
179.0	26.736600055904518	24.501342235864332	23.53494559857391	25.225793606843556	0.0013185028136850044
180.0	28.048946582691244	21.224510844915656	25.595204250429422	25.13094162932246	3.966926412192745E-4
181.0	28.91519192208157	21.414324425266802	24.95834690866517	24.711209648153886	9.270958325717903E-4
182.0	27.079481338242694	22.376824454981325	24.69173002039681	25.851699292733965	2.648936452014516E-4
183.0	22.72846180387918	23.286159804550728	26.793544451928103	27.191105442075504	7.284975664869927E-4
184.0	25.579374582754934	21.446926427110597	27.151991119965242	25.817402960718034	0.004304909451196897
185.0	25.69637486441996	24.439635592625507	23.321091950750176	26.54203676652686	8.608256775029168E-4
186.0	26.590027911781554	23.408945676322666	25.20404075186327	24.796919439910205	6.62201223085659E-5
187.0	25.982513784402983	21.875673471282354	27.326439197769297	24.814312570248234	0.001060976297126412
188.0	29.70224279480616	26.392296775733783	22.341074578564136	21.56398795708052	3.9789381540379594E-4
189.0	25.48194257276557	22.438349550620217	24.84700130516442	27.231446504175466	0.001260067274328583
190.0	29.604159232990533	19.8671157159741	25.36082898145483	25.16776342405845	1.3264552208614266E-4
191.0	26.37585402814534	23.39046435633509	24.11278315766556	26.120367438702136	5.310191518694861E-4
192.0	28.168475555113016	21.332005708785555	24.345514288559194	26.15373892263268	2.6552490955557767E-4
193.0	27.08575943274089	24.22064945325623	22.95108850808995	25.742170642482026	3.319634309084511E-4
194.0	27.685373981413303	22.755125550167946	24.242711955334563	25.316788513084187	0.0
195.0	26.834697435046067	21.018344816136796	24.064746409894582	28.081148833734538	0.0010625051880136134
196.0	28.715347284905857	23.163851593283795	25.713039046860896	22.407562227499675	1.9984744978000126E-4
197.0	26.05334219904818	23.89485599764943	22.291698452875018	27.758970706496644	0.0011326439307274973
198.0	27.685649646890393	21.942209686207892	23.77733794886588	26.594602391102278	2.0032693355556268E-4
199.0	25.44147892010474	23.147788341598975	26.552073544706367	24.85778971270345	8.694808864692053E-4
200.0	27.888437687497365	23.05051233394046	22.889043030164792	26.171940059704845	6.688869253341592E-5
201.0	24.97727307694109	19.913199542718925	30.566925520578653	24.541932928986977	6.689307743609537E-4
202.0	25.350416646596983	25.341585986545283	28.04550733479976	21.262423133118187	6.689893978560228E-5
203.0	26.277866551038382	23.66927097970884	22.4414564881655	27.610335348798614	0.0010706322886638777
204.0	24.989292272768644	22.838979874826666	23.88893945315637	28.282654552657927	1.3384659039195637E-4
205.0	26.724405053904704	23.575184495362436	25.904909012181008	23.794296789409263	0.0012046491425909728
206.0	25.40859674568312	20.744312374797282	25.141341443580217	28.70568250498468	6.69309546964447E-5
207.0	26.338545491301502	23.614228461609006	27.236476314346746	22.810415033613836	3.346991289120471E-4
208.0	29.420181272442292	21.395758972061923	21.13068635662745	28.053373398868338	0.0
209.0	27.012605739817104	20.816681042103063	24.95660582553399	27.21310289776654	0.0010044947793058003
210.0	24.738602212546155	23.973849169910068	24.882202713808354	26.40501101450673	3.348892286898263E-4
211.0	26.865421667698357	25.449523411393642	24.483684510937287	23.200298521061278	0.0010718889094334261
212.0	28.843700073984323	20.4303287477349	25.50073448205612	25.224901622293945	3.350739307120723E-4
213.0	30.485198752520404	20.79188534774734	23.03659760736579	25.685915966116085	4.023262503796954E-4
214.0	28.514902108666156	23.727426079931504	24.648768121874006	23.108903689528333	0.0
215.0	25.06303570264222	24.136338612132295	23.52295467546444	27.27706602834405	6.049814169874749E-4
216.0	26.331726555355882	23.55883132491735	26.514751469113868	23.5946228636078	6.778700509554917E-5
217.0	30.302110496687362	22.510577721269286	25.010214501112856	22.17627875663431	8.185242961884734E-4
218.0	24.51842329700066	23.449661267055482	26.426336434768594	25.605165660181346	4.13340993919754E-4
219.0	27.156372466771888	22.80822552022162	23.397841347462577	26.63658597885348	9.746866904443806E-4
220.0	27.459445051874194	21.53115556395956	24.303593619499033	26.70538711493819	4.186497290289629E-4
221.0	25.404121323924866	21.353733495406026	24.84513926042265	28.39651379668407	4.921235623840433E-4
222.0	25.69503753354811	22.58388176631625	23.97590267670203	27.74503650755801	1.4151587560471503E-4
223.0	30.327313351063225	21.849996005067858	24.099285477850955	23.72254910913013	8.560568878337194E-4
224.0	30.334497696162032	22.12413217578187	23.941409853095948	23.599817379133352	1.4289582679882624E-4
225.0	31.22134876880338	20.13577709162947	24.090972944923696	24.550754428666856	0.0011467659766002402
226.0	25.716952963526662	21.651598092242196	25.637911056059455	26.993392590547664	1.452976240206032E-4
227.0	28.815090913085186	22.730614606140936	25.077365827224863	23.3753908566993	0.0015377968497133107
228.0	27.1908922035644	27.222085302826876	23.392911662467125	22.194037262511266	7.356863033602472E-5
229.0	28.430057662747522	25.58469907230444	22.098882445630835	23.886360819317208	0.0
230.0	26.821348553241258	20.76584135758707	27.640226264511707	24.77258382465996	0.0
231.0	24.273401209639196	25.17285706160059	25.41933526723926	25.132737993667405	0.001668467853554026
232.0	24.969873434123624	25.00508778816508	23.762143044974522	26.262819511191225	7.6221545544279E-5
233.0	23.302728883929053	24.327462997207018	22.796779385113418	29.572413877911153	6.148558393627634E-4
234.0	26.375056538065838	20.628133029088882	27.77501326056881	25.219766098408652	0.002031073867813026
235.0	26.240657703943437	21.17996674619121	27.46266822827771	25.11654979525515	1.5752633249555578E-4
236.0	28.24052977671568	23.343666937086212	25.104490592843465	23.310832184784374	4.805085702707746E-4
237.0	28.95648563805121	23.607607588165365	22.797514852374558	24.63831099306363	8.09283452338465E-5
238.0	26.140824156643195	21.820172383557512	25.77173519341933	26.26726826637996	0.0
239.0	27.212998489607454	24.08483716675877	24.996623779693135	23.703966375331305	0.0015741886093369269
240.0	26.387730393789877	21.01368581499314	24.862294101458897	27.736204488892792	8.520086529998798E-5
241.0	28.15752463722602	21.256626534812987	24.411761693935162	26.17161231741827	0.0024748166075555297
242.0	26.556662142572296	24.14103536153105	21.632387951646386	27.668802062028586	0.001112482221678342
243.0	27.900739254164787	23.147215864444075	23.98732805078377	24.961460581823104	0.0032562487842623783
244.0	26.85703292144665	21.93577865821765	25.68982502187978	25.51616097677866	0.0012024216772579975
245.0	26.582153080659765	21.7870867536325	24.365825062734796	27.26209233149472	0.0028427714782153254
246.0	25.125055136475183	25.972279408781613	23.12477718821672	25.774262854459558	0.003625412066925107
247.0	26.066598374839078	22.291456138650865	25.834037016016282	25.67397804510029	0.1339304253934855
248.0	27.490656168661026	21.576693041606575	24.125924097340416	26.794253814405305	0.012472877986669613
249.0	24.600618402926145	21.561950379822626	30.091402841729405	23.727230875937373	0.018797499584453422
250.0	28.314967034923605	22.2224937552258	22.689433545303633	26.772145601427177	9.600631197862027E-4
