# Position (bp)	A	C	G	T	N
0.0	23.86368850726126	23.80108187116736	24.997627107919133	27.337518702894425	8.381075782315804E-5
1.0	23.05975037169213	30.19603024029473	23.828945130007604	22.840831336415548	0.0744429215899938
2.0	24.539203886725012	26.49995059883797	22.478800231289153	26.48135741886641	6.87864281459056E-4
3.0	25.804433602482675	22.052287845755	24.790526454111365	27.347046045549707	0.0057060521012536865
4.0	25.91356706628778	23.44655156951699	23.915364414543664	26.724392104901217	1.2484475035107385E-4
5.0	28.238471942692446	23.889923876456567	22.460872066392167	25.410316456801112	4.156576577025936E-4
6.0	25.856920572669523	23.899848176237537	24.138650629231602	26.098959056124592	0.005621565736743528
7.0	25.77414759346509	25.779137118567885	23.165847466698025	25.28018460828812	6.832129808810093E-4
8.0	27.851788307399733	24.24515908985205	23.54236280858057	24.360607109820318	8.268434733627207E-5
9.0	26.36529031065394	25.384665536575824	22.077643678066057	26.172256049754804	1.4442494936873918E-4
10.0	24.48326229942093	25.208195738624884	22.922639410752467	27.385902551201724	0.0
11.0	27.371060797719505	22.65026102781172	22.699367046949103	27.279151562875846	1.5956464382578574E-4
12.0	27.94266527796998	24.34206032484243	20.498800900697493	27.21645381169486	1.968479524761799E-5
13.0	25.13791923966097	23.153310314689737	25.054624852274554	26.654028852817785	1.1674055695363182E-4
14.0	26.423680859575665	21.87891183952451	23.479772124001617	28.217615915648054	1.9261250159146077E-5
15.0	25.445116161585425	22.828703506454772	24.608616560253687	27.11750671040859	5.706129752825676E-5
16.0	26.2591568787554	24.713078065581676	21.757850980982766	27.269801682990625	1.123916895336925E-4
17.0	28.357576013808494	26.872960756452514	18.9816787466476	25.786571276789346	0.001213206302055282
18.0	25.49738798170355	26.2071376606211	19.33014030869556	28.965169742394657	1.6430658513408785E-4
19.0	24.90011168879086	25.040481506826286	21.66535348275458	28.393544406063732	5.089155645463972E-4
20.0	23.470051395854217	25.094599382917615	23.76720257490107	27.668074443392086	7.220293501320682E-5
21.0	23.89154059362993	24.179091443818784	23.650730848717906	28.278332902964426	3.0421086895329454E-4
22.0	22.76475592539715	26.77779634428109	26.07222590303643	24.385168667625784	5.315965954427642E-5
23.0	25.16557261466809	23.86785251961396	23.497183761026925	27.469091082365836	3.000223251906686E-4
24.0	28.277242557523337	21.538850919392782	24.582402060578072	25.601452025156647	5.243734916615001E-5
25.0	25.164216209177127	25.109979663026884	19.98831455257274	29.737247138554636	2.4243666861539567E-4
26.0	26.51804922431193	24.940225063012065	20.126754204563728	28.414937070585566	3.443752671060665E-5
27.0	25.520889256455614	24.715046548939565	20.176819141766437	29.587176334505727	6.871833265960734E-5
28.0	27.419047944552105	23.682766531638176	22.67523054401978	26.220234345256344	0.0027206345335922697
29.0	27.57917092353001	23.97468241049475	21.698099547633205	26.74772722221736	3.198961246773258E-4
30.0	23.974284517720932	24.460946489436445	24.647790821353762	26.91679412137235	1.8405011651208966E-4
31.0	26.441743342549483	24.53113127158708	22.391827929843586	26.634931097033675	3.663589861781081E-4
32.0	24.26057010471237	22.638166598446023	24.640505780504114	28.46042768243196	3.2983390554018713E-4
33.0	23.669766605648533	24.878546678870293	24.494916971757323	26.956638990585773	1.3075313807531382E-4
34.0	26.27679885929673	26.621434937539167	22.44313585761699	24.658516871767823	1.1347377928960876E-4
35.0	25.20621424336457	22.153585737642224	26.10818299184062	26.53180848688314	2.0854026944686137E-4
36.0	23.94732539837732	24.383865518203063	26.171410436828623	25.49720630992489	1.9233666610034205E-4
37.0	25.28247288551913	25.153281537157536	21.647810572764868	27.916402959079527	3.204547894371692E-5
38.0	26.929676737256912	25.179172139813538	21.23254733604588	26.65850767308493	9.611379873770544E-5
39.0	23.361289679876716	28.029614102478273	21.174602188225023	27.43428582227887	2.08207141120558E-4
40.0	26.31904446892405	25.83222798768803	22.750679661463977	25.0979517997237	9.60822002439527E-5
41.0	24.21371719581883	24.485531903242546	21.554957536157232	29.740749677644345	0.005043687137044665
42.0	24.762053427408866	25.594372118676702	20.503662717767803	29.139863705753	4.803039363309102E-5
43.0	26.338323285713393	25.699783551550702	22.416637891717507	25.5413172251248	0.003938045893602644
44.0	28.798245066450264	24.843290068234968	22.69543323521456	23.662807541540417	2.240885597988325E-4
45.0	25.67530953404054	24.477823095284393	21.697718094168124	28.145212334790482	0.003936941716458577
46.0	25.638685182337344	24.41611515608215	22.035112862773197	27.910086798807303	0.0
47.0	25.712267784333488	24.21344048324988	22.97085005550679	27.101409574817037	0.002032102092809143
48.0	22.660269750529228	23.77747996738091	22.70051574376547	30.86173453832439	0.0
49.0	22.510155506366175	26.00295872042779	24.116834428258226	27.36825992594082	0.0017914190069876538
50.0	27.373029702305224	24.29270001255489	20.309777858456037	28.024412459246594	7.996743725954791E-5
51.0	24.585228157695017	27.00605650843584	21.02133258537144	27.384792173521188	0.0025905749765169177
52.0	22.888700570472846	25.858418852117136	21.527652186349673	29.725212428866477	1.5962193863079175E-5
53.0	22.462253064411396	24.92641827373151	23.98675839650715	28.622833400391194	0.0017368649587494573
54.0	23.1770095140397	28.05278556021519	22.65421455435036	26.115926635343584	6.373605116602716E-5
55.0	24.11200174656142	27.678851337147524	22.85343518218533	25.354075127246183	0.001636606859543698
56.0	26.746084753862498	25.141412132242664	24.797120219218197	23.315382894676638	0.0
57.0	22.809116707736926	27.69854790478139	23.245676185053814	26.241337437393803	0.0053217650340656505
58.0	25.863969300575974	25.003847911477546	21.544190304915016	27.587785990361873	2.0649266958964983E-4
59.0	27.652629293496744	22.61236720196451	24.48876061943536	25.243495161544704	0.002747723558680019
60.0	24.304231445008977	23.18065625138754	23.321297406329087	29.193814897274393	0.0
61.0	25.467727355539388	23.751288110347076	22.42725575691576	28.34746561563945	0.0062631615583316775
62.0	25.57419811882424	22.00466369737941	24.810286580985323	27.610677193784127	1.7440902690386083E-4
63.0	26.450882063363967	23.771587840890895	22.560195453889655	27.21468694558905	0.002647696266431175
64.0	25.45114289110354	21.273755264725207	23.612257924726084	29.66281226501532	3.16544298554453E-5
65.0	24.796933054099963	25.784362646348658	23.7864608531241	25.627179136816913	0.005064309610366262
66.0	24.415319619788423	23.59932128587272	23.287389413021792	28.697494923253775	4.7475806329094696E-4
67.0	26.666895593092455	24.69422497749769	21.563540059170624	27.074627271910156	7.12098329069183E-4
68.0	23.545914839332006	22.2009887212608	26.98336845643085	27.269617217839265	1.1076513708451602E-4
69.0	22.85738065370365	24.625865990878378	25.20584095261845	27.307811101645463	0.0031013011540637807
70.0	26.497936120373964	22.98847178743067	24.34379434702691	26.169513355416722	2.8438975173090665E-4
71.0	24.70425637245422	23.084906637262918	25.82062483283473	26.389424106693244	7.880507548816986E-4
72.0	27.668038132075463	25.631783915717598	21.848298107453378	24.8503984856097	0.0014813591438626662
73.0	25.730045588653322	22.60208914904332	22.577665530679532	29.086481038763278	0.0037186928605509083
74.0	25.09568013994909	25.315374628335057	23.632762190680953	25.955379568900966	8.034721339321879E-4
75.0	25.74616637627643	24.54232818402654	22.292108422157035	27.41703398668511	0.002363030854881549
76.0	26.841586661720264	23.834802683345817	25.18362740024685	24.13899082315894	9.924315281318896E-4
77.0	24.375363279939386	24.46412566296128	24.141729976482303	27.01821400949214	5.6707112489584E-4
78.0	27.3485155158482	26.06723928003818	20.258258816413516	26.32556110177407	4.252859260286013E-4
79.0	27.361599431960475	20.590471918239103	22.878932166340572	29.16631883486374	0.002677648596108841
80.0	23.964620898599062	23.59099737729581	28.00535250895707	24.43652495159999	0.002504263548065795
81.0	25.29347117010161	25.389166065292397	21.625991086326056	27.690977936940275	3.937413396592342E-4
82.0	23.27550852630843	22.064063384908852	23.765387767649983	30.893843381015646	0.0011969401170859421
83.0	25.933271199770953	22.149712067948375	24.000127878808687	27.91610142238402	7.874310879683365E-4
84.0	23.31386731655573	25.55505233526062	24.852918296271053	26.277043979004166	0.0011180729084320335
85.0	25.553756232936486	26.790549084187827	21.254577171256987	26.400692350789807	4.2516082889355205E-4
86.0	25.7233081215049	24.6659544266087	22.84145992941108	26.76754547222382	0.0017320502515015693
87.0	22.77383488820129	22.106232550640538	25.51848175693676	29.600742280715124	7.085235062907441E-4
88.0	24.654195369244796	26.992181835729596	25.643600848997504	22.7092819622983	7.399837298045451E-4
89.0	26.474999260044346	26.161667400324824	22.631559391989462	24.731033991988326	7.399556530407769E-4
90.0	23.905868350767598	25.764430006194942	25.08586726448786	25.24366120351923	1.7317503036466726E-4
91.0	26.806249605452216	25.13309936747988	23.96375811941956	24.09640488844117	4.880192071765901E-4
92.0	25.810265697916495	24.280887176181402	22.468423923438195	27.440407460667153	1.5741796752939582E-5
93.0	26.858786077877983	26.167251275485103	20.948116236278825	26.025688996503998	1.5741385408774656E-4
94.0	28.306803308428556	23.222624752769025	23.193330882995312	25.27295952298687	0.004281532820231502
95.0	23.500767819939142	26.513650447060723	23.948804448633506	26.0342588097815	0.002518474585128534
96.0	26.49892182015645	24.193285379251726	23.711457038074702	25.595454330820207	8.814316969134151E-4
97.0	25.567766340310076	25.133113887567678	23.458688343048063	25.840384211614804	4.721745937960665E-5
98.0	28.463749494200403	22.773454818619594	23.985611132611805	24.777137338736292	4.7215831909120226E-5
99.0	22.331851618740412	22.152299280122733	26.528429251406315	28.98740411470831	1.5735022225718893E-5
100.0	22.59024661410479	24.83444016000486	24.608559092460347	27.966754133430005	0.0
101.0	23.627354975783145	21.829782199353545	28.418270634672897	26.124497789771528	9.44004188861254E-5
102.0	25.160545713024685	23.64371463120471	24.607531758650776	26.58816069283305	4.720428677862999E-5
103.0	25.623260112391193	25.514276714934862	25.55154850193848	23.31077307255774	1.4159817772585147E-4
104.0	26.008076569452896	27.04993137370276	22.71187464640623	24.22989715180414	2.2025863398112447E-4
105.0	27.507523392254967	23.209525471286817	20.86097784353704	28.418920983416363	0.0030523095048131305
106.0	26.22025856725071	23.111501226882282	25.164365724829718	25.503780081271906	9.439976538511643E-5
107.0	26.3166655548661	23.988413569672765	22.764336878089182	26.930033341430597	5.506559413573449E-4
108.0	23.62694962361968	23.9799851121653	25.06149254632942	27.331462600765033	1.1011712056943767E-4
109.0	26.36203761380725	23.88899899956585	25.401825320422073	24.34666616330357	4.719029012590369E-4
110.0	24.63128449088915	23.714505567932935	23.207040026576582	28.447106996550204	6.291805112594999E-5
111.0	24.627940342099993	23.63595952484207	24.698268044655496	27.037313006723995	5.190816784458882E-4
112.0	26.163703440969982	23.903058596290613	23.62039148082115	26.312783565638586	6.291627966600893E-5
113.0	28.01904967722848	21.969853896795847	22.77132884852128	27.23926426685025	5.033106041410194E-4
114.0	26.107772733335516	22.555079563213937	26.979485701774475	24.357473254529303	1.8874714677229794E-4
115.0	27.55017917284922	22.966921802428057	26.177199674891842	23.30527463915716	4.247106737185417E-4
116.0	26.739422977854577	24.326447018739888	25.084599660704747	23.84940450301583	1.258396849603487E-4
117.0	26.402399018320295	26.32771283634933	23.918941897516653	23.350442886856886	5.033609568388429E-4
118.0	26.90625620839735	24.328580751911538	24.86091223703333	23.904014854065007	2.359485927789978E-4
119.0	26.972731604242302	20.986413385865788	24.690835433703416	27.34962632210058	3.932540879155693E-4
120.0	24.973530275528947	23.639434140132316	24.751752444408858	26.635235949810475	4.719011939572108E-5
121.0	27.683446252738435	23.672097840728032	24.116602479492116	24.527381520354357	4.719066870593276E-4
122.0	26.915735134802677	23.577746173972393	24.334009052125463	25.172210764488224	2.988746112467145E-4
123.0	24.24063291666896	28.105520717733416	22.916550984822802	24.73679201728424	5.033634905741254E-4
124.0	25.334580615913676	24.46048133425469	22.552686389650177	27.652157280298972	9.437988248760831E-5
125.0	26.499341787873703	24.057971743989224	24.2502681532136	25.191757664683195	6.606502402800654E-4
126.0	24.0941649700636	23.814077996184235	24.74646906530135	27.345162129082563	1.258393682486196E-4
127.0	25.503060218108374	23.036875195638462	27.75963091771938	23.699788749785682	6.449187481026019E-4
128.0	26.244327022719595	23.441295814030163	24.462966540051706	25.842491787435357	0.008918835763178642
129.0	24.537741817459967	26.070873872845063	22.152686217494065	27.23570943870256	0.002988653498344758
130.0	25.98243273852969	24.600568167518183	23.97497042760426	25.4419972063524	3.145999546976065E-5
131.0	26.199636321308233	24.24078927084939	24.201118091756513	25.358031604810876	4.2471127498324747E-4
132.0	26.559624845019858	25.094340869172377	22.096448378910054	26.243875905145387	0.0057100017523256065
133.0	26.397572048354544	25.798244630222328	24.427330941015306	23.375074894298564	0.0017774861092606554
134.0	26.707892420005624	22.927136498476646	21.06077796844064	29.304161653442872	3.145963422197886E-5
135.0	26.329095128077356	23.394062485843286	26.205617132013547	24.0709893088504	2.3594521540854383E-4
136.0	27.994757523672387	26.0933059485464	24.6461352073781	21.259934050629347	0.005867269773760909
137.0	28.61870595034318	21.493306764460588	24.17105714771993	25.716788568253822	1.4156922247351633E-4
138.0	25.396000756871178	24.155185015838143	26.484592905701117	23.962994473047317	0.0012268485422444063
139.0	25.829189959138006	23.567553318073195	25.377142604582353	25.22499736934864	0.0011167488578097157
140.0	27.131742709220045	21.743788217100498	25.182422854856334	25.941810286522475	2.359323006419246E-4
141.0	26.166790743281577	25.241398879551202	24.86029780589657	23.731087884779722	4.2468649092720223E-4
142.0	29.140641294530717	22.412041189270504	23.43991689917135	25.007164678121136	2.359389062941894E-4
143.0	27.292228524007516	24.811274131225545	23.825671625639348	24.07074707351823	7.864560935719169E-5
144.0	28.138366896890172	25.13452424582271	22.65485820884958	24.07174731305416	5.033353833764052E-4
145.0	28.506307913507023	22.194493593465133	22.530026429581124	26.768369880123927	8.021833227974682E-4
146.0	27.937276814117922	21.172747976492566	24.725806662179682	26.159890236154904	0.00427831105491983
147.0	26.32557089023283	24.398006832736677	26.273588489067418	22.999247710061198	0.00358607790188019
148.0	24.44653634000066	24.26858366088014	23.680509352975132	27.603930247079607	4.4039906446655873E-4
149.0	27.912169044531726	24.804948375256615	23.9543087518898	23.326513368452378	0.002060459869476945
150.0	25.780360204118708	23.779109117439667	25.151136272658253	25.28937867675799	1.5729025383973035E-5
151.0	26.48858808903027	23.958280902382796	25.745190613769292	23.80764153839959	2.9885641805168264E-4
152.0	27.645130110413156	23.998326382209317	23.099338810866247	25.257047401606137	1.572949051393751E-4
153.0	25.078817189264914	22.808168013725037	24.5834285630694	27.52909861574632	4.87618194324659E-4
154.0	23.05724258454414	24.00668205048346	25.09312871913209	27.840146728264852	0.002799917575460138
155.0	27.60114611124869	23.377330949062806	23.877417322755363	25.143995486541908	1.1013039123664159E-4
156.0	25.841949744736898	23.457789666473726	25.919341295480123	24.780714761867976	2.0453144128114719E-4
157.0	25.43111837077871	22.549653719204734	26.07923355195722	25.93980555915235	1.887989069801945E-4
158.0	25.003323704946883	21.081698004943156	26.06739702690069	27.847534062665645	4.720054362439444E-5
159.0	26.78606127288899	21.785881120519416	24.238234752225985	27.18946097624333	3.618781222805056E-4
160.0	26.774340738875953	21.136352193341303	25.696897224494936	26.392394109132105	1.573415570520486E-5
161.0	24.51904679786214	20.53832394724321	28.825267044124274	26.113507284394753	0.0038549263756265436
162.0	25.61030028655964	23.40579564200248	24.33856206599872	26.645310536117655	3.1469321502546814E-5
163.0	25.53701206773465	23.656240524508156	27.40654873614739	23.400119996015867	7.867559393385995E-5
164.0	25.5804014549611	23.879747301530553	24.847413503897037	25.690895667154045	0.001542072457264137
165.0	26.67556062882767	22.039291737222758	26.29882611344082	24.985928121616276	3.9339889247196606E-4
166.0	25.283147432427327	23.294569007843087	25.629949139526392	25.792271474072486	6.294613070134579E-5
167.0	27.15025203863223	23.277791093171437	26.165341308510992	23.40645818799402	1.5737169131920442E-4
168.0	25.683922507589173	23.78801844913512	24.0395403359616	26.48847149384517	4.721346893251448E-5
169.0	26.94179593401581	22.354524459519734	25.538025076307637	25.165544361356183	1.1016880063633499E-4
170.0	31.052101352437106	23.03378346369387	22.82501039930662	23.089010352720244	9.443184216535991E-5
171.0	25.548042182612107	23.20309652253456	26.899284638198672	24.34908875258353	4.879040711345249E-4
172.0	27.273270955553468	24.31117102813799	24.12741195586005	24.288020154951894	1.25905496593312E-4
173.0	28.72938497407655	19.970256291620537	23.1565785922413	28.142552623938023	0.0012275181235969113
174.0	24.14154340429188	25.15956152722075	24.045455561182276	26.65301461838208	4.248889230198839E-4
175.0	25.64292365012667	24.272691809404396	23.142214347905384	26.940879836886456	0.0012903556771007658
176.0	24.59378346846871	23.981936979906095	28.026005914841267	23.396794454387837	0.0014791823960929444
177.0	23.010219570389953	26.224056255243593	23.939513211852166	26.801014953776104	0.02519600873818357
178.0	25.141669737606907	23.36789885062391	23.479491206830737	28.010656975607972	2.832293304741857E-4
179.0	28.63250324560368	23.810220701050394	22.947417286281915	24.60899327274873	8.654943152759746E-4
180.0	26.508178418842178	22.18427460836685	25.481589606125432	25.825768084276092	1.892823894504091E-4
181.0	28.15054304919461	21.777869675143513	25.978993904972157	24.09208790007604	5.054706136760762E-4
182.0	25.617160956145973	23.038048499109728	25.682883000703345	25.66184436495462	6.317908633248405E-5
183.0	24.035171626658514	24.461067430975152	26.035400337949365	25.46802890986532	3.3169455164847457E-4
184.0	26.135047603763823	21.682994756604472	26.138032908482877	26.040355001696412	0.003569729452416138
185.0	25.000098706564966	23.881571705423603	24.58692092214358	26.531092804859963	3.1586100789036595E-4
186.0	27.436697434919	23.118549430791017	25.21545726407576	24.229295870214223	0.0
187.0	25.001396161276325	22.923465207423686	27.659370820909608	24.41532483570781	4.429746825730437E-4
188.0	27.664411829155515	27.428243243991563	22.081675694191187	22.825305336536676	3.638961250600231E-4
189.0	25.623651437772825	23.045867373231392	24.554817230015015	26.775094352877627	5.696061031395265E-4
190.0	28.873802289773998	21.299838298339644	25.397620094615803	24.428581080984856	1.5823628570067738E-4
191.0	26.640014681518497	23.68279171990249	24.55843716630211	25.118471169611794	2.852626651076534E-4
192.0	27.005535155942923	23.388791610349365	24.100513385555214	25.505112300712828	4.754743966546889E-5
193.0	27.56999183354637	24.066817822143772	22.02120995394323	26.341790177937384	1.9021242924097633E-4
194.0	27.999735592988205	22.753903649324016	24.502635827213506	24.74372493047427	0.0
195.0	26.683957539223137	21.38812443974307	24.639984881188273	27.2874099427115	5.231971340212265E-4
196.0	28.729787007403946	22.29156630720092	25.83234364988895	23.14622354286005	7.949264613530603E-5
197.0	24.808444699920415	23.8980173845568	24.061384197433103	27.23159718329791	5.565347917725076E-4
198.0	27.456354562010105	23.104418215068318	23.891400379704915	25.547747200436827	7.9642779832473E-5
199.0	25.9724019324615	23.3449385059884	25.24398706692625	25.438257625259038	4.148693648174503E-4
200.0	27.644692821231747	23.672676700500205	23.828681720874528	24.853948757393525	0.0
201.0	25.42269905959065	21.119464879356396	28.60731098972072	24.850301646909298	2.234244229386025E-4
202.0	25.121943823327094	25.11340512226303	28.069184226864508	21.69546682754537	0.0
203.0	26.43384920240866	24.157427502508888	22.533651652512702	26.874417080929682	6.545616400696453E-4
204.0	25.7604057328089	23.72415750950258	24.432424008923466	26.08296484868845	4.790007660818919E-5
205.0	27.54192464143005	24.349592230219276	24.99137356342487	23.116438930337832	6.70634587978875E-4
206.0	25.552217116530862	21.619718703464905	25.770355672840072	27.057676568868942	3.1938295213647234E-5
207.0	26.399197323645506	23.42150379153414	26.537289089025585	23.64173827601551	2.715197792576138E-4
208.0	28.35552546657314	22.359567990228676	21.714882432785814	27.56994423758269	7.987282967550385E-5
209.0	27.260593554093422	20.679874012668392	25.25328956092642	26.80573161196234	5.112603494272766E-4
210.0	25.03334916366625	24.507768261823053	24.18731587650295	26.27129504693811	2.716510696340764E-4
211.0	25.29644609929248	25.26732375748538	25.242069476445188	24.19352131788986	6.393488870933841E-4
212.0	28.335882329897448	22.257049181376363	24.389987680072018	25.016824976275544	2.5583237862552454E-4
213.0	29.811038703197628	22.89264334959072	22.282215522170485	25.0138784500547	2.2397498647351065E-4
214.0	27.598454246044724	24.75842991894221	24.387776191297217	23.255307625944706	3.20177711436956E-5
215.0	26.124835970110468	24.692105068964743	23.076928012936303	26.105890317343693	2.406306447938758E-4
216.0	26.347512263228534	24.48466231112715	25.638022663526062	23.529754125854762	4.8636263489875636E-5
217.0	29.391460440043083	22.88126980350738	25.004509709600846	22.722253521494977	5.065253537180922E-4
218.0	24.424776573258015	24.433017301408753	25.063910967173058	26.078097380684557	1.9777747561774557E-4
219.0	26.45768995261168	22.79962129279591	24.348876524146746	26.39331305574783	4.991746978329163E-4
220.0	27.8560609959635	21.96214956363182	24.52494788112284	25.65655748717164	2.8407211020126344E-4
221.0	25.850937841702414	22.482631003448567	23.855311632601563	27.810968121793255	1.514004542013626E-4
222.0	25.87274307428687	24.59346240205794	23.730867157307927	25.802774448028586	1.5291831868007705E-4
223.0	30.341511133994082	22.599167632041876	23.973020980821214	23.08576822413867	5.320290041618398E-4
224.0	30.12152344796769	22.803766480415792	24.07133994333011	23.00328412929982	8.599898658794205E-5
225.0	30.60426411983293	19.79923134166479	23.899711156339876	25.695928477203356	8.649049590536694E-4
226.0	25.341355391079684	22.492313311099675	25.28526156585651	26.88092993426887	1.397976952602465E-4
227.0	27.481532622509636	23.68963972491825	25.21872640686332	23.608689737648287	0.0014115080605049987
228.0	27.81331125310326	27.58659671443767	22.863988464225613	21.736032692254195	7.087597926239722E-5
229.0	27.601483375300816	25.40807477218164	22.207982829795053	24.782441149008154	1.7873714343727257E-5
230.0	26.03320348997027	22.744563786183406	27.110742271626354	24.111436340798065	5.4111421911085554E-5
231.0	24.670784022817973	25.16401240135843	24.23325331926926	25.93048981276563	0.0014604437887051833
232.0	25.395712816881645	25.200348903439778	23.993862087752333	25.409929439690792	1.4675223544928655E-4
233.0	22.938160712283633	25.396480648757034	22.191222840665546	29.473728101346047	4.0769694773973736E-4
234.0	27.763326249652128	21.247567235622377	26.124427124742628	24.86362707904227	0.0010523109405949805
235.0	25.599979319414867	22.02020424738922	27.469310334799285	24.91031601948917	1.9007890745685255E-4
236.0	29.130122568639997	23.61013355281135	23.642658562309848	23.616912003577173	1.7331266162609257E-4
237.0	28.098366955000397	24.37031616340202	22.030051540293453	25.501109929767583	1.5541153654803391E-4
238.0	27.258779041332442	22.600248533098185	24.020572515008247	26.120360579480543	3.933108058014131E-5
239.0	28.02394613116583	23.211052673519802	23.69194756554307	25.071938003028134	0.0011156267431667861
240.0	25.539076638794832	21.66302964455954	25.99562322714463	26.80202356296472	2.4692653626887833E-4
241.0	29.142796157423184	22.0103024177016	23.349221137716235	25.495496349321268	0.0021839378377119913
242.0	26.745040183924445	24.20618994295303	20.920146630859538	28.127756141550474	8.671007125090426E-4
243.0	28.145467347705814	22.783245907383723	24.648946493002097	24.419713232956386	0.0026270189519766456
244.0	27.085241348208232	22.424742090274467	25.58100542565338	24.908182127364306	8.290084996168944E-4
245.0	28.961575208740083	21.173036181614258	23.529805175923233	26.333817970340217	0.001765463382212437
246.0	24.45494169414653	26.704039279732868	23.356232640875472	25.48222737722483	0.0025590080203056246
247.0	25.772140219863086	23.12658394689117	24.873847337133974	26.08901301860444	0.1384154775073285
248.0	26.139635239053487	23.115390292876512	23.925246367413003	26.809622646906465	0.010105453750532676
249.0	25.836900613209128	21.230355527259324	28.220981469691388	24.696432161645948	0.0153302281942164
250.0	27.66512324948786	22.107142257447023	24.191385129462336	26.035509789434798	8.395741679819996E-4
