# Position (bp)	A	C	G	T	N
0.0	24.071980245591472	23.694294312958213	25.36914019080311	26.864585250647206	0.0
1.0	22.796075875307874	30.636103329405078	23.392463707327884	23.099810657289694	0.07554643066946769
2.0	24.463603036509966	27.584090438704795	21.948324138636522	26.00291185223777	0.0010705339109458524
3.0	26.303709329843546	22.16219685704811	24.617888034270326	26.909192914391944	0.007012864446084742
4.0	26.061338965614734	23.382481165673177	23.55900472075779	26.996818774693697	3.5637326060151053E-4
5.0	28.12220357609952	23.79283498339651	22.333531926408213	25.75107347073442	3.5604336133416567E-4
6.0	25.880424618586368	23.44907196163879	23.62352729242245	27.04176142996484	0.005214697387555124
7.0	25.56077567908578	26.273829049297646	22.823265642534402	25.34118362129416	9.460077880091147E-4
8.0	27.58992907600617	24.584035259087283	23.66905439393725	24.156863300254344	1.1797071494972088E-4
9.0	26.371060607130996	26.03502153522994	22.112524814377856	25.48103981368317	3.532295780319461E-4
10.0	24.07703484097152	24.439268004305855	23.53844977382486	27.945247380897758	0.0
11.0	28.13629580688335	22.655704654706803	22.93107486019362	26.2768115433742	1.1313484202416334E-4
12.0	28.283331812628383	24.755370499362417	19.85632676314612	27.104970924863082	0.0
13.0	24.34777172476499	23.642760861148616	25.087221513579795	26.922245900506603	0.0
14.0	26.617748923849405	21.93938001151218	23.391627759753106	28.051243304885304	0.0
15.0	24.798522229099387	23.486230882461413	24.94091161275219	26.77433527568701	0.0
16.0	26.40593824676537	25.822163104571803	21.202839045902664	26.568954701566593	1.0490119356578039E-4
17.0	28.79474376466401	26.284654108377126	18.799182599766397	26.11998764490137	0.0014318822910934876
18.0	25.781355257439753	26.042608971365418	19.295496285821084	28.880235584194303	3.039011794404774E-4
19.0	24.994078164200666	24.28748975648403	21.70274702623046	29.015382661469562	3.0239161528529136E-4
20.0	22.384043785705725	26.517618153489675	23.75404498421957	27.344193200431466	9.987615356957371E-5
21.0	23.177137242511193	25.09382363632582	23.5020161310292	28.22692394169216	9.904844162134376E-5
22.0	21.577886039930704	26.757844651213837	26.081358615986396	25.582812708217382	9.798465168416018E-5
23.0	25.03157562361857	24.265282017097615	23.071742935441495	27.631204512585423	1.9491125690473124E-4
24.0	27.719068441430856	21.69822587791112	24.412382254926513	26.17013079575444	1.9262997707703271E-4
25.0	24.601368045387993	26.05358177769644	19.058934998779893	30.28601985724744	9.532088823816496E-5
26.0	25.832005334064718	25.5455357945061	19.96472329539275	28.65773557603643	0.0
27.0	25.495070974943808	24.80276357273235	20.660515756286678	29.041366852212214	2.8284382495361363E-4
28.0	27.937788501399712	23.707723336764687	22.734119904791626	25.61859823836562	0.0017700186783550006
29.0	27.287684089936647	24.24526001481461	22.220075177246233	26.24698071800251	0.0
30.0	23.683117447455697	24.838667566178476	25.26024525998965	26.217695856068374	2.7387030780283894E-4
31.0	25.903830427588737	24.026600519340015	22.26590898570771	27.803387781441536	2.722859220009748E-4
32.0	23.234040644206182	23.213135346103808	24.757346014086405	28.79520882867525	2.691669283567359E-4
33.0	23.509456425214886	25.159617928307	25.641332726532372	25.689415492764077	1.7742718166680418E-4
34.0	26.377270070628335	26.431843307912768	22.936779545246495	24.254107076212406	0.0
35.0	25.53792307652144	22.05471560520806	26.272384091783263	26.134977226487237	0.0
36.0	23.810591893811555	25.316863970399663	26.1542420519936	24.718215146701997	8.693709318873956E-5
37.0	24.971407515043644	26.088078758825432	21.176863204513616	27.763563614368202	8.690724910746255E-5
38.0	26.565440658968274	25.64806367246218	21.117917437809	26.668491341483545	8.688927699432613E-5
39.0	22.824305130243285	26.917293233082706	21.97000299709412	28.288051150406346	3.474891735404369E-4
40.0	26.195404525290922	26.02072680178204	23.127643292627315	24.65613851917416	8.686112556383729E-5
41.0	24.173533621444353	23.943380626155108	21.813900893514724	30.063713297111015	0.005471561774800939
42.0	24.213687371582107	25.95218121533911	20.823368191789243	29.010676379097433	8.684219210535E-5
43.0	26.4197603760904	25.53163407251237	22.51462699216247	25.52955008431469	0.004428474920070369
44.0	29.575876287048636	25.053852224806665	22.947776582508727	22.42232125880064	1.7364683532983784E-4
45.0	25.556094753354625	24.69822044470218	21.63862500510019	28.1020247118499	0.005035084993102802
46.0	25.00277776813275	24.62170270242117	21.61659160905691	28.758927920389166	0.0
47.0	24.829224597213084	23.957336962654217	23.641825608585382	27.569095684568502	0.0025171469788160383
48.0	22.77632967277069	23.9399235030335	23.047401046800594	30.23634577739522	0.0
49.0	22.231139716504664	26.048357498778785	24.473836505599365	27.244236864458614	0.002429414658567461
50.0	26.619909667142682	24.41824147641993	20.275353844178422	28.686408253848168	8.675841079413444E-5
51.0	24.2642256076986	26.637682994848344	22.166870656894798	26.927751027251993	0.003469713306263787
52.0	22.54192342245174	25.847196629666115	21.395261399263802	30.21561854861835	0.0
53.0	22.205753402387078	25.15336468366318	24.14341478769347	28.495045806187164	0.0024213200691113926
54.0	22.617948185811628	29.09126284113313	22.119867870360764	26.170834630417488	8.647227698799765E-5
55.0	23.552614902317835	28.957703393505792	22.041966386540132	25.44530117697979	0.002414140656456576
56.0	26.268329122021157	26.623855251553703	24.888294621158632	22.21952100526651	0.0
57.0	22.80517250445452	27.99672774699864	22.89835758070509	26.29457000819787	0.005172159643879568
58.0	24.989053347262303	25.858924366387054	21.39113855531766	27.76062514868485	2.585823481345869E-4
59.0	27.825510632374854	22.702940763283248	24.162850767532234	25.305336570491356	0.003361266318301578
60.0	23.971743420628336	22.79452926482159	23.702420211279414	29.53130710327066	0.0
61.0	24.079820404948666	24.291331237140614	23.085289593581077	28.53754016341361	0.00601860091603106
62.0	25.252078876959374	22.412752508752263	24.59978609404984	27.735296545178173	8.597506035449236E-5
63.0	26.41715762931453	23.42753683616878	22.80227408912208	27.34985054045294	0.003180904941664782
64.0	25.134088827032926	21.86667445113088	23.74962759065967	29.249609131176523	0.0
65.0	22.87344233584162	27.571310219307094	23.3494018312078	26.200351131734497	0.005494481908989058
66.0	25.104112206818225	23.13527332727246	22.948038758671725	28.811888922941943	6.867842956469036E-4
67.0	27.07506352585674	25.643585605384246	20.61774603392624	26.662574685804547	0.0010301490282260833
68.0	23.165111034614778	23.11643762120066	26.76728700231006	26.95107849811187	8.58437626351288E-5
69.0	22.823410043151956	24.839457042472958	25.35535768395806	26.978255775125692	0.0035194552913293503
70.0	24.31824819268647	23.20264264737495	25.714339547985343	26.764512678386833	2.5693356640062626E-4
71.0	24.574200315973023	22.844030354577725	26.734885658221657	25.846030151440015	8.535197875759952E-4
72.0	26.455761128099127	26.19273371845826	22.434906690130326	24.915489003115876	0.001109460196408592
73.0	25.62449224803555	22.573884311061654	23.558837785621147	28.238262822657173	0.004522832624471767
74.0	24.99788810092062	26.394386700240887	22.66797277314108	25.938643145372893	0.0011092803245242254
75.0	25.735095235372967	24.259060009846493	22.077131991627923	27.925555742322256	0.0031570208303647387
76.0	27.26728223050027	23.2141851571872	25.796601145692733	23.72090761252583	0.0010238540939659158
77.0	23.834208384451447	24.918481181993002	25.251978889569514	25.994904967230376	4.265767556619533E-4
78.0	26.89455306130632	26.49435274786868	20.53733141209883	26.073165592157405	5.971865687621943E-4
79.0	27.65419270740026	20.780462753006734	22.588427591831444	28.973589876147628	0.0033270716139368476
80.0	23.580449646194726	23.060340966769175	28.518880277755265	24.838452384506784	0.0018767247740466026
81.0	25.403741755410802	25.148513500141608	21.469200296173966	27.97828853758987	2.559106837592256E-4
82.0	22.60233893187072	21.61464775276586	24.673769331161022	31.107964480990844	0.0012795032115530609
83.0	25.21019370148187	22.643429426350533	24.388184286373512	27.75725431625313	9.38269540955892E-4
84.0	23.818471185469235	25.87124210210292	24.47751061013387	25.83183790717668	9.381951172914477E-4
85.0	24.94861398484262	27.620686773026478	21.643448432321417	25.78682436984967	4.2643995981229824E-4
86.0	26.33975439790473	25.761525977210297	22.311259164877825	25.58609590916185	0.0013645508452966065
87.0	22.09776827174739	22.149022376979488	25.581427081441156	30.170758893354787	0.0010233764771799838
88.0	25.134909264565426	27.14737685905308	25.52027902851685	22.197008459544275	4.2638832037112843E-4
89.0	26.569585690433513	26.11149673658521	22.778669359033614	24.53896911225226	0.0012791016954066606
90.0	23.598841690940223	24.993945822788262	24.950287530782507	26.45675441528586	1.7054020314749E-4
91.0	26.681741675065357	24.316807099578615	25.30512396806963	23.695986193747963	3.4106353843189213E-4
92.0	25.63772443347015	24.6460307526504	22.582069878125104	27.134174935754345	0.0
93.0	25.884401185453974	26.049464397161188	21.34848800051838	26.717475897019654	1.7051984680496962E-4
94.0	27.439490706519376	23.417388583525376	22.960835317698837	26.178448810190645	0.0038365820657692475
95.0	23.991187947540325	26.375966695625262	24.20117329204673	25.428602851469684	0.0030692133179986343
96.0	25.58176808391647	23.944479682448748	24.651825783306734	25.8209034114935	0.0010230388345541597
97.0	26.06384656500979	25.04580015361913	22.69036368177823	26.199904350353915	8.524923893741938E-5
98.0	27.82619370139286	23.301930944296632	24.352437613645762	24.519437740664742	0.0
99.0	21.487291953090306	22.23692991929139	27.253069083464236	29.02270904415406	0.0
100.0	22.646468968326957	24.88312569410766	24.6854728114354	27.784932526129985	0.0
101.0	23.25714787342935	21.90943484349125	29.105930943024116	25.727145427380915	3.4091267436617945E-4
102.0	25.555673004956176	24.62751964483301	24.38030759998022	25.43641450469788	8.524553270785844E-5
103.0	26.02995328855399	25.867997545091885	25.1256435609806	22.976149885778582	2.5571959494016165E-4
104.0	25.379400051825485	27.17087407771095	22.948887115911788	24.500583036700625	2.557178511517532E-4
105.0	28.055391451050397	23.62525180451019	20.263283300640307	28.053601220085028	0.00247222371408136
106.0	26.90162721389065	22.47478364056714	24.761561334233555	25.861772067298183	2.557440104752747E-4
107.0	25.566516573092617	25.049742294846066	22.39426245859071	26.98913768087526	3.4099259534579206E-4
108.0	23.627277074502135	25.17642506015798	23.917774286734726	27.27826785922819	2.5571937696530994E-4
109.0	25.78685239437532	24.927398615906927	25.41521513620591	23.869937188189095	5.966653227490587E-4
110.0	24.72688622596271	23.82322632665916	23.645000251442813	27.80480196108347	8.523485184904225E-5
111.0	24.43589603712278	23.924298577892035	24.5867669972758	27.052612198556414	4.2618915297462976E-4
112.0	24.947198134419317	24.725421775676878	23.657366606037566	26.669843017794953	1.7046607128550168E-4
113.0	28.934449702044102	21.199954317974175	23.07385488115855	26.791144505202297	5.965936208800949E-4
114.0	26.87913419751077	21.285561236622055	28.367338763633636	23.467710111625998	2.556906075464526E-4
115.0	26.821769519263555	24.096999659052166	25.6672349130583	23.413569723832254	4.261847937265598E-4
116.0	26.25351281917963	24.638702764994637	25.21140842633372	23.89612027926966	2.557102223570857E-4
117.0	26.0417581199896	26.56861449813968	23.618184685279815	23.771016506348104	4.261902428005813E-4
118.0	26.469131677396646	24.136352671725795	25.67505943182409	23.719115269184186	3.4094986928834384E-4
119.0	27.11995444789381	21.30276977945075	24.771514931441693	26.805505122054758	2.557191589908299E-4
120.0	25.036886639748584	23.932801961150336	24.909030002838417	26.121110920746787	1.704755158802205E-4
121.0	27.653310330248832	23.553840174023335	23.582139423240843	25.210198640272218	5.114322147742539E-4
122.0	27.185603936056136	23.837279675132166	23.875211609047064	25.10147857825997	4.2620150466179203E-4
123.0	24.002471924478446	27.479191084024123	23.48728876766041	25.030366313636073	6.819102009504123E-4
124.0	25.49132258174503	24.943059770193322	22.36122949981247	27.204047188789254	3.409594599202155E-4
125.0	26.596015809926293	23.608086349405507	25.02133078528828	24.77405562796042	5.114274194991931E-4
126.0	24.00226738040847	24.5901667291759	24.790650891608987	26.616659279211703	2.5571959494016165E-4
127.0	26.245000733055342	23.044532259549324	27.700371301053895	23.009669511375996	4.2619496544411215E-4
128.0	25.57625704205242	23.08045734022884	25.68494055651074	25.649479896107085	0.00886516510091371
129.0	24.538973116638907	26.711173924384262	22.563849900523554	26.182167205675018	0.0038358527782655465
130.0	26.723183346759242	23.488519782969128	24.057096338349933	25.731030044198945	1.7048772275286527E-4
131.0	25.256904563204703	24.905272436047706	24.89845290388466	24.93894387610274	4.26220760190299E-4
132.0	26.519375635603875	26.057095022832723	21.666494757040553	25.752175651288855	0.004858933233995143
133.0	27.806695252627723	25.36268082893604	24.977111340329223	21.851466664393428	0.0020459137135891295
134.0	26.642075983336078	23.19864151676835	21.159808468867666	28.99930353865446	1.7049237344990466E-4
135.0	27.19503878612224	23.887051402267495	26.029494501747507	22.888159577188645	2.55732674111329E-4
136.0	27.554474630222092	26.42027024838266	23.78785902619539	22.232451799510514	0.004944295689341378
137.0	28.67727041781894	20.880376183672563	24.216909169647515	26.225103235684255	3.4099317672653374E-4
138.0	24.364858275851486	24.146552282623148	27.62418977022037	23.863376761535864	0.0010229097691292653
139.0	25.836998772504096	23.57925872885979	25.201343426077464	25.380949945444627	0.0014491271140207311
140.0	26.27323013658694	21.096599690222224	26.273400625181676	26.356513815117054	2.5573289210885017E-4
141.0	25.638076954552897	25.286346090894213	25.550868841726228	23.523770391183373	9.377216432975066E-4
142.0	29.319861795112022	22.284131586193492	23.581869687419278	24.813795937226406	3.409940488013633E-4
143.0	27.418235632095723	25.235238255989007	24.07903732611805	23.267403539101807	8.524669541185236E-5
144.0	27.692444089810937	25.552282015477708	22.647782432342574	24.107320965489727	1.704968790546289E-4
145.0	27.871186307748307	21.878226117883145	23.17400129407021	27.07607479009721	5.11490201126472E-4
146.0	26.95267444982929	22.127625112421093	25.589896380786758	25.32596788699496	0.0038361699679040446
147.0	26.087560652093117	24.29689604495501	27.232491449887647	22.378363356758765	0.004688496305464911
148.0	24.314105935819256	24.208908374970484	23.250792178552825	28.226023012179557	1.7049847787483876E-4
149.0	28.270434273331073	25.21549133559019	24.00604594818319	22.505215184434668	0.0028132584608748213
150.0	24.38318256568431	24.408246568405545	24.85632955583007	26.35224131008008	0.0
151.0	26.967398504496654	24.502145384886227	24.96421516765375	23.566070437508472	1.7050545489576574E-4
152.0	27.620405174185002	23.379998073278504	23.33276782068191	25.666573172363993	2.5575949059529723E-4
153.0	24.10953298436461	23.211648962471653	25.24390867704479	27.4344831113915	4.262647274463333E-4
154.0	22.264214964951737	23.866323828555934	25.241399065948023	28.62456669229995	0.003495448244347178
155.0	27.836821075501334	23.977936072934767	24.059963812294612	24.125108503428624	1.7053584066495335E-4
156.0	26.31658382725745	22.81123614475707	26.861456524019168	24.010638234373708	8.52695926074674E-5
157.0	24.69055374592834	22.813922949673415	27.049559152071218	25.4457936115422	1.7054078482869179E-4
158.0	24.514978699310667	21.865438992028867	26.495567614766202	27.124014693894257	0.0
159.0	26.293165197696943	21.599482904466942	24.862966272819058	27.24395925996671	4.2636505034518516E-4
160.0	25.71555995951165	21.77246536361489	26.317512916960506	26.19437648537584	8.527453710849395E-5
161.0	24.489500065661897	20.55677878080353	29.599701195728734	25.350438399759867	0.0035815580459701507
162.0	25.42728154958956	22.850459558980287	25.839000005116635	25.883258886313516	0.0
163.0	24.908260597041654	23.96822486493862	27.366441670966175	23.75698758757137	8.527948218298418E-5
164.0	24.82694336398051	23.46261661121975	25.594984790118993	26.114431861694555	0.0010233729861938456
165.0	26.98220199275594	22.426137289166235	26.51629316351498	24.075111701279354	2.558532834931137E-4
166.0	24.385288895029603	23.140856049712497	25.532237898101666	26.941276006352226	3.411508040071573E-4
167.0	27.19095795400852	23.380310760628344	26.57687393708027	22.851686769389275	1.7057889359118039E-4
168.0	25.585876195804957	24.852955224695332	23.740907788255523	25.82009020565798	1.7058558620030844E-4
169.0	25.94090332177853	21.90255070011191	25.52090441357098	26.635556268253406	8.529628517618801E-5
170.0	31.35937452019366	22.738726043802693	23.805730039203375	22.096084097895847	8.529890442087162E-5
171.0	26.070671528799604	23.066214573603734	26.68133836606743	24.181263728061758	5.118034674684921E-4
172.0	27.223170281373154	24.659487570475477	24.239726208476927	23.877445374309954	1.705653644853915E-4
173.0	29.053534300874812	19.26105710928079	22.951336950385215	28.732536581289004	0.0015350581701765488
174.0	23.688382481236413	25.655350382946864	24.788400645735138	25.86744009339793	4.263966836571532E-4
175.0	25.496115760486255	24.394849214410534	22.445693564247087	27.661635789755568	0.0017056711005586926
176.0	24.41758121795375	23.825866250925355	29.135181881138468	22.620347216773386	0.0010234332090430557
177.0	21.64582917521746	26.313666084956918	25.403230621474133	26.61194159702356	0.025332521327935884
178.0	25.539217065946147	22.64732999171846	24.155832857848317	27.65762008448708	0.0
179.0	28.104149784620635	23.7963918624984	22.820829956924126	25.278116603403422	5.117925534183478E-4
180.0	26.941638104040706	21.35979494815937	26.620281817909515	25.078285129890414	0.0
181.0	28.348249703030586	22.585713734352822	26.080389726788137	22.98521799913375	4.2883669469829193E-4
182.0	25.747854359764283	22.198874927206468	25.37708978540596	26.676095162049762	8.576557352725501E-5
183.0	23.35386349231127	24.475974910950686	26.679028789967123	25.491047038107872	8.576866304665729E-5
184.0	25.245394037122175	21.391395340858406	26.8284042954678	26.53154698596768	0.003259340583936597
185.0	24.219548028704267	24.24210456799939	25.306721762943635	26.23111104249806	5.14597854641544E-4
186.0	26.576744640830807	22.90567193213134	25.302620552895235	25.214962874142614	0.0
187.0	23.495119783235072	23.182596970959167	27.494793433499797	25.82723216777812	2.576445278449324E-4
188.0	27.964833745312628	27.991459231227743	21.923339213843878	22.119766588966055	6.012206496962118E-4
189.0	25.037964941695467	24.03893725649183	25.240845467226464	25.681736973386748	5.153611994860131E-4
190.0	29.11224294320633	21.483457908359398	24.986105038180003	24.418108206317203	8.590393706333956E-5
191.0	26.141221722339587	23.764340060226964	24.712337918364746	25.381842035939894	2.5826312880615287E-4
192.0	27.225790343687585	23.560162545629865	24.458984778566016	24.755062332116538	0.0
193.0	27.907060847522136	24.861929355360342	21.069227338245955	26.161438035685684	3.4442318588002703E-4
194.0	27.977520639521614	23.37676093634149	24.225420519219494	24.420297904917405	0.0
195.0	26.35044989875448	21.20936506008842	25.227748594147137	27.212178057756887	2.583892530741861E-4
196.0	28.18709510235812	22.079467910512225	26.43992398721603	23.293253865422823	2.591344908007256E-4
197.0	25.357383830276913	24.36862261978093	23.868928880898547	26.404719099376333	3.455696672768851E-4
198.0	27.66842822251341	22.678372675516567	24.733299983209537	24.91963947246797	2.5964629251058925E-4
199.0	25.497968263487063	22.54495254948485	26.08309451366147	25.873811353979715	1.7331938690000076E-4
200.0	27.691642334089963	23.737154436242584	23.954869245443113	24.616247314316222	8.66699081212304E-5
201.0	24.600944419982596	21.12845013192063	29.184536336246797	25.085982436007225	8.667584274921905E-5
202.0	25.33906723786111	25.135964965508155	28.521783000435157	21.00318479619558	0.0
203.0	25.938868718365832	24.82078487855341	22.40754823655095	26.832538026036595	2.601404932090324E-4
204.0	26.102917263969072	23.77666830572517	23.694802103198246	26.425438881763174	1.7344534433670598E-4
205.0	27.66134236290843	24.18765048328118	24.96704112573637	23.183358890916534	6.071371574879093E-4
206.0	25.320867582918982	20.51774270219255	25.979431164838672	28.181785061224208	1.7348882558474409E-4
207.0	25.78532589126517	23.906183435469444	26.157892042580478	24.15033833761226	2.6029307264692893E-4
208.0	28.328594934599682	22.12971062789858	21.67938918048266	27.86221847315949	8.678385959065789E-5
209.0	26.805216313478773	20.64235234072693	25.70824197667172	26.84358177137312	6.07597749457936E-4
210.0	25.496593300504927	24.04692285787708	24.683465179433398	25.772671394142282	3.472680423111383E-4
211.0	24.483491708945515	25.900448291853458	25.648251557557998	23.967200529404714	6.079122383154925E-4
212.0	28.46075847741485	22.399646888421433	24.56931943477819	24.569840760927647	4.344384578824948E-4
213.0	29.073565762806474	23.57441391968463	22.584883070858268	24.76696335492779	1.7389172284093863E-4
214.0	27.692381329492594	25.010943489820157	24.312822811193254	22.98385236949399	0.0
215.0	25.158038292165575	25.22880105542094	23.345604114187193	26.26738203079533	1.7450743096267897E-4
216.0	26.085828227032238	24.469995074648207	25.98405527692305	23.460121421396504	0.0
217.0	28.90224662543733	22.69063233141416	26.10388085823902	22.302617653911895	6.225309975970303E-4
218.0	24.554428026032085	24.44931781766391	25.345496985162285	25.650397512601536	3.5965854018195126E-4
219.0	26.14448793660752	22.654537354009538	25.00329600887422	26.197405927360514	2.7277314821129005E-4
220.0	27.934208336609874	22.006813979814087	24.596162884475063	25.462357607755425	4.571913455507053E-4
221.0	25.894145824552734	22.140859150993773	24.62300666880014	27.341896130509646	9.222514370983019E-5
222.0	26.174814925456737	24.24602544833316	24.78794611600183	24.79112015608809	9.335412018409433E-5
223.0	29.91393832718922	23.199163745694086	24.271582462077717	22.614748897081043	5.665679579379948E-4
224.0	30.856931755211072	22.408294140771158	24.345614458858467	22.388970194707703	1.89450451602514E-4
225.0	31.18159053177159	19.172074187010306	23.814347264480492	25.83112879620339	8.592205342251406E-4
226.0	24.929157655275493	22.869871483140443	25.70868931752549	26.491991503752637	2.900403059345147E-4
227.0	27.17727868169238	23.384522368829117	25.968953949434482	23.468071014392088	0.0011739856519386905
228.0	27.147742993035834	27.295822485649573	23.197907011982142	22.35823233426412	2.951750683330283E-4
229.0	27.862733269302513	24.59795524721982	21.92036894452338	25.618942538954286	0.0
230.0	25.29921580680395	23.05626108137168	28.058558698357427	23.58596441346694	0.0
231.0	25.337675174245376	23.812500063621066	24.529738522505063	26.318762921438672	0.0013233181898228688
232.0	24.585181492374137	25.133461565628284	25.161407880041725	25.11984669450379	1.0236745206388138E-4
233.0	22.795464343779056	25.770651208452154	21.91721336595349	29.51656719596507	1.0388585022776974E-4
234.0	26.65063269976944	21.50438535696033	26.861832422120102	24.98177397185626	0.0013755492938670607
235.0	25.861469669401625	21.63468965635621	27.43636067149576	25.06737272134299	1.0728140341240688E-4
236.0	28.884462151394423	23.750680338754275	23.22818017547297	24.136350771776282	3.2656260205081314E-4
237.0	28.072000695063835	25.044403801295328	21.897260326701996	24.986335176938837	0.0
238.0	27.12780447286628	22.26161980636633	24.34644171340788	26.26413400735951	0.0
239.0	27.79483409235824	22.799678690801162	24.12916357497328	25.27507561884923	0.001248023018082719
240.0	25.392997951522105	21.324431073253994	27.08043014501904	26.202023033891177	1.1779631368215963E-4
241.0	28.9158289190136	20.892677478064044	23.196262365697933	26.992872215322084	0.0023590219023388523
242.0	26.649952896482187	24.21073534678709	21.038665073303005	28.09981926906215	8.27414365568215E-4
243.0	27.104483624816346	23.179890042182095	25.75039101379212	23.963102516706954	0.0021328025024882694
244.0	27.276819062254688	22.530731876476324	26.053719474467396	24.13813579148759	5.937953140048999E-4
245.0	29.337694447551215	21.212838714129678	23.286826944356527	26.16073617004062	0.0019037239219568377
246.0	24.746937744062635	26.815301505261502	23.300918795981516	25.134219547897068	0.0026224067972784185
247.0	25.935753522808692	22.77871984714593	24.864222593742536	26.27239073322188	0.1489133030809649
248.0	26.185292391053533	23.004147551940047	23.054482500535034	27.746034478841985	0.010043077629403263
249.0	25.946372239747635	21.158778633273563	29.026037222057088	23.852631528482256	0.01618037643945423
250.0	26.487987632684977	21.89877203708753	24.602860962598964	27.009418426290395	9.609413381348368E-4
