# Position (bp)	A	C	G	T	N
0.0	23.45991528635645	24.198433698654053	25.58010544152455	26.761440391389513	1.05182075431676E-4
1.0	22.702706295612042	30.633521346812277	23.210528101793855	23.37477606128845	0.07846819449337289
2.0	24.208145665372037	27.410550515576947	22.56244066177377	25.817780709310696	0.0010824479665516595
3.0	25.738512483544902	22.275344514717215	24.540138228058503	27.4391314010899	0.006873372589478576
4.0	26.068181334835757	24.000379323653377	23.238245586265975	26.692949705100265	2.44050144634575E-4
5.0	28.056710988380964	24.221362894456174	22.264399100236922	25.4564472455031	0.0010797714228391857
6.0	25.89229053605065	23.77502278473442	24.236941765313585	26.0901117556016	0.0056331582997459165
7.0	25.386517148802074	26.047878208479393	23.311554101292522	25.25318270463765	8.678367883651551E-4
8.0	27.078179256481654	24.608798633222023	23.782297340773695	24.53051675745238	2.0801207024706285E-4
9.0	26.22443224089665	25.592258475294738	22.411284936692656	25.77185132895251	1.7301816344679865E-4
10.0	24.526195239718756	25.327954843925376	23.567520765805423	26.578329150550445	0.0
11.0	27.24723173595293	23.086138539934286	22.846636949674533	26.819791878374843	2.0089606340815483E-4
12.0	28.42633539521346	24.6116265262295	20.090778078043055	26.871260000513985	0.0
13.0	24.893089742206183	23.065571191374886	25.22457980270523	26.816629242117116	1.3002159658719313E-4
14.0	26.590425176278178	21.917060538889203	23.69626794282981	27.796149909739405	9.643226340665615E-5
15.0	25.418053731941466	23.545226281223435	24.310990947229108	26.725729039605987	0.0
16.0	26.09468126387018	25.472637094810196	21.616486443896747	26.8160394839531	1.5571346977570407E-4
17.0	28.308366399545925	26.808064162626934	19.415071730590615	25.467339361001347	0.0011583462351765976
18.0	25.386904131956516	25.773279107388536	19.921715071889693	28.917950501186823	1.511875784285563E-4
19.0	24.898272506558815	24.87831383876226	21.81867715876473	28.40422473520146	5.11760712732155E-4
20.0	22.635072408566163	25.77699582509706	23.96485630823476	27.622985906344383	8.955175763234705E-5
21.0	23.780136426181016	24.524510629456444	23.987939658037746	27.707146909870346	2.66376454452438E-4
22.0	22.24704523269451	27.05388222130148	26.153933486426446	24.544992754997182	1.463045803867591E-4
23.0	24.992893745419483	24.1862283841119	23.156963416681382	27.66356532357243	3.4913021480527406E-4
24.0	27.361016628574568	22.09932695167174	24.63508309393226	25.904486960066492	8.636575494177652E-5
25.0	24.63782398457845	25.954483298019817	19.71240676618253	29.69505809142931	2.2785978989618423E-4
26.0	25.83889511713073	25.919077637794075	19.77284543793157	28.46906859497185	1.132121717802246E-4
27.0	25.50495488657737	25.242016625575804	20.025122891683207	29.227792735015	1.1286114862176786E-4
28.0	27.8898249241087	23.973513624211655	22.765382702496368	25.368464606584258	0.0028141425990139356
29.0	27.33913023362386	23.686912305129855	22.4784199765583	26.495207009597	3.304750909908084E-4
30.0	23.295322680509596	25.04567155570317	25.330020214942657	26.328903540963623	8.200788095736E-5
31.0	25.82405449387357	24.974627323517126	22.489927074631023	26.71090160296575	4.895050125313283E-4
32.0	23.667586038650242	23.109392700188245	24.596615781226987	28.62616313839829	2.423415362353104E-4
33.0	23.66597518118164	24.839002981031257	25.443475061193798	26.05146678469915	7.999189415472564E-5
34.0	25.425510443458656	26.851169882937736	23.19503473403682	24.528232104098553	5.283546823848662E-5
35.0	24.70047200251233	22.595271823388604	25.996114457343424	26.707984957369284	1.5675938636015678E-4
36.0	23.35102854909933	24.8499665490205	26.391556831817663	25.40726534914444	1.8272091807342196E-4
37.0	25.034920109729903	25.789163167262437	21.80061210979566	27.375304613212	0.0
38.0	26.840327352497155	25.5494027468246	21.175050524365567	26.43516720193233	5.2174380344450046E-5
39.0	23.072749945162442	27.54311301545024	22.154243644646353	27.229710820226437	1.8257451452784534E-4
40.0	25.924561160568643	26.5910186791175	23.07764323973042	24.40659437235093	1.8254823250281712E-4
41.0	23.90917871070629	24.445358807559245	21.605114036377746	30.035785321447307	0.004563123909413386
42.0	23.954566134745072	26.3956260844513	20.783920593722012	28.865730752333814	1.564347478076322E-4
43.0	26.04688374944864	25.756708366832154	22.530602540800782	25.662338149864077	0.003467193054352031
44.0	28.736782071787086	24.9647852080149	22.913855912852902	23.384290084390386	2.8672295472696675E-4
45.0	25.443924850018256	24.516655994174567	21.635343749372876	28.400530940193125	0.003544466241174344
46.0	24.902647990299588	24.485564696381342	22.338960374611418	28.272826938707652	0.0
47.0	24.97765594586355	24.55162062792655	23.35783579269929	27.111141800709277	0.0017458328013320445
48.0	22.591923017810206	24.599654580455923	22.874666888957776	29.933755512776095	0.0
49.0	22.07339382151584	26.38649140670319	24.446608147697233	27.091657230854025	0.0018493932297100073
50.0	26.891927053828233	24.88980639837849	20.235694366198285	27.982520089837443	5.209175754724918E-5
51.0	24.469217644203425	27.347895516448993	21.88960289500603	26.291148523226088	0.0021354211154606573
52.0	22.475118033588608	26.191100466209612	21.354718186280635	29.979063313921145	0.0
53.0	22.16718060651214	25.523514336833415	24.10309995613331	28.204570800347923	0.001634300173209877
54.0	22.879583216170815	28.704419456691028	22.311755715369266	26.10424161176889	0.0
55.0	23.411259417286896	28.831046633765524	22.419799896643717	25.336367256915416	0.0015267953884568577
56.0	26.120191007732686	26.27616426872009	24.66349182938678	22.94015289416045	0.0
57.0	22.70770749663856	28.00412609157864	22.645148621311566	26.638127952821606	0.004889837649628385
58.0	25.414599039410255	25.6019207655744	21.63572404594233	27.347523322731977	2.3282634104092003E-4
59.0	27.472994226351844	23.05131614345136	24.62546303002711	24.84743289944747	0.002793700722223372
60.0	23.81758850654502	23.146041997223325	24.272672054740184	28.76367161675261	2.5824738860240648E-5
61.0	24.65648787939981	24.352239820395	22.994666491758036	27.990537374067078	0.006068434380082314
62.0	25.00509341017303	22.5359062822857	25.12418495753942	27.334350552115332	4.647978865123658E-4
63.0	26.102263760416104	23.70516477796185	22.982699036987768	27.20744527025073	0.0024271543835440996
64.0	25.1101889254911	22.10873589037961	23.495536517365032	29.285461350245377	7.731651888043618E-5
65.0	23.53367442498123	26.98744640485383	23.776324693684963	25.697683947509613	0.0048705289703701755
66.0	24.653748320827205	24.297208366371343	23.308065105906746	27.740153598731755	8.24608162950819E-4
67.0	26.677882526707027	25.952931524159624	20.833747765288415	26.534510543406615	9.276404383204142E-4
68.0	23.47563065224214	22.95746282770701	26.635681381670928	26.931019004983792	2.0613339613530801E-4
69.0	22.83816318075289	25.01916960566266	25.34033779730925	26.79962402837926	0.0027053878959399603
70.0	25.01667364832805	22.94734008993478	24.72058773581119	27.314883907150424	5.146187755572549E-4
71.0	24.54968424212337	23.17710277556497	26.374601855165718	25.897482275098678	0.0011288520472629827
72.0	26.44526991147037	26.230525918838005	22.3519482418493	24.97051150166875	0.0017444261735755351
73.0	25.578222916522375	22.956461736964556	23.33700149548149	28.124543082949206	0.0037707680823720444
74.0	24.784028358461626	26.28798099859952	23.19335361380577	25.7337392847799	8.977443531880185E-4
75.0	24.902387608208496	24.94747795433461	22.30694829922446	27.84095470472107	0.0022314335113606896
76.0	27.04140779527753	24.393661310046536	25.03944625460634	23.524407434157073	0.0010772059125267763
77.0	24.35329594404533	25.124206366711157	24.399152021616985	26.122524977200197	8.206904263384179E-4
78.0	27.36633646099915	26.385798224136874	20.38954814046773	25.85780426011217	5.129142840729601E-4
79.0	27.447131094779092	21.31364053914461	22.447543982836166	28.789171151588388	0.002513231651742003
80.0	23.82164386575745	23.225076991054447	28.527887956314164	24.42267287501741	0.0027183118565326293
81.0	25.071456523199714	25.445958968851468	22.219401401281267	27.26254201099915	6.410956683986507E-4
82.0	22.778308160864803	22.297270787961217	24.002736622870955	30.92029970533608	0.0013847229669382006
83.0	24.81479866967878	23.060046515086633	24.281670132647488	27.842356422492376	0.0011282600947225634
84.0	23.39603502925857	26.3153023009425	24.76127253622642	25.526082459371075	0.001307674201434134
85.0	24.636916055586894	27.33003435721245	21.3693656735552	26.662940362032717	7.435516127378084E-4
86.0	25.60411183190039	25.41907734528712	22.46631972379943	26.508696390122537	0.001794708890526347
87.0	22.032997502613142	21.867530561005744	26.12321518624517	29.97543633765819	8.204124777559258E-4
88.0	24.867629101523793	27.04796424543653	25.7643645466215	22.319426815358586	6.1529105959017E-4
89.0	26.71254017841807	26.574617135374286	22.441668550931286	24.270046140128787	0.0011279951475699653
90.0	23.344442886378268	26.06203216891101	24.536696773803225	26.056674358158627	1.538127488722321E-4
91.0	26.382375160505816	25.039445529792882	24.240588636252358	24.33684726460151	7.434088474368673E-4
92.0	25.415605964557276	24.55813228590522	22.84926012102706	27.176975994787128	2.5633723316255293E-5
93.0	26.33026812734319	26.51410871407457	20.935423558766185	26.219789470230488	4.101295855691804E-4
94.0	27.832495142594954	23.50266324213203	22.891552985445728	25.769725678370577	0.0035629514567088578
95.0	23.584133073151424	26.65687182435517	24.39869246032102	25.35745748996571	0.0028451522066718564
96.0	25.863529493784082	24.53666099622275	24.145223511777598	25.453458231759598	0.001127766455970844
97.0	25.584699246270308	25.067970999040412	23.082407916212162	26.264793688026444	1.2815045067950494E-4
98.0	27.779739833164353	23.4692209039716	24.358988816455156	24.392024817238386	2.562917050677071E-5
99.0	22.00367230154388	22.492603502909265	26.577135630422443	28.926588565124412	0.0
100.0	22.658810939796677	25.317191372640668	24.535103741925433	27.488893945637223	0.0
101.0	23.383653797122424	22.421301512535102	28.352646917210695	25.842295275284872	1.0249784690460346E-4
102.0	25.085712059759846	24.41857008347988	24.650424472670295	25.845242128560148	5.125552983097464E-5
103.0	25.70891443209198	26.059969750660777	25.13160410165049	23.099255452133317	2.562634634417106E-4
104.0	25.624592064048922	27.38682412044076	22.980539260896293	24.007608910410283	4.3564420374105615E-4
105.0	27.424517226241118	23.451639845688717	21.030819457696253	28.089384295113533	0.0036391752603740202
106.0	26.37605256568853	23.046360942416133	24.48072315494592	26.09673519796064	1.2813898877323064E-4
107.0	25.687997687368274	24.82496371136388	22.790365469620056	26.695750539204028	9.225924437628651E-4
108.0	23.463206702484733	25.339990579948207	24.309986331187087	26.88661137981208	2.0500656789791902E-4
109.0	25.938019151808927	24.587747178081994	25.523556150972777	23.949755009674817	9.225094614876643E-4
110.0	24.493721713630602	25.015695075308177	22.888365349578656	27.602192236869822	2.5624612748039846E-5
111.0	24.636295891601673	24.113149314207753	24.429112934059187	26.820493713015857	9.481471155314698E-4
112.0	25.47509702839179	24.674885059857026	23.44133171179454	26.40858370066517	1.0249929147364768E-4
113.0	28.548528275276787	21.91905360279934	23.072044712388973	26.459399707684454	9.737018504434956E-4
114.0	26.40048931030206	22.423895028898418	27.44770457711147	23.727629222914974	2.818607730774789E-4
115.0	26.61580452413735	23.94915528303342	26.036199556519428	23.398046235655624	7.944006541761258E-4
116.0	26.56315866486158	24.828415601335312	24.552066252091393	24.056256978243894	1.025034678204457E-4
117.0	25.787531519711347	27.030202546177655	23.582612394678037	23.598731011295847	9.225281371081818E-4
118.0	26.51025449096042	24.888432296630302	24.937454178122405	23.663525900748244	3.33133538629012E-4
119.0	27.16030431845602	21.542590540583483	24.813619296463457	26.482896437624863	5.894068721766129E-4
120.0	25.18433553487864	23.885421239338548	25.2087316603024	25.721409060751732	1.0250472867126451E-4
121.0	27.612605628839958	23.529883592053253	24.526135730256456	24.3304524982542	9.225505961342568E-4
122.0	26.854899468513118	23.880264257122796	24.434097164207408	24.830200960469064	5.381496876169194E-4
123.0	24.433441790988937	27.805127808254177	23.49893946914774	24.26159402258827	8.969090208802982E-4
124.0	25.346172543132706	24.84764820489981	22.97301833756714	26.833058411195193	1.0250320514709594E-4
125.0	26.64181382044092	23.94734367268453	24.186015046495303	25.223776834834233	0.0010506255450120016
126.0	24.302337083005117	24.396715240368327	24.502881057896374	26.798015368033813	5.125069636883691E-5
127.0	25.934070833763617	23.203076212677075	27.398685086154607	23.463014748898196	0.0011531185065014103
128.0	26.112835835429273	23.398502714358745	25.09728000369004	25.382540721787517	0.00884072473442591
129.0	24.16481011970564	27.07696226379316	22.401513322806494	26.353408640720623	0.003305652974088293
130.0	25.93012001325366	24.46401742143582	23.981765714181748	25.62407122534062	2.5625788153146886E-5
131.0	25.527943434558797	24.85290771214603	24.719832755556194	24.898624200217718	6.918975212643171E-4
132.0	26.6992386098993	25.63215981401909	22.166389567684586	25.496779364975236	0.005432643421786335
133.0	27.097694897655078	25.414116596106496	24.770170125998664	22.715891452904064	0.0021269273357057542
134.0	26.39378940719282	23.510845346347665	20.977714796027538	29.11765045043198	0.0
135.0	26.26694112947099	24.053796486326018	26.012713678800104	23.66593370098639	6.15004416500466E-4
136.0	27.730451800151034	26.315285056479826	23.949028884264344	21.999494153163965	0.005740105940830271
137.0	28.188843528908	21.74700303380285	24.294920795425746	25.768976386871234	2.562549921675662E-4
138.0	24.867841195212712	24.27504201150954	27.43070983692001	23.425023228687646	0.0013837276700947238
139.0	25.689925424479316	23.692455605873896	25.379764237523407	25.23644537444968	0.001409357673709099
140.0	26.643927041524545	21.80843826130274	25.67553266047208	25.871794536698715	3.07500001921875E-4
141.0	25.588326716432864	25.13001677693695	25.221960644027323	24.059234605744546	4.6125685831291207E-4
142.0	28.50112725906663	22.754232923139845	23.86350299534695	24.8809318196611	2.0500278547534763E-4
143.0	26.704292988179102	25.5601282284537	23.911941595065613	23.823483437158064	1.5375114352412996E-4
144.0	27.752022806624172	25.251750536532242	23.07241103174349	23.923328742112176	4.8688298792402064E-4
145.0	27.636595754058586	22.484803617457832	23.34501586071578	26.53235475830442	0.0012300094633853089
146.0	27.50848386649573	21.90658227089076	24.69883330980085	25.881949268746183	0.004151284066474871
147.0	26.40416716527752	24.958404964600977	26.48047704694595	22.153081517557037	0.003869305618513628
148.0	24.7916679479216	24.41013585402304	23.369833723859838	27.427875597321048	4.8687687447596676E-4
149.0	27.85850979974108	25.271708212594056	23.787627346407856	23.07966895827845	0.002485682978555475
150.0	25.516877842571873	24.225042001129594	24.81533853576733	25.44271599446067	2.5626070529096355E-5
151.0	26.191447562981363	24.730548466936224	25.66141132175657	23.41592635512505	6.662932007854059E-4
152.0	27.22240047235716	24.30266326203214	23.05929168977369	25.415516440755976	1.2813508102749985E-4
153.0	25.062902188314467	23.411530743780897	25.439443990271883	26.085226122411324	8.969552214326168E-4
154.0	22.858801338793754	24.593595112275178	24.768888934449336	27.776177467055525	0.0025371474262048887
155.0	27.119708353965283	23.82215927555978	24.24620346534704	24.811775126636586	1.5377849130997746E-4
156.0	25.694877842926733	23.617093968024356	26.585345662112275	24.10247748584768	2.050410889527193E-4
157.0	24.765924814519877	22.955528085562165	26.481258735128975	25.797006431412917	2.819333760675984E-4
158.0	24.837987051266936	21.697714235917097	26.051943591504894	27.41230385950163	5.126180943934959E-5
159.0	26.05169549261277	21.81387387599828	24.446399836779136	27.687313114929736	7.176796800789037E-4
160.0	25.95605003446207	21.657967632570024	26.039251128635915	26.346705572448393	2.5631883602540737E-5
161.0	24.603024472916466	20.92329522880913	28.975227701830175	25.49483848510807	0.0036141113361600296
162.0	25.029618286799344	23.59532935893775	25.10172234631172	26.273304375509127	2.5632442059146346E-5
163.0	25.034688089162422	24.140218574052312	26.962430742375094	23.86258569489605	7.689951412323659E-5
164.0	25.44779346605408	23.932876928988513	24.786103720694282	25.831380238206258	0.0018456460568669186
165.0	26.46767566952332	22.42922039186895	26.63994153214591	24.462495901636192	6.665048256231115E-4
166.0	24.574687650528514	23.304140468242856	25.729746857022295	26.391348117674173	7.690653215885096E-5
167.0	26.394178892460612	23.56366201869869	26.632802668033257	23.408792419618933	5.640011885043227E-4
168.0	26.034488991165087	24.80461083811535	23.93363088119134	25.22714110244481	1.281870834080023E-4
169.0	26.038604253713228	22.50096206823262	25.588784476461825	25.871290268740715	3.5893285161126237E-4
170.0	31.467930130063916	22.859149982437653	23.125431046638926	22.547386287012326	1.0255384717938463E-4
171.0	25.781141839236767	23.57549550769092	26.83607302143038	23.806392297902494	8.973337394409457E-4
172.0	27.096121281658103	24.70081776221991	24.330643346268033	23.872263808420833	1.5380143312175384E-4
173.0	29.393313804760062	19.781446761739442	23.182627703847853	27.64122757281434	0.0013841568382986968
174.0	24.13602623590889	25.698461352326373	24.435650609630123	25.729528572871345	3.332292632711117E-4
175.0	25.72408219094509	24.239300035297635	22.871484559142257	27.163415755152826	0.0017174594621891044
176.0	24.64345681670781	24.24975582745653	28.515866729215855	22.589587611159388	0.0013330154604158494
177.0	22.205079731808045	26.096185778791632	24.812883222466883	26.859342789732654	0.026508477200786845
178.0	25.164494258978614	23.242805523028682	24.24753553404111	27.344857074304134	3.076096474588367E-4
179.0	27.998564351041804	24.418953129907003	23.19760041531273	24.3834720913688	0.0014100123696539702
180.0	27.133465485014668	22.355050945244468	25.379858952505096	25.13144464412889	1.7997310687574398E-4
181.0	27.86338710171541	22.397465539518947	26.192900431652234	23.545397370028706	8.495570847010987E-4
182.0	25.72850152643809	22.98153084568635	25.714161401326297	25.575677500111993	1.2872643726929005E-4
183.0	23.719945261981664	24.689704180403737	26.58375290135957	25.00623719893768	3.6045731734790957E-4
184.0	25.73797063386311	22.703486987363934	26.189753393970992	25.364900964924136	0.0038880198778234814
185.0	24.8045197903034	25.000740235902242	24.488831706917047	25.705238836148332	6.694307289817418E-4
186.0	26.85961894153057	23.047463519855928	24.96836014256025	25.12455739605325	0.0
187.0	23.847604186983943	23.21605299467597	27.613330402485854	25.32231582358362	6.965922706121653E-4
188.0	27.037662100758226	27.765623867155618	22.593751459393825	22.602575551125163	3.870215671638518E-4
189.0	24.973054484773623	23.816739015944883	25.184696443966104	26.024555318362196	9.547369531969882E-4
190.0	28.3801628536472	22.141757976037756	25.179244559953734	24.29857654671094	2.580636503671085E-4
191.0	26.316710587610004	24.33706260660329	24.743673858947336	24.602268585228604	2.843616107689293E-4
192.0	26.89464459812575	23.626014086753784	24.52681553167632	24.952396513964075	1.29269480070395E-4
193.0	27.6661086658713	24.55420701053789	21.713807132377543	26.06567033271638	2.0685849689376109E-4
194.0	27.98548779573271	23.522286784119327	24.075131429576242	24.417093990571722	0.0
195.0	26.550403586121778	21.607071686485394	24.759385908716006	27.082362915337825	7.759033389965656E-4
196.0	28.13384461706737	22.51479628198451	26.254355793643036	23.09687368023439	1.2962707069523406E-4
197.0	25.068149423883586	24.607743765945074	24.023887368118903	26.299389695428538	8.297466239035999E-4
198.0	27.366592976268677	23.32580325001409	24.56721501985381	24.740258880056604	1.2987380681686833E-4
199.0	25.556984845306136	23.09056635794355	24.992204268468857	26.359671886900205	5.726413812526582E-4
200.0	27.261964386679733	24.00121932045012	24.307012602421356	24.429673532416118	1.3015803267695506E-4
201.0	24.991727886381902	21.36709726782045	28.562677629158866	25.078158782407357	3.3843423142497215E-4
202.0	24.930667869152593	25.541717478986868	28.290763804201692	21.236772741615837	7.810604301247718E-5
203.0	25.68785119793703	24.698500713431336	22.775973184669468	26.83671133544607	9.635685161018809E-4
204.0	26.077683314902046	23.960420743818315	23.922108323874603	26.039683436793364	1.0418061167562533E-4
205.0	27.580614031226403	24.548173589067243	25.29149565891889	22.57864880415477	0.0010679166326973673
206.0	25.18280309365093	21.441532967075904	25.933266125355903	27.442267565898987	1.3024801827640192E-4
207.0	25.790793941276153	23.677702487228284	26.669624675105414	23.861514139037165	3.6475735298715427E-4
208.0	27.83661430968157	22.155698141489466	22.01985003286101	27.98773327801773	1.0423795022325162E-4
209.0	27.30573832105031	20.770384796227624	25.32196671542344	26.601102188007918	8.079792907088637E-4
210.0	24.96768875683437	24.475186685734514	24.718557211103075	25.838202394811848	3.64951516191074E-4
211.0	24.57708835278534	26.077682864503476	25.421555743296096	23.922812561928303	8.604774867799368E-4
212.0	28.473047370734463	22.698275850825034	24.590183605779075	24.23820622749274	2.8694516869115174E-4
213.0	29.30988582834998	23.03477767012996	22.839236795509972	24.815629906791838	4.697992182541008E-4
214.0	27.606947122968815	25.367633999928955	24.412062448678544	22.613330310634534	2.611778913959645E-5
215.0	25.475270048423198	25.63530262012779	22.711594406919183	26.177335766442454	4.971580873752722E-4
216.0	25.747433094811363	24.97796355459045	25.616391992838256	23.65813197098572	7.938677421634007E-5
217.0	28.68234151306583	22.92500355793398	25.5118151444361	22.880038748771412	8.010357926823244E-4
218.0	24.340353441635976	24.65167928046743	25.45679140818328	25.55074452113163	4.313485816854245E-4
219.0	26.420040495197796	22.98608801036172	24.876480935734154	25.716655569233016	7.349894733174321E-4
220.0	28.353402776067703	21.641453317682725	24.873440753418098	25.13137481839001	3.283344414620733E-4
221.0	25.18800175281696	22.988927966007044	24.591779244341748	27.23098768588174	3.033509525082022E-4
222.0	25.34021531109825	25.382437003727677	24.22269389468185	25.054430542943617	2.2324754860238665E-4
223.0	30.197415594916627	22.699996440213383	24.30387807674335	22.79791882443415	7.910636924932012E-4
224.0	29.729629401885138	23.122660968310594	24.978726093243612	22.16881351532784	1.700212328182918E-4
225.0	30.6673039433204	19.84193751875042	24.186188967737298	25.30368551994132	8.840502505569518E-4
226.0	25.056752312815515	22.343495249663988	26.16079552540056	26.438812577651944	1.4433446799469774E-4
227.0	26.85633797392907	23.738632514589447	25.998052892813707	23.405547067392256	0.001429551275524419
228.0	27.066271162765037	27.803145641142425	23.499927809190886	21.630567349329567	8.803757208809861E-5
229.0	27.958763607260206	25.062180710161915	21.65485255388921	25.32411426736654	8.886132213206748E-5
230.0	25.89057284543359	23.092487829604906	27.38431549298469	23.63262383197682	0.0
231.0	25.84754863416623	24.679928213640864	24.33874279224183	25.132354582872228	0.0014257770788436523
232.0	24.7463346751392	25.289865123361295	24.96463089161247	24.99889495351946	2.743563675826613E-4
233.0	23.155790167405428	25.414174567728214	22.36964213526156	29.059837242404186	5.558872006045582E-4
234.0	26.75951306599148	21.33680752095347	26.684783955098563	25.217735165424788	0.0011602925316987216
235.0	25.641294484562415	21.810112779374872	27.827427476278714	24.720783990768204	3.812690157921626E-4
236.0	28.34699662652373	24.051348762151072	23.47348506941099	24.127911754062655	2.5778785155415465E-4
237.0	27.56756791935682	24.979621508363074	22.201508382596945	25.250944244121477	3.579455616865484E-4
238.0	26.986177146884977	23.075400020591722	24.55747598292471	25.38081485138321	1.3199821538412802E-4
239.0	27.750148760884684	23.079643644348344	24.24167148568124	24.926994024421926	0.0015420846638004005
240.0	25.561977940916975	21.49916373668881	26.933871881831184	26.004709646748815	2.7679381421184E-4
241.0	29.22924840263088	20.71015426947055	23.71487424539095	26.343333133593642	0.00238994891397604
242.0	26.538634130664818	24.13157756828878	21.56966588845781	27.7593588956491	7.635169394909355E-4
243.0	27.890020682289656	23.112206721413973	25.007428733681547	23.987354991987395	0.002988870627429978
244.0	26.601950671607465	22.745974341771063	26.35314655732191	24.297988363376565	9.400659229932813E-4
245.0	28.858836553151683	21.180988877836928	23.347645833820323	26.61102852184677	0.0015002133442930314
246.0	24.75415953060245	26.43641897798284	23.938045336804763	24.86921000537345	0.00216614923650227
247.0	25.3794685970054	23.00349482005246	24.900802814890703	26.573333837192052	0.14289993085938704
248.0	25.97796436582403	23.28357989388486	23.692334743251518	27.035823317029838	0.010297680009751273
249.0	25.36565276101277	21.909603067768558	28.374717452533076	24.3339463533734	0.016080365312194325
250.0	26.264045586009615	22.167572409926585	24.891449739074893	26.67587709841855	0.0010551665703534068
