# Position (bp)	A	C	G	T	N
0.0	23.97323666817388	23.748766730263654	25.538248540648485	26.739748060913982	0.0
1.0	23.193070270288562	29.990642360494178	24.2676758703197	22.472887381739234	0.07572411715832347
2.0	24.519487745862595	26.203451560958747	23.07428359454697	26.201765405141085	0.0010116934905954659
3.0	25.861685549425097	22.191635429389713	23.812070926167713	28.1272796192562	0.0073284757612770085
4.0	25.7278934580273	23.131000202829686	24.465636359198747	26.675385818249453	8.416169481454551E-5
5.0	28.225764416084477	23.904175809394097	22.459582839415873	25.40955215348012	9.247816254298133E-4
6.0	26.180302520557184	23.50243598768037	24.2864657749394	26.02467113956569	0.006124577257347186
7.0	25.7029890583374	24.790863004492	23.30315511248411	26.202490644807337	5.021798791587817E-4
8.0	27.837810290205724	24.31909930623321	24.0024595971073	23.84063080645377	0.0
9.0	26.34034557725139	24.971574237089204	22.65091495945369	26.03708186619718	8.336000853606488E-5
10.0	25.542229672060028	23.689901334059442	23.302698512225202	27.465087212231282	8.326942405037468E-5
11.0	27.038795524432572	22.181940139891786	23.76390533261677	27.015278187467928	8.081559094380488E-5
12.0	28.262692292043777	24.323233322457092	20.34970965227679	27.064364733222334	0.0
13.0	25.618898606014984	23.434555221433552	25.003684975939272	25.942782373597446	7.88230147438449E-5
14.0	26.589695361307502	22.340274671931756	23.91442565266919	27.155604314091548	0.0
15.0	25.451621845558194	23.795719872743426	23.58009323855386	27.172565043144527	0.0
16.0	27.075874060207315	24.2627814834336	21.573429539024495	27.087914917334594	0.0
17.0	28.431735508249044	26.515502803347253	19.1620302807502	25.890063679051057	6.677286024514542E-4
18.0	25.48613211080185	25.294614931276747	20.446500636060705	28.772458019625546	2.943022351519004E-4
19.0	24.89170718413771	24.46923150744039	22.43831540113212	28.200233105185234	5.12802104539837E-4
20.0	22.56443814301814	25.46246410004726	23.871523612171448	28.10150143599811	7.270876504162578E-5
21.0	23.90639353596116	24.307834190504988	23.768346444078663	28.01720934159547	2.1648785972163992E-4
22.0	22.449699939480592	26.520648407953693	25.98269016277363	25.046890038305143	7.145148694116899E-5
23.0	25.46815040572324	23.763515215154968	23.529173229522822	27.238876581310407	2.8456828856362733E-4
24.0	27.76318582098971	21.62657267017767	24.40359636696707	26.206504118927466	1.410229380859944E-4
25.0	25.373839175039116	24.641890774855238	20.127290521362386	29.856770261117166	2.092676260889764E-4
26.0	26.521926292109864	25.55829422056822	19.518079817813202	28.40156080762074	1.388618879662288E-4
27.0	25.521174601283597	24.601075803562647	20.149568002393753	29.728181592760006	0.0
28.0	27.59674141413725	24.05525117636433	22.984898716936968	25.360017967415516	0.003090725145933739
29.0	28.232167533367942	23.432844655788166	22.21093533657788	26.123848357780815	2.0411648519577154E-4
30.0	24.093063852871612	23.756156978201375	24.93387856354853	27.216630377285707	2.702280927774111E-4
31.0	26.740536257960635	24.109596786733363	22.455574919341863	26.693753529740015	5.385062241222517E-4
32.0	24.347947817160076	22.172907320129855	25.076427728633234	28.402517148742422	1.9998533440881001E-4
33.0	24.07049320768572	25.429485292415166	24.97454742712361	25.52540791923976	6.615353574110152E-5
34.0	26.937316816537088	26.71625029191277	21.98214674618939	24.364220546985493	6.559837525944157E-5
35.0	26.04767635352772	22.105765082536728	25.21514043731977	26.631223502775008	1.9462384077174842E-4
36.0	24.49351839668229	23.779923007666177	26.71856962011368	25.00772969844129	2.5927709656321725E-4
37.0	25.31562232499428	25.831167408945316	21.198519201073598	27.65462626545388	6.479953292496668E-5
38.0	26.846629375812253	24.82070458724155	21.416067719569664	26.916533531319526	6.478605700395584E-5
39.0	23.60399679758731	26.949818504037992	21.421381545708222	28.024673605227495	1.2954743897667888E-4
40.0	27.045107021260474	25.792612751361848	22.554611638695654	24.607603823478552	6.476520346960149E-5
41.0	24.4440558987709	24.924039320822164	21.012031964357412	29.615210267967	0.004662548082527101
42.0	24.77638014921372	25.664967151483914	20.737042221966092	28.821545725678305	6.475165796620222E-5
43.0	26.88977043249231	25.4053543090929	22.62143471761002	25.07962056648277	0.003819974322003117
44.0	28.570966165279682	25.267962051252173	22.501820724211264	23.658797901230972	4.531580259141654E-4
45.0	26.02147781503913	23.83181774343778	22.24612817430805	27.896498446868268	0.0040778203467700756
46.0	25.993193818257605	23.88668186342849	22.492696104891312	27.6274282134226	0.0
47.0	26.03687963090599	23.500102576448576	22.998675242963806	27.462724624625206	0.001617925056417047
48.0	23.152518469639922	23.70544320666589	22.75821915149633	30.383819172197857	0.0
49.0	22.691683215711134	26.375080049938227	23.42885420237918	27.503024108777353	0.0013584231941057372
50.0	27.11100503289395	24.228458845209243	20.406214889888872	28.254256550168204	6.468183973263114E-5
51.0	24.427205939415888	27.010631968336913	21.349949556354606	27.210337067025375	0.0018754688672168044
52.0	23.396012271522938	25.7589002112396	20.987932485964702	29.857155031272757	0.0
53.0	23.44496127428454	24.522526784454026	23.79048604849464	28.2405435070539	0.0014823857128954021
54.0	23.77333440747603	28.200821719165393	22.401933456859744	25.62384596793684	6.444856199146057E-5
55.0	24.192054048875708	27.426216765155758	22.491389303769672	25.889118278850898	0.0012216033479647125
56.0	26.681019907246096	25.071391192879013	24.95310231859051	23.294486581284385	0.0
57.0	23.036445262681532	27.64995680256716	22.641497305302998	26.667279487390466	0.00482114205784342
58.0	25.57216801978155	25.044077200501608	22.421170425628603	26.962391526379154	1.9282770908469186E-4
59.0	27.96867689175223	22.018790265773386	24.10354827265295	25.906413730339505	0.0025708394819244276
60.0	23.53023839590969	23.24751542591965	24.122570610158007	29.09954723257461	1.283354380345171E-4
61.0	25.943988820349222	23.788582435167136	22.85983217691361	27.40188611693206	0.005710450637966413
62.0	25.73558046715559	21.723434190882337	24.29268086127441	28.248047851144598	2.566295430646828E-4
63.0	27.089724688948678	23.378664644528357	22.19335286185177	27.33594825584155	0.002309548829636131
64.0	25.826449721346606	21.37536040496004	23.672986055161974	29.125139775002275	6.404352910586268E-5
65.0	24.35535535663741	26.527352810462375	23.259590742066578	25.852770118048767	0.004930972784872544
66.0	24.332370436351784	24.33621263224358	22.860873446392084	28.469903119030587	6.403659819660132E-4
67.0	26.642820460608295	25.048889845127732	21.363357525322186	26.944483931985808	4.4823695598441156E-4
68.0	23.437596045487144	21.975079397602705	26.970917426493184	27.616343100092205	6.403032476180719E-5
69.0	22.869125099642407	25.44404498554585	25.041185528560955	26.643083296250886	0.0025610899999039594
70.0	25.930680523572125	22.831608678807655	24.273324391469515	26.9641306807793	2.557253714091363E-4
71.0	24.620861362169553	22.68741374516271	26.10170226552077	26.589321109061824	7.015180851362348E-4
72.0	27.59749678809731	26.029259397405614	21.900553754339654	24.470713504656064	0.001976555501359679
73.0	25.013721421673154	22.988943179608786	22.75167892192017	29.241704197384482	0.003952279413405239
74.0	24.860858635433054	25.79061359875786	23.611454591346337	25.736372049858886	7.011246038645989E-4
75.0	25.660304484799664	24.88860817419381	21.65319427333524	27.79610850401941	0.0017845636518800698
76.0	26.780975397110673	24.312337644128675	24.8904456357977	24.015285351198536	9.559717644179662E-4
77.0	24.34299450103014	24.64384786417054	23.57629956098733	27.43622080763292	6.372661790730709E-4
78.0	27.4379146774469	25.98324594785419	20.10543608200386	26.473020954672556	3.823380224967693E-4
79.0	27.226738899519486	20.998949259224567	22.31266196796292	29.459547117344613	0.002102755948409839
80.0	23.867804612311602	23.204406512922944	28.574605207407476	24.349870499746736	0.0033131676112380095
81.0	24.812272468370157	24.85489582444019	22.18421444963627	28.148426121427505	1.9113612587460708E-4
82.0	22.73243024050692	22.473199319845342	23.888616710933633	30.904734388647608	0.0010193400664991975
83.0	25.132951953826748	22.28859556359652	23.989323072610752	28.588683476244476	4.4593372150802046E-4
84.0	23.210776522957186	25.846621698664272	24.964248335994935	25.977079440993673	0.0012740013899355165
85.0	25.38603380244012	27.56335170907099	20.852736137783	26.197305104123874	5.732465820172547E-4
86.0	26.105375782548606	24.496271151898817	22.593125672689293	26.802998363255405	0.0022290296078818486
87.0	22.37597698411991	22.119926591670623	25.208705585986703	30.29488141192592	5.094262968401561E-4
88.0	25.085242847400817	27.066378947515872	25.377631385413558	22.4698553912002	8.91428469551032E-4
89.0	26.330403092256432	26.993193190261504	22.48233673939106	24.19317561772865	8.91360362350721E-4
90.0	23.309684664610778	25.666805876346153	24.992105792565695	26.0313400035142	6.36629631798886E-5
91.0	26.948128419179103	25.047201699897766	23.789720405520846	24.214249247892	7.002275102837958E-4
92.0	25.41073293813688	24.01254461236651	22.627786940185217	27.94887185692471	6.365238667806468E-5
93.0	25.653907404649246	26.190730790137316	21.952410231341982	26.20276062412561	1.9094974584588827E-4
94.0	28.288961574177502	23.2283597374419	22.681883478226556	25.79551247902024	0.005282731133807761
95.0	23.48643424789963	27.064488475268146	23.396570805964338	26.050660833604343	0.0018456372635436364
96.0	26.14920365830998	24.34486673335726	23.734151438556836	25.77075999277094	0.001018177004981431
97.0	25.146342084165784	25.370436353918784	23.398635837267605	26.08445847066159	1.2725398623111869E-4
98.0	28.487484349074176	22.976068080254894	23.77865519101764	24.75779237965329	0.0
99.0	22.019483059660907	22.314941146911686	26.41732421197925	29.24818797367911	6.360776905291212E-5
100.0	22.66904106975339	25.00449970584962	23.908161480609923	28.41829774378707	0.0
101.0	23.920511053061308	22.25161452782533	27.69242704419953	26.135320196668438	1.2717824539805518E-4
102.0	25.31599534081719	23.831961688902904	24.6225858464606	26.22926638216489	1.9074165441681373E-4
103.0	26.188257815052136	25.08328895069269	25.058057578372967	23.6701414355062	2.542203760173582E-4
104.0	26.09776510219372	26.485149930510936	23.142303554395603	24.27427303385995	5.083790397863792E-4
105.0	26.57765632943569	23.41084138281647	20.77052618200305	29.237798678190135	0.003177427554651754
106.0	25.77683225405104	23.70290729482993	24.688590362647748	25.831415915426458	2.5417304482151017E-4
107.0	26.641649124523692	24.54078556183677	21.874739885972364	26.941999416709184	8.260109579884473E-4
108.0	23.11668401495488	24.89776788180894	25.14570339317276	26.83978120199187	6.350807155835472E-5
109.0	25.76615130639068	24.31753388996476	25.383472491190197	24.532270865741772	5.714467125940506E-4
110.0	25.125034123300978	23.62094250144429	23.29291441558689	27.960981989245603	1.2697042224013916E-4
111.0	25.201979837248086	23.510345138422924	24.74447416048311	26.542375614255487	8.252495903905397E-4
112.0	25.767339238970095	23.731722612799945	23.70373050390874	26.797017221811757	1.9042250946399873E-4
113.0	28.42328747560337	21.948747242982495	22.705764745084974	26.921375414544357	8.251217848018914E-4
114.0	25.88323259225219	22.343066383749573	27.327480766313485	24.445775951750914	4.4430593383269084E-4
115.0	27.262184656321093	22.909959477575562	26.36560062560936	23.461683965713355	5.712747806304843E-4
116.0	26.5264307114203	24.4539938049053	25.167699182450615	23.851749352561825	1.2694866196110295E-4
117.0	25.892214474230418	26.331895025078357	23.90911364412471	23.86620559556498	5.712610015347879E-4
118.0	27.212579093787824	24.424199763504102	24.80363414096958	23.559079227395948	5.07774342543302E-4
119.0	27.313996133237023	21.49607928514394	24.408465240390537	26.781015031628495	4.4430960000710893E-4
120.0	25.774108026350618	22.799095919259827	25.062027022138047	26.36470556126442	6.347098709444419E-5
121.0	27.38015371247554	23.29272712386047	24.558896986999372	24.767587473239317	6.347034253039753E-4
122.0	27.695277120332484	22.979569583311914	24.910586381964823	24.41393221257687	6.34701813914314E-4
123.0	24.974707501938987	27.421574215234397	22.880412499381176	24.72254415238714	7.616310582990494E-4
124.0	24.82195637590069	24.992431440273116	22.706440796726575	27.478980983081335	1.904040182864019E-4
125.0	27.48206424883094	23.492851086299776	24.152018501876082	24.87192375846014	0.001142404533061187
126.0	24.30216403564055	23.831175136660402	25.492551825597655	26.37391860098336	1.904011180353651E-4
127.0	26.359744739455905	22.47174966442314	27.24960254372019	23.91814145952927	7.615928714907229E-4
128.0	26.48126745733603	23.043461428371053	24.90037299436986	25.56506076628542	0.009837353637631241
129.0	24.539649134386785	26.730115774736202	22.239132393951433	26.48862752166413	0.0024751752614483205
130.0	26.56706566304058	24.173277820794354	23.681027151216664	25.5786293649484	0.0
131.0	26.16649763203424	24.3766557037447	24.362185154485807	25.094026836522143	6.346732131093021E-4
132.0	26.26338467709536	25.67782587971863	22.204521610648463	25.84722284809046	0.007044984447086138
133.0	27.711083481372455	25.186833942943533	23.76058090996619	23.339978433571527	0.0015232321462912153
134.0	27.065867731405934	23.08020388462278	21.127293337065254	28.72663504690603	0.0
135.0	26.455214171019474	23.037871046769187	26.41053306338497	24.096127848896618	2.5386992974149694E-4
136.0	27.56666529152479	26.26702928100178	25.01207480348694	21.146868325934012	0.007362298052481761
137.0	28.623807909905725	21.722664595067005	24.411428324809563	25.24197223396383	1.2693625388266266E-4
138.0	24.954893492795335	24.455818469710575	27.03521893235769	23.552990229832172	0.00107887530422697
139.0	25.70757845288194	24.222071459442237	24.507914305533255	25.561610747284842	8.250348577227387E-4
140.0	26.985556416539264	21.701676125852547	25.708994698921188	25.60351890599645	2.538526905529356E-4
141.0	25.795988152439293	24.807654839203064	25.401302165473638	23.99492791379992	1.2692908408607568E-4
142.0	28.531926276768655	22.130106614490153	23.812304171476768	25.52540907812959	2.5385913483537555E-4
143.0	26.566744177781388	25.05140611593158	24.519003762166115	23.86278247978026	6.346434065627206E-5
144.0	28.815231988139757	24.72862579045037	23.239304327517445	23.216457106881837	3.807870105934946E-4
145.0	28.826355437935124	21.99176233903877	22.66879906580609	26.512258121838688	8.250353813250067E-4
146.0	27.758721028010992	21.901208539934238	25.041838468290027	25.292456763742916	0.005775200021831526
147.0	26.776570096595453	23.326904636340732	26.539158887816384	23.354256742992373	0.0031096362550587123
148.0	24.7951905557604	24.0419538081642	24.122551219019975	27.0398601793578	4.442376976302457E-4
149.0	27.552300033762428	24.577017685928173	24.676972246267727	23.19199652729299	0.0017135067486780614
150.0	25.294664185640343	24.22345229905337	24.82191951218893	25.65996400311736	0.0
151.0	27.174643591307458	23.582346068191583	25.330451134738762	23.91224187620466	3.1732955753470475E-4
152.0	27.336100870181113	23.63330919513166	23.423173562132174	25.60735290664355	6.346591150694096E-5
153.0	25.51952964352625	22.87498032565484	24.873576465929112	26.731215442964707	6.981219250902481E-4
154.0	23.27084060546441	24.908767810110113	25.16358328308952	26.654206200615622	0.0026021007203376385
155.0	27.239356640995187	23.30142013013681	24.383354523463282	25.075551329519318	3.1737588539937627E-4
156.0	26.13976823781522	23.285840874237024	25.926045824319793	24.64796420990626	3.808537217025685E-4
157.0	25.305335346791512	22.941426267250392	26.56628574729323	25.18669873473323	2.5390393163890544E-4
158.0	24.848924187872292	21.443878509656155	26.617907688870158	27.08922613636941	6.347723198643111E-5
159.0	27.08456455762574	21.462373891422047	24.263249137164365	27.189241104556572	5.713092312780378E-4
160.0	27.594286323690355	20.49034220609557	25.801621016334586	26.1136869742298	6.347964969390113E-5
161.0	24.71905333527159	20.630051818734092	28.427111297601282	26.21953038756452	0.00425316082851573
162.0	25.624942073275243	23.23194939775251	24.667579951576432	26.47540161471142	1.2696268439742875E-4
163.0	25.47181430120442	23.649628363708388	27.48089761528089	23.397596235643057	6.3484163240638E-5
164.0	25.99610578995517	23.792391752197712	24.868791023636344	25.34118777850363	0.0015236557071381365
165.0	26.239096855539167	21.70159841891311	26.91536322017575	25.143433607238563	5.078981334108724E-4
166.0	25.05288647122163	22.88962028402511	25.791709839296235	26.265656427134758	1.2697832226082363E-4
167.0	26.3128421745013	23.48649587279537	26.018880826291703	24.181463673551796	3.174528598375784E-4
168.0	25.449223648329045	24.039568379582157	24.826301035876305	25.684779951682383	1.2698453010961938E-4
169.0	27.09458507043434	21.659464285033987	25.169307822129323	26.076452339197253	1.904832050958067E-4
170.0	30.802629206234716	22.583375451767832	23.051461530842126	23.56234332577318	1.9048538215177366E-4
171.0	25.403361243160905	23.684262324018558	26.697495099853775	24.21430988734267	5.714456240916395E-4
172.0	27.854992142456375	24.057475583222683	23.767800065500687	24.319668739162555	6.346965769544212E-5
173.0	28.519953648999046	20.298171978459223	23.5115833080552	27.669339168245756	9.518962407713659E-4
174.0	24.633648261717163	25.42854205588498	23.89764489074811	26.0397840346032	3.8075704654374137E-4
175.0	25.531931096455825	24.24386077138259	23.573838280762143	26.649227551263895	0.0011423001355529495
176.0	24.53379942284613	24.46576457021584	28.265561861895595	22.733414442047568	0.0014597029948662879
177.0	22.928514847463134	25.47826451232888	24.160831437624406	27.410364280781575	0.022024921802006745
178.0	24.720392513506773	22.929368765830358	24.8748644245604	27.475056975003348	3.173210991241303E-4
179.0	28.13308842476995	23.700298434709318	23.629656616022046	24.53600447842473	9.520460739524002E-4
180.0	27.057552693655385	21.732204519834394	26.116153789388235	25.093898147229243	1.908498927423603E-4
181.0	28.237888100625852	21.83480113346788	25.76983059140114	24.156843108474508	6.370660306199416E-4
182.0	26.794559225535018	22.262364281650733	25.30039122050477	25.642557859671545	1.2741263793214386E-4
183.0	24.04723017064116	24.13316227599685	26.366059302707782	25.453357148863198	1.911017910059853E-4
184.0	25.628775471593546	22.32448336992949	26.970061222916776	25.072730480935277	0.003949454624906917
185.0	25.338734228811994	24.69935227468139	23.646941934004623	26.314270974645087	7.005878569017458E-4
186.0	27.365744538825677	23.5592283272781	24.649424965222753	24.42560216867347	0.0
187.0	24.82342852986626	22.488474205571936	27.789318813745968	24.898331838244584	4.466125712506556E-4
188.0	28.180864732308613	27.068849145844947	22.635459715192336	22.11437983966969	4.465669844097086E-4
189.0	25.521686955290175	22.968516641222152	25.30617947600677	26.20259616973415	0.0010207577467538308
190.0	28.995117257906145	20.70077206405433	25.607631190596653	24.696288082421557	1.9140502131932932E-4
191.0	26.55271445442508	22.937638355632128	24.999488755169963	25.509902812357808	2.5562241501832813E-4
192.0	27.028605868942336	22.615873997912576	24.877077915313027	25.478378304100257	6.391373180136379E-5
193.0	27.692928228851514	24.152919676068123	22.484040237713685	25.66966440233111	4.47455035563087E-4
194.0	27.610158537778094	22.90426941641912	24.166383803206298	25.31918824259649	0.0
195.0	26.99437061852869	20.791501903632405	24.776375138656682	27.436921198249493	8.311409327319283E-4
196.0	28.769243290041068	22.236505585784876	26.26840861043308	22.7257784308536	6.408288736983965E-5
197.0	25.659912011731766	23.636399762083006	23.587560120189103	27.11535897777732	7.691282188015957E-4
198.0	27.67834100080762	23.12940804872944	23.962515616353226	25.22973533410971	0.0
199.0	25.99329699753846	23.493496338555637	25.373603648326437	25.139281497809822	3.215177696440927E-4
200.0	27.9564077204147	23.175841743588293	23.734539042574944	25.133147186642713	6.430677934929256E-5
201.0	24.71395498392283	20.95652733118971	29.39845659163987	24.930868167202572	1.9292604501607719E-4
202.0	25.467092421626035	24.273820893506592	28.842647526987523	21.416439157879843	0.0
203.0	25.468947432080146	23.90177902790395	23.51299464979168	27.115378181752675	9.007084715491929E-4
204.0	25.20880799444594	23.367256924717168	24.577799597086308	26.846135483750583	0.0
205.0	27.30013840692408	23.693965625408193	25.576840294109886	23.428154838161706	9.008353961391482E-4
206.0	25.916294717550336	21.14350543380335	25.9527174164852	26.987482432161116	0.0
207.0	26.388449112509814	23.159761104889885	26.973330244172427	23.47820210835232	2.5743007555572715E-4
208.0	28.698399293495473	21.54967545591942	21.92989796365003	27.822027286935075	0.0
209.0	27.174486845053085	20.807335456940308	25.42508620179073	26.59206145241326	0.0010300438026127061
210.0	25.054939535925918	24.03277119977129	25.049144565831185	25.862951532801787	1.931656698244961E-4
211.0	25.84096776021888	25.529557855902553	25.522795076181104	23.105584381456843	0.001094926240615838
212.0	28.860784125476574	21.862457481486445	25.150276648210568	24.126159573858015	3.2217096840082707E-4
213.0	30.18618933019934	21.77559676191348	23.853199180227996	24.184563453357256	4.5127430192700574E-4
214.0	28.40497427377861	23.922708430781142	25.05595251536315	22.6163647800771	0.0
215.0	25.961038692377116	24.645671123845087	23.372582534514905	26.020319768719762	3.8788054313619526E-4
216.0	26.044485404656392	23.84799403898192	26.382014980979644	23.72550557538204	0.0
217.0	29.69930582685133	22.665672324185515	25.401190180516643	22.232843474726288	9.881937202265466E-4
218.0	24.382624070874698	23.605274982593937	25.74497613594052	26.266792950495105	3.318600957482748E-4
219.0	27.020342964654926	22.07983211576615	24.695518865870174	26.203435006837715	8.710468710321302E-4
220.0	27.563866865188064	21.190725062430047	25.917999011874315	25.327140182769643	2.6887773793159077E-4
221.0	25.910434137251077	21.804982231467637	24.709771609352316	27.574812021928967	0.0
222.0	24.914090169263044	24.43017873756469	24.77306611451044	25.882254826297057	4.101523647676384E-4
223.0	30.7288377697931	21.79212660524654	24.466687256472692	23.011383221330302	9.651471573658652E-4
224.0	30.180935541842768	21.71689429569733	25.11360723438155	22.98828655347745	2.763746008978029E-4
225.0	31.137692126126375	19.589714396789915	24.468711383863486	24.80263249239826	0.0012496008219596518
226.0	25.322327982859754	21.76312739278564	26.66348213972112	26.250921990797654	1.4049383583295284E-4
227.0	27.818939840080958	23.666260597311723	25.162197423408443	23.35097219239892	0.0016299467999537946
228.0	27.676472389100027	27.201730940925017	23.202739090131104	21.918843988910357	2.135909334920551E-4
229.0	27.880365583896392	24.820818243021133	22.805786067102186	24.493030105980285	0.0
230.0	26.265782038242914	21.7404765246024	27.78550171944104	24.208239717713642	0.0
231.0	25.37723823130339	24.442838282909065	25.30723337128012	24.87093083006705	0.0017592844403752847
232.0	25.32016765249674	24.956797807847845	24.289576228113468	25.433237328461882	2.2098308006216993E-4
233.0	23.757983473808693	24.72609726890866	22.711702239433794	28.8036954048127	5.216130361529995E-4
234.0	27.096491639448672	20.47877450186908	27.21108709103039	25.212360878096156	0.0012858895557024664
235.0	25.652424492117092	21.328712486833798	28.834938246881002	24.183695464405773	2.29309762328075E-4
236.0	28.254038713602686	23.356674072688698	24.79801581727639	23.59111618814659	1.5520828563912056E-4
237.0	27.605281549990128	23.881603896287057	23.536698498462734	24.976180999332442	2.3505592764038323E-4
238.0	26.78585181227109	22.386952886747647	25.184101272174527	25.64309402880674	0.0
239.0	27.31915331528136	23.680833821079645	24.551219794567686	24.447185114196955	0.001607954874354406
240.0	25.667749585837207	21.316350865811255	26.489041442759476	26.526692605973544	1.654996185233793E-4
241.0	28.44245719305806	21.678380215153574	24.00669661356893	25.870062490676126	0.002403487543304215
242.0	26.347518790996272	24.332595649660067	21.373470635537746	27.945168836519997	0.0012460872859222042
243.0	27.74477685874728	22.961507561535036	25.105961395168773	24.184673790424966	0.003080394123940074
244.0	26.428043941739226	22.480213283489306	26.055882610636637	25.034441611975915	0.0014185521589112195
245.0	27.491604668766023	21.124451637455515	24.19988206807432	27.181970634114112	0.002090991590031825
246.0	24.36183949770025	25.674066588402294	23.901889657287512	26.059187642608332	0.0030166140016138886
247.0	25.691230787711188	22.489413658207955	25.529695098236044	26.1531573381136	0.136503117731209
248.0	26.626026004304613	22.172542825350288	24.346885547584986	26.84386399171711	0.010681631043006602
249.0	25.461730505462725	21.385968527664982	29.04924224508963	24.085660425802182	0.01739829598048688
250.0	27.60485255136412	22.204044808406483	23.578494266920792	26.611846671022477	7.617022861224614E-4
