# Position (bp)	A	C	G	T	N
0.0	24.356368729813	23.782171054767126	24.789912728398754	27.071524134260628	2.3352760494788948E-5
1.0	22.946210690563497	30.47952898584497	23.14875833539951	23.34983790595749	0.07566408223453022
2.0	24.08622153018272	26.932244316497727	22.167454703661438	26.813265802139057	8.136475190608555E-4
3.0	25.66348536219789	21.613831648145513	24.476285620115128	28.239243325079084	0.007154044462386333
4.0	26.172634618375273	23.94943237340105	23.18567227368631	26.69214467921147	1.1605532589496065E-4
5.0	28.163302314461287	23.621525392010472	22.683863283832533	25.53061332864599	6.956810497177738E-4
6.0	26.032869620043968	23.300516486889233	24.018237445091152	26.642566722727047	0.005809725248603004
7.0	25.715212236641467	25.579747937085433	23.218927399912324	25.48528093193895	8.31494421827283E-4
8.0	27.808432418568508	24.175282782430113	23.509258398593776	24.507026400407604	0.0
9.0	26.51199593708467	25.2332182005162	22.316520166430344	25.9380124544194	2.532415493870518E-4
10.0	24.955369508264003	25.10980481291542	22.82269916011856	27.112126518702016	0.0
11.0	27.888732673664418	22.013497886638252	22.364781611858888	27.73283186018168	1.5596765676420586E-4
12.0	28.8621583125087	23.94850331311727	19.85738737978094	27.33195099459309	0.0
13.0	24.982980042407473	22.746439563500633	24.729267330627323	27.541248081125687	6.498233888333049E-5
14.0	26.629375049176524	21.462833052370563	23.05667772723092	28.85100697443721	1.0719678478251594E-4
15.0	25.417834689571965	23.212105629725922	24.229358609003654	27.14065878394808	4.228775038048404E-5
16.0	26.19870613738538	25.222273750334956	20.82157704231767	27.75740158937035	4.148059164597477E-5
17.0	28.200797191382286	26.316823365467773	19.35279185244621	26.128452336980608	0.0011352537231254021
18.0	25.595802855317817	25.800400388687063	19.370818351932286	29.232737133386692	2.4127067614297462E-4
19.0	25.04644818752476	24.22304258499553	21.33065324138384	29.399355520763205	5.004653326663131E-4
20.0	23.461386764683102	24.878687581747112	23.87007764709714	27.789848006472646	0.0
21.0	24.00807233460362	24.06497851555544	23.778676671555115	28.148056030156344	2.1644812948478067E-4
22.0	22.846075069261882	26.333614542603208	25.551596066804123	25.268578189595726	1.3613173506897406E-4
23.0	25.441226542851613	23.65155736119172	22.89972915457535	28.007119365447863	3.675759334494099E-4
24.0	28.633804664421113	21.466761991480602	23.982788603673022	25.916587208013418	5.753241184308533E-5
25.0	25.176390177368358	24.958306396232405	19.350727790340517	30.514347931771447	2.2770428727324684E-4
26.0	26.27696059205445	24.703467428557637	19.99731864862908	29.02215904976829	9.428099053871404E-5
27.0	26.112009252211944	24.403423830089178	19.65668018204946	29.82777386709125	1.1286855816812826E-4
28.0	27.90229506625488	23.261509462209766	22.643251947227906	26.19023162413658	0.0027119001708682854
29.0	28.12133912591514	23.062197228367967	21.75077954678034	27.065371655337216	3.1244359933556114E-4
30.0	23.565628778028696	24.836478934282262	24.82078514564657	26.776888158945233	2.1898309724218163E-4
31.0	26.118627243241793	24.068309194374855	22.167678289571995	27.644967659478816	4.176133325416837E-4
32.0	24.027133776749775	23.180044101829903	23.96481206361311	28.82779422503444	2.158327727676596E-4
33.0	24.0665570764944	24.174759130304636	24.758569718338308	26.99995390734879	1.6016751386383304E-4
34.0	25.904177312045984	26.257770142984377	22.633007472236837	25.204956960888563	8.811184424081602E-5
35.0	25.12190186799328	21.820076785007213	25.78772660909245	27.270120305814345	1.744320927141459E-4
36.0	23.97296356728115	24.39308572475167	25.72875283771536	25.905075883562663	1.2198668916101215E-4
37.0	25.781739003339716	24.755888661781565	21.133140695687043	28.329196797873845	3.4841317831037375E-5
38.0	27.3510817278386	24.821204025260634	20.792373043711486	27.03527153789618	6.96652930993044E-5
39.0	23.589129409699755	27.510783735348017	21.356062120444903	27.54381578113388	2.089533734477376E-4
40.0	26.62061669860938	26.0666625345427	22.562110698208237	24.75050560483152	1.0446380816544839E-4
41.0	24.624583324919172	24.08594352229103	21.39683553250501	29.887867661139317	0.004769959145474005
42.0	24.904845142933336	25.33335097233242	20.35109383262841	29.410692645198843	1.740690699106643E-5
43.0	26.290946128745468	25.208459664612644	22.245276109411996	26.251750072578844	0.003568024651047189
44.0	29.577241247888818	24.2585123869141	22.32639568687747	23.83755482985668	2.958484629367136E-4
45.0	25.973210184166934	23.710918468198837	21.22945000487214	29.08292384147445	0.00349750128763729
46.0	25.26361758877292	24.109086859920698	22.342188731507274	28.285106819799115	0.0
47.0	25.285396637783265	24.482707448939667	22.746641340989722	27.483636633134733	0.0016179391526139372
48.0	23.11794790811021	23.612991127866863	22.716281833058222	30.55277913096471	0.0
49.0	22.393864493596556	25.941404112191655	24.187398602534458	27.475802427956825	0.001530363720502022
50.0	27.69667021462141	24.192176611982024	19.892897094299837	28.218116966347406	1.3911274931830407E-4
51.0	25.046417413688992	26.41824128292359	21.58175454433391	26.951256977825178	0.002329781228326732
52.0	23.11782603930078	25.53002154702955	21.045832182909724	30.306320230759948	0.0
53.0	22.998081913807624	24.63842465618279	23.493907713780416	28.868045293280954	0.0015404229482172112
54.0	23.27832450076672	27.556292468145642	22.127483185816203	27.037847922933405	5.192233802826652E-5
55.0	24.566095973258818	28.01417191478906	22.098865894813926	25.319554833604407	0.0013113835337852085
56.0	27.109673229722603	25.304795467085057	24.35123672790123	23.234294575291116	0.0
57.0	23.602997394410128	27.29419221193603	22.496622255712147	26.601340609111833	0.0048475288298582934
58.0	26.461536657045272	25.34712411949025	20.642953662392753	27.548213072751775	1.7248831995341437E-4
59.0	28.366427754884654	22.293891157504472	24.117723556370553	25.219439402437686	0.002518128802633204
60.0	24.269218649890092	22.32408234252042	23.52875274854534	29.877911840381387	3.4418662762672476E-5
61.0	25.39290665227632	23.50114535395154	22.501146042265212	28.5985899206099	0.0062120308970241445
62.0	25.484790377287847	21.88422295883532	24.85934987776138	27.771395887936922	2.4089817853445807E-4
63.0	26.538182995715125	23.37095939135293	22.610873215561128	27.477575522110808	0.0024088752600079735
64.0	25.857055023017416	21.721881760460626	23.164822636229367	29.256171940730425	6.863956216196088E-5
65.0	24.459167859746028	25.889593373845415	23.296481708480496	26.350295879106174	0.004461178821891896
66.0	25.09912862889707	23.1784782009668	22.98111314372699	28.740782453023066	4.975733860692492E-4
67.0	26.808498372923218	25.265318944622774	20.858100066380132	27.067413496081617	6.691199922587963E-4
68.0	24.02878584033387	22.660296957987168	26.095853067112174	27.214875417707614	1.887168591750191E-4
69.0	23.181874560714434	23.80643420293505	25.086295971550847	27.922581778524762	0.0028134862749047145
70.0	25.644082927363264	22.758924446139307	24.62594991171361	26.970597299791528	4.454149922917509E-4
71.0	25.077508893539196	22.852672297590427	25.793928139793387	26.275122070529335	7.685985476561844E-4
72.0	27.379350496024816	25.274782326832785	21.97980241665333	25.364356950691946	0.0017078097971241506
73.0	25.808124586741858	22.087862096099936	23.022252413974	29.077867396733282	0.0038935064509254247
74.0	25.3277559426549	25.882256312600717	22.641640240542475	26.147340035787327	0.0010074684145845226
75.0	25.538772459026248	23.94046055069244	22.350276288752738	28.168424640155287	0.0020660613732922124
76.0	27.435343443987765	23.519138122029943	24.912716722738317	24.13177725963292	0.0010244516110526035
77.0	25.06983429794954	24.578872847711292	23.755151672019448	26.595560688186037	5.804941336799452E-4
78.0	27.448027470785487	25.848222646803283	19.854259923169078	26.84890948473156	5.804745105959646E-4
79.0	27.94133087581143	19.9396967011422	22.911395192842683	29.20501636308725	0.002560867116434604
80.0	23.99480947474015	23.018453304051697	28.095860486110684	24.888452532404077	0.0024242026933916235
81.0	26.09324329584199	24.871912358895322	21.509778227252024	27.524656401445753	4.097165649090054E-4
82.0	23.057391297816338	21.548661817723698	23.698609862324595	31.69398841805156	0.0013486040838121588
83.0	25.453633265483518	22.498086389363262	23.909002949111272	28.138423867658034	8.535283839157014E-4
84.0	23.594000042673947	25.743862419186208	24.549282010796507	26.11171186549171	0.001143661851622677
85.0	25.136730198145706	26.939902891774135	21.01891606518807	26.903972916479617	4.7792841246860606E-4
86.0	25.989275002747984	24.348095765097366	22.267989750865187	27.39279611171912	0.0018433695703378625
87.0	22.581158842710447	21.664642727001972	25.930567064371523	29.822675577121487	9.557887945711196E-4
88.0	25.148098957239977	26.486357146246164	25.78877735030613	22.576066798901838	6.997473058875373E-4
89.0	27.352949408575466	25.853310878292906	21.91573147612764	24.877052509705752	9.557272982340207E-4
90.0	23.619039037224802	25.060170889935268	24.83633159548983	26.484321948350736	1.3652899935677774E-4
91.0	26.880261963751988	24.62113519673733	24.032713385674658	24.46529215791412	5.972959219023637E-4
92.0	25.815267055987327	24.435170191696145	22.268018964663696	27.481509657674614	3.41299782199544E-5
93.0	27.612402188019136	25.84666289539675	20.38854318914625	26.152169888030823	2.2183940704032954E-4
94.0	28.475869443023385	22.638042839839827	22.831464754209975	26.05028867388843	0.004334289038378253
95.0	23.972401483842564	26.681574483914233	23.772212420185447	25.57126914952069	0.002542462537070469
96.0	26.7663145717145	24.273803094715845	23.42029489978475	25.538802535902676	7.848978822260727E-4
97.0	26.31522461138619	24.52458867585079	22.7636587497848	26.396391462073137	1.365009050863138E-4
98.0	28.417083412246264	22.763232205347652	23.959074475037067	24.860592845113967	1.706225505000094E-5
99.0	22.332972883345725	21.28632028326968	26.80949561395653	29.57116004337682	5.117605124565067E-5
100.0	22.77621933277326	24.79028371849053	24.32145948919584	28.112037459540367	0.0
101.0	23.63540935331367	21.56820804003163	28.529087273077103	26.267158874512926	1.3645906466863304E-4
102.0	25.41008020946102	24.068194930587374	24.25228193852439	26.26944292142721	0.0
103.0	25.81710305996149	25.60657121373605	25.05076509272135	23.52535593562659	2.046979545215731E-4
104.0	25.632736332071325	26.78275198277825	22.822415223915986	24.76170412743684	3.923337975949939E-4
105.0	27.78835900491619	22.974163173724456	21.122953556079867	28.11133425985648	0.0031900054230092193
106.0	26.061258735962202	22.530010052678904	24.79364543776747	26.615034597557642	5.1176033785735154E-5
107.0	26.55950784363964	23.982967492420084	22.390562454176774	27.066365164489387	5.970452741137205E-4
108.0	24.175640668967926	24.314487317279774	24.0376298297184	27.472156897394882	8.528663901218968E-5
109.0	26.346996222091036	24.077931120237253	25.28816171613165	24.28629689701126	6.140445288035497E-4
110.0	24.773186085653723	24.157012264802944	22.58173180900556	28.48798455932468	8.528121309455503E-5
111.0	25.024630088142967	22.987155511374528	24.1838639491242	27.803719347991763	6.31103366544153E-4
112.0	26.13646655572102	24.277856928556723	23.11219422503864	26.473243502268744	2.387884148730388E-4
113.0	29.268161644236546	21.04508572089363	22.611134932419684	27.074952525098507	6.651773516321917E-4
114.0	27.140379035848245	21.615908521057452	27.15552545980825	24.08786290439502	3.2407889103614845E-4
115.0	27.132114054818064	23.434124127870383	25.913682750367002	23.519516155059367	5.629118851850803E-4
116.0	26.764538864095034	24.3349625465194	24.686068137649496	24.214345161547293	8.529018877959805E-5
117.0	26.155550915747916	26.377579357768745	23.447250845741408	24.019004788554412	6.140921875191904E-4
118.0	27.865472745986857	23.777686347116507	24.540381818535383	23.81616910305498	2.899853062739515E-4
119.0	27.27574813736479	20.512996781616096	24.722739135203682	27.488021255969752	4.946898456721205E-4
120.0	25.421987712580275	23.175309983050894	24.915987974595446	26.486629038377036	8.529139634980117E-5
121.0	27.883816592161253	23.3488405575095	24.048149726366184	24.71857902150962	6.141024534416519E-4
122.0	26.877403335217732	23.579185577481088	24.09595702339374	25.447044658919587	4.094049878492011E-4
123.0	24.850124015298064	27.519694038736443	22.995148562480168	24.634385160469314	6.482230160111084E-4
124.0	25.497008447719228	24.362037019030826	22.370420939398933	27.77041418422585	1.1940962516636318E-4
125.0	26.92948104392694	23.598485281406624	24.029193080904115	25.44205590689247	7.846868698516652E-4
126.0	24.821508563529033	23.845507460868692	23.87750917490506	27.455338332833517	1.3646786369453305E-4
127.0	25.94314670693361	22.645073676126636	27.236020675475515	24.174906020953525	8.529205107083318E-4
128.0	25.887633694982252	23.254905084857366	24.483792668570526	26.364678646724204	0.008989904865653804
129.0	24.814616303939534	26.656751105308174	21.767278511048644	26.758232366671297	0.0031217130323501585
130.0	26.463516260249282	23.874551240661244	23.58818115675636	26.073717224255567	3.411807754868437E-5
131.0	25.72677304783058	24.481792717086833	24.534727411061866	25.256126811260437	5.800127602807262E-4
132.0	27.017322149051243	25.460374140404923	21.08242064839881	26.43409997105043	0.00578309109460267
133.0	27.479862004469858	25.06183544700047	24.16412754231585	23.292213194666804	0.001961811547018055
134.0	26.769330132570534	22.889144473771122	20.865563868319274	29.475927406918125	3.4118420944889196E-5
135.0	27.078184344161503	23.072037628164622	26.334887526287993	23.514481084245766	4.094171401120984E-4
136.0	27.825140982181406	26.366742859111987	23.96030918927292	21.84175092388813	0.00605604554555673
137.0	29.119830252757982	20.772218253082794	23.62917979382766	26.478515810253754	2.5589007781105485E-4
138.0	25.512304117759545	23.623380715056854	27.006593048190098	23.856289255554096	0.0014328634394146958
139.0	26.354130542730285	22.93687794688163	25.20520385968677	25.502644762561577	0.0011428881397380329
140.0	26.941259674570084	21.549565390643497	25.717946408528018	25.790870303615865	3.5822264253678945E-4
141.0	25.956480560944208	25.246532139589185	24.719162841540495	24.077449166819626	3.75291106487828E-4
142.0	29.069022011329782	22.583294780412114	23.058468063851826	25.289010438629887	2.0470577638759813E-4
143.0	27.04788860984411	24.930254917126433	23.667252239911484	24.35443364467998	1.7058843799332043E-4
144.0	28.243256083645356	24.924517915171084	22.399947321616374	24.43171573051936	5.629490478228628E-4
145.0	28.07181789538131	22.020753010111065	22.39009838462789	27.51618775389189	0.0011429559878355364
146.0	27.564264735209008	21.70237171404869	24.361566253488807	26.367174272509054	0.0046230247444414094
147.0	26.932516415380125	24.267434181963836	26.162322866486765	22.634502398741187	0.003224137428090221
148.0	24.540179864571034	24.316910060549652	22.93198220528744	28.21021138641882	7.164831730514984E-4
149.0	28.340146032470653	24.767313101143717	23.297469210642994	23.593109816752296	0.001961838990338711
150.0	25.853066104285112	23.36905880133162	24.84652162890938	25.931302286113777	5.117936011469636E-5
151.0	26.52924499685923	23.898554972364288	25.276178010917803	24.295612576595747	4.0944326293525094E-4
152.0	27.519952422295123	23.612363856844475	22.90182031466319	25.965726923968653	1.3648222856371732E-4
153.0	25.093563886259208	23.115982368344774	24.634893132358716	27.154878194210596	6.824188267070749E-4
154.0	23.233600195992725	23.782714219470225	24.688395790660387	28.29278187858892	0.0025079152877397746
155.0	27.94510192711484	23.42230750394817	23.508156131539003	25.124280862035576	1.535753624165254E-4
156.0	26.36422181662806	22.95744696825945	26.12010312163411	24.558040388624132	1.8770485425229988E-4
157.0	25.256069257338147	22.229328502579506	26.39928357772927	26.11499444305182	3.242193012528004E-4
158.0	25.361741121783986	21.204393076604102	25.470100492651188	27.963645857685748	1.1945127497171565E-4
159.0	27.05353423639255	21.596561232776683	23.787821413865206	27.561571172184607	5.119447809533333E-4
160.0	26.63005183858281	20.995812059582374	25.144878233000068	27.229223738681803	3.413015294916092E-5
161.0	24.69457789042399	20.12660411775678	28.65417338115488	26.520804916037825	0.0038396946265265557
162.0	25.557747541268967	22.55100490978253	25.087845344410063	26.803351007640288	5.119689815059738E-5
163.0	25.436007393690108	23.33621920028207	26.688074304162186	24.539596705640378	1.023962252655518E-4
164.0	25.524461978799827	23.252571345482647	24.548590566297595	26.67244761097442	0.0019284984455107885
165.0	26.846670765012863	22.393934811718992	25.953283632067723	24.80564998325731	4.608079431001179E-4
166.0	24.940655847609268	23.29767450116435	25.194980614584907	26.566518360333184	1.706763082851059E-4
167.0	26.66687489961721	23.577995102429274	26.22647927749311	23.52822401359454	4.2670686586708626E-4
168.0	26.754688788436425	24.072701290734326	23.0534651349477	26.119025303472515	1.1948240903164116E-4
169.0	26.312627135322934	21.90608291685322	25.403457551631213	26.377610493472393	2.2190272023716963E-4
170.0	31.915596020826513	22.764019335295448	22.542231520327903	22.777948286039194	2.048375109374696E-4
171.0	25.397466463353744	23.188905027454243	26.386952649858923	25.025941857124597	7.340022084931566E-4
172.0	27.230190464632937	24.200090699882555	24.128780178747384	24.44075090763888	1.8774909824961517E-4
173.0	29.9427645889709	19.10464599296654	22.59744825814732	28.353690433826834	0.0014507260884072477
174.0	24.596374698359455	24.877607199197023	24.01387286236077	26.51158202412646	5.632159562835189E-4
175.0	25.92505800040314	24.124651754366052	22.549727249189324	27.39923171333865	0.001331282702831587
176.0	25.191209206853454	23.311803202244295	28.179483529466786	23.316155654620786	0.001348406814677357
177.0	22.603766022631913	25.674618266534388	25.205845542272165	26.491445606181752	0.024324562379785454
178.0	25.1164900951414	22.981398796061338	23.96966563442337	27.932001670069734	4.438043041506968E-4
179.0	28.737979962863335	23.545760942247657	22.450985630668594	25.263822413207095	0.0014510510133201363
180.0	27.1169917149916	21.88841348680888	25.079126196138457	25.915263146180145	2.054558809177714E-4
181.0	28.699386126531618	21.915078808173067	25.60409713008539	23.780837896910334	6.000382995874651E-4
182.0	25.686576433314816	22.499051653311533	25.21062895655124	26.603605825805555	1.3713101685905864E-4
183.0	23.965696462132676	24.587344806472206	25.801603240765186	25.64496122861643	3.9426201350638805E-4
184.0	26.642819196761852	21.73153408189955	25.585299846763405	26.036455532502735	0.0038913420724533605
185.0	25.425898145088194	24.05132375183921	24.366492150186563	26.15572030557296	5.656473130724179E-4
186.0	27.42407842763481	22.550224961060806	24.695797721212852	25.329881747588995	1.71425025379475E-5
187.0	24.09194640481781	22.68107917085703	27.457037414288394	25.769335419534606	6.015905021579051E-4
188.0	27.842153276045433	27.756395039326915	21.536920304659187	22.864101643364343	4.297366041216554E-4
189.0	25.64271562598041	23.140341150836115	24.311015415823245	26.905119841157283	8.079662029456385E-4
190.0	29.663815081532274	21.28172273129809	24.682976846508684	24.37127903212413	2.0630853682375284E-4
191.0	26.773595546176914	23.618522768018448	24.44945348106124	25.158169750400305	2.5845434309262677E-4
192.0	27.285762510746313	22.982048890335612	24.378910698687662	25.353208972160125	6.89280702845747E-5
193.0	28.020850208708904	24.075269632596505	21.077927181102794	26.825677226774026	2.7575081777351894E-4
194.0	28.375112225528976	23.30718055517015	23.778609646130004	24.539097573170874	0.0
195.0	26.957600577011124	21.321760932043976	24.23563953905306	27.484447316015643	5.516358761908439E-4
196.0	29.027273428317212	21.93367150922837	25.819968192700088	23.2190177084151	6.916133922634051E-5
197.0	25.50089190986306	23.401345603615024	23.77692482622241	27.32026697633477	5.70683964731731E-4
198.0	28.265361911107608	22.35847217444723	24.0708338784737	25.30526272011035	6.931586111527487E-5
199.0	25.94788427861919	22.309942399181196	24.947013812974784	26.794707860716464	4.5164850837000226E-4
200.0	28.254390711903802	23.512274188546755	23.532165835531693	24.701117146165387	5.2117852362285085E-5
201.0	25.222897136346432	20.886015031114734	28.552672315930693	25.338102788251284	3.1272835685224314E-4
202.0	25.8254697106093	24.87332109070267	27.47883298504561	21.822358838350535	1.737529188318452E-5
203.0	26.757217012499048	23.78403068153654	22.20864028832246	27.24946893730801	6.430803339429271E-4
204.0	26.375723910833273	23.226297868242625	24.06419798666876	26.333710704745894	6.952950945366666E-5
205.0	27.799089739350887	24.031183606547117	24.907720597054777	23.261293340550893	7.127164963274241E-4
206.0	25.322103450709783	21.07590115079292	25.26473244073314	28.33717603199147	8.692577269188603E-5
207.0	25.92251073293468	23.52746222824244	26.15965251200228	24.390096313852048	2.782129685497627E-4
208.0	28.30060897823314	21.65762431530168	21.678407664968923	28.363341649571854	1.7391924407739754E-5
209.0	27.60580956313819	20.10702632484389	24.854797450488498	27.43168826686863	6.783946607904933E-4
210.0	25.442875825316985	23.846235079227473	24.072663907766657	26.63791203218264	3.131555062393625E-4
211.0	25.638143991179103	25.271372167942374	24.609491378182195	24.480348575931306	6.438867650293612E-4
212.0	28.902417602237605	22.380530491224143	23.54905477840605	25.167770804894225	2.2632323798219253E-4
213.0	30.279022079711037	22.314119406999257	22.237283907779286	25.16927848139191	2.961241185081755E-4
214.0	28.1419500049157	24.426467091671135	24.371331094192435	23.0601646514631	8.715775763310211E-5
215.0	25.602824650600425	24.97695301874837	22.75366397649828	26.66624389846785	3.144556850705351E-4
216.0	26.59420640319641	24.086809694991913	25.156380232281876	24.16253306498901	7.060454078983182E-5
217.0	29.856009482006883	22.512710443499774	25.281621805194792	22.349159366350495	4.98902948053156E-4
218.0	25.06921599260784	23.738371200097372	25.275320035628436	25.916840700678122	2.5207098823170585E-4
219.0	27.079023312276927	22.74331780150763	24.134258215996567	26.042928173181068	4.724970378070322E-4
220.0	28.691655038584905	21.392463323390054	24.519639880300893	25.39594964838251	2.9210934163848874E-4
221.0	25.41391023902877	22.27348667661746	23.93139029175792	28.381047232179352	1.6556041649114196E-4
222.0	26.506277216361408	24.334769007436428	23.722069705863433	25.43667955835824	2.0451198049773752E-4
223.0	30.92965789452383	21.95747649468433	23.720777537601823	23.3915233470041	5.647261859202844E-4
224.0	30.302972555942265	23.115581871608736	23.950635639350658	22.630696725935646	1.13207162692655E-4
225.0	31.161848275359215	19.40217085845444	23.567793185895418	25.867466136825907	7.215434650188133E-4
226.0	25.80320717807615	22.134252964758097	24.793876709269387	27.268547828791107	1.153191052621261E-4
227.0	27.85221632276582	22.786532383206954	25.273216918226787	24.08706488546732	9.694903331149395E-4
228.0	27.97696141079194	27.369007303948596	22.999270150968023	21.654722146629478	3.898766196449471E-5
229.0	28.616224468680183	24.745058436762697	20.89635785953243	25.742359235024686	0.0
230.0	26.70615776890846	23.170368750403842	26.738624107200547	23.38484937348715	0.0
231.0	26.177442524966022	24.098948643917357	23.889965032833942	25.832412702167172	0.0012310961155082994
232.0	24.92283517138309	24.86712276341656	24.99860566871216	25.211314709393978	1.21687094211568E-4
233.0	23.13829136734638	25.17909888519358	22.242832910169074	29.439119122262852	6.577150281101237E-4
234.0	27.164268335913505	20.805640267307325	26.96627992987058	25.062725225389894	0.0010862415186993343
235.0	26.038044936401544	21.705870556753048	27.042224411804007	25.213584809130513	2.752859108882566E-4
236.0	29.438101783294744	23.47394985532173	23.463401628981284	23.624374867207283	1.7186519495635807E-4
237.0	28.391385213403996	24.78292039843908	21.68691644889717	25.138582889450532	1.9504980921961437E-4
238.0	27.737116159446835	22.423231889366434	23.939533282211688	25.90007475003536	4.3918939691390396E-5
239.0	28.656814955330507	22.887329833823465	23.336467056318913	25.118250646539465	0.0011375079876480014
240.0	25.644630786832188	21.528199885429657	26.586625466146856	26.240336723569012	2.0713802227838475E-4
241.0	29.756573218929727	21.005476175170326	22.825745096914268	26.40992444136308	0.002281067622595288
242.0	26.937953088632575	23.672021198349455	20.538048017641284	28.85116969068195	8.080046947381348E-4
243.0	27.852248673731623	23.188200055258772	24.896574765236913	24.060363852438265	0.002612653334427719
244.0	27.074097177872712	22.264560877290712	25.866418196126123	24.793950505483995	9.732432264588684E-4
245.0	29.49381427115776	20.80676412862452	23.121292115575926	26.57655042629931	0.0015790583424903238
246.0	24.63996275083762	26.39213395185797	23.275260983688607	25.690432854058916	0.002209459556889397
247.0	25.91323567987096	22.45544302582541	25.065100496343234	26.425117306691476	0.14110349126891572
248.0	26.213443026893003	23.633562628569003	23.136438866277043	27.005781392874688	0.010774085386259123
249.0	25.578927131916384	21.075838319978185	28.898669100233548	24.429235171153437	0.017330276718445448
250.0	27.871453314394408	21.51517515579986	23.98798910238524	26.624445320639285	9.371067812092284E-4
