# Position (bp)	A	C	G	T	N
0.0	24.17541498960762	24.361321593844142	24.38135070889411	27.081912707654126	0.0
1.0	23.60251488383986	30.532499632777633	23.991135886783077	21.7982289908004	0.07562060579903053
2.0	25.372641624618904	25.31837671963223	21.328820905011998	27.979618101687002	5.426490498667345E-4
3.0	25.734840234440316	22.305630996009814	24.14861744384142	27.804494493725514	0.006416831982936649
4.0	26.39323044853065	21.331150034366186	24.029866518303493	28.245662680309575	9.031849009161005E-5
5.0	29.5985599047155	23.00606355909263	21.297709923664122	26.09703499178893	6.316207388158013E-4
6.0	26.993355406977948	23.58709024784701	23.51626138819165	25.898433035228134	0.004859921755259741
7.0	25.98441960700471	24.80726629859665	22.432747571402647	26.774937701784236	6.288212117564414E-4
8.0	29.11052035174008	23.971511960185648	22.58703557326438	24.33084239435192	8.972045796910566E-5
9.0	27.227288277976896	24.282945632295704	22.637388028823676	25.852198942845217	1.7911805850354026E-4
10.0	24.889754924458973	22.022711961758446	23.673279134537015	29.414253979245565	0.0
11.0	26.809777756996883	23.298932294981327	22.419467541542307	27.471822406479486	0.0
12.0	28.957802866933168	25.141265392607103	19.524411497477267	26.37652024298246	0.0
13.0	26.892277226720733	22.495890616605703	24.043920010188067	26.5678278081911	8.433829439293717E-5
14.0	26.631065049320178	23.330445214609437	22.371367635297254	27.66695547853906	1.6662223407091443E-4
15.0	25.320518342583593	23.974205934111914	23.436337308277647	27.26893841502685	0.0
16.0	26.59611388035719	24.838525364948524	21.432176589489906	27.13310288943488	8.127576949866667E-5
17.0	27.99177305572556	26.636121238677436	18.339243175105157	27.03095741024304	0.0019051202488087045
18.0	26.87436549023564	25.38937617837528	19.527530629875084	28.208570059336513	1.576421774798691E-4
19.0	24.994473769610277	25.133687743683243	22.388287840568648	27.483237101151182	3.135449866508222E-4
20.0	23.38702584479115	26.169436909677497	23.449059570278298	26.99439984121857	7.783403448826068E-5
21.0	23.237513183158008	23.532352338972313	23.207302986637206	30.022599699443315	2.3179178916218858E-4
22.0	23.126864080585595	25.878768566299943	25.80189374922151	25.19232077125463	1.5283263832691055E-4
23.0	24.76537755183519	23.90863774111492	23.36650227949368	27.959330334566555	1.520929896538744E-4
24.0	27.536300569164034	20.663829121399093	24.26988877003095	27.52983108631644	1.504530894789659E-4
25.0	26.149345604716256	24.192739018760197	19.574763871284297	30.083077163258707	7.434198054470369E-5
26.0	27.612466799468795	25.379360534054257	18.899550607095428	28.10847384272434	1.4821665718080061E-4
27.0	25.28467103653737	22.723130579511665	20.827269885215138	31.16485459180091	7.390693490942335E-5
28.0	27.823882226643367	23.642752197441844	22.4122580432417	26.11912901062906	0.0019785220440331074
29.0	29.149380761059707	23.220624139340032	21.759374377452925	25.870475309692175	1.4541245515843415E-4
30.0	25.57646720522052	23.007751736355708	24.319383964909466	27.09603584193654	3.612515777662659E-4
31.0	27.829456192374728	24.20803159594511	22.45473309244737	25.507491150356472	2.879688763238469E-4
32.0	25.648199975960324	21.962875059832477	23.693802813495505	28.694837657511442	2.8449320025689736E-4
33.0	24.949143487765618	25.010508705707036	24.57139242107927	25.468885093102212	7.02923458664586E-5
34.0	28.064680983977563	25.42165138279901	21.4874702032558	25.026197429967628	0.0
35.0	26.26470278322421	22.068895697789497	25.60451949386407	26.06181315559486	6.886952736909453E-5
36.0	25.856291256324965	22.619628293196385	25.91167233663441	25.612132928352015	2.751854922208501E-4
37.0	26.144900625816657	25.974554707379134	19.954611099649266	27.925933567154942	0.0
38.0	26.997986148496967	25.983291014261972	19.932248232465433	27.086405849176344	6.87555992841167E-5
39.0	24.234029243343944	27.0549739119675	20.746619554681754	27.96410231733222	2.7497267459046255E-4
40.0	26.35901933546912	25.3922115127525	21.921504772522475	26.327195645584446	6.873367145717446E-5
41.0	25.40544552618232	23.549722143188006	20.40972711890732	30.629675904735592	0.005429306986762112
42.0	25.353494815775875	25.371843010918205	20.497957646593147	28.77656708704879	1.3743966398750948E-4
43.0	27.140807480560603	24.689271981155674	23.002943739125893	25.162647771031516	0.004329028126314169
44.0	30.604215907217064	23.859176606387074	22.163813005001924	23.372519650414993	2.74830978947947E-4
45.0	25.501978511170343	24.48950289906845	22.165988843395347	27.83820175318073	0.004327993185128191
46.0	26.237331307350004	24.184237171939767	21.497656884336227	28.080774636374002	0.0
47.0	26.793695407142433	22.68473395329733	22.12590090879056	28.39333439110483	0.0023353396648512835
48.0	22.4819988271599	23.86029194654376	21.472587266032818	32.185121960263515	0.0
49.0	22.43708540153353	26.77805708541527	22.154123342893573	28.628399613012824	0.0023345571448091466
50.0	27.264612969914097	24.63955486682463	19.834283466177993	28.261548697083278	0.0
51.0	24.72223137590896	27.13393033678244	19.95361826929414	28.187130648740087	0.003089369274368945
52.0	23.108763232494763	26.377138083565	20.41789348269676	30.096205201243475	0.0
53.0	23.539809469689725	23.159240610767938	24.26085495490819	29.038182558307902	0.001912406326240127
54.0	24.143896428883643	28.94565740012239	21.776242460005246	25.13406711688085	1.3659410787656264E-4
55.0	24.14211815954261	27.30424720936564	22.46072692621835	26.09127416280969	0.0016335420637081405
56.0	27.427546365766403	23.89032139082668	24.37641931679525	24.305712926611665	0.0
57.0	23.38117184507045	27.60967802737757	22.678462190654987	26.324904038317985	0.005783898578998188
58.0	24.81877821065681	23.833642003448215	22.264187145261836	29.08305244579676	3.401948363866954E-4
59.0	28.045395355419156	22.00971260856609	23.98210147757378	25.959524901315923	0.0032656571250515363
60.0	23.670233379701962	22.290800654327988	23.30853087593196	30.73043509003809	0.0
61.0	26.03283984727676	23.593374378610044	22.6091443582687	27.757842838650724	0.006798577193764889
62.0	25.969119780499177	21.37094197450125	23.79362245695709	28.86624780587556	6.798216691797409E-5
63.0	28.862843947202233	23.41250823393134	21.332289179067697	26.389163636511952	0.003195003286774658
64.0	25.000847808246125	20.93265689539403	23.513927793867296	30.552499677832866	6.782465968977001E-5
65.0	24.26549926924629	26.048470503660546	22.290734856782446	27.389530723870042	0.00576464644066992
66.0	24.450573484164675	24.400321989335293	22.024463865377534	29.123894687515044	7.459736074537683E-4
67.0	26.903578083930768	24.78225253010218	21.156563889318374	27.156791740921875	8.137557268059274E-4
68.0	22.948020543867287	21.875122906520524	26.64674394350572	28.53004479561239	6.781049408082197E-5
69.0	23.184109423333283	24.11807543602936	25.068654028448872	27.625499564004542	0.003661548183939907
70.0	26.602452644583035	22.96062860011447	23.242142836846227	27.194505296743475	2.7062171279188245E-4
71.0	24.141191450389503	21.89399513481762	25.741225440574166	28.22277868410777	8.092901109469301E-4
72.0	27.829858512131867	25.063757877857302	21.768847853675837	25.33625452981009	0.00128122652489558
73.0	24.838497175849792	23.24352825599875	22.046239602023057	29.867621962361294	0.004113003767106893
74.0	24.27933543187961	26.09878718947392	22.630185491444795	26.990950272004227	7.416151974483043E-4
75.0	27.275215509831508	24.337526789151262	20.479417100427884	27.905211404240287	0.0026291963490575007
76.0	26.87150634621452	23.58919080708964	24.335312564884546	25.203181331586	8.089502252926377E-4
77.0	24.842717056528834	24.85424406106481	22.890136861270815	27.412564974219283	3.370469162566491E-4
78.0	27.16196595426866	27.013873628781006	19.868098742597066	25.955522421461186	5.392528920806669E-4
79.0	27.192019277758117	19.94418886810576	22.399002409719763	30.46141920698313	0.0033702374332271706
80.0	24.164053121526646	23.08931482990556	28.081910627877683	24.662631932634905	0.0020894880552056226
81.0	25.528230720286434	24.282504017168677	21.665884801621964	28.523043450127794	3.370107951297896E-4
82.0	22.809140074841743	22.56258829492392	23.790022538795846	30.83710327944872	0.001145811989776661
83.0	25.233770207626492	22.40042272069835	23.209671353528492	29.155259543229796	8.7617491686448E-4
84.0	22.973706113673966	26.2661872685427	24.01299362112946	26.746371659348767	7.413373051041074E-4
85.0	25.42896922042232	27.39445760041404	19.877876361440684	27.29835986915613	3.369485668229659E-4
86.0	26.897493095890816	23.964922611319707	22.166653977972878	26.96938072212367	0.0015495926929293433
87.0	22.54358935666542	21.868983348400928	24.952607816375664	30.634011083101704	8.083954562786054E-4
88.0	25.198972584053497	27.465862266175638	24.337673063204406	22.99695318494228	5.389016241821326E-4
89.0	25.94421025829632	26.70705535729442	21.398057624611504	25.94966636893816	0.0010103908596001277
90.0	22.879339272712333	25.220739734903518	25.42112136930369	26.478530202395557	2.6942068490779414E-4
91.0	27.69133265578138	24.636287284720666	22.882666995339978	24.789241606538983	4.714576189908517E-4
92.0	26.68520938000889	23.43608151610253	21.833775574801663	28.04493352908692	0.0
93.0	25.923730993695205	26.31082724651189	21.257699161291452	26.507540564966575	2.0203353487300847E-4
94.0	28.43967934576192	23.134432888608746	22.666812124738378	25.755573872497916	0.0035017683930384847
95.0	23.535099893403043	27.0583212628945	23.012215890151936	26.391804087855284	0.0025588656952404425
96.0	25.985477248272527	23.530655476534523	23.864568337330773	26.61788490880859	0.001414029053583621
97.0	25.946723709450776	25.526780550242023	23.97837060438284	24.547990474016647	1.3466190771484803E-4
98.0	28.778260070411584	22.33201168544107	23.623833290580077	25.26589495356727	0.0
99.0	21.920324608929842	22.387273046702248	26.78804498913909	28.90435735522882	0.0
100.0	22.424682981988532	24.26466628974504	24.678741620224535	28.631909108041892	0.0
101.0	24.30195307767892	21.63635874173879	27.55845099807519	26.503169881415477	6.730109162370614E-5
102.0	25.08226612291491	24.882767830159917	24.227533052842144	25.80743299408303	0.0
103.0	27.570435566680796	24.709005389910573	24.31630229256246	23.404189461076232	6.728976993627659E-5
104.0	26.400329433866286	26.254385386485946	22.8004435514801	24.544505196523183	3.364316444913355E-4
105.0	27.956879990040946	22.696952058596917	19.976313602519372	29.36709542186349	0.0027589269792777666
106.0	27.94111709830056	22.89171381354062	22.769383152013006	26.39758407036772	2.0186577809837056E-4
107.0	26.49533600103891	24.275941328420483	22.43961159247489	26.788640069009556	4.710090561584098E-4
108.0	23.970773125105527	23.452804664675963	24.44138446915296	28.134835935171875	2.018058936738561E-4
109.0	26.673733530362515	24.40233771492335	24.97519759529336	23.948327594869617	4.035645511588693E-4
110.0	26.07461958806221	23.18089953762085	22.864733081126523	27.879613282891974	1.3451029844472467E-4
111.0	26.563750499359074	22.419843621587376	24.563758569808716	26.452109279268495	5.380299763401318E-4
112.0	25.19204555159759	23.454472948190908	24.092394370743577	27.261019880741106	6.72487268134796E-5
113.0	29.604476994678798	21.69986732290163	21.408825010809853	27.286427193358207	4.034782515135478E-4
114.0	26.190040672276144	22.354620822483806	27.39991983903247	24.055149669672254	2.6899653532462504E-4
115.0	27.874645070259614	22.998640136551273	26.28618736524103	22.840191161022087	3.3626692599572004E-4
116.0	27.15020589277704	24.570005898022718	24.05666943970129	24.22291701273556	2.0175676339110078E-4
117.0	26.42639532459497	26.277094416011515	24.055066479255917	23.241040264168454	4.0351596914447893E-4
118.0	27.29881501607328	22.97106809958707	25.149232652292632	24.580547971000847	3.362610461753669E-4
119.0	27.556415805706614	21.51306135021313	24.39703653089032	26.53315004445473	3.3626873521258236E-4
120.0	25.380902517874087	23.722383516630586	24.653564494336987	26.24301496574483	1.345054135066301E-4
121.0	29.04513386822336	23.744476800882367	23.223732438412547	23.98632062465112	3.362678306017176E-4
122.0	28.031390788959555	22.123794414408717	24.386303888608296	25.458107392868406	4.0351515502043466E-4
123.0	25.561730877611605	26.882378497325348	21.422307289824214	26.13311256407532	4.7077116351765594E-4
124.0	24.670557520112233	25.5789538814155	21.508824364149447	28.24152972682873	1.3450749408503294E-4
125.0	27.517038507632524	22.988164844787164	23.994603631922505	25.499654992918273	5.380227395310863E-4
126.0	23.97098176305898	23.928141731234955	26.230070474206197	25.870604273108228	2.0175839163590411E-4
127.0	26.851682479562495	22.35422052331853	26.72995860043094	24.06346588906852	6.725076195113291E-4
128.0	27.492323191292755	21.934757550038807	24.209823356060006	26.355294677816143	0.00780122479229239
129.0	24.26407293230251	25.864107364785255	22.937615335367	26.931581580773763	0.002622786771470536
130.0	27.00110427087859	24.216552764914045	22.683754843794766	26.098588120412604	0.0
131.0	26.548683874265272	23.23267919351151	23.92403190444806	26.294268766728983	3.362610461753669E-4
132.0	26.324879097910014	26.22595156384189	22.249683411715417	25.194105775121777	0.005380151410911082
133.0	28.158379832100056	25.59583094870934	22.6672997268919	23.576942709170474	0.0015467831282276487
134.0	27.288335636682774	22.752586644608314	20.639490505828988	29.319519961801387	6.725107853917207E-5
135.0	26.81026232839908	22.846317267593527	26.314147118301655	24.02900427922066	2.690064850738389E-4
136.0	27.837479580369447	27.07328604564985	24.10737043580485	20.97641646160168	0.005447476574169411
137.0	29.852697585176546	20.7058652629795	24.304057793819663	25.137110349368267	2.690086560260293E-4
138.0	26.872068063953865	23.272107873727702	25.605754126229265	24.24912848873491	9.414473542639494E-4
139.0	25.652985262818117	24.406629210083018	24.36769319224911	25.571616382716172	0.0010759521335794574
140.0	28.180264171904064	21.1718811993044	24.616794726783418	26.030925408624523	1.344933835979939E-4
141.0	27.502933670467268	24.732271047614564	24.062755330201842	23.701770961874054	2.6898984227108125E-4
142.0	29.47702326657368	22.993074768026922	22.71204403957967	24.81738718758112	4.707382386051085E-4
143.0	27.70232874676451	24.050132378584596	24.33573656897035	23.9116678087696	1.3449691094219793E-4
144.0	29.35013668414027	23.325005632126324	22.44040874106005	24.88391094851732	5.379941560384801E-4
145.0	29.37343267382063	21.58732272275786	21.73197570690656	27.30626015882911	0.0010087376858347002
146.0	28.340377741687096	21.53894263262486	23.60021385411518	26.516565287711124	0.003900483861748022
147.0	28.43106992771386	22.420002057824878	25.954686158168723	23.191350141593148	0.002891714699392807
148.0	24.443301187642067	23.783574762269836	24.030719982783896	27.7420678153035	3.362520006994042E-4
149.0	27.72158836801878	24.619906048347776	24.451640455029978	23.205183817719	0.001681310884470404
150.0	26.016981925178644	24.427944514501892	23.64475830180748	25.91031525851198	0.0
151.0	27.15823951145367	23.723282622439235	24.26852561774478	24.84968322505145	2.6902331086988687E-4
152.0	27.942364329589193	23.098724356141847	22.985868849526213	25.972773440889068	2.690238536725455E-4
153.0	25.21678424209081	23.193778512516754	24.538570545590773	27.050463161307114	4.0353849454584096E-4
154.0	23.713461914840813	24.163140730099226	24.00623066787998	28.1136020779654	0.0035646092145820763
155.0	28.058236817976645	22.45472910112065	23.847483201047257	25.63934907043216	2.018094232892111E-4
156.0	27.45216622648338	22.715879292459746	24.77823776893674	25.053514896044536	2.0181607559222926E-4
157.0	24.004655324359053	23.11879822667124	26.451391551797208	26.425020350225704	1.345469467934099E-4
158.0	24.86142945465872	20.773774965067236	26.865833303620022	27.4988950012345	6.727541951269723E-5
159.0	27.913696653289694	20.680779205925788	23.362116813611546	28.043138217891055	2.6910928191551986E-4
160.0	26.935839145078106	20.86953479578944	25.528102920023304	26.66638858202398	1.345570851705982E-4
161.0	25.637033737861138	19.26683091778339	28.824725399672484	26.268045981342112	0.0033639633408730964
162.0	26.95169687322128	21.705592731588442	24.52395914209707	26.818751253093204	0.0
163.0	24.86693243175052	23.429378816167937	28.877428470505123	22.826192999276714	6.728229970900406E-5
164.0	26.489004378870533	23.222681849621996	24.34754290727937	25.93949246010706	0.0012784041210366108
165.0	28.812777982288544	20.076504225297136	26.71550697845324	24.394874324581693	3.3648937938571846E-4
166.0	24.72757471505715	22.658946155626982	26.28318500691831	26.330159524924763	1.3459747279785076E-4
167.0	27.01676648399165	23.434514607831986	25.543431809142188	24.004883298191444	4.038008427323588E-4
168.0	24.803376949573238	23.125132080347925	24.5415718268075	27.529784539095107	1.346041762291717E-4
169.0	26.446455649430234	21.409461786918314	25.932923090591046	26.211024864263855	1.3460879655024575E-4
170.0	32.15465485677364	21.277595304759853	22.91258345897049	23.655031768253284	1.346112427309929E-4
171.0	26.29161635618876	23.351397991888405	25.894584236902784	24.461930280109893	4.7113491015457265E-4
172.0	29.37118236613212	24.753477428681418	22.842540521769095	23.03259778122956	2.0190218781210715E-4
173.0	28.694800671662634	19.88982848374516	22.665450764369577	28.74830485945897	0.001615220763662917
174.0	25.254122187291568	24.694625996348098	23.37264546194275	26.678067924304806	5.384301127809174E-4
175.0	24.898011930971865	24.297559488272636	23.32179902847993	27.481081474012814	0.0015480782627600351
176.0	24.201122252259044	23.402446445303664	28.689256211698567	23.706030759620457	0.0011443311182672943
177.0	23.010230494102505	25.30500632463592	23.406807718277356	28.25378788133785	0.024167581646371058
178.0	25.49423077699742	22.369790299412646	24.00315823058314	28.132551449137814	2.6924386898054844E-4
179.0	27.838322341516218	24.606479034990937	22.68948010062612	24.86464144371689	0.0010770791498345002
180.0	28.321914177736396	21.18284310978257	24.754370553230913	25.740737114540195	1.3504470992733918E-4
181.0	28.016980357158566	21.103249584050264	25.98604952965033	24.89331455949248	4.059696483558568E-4
182.0	27.29149893440682	21.98667162815872	25.313284394979874	25.408545042454584	0.0
183.0	22.56582143335584	23.804104697249144	26.783914090123638	26.845889145840296	2.7063343107710754E-4
184.0	25.791352181576443	21.40688591253396	27.215627103850277	25.582616403181447	0.0035183988578736014
185.0	25.545587399529108	24.506846905361154	22.62306838786501	27.324091364239127	4.059430056020135E-4
186.0	27.337996120283393	22.769078374470464	25.2677538984927	24.62517160675344	0.0
187.0	25.637668354820054	22.518641675035106	27.028648882855627	24.814634248877972	4.06838411241759E-4
188.0	28.192309178848785	27.652903399917683	22.79458980411196	21.35972296715897	4.746499626043637E-4
189.0	25.774917695403488	22.415127093215254	23.991577976612273	27.817699133046947	6.78101722039323E-4
190.0	29.23212133829642	19.601307725849555	25.40517190518784	25.76126340259633	1.3562806985659368E-4
191.0	27.140961913648315	23.29256086182034	24.11264738315379	25.453761981508187	6.785986936975147E-5
192.0	28.113057859764872	21.756742908604007	23.70311453392611	26.427084697705006	0.0
193.0	27.86114800910349	24.132124150111213	21.430806478872665	26.575717734770215	2.0362714241207213E-4
194.0	29.31190502536544	21.877959386776023	23.150270829500627	25.6598647583579	0.0
195.0	27.724607617799535	20.191887882069754	24.226354367893748	27.856878528723765	2.7160351319144315E-4
196.0	29.051927348039953	22.19638647790601	25.651851044405987	23.099698873158832	1.3625648921529888E-4
197.0	24.769448188360865	24.18037757756721	22.679388865645567	28.37058094831851	2.0442010785204893E-4
198.0	28.191092566481952	22.236408499196642	22.81112349848619	26.761238810374792	1.3662546042780163E-4
199.0	25.104525428871	23.984725076720466	25.916279668614155	24.99419588527645	2.739405179256402E-4
200.0	28.17817259057084	22.58087935645819	22.743819539808705	26.497060022122604	6.849103965973652E-5
201.0	25.12755565084034	18.929402425149885	30.44862464562167	25.49414329659009	2.739817980192486E-4
202.0	25.11674264557296	24.85897378813359	29.159459801963923	20.86482376432953	0.0
203.0	26.968217588072257	24.445974696033794	22.180128883727146	26.405267719799514	4.1111236728778893E-4
204.0	25.116255802511102	23.151659514747664	23.228546641430512	28.503400987608973	1.3705370175195745E-4
205.0	27.66435418224333	22.926353893039998	25.71161494016164	23.69726579499048	4.111895645571043E-4
206.0	25.180822066152125	20.429449408545807	26.123913748234273	28.265677699788423	1.3707727937240538E-4
207.0	26.92542081252549	24.05748619570396	26.8932022196554	22.123685121522364	2.0565059278783372E-4
208.0	29.931746113367957	22.29478411408786	20.149328945338613	27.62414082720557	0.0
209.0	27.583192074124057	19.87640504912529	24.878352506185234	27.66170750840698	3.428621584407178E-4
210.0	24.89233708933261	23.417806166295044	25.269765977628612	26.419679250601668	4.1151614206360254E-4
211.0	26.696891876037306	25.712194074386126	24.729005703590317	22.86156529351912	3.4305246713042787E-4
212.0	29.952669098996747	20.19941445600354	24.450546244589898	25.39688968364836	4.8051676145431833E-4
213.0	30.77881076387696	20.924356932951767	23.42765761891743	24.86910599151782	6.869273601793704E-5
214.0	28.767541477300075	23.799203800853956	25.097049662749843	22.33620505909613	0.0
215.0	26.690342632734332	23.024566744989023	23.374604251469925	26.91041742506977	6.894573694719309E-5
216.0	25.726887869936498	23.125813315759196	27.44588134107042	23.701347660722362	6.98125115190644E-5
217.0	29.61129086384733	22.339571562343245	25.246570803230906	22.802215003971448	3.517666070774034E-4
218.0	25.28404179251022	23.886831517273027	25.538610402592642	25.290302842730245	2.1344489386452653E-4
219.0	27.204704713711404	21.573300605724693	24.224380868745254	26.99754183027472	7.19815439321358E-5
220.0	27.27388229722823	21.69843465304508	23.680745452812918	27.346432273694603	5.053232191687865E-4
221.0	25.289526192874074	21.42181375861603	23.969673321154993	29.3189140642371	7.266311779999332E-5
222.0	25.654146197134413	22.772446178678877	23.69368498451786	27.87950293091478	2.1970875407559737E-4
223.0	29.83563837487923	22.86422955672884	24.6967892903466	22.60304732302983	2.9545501549661557E-4
224.0	31.533765865413454	20.743322252198144	23.543573743856193	24.179264083273658	7.405525855282694E-5
225.0	31.264223827599963	19.502144672719155	24.770542680584565	24.462494418204123	5.944008921957392E-4
226.0	24.998118455989932	22.671100086099454	25.760294303587877	26.570261369041525	2.2578528120804155E-4
227.0	27.604387746563514	23.799721581962164	25.184509002943926	23.410697034011122	6.846345192724617E-4
228.0	28.30661698031558	27.737476852878345	22.6208734664793	21.334803331656392	2.293686703804003E-4
229.0	27.41672094609821	25.686004550211305	22.323123655233516	24.574073673909755	7.717454721693148E-5
230.0	26.491620789588715	20.86060161066267	27.813876215113847	24.833901384634768	0.0
231.0	24.879243426964344	24.592407154590486	24.023306333887195	26.504176033446104	8.670511118748168E-4
232.0	24.375030228643514	24.75521736476002	24.619872330067448	26.2495629235479	3.171529811190902E-4
233.0	22.77574720273848	24.671646685275086	22.266601617173066	30.285364663728775	6.398310845936672E-4
234.0	26.90311686323808	20.54783255795776	27.606735590145753	24.940768037048677	0.0015469516097252778
235.0	26.002383755005148	21.413573284870218	27.72264386667389	24.8613170082233	8.208522744995673E-5
236.0	28.250094198380122	23.461065225292515	24.28575953904481	24.002747591689204	3.3344559334976106E-4
237.0	29.151048914504763	23.051928622061215	22.23155939269245	25.56537878334515	8.428739642132571E-5
238.0	26.236700275415707	22.051458216369248	25.12367216387192	26.588169344343125	0.0
239.0	27.002392479049586	23.44949619496325	25.583258703561896	23.963987349712944	8.652727123271076E-4
240.0	26.41006570529848	21.173641809248384	25.232388185367693	27.183725728816317	1.785712691327954E-4
241.0	27.70730625497983	21.777652980833633	24.0719295405992	26.44024963760696	0.0028615859803748857
242.0	27.671735376945566	24.048463213994193	20.381465920830635	27.897081078756308	0.0012544094733003422
243.0	28.03340709671977	22.167782091111242	24.58393681116035	25.212630589012306	0.0022434119963315726
244.0	26.658976148003223	22.099331770054093	25.126237196455286	26.114375935090344	0.0010789503970537462
245.0	27.17253283599857	21.70783266176306	23.03092229384837	28.08690852816086	0.0018036802291395361
246.0	24.181151046245507	26.894459267397746	22.056223215907234	26.865275166317755	0.0028913041317639577
247.0	26.97214342597718	22.344148778585218	25.113226504650914	25.42860275005187	0.14187854073481487
248.0	27.211666146623227	20.812592065830245	23.177731497942805	28.788395532947774	0.009614756655951353
249.0	26.154449542369708	20.54486123673928	29.35877159616424	23.926629915499007	0.015287709227770487
250.0	27.302362595642776	22.453237252496933	23.075462881841013	27.167842123707725	0.0010951463115472229
