# Position (bp)	A	C	G	T	N
0.0	24.5613739533486	22.860050357648582	25.516848867863533	27.061681289811457	4.553132783011351E-5
1.0	23.51514810262176	30.17055947558444	23.517236901076778	22.72662668585334	0.07042883486368093
2.0	24.869625177475356	25.800957937096126	22.267920147174465	27.060908547140805	5.881911132466973E-4
3.0	25.894611044768297	21.415160092098496	24.772849927726003	27.91082500833931	0.006553927067899588
4.0	25.92781880749063	23.811630727166506	23.907977061084658	26.3524379595526	1.3544470560190273E-4
5.0	28.63264161626653	23.80243327166304	22.779373631803114	24.785100674045463	4.5080622184715143E-4
6.0	26.655992948150015	23.72178472968658	24.041906338120018	25.575458842471203	0.004857141572184769
7.0	26.201597255798642	24.874796710044162	23.238520004269876	25.68441325562641	6.727742609126228E-4
8.0	28.02139377411803	23.91393599507868	24.174373765136796	23.890206921994476	8.95436720158564E-5
9.0	26.327423349499124	25.36614261871491	21.935141471503776	26.371113866959245	1.7869332294529483E-4
10.0	24.756642765635885	24.333804690396942	23.08345161881924	27.826100925147934	0.0
11.0	26.901599951741495	22.73509421909101	23.07294715823799	27.290271875055605	8.679587389774665E-5
12.0	29.055536012908718	24.467003466689405	19.743376720865736	26.734040953294596	4.284624154911443E-5
13.0	26.271982782360393	22.679071501501884	24.521240314018563	26.52762066964078	8.473247838262645E-5
14.0	26.431485175556695	21.94335134881531	23.187064710795802	28.437973094906766	1.2566992542746626E-4
15.0	25.602134092826763	23.654266389070497	24.227190519988948	26.516367697354642	4.1300759149253925E-5
16.0	26.58930363083762	23.89453783617867	21.466307484052887	28.049810312962226	4.073596859745653E-5
17.0	28.297047298948474	26.73994966610842	19.926655873808876	25.035350529351003	9.966317832254114E-4
18.0	25.881066858334297	25.53336584083882	20.095139864070077	28.490387857813438	3.9578943368864674E-5
19.0	25.02618143349404	24.6906179684783	22.410046738634264	27.872799390944436	3.5446844896028495E-4
20.0	22.779895295330142	25.068456984841873	23.966339619394418	28.18526898774404	3.9112689525426185E-5
21.0	24.175069367445047	24.40059612101754	23.254003342691107	28.170136916689913	1.9425215639318812E-4
22.0	23.41593720271912	26.914012065196914	24.804741005140247	24.86527119722247	3.8529721249025676E-5
23.0	25.894560775989007	23.416793462255818	22.98628920437813	27.702088139295178	2.684180818690488E-4
24.0	29.017812710122744	21.357283685168234	23.66085572426578	25.96397190385923	7.597658401680602E-5
25.0	25.64315224833655	24.542114080466465	19.974716595128058	29.839866758560767	1.5031750815660378E-4
26.0	26.744678479050243	24.94173244135646	19.77849723196362	28.535017025724517	7.482190516024234E-5
27.0	25.340430462476434	25.167467792932896	19.55504373697882	29.936983374313236	7.46332986164106E-5
28.0	27.24424841878865	24.084819077640574	22.294830552162885	26.373773787460802	0.002328163947087855
29.0	27.770237589224205	23.992371055447258	21.68587949052428	26.55136529526434	1.4656953991821418E-4
30.0	23.379966469005677	24.27191713678519	25.140452916045792	27.207408572689573	2.549054737673135E-4
31.0	26.769177435930164	24.135527727151743	22.523564978565425	26.571439760901683	2.9009745098622255E-4
32.0	24.821395320079287	22.21420195683292	24.289086152268894	28.67513683379574	1.797370231666644E-4
33.0	24.069365982857004	25.025017426669006	24.518610542101264	26.386899136292946	1.0691207978207042E-4
34.0	27.010282723594926	26.380376563796972	22.441119006019896	24.16818632456496	3.538202324315871E-5
35.0	25.265349689509577	22.313070393603354	25.728727944488554	26.69278186448491	7.010791360601807E-5
36.0	24.409694006220754	24.00369882590299	25.52421049681957	26.062291590775356	1.0508028133493989E-4
37.0	25.522473869303802	25.1751733526422	21.20297840217253	28.09933936221914	3.501366233104157E-5
38.0	27.105132072750543	25.15348891263795	20.89374496144356	26.847564042830925	7.001033702626194E-5
39.0	23.870274583365415	27.194882096436647	21.710074122810088	27.224594214361208	1.749830266464153E-4
40.0	26.869005258209327	25.66959325947043	22.509278935635137	24.951947587966618	1.749587184903722E-4
41.0	24.188140673418417	24.335504962348985	21.63081746945567	29.840638746521876	0.004898148255052178
42.0	24.508067486819474	25.73605781626007	20.278089802149534	29.477679947302377	1.0494746854461998E-4
43.0	25.00832463560482	26.208960945566677	22.60670224107585	26.172549409160737	0.003462768591919367
44.0	29.116602311741296	24.901911343032094	21.84351069086799	24.13773084801268	2.448063459400441E-4
45.0	26.520559096080916	24.130022637139316	21.521681512163703	27.824100266372763	0.003636488243303442
46.0	26.05629420163989	24.541848298083902	22.108336934495217	27.293520565780995	0.0
47.0	26.178007359640006	23.922710495422773	22.85984171809768	27.037622541222305	0.0018178856172385899
48.0	22.613710145798635	23.591443721698706	22.591030668663674	31.203815463838993	0.0
49.0	21.550099339807833	25.294542704935964	25.128079516571894	28.025531343928183	0.0017470947561300312
50.0	27.25176728229664	24.355810622944954	20.8231327146637	27.569184564261363	1.048158333400299E-4
51.0	24.97442837639753	26.696425701857223	21.004084472993988	27.322616074909483	0.0024453738417661466
52.0	22.679221306387426	25.63848440422769	21.818004918446686	29.864289370938202	0.0
53.0	23.62436094496608	25.022589690469033	22.890909546563304	28.460469085886768	0.0016707321148127108
54.0	23.44746313319869	28.51656782965904	22.012467419287365	26.02329279502055	2.088228343592915E-4
55.0	24.637403300889876	26.831304792399735	22.971189890950946	25.558469596893264	0.0016324188661774274
56.0	27.592318952060303	24.17481173306292	24.61602574008831	23.616843574788465	0.0
57.0	23.301638384512522	27.45702986510751	23.024401626613063	26.211964585643205	0.004965538123700236
58.0	25.52981839708213	25.239489824438362	21.729229198818825	27.501288979700956	1.7359995972480937E-4
59.0	28.121202821247397	21.980830626559662	24.503129396048088	25.39223337642878	0.002603779716069973
60.0	24.063557047817564	23.004168902979394	23.068207191426982	29.863962843230663	1.040145453940279E-4
61.0	26.0539933007593	23.58979319162449	23.092827680025625	27.25721492692336	0.006170900667219968
62.0	25.295609074288617	21.552128766654118	25.16713915587013	27.984845680103664	2.773230834721682E-4
63.0	26.715574044103295	23.59259858803172	22.4442434752708	27.245261462319952	0.002322430274230487
64.0	25.53677845038247	21.595224237575632	23.725174969878122	29.142787739201626	3.460296215197205E-5
65.0	24.158589595031724	25.557016058186054	23.75020630224377	26.529620850210904	0.004567194327544645
66.0	24.465842867364067	23.65856983311352	23.368950728424398	28.5062213961779	4.1517492011342575E-4
67.0	27.337197656497302	24.477217964086357	21.523726494484606	26.661062187234585	7.956976971470777E-4
68.0	24.325936155102397	21.61501348940617	26.441346249308577	27.61770410618285	0.0
69.0	23.496960038962417	24.536292226437233	24.857324011039815	27.106864047657016	0.0025596759035223563
70.0	26.875431024355727	22.56390907821943	24.81791596355279	25.742502076518136	2.4185735391470313E-4
71.0	24.414016981337628	22.80924334171322	25.83062239622478	26.94532434023904	7.929404853347381E-4
72.0	27.57966341470477	25.673849662428843	21.724270583636503	25.02073410092595	0.001482238303933309
73.0	25.50065775574498	22.676943532953096	22.62776263444186	29.190982835625167	0.003653241234892038
74.0	24.638484697388474	24.847339147442423	23.93418241976884	26.579304560511453	6.891748888102464E-4
75.0	25.820179948231804	25.280307687218656	21.756734965033036	27.140468780580584	0.0023086189359127385
76.0	26.86820386501294	23.770308511235772	25.1034612976705	24.257302760265762	7.235658150297024E-4
77.0	24.592308495328684	24.400301670869364	23.485332132529845	27.521471999492853	5.857017792586463E-4
78.0	27.22660345110917	26.347823600482457	20.02707171109544	26.398053372405528	4.478649074073755E-4
79.0	26.67202699178623	20.547821093292736	23.286754312805286	29.49064165089746	0.002755951218285461
80.0	24.098465633927116	23.41335221939337	28.1083890826907	24.37751957183942	0.0022734921493904802
81.0	25.02443038537146	25.37663439019795	21.56053413760998	28.03805663302616	3.4445379445133164E-4
82.0	22.663512531864832	22.52504840216872	23.652428857164605	31.158045782027838	9.644267740027741E-4
83.0	25.495270476919984	21.99593313366379	23.837319835892576	28.670649954674833	8.265988488233366E-4
84.0	23.478683121619596	25.442911335079387	24.781889220077247	26.295552031298158	9.642919256048779E-4
85.0	26.066577890636054	26.325089008473668	21.469405155828106	26.138308096904307	6.198481578629289E-4
86.0	25.601577026375594	24.421665174574752	22.758659871909646	27.216755044418427	0.0013428827215756492
87.0	22.809394325202906	22.48686721095986	24.956327322329493	29.74665371233253	7.574291752078282E-4
88.0	25.325770688831327	26.728619211485526	25.495489540774525	22.449466470026895	6.540888817283369E-4
89.0	26.491126492744364	25.745150172871263	22.9313967529669	24.83160370279086	7.228786266132241E-4
90.0	23.787743975162336	25.512440345372973	25.32657089800758	25.37310710038499	1.3768107212250863E-4
91.0	27.148800493404295	25.22119903852243	23.644273949519672	23.98517584411508	5.506744385185756E-4
92.0	25.852209764122048	23.745792810093125	23.083138890609618	27.318858535175206	0.0
93.0	26.372277091434665	26.00151416084518	21.13331497986854	26.492652878626245	2.408892253690767E-4
94.0	28.10480389616512	23.442234217940104	22.82125107147638	25.627925590761574	0.0037852236568219886
95.0	23.933748765574407	26.52440807787462	23.56354151971124	25.975893001538086	0.0024086353016471627
96.0	26.533241814481656	24.46997338728129	23.088485999508	25.907301036812253	9.97761916803859E-4
97.0	25.66412080859691	25.12765699066297	23.15405222145353	26.053929165722046	2.4081356454646376E-4
98.0	27.98897582648622	22.53839438113892	24.252906538757635	25.219620056785775	1.0319683144448732E-4
99.0	21.619617553996424	22.271770532397852	26.780575044710414	29.32796808364287	6.878525244187646E-5
100.0	22.12176932062927	24.87237533361234	24.26046470681489	28.7453906389435	0.0
101.0	23.75463842943948	21.534828450317573	29.0736000814218	25.636795501995657	1.3753682548502363E-4
102.0	25.205887187232	24.406443142813323	24.439900885306308	25.947734398479305	3.4386169057537E-5
103.0	26.298408865579326	25.507207614783482	24.62724331251882	23.56686518604488	2.7502107348975613E-4
104.0	26.323239802398756	27.014452280798366	22.272661803979318	24.389267987835375	3.781249881835941E-4
105.0	27.512978874222316	23.266441110528238	20.777749283420384	28.440252489035593	0.0025782427934676264
106.0	25.518597886489747	23.83807467204566	25.0748514829703	25.568372833603863	1.0312489042980393E-4
107.0	26.55566986673028	23.253230340989127	22.536885405090658	27.653630036714393	5.843504755409796E-4
108.0	23.958322594391007	24.40829286899865	25.21012244112482	26.423124637023747	1.3745846177108355E-4
109.0	26.372133392799835	24.364176884894523	25.36485653477519	23.898249059726037	5.841278044147692E-4
110.0	24.804413112215045	24.226250335412058	22.878108595515904	28.091124885289936	1.0307156705544117E-4
111.0	24.98580248673782	23.86944677968105	24.58401200252446	26.560085971826226	6.527592304449653E-4
112.0	26.26068232193382	23.35943307943566	23.803799807893412	26.575844313960985	2.4047677612711464E-4
113.0	27.943653882091702	21.581836944453606	23.304848354934098	27.169042476008308	6.183425122844046E-4
114.0	26.553408547882373	22.19423520023031	26.682338940929405	24.569467647678206	5.49663279710245E-4
115.0	27.609796386168856	23.400783177689537	26.027190654088734	22.961680087236566	5.496948163091703E-4
116.0	27.361555012967486	24.04635108379619	24.5806823760685	24.01127410511619	1.374220516356488E-4
117.0	25.778674683852632	26.705824999561965	23.613526012394757	23.901355906233004	6.183979576376786E-4
118.0	27.442553317213974	24.258739735590318	24.702846585080458	23.59541374735209	4.466147631601911E-4
119.0	27.352707154076704	21.07885576549129	24.231842711730245	27.336079034414713	5.153342870453206E-4
120.0	24.525281883206564	23.955812531348986	25.24745944386041	26.271308721373654	1.374202103903421E-4
121.0	27.98785460986816	23.34686027648009	23.915823294055727	24.748809063280948	6.527563150737924E-4
122.0	27.134721793734546	23.385830612961453	24.361591532640684	25.117272019552324	5.840411109973567E-4
123.0	24.95647262688212	28.02668121472634	22.564700159268273	24.451355841600215	7.901575230554224E-4
124.0	24.697947288628374	24.77215285109108	22.46071828923198	28.069078507767365	1.0306328119819996E-4
125.0	26.927265444266794	23.687461480800003	24.029522282906303	25.354926300789522	8.244912373758368E-4
126.0	24.11955391785366	23.980866096341487	25.5479663356527	26.35147623343527	1.3741671688102529E-4
127.0	26.062259202066716	22.448593989133926	27.729547098057473	23.7587752220537	8.244886881869666E-4
128.0	26.220086784782193	23.633514137825724	24.27290863000489	25.865108099649625	0.008382347737573426
129.0	24.01956793208938	26.61128831953169	22.2223825400179	27.143463242278553	0.0032979660824800708
130.0	26.230105180417258	24.298648347812705	23.644431374381274	25.826815097388767	0.0
131.0	26.559255076874134	24.1888733566786	23.832544832222926	25.418708346889186	6.183873351525373E-4
132.0	26.12611931709848	25.392647763598852	22.249232603239985	26.226469219101865	0.005531096960816816
133.0	27.45080053483505	25.25257626415245	24.121411129021396	23.173253850139	0.001958221852106841
134.0	27.298949394272427	22.705259075091806	20.77035945825147	29.225294652976487	1.3741940781167495E-4
135.0	26.09817994056009	23.668055842319003	26.003568043440396	24.229749567049225	4.4660663128397003E-4
136.0	27.811875272908793	26.03715647847254	24.558098180859986	21.586995335600086	0.0058747321585930325
137.0	28.63519696079061	21.700609154250937	23.865475544677896	25.79847785301212	2.4048726843223258E-4
138.0	25.1239416182763	23.721353959124	26.679395186888023	24.474313030908455	9.962048032186345E-4
139.0	26.409531838178058	23.891635938415707	25.170405241906398	24.527430760954473	9.96220545365479E-4
140.0	27.310084456529022	21.472329622650907	25.483061459000712	25.734215285996225	3.09175823137688E-4
141.0	25.9732679604066	24.70379323979719	25.330131104277765	23.99242980409078	3.778914276703784E-4
142.0	28.772414276428886	23.048004924991446	23.186451601378007	24.9929574271317	1.717700699585141E-4
143.0	27.124640953294126	24.803896341700124	23.785253224764183	24.2860720625333	1.374177082642666E-4
144.0	27.679810033042212	25.292889774778395	23.09412942460927	23.932724158330533	4.466092395893669E-4
145.0	28.78768723375017	22.031125463790026	22.108629929916173	27.071835921396183	7.214511474508726E-4
146.0	27.329016078054142	21.911089734780816	24.514875635564106	26.240827263982407	0.004191287618524117
147.0	26.110619269892343	24.324497025076344	26.12089125064286	23.440007338110664	0.003985116277791462
148.0	25.002739822033526	24.49661997002171	23.82195382463696	26.678274121685202	4.1226162259990726E-4
149.0	28.336902310794095	24.6559369450492	23.051597691439024	23.95343300359944	0.002130049118245554
150.0	26.00220842472116	23.747746224926754	25.334871122544893	24.915105515152515	6.871265467218566E-5
151.0	26.796788972701457	23.963553843801698	25.478742319010372	23.76046822041541	4.46644071057636E-4
152.0	27.622540640734705	23.599850888057816	22.9643385390809	25.813132501765125	1.3743036145902945E-4
153.0	25.448374219354207	22.797657229457723	24.94926253302187	26.80401886777543	6.871503907652485E-4
154.0	23.981280456107644	25.017376494610456	24.725643789247428	26.27332856675099	0.0023706932834823492
155.0	27.524983961401528	23.48813659147396	24.01147425560114	24.975233380077498	1.7181144587235028E-4
156.0	26.739039597101417	23.231339549818014	25.553930570369797	24.47538101626329	3.092664474769356E-4
157.0	25.362579799169655	22.632278141298737	26.512773708832427	25.492265262095902	1.0308860328000446E-4
158.0	25.831166979091318	20.311095914653947	25.85336602480726	28.004302353751758	6.8727695715E-5
159.0	27.31966982137089	21.1970693553819	24.57030041856533	26.91265111995436	3.0928472752015507E-4
160.0	27.070586618096844	21.172102134093958	25.407299219904466	26.349908931578405	1.030963263342383E-4
161.0	25.02331728902235	20.47938421737418	28.26333793607798	26.230489597774188	0.003470959751300579
162.0	25.966636275189387	23.005924447910118	24.44632925826352	26.581075652096516	3.436654046127458E-5
163.0	24.9435857534352	23.531184723235107	27.506885528053154	24.018206525287948	1.3746998858311745E-4
164.0	26.14881939854849	23.185896913764182	24.511480890729196	26.152221856773007	0.0015809401851280957
165.0	26.928171516753334	21.710940104551533	25.98490498596012	25.37543348329822	5.499094367896287E-4
166.0	25.466440097281858	23.254501485486774	25.39398738745427	25.884899177998573	1.7185177852842634E-4
167.0	26.532484445982767	22.822652409777074	26.695990241209717	23.948494815213017	3.78087817426205E-4
168.0	26.32882405996843	23.316103316852647	24.09647250988566	26.258428248519213	1.7186477404594426E-4
169.0	27.192057369098045	21.448616474434907	25.622842591784163	25.73624294556302	2.4061911987025816E-4
170.0	30.692431495571455	22.85875750494486	22.963429700503458	23.485071923032763	3.093759474638391E-4
171.0	25.717997311130276	23.182443351372573	26.42249355369094	24.676447020638157	6.187631680536702E-4
172.0	27.387910277357154	24.313618207925416	24.633859829163228	23.66447421329783	1.3747225638025925E-4
173.0	28.715018760091777	20.168842544087674	22.9603318297541	28.15419183847525	0.0016150275912000926
174.0	25.214382298920484	24.837282503552277	23.483723095902036	26.464268471412545	3.436302126555571E-4
175.0	25.604959747242855	23.969729074391054	23.37570580212214	27.04805897758306	0.0015463986608874884
176.0	24.983324037407765	24.169200278912133	26.879899047279316	23.96637383641989	0.0012027999808926632
177.0	23.316922679285593	25.522668562072003	24.031927223034124	27.103459985454503	0.02502155015377255
178.0	25.439303479680188	22.568274327052062	24.08930043797166	27.902881168181047	2.4058711504772732E-4
179.0	28.169635691126132	23.757844195046466	23.324924716007228	24.74646111097553	0.0011342868446442929
180.0	26.645394218826528	22.500125719615635	25.04940953113128	25.804932755505313	1.3777492124441066E-4
181.0	28.029134361623854	21.83970308438883	25.724583462346622	24.406061889140748	5.172024999500037E-4
182.0	25.76446144952157	22.513291871679616	25.418112659363707	26.304065073721926	6.894571317962806E-5
183.0	24.248369528119824	23.897177709885977	26.186698769329	25.667547145614115	2.068470510850162E-4
184.0	26.78948576913291	21.525509511033516	25.96608339315007	25.715439199648614	0.003482127034889534
185.0	25.75626793374322	23.812391501284406	23.47808791308796	26.95283899514505	4.1365673936454055E-4
186.0	26.983649835029805	23.134954273384796	25.149690071141784	24.73167134751573	3.4472927892632E-5
187.0	25.146443976977807	22.333310773387183	27.510473109695205	25.009254181992468	5.179579473395608E-4
188.0	28.551507503848793	27.35052563892705	22.05259221041857	22.04509837642806	2.762703775303777E-4
189.0	25.863488489352736	22.74691080888803	24.378362884119934	27.010616180523417	6.216371158800655E-4
190.0	28.98349152886582	21.35197602234194	25.31496925082252	24.349390507991746	1.7268997797166642E-4
191.0	26.842146032694547	23.8459181612706	23.82444317185248	25.487215983755085	2.7665042728658494E-4
192.0	27.23302859534057	22.781479169512597	23.721354081108608	26.264103570570164	3.4583468064761E-5
193.0	27.222040251343483	23.73371038775477	22.691057605139488	26.352984228255355	2.075275069063425E-4
194.0	27.792979998443457	23.040720851601076	24.228085194697382	24.938213955258085	0.0
195.0	27.008254810405052	21.278148121625	24.414429468092138	27.298648668751387	5.189311264230388E-4
196.0	28.870938052164735	22.572052460784928	25.789267330151223	22.767603492809744	1.3866408936345903E-4
197.0	25.424053788486596	23.66362640966983	23.010547863417962	27.901286532838032	4.854055875730622E-4
198.0	27.65244069772531	23.01389573026401	23.59286712247015	25.740657499185403	1.389503551223701E-4
199.0	26.558520100103834	23.09194464781322	25.313903186564485	25.035249299189648	3.827663288115871E-4
200.0	27.288982184673454	23.45837203418644	23.5336799212956	25.718896259209465	6.960063503619408E-5
201.0	25.902365530473748	21.170016869052372	28.153602692923034	24.77370167984021	3.1322771062910397E-4
202.0	25.464464631353767	25.295375384740687	27.464228644303123	21.775931339602423	0.0
203.0	26.11565724218353	24.188477591796698	22.531500736267795	27.163772490639527	5.919391124464948E-4
204.0	25.473492268629137	23.063692175785125	24.688740974611374	26.77397010534278	1.0447563158131182E-4
205.0	27.084320111893724	24.203600046808134	25.188242521843797	23.523071114925106	7.662045292439372E-4
206.0	26.131992270170635	20.92452827559879	25.994895080245044	26.948514710779264	6.96632062630009E-5
207.0	26.12961214600005	23.456788403050435	26.560177814319207	23.853177769029514	2.4386760079570514E-4
208.0	28.829330469548708	22.15214529479118	21.515668697658633	27.50278584823939	6.968976208612122E-5
209.0	27.139937531061953	20.595720299198472	25.394438856488033	26.869275975110014	6.27338141531667E-4
210.0	25.221414002965087	24.073620264919455	24.424822072275415	26.27982993117839	3.1372866165793053E-4
211.0	26.141507374810235	24.593358591300017	25.05800197070717	24.206469582002267	6.624811803043648E-4
212.0	28.14382077658503	22.05063768911692	24.91290444448088	24.892358021250374	2.790685667980266E-4
213.0	30.718618906960437	22.80348316791113	21.67507302555275	24.8024758707658	3.4902880988505434E-4
214.0	27.785912076919423	24.290895577021413	23.660029451130406	24.263127967117562	3.492781119981223E-5
215.0	26.011217456935537	24.43101795849842	22.871218289724467	26.686196383526596	3.49911314977219E-4
216.0	26.014914704502946	24.440875161747837	25.629368604250363	23.914735581133844	1.0594836500483123E-4
217.0	29.126960931761246	22.485730112644468	25.241292115456137	23.145447964598876	5.688755392762338E-4
218.0	24.117417379840298	24.20669480279908	25.498384939149727	26.17728775189051	2.151263203826093E-4
219.0	26.496683037531977	23.375418823915687	23.485200771511078	26.641938005743665	7.593612975965854E-4
220.0	27.869832493891117	21.476520542256928	24.465735802924424	26.187620780223913	2.9038070362148293E-4
221.0	25.93121628159536	22.134364964869278	23.57825447008663	28.355908494955116	2.5578849361040343E-4
222.0	25.906975407105136	23.794495567028243	24.720562089614727	25.57774580364014	2.211326117530509E-4
223.0	31.16800288155056	22.030614986295518	24.096185145577095	22.704564414785512	6.325717913167986E-4
224.0	30.308058807666615	22.88862058894945	23.626495153630312	23.176713554505483	1.1189524814449704E-4
225.0	30.51930314946616	19.68773242558166	23.66882551196857	26.123426999866982	7.119131166244827E-4
226.0	25.98708355295891	21.852463905302123	25.645585516421043	26.514753344213876	1.1368110404056749E-4
227.0	27.352601129540737	23.540219475264955	25.071949228417427	24.03415929453997	0.001070872236910595
228.0	27.7893544812221	28.073806962089787	22.17610760606714	21.960577192523207	1.5375809776631765E-4
229.0	27.83383717737879	25.414959811870684	21.894466518411186	24.85669776985602	3.872248331932225E-5
230.0	25.956768104336337	22.674882367694618	26.82359815408067	24.544751373888378	0.0
231.0	25.073490283796346	25.193468776950223	24.46052146595783	25.271373811029722	0.0011456622658750273
232.0	25.086576235538192	25.154486952405307	24.124507746587387	25.634270209991055	1.5885547805173287E-4
233.0	22.629124761733415	25.709069737529095	22.69219503379709	28.969209766355497	4.0070058490264377E-4
234.0	27.615161731459537	20.99152248761635	25.759130842259154	25.633126420094264	0.0010585185706905166
235.0	25.649760760819323	22.062532598243795	27.775846029997386	24.51177821411474	8.239682475596121E-5
236.0	29.031547405551333	23.1813192004167	23.95133909050702	23.835585286182365	2.090173425869491E-4
237.0	27.304659688802623	24.34495480678778	22.758412875665808	25.59188822250161	8.440624217923412E-5
238.0	27.19061241449167	22.19520517087573	24.298478347854644	26.31570406677795	0.0
239.0	27.4746754864244	23.540597063463508	24.312527677064015	24.671334864797544	8.649082505327834E-4
240.0	25.43028229255774	22.494617444146954	25.750902647395375	26.324064301823068	1.333140768555653E-4
241.0	29.66099092222131	21.55317032351966	22.94312312085085	25.84040112253777	0.0023145108704118716
242.0	26.848432196450982	23.921737659902664	20.89763686070726	28.331390116320836	8.031666182535678E-4
243.0	27.755447212063157	23.5109552443587	24.09165430137677	24.639617762727752	0.002325479473618777
244.0	26.56604582227885	22.989951663619678	25.520730129497743	24.92264475584793	6.276287557977207E-4
245.0	28.848023888402103	20.97981291554405	23.085962911295603	27.084761657711965	0.0014386270462783844
246.0	24.048225122657787	26.4625899377813	23.36958627494267	26.117571263161217	0.002027401457025847
247.0	26.12007459935376	22.83046537852666	24.901013091030006	26.01548551023211	0.13296142085745885
248.0	26.43328108282949	22.246726426766735	24.31770115878498	26.99306267119957	0.009228660419225472
249.0	24.945003681562344	21.883152071463645	28.990679583249868	24.16567530209933	0.01548936162481132
250.0	28.245241820182155	22.4427500374391	23.11660834967074	26.194534938078682	8.64854629316478E-4
