# Position (bp)	A	C	G	T	N
0.0	23.442907701427647	23.93338433061875	25.574719863907973	27.048895043305816	9.306073981426938E-5
1.0	22.73742573227731	30.48209194363801	23.210134535019172	23.491628761903613	0.07871902716189469
2.0	24.47604153701127	27.24934004678836	22.073948600486613	26.19981220683394	8.576088798214134E-4
3.0	25.795291413451476	21.820328275283185	24.83716172928893	27.54052485318962	0.006693728786785977
4.0	25.806054403015978	23.94157657785897	23.31465244780705	26.937670279940164	4.629137783740107E-5
5.0	28.020898396083023	24.210453776763263	22.21031549011632	25.55749984217285	8.324948645473043E-4
6.0	25.15818642752372	23.989696009662243	24.39076583699492	26.454888070261784	0.006463655557335626
7.0	25.558361777732912	25.78033986707587	23.349089813782232	25.31151716446959	6.913769393987371E-4
8.0	27.17938906370872	24.424229016944288	24.10569000994342	24.290645917632418	4.599177115230543E-5
9.0	26.04347354042474	25.61341606706289	22.62066502365247	25.72235355471102	9.181414888169218E-5
10.0	24.663076949543257	25.516695625247294	23.136220016400305	26.68400740880914	0.0
11.0	27.01396359925912	22.90170025398445	22.98188835775207	27.102336878764017	1.1091024034249082E-4
12.0	28.386592815070266	24.702595315580293	20.152583478523653	26.758206571366543	2.181945924834145E-5
13.0	25.075903747999774	23.057177200573783	24.957681790740892	26.909086604632243	1.5065605330641613E-4
14.0	26.45632868015112	22.09211630000409	23.739306148474473	27.712248871370313	0.0
15.0	25.006185814943542	23.90842176893916	24.084777933973548	27.000593459832988	2.102231076819518E-5
16.0	26.315298270550926	25.37951391907213	21.297317030011545	27.00780883660744	6.194375795848241E-5
17.0	28.266458335777028	26.585728794761582	19.092126556566242	26.054371773564334	0.0013145393308145411
18.0	25.422847386664266	26.076519758682927	19.873039990678155	28.627432419125263	1.604448493894171E-4
19.0	25.010393276806674	24.60713014696612	21.435544926883995	28.946552623893446	3.790254497635679E-4
20.0	22.520252953481627	25.61292300835091	24.204245237167598	27.662519529845397	5.927115446774108E-5
21.0	23.77290653797536	25.082072639991665	23.494215100738913	27.65047270980654	3.3301148752509584E-4
22.0	21.734354275670707	27.2006077296045	26.06849628771138	24.996483584442213	5.812257120305585E-5
23.0	24.86802514606668	24.585456499204096	22.935296441827326	27.61097147709543	2.5043580646397933E-4
24.0	27.544577287888977	22.110883858835155	24.436387664929484	25.908113058769878	3.81295765024197E-5
25.0	24.66144464988374	25.906957303253854	19.49112391006095	29.940266749320006	2.073874814506038E-4
26.0	25.64869604973711	25.343254273111903	19.766229580689767	29.24176388363195	5.621282926664743E-5
27.0	25.8169595773044	24.791328612011814	20.382526065823853	29.009129694347212	5.605051272206513E-5
28.0	27.593664566215843	23.564767752891377	22.735511389204046	26.1030686450543	0.0029876466344345085
29.0	27.099453504866766	23.55745878030224	22.86449470678031	26.478209963499506	3.8304455118213935E-4
30.0	23.40982577973591	24.805654017110843	25.535093724625746	26.249227464767326	1.9901376017322157E-4
31.0	25.713037388512756	24.84891854789917	22.276537806997275	27.16098483656629	5.214200245067412E-4
32.0	23.534126546051453	22.96450028435894	24.306464307832222	29.19481980477641	8.905698097190734E-5
33.0	23.99298931718056	24.47565626518572	25.505083907502808	26.026147219055307	1.2329107561071795E-4
34.0	25.650839995058238	26.759264235663476	22.976529416404283	24.613296553957703	6.97989163020255E-5
35.0	25.0718580280072	22.521942331300203	25.742797626527437	26.663143097417596	2.5891674756376603E-4
36.0	23.511737545833217	25.3697957246589	26.356492494406545	24.761870764383033	1.0347071830407354E-4
37.0	25.063334254381253	25.959761525007142	21.753077681917162	27.22382653869444	0.0
38.0	26.704994965555024	25.76110761580645	21.181529006519533	26.35219608814234	1.7232397665837272E-4
39.0	23.1002328914059	27.57690602096126	21.88884612455814	27.433790995899333	2.2396717537077768E-4
40.0	25.720950158486644	26.85499828516434	22.7371188797119	24.686777643779624	1.5503285749155803E-4
41.0	23.798704961501066	24.73275513886054	21.722871406414566	29.740690888140815	0.0049776050830131905
42.0	24.46101519783011	26.194480561415595	20.45078572351143	28.893684074568387	3.4442674473672876E-5
43.0	25.961216094819566	25.655107122642818	22.73235792416205	25.647685568555616	0.0036332898199524094
44.0	28.412420236040887	24.87340809964342	23.04142173408737	23.6724744590909	2.754711374254915E-4
45.0	25.239611168616683	24.38653567446518	21.901417070013785	28.46885549721222	0.0035805896921364227
46.0	24.65734019220965	24.382936944398832	22.655962495813036	28.303760367578484	0.0
47.0	24.984790044092094	24.69365384704748	23.282669049086465	27.037114357699267	0.0017727020746982232
48.0	22.745479672290006	23.971105828524863	23.228190519975335	30.055223979209796	0.0
49.0	22.238919980937602	26.16376114195465	24.393263472281244	27.202248950105723	0.0018064547207823154
50.0	27.04904073033998	25.493741230807554	19.85928349117593	27.597831330109734	1.0321756680412952E-4
51.0	24.481108912389697	27.110802659449583	21.860961113590765	26.544908526595783	0.00221878797416918
52.0	22.51619293087029	25.961463047028964	21.649194725517788	29.873149296582962	0.0
53.0	22.306474776011143	25.197840330520112	24.188483236413006	28.305608070607192	0.0015935864485520897
54.0	22.930696570931758	29.025233865531558	22.317147603017524	25.7268876907413	3.426977785987293E-5
55.0	23.8879357835341	28.898760377915295	22.059586391410903	25.152229941672687	0.0014875054670100353
56.0	26.44263333731099	26.185373455936382	24.667800014292215	22.704193192460412	0.0
57.0	22.800091486929265	27.914094593929317	22.453271922675082	26.82744799330463	0.005094003161700755
58.0	25.640748663193	25.750017732936005	21.44273458110532	27.16631101091409	1.8801185158344436E-4
59.0	27.733739637658804	22.54493374339763	24.738020018406747	24.980469534439163	0.0028370660976583095
60.0	23.540095170233503	22.921904988110544	24.70185931404266	28.83610640174069	3.4125872598562346E-5
61.0	24.924189001898494	24.15747121161271	23.151133850666366	27.760756477141875	0.006449458680553363
62.0	25.25886618054597	22.362206040947356	25.35666130317631	27.02206174025158	2.0473507877949912E-4
63.0	26.16859053963242	23.855387853711157	22.99279692817247	26.980819161969226	0.0024055165147238936
64.0	25.086383095728387	22.060799738488427	23.517858465373127	29.334941674916937	1.7025493122126416E-5
65.0	23.464187789769866	27.091458749641216	23.558722096376986	25.880762498429537	0.004868865782394385
66.0	24.815528480155553	24.15038405995833	23.238670439767848	27.79490631340743	5.107067108393924E-4
67.0	27.03968068612718	25.388009660579215	20.92520064358468	26.646411089375338	6.979203335854925E-4
68.0	23.545305017637023	23.22996117182086	26.6677299549589	26.556816616983188	1.8723860002039199E-4
69.0	23.23923440659771	24.939111975243435	25.098223375180357	26.720740940326586	0.0026893026519077285
70.0	24.89256413484881	23.40999932202111	24.712058627672175	26.984936124703257	4.417907546448776E-4
71.0	24.393350439944786	23.147277762251974	26.472582844270555	25.98592515434059	8.637991920936968E-4
72.0	26.34210490661645	25.956106004051023	22.054590595934073	25.645369435769595	0.0018290576288638842
73.0	25.254420726828304	22.673744864803716	23.734238361844657	28.333650292011235	0.003945754512088826
74.0	24.747988053118174	26.581100856595086	22.98582637058431	25.684051779755528	0.0010329399469035
75.0	25.069440822737445	24.51435448989696	22.31143286167984	28.10265524367108	0.002116582014674517
76.0	26.752257128992202	24.386136431133735	25.646373134636676	23.214183517176057	0.0010497880613360687
77.0	24.368374046027707	25.24587194019869	24.372793112351797	26.012215924723492	7.44976698314067E-4
78.0	27.23646782494244	26.397347430077396	20.42815084527471	25.937492116633027	5.417830724281007E-4
79.0	27.94718024548224	20.93376232397168	22.537364274204116	28.57906896345058	0.0026241928913831323
80.0	23.85064029200837	22.961528303547848	28.579388082645412	24.605446714567236	0.002996607231134918
81.0	25.149119318648346	25.306783805302558	22.255460485094673	27.288145435288914	4.909556655183383E-4
82.0	22.89491655575415	22.057359179476485	24.28824975139909	30.75808634348943	0.0013881698808442377
83.0	24.72698709886021	23.195423235594347	24.593523529640795	27.483253572317313	8.125635873328107E-4
84.0	23.59864289538672	26.306064229040093	24.31133779551244	25.78275323368616	0.001201846374579629
85.0	25.065824563636674	27.213952386941287	21.070377228281025	26.649236451988735	6.093691522777965E-4
86.0	25.56478522843102	25.17294352503166	22.515782842174286	26.744423407049222	0.0020649973138108712
87.0	21.89736570358965	22.334962317505166	26.488034134363858	29.278808486063646	8.293584776769703E-4
88.0	24.960238953859246	26.854433697260234	25.94265032908115	22.241830770014527	8.462497848409922E-4
89.0	26.868383355470616	26.052587218866652	22.46238692722317	24.615728573885047	9.139245545125533E-4
90.0	23.639841380761148	26.116883444375038	24.25917805502052	25.983944803131497	1.5231671180036493E-4
91.0	26.316522533804935	24.725008038721253	24.708676741863968	24.249132664286076	6.600213237658448E-4
92.0	25.58441987014866	24.624217198490793	22.525746459042168	27.265599549167252	1.69231511245857E-5
93.0	27.01780726268801	26.178771203091067	20.73148443044885	26.071683260672156	2.538430999183979E-4
94.0	27.422623050578764	23.597917729254036	23.21814463191861	25.756474774246367	0.004839814002224961
95.0	24.05407404010507	26.494387791104096	24.407689481747017	25.041242725517627	0.002605961526193213
96.0	26.030552293012587	24.702136548718194	24.328951645531536	24.937445756286603	9.137564510782411E-4
97.0	25.961827744295025	24.87269541216161	23.15527217140492	26.010035462877013	1.692092614320315E-4
98.0	28.176527003009134	23.246330631024527	24.15786916024479	24.41927320572155	0.0
99.0	22.18390901831274	22.245323687451783	26.858377434592533	28.71238985964295	0.0
100.0	22.902961555874217	25.137003173168086	24.66234757593373	27.297687695023964	0.0
101.0	23.229871037267742	22.476006638459417	28.536307669924426	25.757713148852734	1.0150549567671176E-4
102.0	24.867147471931737	24.410214971624235	25.065776995892563	25.656860560551465	0.0
103.0	25.57759698068211	26.505704278263682	24.84716378104328	23.069382694786558	1.5226522436534586E-4
104.0	25.168492905254684	27.291832571082374	23.30099074860302	24.238430001575086	2.5377348483272014E-4
105.0	27.533457891555162	23.0642506905943	21.273045259030173	28.125743910529234	0.003502248291131242
106.0	26.154057250829325	22.840759953824683	24.89365989472664	26.11137062967588	1.5227094347245766E-4
107.0	25.371562142907656	25.03633311485528	22.824572724261184	26.766736834554138	7.951834217453228E-4
108.0	23.566812171518652	25.053587313231084	24.38433379338627	26.99516521471975	1.0150714424199032E-4
109.0	26.02394331289983	24.720755805445567	25.595727997333807	23.658794680128473	7.782041923213239E-4
110.0	24.250691155677252	24.998875000549813	22.911214366699745	27.83913489064836	8.458642482618335E-5
111.0	24.723643458655342	24.287367155066722	24.25136607029719	26.736878932649045	7.443833317007653E-4
112.0	25.804548145163185	24.59208612658902	23.22616739013448	26.377130668962007	6.766915130872985E-5
113.0	28.40192722771632	21.999228932978916	23.081463281527938	26.51653471856984	8.458392069817599E-4
114.0	26.733282954110415	22.04417503345786	27.317279312189964	23.90500894324251	2.537569992524319E-4
115.0	26.53571125248151	24.10062472993956	25.92575110215111	23.43721925980516	6.936556226540483E-4
116.0	26.704418470129905	24.764837935740726	24.73614426420104	23.79449781929788	1.0151063044699698E-4
117.0	25.785356324783304	26.88898923487576	23.689550119690505	23.635292228737192	8.120919132394836E-4
118.0	26.662516040675005	24.79256880043243	25.21940090563727	23.32524356025584	2.706929994560763E-4
119.0	26.9687135879664	21.157473570161248	24.732055650741568	27.141249632654553	5.075584762350124E-4
120.0	25.305035937386066	23.690793150114107	25.029806129463246	25.974297109122663	6.767391392250355E-5
121.0	27.714910786960505	22.980827583943295	24.725058779719987	24.57845842750693	7.444218692873024E-4
122.0	26.792171151338295	24.173323010727074	24.498667828862196	24.53543196249754	4.060465748956291E-4
123.0	24.204787735298407	27.72517437062297	23.295705439267117	24.773588040372978	7.444144385271016E-4
124.0	25.227137918421526	25.01092082427776	22.62882766008778	27.13297825004915	1.3534716378326453E-4
125.0	27.164714976283484	23.827636558408855	24.447411112327327	24.55925610812236	9.81244857980879E-4
126.0	24.674683320083528	24.301399189514612	24.720565597191165	26.30319962901675	1.5226419394127238E-4
127.0	26.365075796141596	22.967593666429302	27.358344207516122	23.307954318788912	0.0010320111240648246
128.0	25.842034909167445	23.37419305393209	25.059472540613136	25.714554475764423	0.00974502052291171
129.0	23.96516221658011	27.188633377146466	22.462059966071752	26.3809806911489	0.003163749052778609
130.0	26.237128846964968	24.682041640097175	23.576231926330333	25.504529911594435	6.767501308242596E-5
131.0	24.911171834725216	25.12683635027355	24.668437167386084	25.292894812665246	6.598349499007625E-4
132.0	26.238753637969083	25.605837533994137	22.16974380508979	25.979218952867217	0.006446070079779
133.0	27.258333988936794	25.22329008042351	24.371563897651416	23.144849452296175	0.0019625806920973133
134.0	26.101663200045206	23.343880389547415	21.109085390550693	29.445303345450434	6.767440625013747E-5
135.0	26.404973701391476	23.441755209855096	26.408306601053095	23.74454153089048	4.2295680984995353E-4
136.0	27.631196722545692	26.140202023961688	24.324405716088744	21.897631154426264	0.0065643829776075024
137.0	28.330884931781718	21.37083191569671	24.305208607026728	25.992871522447835	2.0302304700711037E-4
138.0	25.218546286540267	24.310237602683596	27.32919790569114	23.140580177963468	0.0014380271215298714
139.0	26.1483339717102	23.598317256612614	24.706978248717945	25.54538927229097	9.812506682655413E-4
140.0	26.2090056046483	21.307797512624333	25.95768632647178	26.525206029361808	3.045268937850798E-4
141.0	24.966920212109915	25.595711106738634	25.492102554871167	23.944792409844574	4.7371643571016603E-4
142.0	28.17472496200918	22.977874808100243	23.912883854500986	24.93426259567918	2.537797104136643E-4
143.0	26.529678611628494	25.569088407899184	23.949770557724996	23.951327073545542	1.353492017865418E-4
144.0	27.86795021612905	25.566182998005782	22.73878288610492	23.826474823405924	6.090763543193411E-4
145.0	27.677572321344883	22.31664149734191	23.07755817734612	26.927246721756077	9.812822110115429E-4
146.0	26.88028179737185	22.047649742920804	24.892761008555773	26.17433336209507	0.004974089056496516
147.0	26.54832132239638	24.720609522623622	26.836441694790693	21.890956167129442	0.0036712930598688078
148.0	24.832751730174934	24.441155103461973	23.20583067176434	27.51961958991479	6.429046839666677E-4
149.0	27.723285201090718	25.333710283793952	23.580687616517537	23.359914431568686	0.0024024670291008126
150.0	25.241442622418287	24.44768762919773	24.647399532426455	25.663470215957528	0.0
151.0	26.14161323549914	24.462575172475404	25.492825537594022	23.902461555953497	5.244984779392556E-4
152.0	26.785751145867348	24.27908912639987	23.49580483116962	25.43921954124699	1.3535531616463945E-4
153.0	24.42511334798224	23.669877480801016	25.43903150056198	26.465199373504632	7.782971501296287E-4
154.0	22.730558204411683	24.678680028181272	24.971084417258798	27.617173250531106	0.002504099617143472
155.0	27.171890964063167	24.11709582693572	23.884649760616256	24.826194236718322	1.692116665352456E-4
156.0	25.760618779818582	23.38745062139417	26.588055728764342	24.26375642059362	1.1844942928526768E-4
157.0	24.466405556482478	22.916378295929462	26.718895472108446	25.89794840225408	3.722732255342882E-4
158.0	24.885193760172143	21.758138813934526	25.832647716685038	27.523918178153835	1.0153105445753481E-4
159.0	26.064710461298944	21.912275357904356	24.183741158154803	27.83871459031374	5.584323281551426E-4
160.0	25.667199835378803	21.96186907334917	25.525457734251837	26.845439512201395	3.384481879822463E-5
161.0	24.548514147103887	20.998310111611154	28.393678673459615	26.055537185159714	0.003959882665630554
162.0	24.763468599216942	23.35121858432479	25.423123317863546	26.46215565279079	3.384580393261165E-5
163.0	25.09843529095993	24.3154546029943	26.795147300082352	23.79092895904828	3.384691514138364E-5
164.0	25.1846769690993	23.80389623598983	24.558800209381516	26.450849584291714	0.0017770012376390526
165.0	26.44622266571507	22.62917542430582	26.702389428653007	24.22155243218799	6.600491381196825E-4
166.0	24.775376676815412	23.40268094137089	25.56411185545034	26.25774590175726	8.462460609361479E-5
167.0	26.522711532094977	24.15047976770212	26.274432677146432	23.05207136565726	3.046573992142547E-4
168.0	26.23938657608795	25.162116855481404	23.373533619359506	25.22489524522671	6.770384442739812E-5
169.0	25.806189524677613	22.70210066715923	25.764042461896263	25.72743037482957	2.3697143732486327E-4
170.0	31.690086369233768	22.65770108035597	22.696582046540364	22.95551201594509	1.1848792481094827E-4
171.0	25.011704995519434	23.732652824246994	27.30143232582916	23.953583556741044	6.262976633680528E-4
172.0	26.96429901101356	24.935218341941553	24.351472648872583	23.748925382631477	8.461554082869077E-5
173.0	28.61475326609355	19.77140729709605	23.150172612197927	28.462329926216746	0.001336898395721925
174.0	23.934031898617043	26.166989245000856	24.129169650029723	25.769352288540553	4.5691781182398373E-4
175.0	26.53072621916547	24.220455037773146	22.697090520159215	26.5502728060437	0.0014554168584657876
176.0	24.806988719388052	24.082838894772845	28.686964795432925	22.421853659725404	0.0013539306807800401
177.0	21.758527553865584	26.260841071858355	25.115574347893936	26.839499837347958	0.025557189034171823
178.0	24.967177753912523	23.139031954432333	24.425132617443396	27.468403828534356	2.5384567739734394E-4
179.0	28.155362645356092	24.082574125282488	23.140569998810225	24.62022391130065	0.0012693192505465265
180.0	26.400036128431143	22.175980773155217	25.90583382483619	25.517911586530477	2.376870469727329E-4
181.0	27.843560066254675	22.291874279378405	26.570436403337222	23.2933469833377	7.822676920042038E-4
182.0	25.344715105167076	23.31904150863452	25.53840880422195	25.797732566334396	1.0201564205839681E-4
183.0	23.786448624589347	24.473299531778352	26.715431182368054	25.02436157042394	4.5909084030457104E-4
184.0	26.08704819579289	22.05079486321	26.650086576163133	25.208040403002986	0.004029961830990202
185.0	25.157550818607987	24.976040306350843	24.352977760201764	25.513057076691254	3.740381481507299E-4
186.0	27.018622029022765	22.766392000155065	25.488555788723406	24.726430182098763	0.0
187.0	23.871488700148138	23.06381603990432	27.985045762040116	25.0789338536862	7.15644221224031E-4
188.0	27.038322514946145	28.361868064979852	22.114496547954094	22.48483574068861	4.7713143130568376E-4
189.0	24.548766546760383	24.39457211043921	24.91964779318586	26.13595695643905	0.001056593175498763
190.0	28.670942878889775	21.888068815703047	24.919957365132465	24.52084346684055	1.8747343416222723E-4
191.0	26.408513763623077	24.440945376583905	24.71213925963814	24.43799186435423	4.0973580064850934E-4
192.0	26.682869375139372	24.207881182262714	24.235644569901417	24.873553648734067	5.122396243302894E-5
193.0	27.702687587295227	24.820730459658527	21.191076201273702	26.28533498228352	1.7076948902524261E-4
194.0	28.09845699632078	23.63723428818128	23.91703520327236	24.347273512225577	0.0
195.0	25.83991853513548	21.75205481183454	25.107339387175703	27.299952824984107	7.34440870165543E-4
196.0	28.27813936992132	22.11228771201411	26.42983712605682	23.179547502389568	1.882896181897357E-4
197.0	25.23198501654651	24.327824677158965	24.047569725617223	26.391850179161153	7.704015161501838E-4
198.0	27.933097211897984	23.47762119228464	24.506661385228607	24.082500177905583	1.2003268318487863E-4
199.0	25.39834093849656	23.05662774809665	25.143815862079748	26.400631165823146	5.842855038938333E-4
200.0	27.393077106576758	23.965797323430195	24.280036820537003	24.361002816537344	8.593291870127174E-5
201.0	24.871250459129207	21.50563785744401	28.66509719101442	24.957653548533802	3.6094387855510385E-4
202.0	25.380325781364416	25.388267140443794	27.811739597679058	21.41966748051273	0.0
203.0	25.944667579073332	24.62970158800025	22.861374937243387	26.56334463525512	9.112604279141422E-4
204.0	26.463928121220814	23.41657368350371	23.81650015673445	26.302894867209037	1.0317133198832307E-4
205.0	27.432219291982562	24.71149864562397	25.146271235639418	22.708979052225676	0.001031774528375863
206.0	25.040694925727568	21.760920385504985	25.481498577633882	27.716782922732353	1.0318840121095027E-4
207.0	26.250131158200013	23.658221512008932	26.373239254918218	23.71811565659085	2.924182819909901E-4
208.0	27.940699296849324	22.374127083258063	22.09161088085665	27.593511125333553	5.1613702405714676E-5
209.0	27.26907461903761	20.41620823386044	25.22568315808782	27.088311279804444	7.227092096899475E-4
210.0	24.735707519763853	24.36753606507271	24.858414128091244	26.03799808901237	3.441980598243764E-4
211.0	24.664278533656496	25.839811474055303	25.77715310675333	23.717724055304615	0.001032830230252286
212.0	28.416416868735066	22.733353917589845	24.635187678652088	24.21483488883382	2.0664618917735358E-4
213.0	29.675435637262826	23.098621543046153	22.982012830404276	24.243499253793832	4.307354929147457E-4
214.0	27.612075010288596	25.521046062739146	24.545478526186827	22.32138315973608	1.724104935233136E-5
215.0	25.535915627870292	25.56058382080942	22.809492970169625	26.093541165737953	4.664154127145878E-4
216.0	26.03681738114347	24.562882022467004	25.592542554650116	23.807688176221795	6.986551761178702E-5
217.0	28.441127022673683	23.122186937167147	25.74347686635815	22.692345649423203	8.635243778218743E-4
218.0	24.562266299249217	24.378735759678342	25.479990271099553	25.578793847985036	2.1382198784956555E-4
219.0	26.493800580576266	22.90983372183484	24.939962400295503	25.655468160200495	9.351370928961592E-4
220.0	28.457009242159558	21.795367867472667	25.031399030071615	24.715970605840734	2.5325445542423105E-4
221.0	24.983695035297924	23.153214112745317	24.56724780590103	27.295478077623674	3.649684320554694E-4
222.0	25.295431985328033	25.736993206466586	23.80255209544158	25.16493045945836	9.225330543593377E-5
223.0	30.018247851162727	22.830056115459946	24.09794814006679	23.05292549706844	8.223962420977534E-4
224.0	29.743199248993257	23.251428893781238	24.805093771827913	22.20020311966162	7.49657359733017E-5
225.0	30.847007740664633	19.447078681199987	24.18727169904468	25.517510451094683	0.0011314279960166192
226.0	25.40859386414487	22.608449859576446	25.58353840615209	26.39924598138445	1.718887421468331E-4
227.0	27.218198991835635	23.056095210119164	26.164351095034487	23.55981068836419	0.001544014646522937
228.0	26.990974172761927	27.566125075616444	23.68163361027654	21.761208900181636	5.824116345654316E-5
229.0	27.581629107019236	25.141580823599796	21.689516143250216	25.587254336947275	1.9589183479736363E-5
230.0	25.878882912664075	23.437016034998965	27.300513270981263	23.383568015076136	1.976627955725906E-5
231.0	25.607493634413895	24.788414402415864	24.182100230853504	25.42022504753486	0.0017666847818776686
232.0	25.08000788366426	24.78396659781923	25.26821421272808	24.867690142915645	1.2116287278786886E-4
233.0	23.17564005376828	25.526569783338708	22.371408011867008	28.925972830972103	4.0932005389926474E-4
234.0	27.19823292818892	21.106979651081854	26.493278320458995	25.200574119653417	9.349806168129462E-4
235.0	25.71016247914938	22.011102377181217	27.711401313231455	24.567102390646802	2.3143979114873247E-4
236.0	28.515372271869854	23.649954335561073	23.707141576831486	24.127382446077554	1.4936966003465378E-4
237.0	27.942868298293792	25.369556893326507	21.937061629083026	24.750319465815704	1.9371348097313906E-4
238.0	27.32023106441449	22.920249932520314	24.094986062933867	25.66451110204588	2.1838085446313687E-5
239.0	28.081651641473748	22.890541264291357	24.20180257924155	24.824628398646702	0.001376116346641932
240.0	25.473056761304026	21.372596623822695	27.192560146935584	25.96153404861321	2.524193244891721E-4
241.0	29.317766043172604	21.03660749644639	23.37824775412582	26.26480595481697	0.002572751438213996
242.0	26.750632041785526	23.85793472794873	21.793099956387103	27.59759680279491	7.364710837287071E-4
243.0	27.650152898426867	22.946112906094278	25.392303201374965	24.00850150776279	0.0029294863410969335
244.0	26.8152715825044	22.48185629594849	26.194337278795622	24.507679879621193	8.549631302926839E-4
245.0	29.109040896991957	20.906052806664935	23.57548541767658	26.407684639748947	0.001736238917586989
246.0	24.598130182524063	26.528403436614273	23.935666521476982	24.935412227042043	0.0023876323426359047
247.0	25.895303824187373	22.971259754976074	24.761588872120278	26.228728918087214	0.14311863062905814
248.0	26.315657415168793	23.520065459938778	23.435034449175618	26.71774257999885	0.0115000957179684
249.0	26.04847823227979	21.398808934966265	28.578764034351643	23.956305114689762	0.017643683712528994
250.0	26.61730475867572	21.982193149898496	24.925975792720095	26.4733836979318	0.0011426007738904996
