# Position (bp)	A	C	G	T	N
0.0	24.28040438113335	23.599135495426122	24.477279476122074	27.643180647318456	0.0
1.0	22.760250491170584	29.83434985639718	23.08311406422002	24.24483251257933	0.0774530756328895
2.0	24.948859550522577	27.280336545659484	21.732189276679723	26.03814918504969	4.654420885317397E-4
3.0	26.721492545411564	21.931178278410567	24.21541764685365	27.12524561192734	0.006665917396881746
4.0	26.800423515160336	22.53188949879134	23.084906734495185	27.582702798158778	7.745339435628097E-5
5.0	29.353914763108786	23.081071294831997	21.98149002082798	25.583291811477366	2.32109753870817E-4
6.0	25.52096649238681	23.92047030071965	23.145672882708293	27.406788340731662	0.006101983453583602
7.0	25.132530083326653	25.510768936613772	22.784766210456848	26.571163797622937	7.709719797943663E-4
8.0	27.7010034783144	23.59297565179918	22.92447748330101	25.781543386585405	0.0
9.0	26.71574121555851	24.65877093050749	22.50591873144159	26.119492355547642	7.676694476771858E-5
10.0	24.425832348490832	24.027498387568052	22.844000180991173	28.70266908294994	0.0
11.0	27.461574587359667	22.91807235361783	22.53961436371797	27.080738695304536	0.0
12.0	28.617416697428098	23.62507355332936	20.34852399940061	27.40898574984193	0.0
13.0	24.680719210584478	22.330731705907763	25.01368707376863	27.974862009739134	0.0
14.0	27.661086990225503	21.55254514836786	22.649809275518464	28.136558585888178	0.0
15.0	25.333540289409257	23.342458214862738	24.727558788460318	26.596442707267688	0.0
16.0	26.51002352633915	24.782605373618686	21.137585671091085	27.569785428951082	0.0
17.0	29.42641084949193	25.73483054979927	18.901462418039504	25.936072003498435	0.0012241791708634477
18.0	26.43114901577819	24.574129277350988	19.74672831536671	29.247993391504114	0.0
19.0	25.38000772680698	24.516217895956867	20.801908185376178	29.30146305410445	4.0313775553054603E-4
20.0	24.44534713245368	25.663442336245502	22.790359825670045	27.100850705630776	0.0
21.0	24.373688111483286	23.749412982670652	23.016311961376413	28.860454472293778	1.324721758753596E-4
22.0	23.316385891862666	26.550283577843807	25.281951861733056	24.85137866856047	0.0
23.0	25.805016773087814	22.66731285727722	23.035693757903207	28.49184598020671	1.3063152504467598E-4
24.0	28.56857445818031	20.700227590130865	23.960456214762324	26.7707417369265	0.0
25.0	24.796480452373988	25.144894629085147	19.469822919392662	30.58867371705074	1.2828209746360635E-4
26.0	27.251434168539358	24.103788143526536	19.420771912998454	29.223814467438185	1.9130749746836413E-4
27.0	26.279436368226367	23.54992124442082	19.780145708949647	30.39043308891654	6.358948662299765E-5
28.0	27.772034709472926	23.446656937971724	22.29515605140517	26.48313954400665	0.0030127571435296335
29.0	29.00863263057335	23.170643838458375	21.031058338892553	26.78941673530285	2.4845677286951424E-4
30.0	25.511905041198123	23.05761316364292	23.964305250121313	27.46586785237576	3.0869266188151884E-4
31.0	26.5470942019483	23.46826638395801	22.349744841890626	27.634525179355617	3.693928474462949E-4
32.0	25.560187137834305	21.921808422906675	23.47414925867296	29.043550871632135	3.0430895392579853E-4
33.0	24.52603212869326	24.043034431524976	24.62052119129784	26.81035194914595	6.029933797356839E-5
34.0	26.177736360656894	26.169915927357128	22.27993688731233	25.372351126709525	5.969796412032961E-5
35.0	26.13888954574476	21.58102579867105	24.550296767480905	27.729551419991015	2.3646811227505968E-4
36.0	25.808141633063624	23.858229905655527	24.447698267801737	25.88575299858067	1.7719489844074396E-4
37.0	26.65111440184596	24.244528366055675	20.284369088190907	28.819929099621884	5.9044285575953394E-5
38.0	27.466828172353015	25.132551541918875	21.03127519836983	26.36934508735828	0.0
39.0	24.64365110886722	26.977468564046603	20.55926400889478	27.819380257153092	2.3606103830267391E-4
40.0	27.22225565897346	26.08444235169719	21.938383541565617	24.754859441732133	5.90060315965498E-5
41.0	25.03485281580663	23.718557981339067	20.54838243406284	30.693073980005725	0.005132788785741467
42.0	26.218574838162407	24.447180244664697	20.115701933320672	29.218483994388922	5.898946330206499E-5
43.0	27.14450187914491	24.552154823610458	21.9563278700901	26.34312265991606	0.003892767238470921
44.0	30.208550794892027	23.293833468380647	22.04579578251367	24.451643036335394	1.769178782592696E-4
45.0	25.641415695861003	23.601397158278175	20.843047286166268	29.910307344161076	0.003832515533480266
46.0	26.436557979665775	23.400573650403413	20.813781759332137	29.349027653722686	5.895687599305488E-5
47.0	25.812224994222817	23.367945350191707	22.63831051541919	28.17980956513127	0.0017095750350168127
48.0	24.42671155488522	23.102579834840117	21.655500604423164	30.815208005851503	0.0
49.0	23.198479468403292	24.916621237347318	23.295428091526574	28.587585272060235	0.0018859306625804836
50.0	27.709795412531	24.4876179116721	18.75054141987251	29.05186846576193	1.7679016245248028E-4
51.0	25.20419286223537	25.872422915795116	19.971776545661307	28.949191890028697	0.0024157862795123647
52.0	24.0033134759773	24.764766705441385	20.523458704924387	30.708461113656927	0.0
53.0	24.13574557700606	24.148937168158195	22.194588281645746	29.51908735295773	0.001641620232265811
54.0	23.989648939831238	26.773225836143	21.55243624536046	27.684630352361673	5.862630362914407E-5
55.0	23.879874938868806	27.98999464207357	22.055492225163793	26.073060614683293	0.0015775792105443057
56.0	27.501212209726887	24.885584927705565	23.199591061778882	24.41361180078867	0.0
57.0	23.228676920273156	26.943491845421363	21.865228801921514	27.957286959041067	0.005315473342901185
58.0	26.205901677641663	24.04316021550906	21.100381083093637	28.65032340959862	2.3361415701791526E-4
59.0	27.97417400196101	21.251846111529957	23.365041582403002	27.406310387337413	0.0026279167686201043
60.0	25.054542403222197	21.737769914969792	23.037172745580666	30.17045666442903	5.827179831431342E-5
61.0	25.583357367383027	23.111083921075092	21.876345542630578	29.42297888208167	0.006234286829632089
62.0	25.903407035228575	21.699713181921197	24.07168645884251	28.325018541509973	1.747824977467623E-4
63.0	27.840588347352842	23.090151858072385	21.844213087163283	27.22271643430931	0.002330273102181893
64.0	26.5372589360863	20.747949421086474	22.320626259375796	30.39410729751096	5.8085940472366485E-5
65.0	25.463971294589392	25.794155535653505	22.48830561179626	26.24892116582625	0.004646392134587395
66.0	25.182037918710442	23.517998204302938	22.210077972279365	29.089421300033568	4.6460467369071495E-4
67.0	27.559871798073253	23.798019827279322	20.12014139610946	28.52150239463963	4.6458389833510554E-4
68.0	24.29815693062954	22.577265888263735	25.68090899746991	27.443493974994094	1.7420864272304367E-4
69.0	23.818045627950458	23.77873521504596	24.150877661582054	28.249554346500677	0.002787148920850777
70.0	26.340462002629096	22.42363174139898	23.762906597638448	27.47242056253366	5.790957998181639E-4
71.0	25.928104243191015	21.743727793028135	24.912153317280055	27.415379749319506	6.348971812873868E-4
72.0	28.359339065617316	24.640933909447305	21.260256042531015	25.737393370918866	0.002077611485497983
73.0	26.511872413034986	22.225351088624308	21.56469223014633	29.69467970249866	0.0034045656957114585
74.0	25.839074093306102	25.183415838727917	22.294400018462746	26.681898431820546	0.0012116176826946377
75.0	26.36940029422794	23.719675772348342	21.14679666541668	28.761877289641447	0.0022499783655926383
76.0	27.90263663131467	23.16663436066421	24.012013217770146	24.917562004449	0.0011537858019734352
77.0	24.517897913765594	24.132100874850163	23.784664336963257	27.56476002478146	5.768496395266602E-4
78.0	27.813005621137087	24.48237374072397	19.591782583992593	28.112203549189996	6.345049563489431E-4
79.0	27.07295450127675	20.139332305472063	21.364748280697263	31.4204269834925	0.002537929061421921
80.0	24.240505124438286	22.988537569697147	26.905593709823382	25.86259503238931	0.002768563651873885
81.0	26.42105457435556	23.847024312817148	20.463047447886687	29.268585284037883	2.883809027245074E-4
82.0	23.116234620484335	21.38878042956812	23.33078221631127	32.16270320742888	0.0014995262073925488
83.0	26.068190731043394	21.13203303421071	23.566806616069574	29.232219889732175	7.497289441509608E-4
84.0	24.819239033527136	24.479112002020695	24.259453836030858	26.440753423472575	0.0014417049487387389
85.0	25.461477824672162	25.7488797150431	20.56013382871332	28.229162642136785	3.459894346359643E-4
86.0	26.092085848075826	24.24260770939754	21.601558693469826	28.061787273399286	0.001960475657523354
87.0	23.019182748383756	20.655111238723194	24.488720456313136	31.836293683836065	6.918727438462244E-4
88.0	24.970121227390578	26.072969353286723	24.925267035224376	24.030892892455444	7.494916428799159E-4
89.0	25.930418379841765	25.95883998348895	21.504603953888974	26.605561179663738	5.765031165758482E-4
90.0	23.985835039196914	25.19238163535775	23.721524664452648	27.10014336748135	1.152935113388286E-4
91.0	28.14319930135435	23.9563980550904	22.46866326374738	25.43122058353052	5.187962773484898E-4
92.0	25.56776784808492	23.127576570843594	22.307915778989017	28.996739802082466	0.0
93.0	27.50723516639586	24.636397224324455	20.700501288525352	27.15563576376901	2.3055698532908265E-4
94.0	28.310641245995598	22.603497705430538	22.974225431507016	26.10719748974908	0.004438127317768763
95.0	24.28623630281471	25.5254670241633	23.314090608336006	26.871554810642824	0.002651254043162416
96.0	26.488964708391087	23.51002671292681	23.571175397596125	26.428565253599906	0.0012679274860744102
97.0	26.1602456380573	24.04070685486009	22.77004395943837	27.028715402400593	2.881452436440922E-4
98.0	28.415515622866018	21.88180894584192	23.25770223055375	26.444973200738314	0.0
99.0	21.951587691637574	21.252822457282157	25.66873296370834	31.12679927150498	5.761586694883077E-5
100.0	23.17801053153122	23.94218028045675	23.703492458547938	29.17631672946409	0.0
101.0	24.004456513849412	21.08882726169806	27.618806764960375	27.287851852022545	5.7607469614940155E-5
102.0	26.3208800932308	23.43460795998864	23.798164302580727	26.446347644199836	0.0
103.0	26.46709677122074	25.073106446557276	23.747369924667385	24.7123692594088	5.7598145800490394E-5
104.0	25.57678772806283	26.43340202527971	21.964758612507158	26.024763657851903	2.879762983987366E-4
105.0	28.76784599399624	21.99270379048106	20.3929286436699	28.843526601099846	0.002994970752958686
106.0	26.70219033845973	22.37398109896464	23.736528160054647	27.18718521551776	1.1518700322005266E-4
107.0	26.823839189196192	23.19577090115996	22.347152159903153	27.632661829319073	5.759204216198222E-4
108.0	24.74309197097272	23.369921650752485	23.170349010284383	28.716522207782415	1.1516020800236769E-4
109.0	26.869238785603656	23.11389139984915	24.262132736076644	25.754161316881905	5.757615886413754E-4
110.0	24.526660502477384	23.532656193686044	22.103627468026627	29.83699826243556	5.7573374386987496E-5
111.0	25.139066884521803	23.23294955363877	23.967750069950846	27.659600192062566	6.33299826015266E-4
112.0	26.060181083264105	23.05722942721062	22.64214379924824	28.240388119454853	5.7570822186182885E-5
113.0	29.259650302467872	21.23291062287426	21.863119184085146	27.643686630851033	6.332597216881093E-4
114.0	27.09860533398581	21.265648613250047	27.00591545646886	24.629485168180313	3.4542811496999094E-4
115.0	27.386770053451304	22.64080768814468	25.48736029772446	24.48448622494686	5.757357326928081E-4
116.0	27.93849849130623	23.269118613095614	23.39318787771319	25.39913744514037	5.757274460212339E-5
117.0	26.641242293812713	25.21008500123207	23.962759281392998	24.18551041040557	4.030131566523655E-4
118.0	26.84516540956434	24.22439348483043	23.78971876257606	25.1404344789747	2.878640544730908E-4
119.0	27.406475147358712	20.4298072793304	24.152377947606045	28.010879039770444	4.605859343964425E-4
120.0	25.814587852744346	22.70413920476789	24.224676329570418	27.256481468687678	1.151442296620747E-4
121.0	28.151631100000806	22.444997656779854	23.85012372432677	25.552902081032812	3.4543785975913767E-4
122.0	26.484337937609677	22.207726709562124	24.73119331973084	26.57639659722638	3.454358709820051E-4
123.0	25.333918266020017	26.292839410645776	22.610987522971275	25.761736651329453	5.181490334793362E-4
124.0	26.37237370707572	23.68341360795968	22.10616976615385	27.837870202665126	1.727161456204367E-4
125.0	27.834717994803704	23.225179863984426	22.964616722903248	25.974737004514086	7.484137945327797E-4
126.0	24.86970388686273	23.924225894571403	23.525493593858393	27.68040391363295	1.7271107452195014E-4
127.0	26.614385647167598	21.86891019865598	27.32554491218596	24.190525974612886	6.332673775764628E-4
128.0	26.102780742629033	22.454459308999677	24.859097602903365	26.574681436807218	0.008980908660704725
129.0	25.62675297401108	25.39262012333568	20.93373355255583	28.043784627713226	0.0031087223841828205
130.0	26.8135490571295	22.521582742096307	23.932607038656652	26.73226116211754	0.0
131.0	26.59135041343534	24.073375777404088	23.202522004500782	26.132291248688134	4.6055597165508275E-4
132.0	27.485605004311882	24.825423617579567	21.303845228322306	26.379196597473204	0.0059295523130435185
133.0	27.779725503132003	24.774721096283454	23.84695138765357	23.596702261107648	0.0018997518233299885
134.0	28.14770508950925	22.1533455799176	20.074055183315938	29.62472144393791	1.7270331930022918E-4
135.0	28.24256184621301	22.49427347214395	25.671712074957505	23.591049634129703	4.029725558419219E-4
136.0	28.045061750071813	26.470180181373028	23.506994196592792	21.971661688013757	0.006102183948608097
137.0	30.16053487831219	20.365178565260543	23.073305132556698	26.400636014249297	3.454096212698639E-4
138.0	26.468951058853595	23.74256638090178	25.483232011807445	24.30375389489693	0.001496653540247604
139.0	26.350339711180737	23.560465596867623	24.142835844350515	25.94497732284679	0.0013815247543332387
140.0	27.456323645385417	21.24273979541909	24.155916670983935	27.144732070388727	2.8781782283086095E-4
141.0	27.684052258085313	24.306537326216997	24.280461241613054	23.728603795480605	3.45378604025733E-4
142.0	30.221953081197828	22.145227933921785	22.375424098585437	25.25716463256686	2.30253728095675E-4
143.0	28.207216723318645	24.060579720990205	23.003082520010476	24.72889078208512	2.3025359555380308E-4
144.0	29.098655080232373	23.17758881513052	22.54905008277669	25.173957692936465	7.483289239490584E-4
145.0	29.39466503954594	21.429295080646092	21.772602203520567	27.402746917488862	6.907587985401964E-4
146.0	27.741851924338885	20.761043506291664	24.156468380515996	27.33626138312937	0.00437480572408791
147.0	28.00371164736587	23.074381459262252	25.63678813562249	23.281664991590077	0.003453766159308418
148.0	24.39037447315069	23.57809688386117	22.85285520379182	29.17792511458001	7.483246163109439E-4
149.0	28.70621947653334	23.381695015162435	24.551401460291	23.358554169151525	0.0021298788617006336
150.0	26.810263542365835	23.211092933481773	23.58693236962476	26.391653589902702	5.756462492617337E-5
151.0	27.227098669773675	22.974783956231708	25.29473596953167	24.50303601074865	3.453937142949248E-4
152.0	27.923684151445844	22.375282718983804	23.77090278381417	25.929957648998446	1.7269675773350473E-4
153.0	24.85771046100832	22.134248100455522	24.840613265466484	28.166967642550027	4.6053051964536847E-4
154.0	22.90981499700364	23.686451093686227	24.129544121346584	29.27136900605432	0.0028207819092318435
155.0	29.033519170303084	23.021694158370405	22.453877098870525	25.49079441993935	1.151525166294628E-4
156.0	27.268309534776602	22.111239060340857	25.546810225702444	25.073353293413174	2.878857669276831E-4
157.0	25.871562274188953	22.14153080818404	25.32999001033513	26.656629020696165	2.87886595712217E-4
158.0	24.33045250666467	19.997984764822053	26.0972955543912	29.574152017826194	1.1515629588258664E-4
159.0	27.333154835422047	20.66769734815442	23.733888404257463	28.26485635236639	4.0305979967927955E-4
160.0	27.475223010182575	20.548087974148554	24.23728559813715	27.739288256063826	1.1516146789413437E-4
161.0	25.89688164340778	19.31399149183156	28.994278751920326	25.791623576885602	0.003224535954727515
162.0	26.532881432447496	21.685772262222283	25.105201697046752	26.676087026621154	5.758166231349299E-5
163.0	25.8180145153526	23.357061090240716	26.407024122387778	24.417842689693455	5.758232545069686E-5
164.0	26.994309089621332	22.71147147721246	23.451410750367522	26.84113878093709	0.0016699018615950788
165.0	27.424846808591504	21.941858382669576	25.20884764242727	25.42404406891123	4.0309740042486465E-4
166.0	24.203695844090177	22.15842178277918	25.869411358884093	27.768240664650722	2.3034959582284042E-4
167.0	27.82563475280231	22.27750825835165	26.373570049711358	23.522941401408872	3.4553772580890385E-4
168.0	26.4751650270505	23.576954840582314	22.97967843481446	26.96808651552481	1.1518202791781993E-4
169.0	27.780580598567333	21.29322151230227	24.964436811557146	25.961473116533224	2.8796104002312906E-4
170.0	32.8126016866522	21.14782885139365	22.566215468292768	23.473123623900634	2.3036976074372573E-4
171.0	26.743698543673666	22.01017723781749	26.07928708656411	25.166318825356022	5.183065887133558E-4
172.0	28.53038513711139	23.404627725358065	23.493928039262197	24.570943946348418	1.1515191992796095E-4
173.0	30.169119365710266	18.894725267386605	22.631632275915116	28.303141396823715	0.0013816941642995559
174.0	25.176290160737942	24.33780009913353	23.274906724097335	27.210254621194196	7.48394836996726E-4
175.0	26.689452725835576	22.574433212609822	22.309382640569204	28.425004332114582	0.0017270888708120252
176.0	24.790687847258404	23.129028859544537	27.92477140171065	24.154015057003487	0.0014968344829214063
177.0	22.895434270807005	25.117757571116588	23.387537417284697	28.573303908094683	0.025966832697021183
178.0	25.715317178552056	22.585736148808543	23.13807950566047	28.560348967227895	5.181997510338085E-4
179.0	30.07181344053236	22.816876590407713	21.87635143266979	25.23374926507976	0.0012092713103836672
180.0	27.06971117460897	21.55121315445578	25.092984051458682	26.285860531433176	2.3108804338909105E-4
181.0	29.141660261203867	21.028955781164292	25.05347861521521	24.77544194797123	4.6339444540663156E-4
182.0	26.211704327577518	21.932552118028	25.009123189119364	26.846620365275115	0.0
183.0	24.56798498034202	24.59051910157791	25.649449014668036	25.191583476754232	4.634266578074937E-4
184.0	27.337310122970738	21.32201510500335	25.374018861267896	25.963759346488757	0.0028965642692576625
185.0	26.549821900167935	23.19103690654871	23.693968356215883	26.564651484493528	5.213525739466216E-4
186.0	27.612125341230886	22.52604709797324	24.880887825994265	24.980881800864836	5.7933936773218765E-5
187.0	25.37728192015654	22.522053017877717	26.374381025253996	25.725819242815884	4.6479389586176565E-4
188.0	28.071313029897365	26.717053398780305	21.508487654320987	23.70262299196787	5.229250334672021E-4
189.0	26.523146292002952	21.957048477347605	23.748031679072174	27.770843864939778	9.296866374977484E-4
190.0	28.986485033701705	20.395819931393692	24.72912827682872	25.888276201118877	2.9055695700861155E-4
191.0	27.241428709528265	23.469851256648962	23.72095975625238	25.56752733833143	2.3293923896421236E-4
192.0	28.0600540577373	22.61729835945658	23.132192192087256	26.19033891207784	1.1647864102039949E-4
193.0	29.81694339503951	23.84238306755527	20.56823966739009	25.77225913098787	1.7473902726278305E-4
194.0	30.648144318667025	21.448522485860963	22.710943839375638	25.192389356096374	0.0
195.0	27.994003690305636	20.4858572270039	23.982558732315344	27.537347302971526	2.3304740358974567E-4
196.0	29.663473060892848	22.138468822886402	24.83080124626617	23.36713995943205	1.1691052253158045E-4
197.0	26.192944268950562	22.55832077787152	22.895374269693075	28.353126821565112	2.3386191973741985E-4
198.0	28.195495990049675	22.02183048710541	23.310498283709624	26.471999479752228	1.7575938306113088E-4
199.0	26.788543964841054	21.855774287082436	24.5926961753482	26.76280930795512	1.762647731913031E-4
200.0	28.67260287495182	23.396882961820868	22.684667237019	25.24578816738274	5.8758825575601455E-5
201.0	25.72700519927417	19.949511569090177	27.644413835898497	26.6790106335969	5.876214025817734E-5
202.0	25.837760330967047	23.847668186733113	27.761388745239994	22.55312397160453	5.8765455314747775E-5
203.0	27.287191773092335	23.33484586303534	21.622376191998796	27.755292286568732	2.9388530479432733E-4
204.0	26.08057230022249	23.571292113531293	23.29301877198809	27.054999250531242	1.1756372688770606E-4
205.0	28.73155582674513	23.291990639256923	24.155760789631938	23.8201049056901	5.878386759051393E-4
206.0	27.142984799458198	20.935548197757544	24.704290202423056	27.217000432688685	1.763676725110994E-4
207.0	26.963462681582705	23.06949222399458	26.146263337035492	23.82054657518863	2.3518219858902442E-4
208.0	29.210277326455596	21.88068746806197	20.343898682727268	28.565136522755164	0.0
209.0	28.32308920128705	20.009962812947894	24.405362981033605	27.261173318246	4.116864854501174E-4
210.0	25.944888119246922	22.988713987491096	23.98402653068787	27.08195961458035	4.117479937579004E-4
211.0	26.67399761361791	24.147115513601673	24.385577214993255	24.792780135134183	5.295226529790945E-4
212.0	29.287776453449876	21.418325755234775	23.97934048470401	25.314204152503716	3.531541076237143E-4
213.0	30.835618277670207	22.001952802943574	22.24887990615239	24.91325456164403	2.944515898030237E-4
214.0	28.2024568148149	24.208040806272738	23.496842063083314	24.092660315829047	0.0
215.0	26.542366338088947	25.00110680261548	22.078026337770183	26.378441492052566	5.9029472825487036E-5
216.0	26.880866434603007	24.26549943176601	25.286591466592256	23.56698304122648	5.962581225262741E-5
217.0	29.519332470085825	22.378698374457986	24.821977775891558	23.27950979099658	4.8158856805057167E-4
218.0	25.244883951187212	23.663570816806274	24.420606333027596	26.670574443141852	3.644558370639438E-4
219.0	26.9729135017222	21.57545585950626	23.861341799259026	27.589797396457556	4.914430549574626E-4
220.0	29.140092571777004	20.452141992664473	23.946895950677657	26.46043834553355	4.311393473166195E-4
221.0	26.42787144058767	21.458346376014774	23.505091759525392	28.608504468810068	1.8595506209969297E-4
222.0	26.21238990161067	23.970300918371372	23.594646247556238	26.22234973030162	3.132021600926577E-4
223.0	31.235346781986767	22.050432133115148	23.18227127972442	23.531505648091805	4.441570818625917E-4
224.0	31.115345463799464	21.654727064512024	23.59683165797175	23.632904949739153	1.9086397760529329E-4
225.0	32.00509886408213	18.938875703029563	23.125921081512075	25.929464433695248	6.399176809895175E-4
226.0	25.922261164791614	21.687482653344436	25.280225135384594	27.109579226613477	4.5181986587404554E-4
227.0	27.88938530875403	22.74113747091901	24.892413382992707	24.476216185200254	8.476521339968493E-4
228.0	28.28701277491114	27.41676827608553	22.189791746057566	22.10636161321869	6.558972707458667E-5
229.0	27.68049327724706	25.406421724289473	20.959722961117407	25.953362037346057	0.0
230.0	26.65760230861476	22.003418443749155	26.12359531858311	25.215317344640255	6.658441272215058E-5
231.0	25.907781931501965	23.42006282479753	23.71235111796734	26.958456243357464	0.0013478823756966024
232.0	25.311688944998618	23.69276220612379	24.509845090187962	26.485365113595112	3.386450945226188E-4
233.0	23.17439447788483	24.277790332189742	21.164273339222493	31.383062500427993	4.7935027494162196E-4
234.0	27.064351441538847	20.959768078326476	26.4603191290127	25.514238550990815	0.0013228001311660763
235.0	25.991034561953878	22.038450076825477	27.3188014239308	24.651643487517358	7.044977248245977E-5
236.0	28.63917330015341	22.938479362842624	23.387921735921196	25.033997288783144	4.283122996301523E-4
237.0	28.810027195178368	23.685386230621454	22.139281972349405	25.365160483258464	1.4411859230723778E-4
238.0	27.59236025810294	22.261998859979666	23.12460451439294	27.021036367524452	0.0
239.0	28.50652385155734	22.614733000526655	23.539569626074634	25.338209223146137	9.642986952296885E-4
240.0	25.931829956769057	21.208338849761578	25.816425002468048	27.043100077064185	3.061139371379724E-4
241.0	28.986075851399118	20.869134765620508	22.80905962380048	27.333507535254814	0.0022222239250758048
242.0	28.245268105483166	22.959203660617103	20.0862306689598	28.707991737955858	0.0013058269840696788
243.0	27.78153644612648	21.79186111040556	25.361544127664388	25.062518328318784	0.0025399874847889387
244.0	26.4830854840849	21.78844747971091	25.686713614589017	26.040519573458692	0.0012338481564766232
245.0	28.99106910376575	20.906131714300948	22.68852504614567	27.412342546499147	0.001931589288487496
246.0	24.68377941640818	26.095163357417483	22.690103828080016	26.528244704891748	0.002708693202573104
247.0	25.941742123107385	23.114209225029597	24.15978390732949	26.645175245790682	0.1390894987428449
248.0	25.73302238588785	22.3659427178928	23.029409368003197	28.86161415871513	0.01001136950102248
249.0	25.736989398985543	21.596271876790908	28.444357698896354	24.20698455454044	0.015396470786751881
250.0	28.682978021695284	20.250619258168868	23.267811907689403	27.797343329827388	0.0012474826190585718
