# Position (bp)	A	C	G	T	N
0.0	24.29153726022371	23.676651069986285	25.10107774655092	26.930710371600114	2.3551638970331763E-5
1.0	23.24377532669127	30.160303437630425	23.5479363671616	22.973647440478974	0.07433742803772912
2.0	24.779570671943777	26.5748122325073	22.880101669770458	25.764625393692814	8.900320856566879E-4
3.0	26.36854836558517	21.967601377896102	24.327700045065683	27.329668802333867	0.006481409119178841
4.0	26.050622507131166	23.62586267112576	23.9756766600385	26.34776803059213	7.013111245243356E-5
5.0	28.33721613846041	24.222353283433566	22.64971214008171	24.789994643923656	7.237941006578121E-4
6.0	25.846041890337734	23.931844870836805	23.920656461283208	26.295746026832607	0.005710750709648185
7.0	25.4326227116023	25.396880395793243	23.73826950915359	25.431436727148	7.906563028678732E-4
8.0	27.53720255707966	24.645983339901015	23.61209548992824	24.204718613091085	0.0
9.0	25.90706833540385	25.473614863432736	22.259360007523817	26.35979464238351	1.621512560815408E-4
10.0	24.519058424389414	24.637154583776415	23.445802009000115	27.397961840337604	2.3142496450519606E-5
11.0	27.278754392066507	23.018823639968463	22.750482961513484	26.951826598325525	1.1240812602839386E-4
12.0	28.22719697139252	24.34278273699055	20.103481263216864	27.326539028400067	0.0
13.0	25.284356289934617	23.062556740329303	25.01465415214856	26.638257515580516	1.753020070107655E-4
14.0	26.628767511150247	22.02181647526597	23.499208161349788	27.850142911940097	6.494029389379405E-5
15.0	25.68881294284647	23.461943084907734	24.57229074743041	26.27691049448394	4.273033144208886E-5
16.0	26.34465370086998	24.545047039594163	21.8975797095416	27.212698524832607	2.102516165195536E-5
17.0	28.798636334842442	26.65927416317968	19.38299557749738	25.1577114410409	0.0013824834396022907
18.0	25.938472434440364	25.464840412071315	20.24337059394053	28.35319381455236	1.2274499543081754E-4
19.0	24.954474406488874	24.88025817807704	22.112285817111925	28.052371267496408	6.103308257552285E-4
20.0	22.779703307300643	25.62126775750529	23.877605272418098	27.721403462559508	2.0200216465519645E-5
21.0	23.89593876551215	24.804208607157747	23.57019822085518	27.729293297291964	3.611091829663996E-4
22.0	22.835057918716515	27.075151099877313	25.74786501312973	24.34186624697188	5.9721304560139654E-5
23.0	25.6625045044581	23.780349250769202	23.416288001629233	27.140362975622732	4.952675207323937E-4
24.0	28.320239475382564	21.204321071205086	24.58290913156826	25.89247147304431	5.884879977872851E-5
25.0	24.857800686911133	24.768807049820108	20.12237888661923	30.250682906612276	3.304700372536929E-4
26.0	26.28497396706245	25.414677032674266	20.11893536168714	28.181336314933013	7.732364313437573E-5
27.0	25.268665872618968	25.131050645411175	19.82900854957252	29.77119781543057	7.711696677376929E-5
28.0	27.403802893157536	23.794962520112552	22.81289796167367	25.985762980699572	0.002573644356665167
29.0	27.306717911411067	23.933683390609875	22.040787150438334	26.718357697216405	4.538503243233328E-4
30.0	23.52954887349484	24.41113627217103	24.982871076395657	27.076293400557034	1.5037738143730325E-4
31.0	26.099407458784313	24.784188431658656	22.648665777403046	26.467233564435936	5.047677180479698E-4
32.0	24.659619691630144	22.48582547795178	24.737869316270974	28.116463161436776	2.22352710322039E-4
33.0	23.46923588103277	25.29508092324198	25.018494460103994	26.217005213318068	1.8352230319022326E-4
34.0	26.400600918126	26.451375295652884	22.747886009064747	24.4000649562492	7.282090717373321E-5
35.0	25.40559453536731	22.514404152994004	25.928304171893853	26.151444901536113	2.5223820871955055E-4
36.0	23.944924152345187	24.610284461334484	25.998594030299454	25.44607134081084	1.2601521003585133E-4
37.0	25.411939543208796	25.327501879691805	21.349645710937413	27.91085887788608	5.398827590600425E-5
38.0	26.739029408976034	25.000895073783763	21.404875426419448	26.855038167925198	1.6192289555559434E-4
39.0	23.518677408852408	27.3320813974195	21.788199784508734	27.360753607859856	2.8780135950167194E-4
40.0	26.710077450228553	26.244915665146824	22.754691544357268	24.29020743079046	1.0790947689801979E-4
41.0	24.39344091310028	24.336453068648865	21.607690211991546	29.65743453995668	0.004981266302632608
42.0	24.536056411167444	25.71166666546794	20.775833361503434	28.97633567636653	1.0788549465139679E-4
43.0	25.652521611682623	25.829327307724252	22.489166740680304	26.025190766406126	0.003793573506689455
44.0	28.59319847736496	25.06510747879861	22.590439038420918	23.75103928380425	2.1572161126066813E-4
45.0	25.74666374532254	24.272127878663806	21.84278699105569	28.134574988465307	0.0038463964926615606
46.0	25.234392635161267	24.797939242668445	22.077622386671287	27.89002776336013	1.7972138871435947E-5
47.0	25.161976910809997	24.541851627819884	23.2172296637975	27.077162720169813	0.001779077402805767
48.0	22.525180361428838	23.835013640840717	22.892271399826722	30.747534597903726	0.0
49.0	22.324410660648525	25.6513816904328	24.776394309061377	27.24608894363847	0.0017243962188301912
50.0	27.674527957916652	24.18806390812013	20.542034313417336	27.595248093529406	1.257270164727537E-4
51.0	24.99184688522282	26.904201260536194	21.14955685845762	26.9520244866411	0.0023705091422635918
52.0	23.14913706286235	26.015854424105665	21.83728044748899	28.997710139596517	1.7925946481011223E-5
53.0	23.01280355508335	25.06657368961966	23.797601664709163	28.121446017409568	0.0015750731782578332
54.0	23.23358077580338	27.78267182026642	22.73428702133341	26.249317200532925	1.4318206386922322E-4
55.0	23.839642627896584	27.636649786554752	23.2122554113219	25.30991621144421	0.0015359627825501769
56.0	26.71339558299773	24.666346179945915	25.205238886420556	23.415019350635806	0.0
57.0	22.620827060647578	27.790049852339294	23.197417156354287	26.38670623331909	0.004999697339750326
58.0	25.119167284121446	25.36134048688169	21.818030869763167	27.701229255751258	2.321034824449424E-4
59.0	27.872516594715467	22.247576623472145	24.453367876572667	25.42396815699845	0.002570748241269007
60.0	24.48654543691411	23.137577444221264	23.090945131451072	29.284860684183016	7.130323053546587E-5
61.0	25.49168004235064	23.92866341491238	22.913406668621402	27.660029178449303	0.006220695666278394
62.0	25.347731614769746	21.747674080580303	25.110091172440907	27.79427142698514	2.3170522390121375E-4
63.0	26.299334466141755	23.66088535144686	22.540321100214335	27.496963909465155	0.002495172731896898
64.0	25.407771647877187	21.648286455134087	23.875371631648886	29.068534676960724	3.5588379113037945E-5
65.0	24.238097890073437	25.774152469919898	23.874697232842067	26.10833730854698	0.004715098617622049
66.0	24.44136284833423	24.097761323620258	23.27418163340251	28.18603588600514	6.583086378633508E-4
67.0	26.963126114169206	24.90081447770594	21.277723020648377	26.857695906973767	6.404805027060301E-4
68.0	23.82151524779784	22.38095424468705	26.886214271507548	26.910996012505795	3.2022350177208126E-4
69.0	22.883454485487892	24.91479737982597	24.842501013109768	27.356347439545186	0.002899682031186347
70.0	26.037450413082937	23.30950603250127	24.57546351143677	26.07708264163459	4.974013444403053E-4
71.0	24.529458143408515	23.07121124022937	25.809619793567133	26.588789294965643	9.215278293429702E-4
72.0	27.71265138504872	25.758812351644956	21.760517659433166	24.766441583994204	0.0015770198789557504
73.0	25.455132370897893	22.895254178912076	22.61376626156124	29.032091181675224	0.0037560069535736277
74.0	24.883156875888368	25.206849175295865	23.604419065056607	26.304706886020913	8.679977382458936E-4
75.0	25.63467839943941	25.004335313613662	21.971298541120472	27.387615297643414	0.0020724481830386235
76.0	26.777757920162585	24.09533261220079	25.08813268177526	24.037784889126314	9.918967350479096E-4
77.0	24.22440752497785	24.601570322043365	23.991237850248215	27.182128983477632	6.553192529431362E-4
78.0	27.288092037112243	26.030496618069325	20.520245802096973	26.16063422424226	5.313184792035748E-4
79.0	26.87338263328023	20.915363150851746	22.881068069488414	29.3274588047443	0.0027273416353140447
80.0	24.06811693450773	23.393825798206034	27.892181421079727	24.643679919614918	0.00219592659159077
81.0	24.914113992867033	24.936444354721605	21.798594657004934	28.350386575574372	4.6041983205301205E-4
82.0	22.87193587966689	22.572693256212705	24.067330387124226	30.48665927546772	0.0013812015284588607
83.0	25.677775391267225	22.3049808206594	23.846641061159456	28.169717376749958	8.853501639579969E-4
84.0	23.497708572328037	25.600265873955273	25.08268279852523	25.818262686513254	0.0010800686782030987
85.0	25.566625466555408	26.924972065545532	21.223262641591077	26.284537847888195	6.019784197818607E-4
86.0	25.543027861995704	24.76280346117246	22.610219753468918	27.08214309425277	0.0018058291101422975
87.0	22.424071615630538	22.142697688021215	25.661766020601867	29.770650330668357	8.143450780186842E-4
88.0	24.523957464812167	26.747230026004743	25.72768132951671	23.00056470471608	5.664749503006743E-4
89.0	26.26316714617468	25.768246898273787	22.961775248252273	25.005872520198903	9.381871003522097E-4
90.0	23.92178659206307	25.708591066508657	25.240985128548708	25.128442502453797	1.9471042576974784E-4
91.0	26.71433555287418	25.379761320445965	23.563406480417342	24.341877140723515	6.195055389990241E-4
92.0	25.35995970221266	24.070688917294312	23.07154520987664	27.497788471307118	1.7699309266756557E-5
93.0	26.240932283469025	26.15323513967031	21.07802178605897	26.527580707477906	2.3008332379077497E-4
94.0	27.714621224389386	23.990765002225565	23.117015279868394	25.172961526447086	0.004636967069569549
95.0	24.00842905869671	26.011790559093228	23.793154283382233	26.184130723678262	0.0024953751495676545
96.0	26.160083671493823	24.308887264696043	23.756474895897302	25.773474649908774	0.0010795180040596955
97.0	25.328625632489647	25.497130271499163	22.812629459856097	26.36145536901047	1.592671446214689E-4
98.0	28.282089713348352	22.783205423359306	23.907462427735435	25.0272070442798	3.5391277111930225E-5
99.0	21.91615160306524	22.430421959659167	26.47204271986137	29.18136602422092	1.7693193304683338E-5
100.0	22.646577437425506	24.826867778343342	24.418547665565676	28.10800711866548	0.0
101.0	23.738398309991815	22.141446014226936	28.31607582958176	25.80395600756265	1.2383863684089762E-4
102.0	25.04808804889907	24.136219748583365	24.58564308123023	26.230031428848445	1.7692438888546836E-5
103.0	25.722356892076466	25.257711989151094	25.388670879593356	23.631030269494396	2.2996968468856535E-4
104.0	26.120362840848767	26.785790413930023	22.661225598822018	24.432285045064997	3.3610133419846995E-4
105.0	27.0667076603459	23.957526963132576	20.547368219945007	28.425071432311604	0.0033257242649087975
106.0	25.807944400377288	23.704879614108503	24.73734244615414	25.74972740080113	1.0613855893555762E-4
107.0	25.85587893162308	24.05266740442827	22.69179443056031	27.399004729410365	6.545039779690423E-4
108.0	23.960850098997817	24.632974099623905	24.449534104505265	26.95644715002127	1.9454685174557162E-4
109.0	26.01386595512408	24.55713247110434	25.256000943661665	24.17236397681238	6.366532975369121E-4
110.0	24.432954760874058	23.87225796685652	23.197642834709832	28.497020651721826	1.2378583776840308E-4
111.0	24.52957345777125	23.951593565048736	24.97379249170803	26.54438618195862	6.543035133622924E-4
112.0	25.92079648075526	23.812885306424654	23.901602047151613	26.36453933341668	1.768322517978093E-4
113.0	28.144626146038288	21.56825091335598	22.98307959534188	27.303247623488502	7.957217753507674E-4
114.0	26.136149229381516	22.445201554057174	26.985749053116876	24.432528819392928	3.7134405150152967E-4
115.0	27.335928406537572	23.83599259958499	25.66459256513649	23.162885171547522	6.012571934233781E-4
116.0	27.231751676051896	24.27791081110284	24.418198534450426	24.071944453630337	1.945247645056675E-4
117.0	25.834197937576253	26.501011617911356	24.3171335942207	23.347020223339346	6.36626952344759E-4
118.0	26.55607493245182	24.716716774069987	24.934600421973833	23.79220114121446	4.067302898943615E-4
119.0	27.002247659940192	21.083456975261594	24.953870802879692	26.959858667991803	5.658939267202734E-4
120.0	25.1737423606679	23.874470116526176	25.095949781255893	25.855696268343547	1.4147320647784592E-4
121.0	27.53971260288246	23.822592459371354	23.771502703742726	24.86548486459358	7.073694098806067E-4
122.0	26.525570821879167	23.904021107787475	24.465969970564753	25.103889891481284	5.482082873177318E-4
123.0	24.571558724983237	28.014809918337484	23.165122242658924	24.247801757744977	7.073562753730907E-4
124.0	25.431710507491832	24.496006906590033	22.973642807135562	27.098445256838815	1.9452194375521784E-4
125.0	26.54944673290004	23.932838357305826	24.019222791202193	25.49751952005268	9.725985392630957E-4
126.0	23.67639384598626	23.973038656134467	25.27502201184068	27.075350964851612	1.9452118698242996E-4
127.0	25.81486098189862	22.873207576397668	27.919376592290373	23.391458471227942	0.0010963781853986121
128.0	26.334423351427212	23.78501179143519	24.465176715912	25.406440231499754	0.008947909725847364
129.0	24.67415321036917	26.390040026277468	21.835603139503114	27.097055986390888	0.003147637459361436
130.0	26.185745815651902	24.173683094595294	23.890426481752336	25.750109240712067	3.53672884059132E-5
131.0	26.26417009507591	24.862797316689523	24.04606225867403	24.826280668900104	6.896606604296586E-4
132.0	26.535242758929478	25.161528648634118	22.492402344530554	25.80458402195283	0.006242225953018142
133.0	26.843932872307754	25.68194964061472	24.615844923664117	22.856309724030087	0.0019628393833289156
134.0	26.95174592834222	22.86655176212603	20.45806558966206	29.72345988924391	1.7683062579120653E-4
135.0	26.20800203706864	23.76900136777135	25.878039356802653	24.144426751733146	5.304866242218424E-4
136.0	27.75106562254372	26.157861557926452	24.631799891956792	21.452977775105676	0.006295152467354948
137.0	28.729995061043766	21.775491990243747	24.033123720942076	25.461194711055146	1.9451671526342604E-4
138.0	25.16137793575579	24.336001363662565	26.533209745519205	23.968190873150736	0.0012200819117021415
139.0	25.858105968295764	24.11056961632498	24.98936844214125	25.040771250782228	0.001184722455777582
140.0	27.20730371211794	21.434416750540553	25.178946676012448	26.17899689424959	3.3596707947000664E-4
141.0	25.497028518057263	25.491953595759277	25.266075346858564	23.744571203547	3.7133577790159566E-4
142.0	28.82813076069003	22.989535205093606	23.51237708980704	24.669656338617923	3.0060579140044633E-4
143.0	26.81377442082732	25.400825602336933	24.09947190803614	23.685751242426306	1.7682637329992495E-4
144.0	27.75536778789705	25.371373966971376	23.337623178318918	23.53498080356259	6.542632500686092E-4
145.0	28.366168865673302	22.29220691380772	22.70255454930458	26.63802638454309	0.0010432866713054611
146.0	27.451995244748172	21.608403986334043	25.135003565731562	25.799752122861335	0.00484508032488916
147.0	26.165317305204894	24.55232538298413	26.328683551676622	22.949907442297093	0.003766317837263595
148.0	24.512399614025576	24.88795902319542	23.72672911785181	26.872204943436216	7.073014909738604E-4
149.0	28.042660551756526	24.46430289175647	23.846841022710233	23.643861418632746	0.0023341151440219774
150.0	26.066849356151305	24.010487463336403	24.915134621944347	25.0074931924678	3.5366100143002824E-5
151.0	26.64938044950413	24.179489714123125	25.421932888616723	23.748666442557692	5.30505198332021E-4
152.0	27.528614834408323	23.714830270344446	23.287946419887483	25.468378587619238	2.2988774051120668E-4
153.0	24.95098473510713	23.5637205517155	24.98224981613197	26.502355226140438	6.896709049596356E-4
154.0	23.325291753378032	24.762607749626156	24.77815213193237	27.131278055930068	0.002670309133376813
155.0	27.48951708279104	23.463217336354806	23.80768699509869	25.2393663541025	2.1223165297153495E-4
156.0	26.17473297423338	23.220647681626335	25.896741783360007	24.707700699098854	1.7686168143107983E-4
157.0	25.038591409997828	23.07557620052535	26.302009087905642	25.583504948968077	3.183526030984905E-4
158.0	25.20003579774135	21.16684718821476	25.93028142259941	27.702729471657882	1.0611978660018381E-4
159.0	27.342413942710834	21.407143661900086	24.306568994490334	26.943272043848125	6.013570506195835E-4
160.0	26.870002368317397	21.26784396272739	25.788482548825986	26.073564996870246	1.0612325898160937E-4
161.0	24.644426957559755	20.873574245533195	28.518202308162653	25.95976377494556	0.0040327137988323165
162.0	25.790198969837476	24.014662331784077	24.33401236117206	25.861073274338036	5.306286835579927E-5
163.0	25.020748150354578	24.131195525050252	27.04295875345537	23.805026818708924	7.075243087664384E-5
164.0	25.527819075406764	23.648933695710813	24.85519788516832	25.966227432847994	0.0018219108661063554
165.0	26.41071813939666	21.764551883705217	26.5911993518738	25.232858441737626	6.721832866932474E-4
166.0	24.758672599794266	23.276611289040076	25.76687973918296	26.197606405796563	2.299661861257862E-4
167.0	26.906690159532126	23.14365674942241	26.317369506685207	23.631947466556277	3.361178039831729E-4
168.0	25.824734352709406	24.04263660243201	23.946309384977695	26.186178132288674	1.415275922193791E-4
169.0	26.787579167600633	22.287213217307247	25.540393676534617	25.384583948041957	2.299905155449705E-4
170.0	30.90282213078181	23.19621517362808	22.98215897587051	22.918626799149507	1.7692057009469143E-4
171.0	25.94438517433374	23.353184397276053	26.36143444283442	24.340376745593222	6.192399625625211E-4
172.0	27.2880301280854	24.584804928712522	24.287019113759982	23.83996895499748	1.7687444461424393E-4
173.0	28.498966355983885	20.436790652065945	22.95993267517825	28.10261233892204	0.0016979778498789483
174.0	24.556909902581467	25.686693916334008	23.71564761648543	26.040129495173648	6.190694254522789E-4
175.0	25.391566291699576	24.143853638130075	23.443918997202562	27.0191221719377	0.0015389010300908216
176.0	24.75218136473204	24.504641331402404	27.340720618506914	23.400988497366196	0.0014681879924510373
177.0	22.841083462503136	26.111906985005216	24.10128068276663	26.921121447447145	0.02460742227787246
178.0	25.094173376657952	22.97920605851229	23.901154350230676	28.025112428727628	3.537858714550877E-4
179.0	28.27983299139889	24.28495838141556	22.907726527219214	24.52604914196775	0.0014329579985857942
180.0	26.46087119962834	22.545260462658568	25.440139159299097	25.553516396611098	2.1278180290021598E-4
181.0	27.648270589275565	22.203985274236626	26.08261952964062	24.064449895011286	6.747118359015588E-4
182.0	25.90052057788814	23.130738058988413	25.249101498576298	25.719551110517052	8.87540300986217E-5
183.0	24.34288737075955	24.44644836728119	25.809587291500062	25.400544431910067	5.325385491342254E-4
184.0	26.313954477117402	22.02191058777416	26.272592309086523	25.387761449287765	0.003781176734153275
185.0	25.102824119855534	24.039303833092905	24.297253875773944	26.560085656738643	5.325145389782005E-4
186.0	27.21983637032398	22.83780396534266	25.404831492108936	24.537528172224423	0.0
187.0	24.926222424542026	22.870692751695515	27.86809657767361	24.3343125295626	6.757165262480306E-4
188.0	27.595150555943327	27.66587383798731	22.2710229268271	22.46740140397363	5.512752686355493E-4
189.0	25.35274740870397	23.557629548795614	24.53199100386956	26.556618319994335	0.0010137186365235355
190.0	28.653480889112444	21.47380526827561	25.311456679041633	24.560937013939494	3.2014963082301046E-4
191.0	26.822759538558532	23.784077287188474	24.314570728569386	25.078253973089293	3.3847259431939663E-4
192.0	26.984906698481048	23.3281770373427	23.923289139564933	25.763520221446345	1.0690316497510225E-4
193.0	27.24108326256063	24.179871137244643	22.34425935634198	26.234554591684546	2.3165216821083623E-4
194.0	27.728819950533897	23.113634650439568	24.39209419053914	24.7654512084874	0.0
195.0	26.28520647287214	21.75541865634718	24.532921162310874	27.42595465453348	4.990539363235695E-4
196.0	28.626757129522563	22.472735936980353	25.770018443363014	23.130345601402595	1.4288873147313638E-4
197.0	24.638493318287193	23.996037078964203	24.21999642365312	27.144919399109412	5.537799860697539E-4
198.0	27.24311063472494	23.45194025086849	23.798101480631843	25.506722394545438	1.25239229292096E-4
199.0	25.66469606174741	23.32665711384791	25.57038662031847	25.437847981138113	4.122229480930656E-4
200.0	27.535368385618515	23.710597905724814	23.469027982641094	25.28495195219579	5.37738197856468E-5
201.0	25.74189734273927	21.267012774885178	28.010028318922913	24.980864381434632	1.971820180037938E-4
202.0	25.411183989384195	24.952246276016254	28.021947979051642	21.6146217555479	0.0
203.0	25.944770178823333	24.51524519387861	22.5719757006577	26.96745298431633	5.559423240325975E-4
204.0	25.35240747655908	23.955996101519755	24.06308952048478	26.628399287885262	1.0761355112881235E-4
205.0	27.400440156476165	24.02881285099071	25.20604309372248	23.363932638481586	7.712603290591163E-4
206.0	25.70268416309333	21.251890710476616	26.029952872157835	27.01538256212437	8.969214784710145E-5
207.0	26.041486319511435	23.48051335718685	26.564007907794785	23.91379506152152	1.9735398541123456E-4
208.0	28.023882488938206	22.45413694335293	21.861614639428105	27.660330039588814	3.588869193972279E-5
209.0	27.452599885638847	20.869116062932378	25.15839522511667	26.519260665541722	6.281607703907268E-4
210.0	24.770679255396203	24.15345502861382	24.77434113535152	26.301201473583575	3.231070548809898E-4
211.0	25.135432796030994	25.085087633619363	25.521460253894745	24.257319080601096	7.00235853799372E-4
212.0	28.128634560955362	22.45832879036602	24.639797327675446	24.77296988636864	2.6943463452898245E-4
213.0	29.876026975397163	23.455971594704778	22.465197456593085	24.202552357255968	2.516160490061795E-4
214.0	27.587962581619358	24.694573744906265	23.98221522654868	23.73521247739765	3.5969528054613254E-5
215.0	25.929427124824546	24.773969407919164	23.033366231919896	26.262984908704617	2.523266317783044E-4
216.0	25.878551776334334	24.62576458753248	25.965327043507465	23.530283748749817	7.284387590608676E-5
217.0	29.05097679666337	23.322218933190094	24.81540485589604	22.810757104814073	6.423094364248544E-4
218.0	24.416760148392864	24.096153479307432	25.221934600388074	26.264966567897364	1.8520401425996827E-4
219.0	26.273574392713776	22.999001081492285	24.686214980639065	26.040761180760157	4.483643947108694E-4
220.0	27.404499783294266	21.826124481253032	24.897602083978963	25.871510864099324	2.627873744181371E-4
221.0	25.736173238523737	22.702919794761822	24.453028464603292	27.107651811437943	2.266906732089595E-4
222.0	25.673205577136066	24.49833487767041	24.334765297269808	25.493579970154457	1.1427776925985146E-4
223.0	30.722379025113966	22.568716385166105	24.03095684513951	22.677292972679837	6.547719005794345E-4
224.0	30.054378632514272	22.785643237866648	24.343116313049173	22.816765284168223	9.653240167981824E-5
225.0	30.266459226034705	19.970444757477726	23.882359884388215	25.87982369358218	9.124385171748108E-4
226.0	25.78835632415987	22.35006302302742	25.674189570914134	26.187253862243224	1.3721965534343138E-4
227.0	27.401062272918768	23.867900098514053	25.37538684979933	23.354344121308497	0.0013066574593510742
228.0	27.475110165510408	28.271314268022884	22.54718458401141	21.706251702449357	1.3928000593730767E-4
229.0	27.154509255398363	25.562187392726663	21.96026665673293	25.322996639753452	4.005538859134411E-5
230.0	25.930636043415223	22.493490016815187	27.40863324855122	24.16724069121837	0.0
231.0	24.701528278105705	24.891955706841383	24.564199235105608	25.840928586856183	0.0013881930911263023
232.0	25.066422301874447	25.504623632969775	24.17728660198968	25.251441554432812	2.25908733282497E-4
233.0	22.976371027363527	25.247078135000205	22.217516005004608	29.558619374515345	4.154581163170552E-4
234.0	26.970950509250684	21.557334088637372	26.30017561240427	25.170254255487073	0.0012855342206048374
235.0	25.404754239886053	22.16012385138176	27.44381046229936	24.99116201185059	1.4943458223641234E-4
236.0	28.495238309539307	23.63953864740989	23.767495015024164	24.097511666228176	2.1636179846850462E-4
237.0	27.2544772860037	24.013107462956196	22.914833640505325	25.817472257743656	1.0935279113157614E-4
238.0	26.982557605497103	22.69760060557568	24.312690418247836	26.00715137067938	0.0
239.0	27.292794040596462	23.418414007399868	24.190389689571	25.097212500847426	0.0011897615852473156
240.0	25.201495420868312	22.285115241038113	25.744921590179203	26.768306075799742	1.6167211463199616E-4
241.0	29.209089513053872	21.58410130788487	23.371966415722	25.83241441578121	0.0024283475580536957
242.0	27.01189005809467	24.498200617791753	20.598071544270827	27.890934033466426	9.037463763246257E-4
243.0	27.767266044510393	23.02586010263767	25.007955418069415	24.19666536747528	0.0022530673072500918
244.0	26.373896022141018	22.94679208525633	26.09445599174554	24.58420403708546	6.518637716465334E-4
245.0	28.795890279646542	21.09615865878998	23.46329209105999	26.642863090252778	0.001795880250704883
246.0	24.29479265287125	27.371704226944892	22.999217734345574	25.33159839210295	0.002686993735332519
247.0	25.32234439186955	23.227097057500966	24.68924301761919	26.625851803476596	0.13546372953369407
248.0	25.652989495207883	22.53645991930796	24.41579439528591	27.38448083411493	0.010275356083315777
249.0	25.219704192802595	21.870790704439695	28.248243437352972	24.645892551298832	0.015369114105904729
250.0	27.33460437343479	22.45362638026274	24.29715351182624	25.91343622435981	0.0011795101164223665
