# Position (bp)	A	C	G	T	N
0.0	24.688388875017747	23.53437105794384	25.3511642783824	26.426055389917803	2.0398738215648933E-5
1.0	23.395717794005236	30.23366727926228	24.63423162619741	21.662282271049165	0.07410102948590759
2.0	23.480919993496478	25.907390388188695	23.222419096224815	27.3884808663374	7.896557526117865E-4
3.0	25.77237704976072	21.383989941239605	24.57651344185816	28.26001855165584	0.007101015485676078
4.0	25.996379539851844	23.047271161549137	25.126478581976336	25.829708998693118	1.6171792956577724E-4
5.0	28.618082644514626	23.72017225027617	22.146481386094994	25.514657971905848	6.057472083635114E-4
6.0	27.542323105748977	23.533820906150392	23.2493127576718	25.67007008531819	0.004473145110640827
7.0	25.974128092587843	24.865487197277066	23.272187950910745	25.887392347023425	8.044122009220575E-4
8.0	28.287695343601722	24.903757701743356	23.410167194825416	23.39825927497435	1.2048485515411117E-4
9.0	26.154499163006513	26.86217280184798	21.493976791733946	25.489170964809016	1.8027860255238445E-4
10.0	24.621680713770857	23.88337228154615	23.629091613480576	27.865855391202416	0.0
11.0	27.36125010146485	22.966561662306678	22.58548206850868	27.08660883932581	9.732839398222434E-5
12.0	28.106241831439505	25.071218999310897	19.741405479134855	27.081114489737494	1.9200377249012186E-5
13.0	25.344724684243936	24.04970495275164	24.239799069929852	26.365524590117268	2.467029573042578E-4
14.0	26.104522666634633	22.397068119269154	23.7807478120125	27.717623865842473	3.7536241240918105E-5
15.0	24.69115530257203	24.458220746450802	23.86689833905526	26.983725611921905	0.0
16.0	26.56692695673366	25.404045822369014	20.882317208779273	27.14652786796443	1.8214415361892202E-4
17.0	28.313907491888234	26.83410969019461	19.126928914635656	25.723789362397113	0.0012645408843878357
18.0	25.380921140348477	26.180828604250127	19.892841785346274	28.545267193569096	1.4127648602996296E-4
19.0	24.096905052239453	24.44992598344175	24.51661278064831	26.936065194892734	4.90988777750072E-4
20.0	22.60435431160321	25.25659757860775	24.5486625675869	27.590350819931693	3.4722270447597846E-5
21.0	23.873825628830673	23.880000062089273	23.561706302906313	28.68419205384934	2.7595232440679303E-4
22.0	23.13316999317028	26.79152227710106	25.27949999078909	24.795790681696143	1.70572434266501E-5
23.0	25.016313195689204	24.471237555295406	22.895691192777036	27.616452263452718	3.0579278563467037E-4
24.0	28.271789441696672	21.59805017146403	23.646471789374317	26.48365490770522	3.368975976169212E-5
25.0	25.035402811145545	24.54063759859298	20.215941746412142	30.207818039624172	1.9980422516004733E-4
26.0	26.16903873017136	26.418092970307367	19.93201134083313	27.480807247262973	4.97114251768484E-5
27.0	24.869983493959477	24.78361467727183	20.642527740604994	29.703807905162407	6.618300129321585E-5
28.0	27.141921193843295	24.30815502316708	23.467470238603227	25.080598996114965	0.0018545482714297156
29.0	28.36129422815582	23.963150982315742	22.43911903550959	25.236044776095092	3.9097792375735E-4
30.0	23.930411534372492	23.36044138725956	25.464018403411647	27.24503176048687	9.691446942719995E-5
31.0	26.917766045208126	24.44605129793027	22.213036370501	26.42267957285092	4.667135096823741E-4
32.0	24.02435458270515	23.03295388538179	24.13110366870789	28.811412760320287	1.7510288488370223E-4
33.0	23.82736667831092	25.350894628136274	25.104081651295516	25.71756254427624	9.449798105063485E-5
34.0	27.606101376720897	25.86811639549437	22.643757822277845	23.881961827284105	6.257822277847309E-5
35.0	26.32115272439685	23.066491868768992	26.16445107646613	24.447671996205827	2.3233416219836444E-4
36.0	25.027331385778638	23.982424340347876	26.083149318510625	24.90695566743987	1.392879229942075E-4
37.0	25.3088903710119	26.332081264278777	20.006603028203195	28.352409865493467	1.547101265977495E-5
38.0	27.472819139335	25.665216309274292	20.155544140777316	26.706404943434205	1.546717918711621E-5
39.0	22.75643731923963	26.468328602750756	22.261357650909297	28.513706317887106	1.7010921320777416E-4
40.0	26.55022497124367	26.02907779803877	22.575982976436272	24.84465240439128	6.184989000770187E-5
41.0	24.104716629911405	24.199985528774857	21.7116614574379	29.978611652923128	0.005024730952713726
42.0	24.596534389051925	26.277257842178024	20.303269170983775	28.822861301821728	7.729596454774208E-5
43.0	25.42538538148002	25.932900102003764	23.314313961686217	25.323427988108264	0.003972566721731285
44.0	29.65888826482526	24.913780818894434	21.88651926744066	23.54065709263079	1.5455620884747745E-4
45.0	25.68255724054248	24.439795032320006	22.09713727360966	27.77661619741653	0.0038942561113163836
46.0	25.43021859755768	24.187285895072556	22.662372077858866	27.720123429510902	0.0
47.0	26.040203067143235	23.719652020860455	22.69617396608523	27.542070551896053	0.001900394015025782
48.0	22.17342293290628	24.194958463968486	22.552067935530566	31.079550667594667	0.0
49.0	21.209974372292606	26.570170077593584	23.537874656370484	28.680019392604954	0.00196150113836568
50.0	26.698618742465385	23.881664477258624	20.83932421884773	28.580361673941184	3.088748707744759E-5
51.0	24.919875049086425	27.896917503767476	20.750397285410674	26.43046296972601	0.0023471920094171816
52.0	22.289158856592852	27.415657372730244	21.345533295902566	28.949650474774337	0.0
53.0	22.960407140381932	23.92827228121123	23.71202629127582	29.397631685371707	0.0016626017593097616
54.0	22.604413489440393	29.188180799841636	22.793274521493814	25.414023435762235	1.077534619263148E-4
55.0	24.44312162716753	27.280278303026584	23.112222550369548	25.162781956329134	0.0015955631072057319
56.0	26.01044468770249	25.451379003121993	25.377578344361755	23.16059796481376	0.0
57.0	22.790327550840882	28.312708307545343	22.485611258642717	26.405969040297066	0.005383842673993601
58.0	24.7288578441507	25.519800325020903	22.719731124647176	27.031395988709544	2.1471747168336656E-4
59.0	28.750601533484826	21.188301987138455	24.71619427821656	25.341927121592118	0.002975079568042983
60.0	22.907280503492856	23.146619052095634	24.60295247494616	29.343117347849613	3.062161573730573E-5
61.0	25.20050348619179	24.245566786322716	23.96547120845259	26.58199807227617	0.006460446756733256
62.0	26.318412011924487	21.134271073512785	24.310388060085337	28.236729847735347	1.9900674204225617E-4
63.0	26.4491742009275	23.809029601899574	22.826376464450902	26.91290933293167	0.002510399790351003
64.0	24.92141075737902	21.954417398221636	24.065993402127816	29.058132566369814	4.587590170996307E-5
65.0	24.021009656184773	26.669526059466197	23.15235058908079	26.152144162327883	0.0049695329403579595
66.0	24.093256762052537	24.079434421633675	22.5867592681927	29.23995323033753	5.963177835571334E-4
67.0	26.640469428094743	25.371109708543106	21.720376051314418	26.267265041318677	7.797707290581105E-4
68.0	23.707966247017136	20.846237158858933	27.067150040301524	28.37837135375196	2.75200070451218E-4
69.0	22.86755456515132	24.598745632922732	25.38049297751349	27.150271488038197	0.00293533637426028
70.0	26.399406146578457	23.669822264095195	24.056196695154988	25.874177688240092	3.9720593126229143E-4
71.0	23.954885983338013	22.878631090179745	26.84289475411999	26.322537067811325	0.0010511045509323375
72.0	26.11337614136429	26.244749080732138	22.169735665460678	25.47098150741195	0.0011576050309514646
73.0	23.341541864651987	22.55332182037191	23.883262287324587	30.217761893092725	0.004112134558790045
74.0	24.113076764119555	25.92720902974357	23.772592899071103	26.1862685365285	8.52770537265235E-4
75.0	26.423019750192093	25.039522616133752	21.416933373899024	27.11817924614207	0.0023450136330565303
76.0	25.805791456936365	24.535829677756507	25.33943989391176	24.31819285762033	7.461137750418242E-4
77.0	24.745620618391566	25.233557629660897	22.79368985958602	27.22632490672845	8.069856330672868E-4
78.0	27.290370850368124	27.169541341171012	19.86899377155549	25.670713399590618	3.806373147590444E-4
79.0	27.07154149812488	20.443251203086916	23.555580118707013	28.926795312619895	0.0028318674612947663
80.0	23.76399244500078	23.89437494804644	28.99984562370611	23.339868697937966	0.001918285308705392
81.0	24.815700240130525	24.923867829406085	21.77892371650135	28.480884023791692	6.241901703445423E-4
82.0	21.95386361193649	22.884809135691732	24.175308409672663	30.984953182502835	0.0010656601962824293
83.0	24.896501172568072	22.881982793201008	23.7302659571634	28.49024534493139	0.001004732136129026
84.0	23.409124917665	26.55288719370505	23.788745020511634	26.248436072647518	8.067954708024524E-4
85.0	25.539864625325237	28.24408540657231	20.726417697863344	25.488901617801496	7.306524376163621E-4
86.0	26.62744428299662	24.639535517354016	22.81817880158631	25.91379112467232	0.0010502733907300132
87.0	21.78619754367967	22.3790142755164	25.983159791719622	29.85076080785511	8.675812291951739E-4
88.0	25.414180820730216	26.92657055388589	25.496278803165445	22.16254365545757	4.261667608799613E-4
89.0	25.908627473123374	26.291917174480368	23.731406819616264	24.067044041027703	0.0010044917522856374
90.0	22.834470229582475	25.837194306148824	25.870402502516104	25.457841646822153	9.131493043248121E-5
91.0	27.109372063283253	25.234575897582385	23.77294985877888	23.882599966123365	5.022142321121563E-4
92.0	26.91115433651924	23.819575550299653	22.34831549245363	26.920939402894856	1.521783262149385E-5
93.0	25.59832851192822	26.661284751019192	21.399156038524573	26.340804609070535	4.260894574815983E-4
94.0	27.803662231766445	23.200961970395852	23.10360233687468	25.888349591387794	0.003423869575221045
95.0	23.339483956338793	27.30027518027321	23.402907500838445	25.95488346075866	0.002449901790893426
96.0	26.534642075732357	23.745847286031285	23.547670409821684	26.170896818838123	9.434095765506116E-4
97.0	24.849341356288406	26.269608903763796	23.717305560348514	25.163531159247626	2.130203516600828E-4
98.0	28.8187990617632	22.515857394822657	24.029765404282927	24.635578139131216	0.0
99.0	21.48456601629742	23.036043413128553	27.760615551837077	27.718729374519025	4.564421792740561E-5
100.0	21.73276168973628	25.654509604646986	24.86360579717201	27.749122908444722	0.0
101.0	24.323279931051953	21.27502162233296	28.567357845997265	25.834249319001106	9.128161671914092E-5
102.0	24.782844672031434	24.47872754973685	25.0090723887611	25.729309742231564	4.564723904956971E-5
103.0	26.269415459762623	25.596645920225885	25.01186376698299	23.121968349188965	1.0650383953948957E-4
104.0	26.125310017586617	27.045477056226208	22.835856252560816	23.9930067365922	3.4993703415583244E-4
105.0	26.58955597344389	24.02858587470826	19.946069784578885	29.432958263423934	0.002830103845030817
106.0	25.96929101294863	24.57787086912635	24.175605474996644	25.277126134956557	1.0650797181738204E-4
107.0	26.21306043540465	24.19497641853573	22.184469631209545	27.406702318190995	7.911966590808151E-4
108.0	24.309440850696998	24.767868697720154	24.541477062404216	26.381076458754045	1.3693042458625331E-4
109.0	26.335035815724172	25.41846120562895	25.361530916630905	22.884120085483676	8.519765323064176E-4
110.0	25.49979545541331	23.90182224961316	22.783802381175875	27.814503846640093	7.606715756353244E-5
111.0	24.705495385887723	23.31227796434102	24.954925363461086	27.02649495579407	8.063305160956502E-4
112.0	25.062161844737176	23.216292792938074	24.935997337051077	26.785411104910818	1.3692036285721762E-4
113.0	28.827274497514193	21.263714530861115	22.79093365300944	27.117255815934715	8.215026805328205E-4
114.0	26.57706993209881	21.827105190331316	26.985913290155246	24.609561667523465	3.499198911657855E-4
115.0	26.876846834935158	24.049459610829725	27.061650147822867	22.011297863654836	7.455427574096679E-4
116.0	25.82555295901216	24.67500140359408	25.309091196794846	24.190278365038836	7.607556007207703E-5
117.0	26.123639612488113	27.53149842553518	23.250484755017656	23.09349472764254	8.824793165106403E-4
118.0	27.819800667767847	23.189808689259113	25.772479346790128	23.217530914389144	3.803817937709895E-4
119.0	27.142161350630744	21.892273147986835	24.36719805470318	26.59769795587721	6.694908020332435E-4
120.0	25.236074671733682	24.39149937942956	24.415859641071858	25.95647501384244	9.129392245707246E-5
121.0	27.427079580091345	23.506747314707514	23.72812265675973	25.337320087838034	7.303606033752398E-4
122.0	26.80471760254422	23.419253029526327	24.966787465800333	24.80867891334644	5.629887826767439E-4
123.0	24.629858881986973	27.901787072845035	22.536034210132307	24.93146774662786	8.520884078241192E-4
124.0	24.527110457167765	25.89501521204426	22.344290519233212	27.233462084769013	1.2172678575096677E-4
125.0	27.380516019067592	23.845793470343793	24.30848487697953	24.464247050340383	9.585832687050407E-4
126.0	24.07314703965167	23.110537037296268	25.768335146037845	27.04788948243888	9.129457533719651E-5
127.0	25.53722804615617	22.79102810029322	27.81366204270132	23.85716887579199	9.12935057299608E-4
128.0	27.163343323043364	22.83511987652037	24.736735434175035	25.256782615470012	0.008018750791223987
129.0	24.031549971949932	27.086260762605757	22.812410560458122	26.067039886479016	0.002738818507170455
130.0	26.50954302952729	24.113020315513246	23.8121692228054	25.565237000119602	3.043203446367039E-5
131.0	26.030336680980977	23.86245054380888	24.16666641306468	25.939846420666658	6.999414788059242E-4
132.0	24.852277549763365	26.579754906950797	22.46892209971678	26.093902375747362	0.00514306782169623
133.0	27.27406491504872	25.431656969635917	24.02329113323107	23.26906974086659	0.0019172412177038054
134.0	27.54360441894022	22.81640107711782	21.371433857939074	28.268499781572775	6.086443011188556E-5
135.0	26.304691313541014	23.16187703667816	26.498712107287066	24.034156545915568	5.629965781980944E-4
136.0	26.938704210298546	27.298633959023334	24.34393544089188	21.413476716863684	0.00524967292255226
137.0	28.311728151315553	21.461233697966904	24.156932275663163	26.069938493287154	1.6738176722582828E-4
138.0	25.18220870685338	23.87208318098873	26.96596047241509	23.978697774330975	0.001049865411818837
139.0	26.307448108637114	24.342411177275405	24.63830941031546	24.710781425740453	0.0010498780315608552
140.0	27.251405787724988	21.698993140108907	25.76161163314829	25.28777641782342	2.13021194391578E-4
141.0	25.194317922106062	25.24224881397671	24.982950297034584	24.58005691451046	4.2605237218352755E-4
142.0	28.63470048518974	22.678169444215353	23.144916920044885	25.54198490473476	2.2824581526514098E-4
143.0	27.388706001365243	24.88166752843768	24.33613452027455	23.393294133150167	1.9781677236676204E-4
144.0	29.09366609375511	24.395076156151497	22.26489512979528	24.245921333841576	4.4128645653822947E-4
145.0	29.095632148436863	22.59640646177683	21.61156693416503	26.695511873844367	8.825817769079783E-4
146.0	27.762422973418172	22.250732128197185	23.893377482939833	26.089663163965522	0.0038042514792831876
147.0	26.36556519182669	24.046017527283762	26.484410225055367	23.100796261722632	0.00321079411155577
148.0	24.662953253233816	23.848800242015056	23.73922086491165	27.74853868801788	4.8695182159546116E-4
149.0	27.663779663557484	25.730479250632094	23.252576884243172	23.351109846372275	0.002054355194969721
150.0	24.527709255592907	25.305884555040347	24.550048925093627	25.616357264273116	0.0
151.0	26.30958850450204	24.42330686248893	25.053152966560237	24.213312506876672	6.391595721222335E-4
152.0	27.19883658658815	24.28503750337277	22.430740849692945	26.085232876716496	1.5218362963739663E-4
153.0	25.920835607236352	24.050157861880823	23.68308675752945	26.345158846520146	7.609268332325359E-4
154.0	23.313131792756607	25.181888437699847	24.870114473367416	26.631928052443044	0.002937243733093727
155.0	26.8359866533468	23.287365180478727	25.510833350074485	24.36569306228499	1.2175381500360087E-4
156.0	26.885660321649308	23.044740819205813	26.01595614343483	24.05339920341039	2.4351229965406034E-4
157.0	24.896049453064883	22.873412280958085	26.66564390286666	25.564666067619296	2.2829549107273312E-4
158.0	25.952340945729414	20.87978453461132	26.774962498112732	26.39283592193763	7.60996089088899E-5
159.0	26.78135067758531	20.93358633545043	24.80913352457144	27.475351090664486	5.783717283375816E-4
160.0	27.217057844497393	20.710078895118276	26.661192383999367	25.41159477421628	7.610216868350098E-5
161.0	25.023245633861897	20.29008602825153	28.708985668452193	25.974440685468043	0.003241983966334508
162.0	26.62908443110965	22.561609315629287	24.633969705696302	26.175306105923518	3.0441641242822624E-5
163.0	25.047360635830422	23.10873295724894	28.9986060462705	22.845269918332395	3.0442317744126838E-5
164.0	25.178581132206435	24.06635429333716	25.079550780301634	25.67408298365999	0.0014308104947818798
165.0	26.591185747388813	21.705226821019927	27.04164490581426	24.661242322307007	7.002034699952919E-4
166.0	24.8208826061244	23.560442939463062	25.648901442239996	25.96965123350375	1.2177866879170443E-4
167.0	26.762322576559562	23.111868732114182	26.067904877699398	24.05743190734927	4.719062775865373E-4
168.0	25.458725233130398	24.592090312224837	24.42321768052154	25.525875434017735	9.134010549173251E-5
169.0	27.389924391527178	22.151589629167724	24.81851469785841	25.639636353450122	3.349279965703373E-4
170.0	31.273364647829148	22.28958666905588	22.405383214859835	24.03151322457146	1.5224368367599075E-4
171.0	25.86371245286983	23.696466864436392	26.04199447493204	24.397125868477804	7.003392839335318E-4
172.0	27.217775385656058	24.89663933620246	23.96621831635289	23.919229969523787	1.3699226480787445E-4
173.0	28.687257688145117	20.11099728595501	23.51530474782823	27.684857212007557	0.0015830660640867764
174.0	25.04820897639876	25.602863372685984	23.727812758588566	25.62053644549904	5.784468276453744E-4
175.0	24.112441078558472	25.863673702023288	22.944135683878436	27.078349000048107	0.0014005354917006093
176.0	24.002910831429062	24.312932647440768	28.633264165564192	23.04967443446595	0.0012179211000263375
177.0	23.05228321500937	25.59186850357591	23.710946849529314	27.61983993529688	0.02506149658853042
178.0	24.093629947016453	22.84102164679847	25.03333356677233	28.03180169945622	2.131399565255386E-4
179.0	26.354822870236795	24.511942508478704	23.299794074993244	25.832466113726937	9.744325643182589E-4
180.0	27.29629031376499	21.78203627700676	25.886840997176456	25.03467973875767	1.526732941125819E-4
181.0	27.859463743795764	21.982183866603275	26.199582371353387	23.957929749899474	8.402683480996491E-4
182.0	26.804946650385975	22.412978282260653	25.417126559575394	25.364887409356673	6.109842130844102E-5
183.0	23.239371431137666	23.29370536010243	26.831581928446628	26.634928849590185	4.12430723094929E-4
184.0	25.685043827803884	22.190475157523	27.02797827193143	25.093172559842852	0.0033301828988386677
185.0	25.091386910635947	24.79183731946188	23.650885123831497	26.46538661096417	5.040351065033816E-4
186.0	27.077298268515243	23.363550089822386	25.12233058884107	24.436821052821305	0.0
187.0	24.737647620037794	22.270734079052783	27.342717003748984	25.648167401581546	7.338955788907169E-4
188.0	29.112176820579506	27.014567816549274	22.19794193332637	21.674854701813977	4.5872773087116836E-4
189.0	25.203679831422615	22.99009240866559	25.116944443170127	26.688457556698364	8.257600433065268E-4
190.0	29.181034561861015	20.96002926493267	25.267354490460452	24.591444044580086	1.3763816577874757E-4
191.0	26.37103516007319	23.544723048217246	24.75710028112252	25.326881126867217	2.603837198295681E-4
192.0	27.500502048095825	22.478780330253443	24.33575322302623	25.684933762585093	3.0636039409588375E-5
193.0	27.004673079038493	24.27597303212692	22.910420344240862	25.808688415537873	2.451290558517361E-4
194.0	26.76488834269652	23.165452723317287	25.09555600055831	24.97410293342788	0.0
195.0	25.79873062488152	21.210781030263547	25.228773013496287	27.761056385393285	6.589459653581379E-4
196.0	29.20545757370343	22.185203458252957	26.394816033740614	22.214430686344798	9.224795820675504E-5
197.0	26.098030649782082	24.237411334185527	23.25112932672798	26.412736723443235	6.919658611722733E-4
198.0	27.85320160659252	22.89126257779246	24.12098161206821	25.13443094661172	1.2325693508997065E-4
199.0	25.648048005064076	23.48852038062004	25.545415339927903	25.317414730363293	6.015440246935365E-4
200.0	27.815979897482094	23.007001636646063	23.371891953593913	25.80506481025858	6.170201935283837E-5
201.0	25.80676064385968	20.25835963322793	30.043370529082196	23.891185233842034	3.2395998816466177E-4
202.0	25.486618567936524	25.61604512912417	28.92588759560039	19.971417851084013	3.0856254902287494E-5
203.0	26.088176355798087	23.85068801693865	22.630105148957806	27.430274288545036	7.561897604190217E-4
204.0	24.8350946848297	23.40193063118641	24.469808015748058	27.293058627221612	1.0804101422113002E-4
205.0	26.43557393784986	23.907859264315146	25.92500838903125	23.730755778398684	8.026304050597821E-4
206.0	25.33616244165736	21.2114892260526	25.660048518847557	27.792207190761815	9.262268067018684E-5
207.0	26.64466919178039	23.521338610833368	26.340861943637634	23.4928368991867	2.9335456191047313E-4
208.0	28.7790388815861	22.780696834323326	21.17274829757163	27.26751598651894	0.0
209.0	27.672966757859513	20.414223118498803	24.877003956632734	27.035111099578142	6.950674308083542E-4
210.0	24.928275309110205	24.644945207140722	24.723177684587476	25.703323721635122	2.7807752646950455E-4
211.0	25.4396061030416	26.37948773738884	25.50531328821193	22.674928381949748	6.64489407884306E-4
212.0	28.87327688854685	21.582586444284555	25.34083463788339	24.203070132178258	2.318971069444526E-4
213.0	30.249222687470084	21.52949177420947	22.992083154262925	25.228831093367543	3.7129068997877147E-4
214.0	28.995612768569867	24.675022044541198	24.149854881501398	22.17947933851667	3.096687086737431E-5
215.0	25.962510220324596	23.759791730341682	23.178889425008805	27.098374212045943	4.3441227897335967E-4
216.0	25.60984363240969	23.987616471709995	26.22563485642874	24.176826678560808	7.836089076899303E-5
217.0	29.90826368197656	23.37023711693068	24.918255937387123	21.802596566828235	6.466968774004679E-4
218.0	23.99843101067257	24.401305026947487	26.42886685449504	25.171174059036574	2.230488483350678E-4
219.0	27.067995298021913	22.896382436137934	23.449352705191092	26.585641642742726	6.279179063349349E-4
220.0	27.157566579845337	22.312015668221374	24.077355785733033	26.452771215700526	2.9075049972742144E-4
221.0	25.791854761167514	22.0048728019426	24.125649842733985	28.07731295122309	3.096429328074836E-4
222.0	26.11196839052622	23.021033685224733	24.22430260711824	26.642547541790044	1.4777534076172605E-4
223.0	30.14092833233097	22.762704386132445	24.232245601968234	22.86345968679136	6.619927769968102E-4
224.0	31.33468492727433	21.409486717531287	24.490554009306006	22.76517489085224	9.945503612952825E-5
225.0	30.614236192311257	19.9474356078701	25.025584291245174	24.41184446083438	8.994477390881999E-4
226.0	25.178177921511512	21.784714923771233	26.48433179521118	26.55260644646487	1.6891304120160682E-4
227.0	28.16781947858059	23.403569571761775	25.568337068530244	22.85903032970807	0.0012435514193180433
228.0	27.769028036020643	27.40537188512901	23.111313484538453	21.714218147831392	6.844648049908436E-5
229.0	27.819968283935214	25.84546984963769	21.529034554499024	24.805510058057546	1.7253870517638543E-5
230.0	26.230263385396658	21.51128733737488	27.831261383041372	24.42718789418709	0.0
231.0	24.569213806361784	25.238946747193175	24.800421244579834	25.39009297772563	0.0013252241395761404
232.0	25.849373725863746	25.13108580890404	23.70960821144653	25.309789817592648	1.4243619303665062E-4
233.0	23.476171811840253	25.187548362321856	22.826636956320883	28.509119545885014	5.233236319959347E-4
234.0	27.159444599620986	20.363732998616616	27.764296879398724	24.711571843814596	9.536785490734554E-4
235.0	26.744530545210615	21.232152853276585	28.202539844093362	23.82061021026578	1.665471536628808E-4
236.0	28.06607823866602	23.84781126414837	25.039401477496625	23.046520923364856	1.8809632412758573E-4
237.0	28.012375545232892	24.17883923812005	22.98300622366413	24.825551110367538	2.2788261538598853E-4
238.0	26.542796248721384	22.027933393532017	25.557973196532817	25.87127794477927	1.9216434509718614E-5
239.0	27.68607846012925	23.22027721896021	25.167864383302046	23.92463081521664	0.0011491223918573578
240.0	26.058157366403012	21.723493923476518	25.77364262299346	26.44448601384261	2.2007328440370647E-4
241.0	28.031028983817013	22.130223782047658	23.662395582471763	26.173946987577107	0.0024046640864621017
242.0	26.096967526855664	25.063792310442047	21.290848126779668	27.547668664578133	7.233713444881213E-4
243.0	27.030535296089013	24.287420858925344	24.363444597976926	24.316183878015813	0.0024153689929018343
244.0	27.27490556208034	21.885595839790046	25.87739175666733	24.961259728936096	8.471125261924167E-4
245.0	27.13261479849023	22.255434667199502	24.352814050239463	26.25755900529042	0.001577478780382393
246.0	24.664629722844328	26.599381864958648	23.345986215572367	25.387773149465314	0.002229047159342828
247.0	25.972137509889503	22.25004805068626	25.63551857966641	26.00911520502506	0.13318065473275895
248.0	26.6825389462857	21.576108007994325	24.584842847749808	27.147640274983885	0.008869922986283356
249.0	24.52111039021301	21.227498678467047	30.044198276140495	24.19233179737067	0.01486085780877776
250.0	26.805161929733273	22.446184470394773	23.464179577673335	27.28375673456238	7.172876362359778E-4
