# Position (bp)	A	C	G	T	N
0.0	23.580733519851254	24.391723893756236	25.46886755681252	26.558595047623925	7.998195607071044E-5
1.0	22.541846305025068	30.31238519748892	23.7561559417457	23.31446304812255	0.07514950761776593
2.0	24.064816959917714	26.986924779600628	22.892953880995353	26.05440210940131	9.022700849964958E-4
3.0	25.54281020415306	22.153375170092197	25.077264015968247	27.218755269808913	0.007795339977579117
4.0	25.79050783931257	23.791809644965227	24.300955001871642	26.1165420714499	1.8544240066314203E-4
5.0	28.377275865563927	24.177994446439474	22.19743799481163	25.246206703279345	0.0010849899056244025
6.0	25.04916184470246	24.182159296000272	24.205300497482998	26.5579364811003	0.00544188071397475
7.0	25.455386301208055	25.521381258908526	23.68106321752708	25.341272766678426	8.964556779129669E-4
8.0	27.241881483532886	24.306505817048212	23.43475149934372	25.016808549957855	5.265011733078647E-5
9.0	25.495341387605013	26.196242256779907	22.662881924615444	25.645455589507037	7.884149259560122E-5
10.0	24.551082006125878	24.990921467741998	23.581392356702953	26.876604169429175	0.0
11.0	26.424018533846176	22.86643195059805	23.30401411136537	27.405433971144326	1.0143304607494684E-4
12.0	28.055669369420176	25.20008643754064	20.293109101443836	26.451135091595347	0.0
13.0	25.39334232513938	23.125690494952686	24.751471006344435	26.729348605630605	1.4756793289790954E-4
14.0	26.127321922331397	22.13090200342544	23.99216000171175	27.749591757935555	2.4314595857376414E-5
15.0	25.32366483012422	24.316643639950723	23.829366040381554	26.530325489543504	0.0
16.0	26.381897398241623	24.856945865282032	21.557483832329396	27.203602140734745	7.076341220230128E-5
17.0	28.153481098611767	26.55033916974206	19.597873788865247	25.697196374021757	0.001109568759166945
18.0	25.765914548970226	25.83286885076691	20.110030759067733	28.29102527932032	1.6056187481219996E-4
19.0	25.009088591689345	24.97424043221759	21.637626153418164	28.378497110934674	5.47711740223973E-4
20.0	21.877323096189787	25.823426925138854	24.65000098439875	27.64915847484725	9.051942535553201E-5
21.0	23.753544878584048	24.448829642541465	23.994411305874305	27.8029895470305	2.2462596968223286E-4
22.0	21.98865015321893	26.622289331748544	26.527544292139204	24.861427323020354	8.889987296208153E-5
23.0	24.557143497947106	24.85478602330804	23.617459308377764	26.970279719893416	3.314504736758719E-4
24.0	27.319060309331206	22.016142802827318	24.977617094570974	25.687092338694956	8.745457554686985E-5
25.0	24.439226668149356	25.836841197750093	20.01244852866569	29.7112239906556	2.596147792636157E-4
26.0	25.68299629006133	25.87553713885417	20.104000449089916	28.33735858130603	1.0754068855721907E-4
27.0	25.627463455460468	24.97037045137913	20.71548792849195	28.686613834184747	6.433048370734004E-5
28.0	27.81349643051613	24.207555906210914	22.438771712185137	25.537862927235665	0.0023130238521566083
29.0	27.01213630751937	23.945135361830346	22.82783449372933	26.214558411862974	3.354250579708838E-4
30.0	23.184330406278388	25.076837532536988	25.640531192553865	26.098092848238096	2.0802039265513278E-4
31.0	25.840266012932723	24.993114397025007	22.47976067278808	26.68640367077651	4.552464776855766E-4
32.0	23.725830402116422	23.410105691921977	24.448737480438908	28.415100907872553	2.2551765013888812E-4
33.0	23.503471799244732	25.563284200268	25.357757745563813	25.575425346164778	6.0908758679498105E-5
34.0	25.95579045806728	26.942825173259948	22.64972636491964	24.451557361919907	1.006418332272233E-4
35.0	24.942154575557645	22.82256601725417	26.145335421828086	26.089784700136608	1.5928522348811943E-4
36.0	23.29547387183957	25.33669817676647	26.478310226390946	24.889358593131032	1.5913187198556992E-4
37.0	24.909820655399674	26.069381574800488	21.15946149892278	27.861296502685846	3.976819121341699E-5
38.0	26.192124227415235	25.938233771644896	21.590449170621863	26.27903380090631	1.5902941169454584E-4
39.0	23.20519160045728	27.533552538481477	21.78649280772857	27.47448480695266	2.78246380014596E-4
40.0	25.916616258005437	26.40379841516759	23.457514838428647	24.221971128356483	9.936004184250083E-5
41.0	23.42065921209602	25.039381687634467	22.054241817073454	29.48106778021601	0.004649502980053235
42.0	24.236106999655497	26.40747873886281	21.060038995804394	28.29635539824078	1.9867436516586727E-5
43.0	26.04601583708879	25.664172827763814	23.05098563648911	25.23554799100359	0.003277707654698862
44.0	28.732774096006246	25.218691667490944	22.851605870760483	23.196670158424094	2.5820731823098593E-4
45.0	25.93611491681284	24.247012206952416	22.381782569729403	27.431694466548294	0.0033958399570416316
46.0	25.203596216177253	24.290702017505314	22.79586606304796	27.709815846520037	1.9856749438202917E-5
47.0	24.989516645898508	24.908489054822383	23.68406109254022	26.416384529428445	0.0015486773104478537
48.0	22.329569453663154	24.36620495491919	23.2408123437892	30.063393398734117	1.9848894337189843E-5
49.0	22.200734307156647	26.105971013940483	24.13940999398431	27.552316755155466	0.001567929763097721
50.0	26.5312323127764	25.315065763726874	20.566138011346812	27.5874051488525	1.587632974184294E-4
51.0	24.343443041912973	27.793298749785706	21.64717241401205	26.21388331544894	0.0022024788403294114
52.0	22.666486067314448	26.482637510960714	21.140837394838503	29.710019224325784	1.9802560550289394E-5
53.0	22.097329109804758	25.412661965743865	24.770967419228178	27.717479627379443	0.0015618778437544855
54.0	23.112240207586805	28.860219943160757	22.458974422340294	25.56850611639689	5.931051526010132E-5
55.0	23.72192826901752	28.77933282212371	22.543140956353916	24.954256471118793	0.0013414813860580235
56.0	25.99794142895918	26.13022177966583	25.15356434987344	22.71827244150155	0.0
57.0	22.66315107025098	28.122956722305954	23.075854949300577	26.133165443091578	0.0048718150509104675
58.0	24.93638656771463	25.877660256347045	22.034604287176535	27.15117139042337	1.7749833841833201E-4
59.0	26.980589796006104	23.291455968421786	24.923986922871524	24.801324751451336	0.002642561249245194
60.0	23.334310896069194	23.356626112584898	24.880658891727474	28.428364708238885	3.9391379551107655E-5
61.0	24.939466072442183	23.853794463927606	23.23915894178777	27.961593108802717	0.005987413039719001
62.0	25.036095910443144	22.265430743218293	25.37335214857079	27.324924248317807	1.969494499694236E-4
63.0	25.687209746358125	24.215531096835537	23.45193298266075	26.643002274074078	0.002323900071509162
64.0	24.37684080703693	22.298722868398773	23.902091229526903	29.42232543748377	1.965755362138333E-5
65.0	23.24104357137929	27.154681944400494	23.574842687682395	26.024832279801576	0.0045995167362458235
66.0	24.350306139497402	24.892217275505892	23.25298031468978	27.503808316380184	6.879539267427347E-4
67.0	26.194478305494766	26.05127259676409	21.23479643208264	26.51886301821657	5.896474419325026E-4
68.0	23.275463397444074	22.97754784327653	27.397323005279656	26.34937094377989	2.9481021985177335E-4
69.0	22.95494200157933	24.844671302976547	25.3789815814578	26.818732285138953	0.0026728288473700738
70.0	24.577741019727046	23.495206392026965	25.006875775303783	26.919666405639138	5.104073030647407E-4
71.0	24.466873162947802	23.25576934219242	26.46443498264147	25.811963369355347	9.591428629592337E-4
72.0	26.482181952839333	26.22735042935784	22.556797875542788	24.73208438485588	0.00158535740414753
73.0	24.69658406942826	23.2505012490863	23.75845322702645	28.290449504719913	0.004011949739076488
74.0	24.95814647237628	26.118499445116644	23.263027234586993	25.659367959385392	9.588885346872056E-4
75.0	24.474279085676894	24.80846585612318	22.726265851270256	27.9888171298996	0.002172077030070156
76.0	26.441077672328895	24.30738633328461	25.436231406782817	23.814326216071787	9.78371531893053E-4
77.0	23.603029411874047	25.53596511875671	24.498774855811007	26.361565359187466	6.652543707701317E-4
78.0	26.872669123716715	27.313971591116974	20.567003723532366	25.245905552467452	4.5000916649106526E-4
79.0	27.306591014698327	21.26120961627822	22.941055051480838	28.48854215070068	0.0026021668419379295
80.0	23.928490235062057	23.713239394073383	28.710474901814546	23.645036846201496	0.002758622848518737
81.0	25.171108657323316	25.52181684291419	21.963887582433834	27.34277606873458	4.1084859407611107E-4
82.0	22.12027662841995	22.763408359499564	24.51563615732997	30.599485478964304	0.0011933757862096625
83.0	24.77203816882449	23.115626059454456	24.748895232926902	27.362618896099566	8.216426945889546E-4
84.0	23.71418673221653	26.450747520019906	24.945241984750893	24.888650062587576	0.0011737004250947324
85.0	25.24893769305447	27.082288859464853	21.349733765526267	26.318491975017523	5.477069368844043E-4
86.0	25.079110921942977	25.429941307891614	23.47686291599983	26.01242224361665	0.0016626105489314109
87.0	21.592532733932487	22.74435954192934	26.76316696921623	28.899119264899433	8.214900225146945E-4
88.0	24.760466557243152	27.362006674938627	25.630078374982595	22.24676384392598	6.845489096504967E-4
89.0	26.505107234618304	26.49781216305522	23.01464040675598	23.981423188274846	0.001017007295658298
90.0	22.976768928233717	26.50601042987799	24.750121988306724	25.766961752876625	1.3690070494084422E-4
91.0	26.3236769781695	25.463106287833554	24.338383967773776	23.874246066816067	5.866994071011358E-4
92.0	24.946651439120455	24.842125024933804	22.70135757224936	27.509846407772304	1.9555924076080366E-5
93.0	25.712733578791998	26.28457091275736	21.809193827082275	26.19320835122647	2.9333014190138947E-4
94.0	27.76633495853306	23.57908441671834	23.182806321598694	25.467804678017448	0.003969625132459351
95.0	23.20151646786882	27.60537811090325	24.251108088030694	24.939807262002322	0.002190071194912621
96.0	25.80785632565205	24.91272693782568	24.306659932371566	24.971818226436177	9.385777145280686E-4
97.0	25.042297942148657	25.580141231034847	23.313738007924815	26.063627289285073	1.9552960660420798E-4
98.0	27.614408285863217	23.548356948142573	24.516946703513927	24.32026851002044	1.9552459836314627E-5
99.0	21.890313446567227	22.548040211182606	27.11795486153604	28.44363283191214	5.864880198092194E-5
100.0	22.518686579208495	25.220254930371528	24.41500587633195	27.84605261408803	0.0
101.0	22.699856851007567	23.08307313500203	28.72028553952783	25.496725830876983	5.8643585593929536E-5
102.0	24.835814628239746	24.784929136625884	25.13387497808092	25.245322610693538	5.864635990841002E-5
103.0	25.85419862727712	25.551970493808046	24.953163533549453	23.640413224303668	2.541210617099767E-4
104.0	25.34577057050483	27.091844513684997	23.530440867739678	24.03161174552662	3.323025438737094E-4
105.0	27.322303749089077	23.454873002617827	21.500867135185516	27.718926222355666	0.003029890751913327
106.0	25.600493530620476	23.24840415716667	25.231498856872992	25.919505718762608	9.773657724942688E-5
107.0	25.302489030252424	25.185031415855857	23.056896476232474	26.45487938750809	7.036901511526445E-4
108.0	23.404437051855513	25.09046202920702	24.935406602706873	26.569577042493158	1.1727373742605646E-4
109.0	25.610667075283	25.458940899302522	25.2854027418208	23.644324760859767	6.645227339090706E-4
110.0	24.25760473625722	24.91645842348084	23.113449636810593	27.712389482575784	9.772087556340972E-5
111.0	24.637007019756833	24.509733983327468	24.80870444374823	26.043870499685433	6.840534820374396E-4
112.0	25.53953150767068	24.36300435784093	23.561715102973487	26.53557313875164	1.758927632635847E-4
113.0	28.011184774698084	22.440450924338613	22.860603061664005	26.687018610283147	7.426290161572622E-4
114.0	26.079986209948068	22.883121492390064	27.70547685514895	23.330985480576274	4.299619366423725E-4
115.0	26.605938872583234	23.695175582180998	26.43283201990113	23.265447641577932	6.058837567060094E-4
116.0	26.632154611194082	24.79678872535827	24.85706462244597	23.713913862146835	7.817885484786102E-5
117.0	25.82800639350049	27.050163336034426	23.840591691967433	23.28063268917526	6.058893223929267E-4
118.0	25.977428759559	24.609817119517576	25.294736979945903	24.117587160469313	4.299805082017805E-4
119.0	27.02587757847893	21.78779881390116	24.945425889149032	26.240428642041323	4.69076429554395E-4
120.0	25.402883617479954	24.15525096306257	25.010915686339658	25.430891099171504	5.8633946318667686E-5
121.0	27.409316419595374	23.115869685204963	25.142637348547986	24.33147293682053	7.036098311492763E-4
122.0	26.918818448957733	23.97291505219882	24.626233388286316	24.4815444948153	4.886157418310778E-4
123.0	24.043708264203243	28.144138220965214	23.56092304968122	24.250585500690796	6.449644595266234E-4
124.0	25.464979650421927	24.996423383799453	22.468654770150618	27.069864018224717	7.817740329064327E-5
125.0	26.389739867362668	24.261437004107563	24.89366596445063	24.454297227937214	8.59936141923861E-4
126.0	24.307860688738618	24.238595942618144	24.983524215299223	26.469921432201073	9.77211429464879E-5
127.0	25.463075883936696	23.295390583224666	27.683569112326488	23.55704585182197	9.185686901757711E-4
128.0	26.095446381281285	23.24987931415259	24.914992211609686	25.730691730234394	0.0089903627220473
129.0	24.07086920569116	27.333109618681178	22.788835713770588	25.80401931972114	0.003166142135938117
130.0	26.044728382054	24.85325753324902	23.863599718329514	25.238394822203812	1.9544163653445238E-5
131.0	25.411482439083592	24.865197541864546	25.068576334768604	24.654079175446164	6.645088370880363E-4
132.0	26.160651499462727	26.370577453706257	22.391228804631858	25.072069821829718	0.005472420369443099
133.0	26.863548023446892	25.7333994712097	24.423990693791016	22.977107382581817	0.001954428970578808
134.0	26.176486740930667	23.056589605893432	21.69115455523197	29.07574955375736	1.9544186571932086E-5
135.0	25.991401052988927	24.11959880961711	26.186351951746772	23.702198674802943	4.495108442536781E-4
136.0	28.060868307593683	26.6120993937404	24.03741141613018	21.284109431616965	0.0055114509187705945
137.0	28.364202006714585	21.8010437354958	24.65898399373649	25.175574822607572	1.9544144554747253E-4
138.0	24.53334099413343	24.78946968306762	27.781852463543288	22.89416428781235	0.0011725714433123268
139.0	25.660097046338464	23.95958754231291	24.987253116464007	25.391889718399895	0.0011725764847212306
140.0	26.049615616652044	21.768270887610207	25.625784533087142	26.556074902426218	2.5406022438989877E-4
141.0	25.19409675385565	26.096246505124903	25.045155369257767	23.66401278304433	4.885887173529905E-4
142.0	28.095878285929487	22.997553734488044	23.75517879509746	25.15119374903626	1.954354487461741E-4
143.0	25.837658798258516	25.917103121858993	24.433419305185613	23.811642883205508	1.7589149136636615E-4
144.0	27.781748435173366	25.55064288493699	23.22428064489209	23.442858982770343	4.690522272065536E-4
145.0	27.995994318248446	22.650316647422613	22.953322550409126	26.399272035353818	0.0010944485659987666
146.0	26.79600516191774	22.184637255670303	24.840370840363413	26.17482390515924	0.004162836889301568
147.0	26.251840287746443	24.86519214333694	27.10205176082289	21.777437021752384	0.003478786341346724
148.0	24.31062720357732	24.794163402831522	23.765996700985795	27.12858728706896	6.254055364025109E-4
149.0	27.132036413001202	25.411315329570183	24.082336160843244	23.37225996621998	0.002052130365392561
150.0	25.340154036515415	24.518648104524527	24.878165664988266	25.26303219397179	0.0
151.0	25.996780594128143	24.33981853120666	25.62459053816771	24.0382630844066	5.472520908938815E-4
152.0	26.81731971239355	24.60947425121706	23.53489812048856	25.038229736480627	7.817942020578388E-5
153.0	25.05483818070341	23.393617056623807	25.538027881621062	26.01271553901881	8.013420329109218E-4
154.0	22.766380165450787	25.214504551606865	25.146936521819864	26.8699701445862	0.0022086165362833676
155.0	26.967732502224507	24.389667488705438	23.971760857088796	24.67064367668699	1.95475294268508E-4
156.0	25.394629226801946	24.15467870597269	26.245560714414175	24.204838137118603	2.932156925911041E-4
157.0	24.572272482035483	23.320562041113135	26.602634274499376	25.504218436011918	3.127663400864799E-4
158.0	25.44903782565664	21.8378516167082	25.67710718829983	27.03596427284735	3.909648798203282E-5
159.0	25.818084288461424	22.413285851097957	24.87445403216174	26.89368711338987	4.887148890118713E-4
160.0	25.520135277788636	22.039566798295343	26.133948469327912	26.306310356961333	3.909762677405481E-5
161.0	24.51977551337982	21.16209438478483	28.726455999981233	25.588096610258294	0.0035774915958271198
162.0	24.682219025237735	23.458737102503754	25.600436499814183	26.258548724135363	5.864830896398349E-5
163.0	24.70804941781924	24.432589297758508	27.042754773240997	23.81652831100523	7.820017602859623E-5
164.0	25.315280934638416	24.796997514351034	24.431442501430116	25.454597707666256	0.0016813419141725782
165.0	25.84602384580057	22.613098239435175	27.0784915633696	24.461780264601853	6.060867928018004E-4
166.0	24.436424296707145	23.701276673785475	25.9302208043258	25.931921810793728	1.564143878556741E-4
167.0	25.874160056514047	24.25096505393216	26.451677110541617	23.422806732491527	3.9104652065380635E-4
168.0	26.02196581748075	24.820845822799164	23.97447554019995	25.182517289722366	1.9552979776353018E-4
169.0	26.275653413262685	22.25469835553401	25.74153095421106	25.727843528477568	2.737485146698896E-4
170.0	30.895683107882316	23.05859523409604	23.387469083140225	22.65805703778109	1.9553710032949956E-4
171.0	25.12889180714066	24.1684628189152	27.19755471705787	23.504464944772106	6.257121141580467E-4
172.0	27.00643997692454	24.645916607352206	24.132505218076194	24.21496225801703	1.759396300302362E-4
173.0	28.332301540495703	20.21451256536018	23.71871170483127	27.73316449332065	0.00130969599219343
174.0	23.63545733012489	26.501944026882107	24.466042571158813	25.39610647285693	4.495989772600656E-4
175.0	25.693462134238505	24.602677513717154	23.246991687212102	26.45522659404022	0.0016420707920176594
176.0	24.323417652106034	24.64086177144297	28.768378202274736	22.266013010947113	0.0013293632291484002
177.0	21.766563796165865	26.402540057421092	25.132863263696166	26.672421158412423	0.02561172430445106
178.0	24.862013136169587	23.38686250108008	24.472068534225084	27.27872349492957	3.3233359568138354E-4
179.0	27.493111741213795	24.451661755163336	23.517853752876665	24.53619969879936	0.0011730519468458882
180.0	26.67035113261058	22.22460316184425	26.001108868714727	25.10377999542807	1.5684140236603097E-4
181.0	27.422513899710133	22.673218943249147	26.51091271982934	23.39268717262331	6.672645880720567E-4
182.0	25.457420738395008	23.45794264165455	25.503450251435723	25.581127507244837	5.8861269873036236E-5
183.0	23.320350430464558	25.023529917281817	26.77421070052542	24.881477300129124	4.316515990827796E-4
184.0	25.889661700163874	22.588032203783584	26.353897857057646	25.16473908593745	0.0036691530574444174
185.0	24.4344979729405	25.39691227781064	24.623225893784635	25.544912634863458	4.5122060077080247E-4
186.0	26.538354762794647	23.171540655155873	25.51535181299423	24.77475276905525	0.0
187.0	24.19922767293026	23.005804641039333	27.915629047109437	24.878748896198204	5.897427227713819E-4
188.0	27.386446250576512	28.363381434673148	22.24985461864475	21.999786891968775	5.308041368122106E-4
189.0	24.753867321735925	24.110247621054967	25.117801968432257	26.017217982107233	8.651066696185154E-4
190.0	28.667560542594096	22.09428876990206	24.831247983322704	24.40674540089431	1.5730328683251547E-4
191.0	26.36439660555118	24.11472854235096	24.90759623804304	24.613022634318966	2.5597973585647963E-4
192.0	26.55258802910864	23.640896498332797	24.58122992311233	25.225206773110564	7.877633566754181E-5
193.0	27.747034296331446	24.87003533809721	21.73888807803572	25.643845319154764	1.969683808627885E-4
194.0	27.429476408748254	23.85189504143464	24.196471308948585	24.522157240868523	0.0
195.0	26.295618083225392	21.85002881219864	25.29628298011712	26.557479104999533	5.91019459315698E-4
196.0	27.707387203264027	22.497828791283816	26.635908781396644	23.158776510315292	9.871374022215724E-5
197.0	25.1388808260936	24.634538171642365	23.975745268850453	26.250144636674648	6.910967389316908E-4
198.0	27.072105774359663	23.518921434429867	24.482471707490827	24.926402195167633	9.888855200855506E-5
199.0	25.040707470774542	23.45239777257756	25.176389131912813	26.3300894841065	4.161406285824011E-4
200.0	26.924830060048755	23.906300164489984	24.13589250678769	25.032878178322992	9.909035058166036E-5
201.0	24.41471545392205	21.500263597049297	29.548277898675675	24.536425941120743	3.171092322389101E-4
202.0	24.86112000298106	25.273097130470788	28.577318206296976	21.288464660251176	0.0
203.0	25.02144742510948	25.1140574761253	23.354644946229268	26.509176048118366	6.741044175846878E-4
204.0	25.626306705879742	23.727121741365035	23.869253270135566	26.777219139533187	9.914308647497945E-5
205.0	27.269482394299168	24.804973792919647	25.3161268727275	22.608584087923802	8.328521298805135E-4
206.0	24.74286096196764	21.750978866634764	25.88912107960021	27.616939930916594	9.916088079454045E-5
207.0	25.232270822055924	23.624390821556066	27.341537237219427	23.80150358400935	2.975351592338747E-4
208.0	28.1342024949146	22.497164418868056	22.225500172307306	27.14311307426594	1.9839644092656693E-5
209.0	26.944998459165504	20.871967468052734	25.32419534804901	26.85822358153435	6.151431983914204E-4
210.0	23.99058314894117	25.365223502354905	25.287265757119947	25.35661004476021	3.175468237676653E-4
211.0	25.095783234896622	26.142033931682434	25.1093417736395	23.652007298980273	8.337608011726648E-4
212.0	28.432285918617705	22.84196747591914	24.797273129710444	23.928274874816864	1.9860093584732992E-4
213.0	29.461041077162754	22.72464073379328	23.237330302355897	24.576650081073346	3.378056147267351E-4
214.0	27.698858777833546	25.53111733501119	24.6862573687857	22.08368697406299	7.954430657648464E-5
215.0	24.90807119922989	24.982829992007925	23.320358666818137	26.788361465041145	3.7867690290126297E-4
216.0	25.66953276360624	24.304456379127487	26.17238247363857	23.853588087954172	4.029567353412399E-5
217.0	28.36440622533125	22.957483313107414	25.9266715230545	22.75078889217072	6.500463361153962E-4
218.0	24.58497699472217	24.660283774485727	26.03922638280331	24.715184713872176	3.2813411661681424E-4
219.0	26.10034392312448	23.670901769040213	24.683360781090666	25.544772614802998	6.209119416475236E-4
220.0	28.26796889461063	21.88468793740654	24.998013797349095	24.84897580576394	3.5356486979453724E-4
221.0	24.996797134593944	22.643681800196973	25.060812506670455	27.298415006226456	2.9355231217527086E-4
222.0	25.08423025412343	25.319378795243118	24.06996512780458	25.526213575747796	2.1224708107201755E-4
223.0	30.020318861371752	22.84095210217117	24.542096499044103	22.595924862030106	7.076753828684656E-4
224.0	29.583088975183962	23.451070412351825	24.851282931360146	22.114407141430085	1.5053967397837863E-4
225.0	30.37947161621367	20.342265207832774	24.27515867566128	25.002109329466876	9.951708253990094E-4
226.0	25.190066222410707	22.53000391681465	26.203008350105865	26.076768253527593	1.5325714118069738E-4
227.0	26.94836968847459	23.795965735413045	26.024380826788594	23.22982342209984	0.0014603272239290103
228.0	26.794161343072737	27.924570806804404	23.770453486058038	21.510680801181408	1.3356288340895218E-4
229.0	28.248129188609944	25.117287815271354	21.967291453147304	24.667246630922666	4.491204873496232E-5
230.0	25.710964261863772	23.25711439494009	27.714045123971093	23.317808328918577	6.78903064636324E-5
231.0	25.073534105359162	25.279337754487702	24.308366103176905	25.33703992678047	0.0017221101957648947
232.0	25.43428815535774	24.74967960929653	24.782630782907876	25.03310126655352	3.0018588433606966E-4
233.0	23.346297223470074	25.068980040161478	22.65842608817051	28.925805562226792	4.910859711470622E-4
234.0	26.84903561226894	21.418682436448357	27.01132693801112	24.71957885875506	0.0013761545165272599
235.0	25.374298624988246	21.906679451223845	27.580810494854504	25.137851503337227	3.599255961807575E-4
236.0	27.73672641828437	23.87936199265433	24.291633791632208	24.09201000942857	2.6778800051707426E-4
237.0	27.883709564492275	25.07748827842286	22.21415872116807	24.824446765159383	1.9667075741842098E-4
238.0	26.737041035233883	22.660511718698302	24.77903442131178	25.823337910588943	7.491416709305313E-5
239.0	27.59445106867377	23.593661741233	24.748560403206312	24.06190640331741	0.0014203835695101477
240.0	25.319085112195815	22.13171136382067	27.226759137684837	25.32218194300939	2.6244328928572646E-4
241.0	29.37935485193274	21.285298327311178	23.35179438884464	25.981318921850534	0.0022335100609117606
242.0	26.060034253841714	24.29479784915779	21.95823411074005	27.685828144274698	0.0011056419857540661
243.0	27.642730717139713	23.2457828961525	25.39781908856551	23.711003919649297	0.0026633784929813386
244.0	26.47949354606273	22.40354236615918	26.29635609044998	24.819366118751603	0.0012418785765112143
245.0	28.69617861659128	21.207927444090988	23.872706850970097	26.221122291310568	0.002064797037069195
246.0	24.76853122359278	26.58554686661051	23.575703726329785	25.067619719583323	0.0025984638836057876
247.0	25.527561656876152	23.34910546664584	24.93266696202895	26.049757919799575	0.14090799464948042
248.0	26.2842624881842	22.899606605412863	24.000420117233983	26.80544716560463	0.010263623564322474
249.0	25.936449943997015	21.513067363592725	28.52370793108966	24.010107205717638	0.01666755560296549
250.0	26.403725797105633	22.470085079633755	24.663529777604666	26.461537310733412	0.0011220349225355103
