# Position (bp)	A	C	G	T	N
0.0	24.432646056885055	23.451660029033686	24.83380318034234	27.281833134841133	5.759889778749194E-5
1.0	23.512066572183148	30.72373379249412	23.69591862616519	21.995770847198386	0.07251016195915752
2.0	25.10575548880437	25.82721047967307	22.37398210699985	26.692307369226498	7.445552962127336E-4
3.0	25.716419695326252	22.254771124675308	24.472716363048917	27.549932281795463	0.0061605351540543855
4.0	26.122617679251437	23.553724362707285	24.058524066355886	26.265076725134072	5.7166551317269785E-5
5.0	29.016900837572894	23.531659456162767	22.403547815298193	25.047282954635197	6.089363309492842E-4
6.0	26.653518219213872	23.550392212858263	24.232112693600033	25.558071655557512	0.00590521877031699
7.0	25.64956980783203	25.297781263646275	23.57797878356451	25.473912347457734	7.577974994577012E-4
8.0	27.839132419961825	24.30180774200989	23.74671381939974	24.112308205691036	3.781293750750351E-5
9.0	26.582145702540817	25.96762329265005	22.01242175559882	25.437658321163187	1.50928047128792E-4
10.0	24.995877404274268	23.793191375322433	23.87415444383781	27.3367579304136	1.8846151889053457E-5
11.0	27.436305142030985	22.12161140638819	23.255832737047815	27.18614057457081	1.101399621926223E-4
12.0	28.78879277326054	24.40371920215678	20.071036667024632	26.736451357558046	0.0
13.0	25.801454765461802	23.440786354297106	24.833190421804748	25.924461185395703	1.0727304064003387E-4
14.0	27.25326590366534	21.719067788374037	23.21314030353953	27.81450833417267	1.767024842602262E-5
15.0	25.319447025042273	23.300242031995076	24.459959792639623	26.92033372039396	1.742992907064664E-5
16.0	26.074748355313176	24.42233870506351	22.065751736690668	27.437023755547074	1.3744738557032677E-4
17.0	28.784803958621286	27.10645948514167	19.158239568935727	24.949552144523153	9.44842778161714E-4
18.0	26.577184159122382	25.437598798217596	19.550211018475675	28.43483819623216	1.6782795218178855E-4
19.0	24.86535742372426	24.533995088960587	23.336659821552537	27.26353655987654	4.5110588607972444E-4
20.0	22.655862603091627	26.01438183166026	24.333720851168277	26.996018129864357	1.6584215475394827E-5
21.0	24.39094210392305	24.431170487758855	23.369823438430878	27.807899167003825	1.6480288339124782E-4
22.0	23.579426763056553	26.634419107854562	25.691475270284	24.094678858804887	0.0
23.0	26.151896588274013	23.62413176720485	22.992768122928407	27.230910673766385	2.928478263451436E-4
24.0	28.122585903733643	21.2242949891605	25.029946685306253	25.623140173383607	3.224841599811669E-5
25.0	25.563871829126793	24.905146303153323	20.1033620618751	29.427444128669155	1.7567717562207686E-4
26.0	27.02287604258556	24.849380007742944	19.929285985366025	28.198378435295357	7.952901011513574E-5
27.0	25.521646699736316	24.898060281289837	20.453571055688965	29.1266902286071	3.173467778353586E-5
28.0	27.606527701823996	24.038160088645082	22.68360480128313	25.669062038487294	0.0026453697604948354
29.0	27.78147796344279	23.27944489096474	22.38225134908457	26.556513544553045	3.1225195485336336E-4
30.0	23.774583542345066	24.247600431527445	24.781361961566255	27.196329937581197	1.2412698003867487E-4
31.0	26.603537344531315	24.654521327652485	22.88398029485439	25.857559479691982	4.0155326982510965E-4
32.0	24.64342372086393	22.651709883156833	23.98975802137603	28.714878458890304	2.29915712899651E-4
33.0	23.931372179101277	26.039035846303086	24.18604573321762	25.843454955081057	9.128629695310683E-5
34.0	27.06349951094012	26.58078614959445	22.009507995029768	24.346130790614826	7.555382083982906E-5
35.0	25.043214868849272	22.582235507486136	26.04559322120174	26.32874680323753	2.095992253212632E-4
36.0	24.30492363924557	23.690405544544856	25.700229756168852	26.304351305693878	8.975434684041513E-5
37.0	25.14576358073625	26.110915957121154	21.051462780096447	27.691842727717415	1.4954328732335013E-5
38.0	27.36981950874767	25.253360990428607	20.595002316635565	26.7817424298943	7.475429384926156E-5
39.0	23.641220023043445	27.093297251468318	22.092588728323527	27.172744519708004	1.494774567068442E-4
40.0	26.591399477411098	25.570343924354788	23.117870654240473	24.720296270213403	8.967378023855915E-5
41.0	24.757287647052316	24.48275212779598	21.878438045174402	28.876829776022895	0.004692403954411352
42.0	24.68917882843299	25.63319657525537	20.62101326693317	29.05658144452332	2.9884855147359978E-5
43.0	26.39452326595986	26.173771559709785	22.68486367928475	24.743195916952534	0.0036455780930638396
44.0	28.686525811854267	24.831445852554353	22.87006133845685	23.611698093307538	2.689038269944485E-4
45.0	26.100384497155925	24.317734875305042	22.000102166131093	27.578104065465187	0.0036743959427499237
46.0	26.198968859226028	24.429263536803	22.179279181192797	27.19247348779984	1.4934978331586687E-5
47.0	26.00729504616338	23.90838258298395	22.529357520729654	27.553217623099236	0.001747227023777968
48.0	22.269755331799104	24.249479901855036	22.012240501444033	31.46852426490183	0.0
49.0	22.053164053566512	26.374154103742576	23.733670985243354	27.83720456701875	0.0018062904288103621
50.0	27.777037244795377	24.559559923389916	20.252623414797103	27.410734636747673	4.47802699324818E-5
51.0	25.36551002605109	26.471580728908208	20.810770272055183	27.349765943141307	0.002373029844208352
52.0	22.945338772415653	26.211425649119587	21.486972905120837	29.356247772292864	1.4901051060537607E-5
53.0	23.02164258379942	24.704580948585285	24.128104165854346	28.144005495697705	0.0016668060632451702
54.0	23.097154968770273	28.103763446701112	22.969703093982066	25.829348725979806	2.9764566741757706E-5
55.0	24.059783445701548	27.390820256546167	23.322752696309976	25.22517331220077	0.001470289241537186
56.0	27.343443727176176	24.848697512634033	24.27933447694987	23.528524283239918	0.0
57.0	23.092882728620953	27.542625051003956	22.75967174538351	26.59977204870484	0.005048426286739922
58.0	25.147097883580994	25.104606486158893	22.608526399228207	27.139635610285296	1.3362074661037572E-4
59.0	27.825449382523974	21.76226653515697	24.525142915845475	25.884498700441146	0.002642466032435231
60.0	23.662627332999087	23.205211413472266	23.75236120306539	29.379785225769705	1.4824693551347254E-5
61.0	25.716203457948485	23.98731815767601	22.875255539448947	27.415352719669055	0.005870125257503569
62.0	25.63637783900785	21.144836072851373	24.87774777540305	28.340741862858433	2.964498792930204E-4
63.0	26.822340394311656	24.351511802700106	21.936902072464676	26.886829786836692	0.002415943686872355
64.0	25.476457789008535	21.398369238173693	24.002189188381198	29.122909785370148	7.399906642777795E-5
65.0	24.296793353421922	26.466280976031914	22.507762598702875	26.724294336788013	0.004868735055277161
66.0	24.1598535351211	24.206644873129918	23.51100476925374	28.12206767992653	4.291425687083149E-4
67.0	26.808867220458556	25.350805724877162	21.55241169965022	26.287190289928375	7.250650856893756E-4
68.0	23.710419183862015	21.737130381027544	26.72828672101589	27.824000956423262	1.6275767128691307E-4
69.0	22.855727991354733	24.87417966741058	25.331846688575737	26.935390134762688	0.002855517896255632
70.0	26.712849262407566	22.760037206970722	24.565054118289673	25.961778616159613	2.807961724230374E-4
71.0	24.100377328551605	22.832277923337728	25.440677483703585	27.625767704409892	8.995599971862943E-4
72.0	27.654355539211107	26.30668535596417	22.04252336186764	23.99494645799376	0.0014892849633237773
73.0	25.2828358838297	22.519568810915718	22.909323263841177	29.284335574514813	0.003936466898588946
74.0	24.676039894691222	25.351333901348198	23.714330779231883	26.257617344697557	6.78080031132718E-4
75.0	25.929474414377392	25.27278349865086	21.859455880458434	26.936016265746975	0.0022699407663378988
76.0	26.78411795753966	24.66913394166711	24.563614675299426	23.982145886613143	9.875388806585793E-4
77.0	23.90342974588443	24.92910364994057	23.423364070683377	27.743468773696904	6.337597947207808E-4
78.0	27.387270093716342	26.389282722460617	19.874856230276798	26.34816354996112	4.274035851202242E-4
79.0	26.947421444747853	20.984748683469196	23.218971425169187	28.846190973122333	0.0026674734914295256
80.0	24.18210171733513	23.576376127252626	28.22040494884424	24.018685638985012	0.0024315675829894015
81.0	25.11563197533027	24.69443936451817	22.32590511391962	27.86355198498549	4.7156124644837013E-4
82.0	23.11563727671664	22.382062473659857	23.78987123906976	30.71129435827309	0.001134652280651084
83.0	25.237202359682932	22.393249544500446	23.60497781995298	28.763745108859418	8.251670042238236E-4
84.0	23.843127085360834	25.49674040927405	25.240526043205325	25.41832457994414	0.0012818822156523712
85.0	24.871516673439157	27.252815642007043	21.668560901288323	26.2065911114084	5.156718570757988E-4
86.0	25.87452788547499	25.018548671773665	22.477321707338202	26.6278190592538	0.001782676159343551
87.0	22.139241806101314	22.680495295558437	25.798168430012787	29.381475724545286	6.187437821774389E-4
88.0	25.606833910162035	26.426513044715687	24.83335214029621	23.13250541449024	7.954903358236109E-4
89.0	26.64421026953716	25.910903382645195	22.860935370269083	24.583067138067364	8.838394811980089E-4
90.0	23.9351174813193	25.460536316746463	25.5148608949061	25.089382196386296	1.0311064184312335E-4
91.0	26.756340787977674	25.50149128728531	23.451588067403918	24.28991703025187	6.628270812291642E-4
92.0	26.1535567902842	24.120530777519665	21.992062374547753	27.73383532888446	1.4728763920891221E-5
93.0	26.167540195431254	26.775961595958115	21.466332395736956	25.590003802817858	1.620100558168827E-4
94.0	28.267082420276296	23.686895233949034	22.432491462711116	25.608906380179203	0.004624502884349578
95.0	23.750137698691113	26.67881949660304	23.388218411625715	26.180232417718035	0.0025919753620960127
96.0	26.46755205898924	24.17119273496457	23.569631355529108	25.790489940450577	0.0011339100665001438
97.0	25.3559976533841	26.216762164823848	23.032794899644475	25.394327480144476	1.1780200310526081E-4
98.0	27.988528536054318	23.233321961209818	24.04950864033527	24.72862613802833	1.4724372266880426E-5
99.0	22.418435592897687	22.48950231066211	26.166700700758767	28.925302504678523	5.889100291230732E-5
100.0	22.481849850408672	25.142473190307086	24.4784914433642	27.897185515920043	0.0
101.0	24.02964141967078	21.760295672248503	27.752219330488902	26.457740529229888	1.0304836192115711E-4
102.0	25.037766390893374	23.5842774624342	25.127116055188033	26.250810646875966	2.944460843455531E-5
103.0	26.288896154203407	25.440782722656824	24.806762179219476	23.46341174033936	1.4720358093319122E-4
104.0	26.361436255909904	27.23639424865264	22.609568101363237	23.79218923351236	4.1216056185727795E-4
105.0	26.906360144954313	23.169990094268584	20.688081045340986	29.232124011690207	0.00344470374590923
106.0	25.899559736984507	23.580568367364364	25.216834098508922	25.302978914834394	5.888230780961937E-5
107.0	26.39663655204484	23.806483684507025	22.68415182267972	27.11221272474643	5.152160219817652E-4
108.0	24.23081123711076	25.204692599743943	24.957086162977497	25.60733640415164	7.359601615933008E-5
109.0	26.30869537637056	24.64564468786781	25.39934101428813	23.645744917748946	5.7400372454827E-4
110.0	25.17457138084575	24.293498616954032	22.349198686934173	28.182672446589553	5.886867649233934E-5
111.0	25.081839172688124	23.324874325377802	25.0513155123626	26.541426449826034	5.445397454409145E-4
112.0	26.389451795340456	23.38307513219104	23.289640019484658	26.937759470441158	7.358254268891213E-5
113.0	28.132821080102428	21.99091818404297	22.845371760076063	27.030329768781154	5.592069973865902E-4
114.0	26.27752200251794	22.846269707714733	26.598540597138147	24.27719677509788	4.7091753130313924E-4
115.0	27.48417518922809	23.47552728519687	25.933439396236192	23.106387174728578	4.709546102777013E-4
116.0	26.366630658421077	25.108024736781687	24.7054633437041	23.819822392026772	5.886906636604197E-5
117.0	25.94671752541331	26.487471903010068	23.73560417892181	23.829661855954736	5.445367000811066E-4
118.0	26.9368837435602	24.299050841091898	25.00049301986885	23.76313088514874	4.4151033031153853E-4
119.0	27.507692769591323	21.17439613156858	24.72825846999393	26.589225825099945	4.2680374621837167E-4
120.0	25.07571273283744	24.05891479348357	25.282224749005188	25.583118290235916	2.943443788023775E-5
121.0	27.917062995582846	23.669427612985565	23.536793869177387	24.876170976257647	5.445459965493445E-4
122.0	27.411069869574046	22.922442035363062	24.65699534634551	25.008992355761734	5.003929556445797E-4
123.0	24.720868026299815	27.678824382149386	22.680079031896067	24.919698736887806	5.298227669258138E-4
124.0	24.60687222480835	25.38718941143383	22.769644026366628	27.236250185987785	4.415140340386716E-5
125.0	27.109857894674878	23.611809341041006	24.01109057301294	25.26649163497651	7.505562946654579E-4
126.0	24.351317291941104	23.551886890333325	25.6991539173944	26.397597749980388	4.4150350781895355E-5
127.0	26.031626150300376	23.047846579426004	27.484943870360183	23.434773989918874	8.094099945651798E-4
128.0	26.954483022101165	23.677431916292335	24.054239445261143	25.30445633328482	0.009389283060541303
129.0	24.25318205291106	26.192487104240243	22.70758931889226	26.84366576145063	0.0030757625058075258
130.0	26.591964957433007	24.454917603344608	23.589552572680596	25.363550149699716	1.4716842071801707E-5
131.0	26.801757021322874	24.299516005291608	23.81980391496045	25.078407966905814	5.150915192536059E-4
132.0	26.27853263708955	26.09741251502221	22.26825322026485	25.349738290474466	0.0060633371489187985
133.0	27.202824084007876	25.206144769772752	23.494867241738092	24.094486195842755	0.00167770863852178
134.0	26.923288051448484	22.346401930480848	21.2725520902088	29.457713777693012	4.415016885232078E-5
135.0	25.579386357743022	23.643987653336247	26.295659447767296	24.48051032562898	4.5621552445506525E-4
136.0	27.06853779282091	26.018630515670317	24.74223253898723	22.164109068148978	0.006490084372568518
137.0	28.70410896085536	21.91105340816141	24.050655824895944	25.334019921253333	1.6188483395178244E-4
138.0	25.31960419585359	23.880620077465533	26.767300243698568	24.031180466441413	0.0012950165408930905
139.0	26.66690506873706	24.049868415301702	24.83843476973524	24.44362916822842	0.0011625779975786002
140.0	26.95468872467431	21.989444273244512	25.03294249713105	26.022615462091185	3.0904285894665836E-4
141.0	25.614112181523907	24.88218706025259	24.99983076025144	24.503502085475198	3.6791249686906463E-4
142.0	28.399711791302995	22.693270833173905	23.346243662322543	25.560523532039962	2.501811605933473E-4
143.0	27.29769444327939	25.42225616822698	24.228705811021317	23.051181696235744	1.618812365666167E-4
144.0	28.74773971460691	24.682735915517313	22.893374278831544	23.675458410969515	6.916800747132214E-4
145.0	28.291986073896297	22.213392211842546	22.592552857545883	26.901053405521612	0.0010154511936628782
146.0	28.026057663581522	21.67395396273398	24.417602536008467	25.877617576634343	0.004768261041688435
147.0	26.594526643459492	24.526352069881703	26.029510409526026	22.84594643199305	0.0036644451397242627
148.0	24.97576133257041	24.878836096570854	23.97241000934815	26.17238917027524	6.033912353449514E-4
149.0	27.55363990792372	24.848439269965375	23.912414800668923	23.68329845127179	0.002207570170193358
150.0	25.877661226254677	24.210436772393095	24.49000736750052	25.421879916511475	1.4717340235177209E-5
151.0	26.34171102917336	23.975666519343555	26.036291525506545	23.64590411576035	4.2681021618820505E-4
152.0	27.748599787622496	23.712029058776174	23.57836222064742	24.96093534407584	7.358887807132381E-5
153.0	25.91540647479685	22.912595953060638	24.87402987253748	26.297349549663053	6.181499419822125E-4
154.0	22.931603282406627	24.840497438701405	25.406831061733882	26.81846313253331	0.0026050846247758267
155.0	26.979845896401837	22.933805867853124	24.597037886806316	25.489104284794777	2.060641439411033E-4
156.0	25.969594587632887	23.326128854585022	25.757493241753437	24.946503654295707	2.796617329430629E-4
157.0	25.23169133237511	22.56657312611636	26.36867635337574	25.832794242435615	2.649456971714839E-4
158.0	25.286460798090932	20.832090144865372	26.412623955151304	27.468751504153783	7.359773860644449E-5
159.0	26.973455084255015	21.7620940593287	24.385673923852977	26.878394216154106	3.827164092015623E-4
160.0	27.289059837740886	20.990703552168963	25.99332740115302	25.72686504878593	4.416015120435772E-5
161.0	25.163217912989307	20.494608568469385	28.682427519058283	25.655212168566656	0.0045338309163696616
162.0	26.079056733980565	23.308231938536615	24.24782666553613	26.3648552209488	2.944099788495871E-5
163.0	25.105324016996693	23.845910952093195	27.52844988690705	23.520241539742255	7.360426080344939E-5
164.0	26.394171785011554	23.933582868901375	24.689064412386724	24.981075790172248	0.002105143528096894
165.0	26.392268141785085	21.572326071834734	26.73766962205611	25.297279790362413	4.563739616572264E-4
166.0	24.620355549902186	23.491241986641555	25.74739326612889	26.140935585730425	7.361159694765096E-5
167.0	26.93581035868469	22.789662839893744	26.084264188227934	24.189953436520803	3.0917667282615306E-4
168.0	25.671021178332975	23.77086929456793	24.936042741822924	25.62199316964751	7.361562865685635E-5
169.0	26.852476921199102	22.22321524405982	25.45806813147367	25.466077744186812	1.619590805965807E-4
170.0	30.828243035079105	22.66221985200123	22.93783656999051	23.57152385610743	1.7668682172505823E-4
171.0	24.91413526366478	23.614241730490075	26.637201667248988	24.83380294464476	6.183939514004193E-4
172.0	28.27932219714709	24.034628119937356	23.693251069618164	23.992666148286926	1.324650104713591E-4
173.0	28.570150231252367	20.23666113525228	23.77556930028221	27.416280019574586	0.0013393136385545716
174.0	25.116160232093808	25.5848044019172	23.231737344973737	26.066856487032	4.4153398325173294E-4
175.0	25.412080290364734	24.399597968294596	23.492024197846227	26.6946638665542	0.0016336769402378899
176.0	24.17392707111215	24.448608876923505	27.759656510858115	23.616173756922056	0.0016337841841742834
177.0	23.326092419032108	25.911742101566816	23.732519830816678	27.00468002415895	0.02496562442544839
178.0	25.049735001783922	22.952210241730654	24.27481686804019	27.72282576058197	4.1212786325833003E-4
179.0	28.049595304844345	23.704515495588723	23.552603010134124	24.69215273387273	0.0011334555600779287
180.0	26.893451772209463	22.48457891669407	25.562039611499483	25.059634679230996	2.9502036599341543E-4
181.0	27.66257813391787	22.06503760336699	26.034253183058674	24.237496099672367	6.349799841018733E-4
182.0	26.786682897502505	22.92259010705647	25.03673868300147	25.25389970542598	8.860701357001645E-5
183.0	24.2644603541779	23.85328742657969	25.985299028210562	25.89645105822274	5.021328091066806E-4
184.0	26.66501347122893	22.063468526122605	26.029867402698027	25.237293607805128	0.004356992145303177
185.0	25.39866589041019	24.723842623156134	23.728606793898294	26.148441623770225	4.430687651584902E-4
186.0	27.493195726028258	23.42293494143679	25.142026802938744	23.94184252959621	0.0
187.0	25.03486336681528	22.22221400389736	27.253692735801287	25.488667760065482	5.621334205922194E-4
188.0	27.951926546489936	27.204425650320307	22.692805181820724	22.150487556224196	3.5506514483773003E-4
189.0	25.606269719005464	22.76375899062365	25.096527324453135	26.532556222283905	8.877436338424444E-4
190.0	29.10354595614864	20.697975140826284	25.79499209028981	24.403205670665148	2.811420701141688E-4
191.0	26.461886115854945	23.892183847581506	24.926839568646482	24.71857183606788	5.186318491818583E-4
192.0	27.680288548818954	22.83143419154713	23.909313058959228	25.578919741061284	4.445961340587759E-5
193.0	27.538483269261864	24.044638028200534	22.204294628653514	26.21237657096385	2.0750292023306134E-4
194.0	27.96422501616393	22.762759130583525	24.390995511451713	24.882020341800832	0.0
195.0	26.649600125241612	21.449360316021586	24.87129675175328	27.029120156931537	6.226500519912793E-4
196.0	28.722212285098138	22.44052036988287	26.128296063175547	22.70892671334672	4.456849672837521E-5
197.0	25.027948865314702	23.83485474613634	23.887617330257818	27.248940142178153	6.389161129888971E-4
198.0	27.73350911863961	22.824716342380267	23.640743392132745	25.801001393071775	2.975377560535544E-5
199.0	26.325140516196054	23.56164787703652	25.303017615296884	24.809776786286346	4.1720518419161875E-4
200.0	26.99978020258616	23.074004671626387	24.003308137347307	25.922877185400985	2.9803039164918842E-5
201.0	25.971154223017756	20.86228847058606	28.89105109104194	24.27519326068513	3.129546691122832E-4
202.0	25.989019104266642	25.068762870449486	27.83865275894297	21.103565266340897	0.0
203.0	25.74281677181326	23.955578136306837	22.90616952439392	27.394705072231073	7.30495254911537E-4
204.0	24.724858884597136	23.292532699798805	25.545667595358946	26.436866270399445	7.45498456669095E-5
205.0	27.41867977601386	23.28016980123504	25.62361471759809	23.67674544650732	7.902586456905184E-4
206.0	25.524898178790174	21.670231701410348	26.008056819456144	26.796738738824722	7.45615186212919E-5
207.0	26.997357638209422	22.452185124022165	26.476999102706678	24.0731449176447	3.1321741703616376E-4
208.0	28.773067288517286	22.452767477912808	21.7396402320483	27.03449516605822	2.983546338651604E-5
209.0	27.855152704614518	20.6521774809371	24.92853930733484	26.56344417412208	6.863329914599288E-4
210.0	24.47254632320626	24.77675396936136	24.894333171915	25.856097919494285	2.686160230950087E-4
211.0	25.60578079342163	26.170676645040487	24.798665171582414	23.42428031157938	5.970783760901159E-4
212.0	29.19893260700436	21.828186760922186	24.973770623994838	23.99888601682324	2.239912553813899E-4
213.0	30.03072144984088	21.9761677564766	23.301150735899963	24.691706075072208	2.539827103510952E-4
214.0	28.64654618617392	24.3893837273744	24.43740330118125	22.52665183521632	1.4950054111720856E-5
215.0	25.913161290960605	24.613291246498818	22.89829169826401	26.574956085876444	2.9967840012490597E-4
216.0	26.3842271792414	23.88667837351709	26.086499519137917	23.64253443279523	6.049530836197912E-5
217.0	29.773836030894046	23.007626689546633	24.666733853227406	22.551194484693795	6.089416381199901E-4
218.0	24.67581830645855	24.025270019167326	25.47815966085442	25.82053735665713	2.1465686257223014E-4
219.0	26.666163135461012	22.199146282920285	24.83774247498871	26.296422951384834	5.251552451579142E-4
220.0	27.771242908383165	21.014057015762045	25.334756566897664	25.87969541478554	2.480941715856505E-4
221.0	26.234392660238893	22.723781027005955	23.80086343887897	27.240822411329894	1.4046254628631073E-4
222.0	25.247811226468798	24.782035685320356	23.980356450207292	25.98952902328815	2.676147154090664E-4
223.0	30.52797200856175	22.38793234027806	24.347745402896372	22.735699948531156	6.502997326633661E-4
224.0	30.299807551130257	21.552079627349297	25.26054359413605	22.887537433419464	3.1793964933164315E-5
225.0	30.9208040664623	19.72100135596629	24.625608848019244	24.731787632853173	7.980966989922432E-4
226.0	24.872599808774755	22.200073845836336	26.49022671316697	26.43693839677142	1.6123545051603406E-4
227.0	27.583493984723884	23.648600502696503	25.28517858740656	23.48157186201062	0.0011550631624327908
228.0	27.090507964279386	28.06450163729019	22.87158400985396	21.97339005243086	1.633614560079851E-5
229.0	27.35809765252033	25.78987916899878	21.6180983109999	25.23392486748099	0.0
230.0	25.40890394386644	22.625725450682612	27.69731761399229	24.268036419198634	1.6572260025388702E-5
231.0	24.618340678144328	25.699274809973243	24.336757445813674	25.3443524784775	0.0012745875912525053
232.0	25.473475832870086	24.830143520110727	24.021592806486876	25.674669887568918	1.1795296339127576E-4
233.0	23.29084468445219	25.16427457222971	23.18794616354828	28.35654345995809	3.9111981173192787E-4
234.0	28.005642119685998	20.717214277570832	26.86028078479829	24.415517484930977	0.0013453330139029818
235.0	25.93396367520995	21.67652367582358	28.387872583963553	24.001378575047095	2.614899558221436E-4
236.0	28.594028901399955	23.452268211695163	24.40086333311	23.552680449896325	1.591038985581828E-4
237.0	27.456667826831943	23.84591220226143	22.61285284642089	26.08446003230614	1.0709217959358517E-4
238.0	27.09439386350073	22.743063940740612	24.66070187187178	25.501767966334928	7.235755194865219E-5
239.0	27.59605789978027	23.77766152984399	24.237358159395225	24.38776767064313	0.0011547403373894656
240.0	26.20595046575281	21.721127510114737	24.898006388058075	27.174821611080656	9.402499372383166E-5
241.0	28.753906965076308	21.99110014260564	23.59311590681893	25.65961699123951	0.0022599942596145807
242.0	26.624552058778722	24.154081775005377	21.49711994300483	27.723264589391068	9.816338200034696E-4
243.0	27.813602328750353	23.241785347515805	24.40614160029868	24.536162107244305	0.002308616190855193
244.0	26.602974746152253	22.69040785342389	25.80451879424239	24.901131585199572	9.670209818903515E-4
245.0	27.986789078743595	21.965837561569682	23.211425127179837	26.834503169157024	0.001445063349865999
246.0	24.441193907923875	26.44102321030404	23.686047450890143	25.429411199897583	0.0023242309843613546
247.0	25.74425424162564	22.83940506676763	25.246036552910017	26.036614069164493	0.1336900695322147
248.0	26.05946797372014	22.347350124602773	24.44447293333905	27.13856777227389	0.010141196064144405
249.0	25.15572603282853	21.071724739649817	28.789343070208346	24.966686048979817	0.016520108333491813
250.0	27.607871811276645	22.44930513130108	23.920531457901394	26.02131026885574	9.813306651401523E-4
