# Position (bp)	A	C	G	T	N
0.0	23.672253239838188	24.25098411467105	25.498606759005032	26.57807082903793	8.505744780024428E-5
1.0	22.835544495970343	29.95041858191373	23.39297474929218	23.746545765634867	0.07451640718888126
2.0	24.265034425330544	26.406716493693764	23.23075126429311	26.09631307079364	0.0011847458889317653
3.0	25.43876560497059	22.426849850672564	24.801714136894194	27.324975732177947	0.007694675284702985
4.0	25.87295069501475	23.577272865529093	24.265274947362727	26.28424802208907	2.534700043596841E-4
5.0	28.298771857119824	23.816147407530572	22.604378640391563	25.280111276446515	5.908185115256031E-4
6.0	25.98277505188466	23.89154737197782	24.733498656433824	25.385943491856448	0.006235427847252241
7.0	25.7856297528697	26.064798420707767	23.145429296476454	25.003049070264876	0.0010934596811976243
8.0	27.495744971768758	24.18240125356613	23.915817128994675	24.40595276142734	8.388424309989187E-5
9.0	26.398477888195433	25.309042937883376	22.17542120911794	26.116723140385183	3.348244180751614E-4
10.0	24.39475205052912	24.52212865287743	23.78488324926589	27.298236047327556	0.0
11.0	27.17363543342568	22.765767773568086	23.151228447469492	26.909287007559552	8.133797718957768E-5
12.0	27.95534287710058	24.680406908124514	20.41052116034653	26.953729054428376	0.0
13.0	25.11682224454208	22.824646835842728	25.401241766907688	26.657130480728497	1.5867197900452376E-4
14.0	26.42443962967786	21.983052788633664	23.897262433890656	27.69524514779782	0.0
15.0	25.555369864879086	23.720978094689865	24.40973576216738	26.313916278263665	0.0
16.0	25.78950536801927	24.989084125766112	21.67804991050126	27.543284394148028	7.620156533255506E-5
17.0	27.99668472396967	26.716943375234735	19.7358979432595	25.54935393185017	0.0011200256859223972
18.0	25.222549071885204	25.710231480658596	20.376385654953403	28.6908337925028	0.0
19.0	25.00822090720476	25.21046259745277	22.239434106663875	27.541145087583995	7.373010945972051E-4
20.0	22.67913584195108	25.52348654884911	23.92900502977395	27.86837257942586	0.0
21.0	24.06235770429844	23.75932696042561	23.983872305201277	28.19393385695727	5.091731174051374E-4
22.0	22.92866287969566	26.64510496933791	25.73139565930503	24.694836491661395	0.0
23.0	24.633794320887123	24.366318022020643	23.760811215972442	27.238503993182146	5.724479376489706E-4
24.0	27.063131114656198	21.591423248739808	24.66955985450508	26.675885782098913	0.0
25.0	24.92985134096177	25.006102933336326	19.946210008249484	30.11755512281627	2.805946361529353E-4
26.0	26.003423807039034	26.161569091421512	20.11284332246012	27.722024259640094	1.3951943924346978E-4
27.0	25.10536085789317	25.348343354940283	20.454240152457423	29.091986032160555	6.960254856691832E-5
28.0	28.12315733785951	24.05028848856241	22.695604613612694	25.12791863906141	0.0030309209039859363
29.0	27.11904928946689	23.696175320460206	22.863479422364474	26.32061482586949	6.81141838933114E-4
30.0	24.04763708992103	24.3424934100492	25.627466157152057	25.982132708347994	2.706345297183777E-4
31.0	25.908419298924656	24.74018477693822	22.645709573734077	26.704743954361103	9.423960419366238E-4
32.0	24.009508504977628	22.57369758153243	24.952290776216735	28.464503137273205	0.0
33.0	23.835831006394265	24.533086595178695	25.144160071377826	26.48672405531781	1.982717314078945E-4
34.0	26.34211954598013	26.3776472038029	22.831501889127487	24.448534713536954	1.9664755252456128E-4
35.0	25.39986905479603	22.81324750588281	25.99800340976125	25.788491083409504	3.889461504054764E-4
36.0	23.65380243614463	24.76274241465495	26.062939241462256	25.520192072912057	3.238348261039367E-4
37.0	25.119630080677062	25.799049951668863	21.55413249011203	27.527187477542046	0.0
38.0	26.446712697723278	25.283853507575575	21.45700139620778	26.812302940192208	1.294583011575514E-4
39.0	22.821727138473165	27.465542524840835	21.829582239111385	27.88282452282432	3.2357475029736523E-4
40.0	26.496841993559105	26.399393828412286	22.807400107542396	24.29629936386925	6.470661696335729E-5
41.0	23.89549203794149	24.659898825278542	21.51887596294875	29.921204314320963	0.0045288595102491325
42.0	24.196604568687842	26.371036555583803	20.700318220604057	28.731975962990923	6.469213337188985E-5
43.0	25.675966754874445	26.12804509269579	22.46335798019497	25.72939595891514	0.003234213319654767
44.0	28.717513232714687	25.06745709392511	22.772234323825096	23.442665997485395	1.2935204971257973E-4
45.0	26.18517982038654	24.246135620576915	21.817706824483714	27.747485825435586	0.003491909117245375
46.0	25.26027135078584	24.734846843864347	22.543077890982495	27.461803914367316	0.0
47.0	25.487910449594605	24.73245497491836	23.062888678124246	26.715323559284666	0.0014223380781238585
48.0	22.49959443362575	24.343935797065576	22.70661102274468	30.449858746563997	0.0
49.0	22.348037840765294	26.005379603263957	24.267995238236804	27.377230137669763	0.0013571800641881543
50.0	26.64380299502466	24.546846293183613	20.724839136815618	28.084446951822795	6.462315331261515E-5
51.0	24.34435487414353	27.08408178667335	21.875815760295055	26.69393836793665	0.0018092109514123477
52.0	22.24043733481349	26.62320856339774	21.474004201667114	29.662349900121658	0.0
53.0	22.25002061260667	25.045927464237128	24.14528538153935	28.557671496887497	0.0010950447293564744
54.0	22.876919598601713	28.52932063874863	22.8052275305271	25.788532232122556	0.0
55.0	23.841537987939642	28.15443632322991	22.722005749331462	25.281055933553	9.64005945988675E-4
56.0	26.425299647080898	25.338203428430422	24.807218262342527	23.42927866214615	0.0
57.0	22.898173011616826	28.190611311482467	22.37146729020605	26.53518621684957	0.004562169845085418
58.0	25.539269067558408	24.679265405507852	22.314415951121262	27.466921082810526	1.284930019498813E-4
59.0	27.215703808774933	22.828237664266588	24.64975305406086	25.303735796111564	0.0025696767860538504
60.0	24.292905796706204	23.187594849796426	23.405512758400523	29.113986595096847	0.0
61.0	25.12548756160488	24.326909935766025	23.26385079187255	27.27836198549779	0.005389725258754935
62.0	25.55499166894966	22.389449175460197	24.606079581580456	27.44915877884831	3.207951613824218E-4
63.0	26.167355491199686	24.04115240066363	22.686171884924175	27.103459691254344	0.0018605319581649765
64.0	24.765302519268936	22.422589404215422	23.805428434651596	29.006679641864046	0.0
65.0	23.40369494588308	26.449494075654755	23.848421349430634	26.294224324099176	0.004165304932361856
66.0	24.41067084970537	24.466675381330628	22.996332151727426	28.125744911533346	5.767057032349345E-4
67.0	26.654146274574636	25.827313421168306	20.873108325099608	26.644919373544678	5.126056127751571E-4
68.0	23.525085039189467	22.850153547875347	26.210587082756952	27.413982115020268	1.922151579592132E-4
69.0	22.51631487026907	25.33651622261261	25.333056560352528	26.811805905259074	0.0023064415067213548
70.0	26.004130534090343	22.5799971081143	24.8928018917539	26.522814546952834	2.559190886209416E-4
71.0	24.31166719006513	23.059149132818106	26.58379098784439	26.04449908213781	8.936071345593623E-4
72.0	27.461558540855197	25.548755698487994	21.970140337732143	25.01782223461783	0.0017231883068270805
73.0	25.520633247268403	23.060316496004553	23.143531027405913	28.271243636066608	0.00427559325451777
74.0	24.874339156033827	25.975522454339078	23.2183212808665	25.930987664245965	8.29444514628211E-4
75.0	25.536821998457338	25.043207974383364	22.03999058324545	27.377810272811548	0.002169171102302575
76.0	27.096756907106528	24.139785495012493	25.17199186483583	23.590445009811702	0.0010207232334470588
77.0	24.51969847072835	25.075895838822053	23.64945595489692	26.75399286429205	9.568712606268528E-4
78.0	26.767413882627007	26.90513278807108	20.71447981292172	25.61252699839126	4.465179889340085E-4
79.0	26.614796217769136	21.497532773040636	22.965430756905427	28.919752613933834	0.0024876383509636725
80.0	24.000091845872422	23.833940111388632	28.167470743262722	23.995627115963067	0.0028701835131556457
81.0	25.376204319413638	25.44515013093964	22.009339893283876	27.168859198748898	4.4645761395192796E-4
82.0	22.632802116364324	22.514623985632394	24.44877842206366	30.402838826203528	9.566497360922261E-4
83.0	25.13429142658533	22.333606497262515	23.99816331801702	28.53285460557573	0.0010841525593972112
84.0	23.37881804372807	26.39282311723526	24.67289397798419	25.554317008747912	0.0011478523045685798
85.0	24.829667586371365	27.388941991012956	21.152272873642524	26.628607428501834	5.101204713258095E-4
86.0	25.160914344154893	24.923854599105702	22.8286366641779	27.084490311984144	0.0021040805773597107
87.0	21.92803498795058	22.22455276881686	25.98607622374947	29.8605072232777	8.287962053884504E-4
88.0	24.74962164340002	27.201002660927458	25.869837679599854	22.1786455152471	8.925008255632636E-4
89.0	26.74513113783258	26.112311331790224	23.214038693358102	23.927116395623617	0.0014024413954801863
90.0	23.639910120954248	26.139312520916004	25.098372934295867	25.122213191821647	1.9123201223884877E-4
91.0	27.10436980767441	25.06090246554597	23.98365226126297	23.8507567712961	3.186942205440493E-4
92.0	25.460153002984725	24.275950946756158	23.120238574011672	27.143657476247444	0.0
93.0	25.855531967371405	26.195928372081763	21.49850897324692	26.449584558329132	4.4612897078683764E-4
94.0	27.704767482692404	23.765780452473344	22.62659891696498	25.89813709563835	0.004716052230915761
95.0	23.598526609608903	27.098402340090622	23.769508721171064	25.531013210805714	0.00254911832369979
96.0	26.20927015248462	24.575838620813588	23.9396204484497	25.274442369173496	8.284090785988163E-4
97.0	25.201160191564142	25.38205781077561	23.754234112996336	25.662356728320958	1.9115634294977177E-4
98.0	27.75806493747288	23.16877129289401	24.300420712860767	24.77274305677234	0.0
99.0	22.48327748544345	22.36230203728006	26.36952616356849	28.784894313708005	0.0
100.0	22.37942871848642	25.3768698573548	24.38256407185705	27.861137352301736	0.0
101.0	23.59334354163535	22.45363587954883	28.232494503058668	25.720334988572986	1.9108718416473242E-4
102.0	24.98187895780759	24.4483113991228	24.89831197237194	25.67143397634901	6.369434865522122E-5
103.0	25.777285375000798	25.205694892806886	25.37474610481812	23.642082609055542	1.9101831865675918E-4
104.0	25.839437435735817	27.106671378046876	23.358832087045933	23.694422426169805	6.366730015630322E-4
105.0	27.62408286027897	23.274720433147166	20.94860452145744	28.14902676863758	0.00356541647884562
106.0	26.25481298129813	23.351744896711892	25.046092572220186	25.34728588599601	6.366377378478588E-5
107.0	25.693965220889876	24.25516988492693	22.907791304967827	27.14224600019862	8.275890167478554E-4
108.0	24.010446296642755	24.77788256316077	24.492671174559298	26.718872695941243	1.2726969593996942E-4
109.0	25.93884862563059	24.382928717808745	25.779280147658103	23.89817902336202	7.634855405382192E-4
110.0	24.648625196180156	24.85061044076043	23.316158755949022	27.18460560711039	0.0
111.0	24.070524666521205	24.060410091928127	25.30666563188419	26.561572631869563	8.269777969184263E-4
112.0	25.437859953513758	23.868599395195403	24.28454567775899	26.408867753381195	1.272201506541024E-4
113.0	28.37102414612086	21.83843050850476	23.18636948233597	26.60309456053958	0.0010813024988264688
114.0	26.63091665638393	22.25536727188538	27.113420946512374	23.999849893207923	4.4523201040061976E-4
115.0	26.899374057444746	23.884787388793587	26.22858956524947	22.986740143837668	5.088446745270447E-4
116.0	26.694046611207117	24.104867265361783	24.823670316124506	24.377352202045927	6.360526066389899E-5
117.0	25.422033047727055	26.529454379851053	24.460584488977624	23.58722843180718	6.996516370894238E-4
118.0	26.270757922976966	24.62316288128144	25.43831027374476	23.667323694800572	4.4522719625805627E-4
119.0	26.796000040706875	21.713237875711737	24.609722837065647	26.88040320159571	6.360449200364327E-4
120.0	25.03660405920253	23.646158640911317	25.02063947386833	26.29659782601782	0.0
121.0	27.07266376123565	23.53271917304615	24.99592934358121	24.39792447405847	7.632480785229622E-4
122.0	26.718522014458774	23.834590387700246	24.579154989778615	24.867096554242032	6.360538203300611E-4
123.0	24.47481904568063	27.916576560532242	23.270216636348604	24.337751714136697	6.360433018279885E-4
124.0	24.638477586119166	24.696356790311913	22.889762377245205	27.775339642802628	6.360352109092759E-5
125.0	26.111994138310678	24.17972285454602	24.38878722945499	25.318287313093457	0.0012084645948495238
126.0	24.18222084839141	23.92074777102311	25.261950101956053	26.635017675351058	6.360327836738018E-5
127.0	26.070934291267665	23.03539082296193	27.650177577416628	23.242861286087905	6.360222658674835E-4
128.0	26.057356127885754	22.931256984430565	25.178486586395138	25.8238686415048	0.00903165978373627
129.0	24.19308162139918	26.84272890964333	22.668130389181854	26.292815314642038	0.0032437651335954208
130.0	25.952688976322865	24.6673205133587	24.01035723689985	25.36963327341859	0.0
131.0	26.02532096437192	24.23866964759909	24.799979646549613	24.93526648708987	7.632543895077963E-4
132.0	25.900646915116166	25.647503452100867	22.731837751577217	25.71416032376922	0.005851557436534454
133.0	27.194894998416295	25.420826808763426	24.84306050772708	22.539182400897563	0.002035284195636605
134.0	26.486369250769915	23.216668553554324	21.542193564144217	28.754768631531547	0.0
135.0	26.204434019206836	24.203801805434622	25.714182132264973	23.87713682212723	4.452209663457472E-4
136.0	27.61272300203722	26.29975468106312	24.486226330729615	21.595062837138627	0.006233149031413163
137.0	27.783703539747023	21.87661991145067	24.970249282707186	25.36930005832476	1.2720777035944464E-4
138.0	25.122670843994488	24.279318729222275	27.177053699142085	23.419748304550602	0.0012084230905484142
139.0	25.765726344497036	23.966894316471816	25.332029933256926	24.934140983452245	0.0012084223219771316
140.0	26.830388319504	21.261659952348907	25.55979855774674	26.347962362507012	1.9080789334093172E-4
141.0	25.176421052095964	25.041962609867625	25.95079736909224	23.830310138510004	5.088304341659283E-4
142.0	28.122702305263616	22.985724716771358	24.064575875763566	24.82680629018183	1.9081201963074056E-4
143.0	26.596421999734133	25.50541623018167	24.079279031737947	23.81881913397561	6.360437063793276E-5
144.0	27.686731017778822	25.727702695826505	22.792785687389962	23.79201734121694	7.63257787773628E-4
145.0	28.29444495328815	22.389059351529582	23.184763692984063	26.130905131179905	8.268710182980196E-4
146.0	27.38767412823776	21.64447149801964	25.2470281880868	25.71624658358505	0.004579602070743403
147.0	26.179558954573125	24.371286697336693	26.739722646781395	22.705615439070513	0.0038162622382759653
148.0	24.500751488506964	24.431549669160603	24.132798800162572	26.93420039142279	6.996507470679864E-4
149.0	27.40068362890679	24.885224380135327	24.23721439665996	23.474396990709824	0.002480603588097682
150.0	25.493713140071545	24.355094366505362	25.11251978160095	25.038672711822148	0.0
151.0	26.33963896345109	24.538209065350415	25.550905135674938	23.570737974989505	5.088605340491305E-4
152.0	27.472847606295858	24.00153929821995	23.013907750239323	25.511641737880414	6.360736446065725E-5
153.0	25.410396020710625	23.3371073822942	24.863561769308077	26.38817153688603	7.632908010736957E-4
154.0	23.178628494661957	24.940016996244545	25.130652269049534	26.748603152956026	0.002099087087942844
155.0	26.649664332185495	23.677097295636415	24.970402833185215	24.702644692135394	1.908468574838369E-4
156.0	25.91394483950221	23.7369284226571	26.041622930399853	24.30705849272419	4.4531471663352253E-4
157.0	25.231183425026337	22.974377700532855	26.24523510221946	25.548949305050154	2.5446717119024473E-4
158.0	25.037200274572697	21.57558669556593	26.140325988280406	27.246759806781235	1.272347997356061E-4
159.0	26.55007443410991	21.672986143804156	24.74024404209026	27.036059191022098	6.361889735727101E-4
160.0	26.315822957953465	21.353327013735584	26.328038019378685	26.002812008932263	0.0
161.0	24.663940741343957	20.684034632442245	29.151347386248176	25.497305354744594	0.0033718852210270762
162.0	25.14437315298751	23.47583495303141	25.028581971567537	26.351146300885294	6.362152825273017E-5
163.0	25.03324294645118	23.97207719743829	27.360121952305754	23.634557903804772	0.0
164.0	25.82410625723326	24.065156104758252	24.526875747980096	25.58214404100442	0.0017178490239754462
165.0	26.307133090666625	22.231808426910174	26.753909612694	24.706576242458024	5.726272711829143E-4
166.0	24.78449811666497	23.35437239132648	25.855326784078187	26.005611829380026	1.9087855034103637E-4
167.0	26.00171034581054	23.273365181736967	26.776074501849056	23.948404568048602	4.454025548290545E-4
168.0	26.05130939624476	24.19067883967818	24.355419187510023	25.402528945687227	6.363087981144897E-5
169.0	27.089292247975692	22.419815147706846	25.537169310065067	24.953532396875648	1.9089737675188112E-4
170.0	31.129172968979574	22.494691421579077	23.547498493490032	22.828509850061693	1.272658896235666E-4
171.0	25.62461261990488	23.487356295507215	26.659259513800592	24.2280715821144	6.999886729105656E-4
172.0	26.88007593464633	24.6960005801977	24.175603959085883	24.24825590790125	6.361816884007537E-5
173.0	28.701662062902138	20.236821379449864	23.60312538567926	27.45711882801854	0.0012723439501953683
174.0	24.44451795877288	25.549820024200354	24.277329411061164	25.728078133290243	2.544726753603015E-4
175.0	25.281231987601743	23.678772694826552	23.745573642000366	27.293149276577548	0.0012723989937868758
176.0	24.543095890376097	24.12407890701844	28.309795174115365	23.02156671378964	0.0014633147004594808
177.0	22.641555053606083	26.18757356917889	24.38259154391881	26.764355931664173	0.023923901632042756
178.0	24.993367261566572	23.027658996442817	24.1153008527443	27.86322752551457	4.453637317408823E-4
179.0	27.230859778891276	24.412630239401892	23.750322118826055	24.605169808319417	0.001018054561361648
180.0	27.17953983506409	22.360097525323614	25.641405022822024	24.818511189072982	4.464277172939082E-4
181.0	27.719090532898065	22.06927777011459	26.175213675213676	24.035523983222728	8.940385509423166E-4
182.0	25.44910332601485	22.937317756328955	25.679961274616865	25.933553781919382	6.38611199452327E-5
183.0	23.606625636951524	24.5166704239276	26.47636406134149	25.399637387066637	7.024907127534634E-4
184.0	25.678208618561253	22.46111225000048	26.399093656939698	25.457945286051757	0.0036401884468082258
185.0	24.676996479111565	25.0378332679898	24.652221275769723	25.632374294577172	5.746825517437785E-4
186.0	26.877011494252873	23.54016602809706	24.920753512132823	24.662068965517243	0.0
187.0	24.383570576062894	23.507518741717494	27.40871103905859	24.69943252246545	7.671206955739054E-4
188.0	27.640003503403992	27.540846941521924	22.20525216517399	22.613577736251216	3.196536488783673E-4
189.0	25.00970195963601	23.705771371323245	25.068904691912437	26.214535101913732	0.0010868752145779376
190.0	28.262512516032672	21.861528880545578	25.627527982843922	24.24798304852832	4.4757204950914134E-4
191.0	26.04013974787517	24.13339290583661	25.021155493195035	24.804671747398928	6.40105694252235E-4
192.0	26.84399771342683	22.933202233057624	24.829419209135025	25.393380844380513	0.0
193.0	27.603836892995037	24.04524220018912	22.825966569632513	25.52476227486295	1.9206232038171744E-4
194.0	27.372102716050644	23.372133447123666	24.45073008706497	24.805033749760714	0.0
195.0	26.379851523250558	21.886937913564864	24.734492478194	26.997757609209298	9.604757812830164E-4
196.0	28.62151197041825	22.69393130020831	26.20458229638481	22.47991025876331	6.417422532083904E-5
197.0	25.553563738053107	24.041344226499817	23.661315716338656	26.742749388494914	0.0010269306135076033
198.0	27.05184825034102	23.725081243010013	24.385122415996367	24.83788377795914	6.431269346062102E-5
199.0	25.45012040125166	23.772937404226276	24.7116808529817	26.06448871318748	7.726283528851231E-4
200.0	26.989075946799574	23.75783566592294	24.24193252392957	25.011091471640285	6.439170763589065E-5
201.0	25.151458561401252	20.946616008757807	29.445038315409878	24.456565136196794	3.2197823427136327E-4
202.0	24.685438801441013	25.50531363384033	28.497975911870054	21.3112716528486	0.0
203.0	25.60843241167979	24.257226433289038	23.162399163612776	26.97052482267676	0.0014171687416378992
204.0	25.041681591296218	23.108544790638586	24.77935169986162	27.07035749534223	6.442286135427161E-5
205.0	27.173747079132553	24.381890654061706	25.72283214780636	22.720048344503553	0.0014817744958262277
206.0	25.393701928931655	21.520374690963074	25.95678218864832	27.129076758425747	6.443303120685001E-5
207.0	25.63514827590873	23.543581240660057	27.288064271044714	23.53281956537009	3.866470164060773E-4
208.0	28.278833542266206	22.144521393329832	21.962121383017465	27.614394776785574	1.289046009274686E-4
209.0	26.91414640183795	21.0685673619151	25.455491293708725	26.56076354419413	0.0010313983440899586
210.0	24.526257017817585	24.922375265303806	24.65887668498542	25.892233142409154	2.578894840405093E-4
211.0	25.085833311837387	25.54356798307839	25.565300384347513	23.804073051822428	0.0012252689142827663
212.0	28.545217722846814	22.297874866054176	25.173105420604397	23.983672963813824	1.2902668078218556E-4
213.0	29.660002259121203	22.84442723209243	22.903551661260913	24.59143793064498	5.809168804763518E-4
214.0	27.7503487831344	25.117359065777915	24.17848653955459	22.953805611533095	0.0
215.0	26.152196172700947	24.62372314411724	22.983794237692283	26.239898097483117	3.883480064155091E-4
216.0	25.69454034705582	25.133305538847594	25.83538901262598	23.336699651347192	6.545012340620768E-5
217.0	28.627566876157317	23.31006221390739	25.106224095404773	22.955223270151905	9.235443786162535E-4
218.0	24.384986034355887	24.506811162402013	25.54914456271366	25.558991705778013	6.653475043480459E-5
219.0	26.333517553148983	23.32645922575299	24.643373492357785	25.695508147865613	0.0011415808746255448
220.0	28.16833005512251	21.14297585995699	25.234263913509196	25.45429526561602	1.3490579528315378E-4
221.0	25.072398297629523	22.826165964138813	24.76174625441132	27.33955362025454	1.358635658072164E-4
222.0	24.959038101263996	24.874263286940764	24.563674198160097	25.602749616830206	2.74796804937549E-4
223.0	30.356174955392245	23.02363881287507	23.846253677407	22.772752730424813	0.0011798239008725838
224.0	29.77369485216126	22.709944503525996	24.803286248155974	22.713004842987196	6.955316957271401E-5
225.0	30.630005525750697	20.27803619016976	24.07352745738527	25.016892010044277	0.001538816649996153
226.0	25.0536346730743	22.03806806245318	26.31681698993656	26.591268070092543	2.122044434195756E-4
227.0	27.156371611324133	24.219400053183733	25.872456259239247	22.749842021439335	0.0019300548135567051
228.0	27.273923680679108	27.85607748434765	23.14483871570902	21.725016288800067	1.4383046415529087E-4
229.0	28.116253458715235	25.347032288113336	21.82948080458386	24.70723344858757	0.0
230.0	25.9554577346509	22.59477901206079	27.070913015665298	24.37885023762301	0.0
231.0	24.99857458194525	25.428791667561413	24.4406992767762	25.130009233747085	0.0019252399700551137
232.0	25.256587163720102	25.295586924065084	24.056079273711333	25.39159778445636	1.4885404711826008E-4
233.0	23.50799540968003	24.762577446589336	22.678409532443982	29.050339906567107	6.777047195356668E-4
234.0	27.28643856946813	21.273476083090042	26.51108730166609	24.92800527846741	9.927673083252703E-4
235.0	25.557065038998992	21.87952056608976	28.14762696587907	24.415555728901577	2.3170013060164025E-4
236.0	28.475478065506195	23.501450392502925	24.045572797326546	23.97742040858532	7.833607901290274E-5
237.0	27.791865525374554	24.64490175575695	22.998454478295464	24.564620050019855	1.581905531765454E-4
238.0	26.841499177569673	23.041823024525563	24.769887678600313	25.346710038454823	8.00808496257822E-5
239.0	27.705555014763622	23.301048054771407	24.35924267497323	24.632694117265324	0.0014601382264187678
240.0	25.017254256049824	21.981838853583884	26.575388595853646	26.425434940618686	8.335389396051026E-5
241.0	28.90696847653557	21.621204357571923	23.659121976296063	25.810034699678376	0.0026704899180660315
242.0	26.662089359517093	24.103452716863167	21.21657130145498	28.0173012174745	5.854046902623784E-4
243.0	27.556056595100774	23.050810778165857	25.54337067643694	23.846490654158572	0.003271296137857452
244.0	26.5392126545347	22.653828830342917	26.44139950118653	24.364970790505065	5.882234307879505E-4
245.0	28.246775122712098	21.276946970181886	24.108505455929766	26.366256447227904	0.001516003948348061
246.0	24.797906647759913	26.467206594531945	23.694797071533834	25.03772774779897	0.0023619383753406887
247.0	25.46078732223031	22.995280327257696	25.01096861075254	26.39483110030171	0.1381326394577491
248.0	26.93494862226766	22.487374560214906	24.16171057676276	26.405979299949305	0.009986940805370605
249.0	24.927364404354144	21.637551562567676	29.248046418837948	24.170901089045593	0.01613652519463622
250.0	26.372381028547704	21.980132146071945	24.754927401337117	26.891538465465224	0.0010209585780088925
