# Position (bp)	A	C	G	T	N
0.0	24.0866460913725	23.90845989373954	24.849240876995975	27.1555573646065	9.577328547861502E-5
1.0	22.700047109495927	29.980206374912356	23.667390730550387	23.573839958494005	0.07851582654732261
2.0	23.85213633358168	26.7559036663421	22.351615183660094	27.039725534059578	6.192823565503877E-4
3.0	26.139013395285875	22.082778230744662	24.573540800099764	27.199051101804265	0.005616472065429044
4.0	25.916635394356906	23.164862385190197	23.658180099015507	27.260131871644173	1.90249793222256E-4
5.0	28.76694754587847	23.64593064085885	22.128717246465094	25.4575492900728	8.552767247843041E-4
6.0	25.41390159138373	23.937587363414252	24.218857833192857	26.424483147724864	0.005170064284294721
7.0	26.175835802848614	25.39436860528944	22.679220029430528	25.74977041440969	8.051480217276298E-4
8.0	28.015161940974366	24.000085126306157	23.313636051936506	24.671022295998355	9.458478461862233E-5
9.0	26.574070534105708	25.22845775850147	22.162373157033468	26.03486255246823	2.3599789112284492E-4
10.0	24.355598444125924	24.68617687856419	23.17364730030756	27.78457737700232	0.0
11.0	27.214683485311596	22.698161879154068	22.56531363835787	27.52179548561744	4.551155902576136E-5
12.0	28.26796367108095	24.19587086578722	20.42306607430899	27.113099388822842	0.0
13.0	25.31077863873083	22.234086737437096	25.41272777320484	27.04231819920595	8.865142128174884E-5
14.0	26.311094073678028	21.784848507443375	23.76857883099914	28.13543472721076	4.386066869098273E-5
15.0	25.245028050560776	23.918048251211	24.366917887491837	26.469962479368853	4.333136753362622E-5
16.0	27.01206215074281	25.02299986370451	20.911902003543684	27.05286561264822	1.7036936077415837E-4
17.0	28.297397435385292	26.732837654296326	19.074987682925205	25.893362428261362	0.001414799131812674
18.0	25.627463451950987	26.06389507786957	19.50989885614412	28.798535970273054	2.0664376227205644E-4
19.0	24.91754022999857	24.826151433005965	21.50714569044833	28.74883346582857	3.291807185685906E-4
20.0	22.621931384477367	26.26845495690561	23.34941575544052	27.760116273422124	8.162975437198761E-5
21.0	24.044329578244326	23.741457185997472	23.61542893301204	28.598622468713437	1.618340327260781E-4
22.0	22.1361823341301	27.01324333961224	25.994411008943747	24.856083280208704	8.003710520197163E-5
23.0	24.768792621763374	24.474354826628332	22.68354351702958	28.073109820914883	1.9921366382614545E-4
24.0	28.288155764813222	21.44764143900605	23.90092779244805	26.36319621366448	7.879006819674352E-5
25.0	24.387893417727145	25.565227628993142	19.460281928660564	30.586519055466088	7.796915306397329E-5
26.0	26.496207627545758	25.392690048957352	19.456359415489256	28.654704139121375	3.876888626294299E-5
27.0	25.70697764687962	24.542657584898013	20.321204806048463	29.42912130099506	3.8661178841200754E-5
28.0	27.608758746720518	23.398937640791655	22.589147814462265	26.400670255280534	0.0024855427450257597
29.0	27.878413314647332	23.687271100567962	21.953908448931845	26.480104365084024	3.0277076884473647E-4
30.0	24.215143476722975	24.005470004251357	25.252008493692692	26.527152489148893	2.255361840856406E-4
31.0	26.37986408707705	24.328039101620444	22.206293595108182	27.085503930924958	2.9928526936609507E-4
32.0	24.20719872811165	22.96641151393664	24.41239217347325	28.4137754335091	2.2215096935575477E-4
33.0	23.758128654113047	24.586550113943243	25.244432547983582	26.41081534961234	7.333434779181112E-5
34.0	26.17535335384016	25.952075380214072	22.66109689348118	25.211438025732757	3.634673182908749E-5
35.0	25.34863469753966	22.121030139475444	26.10001017072076	26.43003748072325	2.8751154089294616E-4
36.0	24.196604412432656	24.68610473288966	26.123547396219504	24.993635741817574	1.0771664060522389E-4
37.0	25.37604921742782	24.982331331063655	21.45459179003627	28.18699176778218	3.589369006875436E-5
38.0	26.87395442870092	25.438628598003266	21.09421929599814	26.593125909211935	7.176808573702594E-5
39.0	23.38303763554659	27.4245556281835	21.580616900658605	27.611610458137243	1.7937747406381103E-4
40.0	26.14572639731524	25.797720276539682	22.708744487750916	25.347808838394165	0.0
41.0	23.72505256951316	24.381386931342764	21.48379625229493	30.404456187529433	0.005308059319714814
42.0	24.961637342259458	26.137279322823332	20.12129019024077	28.77972142201649	7.172265994960048E-5
43.0	25.56684167158502	25.36360552681835	22.888699883895793	26.176729389710683	0.0041235279901494296
44.0	29.345954416536618	24.80972831544534	22.611614881291047	23.232666535450996	3.585127600068978E-5
45.0	25.62161340600127	24.595042578421296	21.716464564343674	28.06297218745116	0.003907263782604145
46.0	25.374313954888773	24.233486170133453	22.15814594337296	28.234053931604812	0.0
47.0	25.33576373930814	23.90271542674627	23.58388592096784	27.175771251298293	0.0018636616794602263
48.0	22.838486618179214	23.84239188850274	23.078212890974882	30.240908602343165	0.0
49.0	22.211888519248035	25.690700168882003	24.547647725180184	27.547829002851003	0.0019345838387732157
50.0	27.285060011785628	24.106772797045352	20.29661100433991	28.31155618682911	0.0
51.0	25.022188919938653	26.300764989430263	21.720069313959428	26.954183014354925	0.002793762316730983
52.0	22.389921501721126	25.98744942803085	21.447913553216228	30.174715517031796	0.0
53.0	22.393519765535668	24.45589255739863	24.032950586606777	29.115817601592585	0.0018194888663335693
54.0	22.728273211883472	28.74103654162209	22.021078151404097	26.509469400364654	1.4269472568187566E-4
55.0	24.02464569938738	27.996670346510307	22.717625027492062	25.259386270410854	0.0016726561993977015
56.0	26.330891936986994	25.769772872923202	24.631522088392	23.267813101697804	0.0
57.0	22.959367562719105	27.651305581360763	22.82487608460439	26.558793590093455	0.005657181222285594
58.0	25.81472108125261	24.725556588811944	21.764114918664855	27.695393961213277	2.1345005731134042E-4
59.0	27.456481465671796	22.55248262673519	24.424661783370613	25.563350521624805	0.0030236025975947777
60.0	24.211851749240328	23.05033272772802	23.67170864168589	29.06603584259945	7.103874630820516E-5
61.0	25.355757756563246	23.699319524946016	22.884205591544493	28.053969201045575	0.0067479259006705304
62.0	25.05286103000347	21.69198621813334	24.82252401918552	28.432451167914476	1.775647631960805E-4
63.0	26.507064180241883	23.836397094073305	22.99578343758145	26.658056460885827	0.0026988272175304455
64.0	24.670295924757333	21.904548929243642	23.394503378640586	30.03058088802589	7.08793325435013E-5
65.0	23.532290529717777	25.930762470409796	23.918026280352105	26.613782301160928	0.005138418359391612
66.0	24.3962834254823	23.733221925394243	23.17097327095339	28.699025286838236	4.96091331831594E-4
67.0	27.116274257465033	24.838708763018104	20.957833254908188	27.086475063637756	7.086609709222231E-4
68.0	23.310658431941814	22.756653392891117	26.801180715267414	27.131401165763226	1.0629413642568959E-4
69.0	22.912595217006203	24.162409211691763	25.217112488928255	27.704836138175377	0.003046944198405669
70.0	25.662300039838126	22.86149563514218	24.454242406873952	27.02171425660142	2.4766154431832575E-4
71.0	24.655753577251808	22.95693607363777	26.366109180057506	26.020389620791722	8.115482611872809E-4
72.0	27.41035013195219	25.38446068953838	21.792009483622405	25.411803722886294	0.0013759720007338516
73.0	25.535272303424218	22.46231609605762	23.232257308885245	28.766132605572786	0.004021686060130557
74.0	25.152518983961652	25.666718285310946	23.069935972892097	26.109980165036212	8.465927990932991E-4
75.0	25.649123896140175	24.362974647378604	21.89056849750904	28.09507550478792	0.002257454184261876
76.0	26.818818468575394	23.875765347242528	25.433460157854025	23.871215325039124	7.407012889260572E-4
77.0	24.83849362527276	24.61767331361316	24.154059993573956	26.38913822237004	6.348451700803115E-4
78.0	27.114734741639985	26.27138011371692	20.685729521326685	25.927767679482216	3.879438341970373E-4
79.0	27.66782528227149	20.85931284314113	22.66935583981763	28.800543665325606	0.0029623694441466403
80.0	23.889107922081863	22.92281889371702	28.291345963280946	24.894611336766236	0.0021158841539319828
81.0	25.06927591243553	25.078479787796017	21.8253506464929	28.026399958811776	4.93694463780811E-4
82.0	22.700260060827787	22.219032926345484	23.933424428086568	31.14611892273108	0.00116366200908009
83.0	25.308807179707426	22.381120122651925	24.120757702857517	28.188574513406767	7.404813763644692E-4
84.0	23.708766324316873	25.857428804840872	24.36429525175209	26.068592894041043	9.16725049124122E-4
85.0	24.95505675417922	26.971764817873645	21.186276047955914	26.88630301919189	5.993607993357671E-4
86.0	25.516443411565454	25.318806592312544	22.613269235921816	26.54985905244321	0.0016217077569807468
87.0	22.097799198984436	21.91000719510944	26.006883474127395	29.984569821645184	7.403101335413722E-4
88.0	24.943915600557812	27.37419257500363	25.279117708851818	22.40224535003574	5.287655509948548E-4
89.0	26.027825080359555	26.435024817258896	22.417558091702425	25.118605030707414	9.86979971708924E-4
90.0	23.46630178240604	25.42649725208878	24.963236641824082	26.143858580560746	1.0574312035258987E-4
91.0	27.087045892875267	24.595836199993233	24.216379718710172	24.100033272052602	7.049163687220148E-4
92.0	25.70034415855612	24.305841179549265	22.4368469930622	27.556932424740648	3.5244091768566145E-5
93.0	26.09059264394244	25.91000930053558	21.09850638121059	26.900539247802	3.5242650938106503E-4
94.0	28.143985435255995	23.325651788857733	22.788989183224746	25.73732078207262	0.004052810588901572
95.0	23.592437744742874	26.712988675223915	24.01796261160557	25.673862236368407	0.0027487320592372902
96.0	26.046573254225354	24.280386734977583	23.706246614906075	25.96570100383782	0.0010923920531649592
97.0	25.462221354608968	24.71033423704494	23.367205487387622	26.460062735955763	1.7618500270972536E-4
98.0	28.195755635257637	22.774076317383404	24.068970838975375	24.961197208383588	0.0
99.0	21.797266420115115	22.04263195310964	26.831681005783793	29.32838539263065	3.5228360803234805E-5
100.0	22.67987525534926	24.804078120051756	24.532445339671312	27.983601284927673	0.0
101.0	23.638776863847568	22.282652535366704	28.677279466441043	25.401185459574293	1.0567477039514262E-4
102.0	25.22667093186626	24.42211947538045	24.498815561590092	25.8523940311632	0.0
103.0	25.624730954767994	25.777580350732826	24.714257230843803	23.88314964868241	2.818149729704214E-4
104.0	25.38842417406363	27.21826081504084	22.828555103639665	24.564301963732284	4.5794352358655735E-4
105.0	27.511277308171273	23.46553749737993	20.979122228230523	28.04050495567459	0.003558010543688671
106.0	27.036760305028345	22.903722742239633	24.372535612415177	25.686840430100254	1.4091021658957115E-4
107.0	25.46312343946388	24.480760668008095	22.868476747659546	27.18686416079088	7.749840775998602E-4
108.0	23.59283845883431	24.298805681834992	24.474293592472122	27.634027042468638	3.522438993117859E-5
109.0	25.83623979334136	24.935419174816616	25.296064426549748	23.931536928538065	7.39676754213868E-4
110.0	24.365556071339768	24.061286434695262	22.92489798390988	28.648224289585517	3.522046957338854E-5
111.0	24.761296630364267	24.041224274450936	24.46171553672774	26.734918279095748	8.452793613069146E-4
112.0	25.487225324940148	24.128720884285173	23.378116717134258	27.0059018555028	3.521813762262075E-5
113.0	28.80706624232399	21.824112379200916	23.02138840631668	26.346693412886435	7.395592719778527E-4
114.0	26.758990985330783	21.885955999736574	27.696978640125685	23.657827851055984	2.4652375097861123E-4
115.0	27.275035756687583	23.02765899971437	26.345097732598088	23.351397460456326	8.100505436319638E-4
116.0	26.529148841227595	24.313458651144753	25.14544748235594	24.011839366951698	1.0565832001158015E-4
117.0	26.07069601404256	26.62599564410108	23.892359144711076	23.41024481504335	7.043821019325427E-4
118.0	26.829314678576292	24.185817834367537	24.741325844382388	24.2432951102405	2.465324332786383E-4
119.0	26.835084605184612	21.755216395215125	24.331003587069645	27.07806146796907	6.339445615480926E-4
120.0	25.28008627196024	23.9486397268712	24.34661211040529	26.42462667196827	3.521879500301649E-5
121.0	27.676432210269404	23.444876655496486	24.245290826775328	24.63273115318174	6.691542770404363E-4
122.0	27.073120652475186	23.994445311215067	24.265065578926272	24.666945833331866	4.226240516052142E-4
123.0	24.378218260437457	27.558681031364756	23.18609059958915	24.876200095722393	8.100128862484815E-4
124.0	25.217557899808202	24.592759081435506	22.3942180840536	27.795324063541344	1.4087116134889772E-4
125.0	26.48779180476185	23.804704093322584	24.44558547955346	25.26096775977126	9.508625908469967E-4
126.0	23.720208034867817	24.08960093311414	24.989082677237455	27.200932268929577	1.7608585100883106E-4
127.0	26.01271103025411	22.96134535341658	27.253210949080163	23.77167617335093	0.0010564938982194907
128.0	25.805201990303452	23.17997779238877	24.790962847504566	26.21441931111328	0.009438058689934064
129.0	24.52833843207591	26.539580199810608	22.39686799744611	26.53232562881459	0.002887741852782216
130.0	26.48471118226457	24.064088825060512	23.40479630815912	26.046403684515802	0.0
131.0	25.746287710574368	24.363042800720535	24.264893618894508	25.625001100524553	7.747692860324946E-4
132.0	26.420871841122818	25.723901834674674	21.914214687610162	25.935200911966817	0.005810724625534015
133.0	26.97405954401707	25.287401657991676	24.830960916755295	22.9054648926954	0.0021129885405588153
134.0	26.27831769914964	23.321328167837073	21.349438356169205	29.050880560752862	3.521609121812812E-5
135.0	26.481315511919583	23.658543027233943	26.102783612798035	23.756794399319638	5.634487288068445E-4
136.0	27.998937886803244	26.548709652200188	23.855534292944625	21.590866671690808	0.00595149636113539
137.0	29.17945151208346	20.934736100717526	23.938618655632347	25.94684157239072	3.5215917594752825E-4
138.0	25.176141149558696	23.829094489408995	27.219934867918788	23.773526569776124	0.0013029233373993932
139.0	25.97770379672128	23.35336784791423	25.332298506285376	25.33543256733125	0.0011972817478623238
140.0	26.93181133910584	20.713941875136236	26.077274214262147	26.27672607378803	2.4649770774738775E-4
141.0	25.809418703169356	25.12766950940117	25.016673979506677	24.04578002179062	4.57786132179055E-4
142.0	28.75315476603407	22.776010995330225	23.587772308205896	24.882815429944387	2.465004854298845E-4
143.0	27.12689141235668	25.316621961916972	23.668832003459467	23.88744333554128	2.1128672559453442E-4
144.0	27.806137541095833	25.08532579451943	22.783853528395916	24.3241549119204	5.282240684240329E-4
145.0	28.016284950717985	21.906505563837015	22.82499030699618	27.25133879663074	8.80381818072971E-4
146.0	27.18615807092534	21.51111646386084	25.22345969344239	26.075145563098705	0.004120208672722317
147.0	26.632001814235267	23.811732242538465	26.943717858244558	22.60951966431013	0.003028420671576934
148.0	24.298298929973217	24.332421748172898	23.449665497781137	27.91901517813942	5.98645933327746E-4
149.0	27.946145375651604	24.96556877634724	24.106434474678657	22.979632843953926	0.0022185293685748485
150.0	25.350392580551556	24.287734639775298	24.81814801146048	25.543724768212666	0.0
151.0	26.78465904248613	24.17640467086121	25.006180530659307	24.032121855412914	6.339005804416315E-4
152.0	27.549161097106506	24.337939005656544	22.755676795764952	25.357117450631122	1.0565084087504252E-4
153.0	24.489124639289912	23.4108506383785	24.413865917624626	27.6852431627962	9.156419107615393E-4
154.0	23.186466273449682	24.604188648360054	24.454126172220022	27.75236627499926	0.002852630970979234
155.0	27.267203589977512	23.72667985199092	24.357497230553555	24.648443210057007	1.7611742100693374E-4
156.0	26.318586988452918	23.70497776318728	25.917422629065445	24.058801276230316	2.1134306403765288E-4
157.0	24.869106259228786	22.277579268911257	26.55103446915473	26.302103880879653	1.7612182558021574E-4
158.0	24.973643155269205	21.469459699653495	25.89209069220313	27.664771228223685	3.522465049221166E-5
159.0	26.636457367937354	21.835799639362406	24.159020114052783	27.36815927232788	5.636063195767598E-4
160.0	25.964070320692766	21.142635521834226	26.068832047647916	26.824426883958598	3.5225866494670505E-5
161.0	24.412181203325346	20.255495279695644	29.289946456249123	26.038290827110046	0.004086233619839369
162.0	25.287730046653977	22.887572513748903	25.0406513802447	26.784046059352423	0.0
163.0	25.29571239050592	23.795573948705375	27.301181017762115	23.607532643026584	0.0
164.0	25.702555033800568	23.324714394918818	24.923644895040354	26.047148176460432	0.0019374997798295704
165.0	27.115632363773816	21.981947007778015	26.289427730080888	24.612358792563914	6.341058033715406E-4
166.0	25.137743764188315	22.90361741193911	25.597194959212345	26.361408636076046	3.522858419138422E-5
167.0	26.49431731909783	23.31517961541456	26.69368058263817	23.496364500445125	4.579824043160262E-4
168.0	26.22081550817682	24.206195562297886	23.469913695885538	26.103004772673543	7.046096621009135E-5
169.0	26.30673314599616	22.156754425770227	25.757369707184672	25.778860869736782	2.8185131215878375E-4
170.0	31.3603626233826	23.132847876658445	23.121961565331784	22.384722242284194	1.0569234297728988E-4
171.0	25.911799812010212	23.682521317957818	26.418484441519535	23.98652504956927	6.693789431704324E-4
172.0	27.23266620826476	24.656726954032056	24.165259992785806	23.945311619361092	3.522555628198481E-5
173.0	28.951307879967114	19.22566996662935	23.24874551870327	28.572656358422023	0.0016202762782394783
174.0	24.28157012695537	25.311259733691006	24.296363505720812	26.11038396566809	4.226679647269495E-4
175.0	25.704998589421685	23.94563233179338	22.733802915617833	27.613629039387362	0.0019371237797440953
176.0	24.626683271043444	23.936152978151814	28.253349637178403	23.18233493413425	0.0014791794920920249
177.0	22.06372603405555	26.234535614974014	24.375833205655848	27.300616197958217	0.025288947356371636
178.0	25.757795585706017	23.139088715504965	23.741338825024194	27.36149515227751	2.8172148732042015E-4
179.0	28.04542365002166	24.210826592099284	22.742288227815557	25.000193696755403	0.0012678333080940593
180.0	26.974244282264557	22.212033505772553	25.19405150013647	25.61949416494916	1.7654687725648978E-4
181.0	27.84640683597983	22.260529096862495	26.294076820624472	23.598209402088656	7.778444445465855E-4
182.0	25.718230716152167	22.370422949447416	25.597759691413184	26.313551293508137	3.5349479090076127E-5
183.0	23.470631796804163	24.642461368789977	26.262860132308468	25.623657871434908	3.888306624790782E-4
184.0	26.0351072170648	21.935541797723097	26.49913359590574	25.525728065766117	0.004489323540245195
185.0	24.914203151386285	23.935217812662803	24.090341342452952	27.0597428816007	4.948118972572576E-4
186.0	26.887501206181163	23.049671335515594	25.432024931632064	24.630802526671182	0.0
187.0	24.261957663450854	23.20857270144637	27.683218863966196	24.84554249414078	7.082769958006256E-4
188.0	27.58548027116829	27.67699354803066	22.407507488576776	22.329629123321222	3.895689030518828E-4
189.0	24.86374436746893	23.478008027474605	24.67795008629199	26.979341276753082	9.562420113948632E-4
190.0	28.785353376151352	21.368785820893937	25.055623991029325	24.789953467813174	2.833441122156022E-4
191.0	26.329193925589966	23.969823724644147	24.213691043231474	25.486901175570992	3.9013096341777425E-4
192.0	26.563616127638717	23.441207494490076	24.122756927040587	25.87241945083062	0.0
193.0	27.782814803463772	24.036402797464746	21.920639177276346	26.259965861735772	1.7736005936595906E-4
194.0	27.546028939773603	23.0775752226955	24.380439687048614	24.995956150482282	0.0
195.0	26.859905232639818	21.250778729992494	24.222972925030476	27.665846428059538	4.96684277672055E-4
196.0	28.222635447860846	22.306325375005823	26.510522851342255	22.960374079443874	1.4224634720270778E-4
197.0	25.36716166921803	24.11191904303933	23.549599369462165	26.970821975495525	4.979427849513155E-4
198.0	27.32428764974406	23.32669289337478	24.353269980043034	24.995642545437825	1.0693140029876634E-4
199.0	25.611227496855086	23.3721340035343	25.111968957559455	25.9043124697158	3.5707233535662425E-4
200.0	27.157436812546177	23.323354565741486	24.36839329223981	25.150743908017738	7.142145479075477E-5
201.0	24.51790131855958	21.182164500494803	29.22487438845956	25.07484551450108	2.1427798497268493E-4
202.0	25.181436865685285	25.4345198637652	27.634906167139068	21.749101387492	3.571591844198592E-5
203.0	25.795631067267443	24.693287260328198	21.91858196893502	27.59189235150959	6.073519597461412E-4
204.0	26.160245136956984	22.737124485754773	23.622658875602855	27.479900041518356	7.146016703099442E-5
205.0	26.959896091088236	24.673614175633933	25.52482397480173	22.840915384629128	7.503738469701869E-4
206.0	25.30670692005143	21.09243054825939	25.469914668827997	28.13087639023198	7.147262919928498E-5
207.0	25.691042962327543	23.867324326256345	27.19679748373722	23.24458503109586	2.501965830295232E-4
208.0	28.07329059454768	21.99629428774788	21.62894044728083	28.30147467042362	0.0
209.0	27.15249191683683	20.62271194549036	25.310463901878638	26.913795920643953	5.363151502236613E-4
210.0	25.12626804442232	24.436245901920735	24.595734850695457	25.84142936427562	3.218386858682779E-4
211.0	25.32980850843894	25.39175882013986	25.18144251944621	24.096346326564703	6.438254102866847E-4
212.0	28.39923380613921	22.156428503184543	24.178118244767663	25.26593317882067	2.8626708790868656E-4
213.0	29.37382007454855	22.964549158831527	22.180181799369084	25.481198347773194	2.506194776445636E-4
214.0	27.288061206759114	25.37382733918626	24.315642583194652	23.022397216962627	7.165389734504397E-5
215.0	25.185702946368277	24.740181016170542	23.01499516962323	27.058869566185134	2.5130165281097054E-4
216.0	25.44829534478727	25.0259986608511	25.938675114052785	23.586921947372318	1.0893293652695655E-4
217.0	28.914261193737488	22.460701872448272	25.678584465573657	22.945939879988444	5.125882521363031E-4
218.0	24.62210287494147	23.975794479252016	26.0868665388685	25.314903491684067	3.3261525395729E-4
219.0	26.847994504161083	22.798248201344837	24.04242847382196	26.310768782738887	5.600379332360111E-4
220.0	28.447510656721022	22.03427775988168	23.74865326121726	25.769258317717476	3.000044625663807E-4
221.0	25.210484607522222	22.43877343659701	24.176059939670523	28.17449315608685	1.8886012339365023E-4
222.0	26.05605743138804	24.344145608872704	23.970238572306375	25.629367560120148	1.9082731273161667E-4
223.0	30.444693302925106	22.593075364900642	23.97664450728914	22.984969607847297	6.17217037813416E-4
224.0	30.051039510367257	22.98746677558396	24.044150182096104	22.917227497903653	1.1603404903134777E-4
225.0	30.847074362576482	20.091656126562153	23.461767034909137	25.59853014158744	9.723343647856275E-4
226.0	25.034064705815197	23.0943941757916	25.64114677882331	26.23015812086445	2.362187054506285E-4
227.0	27.184599384599707	23.257082518426973	25.385779857425895	24.171184486306387	0.0013537532410445243
228.0	27.056610008517325	28.164622415247813	23.30934693438299	21.469260616952	1.6002489987442046E-4
229.0	27.924244332697086	25.367417893142395	21.581653085809698	25.12668468835082	0.0
230.0	25.678027180978773	23.03530300431423	27.340648792370715	23.945939537254368	8.148508191491572E-5
231.0	25.193443311620488	24.782533910982586	23.672689864703386	26.34972036825553	0.001612544438003455
232.0	24.887429963115085	25.118428082723916	24.410144639721874	25.58378958231718	2.0773212195038859E-4
233.0	22.940208051263806	25.125069786609455	22.177249796363828	29.756968263843586	5.041019193260493E-4
234.0	26.451941490793523	21.27051663420808	27.04384430473531	25.23220211090498	0.0014954593581146614
235.0	25.452599159466434	21.925395614566074	27.341571364225008	25.280304056290564	1.298054519155174E-4
236.0	28.98567870076437	23.78978777661665	23.388826450916085	23.83553180721783	1.7526448506198885E-4
237.0	28.203796866534724	24.486317349048573	22.104706831927288	25.205090498988312	8.845350110014041E-5
238.0	27.48071818332386	22.004816537375167	24.19786299726496	26.3164679919605	1.3429007551578578E-4
239.0	27.409498737783206	23.063139908488147	24.360239126268006	25.165941312142266	0.001180915318379312
240.0	25.810583315184747	21.414752519909744	26.284531900512192	26.489897077520887	2.3518687243322925E-4
241.0	28.700553957661135	21.51657446596108	23.186829331690863	26.593734872585973	0.0023073721009517676
242.0	26.5720166317812	24.082817286332006	21.085435112083335	28.258645713994518	0.00108525580894968
243.0	27.745418061022576	22.513541064598712	24.947837186804545	24.790746186975152	0.002457500599015771
244.0	27.290408759483416	22.4633112377144	26.3316065805941	23.913726737592278	9.466846158069824E-4
245.0	28.809247918843557	21.489638921550448	23.011654286368834	26.687798786049388	0.0016600871877791021
246.0	25.138924057698915	26.35298041214731	22.806681656893566	25.698848463628433	0.0025654096317829548
247.0	25.814840515809443	22.865651382189974	24.83429997629797	26.34551846045331	0.1396896652493044
248.0	26.56259826388558	23.10099383498337	23.110474811095123	27.21464167627469	0.01129141376123186
249.0	25.21975269255255	21.20209319663335	29.434037417537517	24.127400922041943	0.016715771234641193
250.0	27.152252556376755	21.719925014544593	24.371182792609673	26.755586200952404	0.0010534355165784414
