# Position (bp)	A	C	G	T	N
0.0	23.585747203212286	24.075478959192857	25.643882575703046	26.694867269546325	2.399234548209739E-5
1.0	22.681425819149958	30.650549554709773	23.48040385491344	23.110308037388723	0.07731273383810809
2.0	24.116059595175273	27.385511156480685	22.790193771019684	25.707686138191278	5.493391330807488E-4
3.0	25.44116320353532	22.258019554428625	24.82628654402706	27.4671320346372	0.007398663371795245
4.0	25.660858823136618	23.74441354771319	23.993484658421533	26.601099881235722	1.4308949293853352E-4
5.0	28.339232396733433	24.348079443314553	22.42284146571853	24.888989052923378	8.576413101042772E-4
6.0	25.132379588211588	23.977700384234996	24.37451804125305	26.509693406447553	0.005708579852804268
7.0	25.47228938087216	25.65841327481193	23.94813885602177	24.92042253922371	7.359490704251031E-4
8.0	27.044222416713303	24.349458563237057	23.796479658665774	24.80976818682089	7.117456297038973E-5
9.0	25.747806337633694	26.058366447191872	22.678798848615923	25.51479151473609	2.3685182242081984E-4
10.0	24.898845791189693	25.11644331009516	23.329985193712442	26.654725705002708	0.0
11.0	26.82389878218722	22.82662462198841	23.400909922595833	26.948452487580028	1.1418564850825585E-4
12.0	28.22887387380295	24.61386485567966	20.325201240562684	26.832015046174725	4.498377997353604E-5
13.0	24.959437833902644	22.96175947689788	25.341732087725255	26.73702621059477	4.439087944990822E-5
14.0	26.226911204033808	21.908009161048128	23.799970475120244	28.065043353973696	6.580582412252868E-5
15.0	25.46417494623176	23.493915077598306	24.549172317947434	26.492715990585847	2.1667636654534235E-5
16.0	26.199531986561382	24.896002337298892	21.987049030253072	26.9173527619884	6.38838982550965E-5
17.0	28.60528616983081	26.700837215276124	19.679417064312997	25.01337534491293	0.0010842056671430222
18.0	25.92023165295936	25.792586567150277	19.71631205673759	28.57066274230989	2.0698084288808648E-4
19.0	25.018484962200056	24.61362824691708	21.898841224575712	28.468530664853116	5.149014540405141E-4
20.0	22.207539898708994	25.781658342899433	24.249992541915457	27.760686617826092	1.2259865002539836E-4
21.0	23.34772194317429	25.08070393506607	24.118686660215086	27.45260348916858	2.8397237597861446E-4
22.0	22.332492751993705	26.731229470674688	26.44084743448686	24.49535003252568	8.031031907289768E-5
23.0	25.17048753045418	24.187708767371163	23.164783584646063	27.476660776129506	3.5934139908375926E-4
24.0	27.669427739862673	21.810561248255677	24.97141792205477	25.548514038271623	7.905155525041655E-5
25.0	24.47297642891722	25.72121381808683	19.92921401829909	29.8764197668935	1.759678033665378E-4
26.0	25.748695513654855	25.676584518670765	20.240110963901763	28.33453129795906	7.770581356044152E-5
27.0	25.567007036398444	25.116316705101756	20.443225929967422	28.873372896983323	7.743154905879048E-5
28.0	27.720213754442124	23.71378326936113	23.058265305203822	25.504807061504682	0.0029306094882408816
29.0	27.18041202383449	24.074695123105236	22.65584131942105	26.088673016171022	3.785174682026401E-4
30.0	22.93612880878487	25.16944691227252	25.56123798159375	26.332866790096706	3.1950725215681487E-4
31.0	26.007203920601725	24.62778902371342	22.731623955269818	26.63284100249234	5.420979226994533E-4
32.0	23.708656693847573	22.83928275909102	25.158045665481914	28.293773965371443	2.4091620804560064E-4
33.0	23.265108497234337	25.267450389701246	25.64995582597543	25.817338620894105	1.4666619489040643E-4
34.0	25.600377323168388	26.84894259544177	22.915930180673456	24.634695374246967	5.452646942019279E-5
35.0	24.662158941814738	22.464728506848367	26.458210620880795	26.41466812108088	2.338093752163861E-4
36.0	23.257132465228548	24.91155962353134	26.68690830845358	25.144130049673247	2.6955311328454777E-4
37.0	25.074747303456448	25.857950303552013	21.64511970706099	27.422146758363397	3.592756715041938E-5
38.0	26.304432663630013	25.844660030275563	21.60676356595064	26.244035985142023	1.0775500176269225E-4
39.0	23.159750389903554	27.82106847399488	21.93500613898342	27.083959531189233	2.1546592891132609E-4
40.0	25.88766890784997	26.457153639156623	23.285931028812108	24.369120753706873	1.2567047442219858E-4
41.0	23.754791748006337	24.85916232481118	21.70899022128878	29.67240644255063	0.004649263343071655
42.0	24.269149702056215	26.355913904575782	20.851236674466687	28.523574076171442	1.2564272987190006E-4
43.0	25.81817150688137	25.665712729975855	22.63834265554295	25.874273465281217	0.0034996423186081545
44.0	28.4270906737569	25.223548141604386	23.094127714980985	23.25489252408646	3.409455712695575E-4
45.0	25.626080651958887	24.553650484255876	22.02182322637619	27.794875236000845	0.0035704014082093755
46.0	24.72338373505691	24.662728725537967	22.65722043978739	27.956649159656326	1.793996140755502E-5
47.0	24.991560020363583	24.673549480524187	23.62849882450188	26.704902794036872	0.0014888805734809202
48.0	22.37470500893043	24.37467273027236	23.055802626765463	30.19481963403175	0.0
49.0	22.176182749530785	26.107590709247162	24.882725162219508	26.831959291765955	0.0015420872365922238
50.0	27.30526203679913	24.90225023044507	20.55534169073617	27.237074322098824	7.171992079969147E-5
51.0	24.41437726885672	27.260646260027787	21.86027876126025	26.462761618787255	0.001936091067987272
52.0	22.921764208709664	25.91023840256804	21.57550309418155	29.592494294540746	0.0
53.0	22.26454964823652	25.55186195514357	24.45438204985235	27.727741372777103	0.0014649739904587316
54.0	22.925409110179217	28.833935720407123	22.77482276313888	25.465707349396233	1.2505687854815395E-4
55.0	23.666697086211606	28.618725701497283	22.656310712836884	25.05687623118949	0.0013902682647384476
56.0	26.474858607793568	25.87664059067948	25.24099719042302	22.407503611103934	0.0
57.0	22.950316917716155	27.852459919072782	23.160128224752924	26.032319209709552	0.0047757287485862155
58.0	25.015871511229797	25.984875603522788	21.69863211894965	27.300371312290224	2.4945400754099466E-4
59.0	27.161817314635645	23.117377724225037	24.75921309776699	24.958972823092022	0.002619040280305013
60.0	23.863662033358608	23.210669575179598	24.160276280269514	28.765320963615665	7.114757661571255E-5
61.0	24.87989984702804	24.186750646809422	23.093821914029437	27.83369399098175	0.005833601151353671
62.0	25.020456544182313	22.309859956481493	25.261631241557954	27.40780327571473	2.4898206350998907E-4
63.0	25.46579300135901	24.037621954450895	23.323011819236214	27.171385860663825	0.002187364290050907
64.0	24.91198695440431	22.140685277133716	23.678419960840497	29.26887231133368	3.549628779822206E-5
65.0	23.385052449103746	26.74591946185807	23.79081691688572	26.07359698558741	0.0046141865650504476
66.0	24.278920635574135	24.358014258502163	23.520903111820317	27.84173609171382	4.259023895608485E-4
67.0	26.823162277941158	25.623351155830115	21.273410326566747	26.27927771420135	7.985254606294119E-4
68.0	23.2620314687815	22.940948613079986	27.148118830644453	26.648723644633765	1.7744286029373538E-4
69.0	22.827310300138205	25.063446653975262	25.303623933765294	26.803081778270027	0.0025373338512096784
70.0	24.859645998726027	23.252474190544785	25.01587149713002	26.87176025224296	2.4806135620459034E-4
71.0	24.425383019086635	23.28950772258081	26.34374743782213	25.940372289745916	9.895307645114686E-4
72.0	26.46965960644408	26.565369177984287	22.275400095868587	24.6876982722629	0.0018728474401444142
73.0	25.633004031022104	22.772351043248023	23.129007370744322	28.461856870713493	0.0037806842720530935
74.0	24.587496787151785	25.842905633679656	23.73741468839126	25.831228972957316	9.539178199798088E-4
75.0	24.68894129284686	24.982256255354475	22.691855895003666	27.63491516741298	0.0020313893820160214
76.0	26.645465583626226	24.25285435654348	25.61563981427738	23.48512173606771	9.185094852001627E-4
77.0	23.878758526822278	25.355684244977606	24.50337734666998	26.26138506626905	7.948152610888651E-4
78.0	27.402611784308345	26.293135955031772	20.49296417684852	25.81068758430174	6.004995096215034E-4
79.0	27.20895866915597	21.248263229962216	23.366826848950325	28.17335503791797	0.0025962140135155016
80.0	23.914809147093653	23.34266103531311	28.522069919794713	24.21770485549715	0.002755042301378669
81.0	25.14260475577589	25.538118825169924	22.268028419935774	27.050718198168163	5.298009502509843E-4
82.0	22.476694021060588	22.332505107978335	24.374460284916584	30.815051450630527	0.0012891354139625726
83.0	25.074347751996985	22.6920587718516	24.492244718488624	27.74039518516524	9.535724975564705E-4
84.0	23.135699449633492	25.984401014458484	25.559614621607796	25.319119519532457	0.0011653947677659577
85.0	25.16685700725272	26.922457575943774	21.82456106895838	26.085418074798554	7.062730465723509E-4
86.0	25.326980003891382	25.437294594690986	23.066819779363755	26.166804559905167	0.0021010621487121198
87.0	22.072918971054623	22.52561920320451	26.442471088961128	28.958196247077822	7.944897019127604E-4
88.0	24.840723511693692	27.023606305348657	25.9105113919742	22.224311364326905	8.474266565469801E-4
89.0	26.420673066313583	26.165817058369196	22.968023833167823	24.44439148184928	0.0010945603001213727
90.0	23.39847134513578	26.149898280333893	25.087932255620355	25.363503930029864	1.941888801091977E-4
91.0	26.29154831864906	25.326040329826878	24.681621030964962	23.700278386312643	5.119342464592686E-4
92.0	25.19500679516312	24.722655139160953	23.010863611482247	27.071456802126864	1.765206681872157E-5
93.0	26.40870112110762	26.01141601154134	21.67116400636094	25.908489389873367	2.2947111673531087E-4
94.0	27.608382918559027	23.680668204676515	23.238363872890016	25.46817219826559	0.004412805608852441
95.0	23.28335768837769	26.870847779707784	24.529251028992537	25.314248910024244	0.0022945928977407613
96.0	25.787682101017463	24.80698677686009	24.082395139572096	25.322053475014624	8.825075357318477E-4
97.0	25.36694010052873	25.04818788660399	23.17074440643696	26.413915810939343	2.117954909798948E-4
98.0	27.629531657803312	23.360244601685697	24.80563103465073	24.204539758716333	5.294714392516239E-5
99.0	21.64446434272127	22.582963784802843	27.198713019926064	28.573858852549826	0.0
100.0	22.45794939068571	25.07610031795375	24.693137048334687	27.77281324302586	0.0
101.0	22.822783557054972	22.819077949570918	28.697053706780927	25.661031849343413	5.2937249772237484E-5
102.0	25.313071031006906	24.302956116228515	25.058936312074607	25.32500124420123	3.529648874059657E-5
103.0	25.41246105424214	26.0044277499389	25.33250037280278	23.250416700858636	1.941221575442488E-4
104.0	25.355546920193373	27.487328429529974	23.028252105046004	24.1286254844597	2.470607709496063E-4
105.0	27.23554314030812	23.615096032562494	21.331835314660694	27.8141016714874	0.003423840981294004
106.0	25.755268894098315	23.292536638578017	25.102912396555944	25.849123234914522	1.5883585320531634E-4
107.0	25.273721838713293	25.026591684616534	22.792537209386463	26.906319793796417	8.294734872918484E-4
108.0	23.324108317056318	25.107491852078788	25.05320767263463	26.514945091093654	2.470671366118907E-4
109.0	25.76692659711815	24.70008703564226	25.761473634129832	23.770736259415624	7.764736941300707E-4
110.0	23.903378085896616	24.323527839134297	23.59330830916768	28.179644592378505	1.411734229031644E-4
111.0	24.508129675986506	24.252949527802016	24.60845465125821	26.62972495780086	7.411871524030788E-4
112.0	25.273369194924744	24.460421752220437	23.643344985438837	26.622740540627344	1.2352678863701775E-4
113.0	27.99556169947101	22.249363600077217	23.316235618138165	26.43795678656595	8.822957476521228E-4
114.0	26.096167868141517	22.572404359049106	27.448859381209278	23.88233899025291	2.2940134718588075E-4
115.0	26.780257934582075	24.08355360848285	26.056217724205045	23.07930011269946	6.706200305732142E-4
116.0	26.60354113145586	24.937857161387488	24.90136120391481	23.55706402375696	1.7647948487756117E-4
117.0	25.81551990320356	27.017092563009104	23.92741749324606	23.23926411550063	7.059250406436342E-4
118.0	26.255763849474935	24.97499272900801	25.349801777228098	23.41921221978444	2.2942450451366242E-4
119.0	26.74375673513012	21.396103128277115	25.237699574281535	26.621858159968625	5.824023425987075E-4
120.0	24.8395492873034	24.196352210448367	25.193718005600203	25.770256957629297	1.2353901874016321E-4
121.0	27.587908480582833	23.655199678086593	24.164578229899824	24.591660607258582	6.530041721671974E-4
122.0	26.572547959295512	24.24821839756997	24.75708630281779	24.421829661882487	3.176784342406524E-4
123.0	24.016797913232548	28.02674817954954	23.524773304060233	24.43086876872955	8.118344281332397E-4
124.0	24.91636358245538	24.86331207978833	23.394477278567333	26.825617628206032	2.2943098292468734E-4
125.0	26.209573237967092	24.11815408160816	25.03337277120715	24.63782336821091	0.0010765410066823195
126.0	23.71099123838837	24.179842028027625	25.30242958458013	26.806490069614618	2.470793892550468E-4
127.0	25.99337339276361	23.291444356124195	27.901902634688774	22.812326604836215	9.530115872090314E-4
128.0	25.82529525318232	23.625919803803427	24.99812041818842	25.54109895354062	0.00956557128521392
129.0	24.044456123897426	26.943733254785286	22.495897141120523	26.512789677544145	0.0031238026526202614
130.0	26.03245523669711	24.510680309723774	24.08347145054933	25.373393003029783	0.0
131.0	25.363083373367072	24.956998291932976	24.768348483794895	24.910828594291548	7.412566135091546E-4
132.0	26.294448334048404	26.101458480884826	22.174895929317177	25.423143710286844	0.006053545462744134
133.0	26.609365784027645	25.736845393509554	24.603599574593805	23.04815963815765	0.0020296097113471417
134.0	25.946970231775364	23.503929281406013	21.47167684166535	29.077335402218356	8.824293491765875E-5
135.0	25.940527624830555	24.406588401063768	26.053918095195407	23.5984364292432	5.294496670732252E-4
136.0	27.73872356737269	26.21735068206229	24.294491650309432	21.74320417323927	0.006229927016316762
137.0	28.088180090385457	21.608484874369438	24.706552583867396	25.596517722619677	2.6472875803209113E-4
138.0	24.55142446655632	24.34090416958664	27.605124701818795	23.50134661340098	0.0012000486372653575
139.0	25.995600385076607	23.561446807984957	25.607523641532858	24.834140870622555	0.0012882947830238042
140.0	26.18064500872075	21.9001114116561	25.925596497089053	25.99334706698624	3.0001554786456875E-4
141.0	25.287264632190613	25.625563530005785	25.23393168476522	23.852763650860854	4.765021775267102E-4
142.0	28.14301234749178	22.960927258441735	23.937286940291397	24.95842048676974	3.5296700535027386E-4
143.0	26.136411968188884	25.850565119766422	24.262832973987884	23.74994286416177	2.47073895037009E-4
144.0	27.431868503060713	25.680344322119357	23.21851811457238	23.66873961628019	5.294439673566027E-4
145.0	27.73168149089369	22.527636594663278	23.284572215163067	26.455121417478473	9.882818014965412E-4
146.0	27.008729913759737	21.952520295589125	25.071972771323626	25.96227679087474	0.004500228452773808
147.0	25.828663153583253	25.23206485974814	26.901629487877006	22.03425423977968	0.0033882590119307305
148.0	24.37336486325514	24.877002422098005	23.544504396394647	27.20470478198912	4.235362630866087E-4
149.0	27.381077595426284	25.60533298696825	23.780510187298333	23.23094386132596	0.00213536898117134
150.0	25.569346997237712	23.90318506768772	25.42909714177607	25.098370793298503	0.0
151.0	26.252017247732844	24.264948811676952	26.009894573656545	23.472574608163306	5.647587703507293E-4
152.0	26.994404896835984	24.197912258080002	23.73840148280294	25.069051924576414	2.2943770466284484E-4
153.0	24.7829098838415	23.51304676255501	25.446786204997736	26.256409984883422	8.471637223315006E-4
154.0	22.86259502239803	24.735465727339747	25.038312529640034	27.361261695183163	0.0023650254390254963
155.0	27.006398814987193	24.197447534376952	24.048438386959212	24.74755640531053	1.5885836611699317E-4
156.0	25.32719874662952	23.698283111199917	26.555063363978025	24.41936652261002	8.825558251861662E-5
157.0	24.65384586192173	22.960350186564828	26.801843425343975	25.58364280377306	3.177223964105842E-4
158.0	24.810363650966387	21.663087789719135	25.930538896788015	27.595903752481167	1.0591004530302188E-4
159.0	26.21116275719976	21.897151164720114	24.738431350674276	27.152795773101463	4.589543043912042E-4
160.0	25.974521391252708	21.71800111881762	26.103120103076677	26.204216166579197	1.4122027379433633E-4
161.0	24.231300915838567	21.081410088822977	28.932720879569374	25.75082574812489	0.003742367644195455
162.0	24.917976240030136	23.906788245067542	25.345368309895704	25.82984955220129	1.7652805330864766E-5
163.0	24.801467336665674	24.31716856277092	27.00995730565777	23.87133618197658	7.061292905077688E-5
164.0	25.111345275480808	24.011300382534507	25.010561228912188	25.865168987606683	0.0016241254658106582
165.0	26.098659711858968	22.26648322790548	27.055516588844075	24.578687266512357	6.532048791226717E-4
166.0	24.734391049395903	23.53384106434959	25.627869581229607	26.103757065927237	1.4123909766577673E-4
167.0	26.564637134199426	23.76413338957175	26.707699054781436	22.963053724933047	4.766965143421209E-4
168.0	26.147817575221687	24.553055620686635	24.04551579577781	25.25348741620455	1.2359210931474883E-4
169.0	25.796343946779565	22.63561705852118	26.02438157484216	25.543374910987637	2.8250886945424054E-4
170.0	30.662654527367366	23.433317224271512	23.322519603233278	22.58133207521384	1.7656991400515477E-4
171.0	25.403334455153733	23.66420678410584	27.03070974504071	23.901007413549493	7.41602150222463E-4
172.0	26.781244228777528	24.734431073550667	24.668628102512095	23.815537693431956	1.5890172775614165E-4
173.0	28.709508102484282	19.819417890877094	23.612094149725102	27.85769104400378	0.0012888129097387824
174.0	23.54843778136354	26.159314876473683	24.45944657667741	25.832447681829258	3.530836561106423E-4
175.0	25.865266742177944	24.311289124398712	23.20280568650768	26.61903194917959	0.0016064977360739595
176.0	24.18447962117034	24.876407953671606	28.252760475401285	22.685063245374256	0.0012887043825128817
177.0	21.796636149065627	26.502415273006797	24.91455489540114	26.762895064990182	0.02349861753625381
178.0	25.322598924511375	23.486144372220323	23.93650655789622	27.254485351048423	2.647943236570426E-4
179.0	28.11645968654269	24.34463355832094	23.10146404364731	24.43627752143597	0.001165190053090296
180.0	26.095617247782428	22.90746106964007	25.730786183505955	25.265940780890713	1.9471818083654471E-4
181.0	27.526058104481287	22.70128282644043	26.46785170043501	23.304116066447968	6.913021953098868E-4
182.0	25.266274108206566	23.231134520412443	25.937211320413013	25.56527372739096	1.0632357702283707E-4
183.0	23.694902170384157	24.7973726853985	26.530568122048486	24.976625377999003	5.316441698482616E-4
184.0	26.124338554011455	22.05382944839596	26.591165502479193	25.226927059020355	0.00373943609303717
185.0	24.322383645873963	24.580843029473584	25.070471604643796	26.02575237198729	5.49348021363613E-4
186.0	26.63866660192117	23.34008435109593	25.64611103451136	24.375120290163803	1.7722307742202805E-5
187.0	24.0365817496098	23.015694888108	28.138915474175967	24.808168657455827	6.392306503994303E-4
188.0	27.036228403288376	28.345611313795704	22.645810821729405	21.97187000286787	4.794583186462228E-4
189.0	24.91858976897555	23.946870290064957	24.961938708045338	26.17173105757027	8.701753438835287E-4
190.0	28.485423164337792	22.193614363659066	25.023199361056296	24.29753222735356	2.3088359328753906E-4
191.0	26.452612879801592	24.41990656456676	24.70133001934386	24.42590148898268	2.4904730511247865E-4
192.0	26.626362373582836	23.94126956566292	24.206521460675116	25.225793229476512	5.3370602618148286E-5
193.0	27.442552382124987	24.890003008692826	21.73331309745727	25.93397138023205	1.601314928649855E-4
194.0	27.487864520343173	23.73224917532474	24.594192513964632	24.185693790367452	0.0
195.0	26.144271342466613	21.82948164971328	24.999096851508686	27.026545091312315	6.050649991075291E-4
196.0	27.63833562724352	22.741925471821293	26.489668128633063	23.12983888402518	2.318882769416719E-4
197.0	24.599690181707377	24.939551892779964	24.12886128843091	26.33123653822035	6.600988614008261E-4
198.0	26.86638006830896	23.594969898594506	24.723701121851004	24.81480594565306	1.4296559247086002E-4
199.0	25.496420160951782	23.207811469269057	25.27302817954063	26.02232845728136	4.117329571645562E-4
200.0	26.901072475143156	23.813893050395446	24.427526289104236	24.857454475664493	5.3709692665977266E-5
201.0	24.73856516332795	21.71697341293607	28.744412723905082	24.799798038936586	2.506608943043578E-4
202.0	25.148006286428583	25.516600715988186	28.14967386958257	21.185701222028857	1.7905971802749965E-5
203.0	25.57989701108611	24.765414439118093	23.097921145720772	26.55606884627447	6.985578005531503E-4
204.0	25.640211712245897	23.974104552716142	24.470119273545965	25.915403237450413	1.6122404158577103E-4
205.0	27.435185657942938	24.65405627648625	25.358385712404637	22.551584091810952	7.882613552183351E-4
206.0	24.957733164576556	21.44422856127204	26.465883371485173	27.131993647253427	1.612554128066899E-4
207.0	25.51002762069066	23.793666828129343	26.893069237023447	23.803039189912543	1.9712424400612376E-4
208.0	27.79869783614961	22.532883446029206	22.269851725389504	27.398477373446788	8.96189848857582E-5
209.0	27.436408450918847	20.92314300522092	25.298562836099997	26.34116862272525	7.170850349910606E-4
210.0	24.3759356191802	25.16378770739166	24.954506652006952	25.505375557471694	3.944639494914015E-4
211.0	24.508433956649963	25.811887263144435	25.519572515239446	24.15919154830502	9.147166611335277E-4
212.0	28.014511131235555	22.707483679194045	24.871072675697068	24.40660953390222	3.229799711148246E-4
213.0	29.086882679478066	23.701822608096172	22.951163725933746	24.259825782220595	3.0520427142354456E-4
214.0	27.18502661038459	25.939771278606344	24.23086430931572	22.644247974578207	8.982711514111482E-5
215.0	25.491584702129256	25.41925272680566	22.92108127842176	26.167775258900043	3.060337432805341E-4
216.0	25.806343626472728	24.67184170898292	25.942157103718017	23.57954840063029	1.0916019604443475E-4
217.0	28.4724802005636	22.873235726253288	25.95820723352007	22.695416415109122	6.604245539244904E-4
218.0	24.376299617132492	24.78198311542611	25.514634020216338	25.326768160443674	3.150867813866747E-4
219.0	26.190947097183287	23.346286917528015	24.972987402595752	25.489180379843855	5.982028490906195E-4
220.0	28.037731254072995	22.130393736061617	24.881201946168435	24.95033482184802	3.3824184893517707E-4
221.0	25.439878478742866	22.806532979148745	24.243823981971723	27.50961311290694	1.5144722972727383E-4
222.0	25.493931229866007	25.005609207876383	24.549514983147468	24.95082961669423	1.1496241591217791E-4
223.0	29.845073798259076	22.90040187419971	24.505846516503016	22.747922772316333	7.550387218704516E-4
224.0	29.29906251578338	23.446080088270374	24.881716920949064	22.373023920805313	1.1655419187151066E-4
225.0	30.307987281910037	19.898829287423712	24.061104388945356	25.731199262393012	8.797793278837847E-4
226.0	24.95584757330272	22.573149430325405	25.84405851440163	26.626707129917214	2.3735205302603102E-4
227.0	26.966837505455278	23.650967722339544	26.218165555894817	23.16271035791419	0.0013188583961722732
228.0	26.95250916068635	28.141363124601614	23.290043742541144	21.616023668129976	6.0304040913477566E-5
229.0	27.674952136037685	25.43268190485693	21.856791186987735	25.03555449292591	2.027919174442216E-5
230.0	25.39608862672721	23.392963534113893	27.833865253119217	23.377062147239076	2.0438800610302588E-5
231.0	25.194193230659025	25.161382057200466	24.018380060755597	25.624635201103686	0.0014094502812267854
232.0	25.082365560569215	25.178649713210326	24.89815257777326	24.840519605212055	3.1254323514752876E-4
233.0	22.72499631508773	25.552942436714925	22.68809447545722	29.033481777133552	4.849956065724075E-4
234.0	27.055932604055677	21.68028637794763	26.4621668659447	24.800457882673772	0.001156269378218283
235.0	25.292044294884615	22.26838019559107	27.515484256822898	24.92385271642938	2.3853627204237793E-4
236.0	28.481825018361228	23.878800950215588	23.601537599229708	24.037506984295437	3.2944789803455776E-4
237.0	27.402382244692454	25.049384157038734	22.32099546744196	25.2271271801258	1.1095070105309966E-4
238.0	26.989922531387016	23.183669005150694	24.33209398855896	25.494291970004575	2.2504898753836243E-5
239.0	27.501921704120385	23.76980668741612	23.977476371320066	24.749538848119702	0.0012563890237286199
240.0	25.238762572817702	21.966345982081066	26.69316468862143	26.101537473627573	1.892828522275871E-4
241.0	29.39040711377251	21.1852655465728	23.594928073487505	25.827077909926636	0.002321356240539881
242.0	26.204980391021493	24.592264717175546	21.476921777190935	27.72495506522958	8.780493824465114E-4
243.0	27.493574885801475	23.328728104082455	25.125123769989344	24.049865678834305	0.002707561292418757
244.0	25.916767713307575	23.532725427222022	26.073864995341346	24.475856496713952	7.853674151059473E-4
245.0	29.371325463964006	21.29383723428123	22.96105346455148	26.37206719601205	0.0017166411912345441
246.0	24.35861032017124	26.842900514955392	23.806662586125412	24.989319028035133	0.0025075507128250233
247.0	25.42630661507746	23.49870408344826	24.757454184326917	26.179334351738788	0.13820076540857112
248.0	25.764740405173242	23.344259166647888	23.963224565671755	26.917083377885355	0.010692484621761747
249.0	25.41454883366752	21.72558941577855	28.40293478412405	24.439908987463905	0.017017978965970293
250.0	26.60398206112146	22.27743898474155	24.93294113510465	26.184481839317858	0.0011559797144826435
