# Position (bp)	A	C	G	T	N
0.0	23.973832888071563	24.239762236998587	25.174601954068628	26.611770612593826	3.230826739485194E-5
1.0	23.09502299182398	30.044121361775833	23.395985194502583	23.38899356641338	0.07587688548422018
2.0	24.508910337020108	27.011266165162045	22.35467032878677	26.124413455075242	7.397139558294284E-4
3.0	25.98103865153461	22.235751351948903	24.478276909471163	27.29930933953424	0.00562374751109003
4.0	26.073620518412838	23.734401486886185	23.616006761376024	26.575810676333482	1.6055699147024928E-4
5.0	28.480756843593696	24.321093948484748	22.041318188933744	25.155932825383466	8.981936043482836E-4
6.0	25.342389406892313	24.02315160328376	23.940256820081807	26.687924203162687	0.0062779665794370975
7.0	25.875710224321075	25.456952405979294	23.40638497778656	25.26018514344829	7.67248464783775E-4
8.0	27.225140083409926	24.529881321392573	23.216955528006945	25.027959215143408	6.385204714452049E-5
9.0	26.26783241631731	25.56258255932719	22.047869670591272	26.121556011275075	1.5934248915276005E-4
10.0	24.640828525593054	24.800456753901226	23.183030815603765	27.375683904901955	0.0
11.0	27.52138389555733	22.694972986575063	22.68724210502972	27.096247011213475	1.5400162440913428E-4
12.0	27.85596123247551	24.68062847252687	20.505930524112667	26.95741905242159	6.0718463361416636E-5
13.0	25.077403378273484	22.54269234337883	25.33834232006248	27.04144184830049	1.201099847130017E-4
14.0	26.580560754434835	21.999529057256364	23.42411600988564	27.995734790939725	5.938748343460384E-5
15.0	25.17810070712077	23.53608510920507	24.87364878367422	26.412165399999942	0.0
16.0	26.537723768547384	24.78205796885478	21.586787800444636	27.09337270238877	5.775976443257674E-5
17.0	28.67310530399747	26.29551857376479	19.12309799143596	25.907372900750293	9.05230051487788E-4
18.0	25.878123242097367	25.74245947490571	20.197901239696797	28.181319551189567	1.9649211056105796E-4
19.0	25.192005764853114	24.83013773114806	21.597410845535077	28.38002653866562	4.191197981295521E-4
20.0	22.902921301313757	25.962197534925767	23.71834364631597	27.416482038988594	5.547845591251935E-5
21.0	24.02550690140481	24.63570801203133	23.51647433002998	27.822090765146545	2.1999138733718574E-4
22.0	22.672005685755792	26.876496833758356	25.899788554148788	24.551627234443483	8.169189357724718E-5
23.0	25.413821189997655	24.130093905812295	23.114761874429945	27.341133293669458	1.8973609065048308E-4
24.0	27.853084377469468	21.54020980662854	24.40647585774794	26.200176292307138	5.366584692085495E-5
25.0	24.591311688663794	25.636084396242794	19.90644731029372	29.865890799907923	2.658048917669061E-4
26.0	26.467859719788457	25.084906582936224	20.00782329915926	28.43935753798661	5.2860129454457034E-5
27.0	25.172720883158274	25.148993676435772	20.285153570390975	29.39302641576288	1.054542520999896E-4
28.0	27.83030141283438	23.45541201653315	22.56370186637796	26.147613553347927	0.002971150906578936
29.0	27.436203526693646	23.961112860437535	22.39174785561378	26.21067787129582	2.578859592184302E-4
30.0	24.00436455568818	24.242293815350806	25.015877749399795	26.737284542335242	1.7933722597592117E-4
31.0	26.177101831346338	24.529229422258663	22.86617806614092	26.427133528559253	3.5715169482510153E-4
32.0	24.187877149818757	22.869902322510928	24.707375860237224	28.234617116530586	2.2755090250480445E-4
33.0	23.5469307815788	24.80381670801918	25.30453163924573	26.344620653006434	1.0021814985770275E-4
34.0	25.80236853676896	26.538468226976082	22.680267410633324	24.97884613951362	4.9686108012630204E-5
35.0	25.113671610864163	22.35992226177788	25.820212774069418	26.705971974982283	2.2137830625425692E-4
36.0	24.151705339378083	24.799283281861207	25.932268169579054	25.116595736313595	1.4747286806462753E-4
37.0	25.50642700681952	25.25315514866945	21.42650926857554	27.813908575935486	0.0
38.0	26.98006364266564	25.496026140952242	21.151188423854062	26.37264809791754	7.369461051661396E-5
39.0	23.368974711126043	27.674945329584506	21.53692635359626	27.418834326537105	3.1927915608133466E-4
40.0	25.97753667658035	26.533213789574006	22.691875960334457	24.797250788220175	1.2278529100973469E-4
41.0	23.666735745595727	24.65015287396173	21.594834402092403	30.08321882927912	0.005058149071019359
42.0	24.853500232258725	25.776667278821442	20.79270442450413	28.577078961091505	4.910332419684148E-5
43.0	25.899173373966228	25.450620798041605	22.49413103617069	26.15214701094648	0.003927780874996655
44.0	28.872104305505818	24.99736752256751	22.52890141132699	23.60133221767017	2.9454292950924975E-4
45.0	25.41890029025756	24.460831917876767	21.921059858535333	28.195379390216157	0.0038285431141811444
46.0	25.291323008664968	24.333661347278422	22.159027050107607	28.215988593949003	0.0
47.0	25.053552999188796	24.42198340188281	23.481119163213837	27.041798575944163	0.0015458597703981104
48.0	22.69513010308899	24.04040156258624	22.933442902436482	30.331025431888285	0.0
49.0	22.230447417942635	25.675684293768015	24.842993604951207	27.249255807838495	0.0016188754996438474
50.0	27.054200424357877	24.678880383908737	20.39986078746322	27.86698482470527	7.357956489460095E-5
51.0	24.861029368489202	26.622623741981048	21.347870441213974	27.166244874737604	0.0022315735781688346
52.0	22.76880091012069	25.883894030355137	21.48072759734452	29.866577462179656	0.0
53.0	22.991876391227528	25.110535049470617	23.595731716996085	28.30034274717908	0.0015140951266894675
54.0	23.01112748847154	28.319834220738816	22.381445655327216	26.287470537844886	1.2209761753360858E-4
55.0	24.132874477990338	28.13356821738207	22.619314406200004	25.112878804118004	0.0013640943095831522
56.0	26.502560885107364	25.303405639865684	24.657174582244124	23.53685889278283	0.0
57.0	22.780378725224026	27.817449532365234	23.046488769654445	26.350520043368608	0.005162929387686316
58.0	25.42321084311972	25.114564433560176	21.886476076189762	27.575529489916455	2.1915721388843094E-4
59.0	27.25099714121604	22.34796716135974	24.74188523909597	25.65644774970288	0.00270270862536587
60.0	23.87522737565168	23.483884800063787	23.615247945506173	29.02556695327201	7.292550635217624E-5
61.0	25.451593779615774	24.06219411975885	22.64982495781025	27.83060223117722	0.005784911637905366
62.0	25.17843523370969	22.11250400425046	25.061746878872093	27.647070833063953	2.4305010380669935E-4
63.0	26.484796651522984	23.61984325522829	22.996427101918126	26.896672740180243	0.0022602511503584683
64.0	25.128077865326055	22.189837364944836	23.567904010797864	29.114059467330954	1.212916002898384E-4
65.0	24.123667478768436	25.98356973547992	23.647394531071868	26.240322939012806	0.005045315666966475
66.0	24.65756614372617	23.651002706871964	23.316257725257348	28.374518535766608	6.548883779142532E-4
67.0	26.46122980288141	25.276379069771387	21.243467519562575	27.018365768456416	5.57839328206224E-4
68.0	23.5225054144445	22.849804643447005	27.08206915452206	26.545402512108225	2.1827547820519352E-4
69.0	23.45818265861861	24.84948696426757	24.79923713384862	26.890546799156134	0.002546444109068324
70.0	26.088269577324457	22.980329132176713	24.382135481791316	26.548829878465067	4.3593024244260436E-4
71.0	24.794797766758073	22.883458273351575	26.40126606099888	25.919584060985834	8.938379056363244E-4
72.0	27.591219506539282	25.469817657607518	21.67888434127941	25.258556720155827	0.0015217744179575178
73.0	25.31074821828349	23.044797547200663	22.875604824733973	28.765226439279378	0.0036229705024987623
74.0	24.97682645903947	25.807596091098223	23.387500730588446	25.82701404517041	0.0010626741034532562
75.0	25.519253721755064	24.563535132372806	21.96539483859313	27.949594436048024	0.0022218712309697935
76.0	26.324051337237268	24.343891096741288	25.288424198749222	24.042691514827172	9.418524450489474E-4
77.0	24.207788845761613	25.005451617288983	24.0932263987232	26.6927845218986	7.486163276118922E-4
78.0	27.034129798325672	26.492224831278016	20.491643347760952	25.981543210890162	4.5881174519430914E-4
79.0	27.269430068078492	21.213744935404755	22.658840364344186	28.85549745982432	0.002487172348245662
80.0	23.74917450310218	23.739950669391963	27.76277362128436	24.745324397643817	0.002776808577682427
81.0	25.213740736331978	25.02494819010026	21.860095523861286	27.900732642566865	4.829071396130417E-4
82.0	22.9341623580848	22.320120027022497	24.14317288362797	30.60145822981389	0.001086501450841604
83.0	25.39019890088081	22.501473974748556	23.859582960513894	28.247971564479933	7.725993768020276E-4
84.0	23.640361158839056	25.616237710674582	25.04462096742458	25.69745233770896	0.001327825352821303
85.0	25.071760031557517	27.066918251261747	21.14882197669978	26.711872066529573	6.276739513861696E-4
86.0	25.401754224182838	25.25601949374019	22.51441052631071	26.82581211444992	0.0020036413163392365
87.0	22.056173895075503	22.18348413908439	25.833865200804514	29.925728449228945	7.483158066506447E-4
88.0	24.534841113861276	26.975473945260887	25.453017274881734	23.03596765262343	7.000133726692572E-4
89.0	26.11590375870159	26.38317901383565	22.425897676035262	25.07407818639993	9.41365027565099E-4
90.0	23.495460016794283	25.45439054113646	25.11669466920359	25.933189269714273	2.655031514017239E-4
91.0	26.60911099660048	25.10743416678031	23.758126198489826	24.524749380616836	5.792575125475625E-4
92.0	25.48586557513944	24.267575414571986	22.785590682116023	27.46096832817255	0.0
93.0	26.231380745059802	25.894593055247178	21.523906978540193	26.349805481276974	3.137398758555445E-4
94.0	27.78979076961393	23.386173872289774	23.311288420725436	25.508065088320425	0.004681849050429307
95.0	23.490277702364363	26.758465910119273	23.950359872822816	25.798990063528258	0.0019064511652881094
96.0	25.866317699130846	24.57935914618461	23.53173260644097	26.02143225658863	0.0011582916549429856
97.0	25.35345886817876	24.963563429072234	23.104067672605584	26.578765249066887	1.4478107653417268E-4
98.0	28.212245075234776	23.13457325135847	24.11730641160517	24.535851132623616	2.412917796716501E-5
99.0	21.872506951887654	22.164115932421407	26.696285917684147	29.26709119800679	0.0
100.0	22.59236726811149	25.024207193311625	24.454885848670184	27.9285396899067	0.0
101.0	23.644532504131416	22.323227133447332	28.393122178232584	25.639045819581042	7.236460762824275E-5
102.0	24.984741718914723	24.183977478053407	24.759208644027318	26.072072159004556	0.0
103.0	25.698173358690756	25.595436243164933	24.92169883141657	23.784546832589882	1.44734137862161E-4
104.0	25.544158522932992	27.191969550520902	22.684442210226162	24.579067888743328	3.6182757661638626E-4
105.0	27.53411991403593	23.560151327249397	21.02279292516403	27.879413902413074	0.0035219311375620467
106.0	25.925031612332695	23.31094136485191	24.698313896352076	26.065689004118646	2.41223446726043E-5
107.0	25.90946052179929	24.153171892145366	23.02880367385603	26.907695525177555	8.683870217629848E-4
108.0	23.41805890026089	24.352968361660416	24.716005572793655	27.512918924342767	4.824094228067738E-5
109.0	25.710654707291496	24.82163685988255	25.152482998218055	24.314429493617517	7.959409903821385E-4
110.0	24.49191048411196	24.17860921732809	22.954611835648763	28.374771988310172	9.647460101119853E-5
111.0	24.660655202338212	24.41746151423104	24.523175878504937	26.39788735281874	8.200521070756507E-4
112.0	25.71534623556121	24.07336436730517	23.40412651653595	26.80709052534496	7.235525271398523E-5
113.0	28.021413511726205	21.909296697773513	23.126221253660447	26.94215206902257	9.164678172678937E-4
114.0	26.12713690416183	22.396149629235886	27.63720539410781	23.839242775851833	2.6529664264686947E-4
115.0	26.905652322301403	23.512811761712207	26.0031186723573	23.57774189307995	6.753505491444153E-4
116.0	26.590387282931665	24.537775926456113	24.855939008009432	24.01580130376675	9.647883604073047E-5
117.0	26.045366551840083	26.651233175798524	23.99906222005894	23.303590336814473	7.477154879856593E-4
118.0	26.320749210447232	24.516946139645317	24.658286577627013	24.503800996522447	2.1707575799236763E-4
119.0	26.878036555771807	21.50422377174387	24.38012233175645	27.236941981056646	6.753596712349121E-4
120.0	25.291540671458286	23.765415795644515	24.715852012220964	26.2271674009905	2.4119685739790558E-5
121.0	27.525904736176905	23.50584665553937	24.185978639446592	24.78154637285454	7.235959825951046E-4
122.0	26.497864079168604	24.03058668538999	24.423279667784776	25.047883652312464	3.8591534416292187E-4
123.0	24.255875643449347	27.65323513138161	23.41895131082529	24.671117849577932	8.200647658208582E-4
124.0	25.736192390357132	24.648018622156282	22.798031562249083	26.81766094737881	9.647785869322187E-5
125.0	26.683476244492045	23.659609425744847	24.091490476837105	25.56438672094806	0.0010371319779385144
126.0	23.586792220281133	24.38010897703841	24.678588648221144	27.354365437042976	1.4471741633102276E-4
127.0	25.569066551409424	23.11755080934124	27.53149474878488	23.780995482970933	8.92407493521604E-4
128.0	25.551030449794442	23.577395589247963	24.76514138309047	26.096615898919563	0.009816678947565187
129.0	24.17843546249004	26.458034651296963	22.243723576890645	27.1172496232506	0.0025566860717531536
130.0	26.20205028608587	23.993272483705816	24.032467285003854	25.772137585571297	7.23596331656037E-5
131.0	25.903791725941783	24.439581834872918	24.396117437809973	25.259737158586198	7.718427891311028E-4
132.0	26.70399658458989	25.462413001713735	22.151925449508735	25.67529725042602	0.006367713761618364
133.0	26.82944536796821	25.610329680295692	24.453129748603217	23.105503290435305	0.0015919126975780739
134.0	26.853661495654723	23.14871428995245	21.099991148088144	28.89753658770134	9.647860333714665E-5
135.0	26.213992662860612	23.884318251435708	26.26240041678425	23.638758040824595	5.306280948280645E-4
136.0	27.727435755129132	26.35610506870161	24.485808277092012	21.42411443586343	0.006536463213822183
137.0	28.96893047829099	21.423309811458374	23.875812604560426	25.731681785115416	2.6532057479049324E-4
138.0	25.06207699307849	24.029627156956927	26.86451067651923	24.042410374569982	0.0013747988753662814
139.0	25.86367123800455	23.608682092912026	25.3914146256281	25.13512255396762	0.0011094894877077006
140.0	26.840782634262162	21.61120141127131	25.411060023651434	26.136762976028503	1.9295478659321202E-4
141.0	25.798099938928676	25.24686611487005	24.89370405781805	24.060895732050287	4.3415633294194945E-4
142.0	29.051535460628543	22.672930170900464	23.71540033797066	24.55991694971589	2.1708078444312268E-4
143.0	26.81354967401765	25.452696982341717	23.818781310827728	23.914779072487956	1.929603249451872E-4
144.0	27.97042473558798	25.287024737951764	22.7134682796027	24.028455120809802	6.271260477527541E-4
145.0	27.864338425506613	22.365756089442474	22.583320167731774	27.185765230992992	8.2008632614592E-4
146.0	27.559154827661065	21.729322945560675	24.60539328010806	26.101377264285198	0.004751682385006875
147.0	26.33416078717778	24.552755247642818	26.389731725506575	22.720409681306457	0.002942558366368777
148.0	24.079830584920998	24.637134801243597	23.504364416079962	27.778018972366336	6.5122538910717E-4
149.0	27.615869312902863	25.320263272908306	23.732068102858587	23.330086802490328	0.0017125088399223922
150.0	25.75005535597389	23.927818704482075	24.550724162267535	25.771377657026445	2.4120250059456417E-5
151.0	26.363248897140316	24.35490939895263	25.669633434986096	23.611532888724117	6.753801968395584E-4
152.0	27.682239969897026	24.085417184262514	23.22270651772771	25.009539844226765	9.648388598499193E-5
153.0	24.82177945083419	23.34666278795457	25.004474509287437	26.8262631262323	8.201256914986254E-4
154.0	23.252077351179448	24.21489054588119	24.847262103248116	27.68335784086699	0.0024121588242558972
155.0	27.367732057730255	23.664618106798706	24.115465336248747	24.851870857975282	3.1364124700864664E-4
156.0	25.75941451061723	23.925465622717006	26.11786607321223	24.196964272099887	2.8952135364743826E-4
157.0	25.15316345598232	22.723128387564525	26.215445786301	25.907828086340444	4.342838117090153E-4
158.0	24.999619993596593	20.96313165810426	26.089140575105308	27.948011263631074	9.650956277066409E-5
159.0	27.057746567909053	21.92745281885306	24.042370742549625	26.971681901906063	7.479687821958337E-4
160.0	26.540488136319524	21.42319769487161	25.404500134877612	26.63174164880765	7.238512360242423E-5
161.0	24.702019528129323	20.86284344754219	28.54462185030075	25.8866787485918	0.0038364254359349527
162.0	25.672665081062924	23.4603883385979	24.871385852576495	25.9955365986604	2.4129102279162616E-5
163.0	25.45846893177903	23.82197354765589	26.960103834607818	23.759260648946995	1.9303701026208877E-4
164.0	25.5914597568962	24.071228534654622	24.37806419418962	25.95714821397806	0.002099300281499277
165.0	27.189975830489104	22.00899889576995	26.313999976834335	24.486325500764465	6.997961421445229E-4
166.0	25.087682973503746	23.14497481361788	25.721987902235234	26.045233651535533	1.2065910761489281E-4
167.0	26.841394109537042	23.670497416711292	26.453556911868937	23.03404477443011	5.067874526183898E-4
168.0	26.180760072024654	24.181426645213403	23.252230377540588	26.385486370364188	9.653485716823202E-5
169.0	26.441154352231116	22.417994132474025	25.678559395909335	25.461978373755034	3.1374563048873846E-4
170.0	31.509946797881184	22.804990244830144	23.11801486879031	22.566975684961594	7.240353676796404E-5
171.0	25.704787073573954	23.5807117257358	26.585357612617504	24.1283712847989	7.723032738418468E-4
172.0	27.142926434572058	24.39667169485501	24.226906993316312	24.23332595715559	1.6892010103352557E-4
173.0	29.113884342311547	19.979474646507132	23.155257914603816	27.750080052739495	0.001303043838014277
174.0	24.251404679417483	25.854667135737657	23.812664048169538	26.08085394084783	4.101958274880428E-4
175.0	25.961116919233536	23.7645850157519	22.924596201447724	27.34789227084343	0.0018095927234105082
176.0	24.423724417475434	24.25693208755813	28.251189779657032	23.066681947317942	0.0014717679914589203
177.0	22.623540198822507	26.24394363478429	24.272584692597242	26.83582665765853	0.02410481613743847
178.0	25.41599283736441	23.234607438689476	23.813037067990273	27.53607313956162	2.8951639422771864E-4
179.0	28.119451298825854	24.399313701291163	22.683253264346366	24.796678819973504	0.0013029155631092489
180.0	26.50967630988088	22.280751698097877	25.348054736763686	25.861323760502835	1.9349475472000218E-4
181.0	27.905112436004032	22.44651270255955	25.95162329791127	23.695928113808503	8.234497166485305E-4
182.0	25.598325745941537	23.13047642590145	25.398558996803395	25.87249356405332	1.4526730030648978E-4
183.0	23.904647443269447	25.091700049923567	25.750754058892372	25.252293167057033	6.05280857581288E-4
184.0	26.469360548816308	22.160099830565024	25.807358388145076	25.55923469044341	0.003946542030188384
185.0	24.828431016534726	24.373810734258118	24.391047522211732	26.40600866681192	7.020601835040066E-4
186.0	27.280252431551816	23.22024546368173	25.00838299171482	24.491119113051635	0.0
187.0	24.615059607429195	22.502556405858293	27.8833056510637	24.998374960222908	7.033754259059476E-4
188.0	27.515797102433524	27.603526442986357	22.325819542905155	22.554396071898765	4.608397761968009E-4
189.0	25.105051392955758	23.625575587521322	24.421016682093285	26.847313342763947	0.0010429946656886771
190.0	29.007120292506166	21.27488481951115	25.174587010663334	24.54314104524914	2.6683207020691374E-4
191.0	26.809360501773043	24.013285371877434	24.339467005846974	24.83747407858244	4.1304192011040367E-4
192.0	27.062707794269976	23.56861745541117	23.865418684117234	25.50315887382218	9.719237943710547E-5
193.0	27.93617366145319	24.15147260987193	21.793343006788994	26.118792012035847	2.1870985003551602E-4
194.0	27.465643764453823	23.36600703601706	24.224439028800234	24.943910170728888	0.0
195.0	26.402943323235935	21.543188436513873	24.478831070756087	27.574332304148914	7.048653451980806E-4
196.0	28.38218635792923	22.392633926015197	26.033396253953043	23.19173473050084	4.873160168835507E-5
197.0	24.835719067359506	24.018512051573673	24.181032287402257	26.964005508483147	7.310851814151324E-4
198.0	27.49588708450518	23.210054536880953	24.010879537546394	25.28313000134065	4.8839726819872006E-5
199.0	26.03838861585054	23.10266622684707	25.232471410910595	25.62593539154548	5.383548463192679E-4
200.0	27.453236233955757	23.683868547275743	24.046975580519725	24.815919638248776	0.0
201.0	25.321888727139587	21.294632936226286	28.480470811212456	24.902689356819725	3.1816860194758343E-4
202.0	25.252302492772127	25.149501709919686	27.884908159738707	21.713263161192607	2.447637686962805E-5
203.0	25.878640947846133	24.681077354288636	22.158170550409658	27.281450091764327	6.610556912487978E-4
204.0	26.05355541206727	23.578039631661156	23.90213706951371	26.466243400701817	2.448605604809257E-5
205.0	27.636181896807994	24.46758702628897	25.156730331757498	22.73854574429583	9.550008497058842E-4
206.0	25.567138768017273	21.270471167466347	25.892439064052052	27.26995100046433	0.0
207.0	26.008355381985865	23.879413261719506	26.37931651055029	23.732620918141652	2.939276026921809E-4
208.0	28.203804042263435	22.706784379217527	21.36736600242876	27.72202107782096	2.4498269319763903E-5
209.0	27.143440285239933	20.912343409118975	25.187365117696753	26.756018127397503	8.330605468405444E-4
210.0	24.70278770466313	24.46493454872228	24.804829796290758	26.027178386681204	2.695636426282063E-4
211.0	25.39746077113236	25.38763133995247	25.20126434428992	24.012761101925808	8.824426994412422E-4
212.0	28.127175553612876	22.194368051868754	24.534543408080218	25.143643245377312	2.697410608425485E-4
213.0	29.591971924700726	23.126595968101245	22.398118107037078	24.88292144843735	3.9255172359648036E-4
214.0	27.35892599970637	25.227109462808357	24.330996237306497	23.082943749131505	2.455104727402357E-5
215.0	25.50975624688206	24.807821815017693	23.141240793088297	26.54083692692914	3.442180828085442E-4
216.0	26.36304554540323	24.389455278457465	25.884995255506084	23.362454253070634	4.966756258671646E-5
217.0	29.41104753092493	22.630832776933683	25.435687836390215	22.521655775253098	7.760804980734428E-4
218.0	24.54255975586685	24.485451552618226	25.353870059515287	25.617815536714815	3.030952848224279E-4
219.0	26.31034745467531	23.061783960615877	24.304093102350873	26.323087518890333	6.879634676110622E-4
220.0	28.110321715371754	21.721590134119936	24.298660284852925	25.86904401511757	3.838505378129885E-4
221.0	25.493583644555866	22.833365460638554	24.300122977139445	27.37279906483771	1.2885282842266615E-4
222.0	25.97405404898575	24.603438571688656	23.833899865162735	25.5884772869398	1.302272230633454E-4
223.0	30.724507885163987	22.658908378266606	23.616586370664606	22.999207137344357	7.902285604406313E-4
224.0	29.760061766225714	22.79623139415233	24.476794493426908	22.96685953649454	5.2809700508266955E-5
225.0	30.49660720388616	20.062547583192085	23.98368143804738	25.45612813093089	0.001035643943487831
226.0	25.05685126184558	22.72694314766397	25.580328657762387	26.6357963688237	8.056390436312622E-5
227.0	27.416692665590535	23.307225892215243	25.586277994058683	23.688392723918557	0.0014107242169802362
228.0	27.520773712782194	27.277611823119898	23.352428265879535	21.849049896710717	1.3630150765823652E-4
229.0	27.548555057634793	25.338733696513614	21.98528177605433	25.127374528500663	5.4941296598117324E-5
230.0	25.51858662587863	23.12036775756917	27.432604666711384	23.928440949840805	0.0
231.0	25.06091253459568	24.801967610976998	24.048089049887942	26.087487294102722	0.0015435104366562963
232.0	24.412653049251055	25.3593244395904	24.65257876423307	25.575105267195898	3.384797295772614E-4
233.0	23.129111050589536	24.86272138894157	21.959530080092854	30.048181192081685	4.5628829435157865E-4
234.0	27.02761275219217	21.466470229480933	26.71577596309994	24.788721376451008	0.0014196787759471648
235.0	25.32718660437809	22.45949526778719	27.226700667851077	24.986382807227187	2.3465275645126425E-4
236.0	28.727612647202577	23.98666364971532	23.625045209728597	23.660411243726315	2.672496271867701E-4
237.0	27.89645845373263	24.729163436441617	22.15487025966661	25.219297916771012	2.0993338813594448E-4
238.0	27.19690707420322	22.7740777872658	23.77685189538776	26.252102573747443	6.066939577832009E-5
239.0	27.35592142933843	23.298531530691648	24.210190457641705	25.134279698681798	0.0010768836464141774
240.0	25.589005714162177	21.428887087990088	26.224262345950823	26.757622300652105	2.225512448085948E-4
241.0	28.854873388812763	21.54292016596084	23.451533482615332	26.148508532787133	0.002164429823933183
242.0	26.919942065476725	24.19442377024663	20.719468461590953	28.16511339133163	0.0010523113540568515
243.0	28.01874631914733	22.559969952744556	24.969563101152705	24.4493891541161	0.0023314728392995615
244.0	26.963201757207056	22.54627980719107	25.993749037987378	24.49574538417944	0.001024013435056268
245.0	28.931831929734464	21.54255788062181	23.240628809728285	26.283218266115423	0.0017631138000199394
246.0	24.938993456245466	26.855786952305728	22.842102221280367	25.360548673589307	0.0025686965791383307
247.0	25.665523346940404	23.4920045869996	24.793530349639738	25.913042527506242	0.13589918891402206
248.0	26.16413471316778	22.962577136026923	23.513832736225613	27.348413562742024	0.011041851837663532
249.0	25.801939710175976	21.285091063259177	28.602610436000823	24.29438759163677	0.015971198927251674
250.0	27.68292540958373	21.74499613246376	24.219831277114793	26.35153576112855	7.114197091716229E-4
