# Position (bp)	A	C	G	T	N
0.0	23.669698240187895	23.864300073435633	25.36799439878398	27.097955462869916	5.182472256930391E-5
1.0	22.32127994176819	30.503407367275003	23.23368511604487	23.85911872692363	0.082508847988304
2.0	24.24398613006217	27.19274234948153	22.154767352141278	26.40772948456675	7.746837482711642E-4
3.0	25.76694715806337	21.91997943797121	24.650641634392265	27.656031941336284	0.006399828236867966
4.0	25.848066506363143	23.456408066341314	23.076796116404704	27.618626155469663	1.0315542117842692E-4
5.0	28.53314837125846	24.08715341511653	21.9189334311736	25.459991816871057	7.729655803580171E-4
6.0	25.333669489694067	23.608312666577483	23.379554832933717	27.671156755199277	0.007306255595459832
7.0	25.31182815579955	25.878886488696324	22.72018514010311	26.088535262800544	5.6495260047682E-4
8.0	27.123804818447205	24.15896529668383	23.702008233017352	25.01522165185161	0.0
9.0	26.254150916079233	25.226570569538172	22.655010592477883	25.864165603837748	1.0231806696615165E-4
10.0	24.68728447846152	24.92245698004766	23.115872047754333	27.274386493736486	0.0
11.0	27.21650799993867	22.8120040376804	22.907604677260053	27.0638338279871	4.945713377116086E-5
12.0	28.868918080738148	24.840433145504523	19.810973525777534	26.479626562440668	4.868553912905465E-5
13.0	25.357674511398777	22.73511176249415	24.61546872721971	27.291409289370094	3.3570951726889754E-4
14.0	26.56597841364533	22.39637662700519	23.22584746104414	27.81170262574054	9.487256479914766E-5
15.0	25.12334035019499	23.745611345629666	24.024120306149538	27.106881260492578	4.6737533230386126E-5
16.0	26.811867125844728	25.133530626372526	21.265993741733897	26.788608506048845	0.0
17.0	29.120018570360113	26.142711245688467	18.663167097839	26.072713894115786	0.0013891919966408442
18.0	25.99623233350957	25.31178773109169	20.02185957444918	28.670031500890826	8.886005873649883E-5
19.0	24.97466528842306	24.67461936167556	21.295231338894837	29.05468988857139	7.941224351499766E-4
20.0	22.81911300108224	25.787728062791743	23.89186352853723	27.501251680750354	4.372683844026368E-5
21.0	23.511215101914694	24.663819968979	23.54129134562588	28.283023520576005	6.500629044203845E-4
22.0	21.68915893718232	27.319745909105723	25.589639431777826	25.401455721934123	0.0
23.0	24.93608729240901	24.374448908866217	22.905640400424364	27.78348213238302	3.412659173889062E-4
24.0	27.84654091657445	21.460031443145933	24.063621764594746	26.629805875684866	0.0
25.0	24.592328629545197	26.072991714359357	18.987238294958132	30.347065992337473	3.753687998458485E-4
26.0	26.174404598880365	25.1358942794506	19.6004735116474	29.089103306999046	1.2430302259373174E-4
27.0	25.72207662759629	24.178805707492852	20.201216498497647	29.897859875988335	4.1290424874342915E-5
28.0	27.81144553893468	23.582196478864937	22.61508580433919	25.987694201767763	0.003577976093427461
29.0	27.731260304651933	23.489783171232265	22.51492591904834	26.26354828103735	4.823240301066659E-4
30.0	23.888728228590576	24.393152813206143	25.20986112967015	26.508058388162816	1.994403703208796E-4
31.0	26.167363285979096	24.21135152085293	22.23537397144456	27.385315820601676	5.954011217357134E-4
32.0	24.340886312272772	22.58964331335364	23.842664832465363	29.226530411712687	2.751301955389604E-4
33.0	24.74946875817034	23.940212310535387	25.624398255649318	25.685843093778633	7.758186632489268E-5
34.0	25.9444253622368	26.229839754229694	23.156022312750775	24.669559060285494	1.5351049723968938E-4
35.0	25.44797415426493	22.304198718106772	25.627850395465995	26.619711204180774	2.655279815283563E-4
36.0	24.272170283787364	24.954816782954946	25.758242407912075	25.01458103816992	1.8948717569743597E-4
37.0	25.48427126918505	25.895946356478504	21.124977556359106	27.494804817977336	0.0
38.0	26.41451489038778	25.99066027861634	20.98885019638256	26.605709559809203	2.6507480410971974E-4
39.0	23.590341166569562	26.893240308211023	21.341375925301264	28.1749290253752	1.1357454294764555E-4
40.0	26.25714881612312	26.58044242129915	22.564727800865374	24.597529553865424	1.5140784693877936E-4
41.0	24.31850007190814	24.185394321527784	21.035742129843392	30.456011141976948	0.004352334743742099
42.0	24.591514428634838	25.602061887659517	20.542551029713994	29.263796971725487	7.568226616923236E-5
43.0	26.24649780456567	24.903016854049493	22.97383450908726	25.87328342763958	0.00336740465799087
44.0	29.097565902816186	24.386633385817003	22.692729940129276	23.82265463451468	4.161367228552124E-4
45.0	25.3460085566457	23.608164481863746	21.79633579482206	29.245784371166728	0.0037067955017658343
46.0	24.637594558226535	23.928138395197223	22.174031763848937	29.260235282727297	0.0
47.0	24.967526537483735	24.116580014044416	23.382254344637314	27.53208869689053	0.0015504069440079988
48.0	23.35602570054241	23.776177248457227	22.904875028163836	29.962922022836523	0.0
49.0	22.043190812974633	25.995040578800744	24.163381176123714	27.797026615308436	0.0013608167924792193
50.0	27.442905944010747	25.068166647894223	19.07142927337037	28.41727135352845	2.2678119621033504E-4
51.0	24.50608897748637	27.015597985771915	21.230266327812785	27.246006027568093	0.0020406813608321445
52.0	23.287813198238887	25.530506102954114	20.70180674876797	30.47987395003902	0.0
53.0	22.928620135725588	25.030926222013605	23.62823540562528	28.410751380255434	0.001466856380091825
54.0	23.208011547797515	28.639395350341612	21.736855842838025	26.415737259022848	0.0
55.0	23.629936725942365	28.944657690346958	21.777783608720426	25.646422466788614	0.0011995082016373285
56.0	26.717662821966325	25.79515961284399	24.86073814498674	22.62643942020295	0.0
57.0	23.266458335753534	27.741013621454062	22.23048733919403	26.7575812878418	0.004459415756577358
58.0	25.419368376089192	25.395949918222744	21.14079738912297	28.04362202983699	2.6228672810421025E-4
59.0	27.673429841644744	22.386553778068848	24.25867214774329	25.678534256604006	0.002809975939112692
60.0	23.971037610890683	22.106078319395067	24.309689610735205	29.61319445897904	0.0
61.0	24.632605614090426	24.004906190777124	22.50378671374537	28.853805754758476	0.0048957266286045725
62.0	25.112481819798894	22.488067958451232	25.004073261912986	27.395040635458756	3.363243781362248E-4
63.0	26.88565927029785	23.204414728266496	22.854768428923375	27.053251837632885	0.0019057348793950076
64.0	25.24653207693724	21.806748967021466	23.23730217240436	29.709193154872608	2.2362876432435413E-4
65.0	23.763469912924222	26.858806057477842	23.08937332645125	26.283878589569916	0.004472113576777805
66.0	25.350831460406177	24.045030746315042	22.814544622497262	27.78884785073923	7.453200422894592E-4
67.0	27.296673895708036	25.269598527362298	20.044044984014132	27.38904912021821	6.334726973267452E-4
68.0	23.830665174226493	22.895070625110854	26.42733222344274	26.846671147961732	2.608292581866852E-4
69.0	23.601379645937577	24.409836963467402	24.946858592998115	27.039614706635213	0.002310090961694593
70.0	24.184515461188262	23.073505155712482	24.647213327364316	28.09417113723134	5.949185036014879E-4
71.0	24.86425877400614	22.991070601736094	25.774460276290533	26.368876827941097	0.0013335200261369925
72.0	26.82246680632554	25.634872543994025	21.420327773645955	26.119814275428237	0.0025186006062419813
73.0	25.527130269960175	22.416623736777996	22.766976070491186	29.285566409729274	0.0037035130413656486
74.0	24.68779880474399	26.33933035148881	22.921096661089596	26.05058914759686	0.0011850350807416246
75.0	25.233968098204944	24.17608013405049	21.885890445199454	28.702098704857477	0.001962617687629028
76.0	26.9312476324241	23.66002146972447	25.568560739731616	23.8388000653201	0.001370092799717983
77.0	24.51961368405345	25.1124619588098	24.5707857729744	25.795953702219172	0.0011848819431767648
78.0	27.496738008385652	26.125627776025212	20.03947713347581	26.33737953587154	7.775462417857794E-4
79.0	27.972727306386464	20.44726328923643	22.105247568376114	29.47217007853025	0.0025917574707409094
80.0	24.13088880982203	22.526267619270115	28.25743840405724	25.082073004710566	0.003332162140047813
81.0	25.755115958517727	24.474557470930307	21.753537289213032	28.016011794111016	7.774872279211213E-4
82.0	22.74844740617335	22.159026331621085	23.870498403443012	31.22017677819427	0.0018510805682817343
83.0	24.841551668224003	22.32137171830552	24.345104909084718	28.4908610852378	0.0011106191479626061
84.0	23.618160024461734	25.722209759373232	24.54898677037731	26.109088674527886	0.0015547712598311518
85.0	25.359761164858067	26.87306237957834	20.61718820853284	27.149025799155634	9.624478751186866E-4
86.0	26.254494117716735	24.777695480471294	21.921855561194217	27.043363770998308	0.002591069619449605
87.0	21.947991187757616	21.678419777798837	26.03253659923248	30.340016049177997	0.0010363860330695977
88.0	25.030359176539953	26.70704440230822	25.482128891683715	22.779431190616396	0.001036338851714345
89.0	26.72204010737641	25.78114561731998	22.4622552229045	25.03315263313146	0.0014064192676478786
90.0	23.589472562221314	25.784206178607594	23.79617375187271	26.829925446933494	2.2206036488959158E-4
91.0	26.595067106083683	24.172549513057607	24.298379202572846	24.933189986177236	8.141921086280308E-4
92.0	25.545107815105588	24.009354115981267	22.697239136887028	27.748298932026117	0.0
93.0	27.02420650971595	25.534424268755135	20.697008038244295	26.744028122197893	3.3306108673391785E-4
94.0	27.659162675858017	22.87389291372267	23.03368561987765	26.428003912293864	0.005254878247801555
95.0	24.249230941162235	25.67699935870133	24.326053563426214	25.74519978877479	0.002516347935429032
96.0	25.903459086100266	24.26481607774368	23.67460412319481	26.156417639159585	7.030738016569599E-4
97.0	26.347759835974284	24.21825248667624	23.0003814981889	26.433569176426445	3.700273413202502E-5
98.0	27.623416647764927	22.887744382852933	25.011794316009222	24.477044653372914	0.0
99.0	22.17281027130528	22.022255728121213	26.64182707872756	29.163106921845948	0.0
100.0	22.913556458078734	24.754540950786836	24.155604961238243	28.176297629896187	0.0
101.0	23.377845261575562	22.343722656390185	28.36568966850434	25.912668418137603	7.399539230692105E-5
102.0	25.203119068216484	24.14869078021847	25.01426403147781	25.633926120087235	0.0
103.0	25.746935483274196	25.677819669886894	24.950586633416087	23.624547213722526	1.1099970030080919E-4
104.0	25.134004239443847	26.713380222021353	23.351795029660938	24.800376510565496	4.4399830836644514E-4
105.0	27.92261565137081	22.810614520591944	21.15174415980096	28.110511433225216	0.004514235011074677
106.0	26.689427700723606	21.897806977945454	24.01268125326541	27.400010064486718	7.400357881307141E-5
107.0	25.39506869022352	24.880928065454782	22.290983982641695	27.431835202666498	0.001184059013501233
108.0	24.090975018833184	24.667033710293058	23.363695833314832	27.878221436827793	7.400073112722354E-5
109.0	25.64399036673809	24.4875253402222	25.545163962661306	24.322099337740994	0.0012209926374143964
110.0	24.43456308854778	24.276500860425354	22.825969120886157	28.462929930555482	3.6999585234649515E-5
111.0	25.159465334628372	23.53460061976782	24.00325609361269	27.301493917950143	0.0011840340409786782
112.0	25.473826990295358	24.132626047691833	23.380792806672666	27.01271715567277	3.6999667372990315E-5
113.0	29.48365277213037	21.210013419352354	22.2697981695367	27.03531468880755	0.0012209501730234388
114.0	26.982898358433328	21.590299856848073	27.39481626492985	24.031800521178088	1.8499861066043394E-4
115.0	26.846602157301707	23.89283798035116	25.773908860478457	23.485577901533794	0.0010731003348813113
116.0	26.971201559480733	24.2787808637978	24.356155441863976	24.39386213485749	0.0
117.0	25.81099472991265	26.551071594295784	23.855267608093776	23.781518948558	0.0011471191397938588
118.0	26.880938583968494	24.471720887756092	25.132231667958088	23.51492384329206	1.8501702526666506E-4
119.0	27.611953829718498	20.94791689408536	24.57276429999508	26.86636587576149	9.991004395671897E-4
120.0	25.375010453446457	23.465045525221853	24.657256468000615	26.50268755333108	0.0
121.0	28.18360545091171	22.65454234625138	24.02304282008121	25.137773284730468	0.0010360980252341675
122.0	26.846602157301707	23.417491535458566	24.408074154933487	25.327573128087476	2.590242187644545E-4
123.0	24.47893289245483	27.391513656145104	23.16965546129245	24.95875089686041	0.0011470932472100656
124.0	25.43268350172711	24.629203754308516	22.878969248786767	27.0590324866466	1.1100853100560779E-4
125.0	27.342739084214017	23.336346558096835	24.27602125563037	25.043524015080678	0.0013690869780957184
126.0	24.32933568719711	24.631499566883637	24.327115526435268	26.711901208766527	1.48010717456051E-4
127.0	26.869537546160277	22.302574614991823	27.34201898954317	23.4844257624309	0.0014430868738298046
128.0	26.437698173207963	22.819266774394197	24.976641972220506	25.75532923810831	0.011063842069019874
129.0	24.395248276234646	26.753607936906153	22.075334299840815	26.772405249334508	0.003404237683875088
130.0	26.601020402121918	23.63409836356747	23.68283166769289	26.08204956661772	0.0
131.0	25.188551966779627	24.948694475136897	24.719123991003677	25.14251945835575	0.0011101087240484332
132.0	26.675789276591587	25.868223677613184	21.366482105265494	26.08217823650675	0.007326704022989569
133.0	27.383339969242932	25.053136614383593	24.403434194225426	23.157610006852995	0.002479215295056223
134.0	25.84190084870947	23.28955587065987	20.96078530048223	29.907720976770758	3.7003377668313565E-5
135.0	26.99447433264051	23.11277904472153	26.41086202704998	23.481033525144877	8.510704431005755E-4
136.0	27.696617800462032	26.038840103270672	24.038923732234856	22.218069554875587	0.007548809156853523
137.0	28.797777385534285	20.905172174542436	24.274765828782755	26.022062586520217	2.2202462031014619E-4
138.0	25.610437934570125	23.992729767362174	26.893163324547732	23.50163384121602	0.00203513230395108
139.0	26.26611833730988	23.366741757298396	24.551343342786268	25.814538473834713	0.0012580887707436636
140.0	26.854871057839325	21.260877158965265	25.559232874441435	26.32424183667277	7.770720812062527E-4
141.0	25.77419841859556	25.33126012060355	24.88628660069094	24.007921823795666	3.3303631427970907E-4
142.0	28.473911572958123	23.04914989938521	23.79870973280649	24.67804377316934	1.850216808405609E-4
143.0	26.91523767937892	25.01398767012781	23.739185458743776	24.331441174076186	1.4801767331019323E-4
144.0	28.035772964235917	24.873296684103174	23.092789456389486	23.99751181922871	6.29076042712043E-4
145.0	27.8862140306771	22.052340746601086	22.945544472020686	27.114568604951067	0.0013321457500665148
146.0	27.188898995184257	21.600319125395114	24.717601408533053	26.48762982046236	0.005550650425216827
147.0	26.893824178280234	24.13720627491728	26.802758394074694	22.162362781513906	0.0038483712138872913
148.0	25.0638963153464	23.930062813954134	22.924003441353598	28.08118634189663	8.51087449235409E-4
149.0	27.945414527213547	25.029048210408217	23.56387127905376	23.459260717494498	0.0024052658299795293
150.0	25.475141654381073	24.34046341853319	24.152738059290574	26.031656867795167	0.0
151.0	27.176565019311678	23.557693197264058	25.057146800944842	24.207521803118954	0.0010731793604665148
152.0	26.813801443913732	23.555799468514813	23.71470473189085	25.915546330283888	1.480253967173148E-4
153.0	24.39509354475331	23.377306793337073	25.83615938800312	26.39018205663754	0.0012582172689580037
154.0	22.643531537692652	24.01751750696004	24.592972199432243	28.74375835195697	0.002220403958092096
155.0	27.619059249941618	24.343091071856136	23.26221623195936	24.775411401902847	2.2204434003426145E-4
156.0	26.532161277680306	22.92943352082622	26.229920133878725	24.30822601435081	2.590532639415991E-4
157.0	24.827497643531768	22.89473109616574	26.488220249380394	25.789328964445545	2.2204647654800624E-4
158.0	24.70902282741362	21.054312531503253	26.000868953133523	28.235684663273258	1.1102467634456434E-4
159.0	26.309813535134623	21.202051468803106	24.383693354413516	28.103886510460153	5.551311886024906E-4
160.0	26.046337596354697	21.508062928294493	24.897631232614703	27.54796824273611	0.0
161.0	24.665594357869367	20.414973141699463	28.556106349543555	26.35844080477935	0.004885346108266672
162.0	25.137495225603203	22.743523845336192	25.835852537018226	26.283128392042375	0.0
163.0	25.328121050120604	23.839903650239116	26.676506936242678	24.15543135135055	3.701204705119469E-5
164.0	25.58690076938252	23.207281726063993	24.314108825413793	26.889302855120906	0.002405824018784674
165.0	27.41570238940392	21.964978802063015	26.035597136298254	24.582648265263295	0.0010734069715191818
166.0	24.379166497014744	23.011167414985877	25.692716565307354	26.916838477796574	1.1104489545123094E-4
167.0	26.418388786148224	23.909242070008098	26.577114479425628	23.094699420621605	5.552437964461436E-4
168.0	26.889375785917323	24.833118079439238	22.85874199183331	25.418727125803407	3.701700672339893E-5
169.0	26.27848496750366	21.906054717938712	25.559963588993927	26.25534865315185	1.4807241185156778E-4
170.0	32.73989484396326	21.989331878241703	22.728341228858937	22.54228397312572	1.480758103726365E-4
171.0	25.590351365908827	23.20447633837594	26.786805685379157	24.41758921118048	7.773991555964409E-4
172.0	27.898877772584164	24.74381364873982	23.84023608855097	23.516813426315036	2.590638100070428E-4
173.0	29.677342473803918	18.97767754379706	22.458423416855343	28.88481719182183	0.0017393737218378742
174.0	24.298489544050586	25.776859314503024	24.146607561975916	25.777525463547214	5.181159232566694E-4
175.0	26.520017705350984	23.843341692548652	22.170030584661482	27.465314684486504	0.0012953329523820803
176.0	24.679354081772388	23.819030382435997	28.62851559463931	22.87087927339751	0.0022206677547938663
177.0	21.68143623742748	25.642977859338806	25.220877320646135	27.43046482137715	0.024243761210426224
178.0	25.480609803759013	22.583442389000083	24.369944455629643	27.565633253194687	3.7009841657093456E-4
179.0	28.912737717174856	23.836009386543484	22.528444631977912	24.72140176330809	0.001406500995654652
180.0	26.82167587827965	21.53514994737548	25.97299635807856	25.669843456448334	3.343598179745151E-4
181.0	28.198208997005565	22.136785098998033	26.294039867238254	23.370035394197853	9.306425602944703E-4
182.0	25.146695603133622	22.310686080901746	25.81492697326665	26.727616892096883	7.445060109554059E-5
183.0	23.86925703632754	24.45247363575821	26.4501589355506	25.22770090857009	4.0948379356209585E-4
184.0	26.62397538885805	21.657373086700744	26.38382764457538	25.330766198246412	0.004057681619409567
185.0	25.467555312707272	24.548561508564248	23.87109669571665	26.112451491345677	3.3499166615177207E-4
186.0	27.343570570567216	22.080412675830374	25.38270524074928	25.19331151285313	0.0
187.0	23.95908793183561	23.135696171351476	27.860103269195957	25.04432887152185	7.837560951032039E-4
188.0	27.288574899374694	28.89264581572274	21.959996193312545	21.85840988693765	3.7320465236919645E-4
189.0	24.978987048856045	23.97499346844325	24.63957003694995	26.40581495166648	6.344940842757437E-4
190.0	29.039411330850935	21.094550167069283	24.49685121427569	25.368963334338634	2.2395346545592447E-4
191.0	27.150465208176165	24.024978745314986	24.411417358192335	24.412801906335694	3.367819808168984E-4
192.0	27.443209865916263	23.651874054776464	23.880505406650556	25.024298396661358	1.1227599535476781E-4
193.0	28.271694169635182	24.666807154078132	20.89550618699823	26.1659176292113	7.486007715828153E-5
194.0	28.58718188375499	23.3806105600987	23.516449457935796	24.51575809821051	0.0
195.0	26.4323734634757	21.556976346304893	24.305068349452625	27.704645905883886	9.359348828920837E-4
196.0	28.21955062890542	21.964942067828254	26.263661343305166	23.55177083313769	7.512682346886838E-5
197.0	25.866418607726622	23.79427237818369	23.77815505912877	26.560139578237184	0.0010143767237360021
198.0	27.734052544309208	22.825475275867973	24.47155496750564	24.968841928544407	7.528377277098864E-5
199.0	25.382875920459192	22.3269268731998	25.62753905947745	26.662054226742566	6.039201209953963E-4
200.0	28.481961365330715	23.412081119593836	23.787254522634406	24.318702992441043	0.0
201.0	24.946395756355876	20.714755964793337	28.61288827214648	25.725658010965464	3.0199573884012493E-4
202.0	25.399756876543115	24.7872292231375	28.21806361982136	21.594950280498026	0.0
203.0	26.421924255675233	24.73834781124489	22.43755314987093	26.401344021460844	8.307617481039751E-4
204.0	26.69367620950976	23.597850868198943	22.973897195305206	26.734500196944584	7.553004150753431E-5
205.0	27.67072793056825	24.46370166705693	24.920839344658543	22.94378687051039	9.441872058856853E-4
206.0	25.69334436248126	21.16467046643475	25.108912835737463	28.03299679323747	7.554210906014285E-5
207.0	25.866972983018634	24.096386907468993	26.426395685985955	23.610093330291324	1.5109323510258476E-4
208.0	28.530000132229905	22.17540863763528	21.423436050783838	27.871117399377766	3.777997321399899E-5
209.0	27.40619519953086	20.19037737296304	25.415553102870813	26.98704304839577	8.3127623951789E-4
210.0	25.050998697728698	23.68504988008976	24.838689928673627	26.42488358541063	3.779080972856373E-4
211.0	24.83700599055905	25.285239516521667	25.741789063374128	24.134944826981407	0.0010206025637536401
212.0	28.840957201816025	22.09443296131003	24.377055714252222	24.687213788231844	3.4033438988253926E-4
213.0	29.93964149629158	23.036229857955288	22.90721180640028	24.11638714647257	5.296928802844905E-4
214.0	27.95865151726835	25.181577344205824	24.28886387463695	22.570907263888873	0.0
215.0	25.571896292497758	25.26413886330776	22.394454449321294	26.76901731543278	4.93079440407936E-4
216.0	25.513960542845815	24.572113766247124	26.091665972570606	23.822221335143997	3.83831924606198E-5
217.0	28.55710777812421	22.655029650967087	25.965925043472055	22.821045594081905	8.919333547397339E-4
218.0	24.547515712064847	24.2340798094712	25.456196959381018	25.761893218854716	3.143002282212532E-4
219.0	26.986058937200752	22.627716376870872	24.352090286640564	26.033459978902545	6.744203852685958E-4
220.0	28.792508322380993	21.674346258087688	24.399813919892274	25.132972733364507	3.587662745351286E-4
221.0	25.5624477875587	22.467774451093796	24.277604835751063	27.691771098246388	4.018273500571198E-4
222.0	25.564332181680633	25.24156047518174	23.983767103546707	25.210177634197215	1.626053937022118E-4
223.0	30.47725391691658	22.528663511530418	23.954130125634414	23.03912685422734	8.255916912452192E-4
224.0	30.13922216819807	22.495628599520078	24.376593977034304	22.98843100890515	1.2424634239475714E-4
225.0	31.47885045740909	19.20843046814812	24.000887136849197	25.31078971855083	0.001042219042759329
226.0	25.618271865290197	22.438660347994123	25.45272118132781	26.490177762262974	1.6884312489790269E-4
227.0	26.67690893998449	23.421727738854482	25.924793588872074	23.975160636876964	0.0014090954119853386
228.0	27.74075180893398	27.368917765423383	23.16500328897087	21.72532713667177	0.0
229.0	27.781966103573808	24.71388875296677	21.6290532877732	25.875048553064552	4.3302621670623806E-5
230.0	25.96084914567874	23.27186160205345	27.103936592086953	23.663352660180866	0.0
231.0	26.33526119320174	23.901097681685627	24.07917689408903	25.682599992010402	0.0018642390131961492
232.0	24.686001982933533	24.885189758331652	25.48995318148135	24.938676192857056	1.788843964060336E-4
233.0	23.39604886272103	25.059664140185912	21.62740656697637	29.916200496895197	6.799332214918732E-4
234.0	26.63573792038	21.074512607076564	26.64030344604955	25.648246999550366	0.0011990269435189133
235.0	25.63136696136068	21.84353917036904	27.5767962123592	24.947876931592095	4.20724318987569E-4
236.0	28.839462518687604	23.751402311969134	23.595492282121196	23.813358033330754	2.8485389131779583E-4
237.0	28.25171847260946	24.70567529955181	22.050350983703883	24.992015468411466	2.3977572337937985E-4
238.0	27.569133380224336	22.503687308449926	24.01981891759718	25.907262974747052	9.741898150403216E-5
239.0	27.95743546395077	22.757752215006896	24.03840779670557	25.245019604041396	0.00138492029536393
240.0	25.71685320661975	21.23043784068929	27.078792513320877	25.973405277642602	5.111617274812813E-4
241.0	29.33077452805187	20.782754975805272	23.13771195329072	26.74625158219915	0.0025069606529967386
242.0	27.335017041263487	23.67390059630326	20.89988328182595	28.090173888037697	0.0010251925696092938
243.0	28.03972798229563	22.382589880604407	25.495957645951634	24.078436771500403	0.003287719647926322
244.0	26.36979233413468	22.900785752996562	26.166496052192073	24.561999447239984	9.26413436700486E-4
245.0	29.6919592042099	20.655394760718586	23.13311420511721	26.517624424685334	0.001907405268975074
246.0	24.884406817804088	26.287783924624677	23.528980622463738	25.29573169787519	0.003096937232308488
247.0	26.014230387997195	22.967585764237363	24.420856903360903	26.455002392747545	0.1423245516569906
248.0	26.153223875146704	23.252649170529153	23.046632746111523	27.535804599395554	0.011689608817068483
249.0	26.416437124414838	21.378247992649126	28.444350981584478	23.743715860014277	0.01724804133728778
250.0	26.986040790269293	21.563047410448515	24.31637761232376	27.133548037172655	9.861497857719347E-4
