# Position (bp)	A	C	G	T	N
0.0	24.54621440373214	23.19362425891729	24.87359315774128	27.386451550199244	1.166294100495675E-4
1.0	23.332807348996294	29.8106727779068	24.026602659412994	22.755167989963134	0.07474922372078219
2.0	24.809416507484798	26.365618108049933	22.82642845356379	25.99753218191676	0.001004748984720473
3.0	26.17993900974624	22.02128094977378	24.011302270879202	27.78075942055398	0.006718349046805271
4.0	26.277967812157993	23.294387322685836	24.00512919230266	26.42232278806475	1.9288478875836588E-4
5.0	28.32182409318978	23.991775921606163	22.632128928149513	25.0538086838315	4.623732230419072E-4
6.0	26.18761862338024	23.596310836916558	23.85438761293023	26.356682184355062	0.005000742417912814
7.0	25.72168070633086	25.0539490058106	23.424692868751336	25.798948119135375	7.292999718259905E-4
8.0	27.778448375295493	24.001298276794298	23.734362144885086	24.485891203025123	0.0
9.0	26.249124590599088	24.84472120959682	22.16794779557474	26.73793866569057	2.6773853878250104E-4
10.0	24.328469412317602	24.884706349843157	23.46648937999335	27.32033485784589	0.0
11.0	27.243732169678008	22.481425359272656	22.79440953675972	27.480210749591922	2.2218469769550033E-4
12.0	28.52681795934814	23.5736061803738	20.285528773140907	27.614047087137156	0.0
13.0	25.428782526262424	22.728061100676136	24.997520967208615	26.845599347194042	3.6058658783763075E-5
14.0	26.580017104891805	21.87142644593245	23.604750692812342	27.9437700765724	3.567979100205623E-5
15.0	25.669100056767746	23.242992389738955	24.422006716988285	26.665865598920885	3.52375841253274E-5
16.0	26.6053174274953	24.370918184669442	21.61707194542129	27.406623053288072	6.938912589130332E-5
17.0	28.914479010612055	26.56653318256842	19.201367769781434	25.316293360220648	0.0013266768174451879
18.0	25.962098156333546	25.545529487628976	19.874560358927308	28.617643277519768	1.6871959040282478E-4
19.0	24.709653356573373	24.615554019498674	22.034620364734806	28.639601553260125	5.707059330253088E-4
20.0	23.04722599815488	25.347060723998826	23.64860787281125	27.95707206346634	3.334156870080243E-5
21.0	23.973974172681483	24.539889682041835	23.465460791864846	28.020476844609952	1.9850880188027536E-4
22.0	22.952222096480828	26.549595960092958	25.74187696915126	24.75630497427495	0.0
23.0	25.930137706344723	23.421610484407623	22.85066801608191	27.797159106315128	4.2468685061705365E-4
24.0	28.58178054500297	21.200148358252815	24.46555104540138	25.752455322611233	6.472873159519428E-5
25.0	25.127948148958495	24.278403879524543	19.866426399297037	30.726900759460047	3.208127598783863E-4
26.0	26.54433567504939	24.743969894957914	19.947941768830812	28.763624989227683	1.276719341978851E-4
27.0	25.752716700190064	24.47205823044213	19.708192069804213	30.066969337471793	6.366209180264624E-5
28.0	27.20637606086068	23.71657430654323	22.855855220310072	26.21902135641518	0.0021730558708411172
29.0	27.873888328696523	23.71943304021862	21.804793032948783	26.601667003406643	2.1859472943125085E-4
30.0	23.910981835339985	24.389319434463342	24.591190380475357	27.10822896505053	2.7938467078396893E-4
31.0	26.383840618238903	24.52342694513451	22.36188317684681	26.730540313339656	3.0894644011830177E-4
32.0	24.52097094817847	22.44254208568087	24.755742422678694	28.280499543227688	2.4500023428147404E-4
33.0	23.50570840703698	25.151434848601532	24.652422987897946	26.690251834531086	1.8192193244753524E-4
34.0	26.663732635178132	26.40015078997896	22.200667913028813	24.735208167429786	2.4049438430581745E-4
35.0	25.517137923090523	22.004963476362175	25.739268074750974	26.73851146903542	1.1905676090604577E-4
36.0	24.41342712472836	24.160105907834968	25.760855731500325	25.665522027854333	8.920808201434227E-5
37.0	25.68879283821324	24.701891963798673	21.302778120462015	28.306507350700738	2.9726825338551385E-5
38.0	27.450852188633444	24.918537732989215	20.852289681129164	26.778142077801963	1.7831944621112786E-4
39.0	23.80679434288112	27.44563182610742	21.24230549345276	27.5049711950004	2.9714255830234134E-4
40.0	26.996750579574552	25.813268699468274	22.574276605093957	24.615555564138543	1.4855172467066825E-4
41.0	24.724394618780796	24.10093677608099	21.606214199521958	29.562780395612176	0.005674010004081723
42.0	24.802588508429345	25.34688104101145	20.34841375737694	29.502116693182263	0.0
43.0	26.026962327587235	25.585045085716324	22.15063024960498	26.2333230370784	0.004039300013068323
44.0	28.927831873689076	24.659460059815174	22.352379733400486	24.059942275477056	3.8605761820861546E-4
45.0	26.096493116436374	24.126426559732526	21.288346564008307	28.484665828336258	0.0040679314865320285
46.0	25.493607544406938	24.350177295225723	22.24231921097612	27.913895949391215	0.0
47.0	25.407733858601993	24.169770234545123	22.96936114248902	27.451294146985173	0.0018406173786936664
48.0	22.68401734553488	23.546575467677737	22.603444653237688	31.165962533549695	0.0
49.0	22.507604150901965	25.900999148335096	24.24681070783146	27.342746159347392	0.001839833584084846
50.0	27.82554407687341	24.150829408636866	20.098857248661172	27.92470992061985	5.934520870522998E-5
51.0	24.95406567369999	26.642413619286692	20.910717554552296	27.490192320415552	0.0026108320454712
52.0	23.415139737183047	25.717001665741257	21.56025911530631	29.307599481769387	0.0
53.0	23.026593380794303	24.744094261188696	23.891198332824267	28.336487771905855	0.0016262532868796548
54.0	23.105864723989598	27.534248316966465	22.567033801410176	26.79282359052871	2.9567105058133363E-5
55.0	24.372523351363913	27.38072412973288	22.917845320848595	25.32725536153687	0.0016518365177398391
56.0	26.88955104498988	24.574124928073353	24.92055257362472	23.61577145331205	0.0
57.0	22.73418695084671	27.398285176038705	23.011989140352625	26.849847031851702	0.005691700910259276
58.0	25.442509582080348	25.10994548874065	21.554505656656325	27.892685418193892	3.5385432878846766E-4
59.0	28.055051925570158	22.13219621234213	24.0622039464082	25.74771730057211	0.0028306151074056264
60.0	24.454656350489415	22.77750238142617	23.07902213754929	29.68878969387046	2.9436664661048582E-5
61.0	26.042362337707825	23.281154755306773	22.617548967637667	28.052311420842212	0.006622518505524211
62.0	25.61755954570738	21.678993233877115	24.457841962911406	28.245428673174782	1.765843293180019E-4
63.0	26.544415747690397	23.71520878261934	22.102899837079867	27.634709286447496	0.002766346162901297
64.0	25.724959166848034	21.120542166746116	23.53399365408321	29.620475641236887	2.9371085752115675E-5
65.0	24.60678951994768	25.56009824424968	23.66393606076741	26.163889805029868	0.0052863700053715395
66.0	24.646073379919564	23.4961404106421	23.350537640724138	28.506514387744463	7.34180969735592E-4
67.0	26.890872778732327	24.574584642437316	21.41449890597621	27.119338893066992	7.047797871506311E-4
68.0	24.061899220401525	21.965272938750616	26.57165484598166	27.400908714242465	2.6428062373750943E-4
69.0	23.335378941588587	24.261364136865872	24.868498709505033	27.531645755460747	0.0031124565797625726
70.0	26.566178484040197	23.07077758773244	24.086233414114	26.276312109301937	4.984048114241419E-4
71.0	24.56438309369456	22.618503767284146	25.736303563375245	27.08010765173109	7.019239149572381E-4
72.0	28.06117062885734	25.370136696674916	21.61968525696606	24.94739904930818	0.0016083681934954666
73.0	25.584039020043033	22.167884776025666	22.67507867250689	29.569167335976264	0.0038301954481489483
74.0	24.90544791874338	25.060379447777258	23.926689908344844	26.106342662939735	0.0011400621947775795
75.0	25.955044586236742	24.62618268913453	21.747244983591646	27.669218557765973	0.0023091832711071773
76.0	26.85809403694194	23.71249066513899	25.10914662929312	24.319274898686615	9.93769939336191E-4
77.0	24.53487899707996	24.19801205835169	23.848022331536573	27.418531305740796	5.553072909801436E-4
78.0	27.454812947844704	25.71411119612493	20.256272821485204	26.5742185239588	5.845105863634849E-4
79.0	27.482660355726825	20.326245118407567	22.90963512297536	29.2786830725385	0.0027763303517493658
80.0	24.544941559593376	22.979556304687886	27.6108091301282	24.861916878066342	0.0027761275241939515
81.0	25.58160737360154	24.820829220426667	21.487519264182733	28.109693485448055	3.506563410062785E-4
82.0	22.778868024208535	22.508520675202146	23.464291474883296	31.246946465848342	0.0013733598576848543
83.0	25.811761976460385	21.93597418888085	23.783244570113204	28.468288783225574	7.304813199855891E-4
84.0	23.470238039586004	25.45202160681395	24.823731733313387	26.25289836102359	0.001110259263068336
85.0	25.457590257395797	26.61286505696177	21.398395826601558	26.53065219283971	4.96666201163835E-4
86.0	25.70726267820151	24.157432864127916	22.79176785652206	27.341812977483926	0.001723623664593352
87.0	22.686857975815418	21.8930228685856	25.4116038682482	30.007726564337155	7.887230136229991E-4
88.0	24.73549996494754	26.41062790643329	25.77308204612904	23.08011824363798	6.71838852148716E-4
89.0	26.517904007426058	25.83240132736733	22.793044436311398	24.855773963165877	8.762657293349523E-4
90.0	24.3154388898998	25.041131643749875	25.225899105750017	25.41741353008371	1.1683051659825753E-4
91.0	26.888538611904295	25.056097375054655	23.573310062013046	24.481761891285434	2.9205974257270174E-4
92.0	25.74716799404701	24.053849072021396	22.482779003219182	27.716203930712414	0.0
93.0	26.887317695838348	25.696589454576145	21.04821114794274	26.367648076638346	2.3362500441697273E-4
94.0	28.288642766219706	23.157757025393362	23.15215020212306	25.39736169762928	0.004088308634595443
95.0	24.081249941598067	26.361903949839743	23.436784576282275	26.117345842249364	0.002715690030555893
96.0	26.63250569527962	23.855615244953963	23.59019565132333	25.920749038036465	9.343704066204814E-4
97.0	25.492190643253682	24.963197015819592	23.170113582680727	26.37432357545736	1.7518278864138157E-4
98.0	28.590859884177867	22.359668719265034	24.20221928196816	24.847222919656716	2.919493222688433E-5
99.0	22.14927919215578	21.84222763148792	26.464493496280735	29.543970489890125	2.9190185442329095E-5
100.0	22.671513863693747	24.660898093568807	24.302699768099277	28.364888274638172	0.0
101.0	23.750488130476327	21.73638444309931	28.374258464868323	26.13869384748381	1.751140722252154E-4
102.0	25.241042359537282	24.02528701078288	24.455580639559404	26.2780608038199	2.9186300534255232E-5
103.0	25.632111223911835	25.181731885684073	25.173094313822247	24.012829128693696	2.3344788815745125E-4
104.0	26.276163544787366	26.6052805197708	22.819107634585908	24.299156504619575	2.9179623635378424E-4
105.0	27.214599986810473	23.46419365023598	20.614118277354695	28.704257590250492	0.002830495348358108
106.0	25.862672177715268	23.202954139924802	24.80482513411661	26.12943182995312	1.1671829019376694E-4
107.0	26.37823248349564	23.610489842068787	22.401050443155707	27.609731188678555	4.960426013057591E-4
108.0	24.04859518511722	24.14944860282862	24.538771385402715	27.263068131924555	1.1669472688620252E-4
109.0	26.194563566390993	24.288285061111235	25.052820912384817	24.463776216106154	5.542440067991154E-4
110.0	24.957465246634484	23.46459968037317	22.84284702977185	28.735058874865715	2.916835478519986E-5
111.0	24.571670081249973	23.519556461962786	24.716780149059396	27.19132244711285	6.708606149983433E-4
112.0	25.75415797505215	23.420313644784798	23.813915449840632	27.011467097864077	1.458324583385833E-4
113.0	28.73507569445032	21.100445968304783	22.740212890003527	27.42362380819192	6.416390494525798E-4
114.0	26.16395106521672	21.892030233517907	27.13220528809486	24.811317590476705	4.958226938046955E-4
115.0	27.167701037248428	23.34441886145929	26.145444617957626	23.34196880612887	4.6667720579356413E-4
116.0	27.62762832834088	23.948420742538303	24.298602016619462	24.12520307655512	1.458359462273699E-4
117.0	26.378053347613495	25.979136260066994	24.10993976430729	23.53225812096839	6.125070438310041E-4
118.0	27.180504724426903	24.193335752227462	24.73779109854738	23.88801842403992	3.500007583349764E-4
119.0	27.309499100776602	20.65521680821487	24.925317499068107	27.109558251767385	4.0834017303123163E-4
120.0	25.393349007501957	23.410452926306615	24.76366976212539	26.432499137395727	2.9166670312500457E-5
121.0	27.99335920660486	23.301607172336873	23.75711169821491	24.9473094111546	6.125116887647273E-4
122.0	26.72940565671768	23.75039740527171	24.37702895443767	25.142642971103896	5.250124690461399E-4
123.0	24.373568071214713	28.073723095051633	22.599296194697104	24.952770959937347	6.416790991992137E-4
124.0	25.15206243149388	24.255292215955198	22.568299029962148	28.024112986163736	2.333364250409651E-4
125.0	26.45645283036478	23.677100067549357	24.10558349695678	25.76016361177902	6.999933500631744E-4
126.0	24.097288292003707	23.821725046914	24.846103994208736	27.23467850274193	2.0416413162869897E-4
127.0	26.24305887520456	22.403861101381036	27.735012434890727	23.61742593824583	6.416502778491532E-4
128.0	26.374656166429595	23.308000505159363	24.35530202959149	25.953524755287916	0.008516543531641439
129.0	24.926998485721686	26.264883209243393	21.76457172056082	27.04022170527804	0.003324879196055877
130.0	26.557799717089818	23.972321467633034	23.32652793373485	26.143321715544023	2.9165998279206104E-5
131.0	26.409580278052992	24.335834723345524	23.817113964277826	25.43691687663896	5.541576846941939E-4
132.0	26.615954388699375	24.942921708533802	22.28736659371223	26.14833239223665	0.005424916817942125
133.0	26.885124073723542	25.516391742865334	24.382650065754802	23.213704997919006	0.0021291197373191234
134.0	27.197035784836572	22.363882260879052	20.611112715249906	29.827940072874565	2.9166159904638323E-5
135.0	26.604783997382054	23.258966604533168	26.116456121510605	24.0194141173801	3.791591940708835E-4
136.0	28.241931701648838	25.761971927933352	24.50522136706368	21.48527505655363	0.005599946800505395
137.0	29.087482802602015	21.14569014321127	23.97704466379725	25.789549057026967	2.3333336250000366E-4
138.0	25.35637728541389	23.845794896771764	26.655545218311893	24.14097019082422	0.0013124086782294732
139.0	25.9008053271224	23.450059539902234	25.286886668282392	25.361227697326726	0.0010207673662422899
140.0	27.234534509223252	21.34022052748223	25.48761527062549	25.937367208560246	2.624841087745813E-4
141.0	26.045391666965617	25.037105997595	25.10812435416315	23.809057159131576	3.2082214466103826E-4
142.0	29.114866955738826	22.619784750417875	22.91771359806759	25.347372203398926	2.624923767838909E-4
143.0	27.059561256527704	24.971774646326327	23.899546615217922	24.069000818105057	1.1666382298598138E-4
144.0	28.254181027304387	24.81605696481086	23.05961863046109	23.869764218671936	3.7915875172772433E-4
145.0	28.548287320340204	22.118231960084383	22.401785201274095	26.931024697014816	6.708212865010633E-4
146.0	27.751254365085497	21.284000855152808	24.83268083696477	26.127426517961855	0.0046374248350724645
147.0	26.616147902422295	24.31328789133352	26.038114231866196	23.028600110887734	0.0038498634902570748
148.0	24.80043935570108	24.30359758937683	23.674488290896406	27.220949777128478	5.24986897202024E-4
149.0	28.518787496973992	24.105220482936236	23.619688445171658	23.75414526586576	0.0021583090523564943
150.0	25.8559590171011	23.500183167704616	25.442694175266993	25.201163639927294	0.0
151.0	26.86164697331152	23.69989875988885	25.30716938074361	24.13090570960976	3.791764462591764E-4
152.0	27.558191799377386	23.645224791283052	23.29121611038467	25.505163124878404	2.041740764841924E-4
153.0	25.39070897114641	23.091854708560465	24.38929346144187	27.127617839797434	5.250190538164947E-4
154.0	23.54404556755855	24.323941985833642	24.488712532128652	27.640499777739148	0.002800136740010804
155.0	27.989108397350964	23.28447631566511	23.514554712100075	25.211627200068143	2.333748157068252E-4
156.0	26.397311956722458	23.102195178943738	25.666869218981418	24.833302751142746	3.208942096390203E-4
157.0	25.66919504639447	22.217856072851877	26.429313451697794	25.683431221624282	2.0420743157519488E-4
158.0	25.40909885207561	20.54982745689048	25.933977645974622	28.107066872160562	2.9172898727157254E-5
159.0	27.468797425258813	21.087782640685088	24.03533267478897	27.407824697280613	2.625619865089817E-4
160.0	27.161665459359654	20.42850987195933	25.844266439189216	26.565470708242373	8.752124943001786E-5
161.0	24.724437657940356	20.28466169037243	28.677446627756424	26.31015737000535	0.003296653925439608
162.0	25.82530882890957	23.5464429316384	24.358812775956302	26.26937711407254	5.834942318677709E-5
163.0	25.407135427835374	23.470093025766257	27.061351492102947	24.061390878894372	2.9175401052356714E-5
164.0	25.90321847484444	23.088887417129662	25.06044505415474	25.945815206624783	0.0016338472463692851
165.0	26.70658270313515	21.45394080168386	26.265864611285476	25.573203406352583	4.084775429258838E-4
166.0	25.277572557519058	22.951133457749332	25.685484294522777	26.085605442557974	2.0424765086023275E-4
167.0	26.86384337599705	22.896596317832625	26.4017925296868	23.837446806523978	3.2096995954611346E-4
168.0	26.20461764992539	23.333629029763596	23.992322008743667	26.4692562281547	1.7508341265584613E-4
169.0	27.141390156735735	21.854408026494294	25.407699371813948	25.596385719717606	1.167252384185948E-4
170.0	31.226751588267582	22.573812020203995	22.732587711094194	23.466615229684898	2.334507493331333E-4
171.0	25.961386946427755	23.226105977255404	26.341465407461616	24.470574777847425	4.668910077959126E-4
172.0	27.716881681591964	24.236545787996782	23.969530102575803	24.076867373845882	1.7505398956794925E-4
173.0	28.964998552984124	19.719296423536882	22.95448551583782	28.359848343400206	0.0013711642409701542
174.0	25.05215302811377	24.86649962528002	23.662290509067816	26.418590078511784	4.667590266090569E-4
175.0	25.663501509648622	24.2686736971076	23.158184921016932	26.908297962339006	0.0013419098878338367
176.0	25.050760118183558	23.84800786956867	27.220317583304936	23.879776702155965	0.00113772678687285
177.0	23.052217646760198	25.625346101576035	23.95478053440126	27.342155799247376	0.02549991801513773
178.0	25.368381560091674	22.79942562000831	23.90462864851492	27.927301604342976	2.625670421180875E-4
179.0	28.947054390426857	23.657686839354234	22.38676113219757	25.00770987415326	7.877638680723098E-4
180.0	26.516582771137752	22.226943742228013	24.977919663840773	26.278407595401674	1.462273917829564E-4
181.0	28.3703825631479	21.780395666912497	25.673244713536008	24.175391282394035	5.857740095586602E-4
182.0	26.23748022345374	22.433442147049053	25.253324304899426	26.075724036858034	2.9287739742115595E-5
183.0	24.439716083569955	24.05926689579529	25.912455683820074	25.588356321855915	2.050149587700274E-4
184.0	26.56294436983872	21.59897722629747	26.354113427712424	25.48062602420154	0.0033389519498454273
185.0	25.403886636451066	23.477964441809984	24.26377302924056	26.85384874004707	5.271524513174712E-4
186.0	27.605090183577225	22.867486874161237	25.322456592325477	24.204966349936065	0.0
187.0	25.095012852263526	22.50422540170659	27.561385697015222	24.838935903003556	4.4014601110341667E-4
188.0	27.99495660384722	27.538239934554394	21.843439345004036	22.622953321003596	4.1079559075486916E-4
189.0	25.81404588610752	22.820398155353594	24.603804788615683	26.761017583766737	7.335861564662979E-4
190.0	28.971572348010426	21.158898108618562	25.08140464387963	24.78803686274602	8.803674536369154E-5
191.0	27.041885670802944	23.22221252299525	24.41701032791323	25.318715128707268	1.763495813020066E-4
192.0	27.188240889175763	22.78845040300844	24.114871661020256	25.908378260647204	5.878614833743955E-5
193.0	27.70516766468826	23.679980480520204	22.415770798975814	26.198845881360366	2.3517445535065982E-4
194.0	28.013978296422316	22.808923790532518	24.03944779437899	25.137650118666176	0.0
195.0	26.839482411317118	21.028120781669582	24.34259833423452	27.7894456435737	3.528292050846217E-4
196.0	29.11893157888067	21.896903704232006	25.884532785322296	23.099543517336116	8.841422891445893E-5
197.0	24.958814396995315	23.661213670230435	24.182883236862686	27.196646553098848	4.421428127180317E-4
198.0	27.556856926771005	22.779316423904323	23.9469490821948	25.71675948727365	1.1807985622596705E-4
199.0	26.159380260164873	22.738816660298774	25.706008017629795	25.395440194845676	3.5486706088454163E-4
200.0	28.101855507537106	23.211899191414997	23.498945240332304	25.187270486632663	2.957408292986891E-5
201.0	25.658295565185398	21.004650480486557	28.16004348808514	25.176862587824996	1.4787841791387324E-4
202.0	25.986838310696676	24.274262890087854	27.678856910626337	22.06004188858913	0.0
203.0	26.415299783294888	23.99612629256729	22.245708800878656	27.342510062999526	3.5506025964373255E-4
204.0	25.3567706375975	23.413581697265325	24.47627378347619	26.753255515422826	1.1836623816115682E-4
205.0	27.649860956116466	23.97621412965217	25.084303769972855	23.289058872514946	5.622717435662056E-4
206.0	26.10688012463685	21.178912126758327	25.52690678517901	27.18724177039259	5.919303321676252E-5
207.0	26.457584804638078	23.258573706136882	26.476943688145553	23.80672019664363	1.7760443584838973E-4
208.0	28.663313851398257	22.13651526101362	21.660505101314254	27.539576967361125	8.881891274400405E-5
209.0	27.8659689807937	20.405594318623635	24.91089166374747	26.81710086468473	4.441721504653888E-4
210.0	25.021413365019978	24.14438353794993	24.55034895195943	26.28355797128062	2.9617379004121555E-4
211.0	25.66496189065713	24.612351829506203	25.29908138811804	24.4230419986378	5.628930808293726E-4
212.0	28.944813908814478	22.08193543013626	24.099925217921733	24.872969761423533	3.556817039999075E-4
213.0	30.202500494529332	22.800219342665976	22.427194457238116	24.56990776397709	1.7794158948697362E-4
214.0	27.913726121068017	24.04180781335009	24.49103344452917	23.55343262105273	0.0
215.0	26.454625998366083	24.26838055694889	22.86672604947814	26.41005913885403	2.08256352860044E-4
216.0	26.33251221017548	24.005983241395185	25.774362808229178	23.887141740200157	0.0
217.0	29.751748934887672	22.543729051781195	25.066617796955438	22.637358975795863	5.452405798330655E-4
218.0	24.461956704555533	24.032366081667476	25.379423807907425	26.125855863294284	3.975425752808027E-4
219.0	26.729623471303487	22.472174184193992	24.437029778642618	26.36077160639475	4.009594651570851E-4
220.0	27.425774283450586	21.815351431178488	24.864352886299255	25.894149720714687	3.716783569834337E-4
221.0	26.118078517033467	22.368832817167622	23.949060428791576	27.56387238987218	1.5584713515562272E-4
222.0	25.680088624657976	24.368825949621762	24.19768781184613	25.753114688958632	2.8292491549975857E-4
223.0	31.027443057918052	22.374374832243014	23.78535999656942	22.81215505589782	6.670573716986615E-4
224.0	30.318345654808876	22.515243407262187	24.137194168493075	23.02905753609979	1.5923333607214673E-4
225.0	30.93780670737212	19.617267613045975	23.79860341508355	25.64548997312979	8.322913685623062E-4
226.0	25.8015189208984	22.430312223347375	25.49084377778647	26.277131148415258	1.9392955250432546E-4
227.0	27.740098636014704	23.1463498900075	25.428934862190474	23.683442140486992	0.0011744713003256873
228.0	27.75057924091015	28.089161977417547	22.477135917065088	21.68302456322237	9.830138483714245E-5
229.0	27.45220976297944	25.586823071378884	21.514265178160787	25.446701987480886	0.0
230.0	26.21677803759705	22.52524361524187	26.902412435819556	24.35556591134153	0.0
231.0	25.11243589890438	24.82082686791822	24.126368854430634	25.939222964345944	0.0011454144008236202
232.0	25.31456102732943	24.861594503147895	24.282190352321226	25.541450841274365	2.032759270822146E-4
233.0	23.02530979562532	25.25920206731375	22.301619815958652	29.413285998498296	5.823226039822645E-4
234.0	27.51189717944368	21.0666993010494	26.404889316597085	25.015332133648922	0.0011820692609146714
235.0	25.80171771384038	21.752393369775234	27.879638237454806	24.566109876942583	1.4080198699764051E-4
236.0	28.849049779823986	23.143020602311402	24.168927397200665	23.838859550317334	1.4267034661047357E-4
237.0	27.935977315703585	24.199113714751448	22.47785636277602	25.386872686905253	1.7991986369271127E-4
238.0	27.110882432358075	22.389184434313425	24.395512535770024	26.104238399543483	1.8219801498906628E-4
239.0	27.559795952455918	23.367833982992096	24.14154874510169	24.929934413289402	8.869061608936466E-4
240.0	25.306071461487896	21.694302534872687	25.924079500505393	27.07516565144301	3.808516910195933E-4
241.0	29.479857196255978	21.608906925829015	23.198285134526923	25.710585937797987	0.0023648055900952784
242.0	27.08564649279479	24.31860772038828	20.38296556566328	28.211824699173015	9.555219806365381E-4
243.0	27.83257419152738	23.22073985115357	24.827690000543797	24.116506757983245	0.002489198792010974
244.0	26.441425209067532	22.553926202068745	25.93857323283202	25.065000803995186	0.0010745520365255587
245.0	29.040191864679077	20.912757585410404	23.41390018666334	26.631457620650227	0.001692742596944138
246.0	24.501767898600136	26.860263737398927	23.06154630707125	25.57414786054011	0.0022741963895783215
247.0	25.68544817549639	22.955992477134966	24.96297932062944	26.2570111114248	0.13856891531439827
248.0	26.06999612001769	22.572590906591554	24.08140837936779	27.267059724621934	0.008944869401034507
249.0	25.418057340464156	21.43868945855656	28.542768224143572	24.584236153709202	0.016248823126506808
250.0	27.83926472226485	22.195830486635387	24.0678735886935	25.896135320270076	8.958821361881071E-4
