# Position (bp)	A	C	G	T	N
0.0	24.49183839443242	23.180159721265504	24.96620255358484	27.361799330717236	0.0
1.0	23.216886200325813	29.788763001559943	23.886363807538146	23.033290461838092	0.07469652873800525
2.0	24.69294533967701	26.823909982456545	22.72615247083599	25.75641802541593	5.741816145280315E-4
3.0	26.391493801020115	22.097353154299746	24.043807242484394	27.459931915810028	0.00741388638572156
4.0	26.097347177418644	23.43535321289426	23.899698578964728	26.56738056478083	2.204659415394872E-4
5.0	28.327647155450432	23.66589143224303	22.445612849895912	25.560364132643915	4.8442976671183603E-4
6.0	25.851640319116427	23.590697347218285	24.160868446912488	26.3920014245484	0.004792462204400712
7.0	25.61174880562963	25.52967491105006	23.1844495631572	25.673468725284067	6.57994879045188E-4
8.0	27.643664684883294	24.52736329310598	23.535083701676225	24.293756834522913	1.3148581158521484E-4
9.0	25.914161407635312	25.49221383344009	22.22597033941316	26.36747941014844	1.7500936300092056E-4
10.0	24.551279809776908	24.60749003426813	23.403166305336036	27.438063850618928	0.0
11.0	27.038973802081216	22.893831445621725	22.85991691362535	27.207235551225324	4.228744637951799E-5
12.0	28.20919499685834	24.105439722016182	20.286789639649218	27.3984922530023	8.338847396174054E-5
13.0	25.549667613124676	22.622544605045093	24.875949978547045	26.95171415511827	1.2364816491697644E-4
14.0	26.69276533636211	21.889733188410105	23.449178250276006	27.96824177690321	8.14480485658424E-5
15.0	25.40757546501899	23.372111733281844	24.525125506854607	26.695187294844562	0.0
16.0	26.49815810453796	24.39100277808346	21.70970492462598	27.401094607636285	3.958511631294726E-5
17.0	28.569536001889684	26.622509300786025	19.214514820651008	25.592390915843815	0.0010489608294716034
18.0	25.72378596864079	25.472409700919286	20.08246621625528	28.72110685726862	2.3125691602714495E-4
19.0	24.791990268263405	24.819496004379435	21.807368545023284	28.580723197539903	4.219847939697606E-4
20.0	22.91849705437641	25.68512966377713	23.719083895075197	27.67717518580497	1.142009662924428E-4
21.0	24.09490408962895	24.503009208438556	23.61624968778069	27.785572501574794	2.64512577006224E-4
22.0	22.919414108690493	26.908905868423833	25.688386342582714	24.483181348772177	1.1233153078670264E-4
23.0	25.67286828002768	23.28822764182804	23.321839847157626	27.716803382386534	2.6084860011872337E-4
24.0	28.300054189505385	21.309054664262998	24.741179634337037	25.64963773448766	7.377740692334565E-5
25.0	25.284280789872177	24.33163791170221	19.909516640479303	30.47438204036433	1.8261758198251108E-4
26.0	26.2353073192946	25.013518337547712	19.920527790760467	28.830537606762185	1.0894563503865936E-4
27.0	25.282700684798286	24.866866911098644	19.830030072884096	30.020329892620644	7.243859832761009E-5
28.0	27.57849060851597	23.45694945440701	22.7659510396703	26.19635038118735	0.002258516219372907
29.0	27.651274556046022	23.944493001555763	21.86726361701152	26.536684473047128	2.843523395621898E-4
30.0	23.79744967433374	24.67289508459132	24.731359318143223	26.798154704976273	1.4121795543938024E-4
31.0	26.572711465002797	24.578421068331004	22.31461774258357	26.53389879578956	3.509282930672361E-4
32.0	24.517313457943796	22.533945332946836	24.730581837569854	28.217846559379044	3.128121604684675E-4
33.0	23.705653961718863	25.36100526810673	24.888593710567097	26.044609340328094	1.3771927921860837E-4
34.0	26.41807465135861	26.512111024381852	22.59430441424627	24.475475764634538	3.4145378730297265E-5
35.0	25.349372660790536	21.87451187228043	26.17013723362173	26.60577537503423	2.0285827306752138E-4
36.0	23.903719959776915	24.522806874134645	26.147302016660085	25.42603603661422	1.351128141330706E-4
37.0	25.40114490786811	25.171258375511275	21.202271446424586	28.225291503079053	3.376711697368292E-5
38.0	27.236264335395678	24.874441328476067	20.91169251097425	26.977534306879335	6.751827466501652E-5
39.0	23.66886473492728	27.404208180702206	21.562681735534483	27.364144091660698	1.0125717533658729E-4
40.0	26.625177511757624	25.911654490575003	22.621409942818264	24.841656812401794	1.0124244731343043E-4
41.0	24.489641660924594	24.346702858033694	21.55295113288112	29.606182676869896	0.0045216712906941976
42.0	24.657089152265474	25.604381107200613	20.455075330224503	29.283386929759835	6.748054957509185E-5
43.0	26.05987325783502	25.81069373522331	22.27957092271319	25.846454674022173	0.0034074102063068805
44.0	29.138599924237084	25.09145690469693	21.939706076314103	23.830034700495293	2.02394256590716E-4
45.0	25.940872092121246	24.188842892421555	21.662773418343978	28.203801600155415	0.003709996957802495
46.0	25.344382253425273	24.191725652957928	22.174416412583547	28.289475681033256	0.0
47.0	25.190101182724412	24.16991117258793	23.2562452664384	27.381988895056054	0.0017534831932008016
48.0	22.517192092985628	23.800935789218197	22.782422264771714	30.899449853024457	0.0
49.0	22.48820165239225	25.86923173636689	24.609797524478978	27.03084777881633	0.0019213079455521552
50.0	27.329360862227787	24.13335180367243	20.401197336361392	28.136022587741692	6.740999670028066E-5
51.0	25.01586415765283	27.161931683191337	20.911537817354763	26.908374758751908	0.0022915830491601853
52.0	23.173845121604646	25.704412340899957	21.5189860646103	29.6027564728851	0.0
53.0	22.648355697000493	25.178445305040466	23.760622504007525	28.41103158565022	0.0015449083012960775
54.0	23.52883294326102	27.735501752554782	22.30243080708195	26.433100163115043	1.3433398720401606E-4
55.0	23.98471295764411	27.751207070089617	22.903298738752014	25.359206976304076	0.0015742572101817597
56.0	27.001950508525436	24.764827079917264	24.877657835792903	23.355564575764394	0.0
57.0	22.862122073173712	27.40857974225477	23.45004080536427	26.274636008448404	0.004621370758845823
58.0	25.143947572144555	25.541502706843854	21.651402442454454	27.66294637475791	2.009037992247792E-4
59.0	27.957897542159543	22.157928411224155	24.392353176918913	25.489008503724207	0.0028123659731840904
60.0	24.40386751378031	23.31307830317815	23.08194092539208	29.20101295211882	1.0030553064634878E-4
61.0	25.561206306880376	23.600018187009262	22.748037039984006	28.085155321739563	0.005583144386800244
62.0	25.300452061219314	21.57294438841362	25.16302518311605	27.963377792872855	2.0057437816092683E-4
63.0	26.406996734487308	23.642358670221995	22.23155958064787	27.716644821927773	0.002440192715055354
64.0	25.737738011621758	21.018396944909266	23.87758949470548	29.366275548763497	0.0
65.0	24.40969261176571	25.820651716972748	23.637785544892456	26.127399364484532	0.004470761884552917
66.0	24.4776113427723	23.7068851914288	23.355651318978605	28.459118185460692	7.339613596033673E-4
67.0	26.779797623956327	24.71807333095809	21.322376524058676	27.179051957774053	7.005632528552956E-4
68.0	23.656613429912724	22.033124275913096	27.240745614781265	27.06934988713168	1.6679226123937993E-4
69.0	23.358324310296403	24.800275661283532	24.80671353975907	27.031951224230973	0.002735264430020928
70.0	26.246951253021273	22.83458613811394	24.44662931733047	26.471200477741107	6.328137932091087E-4
71.0	24.508106244334332	22.61068668311821	26.084179245875294	26.796064517779193	9.63308892968742E-4
72.0	27.555275386357277	25.723119394701683	21.582036342211026	25.137841806329646	0.0017270704003714528
73.0	25.978224377181125	22.320893393625248	22.508052039135947	29.188712434194773	0.004117755862903968
74.0	24.894336011814445	25.377352414052762	23.78915543844994	25.938292894930985	8.632407518694142E-4
75.0	26.06718699007769	24.645222719955274	21.82048344328427	27.465015283352052	0.002091563330711686
76.0	26.695694840328443	23.9448902911648	25.093070087901186	24.265315648190754	0.0010291324148160542
77.0	24.107676062252466	24.72239308760365	23.807686983620936	27.361646344843706	5.975216792483708E-4
78.0	27.684934571596813	25.748670752166063	20.585997637925438	25.98006509978404	3.3193852764018924E-4
79.0	27.276094756652512	20.390504419520905	22.908917706960704	29.421960521380658	0.0025225954852179226
80.0	24.03869833710926	22.828387896762838	28.294167900785478	24.8362897974275	0.0024560679149244627
81.0	25.158013588969517	25.129371344214068	21.65350384595982	28.058779329260357	3.3189159623926994E-4
82.0	22.62358291469461	22.503741115162626	23.879482493174063	30.99179958176506	0.0013938952036397923
83.0	25.585908721029792	22.24279420217518	23.92591697784598	28.244749554304494	6.305446445520279E-4
84.0	23.386866090456156	25.465590967525277	24.945196287882258	26.201450680641198	8.959734951129623E-4
85.0	25.435838014491928	26.766338927496214	21.506352538775722	26.291005970447394	4.6454878873880643E-4
86.0	25.83478220476203	24.69985135242747	22.626748599792958	26.8370251904547	0.0015926525628434157
87.0	22.460629176711343	21.561734207377885	25.72738064666822	30.24959240672136	6.63562521192528E-4
88.0	24.668616120215862	26.864471839420233	25.668689772136883	22.797625090489014	5.97177738010164E-4
89.0	26.19873278596995	26.17318812909938	22.955855183690964	24.67136135438434	8.625468553698021E-4
90.0	24.291513958074027	25.4217012953581	24.876594649250148	25.41015692383634	3.317348138436919E-5
91.0	26.820744784247953	25.431182325588185	23.705590559069176	24.042084270710255	3.9806038443345067E-4
92.0	25.63034338643205	24.26114285240437	22.602804474554908	27.505642947766457	6.633884222135613E-5
93.0	26.583687519362208	26.027946587840233	20.912841380161293	26.475292332002386	2.3218063387966543E-4
94.0	27.992102166365285	23.50411475407661	23.195027270278914	25.3050410546719	0.0037147546072907366
95.0	23.979474232845803	26.176157169641044	23.636239414660096	26.20574123165879	0.002387951194257508
96.0	26.328468770354686	23.995581167362456	23.684797013606715	25.990158114879037	9.949337971051405E-4
97.0	25.762617436087908	25.023760806773073	22.879484790099056	26.33397115540861	1.6581163135431624E-4
98.0	28.543526156547994	22.447781743805237	24.233090994464806	24.77553478365254	6.632152942752582E-5
99.0	21.787887318059607	22.065603480603137	26.679816407600853	29.4666927937364	0.0
100.0	22.56725744518186	24.768934629337263	24.461632108256424	28.202175817224457	0.0
101.0	23.599157150463096	21.89323552247455	28.262942268917534	26.244499299503982	1.6575864083218794E-4
102.0	25.41974973824697	24.159986632195057	24.589268225404002	25.830995404153967	0.0
103.0	25.93822024967937	25.238261452974708	25.107226355258593	23.715993607688276	2.9833439905010327E-4
104.0	26.07651101346117	26.64457776014378	22.810143793345418	24.46833652701002	4.3090603961219785E-4
105.0	27.20051286573008	23.53049979879169	20.496000031822074	28.77010342836421	0.0028838752919509384
106.0	25.797056964343547	23.6294743764703	24.773561008175175	25.79974191341404	1.657375969440639E-4
107.0	26.39344197088252	23.861788429245824	22.715505611422653	27.02850161192914	7.623765198638859E-4
108.0	23.77380688050744	24.360979748202986	24.62752401814741	27.23758993342193	9.941972023290727E-5
109.0	26.091249886920977	24.353328798022137	25.38948061850334	24.165311099041983	6.295975115655407E-4
110.0	24.540934138847483	23.824473638607422	23.468214872544387	28.166311081629047	6.626837166351174E-5
111.0	25.076140820094285	23.8497368536148	24.4205279361928	26.65286545274299	7.289373551237007E-4
112.0	25.437564191763574	23.454461120498294	24.182652486499023	26.92515654507504	1.656561640658649E-4
113.0	28.334388522195574	21.571008909637072	22.768689680716747	27.325349678324763	5.632091258431157E-4
114.0	25.92185696958292	22.141198944981955	27.302020947296473	24.634658091525232	2.650466134165933E-4
115.0	27.3547762489178	23.417732633170022	25.99427530678531	23.232619419890245	5.96391236627169E-4
116.0	27.517051813790815	24.189488011546132	24.319501258053762	23.97389265093829	6.62656710028713E-5
117.0	25.887040261351718	26.315414549617234	24.271318073458787	23.525564459081792	6.626564904718279E-4
118.0	26.820745971255583	24.207355013905705	24.702652520421207	24.26894830205958	2.9819235792625105E-4
119.0	26.74868444856179	21.04123552164489	25.02678814602174	27.182794886628326	4.969971432604206E-4
120.0	25.570856743178496	23.621079082176134	24.92151620584738	25.886481702797653	6.626600033994458E-5
121.0	27.727942014541423	23.613713894933827	23.840940235960208	24.81670806086936	6.957936951813967E-4
122.0	26.67417237325671	24.00342859263363	24.675728294304985	24.64630627788962	3.644619150551928E-4
123.0	24.3170485231019	27.899441710981893	22.910160197471964	24.872686910855986	6.626575882577076E-4
124.0	25.25280001696378	24.63335714446643	22.797558541592394	27.316218032228523	6.626474887648117E-5
125.0	26.221212646307794	23.956823400897683	24.16986365092676	25.651404525001414	6.957768663468965E-4
126.0	24.22360721762919	23.856934266907558	24.886646802868313	27.03274544839493	6.62642000039096E-5
127.0	26.103676530761337	22.96030186998903	27.97757510718949	22.95765133009062	7.951619695234296E-4
128.0	26.483192080100192	23.26825082333296	24.421314549635216	25.8192908402966	0.007951706635036545
129.0	24.475897497063702	26.419205799377455	22.206142290826985	26.89590508422913	0.0028493285027275696
130.0	26.146759353901807	24.185411136980278	23.465573115444776	26.20225639367314	0.0
131.0	26.06297715108539	24.564985318937875	24.164478257383436	25.206962885506268	5.963870870267917E-4
132.0	26.68155647907292	25.078698324250016	22.099609332937067	26.13556355819468	0.004572305545312045
133.0	26.923452853450435	25.525809990414665	24.485239813886174	23.063873832771232	0.001623509477485071
134.0	26.978759553694847	22.679050190113063	20.753633617873408	29.588424109172212	1.3252914647253797E-4
135.0	26.460320336988975	23.812900085777926	25.587664941941696	24.138717055096993	3.975801944100887E-4
136.0	28.006751025774236	26.104198252738048	24.330662432807813	21.553550981244502	0.00483730743540538
137.0	28.58028440233531	21.35916604294827	24.286252451387238	25.77423083842662	6.626490256243065E-5
138.0	25.090918126475337	24.19729158901727	26.69638464405516	24.014179815297968	0.0012258251542634695
139.0	25.77525132720377	23.91438309872594	25.10658049229122	25.202824300219724	9.607815593550969E-4
140.0	27.04322980823196	21.600724108067563	25.517354938187754	25.838525491214693	1.6565429803328593E-4
141.0	25.87761598426144	25.446018131284333	24.932619779420268	23.743481056839915	2.6504819404443334E-4
142.0	28.949448673749107	22.723149473985522	23.161135955377063	25.165967721522765	2.981753655464329E-4
143.0	26.86865487594095	25.276830703815744	23.967709627841067	23.886639139586023	1.656528162138326E-4
144.0	28.020959886188983	25.270306132151575	22.886940722656217	23.82119690412303	5.963548801873349E-4
145.0	28.51567819114131	22.291713119400615	22.543046568251476	26.648965759213546	5.963619930550333E-4
146.0	27.45564733618968	21.567580246946303	25.03667617751402	25.93631928882009	0.003776950529899533
147.0	26.19401405195985	24.43259919512823	26.23741497477611	23.13279125249431	0.003180525641497113
148.0	24.525913922527426	24.686568281747125	23.432178779908167	27.35464325554844	6.957602688417679E-4
149.0	28.35696079311662	24.41076029871091	23.743170114065844	23.487054568514885	0.002054225591741218
150.0	25.847025912497156	23.78040759824248	25.033439702013077	25.339060520807827	6.626643946113456E-5
151.0	26.42828908152862	24.128209129744878	25.447396994568383	23.99564092139709	4.6387276102700107E-4
152.0	27.48966388319906	23.866042335833175	23.142464458933524	25.50172992036601	9.940166822506392E-5
153.0	25.09114331808397	23.1724534624852	24.685947776195814	27.04959395954141	8.614836936047095E-4
154.0	23.184927671457643	24.629245396175126	24.847698866215556	27.335874943754774	0.002253122396898113
155.0	27.742934087269276	23.393056379841624	23.52096569545057	25.342845014668146	1.9882277037660016E-4
156.0	26.025275113818203	23.34824841413357	25.743641539676403	24.882669246071	1.6568630082468698E-4
157.0	25.210622310058838	22.87704243330404	26.52880117598561	25.38326898019832	2.6510045318922475E-4
158.0	25.153934530478555	20.800224278327814	26.049821733855723	27.995853767083904	1.6569025399984556E-4
159.0	27.08386010248511	21.35495354103199	24.2797526120846	27.280870384466642	5.633599316544986E-4
160.0	26.850123394030096	21.011947034185464	25.67971105217478	26.4581191018333	9.94177763623632E-5
161.0	24.70648743300941	20.665611077456564	28.81337677641878	25.810978834751463	0.0035458783637792833
162.0	25.74737783963812	23.658398369538205	24.447316531623336	26.146874119732892	3.3139467448758096E-5
163.0	25.151981727726692	23.95107421188891	27.120088763161696	23.776855297222703	0.0
164.0	25.62673079242952	23.445982042842125	24.902962944305767	26.022799731159633	0.001524489262955839
165.0	26.47914379165765	21.73583494929081	26.421907246305725	25.36258373786126	5.302748845575006E-4
166.0	25.137918565653543	23.016997002829463	25.935683630304997	25.90930137058491	9.943062708576454E-5
167.0	26.569667545222654	23.351547460584303	26.50871440920203	23.5696728483775	3.977366135113779E-4
168.0	26.018248930043114	23.816683372313175	23.89722845369354	26.26770665945407	1.3258449609936413E-4
169.0	26.897596891053627	21.959088344699524	25.38402740349014	25.7590221827991	2.6517795761262934E-4
170.0	30.85027250964109	22.898002966082313	23.075643054468117	23.17591572984917	1.657399593075252E-4
171.0	25.773804157009582	23.4206028671592	26.499112962678133	24.305949647041352	5.30366111726925E-4
172.0	27.177850363675233	24.44613480096052	24.341034398755102	24.034847859627494	1.3257698165300294E-4
173.0	28.70889532985654	20.00987688692456	23.313927570600683	27.9659413120682	0.0013589005500232836
174.0	24.719868295756502	25.344747524330778	23.64650655289598	26.28851303403343	3.6459298330860176E-4
175.0	25.482257159401993	24.314007690658016	23.235287000891976	26.96698970170443	0.0014584473435873232
176.0	25.038252097898855	24.591955524146552	27.015925336147767	23.352806325053997	0.0010607167528278046
177.0	22.930917312276026	25.752570005933972	23.951958044508093	27.33919437234173	0.025360264940179608
178.0	25.184224318571406	23.15357159313882	23.76194528415911	27.899993601998563	2.65202132092541E-4
179.0	28.183095500324573	24.298121317047393	22.79208503770561	24.72576984360112	9.283013213043164E-4
180.0	26.447502814387995	22.4381923170116	25.11820097206485	25.995970946408804	1.3295012675132708E-4
181.0	28.00465342316193	21.81426916624504	25.9180691289644	24.26230926956568	6.990120629510292E-4
182.0	26.177512839422683	22.82229014299749	25.474439631417383	25.525724106165853	3.3279996592128345E-5
183.0	24.346781926055204	24.412711947045647	26.079799620661092	25.160207288512236	4.992177258236344E-4
184.0	26.16995096435438	22.145886121344667	26.106979782989058	25.57352201611623	0.0036611151956583167
185.0	25.276240105993132	23.949096139644155	24.154639212999	26.61955860823111	4.6593313260490235E-4
186.0	26.851363072656603	22.774759674111372	25.640763637549753	24.733113615682274	0.0
187.0	24.765178656272766	22.815455480553947	27.751013188538927	24.667785855871323	5.668187630347477E-4
188.0	27.848068765126065	27.467570446040995	22.196079843625892	22.48778077214716	5.00173059878718E-4
189.0	25.52588122620696	23.003585462868852	24.82356134636265	26.646004903333893	9.670612276475468E-4
190.0	28.648928063444103	21.478550430292024	25.230470111337333	24.641784598863783	2.667960627571039E-4
191.0	26.934162005884453	23.60825186356155	24.121163307196888	25.33602211129177	4.0071206534010936E-4
192.0	27.06071919958323	23.42474719814055	23.989994790344774	25.52450541670563	3.3395225818516983E-5
193.0	27.789966730782528	24.122938125133807	21.939347220612554	26.14751412714312	2.337963279948725E-4
194.0	28.17889399567111	22.954266093044385	24.234995858162094	24.63184405312241	0.0
195.0	26.58305360607632	21.37565009861722	24.650530234596737	27.39016473619225	6.013245174704816E-4
196.0	28.769175218573544	22.209021354589893	25.876354131008135	23.14534880994569	1.004858827383341E-4
197.0	24.944630210882597	23.84473878960686	24.116671373643143	27.093356596852658	6.030290147410443E-4
198.0	27.184296975015904	23.308460615624924	24.097449791597892	25.409658424517644	1.341932436385693E-4
199.0	26.023687844282474	23.01138006096077	25.346316068285745	25.61817905579376	4.369706772507687E-4
200.0	27.40618004704234	23.60211740953157	23.740044178249928	25.25159113301983	6.723215633358847E-5
201.0	25.46253246652829	21.166226607794925	28.183434288015675	25.187638547946918	1.680897141869736E-4
202.0	25.401636401047362	24.70262230309192	28.181521094484406	21.714220201376307	0.0
203.0	26.221392325367397	24.260592844112725	22.270297794256134	27.247212551053902	5.044852098389414E-4
204.0	25.656770125914996	23.81365629786899	24.200543700920093	26.32892896569679	1.0090959912652651E-4
205.0	27.69163958507902	24.097090729401536	25.09237902090516	23.118217899782934	6.72764831352994E-4
206.0	26.02678018742498	21.01395594813248	25.931338511473186	27.02785806944736	6.728352199632901E-5
207.0	26.181671114227562	23.562898358400844	26.352260954677277	23.903001338137663	1.6823455665651986E-4
208.0	28.368962352696496	22.335816141404628	21.525383972611824	27.76983753328705	0.0
209.0	26.94964322751613	20.733262626218426	25.310162672365422	27.006224627146754	7.068467532677356E-4
210.0	24.925230133636408	24.012303867968736	24.882037995615477	26.18009135322349	3.3664955589190587E-4
211.0	25.312661954666332	25.10616817658787	25.269457206252333	24.311039166805017	6.734956884489764E-4
212.0	28.723416799319466	22.261144941085313	24.289865325820553	24.725337106568627	2.3582720603717647E-4
213.0	29.68400947509753	22.99929243525985	22.655420690891965	24.66094030263815	3.3709611250650173E-4
214.0	27.940996879480473	24.297545753563295	24.34352703044615	23.41789660116387	3.373534620899047E-5
215.0	26.419549025747642	24.202009845660246	23.326498135762986	26.05163865520644	3.0433762269033106E-4
216.0	26.233738289348302	24.22075282882895	26.107640655898955	23.437731608769454	1.3661715433298382E-4
217.0	29.238318326506413	23.017491095398526	25.04546114922205	22.69804088439407	6.885444789405228E-4
218.0	24.340027924334017	24.398496018576388	24.80565351383519	26.455648841251307	1.737020030967593E-4
219.0	26.36839122860661	22.876370705543415	24.65678010081997	26.0979319843917	5.259806383020503E-4
220.0	27.31687073616277	22.061577310823928	24.822765052057203	25.798469575739713	3.173252163893538E-4
221.0	25.850061130185814	22.501589952988528	24.261279966308265	27.38685589149046	2.1305902693811806E-4
222.0	25.70447720032163	24.409185414939284	24.204066209771728	25.68209209411773	1.7908084963118298E-4
223.0	30.669406888587986	22.606939379282576	23.81529476498714	22.907780148922694	5.788182196058031E-4
224.0	30.060980541574526	22.946753283965197	24.26831873531297	22.723802359645557	1.4507950175346714E-4
225.0	30.7872675554077	19.758109524820476	23.70035667828844	25.75353668883777	7.295526456132364E-4
226.0	25.621612295023343	22.2836237668588	25.555766112590334	26.53888722163766	1.1060388986507063E-4
227.0	27.520625944145333	23.334132846276006	25.48767806543691	23.656483056781312	0.001080087360445264
228.0	27.661021695168543	28.295435232318816	22.73826164626326	21.30516912079051	1.1230545886887439E-4
229.0	27.530680664076872	25.49092647925203	21.721008154714255	25.257346960881	3.7741075839559666E-5
230.0	25.828734272886926	22.762334731467995	27.287703705506967	24.121227290138112	0.0
231.0	25.208085612366233	24.863808838183367	24.210384000721064	25.716720072322	0.001001476407334351
232.0	25.25379796682834	25.181505525899432	24.275972037113476	25.288492143085602	2.3232707315127668E-4
233.0	22.781778992539444	25.420532064566792	22.32838337961763	29.468992390689063	3.1317258706393654E-4
234.0	27.09592186253515	21.490979541609107	26.47285047120494	24.93917598600025	0.0010721386505586439
235.0	25.75584604071834	21.90050829540024	27.48218391636859	24.8611399397254	3.2180778742664794E-4
236.0	28.744073937057024	23.45388630759628	23.796004908711332	24.005912617767514	1.2222886785103723E-4
237.0	27.375672426134486	24.381248587642713	22.53659163044789	25.706363870984738	1.2348479017258645E-4
238.0	26.890316428738725	22.647497401505166	24.275401276784084	26.18678489297202	0.0
239.0	27.438731988229105	23.52328300635231	24.103124188004756	24.933931313916567	9.295034972569084E-4
240.0	25.398043989089746	21.603054800322614	26.037644987640256	26.961081742691352	1.7448025603232771E-4
241.0	28.912001614561106	21.772941860510834	23.469279436581083	25.844291831919648	0.0014852564273379794
242.0	26.732628193146486	24.43992308039132	20.848181826538667	27.97861029047089	6.566094526372281E-4
243.0	27.76165549210373	23.206667832555564	24.820415854160448	24.209463774385593	0.001797046794660229
244.0	26.600767505562988	22.501971483236353	25.956317642743077	24.940196511298414	7.468571591750303E-4
245.0	28.635864535665444	21.04538342260445	23.421362902721633	26.896112369780546	0.0012767692279244398
246.0	24.594957034213824	27.046300707567976	22.765205653485786	25.59177209605985	0.0017645086725601258
247.0	25.373399180451194	23.381302604678332	24.675587889086547	26.431953553000735	0.1377567727831913
248.0	25.415476347149234	23.026816918334223	24.07057592189111	27.47755951376029	0.009571298865136411
249.0	25.4003046848069	21.935482436144067	28.178229492154923	24.4705489886466	0.015434398247506366
250.0	27.451345787076132	22.509065683967627	23.934832288190226	26.10359711717045	0.0011591235955657282
