# Position (bp)	A	C	G	T	N
0.0	24.571431126151584	23.175526715320867	25.639155067441493	26.613860792466816	2.6298619243593853E-5
1.0	23.779644732830757	29.811987446590027	23.71990531945763	22.613689849337042	0.07477265178454773
2.0	24.913382829854967	25.71352315306889	23.177824122313325	26.19425040792544	0.001019486837379302
3.0	26.133301720538544	22.22766800194168	24.300090373251187	27.331263008617185	0.007676895651404179
4.0	26.229885801069834	23.701403891914566	24.16542019456964	25.903211854693094	7.825775286514676E-5
5.0	28.31501749454744	24.127369264916464	22.857718827696026	24.699347464058956	5.469487811116188E-4
6.0	26.222434659838168	23.965848140720343	24.094116448389617	25.712298474503847	0.005302276548030828
7.0	25.758347813105196	25.06114161424229	23.869489219999917	25.310295636163076	7.257164895227273E-4
8.0	27.418542047912698	24.3992545556799	24.234132016285123	23.947993772787456	7.760733482442893E-5
9.0	26.23475471648438	25.11571973896239	22.118324901122314	26.530994150839227	2.0649259169109948E-4
10.0	24.563516062887302	24.63817320973657	23.510504848332047	27.28780587904408	0.0
11.0	27.26431426120197	22.67329189803494	23.004444729947462	27.057773459544627	1.7565127100005045E-4
12.0	28.330778468983915	24.619718267990244	20.12565077200833	26.923852491017513	0.0
13.0	25.9627868313144	22.902469520195197	24.723547289226225	26.411000536554223	1.9582270995131845E-4
14.0	26.75666071165241	22.106769618306956	23.534304991816892	27.602216328987545	4.8349236202941084E-5
15.0	25.751415205981697	24.052263210454356	23.742815630102992	26.453482142474467	2.381098648440785E-5
16.0	26.379874647476854	24.41412877788922	21.32721310797841	27.878666047004025	1.1741965149377758E-4
17.0	28.34873432783419	26.427263388682615	19.640121020923406	25.58242989612133	0.0014513664384642516
18.0	25.88947026738588	25.331211375424367	20.038271080960445	28.74088737556873	1.599006605724718E-4
19.0	25.18067833297122	24.487956026482006	22.366789105425152	27.964054359811936	5.221753096896893E-4
20.0	22.656503314288706	25.069682759268037	24.22358412507945	28.050207237530156	2.256383364949025E-5
21.0	23.822953790070876	24.707172230491366	23.53875112126309	27.930831621008146	2.912371665222429E-4
22.0	23.505395968101205	26.71531942635085	25.185527675936925	24.59369033875435	6.659085667583327E-5
23.0	25.743654490219587	23.582184828776448	23.747033693003583	26.92670701905156	4.1996894882214184E-4
24.0	29.02146801266551	21.252408081075387	24.123791468612907	25.602332437646197	0.0
25.0	25.64881560815662	24.37812186674206	20.340625075263283	29.632133684514976	3.037653230620152E-4
26.0	26.60496375353484	24.852466226382123	20.231357842117532	28.311147373057445	6.480490806451717E-5
27.0	25.22670773927484	24.81030027234018	19.854243380629608	30.108662417335307	8.61904200640955E-5
28.0	27.526903696680886	23.964071940601194	22.902516487401137	25.60392646874034	0.0025814065764425955
29.0	27.430342157104842	24.02802197266928	22.0042034229688	26.537008885893837	4.2356136324071884E-4
30.0	23.494162319965746	24.537665256383427	24.772216592222968	27.19580847374065	1.473576872084686E-4
31.0	26.30248975273365	24.447657055639745	22.184169324296136	27.065202185078235	4.816822522289322E-4
32.0	24.47941528158634	21.996434167790117	24.896792474337488	28.627108920664075	2.4915562197859876E-4
33.0	23.903724118192766	25.35043654474995	24.518632927382903	26.227041924086613	1.6448558777279937E-4
34.0	27.07229937589893	26.992580446846326	22.11938088161749	23.81569848738076	4.080825648968602E-5
35.0	25.725232743517605	22.548012038266076	25.470536677385997	26.255915259017833	3.032818124929866E-4
36.0	24.10970129457403	24.48000963298684	25.917098531434185	25.493049117120997	1.4142388394836896E-4
37.0	25.17988197779192	25.59992131583513	21.299779195591746	27.920356922358565	6.0588422643024524E-5
38.0	26.75594224950401	25.008146982466723	20.857950950117853	27.377879054764275	8.076314712985947E-5
39.0	23.528100842677066	27.21726816792175	21.50579700051778	27.748591753291123	2.4223559228116285E-4
40.0	26.636057746550794	25.67976446686246	23.075328582007597	24.60880883761926	4.036695988553545E-5
41.0	24.325769161378286	24.743431246597012	21.677017405143122	29.24837372926472	0.005408457616864056
42.0	24.504728535949706	25.46928207127389	20.368520711205385	29.65736779107111	1.0089049990839143E-4
43.0	25.961241056128863	25.74880551666587	22.71068878223733	25.57528992739987	0.003974717568070065
44.0	28.7463544265034	24.833312790155574	22.17128007264014	24.248850977367738	2.017333331450489E-4
45.0	26.290595746148497	23.87423883133545	21.95644978692017	27.874540565844985	0.004175069750893556
46.0	25.98255600085187	24.508358986273258	22.3743651300717	27.13469971539757	2.0167405600407866E-5
47.0	25.62614502450617	24.300502827712695	22.669735861688604	27.40168039435728	0.0019358917352547058
48.0	22.251051971154574	23.635027741802183	22.852210021316587	31.261710265726656	0.0
49.0	22.125946495384603	26.038043435539148	24.087981264697422	27.746073683079675	0.0019551212991519005
50.0	27.885064976943664	23.782790783915384	20.806084937602787	27.52597868498275	8.061655541582019E-5
51.0	24.925866071284638	26.876017603533604	21.05441861589799	27.141017684135864	0.0026800251479051473
52.0	23.24399871607691	25.71897177482243	21.7645691562633	29.27246035283736	0.0
53.0	23.374610732873904	24.852444630700234	23.584911914783422	28.186284899438952	0.0017478222034894967
54.0	23.111971476166254	28.209493801594782	22.967628630870447	25.71086591242759	4.017894093133178E-5
55.0	24.170882946553064	27.57651560508111	22.552689630337486	25.698247628931547	0.0016641890967944509
56.0	27.619533543770242	24.282508041743895	24.487779255759033	23.61015911075203	2.0047974803705265E-5
57.0	23.047593923030156	27.60790726941892	23.76232165634654	25.576824811921405	0.005352339282982989
58.0	25.188497772422046	25.236182191763522	21.999474449148746	27.57556497217607	2.8061448960934655E-4
59.0	28.165433612064998	22.275251297423033	24.301303575945195	25.255145499374088	0.00286601519268641
60.0	24.173706144450364	22.96322152228849	23.235760693915115	29.627291624719344	2.0014626689184455E-5
61.0	25.747369444874167	24.280098359756792	22.980115711003872	26.985992320221968	0.00642416414319762
62.0	25.58129622173465	21.898085852857292	24.648196516865355	27.87218126964636	2.401388963376417E-4
63.0	26.229884454864	23.87033683839389	22.50023562059062	27.396841703583895	0.0027013825675980966
64.0	25.025950555920573	21.259526947301133	24.136125832361707	29.57829672004562	9.994437096312193E-5
65.0	23.925452982084586	25.81587143211775	23.50406081894348	26.749358107986566	0.0052566588676237385
66.0	24.182607461711115	24.177331060216932	23.336644408513394	28.302837464848974	5.79604709588061E-4
67.0	26.98114218129391	24.75668781254659	21.40445762236957	26.85677307024027	9.3931354965791E-4
68.0	23.842131989129502	22.11955108739943	26.470347839519683	27.567809211944915	1.5987200647161882E-4
69.0	23.372519100138824	24.91645656330787	25.191860652165353	26.516006388927245	0.0031572954607083574
70.0	26.311396974816077	23.47751467540489	24.19211185138103	26.018697109421694	2.7938897630881265E-4
71.0	24.437620706127486	22.890391916704285	25.78319720924546	26.887814463170233	9.757047525383756E-4
72.0	27.645327827563758	25.75740501452432	21.88459784852895	24.711255701716837	0.0014136076661337433
73.0	25.152877667408983	23.39343333211903	22.734425528535006	28.715262246487033	0.004001225449943774
74.0	24.57867930582305	25.426913887121806	23.473416608876974	26.520034777319264	9.554208589074285E-4
75.0	25.916566800239877	25.004582809121672	21.896015115607206	27.18036722581914	0.002468049212105144
76.0	27.025639208870928	23.963928927831184	25.18050861254666	23.829047526736453	8.757240147806291E-4
77.0	24.699954027380574	24.526651183247658	23.68499401957916	27.08762460868544	7.761611071639671E-4
78.0	27.550015432838894	26.43025401597095	20.197655760727514	25.821557377424355	5.174130382911519E-4
79.0	27.067803382766503	20.81084351063313	23.122456338368984	28.99599143204419	0.0029053361871959845
80.0	24.678296012042573	23.61780557376821	27.507165946506866	24.19440434344409	0.0023281242382606326
81.0	24.70627047471085	25.28453679797012	21.873457929941072	28.13527715077983	4.57646598133757E-4
82.0	22.45625980167635	22.928690155804123	24.01028188636283	30.603554449468618	0.0012137066880809626
83.0	25.46298488517147	22.31091542500383	23.897246224277236	28.32805763411252	7.958314349437645E-4
84.0	23.14954570837603	25.66781992739849	24.747001810561656	26.434538378396443	0.0010941752673816207
85.0	26.12184546391123	27.025086696716354	21.30374992515427	25.54864156743764	6.763467804998084E-4
86.0	25.98053441544867	24.021762977835426	22.906164711760685	27.08976760922116	0.0017702857340629033
87.0	22.357705224196003	22.984712168509237	24.938805912262787	29.718060683929824	7.160111021499228E-4
88.0	25.016526854647207	26.730327872112774	25.573945244601425	22.678603391286707	5.966373518847774E-4
89.0	26.54094929377197	25.87102451538488	22.797150229443318	24.789861737405474	0.0010142239943521645
90.0	23.91782598553953	25.369520772884997	25.26784526471128	25.444629005697845	1.7897116635310256E-4
91.0	26.798565693036597	25.03119377043254	23.791277436350292	24.37846598830117	4.971118794030443E-4
92.0	25.80571080902134	23.985934731906923	23.154962510513162	27.05339194855858	0.0
93.0	26.299202359796613	26.088608485867425	21.19420962281985	26.417780707994652	1.9882352145882384E-4
94.0	27.6594412213613	23.924170499276023	22.772906538408698	25.639406083227318	0.00407565772666174
95.0	24.231391939615104	26.06881886996206	23.493717461092473	26.203725866438493	0.002345862891868444
96.0	25.894084823979956	24.540908670747744	23.867461413149893	25.696193347228473	0.0013517448939327527
97.0	25.702735569318275	25.086076634740493	23.133157701617694	26.07779157230139	2.3852202214199933E-4
98.0	28.580943294973466	22.615785184743505	24.238169061673922	24.565082583030232	1.987557887623477E-5
99.0	22.20956536511655	22.227447894779196	26.90764368860952	28.65526357358512	7.947790961176036E-5
100.0	22.29282835993183	24.849788665039352	24.540524775085323	28.316858199943496	0.0
101.0	23.907741507282847	21.478390238175315	28.54821980872154	26.06550938622472	1.3905959557893786E-4
102.0	24.787916699857707	24.585631792202964	24.368011133913882	26.25842050906349	1.9864961961577586E-5
103.0	26.143515008904473	25.025744218945718	25.330007620487414	23.50053454630891	1.9860535348674538E-4
104.0	25.821935898988972	26.464316283023102	23.11892189240769	24.594349308607505	4.7661697272757966E-4
105.0	27.117282214797623	23.42016065099239	20.86411471167182	28.595562874241985	0.002879548296181203
106.0	25.440910838427616	23.891755525335842	24.784201320488542	25.88305288308783	7.943266016801596E-5
107.0	26.976981737617983	23.772193529182935	22.023856449063132	27.226332842918332	6.354412176165752E-4
108.0	23.41683193672688	24.79622648251711	25.20256252965431	26.584279789804278	9.926129742456638E-5
109.0	25.911058150865635	24.783945820160266	25.344236633046442	23.96000508958281	7.543063448478197E-4
110.0	24.525960924885553	24.243025101002434	23.100424850319904	28.130529579248332	5.954454378459166E-5
111.0	25.116447361108683	23.309677337402405	24.91483285724947	26.65836761719364	6.748270457977329E-4
112.0	25.707795861379125	23.26407846569557	24.280306074958794	26.74772036474164	9.923322487141854E-5
113.0	28.0403557613154	21.785240541357968	22.86690862500506	27.306740937080516	7.541352410573453E-4
114.0	26.235167942512703	22.593727648217374	26.548479900165677	24.62218789270668	4.3661639756542695E-4
115.0	27.258163270369103	23.443672069980103	25.984410274730458	23.313218519124952	5.358657953885771E-4
116.0	27.226201361121525	24.336909232830532	24.540376875580886	23.896433143950183	7.938651687489419E-5
117.0	25.727217824083215	26.350007273815596	24.32258746986527	23.59949279773176	6.946345041629445E-4
118.0	27.574740544791933	24.35958577665686	25.023403710180204	23.041793657966657	4.7631040434585614E-4
119.0	27.06117450136612	21.329100245161616	24.628074964321275	26.98113428477924	5.16004371747808E-4
120.0	24.905711153431827	23.491120455539562	25.370467248766165	26.23266145005172	3.969221072118365E-5
121.0	27.572439765671486	23.564094818980465	24.56228126963537	24.300549066055826	6.350796568505844E-4
122.0	26.95895748250649	23.77335064458754	24.165255264922124	25.101781680527974	6.54927455868805E-4
123.0	24.914275394388756	27.96692076105271	22.54615673145048	24.57195250465884	6.946084492171762E-4
124.0	24.756672310773574	24.717199284603495	22.644815796513672	27.881193534123828	1.1907398543010713E-4
125.0	26.368690981089937	23.696709457929487	24.36393086902706	25.569775650000587	8.93041952927957E-4
126.0	24.699791506168488	23.261033245101505	25.70790859611375	26.331107890894184	1.5876172207252316E-4
127.0	26.152452431793105	22.740222421553142	27.53062066885225	23.575831302539353	8.731752621510277E-4
128.0	26.63663729813475	22.998940081566687	24.73916302363116	25.61634921702768	0.008910379639722988
129.0	24.45901040751953	26.702605303082173	22.10376958789636	26.731757073868685	0.0028576276332592135
130.0	26.354596074464016	24.491289121855452	23.740112189355404	25.41398276974392	1.984458120888823E-5
131.0	26.30962825344467	24.47277412758756	23.91930875767167	25.29759430095379	6.94560342311088E-4
132.0	25.937048413093102	25.69772347610938	22.31197017606457	26.047721313056467	0.005536621676489044
133.0	27.168822323926655	25.821233083446828	23.79310214812964	23.215274741869823	0.0015677026270528721
134.0	27.028184422633977	22.826387853962267	20.53113613808976	29.6141923646526	9.922066139302236E-5
135.0	26.10419317077546	23.615937331140177	26.200853171851	24.078599602763312	4.1672347004442865E-4
136.0	27.71973927222525	26.231609720358804	24.945255065258344	21.097641150648734	0.005754791508864661
137.0	28.894456755621338	21.827051854915222	24.274765624054297	25.003507478221387	2.182871877525806E-4
138.0	25.700255100016033	23.55508144310095	26.372214258614584	24.371278468574438	0.0011707296939911008
139.0	25.843686775083796	23.96528418818513	25.328223880395623	24.861773317765802	0.0010318385696495003
140.0	27.20540756994706	21.482823337607606	25.396005202150867	25.91546623900129	2.9765129317580835E-4
141.0	25.389565367169553	25.131138360743698	25.298025493051263	24.180873901194087	3.9687784139729576E-4
142.0	28.884518797731033	22.608435091743804	23.374671705721326	25.13205690070357	3.1750410026779485E-4
143.0	26.774026668815083	25.02085082477588	24.350330368742597	23.854573856369715	2.1828129672584007E-4
144.0	27.92152769371511	25.70289508516182	22.679139471705003	23.696021019084267	4.167303338009974E-4
145.0	28.795471670256184	22.250793725761326	22.341681005888027	26.6110415344948	0.0010120635996641535
146.0	27.648882267996516	22.2017011601092	24.384161426651932	25.76098865172256	0.004266493519791669
147.0	26.144904034553196	24.347275816374033	25.94746059961686	23.55710520540269	0.003254344053222019
148.0	24.761991130528237	24.9656500456015	24.11102873648525	26.160833987523684	4.960998613301668E-4
149.0	27.960994424287932	25.08371902792857	23.35423026418798	23.599131366094106	0.0019249175014094564
150.0	25.79266327557685	23.7553303296152	25.158104006121746	25.29388254382539	1.984486081608418E-5
151.0	27.16136113811719	24.452663024269352	25.06431349621918	23.321166210126673	4.961312676014971E-4
152.0	27.715849935571622	24.064379553671028	22.777618021607367	25.44199372525392	1.5876389605807106E-4
153.0	25.798763606775353	23.251595106026176	24.329579169850263	26.61936751441301	6.946029351935462E-4
154.0	24.159242929654567	24.505059942938704	24.879991077226446	26.452689454139005	0.0030165960412733847
155.0	26.90706131232664	23.444343801940313	24.482490090087943	25.165906289719796	1.985059253026173E-4
156.0	26.294366284135183	23.46513137952521	25.56899829501501	24.671186428565616	3.176127589809474E-4
157.0	25.72624165143934	23.11272653643789	26.393967696566484	24.766726649588243	3.37465968045943E-4
158.0	25.897782021530652	21.389824654042606	26.0861305377501	26.626223084206952	3.97024696921272E-5
159.0	27.840977218820502	20.797801845268392	24.43825243443135	26.922492057278124	4.764442016343624E-4
160.0	26.967599692452275	21.325075680919834	25.723889561542002	25.983395361016203	3.9704069686994956E-5
161.0	24.80605904555858	20.89390813878027	28.001804166536797	26.29469496026486	0.003533688859490009
162.0	25.73907136044876	23.40653371799667	24.395270959744554	26.459104109243114	1.9852566897194673E-5
163.0	25.09526553045539	23.810903133508333	27.42078875134158	23.672903612367264	1.3897232743309774E-4
164.0	25.96697565362754	23.48472966453506	24.63738537073472	25.90940044352765	0.0015088675750314182
165.0	26.2460162977399	21.800649304753122	27.01537810327726	24.937281258710936	6.750355187806794E-4
166.0	25.243458274960528	23.732555664624016	25.350733194191626	25.673133738051447	1.1912817238323056E-4
167.0	26.70366516222532	23.454393506817638	25.897775424254643	23.943748943942534	4.169627598645943E-4
168.0	25.315874593323812	23.60249828493593	24.589779508781824	26.491728476814618	1.1913614382115283E-4
169.0	27.233073635434344	21.831005212755564	25.471634047562127	25.46392968538403	3.57418863932227E-4
170.0	30.227675684219452	23.267780194346106	22.85332979088642	23.651035619661137	1.7871088688851836E-4
171.0	25.65615196638589	23.282327476227703	26.404431578531433	24.656255019886945	8.339589680274031E-4
172.0	27.17995578587276	24.683600592698	24.51434338685932	23.62184216001258	2.580745573425785E-4
173.0	27.93286064417082	21.19256383020747	22.799904162632913	28.07296423507469	0.0017071279141020875
174.0	24.90055067563611	25.953291320571502	22.89766976651218	26.248031706276688	4.565310035166782E-4
175.0	25.500100336658765	24.101639546656944	23.77825975543262	26.618035310961268	0.00196505029040069
176.0	24.85744745846886	24.17088083347906	27.297955703163595	23.67234640480972	0.0013696000787619292
177.0	23.426296544882856	25.984755137056663	24.26683453207418	26.29692206387898	0.025191722107314355
178.0	24.9394313123788	22.411595521658924	24.36523717616223	28.283497784391948	2.3820540809648273E-4
179.0	27.62807480479013	24.246720099037752	22.996082601075067	25.128110042123996	0.0010124529730483034
180.0	26.912166593954094	22.592562309502508	25.147349890314423	25.347781948223474	1.392580054951209E-4
181.0	28.682560743162178	21.866960727465834	25.37624915915994	24.07347243986736	7.56930344680184E-4
182.0	26.571687465402665	23.021032588570662	24.469842878561796	25.93735739026906	7.967719580889982E-5
183.0	23.887025254678232	24.132121926829562	25.916881471536197	26.063592865423917	3.7848153209324193E-4
184.0	25.883663747499657	22.31645773117753	26.297025923884387	25.499326568271197	0.003526029167233587
185.0	25.450003933992583	24.276319655322492	24.0277909187516	26.245287923439527	5.97568493798733E-4
186.0	26.795199865498702	23.420994233894408	25.20086549352533	24.58294040708156	0.0
187.0	24.934889653417525	22.885977724085286	27.878136563816913	24.300457627024006	5.384316562716121E-4
188.0	28.444169935052425	27.574978092209363	21.43128372672958	22.549249152107677	3.190939009588373E-4
189.0	25.498807107176063	23.6392425639158	24.46862318907062	26.392529351625555	7.977882119611588E-4
190.0	28.742141488413413	21.407543971662186	25.137423598981396	24.71279121047457	9.973046843600485E-5
191.0	26.75997767758167	24.21175458282684	24.092153078740054	24.935775110823137	3.3955002830249353E-4
192.0	27.11539579416822	22.667676644795126	24.081805831305285	26.135081778064894	3.9951666473899876E-5
193.0	26.622686200754224	23.936169787693462	23.019001063650407	26.42178333656984	3.596113320722963E-4
194.0	27.77103597856494	23.312504570193983	23.90198467291796	25.014474778323116	0.0
195.0	26.480621518147597	21.526200314915318	24.802518523254978	27.19014011333754	5.1953034456851E-4
196.0	28.944950610973603	22.574620104818415	25.516539122311443	22.96383009862589	6.006327064930197E-5
197.0	24.997912478691763	24.340298212180674	23.376834540758328	27.28437406699812	5.807013711160339E-4
198.0	27.177530660003164	23.381854059929392	23.20153354673601	26.23902155963404	6.017369739490012E-5
199.0	25.81766133214119	23.29210634025685	25.788520467490965	25.101310194161304	4.016659496929465E-4
200.0	27.774095533745957	24.025838908920296	23.213904099904234	24.986121287494615	4.016993489256953E-5
201.0	25.775869410815694	21.184044973791536	28.211240073402987	24.828604507663286	2.4103432650188488E-4
202.0	25.686759214843065	24.974147095194134	27.698766051098357	21.640307551137326	2.00877271218867E-5
203.0	26.193337373821812	24.67538104646508	22.501776421659805	26.6289223952916	5.827627617006705E-4
204.0	25.20177412913906	23.52320872264752	24.219768850323078	27.05516790778934	8.039010100413265E-5
205.0	27.17433926435596	24.21066362079455	25.019952860801087	23.594220212454	8.240415944039134E-4
206.0	25.598777058387224	21.314843142260433	25.981679996944656	27.104619398619867	8.040378782244431E-5
207.0	26.023177185584956	23.54930484728112	26.288037478515534	24.139158812234076	3.216763843091889E-4
208.0	28.307747001969396	22.233464934734847	21.77562155421027	27.683106184515164	6.032457031813972E-5
209.0	26.784705486514444	20.861473288419347	25.22730339706684	27.125813931085275	7.038969140958172E-4
210.0	24.343293234247255	24.30189673605307	24.87830978379482	26.4762186370736	2.816088312529481E-4
211.0	26.037775024993355	25.20094778586735	24.844813846027247	23.915859760365578	6.035827464664757E-4
212.0	28.294892866243117	21.88890646642764	24.56116198533872	25.254716650746246	3.220312442763978E-4
213.0	30.48745345477297	22.490726195153357	22.31101948118245	24.71055921934308	2.4164954814555114E-4
214.0	27.924495070710048	24.582246656744005	23.931207981334754	23.562009987953356	4.030325783324043E-5
215.0	25.754174605621415	24.66298796161179	23.288049555644136	26.294545440586987	2.4243653567079866E-4
216.0	25.843366259559136	24.525358943571558	25.960215723970208	23.670997905843922	6.116705517941215E-5
217.0	29.837368152991818	22.900202904741562	24.674448789143362	22.587548877862844	4.312752604081096E-4
218.0	24.558454120303512	23.882696767598645	25.51939347506731	26.039227557779217	2.2807925131949032E-4
219.0	26.539572274359298	23.301145045509937	24.35875026031365	25.800030610375913	5.018094412100968E-4
220.0	27.032785697865197	21.586578784662848	25.25268175524673	26.127575865409952	3.778968152745893E-4
221.0	25.549801782531045	22.14075289043813	24.962618317225278	27.34670023852017	1.2677128537420666E-4
222.0	25.711309366067326	24.43484885347801	24.464457254175244	25.38921424072545	1.702855539740285E-4
223.0	30.495495021061643	22.400590504002647	24.04999078949603	23.053386316479795	5.373689598922854E-4
224.0	30.31165885901828	22.731384936707524	24.09063321346261	22.866172173890188	1.508169214000378E-4
225.0	30.238961298670997	20.244413043586473	24.179083868786737	25.336719374081685	8.224148741088432E-4
226.0	25.58022534199516	21.88915592232003	25.739118375528726	26.791325367828406	1.7499232768013328E-4
227.0	27.866521130608607	23.707664962811947	25.345894572278908	23.07870555298332	0.0012137813172131405
228.0	27.816998743751732	28.197796921382622	22.298883342263256	21.68625448925317	6.65033492195056E-5
229.0	27.42042569985137	25.284998825657123	22.289363001115348	25.005190126223425	2.234715273809606E-5
230.0	26.323274252954203	22.033938757488244	27.271781602388856	24.370960355247817	4.503192087711374E-5
231.0	25.047742445647632	25.036719264398517	25.00039287164576	24.91375613306802	0.0013892852400741833
232.0	25.083019190657186	25.421217923569838	24.08683476022627	25.408744695725467	1.8342982124076057E-4
233.0	22.522024710102453	25.25394332688512	23.32133161000104	28.90226033356716	4.400194442276512E-4
234.0	27.643707573064813	21.049607998194357	25.868431788444678	25.43670252980381	0.0015501104923456247
235.0	25.615719071491366	21.97602699042505	27.79690655515693	24.611133550333815	2.1383259283898405E-4
236.0	28.755156011813853	22.90018530633461	24.325782001660734	24.018514706624046	3.6197356675962954E-4
237.0	27.857964042363054	24.134530864634016	22.845912735616153	25.161421676259355	1.7068112742199567E-4
238.0	26.827303243951977	22.390139449342726	24.976214082399707	25.806318518081127	2.47062244614846E-5
239.0	27.170523754874683	23.867561253933335	24.345203202360214	24.61556090466501	0.0011508841667611143
240.0	25.493517759087354	22.295769789066124	25.621901346024078	26.588682670861523	1.2843496092109446E-4
241.0	29.141268464889368	21.775562662906577	23.389614633481113	25.690929722135742	0.0026245165872021367
242.0	26.684538781052325	24.02448615521604	20.954018040122236	28.335873656721787	0.0010833668876133247
243.0	27.799840199001373	23.81342586966134	24.671826153062465	23.712270286064474	0.0026374922103477613
244.0	26.849819214039222	23.086583631359943	25.38289841796408	24.67963597595258	0.0010627606841794074
245.0	27.855304205077054	21.357812081966404	24.115411689225873	26.669627805614216	0.0018442181164558802
246.0	24.142715879840836	27.209815217637445	23.069879233321473	25.57498677076872	0.002602898431519434
247.0	25.748971452303344	23.123365424247698	24.90848725112487	26.085368740973042	0.1338071313510422
248.0	26.62988051994758	22.559681219253765	24.22802148832303	26.573164478089573	0.009252294386052767
249.0	25.290698971480886	21.880131998579543	28.35796255210902	24.455852312350444	0.015354165480109008
250.0	27.809607003434717	22.77807082636722	23.600199214606405	25.811097431614645	0.0010255239770135373
