# Position (bp)	A	C	G	T	N
0.0	24.07392296849924	23.15995799323137	25.05646081597795	27.709618992959513	3.922933192840019E-5
1.0	23.107572995646827	30.103120019021283	23.43193286191076	23.284165661297852	0.07320846212328024
2.0	25.213919073988585	26.791635713432026	21.540189992321253	26.453552181490238	7.030387679011246E-4
3.0	25.554540599051567	22.700214480842593	23.96194570088948	27.777640094081978	0.005659125134379829
4.0	26.23166051775644	22.704435015248777	23.86755403371111	27.196252934707154	9.74985765207828E-5
5.0	28.591408116603965	23.467486796386787	22.126439132482584	25.814140030565923	5.259239607450356E-4
6.0	25.686548561112264	23.970490655263998	23.7826452375393	26.554969086772257	0.005346459312180926
7.0	25.939815703273304	24.89709494663568	23.241843417443206	25.920527979133556	7.179535142563254E-4
8.0	27.425633768251643	23.86977301591664	23.51599463806763	25.18852116031721	7.74174468732448E-5
9.0	26.86581059706287	25.18827163653438	22.036796918504827	25.908985640382394	1.3520751552906603E-4
10.0	25.443302701374783	23.412210674850627	23.32905493277199	27.8154316910026	0.0
11.0	27.154179444833186	22.265500557362056	22.946777233164912	27.633411200505808	1.3156413403829156E-4
12.0	28.819660327382135	23.430302884468553	19.990689590388254	27.75934719776106	0.0
13.0	25.24522300847934	22.538192639793053	25.014436703663478	27.202129379536878	1.8268527255272525E-5
14.0	27.2135653520544	21.47592200328006	23.423867115036852	27.886555030236753	9.049939193458559E-5
15.0	26.521157407216915	23.287343338511178	23.995646386237603	26.195852868034304	0.0
16.0	26.85141230678273	24.80713307513741	21.33530808381455	27.00609365175421	5.2882511101361144E-5
17.0	29.55887739514797	26.145493900603984	18.661588316568082	25.632882236221064	0.0011581514588991926
18.0	26.291896773595386	24.859841165052877	19.714299695155717	29.13377350181181	1.8886438421196765E-4
19.0	25.70547996024223	23.90779806962124	21.86376705253955	28.522681386297656	2.7353129933179723E-4
20.0	23.43788136937206	25.472348891860925	23.483219535610306	27.606482357041873	6.784611483463781E-5
21.0	24.878450581806668	23.812972907416267	23.17357512953368	28.134866625790846	1.347554525424985E-4
22.0	23.31210002054084	26.703122207313072	25.179098764081807	24.80561231703316	6.66910311233704E-5
23.0	25.97016371997705	23.244910792719224	22.70303346743898	28.0817094578256	1.8256203914495243E-4
24.0	28.705211706303768	20.95479862744882	24.034835563298838	26.305039027752684	1.1507519588675219E-4
25.0	25.571229533057004	24.938627895261533	19.197624614748765	30.29240387481541	1.140821172858691E-4
26.0	27.554011039850714	24.71058161844756	19.193865899466424	28.54152523195293	1.6210282376634888E-5
27.0	26.906956708571677	23.624407222249076	19.64666703419305	29.821920534437247	4.8500548945379814E-5
28.0	28.057410288629526	23.616582131769555	22.627089742468485	25.6964875554388	0.002430281693631335
29.0	28.99435856013936	22.714947877399354	21.889118927501446	26.401321478213884	2.5315674595483207E-4
30.0	24.666812065003114	23.271553705882	24.722813470380693	27.338506497200086	3.142615341053901E-4
31.0	26.484318653083307	24.356377344031735	22.57597129562848	26.58303532075169	2.9738650478823575E-4
32.0	25.38269214983977	21.714979709592626	23.67999856005062	29.22203476329513	2.9481722185663165E-4
33.0	24.12944382180463	25.256984193515734	23.6253897173147	26.98809011291838	9.215444655188011E-5
34.0	26.708446204488467	26.286677822576525	21.91985394791331	25.08497629991524	4.572510645185825E-5
35.0	25.449586534170905	22.33033021771618	25.43555408443331	26.784377951936744	1.5121174286201187E-4
36.0	25.509330138768927	24.14006057503368	24.78375341573198	25.56668965479726	1.6621566815374286E-4
37.0	26.327456420119084	25.48549562834151	20.840323364664986	27.346709481458255	1.5105416167810296E-5
38.0	27.551659786850287	25.32442966843227	20.479803574484073	26.64401635691258	9.061332079244974E-5
39.0	24.42174229929657	27.03544340073766	20.865685249096728	27.676932761315378	1.9628955366624343E-4
40.0	27.48110710685594	26.02330056808892	22.020273296831554	24.475273736912133	4.529131145068523E-5
41.0	25.102308588970207	23.77461406528367	21.231579548003598	29.886561625320056	0.004936172422465109
42.0	25.329562889657165	25.63285870722686	19.634955242961926	29.402608066304264	1.5093849784497559E-5
43.0	26.999747658293106	25.123665547026107	21.609550711024074	26.263142294160403	0.0038937894963066355
44.0	29.170871231001367	23.93368551322546	22.540433610740266	24.35485874097424	1.5090405867029078E-4
45.0	26.570437680546284	23.92366277689044	20.70748341607067	28.794463081425786	0.0039530450668260764
46.0	26.16846117359667	23.326075648092385	21.95946639116429	28.545981700494966	1.5086651692661974E-5
47.0	25.582218717104954	24.03970229164473	22.81053449987766	27.56559850765677	0.0019459837158875843
48.0	23.81406164817905	23.30974971403322	21.634259611839212	31.24192902594852	0.0
49.0	22.91029963255613	25.304648774958384	24.046741237149003	27.736546045692002	0.0017643096444855746
50.0	27.870535311745233	24.46957819271633	19.510973032814004	28.14886822740579	4.5235318651155175E-5
51.0	25.53733552257158	25.68838210700261	21.065518397033763	27.70624627905129	0.0025176943407507826
52.0	23.608545327374948	25.43668222460634	21.488883242033307	29.465874161077103	1.5044908299027182E-5
53.0	23.834658315615243	24.100125485103657	23.103680921411893	28.959822683374174	0.001712594495030246
54.0	24.210034689611206	27.484140904838217	21.94337234938141	26.362331877367147	1.2017880202164781E-4
55.0	24.74900077647862	27.7892869930015	22.071490885405932	25.388632718719762	0.0015886263941882652
56.0	27.67434583877425	24.88574450466208	23.934222281897057	23.505687374666614	0.0
57.0	23.24995351249963	27.36418345248768	21.959781157376185	27.42095738927996	0.005124488356548115
58.0	25.746759492593686	24.483682249588437	21.735865610559	28.03342296704568	2.696802132031837E-4
59.0	28.465712491856	21.339992452611973	23.65064971505539	26.5409188128459	0.002726527630735876
60.0	23.892738794778232	22.371603559807582	23.308851923140246	30.42674585332707	5.986894687529E-5
61.0	26.05541676014342	23.46318607383723	22.398112335833247	28.077133698220674	0.0061511319654273455
62.0	25.736404873398495	21.605000905418894	24.149242965044845	28.509186634520557	1.646216172128363E-4
63.0	27.45445577388371	23.759094179605334	21.874397662120924	26.909553243376227	0.0024991410138072304
64.0	25.917902331955773	21.324465059658102	22.959417309119985	29.798170477810164	4.4821455971211475E-5
65.0	24.496061609940654	26.069565152437548	23.042819954509632	26.38660835334586	0.004944929766310985
66.0	24.975048599397702	23.905958951678162	22.923887360242652	28.19452247851924	5.826101622449793E-4
67.0	27.485021344089855	24.777114582591103	20.220800826486897	27.516420914982298	6.423318498455192E-4
68.0	24.393762545457914	21.801305937543596	26.474751346372795	27.33000092312463	1.7924750106577576E-4
69.0	23.61796750534662	24.563554928343816	24.50806481245536	27.307559829995608	0.0028529238585989366
70.0	27.10733675856473	22.598191068619407	23.61290580424762	26.68123829079233	3.2807777590707164E-4
71.0	25.50703825399	22.49334671502282	25.398598373639796	26.600139023199144	8.776341482389528E-4
72.0	27.965969343315834	25.285086101446446	21.758538155458567	24.98890414610116	0.0015022536779929652
73.0	26.02780391213186	21.944340419304435	22.49270576379257	29.531357407609566	0.0037924971615761437
74.0	24.823880012807376	25.25426251934974	22.630029723756596	27.29098006603263	8.476780536598054E-4
75.0	26.597390438090006	24.430101700077195	21.30293102450905	27.66733134292313	0.0022454944006143436
76.0	27.489556230699307	23.61571449538523	24.104634426809447	24.789336462833298	7.58384272716174E-4
77.0	24.664718263418074	24.289783224649504	23.56736228776543	27.477586051792034	5.501723749528823E-4
78.0	28.06022204253798	25.4259760566618	19.93374944872987	26.579561773330806	4.906787395444538E-4
79.0	27.35562960817468	20.8523528491656	22.09961180858422	29.689684766207897	0.002720967867599785
80.0	24.56556058660137	23.27961575986419	27.369972972707757	24.782546120205286	0.002304560621392805
81.0	25.770679986696226	24.267805506198343	21.1997006799525	28.761442130292835	3.7169686009820823E-4
82.0	22.84070878560163	22.52142996472248	23.707734769173676	30.9290411555232	0.0010853249790071387
83.0	25.66850898382353	21.990668883631923	23.526190875475297	28.81387304067965	7.582163896054777E-4
84.0	23.889257321539723	25.3962534041616	24.94066549491704	25.772753416872153	0.001070362509482743
85.0	25.26743198694682	25.979984373290456	21.235705247434794	27.516343231042207	5.351612857190426E-4
86.0	25.623802438157867	24.682000413247096	21.80939795249442	27.88313431571186	0.0016648803887495708
87.0	22.906993544612455	21.96117551435888	24.926702781637612	30.204429524375225	6.986350158248263E-4
88.0	25.57705296603619	25.811087764610193	25.37753254042433	23.233761894229648	5.648346996387436E-4
89.0	26.56308920223662	26.0888661707081	21.732479944921458	25.614851229524092	7.134526097278966E-4
90.0	24.684093396315735	25.206342373986274	24.143963964419235	25.965481359514996	1.1890576376367659E-4
91.0	27.39749705941192	24.295024290134457	23.335115868236684	24.971916900779192	4.458814377476686E-4
92.0	26.18449136147453	23.674251741207318	22.112482074441026	28.02877482287712	0.0
93.0	27.353252355552215	25.070678827353433	20.697738946304007	26.87807722082662	2.5264996372986845E-4
94.0	28.718478471837685	23.01447179250311	22.35911113013378	25.90388142694983	0.004057178575600396
95.0	24.290839217061645	26.466047754424498	22.966989200491604	26.27367175854992	0.0024520694723295104
96.0	26.487292812260794	24.38904164715599	23.7847222480218	25.337917914148484	0.0010253784129311808
97.0	25.630547113884766	25.498383018206518	23.171439003089823	25.699467405739462	1.6345907943115647E-4
98.0	28.66892144000578	22.737117114627157	23.15905127150107	25.43488045496078	2.971890522091325E-5
99.0	23.09130303582739	21.403097917679776	25.714725501933657	29.790843829177565	2.9715381617559773E-5
100.0	23.589147245359804	23.994777998060247	24.32108626198083	28.094988494599114	0.0
101.0	23.796002807914157	21.011354224313713	28.39058234505402	26.801912055831433	1.4856688666946467E-4
102.0	26.09849294733109	23.694747729257987	23.946074232473524	26.260670232734434	1.4858202968698671E-5
103.0	26.323540467593563	25.360810252244022	24.36265943357344	23.952811554961514	1.7829162745488998E-4
104.0	26.9255141254018	26.330099597287315	21.89107814230667	24.853025842401983	2.8229260222520857E-4
105.0	27.701615545346662	22.541768959081598	20.504711753433764	29.248842955964648	0.0030607861733293494
106.0	26.202012295811468	23.12660335414332	24.308223169364418	26.36307203322466	8.914745613276552E-5
107.0	26.481273115815423	23.989649522896553	22.03863867097164	27.489814666375256	6.240239411242326E-4
108.0	24.267686447199914	24.406554288753593	23.793348843981306	27.53236584923769	4.45708275019834E-5
109.0	27.190210645247316	24.201807016357932	24.580369737861545	24.02695890720303	6.536933301738156E-4
110.0	25.021905917316417	24.521256539462296	21.990272554478064	28.466520419226814	4.456951641183303E-5
111.0	25.528222503808166	23.497342043580055	23.834517197715677	27.1392942691515	6.239857445999605E-4
112.0	26.334064900338173	23.398620724080487	22.50690923017887	27.760316008422258	8.913698021441306E-5
113.0	28.36371264064215	21.45746991062544	22.59152045489186	27.586687912225692	6.090816148565999E-4
114.0	27.09543800245364	21.769863938443233	26.957855175690344	24.1764566234521	3.86259960678736E-4
115.0	27.71134851389181	22.93221521001509	25.65033111953078	23.705570302023443	5.348545388796164E-4
116.0	27.78249158979505	23.96001016816547	23.90336023400449	24.35403400868038	1.039993546097194E-4
117.0	26.65992449901371	25.541494268191784	23.897834617212617	23.900078044527724	6.685710541716383E-4
118.0	26.965219438961864	24.55536877229916	24.048736315939216	24.430304052272238	3.7142052752114685E-4
119.0	28.099110196379012	20.376712405087588	24.21506115682048	27.308685387243827	4.308544690974089E-4
120.0	25.5415228828211	23.570977876737942	24.594766894487332	26.292702632152505	2.971380112463766E-5
121.0	28.336667999344506	22.754129555600226	24.014795249724067	24.89384262723842	5.645680927805261E-4
122.0	27.65573727382385	22.835499298679178	24.433167713361318	25.0751202927526	4.754213830572596E-4
123.0	24.901514557244866	27.85867777238973	22.046521260613666	25.192692139468104	5.94270283633321E-4
124.0	25.94591374295939	24.69398088115916	21.75097965339821	27.60899201182834	1.337106548969596E-4
125.0	27.576094145836194	23.408900068994164	23.69174048923459	25.32247789482817	7.874011068779636E-4
126.0	24.91328167573616	24.119698326605246	24.323858547957595	26.64299802644129	1.6342325970570738E-4
127.0	27.01046335596952	22.40410571213366	27.09924514678857	23.485249832494194	9.359526140562255E-4
128.0	26.535418764212988	22.73418570781891	24.48497484578624	26.23702678277881	0.008393899403052617
129.0	25.384762463079962	26.00601298361145	21.210601356301144	27.39541421232574	0.0032089846817036326
130.0	26.93850505722809	23.14947644912464	23.56011623899117	26.35188739793432	1.4856721775199971E-5
131.0	26.758060742022828	24.18868134766024	23.22630247699982	25.826316590958896	6.388423582197098E-4
132.0	26.901203218328234	24.79958246594685	21.840994760322022	26.452915696273394	0.005303859129501521
133.0	27.254827472628858	25.367636407774707	23.73954876485369	23.636278817270135	0.0017085374726095444
134.0	27.8246834332533	22.128257390147837	20.502899543551987	29.54402592110074	1.3371194613726246E-4
135.0	26.520985052000213	23.43542515793499	26.024174356783174	24.018999443465052	4.159898165692904E-4
136.0	28.216837902418128	26.10436325423848	23.68303876861802	21.99035208257469	0.005407992150685679
137.0	29.176983107853626	21.35171639581319	23.828509138862604	25.642598214377244	1.9314309332926844E-4
138.0	25.94048453475613	23.30919880353425	26.42757754312111	24.321743747509718	9.953710787950602E-4
139.0	26.386975517813553	23.327463598656927	24.350470254736976	25.93403582959734	0.0010547991952030704
140.0	27.063025121444433	21.17610861406417	25.088760139187542	26.67189813435086	2.079909529878049E-4
141.0	26.396739985496982	24.604260903967948	25.206681371734092	23.792020606705115	2.971320958672937E-4
142.0	29.014500995842212	22.23423135926891	23.560233225860223	25.190737285740898	2.9713328775308697E-4
143.0	27.581102888151538	24.508402740863268	23.688140486327626	24.222131035751204	2.2284890636156373E-4
144.0	28.929939197579195	23.87760062350486	22.669010257344322	24.52298936470191	4.605568697108386E-4
145.0	28.954162624406287	21.816900090180166	22.44862181825205	26.77946863527842	8.468318830718305E-4
146.0	28.139974193855107	21.455335832731016	23.85829351109909	26.542162293463555	0.00423416885122542
147.0	26.711214128809296	23.98528442165008	26.26480850523941	23.035038265673744	0.003654678627469099
148.0	24.56879876344607	24.24241163672841	23.484436998920213	27.70384747266513	5.0512824017481E-4
149.0	28.667476168452637	23.54409647819181	23.977144772406735	23.80924718859574	0.0020353923530755
150.0	26.26392873692629	23.869153927056587	24.211803715439178	25.655098763456653	1.4857121293092522E-5
151.0	27.203489563268242	23.816872512052612	25.0551242894683	23.92405305897649	4.6057623435545104E-4
152.0	28.019034272744943	23.585994464680393	22.94107386626682	25.453733963530123	1.6343277772131918E-4
153.0	25.643293534526308	22.83162370812359	24.63103890932647	26.8933752518379	6.685961857330489E-4
154.0	23.352957196819034	24.561115212726236	24.467762815673517	27.615133756318894	0.00303101846231976
155.0	27.912099440379652	22.43049175295156	23.78577422221747	25.871426552671196	2.080317801234847E-4
156.0	26.274809793256736	23.252275638068006	25.72100692888829	24.751684745613108	2.228941738583472E-4
157.0	25.58963215667196	22.681930825667052	25.632933540993736	26.09516170184248	3.4177482477724827E-4
158.0	24.999650790980716	20.92007214806938	25.449402287898614	28.630785613301686	8.915974960375921E-5
159.0	26.774767058154993	21.580084412162698	23.475955075681764	28.16871792600844	4.755279921038577E-4
160.0	26.800307491989116	20.921833996826706	25.141972819978836	27.135855970348093	2.972085725057402E-5
161.0	25.556744733331094	19.851138455265005	28.259218100917106	26.329540216185983	0.0033584943008134987
162.0	26.082146766614983	22.91954410396194	24.779472016820133	26.218807390849086	2.9721753856917695E-5
163.0	25.463957222175903	24.206992309449365	26.264830231715198	24.064145930386612	7.430627292069871E-5
164.0	26.299212528212895	23.678324158026996	23.277922835284837	26.743069179724195	0.0014712987510754228
165.0	27.585842007932467	21.22796684517459	25.48689146091292	25.69877951470398	5.201712760529642E-4
166.0	24.587547896165436	22.957179590797576	25.58539922896481	26.86969493443942	1.7834963275581244E-4
167.0	27.12852645101148	22.70681380838056	26.163858327671768	24.00040011194811	4.0130098807734764E-4
168.0	26.420211323877744	24.205945059596853	23.55342075473493	25.82031881700484	1.0404478563206911E-4
169.0	27.132187272114873	22.127268743695765	25.426993371506306	25.313357379472272	1.932332107838401E-4
170.0	32.18013642807336	21.972081460857456	22.27697922304285	23.570669108781996	1.3377924432861473E-4
171.0	26.166987530887393	22.823063101843374	26.19527372353911	24.814036491715402	6.391520147260624E-4
172.0	28.182635990475703	24.647192698197966	23.473550819824133	23.69644217841532	1.7831308687294716E-4
173.0	29.288445419636982	19.892090227333547	22.545362475589027	28.272720018983467	0.001381858456981186
174.0	25.38845168340826	25.50477731494173	22.9752408716176	26.131143814229645	3.8631580276795273E-4
175.0	26.427538109683617	23.699786390825146	22.530433661097216	27.34087483477087	0.0013670036231539506
176.0	24.67707885848173	23.91814898022048	28.26585102334578	23.137717525152166	0.001203612799842609
177.0	22.507247912412495	26.149178079525004	23.177745754719854	28.14074346959711	0.025084783745535674
178.0	25.714756560228807	23.13169316901673	23.497394839965768	27.655828513407105	3.2691738158792394E-4
179.0	28.95172389400416	23.72027800345996	22.66146984216481	24.665562289446203	9.659709248696051E-4
180.0	27.058083559986944	21.894373781288365	25.332457159525358	25.71493652382958	1.4897536975314336E-4
181.0	27.963667925652164	21.977535815284998	25.660519755647492	24.397679662820877	5.968405944711373E-4
182.0	26.626437977911525	22.29360228062047	24.90745237951351	26.17244767547266	5.968648183255405E-5
183.0	24.72139248766615	23.94121236368075	25.83273357166616	25.50433328115419	3.2829583274700193E-4
184.0	26.50672658388154	21.665096456378873	26.10923679124332	25.71546297226257	0.0034771962337040003
185.0	25.59827846931677	23.942404944103377	23.73155593437746	26.727312989761366	4.4766244103166495E-4
186.0	27.846786719243394	22.208353777847815	25.373642155932252	24.57121734697654	0.0
187.0	24.92096141649578	22.425164276637958	26.94935058393112	25.704015508318502	5.082146166410093E-4
188.0	28.245754500225278	27.312299145802545	21.51125471145012	22.93013854137361	5.531011484472657E-4
189.0	25.438662584791157	23.294168018870153	24.497427300188576	26.768979659690224	7.624364598909088E-4
190.0	29.07695270183194	20.827304560876623	24.629849069139592	25.465714262647865	1.7940550398145666E-4
191.0	27.285565495341537	23.677897061860453	24.09023024455066	24.946067765463617	2.3943278373533098E-4
192.0	28.10384877232803	22.47503028004609	23.335547808799227	26.08551327465547	5.986417118878122E-5
193.0	28.52252955623438	24.398038325811306	20.721066742665275	26.35817078851351	1.945867755234983E-4
194.0	28.5783570343433	22.402622431766883	23.387576141187875	25.63144439270194	0.0
195.0	27.250703344795248	21.255160556639467	24.207487014021385	27.286184978782877	4.641057610196673E-4
196.0	29.563189316442994	22.275883243435324	25.166240286393087	22.994612122005183	7.503172341265887E-5
197.0	26.077854745544606	23.993031176898423	22.58861040478668	27.340023395506226	4.8027726406454446E-4
198.0	28.181581243112173	22.934103547188325	23.456706433927085	25.42748853006233	1.2024571008398561E-4
199.0	26.435725787941276	22.595677400271217	25.054083703680945	25.914136585524545	3.76522582017161E-4
200.0	27.94856164840589	23.165724595212026	22.898338673671237	25.987329895815588	4.51868952581324E-5
201.0	25.740451801303347	20.69237075025962	28.23526168690844	25.3317651269503	1.5063457828795368E-4
202.0	25.843930928426463	24.5996826747398	27.570027285392673	21.986359111441065	0.0
203.0	26.336511348388967	24.149322906180945	21.470468390032078	28.043200068474906	4.972869231019613E-4
204.0	26.148983550898414	22.871913306736015	23.6776847796076	27.30126765267233	1.5071008563949907E-4
205.0	27.58226330436801	24.078692438294517	25.01832343749647	23.320057664381544	6.631554594649993E-4
206.0	26.43739338356713	21.22041024217164	24.86114709898542	27.480928687634144	1.2058764166598458E-4
207.0	26.72887099609443	23.37935917007559	26.291834600063986	23.599739246558844	1.9598720716119166E-4
208.0	29.667770083731128	22.283269622847293	20.502582773997435	27.54636244061399	1.5078810155216747E-5
209.0	28.76266497915902	19.771770221060084	24.646409134741113	26.818522246416133	6.334186236537215E-4
210.0	24.828257185458707	24.16910084945626	24.089894690954946	26.912385257789573	3.620163405125699E-4
211.0	25.945589141666936	25.100344679050167	24.6127245336196	24.34061743492099	7.242107423084671E-4
212.0	29.281644621971925	21.713309891978177	23.98820103699017	25.016512390028083	3.3205903164341445E-4
213.0	30.454829021745876	22.646039064563496	22.146024491502093	24.752820491445917	2.869307426205566E-4
214.0	28.21501982209829	24.670797819433183	23.662480607831338	23.451671527113067	3.022352411731442E-5
215.0	26.810159803303176	25.026743375158507	21.993642743625827	26.169196748138784	2.573297737057107E-4
216.0	26.65392395423917	24.361105579095238	25.294604643993797	23.690320040471466	4.578220033833046E-5
217.0	29.691335108815537	23.016951627717503	24.577577427549183	22.71347483388481	6.610020329655549E-4
218.0	25.138346205070672	23.744155550166237	24.901571655120865	26.215662644242276	2.639453999440436E-4
219.0	27.679771027923977	21.69314704300507	23.939450163266297	26.68695850272554	6.732630791138919E-4
220.0	28.550244540379616	21.453394289630435	24.680745716515496	25.315285365223	3.3008825145179886E-4
221.0	25.964109677663494	22.926895226978843	23.568803770448742	27.540048826342222	1.4249856670191658E-4
222.0	25.993535364137365	24.301968446740194	23.53977693454276	26.164575254671835	1.4399990784005898E-4
223.0	31.369452999469257	22.88550872170378	22.909158496683126	22.8351194952601	7.602868837409737E-4
224.0	30.796612783355226	21.77697034523255	24.39906483267838	23.0272223075385	1.2973119534161225E-4
225.0	31.279507415699854	19.184768678817793	24.200532054697675	25.334246178669417	9.456721152598218E-4
226.0	25.533879347550346	22.404087858651284	25.651724853640296	26.410093795402805	2.1414475526549008E-4
227.0	27.427186887653498	24.012629719349917	24.8897028011797	23.669266707373367	0.001213884443522114
228.0	28.135883101982	27.74807436504047	21.962322234139233	22.153603337995616	1.1696084267947933E-4
229.0	28.303054769648828	25.392124023944284	20.839050720525577	25.46577048588131	0.0
230.0	26.56802351767984	22.65202502605891	26.120821706810343	24.659112778489238	1.6970961666331208E-5
231.0	25.624549005839945	24.14521079232786	24.271768543564594	25.95718218247045	0.001289475797141043
232.0	25.548568302163073	24.59735090940156	24.151275024501263	25.702546628413657	2.591355204486431E-4
233.0	24.11482802425428	24.901930825544696	21.359426907579678	29.623150698685574	6.635439357759317E-4
234.0	27.610013291980508	21.119680992467877	26.174426229508196	25.094869295525037	0.0010101905183872396
235.0	26.45222655149852	21.035499269389835	27.359577012904463	25.152464259582676	2.3290662450937323E-4
236.0	28.23661507747085	23.456694964068443	23.79217949964235	24.51431095995949	1.994988588665273E-4
237.0	28.4931026164002	24.748978368459916	21.283783289836318	25.474062621078875	7.310422469314501E-5
238.0	26.92194615255079	22.538673456400975	24.3439133315907	26.195411482834324	5.557662321254001E-5
239.0	28.74085550890643	23.555599690727796	23.13927461712895	24.563198149933825	0.0010720333029966716
240.0	25.675144746927337	21.629814509350176	25.716305284989932	26.97858108259355	1.543761390064506E-4
241.0	29.01716547952003	21.169341047628727	23.35064811597877	26.460294708138154	0.002550648734317858
242.0	27.53490548243329	24.164927315183657	20.692776369039713	27.60657747915199	8.133541913497071E-4
243.0	28.117894193953287	22.878001210911876	24.200450577280293	24.8013626836417	0.0022913342128432
244.0	26.380748147880084	22.50871923461405	25.901389668752746	25.208247969857112	8.949788960085109E-4
245.0	29.02191897152217	21.49857882928612	22.795664068907424	26.68229730154077	0.001540828743516573
246.0	25.04215314555271	26.095073269298325	22.763675496391144	26.09687076148412	0.002227327273700618
247.0	26.2153650394678	22.762691340197218	24.63040437015467	26.2541883978881	0.13735085229220395
248.0	26.14759311223514	22.25582594327107	23.733223932761007	27.853924350053333	0.009432661679449133
249.0	25.658153311180087	21.87787979246128	28.348531985394665	24.101376952458736	0.014057958505232017
250.0	28.321906151610943	21.07655161220174	23.608430061235616	26.99226518205226	8.469928994418513E-4
