# Position (bp)	A	C	G	T	N
0.0	24.14690027453952	24.00144130157196	24.625706590060954	27.225859125750475	9.270807709850913E-5
1.0	23.245755884631713	29.671332524122928	23.975031840692637	23.035396121031322	0.07248362952140147
2.0	24.78931068765229	26.320408842095684	22.621026077087052	26.26879326532005	4.611278449282393E-4
3.0	25.910073645021598	22.19253119017321	24.43447030533336	27.456659027880804	0.0062658315910328576
4.0	25.943579790420635	23.406702071241273	23.796195358612493	26.853430708189702	9.207153590053328E-5
5.0	28.162508399919556	23.51321423841547	22.743364676682802	25.58017692560492	7.35759377253263E-4
6.0	26.121782118821795	23.7873759033696	23.801761256998322	26.283846900660258	0.005233820150023934
7.0	25.62563920220234	25.432274808376803	23.569439505964667	25.37206608480174	5.803986544526352E-4
8.0	27.902338538315245	24.39424148771017	23.653105385871473	24.050284106236617	3.0481866490034412E-5
9.0	25.93686883364642	25.26990373633744	22.389327828089343	26.403777876307906	1.217256188910857E-4
10.0	24.773751735284513	24.902571717492336	23.137522095804123	27.18612404783578	3.040358324470689E-5
11.0	27.647663371550074	22.596725426234133	22.917500481103552	26.837904112225225	2.0660888701563496E-4
12.0	28.34287804194819	24.208335650716954	20.24891466369498	27.199871643639884	0.0
13.0	25.34685259200593	23.33498223422133	24.72818344228852	26.58969362998952	2.8810149469936467E-4
14.0	26.70122712024935	21.94649588172324	23.421336739610425	27.930940258416985	0.0
15.0	25.61658924785141	23.15613922672696	24.34121810728296	26.88594090441903	1.1251371964168881E-4
16.0	26.143449329054857	24.594598638106316	22.02676577124198	27.23518626159685	0.0
17.0	28.327190587641194	26.652269804845158	19.542420316172283	25.47694933091868	0.001169960422687655
18.0	25.602015393537393	26.07786620128233	19.85935335047566	28.46063006156767	1.349931369489175E-4
19.0	25.215461401136114	24.9994831450236	21.66347290565665	28.12088445834538	6.980898382552695E-4
20.0	23.418667346735162	25.041495026732346	23.70237008495343	27.837387512597893	8.002898116171135E-5
21.0	24.188205477848253	24.20168792867704	23.715816424644753	27.89402528767418	2.6488115577183983E-4
22.0	22.914930263236354	26.928448664669098	25.85155238078477	24.305068691309785	0.0
23.0	25.551368990942063	23.633950285155247	23.50657553829687	27.307713021976326	3.9216362949007753E-4
24.0	28.030093774211185	21.349244805364744	24.506396287380774	26.11423922140716	2.5911636138440687E-5
25.0	25.432095721712404	24.527340530798273	20.203519839255073	29.836761413000072	2.8249523417699253E-4
26.0	26.50323404322739	25.304398201682353	19.922912450715053	28.26940419547824	5.110889696011947E-5
27.0	25.365556447809517	24.945840184569104	19.74677832587664	29.941799548774426	2.549297031343607E-5
28.0	27.23867271555207	23.982125725215557	22.6126019791033	26.16407752984342	0.0025220502856474155
29.0	27.69224378339529	24.20602031194633	21.535948301231812	26.565412234814588	3.7536861197696135E-4
30.0	23.887553355723885	24.3501726525346	24.67278056347622	27.089294548455822	1.9887980947314252E-4
31.0	26.437141333164444	24.76497086133479	22.200555559403988	26.596886927728786	4.45318367997245E-4
32.0	24.52313466292011	22.5815721330632	24.576123783369304	28.318973436845447	1.9598380193876978E-4
33.0	23.652025902697147	25.057584879590618	24.527651058811706	26.76259251266697	1.456462335519888E-4
34.0	26.227851611423226	26.907507361633424	22.376814050182595	24.48780290536886	2.4071391896943632E-5
35.0	25.986613514327445	21.911127352544515	25.79308916427906	26.308908095574225	2.618732747610109E-4
36.0	23.978928561745192	24.107551003031475	26.132759859904287	25.780570305435486	1.90269883559588E-4
37.0	25.361252023334686	25.016785831806914	21.773886761732488	27.84805160716018	2.3775965732176108E-5
38.0	26.866059416107667	24.995364801970076	21.167594498614196	26.97088620232283	9.508098522916895E-5
39.0	23.466329512223236	27.577205476066275	21.146261732772622	27.809894326322883	3.0895261498681606E-4
40.0	26.395837160113594	26.41527502559834	22.410742058336883	24.7780982306077	4.752534348347936E-5
41.0	24.83418619188854	24.276614616040206	21.395618262458992	29.488377530152988	0.0052033994592741335
42.0	24.496194014957855	26.041062824886673	20.506894487261114	28.9558011574756	4.751541875338548E-5
43.0	26.040660277563255	25.870120010081806	22.434371453758978	25.650833590089995	0.004014668505970809
44.0	28.975253099508492	24.588780844554158	22.586810821492968	23.84894146295233	2.1377149205138209E-4
45.0	25.68877234171553	24.31024209477131	21.77919625039393	28.217752064993046	0.004037248126182528
46.0	25.482361154646227	24.647080614367535	22.094031098319704	27.776527132666534	0.0
47.0	25.626783938128078	24.559668092827824	22.82282082630601	26.98882759960195	0.0018995431361314714
48.0	22.753069821891938	23.643681336679208	22.778443977946083	30.82480486348277	0.0
49.0	22.70448112323101	26.095501977796836	23.968225185449604	27.229679342003394	0.0021123715191558867
50.0	27.260183365004863	24.566192554852034	20.12838066026306	28.045148488345852	9.493153419089736E-5
51.0	24.801299437843635	27.32585373493461	20.616260058422498	27.253929043479914	0.002657725319342308
52.0	22.914545129376762	26.418181796647467	21.416600636964553	29.250672437011215	0.0
53.0	22.94317133735367	25.34274565448741	23.360387844389262	28.35192148516022	0.0017736786094359701
54.0	23.482359740593882	28.015581961134483	22.450774888761085	26.051188818597332	9.459091321851257E-5
55.0	24.03369441457323	27.606718876148207	22.43678640370352	25.921125210743444	0.001675094831601065
56.0	26.562974747446155	25.26588215978124	24.512301679414666	23.65884141335794	0.0
57.0	22.893123922620187	27.773495253631836	22.61157810018842	26.716495433843807	0.005307289715746281
58.0	25.52272290933243	24.922579223919517	21.51568770168908	28.03877430587822	2.3585918074785285E-4
59.0	27.63269887172323	22.78304969384576	24.05747582120866	25.523756875587683	0.003018737634672843
60.0	24.490772686426716	22.59768376054492	23.19641327309312	29.715106737566867	2.3542368376384087E-5
61.0	25.276964718101212	23.94787305314907	23.00126600336063	27.767563854544736	0.006332370844352208
62.0	25.44826988796725	22.025449705782798	24.87202881581989	27.65403973709472	2.1185333534829397E-4
63.0	26.799897562978053	23.574990867287564	22.03848261395177	27.584016246812965	0.0026127089696417337
64.0	25.692058287445125	21.2020334971222	23.608830175364577	29.497054548811658	2.3491256436897906E-5
65.0	24.763697333397225	25.600387292084186	23.70073465230623	25.929942601471563	0.005238120740797115
66.0	24.574443672199195	23.969265943960988	23.15306874316342	28.30265791991266	5.63720763738286E-4
67.0	26.728669745995315	24.751070898935044	21.28086042073093	27.23857688229953	8.220520391822885E-4
68.0	24.266539341448983	22.392077903868678	26.227781401139495	27.113460437782994	1.4091575985418037E-4
69.0	23.137134071204947	25.085560400957892	24.489285486987985	27.284849614957647	0.003170425891529632
70.0	26.476586148770657	23.062181478101078	24.164491204504074	26.296459757780305	2.8141084388545826E-4
71.0	24.244083165759754	23.02672610530161	25.878255875325724	26.849952680292528	9.821733203842357E-4
72.0	28.17765461564936	25.53024039684559	21.69091927663968	24.599478878297695	0.0017068325676747422
73.0	25.644175049163497	22.68522458109335	22.51755905931507	29.148669663387857	0.004371647040231309
74.0	24.986361309594766	25.418334981195674	23.499989481729763	26.094309148323973	0.0010050791558270048
75.0	25.83032177934343	24.5682270653277	22.0682048613984	27.530581822414373	0.0026644715160983163
76.0	26.782878384363418	23.950372602797355	25.182924192830274	24.082796466671418	0.0010283533375324428
77.0	24.26175695732882	24.76940165838704	23.852967660260852	27.11507914157987	7.945824434204718E-4
78.0	27.604692591158425	26.040557855715512	19.96998951432415	26.38417581349285	5.842253090610307E-4
79.0	26.951633727281752	21.171025804303248	22.265123588416397	29.609132281376148	0.003084598622446297
80.0	23.902895189296526	23.183899736002253	27.91695544097531	24.993842856615437	0.002406777110474808
81.0	25.103458073398162	25.122921813478488	21.849508604819015	27.923550728278013	5.607800263239491E-4
82.0	23.067889836232883	22.377269289442157	23.75381403246183	30.799671676029384	0.0013551658337459188
83.0	25.904371529162567	22.01116929474289	23.86695534968939	28.216405728147787	0.0010980982573647931
84.0	23.706722243235014	25.72582719478112	24.558499656929474	26.007993064298446	9.578407559372693E-4
85.0	25.73175041937284	26.92982171310623	20.995973413362044	26.341730289943673	7.24164215215064E-4
86.0	25.827079172652205	24.511684944465856	22.625743083050114	27.033740934094812	0.0017518657370099156
87.0	22.87993064302575	21.457454041311962	25.444148787712678	30.217695791099487	7.707368501199429E-4
88.0	24.103775281381704	27.381287678898136	25.89129700651999	22.62305618105582	5.838521443488016E-4
89.0	26.40046929849963	26.31217224301143	22.52625792361569	24.76037659710014	7.239377731113631E-4
90.0	24.08166067470514	25.752801463850677	24.921212477851228	25.244208626743298	1.16756849657342E-4
91.0	26.763540605237573	25.122678243034613	23.705597434170773	24.407646679188222	5.37038368823008E-4
92.0	26.03911418144155	23.95095119097623	22.742055274820284	27.26787935276193	0.0
93.0	26.62200990897203	26.185746181174817	20.619869914682727	26.572000441726946	3.735534434740097E-4
94.0	27.886650780269274	23.599704809039885	22.949836447305355	25.55953558552238	0.004272377863106009
95.0	24.055863996791444	26.310257903148464	23.50699630633125	26.12401034096517	0.002871452763668232
96.0	26.01279452083574	24.095600584985753	23.94216437726212	25.94832003342776	0.0011204834886253418
97.0	25.662285547160657	25.23863753866809	23.449535819497473	25.649284338304994	2.56756368783374E-4
98.0	28.66517524235645	23.064841947534074	23.489979565853154	24.780003244256324	0.0
99.0	22.427448391448596	22.310930831321173	26.316563252373115	28.945010852491755	4.6672365362477424E-5
100.0	22.87916742018096	24.676797787876488	24.453205303962804	27.990829487979745	0.0
101.0	24.221285761917215	21.652851142087773	28.311391898838025	25.81437786741063	9.332974636008157E-5
102.0	25.189773676239213	24.050279961817765	24.598070401933096	26.161875960009922	0.0
103.0	25.708587211092553	25.609353276539366	25.50601375372069	23.175905795411072	1.3996323632325909E-4
104.0	26.408886095986126	26.792692516101376	22.586800222157063	24.21127127537609	3.4989037934415147E-4
105.0	27.302920631736345	23.334472458632842	20.356106897384247	29.0033042409285	0.003195771318069054
106.0	25.808924911344068	23.335002690643208	25.209495789557412	25.646529956644137	4.66518111749282E-5
107.0	26.06562397732964	23.729917757184612	22.82687722917356	27.37678797476105	7.930615511397578E-4
108.0	23.94969819476535	24.547665265300374	24.737022281630782	26.765497659155507	1.1659914798670583E-4
109.0	26.46978586957434	24.29299373156239	25.33088602187844	23.905588245443703	7.461315411253715E-4
110.0	24.857136529008088	23.75729005288822	23.299446171636667	28.08608061810556	4.662836146772094E-5
111.0	24.838907243351418	23.705528572384438	24.84820946266511	26.606608678947307	7.460426517246758E-4
112.0	26.14516109104057	23.43623276147644	24.107531880064144	26.310957706243926	1.1656117491799338E-4
113.0	28.02243848334166	21.6964860378393	22.747404116721327	27.532925401880238	7.459602174753768E-4
114.0	26.068787609008282	22.713189299850317	26.660694216864268	24.557025822569752	3.0305170738166354E-4
115.0	27.44024577773509	22.992658187477794	26.25791368684321	23.30845963681668	7.227111272335271E-4
116.0	27.44451306268218	24.317642914576357	24.296334737015357	23.9414160333079	9.325241821005247E-5
117.0	26.164282197329992	26.311388195711128	24.41117968286651	23.112403903181406	7.460209109661344E-4
118.0	26.751489750382156	24.70807047106209	24.932037169100102	23.608076229339847	3.263801158043277E-4
119.0	27.34199932298413	20.894612128655396	24.918846685746203	26.843912405709684	6.29456904582726E-4
120.0	25.741827085707865	23.35641247593219	24.668890576235654	26.232823236023883	4.662610040511087E-5
121.0	27.791746310617114	23.561600530423465	24.090811705032145	24.555118742631553	7.227112957211063E-4
122.0	26.554795698984897	23.881301979807926	24.553819340020507	25.009663342663295	4.19638523375964E-4
123.0	24.650228642633255	28.10689961055568	22.924877227706613	24.317271814885142	7.227042193104237E-4
124.0	25.266082568007427	24.565714362980128	22.914666608228824	27.253419895940233	1.1656484339047031E-4
125.0	26.714482640288463	23.80547294428886	23.745699091805783	25.733389501482804	9.558221340897228E-4
126.0	24.31995408272337	23.722045678085294	24.812254616148028	27.14558243207234	1.6319097096995818E-4
127.0	25.98416642712787	22.940310195167587	27.69159432128692	23.38285666860862	0.001072387809002136
128.0	26.76280373783842	23.719346458772737	24.301731395143086	25.207399303077725	0.008719105168028114
129.0	24.610073205035878	26.317374755184748	21.917495889341758	27.152048778179257	0.0030073722583663816
130.0	25.969100773238356	24.571690481780163	23.867343472678808	25.591795331847646	6.994045502793772E-5
131.0	26.151341902366365	24.378660398697136	24.500497864347295	24.968777109477234	7.227251119699365E-4
132.0	26.64300786629467	24.966399048052683	22.240298154972603	26.144862825352217	0.005432105327822894
133.0	26.982030226744886	25.44978054765867	24.500840927010707	23.065389943473477	0.0019583551122627067
134.0	26.82122849023041	22.986433778702033	20.91366250673182	29.278535342349503	1.3988198623094984E-4
135.0	26.2066241846362	23.518077243997507	26.19303235950121	24.081636744834814	6.294670302654742E-4
136.0	27.935346604272237	25.974431092269274	24.7884023209533	21.296224627395976	0.005595355109212006
137.0	28.846217959792124	21.998508367062936	23.75296059296023	25.402033311581324	2.797686033881377E-4
138.0	25.257801656029155	24.51410851238525	26.11430415116966	24.11248017851806	0.001305501897873384
139.0	25.870873632723207	23.75699301799738	24.80726581476397	25.563958328525032	9.092059904085761E-4
140.0	27.15456536613967	21.138057287532217	25.87518344576125	25.83179757612635	3.963244405122843E-4
141.0	25.980581636997	25.25324397075356	25.11762876450514	23.64821923735622	3.263903880828341E-4
142.0	29.000226608712033	22.54819631588322	23.363358210555862	25.087892473699867	3.2639114901807553E-4
143.0	26.4219225705707	25.75524828814429	23.635114030071218	24.18752860281194	1.8650840185380026E-4
144.0	28.323396207588086	25.313326037663003	22.41476585234614	23.947859115539078	6.527868636901762E-4
145.0	28.38126110029091	22.431085523938393	22.66058673415861	26.52608746131655	9.791802955352643E-4
146.0	27.82477854154019	21.43605518113479	24.777608985352362	25.957430736820903	0.004126555151759311
147.0	26.386429629698704	24.511294848047896	26.051996283814894	23.046782201012043	0.003497037426460217
148.0	24.581593640563717	24.290427996477757	24.134552146020656	26.992843372746812	5.82844191060056E-4
149.0	27.989142155188475	24.256134348926818	24.02821566199584	23.724153109320536	0.0023547245683335242
150.0	25.7746565235749	23.679513862740926	25.2457882769093	25.300041336774875	0.0
151.0	26.774118186879754	23.66969114507704	25.466681775069453	24.08899595337286	5.129396008956858E-4
152.0	27.54560016414427	24.176748870925245	22.99546971141852	25.28197140998529	2.0984352667694124E-4
153.0	25.39817699765835	23.209692834387887	24.538344580691508	26.852969519398982	8.160678632708607E-4
154.0	23.252376657691343	24.531546849045746	24.717100090561548	27.496178414641314	0.002797988060052285
155.0	27.505029927720148	23.7021527251155	23.76334201736246	25.02924213890156	2.3319090033141091E-4
156.0	26.43275912045178	23.108626905119973	25.62259123599923	24.835812862458713	2.098759702974199E-4
157.0	25.3586267350678	22.778193255823552	26.14815939339117	25.71467082129166	3.4979442581594794E-4
158.0	25.230500584515482	21.082691042582997	26.16635499503634	27.520336777928655	1.1659993652299456E-4
159.0	27.01087853853337	21.569347185077874	24.02655643230204	27.392704793478472	5.130506082448165E-4
160.0	26.76047962283899	21.046161925879353	25.91745964819325	26.275828840989206	6.996209919879404E-5
161.0	24.804885636607107	20.48142279917108	28.625899545662104	26.084037352629363	0.003754665930347915
162.0	25.47304084073761	23.907233971299565	24.2197143669386	26.399940857505534	6.996351868923813E-5
163.0	25.407566012948735	23.707826307601067	27.242991972868346	23.64154574117042	6.996541143276802E-5
164.0	25.72024023867141	23.42982403767396	24.81701298773992	26.031173561058797	0.0017491748559146365
165.0	26.562102411831777	21.830985422748682	26.351307068734254	25.25492872304622	6.763736390604377E-4
166.0	24.6110172573081	23.431841341642638	25.722296561483287	26.234634922182458	2.0991738351509458E-4
167.0	26.809480758303923	23.044784864523944	26.203498184851277	23.94176969303414	4.664992867225906E-4
168.0	25.493934647444455	23.948771359359746	24.31443030238707	26.242723734591696	1.3995621703010575E-4
169.0	27.386762768019413	22.048360304493052	25.48817165372441	25.07644867587324	2.565978898789161E-4
170.0	31.08609304583475	22.752823863380556	23.029325816249955	23.13161730898026	1.399655544770432E-4
171.0	25.79981295726967	23.228033734875677	26.519453913609027	24.45199955863701	6.998356086155362E-4
172.0	27.13806196313052	24.330418100825643	24.129832131395588	24.401524555981116	1.6324866713293595E-4
173.0	27.96019445793487	20.432025639238145	23.26498332614837	28.3412344595576	0.0015621171210134829
174.0	24.352307928331978	25.51316181541703	23.899101841502375	26.23491547443016	5.129403184613282E-4
175.0	25.276409983542948	24.448474119892612	23.309094656749842	26.964435691804912	0.001585548009694227
176.0	24.684543892429776	24.13455791840126	27.894404371905807	23.285071399540115	0.0014224177230450093
177.0	23.3317366263743	25.977683727021876	24.024555083125154	26.640604739934215	0.025419823544446912
178.0	24.774285499752587	23.028662092136383	23.965938668710017	28.230740638310674	3.7310109034129887E-4
179.0	28.391223545484078	23.744995595821152	23.142892923999288	24.71967524049242	0.0012126942030651778
180.0	26.60320799442706	22.149767361592602	25.68972488172821	25.557112688094296	1.870741578330639E-4
181.0	27.861332261787762	22.314421350170836	25.92210641131286	23.901437477446848	7.024992816944845E-4
182.0	26.07268779413087	23.08622905488445	25.159032065885317	25.68200424897335	4.683612601540721E-5
183.0	24.459782810054467	24.142421970709872	25.673885331821356	25.723347813755957	5.620736583477423E-4
184.0	25.797360439380277	22.25758551637722	26.469640368648484	25.471572611338168	0.003841064255852353
185.0	25.075352678166844	23.651666540600754	24.530935286504103	26.741506884955058	5.386097732382601E-4
186.0	27.723279159987214	22.879153898127257	25.210055890780538	24.18751105110499	0.0
187.0	25.30814268225806	22.54761789110661	27.82737204807324	24.31618687993963	6.804986224595989E-4
188.0	27.90674425071899	27.235358239550735	22.268594299473037	22.588739986646907	5.632236103337452E-4
189.0	25.392701490540663	23.175360900473375	24.936010720815233	26.495011582141675	9.153060290504052E-4
190.0	28.537511982296714	21.564988879114235	25.318628164335617	24.57865972906161	2.1124519182471718E-4
191.0	26.76573142518143	23.532433965906556	24.433972490389365	25.26750941311937	3.527054032821824E-4
192.0	27.509825113913	22.650179852731466	24.39189176477671	25.448056235960763	4.703261806127786E-5
193.0	27.615256921718572	24.137945632892905	22.097191705462347	26.149323503996698	2.8223592948053067E-4
194.0	28.338622242961815	23.026866657384026	24.14612255342849	24.488388546225668	0.0
195.0	26.705903303231104	21.431658127024985	24.673655991506855	27.188123903335693	6.586749013575524E-4
196.0	28.864221435533864	22.057892172974817	25.953744359398893	23.124024138872553	1.178932198666109E-4
197.0	24.801920037883818	23.917437616338148	24.236681411577816	27.043253442595194	7.074916050225301E-4
198.0	27.772314659547476	23.558506453027906	23.71967565848947	24.949408743104602	9.448583055052877E-5
199.0	25.813012025614324	23.024687020036065	25.81365089303017	25.348200487952738	4.495733667058742E-4
200.0	27.757936968066605	23.53593045483308	23.874654567190852	24.831430682242516	4.7327666949528357E-5
201.0	26.069955575497517	20.780950190221688	28.35585796654484	24.792881288225377	3.549795105826492E-4
202.0	25.334118459546396	24.56104683705452	28.553451498299616	21.55138320509947	0.0
203.0	26.629417648695195	24.139068261587543	22.641563038241404	26.589311820447108	6.392310287476399E-4
204.0	25.559730295192086	23.587639382054345	24.484098156789834	26.368437452939464	9.471302427210673E-5
205.0	27.233357060080763	24.101947345564213	25.360056944193836	23.30385723033557	7.814198256155101E-4
206.0	26.206231495467026	21.435513641549996	25.546711113068827	26.811449021861815	9.472805233914348E-5
207.0	26.73820515067611	23.032920650786245	26.625816858007045	23.602725741774574	3.3159875603095237E-4
208.0	28.373730620839115	22.57131810749562	21.939500961584475	27.11537923953569	7.107054509686678E-5
209.0	27.739898702696962	20.76312751632054	24.965951481927984	26.530145614873113	8.76684181394961E-4
210.0	25.496728527115582	23.796330461774282	24.63488163380027	26.071632802555843	4.2657475402633246E-4
211.0	25.036227203174576	25.145910349969125	25.562146869218193	24.255051836961584	6.637406765176845E-4
212.0	28.75434290254112	22.1912181471073	24.559401420558974	24.494658081652496	3.7944814011122574E-4
213.0	30.225935008833094	22.85356995822522	22.527653102023724	24.392462268034876	3.796628830887474E-4
214.0	28.097509311733198	24.240451095145314	24.430283406770464	23.231732439501933	2.3746849089961376E-5
215.0	26.313127297880534	24.567154643700277	22.99677659995325	26.122560610727437	3.808477385023258E-4
216.0	26.223076669443245	23.998211308659243	26.093377293295077	23.68528659374396	4.813485847027901E-5
217.0	29.255444831673444	23.23264031579514	25.14420816628928	22.36710020896781	6.064772743261674E-4
218.0	24.30913626397889	24.505765346822812	24.985380714586263	26.199423942632187	2.937319798490071E-4
219.0	26.54895926336045	22.523952226764468	24.46585502610645	26.460640408075616	5.930756930151252E-4
220.0	27.611945299231845	21.41781619336718	25.02321141785838	25.946704450213897	3.226393286917943E-4
221.0	26.067473234763895	22.221980654960483	24.446165402936693	27.264130810171615	2.498971673156496E-4
222.0	25.545796807294906	24.45076500341426	24.115283368508656	25.887953315182717	2.015055994627861E-4
223.0	31.28214005241433	22.712842529175994	23.49646095081479	22.507894606211572	6.618613833157473E-4
224.0	30.152076547542926	22.649133451482417	24.383200037149095	22.81548790587808	1.020579474820008E-4
225.0	30.769390536968714	19.621286948459087	23.948150359035584	25.660351619993577	8.205355430355507E-4
226.0	26.06165434784072	21.83092831959964	26.135417189692667	25.971870734372498	1.2940849447710427E-4
227.0	27.360117078123636	23.59145605470331	25.395444211093693	23.651833602403403	0.0011490536759532835
228.0	27.748452274843654	27.70388660898851	22.686653501685516	21.86087638460642	1.3122987589853097E-4
229.0	27.439398146311795	25.410257427313475	22.194200944032367	24.9561170388587	2.6443483664537966E-5
230.0	26.056970931017954	22.674839806059353	27.094777740149695	24.173411522772998	0.0
231.0	24.795029134918284	24.974588273454692	24.67414663610165	25.55475422219911	0.001481733326256934
232.0	25.58333543383146	24.848648946051348	24.06111121500672	25.506795992303775	1.0841280669644225E-4
233.0	23.186703446808828	25.267031123774427	22.045497470794135	29.500356772495923	4.111861266897351E-4
234.0	27.647657091045442	21.158714191485924	26.35567231101029	24.83653881166086	0.0014175947974826852
235.0	25.895785572018326	21.853403744815072	27.568625190986694	24.681932483129216	2.530090506959857E-4
236.0	28.655187879002014	23.66534018930084	24.10704974375603	23.572194238229105	2.2794971201403258E-4
237.0	27.779649067498458	24.1344118482075	22.64291563749727	25.442793330896023	2.3011590074986142E-4
238.0	26.948805254193005	22.35359773835995	24.56798450185318	26.12955431189147	5.8193702393914336E-5
239.0	27.91872545993596	22.880603698472683	24.109173012923634	25.090407077266764	0.0010907514009522554
240.0	25.43486273599716	21.99436655609099	26.23482997283388	26.335819390028774	1.2134504919783339E-4
241.0	29.120103140229947	21.64547429407785	23.57762204537356	25.654886690651306	0.0019138296673369122
242.0	27.37712122586296	23.73517751675585	20.67061141583057	28.215933321118854	0.001156520431759512
243.0	27.99017464684226	23.05608023814674	24.80556912391008	24.14533858629509	0.0028374048058315074
244.0	26.87682455255476	22.78970455622297	25.564980818316595	24.76754245189295	9.476210127317468E-4
245.0	28.459717911006717	20.97227338521184	23.61807106393807	26.947886016718588	0.002051623124793498
246.0	24.717677601671497	26.251987445998065	23.450865794823482	25.576708283266925	0.00276087424003102
247.0	25.674395231664736	22.845987088885312	25.02112026108856	26.322011479211728	0.13648593914966
248.0	26.256276416991486	22.48757802894565	24.23584517283606	27.01026242481925	0.01003795640755704
249.0	25.51862661633852	21.750690260947223	28.25732866309549	24.45750202018173	0.01585243943703754
250.0	27.40651263235711	22.526960544547897	24.04404453365595	26.021739318869347	7.4297056969745E-4
