# Position (bp)	A	C	G	T	N
0.0	24.276503720349748	23.377724042062674	24.98831800031935	27.357400833841112	5.3403427111531456E-5
1.0	23.596326423175334	30.327043395138624	23.726018433955648	22.280117692569192	0.07049405516119854
2.0	25.34471298290394	26.075350296455824	22.338571162691764	26.240780622690167	5.849352583020925E-4
3.0	27.118258600854972	21.565197522762475	24.02670655468972	27.284576778687892	0.005260543004939065
4.0	26.665618898898728	23.063085353958783	24.09660560410626	26.174690143036226	0.0
5.0	29.132358525992856	23.910820403911394	21.98822084223524	24.968335027082304	2.6520077820516355E-4
6.0	25.990922555770258	23.86623293478082	23.522399978394603	26.616419996219054	0.004024534835261492
7.0	26.165940877522946	25.129325793161193	23.24084675752511	25.46367512557262	2.1144621812580416E-4
8.0	27.266684028015735	24.250711938317306	23.774627899547372	24.707976134119587	0.0
9.0	26.652635788210905	25.4888270360997	21.899640634125554	25.958896541563846	0.0
10.0	24.827178009147435	24.80946345940451	22.816760592328286	27.54659793911977	0.0
11.0	27.186386556505493	22.876834873368647	22.398318442419594	27.538358239825733	1.0188788053849784E-4
12.0	28.109874225831383	24.08841331820965	19.731989600794996	28.06972285516397	0.0
13.0	25.276658937498826	22.803160003687793	25.52340411189086	26.396677812662023	9.913426050302706E-5
14.0	27.47480580755477	21.499453442428777	23.30785677736299	27.71788397265346	0.0
15.0	26.146600063937843	22.538235364030935	24.323013209131567	26.99215136289965	0.0
16.0	26.55966389689624	23.97589998407298	21.91567098896253	27.548765130068247	0.0
17.0	29.152457742310254	26.82676263146536	18.52539692913271	25.494160255509097	0.0012224415825728726
18.0	26.797980811642773	25.31532898160746	19.700715770999956	28.18588108446191	9.335128789770566E-5
19.0	24.759935889990942	24.515109985830758	21.8583075886739	28.866321339806277	3.251956981254791E-4
20.0	23.661851657119666	25.823809392035862	23.92939830828975	26.584848400992517	9.224156220309747E-5
21.0	25.03014924908453	24.42235687004552	22.60516067237633	27.942104284810366	2.289236832538663E-4
22.0	23.541847662124674	27.075574629861926	25.29972847845861	24.08280386254704	4.5367007750953275E-5
23.0	26.269016547486736	23.32114942456003	22.279513360792702	28.130049478391	2.711887695306762E-4
24.0	27.74859011663031	21.60824709050731	25.06965508538062	25.57346295638289	4.475109886323259E-5
25.0	25.75179069699266	24.017726190148345	19.940453717267534	30.28989614268366	1.332529078005364E-4
26.0	27.433124920994544	24.04466382792148	19.66203786781183	28.860173383272148	0.0
27.0	26.021435894633004	24.56030233814868	20.26421970469666	29.15404206252165	0.0
28.0	28.02018296922394	22.95647000426585	22.691490020613916	26.32989419120258	0.0019628146937180333
29.0	27.40191484675612	23.840662638895488	22.231612677546543	26.525507538035665	3.0229876618917856E-4
30.0	24.207910300619567	24.433694582464245	24.01927767905942	27.33894583665453	1.716012022380229E-4
31.0	26.394027596997745	24.36456529091636	22.6033264665389	26.637781717928483	2.9892761852053036E-4
32.0	24.160375607026815	22.35148538927742	24.633352208979197	28.854702213779166	8.458093740207113E-5
33.0	24.10629107177977	25.12411430047507	23.91343638206447	26.856032443534755	1.2580214593300532E-4
34.0	26.855799749857855	27.062892822783812	21.59112698311686	24.490180444241467	0.0
35.0	25.743702239848886	22.318542831688625	25.40781346084064	26.52973552723006	2.0594039178923896E-4
36.0	24.150156215534636	24.38406799079497	25.857745097070918	25.60786608592019	1.6461067928242912E-4
37.0	25.966990388721538	24.916710755729042	20.797791240826662	28.31850761472276	0.0
38.0	28.397234541983867	24.882705769267947	20.394533083204355	26.32548547492904	4.113061479163848E-5
39.0	23.79659165724611	27.555095345347507	21.395305992954015	27.252924758783735	8.224566863466843E-5
40.0	26.86551944751908	25.47757396537291	22.231304510863932	25.42556095924318	4.111700089306126E-5
41.0	24.95118939992871	24.084336165560952	21.31932718868622	29.640666003113846	0.004481242710272036
42.0	24.98563238472815	25.69579133700629	20.207485630329273	29.111049538879712	4.110905657181711E-5
43.0	26.9570425250475	25.44408079980993	21.836846600881792	25.75845391564705	0.003576158613732943
44.0	28.807337187151294	24.80275041767961	22.843057270913263	23.546608523746603	2.4660050923005155E-4
45.0	26.20952596986859	23.461438256582976	21.239224253063725	29.08615419766145	0.0036573228232559705
46.0	25.691882316830387	24.40901397755751	21.843195119175142	28.055867496518655	4.1089918300915445E-5
47.0	25.754031154706112	24.13737849837176	22.492006715098864	27.614981277101364	0.0016023547218928494
48.0	22.33338262233942	23.316123255374556	22.353344669804734	31.99714945248129	0.0
49.0	22.828463705735945	26.05346596462983	23.299792181762925	27.81659424515981	0.0016839027114940734
50.0	28.07100399257829	24.034770995532682	19.591107745404756	28.303076199026044	4.106745822823486E-5
51.0	24.988666954646465	25.972178194892248	20.927330542228734	28.10936060272092	0.0024637055116377236
52.0	23.798999150593296	25.251226476904375	21.16194576007559	29.787828612426743	0.0
53.0	23.397068415371383	24.002666267299436	23.427962089574468	29.170830151898674	0.0014730758560412068
54.0	23.392362756386806	27.779387249546417	22.793230070715826	26.034938085803393	8.183754755784483E-5
55.0	24.903824080375212	26.675715794745187	22.76017740974904	25.65893474089076	0.0013479742398038003
56.0	27.135115000483996	24.747986526606766	24.19386525218093	23.92303322072831	0.0
57.0	22.974980202819513	27.349718061195443	22.23483723838419	27.43568621989634	0.0047782777045153905
58.0	25.53529469895518	24.532860074859993	21.61310793119022	28.31853311652302	2.0417847158529882E-4
59.0	27.92782419090085	21.52628398298095	24.06652456901128	26.47675396689288	0.0026132902140448017
60.0	24.364290728117304	22.411716505784142	23.73707525402879	29.48691751206976	0.0
61.0	26.39635789111357	23.331903200099838	22.299719492688784	27.966187408900378	0.005832007197430981
62.0	26.30343939413094	21.387013095055067	24.25380696997366	28.055658979661498	8.156117883634219E-5
63.0	26.710527818148304	23.91737661706393	21.540898199392895	27.828750666725387	0.0024466986694852634
64.0	25.58951609455385	21.136950799179953	23.113086355409607	30.16032459878133	1.221520752619653E-4
65.0	24.544979660836148	26.013242951525978	22.69574638481592	26.741348781136264	0.00468222168568938
66.0	24.754600802377002	23.83423676065731	22.741696326279353	28.668936838256787	5.292724295477327E-4
67.0	27.107160173769955	24.139953939807462	21.39140538139704	27.360869843112813	6.106619127315274E-4
68.0	23.7313147267635	21.704756399400768	26.884281573633817	27.679321630951602	3.256692503093858E-4
69.0	23.579387600499714	24.59041951901796	24.63690655251427	27.19039615338116	0.0028901745868983907
70.0	26.84378224203628	23.096543958479877	23.710796020446352	26.34851205605802	3.6572297947196915E-4
71.0	24.59049016349591	22.246143620255012	25.74886314816766	27.41369247853964	8.10589541773732E-4
72.0	28.169205289022837	25.329490042659554	21.517848567701524	24.981713571103512	0.0017425295125739714
73.0	25.914465153970827	22.203484602917342	22.12702593192869	29.751458670988658	0.003565640194489465
74.0	25.590286879484204	25.090985552916255	23.156253684291983	26.16166359228749	8.102910200713138E-4
75.0	26.51814514332107	24.579662563290654	21.470085165376073	27.43004099054681	0.0020661374653921974
76.0	27.323781733507207	23.785014869432167	24.51943234864109	24.37083930358961	9.317448299302366E-4
77.0	24.419540104170466	24.472160042387607	23.833591369519972	27.274100863388266	6.076205336852671E-4
78.0	27.812431012518505	25.26870940498107	20.055574796100853	26.862717696643436	5.670897561311517E-4
79.0	27.553918602211425	20.211121615480145	22.763278238052763	29.469048701117217	0.002632843138446234
80.0	24.527433732982896	23.471665465733302	27.158632159172885	24.839595400891	0.0026732412199214793
81.0	25.293769094029194	24.015008317028016	21.83909396034315	28.851764113127782	3.6451547185920307E-4
82.0	23.296678996380468	21.97364791991262	23.78438647557433	30.94386908930085	0.0014175188317376796
83.0	25.40857594365107	22.108500534184138	23.63369952688862	28.84857600844975	6.479868264278187E-4
84.0	23.57015842649899	25.104774663099192	24.85171180883043	26.471856729734622	0.0014983718367649421
85.0	25.152914393450708	26.363595501796098	21.498801993424628	26.984121199310472	5.669120180893526E-4
86.0	25.59873117216353	24.729590582751378	21.69523108450039	27.97490850032858	0.001538660256122147
87.0	22.34793980347462	21.869663267082608	25.341166277313746	30.440785291771768	4.453603572599811E-4
88.0	25.032863720517284	26.09887496158983	25.426702061376112	23.44074955598047	8.097005363051502E-4
89.0	26.832284759699792	26.263419563181806	22.307677048766873	24.596092351127304	5.262772242196018E-4
90.0	24.832946135122256	25.161528244824233	24.884680511886963	25.120683185234572	1.619229319709138E-4
91.0	27.069520842247062	25.05153942275037	23.04667308118112	24.83194282473682	3.2382908462827865E-4
92.0	26.21884113405421	23.578880476644386	21.962920013518954	28.239358375782448	0.0
93.0	26.904139462650612	25.891342596358985	21.08348177406814	26.120671895180404	3.6427174186247287E-4
94.0	28.76223209595128	22.75965150719173	22.70970723916667	25.765252226648222	0.003156931042102937
95.0	24.441622218633732	25.81393626437403	23.978747506438033	25.763953727908024	0.001740282646184754
96.0	26.431794010091643	24.33685585659963	23.471037120855247	25.759301258298407	0.001011754155071964
97.0	25.82107738496783	25.317741438776775	22.741129199676422	26.119930573794075	1.2140278489895039E-4
98.0	28.99545531613899	22.78181106724198	23.883849356537347	24.338884260081684	0.0
99.0	22.74498522585247	21.719069068886814	26.20140341251855	29.334542292742157	0.0
100.0	23.166509756672856	24.697525137628336	24.396395507047195	27.739569598651613	0.0
101.0	24.27942351453856	22.048000000000002	27.261613147914034	26.410801517067007	1.618204804045512E-4
102.0	25.094667741610564	23.813310885182318	24.555523778279472	26.536416690971564	8.090395608209648E-5
103.0	25.79952829044109	24.740406064929623	24.795002078692672	24.664861358478234	2.022074583816609E-4
104.0	26.097579715712637	26.26669632205754	23.153405989040984	24.482115777341935	2.0219584689730474E-4
105.0	27.72222777115725	22.91019581090901	20.48592226198135	28.87898527546284	0.002668880489553557
106.0	25.651286074168127	23.649045907247384	24.644909281326953	26.054637428579515	1.2130867801846318E-4
107.0	26.761581089359325	23.836391904104353	21.85758388746131	27.54387702907883	5.660899961788925E-4
108.0	24.37439363559925	24.635817540909386	24.54926912877563	26.44039842183559	1.2127288015005497E-4
109.0	26.80889368179639	24.55758346921172	25.074999211811033	23.557796078133375	7.275590474796951E-4
110.0	25.21496873531089	24.144682092816378	22.2676286488101	28.372639688755584	8.083430704992367E-5
111.0	25.018904084454274	23.818176454018115	24.393361766585176	26.768830226166003	7.274687764338915E-4
112.0	26.12996342331282	22.955417338343853	23.55985608562768	27.35472274095211	4.04117635410727E-5
113.0	28.163069854463973	21.71475100468956	22.944462741120443	27.176948612831335	7.677868946859045E-4
114.0	25.89445805158735	22.43567543670712	27.186707826197292	24.482997043157294	1.6164235094251635E-4
115.0	27.75702921116204	23.736827174632527	25.210357059438245	23.29522080722476	5.657475424330862E-4
116.0	26.892094599072504	24.788411274171466	23.9357927626634	24.383620543341745	8.082075088943237E-5
117.0	26.234346144676174	26.115136404230128	24.402799610446817	23.24707127934277	6.465613041141505E-4
118.0	26.80376544826226	24.788864320373442	24.851619097494982	23.55567031638429	8.081748502452003E-5
119.0	27.16848728476762	20.796586588564555	24.486232522692568	27.548249107268774	4.44496706481449E-4
120.0	24.819415372928066	23.616864801958997	25.164098046663486	26.39958137016414	4.040828531482095E-5
121.0	27.66442172519314	23.149175936630343	23.625345439072813	25.56036996075158	6.869383521318728E-4
122.0	27.22499422163388	23.450024002443882	24.88184655568971	24.442933179459082	2.0204077344440727E-4
123.0	24.59264138096845	27.865370123061194	22.668757083948705	24.872584891212774	6.46520808878347E-4
124.0	25.692148551617688	24.357713459106282	22.48841334556313	27.461522609633793	2.02034079108464E-4
125.0	27.15072250376384	23.848685140932883	23.812885222876716	25.186979820321586	7.27312104978613E-4
126.0	24.254909590323006	23.544537741105604	24.97198877854104	27.22844267306046	1.2121696989091685E-4
127.0	26.670928071817873	22.839097880462734	27.20847928039898	23.28064625744517	8.485098752407646E-4
128.0	26.225149026042637	23.565529638939385	24.43893760684762	25.76206016963089	0.008323558539465991
129.0	24.278027460270447	26.20233130673666	22.10931177197171	27.407864735884495	0.0024647251366811305
130.0	26.659980896259576	23.47473118192676	23.572310566695812	26.29297735511785	0.0
131.0	25.856048564033234	24.381656281137396	24.006855984723536	25.7549139001777	5.252699281349928E-4
132.0	26.9943674947069	25.522360318717375	21.89759668999402	25.58102888174163	0.004646614840075639
133.0	26.86274858399349	25.23610883269668	23.699532671385477	24.20047856130991	0.0011313506144445997
134.0	27.492715929114503	22.26818552996237	20.560211820902566	29.67880590936034	8.081066021905347E-5
135.0	25.919344333302625	23.79603994640626	25.980962586204946	24.303329890792252	3.2324329391381367E-4
136.0	27.747650700819875	25.84703867287678	24.418286572275825	21.98209453603336	0.004929517994154885
137.0	28.82409367103133	21.096589159690556	23.995282184062706	26.083954173020523	8.081219488345669E-5
138.0	25.50434844092484	24.038666276098223	26.399975757820627	24.055837819820002	0.0011717053363097343
139.0	26.22309387416697	23.769916209897882	24.58199898666421	25.424384867195638	6.060620753020007E-4
140.0	26.859733369966847	21.78253025800365	24.785885861012176	26.571648487958416	2.0202305891194424E-4
141.0	25.967615834503377	25.092495883796808	24.734956918756758	24.20489095849453	4.0404448529783134E-5
142.0	28.950030869085985	21.8494138106028	23.502364475015437	25.697786799667714	4.040456280646861E-4
143.0	27.55867907238338	25.012565717490347	23.884964290735955	23.543750515154013	4.0404236303367934E-5
144.0	28.901681788649945	24.959595698396434	22.403579174653252	23.734900912490748	2.4242580962139553E-4
145.0	29.107884856879192	22.160735555796187	21.81289323677197	26.91796109208508	5.252584675705422E-4
146.0	27.58371158463119	21.494424614927116	24.07500486871441	26.843262951790436	0.0035959799368562085
147.0	26.61942154353373	24.62821737874414	25.953370356378798	22.79624328544849	0.0027474358948459316
148.0	24.4107789681233	24.517324207425844	24.10738564164517	26.96390512342399	6.060593816982188E-4
149.0	28.081145685014196	24.5119509195315	23.73569469517842	23.669754128962293	0.0014545713135910294
150.0	25.835123976626146	24.091539786221837	24.70594795268661	25.367388284465402	0.0
151.0	26.7041822600027	23.54601148660825	25.687850976329372	24.061510811424544	4.444656351292708E-4
152.0	27.630003103200824	23.578790592129508	23.272107073358374	25.518978012529175	1.2121878212297727E-4
153.0	24.821506641528767	23.094555619217402	25.031698480978083	27.051673574740132	5.65683535619072E-4
154.0	23.33557049962887	24.137839075146562	24.94766364278825	27.576421587186655	0.00250519524966493
155.0	27.845125260390883	23.06904626724237	23.233191023358906	25.852435399825026	2.0204918281208013E-4
156.0	25.509352165630677	23.377827814762224	25.878985571083007	25.233794038181305	4.0410342784773705E-5
157.0	25.177706780377452	22.59290659998335	25.699047354260234	26.53017762191756	1.6164346140075373E-4
158.0	25.386539611722675	20.198220260899085	26.085301391785077	28.329938735593164	0.0
159.0	27.46737771771527	21.473016930165343	23.863478845274866	27.195762790977746	3.6371586678138535E-4
160.0	27.41873429426119	20.551492191686595	25.284895736930036	26.744837363513142	4.041360904036269E-5
161.0	25.356296912679422	20.385497801294935	28.34173465927851	25.913439602394266	0.003031024352866197
162.0	25.87784084594416	23.19217424865472	24.249483207006158	26.68050169839496	0.0
163.0	25.197444197917047	23.84930305491903	26.697139069743002	24.255992434437857	1.2124298306235526E-4
164.0	25.650875533126055	23.328783937088197	24.665110145369173	26.35393710031964	0.0012932840969300265
165.0	26.450792583290863	21.81953245648885	26.60789063033621	25.121299334626922	4.849952571505478E-4
166.0	24.561165257302864	23.25615985346173	25.46110487331893	26.721489180596613	8.083531986131893E-5
167.0	27.344808784471724	22.798657932422103	26.028124245935786	23.828085686350516	3.233508198762132E-4
168.0	25.977791377020313	23.860243800106225	24.162588914928655	25.999335487474912	4.0420469896046636E-5
169.0	27.521712733043536	22.32351103159634	25.009640671750688	25.145014297298108	1.212663113294264E-4
170.0	31.897192907001	22.03881682024483	22.306817318248772	23.757132532107512	4.0422397888980695E-5
171.0	25.396516788124078	22.907451593201404	26.848993585641928	24.846431722798197	6.063102343954945E-4
172.0	27.708996218473477	24.163663562943142	24.12935584738441	23.997863142522093	1.2122867688597472E-4
173.0	28.531910577811253	20.417993698132634	23.098630931840756	27.950010142143555	0.0014546500718031438
174.0	24.78437660240157	25.376666649156842	23.224534013037815	26.614139884378584	2.828510251935408E-4
175.0	26.29995320580636	24.002956358555053	22.8135029131204	26.882334828215203	0.0012526943029887668
176.0	25.384796618614995	23.617563060494508	27.27629825794336	23.720048866654896	0.0012931962922445805
177.0	22.68611665953971	26.821234076503913	23.075256631101933	27.394112136009834	0.023280496844603493
178.0	25.629239658305362	22.72283062059868	23.32503184795753	28.32281704075892	8.083237951125509E-5
179.0	28.537065092086735	23.581107627733864	22.484409686124177	25.39656875663912	8.488374161065688E-4
180.0	26.54676439743052	22.372405107199647	25.413659181791214	25.667090267500686	8.10460779371504E-5
181.0	28.57509334889859	21.348900210139035	26.24026478249169	23.835173386014898	5.682724557934767E-4
182.0	26.32801638316139	22.86993531573916	25.219636249977167	25.5823308659816	8.118514068370067E-5
183.0	24.732409803623078	23.9111381742528	26.131344192418936	25.224864261429946	2.43568275232151E-4
184.0	26.86737733708886	21.195722336751903	26.035496712831286	25.89835881088691	0.0030448024410384155
185.0	25.709212660690188	23.573252968617815	23.735221860848018	26.981987760185365	3.247496586069214E-4
186.0	27.508894803421192	22.814500924799734	25.390380783652073	24.286223488127	0.0
187.0	24.93321818807222	22.07272041250627	27.655110668745138	25.338422168390185	5.285622861863906E-4
188.0	27.920743204257153	27.25136492257747	21.52708680570098	23.300439109225117	3.6595823928545435E-4
189.0	25.342164109458352	22.768730529167463	24.35225996867994	27.53647940915618	3.6598353806045807E-4
190.0	28.601128226692964	21.15280675976238	25.619270056606542	24.62663228277	1.6267416811480565E-4
191.0	27.576499941167203	23.53136846716743	24.106016294852882	24.786074582073383	4.0714739101987576E-5
192.0	28.04373275783087	22.910142212901977	23.46050716154449	25.58561786772266	0.0
193.0	28.27340821987207	23.636174083306422	21.77898357874469	26.311393393787185	4.0724289636034806E-5
194.0	28.699388841780642	22.67871062965669	24.01591960047863	24.605980928084037	0.0
195.0	26.13365996046421	21.439874932331726	24.803471784621614	27.622545255766724	4.480668157235607E-4
196.0	29.127885768100498	22.141652256017995	25.577031207793254	23.153267551680436	1.6321640781904523E-4
197.0	25.10510486000302	24.14681624707702	23.63212686856485	27.11546231038887	4.89713966234222E-4
198.0	28.36441800022884	22.135402193634864	23.938980335747097	25.561076875296273	1.2259509292708045E-4
199.0	26.094352131171977	22.7856518981355	25.722378257791323	25.397208230433804	4.094824673939348E-4
200.0	27.573904450750092	23.171723037319662	23.406949416090647	25.84738214417198	4.0951667613332714E-5
201.0	26.556075225660603	20.60170699343086	28.291818881771864	24.55003030650525	3.6859263142375047E-4
202.0	26.400976779372293	24.70066471622077	27.306693076736245	21.591624469126064	4.0958544628225436E-5
203.0	26.970750870902414	23.774171306085275	22.297887751811967	26.956616502632887	5.735685674592429E-4
204.0	25.164849528325274	22.87643937311083	24.847012508199963	27.111575667705633	1.2292265829262888E-4
205.0	27.869031140876015	23.345576936788095	25.311601346960284	23.473134960732782	6.556146428252402E-4
206.0	26.602821675933058	21.87460684268913	25.47212686272043	26.050321676957573	1.2294169981653E-4
207.0	27.187878370546347	22.670753990797373	25.87958215185401	24.261621534771358	1.6395203091479495E-4
208.0	28.375830528861428	22.405492815646063	22.054607567298103	27.164028092137816	4.099605658931667E-5
209.0	27.867865011159136	20.275470526802224	24.882350360360324	26.973904065468023	4.100362102977314E-4
210.0	24.474157895967195	24.216112112936454	25.280899567613368	26.02842030621816	4.101172648295327E-4
211.0	25.313586713284703	24.865702390343618	25.340333423172744	24.479721112220087	6.563609788475368E-4
212.0	29.265512886757662	21.500994635493896	24.800016088182943	24.433230141867405	2.4624769809703884E-4
213.0	30.470844624435923	22.352091860263133	22.814316988046453	24.362541203370434	2.0532388405442397E-4
214.0	28.736659520513243	24.454350708882806	24.0069250705883	22.80202360655145	4.1093464207798145E-5
215.0	26.1105314261102	24.429385445139058	23.203289902253303	26.256422630719424	3.705957780081877E-4
216.0	26.7587640869963	24.315132864806422	25.28519149997921	23.64082837776022	8.317045785337048E-5
217.0	30.332808219436423	22.450484022581993	24.698038555010605	22.517956757939256	7.124450317226627E-4
218.0	24.831427535601136	24.71844025152981	24.789807313159002	25.6600291214795	2.9577823055321515E-4
219.0	26.904194405866434	22.168042394482985	24.657063301678512	26.270060090699076	6.398072729878487E-4
220.0	27.828351568601494	21.186198517444637	24.939626332301295	26.045566535701752	2.570459508193982E-4
221.0	26.0317780832533	22.413532738087532	24.139685153113135	27.414831440506916	1.7258503912071375E-4
222.0	25.90138442536716	25.126976116200034	23.39576888647154	25.575783407989277	8.716397199247252E-5
223.0	31.17611963956665	22.493224812925583	23.23174772307482	23.098203337068586	7.044873643586633E-4
224.0	30.036620658359624	21.515872777643388	25.006753809943373	23.440487898761713	2.6485529189701723E-4
225.0	31.60566116829799	19.555029155327254	24.458269843699057	24.380197000849485	8.428318262169494E-4
226.0	25.41325281957032	21.57497665181422	26.100340590401444	26.911206189428405	2.237487856034661E-4
227.0	28.107548148804344	23.108397860173664	25.78236722355906	23.00019525282529	0.001491514637634259
228.0	27.98316391359593	28.179479034307498	22.326193501542928	21.511118170266837	4.53802868034126E-5
229.0	27.26405612614842	25.884690884853285	21.096300755787116	25.754952233211174	0.0
230.0	25.818868964830504	22.785742637428598	26.964232122630616	24.43101797406487	1.383010454176023E-4
231.0	25.284319056675404	25.483783110706515	23.539090197673215	25.691268632423704	0.0015390025211659485
232.0	25.86931907422037	24.452237675845854	23.885076925601467	25.793131902264754	2.344220675557514E-4
233.0	23.14354535061626	24.959190986184655	22.72526480831613	29.17166707428283	3.317806001247495E-4
234.0	28.064899603023076	21.274312735202223	26.42214040927288	24.23763859970173	0.0010086528000922198
235.0	27.134510531243766	21.22387939440919	27.253236695607182	24.388227762021508	1.4561671835251186E-4
236.0	29.33346179956613	23.230004861725927	23.92588547071486	23.51040207800686	2.4578998622101333E-4
237.0	28.8135374863923	23.82047202425577	22.093105647275564	25.27273619174703	1.4865032933480463E-4
238.0	27.368344981466368	22.975929868302323	23.6277937201457	26.02783105840929	1.0037167631740334E-4
239.0	28.58319982155425	23.019603569322406	23.487310694217115	24.90861275744517	0.001273157461059206
240.0	26.087353714816743	20.58797586983572	25.81024534433786	27.51421506087669	2.100101329889167E-4
241.0	28.68602474234826	21.69100927772342	23.521528766094853	26.098808516768194	0.002628697065270022
242.0	27.684064110264593	23.46557919472281	21.15238305988472	27.697077946026827	8.956891010442681E-4
243.0	28.71412794783592	22.867439193866282	24.713578407283528	23.7021067482523	0.00274770276196968
244.0	27.371893178982432	22.161544370149954	25.559745244779197	24.906023147341834	7.940587465835623E-4
245.0	29.09382220229774	21.61552765538664	23.413399685393614	25.875181376150923	0.0020690807710774337
246.0	25.40954808725191	26.951801395022756	22.573685701574835	25.06225407315711	0.00271074299339376
247.0	25.849528918670934	23.189925541335906	24.345649331342653	26.48008840834082	0.13480780030968495
248.0	26.136141754043035	22.720220991881387	24.056500599106514	27.07854750546558	0.00858914950348314
249.0	25.89871763054752	21.82921637256748	28.0070643709244	24.2509884128913	0.01401321306930015
250.0	28.019347483198466	21.35198789603621	23.951296975723494	26.676831881772046	5.35763269784666E-4
