# Position (bp)	A	C	G	T	N
0.0	24.561646001709516	23.1699819428119	25.030712700517167	27.237604066571645	5.528838976987867E-5
1.0	22.807502215340467	30.30128078937254	23.772877836173436	23.04224283440061	0.07609632471294316
2.0	24.375890652470087	26.11737899629203	22.839613034343394	26.666292956721637	8.243601728518411E-4
3.0	25.99164674790812	22.27149606437538	24.369306409979107	27.3598101853021	0.007740592435300175
4.0	26.69822316440734	23.62859501367113	23.19386129218922	26.47915598252509	1.645472072225254E-4
5.0	29.01315093801039	22.742635984249336	22.931821456689786	25.31151500142725	8.766196232398438E-4
6.0	25.720374630910225	23.725074474358173	24.505646704366065	26.04255896410899	0.006345226256546249
7.0	26.112835958462423	25.594817522313505	22.902836187794925	25.388800492737257	7.098386918874174E-4
8.0	28.000122009872996	23.775475688715776	23.429545017557984	24.794802815159944	5.4468693301494564E-5
9.0	25.941141304347827	25.957065217391307	22.007608695652173	26.094021739130437	1.6304347826086958E-4
10.0	24.397452511467336	24.761193308689442	22.73559138553213	28.105762794311097	0.0
11.0	27.66790996553894	22.324204027613156	22.71845162079859	27.289170640000886	2.6374604842482945E-4
12.0	28.178795022716272	24.041623081606843	20.713650060108353	27.06593183556853	0.0
13.0	25.432307346848383	22.800207797332856	24.867082158564163	26.900299929038546	1.0276821605167598E-4
14.0	26.45673317355926	21.674765711654985	23.22395633339886	28.64449385467349	5.092671340380911E-5
15.0	25.605333534219742	23.451027659547755	24.19420693811443	26.749431868118073	0.0
16.0	26.37598911135502	25.091531185982653	21.18996485360954	27.342366259465155	1.485895876341764E-4
17.0	28.708839443516453	26.514838461851852	19.526298329036127	25.248908237640432	0.0011155279551305554
18.0	25.804018744373703	25.699877980372765	19.83469521116335	28.661215300066118	1.9276402406466077E-4
19.0	25.196602071071954	24.52582935761056	21.818449753728395	28.458542799801656	5.760177874292758E-4
20.0	22.989776773675928	25.782654722894254	23.752969347472494	27.474599155957325	0.0
21.0	23.82073165258431	24.044332845942886	23.62939743895612	28.505207361406708	3.3070110997465414E-4
22.0	23.237865484772833	26.52477395345358	25.798105603710248	24.43920820593378	4.6752129559501435E-5
23.0	25.229793594219913	23.74674225367388	23.320366738799848	27.702725032944027	3.723803623354021E-4
24.0	28.981560301992744	21.34380411121983	23.971607409431904	25.702982088480503	4.60888750212585E-5
25.0	25.38329700925408	24.613211314855597	19.97868480208131	30.024441731232244	3.651425767655214E-4
26.0	26.86303507594041	24.650193253370592	19.759794225988493	28.726841350777548	1.3609392295269376E-4
27.0	25.96076631349468	24.436676652534356	20.034701569220715	29.567764931045005	9.053370524579448E-5
28.0	27.294900718985616	24.041300184343786	22.7534502787583	25.907837077769752	0.002511740142541253
29.0	28.179109994020664	23.145672799706453	21.961888617316262	26.713017627936026	3.109610205918388E-4
30.0	23.857341499007074	24.383947192134563	25.069976683993804	26.68851412168512	2.2050317943534428E-4
31.0	26.435910396152433	24.337788114153522	22.60788458000008	26.61788994189741	5.269677965588124E-4
32.0	24.398507254130276	22.42888540742098	24.03720459698865	29.13522861969761	1.7412176247789198E-4
33.0	23.922213172607577	25.006758466839102	24.215317208156037	26.855495571317885	2.1558107939721806E-4
34.0	26.702151404780004	26.636130635603838	22.13132488803408	24.53039307158208	0.0
35.0	25.569165176461826	22.18524737400313	25.75319331119073	26.49197108516103	4.2305318328483024E-4
36.0	24.309337859489396	24.257733932519308	25.622807836865658	25.809909052833373	2.1131829226080567E-4
37.0	25.991008708649964	25.21558270809313	20.860539502830004	27.932784583750358	8.449667653447021E-5
38.0	27.366895146506998	25.030284701537298	20.814713380853984	26.787853342636975	2.534284647472558E-4
39.0	23.20231449672745	27.560914531946583	21.759470209638305	27.476962928272474	3.3783341518755453E-4
40.0	26.412426337058655	25.421795152738845	22.789541751798374	25.376152312816856	8.444558727472556E-5
41.0	24.347114995320176	23.883565481012834	21.486026599636336	30.277931285750416	0.005361638280239746
42.0	24.31663805298042	25.912813176338684	20.382301924975714	29.388204632251163	4.221345401878414E-5
43.0	25.98424764791045	25.707737308846557	22.68967613130337	25.614582322079038	0.0037565898605840865
44.0	29.514655299753105	24.567726687627932	22.477325961721075	23.43999662368904	2.954272088459347E-4
45.0	26.09030481948657	23.964510025335514	21.670937076440335	28.270197097134098	0.0040509816034797926
46.0	25.436661507796533	24.62692423886975	22.283702977348792	27.652711275984927	0.0
47.0	25.6468347738847	24.20434270651524	22.678569093096026	27.46881899258018	0.0014344339238560285
48.0	22.63113674055753	23.63422250940999	22.446395521670397	31.288245228362076	0.0
49.0	22.580978481372483	26.43406203633646	23.963101766212777	27.020339409091793	0.0015183069864895984
50.0	27.75778830388049	24.02304609218437	20.31997496676855	27.899106293394873	8.434377171852121E-5
51.0	24.85600632813185	26.383519871548366	21.359595417838857	27.39864363442558	0.002234748055347541
52.0	23.23755210767637	25.62332539211434	21.609525087619144	29.529597412590146	0.0
53.0	22.854129819578183	24.496972958767504	23.901052422115768	28.746501406993787	0.0013433925447591108
54.0	23.340506330176712	27.64115592998058	22.11250494315477	26.90583279668794	0.0
55.0	24.710053827247588	27.384366093986756	22.879952544551273	25.024161308309186	0.0014662259051955086
56.0	27.169989775372343	24.581747385096506	24.298213978293294	23.950048861237853	0.0
57.0	23.1164633135034	27.66196354888266	23.037514931086648	26.178781020222512	0.005277186304780125
58.0	25.741008604234526	24.660726146135463	21.81591812701904	27.782221488893562	1.2563371740956675E-4
59.0	28.25026988049884	21.799351281817213	24.326429361658295	25.621102016922283	0.002847459103368628
60.0	24.265239761887145	22.664987955161347	23.197360209437655	29.872412073513853	0.0
61.0	25.88596413135203	23.48188950510394	22.557274353904162	28.06885335934728	0.006018650292594176
62.0	25.812205791818364	21.30665943340671	24.536842188852447	28.344167201986416	1.2538393606087976E-4
63.0	26.43995063468202	23.79532032499531	22.748543217430154	27.014054404659365	0.0021314182331545867
64.0	25.535445110776138	21.410713823931047	23.289724709264252	29.764032937121332	8.341890722899907E-5
65.0	25.089543250182256	25.732778251375056	23.240664897210856	25.932133973718408	0.004879627513425231
66.0	24.351171875488724	23.754005195546128	23.00924630383477	28.88511787567306	4.587494573202443E-4
67.0	26.806745818268258	24.811608345531354	21.532363330038827	26.84882377717448	4.5872898708469387E-4
68.0	24.320095742662403	21.49543700312123	26.795227044800146	27.389115110118656	1.2509929756744414E-4
69.0	22.938120256859314	24.36627470602952	25.23455091318489	27.45838545575848	0.002668668167792511
70.0	26.52946154025539	22.840480925872253	24.446482171828723	26.183367147392655	2.0821465098227345E-4
71.0	24.894067180396178	22.80279252125512	25.353199424609656	26.948902113005534	0.0010387607335146595
72.0	27.4922195711593	25.379175164447375	22.063306163977497	25.06409428163927	0.0012048187765605416
73.0	25.768667095365565	22.529456433059	22.720875476262876	28.97709617976109	0.0039048155514679614
74.0	25.346119918466208	25.01320687953831	23.45309232024108	26.186708729332064	8.721524223410564E-4
75.0	26.110761121938395	24.303626519978522	21.972407933352464	27.610961910057718	0.002242514672898089
76.0	27.33110585663588	23.99898509450996	24.757091257610753	23.911738104551876	0.0010796866915326817
77.0	24.990459944848308	24.17809154881913	23.74649488615673	27.08374943475952	0.001204185416318041
78.0	27.14174791144181	26.537394741649916	20.4653374080287	25.854897108405723	6.228304738494244E-4
79.0	27.29343818507939	20.60162426094466	23.248563409287186	28.853758387032485	0.00261575765628114
80.0	24.34744845808101	23.127248692405868	27.63355976986011	24.888795336088435	0.0029477435645775883
81.0	25.87260051206236	24.792511783371136	21.647567081041114	27.686531813337616	7.888101877741894E-4
82.0	23.201729677308737	22.07430920223699	23.78136088373624	30.941603878821294	9.963578967382978E-4
83.0	25.69549092231474	22.034278256147893	24.30716592067497	27.96202707156954	0.0010378292928563304
84.0	23.535728636374202	25.612939219143826	24.74608226984269	26.10388003891994	0.0013698357193380954
85.0	25.219919682048836	26.52202517459296	21.63545612087125	26.621644338829682	9.54683657268567E-4
86.0	25.76963033090379	24.407905631801828	23.248806431222093	26.57158237564908	0.002075230423210041
87.0	22.765710557703944	21.98037980409685	25.159842593537903	30.093320019688257	7.470249730448489E-4
88.0	25.079014640948177	26.317477839381166	25.776202649314435	22.826516383918197	7.884864380332658E-4
89.0	26.780733892797226	25.858087390400975	22.061725275094645	25.298416014228525	0.0010374274786321062
90.0	23.408951334484133	25.252995950073032	25.43769087770548	25.90015436197052	2.074757668304342E-4
91.0	27.13832850634424	24.607312681012093	23.695800104561712	24.558185273395683	3.734346862733708E-4
92.0	25.950150425011337	23.847229097022577	22.583625809123088	27.618994668843	0.0
93.0	27.005634246927716	25.949607096329856	20.912557151510626	26.131703633632885	4.978715989146399E-4
94.0	28.501047361309155	23.11994599938681	22.92507746822755	25.44915806588523	0.004771105191252863
95.0	24.015605281302456	26.40165843451017	23.849247406932932	25.731331618035686	0.002157259218756871
96.0	25.983625802801104	23.999573554045387	24.235363321167732	25.780732109804028	7.052121817522614E-4
97.0	25.781157965471756	25.290901699864776	23.281178705647136	25.646388305859514	3.7332315682061406E-4
98.0	28.173816742916635	22.80709103955735	23.720058234789064	25.29903398273695	0.0
99.0	22.063782741901505	21.682142922308532	26.792500402249946	29.461573933540013	0.0
100.0	22.865310668584655	24.60655087149091	24.434462880205608	28.09367557971883	0.0
101.0	24.444007689105387	21.606079302606766	27.978077093398745	25.9717115225457	1.243923434024789E-4
102.0	24.926825688195127	24.499327654644613	24.032065255024758	26.5417814021355	0.0
103.0	26.29222408182742	25.29724087009624	25.020552621967322	23.389858053207558	1.2437290146639796E-4
104.0	25.903817740729256	27.23645351237785	22.496903257259312	24.362286565194104	5.389244394771273E-4
105.0	27.578068482616096	23.319783843840234	20.793277352729625	28.304766089932404	0.004104230881642687
106.0	26.161642961077508	23.203384420225266	25.036625860718093	25.59834675797913	0.0
107.0	26.833784768599006	23.464187379213087	22.68895405475093	27.01178872000484	0.0012850774321334028
108.0	23.942753644212157	24.12474665627733	24.490307659787874	27.44215059289684	4.14468257948465E-5
109.0	26.11090895979749	23.84897390479806	25.70360399414157	24.33531128493361	0.0012018563292655333
110.0	24.803984298852253	24.139395757772665	22.590125781576347	28.46645272084712	4.144095161686017E-5
111.0	25.18021506873555	23.210996361924487	24.627603872049477	26.979858596181078	0.0013261011094079
112.0	25.875552166814465	24.10580054864455	23.405201349234634	26.613445935306355	0.0
113.0	28.376703019856137	21.16099545861372	22.895879603540294	27.56513740179666	0.0012845161931912354
114.0	26.751352182324688	21.87707312868864	26.832485193639798	24.538758001940064	3.3149340680332207E-4
115.0	27.833690468248008	22.988603867002432	26.187900067421214	22.988520989048922	0.0012846082794246779
116.0	26.62836622394902	23.864858335463975	25.23909114905886	24.26760141405544	8.287747270119646E-5
117.0	26.03826564334325	26.690723413848016	23.3996344247411	23.870133346704332	0.0012431713632990121
118.0	27.312214359504345	24.17395534674254	24.46717390106236	24.04640776192112	2.4863076963240355E-4
119.0	26.896715194772693	20.797025657516333	24.642047893809476	27.663175273043116	0.0010359808583888758
120.0	24.887255838392644	24.024835001721776	24.514971156639277	26.572938003246303	0.0
121.0	27.793269061427118	23.188483270035242	24.261753657510717	24.75512652366064	0.0013674873662814912
122.0	27.216566530043266	23.577916984190722	24.338524359533782	24.866536300510152	4.5582572207974217E-4
123.0	24.58019626132982	27.760854728409573	23.24467276172701	24.412908775900657	0.0013674726329359513
124.0	25.682888240788394	24.236430706703032	22.24211277445854	27.838485400749047	8.287730098466521E-5
125.0	26.891727483835037	23.63818163434779	24.502495396238423	24.966145155649407	0.0014503299293399257
126.0	24.402324689989538	23.699696464274986	24.829305182898402	27.068549347864373	1.243149727025039E-4
127.0	25.851260792526574	22.421686327615443	27.83149984004933	23.89393695788739	0.0016160819212644889
128.0	26.350880973297308	22.751404750459965	24.65084285027598	26.237340670633667	0.00953075533307918
129.0	24.328163452705102	26.24705120390441	22.569846014106155	26.85208014178255	0.002859187501786992
130.0	26.40447994855054	24.23267123645287	23.376685802749993	25.986121574214273	4.1438032323322735E-5
131.0	26.677203099269274	24.11344373105742	24.00417037196038	25.20406395785869	0.0011188398542358862
132.0	26.690333504335694	25.372966100922334	21.94576379628563	25.9846379653426	0.0062986331137375685
133.0	27.113837932496253	25.226118200966425	24.334947077131925	23.323149191394602	0.0019475980107979808
134.0	26.86310804690294	22.83681806899358	20.840952760998807	29.459038246937002	8.287616767340492E-5
135.0	26.3235557979209	23.33302807455331	26.747423498489383	23.595080996480682	9.116325557245758E-4
136.0	28.05017675487904	26.333058321444007	24.30884097613612	21.301086635375256	0.006837312165567379
137.0	29.349087710036372	20.978587468242544	24.003641618042003	25.668476011027625	2.0719265145679224E-4
138.0	25.54279771104656	23.153029216891184	26.918117290217253	24.384771249684047	0.0012845321609560234
139.0	26.214425801008662	23.172078410442793	25.13863790716533	25.473697644844133	0.001160236539080703
140.0	27.010194449532047	21.229416966328728	25.32621658377789	26.433757625532785	4.143748285524147E-4
141.0	25.986454036336664	24.608155341415053	25.699622710311548	23.705560723749773	2.0718818695833238E-4
142.0	29.84658518079893	21.772531027518365	23.327356634860465	25.053361405997943	1.657508242995681E-4
143.0	27.01940026503502	25.077343318142304	24.028681463212095	23.874243452648816	3.315009617671653E-4
144.0	28.396426097016832	24.687436807786277	22.402406359498638	24.51331636052629	4.143751719656964E-4
145.0	28.536875429916382	21.99961877294614	22.790623471983956	26.672260759304837	6.215658486860097E-4
146.0	27.852642117240872	21.496535383345474	24.76171178002813	25.884096742406726	0.005013976978801237
147.0	26.566902692417344	23.900342104739742	26.29126306926295	23.238674410432868	0.002817723147098408
148.0	24.309122348878347	23.982760328201845	24.196950943346188	27.510917754367416	2.486252062035304E-4
149.0	28.413103852372814	24.096371063652043	23.95315956230985	23.535293596009303	0.0020719256559923816
150.0	25.723133560806538	24.41245527681754	25.02206633741896	24.842344824956967	0.0
151.0	26.995166447587614	23.483381762787943	25.729674133035406	23.790783098479487	9.945581095439455E-4
152.0	28.16575717591518	23.546417181087012	22.896664500686263	25.39103681945669	1.2432285485058052E-4
153.0	25.375010930091758	22.869771738243056	24.452531906543676	27.301442191936143	0.0012432331853747705
154.0	23.270125917527004	24.213968623394535	25.05897203821952	27.45469555011836	0.002237870740586024
155.0	27.43648462968451	23.22725850273874	23.929984394461588	25.40610667722234	1.6579589282124507E-4
156.0	26.288081638743588	23.329298924802494	25.744762867967076	24.63764932147328	2.0724701357053446E-4
157.0	25.305848203127557	22.378782973887	26.34387721223119	25.971325811287876	1.657994663744175E-4
158.0	25.308091093244112	20.593430015208185	26.18311083403765	27.915326607024944	4.145048511575255E-5
159.0	26.78758551394586	21.410445385480124	24.75846351791855	27.042800911264465	7.046713910047453E-4
160.0	26.979626520756906	20.640635039068165	26.131526041990504	26.248170946548115	4.145163630334307E-5
161.0	25.014674037399725	19.933643505453436	29.175841394381752	25.871820210709227	0.004020852055857511
162.0	26.19664479329456	22.68876664856552	24.882128363393676	26.232460194746242	0.0
163.0	25.45228882479109	23.398552244634345	27.678102845185027	23.470973176480733	8.290890881097846E-5
164.0	25.893613704840508	23.5788242239125	24.737089528850507	25.788731413448478	0.0017411289480098895
165.0	26.944999620669886	21.682633769832435	26.311000117322862	25.06008133003503	0.0012851621397866712
166.0	24.99057861210208	23.41126793846766	25.759048781852893	25.839104667577367	0.0
167.0	27.42315706729442	22.630284104713187	26.423280616318916	23.522283185972793	9.950257006846605E-4
168.0	26.201292495655952	23.661825025094085	24.01706024611897	26.119780772437593	4.146069339692851E-5
169.0	27.097147083895834	21.742705178767487	25.84764877388625	25.311794109744895	7.048537055403159E-4
170.0	30.877996921811356	22.954148920643767	22.941544268863858	23.226226963340366	8.292534065729942E-5
171.0	25.846578298256446	22.859884144478162	26.64030181644641	24.652074780754766	0.0011609600642176767
172.0	28.190636578810224	23.840559070614756	24.326628117792556	23.642093314145963	8.291863650252508E-5
173.0	28.993930258290497	19.562345131624387	23.655036691652892	27.787029632328952	0.0016582861032722546
174.0	24.849029798555776	25.18668402818801	24.134463075882863	25.829449998777065	3.730985962787146E-4
175.0	25.893933131666802	24.017704757376258	23.130850129320013	26.955978133123953	0.0015338485129753221
176.0	24.9142498969838	23.486573900960188	28.280786090284476	23.3169391794024	0.0014509323691404095
177.0	22.725753839469466	25.92120733715525	24.072947017725983	27.254760676801332	0.02533112884796845
178.0	25.111314789228384	22.911508214349524	24.20968675991366	27.767324419859364	1.6581664906937477E-4
179.0	28.66595719365421	23.311826655318416	23.03596961841435	24.985044270203915	0.0012022624091099982
180.0	26.73779706274479	22.371258788645008	25.540260438456947	25.35064216364257	4.154651069552598E-5
181.0	28.64247880452575	21.897781676943577	25.30736089566556	24.151047470956968	0.0013311519081438627
182.0	25.765768013606632	22.608630562521054	25.397199662329346	26.228318591430984	8.317011198855579E-5
183.0	24.108458431878287	24.434504117366465	25.837457076542968	25.619039737233795	5.406369784880546E-4
184.0	26.45550177863122	21.63845353702851	26.41669754784711	25.485770326367284	0.0035768101258662846
185.0	25.25302050571248	24.040701192316376	24.3151281664211	26.390110481912732	0.0010396536373114226
186.0	27.155372116681097	23.152267851810446	24.872880686265457	24.819479345242996	0.0
187.0	24.807720755990694	22.79239842234552	27.562490493860857	24.835973522407404	0.001416805395528312
188.0	28.005144240005635	27.317981460899148	21.871229804253	22.805311102748526	3.3339209368984615E-4
189.0	25.94685090153751	23.162572658759416	24.798355922999114	26.091095235852613	0.001125280851345815
190.0	29.44596376228949	21.425341054552472	25.191415291465187	23.937154844956634	1.2504673621766135E-4
191.0	27.17353858976538	23.440481077070128	24.499194711192157	24.886618592922225	1.6702905010996773E-4
192.0	27.05687942824068	23.06435299138803	24.215079592445253	25.663687987926036	0.0
193.0	28.301171250301238	23.659314557743688	22.04166682329002	25.997638537530506	2.0883113455031764E-4
194.0	28.191827511455102	22.483031414334224	24.32186222134972	25.003278852860955	0.0
195.0	26.795619578049767	21.005939654315295	24.778443123778587	27.41895325394299	0.001044389913365768
196.0	28.895599091401554	21.987337225492666	26.23146821705556	22.88559546605022	0.0
197.0	25.331771840625578	23.41242542330088	23.64652371778741	27.608106642638546	0.0011723756475805307
198.0	27.92350421487094	22.80091820452498	23.932478149425997	25.343057473376724	4.195780136085933E-5
199.0	25.831117189037528	23.27922913502248	25.233725426870603	25.65504515551698	8.830935524078176E-4
200.0	27.65203304414311	23.227965139043036	24.01697543390099	25.103026382912862	0.0
201.0	25.53927968183256	20.868340388018925	28.42990625904267	25.16171661025161	7.570608542338208E-4
202.0	25.70274012706275	25.2173795999677	27.723638517242303	21.356241755727247	0.0
203.0	26.581254872624903	23.870634412081124	22.73835524165064	26.8087036388016	0.0010518348417346188
204.0	25.801423930789557	23.0888862706815	24.357758403043107	26.751931395485833	0.0
205.0	27.91032459698375	23.69801627929387	25.506050556452575	22.88430406923434	0.0013044980354680392
206.0	25.49515305113264	20.971881215453337	26.229539243157163	27.30342649025686	0.0
207.0	26.229849080144024	23.395229528332305	26.91966739880237	23.454790970906235	4.6302181506235223E-4
208.0	28.312418350734305	22.570961974124	21.50475886548411	27.61186080965759	0.0
209.0	27.936860314014076	19.97984670696202	25.461660318056524	26.620579939851723	0.001052721115648573
210.0	25.376413736290115	24.27907556576827	24.113600928578467	26.230699188251933	2.1058111121125412E-4
211.0	25.60877690228564	25.083537789580816	25.18009281414927	24.126497192658448	0.001095301325820128
212.0	29.065268680254864	22.188257824478473	24.062541881853345	24.683805177629633	1.26435783686918E-4
213.0	29.83139803591489	22.704505048528624	22.038311804414636	25.42506823019806	7.168809437864133E-4
214.0	27.758203257374632	24.406212585621823	24.529483532292893	23.306016221460624	8.440325003154572E-5
215.0	26.072073375126404	24.41891692433137	23.004499458026554	26.503791276574777	7.189659408916954E-4
216.0	26.534695616975057	24.333587090933417	25.310845936081293	23.820828611888935	4.2744121294138114E-5
217.0	29.674320736817343	22.858510424717743	24.74548902727048	22.720602744022493	0.0010770671719404184
218.0	24.712137944227543	23.84037807709364	25.507856316791738	25.93945375338035	1.7390850673460693E-4
219.0	26.69010242619753	22.63818064129079	24.19917588923446	26.471444684766233	0.0010963585109872664
220.0	28.099359116878293	21.81688185728871	24.324325514209978	25.759301434315535	1.3207730748961982E-4
221.0	25.68550345662748	21.90528153160646	24.101287945829537	28.30748348204483	4.43583891694557E-4
222.0	26.042715458398874	24.1878544990702	23.961405061431577	25.807890616322275	1.343647770798772E-4
223.0	30.683784671801707	22.473370058676487	23.878297473471747	22.963463119412502	0.0010846766375566573
224.0	30.333147805892708	22.737769114798613	24.053459075348744	22.87562400395993	0.0
225.0	31.150845543910233	19.774026487664273	23.61581313374785	25.458039023421158	0.001275811256482716
226.0	25.233380402682588	22.45042049028319	25.670093020340595	26.646013914338702	9.217235492993058E-5
227.0	27.919619955943258	23.42607464512823	25.57655172477989	23.076217785313457	0.0015358888351586365
228.0	27.45856146929691	28.059671484212444	22.780928690659323	21.700744841516613	9.351431470372327E-5
229.0	27.817317727799868	25.251101346517263	21.683262126837953	25.248271637019958	4.716182495511373E-5
230.0	25.926764701964196	22.599518133738822	27.191045128335904	24.282624458328655	4.757763242282432E-5
231.0	24.867684571587226	24.790175205872202	24.252478082395154	26.088071462863955	0.0015906772814650424
232.0	25.228207812177732	25.10566745519845	24.20092164292195	25.4651062581278	9.683157406501853E-5
233.0	22.857093952724096	25.367162149936057	22.417736654595426	29.357322580881796	6.846618626225973E-4
234.0	27.766611591924978	21.232008393350892	26.335131955835557	24.665055821545913	0.0011922373426619282
235.0	25.47585965345404	22.091991086208964	27.850829985142013	24.58086766452553	4.516106694526027E-4
236.0	28.65125421285839	23.341653018243928	24.298026585668495	23.70896439263077	1.0179059841674903E-4
237.0	28.30758549041064	24.29416280239635	22.0959515027452	25.301838696990096	4.615074577041235E-4
238.0	27.333684172793802	22.331832135266794	24.568459671038653	25.76602402090075	0.0
239.0	28.14821013981284	22.980245771218126	24.188100723355003	24.68233804253599	0.0011053230780405463
240.0	25.66012710992735	21.478383733393965	25.89859356221782	26.962679052846983	2.1654161388464827E-4
241.0	29.330452626927737	21.91032039274474	23.078307684383734	25.67820846808407	0.0027108278597200797
242.0	26.868182838373865	23.85842856731393	21.00170804356462	28.27086538519018	8.15165557407491E-4
243.0	28.034001477661807	23.100943044637155	24.510606255434983	24.351888377688613	0.0025608445774388503
244.0	27.061762116316864	22.39842184525983	25.551729163493924	24.98710434915036	9.82525779020127E-4
245.0	28.354845610002016	21.438493197824133	23.57611669532478	26.629012660083777	0.001531836765285953
246.0	24.765961037986017	26.524781031157886	23.30273459655645	25.40383811293603	0.002685221363621169
247.0	25.86189180739164	22.779889896319673	24.893168439728978	26.33059347081549	0.13445638574421637
248.0	26.400492001942922	22.37596671725676	23.551457495245835	27.662567200567256	0.009516584987229624
249.0	25.296146696576795	21.23928211279475	28.959087851606895	24.48913659362543	0.016346745396126926
250.0	27.582842659819374	21.965368779883125	24.26227421639809	26.188573578891443	9.40765007968833E-4
