# Position (bp)	A	C	G	T	N
0.0	24.888744501093775	23.019354700947584	25.16134001533612	26.930522652042825	3.8130579695390055E-5
1.0	23.575148341475597	30.253108889921904	23.67017202707947	22.425627811988416	0.07594292953461579
2.0	24.65071576749338	26.946786054694428	21.8831875330532	26.51870451160063	6.06133158362895E-4
3.0	25.881586917019987	21.767527256208357	23.64722138098122	28.69681253785584	0.0068519079345851
4.0	25.776417720752892	23.329374205652726	24.562919869273134	26.33121255219996	7.565212128548084E-5
5.0	28.784064266398484	23.401254711970086	22.336759373505373	25.47739274388719	5.289042388652435E-4
6.0	27.225310667341606	23.24299427193838	24.36169446895475	25.164874472264113	0.0051261195011531886
7.0	26.498886147876988	25.069326622513767	22.41977650744267	26.011371333813	6.393883535787507E-4
8.0	28.621023345378592	24.02194358190785	23.79742329265632	23.559609780057237	0.0
9.0	26.56792153347852	24.621021929318378	22.19479787586426	26.616071308130078	1.873532087609358E-4
10.0	25.046944068426036	23.839276088024246	23.443620697916792	27.670159145632926	0.0
11.0	27.151658027989022	22.413612007883494	22.66664527056105	27.767938811028138	1.4588253829781337E-4
12.0	28.72592748846028	24.170369253131646	19.52931825732997	27.57438500107811	0.0
13.0	26.183632267126843	22.643723280037836	24.577898887908635	26.594567624614267	1.779403124133653E-4
14.0	26.144002097867347	22.188225085093688	23.326085493028785	28.341616831155868	7.049285431559016E-5
15.0	25.93839606584157	23.82118043537473	23.95260197605401	26.287821522729697	0.0
16.0	26.869822310991026	24.587445300255464	20.76974377479077	27.772885907510787	1.0270645195084059E-4
17.0	28.440455074584865	26.679635910886972	19.34669272561248	25.532045175531493	0.0011711133841864226
18.0	25.87961660270725	25.47839848014065	19.774868173088883	28.866850662244385	2.6608181882888083E-4
19.0	24.595026562444666	24.473657819579255	22.123300978264503	28.807286493449496	7.281462620777124E-4
20.0	22.403372818391173	25.368807603355613	23.75106188677783	28.476626340965566	1.3135050982058505E-4
21.0	24.125781464679704	23.716073781935375	23.105896511405415	29.05179188844633	4.563535331705455E-4
22.0	23.142438927466447	26.617193205188745	25.333263661487727	24.907039694888926	6.451096815480568E-5
23.0	26.19588727047595	23.39013416070206	22.085083452058434	28.328349500167054	5.456165965014422E-4
24.0	28.87165145221364	21.67322041390383	23.495461703368818	25.959602920082602	6.351043111198191E-5
25.0	25.408670674132544	24.69533001239458	19.41526372354835	30.480452680394905	2.829095296188989E-4
26.0	26.951093490600147	25.6984678245661	19.029463757364063	28.320912374377755	6.255309193678134E-5
27.0	25.914729054543432	24.664823411174694	19.28749358218946	30.132922759817614	3.1192274796454806E-5
28.0	27.487775517930785	23.590826187845373	22.787410435634403	26.131208514428195	0.0027793441612464307
29.0	28.031140370483087	23.49177034237017	21.58280451937685	26.89379488897203	4.89878797861924E-4
30.0	23.917765230304795	23.934056036108952	24.96205155750761	27.185883575244183	2.4360083445465843E-4
31.0	26.70105523179707	24.229302620989245	22.027236519310765	27.041860194513667	5.454333892503563E-4
32.0	24.42480593929818	22.47163243724406	24.199778901863258	28.903422822294324	3.598993001758108E-4
33.0	24.21567319743792	24.93304699380631	24.20485971135716	26.646330975260586	8.912213802820835E-5
34.0	26.8730500343468	26.08470914550284	22.51620753543202	24.525974345546807	5.893917153332318E-5
35.0	25.352563279241323	22.396525392262408	25.77932889792887	26.471319715754248	2.6271481314554866E-4
36.0	24.77151474126197	23.777399346764167	25.37662845965194	26.074224132978024	2.33319343894339E-4
37.0	25.529162578954196	25.400328571907536	21.07696949995554	27.993481040059827	5.8309122899596065E-5
38.0	27.040173760923086	25.33946424298315	21.03152477133691	26.588749784678807	8.744007804318433E-5
39.0	24.031471740999226	26.97970364110559	21.092419098684307	27.896114114201627	2.9140500925210907E-4
40.0	27.570854000783186	25.398732215115523	22.378098952020437	24.65225655919593	5.827288492736868E-5
41.0	24.865930185809926	23.62670209232813	21.54028795003117	29.96238936764029	0.0046904041904828496
42.0	24.80290877058884	25.651659458048638	19.85646072390682	29.688883658497932	8.738895776433412E-5
43.0	25.69970271026761	25.560072360792706	22.554990736455434	26.181768190901543	0.0034660015827103026
44.0	29.917892665788727	24.325979571308505	22.084613014510463	23.67128177021479	2.3297817751655747E-4
45.0	26.555845759193097	23.585519323776996	21.582560993719373	28.27205571909841	0.004018204212126241
46.0	25.652756717978818	24.251338704455517	22.36769011466624	27.728214462899427	0.0
47.0	26.311396640661005	23.342972284594477	22.788914536475904	27.555202719284686	0.0015138189839305203
48.0	22.475724426412103	23.511779021574796	22.539417619009377	31.47304983606786	2.9096935859878464E-5
49.0	21.71279207155686	25.74774304540269	24.401004002568488	28.13677338339963	0.0016874970723380536
50.0	27.831153518197482	23.463920536945242	20.38904150875771	28.3158262520979	5.8184001668717164E-5
51.0	25.00794077404222	26.43675653412264	21.424761020514538	27.1282147045683	0.002326966752299043
52.0	22.92695631873923	25.43056114499619	21.770159878327313	29.872322657937268	0.0
53.0	23.125595587263533	24.59595707830103	23.670086970231647	28.606940229122856	0.0014201350809303103
54.0	24.009880258523577	27.907528060287778	21.5897791548339	26.492696601697656	1.1592465708761904E-4
55.0	24.73510893195158	27.172233991303024	22.535447488212125	25.555937255473488	0.0012723330597817254
56.0	27.721901446526516	24.708222619939107	24.44502592066801	23.124850012866364	0.0
57.0	23.209554746323473	27.261163143269158	22.650949472849156	26.873360061891223	0.004972575666990077
58.0	25.8472421720596	24.83856169228452	21.585340225144975	27.728537933630133	3.1797688076820905E-4
59.0	28.313877949199696	21.96428803699823	24.58332911804025	25.135730028543556	0.002774867218267876
60.0	24.579451554943812	22.39469545456645	23.389023477734717	29.636800644794757	2.8867960259211187E-5
61.0	25.73691609152602	23.013101949272162	23.08950833773529	28.15452737438553	0.0059462470809988534
62.0	26.058174257235994	21.222393665934135	24.495323396525063	28.223848917104945	2.5976319986700124E-4
63.0	27.585969041938235	23.029275752904645	22.105896277534494	27.276723212139174	0.0021357154834466176
64.0	25.647285056599184	20.981665141474203	23.754490964494845	29.616530033041517	2.8804390249944333E-5
65.0	24.09400264398637	26.047355581604997	23.50613329953946	26.347410592650412	0.005097882218759631
66.0	24.97818404886773	23.26755428067841	22.982031720248948	28.771711551366124	5.18398838786601E-4
67.0	27.851694848139708	24.624219027857976	20.568592356660385	26.954917802637052	5.759647048828847E-4
68.0	24.421831157881158	21.916912777652357	25.745733564316748	27.915436111738227	8.6388411512926E-5
69.0	23.43785093715698	23.774433864579002	25.169400065191528	27.615666007456714	0.0026491256157777313
70.0	26.821118436511615	22.499362227105824	24.39007484448264	26.289185643825626	2.5884807429975125E-4
71.0	24.31157673633828	22.52120565177967	26.04404118315485	27.12202862619515	0.0011478025320523857
72.0	27.76698210187554	25.14892629328388	21.866508446974837	25.21603385962612	0.0015492982396242206
73.0	25.884929287412294	22.02192017069357	22.927826144079212	29.161164918203113	0.004159479611808676
74.0	25.19541030284223	24.707623052421642	23.51987486398571	26.57626006448382	8.317162665920225E-4
75.0	26.446800517354607	24.70996309116511	21.39616916692716	27.44497371643576	0.0020935081173626387
76.0	27.503774642717342	23.31681045916575	24.75615019421666	24.422461740967023	8.02962933223595E-4
77.0	25.534461523903197	23.341242997796286	23.64179113037469	27.481414678138787	0.0010896697870412455
78.0	27.472017640320406	26.189968931587842	19.999913977631316	26.33766933861702	4.301118434163497E-4
79.0	27.470649545030312	20.236581369109658	22.82985839812249	29.460330112871482	0.002580574866060996
80.0	24.240895113717002	22.55612021818755	28.52367879695799	24.676610781790945	0.0026950893465125113
81.0	25.509509564611083	24.644792575148465	21.613022160218488	28.232044959205403	6.307408165570611E-4
82.0	22.67562319619209	22.581044675521706	23.42416674717834	31.318075964986164	0.0010894161216958081
83.0	25.58218737269825	22.23327514780262	23.46471758039164	28.718615862833897	0.0012040362735994694
84.0	23.997124321498102	24.896031838851933	24.760188134501032	26.345423107704942	0.0012325974439942118
85.0	25.363003847161465	26.74969602781009	21.023037681086308	26.86328789849593	9.745454462070978E-4
86.0	26.57003294018918	24.329223046610668	21.897788252450308	27.201064128899233	0.0018916318506092343
87.0	23.084817418926253	21.500541360951054	24.964821568691512	30.448673307437424	0.0011463439937593033
88.0	25.367547075513684	26.626562198654096	25.770549981616558	22.23462432007767	7.164241379913128E-4
89.0	26.466802340808783	26.34215100635177	22.46228509106998	24.727643998081227	0.0011175636882352637
90.0	24.25884653362362	25.188329286414675	24.899638900621166	25.65292739214728	2.578871932646742E-4
91.0	27.69022223419258	24.9452881319801	23.705696853559008	23.658248383571596	5.443966967154542E-4
92.0	25.76956609310746	23.766306211681425	22.622282083172532	27.841845612038586	0.0
93.0	27.004678770369527	25.84809338173592	20.657325551713004	26.489587150299087	3.151458824614727E-4
94.0	29.026077365477033	22.986757196163957	22.215738094726515	25.76713005736877	0.004297286263724458
95.0	24.422647597815807	26.142837621704867	23.10234653663042	26.330019689353396	0.002148554495506513
96.0	27.144881574435676	23.870135353732692	23.051470282821725	25.932051859004783	0.0014609300051247132
97.0	25.54570005201781	25.41101517224311	23.346859109647585	25.69619651274436	2.2915334712836485E-4
98.0	28.756450044468252	22.130294120595604	24.078103719149706	25.035152115786442	0.0
99.0	22.38270467073332	21.514392439207832	26.58415356670484	29.51869204115382	5.728220018639628E-5
100.0	22.366969108646273	24.284751591564998	24.31485163770313	29.033427662085597	0.0
101.0	23.81938740794452	21.109700233338945	28.786402651151977	26.28433788212546	1.718254390999096E-4
102.0	25.831094009226884	24.0874712501142	24.43580631276038	25.64557115007848	5.7277820051991076E-5
103.0	25.69194305874955	25.179376736533175	24.89909745374805	24.22929640106854	2.8634990067953695E-4
104.0	27.023540636317612	26.772935312214376	21.966106431668816	24.237045376973175	3.7224282602172065E-4
105.0	27.827025188196313	23.304443491853775	20.276551007078282	28.588429574103202	0.003550738768426258
106.0	26.723310749576285	23.221697358184343	24.154483550108193	25.900422439669985	8.590246119141559E-5
107.0	26.277715865632956	23.69156031203721	22.367372159692863	27.662034518343237	0.0013171442937300495
108.0	24.335997398156493	24.396061963269574	24.61327352452455	26.65458122572939	8.588831999010566E-5
109.0	26.897294239663854	23.879818541524784	25.38615175376748	23.835647653146026	0.0010878118978567529
110.0	25.917366064783536	23.776091461808853	22.310847636167946	27.995666212487265	2.8624752395891778E-5
111.0	25.62454432802714	23.128857378644195	24.116758509526495	27.12866616458664	0.0011736192155242917
112.0	26.09812568498238	23.607616331439736	23.78273138844372	26.51144072635825	8.58687759091142E-5
113.0	29.388712355867675	20.887144738823036	22.79441691343445	26.928438010005046	0.0012879818697947645
114.0	26.950141054058506	21.51907321072011	27.00784498708531	24.522711764274856	2.289838612174614E-4
115.0	27.660403985177958	22.960974052833237	26.026257748440294	23.35127646205966	0.0010877514888598505
116.0	27.831856481868446	23.82280301408228	24.368621667638006	23.976632961859103	8.587455216421047E-5
117.0	26.308601649758508	25.793213130399163	24.084430400508833	23.812667079053814	0.0010877402796809258
118.0	27.781005943514288	23.327263109565155	24.915444320915423	23.976029008837987	2.576171671500328E-4
119.0	27.888074552082955	20.598029943575273	24.712409088410947	26.800656303814165	8.301121166599495E-4
120.0	25.79013852166274	23.314135003161557	24.84304570759744	26.052623518942	5.724863626592335E-5
121.0	28.078014553877455	23.425519722043955	23.883140756753537	24.61223723358395	0.001087733741099905
122.0	27.930342456871937	23.39980266157835	24.022990183744568	24.646492577195705	3.7212060944195934E-4
123.0	25.111779018176613	28.267897523973097	21.460598253900102	25.158522971232287	0.00120223271790468
124.0	24.727002409311616	24.687672551165313	22.36557933253166	28.219659833938692	8.587305272118824E-5
125.0	26.789019870063292	23.769910638099333	24.184618097309123	25.254991560153623	0.0014598343746341468
126.0	24.205174825615195	24.232424911272634	24.380010459224057	27.182218059650783	1.7174423733679647E-4
127.0	27.497209198481805	21.693801844505124	27.226029161729095	23.581471367807605	0.0014884274763712138
128.0	26.553292440983604	23.2102870336101	24.558967449563667	25.668407868986478	0.0090452068561523
129.0	24.518268982788236	26.719580581514933	21.49599882528018	27.262831252241597	0.0033203581750510004
130.0	26.79295219252145	23.44548981082647	23.593535674129644	26.167993698032237	2.862449019782958E-5
131.0	26.346792889543817	23.62176302696749	24.109897715845673	25.920687630724803	8.587369182164722E-4
132.0	26.57972836503782	24.9643911341939	22.234301757085706	26.215395853799844	0.006182889882731189
133.0	27.80541129735629	24.972356143891744	24.434764363856406	22.785407249889296	0.002060945006258689
134.0	27.76103117234857	22.42901759428803	20.134836014777978	29.67502934671255	8.587187286840965E-5
135.0	27.19690290817495	22.88959812228074	25.87179413785207	24.040931989924434	7.728417678039844E-4
136.0	28.114457393342384	25.670361653807777	24.277456647398843	21.931255263252805	0.006469042198191988
137.0	28.44619495446654	21.486410091639392	23.904957228749264	26.162208734008193	2.2899113661181851E-4
138.0	25.2148327933415	23.587015009101627	26.878856743792	24.318150594754258	0.001144859010612843
139.0	26.403215904358618	23.69219364690023	24.96175460840869	24.94140476861717	0.0014310717152968687
140.0	27.405651939339037	21.080271162573037	25.80020006611627	25.713705101399746	1.717305719057371E-4
141.0	26.265272803876133	24.559389912164203	25.041931517388555	24.132747456059203	6.58310511902254E-4
142.0	28.967889146744554	22.595807625683644	23.09375082289285	25.34215169163872	4.007130402327341E-4
143.0	27.66244274551345	24.468069577492443	23.724902549665398	24.144270286685305	3.1484064340833886E-4
144.0	28.33039814139811	24.55260147306278	23.003890596194584	24.112594592320303	5.15197024221988E-4
145.0	29.151876104462154	22.15994014509205	22.23830794251044	26.44904576187066	8.300460646943628E-4
146.0	27.819324842390525	21.628805854548762	24.67792597206106	25.869392362731062	0.004550968268588415
147.0	26.943794882950133	23.49581116317144	26.746016526370926	22.81108589190597	0.0032915356015352864
148.0	25.357723074598056	24.250264184987884	23.51363744088038	26.878031830427012	3.4346910667120047E-4
149.0	29.20680208593027	24.220616980370053	23.227112399400863	23.34326456274206	0.002203971556745255
150.0	26.025767298584036	23.857034456484374	24.978095992933472	25.139102251998125	0.0
151.0	27.282040566302374	23.676127938995975	24.800174035505535	24.240913228415874	7.442307802401003E-4
152.0	28.053048353910643	23.179357502464583	22.729320691159447	26.038073079886832	2.0037257849738887E-4
153.0	25.536092286333805	23.01771159089445	24.382226865799815	27.06279564044397	0.0011736165279556889
154.0	23.830814084132093	24.500212541524316	24.539629333306618	27.12679640525729	0.002547635779683893
155.0	27.83165304891541	22.804912294964414	24.2218301765322	25.141318221985326	2.8625760264410426E-4
156.0	27.164480663764717	22.515247821105973	25.813489075901604	24.50661068117526	1.7175805244689382E-4
157.0	25.5565635263494	22.355491292248775	26.623415845396302	25.46418581803223	3.4351797328976E-4
158.0	25.990191764712282	20.870397147361423	25.365346888099605	27.77397831836658	8.588146011078136E-5
159.0	27.414418419703367	20.90148975316972	23.87426859987135	27.809222047052945	6.011802026206303E-4
160.0	27.174666083419595	20.935172546468912	25.457532132027595	26.432571982154474	5.7255929424051156E-5
161.0	25.12270072131763	19.787738630859202	28.86012003256751	26.225346774110434	0.004093841145222
162.0	26.602326539457927	22.404071687395273	24.253485328796256	26.74011644435054	0.0
163.0	25.000815938572707	23.300199547082517	27.719838186497793	23.979031810152566	1.1451769441525833E-4
164.0	26.14139471924215	22.463977654808474	25.370530274573756	26.02229365741038	0.001803693965240813
165.0	28.168019665969407	21.142491813003797	24.982434963555768	25.70622326234978	8.302951212431294E-4
166.0	25.70480686528156	23.10026261328276	25.10184424844843	26.09297174473485	1.1452825240194377E-4
167.0	26.868108426938946	22.274136790656524	26.577971590469833	24.27909600313816	6.871887965319872E-4
168.0	26.450253996496937	23.39032708724245	23.920167702686797	26.23916531204732	8.590152649875973E-5
169.0	27.036814641670954	21.625620404326227	25.480982475913294	25.856181593738643	4.008843508780369E-4
170.0	31.25412162291793	22.573335895194305	22.860199418541555	23.312228524107503	1.1453923870922294E-4
171.0	26.396380969507526	23.425364941243444	25.56492944574289	24.612322411679035	0.001002231827102983
172.0	27.86780023808434	25.125251819971613	23.689677670436335	23.31712719197839	1.4307952932558033E-4
173.0	29.214017509009466	19.87951324564521	22.070371406873004	28.834638468199174	0.001459370273142608
174.0	25.89340569688406	24.330555600863853	23.811293899089932	25.964487261262235	2.575418999209346E-4
175.0	25.26348985045395	24.276465312630744	22.947898405525116	27.509828464744874	0.00231796664531848
176.0	25.38643135214556	23.44004393545106	27.13088511675148	24.041208659908644	0.0014309357432580748
177.0	23.566208807957807	25.199221347289015	23.532863329046602	27.676690250841006	0.025016264865571926
178.0	26.084398107390587	22.21921390081087	23.905670615899428	27.790488412747294	2.2896315181516262E-4
179.0	28.222010989265762	24.14879272351123	23.16518560307152	24.462894412430344	0.00111627172114502
180.0	27.325838738558094	22.308768928326877	24.592116016763153	25.773018139237212	2.581771146642019E-4
181.0	28.798235303071074	21.74740262332388	25.717712246533743	23.735501085417273	0.0011487416540329016
182.0	26.71555034635114	21.88352181915987	25.099666242660913	26.30117543125521	8.616057286441686E-5
183.0	24.57090534455815	23.488959818662828	26.320400058477333	25.619275231489524	4.595468121668465E-4
184.0	26.573349843586318	21.766936006684524	25.868418339019144	25.787245800843493	0.004050009866513398
185.0	25.74764465511042	24.002259706571298	22.819216581444213	27.43010361105016	7.754458239083159E-4
186.0	27.303240793930172	22.969477392107574	24.920984967899965	24.80629684606229	0.0
187.0	24.97898588363604	22.859560092027586	26.384895735163145	25.7756086611828	9.496279904289009E-4
188.0	28.580111634091132	27.395218929734412	21.881634479652465	22.142459374716704	5.755818052835532E-4
189.0	25.647608969003237	22.5834767795558	24.880870802273307	26.88692101425521	0.0011224349124457599
190.0	28.689513802082512	21.782183632299063	25.03506394114381	24.49300836670392	2.3025777069607213E-4
191.0	27.407951747162507	23.61671500883992	23.17335027830971	25.801579513869378	4.034518184870269E-4
192.0	27.52906911396914	22.271814732347426	24.028296454527794	26.170790879333133	2.8819822504477158E-5
193.0	27.689732676857375	23.31063222416106	22.02243939501371	26.97693629566091	2.594083069457439E-4
194.0	28.22838524387453	22.77712988482622	23.766647854391838	25.22783701690741	0.0
195.0	27.109348243968306	20.728288732499934	24.26266502615857	27.898833155944747	8.648414284412905E-4
196.0	29.115126909654354	22.072205209636184	25.539305718915866	23.273217701680043	1.4446011355142766E-4
197.0	25.95623741146485	23.64575536990426	22.90184338056171	27.495239113535945	9.24724533230843E-4
198.0	28.056873080710126	22.61623003772064	23.289173924032383	26.037578201065003	1.4475647184472148E-4
199.0	26.413158945634784	22.774310730388418	25.134455026841707	25.677437279213173	6.380179219234269E-4
200.0	28.19892367863498	22.835183034089308	23.29155373413325	25.674281546062698	5.800707976408521E-5
201.0	25.70242904645772	20.82147970418911	28.477773575186045	24.997998612371244	3.190617958886277E-4
202.0	25.82098367199176	25.411130011417537	27.652692172024246	21.115194144566455	0.0
203.0	26.364401491735954	24.054358393916967	21.182157212717485	28.39812517231872	9.577293108702277E-4
204.0	25.60736151089421	22.918081045003426	24.004033354705623	27.47034993763916	1.7415175758307548E-4
205.0	27.09923232039412	24.085261869397225	24.936191186386754	23.878124512889045	0.0011901109328524898
206.0	26.17412392849761	20.668209908798918	25.57502897207765	27.582579130349966	5.8060275855982645E-5
207.0	26.50356690002721	23.489769389148226	26.26553160007166	23.740754645651734	3.774651011737132E-4
208.0	29.269578262956703	21.84434850058764	20.751781135715962	28.134292100739692	0.0
209.0	27.366485114925972	20.045995947616436	25.257717885324983	27.328842561180767	9.584909518454145E-4
210.0	25.457808046707942	23.8123513541857	24.088182209302023	26.641164537825723	4.938519786179523E-4
211.0	25.78307609515585	24.826380211935277	25.18222086877889	24.20739297756629	9.298465636939084E-4
212.0	28.935554199005843	21.988808464870207	24.09947385250429	24.975727449783435	4.360338362256911E-4
213.0	31.094010382585175	22.417571871046547	21.831406593087003	24.65654582733499	4.6532594628393613E-4
214.0	28.20660711136616	24.31405575321314	23.72203361815038	23.75730351727032	0.0
215.0	26.82894244019234	24.082538834288755	22.205990625864167	26.882061376436777	4.667232179632432E-4
216.0	25.810256738014363	24.573647132421137	25.351999012738673	24.264038211018864	5.8905806963903407E-5
217.0	29.739637931587136	22.44867492078492	24.734871374181285	23.075806664157746	0.0010091092889103637
218.0	24.629753308635248	23.897106610082687	25.342633550864186	26.1302070386554	2.99491762479073E-4
219.0	27.10188959187526	22.85971710580456	23.38512143054231	26.65233397392765	9.378978502171081E-4
220.0	27.831955277666143	21.400158021505142	24.515538933224217	26.25183135745698	5.164101475201529E-4
221.0	25.648989544057343	22.184900909929784	23.28702204242265	28.87890417321054	1.833303796772163E-4
222.0	26.05456143146472	23.84959806784071	24.338833079104553	25.757007421590018	0.0
223.0	30.850958206074143	22.449532840885784	24.095506563944262	22.602944165311982	0.0010582237838285353
224.0	30.958128992620175	22.03306957428797	23.863250935544254	23.145425685506734	1.2481204086720653E-4
225.0	31.56602505542243	19.444624769223484	23.391573532838397	25.59642812677679	0.0013485157389035187
226.0	25.893296923045206	22.130065287960026	25.495511353634924	26.48093613768671	1.9029767313520174E-4
227.0	27.64092367942197	23.975303758830215	24.505172882983576	23.876804707440506	0.0017949713237304505
228.0	27.983662543099936	28.590936229979736	21.970051647423606	21.45518847330293	1.611061937920628E-4
229.0	28.64638462878825	24.76860219863671	20.84387702822546	25.74110363552668	3.2508822894533575E-5
230.0	26.29837143112697	22.46374651111055	26.663420908731407	24.574395622289448	6.552674162707487E-5
231.0	25.741782458342254	24.41304223543192	23.81219079933151	26.030956961527163	0.0020275453671585513
232.0	25.52528184571822	24.617883451989098	24.136389708935646	25.72004411047931	4.00882877724375E-4
233.0	23.539344850116866	25.279343224233884	21.78038908526542	29.40024820014417	6.746402396591987E-4
234.0	27.09806083236746	20.801194241598616	26.900552700335435	25.198511451389777	0.0016807743087129626
235.0	25.923865405906238	21.118674840217093	28.257404328203332	24.699742874883835	3.1255078950329426E-4
236.0	29.140018142527612	23.140276516902226	23.58141380064129	24.13790433037564	3.872095532340974E-4
237.0	27.814996327039026	24.66643481470178	21.7168164832552	25.80161042482141	1.4195018258342235E-4
238.0	27.44572925051756	21.954493785369966	24.359561712220515	26.240179347853402	3.590403855806509E-5
239.0	28.5194817853463	22.735920527132585	23.796797764843788	24.946381491731092	0.0014184309462352844
240.0	25.32125766034333	21.8538805253276	25.98741503694468	26.8371482194565	2.985579278885573E-4
241.0	28.705390841623007	21.68952399458898	23.04455871032354	26.558060104184573	0.002466349279900748
242.0	27.375339173637425	23.877224761810584	20.781586411179585	27.964538656430406	0.0013109969420059902
243.0	27.949619722978298	23.090234570167407	24.379959451632313	24.577108152879585	0.0030781023423983446
244.0	26.94169882804949	23.014788344128174	25.74605507513014	24.296291894729798	0.0011658579623961916
245.0	29.15308665915404	20.877868024019776	22.93238372941872	27.034435717441273	0.00222586996618564
246.0	24.296591296027064	26.630346259503213	22.987030999452397	26.083083687221738	0.002947757795591137
247.0	26.39722445901871	22.205920896171722	24.84480130356664	26.417365109793096	0.1346882314498348
248.0	26.413926575414038	22.17994024242484	24.735186002951806	26.65982189675814	0.011125282451176907
249.0	25.59116638641114	21.590893499342176	28.963646563985918	23.837447728405714	0.016845821855052755
250.0	28.260839658425894	21.963286821515837	23.258061483644692	26.51678025210694	0.0010317843066371245
