# Position (bp)	A	C	G	T	N
0.0	24.149163436050504	23.852486808897293	24.59088790861518	27.407461846437027	0.0
1.0	23.22562514938481	30.435898624009646	23.4044035558335	22.863534705445655	0.07053796532638976
2.0	24.764783001718108	26.943811988700272	21.93649190933345	26.354114908949654	7.981912985175592E-4
3.0	25.523182879312778	22.411816996070417	23.725975957264744	28.333341641120224	0.005682526231837101
4.0	26.429690101694668	23.59473003218278	24.078152396908354	25.897294660872237	1.3280834195757504E-4
5.0	28.158653828617545	23.650978554728002	21.946213229795973	26.24335855779858	7.958290598970794E-4
6.0	26.614898323055115	23.37901284082591	24.114438351196124	25.88635584481939	0.005294640103457268
7.0	25.61509032157493	25.25879766751832	22.991642909419497	26.134072780403773	3.963210834889994E-4
8.0	27.962280203730135	24.104528833705295	23.86214045806658	24.071050504497993	0.0
9.0	26.481482699428465	25.07721296704308	22.540365807940965	25.90070833360737	2.3019198011141293E-4
10.0	24.85205506544467	24.94410896132521	23.37827284945574	26.825563123774383	0.0
11.0	27.379490838963466	23.021780081411542	22.60727307139943	26.9912002383775	2.5576984805992175E-4
12.0	28.703668113630677	24.19160416408055	20.0963641484788	27.008363573809973	0.0
13.0	25.443063107472913	23.651453702597195	24.514363995777565	26.39099471199809	1.244821542383684E-4
14.0	26.428634676965768	22.457993038974276	23.100257343832773	28.013053234476608	6.170575057486621E-5
15.0	26.115969806958578	23.753708733441073	23.840985588964987	26.289335870635355	0.0
16.0	26.52000025196979	24.96468673406059	21.202777786943344	27.312505230622847	2.9996403431228598E-5
17.0	28.499268000270998	26.95278969957082	18.936199669495497	25.610829472047037	9.131586156515387E-4
18.0	25.443053248393316	25.737035830847848	19.974034174376946	28.845759598510817	1.1714787107173901E-4
19.0	24.884482058230084	24.64596612368009	21.916841079681937	28.552331632508736	3.791058991502487E-4
20.0	23.39055365631181	25.093479533153445	23.640594230407054	27.87537258012769	0.0
21.0	24.04750480121864	24.00359646575207	23.180817395277185	28.767851751684304	2.295860677990617E-4
22.0	22.587799171417046	26.98370726472944	25.682631289683027	24.745833841566135	2.8432604349790408E-5
23.0	25.77283558919101	23.818897136455362	22.70311279212935	27.704871503694147	2.8297853013594006E-4
24.0	28.137478484346236	21.891843548271066	24.097224302212602	25.8734536651701	0.0
25.0	25.12548626882502	25.122629738477713	19.839657127611748	29.9120881985638	1.386665217139293E-4
26.0	26.806603773584907	25.520578174997244	19.440555003861856	28.232263047555996	0.0
27.0	25.79759504152694	24.693685539712625	19.902283087436277	29.60638131054006	5.502078410119422E-5
28.0	27.40282401748746	23.648628416029442	23.006378130878264	25.940318334880452	0.0018511007243792686
29.0	27.42317963824727	23.45049857655457	22.240576699596	26.885475519191647	2.695664105156779E-4
30.0	23.991838157550546	24.298670313667607	24.499021537421875	27.210416442990663	5.354836930489665E-5
31.0	26.444193585257654	24.87014839916522	22.04268057931598	26.642604433458033	3.730028031160654E-4
32.0	24.08552120069584	22.62178545167984	24.604659479680183	28.687849252624435	1.8461531969571175E-4
33.0	24.184437925854834	25.041995765269093	23.926360324319436	26.847127573294273	7.841126236643621E-5
34.0	26.230284998645036	26.672086527087124	22.27850206664563	24.819074592513026	5.181510918220731E-5
35.0	25.87502887852353	22.344887392348173	25.269150403453168	26.510830760441717	1.0256523341154787E-4
36.0	24.295858985561487	24.485424820879498	25.808261330337167	25.410326778197984	1.280850238635208E-4
37.0	25.685298348216197	25.63969074923733	21.206688465784442	27.468271221041675	5.1215720358069585E-5
38.0	27.136488131233094	25.082322785195778	20.95087361231511	26.830264267533305	5.1203722715456305E-5
39.0	23.168924046825868	27.604813639755143	21.63250627429249	27.593628057637744	1.279814887574661E-4
40.0	26.829968024920802	26.47676803454353	22.32387218362612	24.36934057221418	5.118469536660782E-5
41.0	24.435399509096456	24.118528231048113	21.286851031859598	30.155203720876912	0.004017507118920257
42.0	24.102604909741085	25.930222561555986	20.39310065317201	29.574020702543706	5.1172987212893956E-5
43.0	26.88773313405389	25.526632689896434	22.126286441007085	25.45663586994202	0.002711865100573099
44.0	28.582194028693923	25.02539438353743	22.656547965136728	23.73578688311984	7.673951207483433E-5
45.0	26.128014776345875	24.080026946064137	21.432581259544357	28.356691618715242	0.002685399330389283
46.0	25.29381122585585	24.61795014805319	22.216570653937595	27.871667972153368	0.0
47.0	26.17767297527288	23.44719099284861	22.838959734563964	27.53494894201974	0.0012273552948107419
48.0	22.57562125216627	23.994570912976133	22.670323547003523	30.75948428785408	0.0
49.0	22.203817263896347	26.49424563198881	23.39540555329931	27.90535585991183	0.0011756909037050364
50.0	27.464266629252332	24.530512742468	19.83043947273392	28.174755599307833	2.5556237907107674E-5
51.0	24.608902397113702	27.160219385154328	20.94369344335808	27.285549478557826	0.0016352958160701031
52.0	23.26931886937029	26.07663472065349	20.97187914183479	29.68216726814143	0.0
53.0	22.60105443679554	25.0653707525562	23.8105120295171	28.521967857629388	0.0010949235017690654
54.0	23.804421502817995	27.582829971618906	22.451570585308545	26.16112701418953	5.092606502952948E-5
55.0	24.188996045518955	27.766421918687982	22.623742027399377	25.419874633348016	9.653750456647802E-4
56.0	26.961987889650423	25.457516489289013	24.622065953091827	22.95842966796874	0.0
57.0	23.234233035216285	27.05699240771765	22.14667135363699	27.558064755371642	0.004038448057430287
58.0	25.67174443655192	24.54944241713461	22.052401691275012	27.726208286678684	2.0316835977865824E-4
59.0	27.689597177814495	22.15256653159608	24.659181028867625	25.49672531914521	0.0019299425765901522
60.0	24.18797287795562	22.519811461170853	23.764777297446145	29.527336938482986	1.0142494440011328E-4
61.0	25.977422048870725	23.342491079310847	23.113040356452334	27.562026488501353	0.005020026864749828
62.0	25.98720004218652	21.637095539282647	24.21833247641966	28.157270532209306	1.0140990186563796E-4
63.0	26.99926837021988	23.218420643012834	22.158698256713325	27.621863511244943	0.0017492188090202905
64.0	25.766115876726932	21.3591888978405	23.452676637632564	29.421892033427564	1.265543724409124E-4
65.0	24.643720447127073	26.333341853992515	23.256236553071094	25.762955430287803	0.0037457155215111634
66.0	25.085287091026885	23.696423509880145	22.838946590540978	28.378735422740526	6.073858114674441E-4
67.0	26.702566512524584	24.902006782656624	21.159828715270898	27.23524369810421	3.5429144368448934E-4
68.0	23.953215604751822	22.197029413588172	26.161176897800846	27.688350336370387	2.2774748876762036E-4
69.0	23.262730177623794	24.301129468302722	25.2503322412137	27.183783794726047	0.002024318133740626
70.0	26.100822533252867	22.9498878455611	23.948604239965785	27.000356964122453	3.2841709779831704E-4
71.0	24.88380855409981	22.524015167076	25.6992468127844	26.89227419190207	6.552741377159413E-4
72.0	27.065827671713404	25.72684615849848	22.223227425760538	24.982662338971434	0.0014364050561457976
73.0	24.897901178823112	22.64532703875119	22.95545346793311	29.498597023108804	0.0027212913837867474
74.0	25.10302632994477	25.297502148455166	23.622399966138683	25.97629052807781	7.810273835759012E-4
75.0	26.070310447155055	24.560411695750854	22.085641967088225	27.282199882650488	0.001436007355380833
76.0	27.325321564914823	24.312469045173014	24.15801610986186	24.20353828472848	6.549953218218745E-4
77.0	24.597522903956417	24.019221463228348	24.062700501721906	27.320026127728113	5.29003365217122E-4
78.0	27.236172828715144	26.457416385573612	19.935394147840295	26.370588417547058	4.2822032389073936E-4
79.0	27.343063409896207	20.990361022733598	22.14221716880011	29.522393676415803	0.001964722154282578
80.0	24.439102422825655	23.1061969437804	28.20312029699267	24.249817200598763	0.0017631358025126701
81.0	25.42101890807099	25.080974861776035	21.666656592033785	27.831072585714978	2.7705240421039054E-4
82.0	23.55458999419975	21.938981749731838	23.68071966446687	30.824675980483146	0.0010326111184009539
83.0	25.52292667177242	22.68671293412893	23.612146128082312	28.17768538948357	5.28876532766042E-4
84.0	23.70818716837448	25.545974912930593	24.611518092556732	26.1334887949292	8.310312089993126E-4
85.0	24.95704039009139	26.784561333530753	21.024599287061854	27.23329535965705	5.036296589520675E-4
86.0	25.721063476247995	25.32160645980212	21.86916372626115	27.086806612594934	0.0013597250938021464
87.0	23.12304410980102	21.46562505271729	24.93664483111205	30.474006189356228	6.798170134027183E-4
88.0	25.001107791094768	27.171220191607574	25.062212540799443	22.76483004973982	6.294267583917693E-4
89.0	26.957685731031134	26.30770013151773	22.04714497765407	24.686588011141748	8.811486553168006E-4
90.0	24.08684684866122	25.317097485575037	24.884575105480984	25.711430211364757	5.034891800175215E-5
91.0	26.88554732163041	25.01483969354963	23.90074246297125	24.198216014584435	6.545072642754327E-4
92.0	25.87592488454833	23.960758766548743	22.367241277754086	27.79607507114884	0.0
93.0	27.138324529707674	26.242129281777693	20.67816235169446	25.94113212486423	2.517119559403392E-4
94.0	28.23257928255686	23.709281434262067	22.715358039457914	25.338980533821033	0.0038007099021329788
95.0	24.865697216690595	26.271119465044023	22.985030374175206	25.87601356317164	0.002139380918534388
96.0	26.627421766070864	23.96047154283298	23.735396417120107	25.675879738456814	8.30535519235706E-4
97.0	25.818425698384477	25.499498569949175	23.17995991076181	25.502015157406255	1.0066349828305821E-4
98.0	28.694350398783243	22.358888308984916	24.126373546178783	24.82038774605306	0.0
99.0	22.948842117818106	21.766715507803134	26.380529572792295	28.90391280158647	0.0
100.0	22.86673223735179	25.15868684512662	23.82699303053566	28.14758788698593	0.0
101.0	24.10642423516607	21.995430507713817	27.94563305532779	25.952461882529178	5.031926314483821E-5
102.0	25.408488777078585	23.78027011094732	24.301581874251653	26.509583758220035	7.547950240892832E-5
103.0	25.84527640138972	25.683296274205514	24.77938729299989	23.691889094805543	1.5093659933301118E-4
104.0	26.552218302799822	26.48445083827649	22.75034783022112	24.212555394368156	4.2763433440854017E-4
105.0	27.509323324725898	23.06459098747373	20.280661946622157	29.14245537067527	0.0029683705029501326
106.0	26.293212523991237	23.206612651273705	24.62618949995095	25.873758933040868	2.263917432415776E-4
107.0	26.091316879891313	24.72199381165985	22.13970375352688	27.04655794016462	4.2761475733742903E-4
108.0	24.382020974306084	24.663230886113002	24.23985681481364	26.71476558254235	1.2574222491813552E-4
109.0	26.66136576639375	24.06319538167865	25.282402444449303	23.992533475763594	5.029317146979027E-4
110.0	25.725646513192785	23.779072442820706	22.33520995224089	28.15997050919664	1.0058254897804359E-4
111.0	25.295841881720577	23.465156400597355	24.36463239566986	26.873941850263687	4.2747174851786744E-4
112.0	26.02835996716188	23.98993232480573	23.38629926189659	26.595333014003973	7.543213182519359E-5
113.0	28.995192694504784	21.32987871107893	22.113630420790088	27.56071988896935	5.782846568509132E-4
114.0	26.27266820813667	22.097347954166242	27.05043503448193	24.57914650569402	4.022975211432491E-4
115.0	27.38011781780584	23.471280275424515	25.775687530362173	23.372436627920425	4.777484870459755E-4
116.0	26.78935129540766	24.623331519558096	24.319809141226038	24.26743260953308	7.543427512187665E-5
117.0	26.660301667757114	26.215338457182604	23.63997809380939	23.483878884313086	5.02896937810256E-4
118.0	26.903241996089573	24.34270475447165	25.17168478392057	23.581991302108896	3.771634093158356E-4
119.0	27.50299596632046	21.080463885719286	24.60617438108088	26.80998859948695	3.7716739242054466E-4
120.0	25.445290573503183	23.306452545670602	24.876051843243236	26.37215474925485	5.028832812932951E-5
121.0	27.64263641323889	23.050838934190246	24.414983895179116	24.891012730477463	5.280269142861453E-4
122.0	27.29681296888904	23.273315368761104	24.755882886142548	24.673485895581365	5.028806259455728E-4
123.0	24.66444011919061	28.10325159240553	22.619337069501118	24.61251863453284	4.5258436989821125E-4
124.0	25.117130436313072	24.773420430002087	22.39701900085236	27.71230441593185	1.2571690062581874E-4
125.0	27.571263310366916	23.740960164253906	24.04177049660105	24.645377454863993	6.285739141322776E-4
126.0	24.407192090631284	24.060847951025554	24.347854728056365	27.183954372585333	1.5085770146166025E-4
127.0	26.325039297858154	22.56624819350537	27.07587227165254	24.032010531725415	8.297052585210731E-4
128.0	26.790664673365644	23.023029063274233	24.911284527629395	25.266196702203143	0.00882503352758464
129.0	24.46482596079652	26.596093731732502	21.89384341487588	27.04209409730245	0.003142795292645784
130.0	26.04113055601301	24.475006505612427	23.36018967474452	26.123622978703075	5.02849269674292E-5
131.0	26.172323245123092	24.111083957120833	24.23951227410646	25.47662795714497	4.5256650464785796E-4
132.0	26.52677825456533	24.82266293852156	22.43228028571048	26.212847719050526	0.005430802152106208
133.0	26.967946448685353	25.62674991149873	24.20419254658385	23.19925055514434	0.0018605380877288965
134.0	27.523163442942955	22.895251858757558	20.334400365264845	29.247108906649288	7.542638535641985E-5
135.0	26.764993313509777	22.62281381688596	26.1702614984627	24.441730235883888	2.011352576781499E-4
136.0	27.67628865512826	26.186339107900846	24.20488547368961	21.926880061588236	0.005606701693047916
137.0	28.527239484807616	21.628113726898153	24.04505167713082	25.799469400521147	1.2571064226069974E-4
138.0	25.582251291210117	23.548595356470532	26.675631727566735	24.192566290164276	9.553345883412978E-4
139.0	25.993244289624684	23.2994324318345	25.067552075686482	25.63866502818734	0.0011061746669911447
140.0	26.97369611912922	21.60124635967241	25.319710262103584	26.105171276407457	1.7598268732602854E-4
141.0	25.871691794821512	25.166016778920003	24.809420732550453	24.152418160654264	4.5253305376846903E-4
142.0	28.710848819663344	22.44645883918771	23.659905963253163	25.182534969632396	2.5140826338736433E-4
143.0	27.480541225450267	24.63900704940618	24.018086101306302	23.862239921159283	1.2570267796985145E-4
144.0	28.77539978962146	24.870977214354816	22.78730447969525	23.565790558709892	5.279576185792811E-4
145.0	28.99998617254899	22.531554871725252	22.13179069261702	26.335662630308015	0.0010056328007250614
146.0	28.48846681033919	21.8673037064897	24.17245831870964	25.46779888394002	0.003972280521444784
147.0	26.93541408611036	23.69856370436611	26.24005603290173	23.122270539258857	0.00369563736294402
148.0	25.037849552115727	24.482211590435416	23.259310285876627	27.22015089539143	4.776761808029485E-4
149.0	28.328603422631772	24.58707980140409	23.842118865907537	23.239985478403145	0.0022124316534607963
150.0	25.657913096866018	24.40145891991956	24.51117709957327	25.42942574198679	2.514165436611227E-5
151.0	26.64967887030735	24.066762793960322	25.239096738669947	24.0440593206809	4.022763814736641E-4
152.0	27.754661890230643	23.375463222188504	23.132132502854322	25.737591528731908	1.5085599462751517E-4
153.0	25.456572871763345	22.717123069825096	24.918191886696864	26.907483603806103	6.285679085911405E-4
154.0	23.156947768222842	24.70189081155396	24.70003022200856	27.43909460695549	0.0020365912591514606
155.0	27.471139313518844	23.683401292844096	23.990080266564547	24.855228264250314	1.508628221958436E-4
156.0	26.229945125679894	22.74883029995816	26.199269415210324	24.821628286826943	3.2687232467574264E-4
157.0	25.000622318217076	22.810363924150096	26.46589884751695	25.72291375675278	2.0115336309564966E-4
158.0	25.0375784067359	21.461280788771887	25.790630065038677	27.710410161583376	1.0057787015296385E-4
159.0	26.54745114526409	21.7316416151803	23.969893458367395	27.750737186829177	2.765943590340621E-4
160.0	27.3162877840174	21.101039927199817	25.387907656013596	26.19468919737495	7.54353942366856E-5
161.0	25.080032357438554	20.121005957258912	28.651143913907283	26.144372815627726	0.0034449557675223148
162.0	25.80351763393553	22.833766348719713	24.787565970723936	26.57512490054728	2.5146073541200835E-5
163.0	25.750267622673277	23.45018370847448	27.569523429211447	23.230000093042413	2.514659838191698E-5
164.0	25.71244637351694	23.196238979223352	25.223081140075138	25.86647320058945	0.0017603065951143947
165.0	26.721753871448716	21.939915246714246	25.965708894015137	25.372219622213898	4.023656080008389E-4
166.0	24.76056661771914	23.496296996730937	25.253277677840096	26.489783261957463	7.544575236641889E-5
167.0	27.00549237056186	22.452651912873534	26.346553769475356	24.194924706563455	3.77240525792815E-4
168.0	25.39577945905488	24.379526759786906	24.354728453516252	25.869889876405843	7.545123611760131E-5
169.0	26.88861378916943	22.738794325456272	24.891170170918418	25.48122050377119	2.012106846897784E-4
170.0	31.650754390055386	21.99126176694809	22.748355639193623	23.6095527484487	7.545535419875091E-5
171.0	25.712396396541422	22.937438501952844	26.73723808623108	24.612423963764194	5.030515104624653E-4
172.0	27.655622010171076	25.02411983963702	23.65409282742871	23.665964114507617	2.0120825557472623E-4
173.0	28.774186863151158	20.766308637125245	22.168941721147416	28.28938069256156	0.0011820860146146074
174.0	25.231742774072174	24.966901075463536	23.83361502630811	25.967212949828465	5.281743277095343E-4
175.0	25.751651675595244	23.877744691586194	22.827644473039587	27.541324273211178	0.001634886567797111
176.0	25.121929011282113	23.522954849919785	27.969622257760573	23.38416077374553	0.0013331072919962753
177.0	22.685470163301336	25.8806340872324	23.95617023064235	27.45345055416097	0.024274964662946517
178.0	25.244407330459236	22.803226569141845	23.705775528580844	28.24631389376569	2.7667805238773156E-4
179.0	28.291970391641403	23.96154545630624	22.863922239698713	24.88117843822876	0.0013834741248834423
180.0	27.434452750335897	22.34638618083883	24.846625070816067	25.372359509371673	1.7648863753545215E-4
181.0	28.569426434733863	21.86436804539331	25.86845384723192	23.697221376975826	5.302956650854597E-4
182.0	26.240417354988022	22.480895295719012	24.9768007092571	26.301810907857163	7.573217870370744E-5
183.0	24.068867008554605	24.177421561761733	26.131302538510358	25.622030212499325	3.786786739783628E-4
184.0	26.123791379885798	22.135452301257132	26.275347002541327	25.46159707260077	0.003812243714973433
185.0	25.48699901271106	24.098231084177552	23.723157214214435	26.69123403039315	3.786585037990808E-4
186.0	27.492606840433474	23.034394033567494	24.797467568303098	24.67553155769593	0.0
187.0	24.95772874331669	23.217622063231783	26.736724726693918	25.087444039733843	4.8042702376723055E-4
188.0	27.927942735721167	27.36757938965406	21.828554609001166	22.8754680968407	4.551687829064904E-4
189.0	25.472790565052406	23.518480818666568	24.932382622681757	26.07548615598213	8.598376171370694E-4
190.0	28.521445574463396	21.540417145938356	25.612658437862617	24.325225927915515	2.529138201216212E-4
191.0	27.35962515710908	23.373829185889996	24.22228155061914	25.044061466695915	2.0263968586795898E-4
192.0	27.314220774400887	22.58575102973182	24.39021053674241	25.709766992696686	5.066642819667796E-5
193.0	27.86767947542047	23.904017958943747	22.017290044035896	26.210885836048625	1.2668555125950777E-4
194.0	28.24807506602688	22.784853106512887	23.43043796539667	25.536633862063567	0.0
195.0	26.619099584223083	21.115187388522568	24.84392526254059	27.421331591087988	4.5617362576428087E-4
196.0	28.897820544506985	22.28667938932267	25.82517973312904	22.990244129191943	7.620384936124663E-5
197.0	25.187133278729508	23.670606813826016	23.90136048891427	27.240365913391283	5.335051389247381E-4
198.0	27.87203942353965	23.240654049227	23.163187323145422	25.724017408127235	1.0179596068538203E-4
199.0	26.386633581843387	23.310372112491798	24.871458119946592	25.431179301965972	3.568837522553779E-4
200.0	28.34144763325625	23.26427616680081	23.08971907959696	25.304531626394294	2.5493951687431912E-5
201.0	25.41210917033574	20.99930625686955	28.661509188335838	24.926794929683613	2.8045477526521457E-4
202.0	25.69827416510531	25.117318219231315	28.078449451427044	21.10590716740119	5.099683513641143E-5
203.0	26.826466285851293	24.174787369580937	21.877269301256078	27.120941402130068	5.356411816244467E-4
204.0	25.208907360360445	23.610377345735593	24.35595666267606	26.824631081476486	1.2754975141828946E-4
205.0	27.73649911284531	23.76952091095671	24.86017906365957	23.633214153146753	5.867593916580673E-4
206.0	25.660349629956208	21.303689007580495	25.998232893240576	27.037677441017134	5.1028205585496354E-5
207.0	27.287331055174203	23.205936925904027	25.71863195106696	23.78781935972517	2.807081296391803E-4
208.0	28.927291322468562	22.231447631819208	21.448583854251346	27.39260062027763	7.657118325194242E-5
209.0	27.86301313210761	20.144986473732594	25.263243347979024	26.728220948010478	5.360981702969448E-4
210.0	24.97267280984795	24.23332581798368	24.165279135661592	26.628364768006772	3.57468500003447E-4
211.0	25.445395561521742	25.220590714195957	25.527200824642005	23.806199934821407	6.129648188842201E-4
212.0	28.74083014949498	22.164139653332317	24.78741123983303	24.30726124661676	3.5771072291548546E-4
213.0	30.730119726709994	22.31343478174174	22.47916657080145	24.47694658799072	3.3233275609690006E-4
214.0	28.51750431448875	24.76590732687938	24.1333288308132	22.583233945317915	2.5582500750846394E-5
215.0	26.784196022083357	24.519221400711565	22.899712112307995	25.796537142845423	3.333220516638924E-4
216.0	26.254413820995186	24.442561191123467	25.46980362204712	23.833143640613088	7.772522113473123E-5
217.0	29.58532051608622	23.20182984098619	24.170203427424887	23.042123702371295	5.225131314081337E-4
218.0	25.046616996339427	24.15591938995582	24.96918336510537	25.827911266013516	3.6898258586686003E-4
219.0	26.597734253970113	22.827790524965263	24.264218141939192	26.30977795050069	4.791286247411374E-4
220.0	27.612243779385242	21.423886786348803	25.129398679477084	25.83404296846279	4.277863260774534E-4
221.0	25.79925694606773	22.497040387534188	24.2063983643765	27.49714272172318	1.615802984064951E-4
222.0	25.64463722693466	24.560521285110635	23.781634213265313	26.01307129105312	1.3598363627314542E-4
223.0	30.542825714251954	22.55736122824214	23.907397652213316	22.99189329631306	5.221089795325037E-4
224.0	30.529779704978505	22.225430142111158	24.480034601456513	22.764672904662795	8.264679103172121E-5
225.0	30.86136435779921	19.74158958469636	24.500322140497577	24.896086837776917	6.370792299429455E-4
226.0	25.58310821214115	22.095236762174043	26.288901641868346	26.03255742340047	1.959604159959688E-4
227.0	28.005164625990474	23.226923513337848	25.36379742057322	23.403010887536393	0.0011035525620670503
228.0	27.77925970583886	28.005198439330687	22.30716292614121	21.908293615133488	8.531355575525247E-5
229.0	27.94402876522492	25.74175213926313	21.46835638955727	24.845862705954683	0.0
230.0	26.363887871454644	22.081663721327025	26.88595450252476	24.66846499574894	2.890894462983108E-5
231.0	25.46387872237283	24.65365254973294	24.35236241518343	25.529198282945003	9.080297658015487E-4
232.0	26.11344901932916	24.395961907250516	24.179532518405324	25.310879998069645	1.7655694535297705E-4
233.0	23.177087898716756	25.430306113322636	22.264045880301996	29.12823325715736	3.2685050125495736E-4
234.0	27.56596907237291	21.37583711766872	26.510921557298545	24.545887280749163	0.0013849719106620857
235.0	26.136627917595618	21.330760885315005	28.17576378936448	24.35672564464419	1.2176308070335226E-4
236.0	29.153739081815683	23.258575250809287	23.601082322346056	23.986325636592593	2.7770843638116286E-4
237.0	28.52662988419708	24.092963137847843	21.981043423063785	25.399239212777648	1.2434211364807017E-4
238.0	27.073561247711233	22.62155283020175	24.53536468840917	25.76948974045173	3.149322612199342E-5
239.0	28.455062470786956	22.33306272829305	24.253400054887774	24.95758018391558	8.945621166362036E-4
240.0	25.93437593736237	21.360441388146292	25.97917242348005	26.72578052544145	2.2972556983427594E-4
241.0	28.862773242426957	21.51379615271245	23.5110154640073	26.110344904639334	0.002070236213952012
242.0	27.54951304609602	23.51834694226412	21.31741213042045	27.613805651227768	9.222299916439376E-4
243.0	28.72254789116428	22.792357488745765	24.695985456168746	23.787095057250156	0.002014106671051476
244.0	26.470346914860322	22.61374862452218	25.803169868450393	25.11167589607045	0.0010586960966536601
245.0	28.581701576174474	20.99258444407533	23.615662879484866	26.808360246095535	0.0016908541697955757
246.0	24.721929316194043	26.585221262597496	23.314895475445987	25.37556272552611	0.0023912202363654783
247.0	26.028820355249938	22.961288505221265	24.667947926510024	26.206658422385555	0.13528479063321808
248.0	26.248237329608532	22.351727333642252	24.321717766050718	27.067783219044507	0.01053435165399322
249.0	25.886943624244978	21.852453684312216	28.182261562082463	24.062128424014727	0.016212705345613095
250.0	27.316248406429672	21.776433677503224	24.432233536790168	26.473979302924533	0.0011050763524041605
