# Position (bp)	A	C	G	T	N
0.0	24.499751961024305	23.894926790592283	24.571094758109645	27.034226490273767	0.0
1.0	23.204260686836204	30.356673315885434	23.6285716138151	22.736149922233675	0.07434446122957959
2.0	24.919471019985846	26.582646840095276	21.830089780022778	26.66700197954352	7.9038035258149E-4
3.0	25.682792942977223	22.200660213858747	24.452107213676392	27.65826538069987	0.006174248787765224
4.0	25.615706653046466	23.47095569035472	24.108326494539487	26.804939426459534	7.173559979569701E-5
5.0	28.17956505944589	23.914923558312715	22.411311234495454	25.493555281845808	6.448659001360667E-4
6.0	26.431934218074293	23.44203525707509	24.135417724669797	25.985248277272877	0.005364522907943356
7.0	25.818438039432372	25.25860628879094	23.15520375105834	25.76710942062197	6.425000963750145E-4
8.0	28.755912290366236	23.750000890807648	23.26376244369205	24.230324375134067	0.0
9.0	26.11692209628	25.369947875427467	22.191963837910862	26.320810488371745	3.557020099297773E-4
10.0	24.93503502706637	24.552495109857617	23.082324978392393	27.43014488468362	0.0
11.0	27.49859595566321	22.361275251263642	22.676883745128915	27.463107227641242	1.3782030299793613E-4
12.0	27.85223215803611	24.502873074699945	20.07895005270137	27.56594471456258	0.0
13.0	25.61309789190756	22.958228849980397	24.668763394547298	26.759909863564747	0.0
14.0	26.030052675058197	22.16779199442961	23.352564755440085	28.449590575072108	0.0
15.0	25.123391700609794	23.360934858122555	24.896461412647618	26.619212028620037	0.0
16.0	26.47207480414455	24.59445448831347	21.611943780253107	27.32152692728887	0.0
17.0	28.552567824073044	26.963184710220812	18.830900381596738	25.65175947911315	0.0015876049962564272
18.0	26.072956228786293	25.490643887297644	19.54235170908357	28.893985085738077	6.30890944191387E-5
19.0	25.231055113994728	24.801171985918078	21.96047562927653	28.006794703950426	5.02566860238669E-4
20.0	23.180709361449917	25.37579935739464	23.646754219047324	27.796737062108118	0.0
21.0	23.900049207876975	24.222097741079914	23.566983061967882	28.310746195674042	1.237934011927494E-4
22.0	22.582762669234246	26.437078756558137	25.81110854571535	25.168988622742727	6.140574954314123E-5
23.0	25.738422167799456	23.82573707688592	22.951426151668304	27.484108857763957	3.057458823673292E-4
24.0	27.713295990476784	21.885836457179742	24.248536065969823	26.152331486373654	0.0
25.0	25.09074064406806	25.208827989100925	20.293322244643615	29.407109122187403	0.0
26.0	26.913260736115724	25.25784831019188	19.508571455869603	28.32025978306824	5.971475456041581E-5
27.0	25.68509389140002	24.774474787162816	19.956777312616307	29.583654008820858	0.0
28.0	28.127629032163178	23.519829153356042	22.280543838284004	26.069291727704336	0.002706248492443095
29.0	27.717010621075953	23.61426601756854	22.230833870428235	26.437656393682595	2.3309724467401933E-4
30.0	24.032067075659885	24.455053691216875	24.64920483727609	26.863500684711394	1.737111357523574E-4
31.0	26.541907410342493	24.640202873074653	22.37194357592611	26.445600334279497	3.4580637724594037E-4
32.0	24.61730769779594	22.398751137988405	24.59150853741021	28.39231847122851	1.1415557692801635E-4
33.0	23.695112550413118	24.924595945685326	24.57043866976672	26.809852834134833	0.0
34.0	26.47803248980068	26.101683701047186	22.597412209580074	24.82275945750152	1.1214207054633375E-4
35.0	25.299862169297793	22.11301230496623	26.002931813166768	26.584138269808864	5.544276033979759E-5
36.0	24.31216034490016	24.211634620284155	26.14217162150486	25.333922641162488	1.1077214833719928E-4
37.0	25.388859513375394	25.102554377766644	21.777240098221874	27.731346010636088	0.0
38.0	26.993300954428555	25.17162775404284	21.331882297846807	26.503188993681796	0.0
39.0	23.588678992578885	27.581105679376115	21.122094493740835	27.708010145715996	1.106885881725923E-4
40.0	26.95305323319322	25.718345961524413	22.327826069633243	25.000608720867174	1.6601478195618538E-4
41.0	24.51750483601804	24.16459724933491	21.659606301652435	29.65375438782873	0.004537225165885379
42.0	24.82742060683988	25.88322971469419	20.4602781077431	28.82907157072283	0.0
43.0	26.232622465632176	25.330954554255523	22.446491300860234	25.986280529969854	0.0036511492822172433
44.0	28.98222293268787	24.76432484038031	22.414957538922422	23.83810749652496	3.8719148444236963E-4
45.0	25.472889790491653	24.482755187933662	21.930626976480777	28.10985665917093	0.003871385922977118
46.0	25.55912486582828	24.511520933553133	22.165969794012884	27.763384406605702	0.0
47.0	25.918151923945686	24.399764002926187	22.92157520858481	26.758297083158006	0.002211781385316094
48.0	22.791847365273366	23.98459635349014	22.382104177468047	30.84145210376844	0.0
49.0	22.401768181031848	25.856773578096043	24.224113298001402	27.515023624936923	0.002321317933783853
50.0	27.48317305433864	24.209745618693866	19.950327420115187	28.356532845081567	2.2106177073794289E-4
51.0	24.735497025774777	27.1918506505168	20.627833664416773	27.44183476403743	0.002983895254225113
52.0	23.260812018133088	25.86358271841876	21.284647540893197	29.590957722554954	0.0
53.0	22.82696206978965	25.230710264913426	23.62132788226755	28.319017310291127	0.001982472738246415
54.0	23.48929131135318	28.08730386860808	21.942211517388195	26.481138236631896	5.5066018649759204E-5
55.0	24.238500600981347	27.627947500379047	22.711052123870274	25.420577073934993	0.0019227008343422934
56.0	26.3266589587756	25.183712365672605	24.86448483916414	23.625143836387654	0.0
57.0	22.62323982337822	27.743239384020562	22.649271764680037	26.979635772500604	0.004613255420575119
58.0	25.699221976206793	24.81916767708718	21.769784472911944	27.711716045477708	1.0982831637584129E-4
59.0	27.347519475149724	22.612917980613528	24.36893486429306	25.66727817932128	0.0033495006224031074
60.0	24.514791154360164	22.727606610000954	23.56832830299967	29.18927393263921	0.0
61.0	25.798549904847096	23.35559779701299	22.502236312452315	28.33780595823796	0.00581002744963912
62.0	25.688501812820462	21.974014869786597	24.533229560894597	27.803870090791747	3.8366570658891037E-4
63.0	27.261352388531368	23.67682892742166	22.249114049481694	26.809635458628055	0.0030691759372221987
64.0	25.931525740070445	21.17309582665747	23.334407306371688	29.560971126900398	0.0
65.0	24.35033165069445	26.201963704664333	23.700376146091486	25.742569925049736	0.004758573499996445
66.0	24.66110135428192	23.652377089931957	22.896667977503203	28.7896348016708	2.1877661212383413E-4
67.0	26.76946030332746	24.55195731036018	21.290730469965595	27.387031550715278	8.203656314928522E-4
68.0	23.90010401502366	22.242535472841798	26.563315180834113	27.293826582565067	2.187487353588737E-4
69.0	23.361388377435585	24.80719562391622	24.631220446368857	27.19685978912508	0.0033357631542538907
70.0	26.56012222270151	22.947934679872514	23.975448438389854	26.516167042788318	3.2761624780019337E-4
71.0	24.604476957572874	22.54311145338005	25.834575540830002	27.01691017927546	9.258689416174276E-4
72.0	27.614274893584117	25.117578863739205	22.037358413920074	25.22931758245767	0.0014702462989272104
73.0	25.56538716593728	22.59697523719093	22.606067601456083	29.22699659063563	0.00457340478007912
74.0	25.01187985910732	25.578629426234105	23.374228353481467	26.034554740703364	7.07620473746464E-4
75.0	25.89729019504108	24.68635256747298	21.952381107892542	27.461254676816598	0.0027214527768071265
76.0	26.778396848057223	23.722625552224056	25.06456333956153	24.433706716709942	7.075434472496425E-4
77.0	24.71448187133357	24.32921947765625	23.651976190903802	27.30361495747637	7.075026300049689E-4
78.0	27.07457944606771	26.240192607741857	20.357906892834187	26.32704894703015	2.7210632609113276E-4
79.0	27.782518265692495	20.926230873128944	22.28501554747012	29.002806925127256	0.0034283885811804324
80.0	24.158071898945774	23.181005427300615	27.95522340954626	24.703305026918844	0.0023942372885045046
81.0	25.501638619957156	24.74906506433957	21.67875431147763	28.069997883369872	5.441208557715172E-4
82.0	23.555249655862845	22.168091276599217	23.28434706436045	30.991441458597446	8.705445800438537E-4
83.0	26.222549623404014	22.297181133857514	23.772336244398936	27.706844885106126	0.001088113233415522
84.0	24.32708261931574	25.30549072729152	24.4666220575675	25.899825371697162	9.792241280825158E-4
85.0	25.481591726408354	26.849299718059477	21.07406120007768	26.594557780943695	4.895745107926701E-4
86.0	25.905483073880543	24.31227016522268	22.662871644976555	27.117525831511696	0.0018492844085199796
87.0	22.688130991770596	22.214064603985705	25.288072691992262	29.808535261576747	0.0011964506746894121
88.0	24.728250968910572	27.010078192592285	25.42953177433941	22.831432127861937	7.069362957951973E-4
89.0	26.07827048236764	26.44362553581148	22.285353226396698	25.19166322735916	0.001087528065021128
90.0	24.020820012266256	25.361898050883212	25.05627471193872	25.560789738102386	2.1748680942500838E-4
91.0	26.913247068430383	25.00009514111602	23.865415008266407	24.220916584075116	3.2619811207406003E-4
92.0	25.38709182891308	24.07737813715353	22.814797177037498	27.720732856895893	0.0
93.0	26.63676125720138	26.18415745350292	21.250634656426637	25.92828355198855	1.6308088050629002E-4
94.0	28.098118290529158	23.20921780527566	22.89731183584766	25.791329579372675	0.004022488974846941
95.0	23.76993265958493	26.454037136426166	23.595670515182167	26.176935323523704	0.0034243652830237906
96.0	26.868565210845585	23.934113846342818	23.32739641969867	25.8693266648586	5.978582543299884E-4
97.0	25.75243347646249	25.12810702677028	23.26202961529035	25.857212497615574	2.1738386131344415E-4
98.0	28.33888435134602	22.891822260913607	24.088538058029467	24.68075532971091	0.0
99.0	22.217416769989924	22.20736516450403	26.291468305929577	29.283641093571212	1.086660052529147E-4
100.0	22.74754940176772	24.795821962945077	24.369238859916997	28.0873897753702	0.0
101.0	24.035069612311304	21.988799017877028	28.22120581668849	25.754816911201527	1.0864192165831029E-4
102.0	25.205436294107418	24.074178689379455	24.833021901616547	25.88730879541109	5.431948548583348E-5
103.0	25.72082722846316	25.23799490177721	25.720338476810905	23.32073078147045	1.0861147827824742E-4
104.0	26.475617656529916	26.674312536892135	22.84258032915254	24.007163659091933	3.258183334718061E-4
105.0	27.701035009147766	23.670586983072422	20.600043553037228	28.02583640023829	0.0024980545042909514
106.0	26.57165773106976	22.934644430579016	24.72594516133762	25.767698373781094	5.430323250852153E-5
107.0	25.96976005925482	24.01101687828326	23.17964657802337	26.83897915763889	5.973267996641937E-4
108.0	24.09079805223358	24.11348942245577	24.458637106361728	27.337075418948924	0.0
109.0	26.081450763702684	23.827957923076088	25.86531259159547	24.224573097256748	7.056243690089777E-4
110.0	25.209601962508277	23.68914650428213	23.170188978258274	27.93100828204544	5.427290587992662E-5
111.0	25.043376984391884	23.561422732524786	24.708626606250952	26.68597668361585	5.969932165288969E-4
112.0	25.75336250835743	24.054742243871942	23.633831739994964	26.55800923875763	5.426901803468008E-5
113.0	28.374801252448734	21.84605950759446	22.71968048448277	27.058753303414928	7.054520591060294E-4
114.0	26.324337817524707	22.42634729239135	26.9239785757311	24.325064983693025	2.7133065982189853E-4
115.0	27.35579960100812	22.854387499701513	26.102600393781977	23.686615537238882	5.969682695083803E-4
116.0	26.975312996901234	24.484579441788274	24.57216973196503	23.967937829345463	0.0
117.0	26.272054286472503	26.450762453810206	24.006156287428723	23.270267204799126	7.597674894405886E-4
118.0	26.751423329084105	24.222670480662206	24.95540479745068	24.070230049921662	2.7134288134664214E-4
119.0	27.322571331816683	21.026876421860617	24.66765364777799	26.9822473646736	6.512338711077922E-4
120.0	25.412614865477217	23.743704207795197	24.539601964292597	26.304078962434996	0.0
121.0	27.772558966686255	23.62992641747703	23.69396312896397	24.90295453447753	5.969523952172173E-4
122.0	26.99841427134086	23.76362549018118	24.457015465467258	24.780619161376382	3.256116343207687E-4
123.0	24.53887084476354	28.14753311029166	22.768918519242092	24.543863505010297	8.14020692406001E-4
124.0	25.05383322986355	25.114395613460044	22.572566325578165	27.259150563729428	5.4267368814062624E-5
125.0	27.59896503745444	23.47973596299488	23.861931915614086	25.058444560694433	9.225232421590951E-4
126.0	24.1670569299637	24.000134579788178	24.71541530074513	27.117284657415752	1.0853208724026237E-4
127.0	26.140428561505868	23.059274501632284	27.43784512398416	23.361203722997846	0.001248089879836077
128.0	26.65199696114608	23.50406989364011	24.261504232689386	25.573855003255915	0.008573909268504449
129.0	24.421021329336547	26.094060496610076	22.165340614950832	27.315616226054285	0.00396133304826206
130.0	26.184050797633773	24.19035980210152	23.697241587767934	25.928293546158677	5.426633810207824E-5
131.0	25.835557815461772	24.877479377300567	24.187424128381966	25.09894174524936	5.969336063309693E-4
132.0	26.54939532813997	24.75201263339547	22.354380852374327	26.33883873698606	0.005372449104184812
133.0	26.904542770812352	25.19883304969958	24.911491074219427	22.98225697218074	0.0028761330879033095
134.0	26.66276310384255	22.808003859426154	20.946937774350555	29.582240995983746	5.426639699885118E-5
135.0	27.0036591235794	22.84827742267029	25.82512070006854	24.322400098546172	5.426551356068052E-4
136.0	28.06858647437477	25.731920809831372	24.544296200143915	21.649281455907843	0.005915059742103395
137.0	28.516494966202576	21.34935726286451	24.37310879861771	25.760767637827065	2.713344881329148E-4
138.0	25.497123750102425	24.30250736494703	26.33387072530552	23.86573846719024	7.596924547888028E-4
139.0	25.721002012098637	23.86203558397527	24.911441613325433	25.50373008792893	0.0017907026717283862
140.0	27.503065953267274	21.174775615632562	25.355596314344318	25.96629079345785	2.7132329798895173E-4
141.0	26.18133768901213	25.2158530066936	24.9543494835319	23.647862904648075	5.969161142931564E-4
142.0	28.924333185553298	22.445490059034235	23.596926247633395	25.033087714595332	1.6279318374086798E-4
143.0	27.293944386201385	24.79238701751416	24.28068016313844	23.63282564199404	1.6279115197530785E-4
144.0	27.67243142870631	25.053842852127367	23.2572361591719	24.015729872486453	7.59687507969936E-4
145.0	28.252757240724414	22.41302312962084	22.651617716882587	26.6816251780506	9.767347215627756E-4
146.0	27.795443248980405	21.393440310121267	24.679525441534285	26.12697868350397	0.004612315860072104
147.0	26.76760058211905	23.900360405920598	26.358467694237735	22.969176123568985	0.004395194153632112
148.0	24.557283343543784	23.880137805818382	23.81361160746504	27.748533140736555	4.3410243623713497E-4
149.0	27.911020044040676	24.436441105640093	24.46281341536605	23.186740914305187	0.002984520647999123
150.0	25.780061254479588	24.227915719740135	24.68851814951563	25.303504876264647	0.0
151.0	26.469474182317036	23.710526772767924	25.387840466081464	24.431561650734114	5.969280994677572E-4
152.0	27.65460853162662	23.86454717281132	22.997101641173302	25.483742654388752	0.0
153.0	25.23152846229068	23.389340085545875	24.75381955486191	26.624443631651324	8.682656502170122E-4
154.0	23.247035226710935	24.351109039295693	24.79485499975308	27.604341623067192	0.002659111173096741
155.0	28.11608219603348	23.190822144864484	23.640531836254873	25.05229245566674	2.7136718041901263E-4
156.0	26.11277462172094	22.942986362469465	25.91966627751916	25.024355640657824	2.1709763260459086E-4
157.0	25.243693812022517	22.229760387652266	26.814134892394797	25.711922434810546	4.884731198669616E-4
158.0	24.97235997757318	20.903835517849455	26.070525070870808	28.053170881826624	1.0855187992859457E-4
159.0	26.949837252357355	21.621147803734537	24.019239881395315	27.409340851693663	4.342108191224274E-4
160.0	26.869240167542973	20.76370242396709	25.992174308087364	26.37482882316639	5.427723618142275E-5
161.0	24.567439679288235	20.13800462656901	29.36454693383963	25.92675214204066	0.003256618262463892
162.0	26.04103286135248	23.295937802089366	24.397612432200358	26.265362626650244	5.427770754845507E-5
163.0	25.359018408904017	23.849450284017664	27.357862254826127	23.433451934115503	2.1711813669215093E-4
164.0	25.737909936394654	23.692583935932188	24.55042560975477	26.017614956972217	0.0014655609461661468
165.0	27.020426685455316	21.987496790604084	26.078207753900536	24.913217391587555	6.51378452509354E-4
166.0	25.286359251733952	23.240738277876364	25.666561175651225	25.80623272765567	1.0856708278620047E-4
167.0	26.793801757200203	23.067636193872872	26.22929372711555	23.908616903755696	6.514180556799583E-4
168.0	25.986457633826276	23.640185421734557	23.87649553138831	26.496752839602816	1.0857344803756208E-4
169.0	26.97547535999783	22.01777934610008	25.599543980130562	25.40676700913397	4.3430463755920795E-4
170.0	30.936339917111926	22.73645739798328	23.147857602760475	23.179236504629202	1.0857751511670455E-4
171.0	25.777873565246377	23.50181130604585	26.393169315992427	24.326331498593138	8.143141222155208E-4
172.0	27.757413996339945	24.519807923169267	23.834633310828853	23.88809049840551	5.4271256423003195E-5
173.0	28.635153869736374	20.095227501485386	23.0199326624904	28.247569799588163	0.0021161666996752496
174.0	24.676917968065382	24.71940413021927	24.317006456485867	26.286291620025036	3.7982520444091627E-4
175.0	25.800253511283206	23.963110635536292	23.29113209717643	26.943604591853344	0.001899164150726349
176.0	24.95452601784664	23.96625374699101	27.869744716227157	23.208553015717285	9.225032179082836E-4
177.0	23.07190110003419	25.892753450156565	23.889410475017232	27.12075412309312	0.025180851698893454
178.0	25.51964690165317	23.218690684068356	23.522127793037658	27.73931757037603	2.17050864784908E-4
179.0	28.764964454333313	23.770228469094263	23.13349975579313	24.32984207955717	0.0014652412221197158
180.0	27.144149589288812	21.828650825040135	25.2617709189605	25.765374264275064	5.4402435488231934E-5
181.0	27.873275310205802	21.766518203734726	26.29885996812814	24.060420327163268	9.261907680573149E-4
182.0	26.00499952598217	22.32743844033968	25.790165928034288	25.877178166411856	2.1793923200394034E-4
183.0	24.129528492443228	24.09520057583718	26.209909216282767	25.56443540657603	9.263088607981186E-4
184.0	26.04685708556208	21.948578615365165	26.410704087815894	25.59053616346032	0.003324047796537759
185.0	25.302196170447193	24.07270472315872	24.132209428226265	26.492072305845465	8.173723223563863E-4
186.0	27.348778961915993	22.86402804147802	25.388992673553513	24.398200323052475	0.0
187.0	25.116988071065848	22.760246932048915	27.48792447246856	24.633966969808316	8.735546083554407E-4
188.0	27.76802259998056	27.372282700684575	22.389989440384035	22.4696506590751	5.459987573068283E-5
189.0	25.51172572254793	22.997311894009012	24.726097670581158	26.7636634467274	0.0012012661345057692
190.0	28.479976846479598	21.29086336965633	25.63908357929398	24.589857775132355	2.184294377353236E-4
191.0	26.976467383515683	23.439628134117644	24.428148995780514	25.15531789434992	4.3759223623854467E-4
192.0	27.351344668779277	23.035593256498245	24.246760656451528	25.36624671580043	5.470247052767644E-5
193.0	27.954152050366876	23.771957274814152	22.03118605938722	26.242321655611896	3.8295981985570073E-4
194.0	28.369430696454973	22.532556564329102	24.32099278782235	24.777019951393576	0.0
195.0	26.92752825374277	21.105503440026222	24.667611878145422	27.298480894488897	8.75533596686543E-4
196.0	28.532978931132906	22.221149605850048	26.205596424677104	23.040275038339942	0.0
197.0	25.23300810028866	23.71844173398621	24.005347529044414	27.042434628816313	7.680078644005314E-4
198.0	27.940920355985398	23.061256892835736	23.841836031133067	25.155986720045796	0.0
199.0	26.241589163672234	23.213467906714577	25.448724723455225	25.09561271401395	6.054921440146551E-4
200.0	27.7152877669129	23.47793105308559	23.916948380920612	24.889777749886186	5.504919471285514E-5
201.0	25.63826308319579	20.743233646074078	28.691917151045963	24.926090637927256	4.954817569122459E-4
202.0	25.118869860901892	25.001927024146163	28.330448302897366	21.548754812054582	0.0
203.0	26.23543401499325	24.015968125436146	22.404615070248845	27.342991390805437	9.913985163170426E-4
204.0	25.191953989431582	23.392249349871022	24.615334616056217	26.800406960635314	5.5084005863141586E-5
205.0	27.186530461147935	23.872029685516853	25.34225823226625	23.59824513467776	9.364863912001127E-4
206.0	25.788236668238696	21.146306686706364	25.99351868584248	27.071882864736452	5.509447600745759E-5
207.0	26.74056457176612	23.36066115775344	26.38883684638596	23.509606801134698	3.30622959780819E-4
208.0	28.83041570608086	21.874571146546767	21.651911811471475	27.642991108507296	1.1022739360163048E-4
209.0	27.343995898871913	20.971702767434618	25.060262880105395	26.623101367869534	9.37085718538036E-4
210.0	25.24448159096898	24.29141963063956	24.362539543222713	26.101448971738378	1.102634303614766E-4
211.0	25.314853612440942	25.46259505443933	25.552320820072545	23.669458441308485	7.720717387000407E-4
212.0	28.701595412767606	22.09633165959452	24.27309326464034	24.928869318717865	1.1034427966978371E-4
213.0	29.926329125803576	22.77625197702374	22.820139833888604	24.476892629324265	3.864339598163887E-4
214.0	27.76110613294323	24.45409877544436	24.4231064577825	23.361522899510863	1.6573431904740333E-4
215.0	26.313405847251275	24.06147331774982	23.414971470206215	26.20976180694969	3.8755784300806897E-4
216.0	26.526793003927647	24.08928873413738	25.68061856801594	23.70324369666962	5.599724941510873E-5
217.0	29.597438656593223	22.90253593773465	25.071389938676354	22.428070896504064	5.64570491707024E-4
218.0	24.64298268052255	24.638197192855724	24.749516751200787	25.96930337542094	0.0
219.0	27.263822833982204	22.386454419286544	24.196753482417236	26.15227907880941	6.901855046090013E-4
220.0	27.81955451792389	21.53217277491447	24.872970664122132	25.775186522443054	1.1552059645594363E-4
221.0	26.01854097280498	22.595712930703097	23.86273562219729	27.522719699361982	2.9077493264198685E-4
222.0	25.516367161285515	24.509554678642576	24.055819731951146	25.918141001892327	1.1742622843981054E-4
223.0	30.806196160234865	22.405781339609128	23.792696660931682	22.99461268055543	7.131586688893445E-4
224.0	30.32184543460571	22.48515810505071	24.420591245337146	22.77234564488823	5.957011819902853E-5
225.0	31.207161673363576	19.353960175282868	23.816059535360342	25.622040485529467	7.781304637477996E-4
226.0	25.32959993324864	22.39937263400002	26.048809510133324	26.222217922618007	0.0
227.0	27.48580365163239	23.281400661590443	25.66218583766547	23.568838931367168	0.001770917744534734
228.0	27.789179653764624	27.657979704797047	22.954532071916464	21.598247232472325	6.133704954070818E-5
229.0	27.792583648022383	25.496325901177453	21.87920755772283	24.831882893077335	0.0
230.0	26.095011956338354	22.81789821205894	27.08986895653944	23.99722087506327	0.0
231.0	24.97318128819265	24.791828214103713	24.127958798395728	26.10539391538074	0.001637783927166489
232.0	25.49051494973515	24.659042515830564	24.59627077652818	25.254045201980098	1.2655592601287455E-4
233.0	23.58457278298956	25.061748755436575	22.02858085251636	29.324522310093815	5.752989636948001E-4
234.0	27.391639414614893	21.387488143166276	26.574175248060218	24.645723326912304	9.738672463124518E-4
235.0	25.784694349728106	22.031761242620057	27.42769378197702	24.755391173932022	4.594517427989143E-4
236.0	28.72090193851894	23.500436795028115	24.04074626131379	23.737715555354626	1.9944978452774947E-4
237.0	28.034234017875054	24.110859399160518	22.28578750249047	25.56885074673924	2.683337347158782E-4
238.0	27.28251570142295	22.390157886059605	24.21801587748514	26.109174841628835	1.3569340346873047E-4
239.0	28.02683556413238	22.825761261892787	24.2297351905457	24.91684328877233	8.246946568033186E-4
240.0	25.603788096617425	21.76930344291297	25.732045705317695	26.89450864800475	3.541071471570154E-4
241.0	29.17833988877378	21.87730229266691	23.220724409850817	25.721222538235345	0.002410870473147512
242.0	27.427170843471927	23.888531694581104	21.1944656590235	27.488979272862903	8.525300605651564E-4
243.0	28.264625543792803	22.62633683510629	25.180089655069317	23.92595803994684	0.002989926084755862
244.0	26.901033977625914	22.37151590619602	26.137068718361267	24.589668211428382	7.131863884098655E-4
245.0	29.352402984839888	20.920687845742286	23.31137644927588	26.413888455978757	0.0016442641631910736
246.0	24.370804678206778	26.44793880031253	23.503828203161536	25.674635316293156	0.0027930020260007004
247.0	25.582248079982378	23.473260395506053	25.020037930349087	25.787112148546896	0.13734144561558603
248.0	26.38709200060055	22.535337738772633	23.84439829404763	27.22404884247669	0.009123124102503686
249.0	25.915859134956275	21.415683313060974	28.66199537674885	23.991690253702348	0.014771921531552825
250.0	27.807295155813254	22.158342766060663	24.05374344521703	25.979680172792165	9.384601168888171E-4
