# Position (bp)	A	C	G	T	N
0.0	23.37231847575453	24.626829469284818	25.42993791504639	26.570851946121515	6.219379274851473E-5
1.0	22.572025650917958	30.364030487855974	23.192239420982762	23.797073938047838	0.07463050219546208
2.0	24.40452326230596	26.787142820848548	22.73810549197511	26.069593274469867	6.351504005165477E-4
3.0	25.418163058944405	22.326448806706644	25.008834022074915	27.240424856484868	0.006129255789167221
4.0	25.71110283169836	24.09807113912708	23.6552050415128	26.535481794545703	1.3919311606525189E-4
5.0	28.029888355113087	24.40835471140187	22.51999341856752	25.04105284380453	7.106711129959345E-4
6.0	24.90357332091092	24.196035573558458	24.72504224572163	26.16984206925753	0.005506790551458027
7.0	25.342596411750336	25.857035676339134	23.636816010018734	25.162812875623576	7.390262682268127E-4
8.0	27.123550566251982	24.445567823089377	24.03624996062626	24.39458555394817	4.6096084214472785E-5
9.0	26.099193294147337	26.04172595319311	22.426085202313114	25.43278077651479	2.1477383164953206E-4
10.0	24.660643438038502	25.21458077743155	23.37118891187146	26.753571542996408	1.5329662083659794E-5
11.0	27.58092896587907	22.840984674547418	22.919021954537605	26.65894560422907	1.1880080683567962E-4
12.0	27.996499069608756	24.834951442124698	20.597013834958016	26.571521041745967	1.4611562567806781E-5
13.0	24.921547955042406	22.922630072099327	25.390566263234703	26.765125959376928	1.297502466335938E-4
14.0	26.595789251078823	22.401684732778957	23.791221616519227	27.211261648588202	4.2751034788797065E-5
15.0	25.495198056026315	23.928561638010112	24.55876450546971	26.017447684010087	2.811648378065488E-5
16.0	26.144613430942115	24.9941787599127	21.7345470273236	27.12661930030077	4.148152081210862E-5
17.0	27.80675793642345	26.538080199690285	19.7494948004555	25.904609266921252	0.0010577965095156254
18.0	25.501731723172817	25.814428991281	20.252029802260534	28.43167500140534	1.3448188031489202E-4
19.0	25.23211895974498	24.489785533838123	21.744275327406307	28.53337828996438	4.418890462132921E-4
20.0	22.78053875834793	25.885798238115598	24.126703897610565	27.206945819915568	1.32860103359846E-5
21.0	23.816224606292757	24.53179256523113	24.362208160938327	27.289537615485504	2.3705205228472746E-4
22.0	22.07097452794653	26.895519353312487	26.523116185044177	24.510350832146166	3.910155063715977E-5
23.0	24.812865313590464	24.619189632322186	23.775148472155845	26.792524310589517	2.722713419891418E-4
24.0	27.24508501711688	22.02945774659366	24.784125021449846	25.941306545614022	2.5669225588983587E-5
25.0	24.357455220538277	26.236735255555477	19.911550597719614	29.49403042068371	2.2850550292030034E-4
26.0	25.609564216239278	25.809785302882144	20.302904838438817	28.277720427266072	2.5215173684637854E-5
27.0	25.47385823818547	25.036008801984018	20.47731960784215	29.012700235332918	1.1311665544717026E-4
28.0	27.4626817081752	24.017779626715814	23.038525879478815	25.478738890063113	0.0022738955670592305
29.0	26.772838754660093	23.75137553238881	23.025822147964504	26.449607082061878	3.564829247137565E-4
30.0	23.194937499771186	25.084234663555588	25.623190068302993	26.0974303088584	2.0745951183556518E-4
31.0	25.619310744905953	24.98714465764497	22.8000555841095	26.5930521076754	4.3690566417852936E-4
32.0	23.791498215586504	22.909631622225255	24.704523622049614	28.59416608369209	1.8045644653586783E-4
33.0	23.725039635039533	24.99973491256344	25.23563294599591	26.039449537896008	1.4296850511058792E-4
34.0	25.50435603700727	26.70113387469093	22.90852056546693	24.885906848777932	8.267405693998513E-5
35.0	24.74538564436195	22.62404539338102	26.341497961939847	26.28883726442051	2.3373589666816493E-4
36.0	23.424527346819243	25.386788422158723	26.560135281804204	24.62845553545992	9.341375790820441E-5
37.0	25.162228135387306	25.811782679199176	22.154038987980318	26.87190350635956	4.6691073647231194E-5
38.0	26.442973038923085	25.720612743579252	21.528787458144823	26.30746338222627	1.6337712657211098E-4
39.0	22.881092035043256	27.70238082876376	21.937795640582255	27.478533152522218	1.9834308850756976E-4
40.0	25.569726896218974	26.697322739999223	23.15821793171478	24.574627442851163	1.0498921585771115E-4
41.0	23.785209943085558	24.747944075829935	21.80355623414062	29.65819258298492	0.005097163958968413
42.0	24.041901613617288	26.383638688560996	21.302708240322566	28.271681480745432	6.997675372241342E-5
43.0	26.178474726900134	25.49971470528934	22.536113132734165	25.78159264299982	0.004104792076538513
44.0	28.062473139166578	25.16863881247308	23.40994942759462	23.358740407344904	1.9821342082085075E-4
45.0	25.33500800419305	24.851935252070295	21.83284129967764	27.976216844851088	0.003998599207927625
46.0	25.0092728997494	24.839982738768136	22.719501951447075	27.4312307533418	1.1656693588189064E-5
47.0	24.85311573668717	24.967247676566494	23.68969726129967	26.488039457574903	0.0018998678717656791
48.0	23.1277108270884	24.173315353108553	23.00743612722458	29.691537692578475	0.0
49.0	22.337758241840184	26.30192989363139	24.695302795704986	26.66320311053595	0.0018059582874901503
50.0	26.731404419970477	25.364133843136056	20.598836062558053	27.305520821403885	1.048529315306862E-4
51.0	24.71762376237624	26.68618520675597	22.173255678509026	26.420326150262085	0.0026092020966802564
52.0	22.3761357425183	26.378973514976188	21.765791473709687	29.479099268795828	0.0
53.0	22.364584195321825	25.59667399431839	24.23772556437445	27.79928694958033	0.001729296405001682
54.0	22.829885571859844	29.008919257807076	22.58810279731285	25.57306916150249	2.3211517740795127E-5
55.0	23.630639228272877	29.223068553783083	22.487263423661684	24.657407148930865	0.0016216453514898926
56.0	25.960215443316407	26.16111642852576	24.706084151870304	23.172583976287523	0.0
57.0	22.47661782334434	27.736314850138783	23.227351272263025	26.554516219027253	0.005199835226602218
58.0	25.37764269988823	25.563024828629516	21.921989662419016	27.13718069089206	1.621181711773346E-4
59.0	27.05301820907734	23.401337401898058	24.54139777731127	25.001305536389033	0.002941075324296976
60.0	23.51750624771025	23.60877825111281	23.824698100074116	29.048982718897605	3.468220521946379E-5
61.0	24.87788807490572	24.543008655193837	23.008007860476543	27.56500354010433	0.0060918693195775
62.0	24.671351566034495	22.467381361180728	25.484901648784664	27.376226717196012	1.3870680410045053E-4
63.0	25.80317948776037	24.182644223939814	23.26409240374023	26.74743702763284	0.0026468569267494484
64.0	24.928399193691213	22.574488433396393	23.501990446456972	28.99507577518841	4.61512670080399E-5
65.0	23.32429805459816	26.613639444500524	24.017905195910185	26.039069552802736	0.00508775218839681
66.0	24.300598882665582	24.463121930701824	23.35719688811278	27.878620847503242	4.6145101657082136E-4
67.0	26.21416296690046	25.816748840755306	21.11450143393698	26.853883084734655	7.0367367260325E-4
68.0	23.233342761472837	23.475952015230213	26.93658291925652	26.353937740134942	1.8456390548297837E-4
69.0	23.0402330557668	25.340431463681984	25.124710003895256	26.491661065621564	0.0029644110343914356
70.0	24.990447891100544	23.55505706557141	24.901797869888355	26.552363123203833	3.3405023585674496E-4
71.0	24.76712317436459	23.43014568321583	26.217407152841066	25.58439345875893	9.305308195828258E-4
72.0	26.755016531857134	25.851013874262314	22.563090308600792	24.829489377891235	0.0013899073885179406
73.0	25.154023434740687	23.327347250067625	23.384707978872783	28.13001612050118	0.0039052158177320918
74.0	24.33218730672645	26.792053883732375	23.24277483534601	25.63229486516146	6.891090337026001E-4
75.0	25.11690223211025	24.574746453425846	22.58758077727179	27.718324307165638	0.0024462300264744105
76.0	26.64968227184502	24.59338685821732	25.324908663132362	23.431229795669324	7.924111359718939E-4
77.0	23.90297785710135	25.70892254705231	24.386104206280287	26.001329341023055	6.66048542995845E-4
78.0	26.893616083080868	26.779818316296012	20.70857540238879	25.617588288866273	4.019093680595276E-4
79.0	27.101103741808863	21.932127474651924	22.796739195712217	28.1671244299776	0.0029051578493977655
80.0	24.09743016564768	23.645091736493175	27.978545329032173	24.276831486079978	0.0021012827469988975
81.0	25.101599574702128	25.602989485819	22.252207151296506	27.042710056847994	4.937313343720828E-4
82.0	22.866855442113213	22.242247687745724	24.455184738076937	30.434713218927545	9.989131365803598E-4
83.0	24.962197380993224	22.921361137690628	24.606674800113986	27.508894092274446	8.725889277190962E-4
84.0	22.98671435313913	26.64596456556184	25.088772083666704	25.277607575554573	9.414220777483755E-4
85.0	24.739902151042273	27.368559662240166	21.44173606129933	26.4491592281927	6.42897225531102E-4
86.0	24.95865510563239	25.500885675024428	23.038077712099938	26.500751360082287	0.0016301471609609602
87.0	21.81881131755126	22.447238910048974	26.41707879377443	29.316090366012038	7.806126132993202E-4
88.0	24.67257861074977	27.21192818057801	25.707704521567358	22.407203247605093	5.854394997637579E-4
89.0	26.462519955976326	26.617817283379225	22.596731099733276	24.32202483196115	9.06828950020639E-4
90.0	23.257914791648588	26.04397241663028	24.867652534758143	25.83031103605682	1.4922090617035334E-4
91.0	26.346661028569386	25.295038807257765	24.09256993587927	24.265167795950465	5.624323431195413E-4
92.0	25.129185627531502	24.51899078366244	23.11352140032044	27.23830218848562	0.0
93.0	26.219599605498008	26.474639428139678	21.035660698444822	26.269801854912284	2.9841300520604445E-4
94.0	27.44854993645675	23.98053337309019	23.0209631327483	25.54594803168566	0.0040055260191050965
95.0	23.63303914285409	26.854027222097187	24.377006202824212	25.133345169659815	0.002582262564687112
96.0	25.625924206595357	24.62229250862593	24.55745100593271	25.193196118002355	0.00113616084365107
97.0	25.228080064945065	25.083287180625362	23.52769036241945	26.16074729975099	1.9509225912934226E-4
98.0	27.533827844378543	23.726190720728486	24.194656145597808	24.545313813768495	1.1475526660689448E-5
99.0	22.131964576557507	22.374930530346592	26.71364597392668	28.77943597295835	2.294621086925295E-5
100.0	22.813025551610135	25.40489881358633	24.825981074606513	26.956094560197013	0.0
101.0	23.12750771638133	22.9564251744754	28.453161665717356	25.462756306897738	1.491365281819282E-4
102.0	25.010770920224974	24.56839158579728	24.48349780284701	25.937282322714093	5.7368416644321674E-5
103.0	25.692583083467014	26.068501194470763	25.042892411353197	23.1958397401375	1.8357057152632275E-4
104.0	25.263043648110706	27.57350473644351	23.146016831535153	24.017044702935557	3.900809750739404E-4
105.0	27.277908209242412	23.703754613323042	21.111022890435198	27.904250785782324	0.0030635012170246224
106.0	26.04549697736281	23.16547814210158	25.076759196876207	25.712196841330364	6.884232903696006E-5
107.0	25.287966405066776	25.12129973840011	23.047512506310525	26.5425444031392	6.769470833907017E-4
108.0	23.20788667200023	25.167714200385525	24.456471293912287	27.167881940400896	4.5893301058104474E-5
109.0	25.74201605422618	24.7104175785344	25.44445126452989	24.10234640896687	7.686937426608392E-4
110.0	24.204335516859103	24.78315704164975	23.237977080035165	27.77446152515319	6.883630279758765E-5
111.0	24.545327089829495	24.37339132904989	24.738178297819907	26.34231163993398	7.916433667284454E-4
112.0	25.570914923201887	25.03423447402356	23.35984287018893	26.034938896511843	6.88360737739148E-5
113.0	27.95518983025881	22.315337418526912	23.016601959323513	26.712102150795452	7.686410953158553E-4
114.0	26.240117293238256	22.67602733400523	27.607666508157124	23.475844694299337	3.4417030005340376E-4
115.0	26.780632795176945	24.07951714391073	25.57575283341552	23.563431769821403	6.654576754003015E-4
116.0	26.592902570193477	24.904739127307028	24.942417812793614	23.559917542881593	2.29468242914623E-5
117.0	25.786712514463684	26.94017011643803	24.022788512120812	23.24953719081277	7.916661647044245E-4
118.0	25.77313779981886	25.38672665854812	25.144696223407344	23.695118064270527	3.212539551524889E-4
119.0	26.76578488239345	21.888602785859725	24.68547725878673	26.6595613880696	5.736848904938808E-4
120.0	24.968129393000755	23.857915894641298	25.09206649922192	26.081853792536258	3.4420599765182674E-5
121.0	27.210901056859676	23.660188957037196	24.9334758512062	24.194734243024488	6.998918724425263E-4
122.0	26.778882174290676	24.331026759847493	24.468973699095997	24.420646949689466	4.7041707636934395E-4
123.0	23.926531211671666	28.07058666951207	24.11859597673653	23.883551844292153	7.342977875837128E-4
124.0	25.205053431665515	24.531468297188848	23.263681692502402	26.99970479235705	9.178628618803406E-5
125.0	26.661326381018753	23.62857265454035	24.685474231821477	25.023754786810397	8.719458090268879E-4
126.0	24.46107736683843	24.3304103339507	24.923075793418736	26.2853676672464	6.88385457306506E-5
127.0	25.471822583235813	23.60049103967325	27.417452559601664	23.50927009476607	9.637227232050664E-4
128.0	25.605302423183073	23.428722873928052	25.335087192943107	25.6218696273469	0.009017882598871159
129.0	24.43098696617364	27.156636870550788	22.306862093941344	26.102336010742526	0.0031780585916978323
130.0	26.048821590929688	24.93224322816644	23.7572991557567	25.261636025147165	0.0
131.0	25.35833926229389	25.271117282354943	24.538507723941173	24.83140468577771	6.310456322864975E-4
132.0	26.484556890918626	25.599387406588452	22.37894648435725	25.53137246533051	0.005736752805157386
133.0	26.57168662506557	25.373436918440955	25.105830838629085	22.94712955649719	0.0019160613672004254
134.0	25.78392635173385	23.683535406822962	21.66055554701424	28.871948274204364	3.442022458967077E-5
135.0	25.833370621122786	24.6585987363455	26.11003454570278	23.39744538486162	5.507119673152447E-4
136.0	27.638713138685546	26.469607934362045	24.18780076805245	21.69802672407651	0.005851434823449017
137.0	28.554128259318155	21.74772653738392	24.23242670191308	25.465523452863657	1.9504852118800613E-4
138.0	25.058484356252166	24.233507870462688	27.651816669240475	23.055227359871022	9.637441736501788E-4
139.0	25.79092021470969	23.468833879936277	25.622149265341548	25.116995211654945	0.001101428357535118
140.0	26.16780911700034	21.757738573632256	25.8685519535241	26.205682363813782	2.1799202952300475E-4
141.0	25.019797402186146	25.71491511383363	25.442317908072592	23.822568005883575	4.0157002405978115E-4
142.0	28.282398084660404	23.040754203401455	23.875038020298682	24.801591695207943	2.179964315131511E-4
143.0	26.100022682831714	25.9748024373546	24.021405617333862	23.903551268649515	2.179938303156677E-4
144.0	27.626336508023925	26.038865005088454	22.805292910240127	23.529023693724394	4.8188292310181156E-4
145.0	27.660627808288286	22.718269891914137	23.262927089570706	26.357154092713568	0.001021117513301203
146.0	27.14400216797541	22.196552854841332	24.881384346841187	25.77358608328669	0.004474547055369422
147.0	26.062937408726484	24.878861280548843	26.865461706167803	22.189205973626034	0.0035336309308352555
148.0	24.305737768959894	24.83941541439927	23.859208962516938	26.99528219140551	3.556627183898162E-4
149.0	27.277491782602464	25.33699389820443	24.18799813078515	23.195359225531007	0.0021569628769479068
150.0	25.346307727946172	24.243933182426122	24.976355970600743	25.433403119026966	0.0
151.0	26.315782830948464	24.850553542793204	25.587367603633805	23.24572233180992	5.736908146134197E-4
152.0	27.597338932279907	24.14030533596146	23.10708260698904	25.155158385987917	1.1473878167378409E-4
153.0	24.65031051446438	23.291596747127922	25.841836983491817	26.215509946502593	7.458084132926007E-4
154.0	22.955334819610133	24.7682521178297	25.020854154021265	27.252747757102746	0.0028111514361541614
155.0	26.6024560354145	24.062633195152745	24.471161449108177	24.863496844860027	2.524754645491167E-4
156.0	25.471754520439283	23.948788495762194	26.43401014208956	24.14521731516141	2.2952654755692515E-4
157.0	24.802808299024903	23.377576804632575	26.37593500368734	25.443415937519294	2.6395513588984215E-4
158.0	24.86598323375944	22.132305161828903	25.72131490330709	27.28035079512598	4.5905978588074406E-5
159.0	26.354469435249726	21.93475106784564	24.569424484623458	27.1408156093566	5.394029245737971E-4
160.0	25.539098870638767	22.318174493908355	26.072413443259478	26.07029023862984	2.2953563563696827E-5
161.0	24.499660169917338	21.10165774187099	28.77846636439655	25.616554602694908	0.003661121120215839
162.0	24.788856120544253	24.132263730492404	25.312520945674837	25.766324772042193	3.4431246310118104E-5
163.0	25.360270304733262	24.377926215273494	26.502677143014218	23.759023041070567	1.032959084605432E-4
164.0	25.3673758598253	24.12842169754832	24.692049085751087	25.810489114073054	0.001664242802235962
165.0	26.203027794940393	22.499358099759505	26.88561710745347	24.411331281012504	6.657168341307971E-4
166.0	24.60462549971689	23.41324786221777	25.796381917138334	26.185595504593966	1.4921633303616327E-4
167.0	26.14827661371218	24.315712664459507	26.454086554934275	23.08140763482606	5.16532067975161E-4
168.0	25.69237178005956	24.668244560450518	24.12609467385661	25.513220112050433	6.88735828829862E-5
169.0	25.58622062411122	22.851228436865917	25.903058476505947	25.659159565240746	3.328972761656111E-4
170.0	30.528844636139862	23.364690786294954	23.517848654266718	22.588409294485434	2.0662881303341082E-4
171.0	25.420855283730067	23.925580406524485	26.775278752628196	23.877516441847767	7.69115269486511E-4
172.0	26.75363596641892	24.66373070773474	24.267753853689992	24.314787654097962	9.181805838549652E-5
173.0	28.58485479430925	20.436357326207307	23.495993332435084	27.481130410252185	0.0016641367961762956
174.0	23.552621581898883	26.30668219271722	24.424332195047043	25.71588199742503	4.8203291182998285E-4
175.0	25.95904678940464	24.129706973706714	23.445799145402148	26.463668113950973	0.0017789775355307725
176.0	24.560008658822536	24.32882360644779	28.574401311403008	22.535389092064378	0.0013773312622862252
177.0	21.918168772258394	26.60911844306431	25.32277181899388	26.124940627065424	0.025000338617993223
178.0	24.701296089877903	23.43280872115337	24.467105154427145	27.398503106171763	2.869283698245008E-4
179.0	27.707993224744214	24.401170713879967	23.300472860697603	24.58910061658868	0.0012625840895351178
180.0	26.81919658655334	22.73236618550949	25.594198171818327	24.854135481636877	1.0357448196359725E-4
181.0	27.398417829095585	22.922038038937767	26.177887634752445	23.500918995845794	7.375013684107421E-4
182.0	25.164450997042685	23.671298286791846	25.316032968214458	25.848183177028588	3.457092242019965E-5
183.0	23.412387663896535	25.393269278086	25.85210408384182	25.341754946902782	4.8402727286242324E-4
184.0	25.63388391471557	22.599380156550176	26.51616563749358	25.246801580369144	0.0037687108715322533
185.0	24.696024980614258	24.90885618181355	25.21748389476604	25.17705875784433	5.761849618260177E-4
186.0	26.568599724286845	23.705684388416728	25.037379853762776	24.6883245089911	1.152454255057027E-5
187.0	24.1942414233781	23.20171180333887	28.076553212171028	24.52685861922073	6.349418912725505E-4
188.0	26.67912791288365	28.066113107168256	22.72879356048361	22.52556133334565	4.0408611883364584E-4
189.0	24.52964796712091	24.588682270750507	25.379439436207967	25.501341289859702	8.890360609190601E-4
190.0	28.904358842784124	22.030485526487777	24.85987899826936	24.205126523433403	1.501090253397891E-4
191.0	25.797505632720164	24.538630405089805	25.03545927875509	24.628115573946516	2.891094884230731E-4
192.0	26.466000998756297	24.064059183365224	24.2794694980336	25.190435624744268	3.4695100612322265E-5
193.0	27.341884856660414	24.972243963503026	21.785935407056343	25.89971601459981	2.1975818041151919E-4
194.0	27.46482929711338	23.939616089113148	24.256993310314165	24.338561303459304	0.0
195.0	26.13447760833168	21.950672980338855	24.975044274793973	26.939272994521595	5.321420138960789E-4
196.0	27.672746825763785	22.78734225604128	26.463615540853734	23.076272195254372	2.318208683059261E-5
197.0	24.58944325891655	24.891479467322807	24.2523146003953	26.266159829821905	6.02843543435515E-4
198.0	27.36245213646472	23.63577312730725	24.29995225258198	24.70177603674136	4.644690468537796E-5
199.0	25.375724231427814	23.5647573457489	25.295920173137226	25.76313285205789	4.653976281707977E-4
200.0	27.09290138759744	24.001913446007578	24.430507199334787	24.47466633092539	1.1636134806483515E-5
201.0	24.73106079516144	21.65728202870632	28.743466275291947	24.86791161345602	2.79287384274654E-4
202.0	25.012513687664175	25.37318487520237	28.039737955641087	21.574528567692795	3.491379957454044E-5
203.0	25.39742353093744	25.195449329154624	23.0043959364886	26.402009451228526	7.217521908089282E-4
204.0	26.082128006564393	23.681114288681407	23.829972668548994	26.406738467026457	4.656917874787586E-5
205.0	27.41101065904447	24.685497063086874	25.367664266295648	22.535013010903544	8.150006694648358E-4
206.0	24.85522553354309	21.710551672429933	26.067438416779293	27.366749444836657	3.493241102452919E-5
207.0	25.390508038657106	23.849613541890005	26.935665005273933	23.82395720014427	2.562140346827622E-4
208.0	27.820374146561587	22.444938123312603	22.285846277066756	27.44878321179157	5.824126747907798E-5
209.0	26.72392541691093	20.978753922592926	25.637482513180938	26.65917409089511	6.640564200974695E-4
210.0	24.39460807018341	24.733663206551785	25.037796759179148	25.833687268303677	2.4469578196906693E-4
211.0	24.801635472217544	25.565232695224882	25.666319144360845	23.966125025277442	6.876629192922667E-4
212.0	28.00941950482536	22.995454771766717	24.588051160373528	24.40685302090763	2.215421267601085E-4
213.0	28.985324477030794	23.450563147353467	22.93605188347311	24.62775717280243	3.033193402011054E-4
214.0	27.09294293433626	25.765558637424878	24.954327459362265	22.18714762039905	2.334847754501032E-5
215.0	25.124573691411882	25.22537422402421	23.480851290791875	26.168896684483574	3.041092884567834E-4
216.0	25.776902640180545	24.797018301450283	26.09681276652282	23.32923083033368	3.546151267465386E-5
217.0	28.292897606851547	23.139994726500383	25.461025929311266	23.105414205739912	6.675315968929265E-4
218.0	24.85138497756258	24.396089947996025	25.76795610163093	24.984388457772177	1.805150382866379E-4
219.0	26.013480092120155	23.511711235145878	25.276344073361106	25.197784853340544	6.797460323163402E-4
220.0	27.918637079928395	21.951071879186955	25.1246743639243	25.005372606261368	2.4407069898309166E-4
221.0	24.95928423386413	23.262067368467136	24.96913497121211	26.80925516742503	2.58259031595041E-4
222.0	25.45621099297636	25.13683812154346	24.457288043422178	24.949476350580603	1.8649147740164656E-4
223.0	30.224476422016778	22.85730595100028	24.382637660196607	22.534901007776345	6.789590099872356E-4
224.0	29.445411206534644	23.460905154144363	25.03217974704392	22.061428227152252	7.566512482160371E-5
225.0	30.368630225395567	20.03166119574849	24.14171254615512	25.457094546938013	9.01485762809954E-4
226.0	25.039388954751264	22.70238805494618	25.985096432280546	26.273062322935985	6.423508602619661E-5
227.0	26.739531078609534	23.786223722481314	25.981345578728753	23.49160166849094	0.0012979516894593473
228.0	27.019929604944622	27.330547460544707	23.84853709052042	21.80094669212408	3.915186617370117E-5
229.0	27.7586994151024	24.908122044216526	22.370729806967066	24.962422393500923	2.634021308968987E-5
230.0	25.785231752094536	23.21791629936741	27.689933147105076	23.30691880143297	0.0
231.0	25.532451989492877	24.48176685674546	24.648727110016132	25.335787151284485	0.0012668924610464262
232.0	24.87536213747484	25.2461844108104	24.98429287321034	24.894038686595724	1.2189190869320903E-4
233.0	23.31204161244095	25.205589224139523	22.372555797696336	29.109374577923848	4.3878779934069395E-4
234.0	26.696107432521384	21.60911621123006	26.744943682614696	24.948525925125814	0.0013067485080476941
235.0	24.92304007769656	22.426002456019532	27.40137682873478	25.24941178092936	1.6885661976345719E-4
236.0	28.076786297347468	24.047071187028923	23.760229268036507	24.11575626942248	1.5697816462271582E-4
237.0	27.69639815138398	24.777097483700047	22.42182192711415	25.104538266974387	1.441708274367465E-4
238.0	27.04705028763238	23.041896271029216	24.419273869714857	25.491779571623546	0.0
239.0	27.555686162239944	23.511669398561665	24.1516504057878	24.779909496104654	0.001084537305929106
240.0	25.49425000210735	21.82055040894068	26.659284558801556	26.025777094570934	1.3793557948652715E-4
241.0	29.28359735416104	20.949692513965864	23.78117531575179	25.983294816072217	0.0022400000490958917
242.0	26.446861408228546	24.349784867547317	21.7529353078166	27.44943488351436	9.835328931818734E-4
243.0	28.18895603029895	22.560201656259732	25.35584451104856	23.892672373566743	0.002325428826015727
244.0	26.488849895020532	22.903886269438406	26.451539634590905	24.154705806744886	0.0010183942052752512
245.0	28.707959792022585	21.35733457986225	23.831332765717487	26.1017343199214	0.0016385424762766874
246.0	24.546705525492126	26.73863001584162	23.874195378309988	24.83808478672029	0.002384293635979672
247.0	25.22649191269228	23.432312169070126	25.14241275546875	26.056723192402792	0.1420599703660514
248.0	26.290894775943553	23.181915411818725	23.65264832083789	26.863551255634437	0.010990235765393859
249.0	25.63144242087076	21.601418316582922	28.52579270810289	24.224404790241046	0.01694176420237894
250.0	26.545158513451927	22.312929197714322	25.363554565319852	25.777422885610896	9.348379030027773E-4
