# Position (bp)	A	C	G	T	N
0.0	24.870063238538528	23.00879137856508	24.73496297343302	27.385963268725167	2.1914073820844779E-4
1.0	23.49295227261438	31.277084337467777	22.956219101543716	22.20316603248128	0.07057825589284769
2.0	24.648879616179524	25.37534872477258	21.757322403538534	28.217414787019273	0.0010344684900897919
3.0	26.513470905607374	20.668643900910535	24.306870961529885	28.503615923336117	0.007398308616091974
4.0	27.280603348943185	21.984777135701332	23.67789140936504	27.056401994930063	3.2611106038272396E-4
5.0	28.882147903705004	22.778781747877865	22.443735000388138	25.894683928558827	6.51419470167974E-4
6.0	27.23184103319754	23.645120048539482	23.170451590534803	25.947820057207245	0.004767270520932652
7.0	26.991691560613855	24.80248458089735	22.154612371088298	26.050346081305985	8.654060945142449E-4
8.0	28.907791946065775	23.58304062950638	23.889927152271365	23.61918624283909	5.4029317388201184E-5
9.0	26.23552030943188	26.07974791822866	21.76420587612268	25.920310294291237	2.15601925540797E-4
10.0	24.11332089098152	24.14654477038907	23.608339462968566	28.131794875660844	0.0
11.0	28.227080025783806	23.141386629658825	22.078827329786748	26.55254866850972	1.5734626090212905E-4
12.0	29.606026751078424	23.91614685162772	18.740806256400706	27.737020140893147	0.0
13.0	26.67006764682302	22.53608945496995	24.882816828621753	25.910821806512825	2.0426307245364377E-4
14.0	27.333605045348264	20.75704495991068	22.361730272898647	29.547569155090255	5.056675215818898E-5
15.0	25.945027970376216	24.109637097698485	24.05571950092836	25.889615430996937	0.0
16.0	26.924016589710426	24.883287543019055	20.498920253083043	27.693578983745056	1.9663044242341119E-4
17.0	28.33814902792655	27.113910916203075	18.533407622574853	26.013381653306432	0.0011507799890867697
18.0	26.384863684144815	25.22975037430036	18.73617518877032	29.64916310156096	4.7651223540466846E-5
19.0	24.81666834179431	24.44900943065256	22.699275396673386	28.03447791960525	5.689112744940008E-4
20.0	23.792752521432057	25.122512514365564	22.978367320473943	28.10636764372844	0.0
21.0	24.388784666701174	23.895373047815834	22.82232751694252	28.893234977432513	2.79791107958798E-4
22.0	23.72014006480514	26.965984459511567	24.56897009515744	24.744905380525857	0.0
23.0	26.063306433815413	23.06198413982845	22.43908987920964	28.435297709249806	3.218378966881961E-4
24.0	29.1012517014599	21.3242212850644	22.917829207762068	26.65669780571363	0.0
25.0	26.459146946396515	24.84492962640869	18.359612022477776	30.336131352033608	1.8005268341516727E-4
26.0	27.602287319134284	24.568459960257965	19.25211084728011	28.577141873327644	0.0
27.0	25.37337387279247	24.805785680021707	20.003907310022697	29.81684372503446	8.941212866584139E-5
28.0	27.380674524448594	23.14708232989246	22.610219360131836	26.85999038111303	0.0020334044140789386
29.0	29.117772901113543	23.137971400130592	21.276041335933506	26.467776426500926	4.37936321431246E-4
30.0	23.92263631500433	23.121468987983143	25.060432224140705	27.895331996677207	1.304761946182919E-4
31.0	27.29952955195156	23.83976988587319	21.38187029167952	27.478224524824974	6.057456707573249E-4
32.0	24.428751151224116	22.97058384440626	23.209448143903764	29.391131307349998	8.555311586586811E-5
33.0	24.501917324314487	25.288085976814127	23.99450122658752	26.21545309579333	4.2376490540084134E-5
34.0	27.56909951129743	25.651473582478296	22.739892742314147	24.039492052529734	4.2111380389993495E-5
35.0	26.34265101217746	22.338183458804483	25.473136148314108	25.845862743129427	1.6663757452344777E-4
36.0	25.331111630969854	22.887558161509382	25.056590139204665	26.72465681691602	8.325140008042085E-5
37.0	25.877576428908185	25.154493148872266	20.253447409912113	28.71448301230744	0.0
38.0	27.553411274090923	25.54251643087799	19.526472871474297	27.37759942355679	0.0
39.0	23.856776238348566	26.318208475965076	21.893802953984885	27.931045956883967	1.6637481750762204E-4
40.0	27.332171913917445	24.576829807417585	21.717059765134877	26.373855337157504	8.317637258689747E-5
41.0	25.42117182113722	22.957138900832405	21.32027188525797	30.297051194300824	0.004366198471581038
42.0	24.47898476245597	25.459396485485914	19.800533197622396	30.261043976330416	4.157810530237261E-5
43.0	26.57405859967091	26.084951979000635	22.327706840342127	25.009665727947798	0.0036168530385307096
44.0	30.691023031329873	24.724791673854387	21.522552679589463	23.061466345044714	1.662701815628815E-4
45.0	25.90944606995611	24.274920202154544	20.97640144966086	28.835367070089106	0.0038652081393802367
46.0	26.03722304529143	24.296379719112913	21.463073051836737	28.203324183758916	0.0
47.0	26.386587305676663	22.58297749979639	22.439203575566076	28.58956949266919	0.0016621262916798943
48.0	22.09010252914643	23.109412468903344	23.039046478522796	31.761438523427433	0.0
49.0	21.462487892486944	26.13636174839965	23.050046602503077	29.349068531431357	0.00203522517897521
50.0	28.83843613062065	22.72953243151312	19.60987574949217	28.822155688374064	0.0
51.0	25.45000629118076	25.958533021224326	20.7326588689246	27.856642469498155	0.002159349172159511
52.0	22.98217272572465	25.79624445163533	21.25881844536821	29.96276437727181	0.0
53.0	23.41772073410135	23.97734549036613	22.71961592661136	29.883829705087095	0.0014881438340620416
54.0	23.240681878116064	28.52899040142718	21.894641382406117	26.335645004087926	4.133396271180556E-5
55.0	24.180817877695453	26.755381430484356	22.42249994126988	26.63989947052222	0.0014012800280915432
56.0	27.56960415578935	24.52186870412212	24.68134538982572	23.227181750262808	0.0
57.0	23.496082756961172	27.647116024066303	22.028939884514052	26.822834473716522	0.0050268607419481645
58.0	25.785162577844723	24.497830482666107	21.32801157515363	28.388789371424995	2.059929105479906E-4
59.0	29.316852166304564	21.229760024519074	24.115200094912538	25.335345281437927	0.002842432825897282
60.0	23.836185361621286	22.653691874032393	23.104369226467426	30.405753537878898	0.0
61.0	26.10834602804555	23.076704843315383	23.229205855808626	27.5805214802754	0.005221792555039544
62.0	26.66845371810853	20.102560855679698	24.311025888126196	28.917671746058893	2.8779202668078766E-4
63.0	27.441880351367498	22.671195454438937	22.374291811634333	27.510247944552773	0.002384438006461827
64.0	26.30174802442271	20.49842179421181	23.19451822166254	30.00531195970294	0.0
65.0	24.37969293390323	25.371035807698348	22.227859564818115	28.016530857751526	0.004880835828780279
66.0	23.25413526927082	23.541351462308977	23.3095032345145	29.89439483429188	6.151996138186958E-4
67.0	27.139899054730023	24.399112350928966	21.532051784177096	26.92815759503041	7.792151335062098E-4
68.0	23.55180276237656	21.134682261080673	26.123486762245335	29.189946195990945	8.201830648600767E-5
69.0	23.351757967639404	23.031736053273562	25.076366069967683	28.537392411904783	0.002747497214570921
70.0	26.824372384123397	22.27259865547884	24.437124573976305	26.46553584495706	3.685414643954139E-4
71.0	24.83301455623983	22.21791289118236	25.618737152806837	27.32927394349378	0.0010614562771870592
72.0	28.030384980098077	25.521979064913623	21.987147328129293	24.45950894025259	9.796866064186616E-4
73.0	24.483770995176787	22.08318520571406	23.272110878778072	30.156810516782063	0.004122403549022113
74.0	24.58568879645697	24.993715137377304	22.951787757740583	27.46803290329637	7.754051287743865E-4
75.0	26.87138000310963	24.490920242845093	21.43144262015441	27.204094266728855	0.0021628671620040553
76.0	27.641247963750683	23.29052993082465	24.65045066808565	24.417200144945042	5.712923939762929E-4
77.0	25.355425870416965	23.732434768203003	22.986246502051234	27.92507677329375	8.160860350541596E-4
78.0	27.3256660833333	26.584007145255722	19.463110250822467	26.626930906209545	2.856143789702949E-4
79.0	27.004092703758996	19.631024253074425	23.235957366683163	30.12619203924034	0.0027336372430737995
80.0	24.68292483910121	22.826433299674633	28.687657456422183	23.800985281968114	0.001999122833858613
81.0	25.2665148212471	25.376747578816218	20.95984908474582	28.39623576755167	6.527476391953743E-4
82.0	22.801502387101696	21.842255881473456	23.237148956532845	32.11819529155766	8.974833343464016E-4
83.0	25.731928348550014	21.76279602360642	23.566197962198235	28.937894652249135	0.001183013396198937
84.0	24.293926814036087	25.16898968419498	23.629144994393187	26.90740821568676	5.302916889831086E-4
85.0	25.38630157995939	27.625182433220672	20.569493494404835	26.418247482645903	7.750097692020908E-4
86.0	27.22559556755068	24.444669228387873	21.97495082058149	26.353560761207255	0.001223622272698907
87.0	22.214106057473053	21.779422218796306	25.350453138936913	30.6551213203491	8.972644446320543E-4
88.0	26.234969056188252	26.266494020248572	24.7199763460813	22.778193533915843	3.670435660321571E-4
89.0	26.3154696680093	25.499042267857515	22.96200023897425	25.22238674924464	0.0011010759142906195
90.0	22.65504639382514	25.6240962440453	25.497886444618977	26.22280780306867	1.6311444190801488E-4
91.0	27.819942839643957	25.264975234454102	23.286096593580407	23.62833290993839	6.524223831440153E-4
92.0	26.946020132564392	22.863157602880925	22.158053025756114	28.032769238798572	0.0
93.0	26.402401011484393	26.694250627794702	20.68291505496338	26.22014789819757	2.8540755995699315E-4
94.0	28.15919095747218	23.36854791723492	22.313863586603535	26.15509502474235	0.003302513947005659
95.0	23.703195436686304	26.48236958975921	23.287503684596125	26.52436277381696	0.0025685151413967584
96.0	27.427837144567057	23.19741663418842	23.410223879745153	25.96358468505343	9.376564459396214E-4
97.0	26.366932796318075	25.399653087056397	22.899923157356206	25.333164836643142	3.2612262618397797E-4
98.0	29.74873429589349	21.746671666979186	23.40663954540637	25.097954491720948	0.0
99.0	21.316902148971327	21.785163188299713	27.092746579848104	29.805147325544333	4.075733652436107E-5
100.0	22.284680980784998	24.490159383268097	24.39491577644936	28.830243859497546	0.0
101.0	25.164514167697682	21.1436770648423	28.1354680646092	25.555973938543342	3.6676430747563463E-4
102.0	25.139618591145013	24.846017146650357	23.961341593565137	26.05294116927947	8.14993600262754E-5
103.0	26.69878685581889	25.58390992006212	24.336339610296225	23.380515463035504	4.481507872583398E-4
104.0	26.390807594611825	26.670523316093842	22.281887123747524	24.656293094492664	4.888710541485801E-4
105.0	28.42352270181085	23.489051392255515	18.941356201495122	29.143299452060372	0.0027702523781394494
106.0	26.775028669082406	23.400081882565736	24.66991345297965	25.154935257777318	4.0737594893135105E-5
107.0	27.005850592758495	23.88334825651358	21.539689277389467	27.57017493117549	9.369421629676461E-4
108.0	24.309776596836546	23.81028407211851	24.818147902571262	27.06179142847368	0.0
109.0	27.8471816107083	24.006807530474248	25.22549232014778	22.91954114735966	9.773913100138627E-4
110.0	26.245429546295814	24.01089049683616	21.704152633098495	28.039486602498087	4.072127144840269E-5
111.0	25.233199231220276	23.479583360479513	24.024366408235064	27.26183301843768	0.0010179816274675875
112.0	26.32237700906435	22.92411952146463	23.912273401319382	26.841067201304234	1.6286684739457832E-4
113.0	29.926786785955372	20.46659886308209	22.52993957120883	27.075656911690583	0.001017868063127363
114.0	27.069822248136	21.957135318777464	27.139040263712495	23.83355428809678	4.4788127725968317E-4
115.0	28.53941917161209	23.162002870550392	25.51886725231324	22.7790592330948	6.514724294831992E-4
116.0	26.239503188945857	24.802563860350883	24.49189408400055	24.46599814982508	4.0716877634381985E-5
117.0	26.30292078687873	27.09339889298863	23.138768932345595	23.463771314284877	0.0011400735021673612
118.0	28.338501603412364	22.760760126579186	24.927972664628676	23.97223629200509	5.293133746903517E-4
119.0	28.292171686737177	20.918213621454	23.938236357536294	26.850726870596514	6.514636760140846E-4
120.0	24.330670510252276	23.868870213840164	25.17585218481784	26.624566375140468	4.071594925164085E-5
121.0	28.573074643006045	22.980834375651447	23.21010364550761	25.234969447050236	0.0010178887846570774
122.0	28.44378594147738	22.89224763403087	23.68094472646612	24.982410967738783	6.107302868478011E-4
123.0	26.155911329848696	27.536018279281826	21.20866539582446	25.09846855642694	9.36438618077174E-4
124.0	25.526445325048257	24.620431302249095	21.782485791747465	28.070556152471575	8.142848360213554E-5
125.0	27.767558698634875	23.446150338532444	23.77210232107451	25.013211518652874	9.771231052972285E-4
126.0	24.373015960259966	23.842595137211987	25.066740277416443	26.717526483380787	1.2214173082161078E-4
127.0	26.67813433868853	22.60970287193935	27.507063814541276	23.204040420490355	0.0010585543404799322
128.0	26.835006937613592	23.239987688178697	24.034474728195374	25.88259147552944	0.007939170482896992
129.0	24.34645352562928	26.060554984215546	22.203806345864	27.386172377488283	0.003012766802892582
130.0	27.09703266015871	23.130658956026306	23.732611668640605	26.039696715174376	0.0
131.0	26.53431888459808	23.64826324071567	23.875529028094725	25.941237421905377	6.514246861456219E-4
132.0	26.557675395739693	26.148866523353526	21.09699693831021	26.19124975571624	0.0052113868803335284
133.0	28.09791008121581	24.327571521864105	24.068632001341925	23.50385070752374	0.0020356880544196414
134.0	28.006294326963005	22.69642290060175	19.83775619050721	29.459526581928035	0.0
135.0	26.985755528603146	22.410726245337784	26.280432915978096	24.322556033126222	5.292769547521132E-4
136.0	27.49383792710066	26.791398259229677	24.319403425029538	21.390189703088648	0.005170685551476007
137.0	28.93672928975774	21.283735367498092	23.16214310375152	26.617270097908293	1.221410843522614E-4
138.0	25.529489593404914	23.154037962444658	27.259925703526537	24.055691822299117	8.549183247671874E-4
139.0	27.195265828948106	23.782402699285203	24.259491913624828	24.761781078785873	0.0010584793559885912
140.0	28.468139260511343	20.932596629302225	24.86424958047441	25.734933107957918	8.14217541014173E-5
141.0	25.796493016526085	24.71209734645497	24.546726599652565	24.944398055774155	2.8498159222472506E-4
142.0	28.910386741501128	21.81262127147467	23.674553163216036	25.602194550590205	2.4427321796580663E-4
143.0	28.746246842258472	24.108555062259164	23.74821120685268	23.39686475197098	1.2213665870742775E-4
144.0	28.729550561203077	24.577922117577224	22.57583844582026	24.116403887077855	2.849883215857076E-4
145.0	29.50621717064385	21.6343370536205	21.458745036156564	27.399927206462504	7.735331165812116E-4
146.0	27.908844783715015	22.18060050890585	23.679918575063613	26.227012722646307	0.0036234096692111958
147.0	26.595580967021732	23.21136318113052	25.93222119266339	24.257333435384506	0.003501223799853763
148.0	24.993658932396283	23.35320540458454	23.757690198439793	27.89511975966234	3.257049170449933E-4
149.0	28.57295242686192	24.26743848974992	23.722404257675343	23.434965572499692	0.0022392532131247926
150.0	26.30241593845971	24.316378457804035	24.183772388216177	25.197433215520082	0.0
151.0	27.85374109914038	23.418671111684745	24.714555656303148	24.012339973852676	6.921590190559522E-4
152.0	28.518882244110905	22.639434477277465	22.725018566291432	26.11654256566604	1.2214665415884927E-4
153.0	24.978715902183133	23.42716522689398	23.751668832059817	27.84135071673767	0.001099322125404968
154.0	23.800457806032586	24.153421208422262	24.02773219894286	28.01582370477618	0.002565081826110253
155.0	27.43762648782256	23.66072555654642	23.932615839431218	24.968706352793625	3.2576340618217504E-4
156.0	27.58248161747489	21.967122593738967	25.39421084329745	25.055737013326794	4.47932161895714E-4
157.0	25.045313148366915	22.346233582509836	26.48902202192541	26.119105473046467	3.2577415136851617E-4
158.0	25.72560425110653	20.631337698517253	26.35949118011046	27.283526147734015	4.072253173608704E-5
159.0	27.66910722364958	20.49155660133402	24.296512402126254	27.542172197523445	6.515753667045802E-4
160.0	27.435481427545188	20.93027612303773	25.921251749083307	25.71299070033377	0.0
161.0	25.323541137849965	19.30992551192986	29.201840231213964	26.16184244659367	0.0028506724125362797
162.0	26.13735398228647	22.28029536669159	24.77955825314678	26.80275167336992	4.0724505237985866E-5
163.0	25.71939970270215	23.076910545928445	28.123684049766844	23.079964975870006	4.072573255411432E-5
164.0	26.465009878255742	22.62908626032574	24.551914907308117	26.352441340347553	0.0015476137628477396
165.0	27.82998196566145	21.327030818029126	25.918211749526332	24.9239609076795	8.145591035939976E-4
166.0	25.81008307938688	22.123969857146463	24.946461489335878	27.119404115765374	8.145836540756471E-5
167.0	27.092284664025986	22.440192654291447	26.365574755363667	24.101336971906278	6.109544126182452E-4
168.0	25.50770446463848	24.338695027025707	23.618878484116543	26.534559096074656	1.6292814461502117E-4
169.0	26.711167287929232	21.817782624227732	24.438572400952037	27.032111080198472	3.666066925273743E-4
170.0	31.368345241097078	22.61877653175908	22.551480930944205	23.46119361702041	2.0367917922179074E-4
171.0	26.2700796177825	22.8708842690514	25.827382911670867	25.030634758718683	0.0010184427765520254
172.0	28.12050101070673	24.683650016009988	24.30735424598671	22.888494727296578	0.0
173.0	29.610068775925413	19.180873106339916	22.365130825808123	28.842460680556563	0.0014666113699861242
174.0	24.860673760873436	24.869759147619607	23.925775242198892	26.34346591615125	3.2593315681336783E-4
175.0	24.376441347838487	24.870227763517093	21.972741718616305	28.779122356680116	0.0014668133480014668
176.0	25.146485727930163	23.52332606948843	27.350535661023468	23.97806340570557	0.0015891358523717242
177.0	23.283750086089103	25.325151914152965	23.841648216091187	27.524224148716325	0.025225634950422862
178.0	25.32456498166038	21.926692874464592	23.930623636651852	28.817996256688634	1.2225053454046229E-4
179.0	27.905010117229452	23.1151693235007	23.21848121333396	25.760116720020704	0.0012226259151864403
180.0	28.579795752041377	21.321538080481183	24.760834681443974	25.337667996112213	1.6348992125507942E-4
181.0	28.447657389206814	21.906657351964377	26.080020495619106	23.56460069352788	0.0010640696818308875
182.0	27.405326896326	21.654038131085837	24.88102446608297	26.05956959332297	4.091318222731364E-5
183.0	23.89297217148805	23.511115693552505	26.318352023147874	26.277069135947944	4.909758636265441E-4
184.0	26.856946692569434	20.772606681145593	25.91288422479104	26.454411844131698	0.0031505573622388106
185.0	25.488387163551756	23.593300552586996	23.420737292687825	27.49696132381958	6.136673538377325E-4
186.0	26.5143775497387	22.732202921047755	25.107860774600947	25.645558754612598	0.0
187.0	25.111414622305556	22.274108877784442	27.04366747947712	25.56994796345674	8.610569761401111E-4
188.0	29.749260032920233	27.322930737113012	21.27988675571696	21.647635426892727	2.870473570729699E-4
189.0	25.43041349468978	22.22188958301123	24.340974511679942	28.005615132149586	0.0011072784694622852
190.0	30.388714898112863	20.299296034596185	25.405013887362255	23.90681112367053	1.6405625817205236E-4
191.0	26.769067439725948	23.52333598743779	23.95567563392422	25.751674427662508	2.465112495408728E-4
192.0	27.971047601516645	22.307366130492877	23.55221572297998	26.169329456797385	4.108821310648257E-5
193.0	27.238054456383402	24.089040957969456	22.035697422163338	26.63696059459266	2.465688911427112E-4
194.0	28.081282254985407	22.858055254277275	23.876241137520854	25.184421353216468	0.0
195.0	27.19753986193992	20.270611898093854	24.642733676736512	27.88845686023277	6.577029969470249E-4
196.0	29.348739746955882	21.67546191002097	25.891407292528516	23.08430860152951	8.244896512120204E-5
197.0	26.204144303942563	23.03083303750011	22.754543359255333	28.009778370406284	7.009288957112635E-4
198.0	28.15470107333498	21.353427766535074	23.502742535563286	26.98904597450824	8.26500584129288E-5
199.0	26.23983328218655	23.023590885352927	24.857627642290563	25.878409802954423	5.383872155400086E-4
200.0	27.489046777652693	22.495918169550663	23.781435893102845	26.2335991596938	0.0
201.0	25.685429989006607	19.782841198950532	29.03973940612498	25.49165803018667	3.313757312012619E-4
202.0	25.788558624652186	25.24597212999375	27.776799684174726	21.188669561179342	0.0
203.0	27.306262511908457	24.187210265535278	20.94458770736462	27.561152179200988	7.873359906613664E-4
204.0	24.886268551684868	22.89656395712914	23.853826959108897	28.363299088532116	4.1443544981373204E-5
205.0	26.42352998714727	23.766235327226525	25.432613936901845	24.37670891364383	9.118350805336887E-4
206.0	25.444388161587256	20.467845953727753	25.45549734747461	28.632268537210383	0.0
207.0	26.763311462835702	23.199850741627536	26.000393876260663	24.036195155321995	2.4876395410305046E-4
208.0	28.787326500120052	21.99881648314691	21.14630283683267	28.0674712424895	8.293741086820126E-5
209.0	27.257233915829254	20.32261248840732	24.755744909589534	27.663620632732254	7.88053441636762E-4
210.0	25.756458819825095	24.13582677083692	23.534219081940527	26.57316345168989	3.3187570756937964E-4
211.0	26.0869114175442	25.10677922003553	25.47775220249647	23.32776873859642	7.884213273778476E-4
212.0	28.79365801573872	20.898018794139574	24.510676525923724	25.797397581238407	2.4908295957051454E-4
213.0	30.43849234867033	21.890055805398095	21.712802840035327	25.958358222967366	2.9078292888197287E-4
214.0	28.89167249394476	24.996195986120963	23.68054764496203	22.43158387497225	0.0
215.0	25.885309429874486	24.00411288930474	22.99286081805802	27.11738329509814	3.335676646177273E-4
216.0	26.46542079869427	23.32777759511567	25.99035881301105	24.216442793179002	0.0
217.0	30.196211299779534	22.080524191308456	24.967062063256954	22.75556637349394	6.360721611145342E-4
218.0	24.77783744808861	23.04598156116076	25.59772178277772	26.578202459225093	2.567487478149612E-4
219.0	27.56762860532307	22.37253685470201	22.716142000385915	27.343000310637745	6.922289512644859E-4
220.0	28.030668962509537	21.65575214627137	23.5220221950783	26.791296068166375	2.60627974416758E-4
221.0	25.59120483256344	21.4571032976189	23.624956458267327	29.326604129944283	1.3128160604665575E-4
222.0	26.4384824449155	23.019606162908676	24.02595308779287	26.5156491076804	3.091967025496802E-4
223.0	30.688910482900045	21.426657568601673	24.452106547391512	23.43165555011736	6.698509894145681E-4
224.0	31.954713648733428	20.879870349414418	23.449282358573072	23.716088862059966	4.4781219114952945E-5
225.0	31.222736089391905	19.263439404989178	23.570001987326076	25.943013199981657	8.093183111864876E-4
226.0	25.379943153647687	21.81605110435171	25.87205609787079	26.931722003763355	2.2764036646456755E-4
227.0	28.023743264220208	21.888379229522055	25.453964750512103	24.632716204207167	0.0011965515384661405
228.0	27.704423394166255	28.856368222874856	22.086825616404916	21.352382766553976	0.0
229.0	28.58998317635929	25.430587336132614	20.483970938442255	25.495458549065848	0.0
230.0	25.932090561577432	22.222942560681076	26.49639744643148	25.348569431310015	0.0
231.0	25.687192826981224	25.21249370238549	22.95194884281632	26.14712183482134	0.0012427929956186766
232.0	25.08585168961412	25.445503582340486	23.873858935520754	25.594545479887515	2.4031263712839855E-4
233.0	22.6451043399475	26.355535615614915	22.07424261404853	28.924728989986974	3.8844040207466023E-4
234.0	28.02148077527884	19.729352500865243	26.80663303116016	25.441398136404008	0.0011355562917471224
235.0	25.806075290528113	20.6851029249737	28.64375345866798	24.864918761809328	1.4956402087913732E-4
236.0	29.321963402761895	23.254233617564733	23.88297667791314	23.540522707815114	3.035939451223585E-4
237.0	27.89440816963753	23.986932906402835	22.092071684324488	26.026383161959103	2.0407767604505627E-4
238.0	26.805636366927587	21.612969126176935	24.135576915617413	27.44576587199996	5.171927810231625E-5
239.0	27.94596677580616	22.61913812131523	24.30829241694607	25.125711394634955	8.91291297589057E-4
240.0	26.43877221185697	21.683354748076034	24.75653615774876	27.121283098954397	5.378336383746452E-5
241.0	29.002823589740274	21.96356373437788	22.427770075119767	26.604172793780993	0.001669806981085935
242.0	27.20834489826996	24.4592199634746	19.913686872995935	28.41777627058604	9.719946734691893E-4
243.0	27.64129225359347	23.778956166880945	24.013492603289567	24.56366382894519	0.002595147290828425
244.0	28.875582421236718	22.164421651582252	24.726398095307214	24.232406315685715	0.001191516188101411
245.0	28.223984141639647	22.20371284078838	23.098730994637705	26.47205219102767	0.001519831906591131
246.0	24.46707365892714	27.722884829602812	21.83355379956139	25.97425766700317	0.002230044905489609
247.0	26.85267883919331	22.6214662649144	24.647676129219406	25.738699626928746	0.13947913974413922
248.0	26.65845177500078	22.068831474427462	23.60969692072593	27.653683898466557	0.00933593137926648
249.0	24.714716852984832	20.773005866146693	29.792795210682847	24.703762330684164	0.01571973950145969
250.0	27.850510096483365	21.26807964710638	23.209280153248624	27.670976784239294	0.0011533189223387988
