# Position (bp)	A	C	G	T	N
0.0	23.191694966730168	17.5493525497667	32.28213552739354	26.976816956109595	0.0
1.0	22.561684774607663	34.94703795306657	24.194527868562847	18.231052910520273	0.06569649324264641
2.0	20.62806202057896	20.77554820852474	21.94052542181777	36.653682062697094	0.0021822863814418367
3.0	22.00999967297581	23.59861051055743	25.860709497145805	28.507788626098712	0.022891693222242004
4.0	24.98624954845877	18.03169774056937	30.11140134799806	26.870106790635536	5.445723382665537E-4
5.0	33.18348161339345	19.370223816449474	28.17508532299423	19.270483865702875	7.253814599752645E-4
6.0	27.03374150787374	19.48626577044821	31.310656436180466	22.164652216915613	0.0046840685819703
7.0	31.633762456079715	25.88938569206843	21.4672973907033	21.008114451932492	0.001440009216058983
8.0	34.6035686020577	19.13087272465645	26.8472551982157	19.41812360601482	1.7986905532772142E-4
9.0	31.558454322090686	25.02389993299084	17.48921152557516	25.927362072816617	0.0010721465266919812
10.0	25.463367955753764	23.533129335985063	22.466249388543538	28.537074792283327	1.7852743431083057E-4
11.0	22.731127482629013	16.225252232664786	28.421238147420443	32.62220764218733	1.7449509843268503E-4
12.0	35.24326354463527	28.91116068556485	15.795220798550554	20.05035497124933	0.0
13.0	29.53798762660676	22.099307593045953	28.9091532443547	19.45320696920779	3.4456678479564604E-4
14.0	23.647610950751783	21.532467621509326	24.116576278856108	30.7031737434266	1.7140545617848107E-4
15.0	21.38957046609981	31.498822663601906	18.614125726656646	28.49715112643124	3.3001721039752226E-4
16.0	25.727885591556248	26.809916224104185	16.48124941946775	30.980785808451245	1.6295642056444846E-4
17.0	26.938241942463243	23.789667349538682	20.69919235506117	28.571990546711167	9.07806225735096E-4
18.0	26.681201572302864	20.59719765813118	22.8988090122446	29.822791757321355	0.0
19.0	22.605025446345916	23.492674673622954	26.9896844833737	26.91216381997745	4.5157667997814364E-4
20.0	17.71314470522018	23.218619804462868	26.078715160828246	32.989520329488705	0.0
21.0	23.840742443532793	20.234032394963926	26.393702551044466	29.53137525345405	1.4735700476257839E-4
22.0	24.548223988838014	21.969873498428203	25.29959958085365	28.182159976097793	1.4295578234696225E-4
23.0	18.991732981983887	26.570612871246407	24.56760900366052	29.869761491779073	2.836513301119997E-4
24.0	33.529765433382124	18.45220870219957	21.01673629587591	27.001149092666317	1.4047587607780116E-4
25.0	29.069968114131683	25.97849073556644	19.04838214829668	25.902885068428606	2.739335765863494E-4
26.0	26.47251702316024	23.76657230607806	22.736985343141004	27.02365208267299	2.73244947700917E-4
27.0	23.1819993774812	25.345115684743373	25.13419648659127	26.33855193390379	1.3651728035734762E-4
28.0	29.49729931644486	24.350595350080027	22.435441257065268	23.7144828075112	0.002181268898650067
29.0	29.650312350996856	19.83947394650568	28.89064886575776	21.619430144632386	1.3469210731189573E-4
30.0	24.631517107343907	18.44312373165298	30.573383389868248	26.35157338741371	4.023837211641765E-4
31.0	24.98009719537987	19.863401087751935	22.11181489453524	33.04441877109228	2.6805124067516746E-4
32.0	19.059795541611976	26.990294629232427	24.40828718080055	29.541222481885796	4.001664692512085E-4
33.0	25.543569147623053	26.60748082808854	20.83281349957396	27.016003801201414	1.3272351303212176E-4
34.0	32.01093923596274	23.79270673775417	22.281856251602427	21.91436629347919	1.3148120147521907E-4
35.0	23.987756565220188	23.22142574824273	29.003966904383294	23.786719471184465	1.3131096932444446E-4
36.0	24.523172209364454	21.464306671585145	27.62299590549693	26.389393937404908	1.3127614856784286E-4
37.0	23.516103081770662	26.14498482277489	21.080135486097713	29.25877660935673	0.0
38.0	20.21581166863042	26.415017595053964	22.16451965896298	31.20451986889651	1.312084561225802E-4
39.0	20.587918906651346	21.0815682385259	25.511162535649532	32.81908794907921	2.623700940072047E-4
40.0	24.790846295310075	21.23608593338038	26.483882900159767	27.488922527211624	2.6234393814979315E-4
41.0	19.728156154785466	23.75675969901223	22.942120056713925	33.568635783547975	0.004328305940403162
42.0	23.759044297879207	27.651780925039702	18.515220387752347	30.073954389328744	0.0
43.0	23.823586106874835	25.900972078159647	28.230130620134197	22.042032906150464	0.0032782886808559743
44.0	35.517126093939495	25.288668917368646	18.24904126651152	20.94490150447409	2.622177062506146E-4
45.0	29.82643818753171	26.23144459171219	22.28182851479385	21.657011233863365	0.003277472098880022
46.0	30.02523547649168	19.72876778773359	25.31505017599287	24.930946559781862	0.0
47.0	25.68752621644295	20.999764052013422	25.58515100671141	27.725985738255034	0.0015729865771812082
48.0	18.635723778890995	21.577971935398466	24.54368153256946	35.24262275314108	0.0
49.0	16.190478686874513	22.28520427153724	28.672588872404337	32.85054862097709	0.0011795482068246038
50.0	24.736691054769047	22.652104571360425	22.244413080200296	30.366660245296345	1.3104837388625264E-4
51.0	22.1735928568995	28.694659709464293	26.686252361945744	22.4433984762993	0.002096595391159181
52.0	17.305447509049486	26.837573021460674	24.581981205366677	31.274867254550294	1.3100957286948958E-4
53.0	23.701355687995285	21.03634815639531	25.499639793044732	29.761215534743595	0.0014408278210753815
54.0	21.26789821397698	36.798675545263556	17.275280163042055	24.658015099203126	1.3097851428451677E-4
55.0	25.576050745893397	27.104503645658735	20.825170759302715	26.492834394904456	0.0014404542406972847
56.0	27.690474475732795	26.470992621303285	26.07606539345411	19.76246750950981	0.0
57.0	23.874095053285306	34.60186272699776	22.306633722612638	19.213218474334145	0.004190022770154992
58.0	24.005541029411187	23.54557797833604	24.07807718947257	28.37067287108334	1.3093169686169816E-4
59.0	29.08176825236808	24.558100562316298	25.96788447313123	20.38989008974804	0.0023566224363548286
60.0	20.127762905558868	23.889307056413344	26.325049252861906	29.657749880549538	1.3090461635129562E-4
61.0	26.74959552220832	28.34001790697796	23.75645986376036	21.148559849623272	0.005366857430086865
62.0	29.54850971424682	19.31684164920332	23.265630951555078	27.869017684994784	0.0
63.0	26.948201956742253	21.38176106802788	28.393835280259154	23.27384575112071	0.002355943850004908
64.0	18.067595297172232	24.056843284441513	26.365594606195756	31.5099668121905	0.0
65.0	17.539821294905284	27.41309457132239	27.685156589423215	27.35760909961736	0.004318444731759152
66.0	25.03729429253381	24.304232444202505	20.54928604329802	30.10866379129852	5.23428667141242E-4
67.0	28.254409415126858	33.43814649504002	16.94767323940713	21.359247438881887	5.23411544103311E-4
68.0	20.677905777796386	20.614312856238126	26.162598987747245	32.54518237821824	0.0
69.0	19.58105825381186	20.042420174312635	32.192882255884456	28.18036817361654	0.0032711423745091653
70.0	25.53757110486627	22.711430679623845	21.19526822299323	30.555599164795833	1.3082772082410998E-4
71.0	20.496607617719658	24.54562221143822	28.203796695125092	26.753581065968003	3.924097490278048E-4
72.0	23.357975472961662	25.876731751213793	23.000507492047547	27.76373890842123	0.0010463753557676209
73.0	23.59676944707844	25.072752836543177	28.19540267468855	23.1293202105745	0.005754831115325508
74.0	21.936827127297835	28.062518963370614	23.30663639502401	26.693494386842296	5.2312746523818E-4
75.0	28.16292101770056	22.40288230793877	19.797950736597073	29.63402274198505	0.0022231957785435455
76.0	30.0063685021989	21.28936669364889	26.497807639848777	22.20554177384363	9.15390459800628E-4
77.0	31.71143133614039	21.068990768104193	20.846692993697204	26.372361848471375	5.230535868399718E-4
78.0	20.569509769693354	38.81660069851706	19.034655180755344	21.578580553714026	6.537973202155439E-4
79.0	25.427762247088758	20.798018812909095	26.226670188312145	27.545195176740407	0.00235357494959427
80.0	22.48736015103753	24.644142654113327	32.963627829502265	19.903300415902347	0.0015689494445265237
81.0	26.044419109081378	30.39768530079715	20.118689784023296	23.43894431725918	2.6148883900262924E-4
82.0	17.52596458566483	26.10382173599272	22.432565290604636	33.93699469726287	6.536904749453515E-4
83.0	19.92527254733545	22.611852589771647	27.12099284493792	30.34162055031095	2.6146764403272004E-4
84.0	21.88221052342599	31.549361323291603	20.9634468540711	25.603935466918365	0.0010458322929480836
85.0	23.57359673501829	29.38078293675797	20.421953394007055	26.62327475992397	3.921742927136631E-4
86.0	27.625350820203582	18.39833828544836	26.105859792181107	27.869013180512763	0.001437921654185071
87.0	17.344485880890478	33.28222402608013	22.388752292402753	26.98375351458184	7.842860448062617E-4
88.0	28.5335414232198	26.28128210557686	24.91118274004188	20.273340182523064	6.535486383967668E-4
89.0	26.827811384086118	26.000041826347463	24.173798930291163	22.99717149325289	0.0011763660223666392
90.0	19.384411486768204	23.624310374348607	28.880038792872465	28.111108642262533	1.3070374819138688E-4
91.0	25.993551245639512	22.69676608169555	28.829094939413864	22.480457032919492	1.3070033158674122E-4
92.0	28.197819174171997	25.924851298418684	19.939931226743933	25.937398300665382	0.0
93.0	22.403670971772414	29.002872684404647	26.079609168542145	22.513847175280798	0.0
94.0	25.78845842198535	23.30794444066893	18.82210872440418	32.0773063029625	0.004182109979037174
95.0	19.84299262794585	34.961257836319746	20.861567172468952	24.331699310103282	0.002483053162168202
96.0	27.484291852672737	26.27298721393399	20.946592299087307	25.294952483507753	0.0011761507982143416
97.0	23.743064213038103	24.994315464289354	29.9473102345165	21.31517940917419	1.3067898185391657E-4
98.0	30.16360666448873	20.350996406403134	28.408232603724272	21.07703364913427	1.3067624959163673E-4
99.0	19.560648002393236	19.488798692603833	33.85683175896255	27.093590910931674	1.3063510870800572E-4
100.0	16.519734306931664	25.08030226831865	26.947338170845608	31.45262525390408	0.0
101.0	23.3383797283829	19.117433836274742	35.4908740364934	22.05305115320359	2.6124564536164884E-4
102.0	21.816422041476347	27.730661069262652	28.819620869051832	21.633165402504986	1.3061770418486062E-4
103.0	25.20741576673302	24.43391691875258	26.105782041033837	24.252624044555205	2.6122892535644686E-4
104.0	25.869126263299087	29.753256692970975	24.18690426746285	20.189798525182393	9.142510846936084E-4
105.0	31.67340797751532	22.728774666079822	20.326586798349698	25.269010300688148	0.0022202573670098485
106.0	26.06636123329607	22.767628590235187	24.1381607129797	27.027849463489044	0.0
107.0	22.375605825326407	24.470837452706117	21.60897803422007	31.544317485774286	2.6120197311970496E-4
108.0	22.784357156663514	28.73348552681757	25.276873729907063	23.20528358661185	0.0
109.0	26.74755880482323	24.904696419406278	26.622576925236807	21.72477605780771	3.917927259762495E-4
110.0	27.109416320054326	25.123637764529967	21.397462601779964	26.36935272185911	1.3059177663582525E-4
111.0	24.686618113531804	21.15678692643508	25.505021814957445	28.651311966297488	2.611787781795578E-4
112.0	21.0877797800935	25.96764083679386	24.09203687743216	28.85228133406461	2.611716158687874E-4
113.0	34.042453168970404	23.322342432928302	22.51101810560405	20.123925122586627	2.611699106145981E-4
114.0	26.55471402454949	20.276312353094802	25.294593888743798	27.873335074431964	0.0010446591799425438
115.0	21.437954412502087	24.27333173157279	31.37483285976935	22.91361983954538	2.611566103961224E-4
116.0	26.594595865091193	24.344984010623893	27.663644637585023	21.396775486699894	0.0
117.0	22.898241499667677	28.670593596692704	22.24208465924894	26.18868850896356	3.917354271156651E-4
118.0	35.40477863117732	15.57599245781679	27.99121471456963	21.02710015068697	9.140457492955319E-4
119.0	25.626307391380422	22.519775722802997	23.48225081544661	28.37127434261554	3.9172775443370526E-4
120.0	22.103949148381638	23.775847570498122	27.947106168944785	26.17309711217545	0.0
121.0	23.79886006776917	22.620016060900845	32.84819837171192	20.732533770329116	3.9172928894605236E-4
122.0	36.38271229331491	21.37381355611297	20.73621218036689	21.505956212728787	0.0013057574764408708
123.0	27.64973408318437	24.77289672399362	21.619370078123264	25.95760738847881	3.9172621993338044E-4
124.0	18.352664366006106	26.992545703105108	19.649886990822164	35.004902940066614	0.0
125.0	25.118946895629644	25.668505055569486	25.91149097518175	23.30066537143812	3.9170218099774377E-4
126.0	26.766117186224907	23.921658234046024	30.107393504161905	19.20483107556716	0.0
127.0	31.244981283041927	22.337484968330674	20.77745556436166	25.639555911281487	5.222729842547752E-4
128.0	26.177316604711226	19.232823196535197	23.57270722430481	31.009579917296993	0.0075730571517732045
129.0	16.466766420936906	32.213186887797335	27.58531993179106	23.731854254310715	0.002872505163980874
130.0	32.44454367760712	24.592980820579914	22.435965231833478	20.526379700028592	1.3056995089264146E-4
131.0	27.836954903809243	21.679022920219253	25.146434008727287	25.337196457902998	3.917093412232299E-4
132.0	20.017391781208257	34.51485156271421	19.29965438404761	26.163532359550267	0.004569912479647568
133.0	34.02225402280241	22.520251108522963	24.263334917559316	19.191809725754812	0.0023502253604984567
134.0	23.824371187432106	26.04349461017799	22.017057324308514	28.11507687808139	0.0
135.0	29.050592253697673	21.653688267736275	27.213639592211912	22.081688184173142	3.9170218099774377E-4
136.0	26.93067497078543	28.585753735874185	25.03796261840877	19.44051652663259	0.005092148299026616
137.0	24.28967795426206	22.415114540694752	23.578996846785092	29.716080090352992	1.3056790510324658E-4
138.0	22.76697698102861	23.40806120983431	30.77125958035749	23.05304939351604	6.528352635495959E-4
139.0	30.98925318024131	21.43971609907808	27.38852671559379	20.180284397069595	0.0022196080172241584
140.0	27.612396299284768	17.40056873820025	30.629737852948015	24.356905416591594	3.9169297537817955E-4
141.0	22.46725369766859	21.723280688560205	28.30296335756664	27.505849419236235	6.52836968329573E-4
142.0	22.00830679519872	22.999194389714305	28.512728511945095	26.479509165285904	2.6113785597986104E-4
143.0	24.758773590571867	21.144229237554807	27.872846589143442	26.223889444532944	2.611381969452054E-4
144.0	27.715705949712028	24.33993280835234	25.332400188543996	22.611569341493126	3.917118985100585E-4
145.0	28.25878610935566	20.650033687267257	22.233074106765134	28.85732267179201	7.834248199428622E-4
146.0	24.68149892995131	24.818600958669617	26.35727744097105	24.138444322866135	0.004178347541891198
147.0	26.93578820226553	21.08353736166879	30.02265530636895	21.95462409819476	0.0033950315019749943
148.0	31.027467469297417	21.272239378962283	24.125539457963086	23.57436195425788	3.917395193356098E-4
149.0	28.317076037137152	27.149292905550986	19.89853880205273	24.63274180279704	0.002350452462098954
150.0	26.07031023522929	27.88395494420258	25.491443002535892	20.554291818032244	0.0
151.0	25.114392570228684	27.53844426104489	20.369843193380902	26.976928219968034	3.917553774954818E-4
152.0	27.9792421341844	21.8290584004325	21.538897493020208	28.65267138689601	1.3058546688221975E-4
153.0	30.39502206900154	25.425709733866125	22.280289378150382	21.89858706155815	3.917574238031811E-4
154.0	29.965916659049064	23.156430782088616	23.15538608198284	23.719915901641485	0.0023505752379957426
155.0	23.846322653457896	24.607603402512172	31.275994315213072	20.269687754718163	3.91874098689573E-4
156.0	29.810838666191188	23.369739150426433	25.7001294516137	21.11850896821447	7.837635542109657E-4
157.0	25.859343771472165	20.872837761225615	29.23741322959638	24.03014397943375	2.6125827209004006E-4
158.0	26.571533821189615	22.731298479738115	23.491429422384087	27.20560764755214	1.3062913604502003E-4
159.0	28.742869309980417	21.973824636297255	22.110723434383285	27.17232136209079	2.6125724825578126E-4
160.0	24.866433104212224	22.026193480629207	27.001021509168766	26.106351905989804	0.0
161.0	22.867305697722113	18.259411077757488	30.581920593990603	28.288488819569086	0.002873810960715004
162.0	27.23264730279616	16.010006335604135	28.380893908022703	28.376321822563895	1.3063101310882216E-4
163.0	20.417918012720946	19.362149889811878	37.9007954184732	22.318875414920008	2.6126407396908464E-4
164.0	33.82020020718296	21.27740177424896	24.689127597788133	20.211702832240594	0.0015675885393601889
165.0	32.73320113181224	17.15340863072144	25.9932749661005	24.119462101795172	6.531695706585778E-4
166.0	31.518875060256228	22.456599184042453	23.037018554346876	22.987376564539158	1.306368152834623E-4
167.0	23.748285367160047	23.91158373287	26.732726298875203	25.60701268501705	3.9191607770389434E-4
168.0	29.141523866010154	20.881403494103555	23.022466200106866	26.95421451909372	3.919206857044317E-4
169.0	25.75612483653385	16.890870587067198	29.55258939524384	27.800153896601863	2.6128455324913875E-4
170.0	31.30927138734403	25.197892456766752	19.253084169779253	24.239360055183877	3.919309260935853E-4
171.0	29.083445688186536	27.00775509777485	25.456735542804587	18.45141044534328	6.532258907388246E-4
172.0	28.09874820878775	27.542933577865647	26.076523461124978	18.281533499751156	2.6125247046867385E-4
173.0	31.64962847735142	18.46106424357362	20.66851872894716	29.219874273966774	9.142761610327664E-4
174.0	28.717731033717108	25.7153865745427	19.239454831610363	26.326774507435	6.530526948219452E-4
175.0	26.10458342693841	28.281750406202487	20.478352411353818	25.133877026441038	0.0014367290642452993
176.0	25.07307974639565	19.66609282629878	31.015984806727253	24.24314461038503	0.0016980101932858066
177.0	24.561433299980926	22.921722865032486	31.06097220081456	21.43314323333708	0.022728400834942174
178.0	23.772774535365514	19.062684508352188	30.566339406542763	26.597809673593297	3.9187614623772775E-4
179.0	24.292471623752313	22.835286479594835	31.243068409976527	21.62812844130176	0.001045045374563857
180.0	29.587685168006733	20.978434410872424	26.94823265646353	22.485125152537414	5.226121198976725E-4
181.0	32.616862117401105	20.45653807206089	24.397608858981478	22.52820697089472	7.83980661810342E-4
182.0	31.96955603862715	18.940862631160904	23.643451360729067	25.445868692780405	2.612767024789934E-4
183.0	18.548497718392255	23.365544522377785	31.21484998086141	26.870715861778855	3.9191658969860307E-4
184.0	23.496374681559868	21.831602325429486	27.922137304853358	26.746488993402572	0.0033966947547194462
185.0	24.44152963201509	32.99152512479767	17.1684484328601	25.39732101447666	0.0011757958504857997
186.0	21.63175559594001	26.95849734982448	21.75129765188047	29.658449402355043	0.0
187.0	23.816772548025536	24.775192664002866	24.127360771021873	27.279759369258954	9.146476907759088E-4
188.0	36.35317084899201	25.38194970755955	22.21854893085443	16.04580783081836	5.226817756545282E-4
189.0	22.35947656047859	22.746802988842806	30.31534957386252	24.576802753624325	0.0015681231917579444
190.0	32.93597691656299	24.219966963921674	22.264461125108465	20.579464313717292	1.3068068957586276E-4
191.0	20.02768207696611	24.229005797813667	26.853313745889512	28.88934488365163	6.534956790865699E-4
192.0	26.892838797460662	16.762408163318653	26.1695166916967	30.17497493729422	2.6141022976652146E-4
193.0	18.852641155279958	21.409618270321708	29.442228159426126	30.29446672348257	0.0010456914896398116
194.0	23.056964002577686	24.633248238297472	28.27691048812656	24.03287727099828	0.0
195.0	30.08168873051085	20.17433203874103	22.84473912287559	26.89858649345013	6.536144223943988E-4
196.0	27.15300713637564	21.693640545282904	29.34268985661873	21.810531710978093	1.3075074462549064E-4
197.0	34.43860672264952	19.360895865097195	20.974608961266178	25.22523464939236	6.538015947528499E-4
198.0	28.970823453711052	22.206164884302158	22.64337495308133	26.179636708905456	0.0
199.0	23.38968772238269	23.066447946753733	21.40603415798066	32.137045292812594	7.848800703252544E-4
200.0	28.45359556985292	20.831529083633026	28.70568904459582	22.009186301918238	0.0
201.0	20.386491252858583	19.291724885002434	37.27870491022602	23.042817296471316	2.6165544164821996E-4
202.0	26.55035488830013	30.802996107676705	23.082196709514932	19.564452294508225	0.0
203.0	23.1800791349586	27.258251075544575	23.65151308971769	25.909371630745397	7.850690337370334E-4
204.0	22.529733747361615	24.118586912571203	22.874670079390317	30.47700926067687	0.0
205.0	25.33744258175965	23.512753065577847	27.891981730857314	23.256644811746693	0.0011778100584978995
206.0	21.343579151827377	16.768038491189355	25.288245449393276	36.60013690758999	0.0
207.0	20.74856159138068	31.779699292414236	26.904230459570737	20.566592264339903	9.163922944499355E-4
208.0	28.96676067845611	23.661641356807475	17.8380169011724	29.533581063564018	0.0
209.0	27.15254769980226	23.373230491206474	25.51196259968833	23.96108062805285	0.001178581250081846
210.0	22.399390172024926	29.082612306056106	22.956958404388246	25.560908140731954	1.309767987698659E-4
211.0	31.493130514975583	29.343076020204983	21.7993492066819	17.364051267003415	3.929911341200143E-4
212.0	31.037035387157168	19.02395436315826	24.801930708830607	25.136817501110393	2.6203974356790694E-4
213.0	35.601631035282736	17.066364681349132	24.7897964613717	22.54207675198014	1.3107001629200302E-4
214.0	28.697747193007995	27.237232629175406	23.696376649079113	20.368512376208407	1.311525290797945E-4
215.0	24.705661610243883	23.384632341074326	17.210906757744382	34.69866808024321	1.312106941964198E-4
216.0	22.180641312531783	25.773389590201738	26.263118682107084	25.7828504151594	0.0
217.0	28.06129144722103	18.69471328789986	28.14268462265514	25.101178080048996	1.3256217497411722E-4
218.0	21.92402648187798	21.80131663271383	36.22858406690551	20.045806347603296	2.66470899379256E-4
219.0	32.157776349614394	25.45402206512425	18.027661739503	24.36027206512425	2.6778063410454157E-4
220.0	30.48236268463499	26.684195432336015	17.827612362336204	25.005561496752886	2.680239398983117E-4
221.0	22.134899224054838	21.751503696643674	20.276884803644414	35.836577656440994	1.346192160853809E-4
222.0	23.554995401437477	21.661341417719797	28.884967810062335	25.8982866096672	4.0876111319276495E-4
223.0	27.91605707922089	18.507757227705476	28.688367979736224	24.887544763734823	2.7294960258537865E-4
224.0	28.11149622047868	26.37850406641793	22.52684874127527	22.98315097182812	0.0
225.0	32.71151487746559	19.5598764036476	19.806521009324538	27.921676635219477	4.110743427948945E-4
226.0	22.213227556059255	24.250377420926235	24.807668000244277	28.728727022770233	0.0
227.0	32.75879122533146	23.09880031364724	22.466775325079308	21.674773042965946	8.600929760507111E-4
228.0	24.7268876606097	28.572419193130365	24.643242040664195	22.057162174266043	2.8893132969087234E-4
229.0	35.57574765576499	24.299236308030782	19.82089587452979	20.303972702325286	1.4745934914392475E-4
230.0	30.960932553722394	18.422256154333173	28.294067260064804	22.322744031879633	0.0
231.0	26.27955039940444	26.732297015485585	24.808084961243207	22.17866593155692	0.0014016923098487575
232.0	25.25154439280423	27.373494051140984	20.829827193490523	26.54497824502024	1.5611754402124447E-4
233.0	25.226660401002505	27.2952694235589	24.412750626566414	23.06516290726817	1.5664160401002508E-4
234.0	25.20894049688305	16.405668021485422	28.071703020243866	30.313198374217492	4.900871701713344E-4
235.0	24.068754181499806	19.69571071042133	34.63776854520976	21.59760136781505	1.6519505406008145E-4
236.0	26.84271917937458	23.408408665969088	27.194195241607627	22.554333842221727	3.4307082697222844E-4
237.0	28.585781644217118	29.6004921897619	21.2081052762191	20.605276219100272	3.446707016116802E-4
238.0	24.979345347528657	15.780676289850435	31.948355541795447	27.291622820825456	0.0
239.0	27.24416681656011	22.46393389087874	25.53765177802731	24.75319971569725	0.0010477988365940251
240.0	23.897908932968363	19.325451880103348	32.2798540841962	24.496606546927143	1.7855580493849645E-4
241.0	24.17583596462683	23.581336470621892	19.591484979277446	32.64991221075142	0.0014303747224179053
242.0	24.022606717959423	27.589048588969415	20.356302315371273	28.031502580231898	5.397974679900101E-4
243.0	20.765162143131136	31.678735631148914	20.313498931171786	27.24008204854839	0.002521245999773088
244.0	29.870937505632966	24.881302161256016	23.440885411972527	21.805432882095282	0.0014420390432070948
245.0	24.944257274675113	25.93846438543305	21.041631515639715	28.07401400235489	0.0016328218972301897
246.0	25.004632438697392	27.153720665763192	23.999120744968806	23.840527843681535	0.001998306889072168
247.0	25.75266225912352	17.900566554204598	28.937733601302256	27.27371934196048	0.1353182434091467
248.0	31.744051348555274	21.76594442582582	25.161557067711897	21.318793804368415	0.009653353538591558
249.0	20.383605493354576	17.062552551223614	37.01800386481982	25.511498576507208	0.024339514094791345
250.0	26.073292635694656	26.46022758709725	15.274155769904649	32.19047970343594	0.0018443038675052103
