# Position (bp)	A	C	G	T	N
0.0	23.43700445793156	23.700527505728815	26.04777223437413	26.81469580196549	0.0
1.0	22.764621254705744	30.115903903163186	23.936349936730117	23.108159139427663	0.07496576597328855
2.0	24.068257589496394	27.396302747768274	23.465273555111573	25.068946931817088	0.0012191758066752922
3.0	25.479155139769443	22.335751232214736	24.911041963827962	27.26486398684284	0.009187677345015051
4.0	25.24622027717883	23.93032335162898	24.470671420390595	26.35253133770258	2.536130990151189E-4
5.0	27.537630180357308	25.149486980950797	22.24827405878943	25.063899350162362	7.094297401054821E-4
6.0	25.558324581054197	23.6929255277169	23.9057627434196	26.83595496977681	0.0070321780324876515
7.0	24.62637955272598	26.04895493326439	23.825562324273662	25.498345748634588	7.574411013799567E-4
8.0	27.17045727526411	24.743497479166805	23.741862248842068	24.344031912927385	1.5108379963669382E-4
9.0	24.968945098553753	26.147095920559778	22.531405541571843	26.352201542414385	3.5189690024074776E-4
10.0	24.455227460524366	25.01003373041288	23.411217183171463	27.123521625891296	0.0
11.0	26.650481475436592	22.766909930285152	23.470518858759434	27.111944010507745	1.4572501107510086E-4
12.0	27.51425927121672	24.768778593276558	20.79445365168875	26.92250848381797	0.0
13.0	24.609096465315268	23.939387079857692	24.776512021851737	26.674815795728495	1.8863724680165546E-4
14.0	26.204360948579374	22.516335641713145	23.914765223719883	27.364445118665486	9.306732210879384E-5
15.0	25.309321569147556	23.328543768984826	24.324852699097725	27.037281962769892	0.0
16.0	26.047489212631397	25.034492985787672	22.180578724915677	26.737303854244654	1.3522242059852148E-4
17.0	28.169024655352203	27.023495121113466	19.711522754745335	25.094103218184372	0.0018542506046181435
18.0	25.16425781463692	26.23275965820195	20.33238875698859	28.270593770172542	0.0
19.0	24.4655252238328	25.106520740214712	22.08342906275673	28.34382875920743	6.962139883314536E-4
20.0	21.882656996344714	25.792810014342336	24.243121354800365	28.081411634512587	0.0
21.0	23.06087773578415	25.636818196015877	24.166551496773604	27.135324695662668	4.278757637047537E-4
22.0	22.07556913907397	27.30800816139929	25.74443136889694	24.8719913306298	0.0
23.0	24.446305954811624	24.63675278468474	23.421085437429667	27.4954346668823	4.2115619166986743E-4
24.0	27.158044377485275	21.786098787735362	25.17286520430509	25.882949966168585	4.166430568934427E-5
25.0	24.64156409295399	25.805529888934657	20.03707538235019	29.515542015124545	2.8862063662290767E-4
26.0	25.23224309496358	26.196644296676446	19.781488133392585	28.789624474967386	0.0
27.0	25.19861747539838	25.215029443560795	20.114173408365694	29.472098021092236	8.165158289758604E-5
28.0	27.438622785283904	24.27045298806436	22.980090595192912	25.307324691122503	0.0035089403363178146
29.0	26.48317830810139	24.332865588223342	22.67197202772685	26.511505971917764	4.781040306560305E-4
30.0	22.827681485175887	25.51615739453485	25.63868804400662	26.017314870150337	1.582061323069974E-4
31.0	25.523010249707646	25.395807741821365	22.558161931622756	26.522391139850036	6.289369982016333E-4
32.0	23.704318225192697	23.26357648910025	24.87207350369427	28.15987598783247	1.5579418030839458E-4
33.0	22.982804258286745	25.530378629965977	25.8809590777565	25.605665386201025	1.9264778975190816E-4
34.0	25.609266207577043	27.445599254011178	22.981618340572002	23.963478012498825	3.8185340953090835E-5
35.0	25.074665539554132	22.7890520507669	26.23928553756733	25.896543609698757	4.5326241287446553E-4
36.0	23.147492656537267	25.53072178766902	26.38654085923797	24.935169224174107	7.547238163666388E-5
37.0	24.791555935964112	26.11342118356771	21.42947945850376	27.66554342196442	0.0
38.0	26.12722727301869	25.83789438670819	21.46162134275048	26.57303072049998	2.2627702266202093E-4
39.0	22.843166309604335	27.800111454725478	22.245473377176214	27.110947221889166	3.0163660480853993E-4
40.0	25.49910559282514	26.98105063155137	23.415334794795285	24.10428278723288	2.2619359532834827E-4
41.0	23.70706828929042	24.889130971519897	21.691051884632127	29.70743392620542	0.005314928352127196
42.0	24.27614248707495	26.55804485257508	20.810114349529865	28.355622929607893	7.538121221281171E-5
43.0	25.546779283005456	26.258218883562158	22.77360445269688	25.417214215375733	0.004183165359772948
44.0	28.372776549985584	25.25707330767216	22.890668716545804	23.47936838099114	1.1304480530858406E-4
45.0	25.39633142417089	24.38646712515701	22.193580180678453	28.01913784022262	0.004483429771028604
46.0	24.446471146431477	24.768332517755304	23.039495449149936	27.745663215622635	3.7671040651196675E-5
47.0	24.515696225990098	25.507468994388365	23.766536765653097	26.208113326518113	0.002184687450326611
48.0	22.79437347780705	24.724593215820416	22.911329106965074	29.569704199407465	0.0
49.0	22.113642858568248	26.587201331969336	24.876417448286222	26.420629861550644	0.0021084996255530575
50.0	26.851707880151903	25.144110094050404	20.713752984135937	27.290316095340252	1.1294632150772796E-4
51.0	23.933869613825344	28.00987739829931	21.678442502926707	26.37483672555212	0.002973759396515055
52.0	22.53768586489337	26.531810781431943	21.558805880644424	29.371697473030263	0.0
53.0	21.954740538431526	25.981759656652358	24.567401482637536	27.494109967285933	0.0019883549926468383
54.0	22.757385532545786	29.12180937528488	22.349407240367306	25.771397851802025	0.0
55.0	23.391610052911833	28.87467979978578	22.621371173357247	25.110430960400485	0.0019080135446514451
56.0	25.58431225266724	26.147367775283538	25.491803861262103	22.77651611078712	0.0
57.0	22.466742023733737	28.13722417181411	23.19302007036485	26.19744050295232	0.00557323113498665
58.0	24.49198268965587	26.302978894649776	22.117663514945338	27.087262699918508	1.1220083051054744E-4
59.0	27.23308964071388	23.104401388632823	24.834807219305034	24.82407422297033	0.0036275283779301174
60.0	23.601022020944484	23.539451345164313	24.31100770921615	28.548444248294487	7.467638057025124E-5
61.0	24.704950293957655	24.41758227808876	23.021624097844757	27.849608373807662	0.006234956301170044
62.0	24.817495902664483	22.65787341753249	25.436408232751056	27.08796111357926	2.6133347271118545E-4
63.0	25.44307105338804	24.247001332741004	23.179763242480465	27.12740182701246	0.002762544378035532
64.0	24.46998125225405	22.107549171850362	24.337271651560176	29.085086153195018	1.1177114039349403E-4
65.0	23.589171597236348	27.071491211403902	24.065128969695344	25.268806388617556	0.005401833046849912
66.0	24.36245226028816	24.820328809826446	23.616796331921197	27.200050068023966	3.725299402312964E-4
67.0	26.651815897648895	25.291480488808844	20.965399322402618	27.09052201818971	7.822729499326686E-4
68.0	22.89247101550496	23.288727475904455	27.068584997904736	26.74999301578433	2.2349490152255902E-4
69.0	22.480142582311675	25.95296050119843	24.93685667088181	26.62691148014817	0.0031287654599192107
70.0	24.791001508054425	23.364170040109414	25.043112505322817	26.801455616526493	2.6032998685333566E-4
71.0	23.985068285010666	23.658233095223792	26.57082961634777	25.784793765697543	0.0010752377202290777
72.0	26.218326766486687	26.67821611128989	22.561715259354607	24.54003650939353	0.0017053534752879452
73.0	24.967769963162496	23.04160362132913	23.34659355013763	28.638917574877844	0.005115290492899013
74.0	24.22159782273108	25.85962723572761	24.213036112256997	25.705034619331897	7.042099524139391E-4
75.0	24.38963916301207	25.09503561449693	22.723379557994054	27.78909190908454	0.002853755412406572
76.0	26.39261811501471	24.410170771687604	25.9866188880995	23.209554527493616	0.0010376977045756168
77.0	23.97801230202289	25.613155560035544	24.557833515785916	25.85003509463693	9.63527518716522E-4
78.0	27.16306682057962	26.524340419381915	20.6143424390262	25.697768570999763	4.8175001250697145E-4
79.0	27.257749837416	21.080669456997224	22.967014438941604	28.69115709783388	0.003409168811293242
80.0	23.92782437437354	23.470121669918235	28.304310046151937	24.295075953377467	0.002667956178819763
81.0	25.031125544141208	25.57952798853394	22.0008314966792	27.38781094048055	7.040301650987791E-4
82.0	22.092207660838366	22.91711670519552	24.71136705617926	30.278382254914423	9.263228724308897E-4
83.0	24.80040400866707	22.63497090722621	24.724003983768515	27.839546609202387	0.0010744911358186436
84.0	23.139144667863583	26.806505130110754	25.18122291288926	24.87197878452646	0.00114850460994931
85.0	24.63575153047521	27.2185083307864	21.496448186120602	26.6484028414511	8.89111166680559E-4
86.0	25.19172026289254	25.326485660709775	23.12745368967507	26.352302976915038	0.0020374098075722
87.0	21.88717852220318	22.785766170151213	26.53154205996931	28.79447608810078	0.001037159575520219
88.0	24.464844943653755	27.50030094543165	26.024686785254598	22.009574694656134	5.926310038613614E-4
89.0	26.49209866062797	26.64932542495672	23.409787393858046	23.447566263025376	0.0012222575318842546
90.0	23.636062627823414	26.416085249928333	24.704205237454325	25.243498737413955	1.4814737997654828E-4
91.0	26.09242645555631	25.053441752563575	24.783455351878573	24.07004684208499	6.295979165493887E-4
92.0	24.80691781392636	24.530982955439722	23.258631065354454	27.40346816527946	0.0
93.0	25.692551935145918	26.832631014106006	20.952739637504774	26.521744121756562	3.332914867355543E-4
94.0	27.461055856045352	23.95817517810285	23.47458122963732	25.100707078861472	0.005480657353005437
95.0	23.65092049347752	26.62402777551483	24.16212060841886	25.55996871699695	0.0029624055918367953
96.0	25.285698998428902	24.979662356234055	24.383103815108694	25.350794269690674	7.405605376765728E-4
97.0	25.190445969773016	25.57903942807337	23.36914786397637	25.861255658579825	1.1107959741791773E-4
98.0	27.230767464945334	23.608282272304344	25.0672657860313	24.093647451379248	3.7025339772286755E-5
99.0	22.00848364083477	22.929784673096226	26.670191335460725	28.391540350608285	0.0
100.0	22.532156188948775	25.033458429913892	25.045009223975452	27.389376157161884	0.0
101.0	22.9214166961895	22.553408563805785	28.63973962156725	25.88528704153076	1.4807690670303435E-4
102.0	24.460537130417396	25.008848509081755	25.2225455568637	25.308031780586592	3.7023050551273224E-5
103.0	25.120527596969932	26.15078683495123	25.490032041980328	23.238394406571864	2.591195266552555E-4
104.0	25.376696090178307	27.127485720398536	23.34688465753942	24.148452332171424	4.8119971231660275E-4
105.0	26.768824707463253	23.667768576685162	21.60540762650063	27.95448235524937	0.0035167341015854914
106.0	25.550733849082768	23.613212355924116	24.934025951334863	25.9019538090967	7.403456155437043E-5
107.0	25.524101991576465	24.550079623080403	23.012032672485212	26.91278625996584	9.994528920835187E-4
108.0	23.38072529502005	25.518563547975802	24.29843797130575	26.802199164672725	7.402102567234224E-5
109.0	25.312799060326086	24.662591489793183	25.89076956895346	24.13295172033007	8.881605971991855E-4
110.0	24.04595957259818	24.73694435450298	23.62514454877654	27.591951524122297	0.0
111.0	23.916718226843066	24.322033020222445	25.073084699801356	26.68712791561696	0.001036137516171146
112.0	24.71700277520814	24.999481961147087	23.88610545790934	26.397372802960223	3.700277520814061E-5
113.0	28.088233389637036	22.081140233219433	23.01327792999717	26.81631240969361	0.0010360374527539171
114.0	25.785934763029967	22.457520189981565	27.59298714042666	24.163298894610996	2.590119508114104E-4
115.0	26.125098663651038	24.221209363804935	26.65729955598119	22.995541309587203	8.511069756357676E-4
116.0	26.65176858310196	24.84989977282828	25.1729506161464	23.32538102792336	0.0
117.0	25.60005091856951	27.040831808119886	24.06931142255974	23.288954740940675	8.511098101877105E-4
118.0	25.729286120537907	24.84233476650226	25.908904038368814	23.51925304997071	2.2202462031014619E-4
119.0	26.67094202437324	21.3121524267404	25.335231957275038	26.68111851054728	5.550810640385922E-4
120.0	25.143617123631362	23.962559633855896	25.294857315407032	25.598965927105706	0.0
121.0	26.977610462833546	24.03425392324803	24.503929816537017	24.48335466709889	8.511302825123442E-4
122.0	26.74766198817598	24.13758522382448	24.42478544171327	24.689486273894495	4.8107239177351405E-4
123.0	23.07195869635366	28.64152686128405	23.90475915580936	24.380830158293147	9.251282597819362E-4
124.0	24.449354612262237	25.041362469188616	23.221154789072685	27.288054119243064	7.401023339497153E-5
125.0	26.205451587107458	24.314185072430895	24.770969471600658	24.70832073636132	0.0010731324996697343
126.0	23.778048407730047	24.501644317492598	25.429174821645116	26.291095448125084	3.700500714751713E-5
127.0	25.73265806971113	23.222622367478404	27.9137950940514	23.130036353517234	8.881152418337803E-4
128.0	25.806409832747228	23.601376152390706	25.431805372944773	25.150343205478855	0.01006543643843413
129.0	24.053454670733778	27.136242209029476	22.74424967814776	26.06331506142669	0.002738380662295866
130.0	25.59771331890342	24.803340318851983	24.24924794347836	25.34966141266356	3.700610267639236E-5
131.0	25.368878606077022	25.00136923238612	24.845017696403435	24.783957333238597	7.771318948251898E-4
132.0	26.072345530805023	25.96450962788842	22.244541038703243	25.71160964143267	0.00699416117063755
133.0	26.59071968547529	25.882565401393514	24.92076931844591	22.60402126239159	0.0019243322937004762
134.0	26.296918274091386	23.467981520598375	21.129154497804052	29.105871695163888	7.401234229820165E-5
135.0	25.611586080923605	24.474878038039773	26.268365530254673	23.64461526335013	5.550874318213862E-4
136.0	27.669111217115233	25.84700397934869	24.668853279234224	21.807704164123987	0.007327360177869818
137.0	27.704784566820738	21.94324687387824	25.07369838984839	25.278048130618046	2.2203883459217017E-4
138.0	24.751748721415716	24.968999812389196	27.20908021490503	23.068913111774965	0.0012581395150908284
139.0	25.097515785142228	24.35243264925808	25.050076173510565	25.498754247639955	0.0012211444491768931
140.0	25.800374487485012	22.26631536878876	25.886225373377343	26.046825737503514	2.5903284536479224E-4
141.0	24.902324307721912	25.71644259910965	25.572972752941002	23.80785328108174	4.070591456938693E-4
142.0	28.228242008380466	23.216024353156293	23.848722373352153	24.706900245981387	1.1101912970623967E-4
143.0	26.588048609628302	25.760964051241498	24.031376664669576	23.61942564435808	1.8503010254738344E-4
144.0	27.374033535794474	25.974827615684283	23.339391254759466	23.310859444010852	8.881497509295042E-4
145.0	27.465512175373334	22.99414045587061	23.576579290356435	25.96302795661998	7.401217796376215E-4
146.0	27.0935809285561	21.8458623522533	25.347708954726784	25.7072228431017	0.005624921362119116
147.0	25.998463532203285	25.57848826667042	26.734243618958946	21.685696121306943	0.0031084608604071643
148.0	24.955463237835563	24.438266903801335	23.91733296031251	26.68841881357174	5.18084478855122E-4
149.0	27.634685554840093	25.16760293388399	23.873407790631408	23.322305363737964	0.0019983569065435084
150.0	24.691878409284357	24.524828101754878	25.65898644797904	25.124307040981726	0.0
151.0	26.288074341765615	24.295672093896815	25.911998564087764	23.503551847349204	7.031529005982352E-4
152.0	26.504810389671913	24.308159528183598	23.83485537743684	25.352100687325414	7.401738224204572E-5
153.0	24.61715821067864	23.766131390102995	25.589501226855365	26.026209923649997	9.99248713004667E-4
154.0	22.624770492464602	25.064239903981562	25.38807637803523	26.91998944478144	0.0029237807371702462
155.0	26.987021456215782	24.374213753844025	23.902993462799245	24.735549262913313	2.2206422763655935E-4
156.0	25.660030430629305	23.855363093072498	26.303655635717753	24.18072877322963	2.2206735080682622E-4
157.0	24.525512054658645	23.629980828022177	26.743095497176018	25.10115253936177	2.590807813876367E-4
158.0	24.74172964890333	21.412899452961337	26.65599484791733	27.189190989777263	1.8506044073994567E-4
159.0	25.943726374223054	21.823860938209606	24.87753366968161	27.354212786243647	6.662316420796347E-4
160.0	25.77900285413839	21.896730603166684	26.209436978544176	26.11482956415075	0.0
161.0	23.943313726992532	21.537955869632082	29.076791933306612	25.437681854640655	0.004256615428121126
162.0	24.681820066212225	23.879966656993442	25.240633754019814	26.197579522774518	0.0
163.0	24.362789427062957	24.63456426630973	27.34731543686269	23.655293853305995	3.701645862799977E-5
164.0	25.496692296387717	23.949247451618984	24.74449558213992	25.808009932550313	0.0015547373030712353
165.0	25.951388138225962	22.1548312007925	27.230690522693386	24.66231273942034	7.773988678110965E-4
166.0	24.241101606756658	23.777347848266967	26.22979707672613	25.75175346825025	0.0
167.0	26.224498144663322	24.098459642956442	26.588938617103157	23.087585293101732	5.183021753512515E-4
168.0	25.943134622660995	24.70069002897396	24.37603802378782	24.980026256494707	1.1106808251321894E-4
169.0	26.540369111017647	22.30519634384015	26.03625504262163	25.117735218676508	4.442838440622945E-4
170.0	30.79171024741524	23.35773855253293	23.425752288567807	22.424650814072958	1.480974110721327E-4
171.0	25.2692760398289	23.8524273627628	27.367390968705074	23.50983189384983	0.0010737348533963159
172.0	26.75809538756403	25.018960768513537	24.465887458353862	23.75683429750399	2.22088064580248E-4
173.0	28.56671752063583	19.984055393074534	23.625739954860624	27.82145149219758	0.002035639231431454
174.0	23.51648799048047	26.632356397458746	24.00330888680387	25.847513615847124	3.3310940978564406E-4
175.0	25.871683508986475	24.489789119992185	23.276194551186908	26.360852284798682	0.0014805350357512197
176.0	24.240298642818672	24.99390166034006	28.228705319714013	22.53561374837825	0.0014806287489982622
177.0	21.421051150792884	26.55134551625385	24.954873044807105	27.048889632572553	0.023840655573604694
178.0	24.932436709270746	23.46523706284672	24.34047826777384	27.261403769182106	4.441909265859744E-4
179.0	28.0475344291426	24.60480527173108	23.159928920479786	24.18639863764253	0.001332741003998223
180.0	26.273734582592894	22.280005138826283	26.009775651617282	25.436187584981855	2.9704198168587664E-4
181.0	27.655029902867277	22.3404520366041	26.720776794051183	23.28281162439336	9.296420840790612E-4
182.0	25.22315576445283	22.881279980483747	26.29323985762954	25.602212833497145	1.1156393673432276E-4
183.0	23.466370037807536	24.734889816659862	27.049085828236418	24.749096464627307	5.578526688787384E-4
184.0	26.243042654363347	22.20849814315814	26.956211261555286	24.58804517416377	0.004202766759462269
185.0	24.52394350063541	25.069426649494254	25.286102508582797	25.119783517535087	7.438237524495046E-4
186.0	27.15200259464735	23.13249364356032	25.511044360435793	24.204459401356537	0.0
187.0	24.117630178547937	23.297880150876342	28.022921397391304	24.560673837802344	8.94435382074844E-4
188.0	26.815541471068926	28.639720612818042	22.711278170267406	21.83308703082167	3.7271502395625817E-4
189.0	24.76103467401417	24.195397671700185	25.107871728810327	25.934577697464157	0.0011182280111643884
190.0	28.118038345575407	22.349837020866698	25.02564721951336	24.506104634691145	3.7277935339184476E-4
191.0	26.203019267798993	24.189987375844737	25.279898917145438	24.326609038387364	4.854008234638277E-4
192.0	26.588715998495854	24.08237995498767	24.634260827287314	24.69449385029424	1.4936893492107533E-4
193.0	27.225146728464107	25.095002362220896	22.019222689271782	25.660254746383377	3.7347365983645585E-4
194.0	27.956535818694068	23.73498084472932	24.43661243230665	23.87187090426996	0.0
195.0	26.10553433054164	22.267735525742165	24.71137031902522	26.914650041298188	7.097833927870317E-4
196.0	27.968476895218412	22.566447926866637	26.890386112332713	22.574651605860797	3.745972143452752E-5
197.0	24.717352827895446	24.80581120187992	24.62087662585817	25.85524748112813	7.118632383333108E-4
198.0	26.74466469964228	23.88595010992747	25.041398696180288	24.327948969938898	3.7524311063029964E-5
199.0	25.158585494450307	23.273866200643027	25.80443020678233	25.76259182922424	5.262689001017579E-4
200.0	27.518816665657898	24.044129173999035	24.20352713092324	24.233527029419825	0.0
201.0	24.60136460156762	21.66508009552512	29.023424106256655	24.709905617815313	2.2557883529135763E-4
202.0	24.46897269485853	25.128280134410737	29.15387186612769	21.248875304603047	0.0
203.0	25.495977231328666	24.955984806342553	23.76233713626111	25.784798143181302	9.026828863736633E-4
204.0	25.560299769451518	24.139054326160085	24.59710439531711	25.703541509071286	0.0
205.0	26.72791245070537	24.798147353278527	25.60514413424466	22.867667500172107	0.0011285615993373087
206.0	25.277925345798273	21.679493797377486	26.08860050836974	26.953980348454497	0.0
207.0	25.57966523408439	23.740526123083164	27.226137646056976	23.453106543555656	5.644532198105017E-4
208.0	28.095695307033676	22.69201107610361	22.41988850878715	26.792292194147223	1.1291392834707934E-4
209.0	26.827632991659172	21.019134656360727	25.615698640079625	26.53640433500029	0.0011293769001766345
210.0	24.30233941644866	25.26868724292851	25.30810926413733	25.120713467044396	1.50609441103425E-4
211.0	24.122938508148042	26.33466861711503	25.752321179187653	23.788979464550703	0.0010922309985703072
212.0	28.664647058380243	22.694406137197717	24.985342768219805	23.65552867768408	7.53585181500991E-5
213.0	29.105859333027954	23.488869661273508	23.1251661209417	24.27969017148394	4.147132728982991E-4
214.0	26.957577211919247	25.432845552013912	24.858623406259056	22.7509160991983	3.773060948517338E-5
215.0	25.521354940410095	25.358008405217408	23.12516451896923	25.99505611042362	4.1602497965259643E-4
216.0	25.125652544330183	25.058811203037074	25.996807828849455	23.81869018502968	3.8238753600178654E-5
217.0	28.08246547867006	23.625009642829593	25.981794337730463	22.309766257810693	9.642829591915451E-4
218.0	23.868640419849307	25.38933142832868	25.622078723303922	25.119832509247342	1.1691927075112448E-4
219.0	25.992105705057593	23.19638326931721	25.326946271681884	25.48358160472761	9.831492157025446E-4
220.0	27.60295833415729	22.280052996895332	25.483952619193577	24.632877850066244	1.5819968755561708E-4
221.0	25.278914568762524	23.256285741160266	24.66727939125042	26.79728116087129	2.3913795549802076E-4
222.0	24.475820753152462	25.685317735563405	24.78219975523574	25.056540705474674	1.2105057371919413E-4
223.0	29.50436415342284	23.39863297089938	24.76047588751126	22.335506085803168	0.001020902363348135
224.0	29.221499290700535	23.643411011490116	25.001792194715506	22.133256538643202	4.096445064009002E-5
225.0	30.366357633045222	20.283305792349367	24.223020523565996	25.126120111131684	0.0011959399077311741
226.0	25.504913522913995	22.76510696173794	26.11741003618691	25.612486089574592	8.338958655859932E-5
227.0	26.29046935239342	24.383968924797486	26.39832721267724	22.925590720936437	0.001643789195415767
228.0	27.06185730843474	27.937390478894606	23.490987220860234	21.509637857274534	1.271345358847822E-4
229.0	27.173299149746022	25.216414283171545	22.139292413434287	25.470994153648153	0.0
230.0	25.389826556650817	23.538123426725907	27.871443806859155	23.20060620976412	0.0
231.0	24.822407570740417	25.152883346428347	24.912226947126065	25.11055618416474	0.001925951540432945
232.0	25.205682819383256	25.153039647577092	24.6415859030837	24.99955947136564	1.3215859030837003E-4
233.0	22.86409472290132	25.58497667503012	22.87154907171039	28.678620704431502	7.58825926671526E-4
234.0	26.984698192445087	21.51961153115066	26.465256167722533	25.02952765719455	9.064514871696325E-4
235.0	25.41752919741227	22.455568755759774	27.94815535568425	24.178516989214117	2.297019295880893E-4
236.0	28.01689702843112	24.16621843459649	24.03482506830684	23.782012858744906	4.660992064194912E-5
237.0	27.39922000506417	24.9145716464155	22.585620499598498	25.100446391733623	1.414571882177479E-4
238.0	26.4576530043281	22.915674540973853	24.962847634860093	25.66382481983795	0.0
239.0	27.372601453873386	24.138311341903172	24.30019832613134	24.187236970089778	0.0016519080023282185
240.0	24.95041741732848	22.429147480763064	26.880561569495175	25.739622544902918	2.5098751035950947E-4
241.0	29.12442030358576	21.458128415540862	23.813604514231116	25.60083111389668	0.0030156527455759115
242.0	26.19222436751602	24.65894360898848	21.722912644240793	27.425214353123415	7.050261312899662E-4
243.0	27.741113239730197	23.393546210951424	25.25002297494771	23.61238889971713	0.0029286746535327392
244.0	25.831999688324252	23.361058645131358	26.18475996666689	24.62127095905562	9.107408218828757E-4
245.0	28.881111895909083	20.902860208325833	23.894394024132453	26.320011317316354	0.001622554316273358
246.0	24.332318598091216	26.84024648164463	24.06740414814288	24.757390260065048	0.0026405120562225954
247.0	25.00696013408247	23.187705782026413	24.97891601064964	26.690625475566748	0.1357925976747299
248.0	25.419371143270723	23.08206136527261	24.48027937865356	27.006365402536687	0.011922710266421622
249.0	25.723038143801	21.500791028767054	28.212745562898935	24.54444875806182	0.018976506471193304
250.0	25.988311835355393	23.024977342461582	25.181247499217424	25.8044899069568	9.734160087996808E-4
