# Position (bp)	A	C	G	T	N
0.0	23.56516610314468	24.344018341194595	25.540691896325978	26.55003601983457	8.76395001744026E-5
1.0	22.327089935526175	30.491968090919023	23.87498634029068	23.2305977488799	0.0753578843842203
2.0	23.97723388373829	27.382951747134616	22.934063021018634	25.705053749938962	6.975981695024032E-4
3.0	25.961608415949634	22.078929151613345	24.738842170884936	27.2140855979936	0.006534663558490249
4.0	25.454995019955007	23.903345336518704	24.18325520815195	26.45827383978882	1.305955855209545E-4
5.0	28.081330315687293	24.773633056793095	22.26537425131471	24.87887955104107	7.828251638279106E-4
6.0	25.13231717908633	24.286607608129234	24.193156157721035	26.382577731457356	0.005341323606044815
7.0	25.03693687251199	25.996753802580052	23.67327391361821	25.291691858285496	0.0013435530042495282
8.0	27.136853978653303	24.421200684741322	23.734123836454433	24.70777824968838	4.325046256369712E-5
9.0	25.585389223624468	25.94604043298862	22.610275710857515	25.858121989537835	1.726429915577577E-4
10.0	24.597924921258365	24.954769114388963	23.433976276804824	27.013286559170623	4.31283772214888E-5
11.0	26.76863989869326	22.891740918009024	23.129220246352	27.210315625481645	8.33114640740139E-5
12.0	27.81635547627126	24.804737582984217	20.471690488196046	26.907175424567804	4.102798067253887E-5
13.0	25.033470454882313	23.063390976219576	25.024601695512406	26.878415383531323	1.2148985438226053E-4
14.0	26.036193205259	22.513336190326942	24.074501971645404	27.37596863276865	0.0
15.0	25.468203504514182	24.043888087192325	24.444337493125968	26.043492016653897	7.88985136309017E-5
16.0	26.312694708883065	24.89011747694523	21.8856663232757	26.911443917635815	7.757326018692052E-5
17.0	28.1227113153141	26.79173487192487	19.4779395025219	25.60655013718331	0.0010641730558223377
18.0	25.343263162457102	26.130023725306557	20.080918559446122	28.445568418017665	2.2613477255553022E-4
19.0	24.781809381952705	25.038400498249747	21.912783782871166	28.266631148863368	3.7518806301658705E-4
20.0	22.226463421764205	26.05922096570996	24.371960068506336	27.342206584816065	1.4895920342576375E-4
21.0	23.57891203316035	25.093191399218533	23.99219643338409	27.33547831597051	2.2181826651242902E-4
22.0	21.86353172612376	26.891358385193854	26.271008130456146	24.97402857350911	7.318471712826097E-5
23.0	24.752733623247927	24.69109194096791	23.361616058821287	27.19437665030521	1.8172665766513955E-4
24.0	27.130040246073317	21.65327948486177	25.100615183297865	26.115957177803907	1.0790796314007856E-4
25.0	24.409376311055173	25.59631233511815	20.012123927156885	29.982009656476876	1.7777019291621336E-4
26.0	25.43203630881998	26.0025853112071	20.016978690436364	28.548364361424955	3.5328111602917674E-5
27.0	25.343823088049213	25.636800401765257	20.12326952680237	28.896071765530806	3.5217852351971445E-5
28.0	27.514764997203777	24.275078744911728	22.81366505667789	25.394229166398414	0.002262034808191628
29.0	26.832194383258017	24.24237526966537	22.742152110180953	26.18303754099567	2.4069589998603963E-4
30.0	23.287725939212518	25.176032480975113	25.37420875409383	26.161759761615038	2.7306410350494843E-4
31.0	25.456468977956686	25.030647286294343	23.005534324791	26.50704404082052	3.0537013744709885E-4
32.0	23.84613264533754	23.016981647022128	24.960843126473005	28.17577369276542	2.6888840190211657E-4
33.0	23.46449212887569	25.21553788677076	25.745534906493813	25.57433529180104	9.978605869016828E-5
34.0	25.439602011700302	26.918903949717382	22.92125126308207	24.720044968194234	1.9780730601284756E-4
35.0	24.988592719678145	22.590684619335796	26.2215241690937	26.198937754056427	2.607378359281094E-4
36.0	23.103249191048107	25.427058541187105	26.63114887287285	24.838380578772227	1.6281611970762132E-4
37.0	25.00110677371556	25.808140125364908	21.47622780267657	27.71449274607486	3.255216810460444E-5
38.0	25.902756376106918	25.6349909643818	21.750277186666793	26.711877843258303	9.762958619049028E-5
39.0	22.93233571977974	27.842977379299217	22.079065082180783	27.145394062993333	2.277557469282257E-4
40.0	25.866433221327718	26.50899346867047	23.337344455168964	24.287098729225853	1.3012560699529239E-4
41.0	23.42655841367735	24.868294364859413	21.802698518026986	29.897699623976997	0.004749079459255501
42.0	23.918372550862664	26.8071682750586	21.109587156455646	28.164839493098782	3.252452430443865E-5
43.0	25.7139363484196	25.88018246747355	22.647391396112923	25.75481494224801	0.0036748457459107584
44.0	28.62332506978063	25.500072837190668	22.779473699270845	23.096868260934034	2.601328238198424E-4
45.0	25.501714837858497	24.730175976924386	22.17484161036426	27.589528711382822	0.0037388634700359358
46.0	24.747373608783114	24.6502696285277	22.658939092690577	27.94341766999861	0.0
47.0	24.82546749227415	24.920189795670925	23.72302860425028	26.52952628121342	0.0017878265912225516
48.0	22.394525743601875	24.664861671561514	23.215969657365047	29.72464292747156	0.0
49.0	22.100216919175836	26.133951815089723	24.867171121806162	26.896808077867355	0.001852066060921926
50.0	26.772077192318978	24.96205981342298	20.642223147103955	27.623509887191506	1.2995996258452678E-4
51.0	24.102985074142016	27.927957486301914	21.714431989355333	26.25228653411293	0.0023389160878120054
52.0	22.741003891645995	26.607330195982826	21.417604348891707	29.234061563479475	0.0
53.0	22.0975163435077	25.55704182753412	24.024721669230512	28.319037180569744	0.0016829791579213783
54.0	22.61172201714852	28.908272183397383	22.588679543267098	25.891229167111657	9.708907534306424E-5
55.0	23.156338468373523	28.751737079742938	22.761265833901597	25.329237957969124	0.0014206600128117703
56.0	25.566912859968117	26.097781290213025	25.450628009217557	22.8846778406013	0.0
57.0	22.296513194995672	27.99712319299753	23.369053471746316	26.332564958153625	0.004745182106854399
58.0	25.057210379915656	25.877909014677485	21.863499422570552	27.20118752287608	1.9365996022224416E-4
59.0	27.005208055978613	23.405527052231278	24.584593229753146	25.001831549710516	0.0028401123264425107
60.0	23.89701629272446	23.748560800209585	24.151939540235887	28.202483366830073	0.0
61.0	25.027727063869882	24.352159810998415	23.256513846132034	27.357895978238524	0.005703300761148986
62.0	24.655419621539938	22.65827434326901	25.262998488866263	27.423146444647074	1.611016777128717E-4
63.0	25.609883400616667	24.337406847757098	23.340689930697632	26.709732295032847	0.0022875258957597002
64.0	24.585805446800247	22.647983581726276	23.7155057580028	29.050705213470675	0.0
65.0	23.722124255133092	26.53659995081106	23.84654335137464	25.88981354817864	0.004918894502572775
66.0	23.901992706098998	24.98363630284606	23.59931253182723	27.51467267461897	3.8578460873724986E-4
67.0	26.270521433845833	25.952877011075604	20.961606526610797	26.814448529612683	5.464988550848986E-4
68.0	23.00736686553164	23.16330640689387	27.01775511995065	26.811475170059605	9.643756423143601E-5
69.0	22.553287238385455	25.651452762321718	24.959482090794832	26.833013497397918	0.0027644111000748963
70.0	24.63293206306495	23.565042628279603	24.76708822083259	27.03468032962617	2.567581966844814E-4
71.0	24.51996819633259	23.246317099464562	26.59447251236169	25.638409970270487	8.322215706709755E-4
72.0	26.492743196066204	26.40181711343453	22.173226189272192	24.93090129799303	0.0013122032340368876
73.0	25.095869614124606	23.63956033265308	22.96310471941237	28.29746509955623	0.0040002342537178975
74.0	24.363066190940945	26.25602790355354	23.713188588982575	25.666821330858706	8.959856642293723E-4
75.0	24.484401328298137	25.012719177832345	22.70810014840641	27.792571488179004	0.0022078572841051553
76.0	26.43633070851025	24.556569150382845	25.576090538798002	23.43027367060337	7.359317055377261E-4
77.0	24.039498926875215	25.611207594933465	24.01716615708704	26.331455418288296	6.719028159766971E-4
78.0	26.700503813877773	26.704087172886513	20.993236729813773	25.60172436354585	4.479198760925645E-4
79.0	26.930500664346706	21.647752594919357	22.906092121676707	28.513095132592596	0.0025594864646357354
80.0	23.863816320504302	23.368830958595844	28.52589891254864	24.23956626075862	0.0018875475925930073
81.0	25.07508439396305	25.178321436706447	21.982899825197645	27.763086502852374	6.078412804848398E-4
82.0	22.159648383653128	22.771022938302387	24.456805656726193	30.611627281297878	8.957400204164744E-4
83.0	25.02611158580259	22.701964518953414	24.530431313813438	27.740468911298024	0.0010236701325364913
84.0	23.17215242187205	26.519167889123533	25.018792675366846	25.28915130038916	7.357132484043019E-4
85.0	24.73923098329351	27.476945811862468	21.330601695918215	26.45261376758052	6.077413452834474E-4
86.0	24.83340657878492	25.568707751927573	23.357782601102713	26.238631762170417	0.0014713060143791378
87.0	21.456205227009736	22.504050718254874	26.49978922831978	29.539187220903436	7.676055121751829E-4
88.0	24.635400675468222	27.663462030498415	25.36843721215843	22.332124398730937	5.756831439975437E-4
89.0	26.29384204550906	26.420295185250332	23.422805699026174	23.86206565713098	9.91413083454595E-4
90.0	23.30090691424977	26.08644067417189	24.913774549668897	25.698717963067846	1.5989884159685216E-4
91.0	25.943771221861144	25.423509840803664	24.55404111564711	24.07819814127036	4.7968041771849924E-4
92.0	24.837690421760275	24.758098530859684	23.16245539544443	27.241755651935613	0.0
93.0	25.93061821214373	26.4794025215555	21.22089639673633	26.368763102457223	3.197671072204692E-4
94.0	27.2203450638765	24.1264605356014	23.406876656147688	25.24241669419252	0.003901050181894459
95.0	23.4413359876756	27.054082969725535	24.207454370232146	25.29444078154307	0.0026858908236540007
96.0	25.525342514590584	24.918058366168072	24.290342765587294	25.265361078755095	8.952748989538394E-4
97.0	25.12078638483017	25.306390240018878	22.954352961940177	26.61824660149909	2.2381171168319515E-4
98.0	27.176215036876656	23.27638244295213	24.515014751941028	25.032355796099655	3.197213053325677E-5
99.0	21.504187338021772	22.74486824518617	27.163143625198643	28.587768823520577	3.1968072846286955E-5
100.0	22.27086813019955	25.58969400068728	24.47220912483717	27.667228744276002	0.0
101.0	22.941525262550563	22.938041103487517	28.482744622328344	25.63756115258539	1.2785904818528055E-4
102.0	24.86425727051614	24.497854203484938	24.96208410806221	25.675772448381956	3.196955475361704E-5
103.0	25.855353841196617	25.752166674764794	25.052073077483715	23.34018264256324	2.237639916427346E-4
104.0	25.184632537776793	27.248898470004885	23.60940628620089	23.956870913215038	1.9179280239971154E-4
105.0	27.026579475008695	23.905927123186775	21.537194130163474	27.52710247151012	0.003196800130940933
106.0	25.63516660566237	23.768818759700082	24.744397328171676	25.851553371832637	6.393463323098464E-5
107.0	25.102246971910454	25.21815990614441	22.99305353540843	26.685836308943458	7.032775932562073E-4
108.0	23.610225929579112	24.837135476562914	24.429934214942175	27.122608491648535	9.588726725763056E-5
109.0	25.156607560629496	24.723827360938877	25.820943224965166	24.298014599659936	6.07253806522545E-4
110.0	24.008129216056066	24.692989142402222	23.613781060230536	27.68506862182047	3.1959490706339904E-5
111.0	24.6121791890832	24.52636433630601	24.720814080922928	26.139875333551306	7.670601365558808E-4
112.0	24.976182494029246	24.72686969419313	23.792609845762275	26.504306006933202	3.195908214794434E-5
113.0	28.037120944111177	22.367992565329008	23.23762920153666	26.35642638528431	8.3090373884312E-4
114.0	25.9314700363969	22.657507095461238	27.451293705276864	23.959569373173803	1.5978969120003018E-4
115.0	26.730918894213946	24.084357815978255	25.805105127660156	23.378946981524955	6.711806226958129E-4
116.0	26.230381100528096	24.94947754847135	25.10717343703207	23.71290399184098	6.39221275073854E-5
117.0	25.349607101513104	27.40557236357221	24.12712485753315	23.116864687333603	8.309900479353412E-4
118.0	25.68210110824351	25.16011601799398	25.321102969964766	23.836424216758687	2.556870390641854E-4
119.0	26.3522981077415	22.034181084574406	25.18691182543305	26.426129557254214	4.79424996835795E-4
120.0	25.08823678877217	24.23375501830256	25.163952790801066	25.51399147979239	6.392233180995763E-5
121.0	27.210945233242377	23.48769041604914	24.578704341458753	24.72192488927655	7.351199731777095E-4
122.0	26.21370487540296	24.48590896102759	24.93177734323811	24.368225277636967	3.8354269437464324E-4
123.0	23.757952866739583	28.337583172299702	23.80829252358613	24.095564165323744	6.072720508472085E-4
124.0	25.018298276286394	25.036165064835025	23.067014839981972	26.87845789478731	6.392410929744208E-5
125.0	26.077080328925163	24.13578518609432	24.659734793859243	25.12653672281714	8.629683041330428E-4
126.0	23.581904554608737	24.55495392526211	25.36582840080659	26.497153309611182	1.5980971138046505E-4
127.0	25.620312022572605	23.271896618072148	27.732754443630487	23.37395021906526	0.0010866966594944686
128.0	25.67624797159968	23.396896535522615	25.196271802606645	25.722177634970723	0.008406055300337488
129.0	24.0986555942754	27.05949322139914	22.492643211666792	26.345724145447548	0.0034838272111196093
130.0	25.708000976773505	25.06913485227579	24.15954649071106	25.063317680239646	0.0
131.0	25.17507506413293	25.095360374959487	25.097789531486026	24.631199702875804	5.753265457585968E-4
132.0	25.969055181984913	26.214687026355644	22.315165632892743	25.495658533061693	0.005433625705012935
133.0	26.50266613268369	25.612964407775905	25.056916810843138	22.825279214392992	0.0021734343042724923
134.0	25.804621543894058	23.846196134032315	21.530949539398954	28.818232782674674	0.0
135.0	26.276433490710165	24.577249523458864	25.829488403846078	23.31634916434309	4.7941764180215005E-4
136.0	27.37759640597453	26.539913089836574	24.46282027187872	21.61404497901397	0.005625253296206661
137.0	28.044561496591246	21.866743801758552	24.667898271172465	25.420476809931248	3.1962054648721036E-4
138.0	24.881952678796868	24.700351249508604	27.361985150998937	23.054688174173734	0.0010227465218628049
139.0	25.15147108410053	24.4189253759011	25.09649819500354	25.33166710080334	0.0014382441914910279
140.0	26.432956938900094	22.100894589316706	25.450730469411692	26.015226236172857	1.9176619865060517E-4
141.0	25.226767153760594	25.53254324396886	25.29788158887227	23.94229662869635	5.113847019266418E-4
142.0	28.41039553454311	23.33318843951919	23.901726196716368	24.354466096125964	2.237330953665515E-4
143.0	26.26703145325479	26.062190573292384	23.983706057012817	23.686944070673142	1.2784576686685183E-4
144.0	27.274755388985287	26.1203620751209	23.23767084736586	23.366700301047416	5.113874805313188E-4
145.0	27.81446222272792	22.759018993309226	23.166461368722565	26.258810925387678	0.0012464898526137612
146.0	26.796738664910926	22.09078298889663	25.51186085311208	25.59652644161622	0.004091051464148966
147.0	26.07716707814984	24.974967440894236	26.612590586223707	22.331375792005243	0.0038991027269749197
148.0	24.046631024793346	24.992617223155456	23.90341793803837	27.05688637299195	4.474410208814332E-4
149.0	27.256194865766588	25.65208650743199	24.171378475288456	22.917687412048103	0.00265273946486894
150.0	25.497685044614748	24.032835738845673	25.017882335193264	25.451564920068037	3.196127827214773E-5
151.0	26.1236019698992	24.599352827766783	26.14715816981431	23.12937563604936	5.113964703415617E-4
152.0	27.112902158664753	24.58100897928082	23.17675979424972	25.129201217011698	1.27850793010525E-4
153.0	24.825426616851416	23.629278913721578	25.602444778492288	25.94211454417545	7.351467592653263E-4
154.0	22.663523172508405	25.268828202461307	24.77163746596697	27.293230342986497	0.0027808160768246788
155.0	26.93073529002785	24.190975106950958	24.13247693717648	24.74555693614078	2.557297039321319E-4
156.0	25.326008361106723	24.041921890973164	26.300788864473734	24.33102515300672	2.557304396581651E-4
157.0	24.472548482449078	23.21886317060049	26.74317687866593	25.565059839267178	3.516290173215651E-4
158.0	24.55401354246517	21.852329461287106	26.40413089302143	27.18936626863591	1.5983459037910848E-4
159.0	26.16537411530027	22.082808534035763	24.724440409439357	27.02676955929646	6.073819281499146E-4
160.0	25.7521019726463	22.234540539037184	26.250194604896915	25.763130915469386	3.196795021183562E-5
161.0	24.05929154992794	21.352125337428728	29.02309029087603	25.56178446248611	0.003708359281192097
162.0	24.972346688763743	23.91797228658677	25.310644191078307	25.799004864425246	3.196914593787244E-5
163.0	24.923304155450552	24.34762175745059	26.863942402987266	23.8650038044208	1.2787969078690767E-4
164.0	25.305278557592185	24.56679138368755	24.732558559612723	25.3934852380893	0.0018862610182420623
165.0	25.776732521639932	22.64934065097887	27.087885281007434	24.485306201007614	7.353453661412464E-4
166.0	24.55015919239355	23.371387317427523	25.950917970036404	26.12747157461388	6.394552864088255E-5
167.0	26.200878249231195	24.16649773979037	26.42872170421533	23.203518624268046	3.8368249506168657E-4
168.0	26.22902595909764	25.064420525423365	23.643539865905545	25.062949700671176	6.394890226913087E-5
169.0	26.054298107192476	22.346959820807612	25.77054485165627	25.827973389738645	2.2383060499813742E-4
170.0	30.607458854151677	23.46450121351074	23.68050292745476	22.24747305174768	6.395313514256752E-5
171.0	25.558550065809587	23.970358185778736	27.053431755651374	23.416732646798867	9.273459614403154E-4
172.0	26.751150784324075	24.775239310376804	24.235206085926293	24.2383398647039	6.395466893066195E-5
173.0	28.68227663886001	20.21729418976595	23.89916311422175	27.199859042737746	0.001407014414542901
174.0	23.595926364500645	26.24522206122989	24.37194068816389	25.786591104375795	3.197817297825197E-4
175.0	25.742225337690584	24.294950286995824	23.335707243474598	26.625454222175605	0.0016629096633919071
176.0	24.129584176147493	25.16107677670555	28.254914972377016	22.453240803664944	0.0011832711049993203
177.0	21.523062525866145	26.492048739331313	24.981657825536015	26.976525214972842	0.026705694293680762
178.0	25.156585880951877	23.641605890302582	23.996478456609736	27.205137897268916	1.918748668868111E-4
179.0	27.76207961574737	25.047838083240027	23.10361138749471	24.085063675902944	0.0014072376149497248
180.0	26.550855914441907	22.616509798187355	25.795565611556192	25.036844211514637	2.2446429991508835E-4
181.0	27.418025245530075	22.950940228524487	26.34656582241937	23.283633758373938	8.349451521318237E-4
182.0	24.800097315448088	23.50566063291631	26.033390881683736	25.660626497083587	2.2467286827975366E-4
183.0	23.396114502427594	24.989753299245066	26.43847790997475	25.174948172717173	7.061156354222267E-4
184.0	25.795900916891725	22.481661202634804	26.91555133868246	24.803066962047502	0.003819579743516825
185.0	24.56262530404333	25.141330604980038	24.949958615767216	25.34547570365231	6.097715571094389E-4
186.0	26.52386037245694	23.805167974082135	25.185055376194477	24.485884181636873	3.2095629570217055E-5
187.0	24.082213545519455	22.986954927602422	28.370073523263066	24.56001826824734	7.397353677128025E-4
188.0	26.829914713552554	28.27427781844755	22.94709126769189	21.94839455885588	3.2164145212109675E-4
189.0	24.71866235590543	24.277593123282905	25.10578810084505	25.896894920208997	0.001061499757624222
190.0	28.515959510434758	22.129260099711956	24.909652526544495	24.44483833962672	2.895236820721146E-4
191.0	26.252590633506557	24.227063226924027	25.054938185680115	24.465021292171905	3.86661717396684E-4
192.0	26.50818362488709	23.9365186989601	24.365543086610206	25.189625685647872	1.2890389473450148E-4
193.0	27.62137679349387	25.090333399620263	22.222322494184855	25.065677240237694	2.900724633243658E-4
194.0	27.45473890563704	23.97199805705014	24.37312630882395	24.20013672848887	0.0
195.0	25.90599262672098	21.925028014076027	25.02037387347309	27.147992980040055	6.125056898554874E-4
196.0	27.58873951947597	22.95216990630699	26.582499350520937	22.876429661740964	1.6156195513230632E-4
197.0	24.854863819391547	24.94726360569886	24.364488877929187	25.83264036186846	7.433351119511157E-4
198.0	26.690798265788164	23.73942016824134	24.879859988811535	24.689856829106578	6.474805237858446E-5
199.0	25.054786931062534	23.470312554738275	25.453541071708923	26.020905317543626	4.541249466403188E-4
200.0	27.187723031805145	23.931296471717943	24.123444454537196	24.757536041939712	0.0
201.0	24.36507331411599	21.98787587779845	29.18536086053042	24.461495286775882	1.946607792595428E-4
202.0	24.655155854757925	25.59351609943244	28.402302162381748	21.34902588342788	0.0
203.0	25.22733845313454	25.029966124403963	23.282988946046046	26.458992417669837	7.140587456130015E-4
204.0	25.984676001036146	24.01350620549246	23.821793915455725	26.179958956820265	6.492119540695526E-5
205.0	27.312095476215674	24.972488000223343	25.35785077231621	22.356656800219707	9.089510250695185E-4
206.0	24.95724236985707	21.78681441695085	26.226270651578233	27.029575163823083	9.739779075837816E-5
207.0	25.202540564937998	23.97814023113166	27.326334657085425	23.49265983251235	3.2471433256592514E-4
208.0	27.93312001787589	22.33394651783951	22.42241657053181	27.310451937766967	6.495598582400566E-5
209.0	26.708960884345455	21.491894420379186	25.43951715725685	26.358847921102768	7.796169157380293E-4
210.0	24.284501966583992	25.216850567557504	25.180917280012583	25.31737280233508	3.573835108446402E-4
211.0	24.8035276786872	25.693994217378346	25.51522495971111	23.986570694775786	6.824494475571722E-4
212.0	27.905478888648656	23.106009496978754	24.91606016812351	24.072191344126487	2.601021225958842E-4
213.0	29.097017275391284	23.438109960806358	22.984494308333726	24.48015073676759	2.277187010404793E-4
214.0	26.967841996407827	25.746587287660777	24.57270084061573	22.71286987531567	0.0
215.0	25.618045560185145	25.206961258053024	23.265003060051388	25.90963126707006	3.588546403819779E-4
216.0	25.51296779280045	24.853431880352232	26.134452921808442	23.49908140194531	6.600309356499539E-5
217.0	28.18166689410253	23.124569397339336	26.004073875607002	22.689057450299714	6.323826514140409E-4
218.0	24.322993963414675	24.744552985376224	25.856247633815904	25.075902814809236	3.026025839570869E-4
219.0	26.21312144075371	23.84558427799771	24.702178762646334	25.2385047076557	6.108109465465767E-4
220.0	27.955495450353247	22.17707884620767	25.079411457504886	24.787707044938045	3.072009961504302E-4
221.0	25.10397924887248	23.24336132487968	24.64722739203875	27.005328828999286	1.0320520979899065E-4
222.0	25.04049425977329	25.250730150152577	24.42973775875588	25.278898556134166	1.3927518408697457E-4
223.0	29.91607272194369	23.030224247599563	24.421590841837382	22.631407627856643	7.045607627292992E-4
224.0	29.16911056995829	23.65167205385397	24.771215318362277	22.407860723659198	1.4133416626268652E-4
225.0	30.18356818663477	20.377299047169313	23.752850029087007	25.685358211141818	9.245259670897203E-4
226.0	25.14305957218393	22.599614283672505	25.88716735386863	26.369870781070166	2.880092047741846E-4
227.0	26.62413759104343	23.888841793366762	26.546060087660734	22.93957798127086	0.0013825466582210045
228.0	26.75588494432406	28.054190395419166	23.682800081329557	21.507087943992513	3.6634934707387616E-5
229.0	27.645320466462266	25.562522195463462	22.250450930518824	24.541632499664644	7.390789081291658E-5
230.0	25.550379133312756	23.06727284304741	28.0436140157373	23.338734007902538	0.0
231.0	24.798509281893796	25.23949074678547	24.55964117708768	25.400849359131595	0.001509435101460454
232.0	25.078061702883048	25.346270789902505	24.545929715639954	25.029510206434896	2.2758513960072463E-4
233.0	22.8059257005479	25.156682548134217	22.661094707176318	29.375836043632162	4.610005094055629E-4
234.0	26.67684210526316	21.71216374269006	26.53551656920078	25.07438596491228	0.0010916179337231969
235.0	25.025272730358814	22.47360524330702	27.47095461645252	25.029970043771854	1.9736610979160903E-4
236.0	27.995959429405477	24.303335751965957	23.71954213803655	23.980842508595618	3.2017199639646415E-4
237.0	27.80209882914883	24.728376696317437	22.563850349636198	24.905633646032566	4.0478864972626166E-5
238.0	27.03139802742299	22.807901144567534	24.51165830119317	25.648960431885016	8.2094931294752E-5
239.0	27.30071662980265	23.905130396127426	24.34849847704189	24.444446296093385	0.001208200934647578
240.0	25.49826635627995	22.28682387679451	26.480836837537375	25.733900556162215	1.7237322595630512E-4
241.0	29.49628121279056	21.123056480698548	23.47132823689796	25.906961293551227	0.002372776061709434
242.0	26.254848953006544	24.873713249755987	21.54668524837619	27.32384478854804	9.077603132378254E-4
243.0	27.98023508739857	23.014053864845323	25.075368241930434	23.927700206166094	0.0026425996595811786
244.0	25.960248628402294	23.059598405569222	26.472378336092884	24.506689333445625	0.001085296489977504
245.0	28.741973929592767	21.42214554085942	23.618072316921676	26.216068968006162	0.0017392446199728765
246.0	24.364396353458297	27.07622104840034	23.477976468108437	25.079097971738562	0.0023081582943668306
247.0	25.2142472397227	23.58998514913021	24.561855726307847	26.488543458966024	0.1453684258732246
248.0	25.87250866953097	23.334976356618423	24.07538464426654	26.707219799405628	0.009910530178437568
249.0	25.53778685943685	21.715505156824303	28.2992749221692	24.431755229629875	0.0156778319397726
250.0	26.109549791470588	22.531970487767957	25.423739225249058	25.933687427464452	0.001053068047940923
