# Position (bp)	A	C	G	T	N
0.0	24.320403207321192	22.80270578425474	25.701000252327038	27.175837012318883	5.3743778149983296E-5
1.0	23.018083819391908	30.58488206537058	24.580622789672717	21.743438846192735	0.07297247937206659
2.0	24.88366533332443	25.584838629974154	22.31002544257391	27.220455562307595	0.001015031819911986
3.0	26.09573828859164	22.014235232467176	24.934976642820324	26.947125364605736	0.007924471515126935
4.0	25.884426055788897	23.277994084409794	24.16711875567333	26.67035446888317	1.0663524481452798E-4
5.0	29.46567182461382	23.177769434170266	22.907356665255353	24.44864287673385	5.591992267073551E-4
6.0	26.189871440216034	23.479642663951715	24.330101183574698	25.995256986725302	0.005127725532247283
7.0	26.51413004120903	24.94349177212084	23.74154631340348	24.800301341846595	5.305314200601888E-4
8.0	28.00544417534441	24.182466247464106	23.821022603077807	23.991013984281626	5.298983204607783E-5
9.0	27.531531522003256	25.63637474157254	21.082445864089692	25.74935702162528	2.908507092394545E-4
10.0	25.32665934387583	24.614642094635183	22.680046345974922	27.378652215514066	0.0
11.0	27.48282773779226	21.911168136025015	23.340349319931562	27.265474601115937	1.8020513522850782E-4
12.0	29.10979666737758	24.967748282302114	19.765759110744835	26.15669593957547	0.0
13.0	26.83675441764903	22.55180892299626	25.043729704553343	25.567531005422506	1.759493788609892E-4
14.0	26.354783854957287	22.345426773853383	22.764471437554686	28.535293068942085	2.4864692559265617E-5
15.0	24.842998581417202	24.318020114789153	23.2852507052516	27.553681631238007	4.89673040414185E-5
16.0	26.650727023664402	24.187904754631326	21.00424584526833	28.15704987224762	7.250418832527892E-5
17.0	28.437127455706868	26.008436877075237	19.463042543185317	26.09018846327096	0.0012046607616243267
18.0	26.31034413201414	25.107413716024357	20.060974494197385	28.521150381078865	1.1727668525423944E-4
19.0	24.926608407666144	24.520609385909562	22.779233423067875	27.773105400127697	4.43383228726006E-4
20.0	23.06183977481731	24.610237122301225	24.425456872525945	27.90241990790634	4.6322449179061975E-5
21.0	24.253748228651997	23.700791326533775	23.31745197863793	28.727778756595825	2.2970958047450189E-4
22.0	23.19045810660723	26.13800537392847	26.39111135958845	24.280402433290085	2.2726585764566662E-5
23.0	24.883314630964925	24.226218240925242	23.779418923480673	27.110709052270387	3.3915235877074E-4
24.0	28.90233140224387	21.379543918145508	23.50524608148641	26.212833709945155	4.4888179057150733E-5
25.0	26.007491201664614	24.955351151464466	19.60700583745845	29.429907796328937	2.4401308353787913E-4
26.0	26.613764805898526	25.004820537943324	19.88570741974108	28.495640974727127	6.626168994255774E-5
27.0	25.311974952042863	24.3784534650409	20.30050933786078	30.008951998765244	1.1024629021233436E-4
28.0	27.350710776399957	24.240660424284204	22.646256752157637	25.759754086200726	0.0026179609574755874
29.0	28.464244301760093	22.932386943805056	22.34834980356865	26.254694449732614	3.2450113359062667E-4
30.0	23.990374604755598	23.74767897890098	25.382837001530532	26.879002084357445	1.0733045544605464E-4
31.0	26.22194634000577	24.12233484481518	22.911751890813957	26.743603296012942	3.6362835214539656E-4
32.0	24.24401732231169	22.2364857347417	24.002370394779867	29.51699915324844	1.273949183016389E-4
33.0	24.628300414179538	25.002001783483728	24.29238007420506	26.077212371106217	1.0535702545931448E-4
34.0	27.480360861907005	26.553524481963287	22.167706536464888	23.798387203044122	2.0916620702392673E-5
35.0	25.39998062305972	22.161154037566423	25.632524608300123	26.806050905043882	2.8982602985539336E-4
36.0	23.904093140991208	23.449458275047476	26.315933173225194	26.330391306587096	1.241041490292263E-4
37.0	25.655900900835704	25.39224822679051	21.16617562191822	27.785675250455565	0.0
38.0	26.53648018985327	24.84245734296381	20.8241169879812	27.79684211831927	1.0336088245387004E-4
39.0	23.167027293927305	26.931591464739167	21.685668750512832	28.21542313472275	2.8935609794207876E-4
40.0	25.875597469121935	25.653317980149836	23.183258857856234	25.287784361617067	4.1331254922294145E-5
41.0	24.22348081362155	24.292765560707426	21.969360561501937	29.509557802964757	0.0048352612043230546
42.0	24.60629298979309	25.79830771223794	20.2133407383578	29.382037898270585	2.0661340586290335E-5
43.0	25.99310190239987	25.76822681291983	23.02619686331788	25.208611156159584	0.003863265202826588
44.0	29.367734403128576	23.892373784122498	22.765696952996365	23.973946979695114	2.4788005745033466E-4
45.0	25.77431757135643	24.372149124845226	21.91713060351549	27.93243716327789	0.003965537004966216
46.0	26.252341121272405	24.01768936674025	22.04364062763631	27.686328884351035	0.0
47.0	25.982983392876797	23.618631910712267	22.580322759231922	27.81632736081522	0.0017345763637951787
48.0	22.434126845345364	23.503424316040018	22.213759984276614	31.848688854337997	0.0
49.0	21.739667167755066	25.81043582304492	24.32003157641364	28.128069441686232	0.0017959911001415735
50.0	27.072995474616217	23.96669921937491	20.73506368420281	28.225179695284357	6.192652170493623E-5
51.0	25.535999332929073	26.317186446736905	21.433492491943344	26.71090689861141	0.0024148297792680466
52.0	22.483994635772937	25.77411430943814	21.93105584331712	29.810835211471804	0.0
53.0	23.52491625156543	24.133900449310634	23.729041816750428	28.610640559100087	0.0015009232734190805
54.0	23.10220003819932	29.38765339606958	21.844685843492577	25.6653990441124	6.167812611984348E-5
55.0	24.788711704573476	27.07735878244107	22.533875677913628	25.598494587564673	0.001559247507153048
56.0	27.425532617617137	24.4106911448635	24.5718719145227	23.591904322996662	0.0
57.0	23.346308849559154	28.171605013990543	22.82978388657907	25.647174127844902	0.00512812202633024
58.0	25.325245090096427	25.284183089757594	21.994321055617476	27.396045659631707	2.051048967973691E-4
59.0	28.209649688968135	21.983249338015167	23.95030463300168	25.854068620001325	0.002727720013691924
60.0	23.417540018795748	23.07273969695753	23.251315661181707	30.258384139471968	2.04835930516375E-5
61.0	25.393519997771563	24.555991957961176	22.922329930049994	27.122095452512152	0.006062661705115412
62.0	25.70193681104305	21.42020930814601	24.718006653064517	28.159519530934784	3.276968116329091E-4
63.0	26.58636462778131	23.63040582123222	22.923313703263386	26.85758112891846	0.002334718804623972
64.0	25.090378747798386	21.884112079251704	23.645524446043822	29.379964291939654	2.0434966434545883E-5
65.0	23.830869762442838	26.00850432572262	23.383197315886047	26.772565478404083	0.004863117544411706
66.0	24.33075885742307	23.663479220301582	22.955661803767725	29.04950758040129	5.925381063299416E-4
67.0	26.9816136005948	25.690187198394582	20.945510950910965	26.38219789708021	4.903530194406584E-4
68.0	24.358373753456082	21.907955101025962	25.83625779501752	27.89724990617274	1.6344432769525315E-4
69.0	23.30357615293326	23.983353085421978	25.48287063869899	27.227319539082067	0.0028805838637046637
70.0	26.44953019082836	23.055285393977172	24.284291663538955	26.210607178175003	2.8557348050430644E-4
71.0	24.506528339669025	22.899494501379742	25.829005527110517	26.764076223656687	8.95408184030802E-4
72.0	27.275246685058253	26.019652600046474	21.68618754941942	25.0172853513413	0.0016278141345543024
73.0	25.54207842029836	22.854900231040478	22.82902109312502	28.76991086345988	0.0040893920762637035
74.0	25.266512765597334	25.883249466201434	23.055703832934068	25.793760903812103	7.730314550567649E-4
75.0	26.593411868855764	24.57459247289255	21.664091398033193	27.165625981490614	0.002278278727874252
76.0	27.68198945356583	24.06101586521524	24.71902890139548	23.53713179625415	8.33983569303221E-4
77.0	25.303375595055517	25.385163946897165	22.822977543493668	26.487628621895766	8.542926578834534E-4
78.0	27.142455003054984	27.31438429664993	19.499666026381067	26.04300652733336	4.881465806552391E-4
79.0	26.99346411875433	20.589053034501763	23.507776041068155	28.90679835377555	0.0029084519002055237
80.0	24.109549479190502	24.36243419333254	27.576311328458274	23.94930509582834	0.002399903190345881
81.0	25.57899551495452	25.431710794798544	21.617927328555766	27.37079690958341	5.694521077557954E-4
82.0	22.962108054682194	22.703258398174547	23.701969030778052	30.631505305929867	0.001159210435334361
83.0	24.722200021678574	22.93674756680347	23.716037489702167	28.624018439398718	9.96482417067751E-4
84.0	23.42805839882137	26.51757526336713	24.029006225642163	26.02432301352397	0.0010370986453661518
85.0	25.97652048123782	27.266015131100822	20.940709883936332	25.816042805976146	7.116977488796861E-4
86.0	25.727254168693197	24.239562203848326	22.689549271993506	27.341784042904475	0.0018503125604909874
87.0	22.14164275307305	22.873547139904385	25.198204620118485	29.78562956017015	9.759267339269949E-4
88.0	25.41480394311527	26.605822045850395	25.2390036369743	22.739618134979747	7.522390802840374E-4
89.0	27.107728682414816	25.38459427288908	22.85355319345746	24.653005711660263	0.0011181395783800598
90.0	23.50779955767981	25.295030901222816	25.222964301520147	25.97394096149651	2.642780807149982E-4
91.0	26.87544277087922	25.094703418470697	23.611485768823034	24.417900496106665	4.675457203812327E-4
92.0	26.421836785138158	23.637762137690586	22.47121282588333	27.469188251287925	0.0
93.0	26.36286839898255	26.47878930039714	21.149029602006937	26.008967151476075	3.4554713730457784E-4
94.0	27.48999570721935	23.504193591398828	22.947229693033663	26.054678480485734	0.0039025278624228847
95.0	23.817542504649342	27.134094165709698	23.297893314092335	25.748071665938355	0.0023983496102681886
96.0	26.424776638727877	24.522344256830912	23.08179615794223	25.970046420122433	0.0010365263765476761
97.0	25.78196099025427	25.12603358104458	23.794201174917905	25.29760102298256	2.0323080068464393E-4
98.0	28.814962595746092	22.282229529678418	23.871862055314523	25.030925496936714	2.032232425609624E-5
99.0	22.152214920812607	21.788372440288207	26.9584544262355	29.100937896482964	2.031618072055398E-5
100.0	22.543273806561185	24.97816629371439	24.091389728863867	28.38717017086056	0.0
101.0	23.653553204883526	21.622941471977164	28.81379585772433	25.909607896232046	1.0156918293483342E-4
102.0	25.011478168726235	24.548389927815524	24.58406366990981	25.856068233548434	0.0
103.0	25.9248358186763	25.834079312005553	25.04067081814716	23.200332800941204	8.125022978580612E-5
104.0	26.215330779307067	27.372909568904984	22.610221345557886	23.801152378926986	3.8592730307703904E-4
105.0	27.58711748037254	23.350714510608476	20.56429579825105	28.49484557023736	0.003026640530576179
106.0	25.91439819917393	23.19692939817683	24.649253697994382	26.239317142094553	1.0156256030277019E-4
107.0	26.287152393749103	23.881733895170456	22.374990732531202	27.4553917371756	7.312413736369203E-4
108.0	23.93421001590442	25.186741348989568	24.253232622275245	26.625734774581122	8.123824964879688E-5
109.0	26.144539043818632	24.75487254468932	25.27431956988592	23.825517461961407	7.513796447192735E-4
110.0	24.703492420367304	24.622267202942627	22.2577402047972	28.416418946675442	8.122521742467732E-5
111.0	25.45466507762421	23.305294951283962	24.16143252624245	27.07797794685778	6.294979915968111E-4
112.0	26.01056465725375	23.63487725804624	23.961332233575824	26.393124322550594	1.0152857359258045E-4
113.0	28.56183581706481	22.25794582898802	22.633084310419328	26.54638275130522	7.512922226229114E-4
114.0	26.603062976019977	22.274145674423103	26.25115314941019	24.871333604220645	3.0459592609040776E-4
115.0	26.92379315589786	23.133768687291454	26.577833176863408	23.36391452213516	6.904578121138386E-4
116.0	26.941594824566373	24.562921211183387	24.699934468388765	23.795447959432543	1.0153642893536414E-4
117.0	26.09109656430767	26.68545092890715	23.32621562099248	23.896546437234672	6.904485580286476E-4
118.0	28.22903136978724	24.03232016531705	24.413507065695494	23.32483679084128	3.0460835894074274E-4
119.0	27.74775418762068	20.779176471830578	23.92181104389762	27.55081153046661	4.46766184511185E-4
120.0	24.28752019316392	23.856475469176928	25.274682874673935	26.58128084819919	4.0614786015923025E-5
121.0	27.561377700302014	23.582427749608875	24.41321180180429	24.442332904978286	6.498433065327123E-4
122.0	27.479916145248325	23.159706829231542	23.938935415067007	25.420913609013716	5.280014394131548E-4
123.0	24.645611726431994	27.68312396177294	22.824343150036757	24.846047934105837	8.732276524797635E-4
124.0	24.596195921689485	24.944794116679468	22.575154935915688	27.883794103276532	6.092243883082529E-5
125.0	27.227694925146302	23.444628812110622	23.936694853867696	25.39016911711399	8.122917613917319E-4
126.0	24.90174739663347	23.733194809330143	25.24595896632555	26.119037905309124	6.092240171541237E-5
127.0	25.82020686236543	22.6298890591769	27.447045155520428	24.101782635916265	0.0010762870209735848
128.0	26.453223488443072	23.275823029451836	23.93821468613565	26.323844089193194	0.008894706776243497
129.0	23.436031830001717	27.17253367747805	22.51961452271751	26.868712919743675	0.0031070500590441048
130.0	26.450290534326065	24.195204787454944	23.914367462105034	25.440096600404168	4.061570979100577E-5
131.0	26.25124970121911	23.956713984895345	24.64783455184491	25.143531599290604	6.701627500392451E-4
132.0	25.645899588557597	26.28511780737347	22.09049702079957	25.97308362475478	0.005401958514583257
133.0	27.40592537715955	24.65600335974994	24.008991555135317	23.927211375060516	0.0018683328946812623
134.0	26.767769281820375	23.228940824975243	20.79576018059483	29.20740786471309	1.218478964585315E-4
135.0	26.18967305403352	22.998440135926078	26.747718945027433	24.06378201138187	3.8585363109590353E-4
136.0	27.694976847352965	26.781848064777453	24.332039888230423	21.185469142429042	0.005666057210118726
137.0	28.464568176427203	21.418861067154506	24.00264985231663	26.11373812765432	1.8277644734576105E-4
138.0	25.456212828381446	23.830713483885326	26.707701317668388	24.004275802240898	0.0010965678239383192
139.0	27.455464253114332	24.143212950167687	24.389232020453193	24.010953585349732	0.0011371909150630075
140.0	27.302107936639448	21.251854798635932	25.633109000933924	25.81262365747304	3.0460631765687077E-4
141.0	25.570859897511045	24.708797584519676	25.221425122018882	24.498511241739333	4.061542110677835E-4
142.0	27.609398617554103	22.322295468617966	24.219508217728425	25.848655540191434	1.4215590807061738E-4
143.0	26.419368589159735	25.013083399283413	24.18914909470188	24.378236453223977	1.6246363099310565E-4
144.0	28.594864021588233	25.1755627960401	22.57902052003142	23.64988249782095	6.701645192970827E-4
145.0	28.958817936311238	21.96700983360729	22.408305704109598	26.664972967835567	8.935581363139183E-4
146.0	27.518019653668468	21.855872014765026	24.152915841129733	26.46896834081089	0.00422414962587844
147.0	26.3976229357215	24.253009256391632	26.092691453409252	23.253020832212137	0.003655522265481492
148.0	25.21998994714636	24.269457095131475	23.759097070964007	26.75092785808214	5.280286760188668E-4
149.0	27.89345500496156	25.234196627276113	22.95273174224906	23.917382603139735	0.002234022373530978
150.0	25.985130405978058	24.615581776369545	24.50073003463425	24.89855778301815	0.0
151.0	26.57344148651179	24.139101322315998	25.003259787384685	24.283628718137862	5.686856496644551E-4
152.0	27.616812103791816	23.623289546481523	23.09675867890391	25.663058428596614	8.124222613448675E-5
153.0	26.180812613803813	22.941995472728212	24.277185210912165	26.599295825424825	7.108771309811425E-4
154.0	23.734198104920175	24.132867230872442	24.91084886585052	27.219729693883128	0.0023561044737346144
155.0	26.774105925134783	23.241994929399024	24.617891675888682	25.36578398768493	2.2348189258281884E-4
156.0	26.283179655716626	24.001379929101876	25.568794097999348	24.146382196476548	2.641207056004967E-4
157.0	25.175180940898766	22.760163684390065	26.414130609025644	25.65013873676302	3.860289225059128E-4
158.0	25.613291885082695	21.007151855012392	25.7133162664066	27.66609776910886	1.4222438945101385E-4
159.0	27.19827213998429	21.160128776773043	24.47656752399326	27.164381376741144	6.501825082618894E-4
160.0	26.599320305379	21.297287764074525	25.656562003339552	26.44678929019742	4.063700950621563E-5
161.0	25.390571742699024	20.560870145626385	28.02698815235066	26.01831896223296	0.0032509970909671655
162.0	25.812582788319755	22.586045498499725	24.956267854287272	26.645063220356167	4.063853707768686E-5
163.0	25.414294924951943	23.22376162621642	27.942441376925224	23.419359833442822	1.4223846359701163E-4
164.0	26.55653665945029	23.024400076891595	24.549044199256524	25.86831216850151	0.0017068959000766883
165.0	27.29690686832229	21.11241139990437	26.900392166106602	24.689659628918488	6.299367482543132E-4
166.0	25.610711687509397	23.023239273478048	25.929123873699954	25.43684388069043	8.1284622168755E-5
167.0	26.261778287449655	23.02444738298326	25.906877583033534	24.806348056713393	5.486898201577666E-4
168.0	26.108469289646845	23.717193525960155	23.974294385056243	26.199961509048524	8.129028822894272E-5
169.0	26.72928532059526	21.825141978249242	25.62857790878599	25.816730590073472	2.642022960398921E-4
170.0	32.03165837601953	22.709801878057167	21.94039351240264	23.318024292314206	1.2194120645377899E-4
171.0	25.826274161755343	23.441157898566203	26.474977496890006	24.25677750587296	8.129369154856556E-4
172.0	28.011302866649938	24.599234760987233	23.73780762171556	23.65155317923596	1.0157141130428865E-4
173.0	28.9851802311282	19.961021666161294	23.35805901220632	27.69439865176234	0.0013404387418479492
174.0	25.46390492117181	25.296633904348436	22.76762448753449	26.471369562930334	4.671240149268464E-4
175.0	25.790966504961343	24.483377390163426	22.79145294111076	26.932578324852013	0.0016248389124546951
176.0	25.088223381968756	23.47174597190745	27.522831240359615	23.91585884096392	0.0013405648002619381
177.0	23.510691848940485	25.371938533193628	24.546561841192737	26.546370077367765	0.024437699305384298
178.0	24.57403677277215	22.748905170867683	24.98631527057376	27.69033656005205	4.0622573435964907E-4
179.0	28.01884627025446	23.352799822871873	23.861047859126263	24.765985711935226	0.0013203358121791839
180.0	26.819059307268173	22.173538430968076	25.830733780398074	25.1765259657368	1.4251562887464364E-4
181.0	28.035374505855515	21.96603238374402	25.687153426000464	24.310624096226356	8.155881736452468E-4
182.0	27.058645290685774	22.669587430844935	24.942171968657043	25.32953413770575	6.117210649819053E-5
183.0	24.075564209063234	23.944850746025168	25.911221699821528	26.067853542192104	5.098028979643774E-4
184.0	26.378123292029333	22.01330483656505	26.182017669083997	25.423311607266676	0.003242595054940573
185.0	25.40482290559009	25.283704826677788	22.798092696110867	26.512727083654053	6.524879672043236E-4
186.0	27.314512052304313	23.19927111327537	24.40907951745513	25.077137316965192	0.0
187.0	24.44365919551588	22.642473460550473	27.59845240107345	25.314679197768076	7.357450921203949E-4
188.0	29.02690503403496	27.150935205215372	21.982289229320266	21.839482191122293	3.8834030710769045E-4
189.0	25.88274492529366	22.89851813771232	25.002969039206647	26.214807175978684	9.607218086916706E-4
190.0	29.514127028678445	21.464399658775424	25.298310864748363	23.722937581373536	2.248664242334048E-4
191.0	25.942933733551293	23.831943664900976	24.83910018099055	25.385592562889197	4.2985766798530624E-4
192.0	27.13361543926022	22.41693945777521	24.46153184746627	25.98785183911364	6.141638466310041E-5
193.0	26.66966552738624	23.467586608483035	22.986902131149854	26.87560003660876	2.4569637210879354E-4
194.0	27.968467442866128	22.78153747117098	24.239163729164485	25.01083135679841	0.0
195.0	27.08494982948845	21.127233580443505	24.70524222919709	27.081878102827893	6.962580430602835E-4
196.0	29.058685845350624	21.82723793665937	26.091016117424637	23.022978016432834	8.208413254206967E-5
197.0	25.891587009586353	23.259675890283706	23.646705344298585	27.20129287582157	7.388800097860552E-4
198.0	28.306945091433416	22.62482181820873	23.358085886604226	25.71004441644975	1.0278730387668483E-4
199.0	25.590466421242887	23.1516319706332	25.182754464075096	26.074549688426895	5.974556219234898E-4
200.0	27.92476761330062	23.222125340060508	24.122291568971814	24.730774270698465	4.1206968592872674E-5
201.0	25.705366164842175	20.46668359012483	29.262177060032673	24.565381692664506	3.914923358163563E-4
202.0	25.461270656697256	25.249765858996113	27.65874450966392	21.63021897464271	0.0
203.0	25.62979008886365	24.045599430316283	23.277309625367	27.046558865084506	7.419903685527994E-4
204.0	25.513959645909708	23.049014646574477	24.08180891533309	27.355154953151782	6.183903094115913E-5
205.0	27.580793883014632	24.06142876844175	25.00514840496333	23.3517837599827	8.451835975837644E-4
206.0	25.277948265863003	20.965320146386325	25.333881185942843	28.422809168545697	4.1233262130361847E-5
207.0	26.4886795218971	23.62828524598479	26.57532314545633	23.307237835509493	4.7425115227565294E-4
208.0	28.589008905778424	22.42615743977535	21.41804444103464	27.566789213411592	0.0
209.0	27.939957321594882	20.443492368321444	24.967217662960238	26.648631310354926	7.013367685083289E-4
210.0	25.006540171092528	24.192959392345895	24.661871091370934	26.138361136281485	2.6820890915722984E-4
211.0	26.202769777610484	25.7503923039904	24.94502378588003	23.10109184742367	7.222850954200521E-4
212.0	28.846861324175894	21.64363612640998	24.44648459967241	25.062811502731915	2.0644700980086534E-4
213.0	30.975930430112523	21.181428062402205	23.02593895077125	24.81628943386678	4.131228472426632E-4
214.0	28.465734566395607	24.601659425112963	24.162990768569315	22.76959456945484	2.0670467276583255E-5
215.0	25.89400034215352	24.285920216923675	22.698675832735805	27.120947955798403	4.556523885919554E-4
216.0	25.967214212545738	24.161013854490704	26.04625418140688	23.825475898250428	4.185330625424419E-5
217.0	29.691914829760265	22.587530997993113	24.847375851008987	22.872567108046894	6.112131907394035E-4
218.0	24.59319774001222	23.915719537104692	26.229686430623783	25.261162708375405	2.3358388390116514E-4
219.0	27.136442527312077	22.756905933171023	23.512429203784013	26.593644800320337	5.775354125463793E-4
220.0	28.22556921115405	21.31094460803173	24.87262471512889	25.590625436519847	2.3602916548026248E-4
221.0	25.18772847517515	21.74422807811858	24.69027748965068	28.377354947805074	4.1100925052030523E-4
222.0	25.70378120553714	23.812698494420232	24.64221373935891	25.84117566726194	1.3089342177656404E-4
223.0	31.061974543788118	21.52029260337963	24.387318139606446	23.029709347397738	7.053658280675203E-4
224.0	30.000635921060997	22.315463657111366	24.392827870300366	23.291006309750085	6.624177718739181E-5
225.0	30.875135231760293	18.891194932008197	24.18054765148064	26.05223505553207	8.871292187984456E-4
226.0	25.33402493779946	21.956087465171407	25.391428708318443	27.318323926867777	1.3496184291296245E-4
227.0	27.597384132916826	23.534035251172135	25.216952337665543	23.650427424597154	0.0012008536483406583
228.0	27.738614128386164	27.238153024529264	23.149941772684112	21.873177193477538	1.1388092291833076E-4
229.0	28.41141569668623	25.258940074639007	21.87353602024283	24.456085255295115	2.2953136810106174E-5
230.0	26.623751149894893	22.05834716603151	26.755660562373563	24.562217967511433	2.3154188604295612E-5
231.0	24.98489618373384	24.52213546225667	25.241948919845086	25.249750502109364	0.0012689320550331132
232.0	25.344525986974727	24.573871088648712	24.45093497147324	25.630431628187488	2.3632471583134545E-4
233.0	23.29958725454243	24.947944540028246	22.841962081054053	28.90995735591905	5.487684562165087E-4
234.0	27.70008513254951	20.630106952766347	26.299241275247283	25.36937851784013	0.0011881215967287375
235.0	25.575344736688095	22.016916235957517	28.171304498369032	24.23623863151907	1.9589746628665824E-4
236.0	28.98541961679497	23.21975230492576	24.53879712647239	23.255856774489892	1.7417731698753862E-4
237.0	28.106474993595832	24.130614951102274	22.558629557635026	25.204054468102203	2.2602956466705843E-4
238.0	27.31457641981967	22.191029289714827	24.89802315954571	25.596371130919792	0.0
239.0	27.92360312788023	23.415757575133973	24.243978568170867	24.41591474599671	7.459828182150483E-4
240.0	25.032967090931145	21.760363534705114	26.19720650058286	27.00927825807166	1.8461570921443377E-4
241.0	29.059480329475022	21.04953481063637	22.867378117217683	27.021678907102093	0.001927835568830332
242.0	26.610317475650813	23.722476573146274	21.727062035541966	27.939058818360802	0.0010850973001455882
243.0	27.361063960546705	23.743637323953926	24.139914076874987	24.753450029986436	0.001934608637948064
244.0	27.250950619804374	22.342054283888537	25.248642531113667	25.157582671335234	7.698938581850203E-4
245.0	28.034903567843344	21.595264532724094	23.175670817922562	27.192856325006858	0.0013047565031460609
246.0	24.236101237309924	26.81435709527871	23.498618319912225	25.449029356066923	0.0018939914322229831
247.0	25.897736435832886	22.270322990479897	24.96190141101132	26.733793261281996	0.13624590139390036
248.0	27.120795889180027	22.507553072260826	23.689866182070865	26.672041547183984	0.009743309304298271
249.0	25.133234167317376	21.01768317210789	29.168844662136433	24.664131587495184	0.016106410943109682
250.0	27.879177135593814	22.31951031004182	22.54108801439124	27.25922814047617	9.963994969529027E-4
