# Position (bp)	A	C	G	T	N
0.0	23.825436240601633	23.691476779650873	25.016092440538824	27.466966169987806	2.836922087055493E-5
1.0	23.086352989716627	30.551681026712885	23.98024428916144	22.305259294412217	0.07646239999683058
2.0	24.92456023206421	26.47234138466143	22.339903652619086	26.262545907746976	6.4882290830073E-4
3.0	25.813296472443266	22.597570913194915	24.43025204967764	27.153045885663406	0.005834679020777377
4.0	26.05226866366857	23.515576091061394	24.28945938844633	26.142583210055527	1.1264676817830182E-4
5.0	28.36529347470837	24.3814842128771	22.286594404064168	24.96617788435846	4.500239919040684E-4
6.0	26.343899631165364	23.249186410693536	24.19820784375043	26.20340055486608	0.005305559524588181
7.0	25.222633390946758	25.428977217019582	23.77360446191211	25.57391652683506	8.684032864862441E-4
8.0	27.324019081630173	24.25711292107182	24.131655311015535	24.28712884292534	8.384335713273605E-5
9.0	25.530446316172274	26.132830082599085	22.095854874595414	26.240673509671886	1.952169613420218E-4
10.0	24.469041501334864	25.073025511359663	23.33239262638045	27.125540360925022	0.0
11.0	27.3803498859396	22.742532119278906	22.679890622875533	27.1971734171287	5.3954777263888504E-5
12.0	27.8187441703235	24.142407543691156	20.618044782022295	27.420776907206847	2.659675620641955E-5
13.0	24.85604258395216	23.520457383189854	25.145298021949138	26.47812315173819	7.885917066438852E-5
14.0	26.936210729723175	21.77867473302541	23.59922008562838	27.68584246426324	5.1987359793339845E-5
15.0	25.562784190994837	22.594821060459306	24.532609488320116	27.309785260225738	0.0
16.0	26.054259895521092	24.336023965921747	22.389577314163766	27.220037599854845	1.0122453854896143E-4
17.0	28.954020716001338	26.96147883504738	19.00729726351373	25.076132475237962	0.0010707101995853614
18.0	26.01419120521334	25.637589870210842	19.85922601523031	28.488844465776335	1.484435691771773E-4
19.0	24.45940236193791	24.772122527836103	22.480268583016894	28.287738972664545	4.6755454454404453E-4
20.0	22.750315586011798	25.897347610227676	23.967223072968963	27.385040367131317	7.336366024017306E-5
21.0	23.587789284036216	25.45478322398701	23.290413960354332	27.666794766058185	2.187655642583738E-4
22.0	22.936879548312497	27.1116108872051	25.47717600377611	24.474309466079948	2.409462634414885E-5
23.0	25.817874538972095	23.720977561548786	22.94596589785484	27.514966007291967	2.159943323087202E-4
24.0	27.975005824208736	21.297039400177816	25.39057856976451	25.337328661287795	4.75445611399284E-5
25.0	25.242329673945296	24.736847191186545	20.694212912606233	29.326421670955817	1.8855130610668188E-4
26.0	26.484464130238983	24.941220952924223	19.919294914134742	28.654996547376005	2.3455326047796328E-5
27.0	25.74012346112191	24.881720128279802	20.098595799327722	29.279537219621847	2.339164871357628E-5
28.0	27.5741620905768	23.399882771134628	22.92582203323246	26.09772270529363	0.002410399762482916
29.0	27.117501881238137	24.130252010063302	22.24933564827903	26.502680620695962	2.2983972356716768E-4
30.0	23.16798786130998	25.05707149533031	24.684821381644344	27.08991359866913	2.0566304623533793E-4
31.0	25.952977816910376	24.97694188445292	22.459082077795443	26.6107253437342	2.7287710706606173E-4
32.0	24.555792241756226	22.506518897470457	24.959830777137405	27.977700159142767	1.5792449314133927E-4
33.0	23.245528373892792	25.627028773669863	24.66456938266286	26.462851123375806	2.2346398676735656E-5
34.0	26.38300516249144	27.051144502052015	22.308531258425248	24.257274697134946	4.4379896350752075E-5
35.0	25.32489416413907	22.33900055597215	26.092153318168858	26.24377609073536	1.7587098456314418E-4
36.0	23.830540642655677	24.63983516242125	25.97676809391173	25.552746267869853	1.0983314149144621E-4
37.0	24.86563463820994	25.54234197041382	21.530123643582357	28.061899747793884	0.0
38.0	27.18281114707685	25.3316390600823	21.082527324107918	26.402956606348432	6.586238449933172E-5
39.0	23.630931306710938	27.778530161731336	21.343803591351765	27.246603242528515	1.316976774456094E-4
40.0	26.49566178087549	25.67742014775447	23.10383151197043	24.72306461262405	2.1946775557788275E-5
41.0	24.40627003768676	25.019233984882284	21.810768310468333	28.75914135453775	0.004586312424868961
42.0	24.694442085686333	25.659733673170038	20.317728009078696	29.328074290129003	2.194193593261895E-5
43.0	26.24329683570715	26.02260416040468	22.58338339269518	25.147095540467785	0.0036200707252120596
44.0	28.109081168995697	24.736375767608347	23.104997568266768	24.04941387222092	1.316229082651947E-4
45.0	25.557790600222454	24.27618221031661	22.028701131976646	28.13379473077801	0.0035313267062833265
46.0	25.682068750889602	24.4001200977011	22.110127135566753	27.807684015842543	0.0
47.0	25.413744555992686	24.327508848567785	22.811739319219484	27.445537997307053	0.0014692789129967588
48.0	22.3204314512151	24.132614247974832	22.267004286011815	31.279950014798253	0.0
49.0	22.490604901213082	26.42432503589133	23.74005494020085	27.343590211252987	0.001424911441753895
50.0	27.6241815050837	24.697590898091025	20.007926292494222	27.670213624104345	8.768022670599417E-5
51.0	24.636943294970955	26.983987830058275	20.91146569028936	27.465345757801767	0.002257426879642108
52.0	23.413603225967393	25.699640868672425	21.828606915313102	29.058148990047084	0.0
53.0	22.64685119821661	25.358787468173226	24.154495088022205	27.838467506638548	0.001398738949415917
54.0	22.847409368832174	27.978842838225997	23.21168460687975	25.961975766998474	8.741906360632923E-5
55.0	24.16868431996089	27.368384784855248	23.392522918164506	25.06920861542863	0.0011993615907285424
56.0	27.1953130025151	25.221087563953986	24.760259075661125	22.82334035786979	0.0
57.0	22.65896813246374	27.676329296566532	23.142346720085186	26.517777369832697	0.004578481051847156
58.0	24.96559012553228	25.352829282988466	22.383944877931597	27.297374124384778	2.6158916288416005E-4
59.0	27.769492435732168	22.241994666671317	24.350368393771767	25.63574681641605	0.0023976874086971533
60.0	24.211480834693557	23.087044505772806	23.694417302811168	29.006970290667844	8.70660546213247E-5
61.0	25.855901601487503	23.795456390529544	22.62828865821417	27.714890344867964	0.00546300490081599
62.0	25.786683799099592	21.63206881527224	24.798717853292228	27.782355422245264	1.7411009068088798E-4
63.0	26.11209623644401	24.44174296672743	22.296723232302128	27.147174242701222	0.0022633218252123607
64.0	25.917791073770303	20.939102205427794	23.87785456714446	29.26523042423439	2.1729423051223855E-5
65.0	24.362788425854706	26.297085257331183	23.738743906434824	25.596884753072096	0.004497657307193905
66.0	24.57644223864717	24.02510396797997	23.361894608265423	28.036102923140067	4.5626196737118583E-4
67.0	26.945395001408905	24.257238493396603	21.56927751611662	27.227654476339367	4.3451273850132646E-4
68.0	23.58754230003113	22.273240658691076	27.094808770295163	27.044212751804263	1.9551917836758433E-4
69.0	23.12751458871479	25.353527739466614	24.6651432955778	26.85125104624052	0.0025633300002802285
70.0	26.74836182271279	23.261249627366468	24.40720351063096	25.5828378988806	3.471404091830788E-4
71.0	24.164020478959614	23.23391057971322	25.853820448387538	26.74751233817045	7.361547691786721E-4
72.0	27.533180560050834	26.27919840573105	21.5651936709861	24.621258290404185	0.0011690728278247993
73.0	25.074685795812574	22.406474724369854	22.973028259273843	29.542607540294398	0.0032036802493329093
74.0	24.80952237694084	25.06138592260904	24.042720489901328	26.085570406974867	8.008035739214204E-4
75.0	25.682190871254345	25.303667864132535	21.9119155969442	27.100299507140967	0.0019261605279497795
76.0	26.934650115846793	24.24651972685001	25.077833550253008	23.74021751409617	7.790929540131727E-4
77.0	24.040009227372057	24.733901546710108	24.26920035645702	26.956347865001646	5.410044591751543E-4
78.0	27.75621536350869	25.888414506157474	20.350124750876937	26.004855871081382	3.895083755120412E-4
79.0	27.21864861665869	20.99592264912906	23.100855306733937	28.68208499490304	0.002488432575270217
80.0	24.45349234989905	23.56647833973411	27.686850342946006	24.291101752585103	0.0020772148357280085
81.0	25.262197892550358	24.730943159443495	21.718826405867972	28.287686349178877	3.4619295930069026E-4
82.0	23.08473883903844	22.64698958679517	24.136444832170156	30.130636735626453	0.0011900063697795503
83.0	25.979655795004497	22.080742889102122	23.79510401983576	28.143740040740333	7.572553172845689E-4
84.0	23.39975631158195	25.495208441865252	25.432274350236334	25.671679182813044	0.00108171350341908
85.0	25.38398802390028	26.650997070874453	21.655691459673687	26.308847516733223	4.759288183552766E-4
86.0	25.301776893847126	24.578576641877863	23.04666493322425	27.071142813013626	0.001838718037131721
87.0	22.691035131982876	22.82116640536584	25.374278827018852	29.112935602324363	5.84033308068485E-4
88.0	25.098984234117804	26.63283159691392	25.58911976978771	22.678372239553852	6.921596267183132E-4
89.0	26.33412185888428	26.03793271484149	23.11332987411637	24.51381527478605	8.002773718112461E-4
90.0	24.225477435343084	25.751250443922192	25.349438679043285	24.67370367150147	1.297701899705811E-4
91.0	26.574173099943877	25.277972725572017	23.82278867022295	24.324568071984938	4.974322762176548E-4
92.0	25.82621607570288	24.1655658814543	22.42249736806365	27.585699048350637	2.1626428533736795E-5
93.0	26.655946042794405	26.165862439661346	21.3648942963931	25.813080963273137	2.1625787800417333E-4
94.0	28.037011711696515	23.70374022601641	23.008689379027935	25.246558048347566	0.004000634911572994
95.0	24.329997539132762	25.946449971953033	23.682192619733733	26.03902442399921	0.0023354451812629827
96.0	26.381225743785176	24.34830951427457	23.66334038837622	25.606151293909857	9.730596541789236E-4
97.0	25.47066554172539	25.53983559193692	23.20280035996968	25.786525527186487	1.7297918152305575E-4
98.0	28.65283072962669	22.768971909027634	24.29240678234356	24.285747335843023	4.3243159094393115E-5
99.0	22.666673296536118	22.599070247286203	26.14640351561799	28.58778808314116	6.48574185320561E-5
100.0	22.647342656798426	25.063254634709892	24.591784939430337	27.69761776906135	0.0
101.0	23.688168107822882	22.006445698267047	28.171665948628533	26.13354731085892	1.72934422618439E-4
102.0	25.24592871585681	23.633866875186055	24.787396481646063	26.332786308629597	2.1618681480940213E-5
103.0	25.834507020943082	25.047552720836997	25.40891016945196	23.708749095417563	2.809933504004371E-4
104.0	26.338866554273118	26.878031383737515	23.14369083127999	23.63900056196775	4.1066874162451906E-4
105.0	26.65280243754504	23.533718349936255	20.893397609403983	28.917336425225027	0.0027451778896888093
106.0	25.354968609468067	23.801080538950956	25.417890171505025	25.42593098946372	1.2969061223695773E-4
107.0	26.08308842013207	24.083442469840392	22.795008461096355	27.03787705051088	5.8359842030715E-4
108.0	23.818846037067974	25.10154091512703	24.929912727217722	26.14952743900792	1.7288157935966826E-4
109.0	25.9702178838768	24.38862908659217	25.602878900437737	24.037690708354887	5.834207384032164E-4
110.0	24.40203855379098	24.13227826125285	23.100901584920045	28.364673566278604	1.0803375752428112E-4
111.0	24.488071771396665	23.559296728123332	24.905150860853574	27.046810823961852	6.698156645684151E-4
112.0	25.613238029454095	23.451529819119816	23.946666067470495	26.98843645016888	1.296337867130986E-4
113.0	27.69611703321643	21.94651503887806	23.085559820969287	27.271224790184206	5.833167520145492E-4
114.0	25.651809078056353	22.730853189349133	26.915480433197025	24.701403603983533	4.536954139603375E-4
115.0	27.15850844709597	23.60275757047385	25.80748732195588	23.430684896344793	5.617641295021883E-4
116.0	26.89939330037681	24.723031251080304	24.81444671068552	23.562977495073806	1.5124278355861307E-4
117.0	26.028215926857072	26.306200883778697	24.2027756147603	23.46220260190117	6.049727027674044E-4
118.0	26.35281499857618	25.02531119919557	25.179533426987287	23.441973076575724	3.6729866523665055E-4
119.0	26.962873240787776	20.991928101136516	25.114950935326068	26.92983720298625	4.105197633936934E-4
120.0	25.40224612672884	24.0230640774207	24.85958737106291	25.71505921259169	4.321219586446322E-5
121.0	27.36108986475216	23.39358080516066	23.88454454864523	25.360158193906802	6.265875351429181E-4
122.0	26.79263416195086	23.506713472166794	24.792172214394657	24.907961594829644	5.185566580406207E-4
123.0	23.73346441168686	28.26778875498971	23.19064878383415	24.807493072473005	6.049770162749621E-4
124.0	24.749687413102787	24.97160412444016	22.742433366109854	27.5361238533349	1.512430123027548E-4
125.0	26.55787767039125	23.7927225869792	24.244438836491984	25.40429112071953	6.697854180368459E-4
126.0	23.895826720972828	23.611231444969206	25.445328301133436	27.047483896448977	1.296364755558542E-4
127.0	26.27314049604633	23.465470907825196	27.664800346040646	22.595745618640564	8.42631447264883E-4
128.0	26.68620592054517	23.72809396126863	24.438313070270013	25.13844205959436	0.008944988321820802
129.0	24.125284038673982	26.401698582059062	22.013161979988034	27.456744126554476	0.0031112727244442975
130.0	26.237338599554043	24.609311530949128	23.82931740791316	25.324032461583666	0.0
131.0	26.277555997866997	24.402620277549946	23.637162688312465	25.68207765763539	5.833786352051289E-4
132.0	26.00164728342998	25.473691215597512	22.708960193387274	25.81010521093827	0.0055960966469658134
133.0	26.47450477844319	25.93820336758653	23.674743922072192	23.910754570748203	0.001793361149877241
134.0	26.3446847421474	22.633156934480056	21.35964537002706	29.662448132600773	6.482074471257185E-5
135.0	25.69303384818821	23.805698370736568	26.301417516445504	24.199482948425562	3.673162041543463E-4
136.0	27.77572988434468	25.874134789032645	24.80435655356389	21.540009619577265	0.005769153481522071
137.0	28.236698613546473	21.77070199946197	24.627857203821527	25.36454771450704	1.944686629955305E-4
138.0	25.22264258567456	24.21870374891698	26.670786276513684	23.88654940182833	0.0013179870664416725
139.0	25.91911828254369	23.93750108032427	25.29330803934109	24.849035486491626	0.0010371112993276062
140.0	26.596434489376264	21.8150661178828	25.415212439120143	26.17307088563889	2.1606798190128157E-4
141.0	25.668471151648042	25.32608427911423	25.04784902999029	23.957293039170736	3.025000767053766E-4
142.0	28.317279789734517	22.73460940602681	23.24279275911647	25.70505875687708	2.592882451241926E-4
143.0	27.12214408304806	25.117203359415498	24.246580699890472	23.51394221388757	1.2964375839848472E-4
144.0	28.12740113067596	25.38001066544973	22.652347825034767	23.839592154585063	6.482242544772849E-4
145.0	28.35085205235434	22.744372193443304	22.493594428005864	26.410230591948753	9.507342477380088E-4
146.0	27.835951266363658	21.442540700494707	24.864223646639	25.853114132084702	0.004170254417930798
147.0	26.166364889566868	24.741429602388866	26.361043529366007	22.72764004546103	0.0035219332172319764
148.0	24.616910744562727	24.947780935541786	23.994020006918607	26.44070492009786	5.833928790200901E-4
149.0	27.38737111358254	24.887700088742264	24.063155451944887	23.659526159089143	0.00224718664116686
150.0	25.48276080384398	24.140773605726814	25.11892509647437	25.257540493954835	0.0
151.0	25.885787914808432	24.417907403233784	26.245373370537244	23.450563968547673	3.6734287286760165E-4
152.0	27.249937874777157	24.268380962670843	23.267592242450437	25.213980876235752	1.0804386580951867E-4
153.0	25.059035908180576	23.02411223564576	24.946820142740698	26.96957792350917	4.537899237892236E-4
154.0	22.83615032483136	24.37888319555228	25.70995273608619	27.07246384327881	0.0025499002513596587
155.0	27.03643368769742	23.83823155667203	23.70322713936726	25.421913116542505	1.9449972078484527E-4
156.0	25.261654877276303	23.496023390473212	25.841791863429652	25.400270531768466	2.5933705237074045E-4
157.0	25.67138813014529	22.821825968243637	25.984106473788387	25.522420089873567	2.593379491165977E-4
158.0	25.154973513539097	20.863088413624055	26.282833605030902	27.698996408318767	1.080594871799305E-4
159.0	27.087499081482253	21.507990023816625	24.487618380728847	26.91624414850163	6.483654706484951E-4
160.0	27.27899295732336	20.944387795460234	25.995637716033986	25.780938306014306	4.322516811348509E-5
161.0	24.673061494783507	20.919460783805185	28.576915163272577	25.82688836326289	0.003674194875838149
162.0	25.398965112476642	23.996435536311083	24.228843237299007	26.375669660755648	8.645315762593578E-5
163.0	25.32588864919098	24.209596691520467	27.12340681403441	23.34106461749812	4.322775602340956E-5
164.0	25.37819979254695	23.962232219027886	25.100587063169	25.557208561209997	0.0017723640461687865
165.0	25.975246786426805	21.995517100510757	26.706625137523858	25.322157065754237	4.5390978434962296E-4
166.0	24.801641211333628	23.820001085091256	25.645764393832792	25.732485232923917	1.0807681840868125E-4
167.0	27.322304559982463	23.000941160805343	26.133445967123787	23.54300568803524	3.0262405316499366E-4
168.0	25.501389617545517	24.02080978484436	24.708474300019475	25.769218215025074	1.080825655688288E-4
169.0	27.198955278988585	22.444315989627153	25.472554239974542	24.8839799356842	1.9455572551559428E-4
170.0	30.770379827668837	23.100283385082257	22.621129342191647	23.507991269084823	2.1617597242978119E-4
171.0	25.044720476217137	23.30125420534605	27.05816331626083	24.595343190608993	5.188115669903546E-4
172.0	27.034607279194685	24.403964859656217	24.26595579863858	24.29527759225075	1.9447025977121224E-4
173.0	27.8800009766066	20.641725603362467	23.755177689465462	27.721950594509266	0.0011451360562075988
174.0	24.215832896538643	25.850042800838473	23.444013435271778	26.489721965234743	3.8890211636210593E-4
175.0	25.74209379267848	24.38320985178974	23.530142553826337	26.343322263170275	0.0012315385351648544
176.0	24.398628919310294	24.738914310481842	27.55646179249095	23.304547322550967	0.0014476551659466563
177.0	22.476357463227764	26.622888032783624	23.818348561999585	27.058527865822928	0.023878076166092874
178.0	25.0371710382026	23.328048754400186	23.62288893244087	28.011459116395642	4.321585607045567E-4
179.0	28.58627115102322	23.7360816472769	22.82887527543898	24.84754018972632	0.001231736534580571
180.0	26.10371973015132	22.701942622943722	25.640323305672315	25.553732851885503	2.814893471439225E-4
181.0	27.98828301564064	21.886402397160417	26.414572002069896	23.710200613901648	5.41971227397903E-4
182.0	26.188118801148754	23.110407923949992	25.339040538311064	25.362367698040757	6.503854943222431E-5
183.0	24.08899952714719	23.958439251856234	26.226094753978867	25.725924453254457	5.420137632470874E-4
184.0	26.429087301234546	21.862135222196468	26.329155750769107	25.37578404204367	0.003837683756212115
185.0	24.881461052820534	24.419619309550605	24.593013210065692	26.105451154756114	4.552728070538668E-4
186.0	27.165612711550764	23.257006414791377	25.64526791244906	23.9321129612088	0.0
187.0	25.006840373054402	22.41970270652932	28.052695628154716	24.52030526739127	4.560248702934976E-4
188.0	27.280880995313268	27.325400715486197	22.538966156543065	22.854382944734088	3.6918792338525345E-4
189.0	25.526280068066143	23.27675271944218	24.51136915239844	26.684751034077593	8.47026015643919E-4
190.0	27.996904436980902	21.582103770865782	25.823602864373203	24.59717172577204	2.172020080760051E-4
191.0	27.03513506517744	23.948067733464306	24.616144915803005	24.400217254505996	4.350310492535628E-4
192.0	26.904742274141398	23.272652754533965	24.25124592026241	25.571293788313316	6.526274891484365E-5
193.0	27.043942781764258	24.48697594788073	22.412731137952935	26.05615431961911	1.9581278296306948E-4
194.0	27.808850272254816	23.113526318835557	24.492445924358723	24.585177484550904	0.0
195.0	26.278003329858112	21.74332934890633	24.94455858054298	27.033608239211855	5.005014807227502E-4
196.0	28.69000511207304	22.445533740554442	26.118680352366646	22.745693558264545	8.723674132386989E-5
197.0	24.860375165669524	24.19972568006303	24.354685033770842	26.58469060916651	5.235113300939615E-4
198.0	27.411588009921335	23.474175327742806	23.951678369466013	25.162470934098945	8.735877089703699E-5
199.0	25.989104046577825	23.301512821348492	26.06198580030706	24.646937992982615	4.5933878400774837E-4
200.0	27.46997508232065	23.839116359721952	23.779288554426785	24.911576253764395	4.37497662121868E-5
201.0	25.948259153135105	21.6083380039141	28.26906745456192	24.174050997054145	2.843913347272884E-4
202.0	25.87103905093871	24.92823931662826	27.89650621736311	21.304193536812793	2.1878257125529564E-5
203.0	26.05670098016365	24.271869519858345	22.91902614360633	26.751790576273727	6.127800979528987E-4
204.0	25.31934625098522	23.11558844831243	25.471990705629306	26.092921381539565	1.532135334827384E-4
205.0	27.081108447754197	23.830956923880404	25.676560389459585	23.410542471884632	8.317670211818226E-4
206.0	25.943540170864583	21.923980016033056	25.868190930858642	26.26422320887939	6.567336432824248E-5
207.0	26.406009401019446	22.75093560264458	26.323160974012	24.51949992304117	3.940992828049885E-4
208.0	28.642972451445576	22.309218092649544	22.158888352631305	26.888855409286677	6.569398689799125E-5
209.0	27.568567217873458	21.04208548505329	24.944036482453374	26.444675674414864	6.351402050101174E-4
210.0	24.650341608308125	24.786130636975184	24.872589629739966	25.690587645147932	3.5047982879060364E-4
211.0	25.03020349067778	25.68493015620803	25.37172094384758	23.912510007576618	6.354016899932122E-4
212.0	28.680393082608806	22.52369310378235	24.792155181445843	24.003495606819193	2.630253438070025E-4
213.0	29.999638152736825	22.66343708846727	22.9565772319123	24.3800624351005	2.850917831065574E-4
214.0	28.091498457418997	24.70137523307687	24.135912150456015	23.071148325873338	6.583317478510405E-5
215.0	26.49404580743566	24.93890993151227	22.77129004280263	25.795424358268406	3.2985998103525016E-4
216.0	26.591132781856953	24.147935248805883	25.658657340136443	23.60223023406448	4.439513624645339E-5
217.0	29.416068409378266	23.396549050244676	24.900590890340034	22.28636706352842	4.245865086072624E-4
218.0	24.474579787869835	24.64516798336517	24.876219816105742	26.00380688622417	2.2552643508108803E-4
219.0	26.62239551491521	22.223833331136365	25.265465547092436	25.887805607537807	4.999993181827479E-4
220.0	27.108038800413993	21.783413813710713	25.649850323390044	25.458445965533976	2.5109695127212566E-4
221.0	25.97116326006141	23.357364332717765	23.95528768875006	26.716023955517347	1.6076295341755628E-4
222.0	25.24494499854552	25.23531024822452	23.886931572891516	25.632604736220916	2.0844411752171985E-4
223.0	30.630575672072414	22.76617844768428	24.11990628289775	22.482778641027224	5.609563183314915E-4
224.0	30.158554225788926	22.09113581514606	25.146977187340873	22.60323904000915	9.373171499278618E-5
225.0	30.906337624222125	19.765764000802484	24.661441433465164	24.66579762589867	6.593156115576143E-4
226.0	24.984628791248056	22.538254590931032	26.043935523599913	26.43294351757877	2.375766422247817E-4
227.0	27.562069830567985	23.7973483167841	25.470539224832823	23.16886744893608	0.0011751788790136555
228.0	27.492401435418223	27.991739119963395	22.691312829652468	21.82449844656921	4.8168396714915344E-5
229.0	26.96480562612919	25.660452734864585	21.953670255162123	25.42104711320119	2.4270642909914172E-5
230.0	25.48492200599563	22.977842745639098	27.772832446756535	23.764402801608735	0.0
231.0	24.577813809771467	25.64526984684648	24.284365788115426	25.490946879345344	0.001603675921274809
232.0	25.971127338956006	24.58672343931059	24.035249658197916	25.406651431350507	2.4813218497758124E-4
233.0	22.937908046265086	25.44063357602035	22.76628112429669	28.854575757196027	6.014962218518564E-4
234.0	27.899101929891017	21.374637313934556	26.213735201849964	24.511459203974542	0.0010663503499152504
235.0	26.01133960253633	21.933739283608404	28.02846118559351	24.02635724702359	1.0268123816117412E-4
236.0	28.854135252337226	23.383544264306735	24.07657470284211	23.68540780565926	3.379748546708125E-4
237.0	27.6996220568484	24.37413170434464	22.72235585439243	25.203837899599694	5.248481483094904E-5
238.0	27.031543764361814	23.226975518407304	24.24848149488835	25.492999222342526	0.0
239.0	27.849083348828685	23.652860981084892	23.972280835078244	24.524669948986606	0.0011048860215749207
240.0	25.61716361419689	21.711867395128767	26.01364448149914	26.657241080501436	8.342867376774457E-5
241.0	29.597126153004673	21.689758090771033	23.489282253983664	25.221076400405824	0.002757101834809497
242.0	26.744638875574346	24.553010484541186	21.42037798170977	27.281135167865163	8.3749030953921E-4
243.0	28.2152828606976	23.57256916697339	24.296616419817532	23.91278852518897	0.0027430273225114376
244.0	26.453436274464437	22.80623962812853	25.87932856041439	24.86001391657292	9.816204197240636E-4
245.0	29.00942036991588	21.404079021016965	23.48083919418152	26.103721621026693	0.001939793858949998
246.0	24.374537548589963	27.018287937633595	23.497869097134302	25.106685973558275	0.002619443083867526
247.0	25.48332639105933	23.281674148685987	24.68684880857579	26.41643583841099	0.13171481326790074
248.0	25.851802854215034	22.790886112621592	24.3399040673215	27.00764620906353	0.009760756778350472
249.0	25.913925399211017	21.783915367292312	27.44929451447416	24.83696357416848	0.01590114485403459
250.0	27.512365410138994	22.51920070444074	24.396751492597822	25.570771968607435	9.104242150080587E-4
