# Position (bp)	A	C	G	T	N
0.0	24.307795299846347	23.24973648854282	24.723220184235334	27.71920163451332	4.639286217979647E-5
1.0	23.268614572207554	29.919706883596508	23.542508406401783	23.19176133272777	0.07740880506638778
2.0	25.126759197359167	27.139041971340195	21.93300703967597	25.80056830055964	6.234910650266542E-4
3.0	25.371617575695904	22.370225459187314	24.081746521266293	28.170064810834372	0.006345633016120908
4.0	25.96528334459569	23.626793303080586	23.959568936360636	26.448262196028686	9.221993439934966E-5
5.0	27.892303225243424	24.024930823825663	22.197072599235028	25.885048620770885	6.44730925002366E-4
6.0	26.29774652995399	23.52033073601312	23.726512132893802	26.449894656957685	0.005515944181402856
7.0	25.7676272031567	25.310699968853168	22.907829689673882	26.013246807220376	5.963310958684805E-4
8.0	27.59399350062114	24.295973123323815	23.75773901838957	24.352271462854773	2.2894810707994546E-5
9.0	25.947026217255853	25.094383857698254	22.15183770318065	26.806500866718245	2.513551469993451E-4
10.0	24.738072010966945	24.943793501547304	23.019465594318955	27.298668893166795	0.0
11.0	27.125350030237666	22.473542595350246	23.09382334400744	27.30710733112076	1.7669928388197725E-4
12.0	28.310321116508664	23.922792073443873	20.151943379749945	27.61494343029752	0.0
13.0	25.44038013299661	23.097526827928426	24.673535775880996	26.788342002595183	2.1526059878610243E-4
14.0	26.194865964369807	22.054977907713326	23.59043284773698	28.159595437463924	1.278427159588406E-4
15.0	25.517466984166546	22.839908993846475	24.487227309929505	27.155375661411302	2.1050646170634852E-5
16.0	26.243203148244714	24.626389564182496	21.806695203509015	27.323670616140767	4.1467923006507354E-5
17.0	28.37427972541795	26.59486351689404	18.996156430017706	26.033559258280448	0.0011410693898559338
18.0	25.414218867167094	26.199538099880336	19.369069688482483	29.016991239113644	1.8210535644695453E-4
19.0	24.666068163380935	24.751175813492317	21.67307556110689	28.909096981676303	5.834803435532263E-4
20.0	23.054002071134825	24.850798510654506	23.85744161861246	28.237717808580193	3.99910180173533E-5
21.0	23.613848229354375	24.759643582380935	23.235025992175455	28.3910653844482	4.1681164103308155E-4
22.0	22.681304332169958	27.147239233624077	25.761380891841068	24.409898448440774	1.7709392412391145E-4
23.0	25.77081554128861	23.832552883393706	22.80179471159206	27.594405838278863	4.310254467627736E-4
24.0	28.084608192554487	21.856223746477376	24.477180611815992	25.581948637698577	3.8811453570440265E-5
25.0	25.01765056930899	24.803458915379007	20.17526904737315	30.003313748942457	3.077189963975722E-4
26.0	26.662271844853354	24.825361310212948	19.584077175417665	28.928174888911506	1.147806045264879E-4
27.0	25.885708135209466	24.53139205662303	19.72750700955804	29.855354630583125	3.816802633899162E-5
28.0	27.40522183481413	23.88541723498861	22.526768317397664	26.180025134853945	0.0025674779456476247
29.0	27.29934156765345	24.047448464671906	22.049199616521335	26.603542328957076	4.680221962334697E-4
30.0	23.527855417006073	25.07871321522413	24.485456893885914	26.907844231003235	1.3024288064505206E-4
31.0	26.565053215593327	25.158349673604736	21.647576751782875	26.62844674564151	5.736133775521401E-4
32.0	24.30042303498453	22.5711969565533	24.593959010557175	28.534164346414983	2.566514900085575E-4
33.0	23.877031344043704	24.99373155438387	23.943519534764228	27.18559047305204	1.2709375615610382E-4
34.0	25.960501580610412	26.930499792055755	22.338885537725446	24.77000501984071	1.0806976768061925E-4
35.0	25.616591698483365	22.232927295030677	25.540420531141518	26.609828789528944	2.3168581549931768E-4
36.0	23.87675050077899	24.59764077453817	25.884673937235704	25.64068551079457	2.4927665257066546E-4
37.0	25.449311714847013	25.28459390045697	21.637146270095563	27.62891251533216	3.559926829263951E-5
38.0	27.067711320597915	25.173289892889578	21.042787757496832	26.716122050610565	8.897840511903442E-5
39.0	23.628846932595458	27.916704919817835	20.769788621982716	27.68444601964397	2.1350596001887392E-4
40.0	26.56940108407978	26.610709188277966	22.230626952773026	24.589138245700674	1.245291685561003E-4
41.0	24.93293562228859	24.509479730557825	21.209170596728434	29.343646925373324	0.004767125051829144
42.0	24.250169279177513	25.763890630444212	20.057897302720615	29.928007215463804	3.557219385636197E-5
43.0	26.012883614952703	25.80802695237167	22.252050345049827	25.923179907507727	0.003859180118073127
44.0	28.880611506032412	24.723825774980686	22.448691448788182	23.946568974028136	3.0229617058323956E-4
45.0	25.696746734351102	24.17861180652687	21.396034124077502	28.724535885912662	0.004071449131865704
46.0	25.545771139237083	24.02813474511954	22.31197147129449	28.114122644348882	0.0
47.0	25.61999587235296	24.629822765377753	22.761786947640566	26.98672344640396	0.0016709682247615801
48.0	22.83914388281989	23.592424794070702	22.543005849019355	31.025425474090056	0.0
49.0	22.613520854391577	26.159976504196074	24.11048997741567	27.11432474704788	0.0016879169488005041
50.0	27.30058608486816	25.022460753419924	19.781647898886902	27.895163134268667	1.421285563451784E-4
51.0	24.78604224515491	27.064599077450396	20.705461971118456	27.441445384551983	0.002451321724252595
52.0	23.212464376249226	25.723362513245863	21.465943055904287	29.59823005460062	0.0
53.0	22.61143677151389	25.60933241348829	23.710522923407318	28.067202755002015	0.001505136588489282
54.0	23.998496977398172	28.00038319284995	22.01483650467915	25.98628332507273	0.0
55.0	24.310089328871456	27.709764673342992	22.166779627467943	25.811952519349873	0.0014138509677368047
56.0	27.124177231653114	25.376978460999084	24.3641216453105	23.134722662037298	0.0
57.0	22.834654017127484	27.350293544840635	22.741146565332766	27.068905379717645	0.005000492981463544
58.0	25.223474653202178	25.399802046881888	21.691697029254446	27.684778917604223	2.4735305726611976E-4
59.0	27.8502717707667	22.6705772966869	24.01262156899013	25.46387940645908	0.002649957097194596
60.0	24.552007614053828	22.863009823060736	23.410305218293768	29.17464206821182	3.527637985323615E-5
61.0	25.796120491090292	23.305907094114353	22.886576992294174	28.005416582304466	0.005978840196712661
62.0	25.743220138266377	22.046134997801726	24.38245973491273	27.828008773342216	1.7635567695096555E-4
63.0	26.965046019367072	23.740586627014583	21.526310183513157	27.765747031736716	0.0023101383684709493
64.0	25.89577017417054	21.134676840433507	23.480052119841837	29.48941284906898	8.801648513559997E-5
65.0	24.391941818765552	26.293889301745626	23.54493228817017	25.764096906296853	0.005139685021796137
66.0	25.064678618680492	23.69199055258307	23.07958757051109	28.163144830295522	5.98427929828341E-4
67.0	27.002891318932825	24.42525620239655	21.291709229199856	27.27933365200967	8.095974611023619E-4
68.0	24.251579574827257	22.34077845263	26.446221067087027	26.961104119328404	3.167861273019132E-4
69.0	23.473382592434728	24.983237521764824	24.551214342557127	26.989472987684287	0.0026925555590361287
70.0	27.01683005789287	23.111768034841173	23.964308185496204	25.90656646431697	5.272574527840951E-4
71.0	24.371475032554343	22.92896877237344	25.816645945485412	26.88189347419529	0.0010167753915111175
72.0	27.574131109202867	25.475836279401747	21.963323442115694	24.985079037717565	0.001630131562134042
73.0	26.06640038093896	22.35513725176795	22.694873254898745	28.87975098060762	0.0038381317867239545
74.0	25.043355571407773	25.20307509586238	23.469132602951632	26.283385367028107	0.001051362750112627
75.0	25.839711649808216	25.13879332292197	21.797240586365323	27.222046713754334	0.0022077271501554085
76.0	27.10120345096621	24.251691151104083	24.611550795505497	24.034380709042118	0.0011738933820972148
77.0	24.672076721870955	24.352326341257452	23.717801148935948	27.256989885929826	8.05902005820014E-4
78.0	27.782804684723004	25.829114089259065	20.087467596888743	26.299982954259782	6.306748694108849E-4
79.0	28.16735086137761	20.84906595772486	21.93362289420494	29.047227478595634	0.0027328080969600313
80.0	24.126412624095636	22.67275468223775	28.21324357095536	24.984944038066796	0.0026450846444603347
81.0	25.158028543667587	25.24818543276971	21.508487481995335	28.084702984110706	5.955574566683781E-4
82.0	23.222468065309872	22.389892579493416	23.39387705914994	30.992290974211233	0.0014713218355370465
83.0	26.084838740187273	22.30256313250733	23.477340955823884	28.134381425784056	8.757456974613884E-4
84.0	23.75497957380838	25.479375378514163	24.83713163938796	25.927287451491516	0.0012259567979829857
85.0	25.31446967681692	26.608196710114886	21.468296297360027	26.608371836280153	6.654794280169292E-4
86.0	25.930025536859812	24.596463154547298	22.330576865457715	27.141060724421685	0.0018737187134942243
87.0	23.094385822314216	21.85134140620855	25.00257833091901	30.05092400551281	7.704350454092664E-4
88.0	24.59649475445807	27.075358682029353	25.80400768578085	22.52343851497883	7.003627528878582E-4
89.0	26.87691078893895	26.245954318597477	22.34046017557811	24.5357117720531	9.629448323653111E-4
90.0	24.88000105043396	25.465477925568003	24.364097917952353	25.290213019253578	2.1008679210598877E-4
91.0	26.596354790324817	25.09869992003171	23.797324493405767	24.507148129008044	4.7266722966585574E-4
92.0	25.449004835342425	24.416343604453512	22.493007466754612	27.641626588046403	1.7505403042649113E-5
93.0	27.072069627687227	25.89885290065766	20.592209947362615	26.436552435201055	3.150890914406048E-4
94.0	28.133620334287144	23.53875186793055	22.96219432849286	25.36107489174011	0.004358577549334634
95.0	24.799874815645385	26.12526767082536	23.33548741907738	25.736972127927487	0.0023979665243873192
96.0	26.61264577519711	24.20207813228526	23.848885254669916	25.335323208237483	0.0010676296102346825
97.0	25.587881163721892	25.39073656651639	23.060615182146556	25.96067958446504	8.750315011340408E-5
98.0	28.986439533682773	22.568496620601806	23.938857768135993	24.506206077579424	0.0
99.0	22.86658836819785	22.197563415110437	26.20823099821449	28.72758222214134	3.499633588363298E-5
100.0	22.840060350425095	24.90317634092566	24.145471609737186	28.111291698912055	0.0
101.0	23.816441956843956	21.994514868918102	28.18439221976355	26.004580973215376	6.998125901883476E-5
102.0	25.749642086154406	23.73410994616465	24.546810127295384	25.96940284941935	3.499096620729943E-5
103.0	25.522920697627594	25.486868360339347	25.336816468413797	23.653254532475003	1.3994114425325567E-4
104.0	26.909559117160324	26.541653861203528	22.389132967672857	24.159426660423257	2.2739354002939674E-4
105.0	27.592931165131894	23.13936508669517	20.507128798358245	28.757443834080952	0.003131115733734116
106.0	25.95470679901774	23.161274489825725	25.071221582863927	25.812762145013735	3.498327886728341E-5
107.0	26.304718413106986	23.75391236238297	22.81840866420133	27.122295891612826	6.646686958885344E-4
108.0	23.872758738401963	24.42079756455169	24.799185339183186	26.90720589387444	5.2463988718143865E-5
109.0	26.697388031188137	23.94358660768603	25.39765503182272	23.960583438966072	7.868903370391206E-4
110.0	25.157512800619823	23.794124173225	23.136131311112546	27.912196744254608	3.497078802649177E-5
111.0	25.23414375877755	23.60370517504742	24.13506165966328	27.02632005953347	7.693469782848318E-4
112.0	26.056799145787064	23.6025629885004	23.930778259392522	26.40978966912187	6.99371981444962E-5
113.0	28.608738357519712	21.621860247751666	22.54282102194896	27.225758648343728	8.217244359342544E-4
114.0	26.256476301191693	22.23945175694339	26.84168408221198	24.66223050343325	1.5735621968816543E-4
115.0	27.350978057718805	23.397377333414234	25.938195963344846	23.312836665506236	6.119800158800072E-4
116.0	27.476503446347706	24.464321589413142	24.46860537312368	23.590534621452523	3.4969662943155236E-5
117.0	26.559385794128783	26.12161898708835	24.25160270000201	23.066710611784227	6.819069966280573E-4
118.0	27.01113893844735	24.657026721003405	24.85547424937878	23.476115310078196	2.447810922691837E-4
119.0	27.705054269724826	20.95354975947244	24.595112376455663	26.74568911631365	5.944780334247023E-4
120.0	25.380874941886354	23.48742358678721	24.810884783832982	26.320729265690073	8.742180338241951E-5
121.0	28.365172953638094	23.114546750932004	23.854223017333652	24.665357903302343	6.993747939029904E-4
122.0	26.707893609101234	24.362349960196866	24.450785825573632	24.478673371100705	2.972340275612875E-4
123.0	24.301565651788426	28.479294676028605	22.401442371156353	24.81692799911041	7.693019162086843E-4
124.0	25.096374695936063	24.779586974830245	22.817073143013598	27.306877767565336	8.74186547562829E-5
125.0	27.09468364132508	23.75357140234647	24.095579835593984	25.055133605676623	0.0010315150578470147
126.0	24.652979318273683	24.158104643632893	24.102491122116874	27.086372466883642	5.244909291042114E-5
127.0	26.67327279310301	22.686904397473892	27.40873466746085	23.230126593918857	9.615480433983346E-4
128.0	26.470695188773817	23.9369333175289	24.51351541299397	25.069345448200796	0.009510632502516646
129.0	24.463695114698073	26.400626995856975	22.079873090332228	27.05281527503447	0.0029895240782563
130.0	25.844883738941515	24.70880320367613	23.31027185826957	26.136041199112785	0.0
131.0	26.18264388023838	24.297190018839505	24.001135684984483	25.518296136852836	7.342790847945487E-4
132.0	26.3847476748449	24.567141514221913	22.694866957543795	26.347369666924887	0.005874186464510735
133.0	26.967548724116952	25.720512031552666	24.322582675403325	22.987590822313443	0.0017657466136126827
134.0	27.09030994924651	22.752810707550573	20.88849285166209	29.26835152651197	3.4965028852267683E-5
135.0	26.60983297264497	22.99170239022839	26.113179166518798	24.284830931589955	4.5453901789152984E-4
136.0	28.196216672459162	25.538177678353524	24.700771532526673	21.558715282609715	0.006118834050926881
137.0	28.5549977753866	21.824008167696515	24.087711829960867	25.533194815820366	8.741113565421553E-5
138.0	24.868451115348893	24.499951665038893	26.43090276946216	24.19927848926413	0.0014159608859160315
139.0	25.717692015893746	23.786004345781567	25.08482664946534	25.410463089700357	0.0010138991589881286
140.0	26.906381704455484	21.43656658038529	25.71884880702171	25.937765878130513	4.3703000700471694E-4
141.0	26.094430249454227	25.50453400574233	24.88371296191407	23.516973152588452	3.4963030091980744E-4
142.0	28.640298754293052	22.61921868941518	23.29303115263817	25.447241623932786	2.0977972080416958E-4
143.0	26.704516451143046	25.1785385883197	23.965706885544407	24.151098222970273	1.3985202257491347E-4
144.0	28.2335110037358	25.391489651820788	22.623572416276684	23.750954927425518	4.7200074121597877E-4
145.0	28.664765024468043	22.345467097202096	22.477749929680495	26.511073945351647	9.440032977181867E-4
146.0	28.193768294507837	21.35433201358811	24.585406069895686	25.861913439444393	0.004580182563979207
147.0	26.72165001077722	24.59550461427603	26.00402524369367	22.675551128513938	0.0032690027391445945
148.0	25.02317622796423	24.65980374109684	23.3537710690399	26.96263710598446	6.118559145751246E-4
149.0	28.21472076035864	24.300589764639575	24.003574670189124	23.47922677478319	0.001888030029467254
150.0	25.36803661301948	24.049207791892208	25.130368061962	25.45238753312631	0.0
151.0	26.607345216504413	23.741709385033836	25.264186046836883	24.386269843018084	4.895086067850788E-4
152.0	27.2473981506896	24.020283323164282	23.117866002793722	25.61434762769735	1.0489565504714185E-4
153.0	25.201015954002347	22.971571050345947	24.7548227744887	27.071855948240053	7.342729229516933E-4
154.0	23.22370175081273	24.727832494014336	24.750472690590684	27.295318199658563	0.002674864923692048
155.0	27.90769762259505	23.43669303954043	23.57570222278324	25.079784732452342	1.2238262893971537E-4
156.0	25.678001675958217	23.040089598901204	26.145350299918896	25.13645352485343	1.0490036825274275E-4
157.0	25.390864373012896	22.870450260022608	26.36098603159784	25.377454567070444	2.447682962115987E-4
158.0	25.59250083485297	20.718463101247124	25.596609535332206	28.092304141744922	1.2238682278562898E-4
159.0	26.7046725125453	21.751347283691096	23.802306192303448	27.741219423964207	4.5458749594149534E-4
160.0	27.10591155398771	21.304981522459794	25.51855307292264	26.070553850629857	0.0
161.0	24.950898754306685	20.68968170083603	28.06846286393189	26.287075090417456	0.00388159050793759
162.0	25.76142959629557	23.564115247405717	24.07311920232326	26.601335953975454	0.0
163.0	25.03228227322457	24.018395956134924	26.998821314535913	23.95044800014268	5.245596190857871E-5
164.0	25.818752046934762	23.155415614529815	24.930157230818352	26.094188812322333	0.001486295394739948
165.0	26.8141473301647	22.035017724993228	25.73485760289685	25.415400293874846	5.770480703774821E-4
166.0	25.0698082720704	23.95801710932199	25.29841637346726	25.673635835845637	1.2240929471261794E-4
167.0	27.19360694803888	22.974003087962874	26.009573069634108	23.82250211731286	3.147770512840018E-4
168.0	25.910487101767917	23.397785436823252	24.361803856773207	26.329853651916668	6.995271895725679E-5
169.0	26.782687775722835	22.499770458689124	25.45549303287469	25.26189133295732	1.5739975603037816E-4
170.0	31.29701370140442	22.411204430452468	22.805843633332	23.485815811836588	1.2242297452500324E-4
171.0	25.270734889317154	23.424260336403098	26.815450478652146	24.48895969668459	5.945989430129378E-4
172.0	27.371118258653905	24.436816306421303	23.897807582452337	24.29411798643964	1.3986603281711694E-4
173.0	28.33145811670444	20.495004744566124	22.636300511098508	28.53599541836444	0.0012412092664837835
174.0	25.018565797395752	24.804831862404715	23.808152727633807	26.36799508268598	4.5452987974537937E-4
175.0	25.77235256406558	24.323810712629236	23.010706894927043	26.89160883845496	0.0015209899231795193
176.0	24.76353106200302	23.77515288024333	27.87550966637428	23.584285325402345	0.0015210659770235116
177.0	22.850985404714486	25.93991575406061	24.061605498892284	27.122995924091224	0.024497418241396618
178.0	25.607897553792196	22.81761692059188	23.525345952484447	28.04884232553927	2.9724759220707737E-4
179.0	28.938284989835843	23.714826553585873	22.738228157992523	24.607750989092658	9.093094931036743E-4
180.0	26.502681806157923	22.201992759815802	25.24892844327275	26.046239221982585	1.577687709339438E-4
181.0	28.404639824870937	21.94447389317436	26.020328282739634	23.629961223628662	5.967755864022225E-4
182.0	26.188604304555263	22.909381137463203	25.069329363581105	25.83261498300621	7.021139422100546E-5
183.0	24.561905788372982	23.838486429479953	25.814759566453926	25.784444482672303	4.037330208322728E-4
184.0	25.894251456305227	22.02666920384903	26.50821330869177	25.567126963975756	0.0037390671782225496
185.0	25.146549971969545	23.657126950065066	24.284538806825744	26.9113981283307	3.861428089502287E-4
186.0	27.74294712115949	22.597964622694086	25.31488456324451	24.34420369290191	0.0
187.0	25.014387787129326	22.612466953806983	27.663569314142585	24.7090836039011	4.923410200075082E-4
188.0	27.692319596131398	27.659312186785712	21.72003597227307	22.927962955733495	3.692890763236112E-4
189.0	25.86309017162618	23.369048339239914	24.58546066413521	26.181662209178814	7.386158198846634E-4
190.0	28.303212830215756	21.751748382117785	25.290107263181373	24.65475564860562	1.7587587946733528E-4
191.0	27.513644656610502	23.633623223940052	24.088803261542342	24.763647034495538	2.818234115639896E-4
192.0	27.42984967201792	23.147507647982987	24.074319705153453	25.348234899956612	8.807488902123609E-5
193.0	27.900404007981855	23.809816585344198	21.53523033105823	26.754337673017613	2.1140259810269692E-4
194.0	28.353275574298838	23.027606723199533	23.34464836319061	25.27446933931101	0.0
195.0	26.600774830483807	21.168134127286734	24.874532293178262	27.355994928433546	5.638206176513911E-4
196.0	28.608594856672358	22.32228982449302	25.5529345552585	23.51611014839075	7.061518537192312E-5
197.0	25.178183965199946	23.952512055347867	23.96716686656653	26.90158976451484	5.473483708175743E-4
198.0	27.832002449834615	23.045206662362013	23.562401828040564	25.560265295023317	1.2376473949644016E-4
199.0	26.36772374227933	22.883454836752325	25.625862747480344	25.122604453326712	3.5422016129060824E-4
200.0	28.204518261950795	23.480296257984982	23.500789531249584	24.814395948814642	0.0
201.0	25.62325034665367	21.148052468875566	28.30745151277039	24.92103310941077	2.125622896076171E-4
202.0	25.802310904831288	24.341330121036854	28.139912045668936	21.71642921359262	1.771487030500578E-5
203.0	26.535783027245646	24.23242969369847	22.24128101555742	26.98986827930168	6.379841967770101E-4
204.0	25.62209833514556	23.700395322066523	24.664321851181313	26.013095874241326	8.861736528166587E-5
205.0	27.396514161220043	24.67869709260571	24.532136316941354	23.39189029193049	7.621373024026113E-4
206.0	26.312723822941486	21.768046800675783	25.298730452080022	26.620410294716418	8.86295862930445E-5
207.0	26.437494238038166	23.37255604172724	25.95969463375198	24.230024608009305	2.3047847331059278E-4
208.0	28.676301481041065	22.25634672990182	21.62465717134508	27.4426414213086	5.3196403426628594E-5
209.0	27.39637936296836	20.612912270571123	25.178407983086643	26.811697399062645	6.029843112349634E-4
210.0	25.183217042218143	23.847093147835167	24.173279437829308	26.796073347836018	3.370242813578034E-4
211.0	24.996575651140823	25.32430180543027	25.523801176272702	24.154576172067674	7.45195088525628E-4
212.0	28.746549461971664	22.655000866184444	24.2535726558351	24.34459302110934	2.8399489945160584E-4
213.0	30.083794001440612	23.18078719193486	22.111749487475652	24.623473970298452	1.9534885042529223E-4
214.0	27.94998295778257	24.077170146015728	24.18283544823875	23.789993677141855	1.7770821093680306E-5
215.0	26.897087382792645	24.697189268534146	22.96514948142153	25.440270954064285	3.02913187396887E-4
216.0	26.594852674223606	24.436615051260034	25.034252594697076	23.93426167109441	1.8008724867023574E-5
217.0	29.68836003695624	22.939944660010404	24.787665864351148	22.58344870815587	5.807305263360387E-4
218.0	24.344548841118748	24.620212976055125	24.459892856109075	26.575107164043153	2.381626738999724E-4
219.0	26.608883985548292	22.668752393952524	24.47225824961586	26.249476842807347	6.285280759794316E-4
220.0	27.462676755709627	21.65892062492247	25.456406138697847	25.42171793513826	2.7854553179541537E-4
221.0	26.49595636450901	22.541433923925343	23.658262665575432	27.30419752744927	1.4951854095322182E-4
222.0	25.389655432405938	24.95489331222197	23.763646987860966	25.891728869788132	7.539772298876574E-5
223.0	31.36532377625868	22.836293819081863	23.402684612345222	22.3949738484816	7.239438326272341E-4
224.0	30.411266880567222	22.58111637301645	24.266485494689434	22.7409784928928	1.5275883409111263E-4
225.0	30.668175583385406	19.45611807177337	23.968009429769623	25.906775439212833	9.214758587723062E-4
226.0	25.707026970872327	22.38493634644651	25.555403516470225	26.352381203420798	2.5196279013515283E-4
227.0	27.167704826636648	23.427374038753754	25.32891807952114	24.074652804616996	0.0013502504714624562
228.0	28.0947615264837	28.03763505858805	22.41663437822086	21.450870746156987	9.829055040545835E-5
229.0	27.41659860862489	25.9318867590777	21.53515568437998	25.116358947917423	0.0
230.0	26.45589097800947	23.081852332583665	26.14369403701647	24.318542689672768	1.9962717628556907E-5
231.0	25.1928338525609	24.913177349841003	24.156409904602025	25.736166486416685	0.0014124065793933915
232.0	25.975309032920208	24.63563183672409	24.1355847429002	25.25323079871125	2.4358874425130564E-4
233.0	23.61669706900404	25.945609804687127	21.520977202452897	28.916305589755765	4.103341001793776E-4
234.0	28.080388996721766	21.23431780040882	25.611653601978578	25.072454548024997	0.001185052865832057
235.0	25.979875755910765	21.30728072382321	28.00269170284072	24.709962497906968	1.8931951833748854E-4
236.0	28.90552322206451	23.444142021388885	23.34321125567629	24.306846569685366	2.7693118494380534E-4
237.0	27.84158935696619	24.686434089125484	21.91499330900413	25.55683286130787	1.5038359632917937E-4
238.0	26.89312961487534	22.55923162176004	24.212765198275648	26.334830051620028	4.351346894160884E-5
239.0	28.656155369943924	22.946940476282336	23.69845813982457	24.697167285270037	0.001278728679128392
240.0	25.598792205702008	21.70724328281659	26.611995398835504	26.08183252553439	1.365871115035714E-4
241.0	29.36477034555425	21.954008472099567	22.97554343489792	25.70353487434785	0.0021428731004227842
242.0	27.899675707089212	23.40549132340565	20.70796185240789	27.985843138724082	0.001027978373162546
243.0	28.33955460929586	23.06913228367187	24.88869811072383	23.700028044390265	0.0025869519181790607
244.0	26.90837965529715	23.095256063564754	25.39108062969274	24.604503749607467	7.799018378845576E-4
245.0	29.869229447853325	20.3746761320689	23.41718926672874	26.337019492899916	0.0018856604491229265
246.0	24.71967052663173	26.332922620335108	23.12357946398153	25.82143175518649	0.0023956338651410164
247.0	26.126303673238915	23.294235939643983	24.399139513859062	26.043406447546598	0.13691442571144788
248.0	26.32563894992483	22.511807563316758	24.14800508846999	27.004741528853938	0.00980686943448595
249.0	26.036349988157987	21.68289714290884	27.707245060976497	24.558244255348566	0.01526355260810736
250.0	28.089459740421486	22.059201449156156	23.848410198929027	26.001999188613826	9.294228795100827E-4
