# Position (bp)	A	C	G	T	N
0.0	24.377165115224777	23.243154429330037	25.346396929977367	27.033283525467823	0.0
1.0	23.342018026350956	29.79629082238308	24.19614392765778	22.595489079209464	0.07005814439871622
2.0	24.735543764423962	26.667686861247407	22.658578632423463	25.937635049326264	5.556925788965911E-4
3.0	25.899281497328303	22.021767346588383	23.99144613237311	28.08062878700195	0.006876236708255797
4.0	25.78673723031973	23.38550230950331	24.644700003498603	26.18306045667836	0.0
5.0	28.251576979255972	24.231238591294357	22.63231541971254	24.88427247610883	5.965336283050094E-4
6.0	26.472527514571915	23.773848477595745	23.75182746751157	25.99652510161336	0.0052714387074092196
7.0	25.572305761222637	25.119583746787775	23.31819453985701	25.9891102460372	8.057060953786396E-4
8.0	27.640223574286672	24.46402366878924	23.819807213075364	24.07590324189484	4.230195388494799E-5
9.0	26.043197957224102	25.119306131493147	21.94890949954101	26.88837538117396	2.110305677777426E-4
10.0	24.67137505000883	24.33622629244111	23.755090993941607	27.23730766360845	0.0
11.0	26.91558182090158	22.614326316415	22.89546752019934	27.574419429070247	2.049134138369832E-4
12.0	28.023223060437587	24.312277904024228	20.079517078026235	27.584941544278557	4.041323339410136E-5
13.0	25.533387327683236	23.100125422987926	24.969443380051633	26.396924000222157	1.1986905504426964E-4
14.0	26.256486602454537	22.311107212762142	23.669629148482056	27.762698015714033	7.902058723359197E-5
15.0	25.60626693171332	23.59295975997658	24.081365008461713	26.719369314755113	3.898509326988639E-5
16.0	26.653847394344677	24.164725089578763	21.649762019219693	27.531550307708613	1.1518914826072065E-4
17.0	28.573859678846407	26.52103687807082	19.466651606709213	25.437435289245308	0.0010165471282543627
18.0	25.598704207476295	25.415614464351314	20.435453858133293	28.54996585987337	2.616101657225654E-4
19.0	24.519402425526344	24.820436071075775	22.434816954881402	28.22478666555586	5.578829606179261E-4
20.0	22.471992249687652	25.222851016194724	23.99864723968963	28.306509494427985	0.0
21.0	23.876010700663276	24.542108297485477	23.489634511288365	28.091770025901354	4.764646615323324E-4
22.0	23.006902848701813	26.60571834007407	25.496268332568206	24.89103778265568	7.269600022971936E-5
23.0	25.76705704046718	23.59803116241536	23.18431350998013	27.450128276695867	4.7001044146273034E-4
24.0	28.034587762959678	21.341716076904635	24.580141199371653	26.043411829115126	1.4313164891237838E-4
25.0	25.150998071219664	24.743035884664177	20.169673169836795	29.936009542610602	2.833316687597794E-4
26.0	26.605896982314125	25.385406467873956	19.488565079850492	28.520131469961424	0.0
27.0	25.449986894779485	24.99843650854439	20.02516342877541	29.52634289862181	7.026927890368682E-5
28.0	27.490843464873908	24.03602201948134	22.722076174168997	25.748416615483226	0.0026417259925329527
29.0	27.516298522996905	23.414598217573836	22.344894712677227	26.723657862837026	5.506839150046911E-4
30.0	23.56281866230853	24.334536109103063	25.06591774573797	27.036316940253396	4.1054259704457227E-4
31.0	26.332634029064515	24.534145955520163	22.621931611105158	26.510709904428413	5.784998817478183E-4
32.0	24.29573723668673	22.389415424551068	25.00722653753229	28.307485883376334	1.3491785357837562E-4
33.0	23.719189318306196	25.466374655616068	24.563395895508542	26.250973268017535	6.686255165550006E-5
34.0	27.09919348822559	26.512868546040796	22.228260238886634	24.15951194847608	1.657783708959492E-4
35.0	25.353150371438016	22.5659028904667	25.599023081538906	26.48166076138385	2.6289517252167075E-4
36.0	23.992803652944048	24.413236340042175	25.921921144900857	25.671809009816005	2.2985229691400305E-4
37.0	25.146059279765847	25.590202909073483	21.344234453742068	27.919503357418602	0.0
38.0	27.021744537940872	24.842630871848925	21.193065060345344	26.94246108186476	9.844800009451008E-5
39.0	23.72534088623696	27.024968085745098	21.349890141472585	27.89976807826481	3.280828054754396E-5
40.0	26.67885446904494	25.996694006665127	22.846749593147624	24.477570714895634	1.312162466707978E-4
41.0	24.36902712688075	24.376439918341212	21.573551947268157	29.676159413064358	0.004821594445523199
42.0	24.66734577149019	25.80800574068778	20.472944253933605	29.051638641020727	6.559286769393843E-5
43.0	26.06683437074407	25.65688742675244	22.497826635172142	25.77445080521896	0.004000762112389278
44.0	28.89180496438901	24.820830222433823	22.250005820128198	24.037031098502474	3.2789454649069223E-4
45.0	26.30605590296287	24.10466937729615	21.820764051309187	27.764642087407637	0.003868581024151092
46.0	25.551236417827077	24.356418246677762	22.351767215012856	27.740578120482308	0.0
47.0	25.518220651207674	23.97253987775106	22.94455530702525	27.563405820853642	0.0012783431623718707
48.0	22.43704835619347	23.73723209347798	22.7865685686053	31.039150981723253	0.0
49.0	22.24288692230251	25.876044778588675	24.488401250015972	27.39112729779216	0.0015397513006803407
50.0	27.560100016280654	24.06948858110337	20.452235281322814	27.918110605584623	6.551570853764679E-5
51.0	24.717631672809418	27.25756282029993	20.909552720709108	27.113189372568325	0.0020634136132239266
52.0	23.215789953684133	25.767460956436157	21.674837074003722	29.341912015875987	0.0
53.0	23.01166919020519	25.10899075862789	23.604591969926382	28.27357333054874	0.0011747506917976296
54.0	23.672917869228886	27.686052214340556	22.22038042352161	26.420518971741185	1.3052116775983584E-4
55.0	24.050062208286757	27.344627398079	22.94802173741788	25.656051652084123	0.0012370041322448567
56.0	26.864526132936067	25.05350140885687	24.986614476415276	23.095357981791782	0.0
57.0	22.764004324594538	27.490791360444277	23.044933734896627	26.695063362079345	0.005207217985210199
58.0	25.091010383660795	25.341417070804727	21.958632620034944	27.608712135140863	2.277903586754446E-4
59.0	27.67695350796332	22.300838941078894	24.450269565503163	25.569204748413664	0.0027332370409585333
60.0	24.2333765423052	23.206629982910304	23.47826482561134	29.08166365698684	6.499218631440035E-5
61.0	25.784748773492428	23.544169056754832	23.060844328497055	27.604519175563365	0.005718665692327338
62.0	25.740012359260707	21.94607021645601	24.572932959133215	27.74078952412947	1.949410205942192E-4
63.0	26.708598384675863	23.51648137439003	22.351284267158757	27.421524226613215	0.002111747162136698
64.0	25.453383652531556	21.48362706922025	23.986039503922335	29.07688490213219	6.487219366944699E-5
65.0	24.399197080741775	26.095070492198325	23.76642301675927	25.734314679093384	0.0049947312072427495
66.0	24.528631098072168	23.899814912890356	23.11146771450986	28.459502505827146	5.837687004627664E-4
67.0	27.045449017614352	24.847343902268964	21.02653908706319	27.07998696314169	6.810299118066264E-4
68.0	23.9133769280784	22.013551879962577	26.493746969959837	27.579226936428743	9.72855704420494E-5
69.0	23.280043944128177	24.76860588939517	24.787477998752237	27.16131048965017	0.0025616780742406735
70.0	26.6611082149599	23.110067057593113	24.269668014726122	25.95886529874789	2.914139729762109E-4
71.0	24.51431559723233	22.61011295947626	25.99253397004867	26.882036145352757	0.0010013278899857197
72.0	27.51822660575791	25.650756434415705	21.812277667704958	25.016995351105386	0.001743941016039413
73.0	25.501789215757498	22.511766398130938	22.63597668449909	29.346431755213715	0.004035946398757316
74.0	25.08229231962021	24.988751177333736	23.617330869028844	26.31062502138406	0.0010006126331541054
75.0	25.982696942821033	24.92279916292604	21.697985936021418	27.394420109397977	0.0020978488335314993
76.0	26.667867227057272	23.941723765899763	24.73209268971678	24.65731585033401	0.0010004669921734436
77.0	24.296887303181368	23.999029299159155	23.957626068480877	27.745586021907894	8.71307270704197E-4
78.0	26.87458212110808	26.240051578194663	20.39203816476626	26.492779569045855	5.485668851468739E-4
79.0	27.32278505110763	20.811249292547043	22.447216104049307	29.416135929059166	0.002613623236852991
80.0	23.94190333182121	23.197497826988958	28.189260711637726	24.669144146614848	0.002193982937265639
81.0	25.339747250371836	24.89490274269159	21.788121348213103	27.976583395439924	6.452632835512711E-4
82.0	22.89106368289374	22.462306288925703	23.803068406000023	30.842142109363785	0.0014195128167489607
83.0	25.721398588043403	22.218057095075444	23.897578304748805	28.161707871316068	0.0012581408162817616
84.0	23.796054098011112	25.301113488471415	25.002185429587716	25.899550236977987	0.0010967469517692626
85.0	25.50792747141804	26.780161242720453	21.346065455061535	26.364942690937475	9.03139862496956E-4
86.0	25.837628284105353	24.72682177943197	22.61119030878492	26.822134208879746	0.0022254187980158295
87.0	22.86379451741578	22.06942835111939	25.13614872371556	29.929596428319194	0.0010319794300700101
88.0	24.79935685843533	26.69505080250807	25.58061391254771	22.924333479091448	6.449474174370564E-4
89.0	26.36227033232083	26.1756985960364	23.04296373685195	24.41797099206119	0.0010963427296354338
90.0	24.288415808862055	25.17729753258583	25.103815181730976	25.430278017362983	1.9345945815230097E-4
91.0	26.702710092019387	25.320597660132787	23.79446413481432	24.181808978443264	4.1913459024274014E-4
92.0	25.312486197606116	24.104549043351042	22.568449395950825	28.014450884755615	6.447833640733802E-5
93.0	26.225046688478805	25.97891063762294	21.25425902410199	26.54139679549237	3.868543038992013E-4
94.0	28.287254845704062	23.671561747064658	22.85632035321432	25.18034987456585	0.004513179451107115
95.0	24.32025396268698	26.233645414139957	23.48842172041153	25.955229019002076	0.002449883759462676
96.0	26.611795611497456	24.093281868215993	23.494846773088792	25.798947597443934	0.0011281497538216073
97.0	25.30966258123486	25.529211030794798	23.12400813218802	26.03695710747818	1.6114830413970654E-4
98.0	28.393193744442826	22.28037083193548	24.632956371784573	24.693479051837127	0.0
99.0	21.96320860936329	22.11050693697462	26.410644922413002	29.515639531249093	0.0
100.0	22.509601414426335	24.7562953346422	24.216766571643355	28.517336679288107	0.0
101.0	23.612424444616988	21.620768278353747	28.633383904951557	26.133358935953392	6.44361243088823E-5
102.0	25.16864213202058	23.977434912739092	24.738797194506283	26.115093543305058	3.221742898473216E-5
103.0	25.726316006439898	24.994082161816078	25.28541693303648	23.993991663175006	1.9323553253619384E-4
104.0	26.60906114725411	26.544267819292312	22.70890212665099	24.137350262039416	4.186447631726575E-4
105.0	27.17322802442423	23.695889287815547	20.641669004085625	28.48592895255399	0.003284731120605344
106.0	25.719375347773223	23.709439338045875	24.7201713620345	25.850852946025597	1.6100612080868868E-4
107.0	26.19750727476875	23.807403214261218	22.576013565185697	27.418077748014312	9.981977700261819E-4
108.0	23.941052609895504	24.34766291609724	24.563858707022355	27.14729702153847	1.2874544643449144E-4
109.0	26.056279785379537	24.362827395807287	25.486131827527426	24.09379556605938	9.6542522636808E-4
110.0	25.24877294750654	23.89385086944239	22.952558260458826	27.90478574604856	3.217654368577159E-5
111.0	25.10849183479898	23.271852481992028	25.120428510573127	26.498294117117126	9.330555187338244E-4
112.0	25.544002962302386	23.594796410878548	24.249700729605298	26.611371213356872	1.2868385689969062E-4
113.0	28.59405218237195	21.568301981962506	23.006617693419237	26.82999875186416	0.001029390382148312
114.0	26.047145724288324	21.84666042809391	27.471476865757342	24.634363126753794	3.5385510662780265E-4
115.0	26.98326450421966	23.37873577695185	26.47709143832741	23.16010401415766	8.042663434159379E-4
116.0	27.252293551419367	24.41481384256963	24.484075588917865	23.84862399782789	1.9301926525286487E-4
117.0	26.305166750843647	25.890629976226702	24.14861687035351	23.654556977092067	0.001029425484071249
118.0	26.962495874372472	24.108912706546768	24.84210025162307	24.086105143829187	3.860236285063008E-4
119.0	27.025616808167317	21.065861498354234	24.90645258419911	27.001490067503404	5.790417759339944E-4
120.0	25.482351987472263	23.64578260077938	25.09636102427378	25.775472218880264	3.216859431606673E-5
121.0	27.80599467873104	23.26699278820404	24.12443701572737	24.80177131153421	8.042058033420863E-4
122.0	27.125472471973367	23.47256847827835	24.926157656860696	24.475318868319047	4.8252456854261497E-4
123.0	24.47569138740051	28.276621225568267	22.58880121773866	24.658017642670778	8.685266217885023E-4
124.0	24.858521898426556	24.782640163279225	22.740009360570127	27.61857124246289	2.5733526120333183E-4
125.0	26.586272005867155	23.759549412479934	24.36543651470167	25.28742324282769	0.0013188241235448706
126.0	24.103726686697325	24.008870015481353	24.895742900787127	26.991467402789603	1.9299424458996925E-4
127.0	26.126492117361614	22.273418977194982	27.97613705848428	23.62269739243937	0.0012544545197513864
128.0	26.44517032798249	23.455130586662936	24.871761468450604	25.218641589910114	0.009296026993861084
129.0	24.413116696682422	26.529380110089573	22.225799738365986	26.828165252082474	0.0035382027795477725
130.0	26.194778793512736	24.033182581396396	24.062035601474495	25.709938691353102	6.433226327335421E-5
131.0	26.621239452711865	24.252522471288472	24.150234041074917	24.975264212945213	7.398219795320208E-4
132.0	26.469533387264605	24.744869157691078	22.72292888630848	26.05691089599359	0.005757672742244431
133.0	26.976064670710304	25.487701673797226	24.902353519020597	22.631628549987955	0.0022515864839193303
134.0	27.594857150576818	22.441521831570782	20.58902429060985	29.37440373529482	1.9299194773263412E-4
135.0	26.841548299109668	23.192804024496937	26.14938757655293	23.815648962997273	6.111368431887191E-4
136.0	27.848440831093573	25.711458865396963	24.84239122743139	21.591629880564717	0.006079195513360721
137.0	28.41513620337886	21.54065225929158	24.531822496387008	25.51213171660742	2.5732433513020773E-4
138.0	24.86475568540725	24.107934290239125	27.07523636396384	23.950947964548945	0.0011256958408433326
139.0	25.687752357047795	24.141559880946332	25.348885528237936	24.820322746854	0.0014794869139382464
140.0	26.9083474127758	21.48817214261293	25.706923097458045	25.896203551911253	3.537952419686068E-4
141.0	25.87867871731369	24.95635392878968	25.304042970634587	23.860474092181015	4.502910810202309E-4
142.0	28.703295699502295	22.55804124818837	23.672936255782254	25.06540515817852	3.216383485543321E-4
143.0	26.869950876127625	24.96192602375173	24.546658351235205	23.62143258501955	3.216386589083134E-5
144.0	28.12907575177166	24.969918841178234	23.46555534434685	23.434871114979337	5.789477239152691E-4
145.0	28.837215136862643	22.340449142214215	22.41690476626998	26.40459467100762	8.362836455405335E-4
146.0	27.662662941163795	21.684414482887057	25.032124260337902	25.616327454848324	0.004470860762921833
147.0	26.527090688684396	24.011661136182425	26.31642089059612	23.140839031870964	0.003988252666098662
148.0	24.665140376653554	24.700842440039832	23.873004865773105	26.760626349280685	3.8596825282464435E-4
149.0	28.315465794357653	24.34591298138624	23.611237089858765	23.72465012753338	0.002734006863965468
150.0	25.457969597354722	24.24845767367656	25.22840582320662	25.065166905762094	0.0
151.0	26.61652423045363	23.809529936372524	25.357838216179022	24.215367800012675	7.398169821449996E-4
152.0	27.627465928134658	23.41471338460598	23.363344237616886	25.59418695538894	2.8949425353906724E-4
153.0	25.461223751941635	23.076418314302174	24.685116581731695	26.776308530906455	9.328211180407927E-4
154.0	23.500435532784618	24.841548412331818	24.90112054801218	26.754354362854777	0.0025411440166029984
155.0	27.440389147263883	23.38762961013862	24.27985432068107	24.891933918049272	1.9300386715415154E-4
156.0	26.21118967453384	23.15020775291348	25.868092581530593	24.77015615002987	3.5384099222160996E-4
157.0	25.40210706320707	22.762761255797063	26.624166408519095	25.210772264946584	1.930075301887903E-4
158.0	25.65362499497366	20.42713418311955	25.87809722948249	28.041079255297763	6.433712654308577E-5
159.0	26.80620376482517	21.385244119149547	24.65292656030244	27.154982171832398	6.43383890439444E-4
160.0	27.021351202673966	20.967994106463266	25.908881804348738	26.101740716553696	3.216996033443891E-5
161.0	24.722453667214626	20.579960044909264	28.92111604026392	25.77309240177707	0.003377845835116085
162.0	26.30234539273039	23.389971406437798	24.302951493891374	26.004699535965862	3.2170974574635374E-5
163.0	25.312906263401363	23.850173033423747	27.36569360231556	23.47116275822709	6.434263223778205E-5
164.0	25.904661405467316	23.391092851696595	25.1121999556026	25.5904050136892	0.0016407735442960597
165.0	27.03947982253223	21.240247476811113	26.339614628543483	25.37995026012091	7.078119922655453E-4
166.0	24.920167371017016	23.28686819612846	25.954669545199344	25.838101841499455	1.930461557271164E-4
167.0	26.3578073277837	23.02828357709514	26.568428341235645	24.044965945420007	5.148084655104069E-4
168.0	25.716598731738333	23.463194799277705	24.472919768999795	26.347125818404592	1.6088157957395985E-4
169.0	27.01782690761941	21.939400998914333	25.471639829665865	25.57074613533674	3.861284636527624E-4
170.0	31.015399228960604	22.51401575350422	23.14994145287608	23.320611387069693	3.217758940301884E-5
171.0	26.15899984941368	23.53850826873352	26.18145909135956	24.120035316997075	9.9747349616391E-4
172.0	27.59762119755274	24.834275497543445	23.982612236993678	23.585298056406327	1.9301150380731275E-4
173.0	28.664111517311593	20.320932334648436	23.115073397549825	27.89853172733136	0.001351023158788647
174.0	25.188237545859128	25.052361031361936	23.645505121907675	26.11344595257511	4.503482961554731E-4
175.0	25.180870947091428	24.132157229851668	23.608861952602002	27.076308399038783	0.0018014714161173789
176.0	24.656947668292933	24.32850922275359	27.619681856421984	23.393381365324633	0.0014798872068576686
177.0	23.035056739715483	25.654852381497843	24.03731680414534	27.24722607980499	0.025547994836344824
178.0	25.223470266388144	22.8174886639921	24.015797690710716	27.942985961755536	2.5741715350685823E-4
179.0	28.02684428122133	24.196829313738835	23.252793409802333	24.522535377612755	9.976176247496703E-4
180.0	26.70060352866382	22.33997910502547	25.066453953804626	25.892705370214884	2.580422911962099E-4
181.0	28.02272004186121	22.065314467795776	25.953400334954267	23.957596145926367	9.690094623774001E-4
182.0	26.493029926657158	22.564625202092557	25.3136977163743	25.628517944849932	1.292100260519715E-4
183.0	24.124159274310784	24.020074042008826	26.12539330779121	25.72982419868585	5.491772033312443E-4
184.0	26.23969425204177	22.174835883386745	26.532035046004342	25.049978031634446	0.003456786932699266
185.0	25.13394136332198	24.13738854641034	24.0904182136349	26.6377673133648	4.8456326797220934E-4
186.0	27.01902633667825	22.98812957926122	25.44579094839631	24.547053135664214	0.0
187.0	24.925620829468098	22.681578200617814	27.246898077158903	25.145029271176345	8.736215788412736E-4
188.0	27.974717377741765	27.465065377834957	22.42931531247007	22.130384190239017	5.177417141910414E-4
189.0	25.736377013121963	23.24230145788426	24.721640897260112	26.29887161292139	8.090188122762457E-4
190.0	28.684634140184613	21.350317836446756	25.35853284547278	24.606353363189225	1.6181470662670057E-4
191.0	26.978206410634037	23.291633331615948	24.561945840223117	25.167857979560548	3.564379663464234E-4
192.0	26.869928895162655	22.855496641785482	24.585027347266536	25.689514709971206	3.240581412154643E-5
193.0	27.605582585630888	23.767895271098045	22.41078454631607	26.21547831565683	2.5928129816960363E-4
194.0	27.936448050449496	22.916131859469523	24.09815300282897	25.049267087252012	0.0
195.0	26.42400390317911	21.12219641354896	24.904065757545794	27.54885862808441	8.752976417212242E-4
196.0	28.921716772897465	22.387661499085876	25.930876213985027	22.759615528349553	1.299856820771192E-4
197.0	25.311919726275754	23.646094336317184	24.040936427108115	27.000171938974336	8.775713246094077E-4
198.0	27.4496339903372	23.176878569054104	23.85139906758131	25.521958137858487	1.302351689003626E-4
199.0	26.24445370865114	23.12362300941883	25.418014706601923	25.213190925513825	7.176498142918003E-4
200.0	27.940013570999817	23.532929248114414	23.40312393976564	25.123900618524413	3.262259571469583E-5
201.0	25.22191754901369	21.224873296000442	28.55727901631696	24.995603897279636	3.2624138926633207E-4
202.0	25.426101743689998	24.803152560721475	28.035943316290023	21.734802379298497	0.0
203.0	25.75317407676278	24.439313898043068	22.650974288803123	27.15552584437492	0.0010118920161067096
204.0	25.052787244877972	23.551794831616196	24.407131011608623	26.988188976377952	9.79355192541231E-5
205.0	27.424373012608307	24.09087644381762	24.985341455929692	23.498494969083204	9.141185611773847E-4
206.0	25.748819921122372	21.105168316126946	25.877039323555312	27.268939788469005	3.265072636438407E-5
207.0	26.263261894599754	23.2560949445359	26.60030154288463	23.88008037224904	2.612457306732857E-4
208.0	28.63034503481703	22.342735455887542	21.54648367584234	27.480403172073213	3.266137987797709E-5
209.0	27.20053600140599	20.650884983793862	25.401658050180554	26.746006286452374	9.146781672201558E-4
210.0	24.83853671972484	24.233851956624232	24.537615626724538	26.38976698382639	2.2871310000022874E-4
211.0	25.67471949533181	25.157618931985688	25.279491514511136	23.887222269248532	9.477889228313528E-4
212.0	28.411455140246506	22.29357843161297	24.791023962149712	24.50355009948126	3.9236650955657684E-4
213.0	30.30315620595752	22.690227525821896	22.460601405171836	24.5454587091734	5.561538753456332E-4
214.0	27.988233965340285	24.02716598653486	24.47191162051428	23.512655689617638	3.2737992931867324E-5
215.0	26.508569200759258	24.16949768836358	23.033402555533094	26.287874213374153	6.563419699185349E-4
216.0	25.549733296068517	24.450233589462712	26.06545803270915	23.934575081759625	0.0
217.0	29.414434604015728	22.768524170420935	24.830953730999088	22.98518640394424	9.010906200137567E-4
218.0	24.253817375221097	24.692699822111074	25.371134870773876	25.682044998998638	3.029328953148062E-4
219.0	26.72457460244171	22.929539497806807	24.13192416855657	26.213180873745536	7.808574493800672E-4
220.0	27.355190649318406	21.72020048282572	25.16740152254818	25.75693452388057	2.7282142712206474E-4
221.0	26.119609176331604	22.57955016219107	23.980389485090125	27.319970661110077	4.805152771251732E-4
222.0	25.40642790265905	24.320748300852493	24.587592540147092	25.685092599942667	1.3865639869815508E-4
223.0	30.876041129520438	22.324521332645787	24.116476189942382	22.681945440889624	0.0010159070017711814
224.0	30.303970125275328	22.242824161801757	24.711942619285875	22.7411225992584	1.4049437864429247E-4
225.0	30.906164292634426	19.958888710000874	23.60855724934259	25.525154008456695	0.0012357395654151097
226.0	25.66028642370216	22.19956838307876	26.05827363941601	26.08155025088403	3.213029190370195E-4
227.0	27.25436957084002	23.579576095806086	25.40070406607356	23.76365485251154	0.0016954147687941235
228.0	27.556738739751662	28.049202892111612	22.53337226235014	21.86057729797563	1.088078109500554E-4
229.0	27.499736985148427	25.474449568363404	21.890141618885636	25.13567182760253	0.0
230.0	26.189216659653784	22.41978537279246	27.10162709820349	24.28937086935026	0.0
231.0	24.699728238589525	24.839074908058777	24.667006554771927	25.792065997921913	0.002124300657862372
232.0	25.214919144692054	25.056996426038403	24.28487984572655	25.44294231568283	2.6226786016027564E-4
233.0	23.26269568176304	24.933563110408443	22.592327499705714	29.210543149250505	8.70558872300747E-4
234.0	27.080926288027797	21.19700930184127	26.591108978203742	25.129495355227053	0.0014600767001344422
235.0	25.64167002850397	21.612911633798465	28.353690441502284	24.391416674998318	3.112211969645041E-4
236.0	28.60908725505162	23.23108011787737	24.19215699732208	23.967360069928056	3.155598208724677E-4
237.0	27.724473317067265	24.323331082415447	22.546632223375994	25.40528466678983	2.787103514617164E-4
238.0	26.94646929832516	22.556744607252234	24.76498731082612	25.731718179029993	8.060456649050539E-5
239.0	27.86898374309282	23.415903560110678	24.203579886347107	24.510307045858305	0.0012257645910931042
240.0	25.236492913086256	22.037271963385642	26.3571125923369	26.368786588845623	3.359423455746525E-4
241.0	29.018318672731112	21.801382417539898	23.567005695721775	25.61110611068257	0.0021871033246494112
242.0	26.79658315695385	24.264560794002815	20.835069019892234	28.10277513091434	0.0010118982367673226
243.0	27.51905727288797	23.239892858079244	25.17412253659428	24.064220874067647	0.002706458370864299
244.0	26.1301525462233	22.84773011626606	25.976004231555606	25.044926371610604	0.0011867343444309948
245.0	28.889351611833998	20.96081114387945	23.6136017881881	26.534025717952424	0.0022097381460296954
246.0	24.425337890632484	26.898951528805814	23.44925434336527	25.223731055194733	0.0027251820017057935
247.0	25.650768370420717	22.674777516273746	25.064798078208835	26.4694008244426	0.14025521065409852
248.0	26.102841012371286	22.30685499823573	24.68227067138565	26.897939544283222	0.010093773724110647
249.0	25.294648187358536	21.460506706408346	28.761794731936934	24.46711648062808	0.015933893668102578
250.0	27.450852134456632	22.402940415784293	24.137978520092283	26.006980948491513	0.0012479811752798167
