# Position (bp)	A	C	G	T	N
0.0	23.662871869478597	24.13969746559209	25.1352379657304	27.062169414425195	2.3284773713912094E-5
1.0	22.81065783083819	30.751424939993356	23.239406183995595	23.12392388857004	0.07458715660282222
2.0	24.74076197792858	26.325532996713598	22.326387535791362	26.606807178499388	5.103110670697196E-4
3.0	25.50955229484526	22.315148087802775	24.427175195322008	27.742028938481972	0.006095483547988606
4.0	26.082768574733183	23.88510839149988	23.599475099901014	26.432532133455805	1.1580041011873248E-4
5.0	28.31031539659466	23.96968772218095	22.540580522598514	25.178444633288212	9.717253376687708E-4
6.0	25.733905714201256	24.12544711481613	24.38166053269481	25.752681765105827	0.006304873181979425
7.0	25.903646821064473	25.450437104355135	23.218167124541598	25.42703418094956	7.147690892343094E-4
8.0	27.874055292708505	24.22345037622574	23.92050879087594	23.98198554018982	0.0
9.0	26.50992531570732	25.953544223841025	21.88463697477949	25.651663709058692	2.2977661347414657E-4
10.0	24.91698608635835	25.11194422236478	23.059155133958807	26.911891596755584	2.296056247867538E-5
11.0	27.675639442472033	23.02554103058918	22.483990601290678	26.814694773359772	1.3415228833619638E-4
12.0	28.43156891637917	24.84053629569499	20.105441486592607	26.622453301333238	0.0
13.0	25.52860261199319	23.168192037542223	25.013727247550577	26.28926003702759	2.18065886426925E-4
14.0	26.4271066776881	22.455008832760853	23.471742397273683	27.64609891612752	4.317614984023745E-5
15.0	25.63680780335391	24.017945292185537	24.12820599735519	26.21699826955502	4.263755033629302E-5
16.0	25.942957416478095	24.849603808574873	21.57096998329782	27.63644780637814	2.0985271067795648E-5
17.0	28.399880354728058	26.86085761286273	19.36785630545199	25.369676511051647	0.0017292159055749305
18.0	25.36304466407371	25.988776194856605	20.11433492751778	28.533701151830794	1.430617211183421E-4
19.0	24.92542886031221	24.988347623932068	22.094470876380694	27.991244246003827	5.083933712011831E-4
20.0	22.803691591019557	25.269877126537732	23.702236192498464	28.22413456015118	6.052979306679644E-5
21.0	23.88297177810514	24.42995072723588	23.982242259225526	27.704594919562275	2.403158711810804E-4
22.0	22.74064879723669	27.378598785403113	25.856150467614647	24.024522662789003	7.928695654242268E-5
23.0	25.30742634061327	24.396898169945523	23.104561066736547	27.19083816423882	2.76258465842022E-4
24.0	28.053866576993308	22.088287851475897	23.949961484771823	25.90782543412723	5.865263174358633E-5
25.0	25.085827239870294	25.568387702199217	19.520064294939097	29.825430413736076	2.9034925531223E-4
26.0	26.534109648560726	25.606722369554834	20.049499139672474	27.809591872627653	7.696958431421447E-5
27.0	25.520940898994933	25.04142037729012	19.918902049061074	29.518640705290366	9.596936350814857E-5
28.0	27.429809268831228	23.739024220123575	23.140187228497865	25.688052471264513	0.002926811282819485
29.0	27.38667524162302	23.788228233571555	22.398542458474164	26.426214787577575	3.392787536858867E-4
30.0	23.40150377967336	24.412937179222133	25.38873483561492	26.796468409840635	3.557956489562828E-4
31.0	26.13493140701635	24.841038216064266	22.298749367675615	26.724889592527745	3.914167160286636E-4
32.0	24.086376681702156	22.69758759222312	24.36003743878653	28.855739681105323	2.5860618286745125E-4
33.0	24.001101728052404	24.752559268177507	24.628102770889946	26.618126499010387	1.0973386976125934E-4
34.0	26.129345492705685	26.417369778550597	23.018937211249984	24.43423865792113	1.0885957260280336E-4
35.0	25.0187539682212	22.631332078341774	26.272716355452815	26.077000140553793	1.974574304218355E-4
36.0	23.580427070901433	24.651512167614225	26.66969067904682	25.098154850239645	2.1523219787587344E-4
37.0	25.593064073834608	25.66322445116942	21.76185563350356	26.981819981345552	3.5860146861645456E-5
38.0	26.248087136071867	25.47446285203463	21.43441894915228	26.842977286550195	5.37761910216347E-5
39.0	23.088030458461205	27.409138255233707	22.308360377332793	27.19422000374207	2.5090523022705487E-4
40.0	26.186081716632003	26.48379153360157	22.667339473411648	24.662697680286104	8.959606866786056E-5
41.0	24.009946847184853	24.371173135270745	21.674938983377608	29.938583826680183	0.0053572074866168355
42.0	24.128573071660114	26.09637139987624	20.71762589348066	29.057393804388603	3.583059438298104E-5
43.0	25.875797946852032	25.75764198241203	22.84467470566697	25.517783225005786	0.0041021400631837054
44.0	28.54083437439831	25.087615132830937	22.792669111490223	23.57864854094184	2.3284033869313883E-4
45.0	25.582090011966113	24.42165275634292	21.788086965460156	28.203926074416263	0.0042441918145478
46.0	25.220364853216036	24.80572474099318	22.556683538056966	27.417226867733813	0.0
47.0	25.53882073208288	24.54735405968674	23.03450572588789	26.87715302694999	0.0021664553925044225
48.0	22.570004825943816	24.08557672892659	23.09437870627473	30.250039738854863	0.0
49.0	22.022241234884337	26.12476999849649	24.545116092587687	27.305814294817182	0.0020583792143077043
50.0	27.18515864353948	24.44852671394765	20.29910300241297	28.06705056068166	1.61079418238414E-4
51.0	24.87949622038229	26.738748521608542	21.768722578511557	26.61011571405077	0.00291696544684421
52.0	22.62100303728161	26.13795322704247	21.95202921107687	29.288996657185624	1.786741342925514E-5
53.0	22.57782432675958	25.34615254228216	23.80244120465117	28.271565728926724	0.002016197380370802
54.0	23.309349950709912	28.335600826110813	22.630886374078322	25.72407363627037	8.921283058929535E-5
55.0	23.898510568609897	28.0401083371789	23.094317000056815	24.965211811224584	0.0018522829298057793
56.0	26.843602395385318	25.409323852326953	24.574283426148252	23.172772517642432	1.780849703942641E-5
57.0	22.684234246987828	27.87574840196382	23.010723852474065	26.423648709649328	0.005644788924959743
58.0	25.74674801488911	24.883119056797455	21.865073889125803	27.504756342606235	3.0269658139822674E-4
59.0	27.728156639707098	22.569534579719466	24.677961128506105	25.021196255785128	0.0031513962822070033
60.0	24.196770618007715	23.151383815111533	23.46491984508468	29.18685460099989	7.112079618308911E-5
61.0	25.375789433822852	24.11317533782336	23.193758168127736	27.310734557693937	0.006542502532108487
62.0	25.49275605795154	21.72091067715903	25.152954331920903	27.633094490799632	2.8444216890709316E-4
63.0	26.26426315815671	23.664452160334715	22.774709119390643	27.293553518263458	0.003022043854478278
64.0	25.18443076949296	22.24592970576289	23.4814862680827	29.088082246643353	7.101001809335261E-5
65.0	23.881791108150228	26.069029445716314	23.904636784805618	26.13921732877414	0.0053253325537046476
66.0	24.591908985359794	24.07995695925134	23.14569154970303	28.18190999889771	5.325067881302817E-4
67.0	26.740338159963933	25.271387038029687	21.406118544130123	26.581268792088064	8.87465788193865E-4
68.0	23.855736545719424	22.384416434512705	27.094035844003894	26.665562692929175	2.484828348057716E-4
69.0	23.191341411729127	24.841759234083458	25.48366726702082	26.479629252321256	0.003602834845340771
70.0	26.212663400387253	23.426664972016106	24.39830598759395	25.96192247824563	4.43161757054825E-4
71.0	24.609602935581457	23.24517874858919	26.15725333663974	25.987115972695246	8.490064943690528E-4
72.0	26.984749086202655	25.928781905972475	21.914246041803256	25.17054278509973	0.001680180921881668
73.0	24.95149068437218	23.556445531625315	22.99636896365851	28.49129131338397	0.004403506960016864
74.0	24.866329829862753	26.09714226297462	22.88799716496869	26.147522778217507	0.001007963976428497
75.0	25.34235226860597	25.268332068129002	22.025890094679017	27.360879245397125	0.0025463231888878455
76.0	26.691360522036682	24.624623456427745	25.01945047802202	23.663716795381678	8.487481318699972E-4
77.0	24.608154571851205	24.92834629435855	23.810937476240674	26.651889765923563	6.718916260024889E-4
78.0	27.093107095384372	26.955162013863816	20.48443794893592	25.46667411614898	6.188256669084212E-4
79.0	26.94983874700562	21.289585484065736	22.995431946038373	28.76189065135743	0.003253171532839617
80.0	24.251831911926082	23.408216293165314	28.23457736743909	24.102563377248774	0.0028110502207381602
81.0	24.732545042556424	25.80646644059718	21.74897235383876	27.71157418366858	4.4197933905702465E-4
82.0	23.067634985344398	22.413666304843595	23.731680497265113	30.785709992327465	0.0013082202194274238
83.0	24.974322675490594	23.018709356021542	23.998708090275287	28.007429011257717	8.308669548655393E-4
84.0	23.38563157211843	26.043487037925473	24.794512750656615	25.775131243501466	0.001237395798015995
85.0	25.483265178852044	27.16434816516729	21.087186238675145	26.264670123943702	5.302933618230495E-4
86.0	25.241538635576266	24.920954205759454	22.788449981263742	27.047307281687257	0.001749895713285774
87.0	22.06719265171619	22.097010411647698	26.127586783467915	29.70727337707076	9.367760974331982E-4
88.0	24.93613793252157	26.947892476656964	25.770016668737515	22.345228271211017	7.246508729303485E-4
89.0	26.70202806678582	26.00695952226056	22.483809628841385	24.806354447843084	8.48334269152074E-4
90.0	23.77688422886163	26.07294794794795	24.819293163219715	25.33076862172907	1.0603824163146198E-4
91.0	26.715155148178166	25.355825881157035	23.69139949166974	24.23677120154613	8.48277448932814E-4
92.0	25.809377706533287	24.575892143174098	22.756995745181673	26.857699061685057	3.534342588421741E-5
93.0	26.54982417077524	26.388556079803493	20.91121949495485	26.150046828889007	3.5342557740903707E-4
94.0	27.92351832796757	23.88535206304827	22.731196464976588	25.455515424996054	0.004417719011512399
95.0	23.941009173582415	26.190873774227207	23.99914475317559	25.866339411063606	0.0026328879511802496
96.0	26.47780274335489	24.40399494782791	23.946433405402885	25.170761720254703	0.001007183159614853
97.0	25.367075339961797	25.429465646723852	23.479234064011994	25.724030586975992	1.9436232636155668E-4
98.0	28.61730704229732	23.135947960244348	23.557103034044545	24.689641963413788	0.0
99.0	22.67955067566314	22.286963421242184	26.49284655882369	28.54056867467836	7.066959262336658E-5
100.0	22.693073337022128	25.40067924672302	24.484858635132433	27.421388781122424	0.0
101.0	23.984804394740898	22.450528072721827	28.082703127451158	25.48185840895568	1.0599613043459827E-4
102.0	25.207135821772297	24.316332975570543	24.691003370037144	25.785510165321746	1.766729827257991E-5
103.0	25.613850553807687	25.973445284980812	24.931141716363054	23.48140344938883	1.5899545961965813E-4
104.0	26.120136119148597	27.277816652531016	22.507110075576406	24.09463683276187	3.003199821079954E-4
105.0	27.311943605827317	24.055431703843674	20.635010369329752	27.99409869510213	0.0035156258971250133
106.0	26.114211627291944	23.405841894226455	24.863391694801564	25.616431120282616	1.2366339741865025E-4
107.0	25.470275839334743	24.74991228866692	22.819891976382774	26.95933691998783	5.829756277322566E-4
108.0	23.82143226206469	25.157598994531927	24.168117370556143	26.852745385348463	1.0598749877451954E-4
109.0	26.34976183738667	24.462213168875184	25.38933925993127	23.798120488414412	5.652453924551752E-4
110.0	24.62854896081319	24.660007355011423	23.057236614108835	27.654065763410973	1.4130665557880444E-4
111.0	24.843941430079404	23.954328094993834	24.703921477191955	26.49729675115556	5.122465792526712E-4
112.0	26.41525464144598	24.289718784277635	23.742689645305386	25.552195623413628	1.4130555737093946E-4
113.0	28.424858840086593	21.713475049031523	22.792698401035455	27.06834951703245	6.18192813985429E-4
114.0	26.42382277681937	22.796990324478543	26.58709797412643	24.19189463344948	1.9429112617671976E-4
115.0	27.60110859105072	24.08521807943136	25.52018639026079	22.792921692067463	5.652471896616289E-4
116.0	26.821323011055973	24.427360370431934	24.6827441765409	24.068466458928125	1.059830430663862E-4
117.0	25.81486531386139	27.22776308438049	24.19371049585491	22.763078198136707	5.829077665041061E-4
118.0	26.942341192135146	25.139940416912044	24.763227350142316	23.15426141311471	2.2962769578498935E-4
119.0	27.107627152175635	21.290623551556124	24.679187345263802	26.92210268831183	4.5926269260770767E-4
120.0	24.946748124945795	23.949769160915782	25.252879063353433	25.85053299567255	7.065511243613E-5
121.0	27.58898681713419	23.421119010373612	24.402715424475844	24.586631169444125	5.47578572225967E-4
122.0	26.70900423805531	24.24556945434839	24.602959414257057	24.442078291593678	3.8860174556371366E-4
123.0	24.787921608803554	28.26846953465163	23.203882466196223	23.739108163247284	6.182271013097583E-4
124.0	25.191614735681885	24.43803255754801	23.242012519959868	27.128216541608374	1.2364520185962382E-4
125.0	26.783979165588462	24.248300288815333	24.03683327260045	24.93012774395322	7.595290425359226E-4
126.0	24.217157938746855	24.18089476596829	24.697004676059294	26.904801311197197	1.413080283626409E-4
127.0	25.808416222568304	23.238642395236152	27.36361274304858	23.58832183367185	0.0010068054751141533
128.0	26.210319710292683	23.639594746069815	24.75816214890987	25.38208490493051	0.009838489797115149
129.0	24.35127748555897	27.013676476069037	22.066589384070188	26.565559881677437	0.0028967726243682517
130.0	26.23919301739892	24.243745259553048	23.701104287889926	25.81590444460067	5.29905574359353E-5
131.0	25.569712729904925	24.800039283833115	24.399199344610008	25.230465743049113	5.828986028450397E-4
132.0	25.99065103937593	25.641654734942627	22.65932428465296	25.702223027679832	0.006146913348658224
133.0	26.721827657202287	25.84537871411998	24.529601326039927	22.901443608682566	0.0017486939552419133
134.0	26.4632007333888	23.52955722887842	20.698326736013595	29.308809320679195	1.0598103999194544E-4
135.0	25.93804949434377	24.020856829207332	25.91356815518272	24.127013285454005	5.122358121719593E-4
136.0	27.677684149019864	26.62306234926341	24.295249591706312	21.39771567498021	0.006288235030202959
137.0	28.46806599206867	22.377783944351055	23.843035941799716	25.310813839886514	3.002818940439439E-4
138.0	25.06160446989422	24.101950694875104	27.129087748680963	23.705891049419407	0.001466037130304736
139.0	26.076075289281704	23.884385879912525	25.38588998048758	24.652430096989804	0.0012187533283888451
140.0	27.181108476160563	21.685464387365755	25.42567325773267	25.707524257696985	2.2962104402683248E-4
141.0	25.29518223173064	25.173728560583232	25.18059963069323	24.35003032809095	4.592489019535388E-4
142.0	28.30494023486371	23.059092512449634	23.94155803208776	24.694144268981706	2.649516171851858E-4
143.0	26.54388108695107	25.681905615805523	23.852927908116243	23.921179408536453	1.0598059071461652E-4
144.0	27.70409418640615	25.665364684760878	22.961742998910687	23.668144577751423	6.535521708618534E-4
145.0	28.276764131555076	22.52755744870265	22.889643910335952	26.30483338352744	0.001201125878875287
146.0	27.439112169829365	22.133437007019346	24.969066581787075	25.45379169961668	0.004592541747529257
147.0	26.304320332581106	24.638270708246843	26.552208846691354	22.501879388478077	0.003320724002617013
148.0	24.809237229770773	24.886568594669363	23.422925022666853	26.880562607759174	7.065451338381951E-4
149.0	27.62945929886267	25.05779574925689	23.919650484092394	23.391027810494943	0.0020666572931099412
150.0	25.73086606292624	24.529261403329965	24.65619420966664	25.08367832407715	0.0
151.0	26.673811285612764	24.268570077000433	25.557109817338812	23.500049548350447	4.5927169754061774E-4
152.0	27.7328982218581	24.33967523499941	22.37164017171288	25.55555673318757	2.2963824204506634E-4
153.0	25.032573704188373	23.80977027412786	25.044921328498386	26.112151758132118	5.829350532625991E-4
154.0	23.707544598387077	24.852060030620514	24.67731783806529	26.760268797725313	0.002808735201807624
155.0	26.54090510238134	23.585999459770097	24.61748878598964	25.25539465843708	2.1199342184412018E-4
156.0	25.61049765531589	23.893041277181517	26.02821959471874	24.46810014161383	1.4133117002422416E-4
157.0	24.985840428429945	23.27565037747669	26.244266830987183	25.493871369964605	3.709931415734561E-4
158.0	25.238923888502185	21.555990940537562	25.66599768920108	27.538928481833373	1.5899992580003464E-4
159.0	27.005586475714882	21.51371743821018	24.114667886394958	27.365409855383405	6.183442965777117E-4
160.0	26.406606713353032	21.815499925620767	25.91381337207885	25.863973985288812	1.0600365853960174E-4
161.0	24.686340461453277	20.894723396226013	28.560075956013637	25.85479666678327	0.004063519523797914
162.0	25.752766641678537	23.953939393511085	24.348142877915116	25.94515108689526	0.0
163.0	25.471199406069132	23.629670959897297	27.37189832078839	23.52721364514468	1.7668100491915253E-5
164.0	25.45444843906917	23.888005077186094	24.88185153329748	25.773645418199987	0.002049532247269705
165.0	26.540280759410916	22.291625807249567	26.34776002049597	24.819821013666925	5.1239917662753E-4
166.0	24.88959692297308	23.326894000500754	25.85724612239727	25.926121598610756	1.413555181395352E-4
167.0	26.464651105260366	23.424805187920768	26.580778541515738	23.52939409467602	3.710706271093598E-4
168.0	25.677079762423936	24.440994381494345	23.82883596069803	26.05293086106833	1.5903431536434055E-4
169.0	26.307523210732604	23.008754165915654	25.46861470714011	25.214878194457697	2.2972175394326224E-4
170.0	31.09106974031826	22.969578624632213	23.15629500693604	22.782915256633416	1.4137148007103918E-4
171.0	25.55360732775561	23.337994000039586	26.66449773658421	24.44331776321928	5.831724013130922E-4
172.0	26.921547643198913	24.88370268319699	24.05270966916497	24.14181027261745	2.2973182167438448E-4
173.0	28.589708654206724	20.680398262945296	23.036774396715614	27.69135151889791	0.001767167234457499
174.0	24.56069322791538	25.823888512382165	24.00443914684263	25.610448959972576	5.301528872568034E-4
175.0	25.529014810700517	24.448073481460955	23.308160791591114	26.713248798880446	0.0015021173669685097
176.0	25.250222575185173	24.0535474013574	27.75228928164853	22.942403303054625	0.001537438754271694
177.0	22.463041093571146	26.113185419357738	24.671040946532568	26.727424939191945	0.025307601346604744
178.0	24.650830091377905	23.399243276712205	24.344811646159414	27.60490293924726	2.120465032117977E-4
179.0	27.703487534748906	24.485479370136236	23.24073025234453	24.568659387988042	0.0016434547822855366
180.0	26.613532609071004	22.80774640866083	25.40691277560282	25.171613407760685	1.9479890466346807E-4
181.0	27.572071471525987	22.66469781466647	26.154966074001795	23.607484568776734	7.800710290129689E-4
182.0	25.88818906454976	23.364817160162126	24.954996105568505	25.79190907937624	8.859034336908367E-5
183.0	24.175524922059875	24.801083472299098	25.791307558580005	25.231570233994017	5.138130670104371E-4
184.0	25.955718292750124	22.201714705578542	26.411370231862115	25.427033056868698	0.004163712940518614
185.0	25.375112069929155	24.740221859929463	23.91214886748476	25.97200346577529	5.137368813301463E-4
186.0	27.002989385678937	23.41462818341938	25.02100223256124	24.561380198340444	0.0
187.0	24.66678327049617	23.2360507347283	27.59496441750178	24.501616192937	5.853843367471293E-4
188.0	27.730334104771003	27.546515988557225	21.96871295742097	22.754046677241853	3.902720089464536E-4
189.0	24.954837212611128	23.790264423396764	24.923205964486073	26.3306989334965	9.934660095362092E-4
190.0	28.630962909947428	21.737049228376527	25.612864182097567	24.018751098891254	3.725806872268518E-4
191.0	26.55564919920468	24.26294710302396	24.52878926341611	24.652063705474458	5.50728880791003E-4
192.0	27.075941385686043	23.545874980079383	23.819620221117503	25.558456814502957	1.0659861411141795E-4
193.0	27.06220535735227	24.18813135171901	22.457748786248196	26.291630212060973	2.84292619550377E-4
194.0	27.41137739638086	23.475834786493024	24.41091506238666	24.70187275473946	0.0
195.0	26.253985539568575	22.095447519538077	24.64749010967764	27.00254370809874	5.33123116964724E-4
196.0	28.650284237735296	22.529777265360774	25.75344675307057	23.066367121106406	1.2462272694822263E-4
197.0	24.97333554127516	24.370353751453415	23.844703343429323	26.810984154456214	6.232093858894711E-4
198.0	27.636451234601033	23.44344910505935	23.669865585497362	25.25010925870089	1.2481614136604848E-4
199.0	25.42074130189384	23.6392687238563	24.932597635430223	26.006928018364235	4.643204554055027E-4
200.0	27.41409859763419	24.014208506565513	23.875777546751927	24.695861769783832	5.357926453886738E-5
201.0	25.638548475565702	21.34183010703484	28.33159279142378	24.687724991163336	3.0363481233850424E-4
202.0	25.269206620826147	25.500022774384444	27.85753774072748	21.37323286406193	0.0
203.0	26.260872113112498	24.65981599816191	22.288434869516777	26.79021596471613	6.610544926871293E-4
204.0	25.52959319816453	23.755964998078298	23.92958805218948	26.784710807816236	1.429437514551227E-4
205.0	27.26813985648112	24.561994747635822	25.200984143735443	22.9680592859222	8.219662254077979E-4
206.0	25.403614354481522	21.76826156140228	25.709063836296806	27.118935151495222	1.250963241696106E-4
207.0	26.15790377721261	23.72605069683618	26.063637453937034	24.052050596385527	3.574756286521721E-4
208.0	27.82646004338767	22.555850229407618	21.859484371410616	27.758169601636112	3.575415798511018E-5
209.0	27.290857489522825	21.369053078802256	25.17242926846363	26.16694496728247	7.151959288186948E-4
210.0	24.91801607668166	24.699040585126834	24.183782043830863	26.198767871672672	3.934226879711013E-4
211.0	24.90558956970452	25.79409940176915	25.601450607854346	23.69807336896054	7.870517114439466E-4
212.0	28.003894609337436	22.686403600992584	24.715540876308577	24.593838808196576	3.2210516483105494E-4
213.0	29.923969315580607	23.07723295934198	22.49502036168512	24.503508798629245	2.6856476304978563E-4
214.0	27.796067217947716	25.391410442807505	24.001257716277483	22.81122879059472	3.583237257784359E-5
215.0	25.785974341846206	25.00519573845353	22.791308633325162	26.417234129845724	2.871565293831124E-4
216.0	26.0377998519787	25.07587905788794	25.372665399294718	23.513583131376162	7.255946247950194E-5
217.0	28.961549358851325	23.211793845338306	24.699624359079817	23.12642921773464	6.032189959145623E-4
218.0	24.952093974630156	24.09295125666905	25.18054401604319	25.774207702362233	2.0305029537357285E-4
219.0	26.58041024133958	22.979470799436307	24.633532176034176	25.806009455876456	5.773273134855652E-4
220.0	27.902105266899163	21.648540541207904	24.998582995231942	25.450434482656703	3.367140042908588E-4
221.0	25.414886063361543	23.178624096671456	24.32243531913371	27.083828512128193	2.2600870510195817E-4
222.0	25.796407881624834	24.771008103717865	23.96489053647034	25.467579525886258	1.139523007064473E-4
223.0	30.47093526984418	22.390376101570165	24.220659601634026	22.91737701170674	6.520152448835021E-4
224.0	29.704610707261146	23.065300667877448	24.65070224783897	22.579232594510888	1.5378251154522205E-4
225.0	30.556611028574732	20.002332031379165	23.75475615479351	25.685469298110764	8.31487141824828E-4
226.0	24.961232336513877	22.379530830118828	25.94435681659698	26.714664912458414	2.1510431190281665E-4
227.0	27.19941192680036	23.693021526100484	25.691132080387902	23.415171151567023	0.001263315144227163
228.0	27.39445018180275	28.04887264049625	23.342350252469107	21.21424759168132	7.933355057503933E-5
229.0	27.862608021575603	25.46634845403609	21.851578900397538	24.819444613973754	2.0010017014517467E-5
230.0	26.2299886323572	22.7883722487521	27.246783537975105	23.734835411215805	2.0169699786120502E-5
231.0	25.24683055495559	25.00038861290555	24.201339119165898	25.549948621283225	0.0014930916897380013
232.0	25.505620149777425	25.325432298646604	24.096387028942765	25.07227258405133	2.879385818778038E-4
233.0	23.660085242159933	25.35779581474969	22.14755261507442	28.833921688340425	6.446396755341359E-4
234.0	27.404632484205425	21.398238156363252	26.10625222464318	25.089654832320125	0.0012223024680183504
235.0	25.398285411155065	22.19306863984253	27.671475941684875	24.736978113918155	1.918933993787771E-4
236.0	28.64375281062935	23.872151949588595	23.492735886590754	23.991100159706384	2.5919348491256324E-4
237.0	27.986687836522794	24.422349527110892	22.082586413006165	25.50822366091034	1.525624498042297E-4
238.0	27.062680216316913	23.350499732294146	24.17502935061705	25.411746597665886	4.4103106005343536E-5
239.0	27.957162725511086	22.82303144820485	24.038985798968888	25.179725096353923	0.0010949309612510638
240.0	25.37561405894828	21.86876666665902	26.150132782829488	26.60532594578094	1.6054578226735138E-4
241.0	29.110057100691773	21.51422558205581	23.387383573340216	25.985991952041935	0.0023417918702628936
242.0	27.029524050692306	24.16679489010619	21.17853325725026	27.624296812307797	8.509896434560391E-4
243.0	28.31770702638856	22.868719435494334	24.87243066899212	23.938423847935745	0.0027190211892399573
244.0	27.01297993812306	23.146767642002914	25.95800650347276	23.881461086154278	7.84830246988387E-4
245.0	28.88275985228626	21.59836926399436	23.208725696028367	26.308595322274854	0.0015498654161643097
246.0	24.633721930998565	26.801609003301547	23.58177219717727	24.980858161350238	0.0020387071723803364
247.0	25.695424387964117	22.919969081162414	24.86232832955898	26.386132284079235	0.1361459172352563
248.0	26.588804953318746	22.48730242867038	24.225289037279502	26.6873612418975	0.011242338833872146
249.0	25.62614198960484	21.75009252297945	28.620953719889297	23.98656496509731	0.01624680242910645
250.0	27.16526942282409	22.20924081128663	24.341816430207327	26.282694095343967	9.792403379871343E-4
