# Position (bp)	A	C	G	T	N
0.0	23.92046435586408	24.35813153571304	24.267673641699407	27.45369040565438	4.0061069093726476E-5
1.0	23.202095272778383	29.69475750547857	24.05822136609613	22.967898466000932	0.07702738964598548
2.0	23.899836829911116	27.061018283335937	22.48639983682991	26.551948320973413	7.967289496244219E-4
3.0	25.317829667180398	23.098116824394033	24.391446739947266	27.186198430793134	0.006408337685165136
4.0	26.385844500950405	22.305045483851853	23.89072579666843	27.418304670014866	7.954851445137975E-5
5.0	28.449792252159828	23.275863781626562	21.92010896579839	26.35363899437092	5.960060442959639E-4
6.0	25.88697917741012	24.030193786702927	23.659217522519594	26.41825431708157	0.005355196285794529
7.0	25.5907455961629	25.16349924621056	23.34882096401888	25.8963005907159	6.33602891763598E-4
8.0	27.981959421353658	24.053893934875788	23.18002374509694	24.784083349877914	3.954879569962215E-5
9.0	26.33858457349828	24.723889418373364	22.824970330006135	26.11239775400318	1.5792411904004243E-4
10.0	24.760163323273567	24.04879973173955	23.346312405073277	27.844724539913607	0.0
11.0	26.90067778797218	22.73213303772107	22.92890281022318	27.438210096729886	7.626735368298864E-5
12.0	28.200125009371934	24.612190259893655	20.55401983497105	26.63366489576336	0.0
13.0	25.754559290031477	22.443181712444733	24.790947633345205	27.01116248636372	1.4887781486076017E-4
14.0	25.821003812510053	22.401340213054414	24.16432702405927	27.613328950376264	0.0
15.0	25.53675329237384	23.913751847663526	23.738657461981454	26.810837397981185	0.0
16.0	26.274889330967614	24.92298869114827	21.579081312615372	27.223004821047724	3.5844221015466776E-5
17.0	28.017973787874585	26.21001680913253	19.06899967913991	26.70163912764011	0.0013705962128669463
18.0	25.816383077014937	25.363491642808683	19.74163189668628	29.078458465106582	3.4918383516288206E-5
19.0	25.295758234874576	25.302008482280204	22.014551964904168	27.387299358377383	3.819595636771733E-4
20.0	23.41043833152872	25.082208295981612	23.961415066149645	27.54593830634003	0.0
21.0	23.986430628986902	23.624398167244895	23.92358157454682	28.46531577713232	2.7385208906354565E-4
22.0	23.00629114711081	26.173234318517856	26.51168833195222	24.30875228239371	3.392002539931502E-5
23.0	24.365655913339296	24.517613426032256	23.767485753349888	27.348974700543387	2.7020673517308094E-4
24.0	28.182346666327916	21.279527552474576	23.93045933995476	26.60766644124275	0.0
25.0	25.02930028922862	25.28989077117037	19.93853229719565	29.742044888705248	2.317537001133607E-4
26.0	26.747148188011288	25.52633549374948	19.422041126521396	28.30444220658654	3.298513129236734E-5
27.0	25.86061171345898	24.05675942878669	20.051817818420496	30.030745238929494	6.580040434348469E-5
28.0	27.549350609651	23.808648868729428	22.811685579170078	25.82774586850634	0.0025690739431512718
29.0	28.044375161842964	23.723418200932603	21.631745178936164	26.600138579553125	3.228787351419278E-4
30.0	24.142556211345667	24.260116757756556	24.440262801287034	27.156839448451258	2.247811594854438E-4
31.0	26.69499020148134	24.642594753930364	21.96425835592787	26.697644933156734	5.117555036905567E-4
32.0	24.611143807537754	22.08012379827441	24.619216782162965	28.68929400095673	2.2161106814318733E-4
33.0	23.671574021390672	24.653817810852743	24.861765244047636	26.812748929087952	9.39946210011555E-5
34.0	26.824581361004647	26.36094562430377	22.266816852545507	24.547531904662204	1.242574838729318E-4
35.0	26.02989809646082	21.735734211281603	26.035644421117716	26.19860035510443	1.2291603544160968E-4
36.0	24.504458872465502	24.12960660619177	26.25798529569769	25.107857131893603	9.209375143896487E-5
37.0	26.051846473652972	25.16974570825526	21.266653123425368	27.511754694666397	0.0
38.0	25.926369071340723	25.262867894636248	21.635930612018246	27.174740384110947	9.20378938416525E-5
39.0	23.64451045329245	27.148807316430528	21.08577806856025	28.12078146869073	1.2269302603638033E-4
40.0	26.57503745470549	25.9071859363523	22.55701012542151	24.960490461126078	2.760223946169499E-4
41.0	24.415290981456195	24.080913074930518	21.22238676030311	30.27625735936517	0.005151823945003053
42.0	24.168908881008562	26.090697378487317	20.797599719129117	28.942732695854552	6.132552046202646E-5
43.0	26.663721326237127	24.85058937978918	22.966573043267378	25.515007899378507	0.004108351327809952
44.0	28.957637967524935	24.315710995955943	22.972117108390005	23.754288685228282	2.452429008311282E-4
45.0	25.523999150358627	24.7693753940549	22.152896826503664	27.549560114425724	0.0041685146570799
46.0	25.56189399757645	23.85551008249509	22.4434275150767	28.13913775803851	3.0646813252417575E-5
47.0	25.597910839908177	24.865957103208665	22.458961285144795	27.07536279759178	0.0018079741465825763
48.0	22.746036977994308	24.03401147153498	22.42233555158821	30.7976159988825	0.0
49.0	22.55992761238811	26.11437009881926	24.10661857162505	27.217276477364933	0.0018072398026494135
50.0	26.720156475455305	24.214307176192012	20.120058035094875	28.945355798808	1.2251444981364022E-4
51.0	24.620651596037895	27.045670032119208	20.895766928732602	27.43530834192867	0.0026031011816241884
52.0	22.93145060827325	26.337199971263885	21.15403016375	29.5772886863774	3.057033546357621E-5
53.0	23.152469333932153	25.25216898891982	23.66196358026876	27.93178104226188	0.0016170546173926734
54.0	23.625604852242148	28.24728617367268	22.462244406070184	25.66477303930243	9.152871255712917E-5
55.0	23.73175155543421	28.32943276302521	22.28946888629358	25.647946668565968	0.0014001266810270965
56.0	26.744965656566887	25.33519428105525	24.430751775605252	23.48908828677261	0.0
57.0	22.583201388396493	28.125223479676322	22.90513384739872	26.38084192991495	0.005599354613518241
58.0	25.474380905609443	24.511105147308957	21.80031364730926	28.214078589524277	1.217102480637421E-4
59.0	27.032227266379472	22.59985621058608	24.457769998396593	25.906982305626435	0.0031642190114188756
60.0	24.301025581002964	22.776136963021624	23.169101541183608	29.753705513694932	3.0401096871575126E-5
61.0	25.612893890303805	23.360007636284266	22.808808964608616	28.211875273213	0.0064142355903133485
62.0	25.02494910625507	21.69923248250523	25.370877621860004	27.904728003825273	2.127855544142819E-4
63.0	27.294004929121087	23.64339742163439	22.228372478141768	26.83142867911957	0.0027964919831870035
64.0	25.066692070280226	20.99626864199988	23.748687471538496	30.188230461339533	1.2135484186098864E-4
65.0	24.001860221297168	26.255391517123925	23.8631020312573	25.874155361848235	0.0054908684733747486
66.0	24.81221140072913	24.09882403475659	22.808920663753295	28.279437201466028	6.066992949547494E-4
67.0	26.63377905421269	24.664192664017943	20.892127296475667	27.809142647061503	7.583382321983133E-4
68.0	23.93276721616188	22.02488197803718	27.245298837312294	26.79690030829484	1.516601938095949E-4
69.0	23.292424413838162	25.02427207287597	24.3694644736016	27.310714986568087	0.0031240531161823223
70.0	26.62162681848311	23.35146857945215	23.16354515748958	26.862905230696743	4.542138784142121E-4
71.0	24.65770258258374	22.95729630631588	25.91837880793422	26.465716514816286	9.057883498710157E-4
72.0	27.285950061932766	25.646203444385645	21.6294944275604	25.436812426282195	0.0015396398389959374
73.0	25.67461224228597	23.101222550273498	22.175065480288904	29.04490391746752	0.004195809684109865
74.0	24.548448490562734	25.557426100561546	23.211434697288606	26.681875827333872	8.148842532370523E-4
75.0	25.516325588273464	24.619119906081465	22.103539750898594	27.758811652899794	0.002203101846682219
76.0	26.165280067985986	23.68268095595638	25.384141350980077	24.766931915027175	9.657100503859218E-4
77.0	24.10086151563864	24.79317619502138	23.656297839556935	27.448759147700336	9.053020827077948E-4
78.0	27.410607808961913	26.356513825251902	20.400333621409708	25.832242988398086	3.0175597838944386E-4
79.0	26.91732980571122	21.344366808326765	22.086814989336265	29.648561451957672	0.002926944668072405
80.0	24.380622373811708	23.1939760075843	27.726755122028933	24.696383516574365	0.002262980000687946
81.0	25.11267900558854	24.87172183899861	21.612252668903853	28.402712865109248	6.336213997481204E-4
82.0	22.566394510246674	22.64954699095732	23.875804709942365	30.9071374456801	0.001116343173546408
83.0	25.545555753339105	22.505317528081072	23.6028854943868	28.34509475005355	0.0011464741394655621
84.0	23.76539159475249	25.807678789880878	24.62175481149963	25.804058569137922	0.0011162347290792722
85.0	26.00187217051413	26.367316476156372	20.75650651654711	26.873520492061676	7.843447207114369E-4
86.0	25.609266093403004	24.3374919382912	22.926594860898195	27.12489751298169	0.0017495944259128208
87.0	22.830583311163032	21.973663492844874	25.716945288524588	29.478023651940156	7.842555273424657E-4
88.0	24.675236539158167	27.94390925052173	24.73709911857135	22.643061362189265	6.93729559484746E-4
89.0	26.160717678787833	26.72466158238473	21.582993975711023	25.53057114023558	0.0010556228808370667
90.0	23.73763298947183	25.916675815127892	24.63732885842887	25.708211538159944	1.5079881146408755E-4
91.0	26.90706175526193	24.622577579725483	23.95397013191501	24.515757210751886	6.333223456932724E-4
92.0	25.659002206877084	23.67974890214047	23.072661684355662	27.588587206626787	0.0
93.0	26.36178342642933	25.797628607727546	21.317651912134426	26.52269480726067	2.4124644802300043E-4
94.0	28.025764468012287	23.35016487269295	23.079553524445938	25.540325583990086	0.004191550858740213
95.0	23.51046616325514	26.719006026585003	23.338407251924277	26.429949467871783	0.0021710903637963443
96.0	25.869480725260523	23.676168576968852	24.059012974858067	26.394342695336725	9.950275758324086E-4
97.0	25.581337150823842	24.91262304532506	23.822732721795152	25.683126177387884	1.8090466806405472E-4
98.0	27.964388535083696	23.032250692460227	23.69119967245508	25.312100800863004	6.029913799367281E-5
99.0	22.60985534298839	22.618446858911632	26.248678866016363	28.523018932083616	0.0
100.0	23.137918425949454	24.835511392495878	24.240618339104415	27.785951842450253	0.0
101.0	23.817977948047094	22.128242535311458	28.292269759646977	25.76129876236579	2.1099462867959563E-4
102.0	25.6402666120846	23.826849854204994	24.934035786019415	25.59881760295708	3.0144733910926533E-5
103.0	26.087191080589168	24.732932145099255	25.74029295561723	23.439222152534512	3.6166615983172876E-4
104.0	26.39709809131272	26.39037736144748	23.089444174543683	24.12271871907108	3.6165362503511056E-4
105.0	27.527224658132077	23.43888451536914	20.25523003977157	28.77555645838934	0.0031043283378763024
106.0	26.53012880441367	23.19024946549996	24.271123978090774	26.00837719940664	1.2055258895726231E-4
107.0	25.3898736817107	24.897607866609047	23.138301559374177	26.573433317481012	7.835748250669203E-4
108.0	23.481739290783818	24.743472657823638	23.77211121814293	28.00249604757315	1.8078567647137697E-4
109.0	26.58389318563416	24.065559585668623	24.976658384498094	24.37304526209644	8.435821026826211E-4
110.0	24.464497563720737	23.705566598361273	23.454678337027772	28.375167123274466	9.037761575414395E-5
111.0	25.16973623364358	23.11392218207124	24.7684305818947	26.947067480263843	8.435221266397845E-4
112.0	25.60247015852694	23.694965545807133	23.706593365214445	26.99585043491358	1.2049553789961216E-4
113.0	28.179513787956605	22.137694310858215	22.311773946492877	27.37011427082502	9.036838672849873E-4
114.0	26.103419720772358	23.049158391966397	26.666761053928163	24.180329473798047	3.313595350363004E-4
115.0	27.421925224871863	23.199835153215325	26.348282213357287	23.029204270833144	7.531377223789753E-4
116.0	27.996415095760625	23.943665790524104	24.21786577696774	23.84193283576469	1.2050098283614126E-4
117.0	26.337601664836065	26.781405313955233	24.50653504789597	22.37364459437395	8.133789387875111E-4
118.0	26.226152497492116	24.038945272372896	25.073248321298497	24.661352661370735	3.0124746575569436E-4
119.0	27.477718615142454	21.29288517009467	24.592412956868177	26.636410878226226	5.72379668471671E-4
120.0	25.559775399977287	23.550858999590602	24.284583737133985	26.60466136325912	1.2050003901188762E-4
121.0	28.693844917318078	23.092314792611347	24.19981153606542	24.013094869418836	9.338845863252788E-4
122.0	26.71780906103046	23.340001024253727	24.879996625987726	25.061741412084388	4.5187664370129147E-4
123.0	24.766827422016984	28.036229148824066	22.742117349497835	24.45398258853569	8.434911254189967E-4
124.0	25.336596827883294	24.92874034131132	22.307571809432	27.427000647678152	9.037369522977511E-5
125.0	27.19575466795839	23.69307256689739	23.938584148266102	25.171654769145306	9.338477328135115E-4
126.0	23.658088761362524	23.996144084709638	25.39084069496848	26.95486621028294	6.024867641189008E-5
127.0	25.61908933334217	23.082122908730298	27.09804755584501	24.199746116589964	9.94085492557312E-4
128.0	27.306616877565443	22.59313014029995	24.19347259099133	25.898044404118327	0.008735987024950582
129.0	24.175699046068676	26.45562112174516	22.02732773612489	27.338309589228444	0.003042506832837746
130.0	25.812623246829848	24.280973551298093	23.26433217916361	26.642071022708446	0.0
131.0	25.991273563307033	24.31873665489003	24.078012560670544	25.611254235490883	7.229856415051597E-4
132.0	26.151088618271917	25.06037670484926	22.540385440907347	26.242636482079785	0.005512753891687942
133.0	26.999918362994276	26.133692495992705	24.560237114833743	22.304344564797944	0.001807461381328261
134.0	26.490467616526068	23.458787996911656	20.81550100178366	29.235122887570984	1.2049720762783473E-4
135.0	26.46690424477574	22.985501308888693	26.525796705034626	24.02128563295086	5.121083500772681E-4
136.0	28.270952022904073	26.5603762399144	23.92724510059092	21.23567290359274	0.005753732997869613
137.0	29.278216104690763	21.267743654518796	24.337752483983603	25.11610701034201	1.8074646482508112E-4
138.0	25.652045041457495	24.302590588670476	26.2858208330296	23.75821815020607	0.0013253866363675249
139.0	25.64710737453441	23.578779631506734	25.534116427967895	25.238942264969943	0.0010543010210152315
140.0	27.48949619067471	20.89860435189659	25.03876800287251	26.57276998133593	3.614732202564773E-4
141.0	26.47928851487964	25.411060745174872	24.86712670768237	23.242072184749002	4.518475141157163E-4
142.0	28.44808707284959	22.998623672057413	23.87282838253904	24.68028013349387	1.8073906009061653E-4
143.0	26.475786252091677	24.763676290513764	24.321227337971298	24.43912938047206	1.8073895120198933E-4
144.0	28.18560057451182	24.780039569983686	23.015988249498147	24.017739016437687	6.325895686582595E-4
145.0	28.974286060274522	21.769641513423892	23.048048636042413	26.207240581767266	7.832084919079502E-4
146.0	27.71998093788727	21.38182845664966	24.736043358474355	26.157869718532602	0.0042775284561074375
147.0	26.93263399956201	23.550582863491048	26.221793271804252	23.291555851965114	0.0034340131775737253
148.0	24.756019314823796	23.984540911459668	23.913721899070104	27.345085293081063	6.325815653682679E-4
149.0	27.408996801208307	24.62684026916963	24.223338858948015	23.73871544068409	0.002108629989959909
150.0	25.978966723972817	24.35473342095441	24.322681337523804	25.343588393410403	3.012413856260263E-5
151.0	27.20112087954461	24.08315499515595	24.57340423480872	24.14153664849545	7.832419952668083E-4
152.0	27.737480034391155	24.15328044518111	22.841289150216692	25.26782986861108	1.2050159995999346E-4
153.0	25.31781706618675	23.03490256341354	24.636346902987583	27.010059826338228	8.736410739037085E-4
154.0	23.534340048955	24.216064771229522	24.555737149312748	27.691086424402183	0.0027716061005460366
155.0	27.860130808750956	23.108792772858692	23.886004524194316	25.14477060261931	3.0129157673113103E-4
156.0	25.995954806883155	23.190231036387154	26.035936717102526	24.77769666233906	1.8077728810566795E-4
157.0	25.000949082764233	23.001246763326478	26.367718652097594	25.629693816861376	3.9168495031928344E-4
158.0	24.584159650876693	21.71529360862588	26.432851191735196	27.26754489834411	1.5065041811517045E-4
159.0	26.539307175052055	21.59502984018245	24.024005927359713	27.841144831322445	5.122260833355681E-4
160.0	26.27353898378421	20.924441733962514	26.32144782320614	26.480481065010487	9.039403664513983E-5
161.0	24.640266363341894	20.235116872942577	28.979608439861092	26.141482926682286	0.0035253971721493625
162.0	25.496720570027513	23.10606779668167	24.64593998222807	26.751211386810027	6.026425272175965E-5
163.0	25.10677598888698	23.80985527160304	28.118741769947235	22.964566703730156	6.026583258754366E-5
164.0	25.83200694762941	23.77550140995654	24.084914399154812	26.30607055749181	0.001506685767424369
165.0	27.214014245196257	21.413267390940113	26.312419164116278	25.059575970964776	7.232287825769364E-4
166.0	24.75072529018388	23.554158465998075	25.622489887223292	26.07244554258818	1.8081400657620543E-4
167.0	26.795624899042625	23.774588395265912	25.70037296970194	23.728991824561994	4.2191142753128774E-4
168.0	25.831499720776545	23.504617509073633	24.443278460072854	26.220483760285536	1.205497914337921E-4
169.0	27.5320710362339	21.849021631844245	25.723163628966027	24.895412180438665	3.3152251716005756E-4
170.0	31.092964786257603	23.089296273680922	22.928263882149487	22.889294224232557	1.8083367942890312E-4
171.0	26.055575212917358	23.787641419983522	26.10397853617018	24.0519006592617	9.041716672383042E-4
172.0	28.119051514841964	25.074270843974126	23.209476775878482	23.597080332441692	1.2053286373729621E-4
173.0	27.877519182256062	20.619249352908618	23.02596831715266	28.475545805874695	0.0017173418079632237
174.0	23.84945420142875	25.689291019255855	23.963223751804012	26.497669471736884	3.6155577449766343E-4
175.0	26.086327696689697	23.98497778878571	23.04078649664233	26.886341195467423	0.0015668224148409418
176.0	24.491188188804124	24.152944572643882	28.740763463301246	22.613657388295234	0.0014463869555181772
177.0	22.97306541488856	25.70307798430134	24.03756298643944	27.261582709357867	0.02471090501278789
178.0	25.101837212925123	23.02212531905578	24.01607580141721	27.859539824459432	4.2184214245187307E-4
179.0	28.458961241842513	24.476890234641505	22.69607500427914	24.3671694756306	9.040436062419992E-4
180.0	26.82737404506334	21.490426457789383	25.92021443767527	25.761743303355576	2.4175611642974568E-4
181.0	27.400420112110606	22.26234003656307	26.19734978267976	24.139042580238993	8.474884075692821E-4
182.0	25.832100893954923	23.067451311329624	25.288808522204793	25.81148792915678	1.5134335387768916E-4
183.0	23.79641670541284	24.199043938161108	26.204612489829127	25.799381998527643	5.448680692781587E-4
184.0	25.91392589300796	21.788098635763426	26.592108824097455	25.701991835044407	0.0038748120867497775
185.0	25.250363434453316	23.811698730317563	24.010191601009353	26.927140888472007	6.053457477639284E-4
186.0	27.055192681455466	23.003967954882334	25.838199821594888	24.10260927313084	3.0268936473674955E-5
187.0	25.499447341248967	22.735274183937566	27.800600116141727	23.963889929177803	7.884294939343996E-4
188.0	27.734900020864366	27.31791594086165	22.32826927649168	22.6185811745183	3.335872640021738E-4
189.0	25.29296519597734	23.30337971443475	24.875383644899493	26.527452597867356	8.188468210546746E-4
190.0	28.761732264025564	21.24941351948662	25.162933157750594	24.82570875809889	2.1230063832736212E-4
191.0	26.59162036217814	24.21132633032009	23.955307303265236	25.24144248434672	3.0351988981013923E-4
192.0	27.381118605173533	22.511549692514098	23.891259872634667	26.216011121701282	6.070797642102196E-5
193.0	28.021186052201934	23.99839225465035	21.69548525919733	26.284693572115092	2.4286183529474622E-4
194.0	27.844903195800015	22.65803904591403	24.241898019895462	25.255159738390493	0.0
195.0	26.87351313602101	21.6676863751262	24.203526723699493	27.25454504049735	7.28724655943281E-4
196.0	28.373134896178104	23.04963211516659	25.357346663927505	23.21982545443478	6.0870293014373E-5
197.0	25.085293064778895	24.17391749037485	23.8345107550841	26.90554812817946	7.305615826886128E-4
198.0	27.34678466163065	23.312057152895708	23.74846894458433	25.592628242665572	6.0998223731724934E-5
199.0	25.40614508396033	23.317486228110937	25.690366444831636	25.585452314633628	5.499284634723767E-4
200.0	28.235562991688123	23.392927634996155	23.01161535857409	25.359832907005025	6.110773660610075E-5
201.0	25.3600012466782	20.70063314752328	28.989943156974203	24.94908633460415	3.3611422016764766E-4
202.0	24.871762276321203	24.694279922186453	28.557607508530335	21.876350292962005	0.0
203.0	25.97246379912757	24.207646431268014	22.430326503287652	27.388737913937145	8.253523796131849E-4
204.0	25.254074221497874	23.476510038388952	23.786966220961038	27.48238837564006	6.114351207721937E-5
205.0	26.730033058998377	24.368514430177886	25.22120606490301	23.67942096459633	8.254813244022369E-4
206.0	25.42554837415601	20.772264427977984	25.841694475989197	27.96046214538145	3.057649535879377E-5
207.0	26.19371194583503	23.909621071495195	27.146950620946114	22.74941055226131	3.0580946235638423E-4
208.0	29.100993893005555	22.592820748732322	20.9165630278164	27.38956115650557	6.117394014619349E-5
209.0	27.737035353315953	20.79951076458636	24.824444883616916	26.638274778250192	7.342202305818634E-4
210.0	24.520623559606438	24.738174238817408	24.502632026642157	26.238386587862937	1.8358707106410737E-4
211.0	25.684219998383952	25.543978619158036	24.761601898125136	24.009464915781717	7.345685511614753E-4
212.0	28.45693788328975	22.000475863405768	24.574854018029527	24.96760974791182	1.224873631318549E-4
213.0	29.35170619276611	23.291830877851393	22.89156515754775	24.46443815415087	4.5961768388231086E-4
214.0	28.16618720501302	24.390445848739127	24.285353742116175	23.157982538212035	3.066591964486412E-5
215.0	26.2925450748443	24.343135853805833	23.182845666007427	26.18107386696294	3.9953837950306646E-4
216.0	25.987478893782512	24.34074337387509	25.648785083551722	24.02296157596405	3.107282662667801E-5
217.0	29.284107781655067	23.299231294520077	25.007580551187512	22.408391231620296	6.891410170468428E-4
218.0	24.67616326231029	24.38238171227251	25.40957311509682	25.53169208808258	1.8982223780170663E-4
219.0	26.884581711751437	22.621818344484705	23.650332623991105	26.84259632036707	6.709994056862407E-4
220.0	27.65614993549372	22.098187442456645	24.55850156864267	25.686968640936204	1.9241247076533024E-4
221.0	25.267403138132266	22.466863299903103	24.509900689893644	27.755510310987592	3.2256108339236204E-4
222.0	24.84323678710063	24.32311335850989	23.53171865897312	27.30163877219939	2.9242321697380306E-4
223.0	30.503337706486906	22.582430439252164	23.827694682017402	23.085847020252345	6.901519911870877E-4
224.0	30.175576032160222	22.889122930235732	23.55480108883033	23.380434062876887	6.588589682729758E-5
225.0	30.58640458748784	20.139830819522086	23.815845773430954	25.456992962827513	9.258567316066988E-4
226.0	25.11920750443363	22.46090271217332	26.013418342232892	26.406404606761434	6.683439872934441E-5
227.0	26.710059335428344	24.05493988628586	25.47881458801332	23.7547680556395	0.0014181346329749393
228.0	27.299124942381326	27.70214190525065	23.212074363786407	21.786489197198485	1.6959138312965972E-4
229.0	27.881770973658043	25.622751100601622	22.44769150604972	24.047786419690613	0.0
230.0	26.25676136892511	22.20883451064754	26.732789321087886	24.801614799339465	0.0
231.0	24.444390184348674	24.556359767689276	24.51485079442594	26.482969112440486	0.0014301410956276052
232.0	25.741828985073933	25.046339089135984	23.86889459252132	25.342761872878246	1.7546039051868196E-4
233.0	23.624271036906244	24.725031452070024	21.748384148794788	29.90181707710038	4.962851285679799E-4
234.0	26.53738083796841	21.52815144548256	26.813543252256633	25.119737519818376	0.0011869444740181452
235.0	25.952066139718706	21.559521387887944	27.256589271184474	25.231568929443217	2.542717656631407E-4
236.0	27.736268802865943	23.804436568602863	24.111417625706274	24.347803350939817	7.36518851015862E-5
237.0	28.492793405504013	24.305267631809787	22.005910147463645	25.19591726091029	1.1155431226208718E-4
238.0	26.52906715618601	22.697782668620828	24.318060575759983	26.45508959943318	0.0
239.0	28.218676611476273	23.19729692151511	24.58148185535711	24.001249450032475	0.0012951616190282097
240.0	25.301971707460318	21.798647213987476	26.251275888280013	26.647947733947625	1.5745632456787097E-4
241.0	29.175041816631115	21.492723669710887	23.75507829681374	25.574870293559844	0.0022859232844145753
242.0	26.821348969530582	24.08863442859377	21.00690138864975	28.082443871917555	6.713413083415343E-4
243.0	28.274329597691374	22.50260851542841	24.553111272662836	24.6673401211427	0.0026104930746782963
244.0	26.520222345148525	22.773219994579268	25.83569631849817	24.87030658840946	5.547533645791561E-4
245.0	28.868664730220907	21.362203401477	23.138567350539446	26.62905518632101	0.0015093314416379266
246.0	24.52946030882015	26.37031678615681	23.237788966798213	25.85976799096602	0.0026659472588093642
247.0	25.166159477991947	23.48362022605668	24.905969294207196	26.305818015277893	0.13843298646628058
248.0	26.54588782474659	21.752414291985435	23.638551820250534	28.052401230423136	0.010744832594309871
249.0	25.699832298251113	22.03667484209354	28.08090868227129	24.166639290604778	0.015944886779285107
250.0	27.66580523645155	22.363611902596137	23.018459505751903	26.951520956448576	6.023987518297862E-4
