# Position (bp)	A	C	G	T	N
0.0	24.456730369409378	23.919764482810237	25.191690368078774	26.43181477970161	0.0
1.0	22.8053469938919	31.299754813323027	23.024123847473316	22.797450589410193	0.073323755901567
2.0	24.393677926957377	25.7549610877556	22.652175438387456	27.198060245964307	0.0011253009352574655
3.0	26.027905610690734	20.717994309864334	25.182124692159164	28.064698998967412	0.007276388318353895
4.0	26.52549016497252	23.477021637192653	23.5039243603828	26.49349773739505	6.610005697824911E-5
5.0	28.385043660408332	23.35757554145444	22.185945858848406	26.0703123091116	0.0011226301772236827
6.0	26.459655906352108	23.817421149874725	23.346782353286265	26.37086732665958	0.005273263827321703
7.0	26.024588411515463	25.807241010244404	22.116019042895193	26.05149370422729	6.578311176484906E-4
8.0	27.976178357586022	24.035545946570746	23.52663023454519	24.46164546129804	0.0
9.0	25.357018825641664	26.02112560693528	22.559251954315222	26.062538087031733	6.552607610198479E-5
10.0	24.439684891708534	24.963512157048655	23.401066381355413	27.195736569887398	0.0
11.0	27.286003710570412	23.560147734966172	22.34373537123856	26.809794733996174	3.184492286841232E-4
12.0	28.98367938557687	24.301338403328128	19.41055035797426	27.304431853120747	0.0
13.0	25.52473823332052	23.110108216254556	24.982112249803205	26.382855935334703	1.8536528701343157E-4
14.0	27.019084822382567	22.495094166362406	22.202942156954926	28.282878854300098	0.0
15.0	26.210467133489473	24.26015399740832	23.208690240316535	26.320628497037006	6.0131748661316945E-5
16.0	26.988996587997782	25.04185310681102	20.84733356158723	27.1217577124237	5.90311802694183E-5
17.0	28.164947667038902	27.36683243973097	19.20719089797211	25.2595839720336	0.0014450232244132626
18.0	25.71391883773509	25.34423338851768	19.739735482007	29.20199764281816	1.146489220708347E-4
19.0	25.29542819767558	23.709128607280512	22.639525421679807	28.354891337508647	0.0010264358554573027
20.0	23.441993705846603	25.655961033180986	23.75218295969799	27.149862301274418	0.0
21.0	24.55667016574183	24.249655743686112	23.1201811822241	28.07304454847639	4.4835987156731475E-4
22.0	22.018479127817933	27.51677518020554	25.548144199853102	24.916546142192864	5.5349930563512106E-5
23.0	25.28565414427577	24.418964914742634	22.459627602640406	27.835092961761443	6.603765797445994E-4
24.0	27.800318388772364	21.451131019316925	23.986718764012394	26.761777476793437	5.435110487643548E-5
25.0	25.196562128770406	25.80555983503114	19.16445192622029	29.832942991480472	4.831184976947196E-4
26.0	26.363291700263254	25.661848337436123	19.621564470740264	28.35318869445883	1.0679710152666457E-4
27.0	25.925650027509047	24.739834690339695	19.580585532903903	29.75350407740417	4.256718431910064E-4
28.0	27.787919567598507	23.493155081001625	22.827128837673726	25.888955643493933	0.0028408702322043154
29.0	27.884160910156847	23.83223662830149	21.866799085891373	26.416387399028174	4.159766221138372E-4
30.0	23.55585809984993	24.331316944371387	25.514333895446878	26.598233210080913	2.578502508882941E-4
31.0	26.070212816178834	25.286660940118576	22.007955591543183	26.634400954835186	7.696973242242221E-4
32.0	24.341668162817754	23.34959319905504	23.118678761653495	29.189857008529586	2.028679441261108E-4
33.0	24.732836913486775	24.861131389699615	24.82962222620268	25.57615860147481	2.50869136122095E-4
34.0	26.38003164245419	25.925730724902575	23.253524474175403	24.44061371643707	9.944203076537549E-5
35.0	25.546582617857034	22.51288447023304	25.649039217536245	26.291198855237912	2.9483913576752523E-4
36.0	23.879567531796173	24.359204088054792	25.01709656404473	26.743984537734928	1.4727836937316853E-4
37.0	25.28542487868461	25.852103192675536	20.619886301176248	28.24243840005025	1.4722741335175966E-4
38.0	26.81876746055032	26.199779605782847	20.24462188065153	26.736683861864048	1.4719115126049596E-4
39.0	23.510672844950644	26.838597073000358	22.45717273850181	27.192968686382102	5.886571650859587E-4
40.0	26.670119591868165	25.8904647764844	22.559912421260798	24.879257974221755	2.4523616487914026E-4
41.0	25.04917627592268	22.90067201446918	21.429233487633965	30.61562174947391	0.005296472500273406
42.0	24.019098729072454	26.194798406118185	20.78323030768431	29.002676411196404	1.9614592864799552E-4
43.0	26.614350435396567	25.693398446693337	22.174727386836118	25.513405114929004	0.004118616144975288
44.0	30.010932605146657	24.552425028312015	22.423557557959967	23.012741632635052	3.4317594630767196E-4
45.0	25.651832070647657	24.08484698759274	21.075135679889573	29.183871739369128	0.004313522500901918
46.0	24.818335004661094	24.830245052918844	22.16597215891435	28.185447783505712	0.0
47.0	25.374962998684612	24.365782751800076	22.64916675978256	27.608176163507586	0.0019113262251601103
48.0	22.95085099690449	24.01213512080736	22.511658397917117	30.525306489212735	4.899515829845695E-5
49.0	21.918805485212843	26.49783435895702	22.998368114395625	28.582787452656454	0.002204588778055229
50.0	27.739219718561003	23.798525105248153	20.0771444219214	28.385061767463554	4.898680589370059E-5
51.0	25.349829915729305	26.375821339269752	21.193455245428297	27.078297540941453	0.002595958631195096
52.0	22.390031430052755	26.144648542881665	20.772589557098904	30.692730469966676	0.0
53.0	22.633947073270388	24.730795810003762	23.561545500633837	29.072104499585315	0.0016071165066936404
54.0	22.768125850996068	28.91083216945316	21.80259228741899	26.518449692131778	0.0
55.0	23.5744155542055	28.355703964649887	22.170356740303024	25.897726902984843	0.0017968378567512298
56.0	26.13633439202972	25.648194591665447	25.132328955629436	23.083142060675392	0.0
57.0	23.50793225394865	27.83008333284782	21.95522437335291	26.701079578888493	0.005680460962124434
58.0	25.766270458677294	25.154458007373982	21.365910254885446	27.713215644107002	1.4563495627310438E-4
59.0	28.03455371276207	22.532725400794234	24.484623782278213	24.94494191292934	0.003155191236140823
60.0	23.139091911225407	22.38177838691203	24.268938042429504	30.210143247138472	4.841229459268558E-5
61.0	24.589774308706964	23.570012706480306	23.24908331820657	28.58488533914201	0.006244327464149573
62.0	26.01124677761138	21.268878139257527	24.527229728356147	28.192306538097036	3.388166779121536E-4
63.0	26.492616955278724	23.067120392342677	22.682637733023643	27.755059765661112	0.0025651536938455185
64.0	25.116259318720637	21.74253139134308	23.14324084221112	29.99796844772517	0.0
65.0	24.294134790387613	26.390113930475966	22.52240298153141	26.78789592432685	0.005452373278159819
66.0	23.89125495575345	24.351596624707913	22.983068053465445	28.77335663428047	7.237317927174247E-4
67.0	27.09100146041184	25.470846522632524	20.596921025347097	26.840314314207102	9.166774014414994E-4
68.0	23.42057831399702	22.24785602358953	26.47902531088623	27.852250885765233	2.8946576198967186E-4
69.0	23.208419163583212	23.756832248696263	25.209152439347964	27.822653396948223	0.002942751424339931
70.0	25.126802365500893	22.42357912496497	24.749982425341404	27.699202736446566	4.3334774615837223E-4
71.0	24.34564519983072	22.508509611278463	26.09545351166011	27.04909616268592	0.0012955145447897764
72.0	26.573512796463188	26.095381567047998	22.80291599599878	24.52641451952993	0.0017751209601005581
73.0	25.17000047492196	22.652482330744288	22.461266276271218	29.71174155802227	0.004509360040258031
74.0	24.347908674116947	26.048061306034185	23.385013291736097	26.218153316890145	8.634112226190716E-4
75.0	25.192616237657955	24.72505150262969	22.079291266257204	28.00054680323957	0.0024941902155795753
76.0	27.28275164778663	24.010296807836088	24.917286914881064	23.788849249706704	8.153797895169018E-4
77.0	24.637912627086695	24.531773232920575	24.047311407131147	26.782043497487283	9.592353742984392E-4
78.0	27.363175251165906	26.55322875521084	19.812179508085077	26.271080766360555	3.357191776223025E-4
79.0	27.214875712010407	20.143186209694708	22.98336256430694	29.65545818292211	0.003117331065834675
80.0	24.481604998307105	22.785689142359484	28.68324456427388	24.04730321419768	0.002158080861851173
81.0	25.423111064646275	25.212388782131672	21.947056625978497	27.416772131714374	6.713955291771712E-4
82.0	23.089878641917405	21.257470384618703	24.17225117181093	31.479392720433296	0.0010070812196616781
83.0	25.083105229539232	22.26625515271605	24.214360660391655	28.43503213913724	0.0012468182158223151
84.0	23.98535150536923	26.06514235624594	24.41903287711434	25.529562165951695	9.11095318792252E-4
85.0	24.702871593920193	26.9649123311765	21.17952760587342	27.151681497912694	0.0010069711171912987
86.0	26.361048005285863	25.280380060626346	22.527261237019086	25.829200953987463	0.002109743081241411
87.0	22.12298324263419	21.217749862153283	26.151559465873948	30.506796442356098	9.109869824754872E-4
88.0	25.353426097195893	26.750157978564776	25.496445841879517	22.399490632997814	4.79449361996734E-4
89.0	26.967916261351032	25.966153408031268	22.961344275137442	24.103195716990367	0.0013903384898910406
90.0	22.840325023335463	25.857707127108405	24.716462732054225	26.585169527887736	3.355896141726206E-4
91.0	27.063100222003943	25.23030931462575	23.723836876240114	23.981794813899718	9.587732304761411E-4
92.0	26.09291523156903	23.14769940966255	22.30013494112205	28.459202481190932	4.793645543467579E-5
93.0	26.863797144091144	26.32591146001857	20.320104538017986	26.489707501590264	4.7935628203597954E-4
94.0	27.895009817004894	22.917433620173945	23.166453837068396	26.01731589281058	0.003786832942187045
95.0	23.865557496842413	26.247828035537534	24.356870837317764	25.526867649772676	0.0028759805296118147
96.0	26.50187839647538	23.412709444322488	23.959308918812436	26.12548014382986	6.230965598359627E-4
97.0	25.783691735056717	25.66904663879462	22.917803971263957	25.628978369365218	4.792855194903853E-4
98.0	27.80568181600333	22.683411006673325	24.44419309509249	25.066714082230856	0.0
99.0	21.50015359819957	22.806768672485028	26.453396005871717	29.239633798888438	4.792455524814615E-5
100.0	22.48739281557018	25.078892245054053	24.23876471397278	28.19495022540299	0.0
101.0	23.628577945689404	21.874802330061357	27.98560675326766	26.510917131011325	9.583997025127323E-5
102.0	24.91697727796664	24.706047562470136	24.629698769744408	25.74722846213977	4.792767904942159E-5
103.0	25.958198088707697	25.698787195367125	25.186387182140184	23.156579610102504	4.792368249410179E-5
104.0	25.873571244068966	26.73800122969694	22.663324216834962	24.7243365459126	7.667634865310806E-4
105.0	28.094056143636763	23.08456915057025	20.230419627507917	28.587264760194024	0.0036903180910415846
106.0	26.144931981510283	22.615207290451053	24.93821184578482	26.301409253965247	2.3962828859872565E-4
107.0	25.784906917283507	24.41347944128804	22.162001547983905	27.638749439874243	8.626535703074641E-4
108.0	24.51697986261996	24.962166337768586	23.715979654642638	26.804682460802987	1.9168416583363926E-4
109.0	26.65557804587258	24.225905011634904	25.26504391362185	23.852514634679302	9.58394191364485E-4
110.0	25.137979381917535	24.806388021310017	22.03050832188896	28.024884685750102	2.3958913338693739E-4
111.0	25.40922292808056	23.455916918604903	24.15065786667855	26.983387650402214	8.14636233773764E-4
112.0	25.905267652162163	24.62861827934576	23.450537623588254	26.0153847701988	1.9167470502460865E-4
113.0	29.956615033413232	21.161887164585906	22.293566815436115	26.586780954315927	0.0011500322488209773
114.0	27.255672155248877	21.990380565234037	27.251838565624105	23.501246156227403	8.625576655739339E-4
115.0	27.182320600853433	23.520055285263524	26.716641937821333	22.580023693684367	9.584823773430102E-4
116.0	26.517510333672796	24.89354819385371	24.49151141196909	24.097238363385852	1.9169711855268677E-4
117.0	26.070741368196813	27.343185014964426	23.264234178322308	23.320785099311564	0.001054339204884466
118.0	27.022667214920165	23.84289278481146	25.618055176155192	23.5153784147231	0.001006409390087155
119.0	27.58462700472738	21.25519034126853	24.737176070945207	26.422335624815485	6.709582433929783E-4
120.0	24.782169244947635	23.58131445602577	25.19772624996585	26.438598349369812	1.916996909321733E-4
121.0	27.9763647787469	22.726590869987593	24.345821110188268	24.95045642393869	7.668171385547509E-4
122.0	27.109810909488264	23.0569744559586	24.395666647815446	25.436493596496355	0.0010543902413307554
123.0	24.91695562259919	27.820765048273817	22.900598360439677	24.360674515404725	0.0010064532825953074
124.0	24.98711981899212	24.416845311781856	22.684359122930363	27.911436115021093	2.3963127456520103E-4
125.0	27.697270583251022	23.339290498297917	24.07720255750725	24.88494236694507	0.0012939939987433881
126.0	24.955380250369036	24.145562946916396	24.092124686080172	26.80674040986906	1.9170676533174853E-4
127.0	26.676699152430682	22.39035156034708	27.481997838542476	23.44927404262049	0.001677406059269945
128.0	26.94168359282516	22.6626325057009	24.647234574031135	25.739534937220647	0.008914390222160024
129.0	24.149711050808857	27.175697786655906	22.281006802695007	26.3900377948801	0.0035465649601299
130.0	26.516673959731733	24.018803167283103	23.51541392897146	25.949108944013705	0.0
131.0	25.169030886389486	24.85692225034544	25.099343239459504	24.873840915659258	8.627081463133845E-4
132.0	26.314096834166257	26.193124821166077	21.651450106473586	25.8355767954207	0.0057514427733840485
133.0	26.626272270119074	24.338486638407844	25.323998719342338	23.709277291140648	0.0019650809900940746
134.0	26.58578213226318	22.832147336767907	21.156606664682418	29.425415937550774	4.7928735721430514E-5
135.0	26.22955141072021	23.44065427817175	26.556709667895547	23.772317791159345	7.668520531505157E-4
136.0	27.41597116943707	27.170859620676218	23.658680490817424	21.748449599956288	0.0060391191129971905
137.0	28.45771335041207	21.763647213042468	23.699216119516013	26.079135742409825	2.8757461962265415E-4
138.0	25.680868582514666	24.04110948054326	27.386910107997696	22.88996159166001	0.0011502372843664541
139.0	26.30860800638003	23.507376668515047	24.84587907756058	25.33679429439864	0.0013419531457059177
140.0	27.185247277382302	21.358128888384055	25.300371003540373	26.156061122365987	1.9170832728253927E-4
141.0	25.726438990723455	24.706474409821492	25.201574927688004	24.3649365307976	5.751409694480324E-4
142.0	28.775579848236777	22.452463755890506	23.587093224335796	25.18467145448062	1.9171705629963075E-4
143.0	27.37869456918041	25.088968739081107	23.565488421003188	23.96646483643891	3.83434296376498E-4
144.0	28.29918826375868	24.95168693131492	22.526016204049863	24.222533445296953	5.751555795842775E-4
145.0	28.836012183636445	22.734224659162532	21.994531263105678	26.43360229677364	0.0016295973217088724
146.0	27.37145270035482	22.087546509292753	23.85287462537343	26.683860466609886	0.0042656983691132765
147.0	26.697088487045644	24.250961326009218	26.76821438995879	22.280093230529882	0.003642566456468215
148.0	24.977473375446937	23.352488952368173	23.879036819048896	27.79061742122871	3.834319072861648E-4
149.0	27.632690798816895	24.732729957682544	24.108632540777702	23.52345433918096	0.002492363541897829
150.0	25.141529036039994	24.408180716198512	24.977220667385318	25.473069580376173	0.0
151.0	26.798795729931747	23.565519452911285	25.947025346520036	23.68808427397959	5.75196657340492E-4
152.0	27.466714855988066	23.485199998466122	22.95414281167434	26.093798532846073	1.4380102539717843E-4
153.0	25.101094446851835	23.348359288417807	25.262059431455185	26.287192594268532	0.001294239006638008
154.0	22.5495412580172	24.65913121842254	24.439299375880815	28.34919995781683	0.0028281898626170824
155.0	27.554393574204784	23.636205881619794	24.293942932526466	24.515169992502727	2.8761914623132634E-4
156.0	26.72981269989799	22.8624816880019	25.649740372299217	24.75753380529073	4.314345101588446E-4
157.0	24.494937026222573	22.49841445005266	26.83920198540096	26.16706303417933	3.8350414448135137E-4
158.0	24.84895668293871	20.919936854952873	26.370295940874144	27.86066670469815	1.438165361212009E-4
159.0	26.13295173170913	21.331530792997896	24.563782841829482	27.970871715217804	8.629182456872064E-4
160.0	26.341440262791654	21.663340382211896	25.66355899173071	26.331468600529934	1.9176273580224658E-4
161.0	25.11382338714046	19.89072379545205	29.143101777787795	25.848324014445517	0.0040270251741808235
162.0	25.235204099244047	22.795716658164928	25.89325780210255	26.075677614092683	1.4382639578722897E-4
163.0	25.412519734832884	23.443039746780457	27.22977841851893	23.91447032499608	1.9177487164268123E-4
164.0	25.695661366732047	23.447500154620716	24.30719132551424	26.547729376832972	0.0019177763000245954
165.0	26.755427741823507	22.165400728972983	26.63939810344282	24.438862449261006	9.109764996830761E-4
166.0	24.666499808688698	22.71924802671262	25.80271633280687	26.811296093317722	2.39738474093381E-4
167.0	26.54133925095084	22.8644216033956	26.772456226828368	23.821159574284447	6.233445407485121E-4
168.0	26.701277951441586	24.894854676239675	23.681685509149837	24.721990057766995	1.9180540191143672E-4
169.0	26.50054881899619	21.99025888240408	24.701985770506866	26.806774953521817	4.3157457105084094E-4
170.0	31.195041961962094	22.54063004563762	23.123987875364268	23.140148301884437	1.9181515157473046E-4
171.0	25.880871477497124	23.081522870194277	26.50138248317571	24.53531206332857	9.111058043194088E-4
172.0	27.338146052951423	24.441308841106895	24.552013858024292	23.668291522891582	2.3972502580639905E-4
173.0	29.66820336590829	19.022885568323026	23.22403847628983	28.083146679348907	0.0017259101299418559
174.0	24.31229474794448	25.55044705995158	24.558285591006065	25.578541122324232	4.314787736414411E-4
175.0	25.17085079717587	24.500968002692574	22.553072341780222	27.7738622971821	0.001246561169236021
176.0	25.00105484422828	23.355162215863324	28.306409233531006	23.33598322989467	0.0013904764827274052
177.0	22.342281344973326	25.47713831137009	24.293031637235828	27.86232638073053	0.0252223256902334
178.0	24.98152849598086	22.438382370921225	24.906156129159086	27.673549429552967	3.835743858614482E-4
179.0	27.13552248654097	24.12809418611175	23.546815651459212	25.187841390848675	0.001726285039390468
180.0	27.64296138121704	22.281906578371885	24.719331428288235	25.35570438152353	9.623059930973791E-5
181.0	27.98630600543942	22.001739226005864	26.068095904238447	23.9429429747899	9.158895263694236E-4
182.0	25.18323335280881	22.620955223765478	26.048156482536672	26.14755852765421	9.641323483757263E-5
183.0	23.24840196252838	24.440246969646566	26.134872964518003	26.17585137468103	6.267286260228332E-4
184.0	26.61658572427968	21.70281311155778	26.135174188048943	25.541666325154562	0.003760650959038315
185.0	25.376531943387874	24.17710620220737	24.312764724541854	26.132922211841343	6.74918021564595E-4
186.0	26.470442177674304	22.375936601577244	25.60906523775614	25.54455598299231	0.0
187.0	24.262811586130066	22.782729115412586	27.4538616565319	25.4998723483266	7.25293598848814E-4
188.0	28.048190137483687	27.904076246887406	21.96092579150202	22.086420941199115	3.868829277752443E-4
189.0	25.098020628947364	23.01510342282668	24.744000150893974	27.14181180135969	0.0010639959722916104
190.0	29.50010157587718	21.47594586489441	25.030279285292778	23.993334687678363	3.3858625726751213E-4
191.0	26.705038385458767	23.610585085463477	24.481392593698974	25.202692971128105	2.9096425067734054E-4
192.0	27.528016050880165	22.55668561158092	23.889651653804204	26.025549687842968	9.69958917390054E-5
193.0	27.577832265011676	24.299479299297406	22.166910404070535	25.955438496928423	3.395346919571507E-4
194.0	28.286015741538012	22.859429763391827	23.947948627769623	24.90660586730053	0.0
195.0	26.556878659216142	21.577215252517753	24.53418454457724	27.331042282550317	6.792611385484092E-4
196.0	28.88390137766888	21.898736763850156	26.318117153427433	22.899147398309587	9.73067439411956E-5
197.0	25.448056406760127	23.949952577483135	23.274796088043832	27.326562303065167	6.326246477375639E-4
198.0	27.985650010707857	22.728068776138507	24.035451537321144	25.250732109954793	9.756587770019665E-5
199.0	25.422072360854862	23.009684981183046	24.752394328976152	26.81545681888253	3.91510103407606E-4
200.0	27.560658311659452	22.996565134697818	24.054139507019986	25.388490215675084	1.468309476567249E-4
201.0	24.84877704954944	20.57415284310894	29.0512528083563	25.52547466728014	3.426317051801019E-4
202.0	25.23302449418963	25.235423149767648	28.14743997364416	21.38411238239857	0.0
203.0	26.446151495802667	24.508189015242028	22.149072982321442	26.895852021889606	7.344847442622052E-4
204.0	25.716654513685693	23.311539585988992	23.631565364347022	27.340142593888512	9.794208978057545E-5
205.0	27.010950186665934	24.013129057835343	25.71067979898946	23.264555314873576	6.856416356862758E-4
206.0	25.336908872725495	20.882570469963017	25.263242965248693	28.517130752087773	1.4693997502020426E-4
207.0	25.744881078176203	23.632990561402323	26.713724936915167	23.908011516196304	3.9190731000211137E-4
208.0	28.425339335475275	22.50808128273489	21.16602730167721	27.90050308036889	4.8999743731340283E-5
209.0	27.119101762364977	20.12281664738978	25.50895885201231	27.248485620748465	6.371174844641352E-4
210.0	25.25882779110253	24.527673900266805	24.066511671453284	26.146692528613087	2.94108564294338E-4
211.0	25.228681706836326	25.660646937802888	25.32267459534517	23.787261291404434	7.354686111802997E-4
212.0	29.000730933190745	21.771213005705203	24.316185019303504	24.91167481812518	1.9622367536755144E-4
213.0	29.648748362926646	22.26552298971319	22.391776443029848	25.693412240105403	5.399642249157165E-4
214.0	27.84543100026332	25.483949253860395	24.36311865525874	22.3074519637011	4.912691644101036E-5
215.0	26.135442001369952	24.42408612867596	22.591936196311767	26.84814172644405	3.939471982721476E-4
216.0	25.617688934648243	23.998209936744786	25.853457009826908	24.530544449333785	9.966944628140771E-5
217.0	28.933714392002795	22.467832464891575	25.30511086142887	23.29273902256943	6.032591073273359E-4
218.0	24.804013781503045	23.74978161680758	25.76515376208218	25.68064454529572	4.062943114733451E-4
219.0	27.125351125760044	23.327182425115435	23.54628284451422	26.000515772147892	6.678324624113068E-4
220.0	28.837346102642957	21.033808398435486	24.176462089392047	25.95207380881124	3.096007182736664E-4
221.0	25.43260502032114	22.096533746418814	24.22202928243054	28.248467586115	3.6436471450463053E-4
222.0	25.791339739680275	24.008685750881373	24.39383549739775	25.8058756797922	2.6333224840446986E-4
223.0	30.639318897816032	21.78216767108112	24.572939663230443	23.00493463538823	6.391324841748135E-4
224.0	30.837199334981808	22.095181397019175	23.940334336774747	23.127071167741807	2.1376348246364554E-4
225.0	31.60980924790895	18.898984775937215	24.417707536383876	25.07279998968443	6.984500855332721E-4
226.0	26.031184492083487	21.86798615862667	25.669951232692835	26.430660210845602	2.1790575140440257E-4
227.0	27.282931551353723	22.636895913600096	25.875568474846457	24.20316994536574	0.0014341148339874184
228.0	27.257895621802586	28.03456965233349	23.265482566176278	21.441885681973183	1.6647771446075371E-4
229.0	28.586227978170275	24.62311191380287	21.164738149857815	25.62592195816904	0.0
230.0	25.707110093429296	22.866228314489316	26.8712863112308	24.55531872900866	5.655184192176731E-5
231.0	26.014569534139405	24.583832312952353	24.050424777061753	25.349621101275567	0.0015522745709254373
232.0	25.439869892668394	25.313961437426908	24.188998018546773	25.056823636782156	3.4701457576889755E-4
233.0	22.94392205360223	25.348771175602323	22.23640643076555	29.47031367699272	5.8666303717801E-4
234.0	26.72577128370395	20.16269444670971	27.494540045322534	25.61604182006823	9.524041955785826E-4
235.0	25.649536923203016	21.108322847211173	28.506462826094292	24.735436343211983	2.4106027953350013E-4
236.0	28.38808060698889	24.462046665270893	23.966425590111086	23.18332470159277	1.2243603635370793E-4
237.0	28.38515447391792	24.588922999285085	22.182820729115903	24.84285442172159	2.47375959509503E-4
238.0	26.9882971101027	22.06038741467952	24.5019043907835	26.4493482332533	6.28511809736905E-5
239.0	28.321893777987572	22.792697396119056	23.985111567559294	24.899021471492546	0.0012757868415345164
240.0	25.412169394361868	21.662809286814053	26.662524161880174	26.262431610982095	6.554596181161173E-5
241.0	29.201090177183325	21.120378215094085	23.222834657554294	26.453137540696254	0.002559409472046327
242.0	26.925538583786608	24.131040094406334	21.127758369254266	27.815005160379595	6.57792173194048E-4
243.0	27.948626039102404	23.19774705203287	24.740652690728336	24.110206792580136	0.0027674255562525367
244.0	26.882772664783467	22.94746183742923	25.478361006892307	24.69034799615964	0.001056494735354672
245.0	28.961367153974884	20.97567076289664	23.542326864197104	26.518980934035717	0.0016542848956510176
246.0	24.54434236983057	27.08046427970241	23.2138525751565	25.159551413661973	0.001789361648545514
247.0	25.954484413043392	22.57090142540058	24.54748080936081	26.78600129376588	0.14113205842933635
248.0	26.94589557572844	22.179270066004033	23.612715168028704	27.252012800540427	0.010106389698397406
249.0	25.388373310568596	21.16607031502706	29.21244902110518	24.21636726813148	0.0167400851676843
250.0	26.670315548043938	21.39086536630158	24.599007317143258	27.33894298723092	8.68781280302924E-4
