# Position (bp)	A	C	G	T	N
0.0	18.84170559288587	22.18719556365998	28.99957535033597	29.97152349311818	0.0
1.0	24.77746400097878	27.775488954973444	27.38147851294766	19.990911292718796	0.07465723838131122
2.0	25.18431019155595	22.084099516543468	24.850883495500323	27.879001911906183	0.0017048844940755264
3.0	28.07935681872346	18.01797639139507	25.035140537832618	28.854150960832282	0.013375291216567853
4.0	22.659641400486326	23.254311234838713	30.577641094406268	23.50792042890076	4.8584136793495555E-4
5.0	23.91667111333175	22.930724191960106	29.782388295730716	23.369488762873093	7.276361043333156E-4
6.0	31.151085025350163	20.363183768194094	26.081534587439997	22.399141031628716	0.005055587387031696
7.0	24.098580951625426	23.431245988417796	26.426320306358676	26.043612359158907	2.403944391958325E-4
8.0	30.464929724952206	20.511619640506865	28.44458214446974	20.57862831560846	2.4017446272972689E-4
9.0	26.76740291460132	22.794735099496638	20.010652642287152	30.42672949486322	4.7984875167347255E-4
10.0	24.9652411544731	23.165212388531977	23.96346725477035	27.906079202224564	0.0
11.0	20.580989578407824	17.545535359648955	28.59507102192128	33.27816761551701	2.3642450492708669E-4
12.0	28.223185900003983	27.809210541729044	16.580099663337528	27.387503894929445	0.0
13.0	29.401778270448016	28.70756347140003	25.18991350842792	16.700511869885375	2.328798386608478E-4
14.0	21.31263952770597	25.8527144375496	21.56117869292998	31.273467341814452	0.0
15.0	22.22942448319505	25.593270988609195	18.423920686260722	33.75338384193503	0.0
16.0	24.29332640197544	20.796456343275498	19.933502285182055	34.97628175969849	4.332098685208049E-4
17.0	20.548895442610256	29.704316519207936	23.247837059166486	26.49873819585413	2.1278316119175593E-4
18.0	27.044865230453485	21.510122822305192	22.798347103933576	28.646240806348683	4.240369590613518E-4
19.0	27.576144253497464	25.267216441614448	25.389741343372336	21.766051502781675	8.464587340786402E-4
20.0	18.495514003456716	21.259213900424044	33.57464852901529	26.670414575883665	2.0899122027883608E-4
21.0	27.334656961899395	25.845160327618792	19.473919819610703	27.346055642139472	2.0724873163776236E-4
22.0	21.90159910182652	22.256270897003557	26.829648755877844	29.012481245292083	0.0
23.0	24.644191099284722	23.53017763998405	25.879045317318884	25.945975636550056	6.103068622903596E-4
24.0	31.840072675803867	18.320426483679377	22.262439952225392	27.577060888291367	0.0
25.0	28.20628897850263	26.194546533953616	23.561332134071158	22.037633800132237	1.9855334036212157E-4
26.0	23.688712193808456	26.533234602317275	24.57768731834417	25.200365885530097	0.0
27.0	22.97302375626245	27.749395264570513	19.211104584122012	30.066278607496542	1.977875484826728E-4
28.0	29.193572549297887	31.885934826659096	15.748712854112954	23.170005755690642	0.0017740142394209615
29.0	24.41940949495304	22.268431591610565	23.421326111413325	29.890442849538783	3.899524842897893E-4
30.0	23.12150403977626	23.43439247980112	25.456611249223123	27.98729801118707	1.942200124300808E-4
31.0	25.353306021470768	22.57668616498407	27.272180870967926	24.797245289091478	5.816534857523978E-4
32.0	22.92073295636815	21.303621880471376	28.509892437377527	27.265559476371394	1.932494115555418E-4
33.0	27.361856920145506	23.14548569008988	23.892834459264392	25.599630463652634	1.924668475855034E-4
34.0	29.792313473056165	27.255630536599433	18.107289523823983	24.844576694474597	1.8977204581856276E-4
35.0	25.90424475200318	23.162136849972093	22.051708969131656	28.881531024435468	3.784044576045106E-4
36.0	26.08987586697358	21.147251691390505	21.745125371897856	31.017557929060896	1.8914067716145237E-4
37.0	23.526542373073628	25.936975925915423	20.211227262156626	30.325254438854323	0.0
38.0	23.432862905512437	24.90463534597805	23.094124629977582	28.568377118531934	0.0
39.0	26.9618154979597	24.11409044603082	16.40801453063662	32.51589052125446	1.8900411839973993E-4
40.0	23.892201423077285	25.247621117484197	28.02120441853213	22.838973040906385	0.0
41.0	21.030015344031323	28.435211150500006	20.085185829069	30.446942153757778	0.0026455226418944967
42.0	22.824088682143593	27.216439526056142	21.440839207876643	28.51863258392362	0.0
43.0	23.280352308386973	29.547013181336425	23.139035988430198	24.031709266232014	0.0018892556143953719
44.0	30.433230453063555	24.433245563996692	21.390659176680806	23.74229814626628	5.666599926711975E-4
45.0	27.492917311978243	22.506327201299435	25.44177086087712	24.556340422317078	0.002644203528122993
46.0	25.216681807793933	28.126800173005478	26.3034433000984	20.353074719102185	0.0
47.0	28.645271680317887	27.73838009748801	21.014880047440894	22.600901603585264	5.665711679486913E-4
48.0	22.576362977174192	24.8478027705183	20.616304364246112	31.959529888061393	0.0
49.0	19.822698048545615	18.64332851842411	29.955344077189604	31.577874075962274	7.552798783999396E-4
50.0	27.686701720931552	21.686569559430193	26.49498258300214	24.13174613663611	0.0
51.0	19.556553996016728	36.64272297367452	16.91588873262037	26.88370161313159	0.001132684556789972
52.0	20.11632317612846	29.49634178330751	19.576979182982544	30.810355857581484	0.0
53.0	27.117297947880154	24.39585274842195	25.610749953781088	22.87572205264806	3.772972687450715E-4
54.0	22.137666669181954	34.55834081631113	18.293428310557413	25.010564203949503	0.0
55.0	23.324589409605995	27.67499005229382	25.365802143424236	23.634241230460535	3.7716421541357E-4
56.0	27.596201352457317	21.677597709949577	27.35727728392175	23.36892365367136	0.0
57.0	25.06453662795412	31.849509446201246	21.66677037782919	21.416166496014664	0.003017052000776891
58.0	23.343502986785737	26.707408133711457	25.773471912146263	24.175428407650998	1.8855970554516383E-4
59.0	26.493629906725317	21.91455382950361	26.786633457083653	24.802731683035773	0.0024511236516463067
60.0	19.680152290482788	21.98561910416254	26.814056713126572	31.520171892228095	0.0
61.0	23.568724050260744	26.358244454789265	21.56624757582554	28.50244914652097	0.004334772603483272
62.0	28.177622316998015	18.00647934731601	24.50335369358605	29.312544642099926	0.0
63.0	26.701103979073775	23.06803662089683	24.63053073162642	25.59825564521904	0.0020730231839374627
64.0	20.25172896465584	23.333440088619447	25.050818656051423	31.364012290673294	0.0
65.0	24.265915140600306	29.12320493716456	23.624656434910545	22.983020961473613	0.0032025258509770526
66.0	23.711287770326276	23.24523396880416	21.416999472534094	31.62572526561676	7.535227187099691E-4
67.0	24.329125513104778	32.61001022912872	19.136382731422263	23.924293144599943	1.8838174430192318E-4
68.0	24.132714956334343	20.6157271706615	25.026937828245917	30.224431668336937	1.8837642130009873E-4
69.0	23.20572495286031	22.72104794214769	26.969365323648585	27.101789707065212	0.002072074278211762
70.0	25.792018800560403	23.506161401605883	23.698799355237192	27.003020442596526	0.0
71.0	19.75553067158491	24.158236960224333	23.92543591384291	32.159479067666624	0.0013173866812206528
72.0	24.110520194663685	29.550150740151075	21.10343296109361	25.23476696438317	0.0011291397084561272
73.0	24.449575467437448	22.269141601180262	20.483507963749133	32.79250594646675	0.005269021166410743
74.0	24.518563122142144	20.757014094048134	29.669382609186535	25.054475660011665	5.645146115198615E-4
75.0	23.216899797163297	22.68835777534424	21.85819494150099	32.235042204334455	0.001505281657014048
76.0	26.358164415367913	21.615102235117252	27.042491500006587	24.983489221425064	7.526280831879821E-4
77.0	25.985339384224034	21.961384178877573	23.504398937331135	28.54774860204857	0.001128897518683254
78.0	21.103991391117198	30.949460439775443	20.13850217479644	27.807669731950696	3.7626236021853315E-4
79.0	26.76079390461857	22.924278054745557	22.809519330260557	27.503151161696927	0.0022575486783933778
80.0	22.499078191901635	27.759592447946062	28.085611516205013	21.65383660293022	0.0018812410170741436
81.0	24.475053519897365	23.493259690957867	26.6521564097837	25.378213545331068	0.0013168340300012415
82.0	22.34428375795699	26.524431536019023	24.078456306150397	27.052264074280295	5.643255932943071E-4
83.0	25.7963305030228	19.5680798155094	26.537264919322983	28.096819944848445	0.0015048172963700044
84.0	21.363114831185932	28.355873224865984	26.127527508699334	24.152543966895514	9.404683532399135E-4
85.0	26.194918633432895	25.859182798287655	21.806653776416862	26.13830435534958	9.404365130118796E-4
86.0	24.665312494122517	20.9607101882676	27.667625872218775	26.705411047791006	9.403976001053246E-4
87.0	22.15516382081176	28.13343388958998	23.309930808017167	26.400343044785775	0.0011284367953147305
88.0	23.836533579072086	27.476538844902485	23.956707351475373	24.729656028435485	5.641961145694243E-4
89.0	24.178039556405583	25.181336236969837	27.763391236809987	22.87554043558309	0.0016925342315048321
90.0	22.626057096864578	23.726547352862084	28.73949485014941	24.907524592722698	3.761074012294951E-4
91.0	22.862085824965213	26.809018767159355	27.33743277295122	22.990898491857532	5.641430666817105E-4
92.0	27.60825254037141	25.278105796785333	20.766173008506765	26.34746865433649	0.0
93.0	23.360660361393677	31.44463456367636	18.376924957223174	26.817216027678015	5.640900287685915E-4
94.0	24.75166917050076	23.579724396494505	21.745940122327497	29.918341791215962	0.0043245194612776885
95.0	22.9668625146886	30.299412455934196	20.788155111633372	25.943689776733255	0.0018801410105757932
96.0	23.37821527540166	27.152697616531995	23.633895704944784	25.834815402489873	3.760006316810612E-4
97.0	19.344705457717353	31.82947829094792	25.565473057314303	23.259967214594017	3.759794264057871E-4
98.0	22.819622085372913	23.178851518500974	28.9381771972961	25.063349198830014	0.0
99.0	20.236449426720966	23.79878131245586	26.068793484304326	29.895787939351138	1.8783716771605033E-4
100.0	19.577303941456673	23.78961366812424	23.575485732317542	33.05759665810155	0.0
101.0	19.56559304588245	18.995349396323093	36.296496645404616	25.141809603233632	7.513091562046867E-4
102.0	22.758927665904146	21.25642788188849	30.21620971891985	25.76843473328751	0.0
103.0	25.761488289635043	18.30820861746141	34.9301472176263	20.999029066044166	0.0011268092330748557
104.0	23.791549295774647	29.461408450704223	26.927136150234745	19.819154929577465	7.511737089201878E-4
105.0	25.008403298224135	20.211669223647913	23.05151456540395	31.725032815114297	0.0033800976097076406
106.0	23.55824119697152	25.818523915394785	23.44501111645235	27.17803599327004	1.8777791130873694E-4
107.0	21.691638327477715	26.539376606695875	21.80092650839284	29.967119655535672	9.389018978962964E-4
108.0	24.051141559370663	29.266882103646342	25.417182257055998	21.264794079926993	0.0
109.0	22.6373787310105	24.888987358171374	24.275390210609523	28.197304904083197	9.387961254006313E-4
110.0	27.880227155394945	23.886046839066974	22.12437227202328	26.109353733514805	0.0
111.0	27.102168624035084	19.31637281110143	30.833996635929473	22.74614783888505	0.0013140900489592407
112.0	24.063564770924657	21.558519575358794	26.750894055586322	27.62683386992312	1.8772820710175807E-4
113.0	29.61208789971053	25.081190468145177	22.132240030936853	23.173355259452823	0.0011263417546151853
114.0	22.962110574648776	25.02064921120013	25.599202565007474	26.417662208939984	3.754402036387665E-4
115.0	22.036901809799307	22.23344364955858	30.39246420667116	25.33625173874765	9.385952233011896E-4
116.0	29.660624013305476	26.587299352559445	24.629772504143883	19.122304129991196	0.0
117.0	24.858413442134882	24.15146617409374	24.099655912282973	26.888775006429356	0.001689465059046804
118.0	28.875210479188606	20.631747301079567	28.99347303332188	21.499193749730157	3.7543667978817864E-4
119.0	24.881314188421822	19.50502056469855	25.452169946443554	30.16055670168891	9.385987471583924E-4
120.0	27.719991815480384	22.021613889655406	26.993521840090256	23.264684736434067	1.8771833989408932E-4
121.0	26.048498819253858	23.623557856560932	30.316079547374386	20.009798878948178	0.0020648978626429944
122.0	29.20896531010662	16.86401862141463	25.938767082144466	27.987310406968014	9.385793662712119E-4
123.0	25.981029825559244	29.729450698382486	23.091579052091955	21.196626439985657	0.0013139839806581557
124.0	20.672664510546284	25.102346892615067	22.59346368914325	31.631524907695397	0.0
125.0	22.429411830956305	22.13771122014949	29.75327459276417	25.67810067988392	0.00150167624610972
126.0	24.04177718210504	24.058483549859123	28.182140705158886	23.717598562876947	0.0
127.0	23.0829155114384	22.149034301128353	26.39683287562204	28.369527878465924	0.00168943334528451
128.0	27.149260959832404	22.206871177621178	23.693398758817985	26.942397290874347	0.008071812854080396
129.0	21.21627937971516	30.6234196758916	25.43667159105201	22.720250486650663	0.00337886669056902
130.0	25.03773060721875	26.2015602826229	27.92215105758329	20.838558052575067	0.0
131.0	30.653036170496335	20.940556795506893	24.897555408304818	23.507913058658563	9.385670333960922E-4
132.0	21.51663500596923	29.611136556467414	23.966647394937795	24.899761981634292	0.005819060991267654
133.0	31.27991620646547	25.37044475896219	24.572303834154877	18.774707266986773	0.0026279334306920097
134.0	28.381252358096553	21.984874394403263	20.124676436303705	29.509196811196475	0.0
135.0	25.936791997732517	20.827068657097435	29.04444682204941	24.190941700500613	7.508226200330738E-4
136.0	29.135773734218795	23.833701858643952	29.203910247506354	17.81985681947015	0.006757340160749615
137.0	27.223530957587588	22.69059306046983	24.87644182488808	25.209058742925787	3.7541412871073404E-4
138.0	27.923970845229313	24.990098415183308	25.916999378687283	21.16818052982395	7.508310761474106E-4
139.0	22.306104061866506	25.780651700578122	28.262632329754485	23.64892259178617	0.0016893160147158194
140.0	27.208174803241242	20.337901377545943	29.287726720712364	23.166009396368715	1.8770213173311008E-4
141.0	24.114057005975432	18.351508689065312	34.92822158102128	22.605461805470817	7.50918467150133E-4
142.0	25.286894555339252	19.723214570657817	26.58033704595757	28.409366100543092	1.877275022668096E-4
143.0	24.75181538969865	22.582171258645158	25.4993729677773	27.16645264968048	1.8773419841251962E-4
144.0	28.591193410075615	23.644995607217677	26.326094628791118	21.437340902435178	3.7545148040518726E-4
145.0	27.860721734445427	25.1730371755377	24.024149175222316	22.941153280807374	9.386339871857687E-4
146.0	27.17818176357069	21.162885870258986	24.603335510951922	27.050715985973135	0.004880869245267434
147.0	25.22805140191302	27.61604385495574	23.94056301803197	23.21177475524016	0.0035669698591046907
148.0	28.278419224631556	23.456115648174222	27.562940016896647	20.702525110297568	0.0
149.0	26.264484781123038	24.58751699122089	20.712579886900425	28.43354085778442	0.001877482971229451
150.0	21.391650472676748	26.86775377625069	25.28534279625614	26.455252954816423	0.0
151.0	25.96512573249293	24.966250406027797	23.330498179681147	25.73756240623809	5.632755600367256E-4
152.0	27.460589264658392	24.732254842319506	25.551074360303115	22.256081532718987	0.0
153.0	32.40666853176265	16.239102801211438	27.98751762609582	23.3655844728882	0.00112656804189331
154.0	26.52810611167337	27.14680296148307	23.722658575100787	22.601305741394107	0.001126610348667126
155.0	27.032536746400517	25.76146733830738	25.68368127253494	21.52156308656612	7.515561910380682E-4
156.0	28.198330399099625	24.88900329373214	23.91178133977675	23.000697076225567	1.878911659210519E-4
157.0	26.87591597459697	22.407650971402802	31.207771222426818	19.50791026267333	7.515689000789147E-4
158.0	29.89072229257716	18.322429362183453	26.55489626509239	25.231576297109097	3.75783037905235E-4
159.0	25.66531136797487	22.872920079965127	27.356303266244797	24.10471373386042	7.515519547866343E-4
160.0	25.636314103467388	23.5727907260754	24.863361797668368	25.927533372788847	0.0
161.0	25.42142325700243	21.23368229608976	28.887502724314412	24.453258280036977	0.0041334425564214915
162.0	29.88937238367942	18.21729458360577	25.670755078574164	26.22239006756401	1.8788657663141914E-4
163.0	20.11502783628544	23.01026457153916	32.62698250156421	24.24753719803314	1.8789257805527424E-4
164.0	30.36657084343235	26.220994682749936	21.039024481896924	22.371718993668154	0.001690998252635139
165.0	25.88209210696899	20.15974326840514	24.635636164132357	29.321589015254713	9.394452387975852E-4
166.0	28.307839154624183	26.099136999659912	20.891635491804973	24.701200459214636	1.8789469629640763E-4
167.0	20.455642926261003	20.598442358821153	27.09675601025901	31.84878291667841	3.757879804214462E-4
168.0	23.353187651490952	21.54901260780519	28.674959132673195	26.42265271227523	1.8789575543488472E-4
169.0	30.208362692762265	21.698543960225255	25.72750316142331	22.365214384898824	3.7580069034586817E-4
170.0	28.931531352105957	24.92310640720442	19.330025233499114	26.815149118142756	1.8788904775951705E-4
171.0	24.421859442805886	26.82872762112303	26.50560763464898	22.24267813867859	0.0011271627435141176
172.0	29.414932946991907	28.20861686515458	20.259654469637542	22.116795718215972	0.0
173.0	26.64238575870332	21.400974613879146	26.70712233712183	25.24914200578313	3.7528451257109297E-4
174.0	29.663777252429735	28.35003189613119	16.323501819955723	25.66250140718226	1.876243010994784E-4
175.0	24.35463052597612	24.79081774315796	25.148397457544448	25.704841021484796	0.0013132518366764973
176.0	18.35745801629823	26.279020905557303	27.09130610958534	28.270901805411736	0.0013131631473894316
177.0	28.01498675432079	20.245814290324276	28.530930349490813	23.18950702058521	0.018761585278909726
178.0	22.815911026727253	21.100571467165967	27.79082725782062	28.29231502362039	3.75224665768629E-4
179.0	26.933114201717405	24.676884053484624	29.72329005108693	18.665586017601825	0.0011256761092130962
180.0	25.401330510128993	19.382123710411317	27.931890195371743	27.284280157979307	3.754261086332988E-4
181.0	27.88459732992846	19.80490827496855	26.093283512026588	26.216459808100346	7.510749760594852E-4
182.0	26.536926990921977	20.877761192628682	26.51120436345885	26.074107452990493	0.0
183.0	23.330980044612346	19.943183098379986	29.65444208281073	27.07101924940104	3.7552479590227347E-4
184.0	24.69825676152708	25.451769901534437	26.03478966224285	23.811052777840366	0.004130896855260885
185.0	23.370805082438473	26.91319034359222	22.043490261538665	27.671951015717855	5.632967127881497E-4
186.0	29.164562001100375	28.770793939314277	21.034575352034658	21.030068707550694	0.0
187.0	26.003343539267803	20.796250727877226	24.429626011984144	28.770216203016695	5.635178541240115E-4
188.0	34.673263941721565	24.68943778517905	24.873342462819885	15.763767960761992	1.8784951750851428E-4
189.0	27.185151788397953	23.081417192666066	26.331529906822965	23.401337541328523	5.63570784490532E-4
190.0	31.753069256709153	24.76934782404494	19.091856959017086	24.38535022872655	3.7573150226847895E-4
191.0	24.302270732674458	24.937279067276304	27.337681984668844	23.422204431715464	5.637836649320922E-4
192.0	22.158969173692576	17.613207086179095	30.594010652573495	29.633625145185484	1.8794236935186195E-4
193.0	22.178762339390566	22.120307648354622	26.41588163207001	29.2848604229789	1.8795720590335992E-4
194.0	25.292468008962	19.647233959370254	28.74268829977595	26.317609731891796	0.0
195.0	30.07280499427598	23.62242912650925	24.472666640349345	21.83134731535108	7.519235143401213E-4
196.0	33.68123333370944	22.310732997092682	23.405395646924752	20.602449968218863	1.8805405425735571E-4
197.0	26.57289656702888	20.28883297036444	21.651376836942333	31.486141358519237	7.522671451085709E-4
198.0	27.214781452069587	22.14245265092723	25.138514969023447	25.504062792198383	1.8813578135612035E-4
199.0	25.31430206121927	22.38263546983453	27.192209825797615	25.11047623349444	3.7640965415480977E-4
200.0	32.116983412041286	25.163140964710358	20.279734758295394	22.440140864952973	0.0
201.0	22.592594684028935	22.924442888415804	32.78389209192365	21.698505647819267	5.646878123429462E-4
202.0	28.013997492649246	22.946777150730934	28.745872847951386	20.29335250866843	0.0
203.0	22.206889021093296	23.089855487194164	30.275395169853383	24.427295524546093	5.647973130709159E-4
204.0	22.292075004189286	24.28655079765852	27.363650570401628	26.057347062888216	3.765648623561287E-4
205.0	29.405883172589885	23.239322580280714	23.405212832863217	23.948451628210005	0.0011297860561804945
206.0	23.00889955144453	21.390747931409805	23.599629405051992	32.000723112093674	0.0
207.0	21.672304806105767	22.921862168209937	31.605287545111395	23.800357124021488	1.8835655141757142E-4
208.0	29.56056230845591	24.97122718188377	20.64390835645519	24.82430215320513	0.0
209.0	26.10758271426768	25.33286357821517	24.873721911250197	23.685266582889483	5.65213377470218E-4
210.0	24.838469582913294	28.70182116241603	21.12849888356055	25.33083351391074	3.7685719938572275E-4
211.0	36.186371525651154	19.81874683165014	23.21465252271318	20.779475311841004	7.538081445200975E-4
212.0	28.81191403378483	19.95046500318547	23.221320405478256	28.016112068218057	1.8848933338862353E-4
213.0	39.34678190421052	18.036951196284136	22.053984124978548	20.5615284375607	7.543369660944392E-4
214.0	28.685974873157765	23.411829548200046	22.193615607634694	25.708391217685435	1.8875332205846822E-4
215.0	28.382748511499983	20.153874633541875	21.9079623417052	29.555036721370932	3.777918820080394E-4
216.0	24.080958281701776	20.923759611048585	28.211293384718577	26.78379924892663	1.8947360443216654E-4
217.0	27.480318134959713	22.95420906834373	23.852443123681397	25.712453758895474	5.759141196864724E-4
218.0	21.75665438816638	26.202936431293406	30.341195814130106	21.699020611303546	1.9275510656466065E-4
219.0	25.35769958263547	28.434167417716527	21.560804093963107	24.64655529209715	7.736135877490552E-4
220.0	27.109463088028456	23.66895659215691	26.451932875348234	22.769259978224397	3.8746624200366547E-4
221.0	26.85045434742018	19.79659395033298	23.188056264392856	30.164700939814526	1.9449803945976226E-4
222.0	19.806042448119403	24.120841098712717	30.799657143755848	25.273262717528915	1.9659188311432996E-4
223.0	34.045974426207515	20.106462107894494	26.63466489887481	19.212306672427772	5.918945954104493E-4
224.0	28.77816363054532	24.838909761811635	25.488011567681607	20.89491503996144	0.0
225.0	33.104258455101586	19.771228882056484	21.77406573900916	25.349852610225366	5.943136074043551E-4
226.0	27.739610362032042	19.0349452634091	26.458816605623518	26.76642552769795	2.0224123739278686E-4
227.0	29.097288598557952	25.527882119686424	21.437138143275476	23.93708233641996	6.088020601861717E-4
228.0	29.816665915912843	25.547401914012752	17.95748549338859	26.67844667668582	0.0
229.0	31.826615780818518	23.284619442117346	23.036602645650397	21.85216213141374	0.0
230.0	26.246535229597747	21.406806279446638	26.23548133455969	26.111177156395932	0.0
231.0	21.026744933518287	23.296088912947862	30.37901343167439	25.297306898535034	8.458233244239943E-4
232.0	26.279325723083318	25.3261005562424	20.736199441424898	27.658374279249383	0.0
233.0	22.775837096361933	23.44998721990287	29.12136832239925	24.65238135809832	4.260032376246059E-4
234.0	30.195574657614372	19.00267322914816	24.88875987296746	25.91190908421322	0.0010831560567920384
235.0	29.182101913202917	23.168113138437985	24.82228904431972	22.827495904039374	0.0
236.0	29.965475693961725	19.59775707864127	27.936419667269103	22.499884146624034	4.6341350386950274E-4
237.0	24.126949442916683	29.35025930583676	23.980501502834812	22.542289748411736	0.0
238.0	28.728193782114396	21.562165992707676	28.767485318296526	20.942154906881395	0.0
239.0	26.579300123663067	26.390501543428392	24.24173770213248	22.787516637874884	9.439929011733833E-4
240.0	22.579132697975275	26.50060282466414	25.471495005167068	25.448769472193515	0.0
241.0	31.856508255804204	25.53180789539854	20.014847276602367	22.596357627788354	4.7894440652801224E-4
242.0	25.2979379886219	21.818338739490358	21.465440152283414	31.41732415605214	9.5896355219279E-4
243.0	23.395522656739416	30.34651766191186	22.708823875323727	23.5479357032962	0.0012001027287935847
244.0	24.19205177022635	22.152829862112732	25.073318717667647	28.58083809304025	9.615569530183274E-4
245.0	26.70057077017665	21.073958066062172	23.841636691953543	28.382382130391214	0.001452341416420172
246.0	20.244293831326235	26.437692710454357	26.60858688696259	26.707487346558846	0.0019392246979657534
247.0	26.305856864583383	21.976479274850504	23.800282715035873	27.79521133191814	0.12216981361209747
248.0	26.6637474913337	22.05558596363194	32.099008696709845	19.173143586936693	0.008514261387824606
249.0	25.37799778440903	16.850467569536622	28.517500174652444	29.237068234213915	0.01696623718799589
250.0	29.622714974591418	28.702714575242354	19.43931391831315	22.234008566037357	0.001247965815720376
