# Position (bp)	A	C	G	T	N
0.0	24.659252382165434	23.594059037248865	24.28882026213764	27.457826002692975	4.231575508656534E-5
1.0	23.588915236330934	29.52636811933739	23.580311607413037	23.228026742946554	0.07637829397208248
2.0	24.908036131722362	27.10893805650639	22.028490853713087	25.95367189228434	8.630657738216152E-4
3.0	25.947121810759494	21.965080806223675	24.001844451017078	28.080357311897764	0.005595620101991747
4.0	26.265374837670052	22.83444804453632	23.468759288384174	27.43135476824391	6.306116554691057E-5
5.0	27.91715582962913	23.551781911045868	22.004343620121592	26.526067705123502	6.50934079905728E-4
6.0	26.91604548361718	23.30814221984084	23.430733242312435	26.339544849384726	0.005534204844819009
7.0	25.739623053714407	25.105938454623182	22.414358830129753	26.73932632141089	7.53340121764875E-4
8.0	28.505020989124212	23.41504882021466	23.26034818701458	24.819561137631815	2.0866014728902478E-5
9.0	26.317007205343433	24.462181578653073	22.148199872007744	27.072382265762823	2.290782329238317E-4
10.0	24.739899425974894	24.60343582840415	23.16017568205792	27.496489063563033	0.0
11.0	27.39136359418631	23.219189400750896	22.252360562706702	27.13700593031562	8.0512040475013E-5
12.0	27.897217714680135	24.05994911838831	20.113427233179323	27.92938607673862	1.985701361635138E-5
13.0	25.215886816273226	22.558700356156482	24.991384579212625	27.233753026701024	2.7522165664171786E-4
14.0	26.449678842567113	21.71123588392557	23.089032924115298	28.750013391704936	3.895768708211793E-5
15.0	25.892329943206878	22.721178308069476	24.997602324878237	26.388831648541274	5.7775304138830204E-5
16.0	27.128066786444833	24.584007338436045	21.1456898069184	27.14216019520604	7.58729946767507E-5
17.0	29.316001700316285	26.323374444127367	18.118716707093768	26.24021649306794	0.001690655394639842
18.0	25.766006122881375	25.596896037254048	19.813932766421747	28.823054338911152	1.1073453167782748E-4
19.0	25.05111092817739	24.68501532640316	21.21378072728866	29.049542994690626	5.500234401656084E-4
20.0	23.74646473089343	24.967526785735423	23.097473908981037	28.188498154130176	3.6420259935037186E-5
21.0	23.729640383862865	24.299922009216107	22.826122122903715	29.1439720715274	3.434124899122581E-4
22.0	22.523042742106437	27.58674848908483	25.0011135648296	24.889023649612575	7.155436656049787E-5
23.0	25.873443672308277	23.06470782871518	22.25586442189574	28.80557448201361	4.095950671931804E-4
24.0	28.681498274011137	20.788290925403707	24.384635948249958	26.145574852335194	0.0
25.0	25.447717789240933	24.208952678022786	19.594844936339417	30.748135062639943	3.495337569216422E-4
26.0	27.0790991514491	24.404787556440315	19.673115366222557	28.842911041170844	8.688471718677017E-5
27.0	25.86985723018086	24.13184265832033	19.689496284876334	30.308734443418345	6.938320413024337E-5
28.0	27.435522176585604	22.950244044283906	22.763430322390832	26.848231681933864	0.0025717748057967117
29.0	28.015172032544427	23.739780568878125	21.6289519071795	26.615602517634013	4.929737639362832E-4
30.0	24.192891807258928	23.887387852470603	24.28289203200601	27.636642427214476	1.858810499845972E-4
31.0	26.722283182375662	24.439164719567223	21.392321308074077	27.445625299801733	6.054901813039433E-4
32.0	25.021492869424495	22.057306777107634	24.434215184213187	28.486735639036908	2.4953021777666576E-4
33.0	24.45472309147327	24.0834388930762	24.02386834036407	27.43783813646606	1.3153862039664156E-4
34.0	26.499184493404698	26.255810942526935	22.13161942591267	25.113271138232236	1.1399992345719425E-4
35.0	26.080871571674503	21.8640950609746	25.110154236073544	26.944524613749127	3.5451752823288966E-4
36.0	25.45297437029402	23.6750643564205	25.485045916891224	25.386802655176293	1.127012179620625E-4
37.0	25.696885715136403	24.626243167057353	21.29855080860679	28.378288121040352	3.218815910285163E-5
38.0	27.307225941899237	25.506725989847784	21.033818847188318	26.1521648606049	6.436045976538038E-5
39.0	23.73368299943245	27.905787057592597	20.45010984174295	27.910210970789944	2.0913044205671103E-4
40.0	27.386702898276816	25.949057099368368	21.68911920932135	24.97500819924083	1.1259379263987245E-4
41.0	25.183145499630573	23.66461801035554	21.192141703070604	29.95481955323274	0.00527523371054471
42.0	24.902568305105817	25.08729252697493	20.000469569711722	30.00965351705302	1.6081154511109586E-5
43.0	26.07083719106894	25.358580477644217	22.082289640986986	26.4842888994013	0.0040037908985632335
44.0	29.46094061875646	24.848941153167875	21.644064311365714	24.04586098840067	1.9292830928723117E-4
45.0	25.817317329627066	23.386154437469468	21.36355576903261	29.42888939364639	0.00408307022446759
46.0	25.63338159710212	23.8399496702333	21.754266907213974	28.77240182545061	0.0
47.0	25.761858512231665	23.467391030072214	23.129987304568054	27.638914849958766	0.0018483031692934804
48.0	23.283459218238992	23.072235421589653	22.362747107903274	31.281558252268084	0.0
49.0	22.752629702736797	25.424125262480295	23.924435234618947	27.89693020751185	0.0018795926521100515
50.0	27.942289101933305	24.07023847502436	19.36129725992586	28.62612697271427	4.8190402206734895E-5
51.0	24.683682548656193	26.84191676008699	20.598152365595197	27.873774962498032	0.0024733631635920944
52.0	23.77148475556604	24.51470218744552	21.374159069233215	30.339653987755227	0.0
53.0	23.05930293897874	24.481037121442405	23.31282997090875	29.14516697205574	0.001662996614362758
54.0	24.036490382931884	27.192895075438816	21.733999921012334	27.036614620616966	0.0
55.0	24.60889361491824	27.05635152305507	22.244192590301616	26.088936149182395	0.0016261225426817312
56.0	27.338302775509383	25.02630548281022	24.82217397978483	22.81321776189557	0.0
57.0	23.351954951092353	27.193878933451494	22.375587138811014	27.073271417118395	0.005307559526750578
58.0	25.80144389546109	24.239043250726596	20.90964680961129	29.049626993938165	2.3905026286763742E-4
59.0	28.335503988529126	21.817610464783677	24.088870602232124	25.755130652833113	0.0028842916219614743
60.0	25.070264121868203	21.66457878970338	23.332633222794303	29.93252386563411	0.0
61.0	25.82572280056583	22.92029202316116	22.432150655004477	28.815411817710956	0.006422703557573655
62.0	26.288294254516575	21.78188531161183	24.217558626173425	27.712071048790882	1.9075890728846866E-4
63.0	28.385385786038714	22.229251635583765	22.03239980251234	27.35045126184505	0.002511514020129626
64.0	26.29258632717762	20.64887062091942	23.215591519519137	29.842888097039584	6.343534423903199E-5
65.0	25.24967286432575	25.563631139383585	23.59234930668803	25.589177216514656	0.00516947308797682
66.0	25.9532675485331	22.55951837306299	22.799155300839242	28.687583087242874	4.7569032179498895E-4
67.0	27.745319953042564	23.53643292170526	20.605223919880615	28.11223043392504	7.927714465288344E-4
68.0	24.60301819845087	22.268698458399292	26.270090473023377	26.858018471938934	1.7439818752720018E-4
69.0	23.781959860210193	23.866998025922374	25.14028760782757	27.207821608825704	0.0029328972141598377
70.0	27.270347149023834	22.378435038032578	23.904199316247265	26.446654646970057	3.638497262663592E-4
71.0	25.15015751516243	21.886658479936887	25.748942249487488	27.213153486042234	0.001088269370958223
72.0	28.152491512444	24.527664827643633	21.149453528817318	26.16890772629382	0.0014824048012252863
73.0	26.50106960759609	21.635466756066076	22.203479954042983	29.656183366348248	0.00380031594659878
74.0	24.97493891212017	25.134812728478444	23.7625782380518	26.126850255624674	8.198657249142374E-4
75.0	26.99320934673386	23.824011845805252	21.41179434562079	27.76865112072896	0.002333341111137037
76.0	27.354283772907895	23.04222012544409	24.703514783468243	24.89900387273345	9.774454463260269E-4
77.0	25.55610188042779	23.22668753035637	23.965424204097584	27.250966635069506	8.197500487514813E-4
78.0	27.313611437465823	25.621712949483445	20.10589183533815	26.958279335706624	5.044420059577754E-4
79.0	27.899780952308888	20.106437379095006	21.617986249303257	30.37289496051593	0.0029004587769143656
80.0	24.142351114927788	22.42918131022142	27.882936050067403	25.543088305206357	0.0024432195770298266
81.0	25.753642349867345	24.346463951013327	21.000965282611546	28.898282162636562	6.462538712183115E-4
82.0	23.160610393638834	21.962564087044896	23.182408815452007	31.693203053481316	0.0012136503829461
83.0	26.481587664944396	21.78845256066704	23.089314979367074	28.639762170524946	8.82624496549411E-4
84.0	24.327860987884225	24.47865413335233	24.789018829600593	26.40345739936039	0.0010086498024622402
85.0	25.638740110524473	26.291561327592255	20.565050299572192	27.503907566163864	7.40696147213832E-4
86.0	26.33080435121082	23.871334567567377	21.830246802684552	27.965754732858926	0.0018595456783212906
87.0	23.70200332311354	21.028037824999497	24.00924319745043	31.2598804637231	8.351907134356657E-4
88.0	24.255733343376278	27.188394597672044	25.687641140300965	22.867553334901753	6.77583748957427E-4
89.0	26.849989734206552	25.73751807937798	21.786960283591164	25.624476172723114	0.001055730101181488
90.0	24.527234897097554	24.201608906893433	25.179038358666013	26.091897244878908	2.205924640887286E-4
91.0	27.274961775675845	24.5647847148081	23.41833860007588	24.74115861613451	7.562933056698049E-4
92.0	26.417487075081592	23.646763326916695	22.178094929890175	27.757638912740767	1.5755370769564784E-5
93.0	27.546118031406646	25.495715270626757	20.28560030955421	26.672204023448483	3.623649639084496E-4
94.0	28.135645183804147	23.193916709230333	22.566269346250422	26.100088320266995	0.004080440448098531
95.0	24.8669795028545	24.98546676039359	23.30674761379172	26.838395732001075	0.0024103909591118924
96.0	27.060568271398083	23.76499177984477	23.00132707143816	26.1720258886054	0.0010869887135913918
97.0	26.324616946584005	24.796010715177445	22.829629151205772	26.049522645303526	2.205417292519461E-4
98.0	29.580216824281347	21.804415815425582	24.410547775725398	24.20480383202624	1.575254143627262E-5
99.0	23.272366239832955	21.46989533826514	25.684576334514304	29.57313058364464	3.150374295970104E-5
100.0	22.73833647437407	24.115900071588953	23.859471438843425	29.286292015193556	0.0
101.0	23.992970885909674	20.905329986256152	28.62510162982582	26.476439993435207	1.5750457314528128E-4
102.0	25.696751020809355	23.306634717378916	24.849182328633038	26.147384677132518	4.725604617482784E-5
103.0	25.309691274271344	25.12559181015704	25.278125965742504	24.28644918946147	1.4176036764448766E-4
104.0	26.604963414983747	26.14033827633493	22.245932836796523	25.008355943998005	4.095278868014518E-4
105.0	28.262855319248807	22.646078644639562	20.587160928732402	28.500581477679464	0.0033236296997659755
106.0	26.848900048656404	22.89787085308113	23.78865006279338	26.464500277935336	7.875753374878458E-5
107.0	26.73309184546057	23.36822815768338	22.662965329736164	27.234942855203204	7.71811916681486E-4
108.0	24.439923120696193	23.517094273537673	23.620808568297004	28.42211103713822	6.300033090923811E-5
109.0	26.995678277358838	23.808533827244492	24.73787744199379	24.45709146806272	8.189853401624112E-4
110.0	25.259362052273556	23.024464474907504	23.0035961280318	28.71251434600412	6.299878302100899E-5
111.0	25.65841107518832	22.98713945936683	23.763153613159385	27.590524090695535	7.717615899296767E-4
112.0	26.13852438451448	23.543072292429905	23.25160879002012	27.06673153433185	6.299870364417576E-5
113.0	29.17769038424195	20.895802816160536	22.060039684595818	27.865522168677014	9.449463246863919E-4
114.0	27.155875940339296	21.545222203024615	26.72145702171197	24.577145583258034	2.992516660836509E-4
115.0	27.56116232035636	22.844213285281352	25.886042452919344	23.707810127459567	7.718139833792221E-4
116.0	27.86319414746787	23.711197795455924	24.197848222590277	24.2276968295109	6.300497503034083E-5
117.0	26.769814731361976	25.089148551201173	24.710644255894106	23.429620646708376	7.718148343756246E-4
118.0	27.34782842222534	23.81268752645197	24.897527411210767	23.941625867431664	3.3077268025575343E-4
119.0	27.652455822724477	20.528079619117587	24.22654917772759	27.59228532283993	6.300575904140518E-4
120.0	25.894074627700252	22.718487126922536	24.15337591937896	27.234030823560357	3.150243789491259E-5
121.0	28.317766254075273	23.083365387371874	23.17387276106085	25.424271034458645	7.245630333610872E-4
122.0	27.059422262643455	24.010466397992154	23.702103958953476	25.227566345099422	4.410353114922146E-4
123.0	24.836838088727635	27.88987762167543	21.52776410493081	25.744701126441328	8.190582248015556E-4
124.0	25.372281652071944	24.645320224201438	22.20251057097021	27.77980879715787	7.875559853861112E-5
125.0	27.584978858159477	23.605083492353263	23.442091675808836	25.366790653644756	0.0010553200336757347
126.0	24.24301991878755	24.067868157346766	23.709689105623443	27.979328311896147	9.45063461011407E-5
127.0	27.722885964265664	21.79392431891624	26.935594025502564	23.546382873628176	0.0012128176873551313
128.0	26.49267307818922	23.28657577883492	24.37396613962561	25.838247927396424	0.008537075953829226
129.0	24.509440259676644	25.648817520234868	21.778144880173777	28.06057315541678	0.003024184497935758
130.0	26.582955589697484	23.71847800371165	23.368672013095043	26.32987864214538	1.5751350442030147E-5
131.0	26.227783293380003	24.069736323761074	23.98110340501936	25.720557906971507	8.190708680591816E-4
132.0	27.078118672412106	23.927703476325103	22.042510522254442	26.945965362601747	0.005701966406597144
133.0	27.897465202789917	25.29200800225179	24.03876187189435	22.769922029866528	0.0018428931974086718
134.0	27.904769390291673	22.306681449612892	20.22274596428876	29.56569293800346	1.1025780322037842E-4
135.0	28.388136340725804	22.092458417338708	25.228814894153224	24.290023311491936	5.670362903225807E-4
136.0	28.203274809071328	25.33328838979156	24.94325615330116	21.514100668703197	0.0060799791327555575
137.0	28.883241518943	21.330535270492533	23.86414935518859	25.921869088336187	2.0476703968920774E-4
138.0	25.891371873689806	23.709794120824824	25.78126451941313	24.616325246194123	0.0012442398781085915
139.0	26.208286346082367	23.259397975190733	24.685521416736492	25.845754767499734	0.0010394944906791993
140.0	28.071555101879458	20.717387493481382	25.259150046124496	25.9515766040685	3.307544461666426E-4
141.0	27.112567911478113	24.812783722476695	24.539657279155985	23.534644579666264	3.4650722294306225E-4
142.0	29.65085721278934	22.247179755826384	22.9707574743578	25.130922048125004	2.835089014707339E-4
143.0	28.308923938007812	23.44667508156328	23.676173693798354	24.568022531846456	2.047547840955304E-4
144.0	28.503647272456362	24.080645255285447	22.696582811347504	24.71844738793928	6.772729714060077E-4
145.0	28.77173684150012	21.670430209395988	21.886887073715194	27.6699378539002	0.001008021488498081
146.0	29.10348475152467	20.52386959268465	24.23426078281497	26.13397477201747	0.004410100958236187
147.0	27.09317570006672	23.880309050577928	26.22866441590285	22.794606356780296	0.0032444766722127265
148.0	25.188033636104475	23.437463085493604	23.11069390609422	28.263305366247028	5.040060606728797E-4
149.0	29.338763833110885	23.745211509450666	23.819805017358426	23.094219349644153	0.0020002904358711613
150.0	26.2285623831991	23.186450662275384	25.025590865884016	25.5593960886415	0.0
151.0	27.32401287810533	23.134517606587742	24.71772440602574	24.823099313881766	6.45795399416579E-4
152.0	27.55837793086763	23.610787331822035	22.940894983360195	25.889829493976023	1.1025997411725865E-4
153.0	24.971462279568062	22.89894725069956	24.648525702062578	27.48008817671256	9.7659095724028E-4
154.0	23.041595514654887	23.419180949443625	24.932625785284294	28.603809689127996	0.0027880614891997273
155.0	28.41625436786793	23.118089443412767	23.42076656466114	25.044653342152422	2.3628190573643634E-4
156.0	27.51672238563618	21.99959138197169	25.701443883465412	24.78199031005035	2.5203887636658233E-4
157.0	25.999368006046474	21.578482086626018	26.55965616504431	25.862210195644032	2.835466391689437E-4
158.0	25.066107456240534	20.292492215656022	25.887405761627523	28.753884295489694	1.1027098622274298E-4
159.0	27.857800333750117	20.964929457362267	22.932883082070298	28.243630966830885	7.561599864395309E-4
160.0	27.555704059805837	20.73105680728675	24.686242761599324	27.026949110408076	4.726090001767558E-5
161.0	24.93499995588945	19.897323245881022	28.32465930902716	26.83928384633901	0.003733642863354342
162.0	26.262532215231065	22.577514662764685	24.39651827376932	26.763371831706166	6.301652876287053E-5
163.0	25.888852688567095	23.346944164189534	27.07756062486097	23.686484977461625	1.5754492078326292E-4
164.0	25.551188334667764	22.53358364504136	25.335363807460386	26.57811543390356	0.0017487789269303449
165.0	28.134982981075307	21.38643263045584	25.031400404471242	25.446411972046235	7.720119513752211E-4
166.0	25.147710836539645	23.024976129928813	25.594293871300138	26.232908871473455	1.1029075794960028E-4
167.0	27.925771444165665	21.943955473958933	26.318235017177514	23.81151810682393	5.199578739584299E-4
168.0	26.474695698088258	23.068786436932623	23.448323784891965	27.00811529540082	7.878468633689183E-5
169.0	27.211167777451244	21.804127407082916	25.39645121464077	25.58784390134752	4.0969947755437774E-4
170.0	32.5502717440549	21.65124637933292	22.916779929468987	22.881575880719733	1.260664234530192E-4
171.0	26.21607097831568	22.734619263741806	26.128719112455872	24.919802697932425	7.879475542107918E-4
172.0	27.88275475918558	24.261882815589015	23.959467162214402	23.89573767277996	1.5759023104461363E-4
173.0	29.36419597342555	19.568534706444403	21.450579174856863	29.61483055768874	0.001859587584447733
174.0	25.584796888395783	23.793796333652732	24.193290130616774	26.427580815976597	5.358313581118563E-4
175.0	25.948017565462685	23.848253516851432	22.212149471288274	27.98981426334104	0.0017651830565752202
176.0	25.24045697937553	22.923423518557104	27.873670918236275	23.961045859014494	0.0014027248165976705
177.0	23.215392462654055	26.082643096146462	23.337630174099285	27.33968181310918	0.024652453991017932
178.0	26.123459140750306	22.537730246234855	22.623126885093765	28.715305448236204	3.7827968486780383E-4
179.0	29.203482351012532	23.85301679227111	22.34212222907035	24.600038776858096	0.001339850787911078
180.0	26.552574101780312	21.532958645660887	25.102155929596826	26.81202676605502	2.845569069549502E-4
181.0	29.18062531801013	21.225493022628065	25.496016596406097	24.09699380232712	8.712606285876137E-4
182.0	26.189955586897828	21.75037116471702	25.631953747421797	26.42762450306202	9.499790133802962E-5
183.0	24.597520935434876	23.763903649498193	25.783265839171776	25.854787060881552	5.225150135980574E-4
184.0	26.764000400300986	21.12749966430455	26.06048091856408	26.044646227669922	0.0033727891604573563
185.0	25.633776904069844	23.06104974361394	23.501860235793476	27.802838122278082	4.74994244653069E-4
186.0	28.247136515396353	22.146265534705822	25.378814449681293	24.22778350021654	0.0
187.0	25.565978492555423	22.709126737951873	26.793036908877355	24.931080226884955	7.776337303867681E-4
188.0	28.170980156634094	27.588665359689575	21.32115893484753	22.918751142758467	4.4440607033297447E-4
189.0	25.987248165231325	22.77901999535564	23.754113616692273	27.478808713431015	8.095092897540091E-4
190.0	28.425247661099768	21.31491157540319	25.060326838835543	25.199291682508036	2.222421534629693E-4
191.0	28.165969292190624	22.95045560278958	23.072537232988193	25.810735611023812	3.022610077891071E-4
192.0	27.840223346719757	22.035585542156408	23.7964073990283	26.327735982998256	4.772909728049149E-5
193.0	28.10973103631208	23.767913422693525	21.356305243147418	26.76590709071042	1.4320713655261916E-4
194.0	29.00407997378785	22.577393231084947	23.35993853703047	25.05858825809673	0.0
195.0	27.101477808677643	20.434857828696682	23.742694395799216	28.720428825696693	5.411411297658021E-4
196.0	29.429522471869756	21.39909674830347	25.410127445867708	23.761205446582508	4.7887376552329164E-5
197.0	25.319762712638312	23.166123025485703	23.730364617700058	27.783111036748824	6.386074271001683E-4
198.0	28.485258530463803	23.13874608477461	22.671670774540292	25.70424461787496	7.999234633230293E-5
199.0	26.607255697791338	22.43054026739586	25.522831010325863	25.43894010121746	4.329232694814269E-4
200.0	29.06190833783532	23.17236674807922	23.00471493659779	24.760993941924642	1.6035563030266003E-5
201.0	25.71723968383866	20.197309770855675	28.60162577375319	25.483568183534842	2.565880176282383E-4
202.0	25.956561841582122	24.751869130924085	27.559498883501305	21.732054105801062	1.6038191424475275E-5
203.0	27.7150657449506	24.379733285071918	20.595784634706956	27.30875851674437	6.578185261591965E-4
204.0	26.266758087423426	23.403114670736848	23.217283208528382	27.112779848366277	6.418494506811707E-5
205.0	27.70983548997721	23.69928987694324	24.989906277621333	23.600278323562694	6.900318955208265E-4
206.0	26.724475793832305	20.796520538931283	25.190880858951832	27.288058611585896	6.419669868477013E-5
207.0	26.86945441633765	23.84786376043143	25.326835889569566	23.95571751722225	1.284164391020352E-4
208.0	28.690484237154166	22.327386888000543	20.556425832767523	28.425670931818843	3.211025892267833E-5
209.0	27.535629355463993	20.33943975467046	24.868921580009825	27.2553509269309	6.583829248227866E-4
210.0	26.10719686797733	22.8207156008804	23.97942008241218	27.092330167818133	3.3728091195619076E-4
211.0	25.126008716382746	24.813447013360868	25.451278530794518	24.60834998427954	9.157551823308732E-4
212.0	28.87758141230443	21.63537786776039	24.058141439397797	25.428609958869707	2.8932166766938055E-4
213.0	30.59013348713137	23.282887920538826	21.656589485656863	24.470051360009315	3.3774666362587446E-4
214.0	27.96683282980056	23.752754407454326	23.50407306241821	24.776307508567033	3.219175987522474E-5
215.0	27.35345690998769	24.015251056864546	22.29149565918674	26.339441383006033	3.549909549918263E-4
216.0	26.52162261831191	24.256663115918947	25.42345153881773	23.798246416672498	1.631027891718668E-5
217.0	29.67398238408076	22.60475375699406	25.123044147766212	22.59746261768689	7.570934720767469E-4
218.0	24.381267802960902	24.414117526459087	24.124810311152114	27.07948817667893	3.1618274896936903E-4
219.0	27.306812675108954	22.208807165815536	23.756199721221748	26.727507629229297	6.728086244646335E-4
220.0	27.763861336060593	20.966914708265016	24.26757419167221	27.00126134582171	3.8841818047023253E-4
221.0	27.07408982905929	21.808634032773476	22.942488783731445	28.17449843960499	2.8891483079702935E-4
222.0	26.2016739108412	24.550543780188942	23.146281816073444	26.10124337426719	2.571186292217379E-4
223.0	31.312610363957926	22.74685901532033	22.83645036573311	23.10324813718294	8.321178056914777E-4
224.0	31.62731479833213	21.585367992779446	23.237554244029226	23.549641395017407	1.215698417872712E-4
225.0	31.52472184366931	19.091381022732158	23.664065335689774	25.718871102239326	9.606956694284629E-4
226.0	26.033075851750002	22.584366384200568	24.7159745750531	26.66633628321081	2.4690578551400227E-4
227.0	28.19792222911337	23.617375388428734	24.136729051565954	24.04660182968947	0.0013715012024681321
228.0	28.56998661692367	27.77063504647926	21.939905369945954	21.71936558706033	1.0737959079069678E-4
229.0	27.245508224865496	25.361730061402888	21.232335289535786	26.160408360272662	1.806392316618665E-5
230.0	26.04186168147504	22.19240595035254	26.96416486797755	24.801567500194864	0.0
231.0	25.313222159535005	24.16325766523231	23.738257969251	26.783861877494104	0.0014003284875825873
232.0	25.082951986998513	24.855600379092483	24.33986690952627	25.721302470946167	2.7825343656906834E-4
233.0	23.361889417220105	25.026712850424882	20.63785234296493	30.973096276668404	4.491127216792324E-4
234.0	27.246820306296627	21.3022694098013	26.41035759964625	25.03914529833253	0.0014073859232879577
235.0	26.115500512177093	21.280201825721022	27.61365946920529	24.990406918197174	2.312746994151641E-4
236.0	29.758968382492895	22.967760782808664	23.524472131474912	23.748584185942022	2.1451728151219862E-4
237.0	28.929803666874896	24.092429487977352	21.26213674321277	25.715394145891228	2.3595604374861004E-4
238.0	27.312268151345716	21.542196852421082	23.41387309236437	27.731522834410395	1.3906945843968836E-4
239.0	28.373897969989752	21.860933325548572	23.89009798730413	25.874003668232344	0.0010670489251998704
240.0	25.582501999734617	21.010503442288886	26.171191425870056	27.235449564883535	3.535672229041679E-4
241.0	28.476344763722572	21.849887673400154	23.022579042060094	26.64841836732569	0.002770153491497295
242.0	28.501794828872384	23.077692149382194	19.590539400449096	28.828783887074604	0.0011897342217238789
243.0	28.545324958720876	21.975485037547983	25.14190680026181	24.334875341864006	0.002407861605327614
244.0	27.198164470660828	22.274041140842144	25.629788632646843	24.89672630514983	0.001279450700352436
245.0	29.789621955079504	20.691440910330925	22.92622161468481	26.590508713103766	0.002206806801000251
246.0	24.568365105726443	26.448685535841214	22.431013370344044	26.54930419638135	0.002631791706950625
247.0	26.49942203267183	22.699740695739255	24.458150352564292	26.200918161683934	0.1417687573406917
248.0	26.13369331110803	21.914421877271696	23.960830439648497	27.9811011668284	0.00995320514337687
249.0	26.595102081619547	21.026615180378506	28.124166051751175	24.23865555046303	0.01546113578774275
250.0	29.303538448667798	20.9336590242268	23.286693627327118	26.475302033430598	8.068663476855039E-4
