# Position (bp)	A	C	G	T	N
0.0	24.328109895465797	23.52755875501391	25.046053490190463	27.09824898566827	2.887366156141832E-5
1.0	23.205425617528068	30.023134799958296	23.786301502437045	22.911804911882104	0.07333316819448901
2.0	24.679280471335687	26.46801882561941	22.63874672831177	26.213350699985433	6.032747476947004E-4
3.0	26.04393374549861	22.21212266456499	23.996175880782996	27.741109080675884	0.006658628477518949
4.0	26.103830711643994	23.427545544791233	24.035067496385608	26.433384201504484	1.7204567468571556E-4
5.0	28.59511549461466	23.902707374410113	22.633313296950927	24.868147908021264	7.15926003033808E-4
6.0	25.960697341744794	23.659151695613943	24.226376496390596	26.14797128942587	0.005803176824798947
7.0	25.79064209306558	25.40641094618025	23.48813644613147	25.31378353999296	0.0010269746297328552
8.0	27.740287856883427	24.131237670652414	23.825006943603693	24.303382069122684	8.545973778103792E-5
9.0	26.39192949854487	25.141817193429784	22.143100030592482	26.322897392360524	2.5588507234723944E-4
10.0	24.960368622231236	24.53046652401927	23.424565744912258	27.08457070433785	2.840449938632079E-5
11.0	27.447159507810337	22.2571335975703	22.90930643041033	27.386152017415565	2.48446793462868E-4
12.0	28.496640793661516	24.15453438393855	20.222525635188447	27.126217494450337	8.169276114997266E-5
13.0	25.670501282993175	22.64843832476209	24.987746391783674	26.693179345425715	1.3465503534425366E-4
14.0	26.728540941195906	21.90296032035723	23.29471852844556	28.07375356685166	2.664314964657862E-5
15.0	25.58018285188513	23.173389255333092	24.660343859239106	26.586057714830435	2.6318712235937784E-5
16.0	26.31714720843737	24.57523077401241	21.718580027558197	27.388938387741778	1.0360225024087522E-4
17.0	28.74835896110773	26.800988574278623	19.11321523188988	25.33652254489529	9.146878284777385E-4
18.0	25.9380118442186	25.335565605429856	19.963188182705807	28.762957056325206	2.773113205287772E-4
19.0	24.992833300436324	24.76505389383152	21.937323795122932	28.304462966534583	3.260440746380096E-4
20.0	23.13419821098284	25.171507270871867	23.68908053766184	28.005064497098033	1.4948338541998852E-4
21.0	24.130488690376314	24.463523561901624	23.462686581939153	27.94315267732121	1.4848846170408328E-4
22.0	23.092356898361643	26.865694742218427	25.825105190271124	24.216769467785255	7.370136354892701E-5
23.0	25.981781398783227	23.449171451805327	23.070393294279857	27.498433876850783	2.1997828081107458E-4
24.0	28.69973024212367	21.22457585270019	24.32938153213953	25.746215546806766	9.682622983835828E-5
25.0	25.334628848546174	24.55109128231811	19.91615084415704	30.197985291781983	1.4373319669097433E-4
26.0	26.568793017675013	24.994543867306852	20.0147863578575	28.421829105346724	4.765181391394845E-5
27.0	25.607306326629768	24.698268335014273	19.85991772304527	29.834483856444177	2.3758866511996445E-5
28.0	27.54360256907018	23.54346166942595	22.927659774325736	25.982575410663756	0.0027005765143776343
29.0	27.57171400543852	23.73507091439419	21.9415423027546	26.751416529088495	2.5624832419419806E-4
30.0	23.91693659640504	24.27725719118529	24.751285229912515	27.054196765752707	3.242167444516673E-4
31.0	26.545705383542266	24.327981988098852	22.26290065083181	26.863089315770395	3.226617566766208E-4
32.0	24.51954001241666	22.382567871749682	24.590374828139886	28.50722023846655	2.9704922722643533E-4
33.0	23.827010113679844	25.004947031667797	24.5408090491058	26.627097960283375	1.35845263188877E-4
34.0	26.50266066403799	26.576559892159207	22.50536790793575	24.4153217433663	8.979250075481821E-5
35.0	25.215386989482912	22.426685261717484	25.539540350622847	26.818209511848785	1.7788632796813343E-4
36.0	24.033542688169415	24.200834012792345	25.98303092778924	25.782436854745367	1.55516503633532E-4
37.0	25.485567020841394	25.12120575462492	21.424757821685514	27.96844719382305	2.2209025125958484E-5
38.0	27.071329703546702	24.934755762075348	21.186825659669537	26.80693345198748	1.554227209367283E-4
39.0	23.672770821702365	27.303387123447926	21.342729122246997	27.68089094987519	2.2198272752397137E-4
40.0	26.9342283029174	25.904126952983248	22.40682955130853	24.754659826402474	1.5536638834627795E-4
41.0	24.627943315074386	24.34563717058273	21.514342443722413	29.507705220100483	0.004371850519995002
42.0	24.70545030926691	25.69628047596594	20.201836185615623	29.39641083959726	2.2189554267328656E-5
43.0	25.8692388265445	25.78171090136457	22.232314866235363	26.11345172197049	0.003283683885077276
44.0	28.652321253950987	24.91995982018468	22.500563475766995	23.926889241073567	2.662090237760153E-4
45.0	25.85310997621147	24.250572532840927	21.737816002084962	28.15528532375138	0.0032161651112626775
46.0	25.653033071927894	24.132438522408712	22.2005074340868	28.013998793513363	2.217806323409389E-5
47.0	25.550705534641626	24.428116894867	22.775224149615212	27.244600717420692	0.0013527034554698893
48.0	22.637841792004256	23.597065049931835	22.734025691896743	31.031067466167162	0.0
49.0	22.330969294388016	25.56522371332917	24.6702196703172	27.43208005873007	0.001507263235544459
50.0	28.151711224992322	24.05768372358161	20.005168538230116	27.785259204851865	1.7730834408634562E-4
51.0	25.28382347987796	26.57525576909781	20.998328260202843	27.14053162389223	0.0020608669291575887
52.0	23.039420156258085	25.5029421691149	21.95849424990943	29.49912130813399	2.2116583589406512E-5
53.0	23.078820480715827	24.942149143582082	23.710139550906433	28.2675658695957	0.0013249551999523017
54.0	23.497673440834383	27.740022470639776	22.41746632937153	26.344771513164407	6.624598990941082E-5
55.0	24.3190322410778	27.652489693523474	22.616213496036597	25.41111885447901	0.0011457148831227604
56.0	27.230171061788578	24.541415220223133	24.75803752921471	23.470376188773574	0.0
57.0	22.862725972683705	27.459233060804795	23.106486144042744	26.56703911352889	0.004515708939870141
58.0	25.5588934087812	25.189788856249436	21.63862774512976	27.612491759682495	1.9823015710620972E-4
59.0	27.963496917112206	22.22788967322887	24.179240038867555	25.626950755723758	0.0024226150676085792
60.0	24.51079404722998	22.79286047639931	23.272070515507632	29.424274960863084	0.0
61.0	25.75688737160535	23.452007209540238	22.83542262806918	27.95038295184755	0.005299838937674774
62.0	25.67264142583248	21.581522335475327	24.911387929231726	27.834184435808446	2.6387365201794075E-4
63.0	26.609781603928333	23.536220360941485	22.49947448087946	27.352544611955803	0.00197894229492221
64.0	25.561858855111545	21.365924647949928	23.528567336469983	29.543605260529677	4.389993886933513E-5
65.0	24.168436790660945	25.584448193200526	23.673394674220365	26.569440438894176	0.004279903023981942
66.0	24.617362895229267	23.656254512877034	23.261776935593538	28.46414476673062	4.608895695423103E-4
67.0	27.461268274055694	24.729818847775732	21.134930919872318	26.673411365549143	5.70592747107808E-4
68.0	24.027371924795016	22.384797490943466	26.544306564153253	27.043370407985023	1.5361212324432316E-4
69.0	23.120163646066665	24.44344625766268	25.023655124955233	27.41032118305468	0.0024137882607382856
70.0	26.383761290728298	22.894615925155534	24.36459353816361	26.35667866175878	3.5058419378015433E-4
71.0	24.528532879889482	22.89081822114963	25.709444252181648	26.870461343992	7.433027872324192E-4
72.0	28.073227282931523	25.388573740645104	21.663337153584365	24.873244245633032	0.0016175772059763794
73.0	26.109960394814806	22.42602904963073	22.46648443167182	28.993985458355542	0.0035406655270969097
74.0	25.082017186842727	25.15461056449983	23.554256557059116	26.208394565330217	7.211262681169318E-4
75.0	25.963244497119202	24.712379209319238	21.647534191978522	27.674919239805334	0.001922861777703194
76.0	26.972520723184402	23.85850420756352	25.118981602260813	24.049075786834262	9.176801570019651E-4
77.0	24.809392711206115	24.236079719803953	23.70866934624928	27.245224631156844	6.335915838063604E-4
78.0	27.643266459995065	25.819269396217432	20.237257253714517	26.299638870865206	5.680192077879803E-4
79.0	27.316068035007135	20.664201402216552	22.89285755637343	29.124426238354097	0.0024467680487920505
80.0	24.450795444144372	23.135566173564914	27.94932103211245	24.461608600019616	0.002708750158647565
81.0	25.239405361185955	24.77867059277115	21.955195662644815	28.02618228207007	5.461013280092094E-4
82.0	23.133663120871788	22.40456136924955	23.72143983780167	30.739068770684074	0.0012669013929143952
83.0	25.99703253011864	21.985837135135643	23.88278122652655	28.13340989723066	9.392109885064602E-4
84.0	23.546018371923225	25.28728653215589	25.0005842375547	26.164909622272404	0.001201236093781157
85.0	25.791137858256054	26.778656989705706	21.04201755550741	26.38751057034433	6.770261864993116E-4
86.0	25.88946112039595	24.387195087995607	22.398615987381064	27.322718697295066	0.0020091069323142797
87.0	22.528204065473307	22.089019221543115	25.577778539644886	29.804233879905045	7.64293433649394E-4
88.0	25.01447719634135	26.201738311683776	25.847669324240286	22.93535091151747	7.642562171151469E-4
89.0	26.386359353707373	25.710563142402158	22.685507151758063	25.21665327811383	9.170740185724957E-4
90.0	24.21552656418157	25.325421513573303	25.237408086449232	25.221469162658465	1.7467313743304286E-4
91.0	26.6606349541814	25.394433823933966	23.672098992279	24.27222090739429	6.113222113445682E-4
92.0	25.54252324257531	24.168152132029398	22.51656207462294	27.772740719070754	2.183170159556991E-5
93.0	26.687142614195903	25.682287199287263	21.190313446165714	26.439863783791807	3.9295655930729614E-4
94.0	28.016314070525635	23.562820806967117	22.91846173761922	25.498037364836208	0.004366020051820292
95.0	24.253626595660617	25.75809568964802	23.74009445062211	26.24554192976321	0.002641334306042893
96.0	26.74679297233713	23.936915268199822	23.7171943918571	25.598224246698564	8.731209073821718E-4
97.0	25.557981244636057	24.976710765606843	23.09742015524992	26.367691392979964	1.9644152721500917E-4
98.0	28.573876175017315	22.595057206420005	24.024055484585443	24.806989308212753	2.1825764485596194E-5
99.0	22.35395193877856	21.767758579640965	26.524562095317194	29.35368374145953	4.3644803747866586E-5
100.0	22.601140807206203	24.707815445848755	24.4657539627121	28.22528978423294	0.0
101.0	23.773587375844432	22.092970481959256	28.250693874701067	25.882660987658628	8.727983661214587E-5
102.0	25.058476054767496	23.851727550355744	24.806329095969687	26.283401834530057	6.546437701371152E-5
103.0	25.827602586674704	25.222958538101565	25.255818916187927	23.693423582274338	1.9637676147227586E-4
104.0	26.31378903009561	26.67371269904787	22.520866452521975	24.49117362258722	4.581957473325371E-4
105.0	27.411293447750978	23.34587831138544	20.579095330195926	28.660503567987266	0.0032293426803893365
106.0	26.278868877415317	22.895367822560004	24.83757148283921	25.98810453988169	8.727730377716533E-5
107.0	26.089440120477114	23.768156608033276	22.772195567595897	27.36948766896547	7.200349282397917E-4
108.0	24.17956140297291	24.323773585564297	24.787194307262272	26.70929616600677	1.7453819375659428E-4
109.0	26.482948192830225	24.05189988710302	25.36242112209781	24.102054506880172	6.762910887741133E-4
110.0	24.638312214563935	23.892914368362096	22.785343352250603	28.683342804693286	8.726013008303892E-5
111.0	24.966676803608458	23.609053787020382	24.54005262774401	26.883496869692014	7.19911935136371E-4
112.0	26.05869971115018	23.371683031769116	23.699057796796406	26.870428571459737	1.3088882455945548E-4
113.0	28.374393757311832	21.41098765994958	22.956738818444915	27.257138082958804	7.416813348693409E-4
114.0	26.313860595842076	22.169985735374286	26.80877046517863	24.70707779794667	3.054056583378908E-4
115.0	27.508357282185436	23.384398765458762	25.962410064997325	23.1442012144266	6.326729318739968E-4
116.0	27.283982479797597	24.226019075701767	24.28005795271413	24.209831410484504	1.0908130200314722E-4
117.0	26.134666170706883	26.158467876968523	24.242834126541737	23.46337733340169	6.544923811632729E-4
118.0	27.08936917722867	24.542468488531604	24.444840531549865	23.92299455814132	3.2724454854214733E-4
119.0	27.514429504431387	20.6502701768716	24.857908433078865	26.97684647042192	5.454151962272976E-4
120.0	25.003796020200063	23.701782907786377	25.022448878079683	26.271928561517782	4.363241609268223E-5
121.0	28.14389154684067	23.452253950385384	23.47841168655222	24.924744694822778	6.981213989480183E-4
122.0	26.797787298433278	23.52583644979905	24.685855456203896	24.99006265219632	4.581433674584693E-4
123.0	24.81204959477847	27.902615063651492	22.803951054466076	24.48064254266503	7.417444389346892E-4
124.0	25.496984193193146	24.373255832217822	22.617285738968658	27.512365156959827	1.0907866054895363E-4
125.0	26.583901933651937	23.593140975283802	23.985796426942287	25.836288047972943	8.726161490271311E-4
126.0	23.835232608796666	23.883640736213664	24.790262352853144	27.490667964530957	1.9633760556691282E-4
127.0	26.205822958721665	22.61666434338192	27.918596465509477	23.257912747896118	0.0010034844908199713
128.0	26.31942114450837	23.92892405706704	24.2006552438927	25.542273440632542	0.008726113899346894
129.0	24.478309753706444	26.444849327296737	21.79792419004887	27.275600878002425	0.00331585094551926
130.0	26.442224626741943	23.906382254644456	23.79178701384829	25.85951884396897	8.726079634202741E-5
131.0	26.196064058849323	24.449454723151195	24.13199648335155	25.221786640662664	6.980939852658538E-4
132.0	26.685203784678563	24.881347028636398	22.467602219567553	25.9599132277884	0.005933739329086056
133.0	26.927012003017442	25.27040711481248	24.624837533218702	23.175670929451787	0.0020724194995914063
134.0	26.96847263194612	22.59083617997975	20.572773109537003	29.867874448986036	4.362955108027859E-5
135.0	26.58936121896455	23.298088000116923	26.002208041485524	24.109797382417213	5.453570157889581E-4
136.0	27.98797491232161	25.714695829024038	24.68672578572421	21.60449538108276	0.00610809184737711
137.0	28.74961360831696	21.34937028790298	23.975175820486513	25.92536036137248	4.799219210663691E-4
138.0	25.140009798613622	24.12701376561245	26.57767059120193	24.153800714696743	0.0015051298752574536
139.0	26.245860075740733	23.963865547868245	25.01440234468645	24.774563223402886	0.0013088083016838037
140.0	27.36210956893671	21.117197595615636	25.404904399632482	26.11546123152714	3.272042880340083E-4
141.0	25.702370936143375	25.277020773204097	25.200824654472527	23.819478240914545	3.053952654571996E-4
142.0	28.892442133139046	22.7135418598107	23.562103123098098	24.831672930895703	2.399530564565914E-4
143.0	26.76773703090899	25.071739962676677	24.061588935194628	24.098715933742923	2.1813747678199233E-4
144.0	28.118708729428654	25.135000891098592	23.13198140843313	23.61363273955119	6.76231488435678E-4
145.0	28.71688308515393	21.925719163283162	22.51903309831857	26.837622983558273	7.416696860621288E-4
146.0	27.62900405845661	21.593475930112962	24.7656816647416	26.006995684140605	0.0048426625482221215
147.0	26.645249021569317	24.157258273852396	26.1714447007252	23.02257970649043	0.003468297362654334
148.0	24.706639414173186	24.74010152062806	23.618073900211375	26.934552569754533	6.325952328495798E-4
149.0	28.10836610349328	24.65912816650055	23.451327723195384	23.778691204857726	0.0024868019530557236
150.0	26.199889052568707	23.928826110297802	24.728559452531364	25.142725384602127	0.0
151.0	26.636031055914174	23.89486015458149	25.286202631332095	24.18229533659541	6.108215768359007E-4
152.0	27.547833158884227	23.592710572575555	23.04213785740433	25.81714388931477	1.7452182111775118E-4
153.0	25.17951334676143	23.32821617126473	24.546867190774012	26.944705198889775	6.980923100550817E-4
154.0	23.637207701163142	24.396390044327088	24.61506946409362	27.349173047543356	0.002159742872793981
155.0	27.361098444501557	23.358069221796963	23.852270629761524	25.428343523105568	2.181808343846013E-4
156.0	26.236054452789524	23.11027512434891	25.825932690459418	24.82743227383575	3.054585664000377E-4
157.0	25.34736608762682	22.570575594710945	26.354374828316075	25.72726893879641	4.145505497485751E-4
158.0	25.34109730205142	20.886546432499575	25.510934117759486	28.261313054154247	1.0909353526983085E-4
159.0	27.426624428042878	21.508293282788955	23.897427259360178	27.166978641624883	6.763881831056996E-4
160.0	26.844674757943544	20.787039410882315	25.518112641483704	26.850129551343244	4.363834719759989E-5
161.0	24.72779797887231	20.722177310697926	28.24466489275237	26.301628706428094	0.0037311112493004167
162.0	25.98295275525264	23.67404257621817	24.1081660421887	26.234816806705087	2.181963540262028E-5
163.0	25.23749071551824	23.700390755580074	27.004553432792573	24.05754327594047	2.1820168643719413E-5
164.0	25.85979775471644	23.37331063130789	24.78537923227266	25.979592179627918	0.0019202020750838287
165.0	26.890500685070357	21.60434115739903	26.109985268641626	25.39447461682866	6.982720603237233E-4
166.0	25.45042907099175	23.009727063932395	25.471050664746347	26.068684091367842	1.0910896166456632E-4
167.0	26.910252023379726	22.98513103958771	26.49584325528453	23.608359054755205	4.1462699282826234E-4
168.0	26.33124253376799	23.83782111071781	23.4583608486397	26.372379098871352	1.9640800314601973E-4
169.0	26.964172035510863	22.315215989360446	25.27985243598689	25.440454005513136	3.055336286679585E-4
170.0	31.182813768173034	22.960071215741664	22.373990453790842	23.482862675526878	2.6188676758182267E-4
171.0	25.67498028274995	23.432800512932204	26.296897484703035	24.59453608485903	7.856347557832538E-4
172.0	27.427468395798527	24.55550353576981	24.029948561497786	23.986926792744594	1.5271418928618335E-4
173.0	28.79478440810968	20.068166037353887	22.8584186953996	28.27723472933952	0.0013961297973146753
174.0	24.727671411693464	25.259109177499607	23.65655010898379	26.35618938921959	4.7991260355205126E-4
175.0	25.830628577361985	23.865251344343157	23.169078896708243	27.133470572567695	0.0015706090189168951
176.0	25.08407985541123	24.16172651386824	27.2459307138798	23.506670433362746	0.001592483477983916
177.0	23.17452962219024	25.814989564128087	24.032939263814523	26.953848946344543	0.02369260352260582
178.0	25.478418121492002	22.673395620144976	23.69693968591915	28.1508321026489	4.144697949683367E-4
179.0	28.660029922941227	23.80045351276045	22.76802913930748	24.770374804691507	0.001112620299342856
180.0	26.4673060827906	22.433400469985717	25.299928548877553	25.799015076449205	3.4982189692672717E-4
181.0	27.797058529238345	22.006447125187776	25.91441740176432	24.281266838423605	8.101053859528165E-4
182.0	26.010406325770894	23.22043903274244	24.94897335842225	25.82002801703092	1.532660334881904E-4
183.0	24.61477122299764	24.08023057894776	25.69031148914257	25.614073653368763	6.130555432701171E-4
184.0	26.659791489450214	22.076237832961656	25.83682839754727	25.423398154868842	0.003744125172016277
185.0	25.451191174477522	23.866622264055845	23.804506777419217	26.87702294069208	6.568433553397752E-4
186.0	27.31692972393493	22.76396577799489	25.15772378516064	24.76138071290954	0.0
187.0	24.932185487167878	22.789295132619923	27.507141140161107	24.77067640809423	7.01831956865408E-4
188.0	27.734790077930544	27.655484406105575	21.973088269449793	22.63615474519215	4.8250132194396273E-4
189.0	25.413647057585003	23.14361894267862	24.591605707902815	26.84998781665458	0.0011404751789833236
190.0	28.926015366764712	21.210697514251432	25.206056338954948	24.656945641660034	2.851383688769277E-4
191.0	27.00943783268075	23.776696820057435	24.075104696426486	25.138409246844613	3.5140399071942064E-4
192.0	27.036522591715013	23.157792777714814	23.82813357968138	25.977463194951444	8.785593734817395E-5
193.0	27.561808659329856	23.68372207042452	22.087052828602978	26.667130882813904	2.8555882874312165E-4
194.0	27.826190298882057	23.101658386049635	24.20145701075766	24.870694304310646	0.0
195.0	26.477598712186573	21.33557255034558	24.75707944760415	27.42922200171325	5.27288150451128E-4
196.0	28.89377476502471	22.340185425972187	25.536223682602525	23.229639970626025	1.7615577455143584E-4
197.0	25.189398610959397	23.698016688219937	23.732879246493045	27.379176900064483	5.285542631425017E-4
198.0	27.463436152497327	23.098271888130398	23.590326102539784	25.84787763159346	8.822523903525702E-5
199.0	26.285559092991345	23.125976051262594	25.050643622041573	25.53742346553748	3.9776816701136226E-4
200.0	27.4932789089788	23.45094459920419	23.799104296525805	25.256650095526233	2.2099764968999555E-5
201.0	25.915427152926025	21.14391899910955	27.81942457507043	25.120986162369984	2.4311052401147394E-4
202.0	25.790790880395758	24.936703796755477	27.50400443112102	21.76850089172774	0.0
203.0	26.40877293564036	24.198492135104235	21.940342958672456	27.451883438183135	5.08532399815248E-4
204.0	25.543684241017907	23.475218612475803	24.263430852651677	26.717577844969448	8.844888516813912E-5
205.0	27.739560103003075	23.79674029978805	25.00064680979038	23.46234516645125	7.076209672515228E-4
206.0	26.006716344468632	21.091378332325256	25.866285697857382	27.035553280161352	6.634518737539545E-5
207.0	26.139426642287418	23.301943609083253	26.299667067064984	24.258564568707754	3.9811285659023857E-4
208.0	28.168968908563475	22.38265335240427	21.624092556273787	27.82424094148959	4.424126887498435E-5
209.0	27.68170017134899	20.459932101995236	24.990271049985456	26.86734446677721	7.522098931087617E-4
210.0	24.84873561895869	24.17424417594794	24.3787179949573	26.598014561651368	2.8764848470097277E-4
211.0	25.58783464519006	25.062051763841442	25.267854475196444	24.081550901258296	7.082145137498741E-4
212.0	28.346139403729527	22.237041602902	24.296618170095787	25.119890856146913	3.0996712577226096E-4
213.0	30.313875200416806	23.210115671342578	22.504652948314504	23.971178966945793	1.7721298031916943E-4
214.0	27.742682670035794	24.669747647704227	24.009664084405582	23.577905597854397	0.0
215.0	26.264539025521877	24.45647937090265	22.658503113082183	26.620167548741787	3.1094175150379205E-4
216.0	26.169835160584736	24.526710308433458	25.75537664847824	23.548055459948273	2.242255529682418E-5
217.0	29.518215550187428	22.961960268900846	24.687146642650234	22.83218021004431	4.973282171823282E-4
218.0	24.563704084136624	23.947836058006764	24.921502768156305	26.56668342125692	2.736684433830163E-4
219.0	26.666335448986267	22.68369585568478	24.322188318412437	26.3272743499048	5.060270117218857E-4
220.0	27.718219302859755	21.655706351807975	24.699160205867724	25.926590724124637	3.234153399129874E-4
221.0	25.899845979115828	22.685909436835864	23.9598243985259	27.45425747103566	1.6271448674969443E-4
222.0	26.118272386010982	24.29431687670877	24.0684607829881	25.518785916871927	1.6403742021629976E-4
223.0	30.95827540060997	22.267952032297718	23.830541302031293	22.942614896444148	6.16368616880677E-4
224.0	30.187960300449333	22.612736840128562	24.419364477255098	22.77979575929919	1.4262286781783923E-4
225.0	30.89660687152608	19.627626243966276	23.598233246455045	25.87676889244283	7.647456097627424E-4
226.0	25.486982975925315	22.303381688275316	25.534323760216388	26.6750699176744	2.416579085812965E-4
227.0	27.598139491300554	23.70945571506623	25.052006835497835	23.639153454388573	0.0012445037468103491
228.0	27.754240770218214	28.148175949372988	22.546368150197264	21.551092477749005	1.2265246253028597E-4
229.0	27.29576051282292	25.380893836464264	21.68669197278905	25.636628995445342	2.4682478426896792E-5
230.0	26.13704440790864	22.73203869304338	26.963872804350753	24.167044094697232	0.0
231.0	24.924265934080307	24.985979830067993	24.24973858355795	25.83848160679446	0.001534045499286543
232.0	25.02204078164224	25.199530403633354	24.315926469018727	25.462173567551517	3.2877815415851256E-4
233.0	23.137013760693815	25.3339691240917	22.169520906947845	29.35918939235108	3.0681591556426004E-4
234.0	27.528022692653657	21.01885510861023	26.300947490417816	25.151007177202946	0.0011675311153528526
235.0	25.592476080533554	21.762261337346313	27.903478273206044	24.741547859687877	2.3644922620677118E-4
236.0	29.117440634775697	23.18570711754812	23.665928642008023	24.030604344820873	3.1926084728636263E-4
237.0	27.426038902533183	24.347642125904343	22.59511661846716	25.631068117555966	1.342355393422888E-4
238.0	27.239311194702196	22.629702372205724	24.040335944551387	26.09062332702009	2.7161520599704648E-5
239.0	27.644579445915863	23.19492654339799	24.04008971101041	25.119193030356335	0.001211269319401534
240.0	25.362793995071392	21.82822805682395	25.946877038486626	26.861931035732407	1.6987388562731028E-4
241.0	29.37364392418505	21.641850278457962	23.217066811201363	25.765057792145573	0.0023811940100497728
242.0	27.13197319955266	24.137787045692964	20.58170276068923	28.147628003609825	9.089904553161597E-4
243.0	27.911147761535492	23.079836461708844	24.771247855893265	24.235178488704953	0.002589432157446581
244.0	26.887203612550177	22.75248516797463	25.79413744718938	24.56526133933182	9.124329539988372E-4
245.0	29.232741850751115	21.0656004317074	23.08431270661446	26.61557290693081	0.0017721039962088406
246.0	24.5375289505202	26.80355048120353	23.30380516274852	25.352595790467667	0.002519615060082798
247.0	25.568717657126776	23.014025535434293	24.894004399492278	26.38494983085503	0.13830257709162547
248.0	25.959012448748314	22.784699498795717	23.952010423117148	27.294704322822245	0.00957330651657562
249.0	25.37113139279663	21.666795461649276	28.541535228503445	24.405197857927984	0.015340059122663957
250.0	28.022666186292522	22.04093908715237	23.770430467431584	26.16509750545405	8.667536694738891E-4
