# Position (bp)	A	C	G	T	N
0.0	23.375850630149124	24.059878048746114	25.870092854438976	26.694178466665786	0.0
1.0	22.62156697988186	30.544205650250884	23.37119052247197	23.390094268367367	0.0729425790279255
2.0	24.532929193975658	27.20545610601693	22.167466931499277	26.093445617567028	7.021509411069494E-4
3.0	25.617860359026757	22.331762859035877	24.65668967889979	27.3866434009351	0.007043702102474921
4.0	25.69334584267281	24.29515797714335	23.37605239117744	26.63527555222322	1.682367831781162E-4
5.0	28.155959520365855	24.623262233684407	22.311244604227888	24.9089734785127	5.601632091526188E-4
6.0	25.28732225003146	23.796110124582277	24.14116528474951	26.770228890224974	0.005173450411778688
7.0	25.51801479320576	25.959561367298367	23.406378310517766	25.115236119961114	8.094090169839133E-4
8.0	27.030774616404287	24.77396198101838	23.27740076903095	24.91777901898942	8.36145569599085E-5
9.0	25.95857043982187	26.205181588147973	22.20590820779764	25.630117216100913	2.2254813159716119E-4
10.0	24.68568188198929	25.31117702162909	23.10512665845719	26.89798664061132	2.779731311171462E-5
11.0	27.219031856606264	22.818362946968787	23.083301094887567	26.87911578238269	1.883191546945006E-4
12.0	28.20644877705195	25.026783846546962	20.26304570597877	26.503695191088116	2.6479334203620783E-5
13.0	25.187317384009848	23.091573873762968	25.07056338053938	26.650336265643976	2.090960438244398E-4
14.0	26.24265928092253	22.494604092293578	23.657115331347843	27.605518036826666	1.0325860938016697E-4
15.0	24.98485594094365	23.645705725894185	24.449022561526164	26.920390287312806	2.5484323191167336E-5
16.0	26.301503492601654	24.92041181478616	21.816152859469646	26.96183152507138	1.003080711635611E-4
17.0	28.54685951719932	26.367053042080318	19.394667606826108	25.68994674284839	0.0014730910458651807
18.0	25.404645404733067	25.963661174641718	20.281166157983503	28.35040550984956	1.2175279215678252E-4
19.0	25.11942876640443	24.878476523139042	21.84347112653528	28.158090825192417	5.327587288279865E-4
20.0	22.58381759139232	25.802422711933232	23.917666719127123	27.696068949857818	2.402768950939062E-5
21.0	23.58360928158302	25.000756539419516	24.000122952548182	27.41515380625109	3.5742019819664833E-4
22.0	22.110158596512424	27.573228886048756	25.913968801738314	24.40257292211384	7.079358666739663E-5
23.0	25.15611704744845	24.474272657434025	23.104289640131682	27.264850935786335	4.6971919951393457E-4
24.0	27.52449068971188	21.819303726883017	24.83375357687689	25.822382230826857	6.977570135627682E-5
25.0	24.396074223524003	26.15789553634188	20.06689802251968	29.378879042685753	2.531749286852258E-4
26.0	26.001370799411156	25.586586199475786	19.87677441796484	28.53517710504271	9.147810551587819E-5
27.0	25.070481742453204	25.233022317755655	20.435909658443663	29.260495094488963	9.11868585146983E-5
28.0	28.037504816003338	23.49020687816474	22.644999699386815	25.82499178661733	0.0022968198277700377
29.0	27.047879714452105	24.004752450551912	22.86587911983903	26.081087852411244	4.008627457093767E-4
30.0	23.629752362900053	25.100330517437687	25.21465279969078	26.05510953158159	1.5478838989780208E-4
31.0	25.952429114191233	25.018073242805883	22.685107823823262	26.343906107085065	4.8371209456131713E-4
32.0	23.802620800300563	22.994252684445073	24.581699900474007	28.621252275401304	1.7433937905979207E-4
33.0	23.623994759184257	25.174697452002675	25.26174967859464	25.939407165064566	1.5094515386270807E-4
34.0	25.499573616819376	27.129981683689934	22.939757079136292	24.43060212999237	8.54903620303106E-5
35.0	24.89421330049428	22.424306370799403	26.062053636372863	26.61925753510858	1.6915722487423162E-4
36.0	23.4486707117143	25.142816096810723	26.604885324589723	24.803564486960635	6.337992462014299E-5
37.0	25.319796902859416	25.72076656225166	21.72369860141056	27.23569569724732	4.2236231041475767E-5
38.0	26.732162393483588	25.757770245877097	21.15762930071693	26.352290274403927	1.477855184548222E-4
39.0	23.112637242022146	27.93075673503298	21.93525182285774	27.021206446449014	1.477536381167237E-4
40.0	25.887193803567033	26.76256384357472	22.948189228335078	24.40190539343006	1.4773109311089813E-4
41.0	23.799057296351936	25.005576161503363	21.585938408368317	29.605123358197634	0.00430477557875492
42.0	24.147409762570447	26.327084321049465	20.84585847064302	28.679541948686655	1.0549705040796763E-4
43.0	25.828107829174062	25.863044147396664	22.673459558363586	25.63211845943495	0.003270005630738728
44.0	28.275275226077625	25.06659826664155	22.806423217983525	23.851513445477593	1.8984381970827755E-4
45.0	25.03654442728856	24.370867463786166	22.372254791690967	28.216979940267713	0.0033533769666026854
46.0	24.711638712028424	24.57483896981169	22.64388962557318	28.069632692586705	0.0
47.0	24.45770943279418	25.15485581793139	23.409079982692585	26.976731142129136	0.0016236244527120434
48.0	22.43319661478782	24.431169130123074	23.048461689751843	30.087172565337262	0.0
49.0	22.05977081852574	25.85085161043365	24.80095645450813	27.286882391675878	0.0015387248566034906
50.0	27.216289597337926	24.898905570868955	20.139342330839398	27.745357117414542	1.0538353917548761E-4
51.0	24.637344592811882	27.400998382391244	21.565953171111648	26.393470053164453	0.0022338005207705514
52.0	22.901378927838962	25.987576798441726	21.579954615541393	29.531089658177923	0.0
53.0	22.36696269012455	25.655868005317085	24.008076421511085	27.96760191599766	0.0014909670496282032
54.0	22.604327000812653	29.183904884097444	22.617430215930064	25.59429590167549	4.19974843506874E-5
55.0	23.634588054417225	28.83534224056309	22.428845629644652	25.099904102956174	0.0013199724188620288
56.0	26.466505551193407	25.504924384944193	25.1633012024164	22.865268861446	0.0
57.0	22.6316290005262	28.026013265542097	23.10179242342484	26.2359987867291	0.004566523777763627
58.0	25.258203768905794	25.887653346123958	21.733457888331976	27.12051743385983	1.6756277844221074E-4
59.0	27.17681647985571	23.05149096215848	24.406947281736116	25.36227391782775	0.0024713584219496843
60.0	23.52011379213243	23.61851538813231	24.157874040521722	28.703475873839412	2.0905374123620586E-5
61.0	25.06290821358232	24.349795169435158	23.015919467453074	27.565837798607596	0.0055393509218525094
62.0	24.913779481146864	22.473811954407008	25.268589979942497	27.3435468592321	2.7172527153715404E-4
63.0	25.795468582238463	23.999379664404294	23.080518013663685	27.122501858603194	0.002131881090361034
64.0	24.929260796973114	22.194470586198143	23.67056925786789	29.205636771742956	6.258721789593873E-5
65.0	23.30696493324736	26.7077521677737	23.75913769261306	26.221681053823705	0.004464152542178418
66.0	24.580920050547	24.425995743805633	23.666205391207342	27.326524201108317	3.546133317090652E-4
67.0	26.460709253586888	25.70990541686352	21.230654990045252	26.598062865611432	6.674738929058997E-4
68.0	23.428113987078174	23.00299017513883	27.087574420653564	26.481196270290475	1.2514683895771038E-4
69.0	23.13020941854739	25.036932474109726	25.119317493301264	26.710870922280478	0.0026696917611435124
70.0	25.22931346755287	23.19154776801558	24.78768197200418	26.79131099821548	1.4579421188647712E-4
71.0	24.776757293100523	23.39009870224176	26.214845154484102	25.61740569240602	8.931577675957793E-4
72.0	26.835341453876087	26.07980656578884	22.124224822824807	24.95933947915903	0.0012876783512400238
73.0	25.288465831743757	23.190989395073743	23.165486899338866	28.351465095535712	0.003592778307926022
74.0	24.30330055256673	26.476645235298236	23.517114533881752	25.702462056593184	4.7762166010075326E-4
75.0	24.765310275514356	25.437400845564113	22.08706070950969	27.70831775933817	0.0019104100736753796
76.0	26.530001598867088	24.42352535657851	25.432701192505675	23.6131696813271	6.021707216289341E-4
77.0	23.561451104598746	25.85685875280152	24.393009502634683	26.188057734226057	6.229057389966815E-4
78.0	27.15327682106115	26.756333026666322	20.33553149420333	25.754630266933177	2.2839113601543426E-4
79.0	27.3829109587619	21.38013296182642	22.722457759082474	28.512172941728505	0.002325378600703427
80.0	24.04528090354192	23.50274052236017	28.180542291242784	24.269297844952874	0.0021384379022547024
81.0	24.706385505398938	25.760428842213223	22.058426014545258	27.474323653795444	4.359840471361039E-4
82.0	23.022418534393452	22.217696412860107	24.322343090397023	30.436670017426444	8.719449229761224E-4
83.0	24.994311774543654	22.712565248513172	24.360863514144167	27.931449824869087	8.096379299177408E-4
84.0	23.217567124334153	26.546963161019516	24.86838772892024	25.366355419560822	7.265661652668159E-4
85.0	25.27312847573241	27.31733138481275	20.97099430597447	26.437964598646968	5.812348334035659E-4
86.0	25.315552883856945	25.202944385309127	22.911999727663872	26.56782165968944	0.0016813434806217898
87.0	21.752400182823628	22.556363354074655	26.489894262019803	29.20063647862761	7.057224543034333E-4
88.0	24.812761368193218	27.144765496119067	25.68554536857845	22.356367358833154	5.604082761094217E-4
89.0	26.453594018357958	26.2012940852934	23.030069062851865	24.31419187123488	8.509622618992024E-4
90.0	23.617763179604914	26.165405388128782	24.62148672373154	25.595220182227646	1.245263071163256E-4
91.0	26.308676416201333	25.203002313207364	24.09782629900519	24.390059143893286	4.3582769282366125E-4
92.0	25.357773307095865	24.71978107955208	22.80308573899971	27.119339121238443	2.0753113900975273E-5
93.0	26.251360078129654	26.147679737321	21.176502083464335	26.42420906904144	2.49032043575627E-4
94.0	27.353432514936383	24.04107272187716	23.110378789608134	25.49152584580712	0.0035901277711947238
95.0	23.77194458734246	26.61217842498878	24.087058060357773	25.526598503102054	0.002220424208932372
96.0	25.714451723486775	24.923210368934697	24.009267463649174	25.352136642173395	9.338017559623243E-4
97.0	25.442594621155358	24.863196517054188	23.295883351777153	26.398201006445344	1.2450356796099883E-4
98.0	27.635706575576574	23.56703044327571	24.512466441929444	24.284755039053728	4.150016454815243E-5
99.0	22.005083709410673	22.56007572241395	26.88807560788421	28.546744212150564	2.0748140603509465E-5
100.0	22.75209303396718	25.34663978653574	24.50106505983402	27.40020211966306	0.0
101.0	23.35691932851074	22.680977873451376	28.278464394455543	25.683513924630486	1.24478951854031E-4
102.0	24.610840120547227	24.652546937806626	24.996970549592103	25.73964239205404	0.0
103.0	25.610594405050293	26.060327521903094	25.05398353572188	23.27492854586292	1.6599146181418294E-4
104.0	25.289989743891933	27.714979374703162	22.882989280987275	24.11170962038706	3.3198003057121104E-4
105.0	27.419409392669774	23.694782949907463	21.111521742152803	27.771194077948746	0.0030918373212155447
106.0	25.708365340760302	23.35645753211014	24.984841863597936	25.950231511742423	1.0375178919960475E-4
107.0	25.585186845201413	24.855920966627448	22.79297730135312	26.76520937992169	7.055068963299116E-4
108.0	23.37381386535686	25.121819233619867	24.736047952499007	26.76821520194479	1.037465794752747E-4
109.0	25.450033509491586	25.00440914363019	25.6566719161412	23.888262963400997	6.22467336026542E-4
110.0	24.355275533304823	24.858904763594285	23.058097770009525	27.72759744187142	1.2449121994548528E-4
111.0	24.327516977943663	24.27049673388955	24.65932582898782	26.741934218807096	7.2624037186827E-4
112.0	25.579327187429325	24.418784638144857	23.818365919904057	26.18333551199613	1.8674252563041164E-4
113.0	28.28909857025123	22.052465895425087	22.8643817687321	26.793306813777445	7.469518141384699E-4
114.0	25.749090422436144	22.69164412823202	27.60449378520172	23.95435668719765	4.1497693246976634E-4
115.0	26.641192956506693	24.12395213532193	26.132113018941766	23.102057112074778	6.847771548380751E-4
116.0	26.68516534891915	24.8892216401381	24.852471902324965	23.57303735441729	1.0375420048880679E-4
117.0	25.6894568573413	27.190147761580246	23.929980346736606	23.18973025164519	6.847826966618089E-4
118.0	26.015554463135704	24.804905181853666	25.28908604092867	23.890122299606958	3.320144750010739E-4
119.0	27.044637784135123	21.536725433613576	24.641693723201993	26.776403519293318	5.395397559869199E-4
120.0	24.667278977659226	24.27795792485508	25.175506785570654	25.879173305454227	8.300646080787698E-5
121.0	27.604278316788104	23.72639225734315	24.117733606900124	24.550848746713662	7.470722549608192E-4
122.0	26.500344794740776	24.379737814883303	24.260247708510548	24.85921313752008	4.5654434529361924E-4
123.0	23.91589865887173	28.013409000025526	23.678684533435653	24.391322997402078	6.84810265015347E-4
124.0	24.84191294877797	24.730745669518793	23.533575548095982	26.893682826491887	8.300711536992951E-5
125.0	26.51544282362902	23.88289455799606	24.47311163013174	25.12774167575414	8.093124890405601E-4
126.0	23.97235713105834	24.490422279644367	25.156654268242573	26.380483314421653	8.300663306004784E-5
127.0	25.749239611622443	23.546214410327295	27.481225561168387	23.222552609828053	7.678070538226519E-4
128.0	26.018923336291184	23.532356107687953	24.935938567431144	25.505082995559903	0.007698993029817308
129.0	23.987362064403666	26.91027377005805	22.365348399246702	26.73363319896448	0.003382567327097373
130.0	25.920500316370916	24.834213963028702	23.855362979850835	25.389860483436337	6.22573132109396E-5
131.0	25.490672165249684	24.734720762629557	24.751509537019974	25.022516465035356	5.810700654284894E-4
132.0	26.222415913088142	26.044109635947642	22.16814788297613	25.56009691460827	0.005229653379819141
133.0	26.740046161885356	25.53772868748254	24.627025496950004	23.09341493774039	0.0017847159417053666
134.0	26.186436351577218	23.509060791412743	21.072809656764495	29.231630942454295	6.225779125128614E-5
135.0	25.638333681282035	24.45953467291508	26.183063628126817	23.71867372193185	3.9429574422076576E-4
136.0	27.538305062093514	26.36936018390331	24.32024611200844	21.766796669336173	0.00529197265855632
137.0	28.260509096916103	21.80366914864055	24.51139965438173	25.42427682998275	1.4527007886712583E-4
138.0	24.72574484117242	24.47362703290605	27.41215150144881	23.387480521518004	9.961029547111415E-4
139.0	25.6939567654974	24.191303792025472	25.00365240402893	25.110049423667245	0.0010376147809470684
140.0	26.463574553726055	21.775122215735962	25.405744622082192	26.355371837368867	1.8677108692264128E-4
141.0	24.914607489139552	25.75638184372283	25.416306000604738	23.91224810532286	4.565612100200244E-4
142.0	28.276544767624657	23.054618504733217	23.614593850294845	25.054056101299025	1.867760482546297E-4
143.0	26.173282950955212	25.776758305704377	23.930771823278718	24.11908315582732	1.0376423437767192E-4
144.0	27.363280410960357	25.78532165268222	23.064450489118446	23.786490879964937	4.565672740464126E-4
145.0	27.721680992878156	22.589231589457174	23.15062372407341	26.537488297845186	9.753957460708673E-4
146.0	27.050372104413373	21.92996218771661	24.92833928949433	26.087196536710287	0.004129881665400723
147.0	26.086352882580005	25.101440252355456	26.51280454903914	22.295978084920932	0.0034242311044701784
148.0	24.59055143929071	24.793039571622526	23.45732765472795	27.158666272080794	4.150622780195054E-4
149.0	27.254341660075738	25.520168036009615	23.78609817886969	23.437233772979965	0.0021583520649929616
150.0	25.447856320710745	24.385781332301733	24.671208148434395	25.495133444767326	2.075378580183704E-5
151.0	26.212116463797198	24.440947581578264	25.87041826275604	23.47604034379853	4.773480699676046E-4
152.0	26.977982989185445	24.454649208246433	23.19410306151908	25.373202477507817	6.226354123060569E-5
153.0	24.61525082790185	23.7533736637137	25.42897727036879	26.201692580886988	7.056571286728416E-4
154.0	23.02177415655783	24.527831573284562	25.084726626005082	27.363218567817515	0.0024490763350112276
155.0	26.92207981711113	24.03552750027035	23.95955904254005	25.082709101623173	1.2453845529557229E-4
156.0	25.22761804338982	23.981198575259665	26.39169565686673	24.399238644005877	2.490804779024103E-4
157.0	24.874422134250835	23.18393649454681	26.48183957251219	25.459594231969923	2.0756672024655604E-4
158.0	24.80666383679163	21.498491482871817	25.898961006881994	27.79582140236568	6.227108888263872E-5
159.0	26.552467682783554	21.9393194391513	24.481500578301528	27.02625563667553	4.566630880886491E-4
160.0	26.14080295855679	21.89750915623176	25.64645777754529	26.315147076772856	8.30308933044718E-5
161.0	24.501813107807312	21.351142593160365	28.504641178191058	25.638728954238776	0.0036741666024898392
162.0	24.937818148755678	24.028163365454915	24.972816847202658	26.06113936332261	6.227526414053285E-5
163.0	25.121180001552762	23.77585882628424	27.065581890279315	24.037296246336577	8.303554710253687E-5
164.0	25.38051128709854	24.295447690194404	24.62869542634972	25.693726377306685	0.0016192190506518706
165.0	26.292815851305573	22.274498096934874	26.871250492529946	24.560854280474473	5.81278755133418E-4
166.0	24.57022707389856	23.526805714776845	25.968195786205328	25.93464686228291	1.2456283634560873E-4
167.0	26.140424561000668	24.08270570700686	26.402430048998347	23.3740244603507	4.152226434194581E-4
168.0	25.905981662057926	24.909629692991135	23.50105500365301	25.683188309691683	1.4533160624020697E-4
169.0	26.16789210012227	22.572876662214508	25.661164137213945	25.59779718880797	2.6991164130985213E-4
170.0	31.128457666694487	22.91640972807904	23.200236030534477	22.754730472978782	1.6610171321459552E-4
171.0	25.010313683387466	23.743126892874933	27.176322149847078	24.069552117268916	6.851566216131203E-4
172.0	26.95794740676021	24.641288038368867	24.35509879651094	24.04556199141225	1.037669477367391E-4
173.0	28.843609695055456	20.204306307970228	23.27357019306894	27.67708189580482	0.0014319081005531524
174.0	23.60741615693592	26.639176207603256	23.756039780164866	25.99678680789992	5.810473960360947E-4
175.0	25.965018225510732	24.336561318752924	22.861420749378215	26.835464052735176	0.0015356536229493057
176.0	24.502600851074426	24.567578028126338	28.112829101308158	22.815601578461862	0.0013904410292169015
177.0	21.85072858729962	26.43915474699878	25.12352393387124	26.56218576812513	0.02440696370522614
178.0	25.298777083968865	23.260452269336206	24.005615494281784	27.43480236821954	3.5278419360796546E-4
179.0	28.090969635349833	24.35784168143817	22.95658786248295	24.593666900561782	9.339201672588758E-4
180.0	26.60244871935199	22.561050471386174	25.588072616735342	25.24826172056266	1.6647196383230115E-4
181.0	27.832220901603133	22.571438454242216	26.408348572314456	23.187366954109688	6.25117730505912E-4
182.0	25.466763629089563	23.272815167812368	25.411107476177875	25.84923037813261	8.334878758769855E-5
183.0	23.9974144300973	24.796173823313556	26.123049622187555	25.082966203800755	3.9592060083243347E-4
184.0	25.900967923166306	22.356299419346126	26.573396116637575	25.165814774248506	0.0035217666014827264
185.0	25.019862209502815	24.95404031617012	24.545565356722783	25.48005288254678	4.792350575029978E-4
186.0	27.173136371734802	22.937190880002834	25.337155038493158	24.55251770976921	0.0
187.0	24.20000484301533	22.78390298605295	28.37052991772719	24.64495687628851	6.053769160179392E-4
188.0	27.07305800140871	28.10487424935191	22.40030362027091	22.421409237287676	3.5489168079622666E-4
189.0	24.98832444209414	24.034321234108035	25.095278189348008	25.881220170437047	8.559640127676427E-4
190.0	28.567261730522137	21.861487407699403	25.128979683533654	24.442062388793516	2.0878945128879463E-4
191.0	26.499810292241975	24.253708085984677	24.974932221831324	24.271319324381025	2.3007556099742356E-4
192.0	26.795491587934283	24.05619450663829	24.155049247482406	24.993201906310976	6.275163405255073E-5
193.0	27.63669051654562	24.870852089608377	21.56948967172352	25.92269576572253	2.7195639994996E-4
194.0	27.746651277406887	23.732975003750035	24.20030138346433	24.320072335378747	0.0
195.0	26.187543861631386	22.101554349504543	24.92472643105569	26.785652261429345	5.230963790431688E-4
196.0	27.944330443882187	22.545792750123468	26.376624071116776	23.133147879991487	1.0485488608040903E-4
197.0	24.944070743744795	24.56174241709193	24.35058928650084	26.142947334419826	6.502182426069137E-4
198.0	27.024440171830776	23.609610187494535	24.30802986198412	25.05783574564205	8.403304851732088E-5
199.0	25.50664927512682	23.169820724993155	25.468257107129094	25.854746684307976	5.262084429513221E-4
200.0	27.321362676955417	24.100753574156823	24.345945668311593	24.23181177970349	1.2630087267587975E-4
201.0	25.212599426387843	21.625186727092984	28.451946087867412	24.709909882599813	3.578760519450774E-4
202.0	24.934582406377945	25.195958035895305	28.434215764687405	21.43522273982714	2.105321220437869E-5
203.0	25.769257497362418	25.05910075873876	22.928040904084725	26.242884849863223	7.159899508704543E-4
204.0	25.965999675665884	24.247576444919012	23.644736204743282	26.14160343204463	8.424262719057157E-5
205.0	27.392581693557883	24.769348163852367	25.104608150410794	22.73270377132733	7.582208516210235E-4
206.0	25.167183061001936	21.86103757872038	25.986905090660223	26.984768947501347	1.053221161066795E-4
207.0	25.70370733982625	23.963097039129604	26.499032678262445	23.833952266153684	2.1067662801944377E-4
208.0	27.810835049295818	22.717292265989215	22.089789440235197	27.382020028506187	6.321597358078032E-5
209.0	26.869930505003158	21.18063093043714	25.242549636423185	26.706109127419857	7.798007166579343E-4
210.0	24.493142403270195	24.71964208623388	25.004447783443958	25.78259909071286	1.686363391074416E-4
211.0	24.698668030777686	25.844365250846224	25.657207644785153	23.798957812997163	8.012605937720543E-4
212.0	28.141464966432988	22.78949651166323	24.67325321578409	24.395658733667936	1.2657245175901955E-4
213.0	29.203806941003556	23.224543789130138	22.908980303561517	24.66231013157203	3.588347327536112E-4
214.0	27.494985492520225	25.59719377704639	24.45303051587901	22.454705715218225	8.449933615209035E-5
215.0	25.246456822728653	25.48918353961965	23.326928485881787	25.93707136851181	3.5978325809983227E-4
216.0	25.790081675786915	24.991143589370594	25.960214607515542	23.258453165845914	1.0696148103145095E-4
217.0	28.67238376213707	23.25646172245139	25.623129532623455	22.447291413288525	7.33569499561045E-4
218.0	24.384659540935598	24.625587358298752	25.345056990078813	25.644478096192792	2.1801449403959275E-4
219.0	26.158356391164617	23.11771347241483	25.238044344047033	25.485270037222396	6.15755151121708E-4
220.0	28.21539155667221	21.954598534980008	25.153070703138823	24.676695919883933	2.4328532502919422E-4
221.0	25.419879106195246	23.110800304151056	24.636725794273723	26.83234965604723	2.4513933273965046E-4
222.0	25.27658912842145	25.3650111203499	24.082035959178064	25.276160989316804	2.0280273378085135E-4
223.0	30.135213574042464	22.849851010766226	24.283067000110616	22.731161386187164	7.070288935339927E-4
224.0	29.12717331625183	23.213648426061493	25.161923499267935	22.49718612737921	6.863103953147877E-5
225.0	30.356475680588325	20.06542819185732	23.92788304048873	25.6492232157512	9.89871314427098E-4
226.0	24.8246973250662	22.47739858044979	26.004420908878917	26.693390094241042	9.309136405379378E-5
227.0	26.73725307684352	23.517168269727996	26.14388533175378	23.60037702498143	0.0013162966932746642
228.0	27.164137006319365	27.936157642357028	23.545483687547204	21.354127172097932	9.449167847222075E-5
229.0	27.37178808944403	25.552972396418657	22.175610974327594	24.899628539809722	0.0
230.0	25.862935241933428	23.161777609816866	27.51014616926517	23.465140978984532	0.0
231.0	25.17147415113713	25.03824892566593	24.55439635930685	25.23441788986845	0.0014626740216417248
232.0	24.851194418036993	25.327313415410636	24.779011324627216	25.042309152610216	1.7168931494001175E-4
233.0	23.15797916230572	25.301665838552196	22.348090656062826	29.19181738474248	4.4695833677863716E-4
234.0	27.129945505852998	21.72687768533898	26.386579880158767	24.755436995854755	0.0011599327945025237
235.0	25.37154125286137	22.458282225652223	27.374188347933526	24.79573300726484	2.5516628804242295E-4
236.0	28.68846862485659	23.769812163978145	23.511107019048435	24.030431152827163	1.8103928966389798E-4
237.0	27.64982489518945	24.626616088096036	22.53220932248441	25.191166653287244	1.8304094285958588E-4
238.0	27.189136356336164	23.21491893186927	24.162113999458292	25.433830712336274	0.0
239.0	27.642925049876666	23.288850774824475	24.192687052307786	24.874325870944055	0.0012112520470159594
240.0	25.381521618006804	21.876777625216373	26.504251294479364	26.237310517483287	1.3894481417659496E-4
241.0	29.38816580491922	21.009677202185255	23.586267753545982	26.013858434544378	0.0020308048051623615
242.0	26.6724048976024	24.154588833361718	21.469308594273716	27.70291721589137	7.804588707930829E-4
243.0	28.009008734888553	22.92950815690809	25.00256120298099	24.056018743260267	0.0029031619621020122
244.0	26.668900772416887	22.985983037766548	26.114505006177822	24.229911860052482	6.993235862544312E-4
245.0	29.154485452042632	21.134837078122686	23.460346783486756	26.248537133274446	0.0017935530734773854
246.0	24.51118339636072	26.986555561075654	23.818148799644767	24.681642231801	0.0024700111178568612
247.0	25.395484951008022	23.28611006082005	24.81030806403324	26.368830672309656	0.1392662518290292
248.0	26.220029391585182	23.205140544346566	23.583651479513414	26.982173119926333	0.009005464628504885
249.0	25.666251679569807	21.771398036542365	28.289158121363283	24.257852209136576	0.015339953387972519
250.0	26.755832629398956	22.28183188437232	24.862538631664535	26.098864865215983	9.31989348209013E-4
