# Position (bp)	A	C	G	T	N
0.0	25.582180754952528	23.080258878412565	23.874634514931504	27.462925851703407	0.0
1.0	23.71394755199992	29.669410907114734	23.54934537977379	22.984211255130756	0.08308490598080687
2.0	23.039469649020923	27.273272998949476	21.67822676941347	28.00759508537946	0.0014354972366678194
3.0	27.433427525620345	21.284805397517967	23.83321314797404	27.441512327366663	0.007041601520985929
4.0	26.793879303492567	21.424522659425172	22.41679686329289	29.364801173789367	0.0
5.0	29.726636949706826	22.08319880854432	21.93986481560557	26.249778685024527	5.207411187602195E-4
6.0	26.941605744633883	23.87165469867941	22.69532923868019	26.48245055901105	0.00895975899546818
7.0	26.054807057844403	25.185345548401152	21.542863143102707	27.215947171171262	0.0010370794804750343
8.0	29.36756564250332	23.705248162657426	22.458639557095218	24.468546637744033	0.0
9.0	27.636077053268043	23.54362346739706	22.40759163318303	26.412449451557475	2.583945943850855E-4
10.0	24.20107006001012	22.460285900203477	24.810983608250616	28.527660431535786	0.0
11.0	26.551322450115798	23.621656257014134	22.08998905325036	27.73690684729849	1.2539232122503281E-4
12.0	30.178341039427632	24.30030927262289	18.540554221478704	26.98067200434587	1.2346212490663177E-4
13.0	27.203223296844488	21.55915626614427	24.36781637271629	26.869804064294954	0.0
14.0	27.579380454681946	21.422067669537086	22.886658852930637	28.111771942230014	1.2108062032023401E-4
15.0	25.90387709493203	24.417253245644105	23.371265374182244	26.30760428524162	0.0
16.0	27.666907751059554	25.71671562957187	19.7442228090965	26.87215381027208	0.0
17.0	29.23579938660631	25.557612412578806	18.177655205889863	27.026986803678533	0.0019461912464897005
18.0	27.117148625661734	25.123035240199766	19.34463720785518	28.414838265719784	3.406605635434149E-4
19.0	25.195660027999818	24.647405500609672	20.826333378494333	29.33037528790137	2.2580499480648512E-4
20.0	24.347845536183584	25.803800087229785	22.758250483677966	27.089880226797437	2.2366611122915712E-4
21.0	24.01031692440528	22.419163797779426	22.489013361081284	31.081395220120218	1.1069661379058414E-4
22.0	23.24785294890895	26.231925335202877	25.59701165542021	24.92288143019893	3.2863026903864694E-4
23.0	24.955444691428582	23.274013511656367	22.657219705116933	29.11310395075248	2.1814104563728815E-4
24.0	28.520417456610144	21.140881366746818	22.626855311815255	27.711630303219735	2.1556160804648368E-4
25.0	25.725590291771418	24.61676081055435	17.826992747828722	31.830442913406813	2.1323643869559006E-4
26.0	28.030788558913784	25.179324043852684	18.46082671567483	28.328848463755325	2.122178033759608E-4
27.0	25.715852037490155	22.92525675000635	20.13783644199101	31.221054770512485	0.0
28.0	27.194011944813916	22.555877213572227	22.866546696919908	27.37886967634249	0.004694468351459197
29.0	30.01149076963334	22.70363019372962	20.91237331452336	26.372402294844257	1.0342726942700258E-4
30.0	26.573575342001167	21.76207551106192	24.574753114777348	27.089390487172448	2.0554498711746795E-4
31.0	27.69377545703666	22.74910916366309	21.98280053762395	27.57421247611044	1.0236556586149326E-4
32.0	24.76499290848725	22.42257760371337	22.533684685555876	30.2782411436676	5.036585758953035E-4
33.0	25.24848397861423	23.205493160461046	25.666511177293767	25.879511683630955	0.0
34.0	27.560061069668468	24.931573493232502	22.5148916646231	24.99337489024072	9.888223521315054E-5
35.0	27.735104411050536	21.745796149527997	24.50354551024177	26.01535850350838	1.9542567131160913E-4
36.0	27.226061994453936	23.038698461997967	24.842778652449805	24.89216806847364	2.9282262464727074E-4
37.0	26.588019742381242	24.6153425892412	19.91408805632764	28.882549612049917	0.0
38.0	28.03781795767814	24.886841640715748	20.439505994637837	26.63583440696827	0.0
39.0	24.688734980347572	25.915756362540744	20.78525858227547	28.610250074836213	0.0
40.0	27.72156958323178	24.707969778211066	21.381233243967827	26.1891299049476	9.748964172556665E-5
41.0	24.99831853809315	23.02267390458849	20.42298758252566	31.55036636374359	0.005653611049105511
42.0	25.815764030751474	24.655956149515802	19.68077019040342	29.847314703634975	1.9492569432532318E-4
43.0	26.245492993431952	23.508741156522248	23.615057787132862	26.626127969751895	0.004580093161043871
44.0	31.368754792575853	22.852852940631983	22.07600501594521	23.702192381180655	1.9486966629543996E-4
45.0	26.004068295933457	22.5810882691622	21.685985227097813	29.7239871638249	0.004871043981630319
46.0	26.50925384765245	23.18468731735827	21.351646210792907	28.954412624196372	0.0
47.0	27.08138333257038	21.853611880289353	22.723770805554448	28.339188611378685	0.0020453702071375627
48.0	23.584189187610267	23.0744739271151	22.752579246848235	30.588757638426394	0.0
49.0	21.652554790006125	25.296135224782386	23.49688312017049	29.55228501415082	0.002141850890182437
50.0	28.232016338959426	23.38036560173981	19.406797645725725	28.980820413575042	0.0
51.0	25.53245747056178	25.45313147869489	20.683838716145324	28.327457694426545	0.0031146401714609415
52.0	24.102132843697834	25.37258564983884	20.162351802330036	30.36292970413329	0.0
53.0	24.72609648360057	23.1239299889086	22.670322578151872	29.477525419405705	0.00212552993325836
54.0	24.347927734191977	27.73680036092329	21.15062654389865	26.764452147232742	1.9321375334139032E-4
55.0	24.996755079142417	27.64557195696129	20.880176369861367	26.475477532167986	0.0020190618669399772
56.0	28.099240288273254	24.0680481762785	24.07477724383161	23.75793429161664	0.0
57.0	23.52891986866489	27.320471514582966	22.24248167998216	26.902455997354842	0.005670939415143523
58.0	26.202083627637805	23.923854663080235	20.899701995696667	28.974071415323436	2.882982618497793E-4
59.0	28.659636904521683	20.874146502702942	24.07472533385605	26.388320371128394	0.003170887790928955
60.0	23.946689760985322	21.19783855611862	23.921630376966103	30.93374529296436	9.601296559087339E-5
61.0	25.126371120658618	23.12565105729304	22.661834241413246	29.07990303146677	0.006240549168326812
62.0	26.462566421381567	20.580524074900758	24.544158518497188	28.412270975236286	4.800099842076715E-4
63.0	28.787036637051756	21.903705943621272	22.5216352038245	26.784742321482568	0.0028798940199000677
64.0	25.515984076183333	21.04989296761864	22.894216808005524	30.539906148192504	0.0
65.0	23.872036450617312	25.557609707157468	22.634349006626948	27.929788184345703	0.006216651252559587
66.0	24.619801499180404	23.382183891557116	22.33086402751239	29.66628986322226	8.6071852782703E-4
67.0	28.110697352390464	24.3108430923651	19.889107562604117	27.688586953403373	7.65039236949865E-4
68.0	24.292605962085535	21.531878272094858	25.47077526236523	28.704740503454374	0.0
69.0	24.166194158363112	21.79861680166221	25.703336179538493	28.328506258623477	0.003346601812710776
70.0	26.096102407336648	22.219621704241497	24.183702713030186	27.50038211692778	1.9105846388995032E-4
71.0	25.435088900170555	22.14128576779667	25.295620875140468	27.127338965293664	6.654915986439183E-4
72.0	27.397451691647845	23.932596445600346	21.301112555989018	27.366462862835462	0.002376443927330246
73.0	25.685806157879178	21.679278155810902	22.345195198477686	30.285348209219237	0.004372278612999164
74.0	25.893408705139485	25.432852502266666	22.30000589238229	26.372782515971206	9.503842403483728E-4
75.0	27.966225719390277	23.376097616603946	20.56420344395028	28.09081233131866	0.0026608887368381037
76.0	26.752455452168096	22.34242914918202	25.771414887794197	25.132940308946054	7.60201909627197E-4
77.0	25.341283226833266	23.29733710240635	23.97719552462171	27.383614034254222	5.701118844573248E-4
78.0	28.23683555440696	25.07387215509067	20.02263195799691	26.666185270414843	4.750620906152434E-4
79.0	28.428072355663485	19.68204020244688	21.33863107979588	30.547836009284357	0.003420352809392289
80.0	23.79245446141773	22.557001013710266	28.316148395022083	25.33078591522266	0.0036102146272595902
81.0	25.706430455170736	23.62162460004408	20.863733783259992	29.807736154495085	4.7500703010404556E-4
82.0	21.340378456893745	22.513520728300097	23.185923432730753	32.958752397536486	0.0014249845389177527
83.0	25.42600223806728	21.717517151232933	23.69472990251678	29.160800764514665	9.499436683404674E-4
84.0	24.329058444796754	24.4099903394675	23.38399809259103	27.87533828487077	0.0016148382739468643
85.0	26.34004559270517	27.024886018237083	19.288753799392097	27.345839665653493	4.749240121580547E-4
86.0	27.56525571349603	24.23726656396209	20.986020906902926	27.20860742854212	0.0028493870968354707
87.0	22.185266932846055	20.276392218241774	25.52529907191782	32.01171214636574	0.0013296306286113718
88.0	25.912697131374063	26.77168943700628	24.30971967125619	23.005039041651393	8.547187120718571E-4
89.0	25.22651538101402	26.554696543937006	21.927714504676555	26.289839024746943	0.0012345456254825413
90.0	22.9785140855904	25.32263057635733	24.062875690130305	27.635884686751588	9.496117037743266E-5
91.0	29.73366656664603	23.482598308258538	22.29659410739178	24.48657127989699	5.697378066613745E-4
92.0	26.31055221224822	22.47845101796271	23.104173827505598	28.106822942283483	0.0
93.0	26.353463270871153	25.691305933020896	19.860067753868123	28.09497314911168	1.8989312814747858E-4
94.0	28.39518714698988	21.99032910108871	23.144077025396317	26.463665770087815	0.006740956437281097
95.0	23.866152227821473	26.500594313577313	22.863509146353042	26.76670628757182	0.0030380246763554337
96.0	26.901439204070783	23.358301055669475	22.759075719602034	26.979665071770338	0.0015189488873699401
97.0	25.740931304608676	23.79951091888772	24.31602689946118	26.143435946702308	9.493034011642258E-5
98.0	28.956608657764566	21.058626866351705	23.424736985492554	26.56002749039118	0.0
99.0	21.460371631913766	20.772874419770005	26.72469836581799	31.04205558249824	0.0
100.0	22.69094332388763	23.401743500781023	24.159234423606538	29.748078751724805	0.0
101.0	24.724966572750883	21.31173365243822	28.032105342571178	25.931194432239717	0.0
102.0	25.476631735972923	24.48061825714722	23.878417272331305	26.16433273454855	0.0
103.0	27.219356577319274	25.073823567367327	24.096278077626714	23.610351999878542	1.8977780814222707E-4
104.0	25.798680134168965	25.669065703888904	22.58555169158218	25.946512698134068	1.8977222588588047E-4
105.0	28.89937288934899	22.41363114051776	19.716078001216456	28.96788157296697	0.0030363959498273525
106.0	28.90241310469944	21.345045886184046	22.38042644926711	27.37192479068461	1.8976916478795193E-4
107.0	27.385414156212107	24.390516981268135	21.7855902596577	26.43800418625217	4.7441660989481235E-4
108.0	24.570198941911393	22.726513696706565	23.18468352220544	29.518414081535067	1.8975764154022484E-4
109.0	26.559444712731246	24.81952309886121	24.905764919408018	23.714508265078322	7.59003921204008E-4
110.0	25.82394177120798	23.723280416754818	22.07610841621215	28.37647965132551	1.8974449954413882E-4
111.0	25.948080311104494	23.456170526853064	22.953917789556673	27.641167267997467	6.641044883027482E-4
112.0	25.965917876939688	21.94647381987115	24.118941164082	27.968572271537546	9.486756961619427E-5
113.0	29.979328591906178	20.592384307944215	22.164037441906135	27.263490726326307	7.58931917166376E-4
114.0	28.128326316248835	21.06719135105598	27.65199308600561	23.152204642090744	2.8460459883084433E-4
115.0	28.01226850687945	22.09792226593592	25.70637360885928	24.182866402107617	5.69216217728998E-4
116.0	27.818719297812876	22.491504423771296	24.087496371236284	25.602090167900286	1.8973927925637382E-4
117.0	26.49833981595674	26.163646712835593	23.50441134617209	23.833222654397115	3.794706384593492E-4
118.0	28.085319126127846	21.939867926873116	24.182511742099756	25.791921738940705	3.79465958583188E-4
119.0	29.39806469974386	20.284318375865666	24.042500711507447	26.274641874584955	4.743382980741865E-4
120.0	26.567563465260125	22.642109057792283	23.735817553978674	27.054320191249577	1.8973171934884075E-4
121.0	28.761280640225245	22.99405480733383	23.211200906150957	25.032799590941906	6.640553480646106E-4
122.0	27.647550998725034	22.161298646105276	23.939898154331857	26.251062473438164	1.8972739967215105E-4
123.0	26.847759579947923	26.257808386812187	20.95839795855448	25.935180310295923	8.537643894873145E-4
124.0	27.09934345269321	24.293863023418847	21.379100337617665	27.227503460130475	1.8972613980350062E-4
125.0	28.257233897031693	22.25269382802947	23.28715794146859	26.20215544186938	7.58891600872346E-4
126.0	24.46297863298133	24.771379350907083	23.651517623711282	27.113934665720564	1.8972667974515912E-4
127.0	26.86612754049375	21.139658975027864	27.45217824365025	24.541371214456802	6.640263713330329E-4
128.0	27.210653330398948	22.146185427749657	25.109470217270875	25.522402501309088	0.011288523271433017
129.0	25.400430097734827	26.331865840620992	20.68538644765263	27.578333470881134	0.003984143110420527
130.0	27.33568084024558	22.423181124830197	23.78548770214994	26.455555471234188	9.486154009607577E-5
131.0	26.424360281736902	23.057367135437666	24.535869281665757	25.98173927478834	6.640263713330329E-4
132.0	27.121089522067717	25.31495835179148	20.41355091648825	27.142432983901337	0.007968225751218711
133.0	27.76722734671731	24.157841615790613	24.57076293213027	23.50179662984872	0.0023714755130924423
134.0	27.13740682490386	22.655611184995607	20.491311878793166	29.715575252466802	9.485884055936361E-5
135.0	28.444915780776753	21.42109801339957	26.37958363252967	23.754118000821467	2.8457247254587073E-4
136.0	28.30992836219588	26.949644846479583	22.62253934767101	22.10953981817354	0.008347625479988465
137.0	31.452505646467127	19.930297790075688	21.890079577005856	26.72683241019959	2.84576251732358E-4
138.0	26.255088838891062	23.323671021030705	25.772479103984946	24.64705369033301	0.001707345760281067
139.0	27.385912976008786	23.16010930879545	23.237319790829787	26.215140273613457	0.0015176507525176402
140.0	29.629619090438275	19.937188527373547	24.324126928118712	26.10906545406947	0.0
141.0	28.145204128092278	24.155695097890423	23.661500227652148	24.036651995750493	9.485506146607983E-4
142.0	30.373674864735655	22.444680108363244	22.328766343651115	24.852404404343638	4.7427890635078426E-4
143.0	27.312273885386567	23.98745235823195	23.72090508450782	24.979273815192627	9.485668104061574E-5
144.0	29.710135304339907	22.19706397929836	23.108831586695704	24.98330512911965	6.640005463775925E-4
145.0	29.510694081356213	20.653786467443474	22.277439035958064	27.55713185383048	9.485614117629203E-4
146.0	26.994317195534574	21.214665069296824	24.050186249149856	27.73409673193687	0.006734754081877536
147.0	28.46478610054285	21.667582003249684	25.683585691155002	24.179682942584208	0.0043632624682596365
148.0	25.242586757371505	22.624831398646634	23.054610713465912	29.077212305859458	7.588246564895634E-4
149.0	29.055537111690775	23.891771401470237	24.227934550628408	22.822195873843963	0.0025610623666113353
150.0	26.607154544652587	24.260627808305326	22.828694442152113	26.303523204889974	0.0
151.0	28.831819052804725	22.63974289167187	23.089378914157464	25.43858484176417	4.742996017780544E-4
152.0	28.162686460976595	22.361657220101026	23.321934213958784	26.15334266132284	3.7944364076173315E-4
153.0	24.84838538618208	22.619866376133256	23.88647568237248	28.644608515082727	6.640402294543581E-4
154.0	24.19202905081141	22.625368423748736	23.544494964203487	29.634787360089092	0.0033202011472717907
155.0	28.73753412076355	22.80220536121756	23.43960067439802	25.020659843620873	0.0
156.0	29.244313637308117	21.689916876113056	24.73630628604826	24.329368321079652	9.487945091364167E-5
157.0	24.831113135223347	21.450149910812556	26.16958897870887	27.548768454210787	3.795210444419143E-4
158.0	25.370915235775616	20.75872885448699	26.35587937533861	27.51428677153595	1.8976286283845393E-4
159.0	27.52168055107501	19.612976070744065	24.014839554433838	28.85021917756229	2.8464618479230315E-4
160.0	27.165680821468086	19.844428124389186	24.670799815545422	28.318996354555097	9.48840422120127E-5
161.0	25.597488215334867	18.177703641290734	29.67705083536386	26.543677270967596	0.004080037042940967
162.0	27.38744414787375	21.1902658603908	24.62522499784135	26.797064993894104	0.0
163.0	25.893372250140434	22.660152276557305	27.66569374648914	23.780781726813125	0.0
164.0	26.877683014313202	21.589274395266127	24.210325548559002	27.321103912124283	0.001613129737382479
165.0	28.83734170909108	21.109376705081914	25.206507660117573	24.84620457661778	5.6934909165097E-4
166.0	25.38446063536829	21.145761965584057	24.992550867610415	28.477036744624762	1.8978681247354846E-4
167.0	26.567652537652226	23.034782105336078	25.946845146419257	24.450340627962525	3.795826299192723E-4
168.0	26.19021409049499	23.862454448830853	22.524388855147283	27.42284770725782	9.489826905557243E-5
169.0	27.15120295785662	20.68184061282902	25.1556367059681	27.01103502205486	2.847012914050578E-4
170.0	33.587006757981506	20.750637979647287	22.460110257308177	23.20224500506303	0.0
171.0	27.340203720030637	23.387849114691928	24.38765835849069	24.883719385290515	5.694214962309042E-4
172.0	29.594427649968974	24.210327558690526	22.583350886881142	23.611704136374936	1.897680844240254E-4
173.0	30.20364245008568	18.722163077162477	21.427527692223023	29.64476907807717	0.0018977024516417973
174.0	26.30549163800261	23.257407187759462	23.992503854821493	26.444027991934526	5.693274819119914E-4
175.0	24.91089661350196	23.650164352572325	21.810117741727332	29.62597453863614	0.002846753562237624
176.0	25.549181766852186	23.07251410378679	27.224460165402185	24.15251543231843	0.001328531640404443
177.0	22.776034756663496	24.84867982758326	23.12536655639132	29.22533941461063	0.024579444751292083
178.0	26.919080689682	21.089368114115782	24.274369779395506	27.71680186587239	3.7955093431206867E-4
179.0	28.854981101242867	23.92422276904039	21.846071212680528	25.373396357659573	0.0013285593766399406
180.0	28.914211837525063	19.669524079206674	24.99973780832549	26.415954220380204	5.720545625641773E-4
181.0	28.916000667986737	21.27146503805139	25.821695254908512	23.990361905670728	4.7713338263711625E-4
182.0	27.699213830477426	21.025836736251573	25.54926916765256	25.725394038850514	2.8622676792733657E-4
183.0	24.533270740183085	23.21681084082829	26.134357723670327	26.115179029768004	3.8166555029493207E-4
184.0	27.35225666828565	20.62667047079962	25.604613815300436	26.41216508283054	0.004293962783747446
185.0	26.90073209850747	22.97489798040804	21.690743958255215	28.43333972595682	2.8623687246143674E-4
186.0	27.16040900919469	21.53796388535834	24.92948446368116	26.372142641765805	0.0
187.0	25.058914442153725	21.912246447657836	26.257120723615856	26.771239601995955	4.7878457662516244E-4
188.0	29.770907569157224	27.144335988186747	21.24288126130595	21.84101331959462	8.61861755459176E-4
189.0	25.702758169596642	22.761483115895604	23.88894156043773	27.645763723093218	0.0010534309768082382
190.0	30.158911057501232	19.24736321419234	23.945644814201533	26.64788937422965	1.9153987525007926E-4
191.0	27.76148985457797	22.85501788902765	22.849554858886098	26.533649869606098	2.875279021868414E-4
192.0	28.580342944561227	22.176372310231688	23.65567898287961	25.58750990885293	9.585347454467202E-5
193.0	29.722262433288243	23.333080882402285	20.383431421704582	26.56103352772055	1.917348843407244E-4
194.0	29.764413516980596	21.321957327514298	23.26900693566913	25.644622219835977	0.0
195.0	28.345829981022487	19.505894153601844	23.998358286672683	28.14943810635272	4.794723502679771E-4
196.0	29.807869257443247	21.261081408669728	25.197926171153505	23.732930463528305	1.926992052121281E-4
197.0	26.450473300421212	22.932737664460213	22.069685934357572	28.546524906212028	5.781945489745238E-4
198.0	28.628731478659642	21.548560620353037	23.368114511829955	26.4543031428834	2.90246273963458E-4
199.0	26.825550769421945	21.615072534680053	24.850324107648202	26.708761342796866	2.912454529303661E-4
200.0	29.311699067255294	21.361086865552526	23.347550562103205	25.979566414976734	9.709011224587878E-5
201.0	25.17459907508367	18.412883969897013	29.19438292468136	27.218036936454965	9.709388298827786E-5
202.0	25.17223264977565	24.61089258023201	28.598630683677445	21.618244086314895	0.0
203.0	26.772260032810546	23.745491949371907	19.9160407441331	29.565624493102305	5.827805821395235E-4
204.0	26.290901496422865	22.223603751499578	21.728390264751738	29.75691020977119	1.942775546284199E-4
205.0	28.003714904402415	23.522320027745206	23.95307018779502	24.520214850485782	6.800295715716552E-4
206.0	26.556347176058754	19.31993397153081	24.370781527962514	29.75274300876461	1.9431568331595826E-4
207.0	26.605330744630923	23.442235690471264	27.617295719409533	22.334846324946287	2.9152054199499167E-4
208.0	29.41394298243909	20.991159284500757	20.155101295005423	29.43979643805473	0.0
209.0	27.672638050168953	18.87926710243379	24.199657037535335	29.247757328781237	6.804810806817254E-4
210.0	26.94798597195363	22.267627667569915	23.961727195917206	26.822270252821802	3.8891173745346427E-4
211.0	27.67771783582648	24.40467333257474	24.94949995963887	22.967428081815413	6.807901444928454E-4
212.0	29.231532605258675	20.634932989565343	23.36603993870552	26.767105295162114	3.8917130834529223E-4
213.0	31.24048409895369	20.56709902767448	22.751716269416335	25.440311206470227	3.8939748527104013E-4
214.0	29.029668398265024	23.39723230047973	23.720104597374153	23.85299470388109	0.0
215.0	25.679422371393485	23.833525654918454	22.727139602040758	27.759521870966857	3.9050068044743565E-4
216.0	26.06900954425161	23.397548022665866	26.17059880346036	24.362744807385578	9.882223658438728E-5
217.0	30.48839614874195	20.899575987280613	25.629323879412734	22.98190752958581	7.964549788889652E-4
218.0	25.0904783309551	22.632504623218967	25.63993495817231	26.636780409417586	3.0167823602701834E-4
219.0	27.644081669355803	21.134362460135556	22.63595295050525	28.584989817387385	6.131026160066787E-4
220.0	29.002221661507406	20.654272134046398	22.455807808842746	27.887185546686688	5.12848916760518E-4
221.0	24.776024760946775	20.434390616947866	23.702595995658367	31.08667880479067	3.098216563272295E-4
222.0	26.703454569509656	22.748112597234968	23.5315136621187	27.01681499546315	1.0417567352177324E-4
223.0	31.06808324043892	21.588837877675225	24.004691388027453	23.33764786061083	7.396332475710973E-4
224.0	32.45239613364882	20.63653290910516	22.54460644857893	24.36604084537773	4.2366328936414496E-4
225.0	33.451257359608675	18.83846962711316	22.645670229930566	25.063538487081573	0.0010642962660229803
226.0	26.357656747274984	21.712801741941952	25.975016203985803	25.95420176631534	3.235404819243325E-4
227.0	27.610867055555193	22.58979680465444	24.46560562513503	25.332530241429502	0.0012002732258324987
228.0	28.838282077310467	27.415047718856677	22.58604851033415	21.160292824741454	3.2886875724881553E-4
229.0	28.364498171672643	24.16984652662018	20.53740001680204	26.928144745161674	1.1053974345936337E-4
230.0	26.37147278506824	21.282227473589533	26.593482717973643	25.752817023368586	0.0
231.0	26.295416067212997	22.94873294324844	23.302784379495904	27.45159044946818	0.0014761605744762754
232.0	24.847492524591438	23.58481403742903	25.484373339670913	26.082863061484023	4.5703682459955E-4
233.0	23.977683346341745	23.833029803717515	20.704188708698293	31.484519989593267	5.781516491775793E-4
234.0	25.649043688723754	19.793350729405983	28.32688071399533	26.229070350095963	0.0016545177789753336
235.0	25.428071356767123	20.71588382915828	28.140125168040843	25.7156808668639	2.3877916986033806E-4
236.0	28.930025656331082	22.84079392965637	23.738220668662834	24.490596512724643	3.6323262507007367E-4
237.0	28.096926685100538	23.789819720660983	22.423508796762928	25.689622772743583	1.2202473197267623E-4
238.0	27.98582202744514	20.658890667443362	23.809564948023564	27.545722357087936	0.0
239.0	27.67833647028749	21.59911981494059	25.71696737149975	25.00432323242449	0.001253110847679364
240.0	26.610626912498514	20.256616664344577	26.116795929635533	27.01570248360347	2.580099179012441E-4
241.0	27.87956898154844	20.38375312519371	23.16659607000434	28.566595036882454	0.0034867863710560574
242.0	27.64055242267481	22.61189044756179	20.45227405715824	29.29424740954778	0.0010356630573809117
243.0	28.22363552236446	21.41080591374088	25.36591498511455	24.997569855318908	0.0020737234611999857
244.0	27.972158712476773	21.612442110921123	24.82268122348982	25.591938957938154	7.789951741248964E-4
245.0	28.450135455138376	21.504235495364842	22.169469284033998	27.87433720713766	0.0018225583251209722
246.0	24.818355839996663	25.86088639220534	21.59074905722378	27.72713995858565	0.002868751988566719
247.0	27.442823640081265	21.94736051319907	24.603636031068927	25.867166626382453	0.13901318926828632
248.0	26.790347554978972	21.760242514280932	22.282307338201754	29.155332594003053	0.01176999853528907
249.0	24.857999203537968	20.917608098761292	31.035295843725763	23.171674247028985	0.0174226069459873
250.0	28.434546842507043	20.071862907683805	22.101002921898445	29.390744689252152	0.0018426386585590564
