# Position (bp)	A	C	G	T	N
0.0	23.594013948761084	24.767251953877967	25.463638593908804	26.17502540917534	7.00942768022991E-5
1.0	22.885183595219353	30.112160954675566	23.567084724100273	23.357053862708057	0.07851686329675739
2.0	24.368561870576375	26.81261794879845	22.684052450369936	26.133581701671954	0.0011860285832888573
3.0	26.149744810994214	22.039462447374454	24.60480735513205	27.198595676182897	0.007389710316384173
4.0	25.94568461296246	23.2416187612681	23.852917654730025	26.959778971039412	0.0
5.0	28.07350521577176	24.22480296437351	22.627638161576176	25.07349686385541	5.567944231470578E-4
6.0	25.771876911102463	24.114499360649358	24.197823428031356	25.910310224050704	0.005490076166119975
7.0	25.366005909362038	25.91116536503489	23.232740085172495	25.489256335918103	8.323045124776318E-4
8.0	27.95068584547004	24.693274568660335	22.940508381786735	24.415531204082892	0.0
9.0	26.03733020889608	25.34642151993003	21.992187985746597	26.623853033545792	2.0725188150166424E-4
10.0	24.917662505669224	23.835936631711345	23.42147063635441	27.82493022626502	0.0
11.0	27.019908305283476	22.135646237251866	22.816753358106144	28.02755802315362	1.3407620489257478E-4
12.0	28.039576994050737	25.097465435040927	20.14100198308877	26.72188935238971	6.623542986131625E-5
13.0	25.399890516302072	22.57583972424776	25.164749392339285	26.859389405749727	1.3096136116000335E-4
14.0	25.784622504134862	22.59390942012359	23.729567240107833	27.891836203124466	6.463250924729626E-5
15.0	25.18598307801117	23.83249182567303	24.36902869161662	26.612496404699176	0.0
16.0	25.833448340756537	24.893105827739788	21.889341948434854	27.384103883068818	0.0
17.0	27.971886317598678	26.627647167147504	19.567307102080903	25.831993125038366	0.0011662881345528206
18.0	25.400728575287328	25.682583059772863	20.665901751841513	28.250543267978944	2.433451193486138E-4
19.0	25.1157560884342	24.92127011691562	22.013971261851868	27.94851813436365	4.843984346664584E-4
20.0	22.455019472883087	25.742063771063073	24.157612271792292	27.645304484261544	0.0
21.0	23.569132081811027	24.16526623493059	24.070725923048833	28.194697045064217	1.7871514533413478E-4
22.0	22.205111431324536	26.89668991651859	26.018087147163605	24.880111504993266	0.0
23.0	25.27797464552072	24.203741686575082	23.15960602462229	27.35844296650224	2.3467677967135866E-4
24.0	27.32131841245827	21.829890628443117	24.15343298542895	26.695299831329073	5.814234058969124E-5
25.0	24.643452299489716	25.500362844285174	19.83792188554822	30.018147964564317	1.1500611257488335E-4
26.0	25.807189570518812	26.255572617750595	20.026022230419702	27.911215581310888	0.0
27.0	24.92786452166917	25.28886999637682	20.27051160986075	29.51269681417091	5.705792234987347E-5
28.0	27.988568432979054	23.977091771019175	22.568776827965625	25.462744534352478	0.00281843368366464
29.0	27.78554335958987	23.748886586826682	22.299536764274723	26.165754063434534	2.7922587418640563E-4
30.0	23.954691170481794	24.535532344347992	25.44826690842028	26.061398612727793	1.1096402213510315E-4
31.0	26.342049961114387	24.573664789493716	23.003403180346496	26.08049597078891	3.860982564905874E-4
32.0	24.162544154182694	22.902103245468876	24.574886367109556	28.3603024970855	1.6373615337929588E-4
33.0	23.881751950333612	24.52194047582354	25.48170955589118	26.11448986886382	1.0814908784355586E-4
34.0	25.885988985254972	26.738885026038112	22.798081385359243	24.576991076547074	5.352680060142713E-5
35.0	25.213963725635434	22.31275528560242	26.11156377642801	26.36166430340099	5.290893314427208E-5
36.0	23.869983851059725	24.468102539163162	26.573808057554714	25.0879469701575	1.5858206489706702E-4
37.0	25.565156096267028	25.289751152716583	21.8238866760441	27.321206074972288	0.0
38.0	26.663468898624238	24.739842376096615	21.47199109132815	27.12464480738642	5.282656457756973E-5
39.0	23.268737855668164	27.379602434385617	21.910526874524987	27.440974388036587	1.5844738464106123E-4
40.0	26.228826022875314	26.124636087739226	22.95658611881666	24.68984615482107	1.056157477304496E-4
41.0	23.73357016548506	24.895043896494354	21.783506618927106	29.58312718763052	0.004752131462964791
42.0	24.440111652974025	26.091940004741083	20.969883579547464	28.498011966740634	5.2795996796338916E-5
43.0	25.368014456098788	25.946173943019197	22.819034285723337	25.863398735249728	0.0033785799089578296
44.0	28.752455785307625	24.87619463860236	22.702540926236182	23.668597513019225	2.111368346154618E-4
45.0	25.06733110224564	24.396315908084535	22.07267378496586	28.46030143433852	0.0033777703654483643
46.0	24.95465471883815	24.45172713143931	22.69121671007254	27.90240143965001	0.0
47.0	25.38809768679584	24.918301472710606	22.442148788677187	27.25002730759753	0.0014247442188364905
48.0	22.713254278168808	24.599879507521283	22.876742102836424	29.810124111473478	0.0
49.0	22.359731751794975	26.213280849835975	24.647479805687272	26.77813607271588	0.0013715199659019035
50.0	27.014814213120857	24.548415987914858	20.211384463801014	28.225332589264525	5.274589874264326E-5
51.0	24.916834719948696	27.57026596013973	21.20424591187539	26.306543952613193	0.002109455422988001
52.0	22.846696391782146	26.398923117969208	21.1531752075066	29.60120528274205	0.0
53.0	22.395147106104258	25.328968796821055	23.813621472595038	28.4608442026473	0.0014184218323488435
54.0	22.817067885426106	28.141470653901212	22.558922028288876	26.482539432383806	0.0
55.0	23.659332271217732	28.446448994089906	22.52001158862073	25.372845011627916	0.0013621344437173906
56.0	26.389863784653617	25.415340517412975	24.318085148734756	23.876710549198656	0.0
57.0	22.69184415198047	27.96274288072767	23.317178385507372	26.023049215412165	0.005185366372322924
58.0	25.409013993335112	25.010670841082238	21.823349528571406	27.756808520332733	1.571166785115185E-4
59.0	27.132892841226457	22.855350345189475	24.67532603555533	25.334126547304024	0.002304230724717221
60.0	23.899543665417365	23.192930734369366	23.822808365611294	29.084717234601975	0.0
61.0	25.188747832895253	24.490099918098206	22.665681266650182	27.64883312156641	0.006637860789947246
62.0	24.89818978511146	22.254155508308926	24.93890341827274	27.908646760365514	1.0452794136400602E-4
63.0	26.571359138312634	24.081517464481788	22.738606342976446	26.606426594824544	0.0020904594045849
64.0	25.22121193947343	22.12797359068164	23.22731883358844	29.42349563625649	0.0
65.0	24.006447511757948	25.964480280177867	24.05922073966998	25.964845312386743	0.00500615600746543
66.0	24.73889907156582	24.289047813969013	23.3097726757207	27.66175899298395	5.214457605156056E-4
67.0	26.977278214000982	25.403381180289813	20.70484099129703	26.914082480860085	4.171335520851202E-4
68.0	23.6063395861239	22.54185139398629	26.603653859890702	27.24794660040033	2.0855959877304388E-4
69.0	22.893753509476696	25.118494531603147	24.751553815104213	27.233434878971607	0.0027632648443369494
70.0	25.60365022020011	22.965517600391465	24.343668335953524	27.08695561640413	2.0822705077616632E-4
71.0	24.16587114587697	23.226559649005328	26.42452726858391	26.182055646484574	9.862900492158735E-4
72.0	27.161198036421087	25.73112588143579	21.726321777393927	25.379745324354875	0.0016089803943143822
73.0	24.95907777868889	23.8942177446225	22.480441928850865	28.66262963028317	0.0036329175545690164
74.0	24.932083232355524	26.37412421749764	23.234462433918996	25.458499806174494	8.303100533422316E-4
75.0	24.982291907207	25.168168503205617	21.97142315985024	27.87619643139768	0.0019199983394608956
76.0	26.527762498884357	24.322724130988433	25.284723620385112	23.86390760985755	8.821398845538344E-4
77.0	24.754880086341984	25.345886821431908	23.250537042994573	26.648125278899137	5.707703323958863E-4
78.0	26.94078023991337	26.344758594889477	20.989125082564588	25.725024762891103	3.1131974145933203E-4
79.0	26.90265596925055	21.567317086585046	22.622098365657166	28.90559372890528	0.0023348496019600287
80.0	23.753377663217403	23.518809070193132	27.795989141668848	24.92943745045056	0.0023866744700544993
81.0	25.05362151460155	24.596113516772352	22.12334971811738	28.226500183148474	4.150673602442257E-4
82.0	22.874423981065178	22.536102028894074	23.83216408796267	30.756064736175286	0.0012451659027919732
83.0	25.298506417336746	22.104494236874146	24.517707532971244	28.078513607949724	7.78204868138373E-4
84.0	23.225052058637687	26.189826491958534	24.824733325932204	25.759298705044632	0.001089418426942044
85.0	24.813963489378345	27.953071852500866	20.48681520537549	26.74573445320958	4.149995357192694E-4
86.0	26.028624442562037	24.147820850060146	22.41360975996904	27.407973781417404	0.0019711659913694054
87.0	21.30150259561878	22.119091388189208	26.392162517687968	30.186517306200024	7.261923040214455E-4
88.0	24.69485564903472	26.97480212039794	25.77191198896231	22.55770407792774	7.261636772928618E-4
89.0	26.023088042547478	26.857367515019366	23.045252335178585	24.073202901850664	0.0010892054039110773
90.0	23.863982921622444	25.94380234557989	24.631078414897523	25.560980720436998	1.55597463138961E-4
91.0	26.793623593699106	24.811680673489246	23.75344119727733	24.640684028073114	5.705074612003063E-4
92.0	25.182256700205947	24.132825291322884	23.21875419759598	27.466163810875187	0.0
93.0	26.283480117039737	25.98823586763847	21.135142311565918	26.592882399127905	2.5930462796527805E-4
94.0	27.586330287932714	23.451728317143463	22.82883610793756	26.129112055772474	0.003993231213791895
95.0	23.061086377626296	27.014289529568252	24.18137927279233	25.74106677522319	0.0021780447899353585
96.0	26.409958566472554	24.51786205072625	22.89552424561422	26.175514289122013	0.0011408480649661116
97.0	25.44187018493081	24.765731667540425	23.600962637889168	26.19127994436986	1.5556526974239946E-4
98.0	27.866247900595432	23.270502866701616	24.005365764369934	24.85788346833302	0.0
99.0	22.26976109469833	22.760347049899572	26.276524150288743	28.693367705113353	0.0
100.0	22.40992964428107	25.177911311353867	24.519045816764052	27.893113227601006	0.0
101.0	24.51914004093661	21.81999921195996	28.12411215883569	25.5366448987887	1.0368947904331939E-4
102.0	25.124825576059205	24.46192385652824	24.55012753494831	25.86296747042117	1.5556204306890726E-4
103.0	25.817004139269866	25.609496209947004	25.27023474528946	23.30300565020966	2.5925528401157105E-4
104.0	25.817308465081457	27.60356255285523	22.958420463990517	23.62019001180639	5.185062664074826E-4
105.0	27.212032932301273	23.475232065694517	21.246229467222488	28.063342357894278	0.003163176887444314
106.0	26.202833649733183	23.290312979169464	24.24148300178328	26.265214805335013	1.5556397905694004E-4
107.0	25.91439495017011	24.331007990309374	23.12626493354027	26.62765801330698	6.741126732664026E-4
108.0	24.214168456398806	24.260990130634028	24.10082163482827	27.423864224403893	1.555537350007311E-4
109.0	25.14134253632597	24.530603821951956	25.711327313226672	24.616052281183503	6.740473118993202E-4
110.0	24.825918832289968	24.602348319954707	23.078885341302787	27.492743809554426	1.0369689811468671E-4
111.0	25.33124824355729	23.788119343735968	24.35339575467149	26.526614449547708	6.222084875459786E-4
112.0	25.550296937915245	24.097286961174603	23.64936542288377	26.702739585396486	3.110926299045049E-4
113.0	28.600684894219874	21.475088981809602	22.809362467693056	27.114241496501645	6.221597758150941E-4
114.0	26.595843411130037	22.62860046299537	26.662829974931885	24.112207679086662	5.184718560514739E-4
115.0	26.846435569788746	23.69307336792648	26.10840580281284	23.351463018398114	6.222410738221625E-4
116.0	26.776951125417938	24.082253407780442	24.707808235089146	24.43283167265396	1.5555905851509543E-4
117.0	25.08594682548983	27.041852863183024	24.161091573944347	23.71053835121062	5.703861721798811E-4
118.0	26.431464053304293	24.441886391330275	25.381244976796037	23.74493790671748	4.6667185190946565E-4
119.0	27.250632622583588	21.442120219032606	24.803161038745543	26.50367128515722	4.148344810420642E-4
120.0	25.468529133276846	23.824749206889148	24.392708876722725	26.313960928854925	5.185425635292422E-5
121.0	27.516860656256252	23.739949202832943	24.333274218622794	24.409449227204796	4.6669508321173334E-4
122.0	26.19716060355583	23.842664373964837	25.329670956494322	24.62977808983229	7.25976152720492E-4
123.0	24.432846153247826	28.095693680659807	22.96451285880593	24.506480610025175	4.6669726126490513E-4
124.0	24.922853070035565	24.894695931423108	23.436902859945977	26.745496283828107	5.1854767242099025E-5
125.0	26.959414262824666	23.52878647245801	24.310270623434672	25.200750838730418	7.778025522294414E-4
126.0	24.20837027933772	23.921928555501975	24.974721154893206	26.894824448143368	1.5556212373411322E-4
127.0	25.885407403297556	23.227201806152802	27.22654015853616	23.6600209798296	8.296521838778877E-4
128.0	26.188552642495644	23.17721729030117	25.43811706629055	25.187194059570235	0.00891894134240438
129.0	24.822281670523775	26.918240493903728	22.013893894288383	26.242420816884653	0.0031631243994600907
130.0	25.90416768865466	24.293220758222617	23.734891214671407	26.067668482823603	5.185562770978065E-5
131.0	25.673853014765935	24.611898310797674	24.655301606233067	25.058376654523766	5.704136795571516E-4
132.0	25.989578012707792	25.899919260452712	21.752748230030445	26.352413344997437	0.005341151811609797
133.0	26.6409252394072	25.14150265840908	25.046709489532564	23.16925506985292	0.0016075427982341919
134.0	26.208012362612433	23.252860539464166	21.285888005310117	29.25318723601752	5.185659577005749E-5
135.0	25.77685358998558	24.37721035873928	26.198494103981496	23.647182667676127	2.5927961751070827E-4
136.0	27.78788422505733	26.320576738185054	24.5593410365896	21.326649249466644	0.00554875070137246
137.0	28.374028640991934	21.807499137866213	24.1162026701515	25.702217693318918	5.185767143497955E-5
138.0	24.895030048086273	24.44102884813336	26.970367800606613	23.692173185252713	0.0014001179210426833
139.0	25.616286196993787	24.373601824512058	24.751841676493434	25.257077607101408	0.0011926948993106225
140.0	27.065284918205872	21.6833525377286	25.526530586845524	25.72467638606124	1.5557115876659036E-4
141.0	25.935221970825665	24.76997042532459	25.252354487463048	24.042038251572986	4.148648137075483E-4
142.0	28.541825049705917	23.004269989452077	23.571389307498357	24.882308221259507	2.0743208414275062E-4
143.0	26.351896565314615	25.410096207699105	24.144647591073717	24.093255919117496	1.0371679506805896E-4
144.0	27.737019979474457	25.42149187197828	22.782782398646702	24.05813530782351	5.704420770522043E-4
145.0	28.486573020335328	21.972764879669807	22.935935392432476	26.603896969329245	8.297382331450345E-4
146.0	27.122638940963604	21.5841362347205	24.986426001092145	26.302598273418454	0.004200549805296738
147.0	26.86313057899412	24.00962077489969	26.03147702645869	23.092193388362038	0.003578231285461439
148.0	24.56343240430207	23.938990219786433	24.25963850704332	27.23752399157592	4.148772922618643E-4
149.0	26.931717643593338	25.60544284011787	23.910441445076334	23.550271799728044	0.0021262714844175416
150.0	25.786030118751146	23.80504648294761	24.518497236331275	25.890322440118783	1.0372185118611122E-4
151.0	26.877131512782853	24.252259092380076	25.746236920498205	23.12395758133977	4.148929990955333E-4
152.0	27.40598945745954	24.29389665323091	22.761629052768715	25.5383811122152	1.0372432563629688E-4
153.0	25.260636813711713	23.603047876682563	25.008116537925755	26.127628280196376	5.704914835994071E-4
154.0	23.41231848955929	24.36894684268559	24.954126441944148	27.261807578965275	0.0028006468456936943
155.0	27.209966243902844	23.289528555749428	24.266214648942814	25.234134945548327	1.5560585658949306E-4
156.0	26.060839314270062	23.672060877697387	25.96249554574308	24.304189309679654	4.149526098185049E-4
157.0	24.96651849392872	23.100112555953796	26.429279071335575	25.503674925956854	4.149528250507021E-4
158.0	24.449072429112732	21.548691960360706	26.112709004945835	27.889422864953044	1.037406276826678E-4
159.0	26.993106381654364	21.570593452878047	24.164233065507528	27.27165213422067	4.149657393911415E-4
160.0	26.171698718048468	21.284679968586637	25.9207445423432	26.62287677102169	0.0
161.0	24.43939093709248	20.36067794922124	29.404652108554043	25.791284843869793	0.003994161262445443
162.0	25.664920450236462	23.610181000286858	24.655420956775824	26.069373846799465	1.0374590138848328E-4
163.0	25.60641335292116	23.838632836167758	27.0204613928936	23.53433679440253	1.5562361494982695E-4
164.0	25.92432545718264	23.87014207781806	24.568236570876017	25.635376484429955	0.001919409693330207
165.0	26.933637957214664	22.119418579255385	26.139966165583207	24.806562279034853	4.1501891189304135E-4
166.0	25.340176640754375	22.91147002793215	25.887457925384222	25.86068788624601	2.075196832419555E-4
167.0	25.940527794423218	23.93238752655704	26.59745623114418	23.529369038447072	2.594094284950881E-4
168.0	26.722729449512105	23.82197852713786	23.756552346392454	25.69848025514654	2.5942181104441665E-4
169.0	26.838581134894916	21.76509807685822	25.901422445215232	25.494742686068445	1.5565696318453392E-4
170.0	30.814894681241867	22.998486996262113	23.1520184798152	23.034236638765687	3.6320391513066E-4
171.0	25.687969146522367	23.49941861762266	26.232097392055113	24.57989221207044	6.22631729416703E-4
172.0	27.12451628297835	24.632063824710286	23.998744670034963	24.244571475998296	1.0374627810227308E-4
173.0	29.009266006747875	20.24973872091244	23.025961934943453	27.713684800170125	0.0013485372261107928
174.0	23.756994338139034	25.82822092253686	24.074631169903547	26.339634893993114	5.186754274404198E-4
175.0	25.61004074891696	24.028374856839342	23.471500655634305	26.88863138413531	0.001452354474081697
176.0	24.825419320434783	24.29781269679556	28.16670315111513	22.708612370199226	0.0014524614553041298
177.0	22.585258959596345	25.497225043811	24.54147597164969	27.350516030832157	0.02552399411080526
178.0	25.2012530364971	22.5846393577747	24.494280258761687	27.7194642381952	3.6310877130735236E-4
179.0	28.00774035568283	25.06816908423084	22.938222415904043	23.984519288634335	0.0013488555479466268
180.0	27.292249635977445	21.99148819287187	25.672342765406125	25.04381536214197	1.0404360259297467E-4
181.0	28.227032456578165	21.99048048739571	26.248888990771203	23.533024977258826	5.730879960988337E-4
182.0	26.0200075753905	23.05831122976097	25.581062148941346	25.340514845212475	1.042006947060316E-4
183.0	24.146328628243356	24.371987459808917	26.057629232796447	25.42348154427545	5.731348758303292E-4
184.0	25.23633877717121	22.572587255031205	27.02539062398231	25.162192256768932	0.0034910870463475676
185.0	25.23905982825829	25.062493682901998	23.94234847040264	25.75557702066381	5.209977732555171E-4
186.0	27.37690251981132	23.358626449864555	24.737772576620532	24.526698453703595	0.0
187.0	25.036129053815582	23.030809938204698	27.76324610150802	24.169397229548974	4.176769227235041E-4
188.0	27.11240947562434	27.860935762284427	22.857098103099887	22.16903452849005	5.221305012974943E-4
189.0	25.138503793515778	23.39766384176366	25.23635718052749	26.226535290401078	9.398937920015038E-4
190.0	28.970693677147395	21.264486965712766	25.195374615321548	24.56923585482563	2.0888699265918885E-4
191.0	26.639577964507417	23.97930837489759	24.29952843267427	25.081271337976812	3.1388994390786705E-4
192.0	26.975970098261577	23.186090082963304	24.38886700182648	25.449020497277548	5.231967109761961E-5
193.0	27.524988514335885	24.34819510245003	22.20244280976496	25.92411194100921	2.616324399108775E-4
194.0	27.92233820546686	23.685455394127903	24.081320604247818	24.310885796157415	0.0
195.0	26.807924906512586	21.75162310898971	24.114597644300343	27.325435642191152	4.186980062124316E-4
196.0	27.94120271000719	22.589515777762617	26.07767917587233	23.391549857519955	5.247883790861335E-5
197.0	25.154854866046144	24.421744819756334	23.89491546953003	26.52785497994668	6.298647208045891E-4
198.0	27.69288445440894	23.35435131008316	24.03242292824303	24.920288727269668	5.257999520470444E-5
199.0	25.049857448531572	23.06272528058481	25.70246971538708	26.184473349909453	4.742055870902271E-4
200.0	27.13519010820794	23.678068855767535	24.169812961240638	25.01692807478389	0.0
201.0	25.100770594010307	20.82363920833757	29.562342862954626	24.513036545116613	2.107895808818066E-4
202.0	24.843529312561923	25.317052090140606	28.29368425490651	21.54573434239096	0.0
203.0	25.579097966159235	24.671929708034046	22.952374325382895	26.796018138093686	5.798623301398733E-4
204.0	26.259982749639914	23.740333577256518	23.427749882431836	26.571933790671732	0.0
205.0	27.60559682133954	23.99875991749655	25.34060089167837	23.05425150054201	7.908689435256306E-4
206.0	25.980576974692692	21.11105779396744	25.818744796085653	27.089620435254208	0.0
207.0	25.903689120078223	23.514402541230922	27.583198889925526	22.998445748063514	2.637007018130478E-4
208.0	28.307331161723397	22.047502868371424	21.74439183931845	27.90056312395321	2.110066335210413E-4
209.0	26.72529550528066	21.167743797462478	25.416224127624304	26.69005066709298	6.859025395805336E-4
210.0	24.985791144334005	24.083284739134907	24.792065205058723	26.138700595531795	1.583159405681959E-4
211.0	25.43470445798072	25.801640999760867	25.07874803426853	23.684167461581467	7.390464084192167E-4
212.0	28.668139487350658	22.252443859494385	24.51063393786584	24.568571457242165	2.1125804695104462E-4
213.0	29.720333680035854	22.390746425158763	23.15888277226718	24.729825718562115	2.114039760859822E-4
214.0	27.06636346372858	24.690198219185255	25.426465088551442	22.816973228534717	0.0
215.0	25.413342423588574	24.669599086874673	23.501207940118825	26.415638490586446	2.1205883148161795E-4
216.0	25.918786468666514	25.037719039949195	26.02782707757759	23.015506507841753	1.6090596494502648E-4
217.0	29.15797454643921	23.37227186569185	25.507013268345517	21.962036284863252	7.040346601678852E-4
218.0	24.703778713600112	24.629238388049064	25.123641852316158	25.543067804372082	2.732416625771498E-4
219.0	26.828551899746138	22.79700890328294	24.641102624607868	25.732729254290703	6.073180723503541E-4
220.0	28.257988285273417	21.470132111332656	24.723137001445323	25.548298399594444	4.4420235416142646E-4
221.0	25.13044917458606	22.58123857940681	24.554303313062363	27.7338971033909	1.118295538671778E-4
222.0	25.160440031834014	24.41092967731375	24.390722982011525	26.037681535708845	2.25773131868442E-4
223.0	30.544293921230626	22.467960031574464	24.140584036162128	22.846419485692678	7.425253401051644E-4
224.0	29.795018106504944	22.802632799163767	24.625819887502676	22.77641471738854	1.1448944006649546E-4
225.0	30.814778661945645	20.39243086818941	23.41537561914453	25.376493975751057	9.208749693521299E-4
226.0	25.133179275469793	22.207633262284972	25.540362713647518	27.11876649631758	5.825228013987537E-5
227.0	26.74287971753435	24.11216557585121	25.58516326371044	23.558733254909843	0.0010581879941517478
228.0	27.24647406041396	27.675842152735484	23.656002263500522	21.421622454964787	5.906838524164581E-5
229.0	28.073925286523682	24.73169053593925	22.19165651618919	25.00272766134788	0.0
230.0	25.886152137647834	22.867390455587568	27.924267463006935	23.32212978509521	6.015866245636241E-5
231.0	25.205235893233436	25.162676578474986	24.372585460079605	25.257977737454144	0.001524330757824085
232.0	24.6324219137971	25.346303864551263	24.668962075481186	25.352189528178226	1.2261799222847166E-4
233.0	23.42820907443361	24.776691720917754	22.209842084931054	29.584511827171628	7.452925459566016E-4
234.0	27.21213016481449	21.017193532666198	27.092692054209245	24.67640604917416	0.001578199135904409
235.0	25.10171603873071	22.235835490365258	27.570958361294856	25.091298373438146	1.9173617102866456E-4
236.0	29.19005130146024	23.3962136981898	23.707353554939743	23.706057408900374	3.240365098416369E-4
237.0	28.166726636033136	24.020385652181606	22.767976227225567	25.044780403977246	1.3108058244346002E-4
238.0	27.42199173538365	22.262113607953566	24.367613532314014	25.94828112434877	0.0
239.0	27.44111191606245	23.522871397945337	24.416859754275734	24.617881244238422	0.0012756874780531398
240.0	25.997087424249543	21.617584883344986	25.774430127197213	26.610759397478162	1.3816773009762932E-4
241.0	28.472652097441404	21.67297329636272	23.489573138806488	26.3622423889896	0.0025590783997875275
242.0	26.771731025631784	24.04847503762858	21.335960173299366	27.84258640714264	0.0012473562976247565
243.0	28.378820448886465	22.777428574405207	25.17209166646409	23.669020027295744	0.002639282948495782
244.0	26.81753610085061	22.99158023830355	26.318558903182833	23.871002318444756	0.0013224392182574567
245.0	28.59093789452477	21.06576673482149	23.664131716114355	26.677142014626913	0.002021639912469963
246.0	25.216725216515734	26.23857195626323	23.187835038156905	25.354004886485914	0.0028629025782183387
247.0	25.136435788606203	22.4203824329609	24.96258990490595	27.334799188765846	0.14579268476109658
248.0	26.593038728202256	23.373345472372016	23.708733104559144	26.314167658799636	0.010715036066951468
249.0	25.517917418302005	21.735995006028297	28.499624679713815	24.229750785925592	0.016712110030285433
250.0	27.02439360703738	22.568061357582955	23.879831550866097	26.526587863839296	0.0011256206742749244
