# Position (bp)	A	C	G	T	N
0.0	23.86615442844772	24.476628236617877	25.297225092058746	26.359969400931178	2.284194447991291E-5
1.0	22.93080533715101	30.582203569499	23.11839894588304	23.293499992021175	0.07509215544577703
2.0	24.677239201361445	26.934950305660887	22.6904889027952	25.696366542025302	9.550481571663629E-4
3.0	25.48393488425782	22.306449905042193	24.59691217845796	27.60515912419772	0.007543908044305462
4.0	25.990072200321663	23.912232456107485	23.85346765676725	26.24404603363717	1.81653166430404E-4
5.0	27.930199340047185	24.191986520576062	22.61612064157013	25.261058360706606	6.35137100013905E-4
6.0	26.05100360254807	23.63103059958003	24.26610169606668	26.046248211916513	0.0056158898887034795
7.0	25.052477802025347	25.859533060563272	23.907819870509556	25.179152255234673	0.0010170116671578456
8.0	27.49746058409384	24.104755838401832	23.96369847184095	24.434017463064322	6.7642599054131E-5
9.0	25.885672281787446	25.746220787995465	22.70338289157939	25.664476464972154	2.4757366554418265E-4
10.0	24.959147405337355	24.997424925907584	23.572902933875245	26.47052473487982	0.0
11.0	26.957679898853797	22.944254371418456	22.797685950485498	27.300183013760687	1.9676548156274644E-4
12.0	28.330517036784435	24.922257099529187	19.998034791923384	26.74919107176299	0.0
13.0	25.286926367021316	23.414716598191248	24.98109044834118	26.317160680248218	1.0590619803315246E-4
14.0	26.791596557012237	22.38861254494486	23.17416871377086	27.645580306927435	4.187734460783123E-5
15.0	25.555682870406216	23.87444553522303	24.456425804173932	26.11340449889391	4.129130291609504E-5
16.0	26.207958633139132	25.200262194616002	21.593848691958453	26.99784933060643	8.11496799760933E-5
17.0	28.632154725791015	26.926815816603156	19.651430284566857	24.788526332959098	0.0010728400798749307
18.0	25.52999645880342	25.705045140397797	20.402261002750148	28.362519943877164	1.7745417147436025E-4
19.0	24.911817962147627	24.575133606770873	22.32851182612134	28.18390897479751	6.276301626503566E-4
20.0	22.479621178223468	25.436526525866647	24.302888630776916	27.780905327419447	5.8337713523323705E-5
21.0	23.675785831099226	24.497104335670375	24.128255068280005	27.69870055569306	1.5420925733592713E-4
22.0	22.236707404733828	27.28068256399037	25.881751871555032	24.600839103056156	1.9056664611087778E-5
23.0	25.273543773731877	24.32488469873844	23.11356522777389	27.287608300743216	3.9799901258340216E-4
24.0	27.545329338047253	21.930810137647452	24.702169213639646	25.821597477617537	9.383304811214476E-5
25.0	24.986404696458166	25.70687226353916	19.491711968878356	29.814825469710776	1.8560141354036553E-4
26.0	26.3428925542098	25.60421542643937	20.04907792157492	28.003684993886008	1.291038899002027E-4
27.0	25.64588482630221	25.128912124572235	20.032476089391825	29.192616609446976	1.1035028675441599E-4
28.0	27.428798715269213	24.282815289590705	23.15509463055173	25.13040093846137	0.002890426126979874
29.0	27.060374494318612	23.37731751708932	22.725065659648518	26.836882525403478	3.598035400710504E-4
30.0	22.932511042170105	25.153143691987307	25.609047346039198	26.30499429361367	3.036261897235037E-4
31.0	25.6648717465074	25.19390501522645	22.86571276233346	26.274977647862453	5.328280702352649E-4
32.0	23.84807262103227	23.443292497996428	24.140902770920256	28.567556088080693	1.7602197035825225E-4
33.0	24.165629582318086	24.74232799911821	25.090899782913155	26.001003332310034	1.393033405115184E-4
34.0	25.695926451711326	26.904674876512335	23.206533913331008	24.192795727539153	6.903090617215686E-5
35.0	25.17583472517507	22.593283273126897	26.034124322837627	26.196467445073683	2.9023378672972595E-4
36.0	23.325540209805418	24.976048383204034	26.136949178907702	25.56139400200687	6.822607597212351E-5
37.0	25.631895141503115	25.944505012772773	21.417220449125615	27.006362345771002	1.7050827493709098E-5
38.0	26.281312491380866	25.880549422132383	21.089393688603856	26.748590979438692	1.5341844420401312E-4
39.0	23.231912646090066	27.103668003876308	22.580862324672317	27.083352506935732	2.0451842557625622E-4
40.0	26.267496117275492	26.399033314918015	23.36324885801719	23.970017221335915	2.0448845338907236E-4
41.0	24.107567914053625	24.327930560804447	22.013483815366328	29.546315004254588	0.00470270552101036
42.0	24.03881391147014	26.260774898224646	20.87238448636138	28.828009666848114	1.7037095720366742E-5
43.0	25.98985414935105	26.182062807922684	22.687623196755535	25.13674616276869	0.003713683202039868
44.0	28.933727160974748	24.87053577739938	23.017881162548946	23.17766853513934	1.8736393758600643E-4
45.0	25.550538502058416	24.30690606600995	21.888751753948693	28.250073955792743	0.003729722190195054
46.0	24.553756848037303	24.866053403579482	22.95870972597974	27.621462993309436	1.7029094036871056E-5
47.0	25.195138667177492	24.49941468190622	23.19768426877807	27.106093693463595	0.0016686886746269927
48.0	22.406490181369037	24.759740966061162	22.898609045011938	29.935159807557866	0.0
49.0	21.97236103924399	26.39883302922193	24.502692747623847	27.12458127944661	0.0015319044636291838
50.0	27.161459126707282	25.05880789115864	20.25154680794971	27.528084054989826	1.0211919454506494E-4
51.0	24.72920864190808	27.059055761272056	21.924400321280768	26.284901846003052	0.002433429536048791
52.0	22.576952567621074	26.131426693099108	21.655331685720164	29.636272074858418	1.697870123801898E-5
53.0	22.258428884394984	25.53559141073697	24.374840329128393	27.829681465193318	0.0014579105463384152
54.0	23.005906165874432	28.396689563513323	22.485624487194265	26.111711974395313	6.780902266855628E-5
55.0	23.59679423797539	28.51956640737759	22.756949929795955	25.125319672334907	0.0013697525161592747
56.0	26.455041037332045	25.982098487906075	24.860028720468144	22.70283175429374	0.0
57.0	22.598307262277977	28.333516771581507	22.684819107063184	26.378538435046885	0.004818424030444325
58.0	25.44892429082717	25.50981715741888	21.525036654902273	27.516086654505003	1.3524234667786474E-4
59.0	27.774823372385576	22.821406813846767	24.648012554776706	24.752968135019294	0.0027891239716584435
60.0	23.829675376430657	22.81337502286153	24.211977483335552	29.144921501443903	5.061592836023964E-5
61.0	24.787332106070096	24.322401558012483	23.008570823166124	27.876145160767884	0.00555035198341575
62.0	25.062716339953518	21.828170977116443	25.266195458377116	27.842647313601603	2.699109513163304E-4
63.0	26.074818537130096	23.935437509804814	23.03653210665614	26.95068157167172	0.0025302747372309684
64.0	25.178187457784862	21.840977458545826	24.128894988595597	28.851923259524035	1.6835549677329855E-5
65.0	24.08964868027845	26.60852637490354	23.565520784654893	25.731792636924734	0.004511523238384847
66.0	24.8771719733772	24.39437749205765	23.082309717347826	27.64556848667219	5.723305451296943E-4
67.0	27.105558922994753	25.67343126381424	20.869295311587624	26.35097387071042	7.406308929601519E-4
68.0	23.82952007284834	22.69702126370325	26.777773850341095	26.695550158135433	1.3465497188235866E-4
69.0	23.000381896715535	24.84452730561516	25.392361426109044	26.75986809162896	0.0028612799313023516
70.0	24.935430027528902	23.101116736560396	25.137371387388406	26.825812929524567	2.689189977321725E-4
71.0	24.474859222643463	23.027759189251167	26.097905806906706	26.398537041979075	9.387392195858552E-4
72.0	26.379776403737097	26.493554079008437	22.29004892875838	24.835128806955257	0.0014917815408293064
73.0	25.158399161193394	23.112768940021173	23.153060082070574	28.571766166569347	0.004005650145510689
74.0	24.642235874953496	26.27872017375391	22.85259407480401	26.225561666884527	8.882096040596207E-4
75.0	24.678124785811733	25.213526325235698	22.488523698418227	27.617696923749563	0.002128266784777094
76.0	27.168930642279566	24.308113613581238	24.874881148402203	23.647236727581916	8.378681550780005E-4
77.0	24.473860902591397	24.886135920390906	24.225748555470712	26.413534095381912	7.205261650698634E-4
78.0	27.236534613168327	26.798938549723267	20.46847376392433	25.49550012977414	5.529434099282832E-4
79.0	27.088485980137094	20.980608761989146	22.850432064147867	29.07764152440321	0.002831669322683129
80.0	24.144717342500268	23.350569088200587	28.103328073973504	24.398989546121772	0.002395949203866291
81.0	25.222367578029708	25.253547962501777	22.27504215467347	27.24864019344237	4.0211135267578297E-4
82.0	22.833158112981526	22.29809798657156	24.22993377927262	30.637821627078036	9.884940962608954E-4
83.0	24.743086897687274	23.056580274213765	24.207288275273264	27.99232414568509	7.20407140608563E-4
84.0	23.506715946087482	26.192491287815205	24.96764237105447	25.33216199219128	9.884028515589794E-4
85.0	24.724831625634312	27.31985065255746	21.33124469380357	26.623453203954277	6.198240503792989E-4
86.0	25.404703027931454	25.27209973857921	22.348847158795287	26.9725409343138	0.0018091403802478053
87.0	22.04406370489834	22.07553825841697	26.587287362506117	29.29240714504191	7.035291366591947E-4
88.0	25.135479418669217	26.54324596174768	25.919336291968552	22.401368822439174	5.695051753782812E-4
89.0	26.98657135932388	25.982132553160238	22.833747522527766	24.19639284397649	0.0011557210116277259
90.0	23.607438873362483	26.017415032709295	24.689162033031213	25.685866817274473	1.1724362253315232E-4
91.0	26.37828027682762	25.03279795305266	24.155087379977413	24.433164445997228	6.699441450817642E-4
92.0	25.335190127393602	24.551116128065196	22.706458779423084	27.407184721141743	5.024397637528231E-5
93.0	26.385057196951617	26.205004659996135	20.868911336141892	26.540742099150314	2.8470776004495035E-4
94.0	27.749512323217168	23.904200987143554	22.704954876499876	25.637212016141564	0.004119796997840289
95.0	24.057912862089363	26.637913652534884	24.203358187709377	25.09823630167956	0.002578995986814297
96.0	25.89816761865783	24.538128405854522	24.069771862067256	25.492642659263076	0.0012894541573090531
97.0	25.561011273811413	25.412142841354147	23.03860397915775	25.988057704016736	1.842016599583771E-4
98.0	28.005686580022786	23.349238231031546	24.279704050013773	24.36533764906132	3.348987057002271E-5
99.0	22.301467539782845	22.7148012481891	26.402588538977106	28.581092440070382	5.023298056385516E-5
100.0	22.7784763604642	25.188927083036834	24.529662230154997	27.50291758268438	1.6743659594702976E-5
101.0	23.377472266944554	21.880181949203166	28.538576472510723	26.203635367581864	1.339437596941796E-4
102.0	25.217022029075594	24.510494756640604	24.902608015346942	25.36984170788299	3.3491053869690326E-5
103.0	25.878599652320915	26.049425217684547	24.863391455104956	23.208449720319603	1.3395456997736504E-4
104.0	25.72308066344745	27.287329635235174	22.68019521591411	24.309076347827514	3.1813757574813815E-4
105.0	27.327292076061905	23.500485203999187	20.989782667123265	28.17947608015453	0.002963972661119963
106.0	25.561230239660187	23.273541226713053	24.904353784579286	26.260740784899294	1.3396414817975377E-4
107.0	25.353173533992624	24.96210092098153	22.56254876057913	27.121456731249854	7.200531968603671E-4
108.0	23.96766947205705	25.292901643450644	24.131023295500974	26.608271637516594	1.3395147473876115E-4
109.0	26.01529489060774	24.652320353516448	25.57554250749943	23.75627296795353	5.692804228481032E-4
110.0	24.671037760963873	25.015010288703188	22.549003192930346	27.764881784558405	6.697284418600368E-5
111.0	24.760180131758393	23.826200815599364	24.713146286310373	26.69990347094375	5.692953881213169E-4
112.0	25.89265293233395	24.953109915180935	23.23832754176742	25.91580914990394	1.0046081375268355E-4
113.0	28.776604775122028	21.424242211151864	23.000345237150462	26.79805434923467	7.534273409740911E-4
114.0	26.698130203320886	22.26870650574588	27.24624738055007	23.78656430636564	3.516040175279625E-4
115.0	26.775125709552118	24.15451964123317	25.89428391394968	23.175434421970493	6.363132945438982E-4
116.0	26.816641183256333	24.60711145390405	24.966731465026218	23.609415426586597	1.0047122679889127E-4
117.0	25.811652945219986	26.78189723525339	23.79884105197851	23.60705616987857	5.525976695449191E-4
118.0	26.567594703718488	24.478422904113405	25.483331234611235	23.470299509970715	3.516475861570076E-4
119.0	27.283706357585842	21.085941405147793	24.87872350936126	26.751193339903228	4.353880018788667E-4
120.0	25.085444823827093	23.685891263612145	25.529171808985396	25.69944186654029	5.0237035077172456E-5
121.0	27.301838014024487	23.605999376376737	24.433974807897577	24.65760168961044	5.861120907556056E-4
122.0	26.890722810317406	23.951731706014144	24.359264839432516	24.797728022876512	5.526213594184012E-4
123.0	23.977277046973978	28.218246317601213	23.443850650656618	24.359956145631738	6.69839136456782E-4
124.0	25.082076281666875	24.534381944875886	23.132340709216106	27.251100588303363	1.004759377712327E-4
125.0	26.58134284132056	23.902850805326004	24.922513443032205	24.592422133734203	8.707765870280078E-4
126.0	24.2115594519256	24.356428547266578	24.92609180993094	26.50585320713149	6.698374538942507E-5
127.0	26.281913558404984	22.79561775251317	27.438614423946255	23.48293324496005	9.210201755330489E-4
128.0	26.530161120888142	22.870950396040914	25.30559012264801	25.28479125523174	0.008507105191193002
129.0	24.337030614560316	27.251019634078844	22.492202551952982	25.916247244203934	0.003499955203922629
130.0	26.133660184461664	24.25379170642615	23.997918718836463	25.61457915014464	5.0240131079851326E-5
131.0	25.46976653519255	24.86061577582234	24.871685458891115	24.797413077030257	5.191530637399385E-4
132.0	26.167965112773896	25.918686905902295	22.099597403554373	25.808240834399555	0.005509743369886322
133.0	27.19308646341917	25.213448056534972	24.943906142139273	22.647432477196535	0.002126860710049936
134.0	26.47338003473298	23.14976546027897	21.008462186436052	29.368208103133842	1.842154181606258E-4
135.0	25.633123375157503	23.910195821780945	26.471543778724673	23.98468486512593	4.521592109520329E-4
136.0	27.66055292468356	26.161137313766275	24.313181637237317	21.859501108070027	0.005627016242817809
137.0	27.950434446354922	22.05660773286544	24.248760249887667	25.743912869235018	2.8470165694689624E-4
138.0	24.998869620524076	23.927119160082835	27.48992455093791	23.582797198534493	0.0012894699206858775
139.0	25.912649628385548	23.58280175577593	25.42098748747567	25.08223815042996	0.001322977932895545
140.0	26.30870911948211	21.925931086409268	25.802052616982824	25.962938748387288	3.684287385133968E-4
141.0	25.203242773962415	25.303373669275643	25.484476780484407	24.008203398187025	7.033780905093529E-4
142.0	28.434038650718342	23.058847606093195	23.79030191665949	24.71646013359642	3.5169293254630035E-4
143.0	26.658153396292455	25.480123327979744	24.146961934795605	23.71454362450951	2.1771642268471144E-4
144.0	27.503161520671764	25.469304318073682	23.47477038676313	23.55204362940396	7.201450874632957E-4
145.0	28.147151495420104	22.78919220552066	22.88411612068668	26.17838461200938	0.0011555663631713966
146.0	27.51074597300251	22.166950200248735	24.830524625888074	25.48732439088847	0.004454809972209354
147.0	25.865811051741165	24.977182225011898	26.908562434958878	22.244776697299145	0.003667590988913157
148.0	24.9477573071944	24.463095172302914	23.801700504256285	26.786894360736675	5.526555097242248E-4
149.0	27.990029202632645	25.127444361842006	23.474347923149697	23.405733375961326	0.0024451364143280303
150.0	25.412696517266287	24.205963141650198	25.10771803240141	25.273622308682107	0.0
151.0	26.503488656423446	24.42746173866731	25.95344326871866	23.115187630426846	4.187057637360613E-4
152.0	27.37502962375528	23.934470159771486	23.38431829353771	25.30601443880674	1.67484128785246E-4
153.0	24.72211624104664	23.6137801804892	26.05061214317608	25.61278799570299	7.034395850912344E-4
154.0	23.119225519754515	24.899444088903568	24.77788093208693	27.200769643177463	0.0026798160775230594
155.0	26.910062234600176	24.075981919690452	24.361034711990158	24.652753642801837	1.6749091738627744E-4
156.0	25.84272711650301	23.502630795261588	26.561150119974446	24.09322398122215	2.679870388068681E-4
157.0	24.60320943105358	23.376609020093113	26.70779062857388	25.312089433143885	3.014871355439263E-4
158.0	24.748733260539048	21.665528523182196	26.322067974049325	27.263619993068964	5.024916046215158E-5
159.0	26.451374512972954	21.743151890128072	24.559127566455185	27.245877030580967	4.689998628175402E-4
160.0	26.19799230489629	21.71392773570652	25.78477830094656	26.30326815778145	3.3500669175866786E-5
161.0	24.32491014156577	20.74727309091238	29.18770119528719	25.736664954758385	0.0034506174762719798
162.0	25.218556287268473	23.568215525394407	25.203949574680003	26.009228360205555	5.025245156584964E-5
163.0	24.887494742216596	24.044875799053255	27.239597964460987	23.827997991865953	3.350240321113834E-5
164.0	25.67631630700658	23.685719923787417	25.1826498780994	25.453588487571565	0.001725403535033565
165.0	26.457712357894934	22.104053664004272	26.828182681823197	24.609481728517537	5.69567760052494E-4
166.0	24.632918831371168	23.2768360256863	25.815579573454094	26.27456505438202	1.0051510641534317E-4
167.0	26.617162177851277	23.226070070787152	26.869397845978426	23.2869008167336	4.690886495457128E-4
168.0	26.12198466542634	25.087818203293256	23.96393619222415	24.82612691022498	1.3402883127696806E-4
169.0	25.89206341760085	22.417833729009214	26.08634390460888	25.603507637354262	2.513114267954945E-4
170.0	31.11791451833251	23.022502177235516	23.1667576431103	22.692658117226582	1.6754409509266697E-4
171.0	25.42795888592298	23.39944750529608	27.067783808634704	24.104022341052218	7.874590940132333E-4
172.0	27.230889712502883	25.2115501392466	24.214603094834263	23.34277278723538	1.8426618087400798E-4
173.0	28.918887640010965	19.935508323740645	23.0408095006727	28.10323692743874	0.0015576081369449073
174.0	24.128475967824567	26.274705064955967	24.09616923169423	25.500130550030136	5.191854950961255E-4
175.0	25.513725529602294	24.497311166155026	23.14035026017461	26.846871289350677	0.0017417547173919235
176.0	24.451276884309166	24.085617788520317	28.569928429094492	22.891770066030666	0.0014068320453562652
177.0	21.910283049932787	26.057647761498014	24.92927687721528	27.07815436851998	0.024637942833942942
178.0	24.871474616299523	22.93810919558132	24.60742357391168	27.582607431612505	3.8518259497179294E-4
179.0	28.065501064383923	24.458018386792595	23.42545711562844	24.049767275930854	0.001256157264189971
180.0	26.606809443423202	22.92604192222188	25.595369133816643	24.871561202860505	2.1829767776609607E-4
181.0	27.848407764979033	22.52715267511357	26.334580549348996	23.289169600303474	6.894102549270973E-4
182.0	25.24523202227363	22.987720280882034	25.654101991837063	26.112895260447782	5.044455949540643E-5
183.0	23.68622444475348	24.710645588792442	26.56965382737831	25.032971663791436	5.044752843264743E-4
184.0	26.04161919351104	22.488763261722372	26.529044826374797	24.937057953098233	0.00351476529355942
185.0	24.965052286622203	24.963690196025016	24.677600722816077	25.392883261604972	7.735329317352143E-4
186.0	26.929251473703395	23.228612885714075	25.08084094766377	24.761277875579946	1.68173388108527E-5
187.0	24.264509268749336	23.380708944202837	27.340000953656507	25.014140569305976	6.402640853465287E-4
188.0	27.148790578605315	28.207042724396437	22.33506695191837	22.308526815143146	5.729299367350543E-4
189.0	24.71473060511894	23.94746243705806	25.440644148000352	25.896117990441585	0.0010448193810624802
190.0	28.18366287574914	22.044921361494435	25.301475693859253	24.469704119673448	2.3594922372705395E-4
191.0	26.50392005432729	24.20792682700331	24.776948452898058	24.510698133360528	5.065324108139942E-4
192.0	26.827072321007634	23.64613404046367	24.414993063332382	25.11174991793524	5.065726107671671E-5
193.0	27.1164314691477	24.82648546645847	21.941342985095094	26.11530099439221	4.390849065238898E-4
194.0	27.67845863353702	23.81615881154809	24.08949194221227	24.415890612702626	0.0
195.0	26.13624328368722	21.738429800437526	24.902987297007265	27.221782195945643	5.574229223454127E-4
196.0	27.97652743306307	22.517685790762325	26.420641824403805	23.085060284174933	8.466759586530876E-5
197.0	24.99585902740494	24.352475522533158	24.141277451938468	26.509693601900953	6.943962224845497E-4
198.0	27.527211821349862	23.571082529067557	24.031403683519155	24.870268040341752	3.392572166795132E-5
199.0	25.206053168287934	23.156971008651148	25.26317328424177	26.37329253778385	5.100010353021017E-4
200.0	27.491553651991417	23.69482841400434	24.094057769756088	24.71952616123684	3.400301130668132E-5
201.0	24.942917551163372	21.676504168646776	28.690746513800697	24.689542719809296	2.890465798563439E-4
202.0	25.233954269687743	25.557558064104192	28.180039405151234	21.02844826105683	0.0
203.0	25.752339353612975	24.75313791874706	22.705137265607526	26.78858604645625	7.99415576187281E-4
204.0	25.88526879653524	23.894662173541022	24.298243972639792	25.921791035635977	3.402164797460624E-5
205.0	26.885991295424787	24.458770989104313	25.44890621214884	23.20539585675285	9.356465692051836E-4
206.0	24.868071892205588	21.35858091173777	26.12929388411968	27.643985257330627	6.805460633557761E-5
207.0	25.69466365110154	23.75649203853711	26.51074486511892	24.037691047287208	4.0839795521950453E-4
208.0	27.843578583454686	22.645314934978728	22.478089659299563	27.03296576111414	5.106115287913416E-5
209.0	27.5749203301193	20.659012910606307	25.179223184616223	26.58595835376151	8.852208966606744E-4
210.0	24.75306189963858	24.952815595771526	24.403203482647463	25.890731731569304	1.8729037312158395E-4
211.0	24.92874462636126	25.69207766277946	25.51614267390867	23.86233674706254	6.98289888064131E-4
212.0	28.44298338279013	22.698112281686992	24.863181655232765	23.995552296299124	1.703839909928207E-4
213.0	29.82623065239669	23.096540553313027	22.809172522938212	24.267817593585978	2.3867776609203857E-4
214.0	27.405197425957372	25.352798003714543	24.31152480871945	22.930428578301758	5.118330687156368E-5
215.0	25.704439353994164	25.195882513744817	22.847172916676996	26.2522658705824	2.393450016301104E-4
216.0	25.264987988870264	24.940376406339112	25.81589271209581	23.97870832829269	3.4564402122254294E-5
217.0	28.451041079246487	23.41333142744084	25.26148351068883	22.873533864600866	6.101180229735584E-4
218.0	24.702985165332166	24.260085381030684	25.46378704593436	25.572931024915864	2.1138278692350848E-4
219.0	26.527802782313152	23.229828478464594	24.956258107467587	25.285595237185472	5.153945691985631E-4
220.0	28.05973339280653	21.68593290894346	25.34412428754576	24.90997709352625	2.3231717799677545E-4
221.0	25.094376349021342	23.305974920965152	24.47011044981393	27.129358215617614	1.8006458196296685E-4
222.0	25.354676909370415	25.029988586867912	24.488301539608226	25.12690558544709	1.273787063564158E-4
223.0	29.990331007903613	22.849523572516798	24.824497577782193	22.334966797237023	6.810445603774533E-4
224.0	29.691829756667097	22.969915694844794	24.969223948880195	22.36895677399803	7.382560988259144E-5
225.0	30.61559121311013	20.216106078645154	23.88017674821181	25.287252991773666	8.729682592455697E-4
226.0	25.13655029199085	22.439396556633856	26.078488387938727	26.345489578307284	7.518512928364925E-5
227.0	26.70645543611626	24.14348560783205	26.000501567826607	23.14843730867285	0.0011200795522263668
228.0	26.987262425951442	28.119032961728468	23.197515267980165	21.696074777205112	1.1456713481343887E-4
229.0	27.830189861785986	24.915451887172505	21.59612489342898	25.6581947885926	3.8569019936133564E-5
230.0	25.698434385899354	23.279070129546586	27.575010899352264	23.447484585201796	0.0
231.0	25.61051271157063	24.64157753881301	24.62678297681204	25.119842865554563	0.0012839072497501812
232.0	25.0849718852813	25.14965182881746	24.95048686754795	24.814790094115676	9.932423761694932E-5
233.0	23.14630342930848	25.468724729177243	22.532944100638325	28.85160530324183	4.224376341239489E-4
234.0	26.89105219214185	21.35675795348898	26.827819687693516	24.923042610865206	0.0013275558104462713
235.0	25.208324629441726	21.865885474297635	28.05887153717827	24.866690851420536	2.2750766183757525E-4
236.0	28.299094572344607	24.0879305272197	23.792899529973376	23.819970444437264	1.0492602505381656E-4
237.0	27.534940063390984	24.884437335069425	22.48663389459532	25.093903936971827	8.476997244128196E-5
238.0	26.87855391837632	23.121779770245695	24.564369503960023	25.435210694225184	8.611319277794486E-5
239.0	27.79158364179481	23.22257465234612	24.22624905010208	24.75827943282777	0.001313222929222537
240.0	25.18717902164075	22.00780730960543	26.853617332038336	25.951193853324185	2.0248339129982863E-4
241.0	28.829040883481618	21.202639777260064	23.883839529400845	26.082114740978785	0.0023650688786893102
242.0	26.458175351171775	24.493780016610696	21.500153468385513	27.546875564222006	0.0010155996100097498
243.0	27.87977311601709	23.22362025776348	24.99442924851524	23.900050877645032	0.002126500059157422
244.0	25.886491061758214	23.131664692278854	26.51942856547011	24.461304945671465	0.0011107348213553049
245.0	28.443743977363745	21.63299139373514	23.256473780264244	26.665109848796337	0.0016809998405321774
246.0	24.326597430806796	26.921952572275764	23.97077233905233	24.778448205848488	0.0022294520166189725
247.0	25.54531803520182	22.715285323530853	24.936053186965044	26.66504001450305	0.13830343979923768
248.0	25.949063389293936	23.19648393752246	24.036486475997936	26.80799035379317	0.009975843392498988
249.0	25.47790519881177	21.57301503057357	28.766309681195047	24.166902881237725	0.0158672081818927
250.0	26.303459096780824	22.193335071607493	25.113681524782905	26.388171296598877	0.001353010229903957
