# Position (bp)	A	C	G	T	N
0.0	24.30227336315226	23.73661160853338	26.166797247829983	25.794317780484377	0.0
1.0	23.24441067138346	30.728846542524384	23.288194834962756	22.659985466147788	0.07856248498161687
2.0	24.064363442307247	26.650808934910653	21.818661685885985	27.46525441425555	9.115226405650777E-4
3.0	26.561982430803067	21.841544327110356	23.68549845640163	27.905799093715633	0.005175691969313529
4.0	25.608694842558048	22.04687981693326	24.474334862337866	27.870007717438305	8.276073251524349E-5
5.0	29.007035163413015	23.7914631196598	21.568409366711254	25.632596188235585	4.961619803478509E-4
6.0	26.616196051693198	24.044983028657622	24.24763269469609	25.085867279111657	0.0053209458414333385
7.0	26.3627679461102	25.346405013464214	21.610023634432157	26.67997990661517	8.234993782579693E-4
8.0	28.774774560178273	24.72476361520173	22.863008730928943	23.637370955030317	8.213866073735054E-5
9.0	27.18994339450192	23.77172708862648	21.998804034151014	27.039443511106537	8.197161404977071E-5
10.0	25.01780757334898	23.44000947006546	22.867095086092807	28.67508787049276	0.0
11.0	26.405884953960783	22.83079050589551	22.33499274026008	28.428331799883622	0.0
12.0	28.91697083330884	25.59521640403518	19.318078959897026	26.169733802758955	0.0
13.0	26.035455284244225	21.951659773057052	24.591438392511982	27.42133034399357	1.1620619317032963E-4
14.0	25.81031248226363	22.968543155563122	23.22199110612064	27.99915325605261	0.0
15.0	25.85799759404992	23.976281832962425	23.89151475928794	26.27420581369972	0.0
16.0	27.0647415835867	25.067029760804793	20.796868684878138	27.071248424879634	1.1154585073603529E-4
17.0	28.316560820006682	26.48454098804036	18.30204697942896	26.895874945220555	9.762673034340022E-4
18.0	26.166481554952732	25.896967500977524	20.142699090067513	27.793851854002227	0.0
19.0	24.54296724827447	25.169878312422036	21.13627140017389	29.15066906413758	2.1397499202943155E-4
20.0	23.003774390634053	25.82864612957928	23.1509392141759	28.016640265610764	0.0
21.0	23.731240074553273	22.690454843548014	23.065635855000465	30.512564242005574	1.0498489267394421E-4
22.0	22.68294301068135	26.850819069417724	24.95677287202282	25.509465047878106	0.0
23.0	24.354456364510117	23.68303808356214	22.895136665875455	29.067231483354867	1.374026974210544E-4
24.0	27.766349425253033	21.72368438019833	23.468251991440386	27.041714203108256	0.0
25.0	25.607695756768656	24.495337654248065	19.283692932243618	30.61320653399633	6.712274333336913E-5
26.0	27.658958187339405	25.48316481462943	18.91267060433143	27.945106283578603	1.0011012113324658E-4
27.0	25.5038472093079	23.40067059735651	20.788384838158773	30.307097355176815	0.0
28.0	28.23166941078245	22.554657158851228	23.08565425852434	26.125452219640277	0.0025669522017045224
29.0	29.35021107478166	23.171869881513803	21.517884183916287	25.95987220680091	1.6265298733356126E-4
30.0	25.357548827115846	22.949777823705695	25.566937067272917	26.125477937377283	2.5834452826289136E-4
31.0	27.525562017241807	23.176025397609056	21.89103803437883	27.40711741187127	2.571388990405183E-4
32.0	24.17137859206878	22.36582677090632	24.330584995753334	29.132051478740586	1.5816253098008577E-4
33.0	24.728493115274517	23.948029155597396	24.949935954950337	26.373510479259764	3.1294917986973175E-5
34.0	26.50669827452152	26.685636326032053	22.33343504483808	24.473983031800458	2.4732280789293643E-4
35.0	26.023308589730565	22.332817472992073	24.70958832148319	26.93422460333512	6.1012459049200146E-5
36.0	25.524330188449255	23.825635681025865	26.16537458251054	24.48447670591677	1.8284209756454326E-4
37.0	25.466736442330596	25.301455846077648	20.917133682333496	28.314674029258256	0.0
38.0	27.42254459608928	25.43100822975087	21.262230121180522	25.884095239023345	1.2181395598130887E-4
39.0	23.85511237958026	26.887554046356026	21.11282592605335	28.144477201503204	3.0446507161475183E-5
40.0	27.39735868849505	25.25474442755602	21.257129845456213	26.090706154932224	6.0883560494971175E-5
41.0	23.85721769182279	23.51962675366332	21.226346033907635	31.39166545167208	0.005144068934176311
42.0	25.350977148137193	25.73689374875977	20.16636414213905	28.745734525900847	3.043506314058199E-5
43.0	26.016790366308985	24.539272214582184	23.270454414736715	26.17007465800135	0.003408346370765396
44.0	31.096104360811932	24.140938092286646	21.047241140403482	23.71538170606547	3.3470043246338607E-4
45.0	26.031458511053863	22.292330139738535	23.04155526809281	28.631127022971736	0.003529058143058282
46.0	26.14899302930794	23.691318347536836	22.3069446831552	27.85274394000003	0.0
47.0	25.94945140779782	22.421805232126648	23.83483469234307	27.792296592620712	0.0016120751117502635
48.0	23.601065715687927	23.162257706886834	22.74956958441102	30.487106993014223	0.0
49.0	21.901554908268317	25.516519000042564	23.765681344141274	28.814663691037236	0.001581056510608281
50.0	26.958886534374727	23.84416832107601	20.104706629899763	29.092116904161813	1.2161048768845826E-4
51.0	23.661035764582433	27.453983767219704	21.251409296049594	27.631108988702223	0.0024621834460415537
52.0	23.32626530109696	24.635721382051	20.763881223093055	31.274132093758983	0.0
53.0	23.52606766919567	23.109372023332536	24.129308702528295	29.233890842674715	0.0013607622687838111
54.0	23.98171464787574	27.635549637026447	21.818085057487945	26.564590182176197	6.0475433669334844E-5
55.0	25.195710158616187	27.235396733224587	21.534653167143343	26.032914726029873	0.001325214986012958
56.0	27.033495776703255	24.70489320625751	24.444740897153565	23.816870119885678	0.0
57.0	23.08906912945253	27.463771977921887	23.13784789876418	26.304071792713113	0.005239201148288362
58.0	26.67549586729585	22.66150121298645	21.880119967942715	28.782762526215137	1.2042555984337451E-4
59.0	27.98422665735848	22.02298327386269	25.20959224903795	24.780759387887375	0.0024384318535062392
60.0	25.231174025913134	21.658237249398038	23.93557755108972	29.17501117359911	0.0
61.0	25.34985773669251	23.32267698460094	22.433452419558193	28.88731069001987	0.006702169128486593
62.0	26.122551160155112	21.976394486697444	24.323872715475517	27.57679094728294	3.9069038898637785E-4
63.0	28.772221379104128	21.853801318970607	22.950569405231107	26.42100375796935	0.0024041387248147686
64.0	25.10687841856521	21.514510218290436	22.83522103398461	30.543330360906936	5.9968252806963995E-5
65.0	24.553255280555263	25.593835729383724	23.776125444106317	26.071896502615914	0.0048870433387800385
66.0	25.152376412461138	23.80825605833026	22.360822547811566	28.678185214166437	3.597672306018006E-4
67.0	27.727204456354865	24.416116722393088	20.465331850759718	27.3908972818118	4.496886805264715E-4
68.0	22.980486863137042	22.845406984343207	26.245366934028496	27.92852937402797	2.0984446328381403E-4
69.0	22.948263804267636	23.312598566582224	25.32468330544017	28.41130678791574	0.0031475357942267
70.0	26.245886080403864	22.094065563352043	24.33334960582144	27.32639925677657	2.994936460925513E-4
71.0	24.863267330841555	21.87543570989476	26.78673525169589	26.47417358055233	3.881270154614875E-4
72.0	27.62147963480358	23.837058128659404	21.542833379953603	26.99722577057036	0.0014030860130534765
73.0	25.57110515952855	23.069758889264342	22.913042284229594	28.442601125493884	0.0034925414836316218
74.0	26.091973613006886	25.670367941612167	22.58776636150873	25.649145879144086	7.462047281322466E-4
75.0	26.877194302000422	23.994915293189937	21.04742094991134	28.07843987011851	0.0020295847797855743
76.0	27.78986689174206	22.582083525215477	24.687151273167252	24.93997309720314	9.252126720709035E-4
77.0	26.002136809528498	23.18835259744717	23.85091276982443	26.958150167572427	4.476556274788931E-4
78.0	27.11121323940846	26.480398578891375	20.659970963068186	25.747909892999054	5.073256329260304E-4
79.0	27.9882209139654	19.543309746513305	22.420967441593973	30.044965359842244	0.0025365380850748908
80.0	23.666585699049932	22.580505584079898	28.55472207318478	25.195232419831616	0.0029542238537760648
81.0	25.42878994089638	24.389023383333836	21.400690432446805	28.781227685451892	2.685578710880443E-4
82.0	22.45384087926568	22.43728034918549	23.39316608093116	31.714519138900176	0.0011935517174910828
83.0	25.973698532693927	21.986049015231625	23.716674106237065	28.32307110240111	5.072434362699347E-4
84.0	23.25151624367784	25.35889207400176	24.102337199227616	27.286150566995175	0.001103916097602891
85.0	25.62404063457967	26.923123969777656	19.47252616112118	27.97992138611055	3.8784841094030863E-4
86.0	27.98039932277721	23.021547319823686	21.723785585894674	27.27253742252586	0.0017303489785720147
87.0	22.103384309895173	21.79103328820602	23.95786035671859	32.14724471792644	4.7732725377521107E-4
88.0	24.997688034399662	27.10995947049723	25.589670555343087	22.30196597621927	7.159635407499599E-4
89.0	25.47241208861853	26.919248221546916	22.36673049518661	25.240923080319227	6.861143287221478E-4
90.0	22.62879152623977	25.396282766524735	25.387363458519847	26.587413096407875	1.4915230777399726E-4
91.0	28.30864180958816	23.698791748511873	23.70049204069366	24.291597126207918	4.7727499839665433E-4
92.0	25.78183818326948	23.496637120415787	22.86495625333335	27.856568442981384	0.0
93.0	26.48264223003184	24.942178548823257	21.47491977776996	27.100020819898337	2.3862347661281135E-4
94.0	29.139425444482193	21.805883119683806	22.600965397396475	26.449878288819246	0.0038477496182823586
95.0	23.71156559816243	26.124133644207802	23.76462742040503	26.39788373107827	0.0017896061464619634
96.0	26.48228700140062	24.414130074278393	22.582581919785063	26.52016587966089	8.351248750295276E-4
97.0	25.586838147111656	24.499551276067074	23.755316759727048	26.158204340736706	8.94763575129271E-5
98.0	28.690392257211744	22.143457031366502	24.01261674605816	25.153533965363593	0.0
99.0	22.15600946379294	21.71955388383746	26.66350610569691	29.460930546672692	0.0
100.0	22.27858683894482	24.314153197000795	24.403301653331173	29.003958310723217	0.0
101.0	24.070200378288256	21.524506448312135	28.69123234674674	25.71406082665286	0.0
102.0	24.600365778537615	24.83364351560045	24.615840106954742	25.950150598907197	0.0
103.0	27.02246301606009	25.033459139898113	24.426856635672674	23.51716157969477	5.962867435618175E-5
104.0	26.08619561866566	26.643656283671096	22.603244112198126	24.666695288029295	2.086974358240478E-4
105.0	28.12930166522613	23.04608806173021	21.063695875976684	27.758022396013928	0.002892001053046157
106.0	27.636548048402144	22.650096939641024	22.59550783224001	27.117817365895192	2.9813821628079135E-5
107.0	26.98183179857115	23.51738454699646	22.56772715171055	26.932668923965096	3.8757875674871515E-4
108.0	23.717856030194575	22.73191135411993	24.488610700768728	29.061592101948424	2.9812968343099565E-5
109.0	25.09414713665108	24.877680271792467	25.522072405647155	24.505772250981124	3.2793492817032586E-4
110.0	26.025829489357655	23.578374920216326	22.159693749938512	28.236101840487503	0.0
111.0	26.510414353136113	22.400033866360836	24.00579424814443	27.083399789110356	3.5774324826695755E-4
112.0	25.641521723900983	23.68873314383579	24.199661050802135	26.47005427062574	2.98108353443226E-5
113.0	29.659647735883592	20.94399342761463	22.479984451396007	26.91589743406301	4.769510427640267E-4
114.0	27.025869251753527	21.381430385184423	27.076219182280166	24.51624269680071	2.3848398118003663E-4
115.0	27.68497736291274	22.47282789344665	26.367414518799055	23.474422491191554	3.5773365000710993E-4
116.0	27.54841771566997	23.11046745610463	24.24880472351089	25.092280293603668	2.9811110839498766E-5
117.0	25.707302211161576	26.56234908044154	23.855783803894308	23.87414754671128	4.1735779129487043E-4
118.0	27.852561169270086	22.556873551760127	25.054799474020445	24.535557130221676	2.0867472767202772E-4
119.0	27.759396030675443	20.874414029020937	24.573383316316264	26.79250851474523	2.981092421317792E-4
120.0	25.918137622566412	22.385786529649057	24.194159024214578	27.501916823569957	0.0
121.0	28.41007500717697	23.28793830576969	24.733050944721967	23.568667444333382	2.6829799799014985E-4
122.0	28.86745610180577	22.720725146714855	23.924284819103843	24.487265633337767	2.6829903776040656E-4
123.0	25.65085550548695	27.236005995514095	21.968944477103648	25.143836294323936	3.5772757137559366E-4
124.0	25.72855474318516	24.904054770312754	21.584024888225372	27.78330597719255	5.9621084161718614E-5
125.0	27.587578158186954	23.817204862016798	23.9027000439698	24.69203997525767	4.769605687754783E-4
126.0	23.99399618725099	25.031367983938164	23.873085241322567	27.101490966706265	5.9620782015987314E-5
127.0	26.81605896119761	21.86592015233948	26.769019257959116	24.5484054345464	5.961939573953836E-4
128.0	26.133962597120142	22.409175677158107	25.402997906163698	26.04611328655986	0.007750532998192338
129.0	24.17926473805928	27.654716757278187	21.15805275957234	27.005610779660493	0.0023549654297036855
130.0	26.65277529362666	23.515143385202407	23.332766946878913	26.499314374292016	0.0
131.0	25.762469139041105	23.944228784562636	24.641249736925417	25.651724427809054	3.279116617907196E-4
132.0	26.813912475272556	25.4359721597867	21.457938598426267	26.28672152513048	0.00545524138399772
133.0	27.945843899673257	25.03825345443673	24.27908671051294	22.735325444263236	0.0014904911138410284
134.0	27.837968597830624	22.062750085032263	20.49612935516479	29.603122152238903	2.9809733414535045E-5
135.0	29.26975553190665	21.924236055839245	26.173557143410747	22.632153173375304	2.9809546805459916E-4
136.0	28.33779985035429	26.431247931938028	24.394844079306264	20.830384637168777	0.005723501232639458
137.0	29.332119067598928	20.55458755457116	23.76546586517179	26.347618841787234	2.0867087088787963E-4
138.0	26.06363096022335	23.905696405906554	26.301798447708375	23.727592433725945	0.001281752435776751
139.0	25.46155797445972	23.74558801041738	24.19077381848402	26.60109652528527	9.836713536122647E-4
140.0	28.133704984471315	20.876849872077248	25.515662973107755	25.473424469537154	3.577008065258935E-4
141.0	27.91907436912855	24.63852790947585	24.26037019869228	23.18169962306446	3.278996388632614E-4
142.0	29.838277921591683	22.255983049170048	23.02813651761558	24.87745346451069	1.4904711200353896E-4
143.0	27.330919991271905	23.699072699544878	24.45854810766081	24.511369774321516	8.942720089284116E-5
144.0	28.770353288645502	23.309115417600314	23.623214024352254	24.296780705396852	5.36564005080665E-4
145.0	29.32616925507497	21.1686887053984	21.869258055861927	27.63519837839449	6.856052702179032E-4
146.0	27.001703882204385	21.701634606097965	24.92261584670068	26.36969355159878	0.004352113398189759
147.0	28.591996165485074	22.018980610422346	26.254653045553944	23.131240327269172	0.003129851269467675
148.0	25.334662404418367	22.950591464454302	22.820983186694345	28.89331581375994	4.471306730449361E-4
149.0	28.936499764953055	24.853568883063474	23.892156824752753	22.31610520206436	0.0016693251663586863
150.0	26.235978452075365	24.316119298783242	23.262809618761754	26.18506282029077	2.9810088866855922E-5
151.0	27.55309105185822	23.780367288691846	23.61539353573572	25.050850014294348	2.9810941987012566E-4
152.0	27.71698382636107	23.5424481629998	22.639427690541016	26.101080697076597	5.9623021521823963E-5
153.0	25.17308044890762	24.056177547762392	24.34201406227408	26.428250950627017	4.7699042888892535E-4
154.0	23.86487019890373	23.286923059035512	24.648017491650982	28.19741667824389	0.0027725721658797132
155.0	28.422641189866255	22.608180434859747	23.677572700514403	25.291486399488072	1.1927527152270091E-4
156.0	28.249281502514066	22.767260489407267	25.44682820410517	23.53651052653237	1.1927744111720021E-4
157.0	25.285842040868783	21.90195773804962	26.848501854622302	25.96345981065229	2.3855580700000268E-4
158.0	25.186979025487478	20.698796553162698	26.076838456861307	28.03732632443414	5.9640054379801584E-5
159.0	27.15148113843899	21.44115554383954	23.297461646777602	28.109514008625187	3.8766231868586057E-4
160.0	26.98945727353893	21.2563838155998	24.0814551908778	27.672703719983467	0.0
161.0	24.78515539963869	19.468866096451492	28.974185248560097	26.76809546501801	0.003697790331709685
162.0	26.969994736441866	20.99262058095964	24.79493744119502	27.24244724140348	0.0
163.0	25.808710423365532	23.053026114330944	28.444299706129527	22.693963756173993	0.0
164.0	26.75763484331281	22.70039133772368	24.781143736836864	25.75942839998879	0.0014016821378575258
165.0	29.4872001345659	20.856521495351632	24.74968714621277	24.90617368783336	4.1753603634233657E-4
166.0	25.520331437368903	22.231726401327084	25.166758079770084	27.0811542567041	2.9824829826977215E-5
167.0	26.484683557215728	24.090387681706225	25.859624278439348	23.565006224644343	2.982579943581518E-4
168.0	26.489299414466156	23.346965266756285	23.222377886023278	26.94135743275428	0.0
169.0	26.833519162474325	20.571315735940072	26.205100487928263	26.38976633253215	2.9828112518799166E-4
170.0	32.497737480976646	21.19119762275918	23.13299674447823	23.177978665206243	8.948657969764274E-5
171.0	26.576653165834724	23.691335067023907	25.69292438281272	24.03863994182054	4.474425081121327E-4
172.0	28.384210443113016	25.299519390948156	23.4411226321138	22.875087879005708	5.965481931897462E-5
173.0	30.164074957630078	19.432955896503444	20.95460437736047	29.447290979516282	0.001073788989725629
174.0	25.528142546586075	23.00707172907176	24.99251305889568	26.471884895588495	3.8776985799271235E-4
175.0	26.05745940076605	23.141384371233904	23.459138258140726	27.34085458255277	0.001163387306549572
176.0	25.863969431171956	22.687611886379372	28.580028536713346	22.867107395710185	0.001282750025132951
177.0	23.602991280107023	25.508580866356635	23.21144934955828	27.65382728955367	0.02315121442439995
178.0	26.86880041000711	21.36810040878401	24.478981616801462	27.284028069258504	8.949514891545303E-5
179.0	28.13754824627746	25.162233095939424	22.88770286409176	23.81153125189263	9.845417987220649E-4
180.0	28.626328606937037	20.843784732010278	25.73545826652518	24.794338618733576	8.977579393223364E-5
181.0	30.85376585116305	20.696950981725298	24.806886723451004	23.642037023836124	3.59419824519261E-4
182.0	26.881498886268858	21.344706827270752	25.56370847615585	26.21002591618537	5.989411917612045E-5
183.0	23.45444999740937	23.87347306359441	27.286724566983047	25.385082826762968	2.6954525020837344E-4
184.0	25.805470924332695	21.772125889726084	26.711970162951214	25.706868727288846	0.003564295701159864
185.0	25.850531851012832	24.793238931787638	21.813603418269967	27.542236460687768	3.893382417904288E-4
186.0	27.326125398654817	22.731441435181303	23.85216765187221	26.090265514291673	0.0
187.0	25.350935151632864	23.364846776103658	26.220359146978645	25.063498691601243	3.6023368359054523E-4
188.0	28.840953114060735	27.635149983848173	21.53825461768199	21.985191954587542	4.503298215613115E-4
189.0	25.53569358981211	22.93539610069472	24.12973624112832	27.39845346493153	7.206034333150581E-4
190.0	28.624792506948467	20.377048806209295	25.016905729090343	25.981042762185936	2.1019556595456413E-4
191.0	27.230029580237336	23.1217902735608	22.955046159907724	26.692893374297526	2.4061199661338617E-4
192.0	27.462669506310988	22.19260248589202	24.36769784259226	25.977000084226738	3.00809779927565E-5
193.0	28.81933036557789	23.54007131759436	21.390825471669732	26.249592324753802	1.8052040422128913E-4
194.0	28.750059051309496	22.29133523962495	23.59916001204797	25.359445697017584	0.0
195.0	28.209096178536026	19.807972774424137	24.085262905092698	27.897337091656993	3.310502901505316E-4
196.0	29.51534090617259	22.62183550661956	25.705274409928542	22.157458537662723	9.063961658233658E-5
197.0	26.470730438156526	23.731549578548044	21.949225117049842	27.848222903271232	2.7196297435630896E-4
198.0	28.383165045613158	23.04059816238174	23.061478810536453	25.514697370008115	6.06114605361811E-5
199.0	25.80329555906285	23.240136954511712	24.920934041433842	26.03548157031129	1.5187468030379797E-4
200.0	28.672609653886056	22.792211638797205	23.10085408290513	25.434294246218293	3.037819331770882E-5
201.0	24.40488668284138	19.107152296875825	30.86119096184846	25.626648535435194	1.2152299913900956E-4
202.0	25.299555300600506	25.74692848713483	28.6862711973583	20.26724501490636	0.0
203.0	26.979526955972016	24.6455209137494	20.865697317471994	27.508890091119635	3.647216869593761E-4
204.0	26.203880712162025	23.717587651610742	21.880643463939737	28.19776658275976	1.2158952773715506E-4
205.0	28.17991569472809	23.719719322906947	24.851724014234495	23.248184968174243	4.559999562240042E-4
206.0	26.571331017135545	20.208871299001434	25.17294712605096	28.04675934498243	9.121282963176469E-5
207.0	26.04940843382837	24.836808021153757	26.66005738518781	22.45354369500396	1.8246482610341803E-4
208.0	29.38530264906142	22.10220884902345	19.833131761968957	28.67929590351829	6.0836427879631484E-5
209.0	26.792838594553643	19.734269202275172	25.805764599753257	27.666732080133016	3.9552328491215577E-4
210.0	25.65981110693188	23.209484092350426	24.905054392877616	26.2254069575654	2.4345027467277238E-4
211.0	26.56887588908548	25.108255023995106	24.956497067129074	23.36591537598833	4.566438020041183E-4
212.0	29.09446550962037	20.96668899605778	24.27338851404147	25.665274202181216	1.8277809916260212E-4
213.0	30.818146369838857	21.540422571409497	22.7910090696484	24.850330527389584	9.146171366934944E-5
214.0	27.195335401537267	23.713244999763475	25.56962334374557	23.52176573546624	3.051948745572767E-5
215.0	25.471342440802573	23.21192829168546	23.421611031784746	27.89502643067464	9.180505258287395E-5
216.0	25.24548577894741	24.813047410953242	26.69020401934108	23.251262790758272	0.0
217.0	29.641421337380468	21.972312856376824	25.87663247373562	22.509413697859912	2.1963464717733396E-4
218.0	24.24310229964547	23.566025668249882	25.64416252374665	26.546614426679664	9.508167833107567E-5
219.0	27.417131695710058	22.985460707084492	22.958260692663657	26.638889389612363	2.575149294280336E-4
220.0	28.92349630472778	21.00114310105369	23.540476610082894	26.534657627491338	2.26356644295085E-4
221.0	24.422997905128284	21.5173205714187	23.99597513525103	30.06360863403872	9.775416326835179E-5
222.0	26.85464552637937	23.94065345283338	22.796614890565422	26.40805316651058	3.2963711239208095E-5
223.0	29.451335674187284	22.68038005080151	24.426515240453373	23.44140216440052	3.668701573139235E-4
224.0	31.04061341197041	22.381756982560642	22.75471274385826	23.822850023660635	6.683795005333668E-5
225.0	32.31575932657588	20.34256102586788	22.920172403245033	24.42083494964177	6.722946694427955E-4
226.0	26.21278686156651	22.19709966791443	24.86049544387318	26.72951582550586	1.0220114001964987E-4
227.0	28.950927773347413	23.573776245595926	24.08728471793408	23.386839026781807	0.0011722363407746207
228.0	28.724022020792788	27.764965848345145	22.928786254696067	20.582156497486757	6.937867923808334E-5
229.0	28.738198171163504	24.405263549053398	21.447006230271857	25.40949699283862	3.505667261695257E-5
230.0	26.480440752612296	21.844773006169742	27.966478768658725	23.70830747255924	0.0
231.0	26.451324203742942	23.870976110036437	24.254688405799712	25.421858342067445	0.0011529383534671198
232.0	24.274490464773233	24.973884156895796	24.214776403814888	26.536595334694052	2.5363982203180716E-4
233.0	22.85965284254801	24.554682919737644	21.12419515549799	31.461139509309888	3.2957290647050487E-4
234.0	25.85467857792785	20.632310248818907	27.904509620820868	25.607380527726114	0.0011210247062635014
235.0	25.946079240954745	20.94507164535059	27.857329007995613	25.251482226165063	3.787953399082103E-5
236.0	29.60399892083327	22.714189002736788	24.163597674018522	23.51798348228323	2.309201281914605E-4
237.0	29.84490736606536	23.435659425179626	21.87646323878271	24.8429699699723	0.0
238.0	27.458410667178057	21.873004433130312	23.956587468164262	26.711958134210555	3.929731681850495E-5
239.0	27.621235108789616	21.75251019280764	24.740025694949686	25.885234000754608	9.950026984473182E-4
240.0	25.783447258211577	21.100080181010476	26.14508249124123	26.97122593236071	1.6413717600347315E-4
241.0	26.731116151633632	21.748188513716435	23.093065839622916	28.42557530635143	0.002054188675586502
242.0	27.47521654130137	23.467576038566502	20.695896791450018	28.360487121165956	8.235075161530999E-4
243.0	29.225012819020208	21.6394143792663	25.709257190417567	23.423755935763705	0.0025596755322267275
244.0	27.91297858839433	21.87837387289377	26.02344430591601	24.184375922967526	8.273098283580299E-4
245.0	28.825276343350133	20.93158298595989	23.189531097700076	27.052199340508924	0.001410232480972231
246.0	25.628335751274665	26.09128389983531	22.2397132214916	26.03863082046131	0.002036306937115933
247.0	26.71530609014677	22.36874769867994	24.882788875023117	25.891079458646217	0.1420778775039612
248.0	27.206401761401782	22.55399088441218	23.221730627290885	27.008118961340067	0.00975776555508759
249.0	26.553610210608852	21.325630346935327	29.607288133042868	22.498382439732296	0.01508886968065097
250.0	28.522372659553053	21.3871971679753	23.238876585464062	26.850463056170724	0.0010905308368565868
