# Position (bp)	A	C	G	T	N
0.0	23.83097232508067	23.831368216467077	25.56529331064964	26.772260576766243	1.0557103637502843E-4
1.0	22.937359335489532	30.443565161435725	23.538774169019632	23.005947271806225	0.0743540622488839
2.0	24.629651503101222	26.694410978032913	22.975072116835836	25.700366686877757	4.987151522787346E-4
3.0	26.343279726879544	21.927047426593894	24.658147080473142	27.064550379988088	0.006975386065328949
4.0	25.646623431810788	23.91067078650096	24.16338353180602	26.279191256338123	1.309935441141719E-4
5.0	28.259851912868434	24.5266923953906	22.33688998183778	24.875806879141024	7.588307621617676E-4
6.0	25.538858897491078	24.105367910107145	24.024638028372504	26.324499115498334	0.006636048530938225
7.0	25.193437273150245	25.612228806612254	23.74198980063938	25.451744617185128	5.995024129972123E-4
8.0	27.269293943685604	24.700097407706522	23.58996167416407	24.44054293416982	1.0404027399006156E-4
9.0	25.884780618024276	25.93185121951283	22.027405838675833	26.15570269553837	2.5962824869582243E-4
10.0	24.439322419373497	24.836651150147098	23.35931351721784	27.364686974579573	2.5938681993315084E-5
11.0	26.92584403337398	23.193151371097358	23.03632462207592	26.844479010135082	2.0096331766321864E-4
12.0	27.903087690815138	24.491555625952838	20.361039063892132	27.244317619339892	0.0
13.0	25.111679521986684	23.29419227329926	25.268253551058844	26.325801236636266	7.341701894599591E-5
14.0	26.450189315023824	22.210233277172893	23.778595022856695	27.560934074892664	4.8310053926097694E-5
15.0	25.1147389294372	23.70391215332388	24.443583264869556	26.73771795626983	4.76960995322205E-5
16.0	26.32381848446886	24.503874401931267	22.12749950634852	27.044690350368256	1.1725688309629465E-4
17.0	28.52710994628964	26.55689390351283	19.397039187067534	25.51771420049628	0.0012427626337178073
18.0	25.515898245933418	25.8156606944588	20.481851026275752	28.186498781445113	9.125188691792416E-5
19.0	24.873773346624372	25.13082373036112	21.86360733652624	28.131250747734438	5.448387538357216E-4
20.0	22.772646594867673	25.801675009253263	23.816811134749567	27.60882217825139	4.508287810897163E-5
21.0	23.63981654054071	25.086210345420252	23.745890634614085	27.527769576492584	3.129029323698307E-4
22.0	22.566815289036292	26.791313685770547	26.087289675872128	24.554514911069077	6.643825195644043E-5
23.0	25.07489728010822	24.218679554723572	23.582419195926523	27.123629179702547	3.7478953913894084E-4
24.0	27.40596911134718	21.685026889353896	24.929712697855948	25.979203994802635	8.730664034662483E-5
25.0	24.82380677658429	25.03187743674066	20.148031488574162	29.99604652776412	2.3777033676709728E-4
26.0	25.929900817887557	25.687657702525023	19.947484615842615	28.434935369235898	2.1494508905282513E-5
27.0	25.141206361510584	25.17572013743771	20.06517315625694	29.61779315915524	1.0718563952526196E-4
28.0	27.07808299931511	23.987055164357315	23.0752484813644	25.856454940555036	0.003158414408135397
29.0	27.109737391696708	24.312095812307767	22.157079316051302	26.420751378959324	3.361009849019236E-4
30.0	23.288421932189856	24.855072509134725	25.230311533325445	26.625964470304865	2.295550451086098E-4
31.0	25.84145680020475	25.015573019663	22.71265500629252	26.42965094640992	6.642274298113988E-4
32.0	24.156807487593532	22.76004216913939	24.875061068113446	28.207924712658457	1.6456249517883315E-4
33.0	23.44871340527021	25.151165206339897	25.41270015845666	25.98733976121519	8.146871804898714E-5
34.0	26.071713752453178	27.07804647334211	22.616121760786406	24.23399684393896	1.211694793468642E-4
35.0	25.456248392718233	22.096230854379073	26.09520778459469	26.352033441044505	2.7952726349198237E-4
36.0	23.614050324835617	25.005869561878345	26.305411506655197	25.074489078824875	1.795278059647515E-4
37.0	25.157609429308003	25.609785034636488	21.43322737970448	27.799318336850387	5.981950063877257E-5
38.0	26.51640100769807	24.98426219286359	21.452514879653116	27.04668238254652	1.395372387015701E-4
39.0	23.083584181273775	27.437974923709273	21.99809552204539	27.48004642812728	2.9894484427763765E-4
40.0	25.764358079497146	26.776135951063228	23.17402738804486	24.28535902123269	1.195601620757557E-4
41.0	23.663688673531194	24.902471388950875	21.612320284357168	29.816259683126656	0.005259970034110109
42.0	24.438689662948835	26.21626370578975	20.968707827764558	28.376279037707036	5.976578982284224E-5
43.0	25.74357437994716	25.98826694755982	22.463729864504778	25.800265608164814	0.00416319982343252
44.0	28.375676676903954	25.238803710918052	22.646219970283976	23.739000888294036	2.987535999808798E-4
45.0	25.47816907677011	24.62772121113398	21.844464442071192	28.045463425086332	0.004181844938384497
46.0	24.917854888584905	24.718540244235108	22.53549732090056	27.82810754627943	0.0
47.0	25.05265048242535	24.734079724517226	23.412850261589973	26.79868741122884	0.001732120238610513
48.0	22.517169995444156	24.140077148794553	23.032483818198575	30.310269037562716	0.0
49.0	22.285493889506615	26.065010228436748	24.874634730672394	26.773209317062037	0.001651834322211579
50.0	27.092282951992598	24.700818149453514	20.497695478377537	27.709064120048055	1.3930012829541815E-4
51.0	24.447713802663102	27.48946384758141	21.43704344251482	26.623331531295275	0.0024473759453984456
52.0	22.92583525268413	26.40078189178654	21.666083199910403	29.007299655618922	0.0
53.0	22.657697599876617	25.502706043811724	23.749471944309477	28.088518686580038	0.00160572542214224
54.0	22.79532757503428	28.743735208371778	22.6508381831802	25.810039564601073	5.9468812671456016E-5
55.0	23.873549660441597	28.029386056718504	22.841816786843264	25.253783455791723	0.0014640402049181465
56.0	26.006602109454484	25.294067260646823	25.215789118645887	23.483541511252803	0.0
57.0	22.378531572978968	27.985334204451206	23.205223225933043	26.42560991602732	0.005301080609458117
58.0	25.012964737890776	25.75880801151577	21.833251516706216	27.39479772833267	1.7800555456443822E-4
59.0	27.35121047662406	22.789184797677734	24.46578006098364	25.39095703338991	0.0028676313246597702
60.0	23.98642978023432	23.948041382061323	23.28708558203644	28.778403761431115	3.949423680349445E-5
61.0	25.416582500109097	24.06251289648866	23.036263395811083	27.478046103725184	0.0065951038659748515
62.0	24.978241279333798	22.268155105322478	25.16135414272615	27.592071769817217	1.7770280035919657E-4
63.0	25.775437917581463	24.237296836252785	22.681504793795707	27.303252989211984	0.0025074631580610006
64.0	24.861441029065453	22.1590877734618	23.81779436193101	29.161637416204343	3.94193373924739E-5
65.0	23.9317150598994	26.096319518116644	23.930079298932558	26.036683220699036	0.005202902352362226
66.0	24.012308405409584	24.643139802170015	23.163297240028882	28.18068304003582	5.715123557029839E-4
67.0	26.503054379362606	25.027702143869064	21.23104524036475	27.23760704713375	5.911892698359273E-4
68.0	23.163088661423064	22.817121220630355	27.250221931896217	26.76939083758723	1.773484631277766E-4
69.0	22.847754020473598	25.271781965957206	25.107171906970294	26.77029704687111	0.0029950597277963614
70.0	25.575107931106665	23.50541190098826	24.583562206563535	26.335603178675367	3.1478266617770425E-4
71.0	24.206985374646614	23.462371255830238	26.129835830820408	26.19982618212251	9.813565802313962E-4
72.0	27.124200129874946	26.169860652306635	21.879100907417296	24.825130978824966	0.001707331576155525
73.0	25.175198538722043	23.258811532385558	22.69601780564603	28.866028132622475	0.003943990623898111
74.0	24.638998253630323	25.7216061892236	23.90052383242307	25.73806730772815	8.044169948589906E-4
75.0	24.953375576846035	25.348442275373866	22.208175057493317	27.4878686252652	0.0021384650215788776
76.0	26.320211796533293	24.630567481698804	25.444245975110576	23.603915371629743	0.0010593750275878914
77.0	23.91974224864672	25.511110465930614	23.98051563610198	26.58780773638553	8.239129351584444E-4
78.0	27.008674965005113	26.333493399619606	20.686292048785692	25.97091187566302	6.277109265640986E-4
79.0	26.76932118050141	21.267083177146805	22.973395231255118	28.98747388963394	0.0027265214627258034
80.0	23.469900134594887	23.845518335464124	28.139589530706736	24.542285194444695	0.002706804789553773
81.0	24.83207273059635	25.286972390044344	21.829064191004115	28.05136111948506	5.295688701373564E-4
82.0	22.61364986978998	22.790165936870793	24.144475655100155	30.450512151562187	0.0011963866768810632
83.0	25.241295533537013	22.68495728715061	24.226318677590257	27.84668324791025	7.45253811875188E-4
84.0	23.186663283159902	26.432947145519158	24.835436454722913	25.54367841833871	0.0012746982593112785
85.0	24.96572215650777	27.259709963949437	21.457851587134748	26.31608878039903	6.275120090110725E-4
86.0	25.007936640217736	25.374855508047922	22.978352924105327	26.636697965494488	0.002156962134529728
87.0	22.029427445001236	22.30944326439505	26.168724383925003	29.49175785660939	6.470500693225915E-4
88.0	24.350336598177165	27.485567011319933	25.49983873481828	22.663473387323673	7.842683609477491E-4
89.0	26.20311639790891	26.420585102962374	23.282071732518983	24.093226865423496	9.999011862357131E-4
90.0	23.59614862064517	25.860084795905202	25.14612648650641	25.397424441029674	2.1565591354001534E-4
91.0	26.251907493056176	25.31894146486057	24.147783857707683	24.28083786975567	5.293146199050527E-4
92.0	24.94488073518229	24.41492814157266	23.17157631785864	27.468595202198067	1.9603188340964527E-5
93.0	25.789439225186158	26.48934431017645	21.124097944762678	26.596804880850495	3.136390242219498E-4
94.0	27.570005067042757	24.11263536207794	23.459506291659764	24.853109664722503	0.004743614497034751
95.0	23.736013363037685	26.674819290474762	24.007131553084633	25.57938968614032	0.0026461072626039967
96.0	25.567053711882657	24.73141314688889	23.98640239243884	25.714013556055832	0.0011171927337784596
97.0	25.138064482747673	25.334308313502508	23.16306327741505	26.36438753619428	1.7639014049670678E-4
98.0	27.98420171446635	23.01610616905686	24.104320579847954	24.8953519386961	1.9597932731663734E-5
99.0	21.5346955188029	22.843168781156166	26.69994432820843	28.922171775988936	1.9595843564813154E-5
100.0	22.56599955166862	25.247738356316844	24.271422323453844	27.914839768560682	0.0
101.0	23.474690047424566	22.82188709175568	28.111713029254947	25.591572675737762	1.3715582704571834E-4
102.0	24.88321547763302	24.533763267583907	24.670181697905875	25.912761178003123	7.837887407179818E-5
103.0	25.57234776267574	25.64534902971598	25.50524380679468	23.276863476854817	1.9592395877681537E-4
104.0	25.573541748870827	27.218826518437307	22.932990763224208	24.274249132374717	3.9183709294493394E-4
105.0	26.917581228038035	23.9850940292849	20.851940489753616	28.24185760370063	0.0035266492228146775
106.0	25.435711482658235	24.019209568421452	24.785139386335324	25.759802418554568	1.371440304240317E-4
107.0	25.490588294529886	24.564238791010357	22.843450009786004	27.100821691189797	9.012134839561469E-4
108.0	23.77753265779729	24.688975457900643	24.396692408182357	27.1367015326006	9.794351910672376E-5
109.0	25.610986025567072	24.919227601390297	25.151041202492657	24.317785401521334	9.597690286451881E-4
110.0	24.27591669428325	24.21202641477209	23.516715279687435	27.995243680111436	9.793114578657122E-5
111.0	24.402112364603436	24.497635713863204	24.847724773668226	26.251606582473453	9.205653916770704E-4
112.0	25.249669881478535	24.203298952434338	24.078890002667585	26.467984477084823	1.5668633471883225E-4
113.0	28.116592428860088	21.939098166842246	22.98818090248339	26.95522758132815	9.009204861288603E-4
114.0	25.77016499100836	22.6883299052421	27.320444337029613	24.22082574237336	2.3502434656376777E-4
115.0	26.604744303875815	24.177162306070688	26.112787832337975	23.10454168056499	7.63877150534528E-4
116.0	26.938795816173954	24.681435907399884	24.738941774526076	23.64068939663105	1.3710526903383484E-4
117.0	25.881198947653765	26.93844181932425	23.955605906050366	23.223930691812665	8.226351589566166E-4
118.0	26.470998972695643	25.0443092333019	24.70019654907998	23.78422103594194	2.7420898053997627E-4
119.0	26.64732033906737	21.34942201932256	25.0186366401634	26.98397464398435	6.46357462314422E-4
120.0	25.061182519280205	23.892804504835354	25.14614763128902	25.899786999632756	7.834496266372873E-5
121.0	27.425781999024206	23.76137500756522	24.073071906715782	24.739007219718108	7.638669766791413E-4
122.0	26.268685540382076	24.167216551019575	24.608357967956483	24.95532862910452	4.1131153734738136E-4
123.0	24.05680600949104	28.19574444581765	23.566114997540964	24.18047275796239	8.617891879536757E-4
124.0	25.157931146055024	24.7231039155016	23.175795864470068	26.943051558393687	1.1751557962796917E-4
125.0	26.383280843596253	24.14980335934317	24.06072749208737	25.405130675942466	0.0010576290307417505
126.0	23.765483964600023	24.132089092997994	25.279889442641906	26.822400399861646	1.3709989842856097E-4
127.0	25.448119651340086	23.32255155131335	27.765037452248258	23.46325331703825	0.001038028060052861
128.0	25.924232129906134	23.925457799877357	24.601554434690573	25.539256595320715	0.009499040205226274
129.0	24.30970519767279	26.802310755754853	22.380158335654198	26.50422200991723	0.003603701000927953
130.0	25.927378896113623	24.893781749674535	23.595659883022336	25.583179471189503	0.0
131.0	25.880095970229643	24.854898888508053	24.384292219556382	24.879949077021006	7.638446849140674E-4
132.0	26.02551675632714	25.585541614609276	22.429076434125257	25.953715257505127	0.006149937433200222
133.0	26.669708985252917	25.559021143787746	24.860691513791792	22.90854144000251	0.0020369171650421927
134.0	26.38587136942057	23.405729645184103	21.218798663723888	28.98950239441924	9.792725219459867E-5
135.0	25.894440052989925	24.224990971186923	26.132244496341077	23.747756506425148	5.679730569250018E-4
136.0	27.762595658612472	26.431184849661765	24.490191228110376	21.309643351749692	0.006384911865692792
137.0	28.53548336426882	21.96711300334307	24.16830157623105	25.328847443107204	2.54613049858915E-4
138.0	24.642684936421833	24.801008539368794	26.721867106097573	23.83330349913964	0.0011359189721578426
139.0	25.599678179189873	24.200662482395526	24.93547230317902	25.262816084851647	0.001370950383934655
140.0	26.55198590191585	21.831329067192694	25.529608444435915	26.086684885962274	3.917004932684312E-4
141.0	25.239863152460284	25.52696643913583	25.374591545191105	23.858285081283583	2.9378192919933847E-4
142.0	28.53883523288135	22.918044191519567	23.705740322332982	24.837164810990533	2.15442275571823E-4
143.0	26.089216545166565	25.91611782542726	24.19316077909701	23.801289407231877	2.1544307729490456E-4
144.0	27.660279134627814	25.96028422689579	22.93112903415345	23.447857134463295	4.504698596492603E-4
145.0	28.101507146371347	22.39018780181315	22.933627743150545	26.573658860654376	0.0010184480105793244
146.0	27.174927871428117	21.7273723107368	25.386965797611467	25.705818054832797	0.004915965390820228
147.0	26.086856041161816	24.96717031307134	26.08726733030455	22.854808861204994	0.0038974542573028794
148.0	24.62173721787709	24.666529046531405	23.910493117491686	26.80071181207723	5.288060225913766E-4
149.0	27.58510875200336	25.066889733637748	23.93811262544824	23.40753861644552	0.002350272465128322
150.0	25.500568188717782	24.11760350886402	25.059159394073056	25.322668908345147	0.0
151.0	26.61802740708024	24.387189398338887	25.50478247968168	23.489491471644456	5.092432547303313E-4
152.0	27.19949670387655	24.11363492580515	23.287258573671792	25.399433517649346	1.762789971605371E-4
153.0	24.58666403422797	23.646193971558695	25.11661860115655	26.649661582769436	8.618102873510537E-4
154.0	23.12151046578702	24.923919462456258	24.80248048896815	27.149210303901032	0.0028792788875406554
155.0	27.03588900176258	23.99213871527975	24.04238339610164	24.92939300116082	1.9588569521204432E-4
156.0	25.665752467231716	24.064894643755068	25.892255318448747	24.3769212732661	1.7629729836143415E-4
157.0	24.808462291870715	23.404348677766894	26.405053868756124	25.381958863858962	1.762977473065622E-4
158.0	24.900536856114492	21.435419183036867	26.294450867459656	27.36959309338899	0.0
159.0	26.76529575601857	21.833821698948164	24.47557995620577	26.9248912098499	4.1137897759395013E-4
160.0	26.469430140728196	21.6332525847576	25.903288986262556	25.99396951927368	5.8768977972211674E-5
161.0	24.221993804512447	21.33597718016966	28.519146046875	25.919200075695198	0.003682892747698535
162.0	25.120836543658566	24.338624027670605	24.63320014034337	25.907280518071556	5.877025590332528E-5
163.0	25.105362027511575	24.143708849156525	27.10990974118545	23.64099979175413	1.959039232307378E-5
164.0	25.510877363181255	23.90855123780134	24.779594448299466	25.799370510538445	0.00160644017949814
165.0	25.951845269161506	22.405714715604265	26.922459042343938	24.71929527597929	6.8569691099419E-4
166.0	24.96302474349487	23.428784255133483	25.71536272192746	25.892651950230494	1.7632921369513735E-4
167.0	26.486095902233714	24.071269044404435	26.135032887421783	23.30719071804906	4.1144789100627815E-4
168.0	25.70383238122706	24.37005414818687	23.8816114826446	26.04430605442406	1.959335174063418E-4
169.0	26.73481016105754	22.299056242581276	25.60526384883579	25.360712996718814	1.567508065808691E-4
170.0	30.75591742555715	23.293302215508895	23.17542493915585	22.775179074118668	1.7634565943773557E-4
171.0	25.580366922073438	23.662171021565694	26.771157073793134	23.98558002599655	7.24956571182702E-4
172.0	27.149162897562697	24.316816650661888	24.30600534650328	24.2278975910965	1.1751417563707861E-4
173.0	28.13511350232183	20.550313575489117	23.51738810017103	27.79563765506677	0.0015471669512605202
174.0	24.020742155401273	26.01190368947006	23.689799064531066	26.277065500842482	4.895897551189547E-4
175.0	25.726933051950635	24.08248539573261	23.496434637567997	26.692521443974233	0.0016254707745250736
176.0	24.480722220024386	24.903574868479136	27.610489863561426	23.00384212091028	0.0013709270247710846
177.0	22.111952848433617	26.408606430065312	24.392301909793563	27.061989847182826	0.02514896452468261
178.0	24.945196623332517	23.596033749440117	24.003536245042824	27.454939609058478	2.9377312606529475E-4
179.0	28.19338737370156	24.444106686702316	22.785779284804075	24.57570815850779	0.0010184962842513445
180.0	26.24011904750219	22.64011001685394	25.580076819405683	25.539478165953867	2.1595028431818116E-4
181.0	27.623719431917742	22.473566778292827	26.197792224338695	23.70419408166379	7.274837869424132E-4
182.0	25.9073106497724	23.41811862652819	25.37648252683389	25.298009546923243	7.86499422807736E-5
183.0	23.947063221236377	24.87011207073863	25.795343580167916	25.387166510209937	3.146176471397913E-4
184.0	25.825115947971145	22.282225768422627	26.740055316793352	25.149063321308375	0.0035396455045027236
185.0	24.726123661783074	24.684144626526187	24.684950781301612	25.904269710287636	5.112201014889875E-4
186.0	26.917643607212284	23.40036268290966	25.224081169866718	24.457892876006255	1.966400507803267E-5
187.0	24.55025200071865	22.635996072634203	28.250458612940132	24.562682617781576	6.106959254367854E-4
188.0	27.297003158551732	28.001707729940673	22.41334472345335	22.287451849423455	4.925386307898901E-4
189.0	25.291371249688687	23.931376041512326	24.828522857313995	25.94792201937536	8.078321096318808E-4
190.0	28.69144851169616	21.5880955397684	25.116047284748717	24.60425102431175	1.576394749738466E-4
191.0	26.648501351642327	23.768852879303086	24.707690200459894	24.874758205328455	1.973632662357437E-4
192.0	26.557263208053506	24.10176511379053	24.138243460989784	25.20270847780081	1.9739365367559814E-5
193.0	27.364436748665405	24.45609954430082	22.445282241116846	25.73392482296078	2.566429561478129E-4
194.0	27.78300848440577	23.515100662859627	24.325635343300085	24.37625550943452	0.0
195.0	25.99829675516655	22.293689878725257	24.54173216405885	27.165609855836298	6.713462130446124E-4
196.0	28.526728500257782	22.577761194561354	25.907413423146487	22.98799796306049	9.891897388578657E-5
197.0	24.698623057008145	24.252384936178768	24.61209417698035	26.436145920973587	7.51908859148475E-4
198.0	26.982748676291212	23.604570913013195	24.352396510490767	25.06018479795231	9.910225251491786E-5
199.0	25.569048541583793	23.339266787162845	25.72012223325325	25.3711652414925	3.971965076099872E-4
200.0	27.59259895570889	23.92331934337848	23.823633218618482	24.660408758793544	3.972350060171172E-5
201.0	25.358929035725758	21.3636890005365	28.282144113476416	24.995039220449495	1.9862981183202036E-4
202.0	24.98594584372414	24.77963281604768	28.41871572623338	21.8157056139948	0.0
203.0	25.598817476439244	24.775013129325895	23.209031783996707	26.416422278066705	7.153321714484304E-4
204.0	25.37077006939748	24.195955228380132	24.072148261525626	26.361007204452598	1.1923624416164698E-4
205.0	27.371012390736173	24.44991725531292	25.085184199590483	23.092971958226006	9.141961344210147E-4
206.0	25.42607419433189	21.538247793851365	26.200328114794864	26.835330020913638	1.987610824210531E-5
207.0	25.90546707453902	23.64400600198953	26.985415674353103	23.464813058064557	2.9819105379128057E-4
208.0	27.873629836703774	22.620295018799048	22.231847635256717	27.274207626587877	1.9882652584446598E-5
209.0	26.87943224331543	21.250208555685013	25.21235890549181	26.657284395182547	7.159003251977227E-4
210.0	24.677883928823597	24.54762934266483	24.921904927080103	25.85230335217109	2.784492603790967E-4
211.0	24.87822831246444	25.745272170961798	25.36613072004647	24.009573033171392	7.957633558932244E-4
212.0	28.14099834021263	22.744619622109802	24.59241672205925	24.5217264972914	2.3881832691840773E-4
213.0	29.519320569112978	23.324591534992084	22.70008064757012	24.455628901699573	3.783466252476677E-4
214.0	27.62121422568945	25.018089296058854	24.316198703070707	23.04449777518099	0.0
215.0	25.84408750844941	25.040152803307674	23.255057915289218	25.860322360663336	3.794122903622289E-4
216.0	25.711737591345248	24.683230119736386	25.92567086145251	23.67926044886201	1.0097860384558838E-4
217.0	28.90453322083639	23.051787616147358	25.338625901728197	22.704340653982122	7.126073059351434E-4
218.0	24.11411612671913	24.631422228928766	25.85843867014731	25.39575571754507	2.6725665972758734E-4
219.0	26.145668567834957	23.224494248997043	24.70151906789241	25.92763364491254	6.844703630555255E-4
220.0	27.589921917222625	22.00753378018561	24.922710285029336	25.47958390589799	2.501116644368517E-4
221.0	25.58317590635857	22.873906817362812	24.637585649124183	26.90512174784134	2.098793130985889E-4
222.0	25.158964496164092	24.94825446180828	24.276028450514488	25.616646685786183	1.0590572695809098E-4
223.0	30.47458562932449	22.784941881770045	23.99519488288009	22.744549428176928	7.281778484443444E-4
224.0	29.297598729250534	23.715009783336615	24.152871263829308	22.83439139658982	1.2882699372118703E-4
225.0	30.222537743841933	20.354037712318558	23.676277409141434	25.746175523870967	9.716108271128649E-4
226.0	25.323046022737937	22.477661629940506	25.887697344272986	26.311420424862202	1.7457818636832417E-4
227.0	26.960991876825226	23.851226411372135	25.817580028800208	23.368724862363624	0.0014768206388108905
228.0	27.312893087680685	28.085431701877123	23.123471748624087	21.478070582430288	1.3287938781580172E-4
229.0	27.09443162500081	25.74327540888991	22.290528939494138	24.871741708210518	2.23184046268731E-5
230.0	25.679244870886336	23.052046972860833	27.317719399105155	23.95096623856591	2.251858177071265E-5
231.0	24.604698541761145	25.10356253290096	24.749269057488657	25.540897458393818	0.0015724094554221918
232.0	25.125578515814656	25.416844144247975	24.174795120796645	25.282530179972007	2.520391687198312E-4
233.0	22.906075036630554	25.26044915855244	22.49125342592511	29.341596215561594	6.261633302983737E-4
234.0	27.005699234088237	21.68919756505875	26.135818612448553	25.168061425366	0.0012231630384593039
235.0	25.323160242388653	22.46840134168878	27.462531334114733	24.74574025252234	1.6682928549876952E-4
236.0	28.098033030936975	24.122771213593005	23.616042769899735	24.16300807490529	1.4491066499021127E-4
237.0	27.431738676116485	24.05757043276993	22.996639510156943	25.513904826667797	1.465542888379857E-4
238.0	27.02485706636832	22.85239885509722	24.250798868544564	25.871895771231042	4.943875884984683E-5
239.0	27.3819726127856	23.885950728696333	24.21081619155751	24.52030741457202	9.53052388537388E-4
240.0	25.264235781173195	22.46940512943431	26.136881032875685	26.129219211189575	2.5884532723355694E-4
241.0	29.350896135191828	21.4593498231677	23.280906517577748	25.906385400592676	0.0024621234700494344
242.0	26.54768603717848	24.430542683688433	20.98330014274248	28.037588246765573	8.828896250341796E-4
243.0	27.60732076593346	23.263163456450542	25.127086870392606	23.999930245699115	0.0024986615242824353
244.0	26.500170109203847	23.017079798958054	25.74772387623564	24.734217414173123	8.088014293347582E-4
245.0	28.69434533231312	21.257698309149507	23.173939764513236	26.872265121676353	0.0017514723477807144
246.0	24.397934383527854	27.192963162544494	23.267694866489556	25.138998644183896	0.0024089432541995475
247.0	25.39765957742676	23.38268488202252	24.68791348396886	26.39147727466526	0.14026478191660044
248.0	26.031961919501313	22.76353637801861	24.131115263010386	27.062774668231114	0.010611771238580198
249.0	25.346598020102633	22.01228236470051	28.131322929505824	24.49253136489346	0.0172653207975682
250.0	27.19477654749693	22.714026434193944	24.12920449155219	25.960883266760128	0.001109259996809557
