# Position (bp)	A	C	G	T	N
0.0	24.223222550718052	23.54049170708627	24.69632964057949	27.53988964932461	6.645229157404878E-5
1.0	23.21004274134217	30.00145419276236	24.11343101047847	22.59997740866825	0.07509464674875292
2.0	24.96904528732247	26.560761376971282	22.500163440882936	25.96936952761953	6.603672037873379E-4
3.0	26.312925951147925	22.021080457585693	24.242790174682863	27.417099546531947	0.0061038700515760515
4.0	26.18422956719636	23.137690410757507	24.335163148944222	26.342883909390668	3.2963711239208095E-5
5.0	28.255666100588883	23.933369198827634	22.314186997946184	25.49611921742984	6.584852074590571E-4
6.0	26.796617466781036	23.24193394660646	23.845051582645617	26.110875573916502	0.005521430050383049
7.0	25.630410212414144	25.264307894706622	23.554561843536288	25.549998277590134	7.217717528062978E-4
8.0	28.06603008923808	24.506167805844868	23.574389793801707	23.853412311115346	0.0
9.0	26.08197335463881	25.066476102927954	22.1411679787538	26.7102191112503	1.634524291319303E-4
10.0	24.87162136565344	24.643668461115414	23.011192552928836	27.473517620302307	0.0
11.0	27.122713401364827	22.37955345349157	23.25723761823714	27.24033726014276	1.5826676369474392E-4
12.0	28.203548688492177	23.820370800180804	20.184497314945872	27.791583196381154	0.0
13.0	25.220974483806014	23.378122807976673	24.812491756988454	26.58822562825261	1.8532297624993397E-4
14.0	26.38669002350343	22.201913257203728	23.380535643607896	28.030799996090906	6.107959404058617E-5
15.0	25.418075426939534	22.944054202522594	24.76342776926542	26.874442601272452	0.0
16.0	26.317403434151647	24.384720928423807	21.95450737598682	27.343338575814407	2.9685623312001248E-5
17.0	28.411974194722887	27.00804715505076	19.249221993592734	25.329560509162054	0.0011961474715630525
18.0	25.657457872053417	25.87523916250535	19.731529585459384	28.735541605294664	2.3177468719108783E-4
19.0	24.930779324283904	24.88376205106076	21.886165700985718	28.298831404423257	4.6151924636214664E-4
20.0	23.114647732984157	25.04998103401463	23.906603058698792	27.92871083194302	5.734235940298576E-5
21.0	23.948112957873295	24.525372379993502	23.42773998311904	28.098575476847305	1.9920216686425627E-4
22.0	22.79462178749726	27.08941886074696	25.55406796913053	24.561778567981683	1.1281464356636422E-4
23.0	25.686870350722067	23.48019175040009	22.89712820579017	27.935529077270655	2.806158170227728E-4
24.0	27.90238684555221	21.371307594629876	24.639098856280008	26.08712330960498	8.339393292459187E-5
25.0	25.499397562642876	24.42727122189946	20.021942881829975	30.05122301809406	1.6531553362614387E-4
26.0	26.448407743190522	25.05828940439126	19.7268067111014	28.76635907040702	1.370709097971981E-4
27.0	25.339801921594123	24.792212967792633	20.01462243030481	29.853307976117243	5.470419118896004E-5
28.0	27.520225329482926	23.902632588271054	22.473725139064786	26.100520746915485	0.002896196265747391
29.0	27.288352399139228	24.14659565730657	21.919654488783003	26.645129400512737	2.6805425847078264E-4
30.0	23.953126448515174	24.52685833508265	24.370085704147534	27.149663118659166	2.663935954717351E-4
31.0	26.47437333846021	24.7080396979561	22.382062994318446	26.435179230835526	3.447384297164526E-4
32.0	24.49923346571642	22.506900383083448	24.7010883684655	28.29254160305123	2.361796834037586E-4
33.0	23.59160800886741	25.0485082809404	24.765067482374047	26.5946861613724	1.3006644574447301E-4
34.0	26.41160216933268	26.474793126990352	22.3186335690485	24.794842173490387	1.2896113807688508E-4
35.0	25.49094951459087	22.08320482365749	25.884674225418568	26.540992714267333	1.7872206574112468E-4
36.0	24.04957162013014	24.111222407319126	26.016836250968957	25.82208914290612	2.8057867566354944E-4
37.0	25.51735058566259	25.131422195204543	21.325150852484835	28.02605086758028	2.549906775408291E-5
38.0	27.222526582367546	24.78800515675879	21.23226854303209	26.75714873149801	5.0986343562808414E-5
39.0	23.586742701711298	27.6503305505812	21.094295995314333	27.66837587493061	2.548774625623239E-4
40.0	26.629903075720613	25.94170068178036	22.813711856117916	24.614531480831634	1.5290554947755997E-4
41.0	24.772863016574835	24.414932434773924	21.350061052301132	29.45837231915167	0.0037711771984434207
42.0	24.85880067710451	25.691474129084003	20.418741853395257	29.030881428238033	1.0191217819955831E-4
43.0	26.04025785611568	26.09584391069038	22.091609995809392	25.76925673394991	0.003031503434642442
44.0	28.892227351329957	24.750436772263797	22.472955015577085	23.8840497315433	3.3112928586365777E-4
45.0	25.82213967314334	24.090519088880246	21.991629808638773	28.092578910815668	0.0031325185219707977
46.0	25.68066175742199	24.32935892822719	22.294943284447157	27.69503602990366	0.0
47.0	26.146962444945167	24.145114318751094	22.53588478977883	27.17063796511579	0.0014004814091185599
48.0	22.504493318376394	24.00805271888716	22.629830237709967	30.857623725026478	0.0
49.0	22.725137035951064	25.811932919578428	24.376160631383474	27.085115004316734	0.0016544087703008682
50.0	27.301995317112898	24.52359258882215	20.245189860531408	27.92912043164003	1.0180189351521938E-4
51.0	24.612147005871837	27.368742485256792	20.42546965157038	27.591732351088805	0.0019085062121877207
52.0	23.07212587544042	25.842137484472598	21.511079385966024	29.57465725412095	0.0
53.0	22.861768650964837	25.10056156224013	23.782540012228935	28.253658853284985	0.0014709212811115703
54.0	23.307548032983274	28.224709458904297	22.25174040633657	26.215951383246455	5.071852940609616E-5
55.0	24.137879563342928	27.167555475834416	22.73712913331682	25.956196158188888	0.0012396693169447362
56.0	26.637627934049917	25.049688713522084	25.08280187427067	23.22988147815733	0.0
57.0	22.97225893348341	27.694981061204878	22.675713445596017	26.65264542402034	0.00440113569536047
58.0	25.51188904819581	25.077182643206143	21.552186139724675	27.858438673594115	3.034952792573875E-4
59.0	27.68681222111092	22.26558143592869	24.49805970960763	25.547220055104503	0.0023265782482636012
60.0	24.49616297902799	22.659442454784504	23.54513217808221	29.299211892682074	5.04954232210778E-5
61.0	25.64756800205596	23.299825531213404	22.6814471593851	28.36578210411225	0.0053772032332895835
62.0	25.698815071363303	21.83701803898602	24.69367045150476	27.770117786046416	3.786520994996744E-4
63.0	26.849715141066383	23.454580334762888	21.964049969583073	27.729584689053187	0.0020698655344670476
64.0	25.984173810957405	21.19656267871224	23.580845323061343	29.238342608524782	7.557874423397164E-5
65.0	24.935310820424046	25.97167278963522	23.692588353126343	25.39637236784565	0.004055668968741624
66.0	24.7966726046058	23.612225034458856	23.278014444507136	28.312458185892424	6.297305357848155E-4
67.0	26.864952845657875	24.45333354827042	21.33849215924622	27.3424658086311	7.556381943874217E-4
68.0	23.764593164535537	22.085825135907346	26.754076212889938	27.39527880651388	2.2668015329623168E-4
69.0	23.061525070620046	24.73721485015655	24.854830975302125	27.34401129920736	0.002417804713913257
70.0	26.707026814980782	22.918126735895008	24.202157822010488	26.172286282956076	4.023441576484995E-4
71.0	24.363598967079742	22.83516293326277	26.041856095997872	26.758428847521355	9.531561382628229E-4
72.0	27.757021416936173	25.49923318364844	21.93664078008359	24.805399189670112	0.0017054296616853908
73.0	25.713974048249845	22.4003801609164	22.524559373185866	29.357575696784053	0.003510720863837945
74.0	25.12546826526616	24.730598612365362	24.071379396278147	26.071676237972774	8.774881175573337E-4
75.0	25.886429256007364	24.633451302452784	22.18806351730817	27.290125566039936	0.0019303581917507523
76.0	26.83464022140221	23.64699482592652	25.012383683619444	24.504978541633243	0.0010027274185785335
77.0	24.382601624671217	24.309958411886015	23.922452743685017	27.38428535296756	7.018667901952217E-4
78.0	27.57486949629807	25.7581948003054	20.172390715525744	26.49394341505867	6.015728121172806E-4
79.0	27.112242460578152	21.01300614653276	22.283443311563268	29.589077353374126	0.0022307279516979722
80.0	23.89602213331669	23.082463847771542	28.301582730639552	24.717425024492464	0.002506263779751544
81.0	25.47502597088504	24.68465894494924	21.61399182214737	28.225771889790717	5.51372227631518E-4
82.0	23.312481532987004	22.07578373439279	23.63489459110431	30.975737446253003	0.0011026952628963344
83.0	26.094507202990357	21.736601555823864	23.837354708494782	28.330433893524148	0.0011026391668458454
84.0	23.973648832352097	25.129306402486772	24.79628337277906	26.099658833066254	0.0011025593158118282
85.0	25.453959581942996	26.609201493683564	21.35991053734472	26.576251854513437	6.765325152802386E-4
86.0	25.950431610640674	24.441266351858445	22.427041603642802	27.179456471002677	0.0018039628554026056
87.0	22.852848729975562	21.98843642161414	25.3577228398962	29.800039984988093	9.520235260045227E-4
88.0	24.536119509773638	27.116844998893956	25.59130717760597	22.754901599741665	8.267139847689222E-4
89.0	26.594834863842394	26.289517971060526	22.83413637254072	24.280483717350908	0.001027075205452617
90.0	24.614120585203583	25.3740435834138	24.707680014228046	25.30393037274728	2.254444072878662E-4
91.0	26.743242965685944	25.361428008209685	23.811366615919717	24.083436405252236	5.26004932423395E-4
92.0	25.60862810375224	23.894769033020115	22.5939963838345	27.902581433226796	2.504616634611748E-5
93.0	26.87260472345654	26.041323858169076	20.86311853923382	26.222527107855882	4.2577128468220183E-4
94.0	28.053229215711813	23.19204992837322	23.106648768319925	25.643964817727376	0.004107269867665768
95.0	23.899669381170305	26.367966085650362	23.654297218364196	26.075638135411978	0.0024291794031631423
96.0	26.68827576846575	23.94022706084246	23.46038279862743	25.910062631170245	0.0010517408941149839
97.0	25.597072554143423	25.41087706189723	22.949721207556394	26.042153898236503	1.752781664501564E-4
98.0	28.643081200399013	22.56016216844205	24.20425592006955	24.59250071108939	0.0
99.0	22.74892266955624	22.19854025855931	26.36455179748691	28.68793520093978	5.007345776253764E-5
100.0	22.525258822030235	24.673144321211954	24.260110601307296	28.541486255450515	0.0
101.0	23.901422680783995	21.464451004227588	28.497148229960008	26.136953051934658	2.5033093749937415E-5
102.0	25.459606359963693	23.68541741454869	24.807828741400296	26.047097416671548	5.006741577534149E-5
103.0	25.78061606309303	25.14370383719155	25.32896828078501	23.746536616133174	1.7520279723780275E-4
104.0	26.716474764003024	26.380605475720554	22.80327219778146	24.09929717724638	3.503852485808146E-4
105.0	27.415945854561848	23.112046248769584	20.542025007952482	28.927129756690405	0.0028531320256811915
106.0	25.92848142211277	23.455625922074606	24.939729637401786	25.67608793854463	7.507986620767841E-5
107.0	26.203845588829665	23.76463380665544	22.856354886719778	27.174515034414892	6.506833802200762E-4
108.0	24.221965601412276	24.204174522724912	24.684959031724922	26.888900844137893	0.0
109.0	26.544506547508846	23.937537215970217	25.20498181108548	24.312248870385844	7.255550496129538E-4
110.0	25.08079183250736	23.575579577265714	23.007447508449435	28.336106031306052	7.505047144204478E-5
111.0	25.07663681579096	23.531892772999424	24.666297762610238	26.724522230055044	6.504185443332785E-4
112.0	26.069252753162775	23.49152945149368	23.799758609691885	26.639359127492856	1.000581588048053E-4
113.0	28.401783858377915	21.656484946537528	22.83066577518772	27.110214962988866	8.50456907973809E-4
114.0	26.018628187922822	22.4721684066233	27.064027986057	24.444850232821082	3.25186575797864E-4
115.0	27.475395515432115	22.86794905341966	26.30247042983988	23.353509569369614	6.754319387248145E-4
116.0	27.31042605123181	24.260127075152653	24.591936363861507	23.83741044663922	1.000631148096662E-4
117.0	26.550558489488	26.106678734272275	24.138988597563614	23.2030487214567	7.254572194125348E-4
118.0	26.863563250307067	24.102708422450863	24.890494880588765	24.14283319950069	4.002471526167408E-4
119.0	27.336142271737902	20.727123633231663	24.908561074897992	27.027722736115805	4.502840166434979E-4
120.0	25.57911428740819	23.21372688664767	25.05634108287449	26.15076771213803	5.003093162347622E-5
121.0	28.053256471692457	23.38404687345997	23.796931371366902	24.76511487469875	6.504087819194363E-4
122.0	26.48500838905818	23.66800092758693	24.77575185698751	25.070788541449602	4.5028491778172645E-4
123.0	24.366081475184856	28.36376699275886	22.332629048905826	24.936872066558628	6.504165918270652E-4
124.0	24.99383986449453	24.642943536635734	22.679755255627487	27.683311248570035	1.500946722144993E-4
125.0	26.751710265394763	23.833871297385176	24.113672642182735	25.299895258986975	8.505360503457304E-4
126.0	23.934097085746533	24.10110330169988	24.47536633298778	27.489233152284854	2.0012728095068465E-4
127.0	26.225362605067975	22.61871139961141	27.390281651349298	23.76451864913618	0.0011256948351369884
128.0	26.426509060944802	23.501795878709768	24.602437632051743	25.46047690973777	0.008780518555912392
129.0	24.638733258103564	26.027190283202305	22.343091273088316	26.988233487119924	0.002751698485890416
130.0	25.886000553351657	24.307697541787807	23.89110779900627	25.915144074059064	5.003179520585332E-5
131.0	26.327805106488576	24.059844539883684	24.348480421391375	25.263344593918486	5.253383178767126E-4
132.0	26.35052464499377	24.756739583711177	22.673594390444947	26.213637893014695	0.005503487835415695
133.0	27.09191432240195	25.38822864870639	24.380686592531088	23.137294240754922	0.0018761956056497003
134.0	27.166988326439434	22.564355927899847	20.729281712672563	29.539374032988157	0.0
135.0	26.34655313017506	23.2944260720343	25.816151933439063	24.542343541277887	5.253230736903195E-4
136.0	27.77482174363654	25.78436427212892	24.84351989369284	21.591515439879146	0.00577865066255607
137.0	28.481414179418106	21.69952589847143	24.18840882801462	25.63035090317442	3.00190921426027E-4
138.0	25.156632521481548	24.297295492220215	26.443536874523637	24.101459502172855	0.0010756096017417872
139.0	25.666960250162152	24.032381400730966	24.901250135389436	25.398232545644063	0.0011756680733826998
140.0	27.433081762233417	21.36555804783628	25.51434245438038	25.68679260480524	2.2513074467997289E-4
141.0	26.549113536162096	24.96532316062662	24.898583533973294	23.58647947218661	5.002970513742535E-4
142.0	28.94423365172373	22.71976141732756	23.24144838613491	25.0942813802654	2.7516454839994313E-4
143.0	27.474083896607247	24.717912773403917	23.800314737977256	24.00751348743037	1.7510458121112833E-4
144.0	28.36789803818565	25.04075595829972	22.92189639969231	23.668999330844322	4.502729779929082E-4
145.0	28.78116249248908	22.41478078625866	22.155444608824386	26.64778659937151	8.255130563645305E-4
146.0	28.13397914374585	21.32837918497205	24.724812618419005	25.808501302577792	0.004327750285306312
147.0	26.806579869649376	24.46040375972539	25.734666891472376	22.99529759156038	0.0030518875924759464
148.0	24.832544670597805	24.19974664063696	23.84219674175056	27.125036648051626	4.752989630477571E-4
149.0	27.92655631668861	24.37277402353478	24.20131270227195	23.497355658161062	0.0020012993435988315
150.0	25.700211893557885	23.752267161001576	25.16902701580321	25.37849392963733	0.0
151.0	26.808331044227522	23.76567161864048	25.704881974705255	23.72066504653014	4.5031589660146594E-4
152.0	27.89720229404483	23.728588397881282	23.161606872127315	25.212452328319408	1.5010762716867994E-4
153.0	25.130094969327608	22.74530407197254	24.732454691925103	27.391520810191437	6.254565833058132E-4
154.0	23.294448540550576	24.114809504378385	25.116080200729495	27.472335021507266	0.0023267328342783285
155.0	27.876735548614125	22.99476974231505	23.934439764469527	25.19382977206284	2.2517253845759312E-4
156.0	26.126825104013758	23.028717530180817	25.980659157876985	24.86359804915249	2.0015877594902154E-4
157.0	25.32829866158529	22.73488560149599	26.301472821629606	25.635042676449117	3.002388399972178E-4
158.0	25.0312128292109	20.712132895844977	26.43242491281675	27.824179321519416	5.0040607953354145E-5
159.0	27.290239688538765	21.55930786947552	24.003232711436716	27.146619226876545	6.005036724552719E-4
160.0	27.046536887794183	20.881210571103935	25.813311488059952	26.25894105304193	0.0
161.0	24.685737791508398	20.565192815963037	28.70429564455436	26.041470926538995	0.003302821435211029
162.0	26.01994385614081	23.436870936932866	24.08330849922145	26.45982666415448	5.004355039973537E-5
163.0	25.22435124306503	23.82014166707537	27.31617761131735	23.639254411206853	7.506733539985367E-5
164.0	25.839560058443347	23.479606010385982	24.776289558294334	25.902792774104565	0.0017515987717789411
165.0	26.374799185230042	21.654563562566626	26.180015114282995	25.790046594031356	5.755438889750815E-4
166.0	25.225139780979976	23.38245572590891	25.468979170300443	25.923275175403454	1.5014740721703532E-4
167.0	26.889180348545377	22.871141214706086	26.159621959975265	24.07963104911212	4.254276611563774E-4
168.0	25.952109658126695	23.55301279806959	24.29756268836792	26.19718972520651	1.2513022928612954E-4
169.0	27.222229591286396	22.129508271802344	25.302057245281972	25.34585451348368	3.503781456136535E-4
170.0	31.342693756683886	22.582970289694934	22.88620255645123	23.18795820520335	1.7519196659739912E-4
171.0	25.926321735546022	23.538371708002956	26.471651915713462	24.062903807500373	7.50833237184966E-4
172.0	27.837918586954835	24.182443932756843	23.852193570051963	24.12726875092897	1.7515930739007128E-4
173.0	28.577443657177852	20.284141499835005	23.052828643216458	28.084160163398753	0.0014260363719333026
174.0	24.855500006004156	24.77927225640143	23.81140249052344	26.553399952767315	4.252943036581314E-4
175.0	25.28141172809254	24.1471088799144	23.309434444670433	27.260143643503532	0.0019013038190939437
176.0	24.859613316808325	24.016842899508504	27.576532820437638	23.545760079496166	0.0012508837493689293
177.0	23.070079155646418	26.15401436495965	23.495293370286145	27.25814518532159	0.022467923786200442
178.0	25.46856641893961	23.23034112676113	23.334347459713495	27.966394720671566	3.5027391420090515E-4
179.0	28.811580901441282	24.076425662283928	22.72019268807217	24.39074983154056	0.0010509166620584806
180.0	26.50962328802342	21.997903602327558	25.537299098358375	25.95509876370729	7.524758336115404E-5
181.0	27.788356082829637	21.640164244513922	26.365334017936675	24.205442295122655	7.033595971156228E-4
182.0	26.193913418528027	22.67769192104038	25.594579746747048	25.533764674054073	5.0239630477469905E-5
183.0	24.2935309747563	23.810698531933134	26.16745844990689	25.72775937359399	5.526698096831267E-4
184.0	26.226911443904488	21.67357848406974	26.40739667886064	25.6886715115965	0.003441881568623707
185.0	25.1137168367238	23.559274814788576	24.229404673173526	27.09705101161322	5.526637008722792E-4
186.0	27.800857813580304	22.878278102037207	25.128556469377582	24.192307615004903	0.0
187.0	25.42234955173735	22.451769415443753	27.22826231960883	24.8969642784328	6.544347772681577E-4
188.0	28.010307648623666	27.240279878285772	22.20486715951129	22.543991517863436	5.537957158363423E-4
189.0	26.061894059314216	22.583613269370968	24.59273334380576	26.760777537449	9.817900600553426E-4
190.0	28.450802875896702	21.441176018886637	25.674807756169642	24.432961580942564	2.517681044555653E-4
191.0	27.134708158882926	23.362570061738044	24.331053500590553	25.171315259413767	3.5301937471191096E-4
192.0	27.50338730920932	22.833074057813608	24.154710950875003	25.50877724757076	5.0434531313161373E-5
193.0	27.780802805701487	24.072948036969848	22.11298214482522	26.03301481008275	2.5220242068927425E-4
194.0	28.224735333834744	22.800737287019846	24.133286723234377	24.841240655911033	0.0
195.0	26.74086683120463	20.891587576105536	24.795723358269647	27.571242046378718	5.801880414667961E-4
196.0	28.94385787300019	21.881250003160556	25.808660333077288	23.36615593737342	7.585338854785767E-5
197.0	25.235558720502688	23.71184909675938	23.934156848980432	27.117828419179713	6.069145777847011E-4
198.0	27.688942811839862	22.99241138596056	23.940582874453522	25.377961611136723	1.0131660933835187E-4
199.0	26.187264317411973	23.162053210002238	25.463221020952297	25.187004770039252	4.5668159423485155E-4
200.0	27.888583689854634	23.31710190935741	23.493184780959506	25.301129619828455	0.0
201.0	25.671152135936744	20.89659485771628	28.7401569808525	24.691715435097287	3.8059039719682484E-4
202.0	25.564281605542448	24.6668356561779	28.168064889942407	21.600817848337243	0.0
203.0	26.539632614149422	23.58636247803208	22.752165318556408	27.121103518014454	7.360712476356885E-4
204.0	25.31348125509269	23.54781226916311	24.938532340644805	26.20007259859829	1.0153650110294025E-4
205.0	27.124084204102573	24.309039119058987	25.129304884862485	23.436734086709603	8.377052663483894E-4
206.0	26.405983236883422	21.1240655952455	25.6526203952521	26.817305385497097	2.538712187468663E-5
207.0	26.626395231813365	23.15381545314123	26.568610724357743	23.65089931582737	2.79274860286404E-4
208.0	28.561743488958463	22.211354616574113	21.662769055762496	27.56410744710295	2.5391601981560616E-5
209.0	27.35059795355943	20.74146647691431	24.992330672940277	26.914817647781835	7.872488041436715E-4
210.0	25.36365379706405	24.327397001057896	24.1485831414598	26.159959665282805	4.063951354502286E-4
211.0	25.45181128472584	25.407655296711475	25.153237538382427	23.98650828775883	7.875924214300341E-4
212.0	28.994334457630437	22.175197175616564	24.437601510811298	24.39253642951369	3.304264280140609E-4
213.0	30.140856030930497	22.875734549692776	22.466367815641792	24.51668556631947	3.560374154633662E-4
214.0	27.792486015015548	24.266496122938072	24.20475630714464	23.736261554901734	0.0
215.0	26.639704262022136	24.615611023146485	22.95305409552414	25.79114602037152	4.845989357187163E-4
216.0	26.567693969832025	24.166922828969728	25.543706098655427	23.721651336007728	2.576653509414963E-5
217.0	29.434036564414246	23.139790230752407	25.082148106086777	22.343271803860716	7.532948858550442E-4
218.0	24.304506625773136	24.75303460278755	24.770661424891536	26.17161400664476	1.833399030131913E-4
219.0	26.522394359302083	22.72476723123924	24.398691176023064	26.353432752089528	7.144813460828559E-4
220.0	27.46974294356312	21.487339560608046	25.18687537151204	25.855696686212266	3.4543810453329055E-4
221.0	26.281440207302893	22.415828671265075	23.960275861773823	27.34224128062174	2.1397903647379666E-4
222.0	25.381876126749624	24.41006596760363	24.07267914897065	26.135162690830033	2.1606584606658876E-4
223.0	31.04146787949466	22.519538556366513	23.748810687671508	22.689391593243315	7.912832240043678E-4
224.0	30.5097050940977	22.310491367643998	24.534009735310146	22.645711768426388	8.203452176745018E-5
225.0	30.64816774360229	19.665375809763056	24.08788454297344	25.597500006871133	0.0010718967900813817
226.0	26.11049399656852	22.112451990168964	25.53114322573341	26.245772040817062	1.387467120497912E-4
227.0	27.356490242190883	23.381063701342267	25.376718804495052	23.884214521928282	0.0015127300435190023
228.0	27.666303140991367	27.682381619736375	22.93770983329912	21.713577247516493	2.81584566462546E-5
229.0	27.152963604370576	25.635445338998323	21.812256469982454	25.399277815609366	5.6771039276191954E-5
230.0	26.043809577755866	22.46950897673233	27.160605080135042	24.326076365376764	0.0
231.0	24.580386515357088	25.33546962277935	24.29512711490776	25.78736885136184	0.0016478955939608385
232.0	25.496598900307227	25.018243001426903	24.00404250967925	25.480912243029312	2.0334555730626395E-4
233.0	23.214221760881703	25.554425688786548	21.976587099126434	29.254295760631592	4.696905737211647E-4
234.0	27.74447154563463	21.008186093340626	26.434768017051734	24.811175978097424	0.0013983658755882806
235.0	26.212751296235616	21.599098176596442	27.85078472851333	24.33712486266649	2.409359881266745E-4
236.0	28.842743174765857	23.36735662437841	23.877416044835908	23.91220947107583	2.746849439993701E-4
237.0	27.903317897121433	24.03522648524881	22.526567611563326	25.534733941804998	1.5406426143595904E-4
238.0	26.955499459744324	22.554840238679187	24.228369893492452	26.26125922449533	3.1183588700938464E-5
239.0	27.911563495588222	23.274061055479077	24.214695490172915	24.598416471826454	0.0012634869333340072
240.0	25.51074699862264	21.666997710910458	26.1458309590406	26.676261522781815	1.6280864448778773E-4
241.0	29.0825597436435	21.746643847251644	23.432602570803386	25.73604188356034	0.002151954741131257
242.0	27.32909474493006	23.770516438305147	20.8436428687634	28.055667897821753	0.0010780501796423616
243.0	27.770108109045992	23.195664507410296	24.884723078398782	24.14678709265138	0.0027172124935466203
244.0	26.352774880786058	22.712764910761724	25.792321769416947	25.141318535718266	8.199033170008592E-4
245.0	28.97093167538536	20.793014530053593	23.586775202436304	26.647306409757043	0.0019721823677035415
246.0	24.335146321158348	26.495089257487304	23.636965983096932	25.52990046789049	0.002897970366935739
247.0	25.629506920661015	23.094001653267185	24.819756212471926	26.32811472696312	0.12862048663675102
248.0	26.086755178497828	22.754462693844285	24.288380357862298	26.860610735604368	0.009791034191217575
249.0	25.723508644255855	21.462003719715888	28.033689922305616	24.764861765610092	0.015935948112552945
250.0	27.988015989329796	22.43364734289871	23.71667392123272	25.860764245238943	8.985012998318804E-4
