# Position (bp)	A	C	G	T	N
0.0	23.948548656225913	23.767501249332984	25.167495320295096	27.11613714711637	3.1762702963671936E-4
1.0	22.496232317219896	30.03307540009203	23.65714297775695	23.737562425332335	0.07598687959878928
2.0	23.658524506038393	27.269230809758792	22.000166489113404	27.07123521223674	8.429828526750481E-4
3.0	26.49746855566072	22.054149431543618	24.18068901187868	27.260639277867206	0.007053723049777175
4.0	25.975017830881193	23.097565953221025	23.701817171927566	27.225599043970217	0.0
5.0	28.215273574118914	23.678369652945925	22.027487725316114	26.07834359026096	5.254573580844767E-4
6.0	25.36623218648742	23.806088315174648	24.14164822834852	26.678795759361595	0.007235510627811625
7.0	26.587220978520136	25.28140359400817	22.612912210455335	25.51804438376016	4.1883325619820866E-4
8.0	27.58293571483048	23.633217956928696	23.758275810551453	25.025570517689367	0.0
9.0	26.890170975374	25.054664780032258	22.211679128950486	25.843380843292213	1.0427235103912612E-4
10.0	24.462525240527377	24.88075218334469	23.037073620028213	27.619648956099716	0.0
11.0	27.466307386275464	23.092868069257545	22.41065184399922	27.030172700467777	0.0
12.0	28.477605127899825	24.300668770216905	20.189716417614257	27.032009684269013	0.0
13.0	25.028184119253627	22.125366883708892	25.71881758061638	27.12753338470195	9.803171914304592E-5
14.0	26.52496436432748	21.778583688073926	23.51673179671667	28.17972015088192	0.0
15.0	25.15590842643134	23.727298679352646	24.472976830714583	26.64381606350143	0.0
16.0	26.60426459208516	25.21166970948256	21.229649499655505	26.954416198776777	0.0
17.0	28.440361051437847	26.819317542711207	18.637666995509907	26.101179225712468	0.00147518462857617
18.0	25.464845966575755	25.730537606853254	19.613955446541343	29.19056945690176	9.152312789441892E-5
19.0	25.002960741478987	24.584084147005825	21.631450544685332	28.780957968402966	5.465984268897274E-4
20.0	23.027942005521908	26.201773659636597	23.134097775336446	27.636186559505056	0.0
21.0	23.83095239160489	23.995955456331007	23.313393971661352	28.859429737238884	2.684431638711294E-4
22.0	22.254080946142132	27.10739704684678	25.630731914592257	25.007790092418823	0.0
23.0	24.44049085593135	24.358011832567584	23.027773224982685	28.173635967903678	8.811861470488194E-5
24.0	28.277564669154305	21.41203209836765	24.09545911725135	26.214944115226697	0.0
25.0	24.88065004991233	25.228398477975645	19.392448842016698	30.498416425725456	8.620436987191755E-5
26.0	26.007603649889134	25.64259758789041	19.61823984250807	28.731558919712384	0.0
27.0	25.594845188055555	24.695010380078458	19.951724939891307	29.758419491974674	0.0
28.0	27.997785460108698	22.868082732505556	22.921417643628125	26.208741515861007	0.003972647896609725
29.0	27.693795498921663	23.518811937511607	22.445158688861415	26.342066560812743	1.6731389257444213E-4
30.0	24.188876375076365	23.95506663951493	25.16126887288414	26.69478811252457	0.0
31.0	26.27641267477455	24.41639778274179	22.171258376768428	27.135682965169188	2.482005460412013E-4
32.0	24.120732137435752	22.813297097980296	24.09389113518618	28.97183413242598	2.454969717948529E-4
33.0	23.68088895081962	24.19249259126636	25.20160342981025	26.925015028103772	0.0
34.0	25.981040582090774	26.435095817709282	22.767615334048035	24.816167902393392	8.036375851654931E-5
35.0	25.60365275896497	21.892468092412766	25.78441472550254	26.71930544161881	1.5898150091255383E-4
36.0	24.1006034363628	24.583638440119383	26.412373066311286	24.903226216363468	1.5884084306365864E-4
37.0	25.149535158824044	25.106504600776457	21.566248799193374	28.177711441206128	0.0
38.0	26.71370631701761	25.430619161381983	21.29999285674601	26.555681664854397	0.0
39.0	22.991434341190146	27.590863826258765	21.54848385061872	27.868741891586296	4.760903460780074E-4
40.0	26.066146165142477	25.445415966189877	22.46307075800646	26.025129100615572	2.380100456106584E-4
41.0	23.399200393457185	24.603052466246766	21.495137313385477	30.49761228601799	0.004997540892576669
42.0	24.715810847253287	26.067037865448373	20.22708164786878	28.98999032345056	7.931597899712876E-5
43.0	25.727971323663528	25.42725045005036	22.65620910886064	26.18428669992149	0.0042824175039850275
44.0	28.855764785919252	24.73352400087854	22.868291120321157	23.54210293034397	3.1716253707828285E-4
45.0	25.079853841110477	24.50959950593285	21.93112710257998	28.474900643508192	0.004518906868500603
46.0	25.321563162409017	24.113709617326755	21.641402971397405	28.923324248866823	0.0
47.0	25.309239863606315	23.46315357288359	23.829105245386568	27.395964940926188	0.0025363771973349017
48.0	23.010190335821488	23.820979730265137	23.156864609581767	30.01196532433161	0.0
49.0	21.617265922558797	26.115587361628663	24.417931166720678	27.84668007825097	0.0025354708408968276
50.0	27.148651967580673	24.49996434824633	19.98724459479801	28.36405986325572	7.922611926699994E-5
51.0	25.07261840542893	26.12567439863564	21.68056456602037	27.117736476183463	0.0034061537315998387
52.0	22.644121802956878	25.472266213999184	21.454921336380618	30.428690646663313	0.0
53.0	22.6684515137149	24.332398050341205	23.99643766826614	29.000504058896798	0.002208708780958406
54.0	22.693764483728533	28.791246582668272	22.48726536162587	26.02772357197733	0.0
55.0	24.65937051829206	27.80213500498252	22.113878476939522	25.42241204242303	0.0022039573628705603
56.0	26.365811427671964	25.68062332756178	24.797733354320794	23.15583189044546	0.0
57.0	22.964190016014356	27.758659358560205	22.7535245350132	26.518432245904926	0.005193844507312697
58.0	25.73863068583735	25.07107173740793	21.508003389726486	27.68229418702824	0.0
59.0	27.175623450029583	22.625476792930247	24.36726588365623	25.827621259614535	0.004012613769402168
60.0	23.79273966695129	22.960000062842344	23.7916399259403	29.45562034426607	0.0
61.0	25.116344462867563	23.929925484562414	22.68954623892224	28.258685678693706	0.005498134954078792
62.0	24.652345265565334	21.92239363013903	25.1003341066848	28.32453430052009	3.926970907428729E-4
63.0	26.304840035906217	23.75527853629536	22.641887291224418	27.29422445471159	0.0037696818624113238
64.0	24.69939031274698	21.726616110295684	23.25718515173184	30.316808425225496	0.0
65.0	23.33216256348421	26.120999063906787	23.769319662504685	26.77210912620324	0.005409583901078311
66.0	24.437982916060406	23.2778868345793	23.418998670412925	28.864817997089958	3.135818574080578E-4
67.0	27.065705286493486	24.91130123402207	20.724938973054073	27.296565088353848	0.0014894180765184617
68.0	23.742127149234367	22.7155897142454	26.90435784580774	26.637690134000135	2.3515671235239017E-4
69.0	23.057996733020012	24.31791603046255	25.302399443171165	27.317690289043078	0.0039975043031958086
70.0	25.69080252599681	22.77098938527243	24.511701400818467	27.02627190075077	2.3478716152495826E-4
71.0	24.481250726799203	22.606206338391466	26.88458545714792	26.026552657724206	0.0014048199372045489
72.0	27.161923520226487	25.85037570339526	21.66781249244028	25.318327567787758	0.0015607161502126867
73.0	25.710087843183764	22.53796420417571	22.838525532887747	28.908116560367414	0.005305859385363007
74.0	25.153403908883735	26.02713327981263	23.314039354100302	25.504955346101845	4.681111014888274E-4
75.0	25.70133084935166	24.878901992724366	21.639817976569127	27.77682860136385	0.0031205799909971264
76.0	26.751932723287076	23.675255681153313	25.905200995420753	23.666362423646703	0.0012481764921559908
77.0	24.61533901260011	25.03360055164968	24.48530507272774	25.864819305866817	9.36057155649924E-4
78.0	27.203625486043677	26.320264267356198	20.496632307230303	25.979009933426155	4.680059436754847E-4
79.0	27.792753372238682	20.72871866629852	22.39818545713782	29.076520607821944	0.0038218965030426973
80.0	23.582488599307887	23.121313347252563	28.54755143472845	24.74521490704351	0.0034317116675856895
81.0	24.824286382779597	24.67469973483076	21.96022461394478	28.540009358914364	7.799095304944627E-4
82.0	22.92900492724553	22.37022502491698	24.271168516788354	30.42804178254298	0.0015597485061508683
83.0	25.426064361570216	22.181471366696872	23.891031709763098	28.500340789102236	0.0010917728675726302
84.0	23.293385017393074	25.997050858268867	24.438107402720043	26.26997513269968	0.0014815889183387178
85.0	24.71711412745147	27.187375243275614	20.828369055342083	27.266283871450668	8.577024801636807E-4
86.0	25.23149826566341	25.782946352903384	22.295405586832608	26.687498976706326	0.00265081789426823
87.0	21.812146461024177	21.86172767130464	25.629198031719504	30.69583642566249	0.0010914102891925435
88.0	24.85857473264252	27.188574038865543	25.17599718747491	22.775840658916632	0.0010133821003981032
89.0	25.977097326618377	26.490306779836732	22.48619736270829	25.045307259216763	0.0010912716198446186
90.0	23.209607684651196	25.048617546900832	25.158206758832808	26.583334177726265	2.3383188890179296E-4
91.0	26.976848950782976	24.861657984243816	23.81049248198826	24.35068882632972	3.1175665522519745E-4
92.0	26.005731337886296	24.055876257967874	22.684298674871663	27.25409372927417	0.0
93.0	26.484221452963613	25.492948087512605	20.946650477946505	27.075712399801123	4.6758177615613487E-4
94.0	27.624648650670515	23.346583368854652	23.209433422662627	25.8134121737721	0.0059223840401101254
95.0	24.076902337802395	26.29174452328374	24.046902540398428	25.581333736447494	0.003116862067944476
96.0	26.039494721881983	23.967751587175435	24.101146007673297	25.890127254537127	0.001480428732160834
97.0	25.815655442208936	24.564366950089482	23.240930690616192	26.378657350307016	3.895667783684476E-4
98.0	28.225087044491833	22.78614050683306	23.939669928221893	25.049102520453214	0.0
99.0	21.63777719444057	21.99024615185687	26.922942107071112	29.44903454663145	0.0
100.0	22.58235621252553	24.793087172105675	24.54267319067136	28.08188342469744	0.0
101.0	23.863215085687226	22.196745723426993	28.952033221908263	24.987772319022532	2.3364995498344201E-4
102.0	25.01964602114527	24.53902918670535	24.430615860900716	26.01070893124866	0.0
103.0	26.036218087239565	25.33186934700759	24.80078494585976	23.830660390214653	4.672296784291738E-4
104.0	25.440272729254854	27.055981759907304	23.083014848108245	24.42034131648866	3.89346240939913E-4
105.0	27.685129233816962	23.156338967001613	20.950346679292064	28.20405798546003	0.0041271344293341145
106.0	27.282701545615872	22.70106282991996	24.008556213026967	26.007679411437202	0.0
107.0	25.86555681871272	24.507576347468582	22.498559481724882	27.12752869356672	7.786585270895302E-4
108.0	23.439358740400724	24.40060974470444	24.235717088422323	27.924314426472513	0.0
109.0	25.735450377971404	24.63177855569853	25.553217641623483	24.078541453082273	0.001011971624315654
110.0	24.24356590245501	24.418473408532403	22.93802576363434	28.399934925378247	0.0
111.0	24.9732811384687	24.001204975896588	24.00237258819949	27.022285048413096	8.562490221246963E-4
112.0	25.328554081823277	23.939146273117878	23.581636465533347	27.150585341553025	7.783797247649294E-5
113.0	28.399679006445556	21.91310290396424	22.864096902069722	26.82210932617039	0.0010118613500876817
114.0	26.305670560891336	22.2328859995501	27.690794046654414	23.770338041741294	3.1135116285767436E-4
115.0	27.310608743847446	22.968187702441718	26.253572042978945	23.466930919354926	7.005913769656453E-4
116.0	26.49099877866422	24.29967796901746	25.035982311259254	24.173263099390578	7.784166848945906E-5
117.0	26.24866112017536	26.078109626234568	23.95808683414081	23.71420831724602	9.3410220323573E-4
118.0	26.373174724384256	24.392820251753562	25.01422545418314	24.21946820542879	3.1136425024656155E-4
119.0	26.957339419547083	21.39046216407245	24.57202417464029	27.079473662906373	7.005788338009048E-4
120.0	24.868607047893043	24.048179491490593	24.450609327031454	26.63260413358491	0.0
121.0	28.021340340919267	22.665160741432068	24.261794360252914	25.05053697235859	0.0011675850371642316
122.0	27.058841844300098	23.771030929038737	24.24218601012676	24.927629863432745	3.113531016606796E-4
123.0	24.485179650040475	27.36035867737717	23.472663304066256	24.680864312846378	9.340556697179153E-4
124.0	25.445390265241503	24.548460515787145	22.691474224653543	27.314674994317812	0.0
125.0	26.901947598076532	23.583589801068214	24.605257627482754	24.908270948237885	9.340251346163726E-4
126.0	23.77515422945981	24.234378964705076	25.079118973453696	26.911347832381416	0.0
127.0	26.295458879293903	22.651432307374993	27.358569132521026	23.693294365336644	0.0012453154734339185
128.0	25.740406490966304	23.064038711053307	24.91856715553615	26.266558011707648	0.01042963073658878
129.0	23.92343938990618	26.69798705776682	22.498921999461388	26.875759854170266	0.003891698695346929
130.0	26.43188333376143	23.87599542015273	23.859961284567767	25.832159961518077	0.0
131.0	25.70610848933608	24.172817654444085	24.490077080964202	25.630451923443648	5.448518119825367E-4
132.0	26.580622262627422	25.69220938025146	21.778802783081392	25.941049049513413	0.0073165245263134135
133.0	26.809505610788655	25.19550389684586	24.600683242044994	23.392672699973613	0.0016345503468749344
134.0	26.146783635289527	23.48276643090811	21.221383433388674	29.148988666621523	7.783379216353813E-5
135.0	26.187844701846036	23.688245540571884	26.360399935865804	23.762964992380173	5.448293361021041E-4
136.0	27.745675537677926	26.62447539819923	23.727801716086127	21.894263938529747	0.007783409506967708
137.0	28.727361315314486	20.999094802860828	23.825598165633174	26.447790050303432	1.5566588807778314E-4
138.0	25.13320455207002	23.887938508762783	26.960398983240275	24.01682354424508	0.0016344116818407522
139.0	26.244035393436384	23.686113236270412	25.003366096674295	25.06524001242148	0.0012452611974276017
140.0	27.391486059798538	20.775231324924253	25.284598340235398	26.548295133946258	3.8914109555670916E-4
141.0	25.04490747658896	24.909095437338117	25.40191024108388	24.643775527993625	3.113169954174138E-4
142.0	28.872729706675297	21.9782605988531	24.203723997086055	24.945207867652094	7.782973344872888E-5
143.0	27.03600275830722	25.142234944888337	23.786352605681927	24.035176200104917	2.3349101760055288E-4
144.0	27.957106410533804	25.255632157428003	22.216921144347918	24.569250669725896	0.001089617964375719
145.0	27.928356341045983	21.751491797932694	23.062063619432173	27.256998627865002	0.001089613724151833
146.0	27.29299853834623	21.32092095083769	25.19578221825806	26.184538847457205	0.005759445100813639
147.0	26.45058857865551	24.17021111003016	26.848603949800566	22.526004475143495	0.004591886370269482
148.0	24.368960450288903	24.125510559872485	23.48684374377366	28.017984782825263	7.004632396891812E-4
149.0	28.227272055097952	24.845058408096268	24.202721119144112	22.72199084865886	0.002957569002808912
150.0	25.559376225848833	24.677154225014476	24.2711063927822	25.492363156354493	0.0
151.0	27.13888322439341	24.230117231706576	25.3225778833536	23.307643332923416	7.783276230030058E-4
152.0	27.148186517205495	24.24585127720964	22.698364639284303	25.90759756630056	0.0
153.0	24.755697283346006	23.131293397541523	24.70012352318959	27.412107451943097	7.783439797817368E-4
154.0	22.96959451044858	23.783282273531096	25.094725273356744	28.14928454008817	0.0031134025754066107
155.0	27.381624294587994	23.714610679523222	24.217906429807563	24.685313650953304	5.449451279180838E-4
156.0	26.4975017633238	23.566180305891915	25.846045094378695	24.090039283584506	2.3355282108452588E-4
157.0	25.119013976503158	22.386071608461727	26.730831062044523	25.763538399377815	5.449536127699759E-4
158.0	24.72640359994239	21.806199468261106	25.740133051503932	27.72718602686722	7.78534253560821E-5
159.0	26.671789493844432	21.55908340320776	24.051362181545834	27.71698637623818	7.785451637942242E-4
160.0	26.04235195927834	20.887991298843765	26.346534291166414	26.723122450711482	0.0
161.0	24.58288241293668	20.513387469733185	29.184839731861324	25.713829696125067	0.005060689343745377
162.0	24.953693430656934	23.310948905109488	24.84461313868613	26.890744525547444	0.0
163.0	25.78272934522623	23.25328258919673	27.29703383496113	23.666954230615904	0.0
164.0	24.96375530823171	23.74467230282654	25.271621068171164	26.017926912637446	0.0020244081331375367
165.0	27.18736592609204	21.96246436699985	26.492420225294776	24.357048696032695	7.007855806358929E-4
166.0	24.945083097585837	22.624517895395858	25.648393218258963	26.78200578875934	0.0
167.0	26.74330593880383	23.626185370168777	26.43346275262849	23.196578720726865	4.672176720412273E-4
168.0	26.202240366308065	24.488675520669073	23.72919367838245	25.579890434640408	0.0
169.0	26.368906938079423	22.056621331703198	25.690634624594576	25.883447741493367	3.893641294402112E-4
170.0	31.71989085200229	22.596657031074784	23.002146203493734	22.681305913429192	0.0
171.0	25.99806562243504	23.56257213032285	26.411963237481444	24.026542401338176	8.566084224855039E-4
172.0	27.379949583574025	24.19178794583426	24.20206430196294	24.226198168628777	0.0
173.0	29.171447833255744	19.33021110829128	23.1400937601689	28.35591185734504	0.0023354409390340925
174.0	24.333157133036934	25.39479635631281	24.34296622170253	25.92853533957741	5.449493703110026E-4
175.0	25.956550679844455	23.79257056329969	22.605480017283192	27.643452434244075	0.0019463053285947286
176.0	24.9270298319331	24.12005646088651	28.323013572568044	22.628576589285977	0.0013235453263668135
177.0	22.27879225785555	26.297098836996547	24.177422456703678	27.222549669209332	0.024136779234895243
178.0	25.63492520720415	22.917020246293838	23.885426187365802	27.56231694955632	3.114095798929062E-4
179.0	27.80920659242096	24.211372922739617	22.908958691481676	25.06882676831851	0.0016350250392406008
180.0	27.26128652487142	22.04350351469426	25.178467149865565	25.51650860171066	2.3420885809129148E-4
181.0	27.699295220730235	22.238389594224156	26.772620724920287	23.288834401109632	8.600590156859128E-4
182.0	25.537048823473295	22.472308969813923	25.841286571472804	26.149199255004557	1.563802354148064E-4
183.0	23.20666197513488	24.82367659707561	26.292907967784817	25.676049730236922	7.037297677691766E-4
184.0	26.56900608436792	22.040566101914923	26.266625275344822	25.118876241250938	0.004926297121400382
185.0	25.040911155746993	24.46795950870647	23.70735994232954	26.783143900152538	6.254930644547146E-4
186.0	26.663413886556164	23.26347675278715	25.236647572221884	24.836461788434804	0.0
187.0	24.094054920191624	22.852269336526557	27.67530940870299	25.37766148655581	7.0484802301877E-4
188.0	27.556983716253047	27.744867079764674	22.18973791876296	22.508332967852287	7.831736703277425E-5
189.0	24.960977546719253	23.767630591097163	24.43514362534059	26.835151770518994	0.0010964663239948342
190.0	28.86527850118857	21.450328765728475	24.964029622203338	24.720049814175894	3.1329670372705587E-4
191.0	26.596509119435186	23.983683075112765	24.0186703275152	25.400666797411258	4.7068052559325356E-4
192.0	26.804294360611753	23.981579907350387	24.031238845370854	25.182729986388903	1.5690027810574294E-4
193.0	28.19662253131267	24.146610134916724	21.37350497895751	26.283105438408743	1.5691640435474405E-4
194.0	27.481612598998524	23.417632132718825	24.51915004464447	24.581605223638185	0.0
195.0	26.881915344413578	21.345245381923192	23.82637286752358	27.94591710218623	5.493039534190247E-4
196.0	28.115619954877484	22.464846824870698	26.265187956739634	23.15434526351218	0.0
197.0	25.307445707400404	24.299693891355027	23.576579070725884	26.815652124670848	6.292058478391499E-4
198.0	27.44234057474253	23.186456437289714	24.12862759930344	25.242575388664317	0.0
199.0	25.630899565512376	23.07073199435427	25.483121644686907	25.81477289511243	4.739003340207521E-4
200.0	27.3656222303321	23.138743674690705	24.582881102353497	24.912752992623698	0.0
201.0	24.648578276552346	21.14715868604535	29.163144681314968	25.04072336707593	3.949890114057027E-4
202.0	25.290411062797048	25.509641394478717	27.935632394579834	21.2643151481444	0.0
203.0	25.91167276186984	24.773286889676296	21.618742670742076	27.695270396277767	0.0010272814340216646
204.0	26.370435700715365	22.898707407512777	23.865464799061773	26.86539209271008	0.0
205.0	27.661990843299982	24.44734581361144	25.18139923796909	22.708394748135426	8.693569840583639E-4
206.0	25.446244730941082	21.182782695434366	25.59413011226168	27.77684246136287	0.0
207.0	25.929708701945387	23.619103030609658	27.45619936236801	22.994672697793582	3.162072833604613E-4
208.0	27.898456191284904	21.89534422206304	21.73128588529041	28.47483463710296	7.906425868560413E-5
209.0	26.69822876378799	20.43133108808577	25.536356641681106	27.333371817266688	7.116891784497354E-4
210.0	25.157642071629965	24.1690426007284	24.656066244073347	26.01716999561062	7.908795767212506E-5
211.0	24.747416417220933	25.572327660947874	25.577232196535814	24.102311776581	7.119487143788327E-4
212.0	28.712058805142682	21.84333452823813	24.08445365549866	25.360153011120527	0.0
213.0	29.733435726104613	22.592806643918582	22.718211398848872	24.95507121311683	4.750180110995875E-4
214.0	27.990243956536652	25.10612747020153	24.04235751510816	22.86127105815366	0.0
215.0	25.42083146504347	24.955776090915947	22.855963779646288	26.766952498482222	4.761659120759643E-4
216.0	25.907754824948903	24.76313595398414	25.70545643924348	23.62365278182348	0.0
217.0	29.064655238637403	22.44136861418636	25.51640821660156	22.97684016796761	7.277626070720736E-4
218.0	24.47899950919504	24.087172187609994	26.01968609715325	25.414142206041717	0.0
219.0	26.82272529860642	22.755435850605142	24.456084668316922	25.965258775717803	4.954067537151378E-4
220.0	28.731319459934113	21.61963381456566	23.96399339635705	25.684970410472296	8.291867088004072E-5
221.0	24.85065910367911	22.799836027661566	24.291283000059277	28.057887912717288	3.3395588275810824E-4
222.0	25.898785367042866	24.74590053995872	23.644978620131745	25.71025111749775	8.435536892398822E-5
223.0	30.773450356555127	22.474873932446044	23.40245472359833	23.348538503603088	6.824837974080971E-4
224.0	30.247448484231544	22.504835283842496	24.41294393294845	22.834772298977512	0.0
225.0	31.046986053488002	19.955053976510413	23.842463585636537	25.154722342628716	7.74041736330423E-4
226.0	25.342323850113946	22.733263345189535	25.515901410731168	26.40851139396535	0.0
227.0	27.426488208511294	23.55751610493227	25.440066393199984	23.574695874036173	0.0012334193202802328
228.0	27.722668857253634	27.420371396552305	23.052859123186877	21.804100623007184	0.0
229.0	27.797708577881124	25.45228137985209	21.800823912199345	24.949096865473795	8.926459364525358E-5
230.0	25.716431718300004	23.21128762044222	27.31159797951017	23.760682681747607	0.0
231.0	25.817452467203537	24.26503623006066	23.867461754616485	26.048860027249177	0.0011895208701436667
232.0	24.546895103698873	25.244658710181167	24.62010188249944	25.58834430362052	0.0
233.0	23.227392959051187	24.9640995688228	21.844947339833855	29.963095100800224	4.650314919326337E-4
234.0	26.565282410700707	21.604992503875593	26.964036551990606	24.864177027567035	0.001511505866059797
235.0	25.393107167238107	21.657561253583047	27.71054156332644	25.238694404234447	9.561161795892142E-5
236.0	28.706464867879372	23.68450608223507	23.40227565827947	24.20675339160609	0.0
237.0	28.096146307558307	24.66466785474431	21.90898595324657	25.329906612404823	2.932720459928774E-4
238.0	27.660263103977638	22.575849505554164	23.99895874883577	25.76482966338488	9.897824755053582E-5
239.0	27.970251256281408	22.91778894472362	24.502311557788943	24.60854271356784	0.0011055276381909548
240.0	25.89199719473233	21.333748928543596	26.568066703031246	26.205875477285122	3.1169640769890126E-4
241.0	28.613950044252345	21.267021032083207	23.446045941316505	26.670694964592922	0.0022880177550177786
242.0	27.00175585763486	23.876954498799037	20.83520468506583	28.285147111692343	9.37846807934184E-4
243.0	27.703648311616696	22.84539480555289	24.897230658684634	24.55142853562044	0.0022976885253435044
244.0	27.28794234249312	22.342493122312995	25.919831797403738	24.448686701743743	0.001046036046402159
245.0	28.897289758338097	21.040577597642628	23.201849822515612	26.85808065184222	0.0022021696614426306
246.0	24.882278071586693	26.500350750437914	23.043673680275223	25.57054704466502	0.0031504530351464544
247.0	25.550216489825452	22.762929706274264	25.113871439644193	26.43068907601911	0.142293288236983
248.0	26.41022645096299	23.110461291337852	23.364880469301806	27.10095820346587	0.013473584931479453
249.0	25.285575522610326	21.311300785827058	29.018227686297752	24.363908274122974	0.020987731141890772
250.0	27.108244528129493	21.311556890850238	24.645598762279125	26.933436547240987	0.001163271500165502
