# Position (bp)	A	C	G	T	N
0.0	23.302697528366355	24.37877784420825	26.010540509131236	26.307960782062466	2.333623169330964E-5
1.0	22.503615484754416	30.644196710316418	23.177690887115368	23.595247355048755	0.07924956276504821
2.0	24.44239618906689	27.04861255629634	22.591781437303272	25.91623322735782	9.76589975675934E-4
3.0	25.30382997231446	22.308768574357373	24.989126525423018	27.39207147125546	0.006203456649687318
4.0	25.554065834822087	24.224507492521408	23.637944463984937	26.58338934296351	9.286570806039521E-5
5.0	27.86221912271966	24.81384237637944	22.62436386820084	24.698902060228633	6.725724714232074E-4
6.0	24.89284251949539	24.124166501464586	24.3792647611919	26.59719533185238	0.0065308859957424175
7.0	25.261901448208548	25.86590349930944	23.701520431711426	25.169865462392398	8.091583781876793E-4
8.0	26.80392267854853	24.670200881897987	23.851794005080677	24.674059329993195	2.310447961202958E-5
9.0	25.855071006220165	26.40604218345684	22.15466498618074	25.58406035724781	1.6146689444263243E-4
10.0	24.735966218427738	25.371191620989936	23.268832719444227	26.624009441138103	0.0
11.0	26.728876964210997	23.258183554764464	23.41468013024855	26.598192652420195	6.669835579659847E-5
12.0	28.204962133802	24.997707963225007	20.387355309024542	26.40990895089046	6.56430579949853E-5
13.0	24.959785048113275	23.21960580926302	25.24838265719674	26.57205375006316	1.7273536380874567E-4
14.0	26.428621129339263	22.41558599004265	23.676903053072433	27.47882579588157	6.403166408476767E-5
15.0	25.283223287259776	24.03602274344071	24.167572153512957	26.513139659269953	4.215651660703276E-5
16.0	26.224903642501975	25.13827368305894	21.560231050797114	27.076467304754075	1.2431888789295645E-4
17.0	28.160711254464555	26.767463409954733	19.50398932745137	25.566619162359878	0.0012168457694632959
18.0	25.305676167035386	26.35186283361631	20.094717662631577	28.247582573509476	1.607632072500991E-4
19.0	25.011215047435055	25.04803878607207	21.48309306610201	28.457033374062014	6.197263288531784E-4
20.0	22.401915885987165	25.53762784922476	24.27201549912405	27.78834157507904	9.919058498837784E-5
21.0	23.451608139637912	25.176230839658587	24.161650767398132	27.210136152869254	3.741004361223505E-4
22.0	21.99540385009858	27.170387345529605	26.328006612346876	24.506124271368815	7.792065612309281E-5
23.0	24.693976907819902	24.930061547387538	23.295750089178064	27.079824145894925	3.8730971957614375E-4
24.0	27.34316417064045	21.994470872456475	24.80239020773503	25.859859798491463	1.1495067658052391E-4
25.0	24.25466498517456	26.135906890089437	19.91842692347178	29.6907360215235	2.651797407224026E-4
26.0	25.463590437480672	25.80062055383263	20.05203139945199	28.68371998166785	3.762756685854217E-5
27.0	25.11844591312148	25.494356651523866	20.177363719935716	29.20983371541894	0.0
28.0	27.44593703491573	23.84799835414448	23.01936713447999	25.683716122514017	0.002981353945784912
29.0	26.592572587276546	24.52802397124797	22.687656878577855	26.19136231444917	3.842484484596577E-4
30.0	22.980810022344844	25.52627698306848	25.516125189233797	25.9764427533263	3.4505202658135527E-4
31.0	25.71329587629573	25.078089654975695	22.566872221819033	26.64118259385111	5.59653058431751E-4
32.0	23.482865613171718	23.294758560750168	25.05104484429175	28.170955125639765	3.7585614660823834E-4
33.0	23.541272656749886	25.06901071895721	25.75085431731058	25.638791526757753	7.078022457149651E-5
34.0	25.258781087406756	27.01962905588577	23.115268961143197	24.60623319694444	8.76986198342005E-5
35.0	24.726952357427535	22.477453317717064	26.45774587297534	26.337553565283034	2.9488659702254735E-4
36.0	22.855497456238922	25.452376314426754	27.018839568014673	24.673026704812106	2.599565075432446E-4
37.0	24.979333187816803	26.112525855169476	21.731716021023676	27.176424935990052	0.0
38.0	26.065143852890767	25.84239696571011	21.433646902715097	26.65874300582221	6.927286181951752E-5
39.0	22.777640032883323	28.20129330913025	22.064706318265966	26.956187196696707	1.7314302375591543E-4
40.0	25.543422656911492	27.156530549958635	22.97478624126178	24.32510474788405	1.5580398404636448E-4
41.0	23.6248360607641	25.097550011744257	21.531502729738648	29.741697365877062	0.004413831875932205
42.0	23.841803685542978	26.694433887223962	21.119131137293017	28.344544755345936	8.653459410775565E-5
43.0	25.774645888772717	25.86629067386258	22.621483849510128	25.734084073015424	0.0034955148391526735
44.0	28.100961659076017	25.577958298520393	22.80603194041766	23.514788572899732	2.5952908620327806E-4
45.0	25.226884365867235	24.86319126167809	22.009245250314063	27.89708094074453	0.003598181396087462
46.0	24.61630029280389	24.592828242014313	22.7642395954989	28.026597275650783	3.459403211433189E-5
47.0	24.641046417209225	25.292168906514423	23.85934661186455	26.20589880863332	0.00153925577847861
48.0	22.40678471319783	24.37693949971195	23.42080547634839	29.795470310741827	0.0
49.0	21.93199499332674	26.272552504373927	25.119738325253966	26.674071794588087	0.001642382457280768
50.0	26.77139860159202	25.322081902011874	20.401326634472305	27.505106429468352	8.643245545616976E-5
51.0	24.327390493230265	27.313011739923514	22.22308447193504	26.134508420300527	0.0020048746106481655
52.0	22.594466040514767	26.238587329564467	21.790482859005447	29.37642927852262	3.44923927027894E-5
53.0	22.07639313035921	25.913441231172534	24.2875004283323	27.721236000852016	0.0014292092839368758
54.0	22.526888033994066	29.429496029514418	22.67147438822426	25.371986578970112	1.5496929713847471E-4
55.0	23.468318790410056	29.166918710397628	22.408068194784896	24.955422629219385	0.0012716751880360799
56.0	26.12273386150618	26.03642523160542	25.270266462215616	22.570574444672783	0.0
57.0	22.413627218701087	28.385972809475625	23.156117867985245	26.03955735077082	0.004724753067223786
58.0	24.907587521064137	26.336899383309802	21.578333158389416	27.176853527960304	3.264092763454805E-4
59.0	27.104292457197648	23.228456762012804	24.74406714180265	24.92050384867705	0.0026797903098438832
60.0	23.469042625519602	23.780873503791504	24.141654677789052	28.608394889959598	3.430294024221992E-5
61.0	24.855666892358645	24.389276818415368	23.21564422712159	27.53373546293266	0.005676599171731017
62.0	24.682312078340356	22.604343854249322	25.639701656910933	27.073265134388325	3.772761110652854E-4
63.0	25.405625825887412	24.223258567194012	23.30862201595924	27.060281507358354	0.002212083600984017
64.0	24.72171138896333	22.725491383945702	23.57097604577066	28.98175272795228	6.845336802550026E-5
65.0	23.082870074954684	26.892360638754976	24.00565646651201	26.01456108910252	0.0045517306758070895
66.0	24.198710627238423	24.753633365655773	23.72711784275689	27.31995639464998	5.817696989358919E-4
67.0	26.44750442248936	25.7171499167003	21.25659095921523	26.57815585401739	5.988475777214329E-4
68.0	22.98421508275704	23.148189336882915	27.31675226953097	26.55067221916158	1.7109166749360973E-4
69.0	22.94387699412187	25.460603101357147	25.287721892731874	26.305231739518575	0.002566272270538476
70.0	24.585590761555615	23.751057709013807	24.882082422119048	26.781012848313633	2.562589978940636E-4
71.0	24.479855720398998	23.611987620815686	26.592608906792115	25.314576848935832	9.709030573737277E-4
72.0	26.31452733969567	26.40593613885281	22.22223357664731	25.055327274839197	0.00197566996501361
73.0	25.10416899056855	23.502400991561746	23.38271330353857	28.007140388991797	0.0035763253393379267
74.0	24.34865043715067	26.723425356748393	23.457762877051184	25.46939502542936	7.6630362039294E-4
75.0	24.201440960908517	25.424423795284174	22.614718602924185	27.757356227870783	0.002060413012342555
76.0	26.465543047054506	24.552658473649565	25.785442257074386	23.19552186808146	8.343541400822707E-4
77.0	23.659358309074584	25.968140716574222	24.481882686583784	25.88986911428454	7.491734828683605E-4
78.0	27.07215262309018	26.94498601065108	20.664702215770532	25.317665398746247	4.937517419646586E-4
79.0	27.301107289635485	21.45801222467371	23.05495620947604	28.18338747169292	0.0025368045218455474
80.0	23.841271905870304	23.476684812883313	28.470344759956472	24.20900859550462	0.002689925785288081
81.0	24.740617560375025	26.236186472071953	21.870880116146676	27.15175404906271	5.618023436350859E-4
82.0	22.30353290341779	22.524057412638403	24.497525355466816	30.67364160119792	0.0012427272790724556
83.0	24.507096583535002	22.92544774117285	24.84272372078328	27.723693546344325	0.0010384081645437744
84.0	22.722758027619562	26.912196589164918	25.051725614149646	25.31199205276685	0.0013277162990282649
85.0	25.118072963448828	27.24467141869174	21.46218984304428	26.174265770593852	8.0000422129887E-4
86.0	24.848584805784824	25.55919455831221	23.24657256321278	26.343537519173697	0.0021105535164885293
87.0	21.701485246674512	22.47734005281293	26.72930011377842	29.09087040918533	0.0010041775488026034
88.0	24.530899723540074	27.407604451951045	26.037473560669035	22.02315428451613	8.67979323711357E-4
89.0	26.50752830250653	26.114192344891237	23.069633841188054	24.307556315269867	0.001089196144313724
90.0	23.408001859749877	26.3681150921051	24.76244707549737	25.461316845184847	1.191274628113843E-4
91.0	25.95829037790453	25.428121967664392	24.454762445275435	24.15821257312917	6.126360264699606E-4
92.0	25.152149216161817	24.893983937290223	23.085414572154566	26.868452274393395	0.0
93.0	26.120058884058267	26.131851350935136	21.461302756187088	26.286412644791668	3.7436402783702844E-4
94.0	27.19268601548273	24.05962351248362	23.45842305141182	25.284604973299828	0.004662447322002565
95.0	23.51081064479315	26.894681057604984	24.50372549383276	25.088213439002853	0.0025693647662499135
96.0	25.586152049362752	25.092561965471667	24.355979707150276	24.964149253446912	0.0011570245683958059
97.0	25.29210400810036	24.95973898098659	23.284523281460636	26.463463582515224	1.7014693719349092E-4
98.0	27.63870565548369	23.62393461377612	24.70962727688183	24.027681411279662	5.1042578698298554E-5
99.0	21.77070187657727	22.4957902648535	27.42127395483054	28.312233903738694	0.0
100.0	22.78184556450769	25.549329831640073	24.494109605516833	27.174714998335403	0.0
101.0	22.788517887534905	23.124894212588682	28.501846123226283	25.584707754568104	3.402208203234309E-5
102.0	24.86530535860869	24.766818222416926	25.20472785889578	25.16313154727221	1.701280639001008E-5
103.0	25.533009086068425	26.338268492386312	25.108646650437294	23.019905651871397	1.7011923657291397E-4
104.0	25.19253345636149	27.488202854926968	23.342211706762246	23.976796807392034	2.5517455725938446E-4
105.0	27.202872974910125	23.942415968563186	21.382849698083465	27.467846352528746	0.004015005914477992
106.0	25.538812939200213	23.371601360595605	25.230630617756265	25.85880196950875	1.5311293916618778E-4
107.0	25.18232758349369	25.3442358726639	22.857105429567344	26.615497500093145	8.336141819208139E-4
108.0	23.164759961696348	25.383908350233085	24.879101766142576	26.57204279270965	1.8712921833913973E-4
109.0	25.52614079606806	25.01095107747545	25.660275546971235	23.801816033125924	8.165463593344944E-4
110.0	23.669686097479943	25.07219126845864	23.688755649631258	27.56931595083832	5.10335918411576E-5
111.0	24.523644791654085	24.633014467452696	24.573761927274354	26.26869419343819	8.846201806700624E-4
112.0	25.096088843011056	24.774454470202336	24.00120168467209	26.128203967941012	5.103417350326126E-5
113.0	27.934758627095118	22.191045114305258	23.222532027603165	26.650711623394752	9.526076017065965E-4
114.0	25.810261006748824	22.78228128332585	27.763069772648052	23.644132770446646	2.551668306255313E-4
115.0	26.54135372882518	24.571510425855188	26.11544580149373	22.770924481344178	7.655624817221957E-4
116.0	26.737198617624575	25.002118068090528	25.017429403684726	23.24303274686381	2.211637363605772E-4
117.0	25.47128964827465	27.372644317329442	24.076266505068844	23.07906798387946	7.315454476011859E-4
118.0	26.033559299715737	25.117348328423226	25.42289375678482	23.42589238914579	3.0622593042921135E-4
119.0	26.72702498869919	21.71906040544773	25.177389124035347	26.375964056532464	5.614252852678433E-4
120.0	24.76544487724943	24.230665321976964	25.405720647519807	25.59815214047924	1.7012774552155723E-5
121.0	27.559052438902604	23.60733116032358	24.360172028332038	24.472746840734285	6.975317074946719E-4
122.0	26.506091738193316	24.764630234817695	24.47740077670874	24.251536991489616	3.4025879062838825E-4
123.0	23.873801531018817	28.23180868865768	23.778019284385827	24.115638944142788	7.31551794887848E-4
124.0	24.94747746366805	24.767755033087198	23.379329504676203	26.90521683313902	2.2116542952963387E-4
125.0	26.22812127216964	24.275308076577335	24.890695675665743	24.60483722246909	0.001037753118192935
126.0	23.733620594766585	24.463966456829038	25.2815523277584	26.52067348334146	1.871373045116933E-4
127.0	25.948733757075843	23.44773768657821	27.777641679332326	22.824798089450024	0.0010887875635962518
128.0	25.69919689797035	23.570294309690542	25.050791448322702	25.669781920864352	0.009935423152053825
129.0	23.60976097725458	27.404543504290054	22.624054570775385	26.358442590682778	0.0031983569972055207
130.0	25.61338149559333	25.01645143135959	24.055548334543513	25.314516661369996	1.0207713356520721E-4
131.0	25.241880027506358	25.007477142401196	24.919248563350877	24.830594663344854	7.996033967152292E-4
132.0	25.90280809358656	26.160398425434227	22.44098185452109	25.489397812634294	0.006413813823827335
133.0	26.459906760184353	25.855734667174552	24.814676381826963	22.867895857083774	0.0017863337303530937
134.0	25.412350973441423	23.990947357998714	21.520711839937746	29.07587074177327	1.1908684884799636E-4
135.0	25.635499292802784	24.680978691537145	26.273950202564283	23.409078459252544	4.933538432434511E-4
136.0	27.717484226355182	26.70623907685623	24.062074844832452	21.50739681738741	0.006805034568724979
137.0	28.240917638900846	21.944058923022325	24.543734120987907	25.27111919241135	1.7012467757120483E-4
138.0	24.317846027435014	24.80196929190721	27.78479327623589	23.09401344446609	0.0013779599558032104
139.0	25.63280539087538	24.018764835463198	25.366551728420244	24.980840317721544	0.0010377275196321886
140.0	26.012798436532975	21.838693291062018	25.97683515650491	26.171349888690752	3.232272093345296E-4
141.0	24.840579148004338	25.724683539996924	25.40519537432853	24.029150658234087	3.9127943612210096E-4
142.0	27.844840741316006	23.214414217011807	24.18465293704251	24.75570082446134	3.9128016833893576E-4
143.0	25.754528532159814	26.16994665350158	24.0736664140939	24.001722303558896	1.360966858075314E-4
144.0	27.020304007213152	26.20681677058258	23.254374250401913	23.517756436974217	7.485348281347022E-4
145.0	27.748304454580207	22.61736039129005	23.257981996860604	26.37551956833022	8.335889389212372E-4
146.0	26.927587095632738	22.200397573052136	25.08881598253877	25.77816376369156	0.005035585084801124
147.0	25.655628956564946	25.30495309663592	26.99266785668051	22.043177666979734	0.0035724231388908783
148.0	24.308792155278987	25.047560543470325	23.811454235810135	26.831546619709755	6.46445730795841E-4
149.0	27.200259669649306	25.68934772630846	23.771579170492927	23.33660188648367	0.002211547065634294
150.0	25.26790769331272	24.24241393201664	25.154215344163056	25.335411993989936	5.1036517649108295E-5
151.0	26.171133758941355	24.592626567236394	25.87606851420427	23.359558708694863	6.124509231166539E-4
152.0	26.904851019234634	24.56312925957053	23.417217596641	25.114546933109217	2.5519144462175526E-4
153.0	24.43540414336673	23.78709183604897	25.7067475212564	26.069888839116572	8.676602113314041E-4
154.0	22.969527839823257	24.977980920597425	24.840651958698555	27.20945746043158	0.0023818204491875185
155.0	26.59844993844263	24.422401982902773	24.25476108321917	24.72426789604461	1.1909939082363012E-4
156.0	25.09442122739599	24.207275138981853	26.461831841570387	24.23621657655291	2.552154988629299E-4
157.0	24.157881286519263	23.44475716892805	26.900532856658188	25.49647138570975	3.5730218474973026E-4
158.0	24.642978434080238	21.913379010133337	25.907620520938757	27.5359369608435	8.507400417475153E-5
159.0	26.227526366879268	21.923631546842735	24.781863364394226	27.066383196660293	5.955252234708401E-4
160.0	25.790456634166215	22.28949713852844	25.90115850718201	26.018785628017888	1.0209210545570001E-4
161.0	24.131738605472965	21.45474110060997	28.489516477024456	25.919766984423433	0.00423683246917832
162.0	24.333088816957627	24.34224329226241	25.405506672132127	25.91912718714113	3.4031506709226464E-5
163.0	24.900166145858506	24.288298798454388	26.83145009736651	23.980016893650998	6.806466960388405E-5
164.0	24.8490679470331	24.451834897120825	24.85376449954234	25.843392775919483	0.001939880384252868
165.0	25.93252351293222	22.709810877218835	27.080479071792873	24.276488837557796	6.977004982772754E-4
166.0	24.755686855777558	23.602778633384784	25.96616561185922	25.675181705401556	1.8719357687784939E-4
167.0	26.338261582258575	24.21137579355949	26.707659014822188	22.74229517213587	4.0843722387941847E-4
168.0	26.026973892017295	24.89239102612977	23.804473320190393	25.27600859374149	1.5316792105521125E-4
169.0	25.576077845712657	22.676146347897493	26.067489543843525	25.680047994077327	2.3826846899744288E-4
170.0	30.792511851809618	23.275124517396694	23.43565048160342	22.496594014144733	1.191350455308615E-4
171.0	25.21898551250022	23.89941345734414	27.303566587134593	23.57721750754006	8.169354809886349E-4
172.0	26.542835058230818	24.918644991965756	24.55861015251958	23.9797225982276	1.87199056244467E-4
173.0	28.50915713452592	20.276967987084493	23.574424723386826	27.637986660760504	0.001463494242256286
174.0	23.190496886102373	26.79966742436644	24.480180404924106	25.529212848745814	4.42435861264366E-4
175.0	26.05267089555769	24.26005467677707	23.215185755042185	26.47035300996236	0.0017356626606891805
176.0	24.230391479566382	24.805185877413948	28.495679002682373	22.467025042522533	0.001718597814760339
177.0	21.59122448260717	26.5297332729122	25.47433171032366	26.379985062616022	0.024725471540948223
178.0	25.12190445045887	23.556334667211356	24.210524166592794	27.11087941178923	3.5730394774923185E-4
179.0	27.732551649784714	24.672734957685087	23.162462854490336	24.430889273370532	0.0013612646693283927
180.0	26.263485540906284	23.00113652265025	25.669166106368962	25.066024116123266	1.877139512421544E-4
181.0	27.095540952835997	22.825065731035405	26.5680863476648	23.510452541901934	8.544265618661222E-4
182.0	24.83772930872523	24.00278922635696	25.686813679576858	25.472565290496867	1.0249484408228081E-4
183.0	23.745763577606713	25.098446265021053	26.474362117231475	24.68079596139263	6.320787481287479E-4
184.0	25.808424000088838	22.43446751842307	26.858515442747326	24.894270760814877	0.0043222779258874555
185.0	24.28425283643537	25.30620827509234	24.87267833872285	25.53641642924725	4.44120502190966E-4
186.0	26.72145163949199	23.268204643312586	25.439121117155622	24.571205517104715	1.7082935087409105E-5
187.0	23.89123228135133	23.126482259442643	28.554752541407414	24.426779806765403	7.531110332135659E-4
188.0	26.980386437657188	28.29496395858357	22.576728051161677	22.14733956301826	5.819895793054091E-4
189.0	24.562235994393443	24.507800083947707	25.19446287505144	25.734542426800814	9.586198065916067E-4
190.0	28.583069863502423	22.11081962228801	25.14799848526247	24.15778675755092	3.2527139618124533E-4
191.0	26.22020563663637	24.48181498189205	24.992040320129153	24.305630446937094	3.086144053317596E-4
192.0	26.20180742206937	24.414497921358315	24.149245204275456	25.23439801350234	5.1438794521562634E-5
193.0	27.094219222888317	25.307239951456882	21.887306510467173	25.711131426008016	1.0288917960798194E-4
194.0	27.332143573091116	24.396206966150825	24.260579786045508	24.011069674712555	0.0
195.0	25.84426580813303	22.26534060905374	24.979912419004386	26.90977799128306	7.031725257802771E-4
196.0	27.36573228444964	22.80871792201561	26.49783756669157	23.3275231954418	1.890314013808572E-4
197.0	24.413770107474765	25.182318656745917	24.342441102007353	26.06073106214905	7.390716229153453E-4
198.0	26.74581203940869	23.976441274559203	24.556096232500995	24.72146109131511	1.8936221600616838E-4
199.0	25.12835242597773	23.45982695431135	25.257856362245303	26.15341222257012	5.520348955058322E-4
200.0	26.975056279338755	24.33301564779555	24.37269758499181	24.319195981841546	3.450603234457448E-5
201.0	24.559095992791903	22.074239100465068	28.581660284355348	24.784642285167674	3.623372200039132E-4
202.0	24.791576759024856	25.522134405834795	28.16280920104381	21.52344512336637	3.451073016249895E-5
203.0	25.290277058364712	25.30815858428024	23.37362257449442	26.02709603501327	8.457478473559764E-4
204.0	26.03923671179701	24.067251196500138	23.80085017708858	26.09254108216848	1.2083244579024937E-4
205.0	27.152757338185317	25.1373468684914	25.31014713917154	22.39883372764364	9.14926508096668E-4
206.0	24.961020821985446	21.759730119583338	26.121617107158855	27.15756289282388	6.905844848110259E-5
207.0	25.215498038760636	24.4741709714472	26.693818038152823	23.61625393957352	2.5901206581807406E-4
208.0	27.34796529737178	22.655117546146368	22.49931737036384	27.49753070278988	6.908332813769136E-5
209.0	26.666611389770008	21.297756431682853	25.557705020714156	26.47713255244352	7.946053894628762E-4
210.0	24.142695827885415	25.059397278298533	25.292304407077644	25.505274229528496	3.2825720991046524E-4
211.0	24.36287832299265	25.957434380869614	25.74047093251426	23.938231344383638	9.850192398450997E-4
212.0	27.892467151240435	23.046919637338974	25.01031642511451	24.04996832032003	3.2846598605056824E-4
213.0	29.040758057421645	23.780206520590397	22.914241147789404	24.264309963194094	4.8431100446275294E-4
214.0	27.11194599350206	26.111985283668947	24.35682256439477	22.419211541547103	3.4616887121427555E-5
215.0	25.12103021081921	25.679820598875413	23.142738135328404	26.05590817137302	5.028836039482953E-4
216.0	25.57929567983745	25.21005161666582	25.82765606120144	23.38292650380861	7.013848668850429E-5
217.0	28.182990780008648	23.03641488086586	26.14268439717441	22.637043434651023	8.665073000587457E-4
218.0	24.4809230990428	24.815761811719927	25.467556374829087	25.235436822887774	3.2189152041167777E-4
219.0	26.12583656995227	23.706804348774956	25.20533456846103	24.961285023391312	7.394894204314794E-4
220.0	27.935698583846495	22.510538702862455	24.947818953810387	24.605580950190276	3.6280929038493703E-4
221.0	25.06231981286411	23.083097776965925	24.927376595982388	26.92696810933399	2.3770485358569544E-4
222.0	25.248108350794286	25.55255995851567	24.224139749783753	24.97504388833431	1.4805257198778713E-4
223.0	29.847315001191532	23.152260093194464	24.39683261716379	22.60267428249404	9.180059561725222E-4
224.0	29.01634195344452	24.080261146457307	24.79304947734432	22.11023464573826	1.1277701559311406E-4
225.0	29.93492740286937	20.405176212975046	23.936607342726084	25.722248303739487	0.0010407376900126838
226.0	25.00376420196045	22.44996867954094	26.037205257239627	26.50885114257418	2.1071868480890688E-4
227.0	26.840661080393645	23.42622937803281	26.575600694769225	23.155940212973995	0.0015686338303191358
228.0	26.91302921263899	27.772913291076595	23.795191990703827	21.518729118102982	1.363874776032278E-4
229.0	27.415500600455427	25.493394203608872	22.39840345333657	24.692682074881294	1.9667717840626188E-5
230.0	25.813438358736214	23.409269379968293	27.67061324756206	23.106679013733437	0.0
231.0	25.22933482995772	25.29078705296574	24.515173933318305	24.963055269397415	0.0016489143608174512
232.0	24.72522016263609	25.57130644224097	24.92255400186028	24.780676695089994	2.4269817266478347E-4
233.0	23.0636894081108	25.55207640252844	22.449002599525848	28.934760141368947	4.7144846596818506E-4
234.0	26.902193082578595	21.678574156090114	26.451835899514702	24.96598182215074	0.0014150396658508685
235.0	24.971405235644458	22.37524506787727	27.62047730709386	25.032682740984114	1.8964840029467146E-4
236.0	28.550610903700264	24.223646772303876	23.256546250721573	23.968961241686962	2.3483158732490102E-4
237.0	27.48530392875223	25.436902501950453	22.277999431850414	24.799686288246832	1.0784920007169816E-4
238.0	26.8569532376359	23.300378142170693	24.185065013897876	25.657581731929202	2.1874366326950468E-5
239.0	27.38386987238975	23.65049671640942	24.293859134497435	24.670307594392117	0.001466682311277987
240.0	25.156083952476514	21.930828667451895	27.06763887401717	25.84521823429921	2.3027175521191332E-4
241.0	29.47458458451998	20.85356667714636	23.638922515090304	26.030298616034674	0.0026276072086790325
242.0	26.113057048004883	24.477338743322647	21.69398328010386	27.714443438575543	0.001177489993066662
243.0	27.75626613421402	23.332178874700883	25.181469113687683	23.727151596283584	0.002934281113834627
244.0	26.25985810349417	23.3753081561556	26.208793879700465	24.154813022997416	0.0012268376523419868
245.0	29.029619410857745	21.23353543316215	23.71296414370341	26.021655209190715	0.0022258030859832367
246.0	24.48400655400776	27.169204057689573	23.828141415928506	24.515815363097555	0.002832609276609636
247.0	25.466945303948073	23.342708045604997	24.66160822817008	26.386815694830794	0.14192272744605125
248.0	26.309455345986017	23.343614888759745	23.664629362455898	26.670733362022077	0.011567040776262477
249.0	25.798135974653846	21.778838609002158	28.254938076853207	24.14982904123414	0.018258298256647314
250.0	26.30879675675625	22.441537849912148	25.16503758573055	26.083319746628593	0.0013080609724592433
