# Position (bp)	A	C	G	T	N
0.0	24.364929558056918	23.278564475276095	24.825434560414088	27.530992964565016	7.844168788732217E-5
1.0	23.2236843993214	29.634561236865647	23.648397815595594	23.41660551193489	0.07675103628247408
2.0	24.94096140311028	26.3760434319854	21.809792827012352	26.87244693559336	7.554022986110497E-4
3.0	26.56686212727174	22.195635670315536	24.06338576355209	27.16898940421515	0.005127034645481169
4.0	26.528663364559968	23.227891653589833	23.308823261699846	26.93446568234552	1.560378048393565E-4
5.0	28.63566210061083	23.414698648887722	22.13824838342711	25.810611514108757	7.793529655809154E-4
6.0	25.428693158465094	23.900912607456913	24.129395098375053	26.534516259442633	0.006482876260303559
7.0	25.836827881837664	25.178454943621286	23.198391989977118	25.7858074736744	5.177108895308503E-4
8.0	27.585894712935882	23.83161022694616	23.596197913958754	24.98621954623184	7.759992736646799E-5
9.0	26.8559485264881	25.323981554636386	22.24571785616541	25.574248785198268	1.032775118381848E-4
10.0	25.278541705737272	24.592386642793077	22.690891774574627	27.438154080622123	2.5796272902898442E-5
11.0	27.639410626893323	22.456180454400148	23.12340894690596	26.780950061302573	4.9910497999462456E-5
12.0	28.915101286734558	23.902262954323664	20.02777397355424	27.154837197946357	2.4587441177620414E-5
13.0	25.250921813132532	22.422521022784732	25.346068875387978	26.98039105102255	9.723767220791748E-5
14.0	27.4753063686675	21.106879725534526	23.1875781442124	28.23021167552512	2.408606045745691E-5
15.0	25.51011343633921	22.94795398529955	24.44005230870136	27.101832638352874	4.7631307010209056E-5
16.0	26.498752206692412	24.558878291349252	21.279228934275075	27.663023392990095	1.1717469317220719E-4
17.0	29.7340507075946	26.114059565599224	18.813491655801016	25.337524681862263	8.733891428995647E-4
18.0	26.51180931467383	25.59229148699162	19.299353477934517	28.596408788902522	1.3693149750796085E-4
19.0	25.72430956004968	23.92203715928082	21.107836291127708	29.245339632626116	4.7735691567421886E-4
20.0	23.523161997678294	25.72731597409655	23.605960790968815	27.143516102999982	4.513425635896538E-5
21.0	24.41046737249372	24.391776596369326	23.01110196244185	28.186385136664533	2.689320305668146E-4
22.0	23.029088474322332	27.029456477511694	25.57024383100209	24.371144549919432	6.66672444494519E-5
23.0	26.28903726420279	22.953290970507698	22.404547070088867	28.352770823836863	3.538713637782138E-4
24.0	28.768449259399297	21.580539983670068	24.19591532547524	25.455029673346598	6.5758108796791E-5
25.0	25.002108484803692	24.744590758315475	19.9326371710655	30.320554901031638	1.086847836955435E-4
26.0	26.71039477424257	24.497121359008194	19.63945386338803	29.152943541457944	8.646190326426109E-5
27.0	25.920898349321053	23.985218302220986	20.028972058686307	30.064868189416575	4.310035508227534E-5
28.0	27.921678704365306	23.11321247260858	22.503041478543217	26.45891345536469	0.00315388911820883
29.0	28.332524569623175	23.367839648084495	21.523500031408982	26.77573523366807	4.005172152839056E-4
30.0	24.323617926276835	23.810894072952465	24.30893695980431	27.556236897603924	3.141433624648945E-4
31.0	26.462793055540786	24.289463568328404	22.446620992937447	26.800684375926203	4.3800726716628695E-4
32.0	24.8845893472655	22.357595770739344	23.938132076544242	28.81943475497264	2.4805047827232846E-4
33.0	24.018291045709166	25.143485505924502	24.301716169046646	26.536486782854297	2.0496465384544437E-5
34.0	26.518343614054995	26.55434139317506	22.15724318025125	24.76986843523552	2.0337728316422514E-4
35.0	25.26232754649237	21.957214992056294	25.189910619987593	27.590325259769283	2.215816944513325E-4
36.0	24.63673748384488	24.327754763810677	25.246168712898072	25.78907737731619	2.6166213018335066E-4
37.0	26.043424353067447	24.880146998755293	21.092639236932875	27.98378941124439	0.0
38.0	27.70863877252471	24.68726513704329	20.94315733062106	26.66081805936209	1.2070044884473577E-4
39.0	23.835601450211044	27.94051689009941	20.935943648850376	27.28779722146129	1.4078937788391955E-4
40.0	27.004849949594067	25.9358178540969	22.15065712724597	24.90849407828334	1.8099077972637812E-4
41.0	24.745273589224972	24.475974292202103	21.12932780538868	29.644115942063955	0.005308371120289499
42.0	25.699051070265195	24.85243718402015	19.92686095619981	29.521570368333034	8.04211818133931E-5
43.0	26.94943514386965	24.983736614369192	21.796153236876112	26.26677500882525	0.0038999960597977954
44.0	29.075850175024947	24.36254837934836	22.27855047381862	24.282608761197224	4.422106108436072E-4
45.0	25.828530751662647	23.917580222340305	21.25187608173647	28.99803368144514	0.003979262815436967
46.0	25.901280856640074	23.973816580621783	21.591916369640852	28.532986193097294	0.0
47.0	25.594032618220304	23.88519987485907	22.9923551108958	27.52676474730996	0.0016476487148641423
48.0	23.049098098770713	23.259600308953527	22.10857767881087	31.58272391346489	0.0
49.0	22.825926045701344	25.88205613269825	23.653030369072482	27.637340354523786	0.0016470980041390368
50.0	27.953191685082867	24.395388582002422	19.25613880609995	28.39508007758404	2.0084923071731896E-4
51.0	25.653648553312756	25.835351755751372	20.865544249087616	27.64308574933192	0.002369692516330294
52.0	23.594926875570323	24.91285214637352	21.614351231754465	29.877869746301688	0.0
53.0	23.169641248964336	24.78852380933321	23.271206657087166	28.76918735665769	0.0014409279576046974
54.0	23.625533774748558	27.658927691607577	22.301648322839615	26.413850186453438	4.002435081503587E-5
55.0	24.414528629191544	27.661557584915368	22.43670166853	25.48589400542663	0.0013181119364622114
56.0	27.722199102345265	24.68692314021003	23.563057489681924	24.027820267762788	0.0
57.0	23.390316831979714	27.49995756937407	22.37445776155985	26.729776814907623	0.005491022178737763
58.0	26.028203253011302	24.931494377897074	21.561007787828927	27.47911489438504	1.796868776470123E-4
59.0	28.094470344160104	21.65865718625276	23.717924147106125	26.52613342532657	0.002814897154438434
60.0	24.329344944447513	22.466672792325998	23.39957350263008	29.804368897303586	3.9863292823590775E-5
61.0	25.680167138768983	23.487078652917006	22.200474447383193	28.62562322787246	0.006656533058356071
62.0	25.56554557306665	21.39210482158067	24.54844638133338	28.493624222732304	2.7900128699307955E-4
63.0	27.018756510116976	23.639145175185046	22.110175640390256	27.229312151029333	0.0026105232783947712
64.0	26.257515031056787	21.128146386170492	22.969750489331197	29.644548306373945	3.9787067571769405E-5
65.0	24.520671602808598	26.033480680259824	23.204177008866676	26.236538563293866	0.005132144771040699
66.0	24.759968500372263	23.661957038692865	23.162450438709296	28.415027287676374	5.967345491998684E-4
67.0	27.326832045149008	24.19731885013562	21.299326778739598	27.175985292441613	5.37033534163985E-4
68.0	23.7750852251256	22.242842879475564	26.821430986542982	27.160362460370813	2.7844848504134963E-4
69.0	23.367056589956846	24.65637500415168	24.410058465621987	27.56338747789167	0.0031224623778087993
70.0	26.51038775057961	22.74995611704557	24.271344391043588	26.467855040900503	4.5670043072807575E-4
71.0	25.305885160972117	22.536057418523555	25.169192311844302	26.987953955050415	9.111536096043513E-4
72.0	28.387122840985974	25.444240754325953	21.319218770053222	24.84745687517528	0.001960759459575082
73.0	26.254365792623563	21.806743025624005	22.627896236526347	29.307192576508807	0.003802368717278835
74.0	25.5901433627523	25.287841364521434	23.022299178382536	26.09876558367197	9.505106717595556E-4
75.0	26.01842107086954	24.390345323299396	21.56308815798202	28.02586830805543	0.0022771397936119297
76.0	27.1907646437908	23.710081761565434	24.49902651602828	24.598978658593936	0.0011484200215546557
77.0	24.302816768947334	24.45501515153015	24.233914678224266	27.007659417757534	5.939835407160868E-4
78.0	28.282267923874578	25.15568094637068	19.843314277229194	26.7180835003836	6.533521419556018E-4
79.0	27.77544052765319	20.388949217439166	22.22427240303739	29.608684935493546	0.002652916376710166
80.0	24.222291951453936	23.19785955454899	27.28220640886428	25.29467254371907	0.0029695414137194793
81.0	25.623722508886143	24.5131404035115	21.21399887754001	28.648742280613014	3.9592944933142363E-4
82.0	23.73411012230863	21.796967870353047	23.408290302114295	31.059186608506472	0.0014450967175518874
83.0	25.83383035906406	22.000856342506914	23.77955851446152	28.385022359724427	7.324242430840841E-4
84.0	24.060495357900123	25.154017478935174	24.702554857221582	26.081368576237956	0.0015637297051637126
85.0	25.336315502993717	26.2465832055025	21.161779405215498	27.254827057251717	4.948290365678658E-4
86.0	25.669523795009567	25.021410154835944	21.907076266464838	27.399970984712745	0.002018798976904346
87.0	22.752437236665727	21.61244438920501	25.11038046402841	30.52412438293516	6.135271656964691E-4
88.0	25.319403222560176	26.04880050996064	25.56727876588259	23.06350818800702	0.0010093135895762842
89.0	26.647544623597607	25.75378634659211	22.072285122406672	25.52557253328415	8.113741194611842E-4
90.0	24.569372465681887	25.403328979152768	24.216559170978798	25.81052170813956	2.176760469871557E-4
91.0	27.421404804707944	24.64858115575379	23.343903387397262	24.585517014159255	5.936379817495897E-4
92.0	26.160650807781344	23.920684335154213	22.24374186376497	27.67492299329947	0.0
93.0	27.840380473129954	25.362659227949486	20.674415374368955	26.122228338489066	3.165860625360364E-4
94.0	28.39123691176782	22.905887797599675	22.8647130041711	25.8331959850916	0.004966301369808805
95.0	24.34772165553024	25.875890630601685	23.54513517641668	26.22919487705875	0.002057660392649087
96.0	26.48835755837246	24.09024784146978	23.537530361673138	25.88293437051203	9.298679725969886E-4
97.0	25.978761670506966	24.314597281080747	22.916322516993493	26.790239397601727	7.913381706516808E-5
98.0	28.719492364337313	22.55199047906177	23.63904075281248	25.08945662125388	1.9782534554153107E-5
99.0	22.554582483999962	21.4628932464597	26.11669949283277	29.865804997937072	1.9778770496245395E-5
100.0	23.27775034151391	24.57359464083733	24.22487170607435	27.923783311574407	0.0
101.0	23.990090167059833	21.390410395396557	27.885674211967743	26.733706563889825	1.186616860401646E-4
102.0	25.75859223635088	23.641832124358892	23.81813485398558	26.78144078530465	0.0
103.0	26.029179593151675	25.33773006869009	24.458402773946062	24.174549127960386	1.384362517870637E-4
104.0	26.341285235361216	26.782612238182104	22.24811374038676	24.627711918439545	2.7686763037696713E-4
105.0	27.51400153191661	22.824746643419612	20.643555280613068	29.014393806199696	0.0033027378510172532
106.0	26.5685676563584	22.43992117905502	25.068050700441646	25.92336158198794	9.88821569916409E-5
107.0	27.04110812448483	23.458079474494404	22.332247495162775	27.16793207156723	6.328342907588791E-4
108.0	23.838312291554693	24.37658713068129	24.275758233700778	27.509243472816934	9.887124630369846E-5
109.0	27.053130639755807	23.95168636793349	24.513528888699064	24.48096203321582	6.920703958187875E-4
110.0	24.713181065827722	24.00559253174371	22.45870900782389	28.822458076279016	5.9318325665121555E-5
111.0	24.703540977901515	23.834035939699763	23.801588180394514	27.660261480298022	5.73421706186627E-4
112.0	26.606025386846195	23.372056673839513	22.617276793420306	27.40458182806093	5.93178330562861E-5
113.0	28.02370957725276	21.571847931758743	22.425100880775325	27.978649596467015	6.920137461610537E-4
114.0	26.064206406404626	22.03681789467128	27.282670913744578	24.61602797377014	2.768114093754047E-4
115.0	27.701431186333032	22.813856400475117	25.444048600896174	24.04011015422739	5.536580682909544E-4
116.0	27.143987620227623	24.154358012861454	24.319703746004276	24.381891300504897	5.9320401749398195E-5
117.0	26.681942341314834	25.343178682287192	23.829933810243375	24.14423332077058	7.118453840188339E-4
118.0	26.898743688386634	24.645090387365386	24.215556624188505	24.240273155237215	3.3614482226243655E-4
119.0	27.593576247213676	20.931059363181053	23.930984421903183	27.543944952368786	4.350153333018277E-4
120.0	25.30993004045003	23.690050384084476	24.315555712862327	26.68440454301076	5.9319592411125905E-5
121.0	28.174084914869802	23.002425568541444	23.56922203255407	25.25365451733717	6.129666975193238E-4
122.0	27.006821108678807	22.62487619599758	24.673462927214025	25.694384987984908	4.547801246848917E-4
123.0	24.663609654127587	27.305616692071467	22.75379079902631	25.27629080545248	6.920493221574618E-4
124.0	26.296575676298247	24.41356837723023	21.837925692462377	27.45185116347124	7.909053790463462E-5
125.0	27.11615143349244	23.460296388830066	23.774673942035502	25.648186209581475	6.920260605151085E-4
126.0	25.03029585241921	23.365383303579566	24.142902703503207	27.461319279827695	9.886067031884345E-5
127.0	26.33809216309593	22.812804116348858	27.528280719680897	23.319953037812155	8.699630621592563E-4
128.0	26.06972817361457	23.593197617861293	24.14875317341685	26.1786129499134	0.009708085193884894
129.0	24.744883029373153	25.861877382515303	21.426701570680628	27.963868809414592	0.00266920801632369
130.0	26.72507097214539	23.371970757775696	23.795450743808647	26.107507526270275	0.0
131.0	26.353194166591205	24.034438291799354	23.557890599265345	26.053962867163367	5.140751807270842E-4
132.0	27.17151933097571	25.086572100709542	21.591835233629006	26.143726493455237	0.006346841230504224
133.0	26.980599088627937	25.269883299533042	23.60883485587869	24.139041677269418	0.001641078690909551
134.0	27.321192013698038	22.152754435845825	20.539775311112255	29.98625846735447	1.9771989418031264E-5
135.0	26.098938252565397	23.289261917472366	26.17792672558673	24.433536983213713	3.3612116179290984E-4
136.0	27.893627837020396	26.041656986589988	23.792722256372983	22.265566996774584	0.006425923242050292
137.0	29.336831688453945	20.882945815369496	23.58156957380109	26.198554061548773	9.886082669400497E-5
138.0	25.37629272310601	23.62682738905274	26.64019418600582	24.355123767480567	0.0015619343548647633
139.0	26.725166213012454	23.10577863928252	24.928224963457556	25.23986138683942	9.687974080517346E-4
140.0	26.978122474835597	21.30368325286748	25.080058894717684	26.637819036944432	3.163406348047061E-4
141.0	26.32721421832207	24.972458446458667	24.471866490885784	24.228124730614738	3.361137187384585E-4
142.0	29.570324254707664	21.77907293546184	23.000114278619183	25.650211731787685	2.7679942362451447E-4
143.0	27.29868700686638	24.977515074143415	23.52333499346459	24.200383840273094	7.908525251822273E-5
144.0	28.93153944751591	24.193653940105346	22.350201577865047	24.523794412919173	8.106215945243104E-4
145.0	28.6681717807131	21.505013872448604	22.52748045767119	27.298305787795528	0.0010281013715860857
146.0	27.899252173252858	21.036858305179113	24.136491825785473	26.9222769489681	0.0051207468144605145
147.0	26.223692301000607	24.549193049330455	26.26940270031416	22.954667225525068	0.0030447238297089917
148.0	24.652039246343048	24.403793828977964	23.104558454915463	27.83887694057887	7.315291846533876E-4
149.0	28.15839609383588	24.07887775284844	24.248317269860802	23.512570158241086	0.0018387252137864057
150.0	26.197046425098016	23.443617713066324	24.22769332850647	26.131622761898793	1.977143040169813E-5
151.0	26.45459137825871	23.6173273135823	25.797269363428132	24.130357201112343	4.5474361851360125E-4
152.0	27.62046986221904	23.604267362208166	23.17308646671694	25.602077450433374	9.885842248056345E-5
153.0	25.14188379606379	22.371907166555285	24.60001265407323	27.88548459168865	7.117916190491255E-4
154.0	23.021048314991965	24.06956893800659	24.874456313486114	28.03221763990128	0.0027087936140487135
155.0	28.21637132003235	22.774359917496742	23.350320461480354	25.6588098727053	1.384282852492797E-4
156.0	25.772832165211533	23.48358897801389	25.73858053079354	25.004780792506093	2.175334749410336E-4
157.0	25.40148248815319	22.428160709278146	25.645201926815346	26.524779131730714	3.757440226047604E-4
158.0	25.086224149564885	20.543852890526182	25.446842811793246	28.922882386304753	1.977618109286341E-4
159.0	26.760555024006717	21.469051134559027	23.885484471280737	27.884375404182578	5.339659709419674E-4
160.0	26.943616410517258	20.722422218262516	24.99993572615307	27.333986091930583	3.955313657361858E-5
161.0	25.30533412124132	20.407449685825647	28.412685793212127	25.870495931119752	0.004034468601154808
162.0	25.492933094556015	23.409083492622592	24.334678515875694	26.763285119696857	1.9777248846244745E-5
163.0	25.94384299566257	23.54309555938758	26.428731203585603	24.084310463732077	1.9777632170454707E-5
164.0	25.89764468335531	23.34810692762178	24.276551084008936	26.47577882764419	0.0019184773697793931
165.0	26.655179240829096	22.26139708696444	25.860256493174493	25.222672713388132	4.944656438348145E-4
166.0	24.765462392788955	23.002338502776713	25.723075620688245	26.509103704478758	1.977926733242362E-5
167.0	27.456720000696244	22.78914188465893	26.252550594538743	23.501191925761184	3.9559434489972085E-4
168.0	26.00580712121035	24.382372762271395	23.386371759802213	26.225369235233508	7.912148253086678E-5
169.0	26.77855751559272	22.207645958195616	25.35362660504019	25.65999189382132	1.7802735014399445E-4
170.0	31.72932559870142	22.11390370375352	22.350247005256602	23.806424787324655	9.890496380276136E-5
171.0	25.384553912713915	22.884904028667574	26.625250125210957	25.104579833162827	7.121002447251175E-4
172.0	27.61114371681864	23.797047135724817	24.173550777369286	24.418179272683556	7.909740370682073E-5
173.0	29.523976351052116	19.609097221343525	22.81023427515785	28.055387284736373	0.0013048677101390595
174.0	24.863433893700858	25.54775711300339	23.360702571574873	26.227790090530036	3.163311908485387E-4
175.0	26.314177617817297	23.33775412640305	22.60539716357488	27.741445290906373	0.001225801298400369
176.0	24.759209778631565	23.541665595697033	28.147592928199693	23.550009272949364	0.001522424522344249
177.0	22.684967315092003	26.338538927270644	23.541952552507425	27.40954802684394	0.02499317828598998
178.0	25.930033213671322	22.779548729827674	23.223630086813447	28.066511172617176	2.7679707037980714E-4
179.0	29.172231012251515	23.323568294045792	22.400760217799395	25.102016847065485	0.0014236288378166437
180.0	27.210478913974345	22.028936846970627	25.05722120962506	25.703006264008	3.5676542197817705E-4
181.0	28.461347583901407	21.309032726810734	25.951531128783156	24.277393765905835	6.947945988653012E-4
182.0	26.389999483854577	22.440812015865514	25.145017012947307	26.02409208034399	7.940698860906748E-5
183.0	24.624174338955	24.119923544462214	25.966275548045175	25.289030996733093	5.9557180451904E-4
184.0	26.622772256784682	21.887790513915604	25.31104226855374	26.174344879506112	0.00405008123986487
185.0	25.321899572732708	23.96279892234312	23.948029973026816	26.766814964915802	4.5656698155231186E-4
186.0	27.68283621274772	22.353423226567994	25.21133803782932	24.75240252285496	0.0
187.0	24.79040973152641	22.48832693258314	26.925325376439275	25.79532154672667	6.164127245084506E-4
188.0	27.657247940078182	26.72711397382318	21.744267643781917	23.87101251493104	3.579273856804786E-4
189.0	25.861394904134343	22.672442044709733	24.162368673916777	27.302879628627974	9.147486111729782E-4
190.0	29.02438975884686	20.982192930470095	25.436426335530214	24.556692665969287	2.983091835476519E-4
191.0	27.25414338119665	23.87974290092356	23.85327131266611	25.012404199839978	4.382053737124978E-4
192.0	27.518721956903892	23.38753131115947	23.149113327722638	25.94453380609242	9.959812157942702E-5
193.0	28.43435808390582	24.006759066608126	20.92931986194993	26.629363769586114	1.9921795001541945E-4
194.0	28.76162433959407	22.625825756428746	23.549457730036416	25.06309217394076	0.0
195.0	27.343829852857056	21.031811734495957	24.38072786255899	27.243052745399133	5.778046888651259E-4
196.0	29.08477869508855	22.015232225858767	25.64066729184265	23.259281856872498	3.993033753313968E-5
197.0	25.145473319191858	23.704987437007823	23.47559277095298	27.67334742688794	5.990459594050515E-4
198.0	27.86612597238284	22.475294112000828	23.8388747565106	25.819645167876455	5.999122928227893E-5
199.0	26.58469096818015	22.40743671995688	24.816275989749364	26.191115447884254	4.808742293489564E-4
200.0	27.293484777562615	23.44964300370622	24.174676507175192	25.08217567359606	2.003795991125588E-5
201.0	25.903084389006665	21.027565903893965	27.70349194300336	25.365597256575263	2.605075207519289E-4
202.0	26.008636278099615	24.73345556737726	27.345902637758297	21.91200551676483	0.0
203.0	26.411536886449433	24.24150520102415	22.122548649164948	27.223567365555436	8.418978060343627E-4
204.0	26.807254155659148	22.84304460595262	24.074737112635315	26.274843843281566	1.202824713557318E-4
205.0	28.400471118907404	23.976283673725096	24.57504573361734	23.04733742638767	8.62047362485904E-4
206.0	26.435621033299483	21.21980144818716	25.145264820961522	27.19929264788882	2.004966301528887E-5
207.0	26.68022875751463	22.935226812434077	26.373347182841584	24.010856356803973	3.4089040573979235E-4
208.0	29.09359325923325	21.5908140547225	21.10773486258606	28.207777601065676	8.022239251653434E-5
209.0	28.050530465990082	19.860240685453686	24.890240115793468	27.198246569803036	7.421629597298366E-4
210.0	25.240181155240816	23.53557654210154	24.542743508854638	26.681197871476076	3.009223269320467E-4
211.0	25.91178986499055	24.859072108246746	24.717727848892473	24.51046708017153	9.430976987011537E-4
212.0	29.2739506715044	21.82138392452109	24.21235629115358	24.69198795330662	3.211595143104665E-4
213.0	30.264170387630895	22.25275166610039	22.406309213131532	25.0764072795153	3.614536218857758E-4
214.0	27.98558449519513	24.97500070823792	24.063051458658695	22.976323154196354	4.018371189403716E-5
215.0	25.93049289669425	25.195434254843814	22.481365383806367	26.39236527732572	3.421873298498663E-4
216.0	27.31068807497012	23.9380042913352	25.373205312768093	23.378061671734603	4.064919198552401E-5
217.0	29.740324785470733	22.231104347591053	25.169891123890086	22.8580654567137	6.142863344223947E-4
218.0	25.28953431278419	23.952049938035838	24.446565665700764	26.31156101374279	2.8906973642208475E-4
219.0	27.005540808442674	21.65708480442815	24.70445653978502	26.632313751532894	6.040958112621374E-4
220.0	28.53255058103303	20.728518230411733	24.62782716203721	26.11083225688168	2.717696363492307E-4
221.0	26.182756149384822	22.4433997707892	23.838491628754273	27.53512092500976	2.315260619416407E-4
222.0	26.464644745018255	24.617123060291625	23.40528945598788	25.512793775908886	1.4896279335030091E-4
223.0	31.569735038486453	22.14179196012989	23.300323428209914	22.987310338297732	8.392348760191862E-4
224.0	30.544679157897097	22.053716577643957	24.595039096771576	22.806435701033877	1.2946665348983837E-4
225.0	31.49221925406398	18.74553239138313	24.073938244465808	25.687246781260242	0.0010633288268444958
226.0	25.542133907721087	21.730918195723007	25.56223280832436	27.16453993441365	1.751538178934513E-4
227.0	28.123637240863136	22.772674434274084	25.199363239402455	23.902844966114102	0.0014801193462202391
228.0	28.185896629031898	27.74972134108805	22.147994577112208	21.91632085434236	6.65984254800248E-5
229.0	27.60519587425931	25.62041575046919	21.19016568727673	25.584177949969465	4.473802530830092E-5
230.0	26.186926569326353	23.186767029522073	26.443046543259175	24.183237324021736	2.2533870660990535E-5
231.0	25.964109770609582	24.10845701843087	23.630159323099182	26.295609093517196	0.0016647943431656544
232.0	25.12026565652678	24.232728019103224	24.83607218321797	25.81070506371102	2.2907744100339583E-4
233.0	23.54565299209635	25.095996062650183	21.716522393677078	29.641388494832228	4.4005674415911527E-4
234.0	27.997709193061844	20.95634606889395	26.256164595795063	24.788745705618613	0.0010344366305295634
235.0	26.242481459201684	21.636961190569124	27.320379809552897	24.799892105505403	2.854351708936048E-4
236.0	29.591936692338848	22.966019474725865	23.08744468173238	24.354238124819336	3.6102638356742687E-4
237.0	27.94839658387618	24.281608184331887	21.98857328662997	25.781227819642833	1.9412551913410313E-4
238.0	27.808509713526302	22.42429421525026	23.803437409372712	25.963709549688126	4.911216260251243E-5
239.0	28.314661733204282	23.034647538867464	23.458957533614363	25.19038752333742	0.0013456709764687002
240.0	26.059736042857306	20.834975930744402	25.96858315190732	27.136524628661405	1.802458295621185E-4
241.0	29.578202216487803	21.008246737009262	23.220558323945443	26.1907757191727	0.002217003384797028
242.0	27.33501455138649	23.66948052015137	20.906964106579995	28.087714332056752	8.264898253936933E-4
243.0	28.322154660170227	22.4808692428713	24.725763614620906	24.468549867670635	0.0026626146669224155
244.0	27.408077109641894	22.25922466149415	25.551684960558692	24.78000324760502	0.0010100207002447616
245.0	29.23870867306233	20.944923362327867	22.956534148034276	26.85822517140504	0.0016086451704969288
246.0	24.93345989573413	26.192596411368683	22.982457006504728	25.889381932533023	0.002104753859429986
247.0	25.96060281838452	23.138833259947397	24.32578460676378	26.437841417113255	0.13693789779105292
248.0	26.160912721632467	22.918283181306023	23.054415759789464	27.855389304509266	0.0109990327627824
249.0	25.83597865359727	21.806395982246844	27.875225492008678	24.46586988471313	0.016529987434075903
250.0	28.650490405385042	20.9811299626597	23.480643324793622	26.886899080725374	8.372264362619513E-4
