# Position (bp)	A	C	G	T	N
0.0	22.869407612324714	25.038633978822855	27.08003434131451	25.011924067537915	0.0
1.0	22.811832875876792	29.172384873437025	23.54185727355901	24.4129307715767	0.060994205550472705
2.0	24.118967879433704	26.861013852945653	23.036230780940784	25.98378748667986	0.0
3.0	24.22940158588298	22.80134628914792	25.476810739888574	27.484835231702448	0.007606153378082869
4.0	25.38515605706578	24.904542086966433	24.771565889705744	24.938735966262037	0.0
5.0	26.819087373114503	25.143724504316477	22.92761597571388	25.109572146855136	0.0
6.0	23.96212121212121	25.301136363636363	24.553030303030305	26.179924242424242	0.003787878787878788
7.0	24.862055933484505	25.357142857142854	24.803476946334087	24.97732426303855	0.0
8.0	26.305361085426377	25.767554205272397	24.62211990262865	23.30496480667258	0.0
9.0	25.59537267314794	26.062627176124803	23.530409224508254	24.811590926219008	0.0
10.0	24.657740617290923	26.186844434401067	23.42428864659247	25.731126301715534	0.0
11.0	26.268954871515483	23.001906837374012	24.854263143557613	25.87487514755289	0.0
12.0	27.57452574525745	26.31400656111824	21.76044786763657	24.351019825987734	0.0
13.0	24.71779723599536	24.403066427541585	25.222421493125154	25.6567148433379	0.0
14.0	25.922186439202715	22.86534946470537	24.0247192967186	27.187744799373313	0.0
15.0	25.50800860626345	24.632013933950343	24.288787951231175	25.571189508555037	0.0
16.0	25.851824498976132	25.156937124441907	22.41767095236497	26.573567424216993	0.0
17.0	26.55067205409417	26.189494516368434	21.20062670075039	26.059206728787004	0.0
18.0	24.764844209288654	26.624861192762427	21.252204585537918	27.358090012411	0.0
19.0	25.184355001136993	24.27963486339863	22.74632102134295	27.78968911412143	0.0
20.0	21.83365296288537	25.353338382943065	25.761067508984546	27.051941145187026	0.0
21.0	22.600079904115063	26.056731921693967	25.30243707550939	26.040751098681582	0.0
22.0	21.23126117997182	27.487296385999905	26.850928432350287	24.430514001677984	0.0
23.0	23.97873310996807	26.932817391030785	23.49739669356488	25.59105280543627	0.0
24.0	25.85884114948984	23.04440076133421	25.15835127461075	25.938406814565194	0.0
25.0	23.552272411825488	26.741514118717518	21.735576700646174	27.97063676881082	0.0
26.0	23.634666013592113	26.149513255372558	21.44584583358844	28.769974897446886	0.0
27.0	24.196923640918325	26.660760383093773	20.79062733896467	28.35168863702323	0.0
28.0	26.915947009088033	25.723802203433255	23.23250591550994	24.126237735678437	0.001507136290334735
29.0	24.964183381088827	24.523937440305634	24.825393982808023	25.686485195797516	0.0
30.0	21.454771342365262	26.548541678991892	26.804413417736495	25.192273560906347	0.0
31.0	25.637520760762527	25.85504945838294	23.29320810735335	25.214221673501186	0.0
32.0	23.0047222060281	23.45799568588585	25.73893779513788	27.79834431294817	0.0
33.0	23.564222103546324	25.489658357750102	26.006379631367	24.939739907336573	0.0
34.0	24.972442128469787	27.759723991811374	23.00115957797088	24.266674301747955	0.0
35.0	24.31441394249147	23.78633216768366	26.653264055045096	25.245989834779774	0.0
36.0	21.600667770185193	27.396969568354486	27.50732142099232	23.495041240468005	0.0
37.0	24.49611745236984	26.77614178017284	22.404209275682096	26.32353149177522	0.0
38.0	25.606324155388684	26.498663612065677	22.09918968223665	25.795822550308994	0.0
39.0	21.967254835425855	27.740074652188667	23.403743920371	26.888926592014478	0.0
40.0	23.91353521644471	29.827240082562838	23.198179093505246	23.061045607487205	0.0
41.0	22.92915300237476	26.485638358023294	22.0584077801651	28.52397376455954	0.0028270948773040823
42.0	22.854154594151485	27.810834876259666	21.895891340296526	27.439119189292327	0.0
43.0	25.85819471727978	25.97125454005851	23.228140589889627	24.93958365720262	0.002826495569468195
44.0	26.576321962524375	25.69312946895402	24.237628239550066	23.49292032897154	0.0
45.0	24.445072412575062	25.008830801836808	23.426351112681033	27.116919816319324	0.00282585658777817
46.0	24.237072619384005	25.34614297824244	24.32749364227183	26.089290760101726	0.0
47.0	24.21207283823301	26.41021656518852	24.909941090878267	24.466356816929665	0.001412688770536963
48.0	22.98555105153882	24.669143091199278	23.834409118515275	28.510896738746627	0.0
49.0	21.242250060022315	27.17669157004251	25.532786306438627	26.046859773751187	0.0014122897453641588
50.0	25.159577472744733	26.780771620629274	21.692650963113596	26.366999943512397	0.0
51.0	23.271017480443927	28.31747197198611	23.005563243060063	25.403123323261134	0.0028239812487645083
52.0	21.833279291725997	27.11572892729759	21.869933599312027	29.181058181664387	0.0
53.0	21.480281690140846	27.594366197183103	24.68732394366197	26.23661971830986	0.0014084507042253522
54.0	22.528169014084508	30.36056338028169	23.056338028169012	24.05492957746479	0.0
55.0	23.31773007773514	30.340600795625466	21.64213722430734	24.698126203629513	0.0014056987025400976
56.0	24.740674106766367	27.22570488853906	25.018975065358557	23.014645939336013	0.0
57.0	21.677840086576435	28.91315652626105	23.780410675886497	25.625781788028277	0.00281092324774072
58.0	24.112488405430472	27.020265902127775	21.882114849481408	26.98513084296034	0.0
59.0	26.092272235416463	24.122036566000084	25.34605601540213	24.43822987956548	0.0014053036158462036
60.0	21.951835634893904	24.451274278657237	25.836420792635007	27.760469293813856	0.0
61.0	23.47146405467226	25.967920742060873	24.62497018004238	25.93143514685452	0.004209876369963935
62.0	24.05882105322239	23.400732456817323	26.50876282150224	26.03168366845805	0.0
63.0	25.41849663939832	24.802503262379503	23.51298637518066	26.264610549061977	0.0014031739795417235
64.0	24.008069939475455	23.74187401927819	24.672158708809683	27.577897332436674	0.0
65.0	22.390338895193267	27.513694503985764	24.89107440563751	25.20209025063394	0.002801944549517365
66.0	23.433734939759034	25.305407677220508	24.798262818716726	26.462594564303725	0.0
67.0	24.996497520244333	26.334444786909135	21.88489450530976	26.784163187536773	0.0
68.0	22.58665620534088	24.606999747807325	27.787429596211506	25.01891445064029	0.0
69.0	24.052228978116506	26.333043795006866	25.08476001008714	24.527165232984956	0.0028019838045336095
70.0	23.923753009013044	25.449252645132397	25.40726641661535	25.219727929239212	0.0
71.0	23.616540093812823	24.21543444270717	27.423497878043335	24.744527585436675	0.0
72.0	25.364634946334107	26.92227169316231	24.111267743241168	23.601825617262413	0.0
73.0	24.330095461396752	23.820688885167197	24.81298498297326	27.033439401551945	0.002791268910846871
74.0	23.556417627194328	28.44464290697999	23.899695794144733	24.09924367168095	0.0
75.0	23.82188359079555	25.789481028732503	23.272072675513876	27.11377178660638	0.0027909183516836213
76.0	25.684066585736808	25.100813484588443	26.726387319128747	22.488732610546	0.0
77.0	22.411363350960666	27.402363643974383	25.377778397912625	24.808494607152326	0.0
78.0	26.196389206685826	28.42453330356894	20.93088149119625	24.448195998548986	0.0
79.0	27.45612321772371	22.96520550238567	22.751750885906414	26.824130137559642	0.0027902564245654176
80.0	22.970145089285715	24.658203125	28.814174107142858	23.557477678571427	0.0
81.0	23.583984375	26.905691964285715	23.783482142857142	25.726841517857142	0.0
82.0	22.336002678646167	22.384832166076063	26.002399620525125	29.27676553475264	0.0
83.0	22.868303571428573	24.580078125	25.51478794642857	27.036830357142854	0.0
84.0	23.096666201701773	28.405635374529226	25.077416655042544	23.42028176872646	0.0
85.0	24.510747513634907	27.985381707606255	22.09761336848419	25.40625741027465	0.0
86.0	24.123070056765087	26.471777849063443	23.562392780931393	25.842759313240073	0.0
87.0	21.872646640448497	22.76936379103562	26.937773686999694	28.420215881516192	0.0
88.0	22.792118144166004	29.077242744983195	26.387203837733058	21.74343527311774	0.0
89.0	25.627475040437282	27.989569970438954	23.33928272630933	23.043672262814436	0.0
90.0	23.43804464522246	27.24724975948467	24.334574253008185	24.980131342284686	0.0
91.0	24.66364586964099	26.512373649355176	24.727779714186127	24.096200766817706	0.0
92.0	24.467121129745024	25.700862922225475	23.956895710481927	25.875120237547574	0.0
93.0	24.97351251882005	27.169185300842024	21.512016951987956	26.34528522834997	0.0
94.0	26.100230013243188	25.298668711228828	23.978532097302573	24.621175158569734	0.0013940196556771452
95.0	23.15680889917337	28.810794987245075	23.839859486736273	24.192536626845282	0.0
96.0	24.4034011708949	26.462224700306663	25.501812099247285	23.632562029551156	0.0
97.0	24.198876545446943	25.490988667883975	24.1891194959787	26.12101529069038	0.0
98.0	26.785141821729734	24.489511464213535	24.804515994145934	23.920830719910796	0.0
99.0	21.869773664845578	23.20910915375181	28.08005351767198	26.84106366373063	0.0
100.0	22.701301597034476	26.57682767078235	25.137266924942164	25.584603807241002	0.0
101.0	22.4118950404816	22.84527807583506	29.470046404035617	25.27278047964772	0.0
102.0	23.47022673114174	25.50481472707256	25.956326035758583	25.068632506027118	0.0
103.0	25.00940569915697	27.289068487424235	25.977844353096913	21.723681460321885	0.0
104.0	24.31061629997074	28.511711510861538	23.554001142586426	23.6236710465813	0.0
105.0	26.94579908039571	23.72300404068552	21.812735126097255	27.51567507315034	0.002786679671171799
106.0	23.82816854308327	24.111024411994205	26.886634711849293	25.174172333073237	0.0
107.0	25.09858016692444	25.877467987571233	23.14648385793309	25.877467987571233	0.0
108.0	22.02081562704638	26.30654981678347	25.742270770345392	25.93036378582475	0.0
109.0	24.869729985788723	25.321146933429933	26.916432134199013	22.892690946582327	0.0
110.0	23.760362243120863	26.061999303378613	23.94566353187043	26.231974921630098	0.0
111.0	23.324602223646444	25.36294479895227	25.91746314821523	25.394989829186056	0.0
112.0	24.542338878207808	25.677784279305637	24.160606313912343	25.619270528574216	0.0
113.0	26.5784341042073	23.79353580384508	23.77263861799944	25.855391473948174	0.0
114.0	25.557289344627733	23.202741863575568	27.90069103878734	23.339277753009362	0.0
115.0	25.07071298192813	25.491507475372376	26.30662263651437	23.131156906185122	0.0
116.0	26.058604690047233	25.49290083462219	25.70329808134431	22.745196393986262	0.0
117.0	24.803188005963577	27.132884671654896	24.7056528584765	23.35827446390503	0.0
118.0	25.561887775718645	25.621803893154237	26.307355748463777	22.50895258266334	0.0
119.0	26.14857238409766	22.715048144587044	25.43789975335479	25.69847971796051	0.0
120.0	24.602864946212584	24.122122512680452	26.208126637311185	25.06688590379578	0.0
121.0	26.566332218506133	23.967391304347828	26.004738015607582	23.46153846153846	0.0
122.0	25.831266200284286	25.54279662197943	24.790267287271107	23.835669890465176	0.0
123.0	23.130199696205352	28.411767165094275	25.635808748728383	22.82222438997199	0.0
124.0	24.088577958637604	25.496125759518367	23.953397625285692	26.461898656558336	0.0
125.0	25.823984391331617	24.118179917775766	26.223956518709496	23.833879172183124	0.0
126.0	24.792006354780717	24.075699931713977	25.809328706607022	25.32296500689828	0.0
127.0	24.139805175801666	24.15095391390387	27.976364675223326	23.731482642808366	0.001393592262775757
128.0	24.654727893526584	23.19420249459968	26.906835760574175	25.235872064664484	0.008361786635077695
129.0	22.925347343190403	29.30782201535696	23.832550620828048	23.93288646720272	0.0013935534218704273
130.0	24.692355933384434	27.389032123196987	24.031774789213294	23.88683715420528	0.0
131.0	24.67248299698963	26.021574311517448	25.03344854498829	24.272494146504627	0.0
132.0	25.209756097560977	25.797909407665504	23.25156794425087	25.73658536585366	0.004181184668989547
133.0	25.376649802790208	26.013574723697232	26.17385123552285	22.435924237989717	0.0
134.0	25.115326188452052	24.067286385238248	22.994160522904966	27.823226903404734	0.0
135.0	24.42440628832646	25.45991749358903	27.29680008919612	22.818876128888395	0.0
136.0	27.39258288852034	26.33896840550221	24.899307346034313	21.36496035008989	0.004181009853246554
137.0	27.3563474697922	23.817819463994535	24.998257912561147	23.827575153652113	0.0
138.0	24.379842800602038	25.126818663247676	28.068732928256875	22.424605607893415	0.0
139.0	24.626148035622204	24.479812690758575	25.697880228004404	25.19615904561482	0.0
140.0	24.429640572519613	22.73493791200368	27.444148676710384	25.39127283876632	0.0
141.0	23.408406734307057	27.110045713011484	26.673820938789163	22.807726613892296	0.0
142.0	27.402090592334496	23.81324041811847	24.536585365853657	24.248083623693383	0.0
143.0	23.634589924047106	28.396627412723852	24.488885791930876	23.479896871298166	0.0
144.0	27.21343460386036	27.676120131001326	22.88342275799596	22.22702250714236	0.0
145.0	27.250303106317155	23.755173711275553	23.476455258720403	25.51667433142411	0.001393592262775757
146.0	26.55527063938904	23.25798539494955	25.24388204470706	24.941468309270302	0.001393611684040359
147.0	25.059230147448226	26.097499790952423	26.624299690609583	22.217576720461576	0.0013936505281935503
148.0	24.073919224015388	25.364439613122613	24.363798533879645	26.197842628982354	0.0
149.0	26.799799325510744	26.429108949524792	23.71442905320661	23.0552690989158	0.001393572842052454
150.0	23.848212046043646	25.273837063463304	25.601326681345633	25.276624209147414	0.0
151.0	25.037976447634314	25.784962720367922	26.187722109957495	22.989338722040277	0.0
152.0	26.273465917801346	24.867252937159424	24.043593996069852	24.81568714896938	0.0
153.0	24.647053084888437	24.090978774406647	26.98005658300001	24.281911557704905	0.0
154.0	23.025894026813837	26.401315606098613	25.50798561752655	25.064804749561	0.0
155.0	25.835179997491327	24.591991749243913	25.601036919346072	23.97179133391869	0.0
156.0	23.99654365035121	24.209778124651578	27.96019623146393	23.833481993533283	0.0
157.0	24.279841126053935	24.415023343321025	27.47543725175946	23.829698278865585	0.0
158.0	25.144242829668034	23.241909858683837	25.595785600802746	26.018061710845387	0.0
159.0	25.813195083200934	22.621735373637705	25.506591966998354	26.058477576163003	0.0
160.0	25.06898570114558	23.49555425481506	26.261950553279263	25.1735094907601	0.0
161.0	23.962818958429143	22.704405145142633	28.27598701172011	25.05260810791978	0.004180776788327271
162.0	23.708854761838403	25.704451071657513	25.742077538392934	24.84461662811115	0.0
163.0	24.118901291860027	25.28673160806611	27.109550287776802	23.48481681229706	0.0
164.0	25.265490425620875	25.215319006605903	25.15399838336539	24.36519218440784	0.0
165.0	25.7874344965994	23.695506745456573	27.717694280298804	22.799364477645224	0.0
166.0	24.072861065042577	25.219851434783212	25.929229439884043	24.77805806029016	0.0
167.0	25.39164854769471	25.47945587333445	26.154039136979428	22.974856441991413	0.0
168.0	24.756794425087108	25.73658536585366	25.778397212543553	23.72822299651568	0.0
169.0	25.09721389845155	23.838659772261632	26.037993560885862	25.026132768400956	0.0
170.0	30.51289198606272	22.949128919860627	23.85226480836237	22.685714285714287	0.0
171.0	23.80494467207403	24.0920366808819	28.533600914234746	23.56941773280932	0.0
172.0	24.957505503385626	25.31418062250954	26.086047872488642	23.642266001616182	0.0
173.0	26.615116684082203	22.881226053639846	24.07662835249042	26.42702890978753	0.0
174.0	23.065134099616856	27.94984326018809	24.275862068965516	24.70916057122954	0.0
175.0	26.26203514052028	24.535663029999025	23.71358107260795	25.488720756872745	0.0
176.0	23.746359950397792	24.944615513229575	29.75017764835379	21.558846888018838	0.0
177.0	21.222846154918	27.541906447252916	26.250226427187982	24.96551339752254	0.019507573118564242
178.0	23.55899850918869	22.990539617962185	26.33998857509091	27.110473297758208	0.0
179.0	27.075349433520536	25.11043910868323	24.254797307654787	23.558020596719576	0.0013935534218704273
180.0	26.18578593682328	23.23791161965436	26.46520530337958	24.111097140142785	0.0
181.0	27.32002013760698	23.29949096604576	26.76903283548694	22.611456060860323	0.0
182.0	24.78679081732517	25.35581466879177	25.13491597461063	24.722478539272434	0.0
183.0	23.571518447579237	25.291148796957792	26.29915975785368	24.838172997609295	0.0
184.0	24.45718280321566	23.485494582313876	27.591751135966447	24.45997902831178	0.005592450192240476
185.0	23.3640417709309	26.85613632868746	25.800679406707395	23.97914249367425	0.0
186.0	25.65396714435512	24.2069206571129	25.079342887102413	25.05976931142957	0.0
187.0	23.231262513826465	23.62190392181571	29.005474580305513	24.14135898405231	0.0
188.0	26.5632438184313	28.93786228333007	22.378258799809583	22.120635098429055	0.0
189.0	23.358348968105066	27.415922264848362	26.095600795273167	23.130127971773405	0.0
190.0	28.324160820064698	23.173549552577406	24.94083378845804	23.56145583889986	0.0
191.0	24.715020821356966	25.533853984100052	26.049831045554605	23.701294148988378	0.0
192.0	26.152249814209792	24.53832886969446	25.08798743637562	24.221433879720124	0.0
193.0	26.026532787345037	25.624053402142817	23.576597296236045	24.772816514276098	0.0
194.0	27.024525682554373	24.985626744071908	24.663104903734244	23.32674266963948	0.0
195.0	24.64306751563771	22.978317578749543	27.48450253849822	24.894112367114527	0.0
196.0	26.736833230284972	23.426170535664102	27.01927941093811	22.81771682311281	0.0
197.0	23.830672363391052	26.03581065887115	25.22908702496065	24.90442995277715	0.0
198.0	27.39115143841879	24.7056341000211	24.77737919392277	23.125835267637335	0.0
199.0	25.200766434669898	22.301276451858325	27.157710839978584	25.340246273493193	0.0
200.0	26.343896630923364	24.793924107709	25.62668207245417	23.23549718891347	0.0
201.0	23.774095366925938	22.19310111599594	29.048303460714685	24.98450005636343	0.0
202.0	24.835127670368074	25.07609492136858	29.288089735640604	20.80068767262274	0.0
203.0	24.704356773366033	25.605029106234234	24.694490253287665	24.99612386711207	0.0
204.0	25.155406453067958	24.53659980547764	25.7883089240658	24.519684817388608	0.0
205.0	27.492493974035494	25.296364687143196	25.12721480625291	22.083926532568398	0.0
206.0	24.108665924181974	23.107721370871104	26.946555199977446	25.83705750496948	0.0
207.0	25.311601150527324	24.017257909875358	26.880886582821045	23.790254356776266	0.0
208.0	27.78898086387545	23.160774470125364	23.10154696600059	25.94869769999859	0.0
209.0	25.28489224867426	21.56013765090827	27.0450186167212	26.109951483696264	0.0
210.0	22.958658335331535	24.83179824252084	27.451091019366125	24.7584524027815	0.0
211.0	24.230112714602114	26.31653194520857	26.631117130080266	22.82223821010905	0.0
212.0	27.540608814688323	23.34495265245064	26.31564092070168	22.79879761215936	0.0
213.0	28.394957152739543	23.22646224217526	24.416585489814068	23.961995115271133	0.0
214.0	27.21249876396717	25.781525900185052	25.596474128067126	21.40950120778065	0.0
215.0	23.61101281053153	26.27786821431099	25.379007714629488	24.732111260527994	0.0
216.0	25.79315674236895	24.635441262754192	26.10226248229082	23.46913951258604	0.0
217.0	27.79861511829198	23.36987882285055	27.010963646855163	21.820542412002307	0.0
218.0	23.665545214896376	25.24285984765733	26.939601811800003	24.15199312564629	0.0
219.0	23.94343446209874	24.687949719521864	26.641017357337955	24.72759846104144	0.0
220.0	27.388685484823434	22.01931026337546	26.702196763906933	23.889807487894178	0.0
221.0	23.31445603576751	23.526080476900148	27.496274217585693	25.663189269746645	0.0
222.0	23.36188340132163	26.247497478662712	26.321256002288017	24.069363117727637	0.0
223.0	29.611554240571003	23.630069087526117	25.228385365035304	21.529991306867576	0.0
224.0	28.833690003057168	24.385509018648733	26.08223784775298	20.69856313054112	0.0
225.0	28.454808699402378	21.043065738401822	26.23375023103937	24.26837533115643	0.0
226.0	25.548640681297087	22.433827772838583	27.718247469311997	24.29928407655234	0.0
227.0	25.737387720429773	23.333700388554167	28.644465069452092	22.282873727760386	0.0015730938035835077
228.0	27.506809400139353	26.58199784632926	24.75454487869766	21.156647874833723	0.0
229.0	26.79703088833905	25.061856492936386	24.571793439221008	23.56931917950355	0.0
230.0	24.694837192824245	24.382427775451706	28.49528165158298	22.427453380141067	0.0
231.0	24.942074862121856	25.50664099468068	26.342068335345758	23.209215807851713	0.0
232.0	24.505779587547615	25.610797320373045	26.17726257717063	23.70616051490871	0.0
233.0	23.155809346230043	25.499858491351326	23.495430103051593	27.84890205936704	0.0
234.0	26.56784300513771	21.86810410174345	26.507201212835845	25.056851680282993	0.0
235.0	24.130227164199468	22.914250631011665	28.39552493348796	24.559997271300908	0.0
236.0	27.478990134497938	23.99561533241696	24.761192211995198	23.764202321089904	0.0
237.0	27.015307913770098	24.966645600730285	24.329401025208906	23.68864546029071	0.0
238.0	25.383820753036723	23.900188793502654	26.297510063049906	24.418480390410714	0.0
239.0	27.86781234138206	24.340149372779347	25.021753317380902	22.77028496845769	0.0
240.0	25.095807033363393	22.751352569882776	28.505410279531105	23.647430117222722	0.0
241.0	29.091285214578555	20.53635235265355	25.31688419152217	25.055478241245723	0.0
242.0	25.4340702798388	23.991563406274715	23.75616737599337	26.81819893789311	0.0
243.0	27.70452530511384	23.594212740271253	26.284118989681776	22.41525663516496	0.0018863297681700716
244.0	25.680580762250454	22.500756200846943	27.400937689050213	24.41772534785239	0.0
245.0	26.698495699291424	22.026448410442953	26.01265582963889	25.260505475351447	0.0018945852752832403
246.0	24.255932621355537	26.809188686761388	25.487034542936815	23.445947227649526	0.0018969212967353986
247.0	24.169724160219	23.933996159914834	26.285573066174933	25.483337452236565	0.1273691614546699
248.0	26.918686503557705	23.454206460941364	24.414976599063962	25.200715345686998	0.011415090749971463
249.0	26.29953091033904	21.425574920864957	28.069104915907094	24.184813698943593	0.02097555394531101
250.0	24.594512078769608	23.733923596534748	27.141930313322902	24.529634011372746	0.0
