# Position (bp)	A	C	G	T	N
0.0	23.835063482717604	23.355929993163706	25.143591861250847	27.66536526766274	4.939520510864969E-5
1.0	23.012256349675134	30.657019098247684	23.558033077377434	22.699005709785393	0.07368576491435322
2.0	24.098962549576267	26.76968679139505	22.40132979023698	26.729088130512668	9.327382790389654E-4
3.0	25.943203256291703	21.812160864263298	24.315744138979063	27.921631991555145	0.0072597489107924015
4.0	25.87110349333442	23.428666094516522	23.632365922528386	27.06781547618756	4.90134331116129E-5
5.0	29.07045852875229	23.57859024194417	22.27315898209163	25.07735163662355	4.406105883620056E-4
6.0	25.980668835424147	23.65729331443123	23.859997370906886	26.4961274631255	0.005913016112235887
7.0	26.330201648744612	25.062908515066333	23.000953262802945	25.60466815819284	0.0012684151932723258
8.0	27.766031456556274	24.372331822999303	23.49154435265383	24.370092367790598	0.0
9.0	26.26437083158435	25.47543258243552	22.18228705128803	26.077763785893072	1.45748799029896E-4
10.0	24.758842755866453	23.838382661723635	23.765770960561554	27.637003621848354	0.0
11.0	27.0442948799124	22.161656798828382	23.100062563522687	27.693891606460845	9.4151275679172E-5
12.0	28.611068354749637	24.01220441703092	20.15087226068234	27.225854967537106	0.0
13.0	25.236283592546144	22.730282284836107	25.54607432686611	26.48726815524452	9.164050712023831E-5
14.0	27.123559514397495	21.579816551171078	23.52580584508111	27.770772782156218	4.530719410281561E-5
15.0	25.380737225895366	23.568559091822006	24.419383278828878	26.63123094189158	8.946156216885243E-5
16.0	27.11284115772696	24.67189928620929	21.385025555931037	26.830234000132712	0.0
17.0	29.276119937962825	26.36798792567387	19.147302228607757	25.20738796971631	0.0012019380392355502
18.0	25.719037466303945	25.83163121093485	19.680798226126267	28.768533096634936	0.0
19.0	24.621769214523347	24.55802782439162	21.790206687831642	29.02957133065251	4.249426008781864E-4
20.0	22.977145163560007	25.839624318833522	23.055510380863385	28.12772013674309	0.0
21.0	23.65508433213798	24.368244838552503	23.842173626046037	28.134246693162286	2.505101011935554E-4
22.0	22.725370997765197	26.757518148750993	25.67468500657308	24.842425846910736	0.0
23.0	25.0995364147489	23.61308758957866	23.146994916922136	28.140134447121767	2.466316285333064E-4
24.0	28.090115961265777	21.05831063866278	24.671630029387583	26.179943370683862	0.0
25.0	25.147808317813023	24.581635485259394	19.338171110905513	30.932224184328977	1.6090169308806553E-4
26.0	26.91111431016419	24.763709941857208	19.704887353343413	28.62020841830818	7.997632700720587E-5
27.0	26.13109859575108	24.51044322641036	20.110364895731255	29.248013515631637	7.976647566584068E-5
28.0	27.816404933930993	23.060833036791443	23.13405455476504	25.986261497080214	0.0024459774323075745
29.0	28.187316767044763	22.97261223457565	22.13083340358239	26.70888634951559	3.5124528160505045E-4
30.0	23.91185572163594	24.327056688203644	24.97521969032944	26.785674152296412	1.937475345626227E-4
31.0	26.66072279668073	24.456160940682924	22.371850715364275	26.51099583839198	2.697088800878172E-4
32.0	24.289257323927597	22.286958409331167	24.237030073968892	29.186677892918496	7.629985384762995E-5
33.0	23.456134098329553	25.380630468049336	24.713646081787978	26.44947597053447	1.1338129866183611E-4
34.0	26.199184433194556	26.10656769564162	23.03833853365824	24.65579693855224	1.1239895334094649E-4
35.0	25.556493825474867	21.999296544907594	25.81487258409924	26.629114433147276	2.2261237101468205E-4
36.0	24.393414886052824	24.159566825012107	25.924808283885913	25.522135861719725	7.414332943586564E-5
37.0	25.11671532430147	25.386203763202968	21.45027174899924	28.046809163496324	0.0
38.0	27.195320798505275	24.71919270658699	21.231169137187937	26.854243258753957	7.409896583778328E-5
39.0	23.195963355494083	27.3042462999154	21.645698656279215	27.853906480352396	1.852079589045764E-4
40.0	26.378683993477264	25.855887186108035	22.64814582312535	25.117208925766633	7.407152272162478E-5
41.0	23.795443175224122	24.06858455662481	21.689780861069316	30.441747675280222	0.004443731801529607
42.0	24.926954745081225	26.15673654795401	20.034079763085664	28.882191916757105	3.7027121996591285E-5
43.0	26.284271901307733	25.65104441440711	22.57301978502697	25.4881838136777	0.0034800855804875304
44.0	28.9939750740715	24.714300944235752	22.802841739454898	23.48869715603951	1.850861983442929E-4
45.0	26.078014155522734	24.02563731497352	21.63204893844683	28.26052439020328	0.003775200853639534
46.0	25.83257682940414	23.991764993673492	22.09858692590974	28.07707125101263	0.0
47.0	25.175298207700948	23.662158936794956	23.31650258381917	27.844634111593603	0.0014061600913263977
48.0	22.563887452439978	23.851179947222526	22.92550267697359	30.659429923363906	0.0
49.0	22.396409325102546	25.97584024677568	24.61883291969804	27.0075120114511	0.0014054969726334946
50.0	28.02656153496233	23.865217407384122	20.368614339974332	27.73953275072025	7.396695895943282E-5
51.0	24.475543093416615	26.500636562540098	21.56628773662174	27.4551290892626	0.002403518158949463
52.0	23.178240446870635	25.466991033654057	21.692128392641514	29.66264012683379	0.0
53.0	22.79863038820643	24.24793243562729	23.7121959231291	29.239989188050586	0.001252064986591857
54.0	23.108140253355103	27.994553181962463	22.20115962137397	26.696146943308463	0.0
55.0	24.77588165699594	27.814762618521826	22.129974318281462	25.27820637761453	0.0011750285862423247
56.0	26.638978921382172	25.17296274049935	25.34339216979206	22.844666168326413	0.0
57.0	23.19204915351737	27.4328872919127	22.979386843864454	26.391161353535214	0.004515357170258701
58.0	25.94829193663714	24.800137426166472	21.910040185407865	27.341420334667955	1.1011712056943767E-4
59.0	27.780338759106677	21.96990439138972	24.661662965885526	25.585671554144568	0.002422329473510359
60.0	23.920013073207766	23.015404254508386	23.664411342913024	29.40013468921453	3.664015629225068E-5
61.0	25.426148697291268	23.54078853125384	22.73818879247336	28.28919529365215	0.005678685329391227
62.0	25.847099354207177	21.53159285305026	24.319624218036772	28.30139049877128	2.930759345092517E-4
63.0	26.341674988295992	23.384791895770952	22.963301065192976	27.307997482630814	0.002234568109269648
64.0	25.21191816189648	21.740357568255085	23.556166995825617	29.49152071434682	3.655967599352748E-5
65.0	24.52778112879228	25.98664224691006	23.92010206580905	25.560941549777187	0.00453300871141916
66.0	24.028941132948923	23.934812631277275	23.408277898042932	28.627675899667427	2.9243806344590007E-4
67.0	27.22309217394356	24.97477871059996	20.742317375933187	27.05930000321663	5.117363066674855E-4
68.0	23.31393128201567	22.16819294106467	26.901586825854864	27.61625240088963	3.655017516671449E-5
69.0	22.564885819815988	24.349643326264914	25.619546553981305	27.463292830634984	0.002631469302814137
70.0	26.25251590945427	22.545724395761958	24.780165909490773	26.42137477250046	2.190127925372121E-4
71.0	25.123191980008265	22.44356393115009	26.00698545939679	26.42516658263973	0.0010920468051260675
72.0	27.05363541631407	25.45615818555122	22.43754861313571	25.051274687829512	0.0013830971694916425
73.0	25.531458051443	22.186986183218828	23.17569795379461	29.101891027717265	0.003966783826294173
74.0	25.199725209549552	25.38282181265637	23.097061576057136	26.319627286342417	7.641153945236941E-4
75.0	25.91717375683321	24.97401333442483	22.076859406408893	27.030061578483007	0.0018919238500650346
76.0	27.624693305547716	23.401368810447547	25.04664084078665	23.9265330356857	7.64007532386643E-4
77.0	24.519045902318016	24.162243316226842	24.418167683391545	26.899706387268317	8.367107952790594E-4
78.0	27.33149581465531	25.932112694193556	20.313918130867368	26.422291475763704	1.8188452006313575E-4
79.0	27.809490967833696	19.975017451045225	23.202342277653315	29.01060303318991	0.0025462702778599254
80.0	24.012333397471266	22.766263058404682	28.776739244377538	24.442481912556836	0.0021823871896781816
81.0	25.38277720795234	24.701096247153902	21.745411692818017	28.170132902690785	5.819493849522438E-4
82.0	22.430130882073744	22.349388870259226	24.184087422504035	31.035483568273193	9.092568898031568E-4
83.0	25.72380291161398	21.952103008100423	23.706752487353658	28.616250528711536	0.001091064220403701
84.0	23.581742177257908	25.56255193493428	25.02884718537658	25.825913191155102	9.455112761311132E-4
85.0	24.796463118269756	26.811631884153886	21.81154642939091	26.579667657335854	6.909108495912536E-4
86.0	25.670765430177454	24.78835014011815	22.442721001069383	27.096563532773686	0.0015998958613239358
87.0	22.1141075149498	22.265250760715556	25.53262814362135	30.087177329894764	8.36250818525937E-4
88.0	25.170095232970663	26.59084579704623	25.561730554026553	22.67660128019522	7.271357613365919E-4
89.0	26.17642856649472	26.481298967490545	22.672709300292254	24.668363461067948	0.0011997046545268674
90.0	23.49932656321854	24.815954544380485	25.42915463235441	26.255346142870383	2.1811717618233143E-4
91.0	27.291302478135965	24.6663097028367	24.47645002015646	23.565392538438136	5.452604327404898E-4
92.0	25.510785655764817	24.48485253824395	22.146306604428542	27.858018853179427	3.634838326026097E-5
93.0	26.308372778882124	26.032099462755443	20.89351028492026	26.76572669768517	2.907757570074231E-4
94.0	28.676322799447394	22.985938140028342	22.852548737107657	25.480865162940425	0.004325160476174726
95.0	23.564875405740462	26.401887585859242	24.08841734779213	25.941694037073532	0.0031256235346368154
96.0	26.3708463757308	24.4707176144233	23.73630934404418	25.42147250166539	6.541641363234449E-4
97.0	25.467980778909862	25.450719155568652	23.086966965613755	25.994151398609404	1.8170129832845709E-4
98.0	28.031361809845045	22.649008932795812	24.374119239124354	24.945510018234792	0.0
99.0	21.52568785372778	22.03424562719158	26.81683963153632	29.623226887544313	0.0
100.0	22.34210334142431	24.888126900807244	24.283029403996224	28.486740353772223	0.0
101.0	23.916074567123708	21.37370969042742	28.635735807957037	26.07422563261225	2.5430187958152086E-4
102.0	24.944366350443488	23.82620720023863	24.95966219792972	26.269727919208858	3.6332179302211435E-5
103.0	25.438325629516395	25.542766718929595	25.6818277590248	23.33671661917473	3.6327335448068624E-4
104.0	26.008003289660092	27.0177138896598	22.358899881868656	24.614910704036664	4.722347747876033E-4
105.0	27.38454619496314	23.176529908680276	20.64745530463036	28.787908510265748	0.0035600814604761937
106.0	26.019597486488312	23.271343162348764	25.04862318466784	25.660363513249408	7.265324567477066E-5
107.0	26.131535136010893	24.19974201104245	22.38295776239079	27.2849295870324	8.355035234636634E-4
108.0	23.601033596987257	24.177946056523837	24.739312426991496	27.481671596859396	3.632263801149538E-5
109.0	25.9673079248882	24.36648072611607	25.77986619398857	23.885582458562883	7.62696444272858E-4
110.0	24.63209365060573	23.94029679461525	23.07290868455821	28.35470087022081	0.0
111.0	24.655707960889746	23.359054078935948	24.83307905542992	27.15139625261799	7.626521264012371E-4
112.0	25.553324230495477	23.80859346629287	23.531586363174178	27.106423311012012	7.262902546373632E-5
113.0	28.40824004037954	21.358960299505785	23.502634474394217	26.729402622491254	7.62563229201088E-4
114.0	26.665640208496892	21.646840772371036	27.52811926475576	24.159072933968478	3.268204078282929E-4
115.0	27.476189404003332	22.91075774820363	26.320032713467356	23.292330130018602	6.900043070795168E-4
116.0	26.39395848729761	24.651194883816366	25.554770728660326	23.4000759002257	0.0
117.0	26.34043630296949	26.278990295380254	23.63201830887659	23.74768351819793	8.715745757338386E-4
118.0	27.29320233781533	23.903014218780527	24.710296976920358	24.093159631359033	3.268351247529671E-4
119.0	27.534540288408323	20.912871750249494	24.662041926266596	26.88996497670682	5.810583687657884E-4
120.0	25.211964813132866	23.722082871369217	25.253945594215075	25.812006721282838	0.0
121.0	27.79519520980874	23.564230013723716	23.906033751121704	24.73366944760492	8.715777409213376E-4
122.0	27.589382631492366	23.59332505095984	23.965886595882758	24.851006250274636	3.99471390403753E-4
123.0	24.30705707614147	27.86235923433647	22.718061945970682	25.111831760292553	6.899832588272463E-4
124.0	24.839298327162858	24.58810947432641	22.519659876421038	28.052932322089696	0.0
125.0	26.70644265738964	23.93753256916465	24.492411271155206	24.862669336959897	9.441653306122004E-4
126.0	24.05690148169291	24.126733731772983	24.687389014657146	27.128975771876956	0.0
127.0	26.465649597864182	22.70829066495848	27.5111155655684	23.313709512251453	0.0012346593574832703
128.0	26.2511874569683	23.007577936395883	24.412444839537162	26.319965545591085	0.008824221507569221
129.0	24.634568728822455	26.287520412695038	22.301429914507256	26.77314010707382	0.003340836901431875
130.0	26.528583095808138	23.854368399665475	23.9391257644595	25.67788642585746	3.6314209423319464E-5
131.0	26.071445561352537	24.340123025725443	24.656021480659163	24.931756274119532	6.53658143327621E-4
132.0	26.78059139761518	25.711829840639012	21.34243946795422	26.15932903083361	0.00581026295797582
133.0	26.92417333365774	25.681245985007305	24.33761926048964	23.054383110103675	0.0025783107416420064
134.0	26.873835230615263	23.07626942613819	20.724833355363785	29.325061987882766	0.0
135.0	26.436682269292362	23.357566426151404	26.46682232979036	23.73838427487735	5.446998885180894E-4
136.0	27.857415214999293	26.362715298885515	24.117832903007923	21.655972081503997	0.0060645016032799155
137.0	28.96613734479132	21.235045640212196	24.30889650043287	25.48962999761776	2.9051694585345165E-4
138.0	25.13677790579745	23.670793273726115	26.83276220743036	24.358504631766316	0.0011619812797553448
139.0	26.21311770669626	23.529828286906987	25.12251733544041	25.132829997937467	0.001706673018879435
140.0	27.702786858874852	20.90672499871999	25.371792399766296	26.018405244365333	2.9049827353244814E-4
141.0	25.786229981574806	24.86061271578067	25.241571944319162	24.110859099191746	7.262591336164292E-4
142.0	29.185880780802044	22.383221943217368	23.681193680812395	24.749558343183235	1.4525198495915696E-4
143.0	27.48517986604233	24.857445290329373	24.398742853200332	23.258486739497904	1.4525093005986154E-4
144.0	28.08667786301121	25.0198719985475	22.932631292269985	23.960274159139395	5.446870319095819E-4
145.0	28.226765804656136	22.01536600103418	22.644298645688686	27.11251648587879	0.0010530627422044307
146.0	27.164832084234042	21.865634705726634	25.380095001508796	25.584790172017296	0.004648036513231834
147.0	26.780894614931842	24.022074338581398	26.201657463578904	22.99141565603364	0.003957926874214542
148.0	24.491570751978177	24.284992717661314	23.464635721478054	27.758474002359545	3.2680652291295E-4
149.0	28.67955825982375	23.858719255612897	24.377087088700996	23.081694044235025	0.0029413516273300226
150.0	25.338082711517764	24.299976323316013	25.225364265056843	25.136576700109377	0.0
151.0	27.043254783460984	23.390723849705143	25.532890754172467	24.032476948346357	6.536643150487688E-4
152.0	27.86659200316085	23.362668537612105	23.4434329524623	25.32727019183001	3.631493473479929E-5
153.0	24.69179874340827	23.495272982406192	24.444090165776995	27.368075481208688	7.626271998617103E-4
154.0	23.31592594475636	24.035160988081145	24.727449684415422	27.9188849587089	0.0025784240381752023
155.0	27.408469549413695	23.334299430583734	24.2300095955975	25.026930868841042	2.905555640300929E-4
156.0	26.376791802427846	23.163487636486067	25.85327513898761	24.60615486199666	2.9056010181225967E-4
157.0	25.186377837617556	21.84614121785014	26.896630125980742	26.070378654098857	4.7216445269965474E-4
158.0	24.494291586896345	20.90336504532698	26.541315123362963	28.06091928097204	1.0896344167568339E-4
159.0	27.014286694990886	21.313847084817557	24.35810122402902	27.313220159956646	5.448362058914229E-4
160.0	26.62618148374963	20.73167542404833	25.843429203234457	26.79871388896759	0.0
161.0	24.32241196567909	19.960197219544405	29.104629951828393	26.60883797529598	0.003922887652129946
162.0	25.510539520431934	23.315821648888	24.912214554276595	26.261424276403467	0.0
163.0	24.890799556114953	24.13259885250993	27.420726380466153	23.55576623749303	1.0897341593518262E-4
164.0	25.582439489353785	23.63031911029226	24.76363142339871	26.021830038388554	0.0017799385666917554
165.0	26.894722617374867	21.740414500996074	26.390872724683632	24.97326362501653	7.265319288986793E-4
166.0	25.329422022014747	22.73633160170015	25.32419079449268	26.610055581792423	0.0
167.0	26.69504702449459	23.58686743626408	26.50595362652437	23.211695962519908	4.3595019704948903E-4
168.0	26.049791861792453	23.798673059889598	23.646266046333185	26.505269031984763	0.0
169.0	26.58654221702269	21.734895372558707	25.764854844071593	25.913380577208496	3.2698913851078246E-4
170.0	31.625135565724626	23.025954137456832	22.910162388209372	22.43867524356415	7.266504502507852E-5
171.0	26.000544978927483	23.42446592065107	26.060928644092428	24.513406481616045	6.539747129777649E-4
172.0	27.65001459943084	24.379378921327227	24.206183185813714	23.764423293428223	0.0
173.0	29.39089785930678	19.102561960840994	22.979785690991484	28.52548342275586	0.0012710661048796592
174.0	25.066005893500083	24.97165469057672	23.96437025474825	25.99775126001347	2.1790116148582444E-4
175.0	25.25008162632323	24.389146368436705	22.753859681172482	27.605277981667037	0.0016343424005439092
176.0	24.530271436660602	24.16644541211279	27.944613598746788	23.357253039056907	0.0014165134229175164
177.0	22.014022683881542	26.46732544657257	24.07256459210568	27.420732823628896	0.025354453811304748
178.0	25.415672818446406	23.302049588349792	23.971528268875307	27.31038610889852	3.6321542997260994E-4
179.0	28.658836042183083	23.068727678506562	23.09262929393611	25.17860827213842	0.0011987132358283036
180.0	26.46166397453431	22.117928144650364	25.797341617938162	25.622884156968013	1.8210590915464616E-4
181.0	28.15815863268558	22.22903318734935	25.96887295747016	23.643023582308345	9.116401865580478E-4
182.0	25.655277943604247	22.365422548745386	25.98399726930296	25.995265770705323	3.646764207884523E-5
183.0	24.03505131404135	24.558603694990257	25.91799454201384	25.48791281809837	4.37630856184654E-4
184.0	26.347499106432952	21.318832016689644	26.816457681394112	25.51316278967985	0.004048405803444428
185.0	24.83829675499442	23.735366840988164	24.348701341327324	27.077051559776226	5.835029138676762E-4
186.0	27.061471780634864	22.86697137288484	25.153945692657143	24.91761115382315	0.0
187.0	24.411779860862662	22.275860582005844	27.885754922557943	25.426056475711263	5.481588622853181E-4
188.0	28.053064485358988	27.68580573623885	22.33736493218011	21.923435925061526	3.289211605215666E-4
189.0	25.10884311971135	23.36300386542926	24.69265890072104	26.834543838412188	9.502757261568511E-4
190.0	29.25544241483194	20.866568268596026	24.814480160653492	25.06336294778981	1.462081287333332E-4
191.0	26.59690851721156	23.134679190376847	24.63329923412245	25.634783538355755	3.2951993339303746E-4
192.0	27.007423285454674	23.142869592504724	24.34488306668507	25.50482405535553	0.0
193.0	27.89835872619545	24.387145351079223	21.647843733829237	26.06646908049921	1.8310839687499887E-4
194.0	27.600235125647554	22.897355935182965	24.44332537983596	25.059083559333516	0.0
195.0	26.12464212768825	21.21395269785174	24.742090179426995	27.91880217902846	5.128160045479454E-4
196.0	28.945632403111254	22.11148266448828	26.35698606870734	22.585898863693128	0.0
197.0	25.546020537006985	23.629387515783357	23.790371317109802	27.033632829821165	5.878002786908071E-4
198.0	27.359596085290683	22.869969520108295	24.619056577585663	25.151341001105582	3.68159097745136E-5
199.0	25.843266922512843	22.96200964661063	25.306307183611683	25.887973606826105	4.426404387452029E-4
200.0	27.39239484618191	22.7903025232342	24.2752696930426	25.542032937541293	0.0
201.0	25.03247461151289	20.981864022409972	28.327342608350463	25.658097402805822	2.2135492084901417E-4
202.0	25.533700786646236	25.39257598694199	27.313791822288273	21.7599314041235	0.0
203.0	25.93343077331916	24.36291227448549	22.104334603005878	27.59873180382083	5.905453686479463E-4
204.0	25.591075234602883	23.627727251585984	23.867996335241262	26.913164265206273	3.69133635973697E-5
205.0	27.218320011015688	24.439884925889572	25.241217440675296	23.099839305273097	7.38317146345164E-4
206.0	25.387970532182525	21.05097796559233	25.716371149184337	27.84468035304082	0.0
207.0	26.153971700945334	23.633539833694403	26.680050972122267	23.532068237063942	3.692561740555442E-4
208.0	28.49532735131877	21.980099509837235	21.59478696090221	27.92974924584662	3.6932095172531976E-5
209.0	27.523771460063724	20.56206362351592	25.24133452618499	26.67235019603005	4.8019420531183446E-4
210.0	25.18048257499434	24.52338967722057	24.17577992375417	26.12020004647604	1.4777755487996582E-4
211.0	25.178947695168468	25.711005292491258	25.08397700305015	24.025515705639634	5.543036504960278E-4
212.0	28.887825822386482	22.158232848286648	23.772007232631278	25.181860158530817	7.393816477341835E-5
213.0	29.43906116373558	22.986041446576056	22.267695285104267	25.307017154491028	1.8495009306688682E-4
214.0	27.710697537026775	25.091107096044368	24.32042157460454	22.877773792324312	0.0
215.0	26.258199762540812	24.809921341644404	22.545339863460967	26.38627931136836	2.5972098545562483E-4
216.0	25.923305700642896	24.67442000765167	25.8027975429226	23.599439277340757	3.747144207720691E-5
217.0	29.523039862415203	22.66129263821575	25.308371908157913	22.50695555847732	3.400327338178422E-4
218.0	24.23140463105059	23.97997729682834	25.952744163920254	25.835797671895715	7.623630510074247E-5
219.0	27.185502625382107	22.487219496724144	24.063911369009176	26.263020101628193	3.46407256385248E-4
220.0	28.29052686961534	22.111037607016158	24.262502466255818	25.335816998015385	1.1605909729234127E-4
221.0	25.974480074593586	22.748744039841455	23.1977634397872	28.07889550349112	1.169422866426961E-4
222.0	26.15691262980687	24.35486693022112	23.922137943644746	25.565924868065142	1.576282621168845E-4
223.0	30.360362082796605	22.581381398605743	23.976991825812778	23.080866379403055	3.9831338181603817E-4
224.0	30.149237758554527	22.808223909747355	24.073268779307572	22.969229620418655	3.993197189268362E-5
225.0	31.341814621887153	19.55857074393319	23.29412454711582	25.804847342028335	6.427450354976031E-4
226.0	24.991494231542482	23.020109427321668	25.576723659385074	26.411631984294036	4.0697456734533745E-5
227.0	27.489829618324634	23.591457702572104	25.387799822522517	23.5297604053994	0.001152451181344779
228.0	27.308590790122395	28.33082135802183	22.58449170965426	21.776013420731324	8.272147019214543E-5
229.0	27.766313886303667	25.499797651085455	21.36783698388002	25.366051478730856	0.0
230.0	26.09211546116217	22.62240672280788	27.019606787100702	24.265871028929247	0.0
231.0	24.96504777978115	24.854328372745087	24.028417981139256	26.151137970819114	0.0010678955153941411
232.0	24.988468951043195	25.63330749921126	24.27894507619923	25.099107008134318	1.7146541199709195E-4
233.0	22.55487049600796	25.387133766905816	21.994138710256216	30.06351030753135	3.467192986562027E-4
234.0	26.794965744878045	21.512031400601945	26.449813093754713	25.24195518306583	0.0012345776994702779
235.0	25.561815828799006	21.49781208216847	27.800633137660075	25.139604887779836	1.3406359261827983E-4
236.0	29.14943513480103	23.81218464202412	23.45867126606874	23.579573112335023	1.3584477108571216E-4
237.0	28.4221838102816	24.591050017834114	21.75364227508437	25.233032439798432	9.145700149074912E-5
238.0	27.00773285849082	22.43769775459124	24.936223131534526	25.61829995638634	4.629899707112545E-5
239.0	28.349632734774822	23.15119672539464	24.022811329533013	24.47527832735715	0.001080882940377557
240.0	25.694034544721184	21.47048697781869	26.15205158611219	26.683184784866604	2.4210648133576925E-4
241.0	29.171553594589028	21.537376210620735	23.413714105625523	25.87498030279155	0.0023757863731681595
242.0	26.682707725557954	24.51454093482575	20.424945531016707	28.37673683658139	0.0010689720181997345
243.0	27.48925559865491	23.332578485873395	24.72398150380224	24.452041618879953	0.0021427927895022636
244.0	26.64356181572125	22.66485379449367	25.716050358427662	24.97460710532709	9.269260303270682E-4
245.0	29.003931271208817	21.169797666663406	22.881465327557038	26.942947671064083	0.0018580635066548013
246.0	24.296328729123477	26.84292058044095	23.336257185354096	25.52194676630292	0.0025467387785546966
247.0	26.432697212396643	22.367020518561255	24.508019408945138	26.54793413853395	0.14432872156301568
248.0	26.3689045074138	23.13309511967014	23.41361852064494	27.073312444130238	0.011069408140885523
249.0	24.941772916595717	21.331866489579337	29.33391375333828	24.375320501905367	0.017126338581297546
250.0	27.541603099157395	21.695289783690615	24.191673737056732	26.570146354599284	0.0012870254959750753
