# Position (bp)	A	C	G	T	N
0.0	23.624772388167063	24.454553675288857	25.225813545318903	26.694860391225177	0.0
1.0	22.642489144770398	30.450053129243226	23.301055972541945	23.53223097201655	0.07417078142788237
2.0	24.251197301716964	27.25996293645951	22.91172319888124	25.576247007065394	8.69555876893394E-4
3.0	25.91012005458421	22.053500697635194	24.422342725428166	27.60780124807703	0.006235274275404909
4.0	25.991404955301174	23.935948276522453	23.61921347425189	26.45333115435587	1.0213956861353196E-4
5.0	28.144104213123878	24.300699389889584	22.33012284345431	25.22441033458376	6.632189484714588E-4
6.0	25.64259810113687	24.032384580905426	24.088311397253577	26.231306792714232	0.0053991279898944625
7.0	25.64978270262028	25.80410196457163	23.304343406104657	25.240958649960604	8.132767428266451E-4
8.0	27.49652188335135	24.434054756181865	23.654895763012316	24.414476877561672	5.071989279843458E-5
9.0	25.925869669670583	25.91230066088161	22.40764846546156	25.75418120398625	0.0
10.0	24.536443290285078	24.703799771225512	23.860541662303156	26.899215276186254	0.0
11.0	27.369464085108763	23.1602081095181	22.812393715881722	26.657885011687878	4.9077803532718456E-5
12.0	28.180591800687115	24.526599539314518	20.235192062569762	27.057616597428602	0.0
13.0	25.10614059129854	23.000583910292313	25.086931134335117	26.806296697927714	4.7666146311236104E-5
14.0	26.40353772152542	22.4663960238767	23.34169303495774	27.788373219640132	0.0
15.0	25.71475829052713	23.78030196028873	24.52888396607221	25.976055783111928	0.0
16.0	26.081986625324273	24.94552705850679	21.773388000209906	27.198915788825236	1.8252713379923385E-4
17.0	28.3671721812698	26.69099218140395	19.58557192907145	25.354922227662673	0.0013414805921295333
18.0	25.52253215505738	25.74892469088882	20.282332113637082	28.446122345985447	8.869443127578513E-5
19.0	25.1309150039825	24.766025421802915	21.866721973024912	28.235940454468235	3.97146721443496E-4
20.0	22.449093029820926	26.05618422578732	24.037237313468765	27.457441663511766	4.376741122327726E-5
21.0	23.681823806122914	24.65034092167159	23.935197747594227	27.732420446183003	2.17078428265348E-4
22.0	22.342052663222596	26.921495088527692	25.963224016169157	24.773228232080548	0.0
23.0	25.1140457003905	24.135906294997643	23.480990815188875	27.268757828814483	2.993606085060323E-4
24.0	27.61657447998504	21.97228730429897	24.62547838499426	25.78565983072173	0.0
25.0	24.672119198306934	25.84829260691	19.547677814697707	29.93178470710656	1.2567297880148194E-4
26.0	26.108831611430073	26.06891608749616	19.8358094277221	27.98635962929758	8.324405408532683E-5
27.0	25.356745814458993	25.103124429621516	20.10851709890985	29.431571174938192	4.1482071448719866E-5
28.0	27.16150148407832	24.187239712657522	23.336496526224177	25.31201701896113	0.002745258078843812
29.0	26.934449328772224	23.778393028219227	22.512717594368972	26.774237248538014	2.0280010156229088E-4
30.0	23.318555267495615	24.955569126061224	25.42795431072126	26.29767960465787	2.4169106403685306E-4
31.0	25.65975958951495	25.002882619724804	22.702191751864095	26.63488578420068	2.802546954672406E-4
32.0	24.135664055607435	22.715858467504503	24.66140489657866	28.486874322205107	1.9825810429565836E-4
33.0	23.701944542748787	25.05777287433095	25.325744848307462	25.91445926551354	7.846909926105648E-5
34.0	25.613357670702335	26.41208306837422	23.111340353648508	24.863141168660142	7.773861479117076E-5
35.0	25.061257356266324	22.413655199146014	26.12889655236062	26.39615243814276	3.8454084285200104E-5
36.0	23.708372393232008	25.005225061855512	26.204030981543237	25.08217946550691	1.920978623349879E-4
37.0	25.271921661674572	25.865212269993314	21.776315461004238	27.08651220166965	3.840565822881554E-5
38.0	26.4282771519043	25.784302169096033	21.456553766266875	26.330751725220956	1.1518751183071737E-4
39.0	23.283620132387693	27.65781113487668	21.819900839745173	27.238284027030307	3.838659601485715E-4
40.0	26.58680644444436	26.481566274632325	22.90033003655004	24.03118210195554	1.1514241773745917E-4
41.0	24.020179529658545	24.312564735174373	21.784136903357076	29.878398608647068	0.004720223162940952
42.0	23.997114440078583	26.208328217092337	21.15234375	28.64209847740668	1.1511542239685659E-4
43.0	25.976903536063332	25.617553588837822	22.502228192204264	25.899708138474427	0.003606544420157821
44.0	28.277768293688776	25.280996507084613	23.157204209912514	23.2838391762781	1.9181303599755245E-4
45.0	25.698764375156784	24.64004093434012	21.580628606015413	28.077037262063392	0.003528822424285663
46.0	24.70946320928429	24.893636361195693	22.46490565632492	27.931994773195097	0.0
47.0	24.9760217642996	24.6071730302469	23.539973761041395	26.874990652227186	0.0018407921849167789
48.0	22.73862945845801	24.389842757108326	22.813465036794796	30.058062747638864	0.0
49.0	22.23800763398869	26.096058532613508	24.51195029358694	27.152181805008592	0.001801734802271106
50.0	26.942502299908007	24.495898497393437	20.772807421036493	27.78863845446182	1.533272002453235E-4
51.0	24.40656321765072	27.37045111006865	21.771242461313932	26.449290359373418	0.0024528515932804133
52.0	22.90919686102787	26.14464156595294	21.214942657511653	29.731218915507533	0.0
53.0	22.25364564029021	25.588209360123948	24.163811139362075	27.992616154147708	0.0017177060760607884
54.0	23.045638817098535	28.443637288030786	22.431988738488574	26.078620648063644	1.1450831845679428E-4
55.0	23.355912681000436	28.864846911413387	22.93045499975623	24.84710947784116	0.001675929988786505
56.0	26.22243939074834	25.712025647890684	25.200050424399013	22.86548453696196	0.0
57.0	22.444234237527724	27.690800857887936	22.748501133289466	27.111513246082232	0.004950525212644098
58.0	25.186856852610973	25.6280408263661	21.730909378900385	27.45396448748868	2.2845463385956591E-4
59.0	27.283494739775655	22.88663020126026	24.684582610440344	25.142589333202363	0.002703115321371858
60.0	23.794935610931223	23.355400065147347	23.944424827600884	28.905201487366394	3.800895414941852E-5
61.0	25.011867051023568	23.954492852215783	23.075741999479334	27.951361242914448	0.0065368543668657495
62.0	24.86196474642898	22.34466687416133	25.039589297379756	27.753627071288854	1.5201074107896464E-4
63.0	25.825408961431005	23.844670657226327	23.12642311889902	27.201065230146256	0.0024320322973889093
64.0	25.077172990003447	22.004362421580144	23.469312287108178	29.449114373803624	3.792750460913999E-5
65.0	23.780282226425097	26.750944983330292	23.374945341337423	26.089086888406065	0.004740560501118962
66.0	24.29489041572777	24.501453564437313	23.335719914477473	27.867253502699697	6.826026577513703E-4
67.0	26.632599121615524	25.500679909931844	20.898717309907724	26.96728317395456	7.20484590351422E-4
68.0	23.711213550283272	22.86233011998579	26.865736725934685	26.56060584803216	1.1375576409936338E-4
69.0	23.24695460083061	25.00076781938158	25.164265951400257	26.58494035086123	0.00307127752632483
70.0	25.354381870248734	23.248480598498983	24.641471983981866	26.755438361200863	2.2718606955604437E-4
71.0	24.719117246129343	23.09420003640129	26.02269114263036	26.162972036712436	0.00101953812657226
72.0	26.69854855115638	25.990154523686005	22.176184035950563	25.1336403720409	0.0014725171661520407
73.0	24.97693239341331	23.152250733934977	23.011806386140407	28.855461623959506	0.003548862551798292
74.0	24.422699272093336	26.345298505152577	23.345335500719905	25.88576070814046	9.060138937230603E-4
75.0	25.14943568329714	24.941971580890804	22.307185029970185	27.599105065695078	0.0023026401467951966
76.0	27.0104132576431	24.180484890075153	25.18387494578591	23.624396473073762	8.304334220764686E-4
77.0	24.152384676531135	25.25449408048845	24.280226196829894	26.312253385139282	6.416610112426559E-4
78.0	26.969207229390403	26.576984945941113	20.58223420259836	25.870931995932843	6.416261372823283E-4
79.0	27.180856725108676	21.37015781381035	22.741885688966317	28.70457106754359	0.0025287045710675436
80.0	24.213973790886403	23.416710413939146	28.197195972810395	24.16951574316835	0.002604079195709383
81.0	25.161117453368682	25.23791642686643	22.05198554594258	27.548565444235834	4.151295864743233E-4
82.0	22.721212379658873	22.400252390406596	24.02403445008289	30.85340638365078	0.0010943962008601955
83.0	25.001264172887527	22.690356134483842	24.12724900130342	28.180262751730783	8.679395944231486E-4
84.0	23.111069519765866	26.194774282259996	25.094033335798628	25.59925497825762	8.678839178845971E-4
85.0	24.775850996473537	27.310634559961606	21.22946322718721	26.683560695875023	4.905205026250394E-4
86.0	25.255417553651082	25.4948561821273	22.533906637800214	26.713782171971722	0.002037454449687326
87.0	21.97685197586726	22.011600044821613	26.25803289710233	29.75272278096228	7.923012465162326E-4
88.0	24.71174951313755	27.072796593736015	25.574331691217917	22.640254488905722	8.677130027925267E-4
89.0	26.088890347596095	26.464972730349047	22.807553638613086	24.63786650490107	7.167785407067964E-4
90.0	23.272827274428263	25.957838651850867	25.064167758134708	25.704977697837382	1.8861774877926594E-4
91.0	26.628753485989463	25.21775999643904	23.81570663406475	24.337138608561624	6.412749451238396E-4
92.0	25.02879930112187	24.520332268871936	23.133703443015857	27.317164986990335	0.0
93.0	26.145265346397224	26.34355470930636	20.86194956502322	26.649079502831952	1.5087644124720502E-4
94.0	27.476114016040036	23.88768127831457	22.968111914382735	25.663755199923354	0.004337591339301105
95.0	23.820359313056017	26.31747680509871	24.314223352218146	25.545526653156504	0.0024138764706259524
96.0	25.786460494059966	24.454874599283425	24.079502168583822	25.677918159532343	0.0012445785404488026
97.0	25.474465382619506	25.230010680279495	23.115187116083174	26.18014825676116	1.8856425666461508E-4
98.0	27.56479079482918	23.23610235895324	24.53736753444076	24.661739311776813	0.0
99.0	22.059679679287143	22.57587595000475	26.668682685216048	28.695761685492055	0.0
100.0	22.77651721665087	25.255386165297644	24.252467143090904	27.71562947496058	0.0
101.0	23.251976243232026	22.615755428801517	28.634498588249574	25.497694335768507	7.540394837694887E-5
102.0	25.387962354406884	24.527026237209167	24.44591754817219	25.63909386021176	0.0
103.0	25.51649379196971	25.77982135652908	25.118674614755243	23.584934827935946	7.540881001127363E-5
104.0	25.747255585446826	27.28876538578277	22.76053321670082	24.202993358356537	4.5245371304254386E-4
105.0	27.279452965979306	23.864675898029166	20.82705184892461	28.025614127438654	0.0032051596282618154
106.0	26.074491760551854	23.408690353461807	24.415289905950154	26.101377150359845	1.5082967634213903E-4
107.0	25.395410500691163	25.016006461406892	22.56205944524508	27.02599569993673	5.278927201331496E-4
108.0	23.88695824955255	24.928485491047443	24.28439304004624	26.900050108228495	1.1311112527094826E-4
109.0	25.861216770893776	24.54636042107073	25.254931323968915	24.336925954453754	5.655296128271165E-4
110.0	24.496893651240672	24.419871131484566	23.157312558742397	27.925809556447557	1.1310208481072931E-4
111.0	24.66775727061971	24.166692744140768	24.626737089670943	26.538398169474426	4.147260941511179E-4
112.0	25.3349328475475	24.537978157733615	23.676329099798227	26.45060909219777	1.5080272289396456E-4
113.0	28.947577752334823	21.842659743032854	22.642152458929253	26.56704455361374	5.654920893311624E-4
114.0	26.429944509644177	22.7001134387395	27.35136565690229	23.518312496017955	2.638986960765427E-4
115.0	26.893234887921764	24.28870199023564	25.35249607981604	23.465190010628515	3.770313980437349E-4
116.0	26.991705312370396	24.830449044225766	24.48018700750292	23.69750782339856	1.5081250235644535E-4
117.0	25.70836731377493	26.81953246682736	24.084582927547476	23.38706484769033	4.5244415990733947E-4
118.0	26.069696647505896	24.804867032086186	25.06158819497386	24.06350879653613	3.3932889792760533E-4
119.0	27.058292119292165	21.51035494536445	24.785169807379578	26.645806084055906	3.7704390789420597E-4
120.0	25.398805760131754	23.723536901574562	24.98903753104462	25.888506694929664	1.1311231940204303E-4
121.0	27.417844836394746	23.613051319146656	24.394098952306514	24.574401620989615	6.032711624695961E-4
122.0	26.465692209254843	24.42648793779982	24.455558023098465	24.65173396837582	5.278614710518884E-4
123.0	24.17647466911188	28.34175886490595	23.168540291736544	24.312547506726347	6.786675192741575E-4
124.0	25.114760056751322	24.661450763175587	23.24956744648835	26.97407091954712	1.5081403761980762E-4
125.0	26.816416308931966	23.911130481861665	24.371818373073115	24.899993892181165	6.409439520905706E-4
126.0	23.705634645554106	24.63870350632257	25.031981398947263	26.6235296379815	1.5081119456416132E-4
127.0	26.254904570360203	22.947677419427812	27.28764016222454	23.50898610414146	7.917438459824467E-4
128.0	26.10364408310137	23.31454605710382	25.097131688513517	25.476308162605893	0.008370008675400884
129.0	24.591000194546368	27.013404093919146	22.27616233914107	26.11626633850163	0.0031670338917869764
130.0	26.159465752928828	24.27348642061701	23.739940639214314	25.827031779737702	7.540750214157305E-5
131.0	25.417892361092782	25.047639012788448	24.767912985184587	24.766027784836805	5.278560973788929E-4
132.0	26.284659643619307	25.740210088152566	22.49466484680758	25.474772077731107	0.005693343689437528
133.0	27.087145352601024	25.493817129400085	24.87083593647198	22.546127868181205	0.002073713345702719
134.0	26.44089562390613	23.313692325905997	20.99111931874309	29.254141917464032	1.508139807576442E-4
135.0	26.335059623363126	24.246658392137288	25.887413113671222	23.5304918418469	3.770289814637472E-4
136.0	27.70227776931534	26.38000123668863	24.24882476876185	21.663052117376832	0.005844107857346458
137.0	28.37069850583298	21.579023371503485	24.42140569863968	25.628533089112743	3.393349111149904E-4
138.0	24.839050211508155	24.03034256026663	27.557099661436148	23.572376507136987	0.0011310596520860512
139.0	25.511554054334272	24.031588484062677	25.477848209838864	24.97765196943551	0.0013572823286742105
140.0	26.40939776969613	22.070982448176615	25.395852922702456	26.123502944908978	2.639145158261995E-4
141.0	25.32676658301764	25.134409007552545	25.58178552469657	23.956774968028377	2.6391670487175157E-4
142.0	28.324142047127605	23.29437766251648	23.58495225520495	24.796151008301752	3.77026849213013E-4
143.0	26.662768242851442	25.716853783469322	23.662489999449544	23.957586355365837	3.0161886384698274E-4
144.0	27.44522966066293	25.614549825286876	23.00859464896763	23.931135733320062	4.90131762498737E-4
145.0	27.73886727520121	22.599149519507552	23.1238097966998	26.537004648272895	0.0011687603185512802
146.0	27.11195746960593	21.97146066085585	25.010773225396232	25.901435261303966	0.0043733828380163094
147.0	26.20182048772543	24.665934771888605	26.888348848396742	22.23997502710675	0.003920864882472075
148.0	24.49495177988403	24.449370763302948	23.76064122574856	27.294696918285943	3.3931277851923907E-4
149.0	27.993320632632155	24.929882854694352	23.8701798821949	23.204316780572075	0.0022998499065167567
150.0	25.523169359679308	24.049088035422894	25.041284984782997	25.386419916932347	3.770318245022426E-5
151.0	26.788655912579777	24.528457684768235	25.283566366199246	23.398867582057317	4.5245439542478116E-4
152.0	27.442907791657884	24.020523671864073	23.11507199611486	25.42130801457078	1.8852579240218433E-4
153.0	24.970778226724764	23.454224752010834	25.604871854040447	25.9695218790015	6.032882224564992E-4
154.0	23.02393188819468	24.990139926322815	24.440011915041232	27.542824392653397	0.00309187778787456
155.0	26.950870512389752	24.026247544619203	24.057546697015532	24.96518440668686	1.5083928865699864E-4
156.0	25.886559189862574	23.369247344348	26.575450534109514	24.168478959739375	2.639719405369265E-4
157.0	24.918026233867806	23.20369505117916	26.612257581088507	25.265681737017974	3.393968465507664E-4
158.0	24.61655134546431	21.892700748645034	25.908541009546997	27.582093762397598	1.1313394606678523E-4
159.0	26.700657696252943	21.469370361431245	24.39325257949677	27.43637995534906	3.394074699812949E-4
160.0	25.86133422234223	21.914949303111054	25.88780838438975	26.33579495271232	1.131374446475052E-4
161.0	24.50536599126492	20.67021998357977	29.150511369143317	25.67013135807833	0.0037712979336681496
162.0	25.11477140944533	23.862232823887688	25.261778377002347	25.76121738966463	0.0
163.0	25.18559166063239	24.263026490465847	26.581771964759838	23.969572169925176	3.771421675114651E-5
164.0	25.260581767630118	23.761225372632776	24.761236309957756	26.215033089179553	0.0019234605997953589
165.0	26.520110296322365	22.003633547974413	26.701712263280985	24.7740158700884	5.28022333836086E-4
166.0	24.538667587961115	23.140281412205592	25.72270948070826	26.59819065213013	1.508669949029586E-4
167.0	26.425670940580353	23.419158609546038	26.915397027395844	23.239547116522672	2.2630595509033754E-4
168.0	25.830307017080646	24.654494513403048	23.961635312169488	25.55341228158848	1.5087575833928036E-4
169.0	26.395525506994034	22.63556177851139	25.431893587455246	25.53679280725551	2.263197838193425E-4
170.0	30.669600287276545	23.3524976764397	23.553734595096987	22.423978840513232	1.886006735307253E-4
171.0	25.862272515192057	23.405140499415175	26.45128414417357	24.2806993456977	6.034955214974534E-4
172.0	26.959743206062655	25.179766315103535	23.853824757445576	24.006514879084808	1.508423034223102E-4
173.0	28.844493214324768	20.51758920928689	23.014996738200015	27.621487908714855	0.0014329294734738358
174.0	24.135385014521805	26.18853686110275	24.05630885931986	25.619316754868443	4.525101871355879E-4
175.0	25.505248581698826	24.333801952209924	23.185396588836717	26.973893604408232	0.0016592728463015562
176.0	24.58677841789347	24.383769220441664	27.801323274516104	23.226695992312578	0.001433094836182175
177.0	22.095378327797846	25.80311068433094	24.915044177027944	27.160857486182653	0.025609324660610444
178.0	24.97314873338955	23.214767894936124	24.189333108064282	27.622373139079002	3.7712453104564567E-4
179.0	27.543231062248957	24.599822738501576	23.02046050274378	24.83509023364574	0.0013954628599445586
180.0	26.817315473804427	22.58416088702663	25.23881195307714	25.359446969754266	2.647163375360203E-4
181.0	27.68275642700535	22.549747993986692	26.077604977260766	23.689171125525878	7.194762213108857E-4
182.0	25.204667932220538	23.021038413081783	25.523934380539405	26.250207801522375	1.5147263590030224E-4
183.0	23.63552432818079	24.958732579922845	26.2702772708631	25.135049265290345	4.1655574292148717E-4
184.0	25.923482599801105	22.413184569276247	26.67713650144929	24.982295703782697	0.0039006256906569036
185.0	24.89622879420926	24.66100648792498	24.785282020639887	25.65676324715836	7.194500675147089E-4
186.0	26.29171700035218	23.71472066224614	25.25256465117336	24.740959817624805	3.7868603519508014E-5
187.0	24.183112911914897	23.229761823465587	27.73637446601868	24.850105847806788	6.449507940482422E-4
188.0	26.8942712141038	28.30585747406224	22.685500463042178	22.113687951684273	6.828971075134236E-4
189.0	24.930893584086743	23.95365336388711	25.22924815709901	25.885408169846613	7.96725080526142E-4
190.0	28.422737674122477	22.086999677110065	24.881610184957882	24.60846275174317	1.8971206640832944E-4
191.0	26.618909269178808	24.112900007790664	24.539410303816855	24.728438390106998	3.420291066769782E-4
192.0	26.668650576474022	23.682334233313874	24.3571296093598	25.29188558085231	0.0
193.0	27.397607049162758	24.703579847762775	21.85561257884202	26.042896445086726	3.04079145720048E-4
194.0	27.835439501437794	23.799579209849604	24.00662925042716	24.358352038285442	0.0
195.0	26.09580299706088	21.81257667627112	24.624416956200577	27.466709144734768	4.942257326611357E-4
196.0	27.982600473389642	22.54825804726201	26.176016677213106	23.29301051202351	1.142901117338229E-4
197.0	24.671777994464954	24.70390002617774	24.23235774569639	26.391468876113745	4.953575471723276E-4
198.0	26.969562794390455	23.712468795566107	24.20551793634677	25.112297791451322	1.5268224534510004E-4
199.0	25.441906053167983	23.07873586788191	25.500247905049306	25.978804118284376	3.0605561642661706E-4
200.0	27.38129808536598	24.059852064746256	23.890208213532407	24.66852685702436	1.1477933099719136E-4
201.0	25.19370961712626	21.7270813142295	28.396599755813583	24.68245626587623	1.530469544229996E-4
202.0	25.149345222789556	25.104346508467106	28.306640218442737	21.439668050300604	0.0
203.0	25.596952568762987	24.8996674144642	22.657499671777998	26.845421025576055	4.593194187618968E-4
204.0	25.69718866001126	23.945407766986573	23.73452185859811	26.62276687364799	1.1484075606560164E-4
205.0	27.181258539195984	24.294747109641264	25.493612901521658	23.029577535421033	8.039142200558223E-4
206.0	25.295094827365077	21.476808385436666	26.084732635338177	27.14324929545165	1.1485640843245122E-4
207.0	25.71260421700264	23.656943703099	26.670324679949363	23.95970620511882	4.211948301780735E-4
208.0	27.67965606038092	22.717562642752863	22.02319585654783	27.57958544031839	0.0
209.0	26.978694065938274	21.08986795108732	25.245415633288964	26.68537120203771	6.511476477291225E-4
210.0	24.854961422649925	24.880935050606436	24.63069944911391	25.633059294957743	3.4478267198908956E-4
211.0	24.876664937127284	25.493895901144946	25.41633487356863	24.212529478172165	5.748099869786377E-4
212.0	28.085750618865735	22.67918161356325	24.722885783282557	24.51187528297988	3.067013085794707E-4
213.0	29.542593224825175	23.469793276995016	22.515583822745285	24.471837874539197	1.9180089532657937E-4
214.0	27.54262387151781	25.501461263746496	24.27732417329095	22.678552302800416	3.8388644331897474E-5
215.0	25.61901185855906	25.208671244302323	22.872353522327515	26.299694071951567	2.693028595347062E-4
216.0	25.52886892793444	24.836752044342774	26.14814163738769	23.486081823492306	1.555668427942605E-4
217.0	28.409158687804116	23.150996703814158	25.262125255062003	23.177248469628	4.7088369172814315E-4
218.0	24.54363121477253	24.54418625119283	25.282582917485513	25.629322098338974	2.7751821015026815E-4
219.0	26.38526567051397	23.23279219193883	24.90888700868425	25.472574849532485	4.802793304585947E-4
220.0	28.024614621594075	21.893945859426452	25.12672842597498	24.954348781748532	3.6231125596404584E-4
221.0	25.040611965343373	23.028140057144665	24.696130042635467	27.235036832599224	8.110227727084349E-5
222.0	25.636137866503123	24.92354383002293	24.624478838284087	24.815593658347336	2.4580684252507537E-4
223.0	30.257775905309114	22.86287005214899	24.494101723703242	22.384754713976726	4.976048619312377E-4
224.0	29.69376383412322	22.993732344008496	24.938174130766757	22.374121698269793	2.0799283173504707E-4
225.0	30.580105385406974	20.24005198097938	23.709162736135404	25.469968173372642	7.11724105593063E-4
226.0	25.19498703331467	22.574391780556365	26.082274856481842	26.148134697766395	2.1163188073443034E-4
227.0	26.995993231491962	23.949052216344107	25.788357909463716	23.26548424567716	0.0011123970230544282
228.0	26.982661455226786	27.956258651748495	23.31068630431707	21.750135568249206	2.580204584421499E-4
229.0	27.73911640398909	25.10622479926159	21.814947637983803	25.339667784000614	4.3374764908774194E-5
230.0	25.585611440290908	23.045468226663914	27.562498468818138	23.80637811617383	4.374805321163208E-5
231.0	25.37074637464079	24.3378268925651	24.45858713621587	25.831596933284512	0.001242663293723441
232.0	24.965307803446287	25.3400281464149	24.697408191731167	24.996943517088194	3.123413194546699E-4
233.0	23.026614231004874	25.283112813181692	22.395958526186803	29.29390778817776	4.066414488725188E-4
234.0	26.682059483749303	21.658812112744364	26.596202585608218	25.061596479913018	0.0013293379850994964
235.0	25.494455767632385	22.210194400062814	27.607382770160243	24.68782768394786	1.393781966970155E-4
236.0	28.135569427774126	24.040825901563355	23.64645375972505	24.17691538051353	2.3553042393592067E-4
237.0	27.804563270010146	24.76038308227887	22.246393721336695	25.188517056305095	1.4287006919673685E-4
238.0	26.873546957271188	22.943626166960797	24.465726901599886	25.716906838686004	1.9313548212651825E-4
239.0	27.473221735362024	23.125080014734976	24.203077765247926	25.19768851226304	9.319723920346772E-4
240.0	25.37465404791105	22.04123481082731	26.43359463232942	26.150364914078562	1.5159485365790802E-4
241.0	29.108584720344123	21.11413124584858	23.503882416087553	26.271175722770856	0.002225894948887887
242.0	26.77282202522651	24.47139831421182	21.20853506922922	27.54628163133533	9.629599971212564E-4
243.0	28.10331217063455	22.833617297534538	25.328793970002405	23.73229541623869	0.0019811455898175213
244.0	26.12776558357733	22.981373415376094	26.568487516441806	24.321609933092525	7.635515122392216E-4
245.0	29.135409856464307	21.23482716662604	23.421877438286177	26.206253639899106	0.0016318987243651658
246.0	24.413348873174264	26.857809434018154	23.722687384638643	25.00411138429543	0.0020429238735062394
247.0	25.381992669383035	23.424620744162493	24.62509240004809	26.425058125704993	0.1432360607013963
248.0	25.85885876044129	23.073149449207918	23.893346251377494	27.16512087110769	0.009524667865614105
249.0	25.529358793416712	21.839775621591954	28.47240013122625	24.143628056747655	0.014837397017426496
250.0	26.57935237499537	22.130942632226525	25.133841677948737	26.155091744818137	7.715700112340593E-4
