# Position (bp)	A	C	G	T	N
0.0	24.257892982261787	23.59044887806708	25.261099528292597	26.890545818966388	1.279241215514535E-5
1.0	23.004977404606763	29.93048425225434	23.810607770589996	23.177411063136315	0.07651950941258867
2.0	24.50639056705186	26.714531592391012	22.577122914161198	26.20115309067578	8.018357201522062E-4
3.0	25.825666005515824	22.35441424057116	24.18096584995017	27.63241742513347	0.00653647882937514
4.0	25.812145968350027	23.945837366732633	24.05223270094207	26.189733136155276	5.08278199973417E-5
5.0	28.459358687546604	24.06455645992987	22.27562155901439	25.199777872975076	6.854205340568328E-4
6.0	26.120213386046277	23.713487417319243	23.969880128741224	26.19038749081325	0.006031577080007096
7.0	26.063419815590034	25.674732246799337	22.88297970442946	25.378159849549437	7.083836317336134E-4
8.0	27.35411723211159	24.61771945149925	23.781176164211427	24.246961868654626	2.5283523107243857E-5
9.0	26.23604085319547	26.057540948975905	21.756191719371145	25.950037189057458	1.892894000207461E-4
10.0	24.717579555223576	25.111090712713025	22.75829520612147	27.41303452594193	0.0
11.0	26.906142402073684	22.73511244837251	23.092710862657224	27.26581469929186	2.1958760471888885E-4
12.0	28.072009506694652	24.57923997931779	20.10774670981796	27.240991774033624	1.2030135971814835E-5
13.0	25.075279354728348	23.396006791457257	24.808028878552477	26.720554214865246	1.3076039666998443E-4
14.0	26.30015593280179	22.129889081761746	23.37624525581806	28.19368619259172	2.3537026685104E-5
15.0	25.647568582270658	23.471993831921967	23.87475751952425	27.005680066283126	0.0
16.0	26.583323298583338	24.98588648660281	21.039883209245826	27.390861219636488	4.5785931539959444E-5
17.0	28.668568532114847	26.37768005175156	19.27468604971821	25.677853701311538	0.0012116651038430652
18.0	25.519330415669174	25.93661828830369	19.73857470858983	28.805387525649795	8.906178750569995E-5
19.0	24.682171139928393	24.707688669751796	21.892180742490375	28.717372710701177	5.867371282605148E-4
20.0	22.612059524746364	25.448844794530245	23.71221177015735	28.226861928843405	2.198172263726157E-5
21.0	23.87559069642556	24.737021050867973	23.479753827145267	27.907372469876464	2.619556847385164E-4
22.0	22.72169120589374	27.32675997845653	25.29291336538898	24.658603005271228	3.244498952026838E-5
23.0	25.39874512492427	24.386756384521508	22.6953099321091	27.51884426773724	3.442907078842895E-4
24.0	28.301891820615914	21.96027298227227	24.318935410924194	25.418835827953203	6.395823442014718E-5
25.0	24.905178787918455	24.678080823734735	20.168224780534604	30.248293914931583	2.2169288061817268E-4
26.0	25.925031791552428	25.380212265711222	20.101617457578886	28.59309648145484	4.2003702626386514E-5
27.0	25.74195707542204	24.63456392728621	20.111556347215725	29.511880750978474	4.1899097545812736E-5
28.0	28.011755934089326	23.694268189268175	22.777386585831234	25.51374949293025	0.0028397978810132977
29.0	27.264148512980608	23.936312870148548	22.284778452036612	26.514370136383715	3.9002845052268426E-4
30.0	23.68885666166234	24.472738753236527	24.934698579776303	26.90351231575152	1.9368957331308357E-4
31.0	26.358201417266002	24.750534744140033	21.775812165331534	27.1149646890814	4.869841810290645E-4
32.0	23.94690109508041	22.565143260243467	24.874759710473505	28.613024909628603	1.710245740180272E-4
33.0	23.79192364970415	25.193818641352568	24.67985422650791	26.33432379648567	7.968594970362306E-5
34.0	26.43265672311316	26.78792525685976	22.6324216625275	24.146946954265943	4.9403233639254625E-5
35.0	25.190216158015076	22.569914488314915	25.82666316627985	26.412990999676044	2.1518771411177556E-4
36.0	23.853874866633042	24.72993099075293	26.133542192238608	25.28255421879384	9.773158157943422E-5
37.0	25.038486976757362	25.647537644356692	21.476944449600573	27.83702115977737	9.769507997807723E-6
38.0	27.122116344981613	25.259818789543214	21.031897111310055	26.586089617581983	7.813658313800815E-5
39.0	23.219737117842694	27.466461051345043	21.64598306993753	27.667564866575617	2.5389429911599863E-4
40.0	26.524760497090465	26.113652647112755	22.42912844354695	24.932399829015065	5.8583234767040834E-5
41.0	24.40636962449441	24.629292813914688	21.417408393447616	29.541647507222013	0.005281660921273964
42.0	24.565217454968156	25.807463059700435	20.01509367066415	29.61216724396231	5.857070494431439E-5
43.0	25.897457070755873	25.566430983588862	22.549363530752316	25.982697703510183	0.004050711392767322
44.0	28.751111621214143	25.274772464117767	22.21674056654229	23.75720943451175	1.659136140513606E-4
45.0	25.716012083412902	24.40272110011869	21.795411624795918	28.08161036448233	0.004244827190157622
46.0	25.52696272741332	24.23708992909822	22.27195976849713	27.96397781764197	9.757349357502938E-6
47.0	25.626461160569068	24.339634938404174	22.958131462839663	27.073860160603996	0.0019122775830918756
48.0	22.512228179765653	23.777845273194526	22.847403396697093	30.862523150342724	0.0
49.0	22.367997056956703	26.164265430983804	24.23944723529873	27.22650549109304	0.0017847856677224534
50.0	27.323432237344665	24.317556860631367	20.147567555812277	28.2113945854708	4.8760740894102295E-5
51.0	24.82462956496743	26.951287089941406	21.15461665394351	27.066814475675038	0.0026522154726155342
52.0	22.78092230884495	25.521522763585857	21.866560959777004	29.830993967792192	0.0
53.0	22.517415440411757	25.286926777307478	23.93964845009217	28.254142272116813	0.001867060071782625
54.0	23.076123466881448	28.793325540538817	22.36043881970766	25.770053829014966	5.834385710655893E-5
55.0	24.160914010333677	28.02999244386193	22.43787776445052	25.369634106119154	0.00158167523472109
56.0	26.767119018553004	25.403766410150872	24.747971635202294	23.081142936093823	0.0
57.0	23.131316570993715	27.799824807366203	22.731763274373414	26.331643012556572	0.0054523347100963555
58.0	25.333608832663746	25.433380333131073	21.67665594256421	27.556219082111898	1.3580952907560757E-4
59.0	27.496836114361408	22.49931785005738	24.471077957928735	25.529693189180236	0.003074888472243118
60.0	24.051268106482834	22.979567563032845	23.54701308846584	29.42214155468023	9.687338251724128E-6
61.0	25.363216842462556	23.565186553331458	23.04909863094352	28.015891520889614	0.00660645237285461
62.0	25.4839583339791	22.055440651802623	24.83740193358606	27.62302472312027	1.7435751194155226E-4
63.0	26.287340335296484	23.84570329280437	22.3297585435648	27.53449540234038	0.002702425993967294
64.0	25.221653831106185	21.554792641297908	23.641527388484256	29.58198744087393	3.869823772095243E-5
65.0	23.74722505236462	26.858358778817955	23.563054046325423	25.82605117164026	0.0053109508517449515
66.0	24.44136352041273	23.994792911634757	23.230561665757513	28.33283691805143	4.44984143570458E-4
67.0	27.16813893067405	24.681055681053458	21.36076912086778	26.789233398978308	8.028684264059363E-4
68.0	23.742006201003914	22.130043103690095	26.91632088212347	27.211465376502925	1.6443667959396908E-4
69.0	23.24196021857585	24.993517104832357	24.891744597627664	26.86965390867073	0.0031241702933963453
70.0	26.185153946946137	23.08109458660848	24.169646881593692	26.563863135047995	2.4144980369648062E-4
71.0	24.31069847313348	23.01596731660521	26.400456388010756	26.27188525541973	9.925668308256566E-4
72.0	27.53517111649234	25.524233991231682	21.828326659148875	25.11064943143927	0.001618801687832017
73.0	25.50726768539484	22.570431189696702	23.393631052418037	28.52462339658898	0.004046675901438005
74.0	24.685986521703526	25.69257152216115	23.72449938100032	25.896287447071913	6.551280630849788E-4
75.0	25.31550353109236	25.04501412995707	22.00360999353184	27.633512053960306	0.002360291458423129
76.0	26.9337516080759	23.972069332853454	25.144623270469456	23.948794740250346	7.610483508467579E-4
77.0	24.472903477011588	24.882433416826206	23.885181341240656	26.75880745128132	6.743136402282417E-4
78.0	27.711777279939092	26.31261017988177	20.132152764017754	25.843016672544213	4.4310361718005194E-4
79.0	27.725460207057175	20.665829478507938	22.85727881226523	28.748551400235243	0.002880101934417093
80.0	24.300586508851573	22.892223580372136	28.429708999525126	24.37500541815124	0.002475493099924194
81.0	25.256092916433808	25.166148557104844	21.861642111606137	27.715673339193494	4.430756617190527E-4
82.0	23.101880644797458	22.48045387521013	23.781849711194226	30.63478516238841	0.001030606409774695
83.0	25.407680801655864	22.60976392028517	24.089252020946766	27.892465309448294	8.379476639078605E-4
84.0	23.506073365796528	26.063204995839367	24.454947683915307	25.974647116836685	0.0011268376121058958
85.0	25.75234206274874	26.857405637322767	21.326684948921244	26.062970248399502	5.971026077493325E-4
86.0	25.962889947303854	24.826261805448084	22.81540284928424	26.393577115894452	0.0018682820693747063
87.0	22.579140389899127	22.494347888849695	25.211579198459038	29.714277680081025	6.548427111143083E-4
88.0	25.158454161081046	26.60738564573194	25.8578490023977	22.375502296729497	8.088940598190639E-4
89.0	26.66321870979136	25.88593586029862	22.993686791603267	24.456301624263087	8.570140436676582E-4
90.0	23.95385649551904	25.7920551494261	24.83874356570289	25.415229239934224	1.1554941774166944E-4
91.0	26.760378533392533	25.217065681596303	23.863354610213847	24.158575299233515	6.258755638055584E-4
92.0	25.89682648805432	24.23462166387248	22.55942800604361	27.309123842029592	0.0
93.0	26.710158782456972	25.749643971166453	21.35797499291601	26.182020060086092	2.0219337446973585E-4
94.0	27.935121129171105	23.637916029650185	22.92038490285625	25.5017735366818	0.004804401640659834
95.0	24.300334133565812	26.071487541838906	23.748765833555176	25.877092185915167	0.0023203051249378404
96.0	26.292203479187293	24.169750774320338	23.94351281249726	25.593473902725666	0.0010590312694386391
97.0	25.770794908393402	24.762691999544824	23.203570879127966	26.26278817621877	1.5403671503612065E-4
98.0	28.61353041575286	22.81404089975573	24.070188132792076	24.502240551699334	0.0
99.0	22.392817565959756	22.344427314318892	26.723104954191463	28.53965016552989	0.0
100.0	22.48708150431807	25.100976658776432	24.588212271557786	27.823729565347715	0.0
101.0	23.499462515872338	21.86484276279162	28.472336123168567	26.1633393473033	1.925086417129265E-5
102.0	24.951063736799433	24.30090021160951	24.604442702263633	26.143564469856667	2.8879470758669472E-5
103.0	25.77787930059762	25.722856755889634	24.864395321389512	23.634733857318146	1.3476480509303152E-4
104.0	26.09022099698003	26.89333882529675	22.814314233423012	24.201673521513616	4.524227865913052E-4
105.0	27.572647657201983	23.211246801319767	20.529582653935673	28.683201708760926	0.003321178781653
106.0	26.064511272303776	23.27122599257238	24.775675893963246	25.888480949574138	1.0589158646100981E-4
107.0	26.351831438413242	24.050799973084423	22.499149743113158	27.097506487510586	7.123578785866858E-4
108.0	23.790299990855406	24.944357544050476	24.644164544960127	26.621072035346266	1.0588478772506534E-4
109.0	26.33352392063098	24.379176316351813	25.25174849407158	24.03485822422692	6.930447187104748E-4
110.0	24.676745483908167	24.219645011512938	22.777693181234095	28.32584894556665	6.737777815423774E-5
111.0	24.647609601578928	23.933641054774874	24.391565443394843	27.02646197123392	7.219290174363184E-4
112.0	25.685902025244374	23.71742832870319	23.877113908854668	26.719440232257334	1.1550494043506475E-4
113.0	28.382819859471052	21.747182072294223	22.920082187131747	26.949068868923998	8.470121789763684E-4
114.0	26.245323983096263	22.211378679981024	27.036146438449833	24.50677550806685	3.7539040602226314E-4
115.0	27.034261716062204	23.59660613369466	26.02380658096328	23.34471912292841	6.064463514454793E-4
116.0	26.756781810657703	24.416482094040738	24.89084713901921	23.93580232129778	8.663498457367838E-5
117.0	26.391534886595352	26.470498485271598	23.66775760225584	23.469554445271335	6.545806058740331E-4
118.0	26.7264236343341	24.88439041501242	25.07924214018466	23.309558766055872	3.8504441294781144E-4
119.0	27.093098811055995	21.50226073596895	24.44479847827489	26.959341407229925	5.005674702378947E-4
120.0	24.865754281264742	23.994874197492987	24.57242222373462	26.56689153981714	5.7757690508688344E-5
121.0	27.83443337323794	23.208836488800465	23.89413933701883	25.061965085461186	6.25715481587215E-4
122.0	26.992098039108097	23.945530021088388	24.22432762771461	24.83755336954564	4.909425432614238E-4
123.0	24.296562039561447	27.999996919580056	23.081297865634777	24.621440454423553	7.027208001698851E-4
124.0	25.40454616514301	24.840482224804646	22.267019914164017	27.487874685315543	7.701057278153718E-5
125.0	26.789038780315472	23.884269357909794	24.32197499870046	25.00374461170591	9.722513683716041E-4
126.0	24.571823910438304	23.67434330000286	24.875409010096174	26.87831788999644	1.0588946622178972E-4
127.0	26.076087692089843	23.121620538022427	27.534564596354187	23.266658664076317	0.0010685094572231864
128.0	26.21185798891984	23.400357658590547	24.55210611276209	25.826379154878758	0.00929908484875847
129.0	24.117300793739798	26.88271701498773	22.206664988474863	26.79008275282497	0.003234449972637131
130.0	26.124585961067055	24.565446838594703	23.651249644779433	25.65871755555881	0.0
131.0	25.913258361202402	24.326511909093885	24.00586838867678	25.75370673074146	6.546102854678443E-4
132.0	26.300777913749457	25.312376537671554	22.237225956950972	26.14338149503301	0.006238096595000435
133.0	27.029092091954194	25.694855385730307	24.106867549688637	23.167577307742775	0.0016076648840839926
134.0	26.776742201603117	22.845766023449098	20.828837664578057	29.5485867234719	6.738689783068099E-5
135.0	26.47926866530571	23.457580342790514	25.81782941184285	24.244917259685927	4.0432037499367045E-4
136.0	27.67440823897962	26.1570890745954	24.321178420764685	21.84078762393266	0.006536641727629595
137.0	28.342607590983576	21.479679392625815	24.396714369358502	25.78087349702056	1.2515001154268183E-4
138.0	24.826347909494135	24.337726987608406	26.856216569638157	23.97855335554098	0.0011551777183160742
139.0	26.188032187023513	23.933768024433782	24.897368701489896	24.979762537479857	0.0010685495729507938
140.0	26.743852249124554	21.38519526247167	25.58861956606286	26.282063377033044	2.6954530787080003E-4
141.0	25.522637752447803	25.46914174967837	25.01800207399295	23.989881486667105	3.369372137718369E-4
142.0	28.828316695496	22.57689191541273	23.367288666606083	25.227300557743643	2.021647415448929E-4
143.0	27.050973299205317	25.275926310288966	23.86594113186971	23.80700522817879	1.540304572124569E-4
144.0	28.206372060497493	25.33054240723826	22.596980285482356	23.865460239026394	6.450077554962363E-4
145.0	28.791139857730418	22.270173188583197	22.64447055070136	26.293272957987913	9.434449971085336E-4
146.0	27.731516838826675	21.876452791106242	24.60048214493557	25.78643622958848	0.005111995543033038
147.0	26.393365559909405	24.69004792590474	26.08795019163912	22.825074346620497	0.003561975926241298
148.0	24.866970849737445	24.543520818762374	23.545348516493807	27.043688088965606	4.7172604076964515E-4
149.0	28.010604195987582	24.981686610907705	23.556606976907847	23.448993853883174	0.0021083623136879215
150.0	25.523991527871377	24.452777510349474	24.882766920188697	25.140454414171558	9.62741888899586E-6
151.0	26.34901132130113	24.42421105573309	25.427985849721452	23.798358530718627	4.332425256999466E-4
152.0	27.35602313511769	24.04522966728201	23.04853526176045	25.550115658258488	9.627758136081429E-5
153.0	25.341098136075708	23.32974246348178	24.31160098077057	27.016817074658356	7.413450135930904E-4
154.0	23.186532238870576	24.600022876192046	24.907339868581282	27.303303260512074	0.0028017558440198015
155.0	27.421273163759448	23.553335045993396	24.124906455252003	24.900369788214306	1.155467808474278E-4
156.0	25.58909635878962	23.452619432139574	26.136874414312327	24.821111293849302	2.9850090917599495E-4
157.0	25.540898733827394	22.70248935082523	26.313632532527205	25.442719394377143	2.599884430322471E-4
158.0	25.692551984731498	21.145763319011092	25.708922095605296	27.45264704692829	1.155537238150447E-4
159.0	26.918834313168194	21.600676310908497	24.15810452678218	27.32185521734981	5.296317913119779E-4
160.0	26.688392285283612	21.144401663231854	26.050249986494112	26.11689828579727	5.7779193154013045E-5
161.0	24.49387195776673	20.81989709395882	28.515922702020273	26.166504401385566	0.003803844868613272
162.0	25.612492836334056	23.529191403042315	24.30729240247423	26.550994467545692	2.8890603706722237E-5
163.0	25.44737970640832	23.687070006850135	27.266088397235638	23.59942336774386	3.8521762050883204E-5
164.0	25.64957815797898	23.723841692037027	24.98813503105116	25.63659603286288	0.0018490860699486146
165.0	26.648736410010255	22.01432430136623	26.32669677557792	25.009683918069914	5.585949756885983E-4
166.0	25.220559724054027	23.26524896411427	25.70369054817237	25.810375557816112	1.252058432218661E-4
167.0	27.061327031527266	23.291704839389475	26.350553501270195	23.296058263453816	3.5636435924917687E-4
168.0	26.298827919007948	24.300427371460838	23.861565203789564	25.539073556223507	1.0594951813677563E-4
169.0	27.04364998906272	22.199924927231717	25.159924549652484	25.59636568432816	1.3484972491137725E-4
170.0	30.939983744558003	22.98888029903232	22.369938644279184	23.701110621577048	8.669055344597839E-5
171.0	25.543937308277165	23.564395899034942	26.700792893443165	24.190199645554465	6.742536902626882E-4
172.0	27.132281782820055	24.524296934053595	24.25483980349853	24.088417763715757	1.6371591205990152E-4
173.0	28.28710761263035	20.307101468674976	23.34114649288967	28.062997691683222	0.0016467341217755067
174.0	24.424532406398942	25.6202850870224	23.70053825289585	26.254191649000642	4.526046821665474E-4
175.0	25.922013968256902	24.366744362254813	22.847067578983133	26.862575495111958	0.0015985953931947601
176.0	24.79975492242565	24.102158287099595	27.980842191248527	23.115896325868427	0.0013482733578006425
177.0	22.615910546995842	26.244477858848157	23.987088967198282	27.126912836563115	0.02560979039460459
178.0	25.396067803922755	23.003265193308977	23.63834312506109	27.961929030558764	3.94847148409079E-4
179.0	27.84208103308125	24.056334826811725	23.027722451872883	25.072609631972508	0.0012520562616296763
180.0	26.845119156113224	22.165318815548606	25.53610164508425	25.453170820318284	2.895629356353715E-4
181.0	28.283860359225738	21.925014290660336	25.77553775315057	24.0148530077273	7.34589236063924E-4
182.0	26.208428853094183	23.15843505680551	24.856667211665606	25.77639157362066	7.73048140413372E-5
183.0	24.261368402051833	23.76560066698903	26.239105285393304	25.733413498797326	5.121467685085011E-4
184.0	26.263631452865248	22.26479492786745	26.077214540345235	25.390387415916223	0.003971663005843467
185.0	24.840297226150142	24.592908293432803	24.056525337220084	26.509795699293555	4.7344390341937613E-4
186.0	27.167710711075266	22.852624553617023	25.229661908952316	24.75000282635539	0.0
187.0	24.556667114592486	22.825941735009213	27.71648869113077	24.900244598454822	6.578608127115736E-4
188.0	27.923259933802065	27.532903043537576	21.691598125714155	22.851890588612058	3.483083341476653E-4
189.0	25.407927911504885	23.63143433196389	24.522448456693095	26.43721202420586	9.77275632270725E-4
190.0	28.548878834896364	21.573736048698365	25.352047255356165	24.52505723350399	2.8062754512249004E-4
191.0	26.70445786169031	24.279441023381583	24.01123929855351	25.004445158469053	4.166579055459784E-4
192.0	27.037296317852782	23.511848174974237	23.8667323310407	25.58403595957881	8.7216553469271E-5
193.0	27.716625057316037	23.887201458684043	21.95737014689091	26.438590113215106	2.1322389390831934E-4
194.0	27.507948711089504	23.200437397188207	24.157917365971027	25.133696525751265	0.0
195.0	26.5611992187606	21.478053912032628	24.521118628728654	27.43893028985502	6.979506230954187E-4
196.0	28.63812837984009	22.40939680178693	26.05787798717175	22.894509404271933	8.742692930104794E-5
197.0	25.571230411706004	24.59178535025727	23.36638600123215	26.46991813409352	6.801027110545741E-4
198.0	27.38164990217673	23.250408590347487	23.882024311551415	25.485858808497515	5.8387426851501806E-5
199.0	26.26088850747038	23.191769543636692	25.134610609056928	25.41221500248378	5.163373522240062E-4
200.0	27.49312163858114	24.072340710361136	23.59900305045671	24.835495628334748	3.8972266263589504E-5
201.0	25.860016882153005	21.169709290026834	28.169138009505883	24.800862991185053	2.72827129228175E-4
202.0	25.406027067594145	25.436401444210492	27.85074048871271	21.30682125473558	9.744747069730194E-6
203.0	26.113636133242153	24.025138277290708	22.90560493829086	26.954909087506344	7.115636699373902E-4
204.0	25.88600334782511	23.48461001619906	24.18114909890356	26.448179046155474	5.849091679930295E-5
205.0	27.65226475720535	24.485004162355555	24.74426056550516	23.11765159499769	8.18919936245133E-4
206.0	25.701296158637277	21.664918772654694	25.80221119967801	26.831505617311446	6.82517185782738E-5
207.0	26.26095453474952	23.537769222029944	26.035800538602526	24.165192896843916	2.8280777409315003E-4
208.0	28.514228072078286	22.199496937695027	21.425230053271388	27.860986414118514	5.8522836781368825E-5
209.0	27.513494835613333	20.664756012045356	24.97116262989011	26.849776812803324	8.097096478758097E-4
210.0	24.92097974384499	24.46656814300593	24.478159927202032	26.13402873630623	2.6344964082056563E-4
211.0	25.002967001091935	25.858302664562178	25.29474813479086	23.843201409793995	7.807897610353897E-4
212.0	28.54312133996452	22.490681238200207	24.61186146367831	24.35412115015236	2.1480800460548362E-4
213.0	29.42425458325139	23.139141170561558	22.424702139585015	25.011472233677356	4.298729246785454E-4
214.0	27.62069437518943	25.121031687834254	24.02566509254099	23.232589290079098	1.9554356221707293E-5
215.0	26.028737219630937	24.99710703405685	22.508264672138527	26.46549913975294	3.9193442074885143E-4
216.0	26.30838474016012	24.892884022952234	24.989478443577735	23.809203303392593	4.948991732016453E-5
217.0	29.457537929234935	22.83114318750005	24.9061594061231	22.804481207543315	6.782695986000516E-4
218.0	24.400097456119315	24.634965092156765	25.02621978530445	25.93853637144761	1.8129497185445922E-4
219.0	26.671534166088694	23.032607845745627	24.10846061438133	26.186777935401718	6.194383826362282E-4
220.0	27.703289116065992	21.89506362330029	24.631615125181405	25.769766974627167	2.651608251396939E-4
221.0	25.969736227226175	22.862430102819083	23.97399469945843	27.193592424123043	2.4654637326689455E-4
222.0	25.72879205271743	24.944875084077424	23.61969866152472	25.70647859879393	1.5560288649578565E-4
223.0	30.716694283559924	22.802622498925775	23.468122012472207	23.01183789297728	7.233120648137927E-4
224.0	30.414026024793223	22.808199816945855	24.367291523710346	22.410388060077906	9.457447266850281E-5
225.0	30.853160978433802	19.88180533164866	23.920369669988823	25.343702658217953	9.613617107590109E-4
226.0	25.66054652235858	21.975837927410414	25.463837513938138	26.899671251097484	1.0678519538593984E-4
227.0	27.509259941907366	23.503965898062386	25.45260647262502	23.532874248889478	0.0012934385157534344
228.0	27.5731203861867	28.112770868324027	22.46946991011822	21.844519625890303	1.1920948075167864E-4
229.0	27.585509043850887	25.796823692362064	21.485674244001256	25.13197117658199	2.1843203803862886E-5
230.0	26.274554074418344	23.04141756098248	26.646782223536704	24.037235138161233	1.100290124500028E-5
231.0	25.285976459395542	25.272390111635417	24.142661332585547	25.297556619627514	0.0014154767559769342
232.0	25.326168844116065	25.24715401969696	23.955599186032924	25.470887309788576	1.906403654732804E-4
233.0	23.114722353592725	25.611164005936573	22.157975775216112	29.11566141478337	4.764504712151881E-4
234.0	27.719235520215967	21.206531352150222	25.961248802413923	25.11181019301007	0.0011741322098192677
235.0	25.89949869857236	21.603244749317266	27.9238576050122	24.573224297895653	1.7464920252263308E-4
236.0	28.995659077828595	23.527871306090397	23.373799770231578	24.102481104974018	1.8874087541085054E-4
237.0	27.87237895702765	24.92177802569355	21.871180521181568	25.334567306593968	9.518950326309618E-5
238.0	27.069073023909546	22.826491778627503	24.338057969215864	25.7663410810775	3.614716958625347E-5
239.0	28.034547354596445	23.087609059612763	24.00375804639231	24.872815434027366	0.0012701053711168513
240.0	25.634267114861625	21.55931237258949	26.387749169723257	26.41854523282114	1.2611000449582165E-4
241.0	29.260339897166986	21.699728252463725	23.124423705960655	25.913020839449008	0.00248730495962296
242.0	26.63168592934883	24.046309375348677	21.062624020831578	28.258533101275386	8.475731955356423E-4
243.0	27.824950640264834	23.529368567629486	24.718674198906122	23.924436367153877	0.002570226045683172
244.0	26.98264033082079	22.925603121092514	25.44632064359976	24.64430702243279	0.001128882054149301
245.0	29.04246190780086	20.937525857345367	23.648869102189753	26.36927473093426	0.0018684017297586953
246.0	25.007607295976143	26.738391266340404	23.21264193813785	25.038800392447346	0.0025591070982501057
247.0	25.953078916975723	23.043126119261686	24.65177532957137	26.21271955901664	0.13930007517457804
248.0	26.445068247990775	22.94425822299265	23.666524126789987	26.933944262310156	0.010205139916427694
249.0	25.422051239676836	22.06353812165596	28.05715958449192	24.44063534278392	0.016615711391370466
250.0	27.45977314692693	22.20821371656908	23.719463629122885	26.611599633143168	9.498742379345113E-4
