# Position (bp)	A	C	G	T	N
0.0	24.357623425917044	23.531883601218613	25.761817326445506	26.34860713355897	6.851285986379644E-5
1.0	23.047074240784003	30.294501737792718	23.825559797162555	22.759409720243863	0.07345450401686514
2.0	25.05140616183378	26.637659931543254	22.812773443072505	25.49734268987569	8.177736747750442E-4
3.0	25.793622246181926	22.414184768634687	24.122421719139094	27.663303508270676	0.006467757773620762
4.0	26.086876679098133	23.489803552603238	24.500538444970925	25.922713309226115	6.801410159039642E-5
5.0	27.93732889335262	24.43713101414678	22.492435761708155	25.13256095539884	5.433753936075508E-4
6.0	26.458816003905817	23.735457724273708	23.91474559069837	25.8861210125289	0.004859668593205053
7.0	25.294063637895604	25.39036847824591	23.86061267384332	25.454188200277073	7.670097380909895E-4
8.0	27.784460466891876	24.491858023668726	23.52869544704789	24.194941044276217	4.501811528959253E-5
9.0	25.79671022155165	26.473914471511545	22.02488653728555	25.704241647612058	2.4712203919714993E-4
10.0	25.155937474189972	24.950736506066928	22.96913210067618	26.924193919066923	0.0
11.0	27.095140761532054	23.27006330640365	23.02227237359181	26.612348950222465	1.7460825002155322E-4
12.0	27.897769915530628	24.851362168785364	20.090427809836637	27.160418564132698	2.154171466878752E-5
13.0	25.49678479602112	23.45035091216717	24.798197815978558	26.254517387148386	1.4908868476518105E-4
14.0	26.004137676526103	22.563528988246986	23.915479972370605	27.516790243617116	6.311923918593854E-5
15.0	25.84761628503761	23.731053435825107	24.137651596408936	26.283637125271213	4.155745713244403E-5
16.0	26.28017993338119	24.556585578528132	22.044376120261656	27.118796990635275	6.137719374877373E-5
17.0	28.597271405643415	26.64064233816108	19.52904126904484	25.232019774147584	0.0010252130030780513
18.0	25.438502574641888	25.961007239541683	20.32263421942006	28.277756278399863	9.968799650852761E-5
19.0	24.854308677512467	24.682229031600116	22.441086579890747	28.02195905325838	4.1665773828656054E-4
20.0	22.487258972295333	25.550423821122546	24.199167760837014	27.7630706576013	7.878814380254431E-5
21.0	23.864321357334244	24.958586005816645	23.74599286468233	27.430884558307795	2.1521385898992312E-4
22.0	22.97334748351127	27.157992576583055	25.60559454003653	24.26300725907229	5.814079685450537E-5
23.0	25.361720504638242	24.190317443379293	23.042958006440063	27.4046952991627	3.0874637970748983E-4
24.0	27.574325185988624	22.216193241946485	24.750640164900894	25.45882228777623	1.911938776661269E-5
25.0	24.7729699058308	24.88342286717321	20.247448735521996	30.095817470324054	3.410211499422632E-4
26.0	25.647108886164244	26.13089286044083	20.06739543643831	28.154527434778398	7.538217822080722E-5
27.0	25.36814075852974	25.266166614285478	19.979244267267372	29.386354374531017	9.398538640023939E-5
28.0	27.3966031078615	24.147913662526562	23.081163415351362	25.37208504130512	0.002234772955448125
29.0	27.007391259983144	24.174920643180037	22.347928566960586	26.469390492754968	3.6903712125950896E-4
30.0	23.27943276975799	24.628529832944313	25.38162809161201	26.710207614042876	2.0169164281510192E-4
31.0	26.154808211831636	25.138173718336006	22.30873507524033	26.397772067970028	5.109266219958655E-4
32.0	24.13748236020542	22.472745408948256	24.644317678811145	28.745255487926038	1.9906410913925042E-4
33.0	23.630606642606136	25.326596146073165	25.2085101501438	25.834161590325124	1.2547085177680168E-4
34.0	26.350059895516882	27.12187852552236	22.449672376059514	24.078335828016158	5.337488508832031E-5
35.0	25.3772296121395	22.508923905258303	26.380487966303644	25.73309448241349	2.640338850526721E-4
36.0	23.557939576829973	24.9839681680878	26.27087544967816	25.187005802406592	2.1100299747341497E-4
37.0	25.21449430490487	25.90753742170947	21.462928933684502	27.41495145921159	8.788048956463126E-5
38.0	26.419364321152884	25.455811494424946	21.385376677133458	26.739394795560194	5.2711728517730385E-5
39.0	23.317752469975847	27.356175936516223	21.959285515910203	27.366592846551534	1.9323104618626034E-4
40.0	26.248813142321403	26.678927203603482	22.83510660906287	24.23697740939573	1.7563561651438473E-4
41.0	23.899768897380604	24.904591145046748	21.584176846186807	29.60665140031329	0.0048117110725549835
42.0	24.25019424337268	26.160723770560168	20.831352855706804	28.757711571637394	1.755872295407955E-5
43.0	25.601340152305035	26.131214351511545	22.389721753721734	25.874089657270655	0.0036340851910326225
44.0	28.336925591888885	25.091623218154623	22.542673100258682	24.028532345159437	2.4574453837151767E-4
45.0	25.218471141627212	24.476612553506673	22.305405588965204	27.995702442963218	0.0038082729376929694
46.0	25.318872649232187	24.76753347710957	22.403385351318818	27.510208522339425	0.0
47.0	25.436323568631302	24.8518100023862	22.809521637213482	26.900870962761253	0.001473829007762166
48.0	22.459883293025435	24.204138277488127	22.725638278540554	30.610340150945888	0.0
49.0	22.210966331831212	26.166098357228524	24.812065020539467	26.80930935407753	0.0015609363232688602
50.0	27.183031728525336	24.634865830302203	20.42567989759776	27.756317321379626	1.0522219507879301E-4
51.0	24.229386960388513	27.546750898475747	21.50578152660919	26.715748505345964	0.002332109180584507
52.0	23.141735377150695	26.19959995825895	21.826542125193736	28.832122539396615	0.0
53.0	22.60523281776337	25.49565808517937	23.93025730474322	27.96748800478934	0.0013637875247011644
54.0	23.148023011756766	28.28330581142143	22.922451148970616	25.64618506089059	3.496696059310959E-5
55.0	23.811104490865283	27.659078747998656	23.177550455522944	25.351027191059945	0.0012391145531735468
56.0	26.45506938798587	25.183772109148023	25.053873039189767	23.307285463676337	0.0
57.0	22.441065920532996	28.078368463056997	22.909202450990485	26.566355517851825	0.00500764756769659
58.0	24.849582589177064	25.39439482627262	22.218213456206275	27.53758232678511	2.2680155892923842E-4
59.0	27.47351874442538	22.724380897455557	24.278253752190817	25.521247368708426	0.0025992372198209803
60.0	23.4905972201386	23.58088843981407	23.65786771587085	29.270611776156528	3.484801994421878E-5
61.0	25.513923568982978	23.881940093704202	23.350123802999565	27.24822832437013	0.005784209943126581
62.0	25.44753101206337	21.94472052340506	25.060865611343345	27.546604112642537	2.7874054568688205E-4
63.0	26.03259492044634	24.02483074106366	22.493648162648842	27.446557029787655	0.0023691460534991503
64.0	25.088931910747487	22.199377611442568	23.989931980504824	28.721741101459703	1.7395845419821767E-5
65.0	23.87163141884652	26.25459905430641	23.840112937745086	26.028803577939012	0.004853011162969333
66.0	23.929517560863868	24.67151486942778	23.36903651840809	28.029461432750537	4.696185497239948E-4
67.0	26.68167736755949	24.979372750742822	21.477558039792154	26.86081789652147	5.739453840529449E-4
68.0	23.643680957524644	22.446027325598482	26.60964978566061	27.300468017961066	1.7391325519874545E-4
69.0	23.42624239993795	25.25335279208915	24.95536740632894	26.362081024895822	0.002956376748131657
70.0	26.094058078348386	23.72891953818556	24.562463612451594	25.614228764608864	3.300064055980202E-4
71.0	24.307361516931874	23.253470579946782	26.31044408899562	26.12773592135819	9.878927675330603E-4
72.0	27.0526291710669	25.92508897802384	22.19653806256137	24.82418413849968	0.0015596498482114108
73.0	24.94178722489937	23.45343237909088	22.962396921194856	28.638207472791006	0.004176002023888118
74.0	24.49576590980442	25.801649559126528	23.92371845916402	25.778155712227402	7.103596776283828E-4
75.0	25.328961444926907	25.700996997762832	21.722032235111776	27.245791731122626	0.002217591075859113
76.0	26.34579683410403	24.495449622228215	25.161149828802127	23.996824125283165	7.79589582465679E-4
77.0	24.274202657128185	25.265757859440924	23.497058837795716	26.962322357475415	6.582881597519847E-4
78.0	27.256711640462317	26.498843102850643	20.613435250916847	25.630542292615555	4.677131546403468E-4
79.0	27.17629667711981	21.36795989096951	22.745027597130395	28.707961664724312	0.0027541700559702786
80.0	23.761511732618278	23.744987528036155	28.19335882864521	24.298115357308212	0.0020265533921472617
81.0	24.787367703446492	25.45199843009071	21.787947239685863	27.972149698402138	5.369283747940187E-4
82.0	22.791435162733986	22.740273370928186	23.873557285965667	30.59367769110332	0.001056489268840148
83.0	25.192918613517996	22.667073312450306	24.114839678860672	28.02418122269797	9.87172473059284E-4
84.0	23.696755018795045	26.125477409404347	24.90863976375703	25.268296551984506	8.31256059077368E-4
85.0	25.210979287118334	27.28663137775843	21.21552954402706	26.286167104704223	6.92686391950707E-4
86.0	24.931133579038285	25.320072146104174	22.75469839728427	26.992537421981982	0.001558455591288441
87.0	22.54409874822824	22.39034140709438	25.790214037837465	29.27446274102935	8.830658105661076E-4
88.0	24.84793352170052	27.208831499555288	25.782139653393525	22.160645155593386	4.501697572840497E-4
89.0	26.37187296621935	26.27031270207956	23.441376302593493	23.915399226542235	0.001038802565357562
90.0	23.979940209122645	26.020596482213353	25.038537900449644	24.96080421984816	1.2118836619384737E-4
91.0	26.336769552422467	25.645699826899314	23.594009217148308	24.423053984942545	4.6741858736754527E-4
92.0	25.30498006730153	24.059855048454224	23.154249778722725	27.480897794567095	1.73109544238923E-5
93.0	25.979432874683933	26.432964178470453	21.250520825309263	26.33683977656486	2.4234497148897964E-4
94.0	27.619035254895646	24.260758481375508	23.195322196199804	24.920954740032577	0.003929327496464471
95.0	24.55901000840871	26.157132466798743	23.529263110960024	25.75206730015291	0.0025271136796125274
96.0	25.909370202351507	25.008853202990185	23.674970619135728	25.40580209326758	0.0010038822549964777
97.0	25.090227933595564	25.97167778351423	22.837008882343603	26.100912326296193	1.7307425041109461E-4
98.0	28.34423256713906	22.783044615843114	24.31966178396222	24.553061033055606	0.0
99.0	22.755716017308824	22.537521260490063	26.43404904259436	28.27267906749431	3.4612112439523987E-5
100.0	22.49311162711657	25.078868884351824	24.564278616642365	27.86374087188924	0.0
101.0	23.841400306046996	22.471750872275475	28.06909193540377	25.617618450449754	1.3843582400722913E-4
102.0	24.834170857749832	24.46942461916838	24.823251140686452	25.87315338239534	0.0
103.0	25.374621917372075	25.734483904235216	25.341883595539837	23.548733726008624	2.768568442472609E-4
104.0	26.588058315708864	26.684539436744735	22.654134041276823	24.07295675358331	3.1145268627076763E-4
105.0	26.850365688475087	24.140491926614523	20.589036336290818	28.417268303284377	0.0028377453351965554
106.0	25.64294404029767	24.306159593631925	24.588732619059687	25.462146444149564	1.730286114921105E-5
107.0	25.856806000808376	24.411349240624773	22.661401840439847	27.069664302443403	7.786156836038071E-4
108.0	23.57859039958147	25.511881151120157	24.089018325857296	26.820389021370712	1.211020703609949E-4
109.0	26.015241905656843	24.441437473553975	25.410672378604314	24.131956277520732	6.919646641324615E-4
110.0	24.56090792688897	24.26951761540492	23.408233934265667	27.761271330134065	6.919330637792761E-5
111.0	24.470795773147085	24.572561159561484	24.46372080407629	26.49219573827389	7.26524941255269E-4
112.0	25.655622249771714	24.197286646113525	23.93505331414671	26.211985896828484	5.1893139571269255E-5
113.0	27.94152699013757	21.93723801461739	22.639844022158208	27.480560714879992	8.302582068429189E-4
114.0	26.002553734984442	22.565804858946098	26.829940345968474	24.601424307461112	2.767526398742436E-4
115.0	26.840423942013103	23.97050215458191	26.017043614715917	23.171303791898108	7.26496790959889E-4
116.0	27.040883221782057	24.721813714043353	24.382645257955186	23.854571318955	8.64872644043674E-5
117.0	25.863616786105332	26.787662098418842	24.291022121666572	23.056886015211347	8.129785979059747E-4
118.0	26.37902389537202	25.11047360905826	25.18599367437291	23.32419746957619	3.113516206284286E-4
119.0	27.103042991978505	21.557152835267583	24.618255184288156	26.720978174495407	5.708139703432737E-4
120.0	25.09332621156294	24.1824291763804	25.146480033846856	25.5776953900259	6.918818390357659E-5
121.0	27.463563447367235	23.61833765152816	23.981021045080986	24.936282194248367	7.956617752494183E-4
122.0	26.54941280821169	24.260734740416535	24.330388956615472	24.859134855544042	3.2863921226218627E-4
123.0	24.09262091108836	28.485024281932986	23.239825794838293	24.181785255244396	7.437568959669177E-4
124.0	24.649315755144485	24.93666417422658	23.423280843340713	26.990618151086842	1.2107620138293237E-4
125.0	26.866966032960732	24.326901489670753	24.177581567283216	24.627616903852363	9.340062329349278E-4
126.0	24.13053344855189	23.933300077696423	25.03947088944069	26.896643694447576	5.188986341896084E-5
127.0	25.712954892990826	22.988608530465665	28.213488049256892	23.083945345991175	0.0010031812954425991
128.0	26.28908489060607	23.86715262362447	24.45981048093757	25.375909223461672	0.008042781370220124
129.0	24.50555059444278	26.869484797807125	22.118820063466497	26.502685313993467	0.003459230290127374
130.0	25.680847773829196	25.013378783722406	23.623351694063626	25.682387155537402	3.4592847375319595E-5
131.0	25.68533975195416	24.6403017065432	24.374506184541346	25.29919508945065	6.572675106442744E-4
132.0	25.679112750194545	25.533217643500855	22.975270822656412	25.807088789842037	0.00530999380616032
133.0	26.64097478999736	25.548231162547907	24.487745075147096	23.320817753719822	0.002231218587815056
134.0	26.609091902841854	23.227250525115608	21.077718493755345	29.085852596797	8.648149019369087E-5
135.0	25.849117401503836	23.962656839664863	25.893343752556593	24.294328528279525	5.534779951850874E-4
136.0	27.49338066552418	26.010231169921965	24.796265636815605	21.694501195873492	0.005621331864753176
137.0	28.20995743026291	21.952178404074186	24.436485440292017	25.401067391359998	3.1133401088838814E-4
138.0	24.650569264277784	24.430532496933026	26.961681743676362	23.956144157463445	0.001072337649377067
139.0	25.77330660546238	24.368536752840413	24.870082138045188	24.986777314056518	0.0012971895955016925
140.0	26.559451628703705	22.278344923774288	25.16470717648003	25.997202243739643	2.940273023375517E-4
141.0	25.338677805307285	25.423635884064737	24.976620097117184	24.26070299696887	3.6321654191908055E-4
142.0	28.357334078683056	23.157776030480008	23.612976695483244	24.871601864250646	3.1133110304955736E-4
143.0	26.756627127858025	25.68840646764715	23.682448577611265	23.872344863693765	1.7296318980098335E-4
144.0	27.812775066379153	25.76678712437251	23.106674168680108	23.31326204575617	5.015948120567481E-4
145.0	28.141718525390928	22.752216395088325	22.791340695689563	26.313859567283853	8.648165473306313E-4
146.0	27.70305576248944	21.592430203703085	24.90520198640388	25.795091691554944	0.00422035584864351
147.0	25.915531399716997	25.342223247709562	26.19087359702003	22.547480054165565	0.0038917013878499
148.0	25.108731279582734	24.729242033363576	23.664959772237264	26.49663449771727	4.3241709915583533E-4
149.0	27.536186010180497	24.971153415399293	23.946807780128402	23.543292881522568	0.0025599127692427174
150.0	25.491396358381834	24.431000404578114	25.082442088162743	24.995126554767406	3.459410990306558E-5
151.0	26.4664683918673	24.148957258369453	25.845732427270313	23.538219214620074	6.227078728610417E-4
152.0	27.30618753111444	23.908758885453544	22.976960352377187	25.80798944418325	1.0378687158346592E-4
153.0	25.229456665988586	23.862974325762387	24.87443453159358	26.032321475275765	8.130013796806393E-4
154.0	23.36240711692456	25.371359319029274	25.172169708510268	26.091399921535036	0.002663934000862146
155.0	27.35961073792067	23.495930655772643	24.081162693503163	25.063122925886873	1.7298691665351966E-4
156.0	25.563716234415168	23.720150895194198	25.885286230856774	24.83060445437327	2.4218516058865526E-4
157.0	25.25259078001486	23.549772990496653	25.90267956845273	25.294627975147886	3.286858878714042E-4
158.0	25.15153082592928	21.54978793382657	25.839671156872573	27.458906286247903	1.0379712367790576E-4
159.0	27.0012658449026	21.43435088210377	24.59001901102861	26.973845260364936	5.190016000819331E-4
160.0	26.75817181617406	21.776314491961827	26.070438631668214	25.39504045987972	3.460031617768923E-5
161.0	24.550845784777934	21.101861804318947	28.492507161883747	25.851255991736	0.0035292572833749668
162.0	25.22308866229154	24.41113053214814	24.209075239342702	26.15665366401037	5.190220724516752E-5
163.0	24.937118789691116	24.203080790028142	27.344978655509934	23.514666053973514	1.5571079729810624E-4
164.0	25.71554328762445	23.806701190119657	25.020472023528683	25.45593398016796	0.001349518559253986
165.0	26.033975149992145	22.16843759710819	26.697857788968026	25.099071983079902	6.574808517352996E-4
166.0	24.96799002257655	23.85982190686723	25.628762470049043	25.543304481673683	1.2111883349413301E-4
167.0	26.727900329504546	23.36864278838742	26.148624318968288	23.754296164420396	5.363987193567092E-4
168.0	25.64647766100037	24.2767627960546	24.256655810278648	25.82003451756904	6.9215097335461E-5
169.0	26.79722875123012	22.970365869971005	25.125529706202432	25.106529586629726	3.4608596671587433E-4
170.0	30.58856367027394	23.246088084165763	22.82881014009284	23.336486192311938	5.191315552039304E-5
171.0	25.664226442807013	23.432049749973093	26.77260581369232	24.130218180446438	8.998130811364917E-4
172.0	27.134910506062727	24.598559918575514	24.140374208060734	24.12599968656278	1.556807382449799E-4
173.0	28.336035622478388	21.04936800335137	23.121246011860553	27.491949346175176	0.001401016134516921
174.0	24.267144018402256	26.035835970874626	23.710873588266832	25.9857486293433	3.9779311299053947E-4
175.0	25.44638263216542	24.699628559979423	23.321822503312383	26.530281173367904	0.0018851311748639028
176.0	24.728729750824478	24.82314101556359	27.576823080830327	22.870199297873505	0.0011068549080973183
177.0	22.37180448442376	26.521618283478247	23.963337845880513	27.117969813844024	0.025269572373456263
178.0	24.986241370805693	23.438789060756932	24.12295008531907	27.45165627606227	3.6320705604077325E-4
179.0	28.06807398615328	24.586727755600904	22.754146214223862	24.58977205464932	0.0012799893726287764
180.0	26.54696808209151	22.670532436605054	25.37501718155281	25.40725696791049	2.2533184013433938E-4
181.0	27.283625687355027	22.48917360515044	26.291245206346208	23.935191917957845	7.635831904796447E-4
182.0	26.309497697624607	23.240716575298155	25.20344474784929	25.246150097939452	1.9088128849728534E-4
183.0	24.32831992691954	23.979612023845554	26.182333937709462	25.50917878889688	5.5532262856413E-4
184.0	26.182065755010832	22.241343284307362	26.623136361711563	24.95012248972426	0.003332109245978387
185.0	24.77783751085	24.706950280373313	24.333686063101958	26.18095349485326	5.7265082147628E-4
186.0	27.048335797937302	23.281630737709968	25.520668919142885	24.14936454520985	0.0
187.0	25.024380817596732	22.867903583337217	27.491170425216747	24.615867446204064	6.777276452405098E-4
188.0	27.4411369496111	27.77769088478615	22.30258086088015	22.478104703969482	4.86600753118937E-4
189.0	25.1415865514544	23.789582059197752	25.01111854374971	26.056791731383626	9.211142145129018E-4
190.0	28.424803961714918	21.91897130565426	25.516436347608085	24.139579815165394	2.085698573451699E-4
191.0	26.972879792268824	23.923711724446818	24.385183824098757	24.71784185362803	3.828055575710848E-4
192.0	27.054331714654523	23.52172443759525	24.235425713222735	25.18841372609003	1.0440843745464757E-4
193.0	27.4837385887314	24.210189237142934	22.369384428899235	25.93647890302151	2.0884220492119253E-4
194.0	27.570500837069357	23.358559993567297	24.349572136511835	24.721367032851514	0.0
195.0	26.019186822950104	22.136041509712477	24.760478041267405	27.08368437690173	6.092491682878497E-4
196.0	28.391090179359875	22.58876618765755	26.119447230642816	22.900591774584385	1.0462775537193773E-4
197.0	25.016084606512713	24.35817231431545	24.15922722731033	26.46590543036198	6.104214995335507E-4
198.0	27.20807732209038	24.03565702469235	23.681496980260793	25.074681346779236	8.732617724419543E-5
199.0	25.631230296325768	23.516626512345816	25.45648685401463	25.39527155543701	3.847818767736039E-4
200.0	27.356675893493552	23.9559036386932	23.816320551335703	24.87104744163267	5.247484487123984E-5
201.0	25.860638158672717	21.537085512086616	28.336650006332466	24.265433899896653	1.924230115530776E-4
202.0	25.273999923023897	25.00666543038387	28.344646487265706	21.37468815932653	0.0
203.0	25.79440596666091	24.557546320770847	23.252614858939975	26.39476788473219	6.649688960798859E-4
204.0	25.129054885604234	23.933153279541212	24.68065303802271	26.25706879146943	7.000536241076067E-5
205.0	26.906263859703657	24.534252698780747	25.138487646639383	23.420295699348177	7.000955280348003E-4
206.0	25.85792396788654	21.392644235414714	26.087638444852423	26.66175834240078	3.500944554840896E-5
207.0	26.44387952511761	23.649454718622902	26.577884458824208	23.328606219131505	1.7507830377136175E-4
208.0	28.39728155135791	22.52099162786462	22.400741777148152	26.680950021101076	3.502252824129121E-5
209.0	27.384490141065115	20.78637132451912	25.301344725825825	26.52716327952877	6.305290611720029E-4
210.0	24.544860993032792	24.69453749103719	24.766730474215578	25.993590748647016	2.802930674239718E-4
211.0	24.78368633256509	26.201536205552657	25.561619955251246	23.452439031228796	7.184754022060349E-4
212.0	28.307933711149975	22.797736606575413	24.81710080516145	24.07694836359811	2.8051351505349484E-4
213.0	29.59145365478497	23.156889066345187	22.876904195352253	24.37447239693013	2.806865874615898E-4
214.0	27.787218465552222	24.7965384990155	24.235633480488676	23.18055688450866	5.267043494367336E-5
215.0	26.25073543694103	24.42259403036334	23.422294225447665	25.904006829358924	3.694778890355853E-4
216.0	25.989080502179547	24.692005615335304	25.32302847586677	23.99586762531595	1.7781302427058875E-5
217.0	29.204540978029257	23.431285476390855	24.902984940999517	22.46061561050728	5.729940730925565E-4
218.0	24.414793635187205	24.8000874764139	25.232770399716603	25.55211353137222	2.3495731006412527E-4
219.0	26.297662026336166	23.0218312793832	24.50071910879707	26.179277385399498	5.102000840736852E-4
220.0	27.254645125973813	21.6904867227079	25.3073370140629	25.747256610735853	2.7452651953631374E-4
221.0	25.69191836839977	23.045625516461833	24.20974085016181	27.052457321943308	2.579430332810999E-4
222.0	25.10036083037848	25.094614768383494	24.182199629723023	25.622713197495685	1.1157401932015718E-4
223.0	30.73159681538907	22.72819832556624	24.042588850483526	22.496996668136195	6.193404249688781E-4
224.0	29.90583471813533	22.81949889012031	24.89748263596567	22.37712731643527	5.643934341477969E-5
225.0	30.166948911802212	20.08709062319499	24.43857678851814	25.30664606913915	7.376073455100328E-4
226.0	25.330738184236473	22.217132570458872	26.36923735485893	26.08281545011886	7.644032685883765E-5
227.0	27.20305981252919	24.012668583775717	25.774603301370586	23.008452988678098	0.001215313646409703
228.0	27.09639385664378	28.305786445291588	23.027024031072198	21.5707375287082	5.813828423458332E-5
229.0	27.119467520792156	25.597509512603832	22.1959258432998	25.087097123304208	0.0
230.0	26.192550104704328	22.66489086765385	27.080574223984815	24.06198480365701	0.0
231.0	24.769962748761447	25.265723244764892	24.680548624356728	25.282550624524802	0.0012147575921353806
232.0	25.61609988947444	25.23166316936039	23.900170593794552	25.251966233641415	1.0011372919636707E-4
233.0	23.45852048599926	25.11452021046191	22.585897755383616	28.840494265378936	5.672827762819071E-4
234.0	27.605714406528993	21.51435426783371	25.95920058082549	24.919437558283196	0.0012931865286090834
235.0	25.715516718449166	21.866189253891584	27.86653327029136	24.551532244058862	2.285133090305967E-4
236.0	28.287993084543267	23.86259738275719	23.704672289122655	24.144589945021867	1.4729855502221788E-4
237.0	27.472807191022703	24.13385985841664	22.782119412316348	25.611043417054226	1.7012119008278523E-4
238.0	26.650161713243435	23.206506929368356	24.35507346512328	25.788193318894727	6.457337020042283E-5
239.0	28.06810274767317	23.418905514295503	24.21941524477028	24.292551624493317	0.0010248687677348635
240.0	25.04638676196539	22.258520521646894	26.016111515545866	26.678846762695834	1.3443814601730354E-4
241.0	29.390735124557242	21.62564866670092	23.499453783878803	25.48223288752794	0.0019295373350890627
242.0	27.17477834674108	24.030097676487973	21.354071704663458	27.440108038329598	9.442337778950826E-4
243.0	27.947627086140336	23.433390549448223	24.750668216166495	23.86603812319425	0.0022760250506978948
244.0	26.166232830191404	23.21970490689827	25.957097155285158	24.65592642904109	0.0010386785840733543
245.0	28.6956919153388	21.133896064052475	23.638921091903935	26.53013342455761	0.0013575041471751697
246.0	24.221423560226633	27.010695799317475	23.61299726059691	25.152729939284306	0.002153440574673952
247.0	24.898207793777463	23.07539916039889	25.057353961524115	26.83270273131629	0.1363363529832466
248.0	26.257897793224018	22.251140327951337	24.57956342152294	26.902754870376906	0.008643586924800568
249.0	25.54220129926023	21.926346333470097	28.110172956911804	24.406758454632403	0.014520955725469003
250.0	26.79915333422671	22.795991143671113	24.074999805621783	26.328780919285478	0.0010747971949165293
