# Position (bp)	A	C	G	T	N
0.0	23.659652660136736	23.855211862074547	25.62521786951022	26.8599176082785	0.0
1.0	22.32033838972067	30.200597456446026	23.433225373222577	23.968411578604567	0.07742720200616227
2.0	23.74437974289725	27.53312179863221	22.468471271326052	26.253418072160446	6.091149840411874E-4
3.0	26.2631848045128	22.152953096556217	24.158157723223983	27.41947717755287	0.006227198154127369
4.0	25.878486468681146	23.348806654604306	23.404533070188613	27.368127016924266	4.678960166608414E-5
5.0	28.656935780639948	24.022143188379783	21.96367933701327	25.356680728208353	5.60965758650092E-4
6.0	25.197790220301126	23.756438772437967	23.43743508713786	27.60334127652821	0.004994643594836379
7.0	25.07705097246855	25.94732854236429	22.955085364182924	26.019696344144545	8.387768396939023E-4
8.0	27.733141376385294	24.115801410176292	23.1058404638608	25.045170218320006	4.653125760495242E-5
9.0	25.912139393097693	25.624020812538056	22.40543481845464	26.058265631118104	1.3934479150071088E-4
10.0	24.582887358003465	24.49938592330122	23.126601913988416	27.7911248047069	0.0
11.0	26.900502392975895	23.001108029027943	22.979010074251814	27.119334771042375	4.473270197597764E-5
12.0	28.533885135313508	24.369939053043037	19.84586386107684	27.250311950566612	0.0
13.0	24.664877494673068	22.570131245011087	25.121589472272394	27.643314977175255	8.681086819983341E-5
14.0	26.447241269714638	22.27735236352609	23.116828861658373	28.158491721686	8.578341489191504E-5
15.0	25.336899382714485	23.861882471072416	24.273688363520296	26.52752978269281	0.0
16.0	26.609475733636657	25.285546455006248	21.185027128677525	26.919867656887615	8.302579196227308E-5
17.0	28.934651439623522	26.396468657552436	18.98522135941769	25.68244262804703	0.0012159153593212274
18.0	25.790527527127473	25.492050039463614	19.981282396817203	28.73593920393953	2.0083265217592136E-4
19.0	25.10145585606039	24.410960470088458	20.71753962204421	29.76964434391347	3.997078934714511E-4
20.0	22.928327628823006	26.45029151249696	23.118918237817457	27.502462620862577	0.0
21.0	23.515149372736627	24.739628748065577	23.54390058052302	28.20120346585598	1.1783281879669125E-4
22.0	22.06582761416841	27.201231238601796	25.662687846994604	25.070175629367043	7.767086814282741E-5
23.0	25.033944521205726	24.109195058588302	22.833791650284425	28.02295301707856	1.1575284298628445E-4
24.0	27.864009491291768	21.513848837758996	24.328526181112267	26.293577366075038	3.81237619308313E-5
25.0	24.56844422706122	25.672397362791187	19.1275700548658	30.631399800056037	1.8855522575151514E-4
26.0	26.134862360585608	25.53159460406762	19.612680381178347	28.72082520738031	3.744678811408988E-5
27.0	25.826613151424286	24.240479861464213	19.909669712867274	30.023199969260695	3.730498353544552E-5
28.0	27.817453674491677	23.51527504649567	22.662624471347446	26.00236571443288	0.002281093232327506
29.0	27.939509426371473	23.7301939448426	22.002467609896872	26.32768377993103	1.4523895802666734E-4
30.0	24.122132561641948	24.419230860734363	25.277326591126847	26.181093705279352	2.162812174902295E-4
31.0	26.162502151586438	24.223635894199322	22.40464886109358	27.208818635607322	3.9445751333983594E-4
32.0	24.289072009525015	23.01739173290814	24.13962316198305	28.553593987724273	3.191078595202107E-4
33.0	24.066504080259772	24.788713039899573	25.445053121024515	25.699729758816144	0.0
34.0	25.875432984586215	26.109226444823115	23.17473337379091	24.840399010281292	2.0818651846562375E-4
35.0	25.19827881780155	21.852430912706577	25.840739216896385	27.108379620105605	1.714324898854831E-4
36.0	24.100253415005266	24.929761088362298	25.846652065102788	25.1231964134138	1.3701811585018715E-4
37.0	25.81082797814941	25.535692456355836	20.803806629208058	27.849672936286694	0.0
38.0	26.733582295714314	25.81881842029501	20.887576334447147	26.559851786480245	1.7116306328480405E-4
39.0	23.395078016791295	27.753347084796008	21.440919191846593	27.410450358691403	2.0534787470083383E-4
40.0	26.380483144291055	26.571567211014436	22.448887407546316	24.598959577370227	1.0265977796743222E-4
41.0	24.2717958280798	23.887450879086852	20.930495939451898	30.905569802592524	0.004687550788928485
42.0	24.842762777063893	26.10828978177006	20.329308662553043	28.719604566858663	3.4211754337708334E-5
43.0	26.32794394073892	25.102049542731166	22.212438875462443	26.35407847543987	0.0034891656276136674
44.0	29.437127419751484	24.652366745003505	22.36765823020769	23.54257397905872	2.7362597859766004E-4
45.0	25.472589517313548	23.966684392585208	21.498108000430893	29.059198298311824	0.003419791358529216
46.0	24.893363689147886	23.959744578936174	22.13856667940991	29.008290857761487	3.419474454132195E-5
47.0	25.021164563886895	24.228296919342153	23.5664854514993	27.182411871303042	0.0016411939686121653
48.0	23.432813424497116	23.684285185452307	22.880888111986113	30.002013278064467	0.0
49.0	22.318063776540804	26.160152957606492	24.104528778328362	27.415613898252023	0.001640589272323464
50.0	27.27252532205152	24.637090752004354	19.84260461441138	28.247642606459927	1.3670507281766584E-4
51.0	24.54866441982709	26.69075931126838	21.54874745470755	27.20971022876964	0.0021185854273443085
52.0	23.258159046149768	25.383070569227378	20.526032577228385	30.832703728656913	3.407873755998284E-5
53.0	22.553575042473984	24.99704935485462	23.397986758661034	29.049824236786296	0.001564607224063659
54.0	23.25436648585001	28.663152821647937	21.415975013766168	26.66643765566654	6.802306934373724E-5
55.0	23.68066182307192	29.03383203574409	21.88976148341899	25.39415099822426	0.0015936595407480096
56.0	26.34193078551484	25.724583632248375	24.70334518144426	23.230140400792525	0.0
57.0	22.977697894405694	27.693351811071455	22.725041493550872	26.598857706952472	0.005051094019504681
58.0	25.478738369235465	25.2445468874464	21.09008016541532	28.186431198413644	2.0337948917851636E-4
59.0	27.413973853298234	22.69748738540778	24.170565352688307	25.71556691690791	0.0024064916977731138
60.0	24.311592499160177	22.39673422330056	23.841191560591056	29.450414057697778	6.765925042346233E-5
61.0	24.87384372249475	23.932043728312927	22.373348162911576	28.814946212334934	0.005818173945811151
62.0	25.29940803344048	22.256501704597152	24.65278071395206	27.791072774916394	2.3677309391740068E-4
63.0	26.307643498666362	23.34790423252828	22.936685587188972	27.405602016926323	0.0021646646900572216
64.0	25.143532100530148	21.950579491251133	22.888572139763266	30.01728253984529	3.3728610158652634E-5
65.0	23.93572693525579	26.50747917691787	23.490514144721644	26.061322067155263	0.004957675949437102
66.0	24.65858708082385	24.500961301421025	22.938766397852998	27.901145636575116	5.395833270100912E-4
67.0	27.422141273884193	25.007629654384246	20.25363837562719	27.315983695976563	6.070001278072492E-4
68.0	23.12596905890597	23.205213545344368	26.70606635090268	26.96261616061475	1.34884232235578E-4
69.0	23.104197084599225	24.420443548251132	24.923641856873584	27.549087377724124	0.002630132551936688
70.0	24.56221350130264	22.921612004627725	24.811300373462053	27.70453760767573	3.3651293185545827E-4
71.0	24.894094770712286	22.878448273259146	26.049415395082615	26.17730348696343	7.380739825230791E-4
72.0	27.073079420968167	25.672430774350413	21.624796710875902	25.628351251402226	0.001341842403293418
73.0	25.883459876123915	22.568659317289487	22.63953669740927	28.904922673885224	0.0034214352921050385
74.0	25.095264784279475	26.17565347063671	22.79881412491401	25.929529718487153	7.379016826506233E-4
75.0	25.01972132559506	24.410171374294663	22.04052665330446	28.527568266643055	0.0020123801627613077
76.0	27.242600573507957	23.24028641859373	25.5065148491607	24.009793235289187	8.04923448426207E-4
77.0	24.401891731822666	24.991397865329137	24.379086852383345	26.227154038241103	4.6951222375074536E-4
78.0	27.501191342919295	26.01118269415536	20.257692252230015	26.229397145270728	5.365654245959578E-4
79.0	27.49626597148121	20.41717163519933	22.4641972559669	29.62005128043476	0.0023138569177950353
80.0	24.05784844894785	22.684269703236303	28.256448312066144	24.9995221547501	0.0019113809995986101
81.0	25.638142732451012	24.8310899739086	21.45245353360546	28.077944905940527	3.688540943978105E-4
82.0	22.50778758747414	22.067357182854902	24.062790253192993	31.36105904483437	0.0010059316435917125
83.0	25.177842393549394	22.164010654449278	24.166514664620898	28.490827570667538	8.047167128931713E-4
84.0	23.40553794035987	25.81334538550233	24.888745985450893	25.891398379059265	9.723096276422934E-4
85.0	24.750753765137745	27.005628805914654	20.786986793478242	27.456060680733817	5.699547355359737E-4
86.0	25.53502707026602	25.390263420894442	22.226852483561547	26.84644894902194	0.0014080762560459274
87.0	22.0954405185549	21.575678742702166	25.739203896872343	30.588939305810946	7.375360596465527E-4
88.0	24.91921763718922	27.081928853860944	25.49983825089716	22.49841184171048	6.03416342190703E-4
89.0	26.386544198987632	26.378029566558283	22.329187757701717	24.905333378029567	9.050987228051355E-4
90.0	23.47665565167139	25.547079216118497	24.092503166056918	26.883661403201792	1.005629514019481E-4
91.0	27.004776945697817	24.521174127732262	24.057356868447457	24.416222777091175	4.6928103129199433E-4
92.0	25.01494934651915	23.91617237736173	22.906856856320022	28.161987901084935	3.351871416849455E-5
93.0	26.634078554020927	25.359636212624025	20.950420328332385	27.055529728329237	3.351766934215876E-4
94.0	27.94280548858701	23.08986574151194	23.142286111316867	25.821188219627945	0.003854438956244744
95.0	23.8907568432822	26.369360274776987	24.0352104934349	25.702326273538233	0.002346114967677239
96.0	26.037817676289833	24.44974205166206	23.702591749876078	25.808809556606366	0.001038965565664802
97.0	25.71822313797539	24.61835860182008	22.76734336029428	26.896007871783233	6.702812701293844E-5
98.0	27.77033412647877	22.575656020644125	24.61553671369684	25.038439625992826	3.351318743925735E-5
99.0	21.498340337669074	21.802595010893526	26.768279238773573	29.93078541266383	0.0
100.0	22.67041671734529	24.777575286656727	24.37744032235961	28.174567673638368	0.0
101.0	23.19682583718142	22.20922214650013	28.40184842313772	26.192003077131325	1.0051604939760733E-4
102.0	25.518398067118053	24.452598650534743	24.383835235888338	25.64513453602288	3.3510435987527415E-5
103.0	25.85332883863103	25.53207602301949	24.64726527969804	23.967162312591356	1.6754606008737862E-4
104.0	25.140787444635	27.057895925524566	22.982113644603768	24.818968423267744	2.3456196892657072E-4
105.0	28.051187567106016	23.10769401933726	21.02772576107107	27.810443673837597	0.0029489786480541434
106.0	26.57403187539375	22.610216747315793	24.1782837151321	26.637400640724906	6.702143345441871E-5
107.0	25.803685364702854	24.743576683037723	22.31606687112617	27.13613491110301	5.361700302399898E-4
108.0	23.857870061493312	24.165889525160118	23.832771434612717	28.143401959703468	6.701903038877405E-5
109.0	25.70675773892478	24.418682188803594	25.166530006899446	24.707527434434308	5.026309378724704E-4
110.0	24.226030493348073	24.663349107988648	22.812209000165197	28.298377890060827	3.3508437256959114E-5
111.0	24.95649618443138	23.975871760167898	23.9569388460171	27.110224075227674	4.6913415594890587E-4
112.0	25.155170339721096	24.246783417624428	23.18425654784822	27.413689168753418	1.0052605283448285E-4
113.0	29.13036529060703	21.547076103633874	22.42940016907972	26.89248828320418	6.701534751981224E-4
114.0	26.627588917628113	21.717370230341583	27.76735101314979	23.88742176994525	2.680689352670486E-4
115.0	26.895359182859625	23.762250487171023	25.814484604055206	23.527302521895468	6.032040186792178E-4
116.0	27.08715225858081	24.16058487112447	24.49184696462047	24.260315370896254	1.0053477799575207E-4
117.0	25.956519742991084	26.360404300103784	23.778284402154007	23.904188341838076	6.032129130458532E-4
118.0	26.44866643900827	24.331811998848526	24.84354070689607	24.37574627103257	2.34584214560106E-4
119.0	27.018756560171266	21.29949368547908	24.800094908837917	26.881319715434348	3.3513007738823747E-4
120.0	25.207777862676263	23.75380199976139	24.465072541284123	26.573314083719733	3.3512558496170853E-5
121.0	28.007918432238892	23.08436810052803	24.0291977945819	24.877912440129172	6.032325220079332E-4
122.0	26.744372316859423	23.276640381244743	24.70429738162344	25.2741872241455	5.026961268939077E-4
123.0	24.341180354129698	27.554889768041196	23.2016783207409	24.901849403556042	4.021535321647422E-4
124.0	25.66379955750047	24.328123921315246	22.43047656836993	27.577499415206248	1.0053760810306312E-4
125.0	26.507255153036997	23.713336753778545	24.344063723497552	25.434607108471567	7.372612153348992E-4
126.0	24.108367546438615	24.75642536694959	24.098179854979556	27.036926695203373	1.0053642887231974E-4
127.0	26.747749598444788	22.488801192216012	27.393723171704774	23.36898877790151	7.372597329176082E-4
128.0	25.640059799348453	22.745501895288136	25.307014560089065	26.299615379330753	0.007808365943594107
129.0	24.536323348445162	26.684195851441167	21.870551237677518	26.906483162062965	0.0024464003731933504
130.0	26.49096419862811	23.71711862430075	23.66373225984179	26.12815140413176	3.351309758879966E-5
131.0	25.395425279066558	24.80243817102319	24.784642525359633	25.0170918630667	4.0216148392225416E-4
132.0	27.02208605323147	25.90112719236804	21.187791441595724	25.883733696530083	0.00526161627468184
133.0	26.993945215037527	25.146845375598083	24.9299160400024	22.92788582539551	0.0014075439664790054
134.0	26.529628060730687	23.238797987082798	20.86283583249998	29.368671093940605	6.702574592952644E-5
135.0	27.21809948806902	23.859046727944673	25.816321469599824	23.106230705403092	3.0160898339005816E-4
136.0	28.03325672316248	26.444416740562303	23.554913004224616	21.96211851586729	0.0052950161833121194
137.0	28.809014655450625	20.771121144821564	24.257282566914025	26.16244758190594	1.34050907843017E-4
138.0	25.090322453084436	23.943786106779722	27.30082227698037	23.663929764804724	0.001139398350754399
139.0	25.782921685545794	23.509316239402168	24.91716608305074	25.789825210130218	7.707818710763432E-4
140.0	26.524897419708555	21.323128253179284	25.54302876269603	26.608677468260765	2.6809615536708395E-4
141.0	26.10583139016218	24.914258061618913	24.927897682068824	24.051610715178583	4.0215097149620937E-4
142.0	28.901393742702524	22.583739176945134	23.560645971658644	24.953885977717814	3.3513097588799655E-4
143.0	27.031467993615045	25.257708983142468	23.705405931654962	24.00535006496555	6.70266219688467E-5
144.0	28.24295217307229	24.840282546484204	22.83543178758542	24.080696734401013	6.36758457073934E-4
145.0	28.029615241151674	21.89181227460053	22.756930682948884	27.32097153058663	6.702707122866318E-4
146.0	26.954449164967826	21.52309546877791	24.989837115691326	26.528328558257876	0.004289692305062809
147.0	26.85858696551916	24.272046386882877	26.559452966155227	22.306931054740584	0.0029826267021498703
148.0	24.479041514808763	23.84010724309832	23.261865862343427	28.41848267772611	5.02702023375644E-4
149.0	28.220193140706506	24.50008127124992	24.13119358141452	23.146487657662036	0.002044348967017278
150.0	25.697550375147088	23.825216681083585	24.761484072293946	25.715648327296776	1.0054417860936007E-4
151.0	26.857136536960404	23.652593359987588	25.31710438159576	24.17266297967013	5.027417861209081E-4
152.0	27.24170626915256	23.545109295487446	23.48176319350156	25.731253659578044	1.675822803859353E-4
153.0	24.378567847078287	23.08288130548681	25.541595499652768	26.99628501484117	6.703329409651186E-4
154.0	22.77667060155532	24.123247147876064	24.566843837206886	28.530590575170784	0.002647838190943321
155.0	27.81842048982662	23.801362171482896	23.47137850976375	24.908704743733026	1.3408519370952722E-4
156.0	26.287154766972943	23.442826829538102	26.172174863314705	24.097541843634033	3.016965402111205E-4
157.0	24.818795033063076	22.992364283161802	26.23769478989208	25.950710103563896	4.357903191527163E-4
158.0	24.423485003402604	21.152929423635857	25.827268430209756	28.596283619565472	3.352318631181256E-5
159.0	26.669361970602413	21.330279996486716	24.33618083477988	27.663774913961475	4.0228416951450333E-4
160.0	25.941687281275343	21.371228230621234	25.050110345007926	27.636907094632534	6.704846296427289E-5
161.0	24.44340741604931	20.35598458135454	29.102291005812496	26.09459576342611	0.0037212333575381124
162.0	25.24469968218208	23.06912204476271	25.462847487629237	26.223263735232194	6.705019377506001E-5
163.0	25.28563415828821	23.760162185956645	26.644682472444043	24.309387078832312	1.3410447878785644E-4
164.0	25.4792669679617	23.21291590113589	24.529584132391005	26.776657234433465	0.0015757640779433262
165.0	26.93466720042808	22.128836326353532	26.04313140924413	24.892929203522023	4.3586045223539414E-4
166.0	24.36014183902558	22.599425455384278	25.90664454678837	27.133620516231826	1.6764256994718587E-4
167.0	26.323792471587815	23.829622439382586	26.718570563985466	23.127545109952102	4.694150920305053E-4
168.0	26.50259628519638	24.589566977317794	23.005876597488278	25.90185954777762	1.0059221992946474E-4
169.0	26.391072190225305	21.675443090946647	25.328847655044946	26.604268212533434	3.6885124966803387E-4
170.0	31.839059145130395	22.5324507006548	23.20431743791956	22.42400505140773	1.6766488751865691E-4
171.0	26.153419516487293	23.229849613168373	26.486431384331443	24.12936057429206	9.38911720837402E-4
172.0	27.485414231793857	24.566684838109875	24.133419966191727	23.8143468573126	1.3410659194247363E-4
173.0	29.71413034696005	19.185374244877202	22.629495241540397	28.46949151349088	0.0015086531314777794
174.0	24.269414146670023	25.356412576620784	24.22945047606052	26.14421990210912	5.028985395491146E-4
175.0	26.063480770255964	23.6159704091243	22.52304327082176	27.79596324074003	0.0015423090579475688
176.0	24.773742721726432	23.824654171982694	28.341349982480168	23.059079546731002	0.0011735770797043257
177.0	21.652204209867644	26.136711546838477	24.594001050941134	27.592134238783615	0.024948953569125534
178.0	25.865028494208104	22.88194729703221	23.949486701864572	27.303135117371998	4.0238952311811644E-4
179.0	28.687035280766544	24.096752817323676	22.36262822327181	24.852409933505662	0.0011737451323112584
180.0	27.11988518006877	21.90280332714094	25.350428506126633	25.626782078591916	1.0090807173756636E-4
181.0	28.266681765345638	22.173252622805677	26.034065720370442	23.525258438493275	7.414529849717591E-4
182.0	25.48170467624869	22.372013623119532	25.9736469144915	26.172533674416883	1.0111172339876948E-4
183.0	23.784781501504497	25.084713312891356	26.299737997978273	24.83019417407006	5.730135558153966E-4
184.0	26.411315060993946	21.31157543306577	26.534118719417073	25.739114195604014	0.003876590919203755
185.0	24.812455338483733	24.30563982256738	24.51479054591541	26.366507570548343	6.067224851352991E-4
186.0	26.663021497173588	22.816547406474267	25.09739647926518	25.42303461708697	0.0
187.0	23.930939259199167	23.306952211468097	27.35311663971094	25.408349684220845	6.422054009474219E-4
188.0	27.402609914022584	28.37633330910799	21.95542425046521	22.265159287234205	4.732391700061014E-4
189.0	25.05411315777108	23.51923649655714	24.539264872371376	26.886438936728425	9.465365719758241E-4
190.0	28.888580860986817	21.402353370736186	24.631045493655098	25.077783619038602	2.3665558329684892E-4
191.0	26.695351131792165	23.966138195534207	24.21671798731385	25.121521715052364	2.7097030741242667E-4
192.0	27.104037451178986	23.640887365308203	23.877734908252062	25.377306401184235	3.38740765079892E-5
193.0	28.775015355885564	24.611054814667252	20.95887807342163	25.65478071998691	2.710360386456736E-4
194.0	28.61894589187184	23.113195240910684	23.77762455508478	24.490234312132696	0.0
195.0	26.827244101105702	21.45747794226288	24.32722037946492	27.387413704059654	6.438731068436256E-4
196.0	28.323787051114845	22.068822287552308	26.33577420399778	23.271480494618764	1.3596271630393514E-4
197.0	25.355680398439556	24.30579896140542	23.559166744575425	26.778673964592592	6.79930987004819E-4
198.0	27.16365158666818	22.935147933589555	24.753290734236614	25.147841619651313	6.81258543407921E-5
199.0	25.55889505177737	22.51659881417525	25.030294543566768	26.89352851170797	6.830787726440613E-4
200.0	27.758108618166105	23.65108561805851	23.82720287471457	24.763602889060817	0.0
201.0	24.83486272691964	20.92970824410495	28.330303923634965	25.904885986364068	2.391189763794859E-4
202.0	25.221735663621825	24.916112484088533	28.097176282329407	21.76497556996024	0.0
203.0	26.005824507493536	24.85589094050555	22.394076253068768	26.74338813829002	8.201606421311055E-4
204.0	26.661635730854506	23.62906144679734	23.02258076753898	26.686619522149957	1.0253265921527654E-4
205.0	28.063655871638215	24.460778382324893	24.787103936757035	22.68753892355977	9.228857200867102E-4
206.0	26.059371863488064	21.04515756742048	25.114179290201367	27.78122290805764	6.837083245590764E-5
207.0	25.638396374020743	24.123696605978378	26.896212635126265	23.341386658059434	3.0772681517790714E-4
208.0	28.57690045279818	22.174833449610812	21.31068658431485	27.93757951327615	0.0
209.0	26.99862662030584	20.513743203651856	25.393055111349796	27.09378832165476	7.867430377516936E-4
210.0	25.299127344958926	23.999501867824595	24.460616253820238	26.240480834398767	2.7369899747478464E-4
211.0	25.181166178024196	25.205635376095	25.271787767522767	24.340452444027992	9.582343300453348E-4
212.0	29.028392245161953	22.19009358165634	23.996191129687514	24.785083362694234	2.3968079995863794E-4
213.0	29.606708254059296	23.158092735979675	22.684007423921763	24.550883226726665	3.0835931260542036E-4
214.0	27.301136714350964	25.45975411196506	24.371357322253786	22.867717559335613	3.429209457485347E-5
215.0	25.834994942132706	24.910933070821486	22.63411941378923	26.61957447920122	3.7809405536465626E-4
216.0	25.60890761552842	24.90055917850784	25.870963836728507	23.619569369235233	0.0
217.0	28.85075483024969	22.138338533911245	25.970186163476942	23.039982801736265	7.376706258502971E-4
218.0	24.835837095843857	24.253630621389625	25.397017079761437	25.51330209668208	2.1310632300667448E-4
219.0	26.99476675935173	22.697928932354987	24.363602673035757	25.943019335303386	6.82299954142261E-4
220.0	28.896511653085234	21.754783575248833	23.792251005074093	25.556128967065327	3.24799526514468E-4
221.0	25.2207973218436	22.353069120964417	24.377471944318557	28.048516124151345	1.4548872207798634E-4
222.0	25.677603686568006	24.681252881743738	24.27398486142383	25.36697428609233	1.8428417209045698E-4
223.0	30.394634739917066	22.56765698022175	23.964302833379474	23.072546156038925	8.592904427848931E-4
224.0	30.216603669165444	23.088431094131803	23.956660518770455	22.738192233553566	1.1248437873190362E-4
225.0	31.51586023779029	19.554792658466447	23.11485041444141	25.813363923056475	0.0011327662453783137
226.0	25.627722539145697	22.35922303377057	25.33614614597779	26.676831832130283	7.644897566017513E-5
227.0	27.232051489878483	23.263336636049804	25.652821694707516	23.850203946933174	0.001586232431025004
228.0	27.924749940895655	27.696940166925483	22.963217426493472	21.415092465685397	0.0
229.0	27.948768176826178	24.963300197305692	21.451998388827526	25.635933237040604	0.0
230.0	26.04259552907341	23.229030769878218	27.02470499396132	23.703668707087054	0.0
231.0	26.207041429494783	23.81475210808627	23.83434814742834	26.14208418797198	0.0017741270186238983
232.0	24.801753128863812	25.028517946740276	25.18196538430189	24.987641885148808	1.2165494521269542E-4
233.0	22.970645493319477	25.221807144524867	21.504317758054277	30.30273633395047	4.932701509077815E-4
234.0	26.295460392694963	21.453686718359442	26.828382638088527	25.421131565571525	0.0013386852855478465
235.0	25.80135397052174	21.820536281017876	27.17247733298801	25.205377670313062	2.54745159311254E-4
236.0	28.86042349967305	23.484261789935932	23.1137889010524	24.541267520083064	2.582892555544028E-4
237.0	28.28875484120163	24.665987535536942	22.055348897093367	24.989734738688206	1.739874798609492E-4
238.0	27.59499145016272	22.578542666446026	23.55677643554526	26.269689447845995	0.0
239.0	28.211741118584087	23.01765182113599	23.67519393231263	25.093932985425084	0.0014801425422120956
240.0	25.604081031081506	21.34628089913238	26.78362622040153	26.265918861982986	9.298740160189398E-5
241.0	29.161856599164356	21.072331622811262	22.808331533437105	26.95487349832796	0.002606746259319118
242.0	26.733854004889572	24.406362602686187	20.74128071024749	28.117476636472936	0.0010260457038067227
243.0	27.920760535917903	22.431110183066203	25.6040895015231	24.041377100304995	0.002662679187798763
244.0	26.647644256913917	22.505145597717686	26.05965617392167	24.78619678787408	0.0013571835726500366
245.0	29.68608776528917	20.8728055864958	22.782850102946636	26.656240741365796	0.0020158039025963553
246.0	24.903708134813776	26.625903932107605	22.718963921599194	25.748512834767713	0.0029111767117132137
247.0	25.869988585919057	23.264643485155815	23.939235891476404	26.777847747353295	0.14828429009542773
248.0	26.042185573961298	23.263557664509896	22.642563942719228	28.041663880850564	0.010028937959012248
249.0	25.69834511082926	21.77996844235067	28.542968985927402	23.96276876849671	0.015948692395965452
250.0	27.066436774979564	21.307262342692106	24.55437998977874	27.071069908788726	8.509837608659989E-4
