# Position (bp)	A	C	G	T	N
0.0	24.443113021278204	23.778101054211067	24.701779912037274	27.07695757751591	4.8434957543127096E-5
1.0	22.801315358346777	29.9183659770428	23.744734135886397	23.462495650765067	0.07308887795895867
2.0	24.347498945665716	27.071956538546488	22.545797607799205	26.033952092880646	7.948151079419129E-4
3.0	26.20754054015027	22.007465452427596	24.31227347333664	27.46692048884033	0.005800045245166228
4.0	26.042018599105898	23.609774185318233	24.056151765010565	26.2919111707895	1.4427977579884704E-4
5.0	28.669249323950062	24.209649703085688	21.931809392590328	25.188667053873097	6.245265008212523E-4
6.0	25.862917837276534	23.862454989226194	23.80545033556484	26.463421214508486	0.00575562342394843
7.0	25.51251522671957	25.40410337656246	23.293997142522098	25.78854663504455	8.376191513242759E-4
8.0	27.79060301263931	24.34739561231296	23.175524436948045	24.686429176803006	4.776129668099586E-5
9.0	25.733357737679025	25.309546722644132	22.308384179692247	26.64861603050925	9.532947534946593E-5
10.0	24.592641837216746	24.466777022599473	23.535791705399188	27.4047894347846	0.0
11.0	27.33110496941769	22.849522664879547	22.488567403854496	27.330689574321564	1.1538752670067367E-4
12.0	28.140985525603114	24.05039707968823	20.404920962818437	27.403696431890218	0.0
13.0	25.200618060975305	22.555898822860883	25.325686844310496	26.917638924354513	1.57347498804159E-4
14.0	26.59463301937089	21.92229429536165	23.609094544162076	27.873978141105383	0.0
15.0	25.644146756622792	23.32523160394485	24.47055213080898	26.5600475566832	2.1951940178328782E-5
16.0	26.63758249422149	24.633214470401402	21.815396474272813	26.91374178566455	6.477543974426656E-5
17.0	28.695203973179805	26.749145483849585	19.02452277647391	25.530153657261362	9.741092353390737E-4
18.0	25.669474267603142	25.53222109169323	20.031505412918186	28.766715190941166	8.40368442736349E-5
19.0	24.932025546681928	24.708943848500212	21.823982558382735	28.534483335592174	5.647108429501498E-4
20.0	22.644086042941726	25.959992158582697	23.586572071263863	27.809349727211714	0.0
21.0	24.14726880175984	24.49158974025316	23.479134229368025	27.881718973333502	2.8825528546950406E-4
22.0	22.59071948203885	26.884286820333042	25.721244255459403	24.803688254092055	6.118807664663233E-5
23.0	25.489764866159536	23.673337520511996	23.074989283300003	27.761542814917163	3.655151113084893E-4
24.0	28.011153656344895	21.455818596553836	24.311325819866482	26.221661739671394	4.018756339588126E-5
25.0	24.644086685753294	25.017404718993173	20.018442930140434	30.31990639974056	1.5926537254260995E-4
26.0	26.46266280242514	25.491639466107436	19.63399920091139	28.411619334459765	7.919609626602286E-5
27.0	25.62506676217895	24.846232263473322	19.784133811447614	29.744468438790754	9.872410935551124E-5
28.0	27.697293864437977	23.55383319568732	22.721258721839117	26.024938762334195	0.0026754557013863355
29.0	27.85519141520115	23.767944571320374	22.017906894966053	26.35868662160961	2.7049690281046284E-4
30.0	23.814318074891396	24.293779346079937	25.15672517471121	26.735062232260958	1.1517205649496497E-4
31.0	26.197281166855475	24.548503503576146	22.578300515395796	26.675551966975558	3.628471970245002E-4
32.0	24.684422905836	22.57732262925687	24.654711074664263	28.083373176060473	1.702141823969788E-4
33.0	23.51134305791669	24.893196412957884	25.21725969942151	26.37808844430892	1.1238539499345541E-4
34.0	25.996731853216726	26.583743151364658	22.66456637826692	24.754921483339825	3.7133811876766985E-5
35.0	25.793061111585917	22.23767342396364	25.249977714612875	26.719103952830338	1.8379700723333123E-4
36.0	24.139554639655366	24.54234423396981	25.781637502954265	25.53639016858436	7.345483620214257E-5
37.0	25.2637271776676	25.366255110792586	21.19502960735014	28.174988104189673	0.0
38.0	27.36250144761399	25.01029159488245	21.061163916521263	26.565951274643623	9.176633867541897E-5
39.0	23.737242140872528	27.247109882274103	21.45799333477437	27.557489497737336	1.6514434165942172E-4
40.0	26.54952284763139	26.124594422780024	22.583346864040703	24.742462478660467	7.338688741442401E-5
41.0	24.11564048682814	24.43215766055395	21.54453923490311	29.90327826599807	0.004384351716730521
42.0	24.935149977713824	25.902571806427588	20.42567514275076	28.736566388043606	3.6685064226376196E-5
43.0	25.99089799993691	25.736937745899624	22.089700221626035	26.17896100599586	0.003503026541570104
44.0	28.836743851778472	25.07039598348163	22.31276227145718	23.77985949594367	2.383973390455781E-4
45.0	25.847438592090636	24.296176421027695	21.471622535189574	28.38116863840499	0.003593813287097825
46.0	25.325426299285127	24.402425645132432	22.076388461098446	28.195759594484	0.0
47.0	25.295398628430092	24.29917815431472	23.27006992040392	27.133611748813042	0.0017415480382194633
48.0	23.306052833115288	23.91800859373325	22.475616056173923	30.300322516977545	0.0
49.0	22.482621200815654	25.869013256556812	24.445872113734016	27.200697644076914	0.0017957848166027272
50.0	27.427671091413536	24.251278666705268	20.296271024204977	28.02468760295205	9.161472417188535E-5
51.0	24.914302924756768	26.942508259181004	21.163490655166985	26.977353181870896	0.002344979024345829
52.0	23.24085974606704	25.870601566694372	21.155053679746583	29.733485007492007	0.0
53.0	22.981869461142093	24.732844708881842	23.705061872439163	28.578727647037137	0.0014963104997567584
54.0	23.311334238502205	27.822611473626722	22.221026035252684	26.64501000569851	1.8246919874307918E-5
55.0	24.1617481923128	27.867829992774713	22.72486209162103	25.24401274708395	0.0015469762075059285
56.0	26.30309248296679	25.51170610921019	24.811725234669016	23.373476173154007	0.0
57.0	22.951352718492444	27.41719335818268	22.767466340113376	26.85940225099781	0.004585332213687399
58.0	25.44935291579063	25.125446933127233	21.787339520714482	27.63775146697407	1.0916339358424904E-4
59.0	27.548756034811163	22.174504053042664	24.62603181672148	25.64807022484481	0.002637870579883999
60.0	24.29192639431038	23.295233386618406	23.403740949907974	29.009099269163237	0.0
61.0	25.637028248216133	23.647272424140773	22.593505847004252	28.116527092509052	0.00566638812978862
62.0	25.260437475392735	21.941053706671237	24.617761105776008	28.180493467361504	2.5424479851462924E-4
63.0	26.76759312426023	23.716482693522277	22.415196388743915	27.098348908672975	0.002378884800596791
64.0	25.470372543719826	21.649799440532718	23.621857256623485	29.25795263109331	1.8128030666826917E-5
65.0	24.584965177062067	25.745028881050963	23.729862749299137	25.935412159950232	0.004731032637599637
66.0	24.632958487183025	23.768234258392077	23.47195106632767	28.12665680506085	1.993830363825102E-4
67.0	26.781425822151224	24.8773221075404	20.870919693603422	27.46982488154519	5.074951597649137E-4
68.0	23.52392976412237	22.52496682387492	26.89792627922462	27.053050264230937	1.2686854714852067E-4
69.0	23.102101784265724	24.97131096736591	24.758163959905673	27.16561419177395	0.0028090966887455624
70.0	26.14859154126798	22.746827011965642	24.245694393252382	26.858706109554692	1.8094395930353223E-4
71.0	24.548898739625074	22.652065601933014	26.222204577915605	26.576091222669245	7.398578570648756E-4
72.0	27.585811809899113	25.391562759654757	21.880222979440532	25.140886811500458	0.0015156395051437014
73.0	25.62640947092295	22.75153981879391	22.558191980313413	29.06008811335664	0.0037706166130842197
74.0	25.139361162873342	25.235347279972437	23.680592260138432	25.944013810744455	6.854862713335053E-4
75.0	25.75268657187566	24.71297987382244	21.723103841696318	27.80908316084257	0.00214655176301347
76.0	26.674583971714156	24.106931237412006	24.99784450648578	24.21993681788551	7.034665025485329E-4
77.0	24.303803998072247	24.605448650426965	24.033416830920274	27.056753348320573	5.771722599468424E-4
78.0	27.421156100640275	25.853061592569215	20.51357200829651	26.21177743709983	4.328613941744071E-4
79.0	27.385865923853203	20.863926444874686	22.56907290495312	29.178411397581648	0.002723328737340354
80.0	24.104556331907816	23.254005454043437	27.76947081062393	24.869695035615756	0.0022723678090605074
81.0	25.30335065322914	24.688299584423493	21.69589263828685	28.31200627296185	4.508510986700253E-4
82.0	22.931792603001234	22.41040934320533	23.799273937022488	30.857640477460972	8.836393099750795E-4
83.0	25.774728857522888	22.018154067209288	23.777370314695503	28.428971346465122	7.754141071990167E-4
84.0	23.970297260010412	25.498349998043544	24.999661903320217	25.530807279302657	8.835593231647075E-4
85.0	24.961106963963086	26.817857258771216	21.234822339784852	26.985654474051472	5.589634293668567E-4
86.0	25.36105750090873	25.090151685620153	22.554022496091022	26.993235738724547	0.00153257865554267
87.0	22.395068668705342	21.641662818834444	25.66871597913823	30.293957554188626	5.949791333606062E-4
88.0	24.60686212486192	26.670039308829512	25.537668091986593	23.184817485190454	6.129891315224072E-4
89.0	26.060854633055847	26.554506406818312	22.717951260405727	24.666056708116805	6.309916033045931E-4
90.0	23.702600675678113	25.392985783357553	24.988894938183023	25.915374381199275	1.4422158203864418E-4
91.0	26.50055324670549	25.30370882602455	23.664970091508337	24.530335189266616	4.3264649500455543E-4
92.0	25.18240727855335	24.228874536816384	22.65693443288443	27.931783751745836	0.0
93.0	26.24675606296496	25.873409260882568	21.21037764230918	26.669222700682464	2.3433316082807572E-4
94.0	28.202131404591768	23.33340603486393	23.045796376471596	25.413997664298098	0.004668519774606028
95.0	24.037777468955724	26.252410118812975	23.813893495684813	25.893575714185552	0.0023432023609386006
96.0	26.0809992183018	24.378313813708537	23.546436964790416	25.99340287809852	8.471251007312853E-4
97.0	25.60813729852892	25.027769381929165	22.715002963929813	26.64892814601459	1.622095975093257E-4
98.0	27.96934071802295	22.92064101970282	24.256185843015814	24.853832419258417	0.0
99.0	21.90048197365201	22.032265168042045	26.290900454222232	29.77635240408371	0.0
100.0	22.47525853281266	24.754477394224946	24.46003586996929	28.310228202993105	0.0
101.0	23.686111987026443	22.24125411054552	28.125717374656517	25.946826433623137	9.009414838506238E-5
102.0	25.266884418714664	24.10882796837339	24.459369720451424	26.164917892460522	0.0
103.0	25.589707358551046	25.43932434675014	24.83977434259686	24.13094169207736	2.5226002458814497E-4
104.0	26.042782290322812	26.66213810549986	22.811137377566684	24.483563845505195	3.7838110544940865E-4
105.0	27.400725840120927	23.424624038710512	20.92469025842265	28.246914656935946	0.003045205809964382
106.0	26.062104678779747	23.527526150234632	24.334101715047446	26.076213399536808	5.40564013680594E-5
107.0	25.982901147166963	24.102236350341975	22.562355784286627	27.351858051556743	6.486666476871611E-4
108.0	23.843650450202446	24.117656172812595	24.305509264380483	27.733112048504903	7.206409957529023E-5
109.0	26.010902166039422	24.41490345805725	25.128521725877846	24.444934045300247	7.386047252327371E-4
110.0	24.794755097684416	23.789512176888454	23.230075144628415	28.185621553169128	3.6027629589131906E-5
111.0	24.90014735605763	24.049391300588344	24.47982230804982	26.570026552913074	6.124823911312549E-4
112.0	25.365614914145095	23.76364092595725	23.709726607751808	27.160873444379174	1.441077666700712E-4
113.0	28.495412149967038	21.5509707076493	22.821338636289948	27.13155799568414	7.205104095741423E-4
114.0	26.228178160813943	22.195652510684628	27.507577321463245	24.06821372639934	3.7828063884034287E-4
115.0	26.887825929991955	23.206229839080144	26.28223720501059	23.62314856415879	5.58461758520415E-4
116.0	26.968300098073623	24.240974308458473	24.500786534585544	24.28984898391838	9.00749639880294E-5
117.0	25.9535423670402	26.31559130787095	24.062482041223173	23.667735741204098	6.48542661586656E-4
118.0	26.347866550145838	24.564402527212064	24.566384173920845	24.520968434349577	3.783143716765758E-4
119.0	26.737443251423223	21.34267132665562	24.643564891547165	27.275834114001583	4.864163724147871E-4
120.0	25.605702894954206	23.65768218106547	24.442172526263924	26.29440636729591	3.603042048401465E-5
121.0	27.577300457879282	23.282448248975644	24.124920191799106	25.014808654884117	5.224464618484372E-4
122.0	26.713182400406428	23.802075733091208	24.677155225994042	24.807010148068482	5.764924398421131E-4
123.0	24.37692842191471	27.924567187674242	22.989932887719657	24.707976998825583	5.945038658064256E-4
124.0	25.24380214793417	24.6636275280742	22.81501338067688	27.27752091321881	3.603009593913796E-5
125.0	26.503362021987126	23.909277199050617	24.0249866014529	25.561509464553524	8.647129558320835E-4
126.0	24.086058387704114	24.149291046597785	24.577093311768174	27.187503208922326	5.4045007601430324E-5
127.0	26.09184552139591	22.97535966103771	27.3616390383098	23.570435196160734	7.205830958411547E-4
128.0	26.16441559349319	23.42245029798331	24.631317485807017	25.772737148129828	0.009079474586658722
129.0	24.885305420761163	26.167423911200892	22.129230755927665	26.814977426780928	0.0030624853293441763
130.0	26.172712690525053	24.176451132197293	23.592535799109925	26.058300378167733	0.0
131.0	26.00156046401736	24.581199525195224	24.14948676010595	25.267122723775348	6.305269061143635E-4
132.0	26.86440682546194	24.985655533559207	22.125499534221436	26.01834902712541	0.0060890796320106156
133.0	26.830415538704354	25.676808914671913	24.346475434156275	23.144678765160272	0.001621347307185325
134.0	27.191133412610384	22.812478551150363	20.98037523709705	29.01601279914221	0.0
135.0	26.374117116377064	23.770502139385005	25.864490964719245	23.990547506740974	3.422727777129261E-4
136.0	27.87088929121517	26.162509795444105	24.319579178713937	21.64068059196008	0.006341142666702697
137.0	28.924492785292905	21.463683803483836	23.941960956974416	25.6696823050024	1.8014924644470958E-4
138.0	25.043062187166402	24.110969842238017	26.92059516428121	23.924255945572135	0.001116860742236827
139.0	25.630705023446982	23.83004686513735	25.110425619608417	25.427651583932114	0.0011709078751300608
140.0	26.82685528153702	21.391315688879136	25.559689191862095	26.22188764027132	2.52197450427889E-4
141.0	26.001901959551567	25.334342619692578	24.722753997078424	23.940677164613895	3.242590635362216E-4
142.0	28.82041672491342	22.788346661632225	23.524471563813705	24.866530861653267	2.3418798738123064E-4
143.0	27.146938159346785	25.302955898412183	23.70459894890021	23.84538089307093	1.261002698906062E-4
144.0	28.140756383888448	24.980404865826248	22.872579115973473	24.00568317437751	5.764599343231991E-4
145.0	27.937753494543028	22.29480171243642	22.705851304818548	27.060981003052518	6.124851494869086E-4
146.0	27.492005263051706	21.439423744837107	24.821208282533068	26.24255289712838	0.004809812449740162
147.0	26.591621046639606	24.231629044780583	26.28475543522316	22.888571845462945	0.0034226278936967803
148.0	24.45026300619686	24.288982562328865	23.621036892924053	27.639285199596486	4.32338953739732E-4
149.0	27.97329314418589	24.556483022054792	24.236221249759506	23.23198496005465	0.0020176239451609812
150.0	25.89027587220698	24.03636765858833	24.44935809486476	25.623998374339934	0.0
151.0	26.511289974479602	24.071214987819893	25.507768714507712	23.909311972536116	4.143506566737299E-4
152.0	27.356731014342888	23.987598262243427	23.123439986956917	25.532194705841555	3.603061521374712E-5
153.0	24.920974984749876	23.050893442968494	24.950250181326066	27.07732291028242	5.584806731457631E-4
154.0	22.961248401781898	24.6401138015963	24.656742295989723	27.739481396353945	0.0024141042781350795
155.0	27.647914964030228	23.545480031768133	23.79914583504498	25.00731503062223	1.4413853442820962E-4
156.0	25.881652164951273	23.502832717253668	25.83958121477121	24.77559156981039	3.423332134566502E-4
157.0	25.21957957187479	22.813915726992704	26.236867026344502	25.729313359345834	3.2431544217167383E-4
158.0	25.117332149441374	21.10466993486192	25.916801560200476	27.861088248478932	1.0810701729856419E-4
159.0	27.080088944673005	21.591281533746056	23.948322575611712	27.379874510965564	4.3243500366758935E-4
160.0	26.659830475430613	21.004440821539372	25.78299975819271	26.55271092641022	1.80184270850113E-5
161.0	24.717023322658548	20.762818525005862	28.60623524394131	25.91019307046565	0.003729837928631804
162.0	25.757622988673923	23.676451536003633	24.354697203968676	26.211228271353765	0.0
163.0	25.58327019081504	23.95261653285859	26.58261879427672	23.88142240497764	7.207707201310362E-5
164.0	25.566578988955925	23.558791247701816	24.84631473409003	26.026855435930973	0.0014595933212613553
165.0	26.746017415573824	21.855712608793276	26.292571693006995	25.10524777421816	4.5050840774831213E-4
166.0	25.073790806599877	22.90577645192501	25.793741112350343	26.22663756662527	5.406249949316406E-5
167.0	26.651544226200087	23.402808614564833	26.36008252404789	23.585168162210792	3.964729764019285E-4
168.0	26.24538835996915	23.761595218798675	23.784555423573426	26.208370886964964	9.011069377845132E-5
169.0	26.837539429333944	22.268332500080202	25.1362071494921	25.757740693307458	1.8022778629454194E-4
170.0	31.209924177991127	22.806367758280828	23.158542056081505	22.82498577515023	1.802324963155972E-4
171.0	26.13904918042242	23.369135781107612	26.22778027707605	24.263439976468145	5.947849257708413E-4
172.0	27.542183302470175	24.239774390528467	23.957059818907712	24.260910412995717	7.207509792753462E-5
173.0	29.136259562685467	19.881538649763318	23.094503666510686	27.88632870898498	0.0013694120555469565
174.0	24.498952109106785	25.1923565859821	24.141420493542107	26.16692845169278	3.4235967622865226E-4
175.0	25.469987642383778	23.949629649917995	23.180422998788742	27.39875241773572	0.0012072911737645176
176.0	24.748432500769425	24.526596852676334	27.66476671128246	23.05899664192256	0.0012072933492191513
177.0	22.540527467996473	26.00195059501798	23.712362202283767	27.72068719188564	0.024472542816137317
178.0	25.340263020327935	23.112351352573775	23.78674165778742	27.760355652814322	2.883164965509238E-4
179.0	28.426068261316967	24.240120238530753	22.590859204501015	24.741925077987446	0.0010272176638186907
180.0	26.673005344690914	22.16303954428013	25.164100026073864	25.999656323671548	1.9876128354254764E-4
181.0	27.813133436278655	22.027770624608323	26.192893805202438	23.965478271365573	7.23862545017464E-4
182.0	25.975591267160524	22.516909500836384	25.544680775617174	25.962691813786172	1.266425997482345E-4
183.0	24.048129259454658	24.723128662398256	25.843532142260084	25.384685249956757	5.246859302392062E-4
184.0	26.57554198948408	21.945118928288394	26.08571593997315	25.389714955689126	0.003908186565246813
185.0	24.99680228650536	24.09905439948388	24.361818703846865	26.541781858227044	5.42751936855516E-4
186.0	27.276143585675882	23.22004256229195	25.077194362613213	24.426619489418954	0.0
187.0	24.75638569505718	22.706725329707762	27.379603725442614	25.15670531282072	5.799369717249917E-4
188.0	27.45147757176074	27.6426184303939	22.391156554440435	22.51447557607328	2.718673316420769E-4
189.0	25.418446899693826	23.391845088731912	24.43185402101261	26.75691146094266	9.42529618993277E-4
190.0	28.72516548788404	21.352428058972183	25.11435100851671	24.80776540917567	2.9003545139576843E-4
191.0	26.89361563068477	23.641192852759733	24.17509358876136	25.28973482881699	3.6309897715018137E-4
192.0	26.922587402798275	23.235980156677492	24.190835199946548	25.65054277184482	5.446873285937063E-5
193.0	28.15234116949342	24.11123664753114	21.717443545836108	26.018742575404474	2.3606173486490187E-4
194.0	27.92779360927352	23.100989284865953	23.961392538849715	25.009824567010813	0.0
195.0	26.4402561553235	21.480579658762284	24.274799926331188	27.803837534841026	5.267247420047725E-4
196.0	28.615702027853857	22.504388584581317	25.73866616164559	23.141206806130178	3.6419789056581784E-5
197.0	25.061847905968232	23.959704834818783	23.840389328083038	27.137511531312807	5.463998171381946E-4
198.0	27.301065373252843	23.236985339623303	24.053421192447367	25.40847335910041	5.4735576080991135E-5
199.0	25.952682159169715	22.893955298230896	25.42985177726676	25.723017097897362	4.936674352642008E-4
200.0	27.842645831519985	23.242162499807996	23.813595459841704	25.101596208830312	0.0
201.0	25.460561927612137	21.106519004008543	28.34821297948913	25.08446835591187	2.3773297831875236E-4
202.0	25.468463922622135	24.883989350777465	27.883394780769	21.764151945831397	0.0
203.0	25.759614811139564	24.50899141126024	22.262721107999752	27.468087231709365	5.85437891077085E-4
204.0	25.73667202272893	23.335958303951838	24.080488771480816	26.84686260511013	1.8296728288827763E-5
205.0	27.573436308357106	24.103463696473508	25.172968909876847	23.149325982993314	8.051022992257844E-4
206.0	26.116749378676314	21.042528167497263	25.634860957265776	27.205788297392846	7.319916779866129E-5
207.0	26.08350600695551	23.594132275468315	26.681117501097724	23.64100627738244	2.379390960108046E-4
208.0	28.43407146617772	22.159380896904267	21.437107376471182	27.969403647925205	3.661252162884715E-5
209.0	27.087604379532376	20.74019729097957	25.16601579843854	27.00554170246915	6.40828580368784E-4
210.0	24.997541538837368	24.355686315371948	24.512789766502046	26.133817566249807	1.6481303883562884E-4
211.0	25.20174611248911	25.40052934369844	25.133073210369332	24.263918627098814	7.327063443027411E-4
212.0	28.68530977966264	22.3033990163491	24.13010595559973	24.88107529411851	1.0995427001909906E-4
213.0	29.72496285115378	23.010776465894207	22.307167050256922	24.956855263987844	2.3836870724948915E-4
214.0	27.858864683821004	24.48988279703922	24.37936451344706	23.271851306943386	3.669874932497238E-5
215.0	25.918419704770514	24.641924131925446	22.982584715487825	26.45683236581753	2.390819986887272E-4
216.0	26.11232134811629	24.384053359839847	25.869508065752257	23.63409864696019	1.857933142275875E-5
217.0	29.17422829263029	22.90335712774928	25.20565093492515	22.716145413275527	6.182314197572149E-4
218.0	24.522175875882482	24.556568511207292	25.011481543595927	25.909679532108896	9.45372054007971E-5
219.0	26.76518121794846	22.531300206164392	24.327799286240964	26.37512757626756	5.91713378620403E-4
220.0	27.946238789841672	21.614577241811173	24.70211378135748	25.736897627148803	1.7255984087681872E-4
221.0	25.934134972471128	22.755316131705342	23.90487368304601	27.4055593708315	1.1584194602112842E-4
222.0	25.76009048549896	24.606775054899572	24.052949472489914	25.580028869963588	1.5611714796607653E-4
223.0	30.787875058138226	22.501496110113706	23.803693784426805	22.906244686688705	6.903606325596955E-4
224.0	30.18470353064206	22.613397344167396	24.289331026665117	22.912548322563346	1.9775962080779267E-5
225.0	30.90323990583077	19.84390370780893	23.72565009796535	25.526331331471663	8.749569232855666E-4
226.0	25.26275130363273	22.809347368708753	25.651102925438863	26.276718014800533	8.038741912774424E-5
227.0	27.175064960808232	23.753172894252295	25.106230266517027	23.964272672510194	0.0012592059122560949
228.0	27.462529595859774	28.00652409775862	22.79767318335037	21.733150689068545	1.2243396269151477E-4
229.0	27.677628396853134	25.221068961999993	21.598067425416474	25.5032146511758	2.056455460465055E-5
230.0	25.73750600159268	22.95295373804298	27.118505156286243	24.191035104078097	0.0
231.0	25.33322468072094	24.766620909355158	23.990244787614948	25.90858646871729	0.001323153591668921
232.0	24.830414622239193	25.335345204045943	24.403810228163277	25.430239987133486	1.899584181022774E-4
233.0	23.199640369927174	25.310823439308372	21.791580199341958	29.697422352306834	5.336391156617958E-4
234.0	27.098845468152653	21.604743798974	26.387847644437816	24.90750138022068	0.001061708214848141
235.0	25.687433392491226	22.09759186760046	27.4251828242352	24.78959435684174	1.9755883137365947E-4
236.0	28.372043921265323	23.898284554769898	23.736041240916876	23.993430257044526	2.0002600338043944E-4
237.0	27.878927897787598	24.188263831963646	22.386488729868674	25.54611747214433	2.020682357489693E-4
238.0	27.193104299605412	22.298541033586666	24.093940186855548	26.41434627951857	6.820043380022592E-5
239.0	27.537003052463643	23.483059287881442	24.14159834742754	24.83718656915997	0.0011527430674031925
240.0	25.842996286944263	21.7340096271803	25.98264293220399	26.440113457253982	2.376964174633656E-4
241.0	29.098034362069154	21.72488685413436	23.005639739755583	26.168987500699163	0.0024515433417391917
242.0	27.163342850396067	24.495655305822105	20.383067738111425	27.957027718743365	9.063869270382376E-4
243.0	27.828959797588954	22.846046599499235	25.101695766442912	24.220810744238435	0.002487092230467358
244.0	26.697597578311395	22.52556700813524	26.223736842660216	24.552163981599616	9.345892935367639E-4
245.0	29.056564532425018	21.09724563444022	23.067250190266382	26.777258526203447	0.0016811166649335154
246.0	25.028317665989157	26.668889735772357	22.756264050566642	25.544074510347375	0.002454037324464154
247.0	25.31547420796517	23.293612712978103	24.527870958188316	26.726127411955066	0.13691470891334773
248.0	25.789803823855785	22.88777214092078	23.865393400145056	27.44669693378802	0.010333701290360589
249.0	25.428119369917564	21.731794285703216	28.51859036722033	24.305681189872626	0.015814787286267267
250.0	27.56859827331528	21.875612186563515	24.308312628733656	26.24662728443447	8.496269530799583E-4
