# Position (bp)	A	C	G	T	N
0.0	21.83954727924493	19.906891505444197	28.965334371601575	29.288226843709303	0.0
1.0	22.8748322147651	34.29765100671141	21.787583892617448	20.96208053691275	0.07785234899328859
2.0	23.148824351317373	24.37932885816518	22.864040923445277	29.606805456903995	0.0010004101681689492
3.0	26.499520153550865	19.291826615483046	23.10027457880145	31.105379611857536	0.0029990403071017274
4.0	27.47872241239228	29.14596624888451	18.5614486074668	24.813862731256407	0.0
5.0	25.8006158839531	28.25849833392084	26.264191602428948	19.676029078235885	6.651014612279103E-4
6.0	33.176491361157254	24.229959323541337	20.096917221444734	22.490419451456376	0.006212642400303439
7.0	26.666644893266795	21.69708410628903	16.920544509184023	34.71507328926397	6.532019961853003E-4
8.0	26.000176256891155	24.060044847586752	33.402965685394506	16.53681321012759	0.0
9.0	27.6295573829849	23.18414159569159	23.176312862282796	26.00998815904072	0.0
10.0	29.09628364615279	19.14820113873019	27.310295828675535	24.445219386441487	0.0
11.0	20.820523320355363	17.049660727939315	24.806050271769557	37.32376567993576	0.0
12.0	33.028181939003474	22.883190198026696	16.750628128777475	27.33799973419236	0.0
13.0	31.596132150477825	22.54779031654898	29.61632617146377	16.23912285167482	6.28509834607637E-4
14.0	29.457916142728575	21.185077406953297	19.71846885691081	29.638537593407317	0.0
15.0	23.92655203983247	22.46537926923112	24.696678903937926	28.91138978699848	0.0
16.0	28.030793709944074	19.39867680504908	17.761688862862705	34.808840622144146	0.0
17.0	16.21769848695035	29.51751929072315	20.707575806456344	33.5560332818132	0.001173134056961524
18.0	26.057817813599303	19.65706158141495	26.142103753650925	28.143016851334817	0.0
19.0	27.925887170553626	23.60760770123375	26.28614520338938	22.179775346581827	5.845782414132764E-4
20.0	16.362578819280664	23.29983302900434	31.387074650793327	28.95051350092167	0.0
21.0	26.61443098121724	24.589472253449735	25.15921312329566	23.636317299224395	5.663428129681178E-4
22.0	24.650113243665867	23.0749968002404	23.52630202391751	28.74858793217623	0.0
23.0	27.14697549306023	29.626056951349923	21.447155188570044	21.77981236701981	0.0
24.0	30.18327070254686	22.191655708571524	20.701996665804693	26.923076923076923	0.0
25.0	28.165811706702193	28.0817783167261	21.56865873668031	22.183751239891393	0.0
26.0	22.464255989142938	21.11374998012013	22.25777037952002	34.164223651216915	0.0
27.0	23.7705156751805	24.35431388486599	21.552347239468467	30.322823200485043	0.0
28.0	27.277891538410724	29.186868353259793	18.49184226170817	25.039963009445803	0.0034348371755069684
29.0	25.76910903623991	19.936962599567444	21.935696576462522	32.35770427810308	5.275096270506936E-4
30.0	20.705918911232132	24.391149547575658	24.170204249312675	30.732200604636954	5.266872425816101E-4
31.0	28.231765866491287	20.23781650772772	23.272870766195332	28.257283788227554	2.6307135810588623E-4
32.0	18.951380916477735	25.89681415882707	21.90104898687256	33.25075593782263	0.0
33.0	30.3705743509048	24.987149226330974	22.172043010752688	22.470233412011538	0.0
34.0	32.67022536067137	26.894768824583277	16.041363269667983	24.393380619610884	2.6192546648925584E-4
35.0	29.511051609040013	24.747341364369706	23.11986674790094	22.62174027868934	0.0
36.0	23.40748138020459	25.256259100759955	25.126332272830652	26.20966582401581	2.614221889925573E-4
37.0	23.64769846041247	26.234676007005252	19.412395117233448	30.70523041534883	0.0
38.0	23.898532770904225	27.64474970336569	18.166564739458373	30.29015278627171	0.0
39.0	32.39359325143274	21.31375454386281	16.973075244538872	29.319576960165577	0.0
40.0	24.63102716601687	25.90257235734967	25.542745450554506	23.923655026078958	0.0
41.0	23.862329898200212	29.582558163841217	22.36903990468028	24.181891343882604	0.004180689395681348
42.0	28.767345189853245	24.503648662418385	19.85771131020032	26.871294837528055	0.0
43.0	23.628521117561306	27.293461733400914	27.52310835453885	21.551773687043124	0.003135107455808048
44.0	27.30196131701863	21.999247656764297	26.790211178566576	23.908057387070144	5.224605803492127E-4
45.0	27.257577934204857	28.18978464431704	19.897872562719567	24.651891708349112	0.0028731504094239332
46.0	29.286740317062343	27.039619734127296	23.563164355297868	20.110475593512497	0.0
47.0	25.343347583444103	22.076616325560625	22.446144243851865	30.132586094781956	0.0013057523614531457
48.0	23.928358801349475	24.436239437649494	23.222287212375054	28.413114548625977	0.0
49.0	14.659014655620336	18.073437373529018	29.471818022783708	37.794424441177775	0.0013055068891598541
50.0	28.31050705151969	22.91730846547862	23.537090314799052	25.234833097499465	2.610707031678319E-4
51.0	23.180377681596767	34.24743000046988	13.952917713026725	28.616925189388997	0.0023494155176284476
52.0	18.435214715600353	22.703949806607195	22.37719165461768	36.48364382317477	0.0
53.0	23.52812248859758	27.33162514481333	26.39020800935155	22.748478807677454	0.0015655495600805738
54.0	23.886469604423073	34.52459538228319	18.956434615394652	22.632500397899094	0.0
55.0	26.90857865835366	30.52838900700432	18.411572123599463	24.150416737318533	0.001043473724027287
56.0	29.625175751852733	18.920159748325954	23.65861229728214	27.796052202539173	0.0
57.0	21.091237286853453	32.01430497987547	25.422119505533917	21.46790378831551	0.00443443942164476
58.0	28.83267081911797	25.56000709464042	27.656577670662617	17.950744415578995	0.0
59.0	24.810645578600344	24.828902891958435	25.406094812836454	24.95200934774444	0.0023473688603263365
60.0	21.68442846302878	22.945442124010107	30.114914954589427	25.25521445837169	0.0
61.0	25.056320400500624	25.00365039632874	20.22163120567376	29.712922403003756	0.005475594493116395
62.0	28.743664087107067	17.57707390333952	30.802183934419393	22.87707807513402	0.0
63.0	28.25822263358928	25.383722900833018	25.924728519469685	20.431500866912618	0.0018250791954008004
64.0	20.03811023293642	21.99210685462849	27.438585698496443	30.53119721393865	0.0
65.0	19.24341119217606	30.690511751810927	24.024157875941956	26.037487977103712	0.004431202967342034
66.0	28.50637807630754	23.997153715027448	24.8898758790381	22.606331680819896	2.606488070104103E-4
67.0	23.800935168919445	28.073572876973678	21.846411276239724	26.278820039929734	2.6063793741561847E-4
68.0	21.546039771690687	23.760848601735777	31.040162631290887	23.65294899528265	0.0
69.0	27.956196199744078	20.231372048234217	27.75031208383393	24.059252927333333	0.0028667408544451422
70.0	28.059209154958936	21.8540250969275	27.02453412264977	23.06223162546379	0.0
71.0	19.136382936047948	24.82176208722652	22.725887412509085	33.315186104606184	7.814596102600438E-4
72.0	23.717387680253395	32.826175293823454	18.168083687588563	25.28705092939902	0.0013024089355672252
73.0	22.245085603102705	21.66111433803132	25.130039096381307	30.96011439793917	0.0036465645454947996
74.0	23.835928262239747	21.845325221250462	25.74058350739932	28.577381665512014	7.813435984518979E-4
75.0	15.55407400848475	26.312362786894212	24.26852230437285	33.86295747467987	0.002083425568319431
76.0	25.83801210404058	22.35315257132738	27.393985479317923	24.413808189498027	0.0010416558160852491
77.0	18.50912461980751	22.155066455564352	26.05828923794842	33.27673846923045	7.81217449272947E-4
78.0	18.814737664366618	33.35242806926181	18.16924879572972	29.663325087879183	2.603827626611118E-4
79.0	24.321199812529294	22.224131646096964	24.595115346560434	28.85720981096704	0.0023433838462740197
80.0	21.31839461747965	28.598545011430566	35.27019356451369	14.809742278510015	0.0031245280660733535
81.0	20.22308084858205	23.044918193274246	30.06071714973078	26.67050271300472	7.810954082004603E-4
82.0	26.12347337535375	22.282015834459344	26.781376676325635	24.811832366134773	0.0013017477264975958
83.0	22.033024676092122	22.950926362209316	23.527803882469016	31.487464107857356	7.809713721927332E-4
84.0	21.421561609246268	25.668805560255624	30.511382124402907	22.396949148130314	0.001301557964883966
85.0	25.263481205571303	22.255019092463748	24.365471663243817	28.115247160858235	7.808778628934649E-4
86.0	25.2710870029204	21.798102000551804	28.172225490247115	24.756242939764807	0.0023425665158747925
87.0	22.14278091985914	23.999052603907746	28.32401987449604	25.533105507130198	0.0010410946068696628
88.0	29.684677885291038	26.776094232280702	20.547207228777697	22.99097964303746	0.0010410106131032006
89.0	22.94227866548691	23.549159423307138	24.555509290584503	28.952792380159266	2.6024046218706083E-4
90.0	19.176781030103676	24.502956239330477	32.24486821834534	24.07539451222051	0.0
91.0	26.798162869670435	25.8272941360153	29.779206078663528	17.594816482129612	5.204335211230956E-4
92.0	31.80926359614884	22.26671870934166	18.461618527192297	27.462399167317198	0.0
93.0	27.24673053804962	29.257846448477025	19.083353715971835	24.41180909360575	2.602038957727275E-4
94.0	31.825313603401305	22.45949370711615	17.95000559425275	27.761023930391882	0.0041631648379097785
95.0	27.80211889101657	26.802514361834984	21.642921072350347	23.750624427608024	0.0018212471900757637
96.0	22.212278410539515	23.521392781139596	26.490834638458615	27.775234011998478	2.6015786379174886E-4
97.0	21.945166350588842	26.431910592899566	25.284144859898177	26.33851805025507	2.6014635834120274E-4
98.0	23.868785931687523	22.449988293748863	27.88481048880102	25.7964152857626	0.0
99.0	17.647074124942772	24.886325800141506	28.66670828651101	28.799891788404715	0.0
100.0	19.99334101544312	22.523495030472656	26.33082147418473	31.15234247989949	0.0
101.0	14.976824275465987	16.556206984450675	40.73803367893168	27.72893506115166	0.0
102.0	23.10237375602803	23.256098258829404	28.88980216098675	24.751725824155816	0.0
103.0	25.795569519836242	20.50885237715002	27.104374039269334	26.5912040637444	0.0
104.0	19.023901791984187	37.83167312543889	22.89812478868111	20.24604020910817	2.600847876407709E-4
105.0	28.35935021092657	22.78475086737374	22.575124709358274	26.278173391522365	0.0026008208190504926
106.0	21.654018402833767	26.718438723973097	24.221208511700727	27.40633436149241	0.0
107.0	19.22872866104216	26.389047822151944	25.885547244790747	28.495896054178328	7.802178368200402E-4
108.0	20.420571927890066	33.03460902310389	25.31207414881776	21.232744900188287	0.0
109.0	20.338590765469984	26.320881064142405	24.520524789681044	28.81922321765249	7.801630540783023E-4
110.0	28.38103856725671	28.37297717586055	18.985096827712464	24.260887429170275	0.0
111.0	29.762297916823773	19.289728180737836	29.860592837992805	21.086860985497598	5.20078947984304E-4
112.0	29.73244955963002	24.37910043347904	25.3183483590465	20.570101647844435	0.0
113.0	23.208096167997567	26.121686944357048	24.677762840731504	25.9919339950127	5.200519011797377E-4
114.0	21.838076219004826	31.11322599434182	26.58356215676485	20.4651356298885	0.0
115.0	22.63078927318635	22.966489758664896	22.970390229061625	31.431810676367572	5.200627195639794E-4
116.0	29.828302186072275	26.117934009584705	25.92941225417413	18.12435155016889	0.0
117.0	22.421889626193497	24.951376032284234	27.576290225282385	25.04966405258669	7.800636531941007E-4
118.0	27.291330270339138	22.827107238598927	25.78713490435294	24.094427586708996	0.0
119.0	27.95799293815425	23.234928575514427	25.289780084346937	23.517038392936072	2.6000904831488135E-4
120.0	27.7678975366999	22.01603719130747	29.827927801438353	20.388137470554284	0.0
121.0	32.92608414172168	18.179312711738813	25.677499200495042	23.216323941208437	7.800048360299835E-4
122.0	25.255448262951813	16.446448164152482	28.932343260065828	29.36550031459786	2.5999823201202233E-4
123.0	26.81559016917689	31.353233132359403	21.76524268967077	20.065414024496462	5.199842964742464E-4
124.0	19.891118685312723	21.825659904481864	24.08960089850483	34.19362051170059	0.0
125.0	19.903650917864095	24.604633387322792	30.540007227481063	24.950928523332024	7.799440000207985E-4
126.0	28.109596306233232	24.005584326449117	24.300919282044884	23.58390008527277	0.0
127.0	27.064035336295355	22.876039589545737	26.193886862499905	23.864998297139977	0.001039914519026536
128.0	22.367261411112008	28.480658889839255	21.23167475633503	27.912085626561495	0.008319316152212288
129.0	24.442272144675165	30.96965742081577	23.52297336997356	21.062237254998816	0.0028598095366848568
130.0	29.469819876034776	21.59095636257748	28.34066516910021	20.59855859228753	0.0
131.0	28.420557272965997	24.41585656603999	20.70806998021439	26.455256185927517	2.599948521019284E-4
132.0	18.522832451095603	32.29510072069636	24.568154164543405	24.607932859802197	0.005979803862433312
133.0	26.56589606797076	25.24646678938009	26.522738381222766	21.663338845037906	0.0015599163884815774
134.0	22.995166821359582	21.18772960198423	27.113378207278103	28.70372536937808	0.0
135.0	27.626208266387962	22.71176834563048	28.155271655201457	21.506491750770845	2.599820092449603E-4
136.0	26.25830638200518	26.024843751624875	29.596718004180488	18.113892326410916	0.006239535778538076
137.0	32.45929426935066	26.370918052988294	16.743749528793632	24.425778172941186	2.599759262292312E-4
138.0	24.959444704414288	22.165808766183122	29.562730723236104	23.310715956948993	0.0012998492174907711
139.0	25.237155640131753	27.383189961082817	31.089811081388124	16.289063413949354	7.799034479531434E-4
140.0	22.59957210187407	23.8325738098271	26.4449360622454	27.122658063643996	2.5996240943559565E-4
141.0	23.364971910039333	18.54509342089186	30.234988574236265	27.85494609483254	0.0
142.0	26.026168632477077	28.37058277591321	21.82114548210233	23.781843138988037	2.599705193431065E-4
143.0	27.09412752593856	23.100460407789758	26.59030465945162	23.21458746578138	5.19941038686213E-4
144.0	23.427718736351725	23.893839818646924	30.371960984131608	22.305700559449285	7.799014204604538E-4
145.0	22.903023701389017	21.717564296874393	26.15445808127156	29.224174012962063	7.799075029701478E-4
146.0	22.02768115715972	20.825859316913895	24.56130773190248	32.58073237561937	0.004419418404537963
147.0	25.245214642427268	27.894546655124095	25.691839350288436	21.165019770552405	0.0033795816077969547
148.0	25.77444211051723	27.539618992159394	24.364640309464882	22.320778653578188	5.199342803069692E-4
149.0	20.42018073855305	28.68522581919905	20.34374642526596	30.5492871330373	0.001559883944634519
150.0	20.128845408907388	30.06756844587375	25.804178896494705	23.999407248724154	0.0
151.0	23.59948419837564	27.755794968854318	21.706565031561652	26.937375859236074	7.799419723172595E-4
152.0	24.82958179293993	28.194788920606694	25.453538615127837	21.522090671325543	0.0
153.0	27.30491752135086	12.281454328016743	28.26268377334945	32.15042441731987	5.199599630828426E-4
154.0	28.2313729874195	23.918802629971168	29.35449234744945	18.492992203159815	0.0023398320000623954
155.0	20.854565307820298	24.233049084858568	27.70460690515807	27.207518718802	2.5998336106489183E-4
156.0	25.754845754845757	28.18350818350818	27.88684788684789	18.174798174798173	0.0
157.0	24.77711825407349	21.336588485808107	29.065755639967655	24.820017627742637	5.199924081108415E-4
158.0	29.474316408535113	20.47043468539323	23.903666707399193	26.151582198672468	0.0
159.0	27.33873546454949	21.008519145329807	25.39079661937852	26.261428835110213	5.199356319687623E-4
160.0	23.200744528469635	28.50836944625695	26.11308825937875	22.17779776589467	0.0
161.0	32.075314742941515	18.635797639070496	26.681206928374046	22.604821162579707	0.0028595270342285386
162.0	33.504215290469	12.714761445494982	28.84958834952466	24.93143491451136	0.0
163.0	17.907956752203855	23.942006982662928	33.467908606664984	24.682127658468232	0.0
164.0	27.99762903804458	28.759872508800115	23.499820618009952	19.740598043956386	0.002079791188964628
165.0	27.474041606222737	16.017511841811082	27.070822089462215	29.437104514706725	5.19947797241157E-4
166.0	22.368475785401564	25.44456692422084	21.61583178211541	30.571125508262188	0.0
167.0	17.103234545497088	26.935306490150246	30.28580788240096	25.675391091155376	2.5999079632581007E-4
168.0	24.36276752844277	21.177645125730567	24.81800786206036	29.6415794837663	0.0
169.0	19.75087811434856	21.427810030912745	29.113357997665297	29.707953857073406	0.0
170.0	22.77988062308924	27.34568350560489	22.098766715887113	27.775669155418754	0.0
171.0	22.078944905958558	25.656054730144206	25.390409748287084	26.873810835819967	7.797797901872512E-4
172.0	26.14404856094113	27.60450848908546	21.984461536466103	24.266981413507306	0.0
173.0	24.539925039231196	28.73694995266318	22.965748894393506	23.755819834775053	0.001556278937061486
174.0	27.66863512465604	34.1565066743434	12.819355725515521	25.354983777727636	5.186977574102459E-4
175.0	26.969208945043942	23.16136711972801	29.503966555929868	20.364938705753904	5.186735442778638E-4
176.0	17.704186818458826	27.70742839360502	28.142058789206853	26.445029368670824	0.0012966300584780156
177.0	27.13483262621757	23.183628800531114	30.486198275951494	19.17148162363461	0.023858673665210942
178.0	22.2444952141881	20.67169926793026	25.922218562882016	31.1613276316779	2.593233217242926E-4
179.0	19.20590424276686	28.385902220055442	30.779703387522982	21.627452861747678	0.0010372879070382577
180.0	25.302498579910203	21.640093479518285	25.292901626035242	27.763987560272763	5.187542635116032E-4
181.0	21.22401338399886	25.12819847744044	29.40199981843412	24.245010180658046	7.78139468530743E-4
182.0	25.752229355468852	24.47161296005555	19.017788209935073	30.758369474540526	0.0
183.0	22.39664947719308	17.40997542017514	27.74930132689613	32.44381476809751	2.590076381352486E-4
184.0	21.051868235464745	20.669078741197524	29.32224504225447	28.9537000826183	0.0031078984649571496
185.0	28.16474299047269	27.944622986225664	22.23108457010563	21.659290488485134	2.5896471087884855E-4
186.0	28.55441031750142	29.76640596674781	18.57616408556482	23.10301963018594	0.0
187.0	23.3816760476917	22.81156184353331	18.437405293954615	35.36883876465758	5.180501627972637E-4
188.0	28.84640789524809	29.179780083148778	27.563430081206047	14.410122909948065	2.590304490292834E-4
189.0	22.482210530951217	25.023119186204646	27.254476832891672	25.239157295948893	0.0010361540035695505
190.0	31.962002362547402	24.51065218742876	18.51957391250285	25.007512486270283	2.5905125069943837E-4
191.0	25.639338145750962	28.012986272691	23.38384126276733	22.963834318790713	0.0
192.0	18.507980928689886	20.268708540630183	28.958333333333336	32.2649771973466	0.0
193.0	23.302331969411526	24.961323876578465	23.04500941961197	28.691075597892702	2.5913650533691634E-4
194.0	24.98956953942714	22.778830181736197	26.748883746362296	25.482716532474363	0.0
195.0	27.30530914971196	28.934827058082675	25.8452735428798	17.91407195482545	5.18294500117912E-4
196.0	33.81820443900707	27.818313301728587	20.227471248577654	18.13601101068669	0.0
197.0	26.568769765151124	24.805847892581266	18.15957281352066	30.465291098553582	5.184301933744621E-4
198.0	30.019107570175596	18.836901203232472	23.484163013240483	27.659828213351446	0.0
199.0	32.93009288792768	16.023297184318487	26.7308220918714	24.315528517268024	2.593186144087795E-4
200.0	28.417648645284427	27.681942657980997	17.88151943902743	26.01888925770715	0.0
201.0	26.847010861108515	23.07855890621272	31.163445678897084	18.910984553781677	0.0
202.0	25.550803609173876	27.475471570882814	26.15120872052763	20.822516099415676	0.0
203.0	20.898596057132927	23.110720334477133	25.41855030514295	30.571614573201888	5.187300451035774E-4
204.0	24.00357948797759	19.538038544341553	28.78842113454206	27.669960833138795	0.0
205.0	31.241423498252924	22.080876573601625	22.197348385607302	24.47983273713946	5.188053986889788E-4
206.0	26.494546888457666	26.265734120601454	16.997519897890356	30.242199093050527	0.0
207.0	24.59197176885752	23.070655699421366	29.03785775448247	23.29951477723864	0.0
208.0	32.26184018955722	25.2632234590041	19.291548042011943	23.183388309426732	0.0
209.0	17.99428868120457	25.819055036344757	27.384215991692628	28.801921079958465	5.192107995846313E-4
210.0	23.91043551419342	22.86916916812946	27.520591626245107	25.699544024014042	2.5966741797106265E-4
211.0	31.791799434390022	21.846880185731983	26.306057843878143	20.05448345889459	7.790771052611078E-4
212.0	26.098655640285077	19.545421488977084	25.725943856878676	28.629979013859163	0.0
213.0	40.35260897913804	15.455671902722107	23.210004182263567	20.98145516795295	2.5976792333729046E-4
214.0	26.112170609907555	26.05552928460447	20.489090049314328	27.343210056173646	0.0
215.0	26.24281243176359	20.40437544841068	24.98726253730257	28.36502968608653	5.198964366298234E-4
216.0	19.900939305793905	27.891939469853416	25.734166304260082	26.4729549200926	0.0
217.0	27.3374148028014	18.631264960028368	23.961076548411825	30.069722206288034	5.214824703667587E-4
218.0	24.0705676490944	26.07764530746027	31.301009415113807	18.550777628331527	0.0
219.0	27.411876387657596	22.666970022673247	25.07211243001237	24.84851813205924	5.230275975511848E-4
220.0	24.473047684865236	20.58176792109066	25.990293396996922	28.954890997047183	0.0
221.0	27.50633369525878	24.782975866391812	21.17211390685403	26.53831426668135	2.622648140280204E-4
222.0	20.836158192090394	28.28642753908816	23.720404677440545	27.1570095913809	0.0
223.0	27.618106865805313	22.916485571667522	27.89337126450406	21.57150947620741	5.268218156913877E-4
224.0	25.817612218958157	24.53390433897483	27.595500166133107	22.052983275933904	0.0
225.0	27.750432212664496	24.190956049126854	19.765204104830737	28.292878932870895	5.287005070237862E-4
226.0	19.9548733750181	18.65980479729896	30.611804491355738	30.773517336327206	0.0
227.0	23.7950783733421	22.296667762797327	20.711114764879973	33.195494902992436	0.001644195988161789
228.0	27.285678718636753	25.372209466375278	19.13137292871172	28.210738886276243	0.0
229.0	31.64197973310457	18.536223336559708	23.079202304929012	26.742594625406706	0.0
230.0	23.57253674978484	31.191334908769576	24.11626374069202	21.11986460075356	0.0
231.0	19.615103589009113	25.100066662591225	27.931916826045573	27.352330716317198	5.822060368943965E-4
232.0	25.962997991686514	25.072392695343517	19.282728504039977	29.68188080892999	0.0
233.0	24.560966970430588	18.67343085394449	30.544520979031216	26.22020298416583	8.782124278768044E-4
234.0	25.670417778617484	18.37228113265475	28.13038754929977	27.826618331247193	2.952081808091066E-4
235.0	30.046636988583025	24.051664092547167	25.15671845189425	20.74498046697556	0.0
236.0	33.37691597184083	18.772467422237753	24.94445553946777	22.90616106645364	0.0
237.0	19.389771782026504	32.88240113577375	22.32614718777167	25.401367181392327	3.1271303575560854E-4
238.0	33.503186718073806	21.4304823353529	26.558501849083328	18.507829097489967	0.0
239.0	26.856304481355004	28.533828963155567	24.778096386845867	19.830497146839882	0.0012730218036809426
240.0	29.575789398624426	22.829518419841442	28.074457258059287	19.519586679890836	6.482435840091273E-4
241.0	29.505685653460716	20.52644218287554	26.083259774650813	23.88201620021808	0.0025961887948491615
242.0	19.335457323707175	14.755562483964521	28.728106498306328	37.180548924851664	3.2476917031220063E-4
243.0	22.658116352313687	24.661243089164003	20.16582756143778	32.51188777549899	0.0029252215855351043
244.0	18.42536033558641	27.677417885141708	29.231360016662165	24.665536329702586	3.254329071247026E-4
245.0	31.660896793670002	19.961446006222864	22.237652637113015	26.13802065250816	0.0019839104859588736
246.0	20.82192778342309	30.947077145098454	24.032252192017054	24.195432925436666	0.0033099540247385965
247.0	29.905172899534982	20.632600503137148	25.614586337075373	23.721027354353726	0.12661290589876933
248.0	24.57703025477707	18.94041932059448	36.15346337579618	20.318803078556265	0.010283970276008494
249.0	24.741734502400682	11.294566240843011	37.12545659737294	26.81921081276002	0.019031846623349738
250.0	28.449675053601126	34.81535163007541	18.485208760528195	18.24909662897333	6.679268219373885E-4
