# Position (bp)	A	C	G	T	N
0.0	25.10080418590225	26.154247261317714	25.161938497084886	23.583010055695155	0.0
1.0	22.249377261832027	29.576761851048637	23.75983903924873	24.335242392299307	0.07877945557129654
2.0	22.865020533903806	27.024669684105803	22.607147716955584	27.50160055143737	0.0015615135974373332
3.0	28.538193098100038	19.847084987944182	25.879896422475074	25.727248822273623	0.007576669207079284
4.0	25.7365121208343	23.13556454054824	28.599513741695315	22.52818695117824	2.2264574390395956E-4
5.0	29.35383329405854	23.55398357572551	21.99492243598579	25.095926833280718	0.0013338609494422237
6.0	26.782873056908585	25.357551011350647	23.111609173721526	24.741975212755335	0.005991545263905378
7.0	25.15979287830936	25.01362059877481	24.450857322566787	25.37506478089661	6.644194524297819E-4
8.0	27.737948029367587	25.783353205194853	22.372324211448404	24.106153345883207	2.212081059498344E-4
9.0	23.921789312235866	30.902269743012567	21.469098612996127	23.70640096218566	4.4136956977501183E-4
10.0	23.15038535475565	25.998880090298233	22.114909789950797	28.73582476499533	0.0
11.0	26.29327151285007	25.670899165932052	21.837704278836373	26.197913134874888	2.119075066115142E-4
12.0	26.759004836563925	25.75024763041523	19.92606315300866	27.56447715790739	2.0722210479636285E-4
13.0	23.797506273300463	22.786186633509992	25.650668981068275	27.76543293467355	2.051774477156569E-4
14.0	24.982268138174774	22.17577037340261	23.338169909739754	29.503588928833423	2.0264984943116186E-4
15.0	24.473120512016866	22.43287863754963	26.026059997484634	27.06794085294887	0.0
16.0	24.8710150758526	24.902373795943483	22.431937771676964	27.794673356526957	0.0
17.0	26.31118372288862	27.20393345415174	19.6496136786101	26.834104941265956	0.0011642030835859007
18.0	25.844431651241017	27.57998586757494	20.120414422775156	26.45478297870702	3.850797018712948E-4
19.0	23.21589865351561	24.92844538791937	25.66114174863846	26.194323651705304	1.9055822125333953E-4
20.0	21.452944372481966	26.235305397687213	27.00404013438288	25.307522094778655	1.8800066928238265E-4
21.0	22.445942282343484	25.112883171760043	23.318344567117578	29.122643008722154	1.8697005674541222E-4
22.0	22.117072157145028	26.792797272076257	25.826781294873268	25.262978230782647	3.710451227973834E-4
23.0	23.830927446682388	24.353900786491334	22.897626860738036	28.917175574633575	3.693314546673339E-4
24.0	27.039075207258684	22.65991605129343	24.63980723704599	25.660651381816248	5.501225856495023E-4
25.0	24.345596825506416	27.610935578056896	19.42415064309295	28.61895357266796	3.6338067577904276E-4
26.0	23.724189348345202	27.712346972954865	21.125565916433455	27.43753759269864	3.601695678325355E-4
27.0	21.924463052893138	26.099668754419458	23.275534787983037	28.700153477718743	1.7992698562923164E-4
28.0	27.233216515854526	24.474007961734966	22.673395162431213	25.615977909140238	0.0034024508390622845
29.0	26.551911278073604	24.94335061301156	23.08704799427691	25.41716150449495	5.286101429714233E-4
30.0	20.762461914315693	24.06267020015974	28.467298078445637	26.706699774313503	8.700327654339463E-4
31.0	25.649972348956172	25.079323931978433	23.731508364440757	25.538504078528963	6.912760956726117E-4
32.0	22.208864693547177	25.9824044917726	23.554313153598677	28.253905369498845	5.122915827077683E-4
33.0	24.31923022211384	25.334119097455073	27.699709402751527	22.646771931963666	1.6934571589207937E-4
34.0	27.503954476770925	25.183152497089946	24.016602906519367	23.29612166480524	1.6845481452282648E-4
35.0	24.680126101010707	24.404342591066015	28.432846881864403	22.482517890122917	1.6653593595694047E-4
36.0	24.429445566495087	26.642288406573478	24.486509328178187	24.441423965448976	3.3273330427462474E-4
37.0	24.761849326459338	26.016464327290873	19.20405787460502	30.01762847164477	0.0
38.0	31.497472900179556	25.168750415641416	19.37570659041032	23.958070093768704	0.0
39.0	22.46672894772713	26.634462260669512	24.71815603732874	26.180652754274618	0.0
40.0	23.651803329914884	27.007813681671838	23.284638411533866	26.055744576879412	0.0
41.0	22.08690912233353	24.40023133222099	23.223960168314132	30.28590801220477	0.0029913649265786097
42.0	24.833246369972052	26.20948310528992	22.233318820976226	26.7239517037618	0.0
43.0	25.066212951485927	27.181870445263407	23.424264679004263	24.325159592320958	0.002492331925442721
44.0	30.321440259690636	25.687975851694585	20.944534983976997	23.04571664947246	3.322551653218639E-4
45.0	25.437318631742084	25.185998495069107	22.67279712833938	26.701560244576182	0.0023255002732462822
46.0	24.7379872772269	25.73836929260717	22.102081153354263	27.421562276811667	0.0
47.0	24.31107870800167	23.671025032509213	24.904631338050976	27.11226847046436	9.964509737817142E-4
48.0	21.8348398408703	25.427212772881536	23.421487822858623	29.31645956338954	0.0
49.0	19.802659104644135	25.711928116511817	24.145785876993166	30.33796662172842	0.001660280122462262
50.0	24.338839545114965	26.56910434132979	22.407238316593343	26.684485764090642	3.320328712542542E-4
51.0	23.74419824569558	29.76075856070013	21.10294752358882	25.390933659139048	0.0011620108764218034
52.0	20.83620270514695	28.292863436708153	20.75207134074198	30.11886251740291	0.0
53.0	22.147432184174377	25.191737971897187	24.07093560186028	28.58873570447361	0.001158537594544943
54.0	21.148773214267983	29.905901744607473	25.142901589045813	23.802257960950712	1.654911280206268E-4
55.0	23.287635078180802	27.861859414769814	25.194359171460007	23.654991644988726	0.001154690600653555
56.0	24.007784668162028	27.596648634384486	24.27480538329595	24.12076131415754	0.0
57.0	22.691703209442466	26.862279774460024	24.26484290866752	26.176886275143602	0.004287832286387617
58.0	23.48508333937959	25.48595400009234	23.675375472432375	27.35276269878437	8.244893113205681E-4
59.0	27.091257730666946	20.846049466375824	27.399412708383824	24.660477186803913	0.0028029077694954603
60.0	21.287271516476196	25.39185676396945	25.82339783372317	27.49747388583118	0.0
61.0	23.713246808047707	25.456993944109108	24.410646763873	26.414497216004428	0.004615267965754712
62.0	24.695950567553446	20.630530699968848	27.456665023972892	27.216524070957774	3.296375470351575E-4
63.0	23.57298956091226	26.132329528411656	25.680254730881174	24.613107696973096	0.0013184828218169352
64.0	26.04675227096347	22.478789786143043	24.200487394154894	27.27397054873859	0.0
65.0	21.44811961939284	27.65316966676278	22.471475058697532	28.423446060056847	0.0037895950900028834
66.0	22.58386591339334	23.71097502104783	23.598445344022828	30.105395657969098	0.0013180635669106733
67.0	25.063142234370133	25.699424841382424	24.70974342752359	24.526371459215802	0.0013180375080523855
68.0	22.25202264905659	23.173767423776898	29.04525692708908	25.528953000077433	0.0
69.0	23.281343691725805	23.115293125374766	25.376084764860536	28.22530162558233	0.001976792456559986
70.0	24.276836594392762	24.992073908950978	26.51010515007006	24.220327261317884	6.570852683125558E-4
71.0	24.087354711583465	21.983516249717688	28.68846824848697	25.23902419864294	0.0016365915689348733
72.0	26.303628904914085	27.254668060825928	21.485597778508676	24.953814383730883	0.0022908720204345783
73.0	21.42753159743066	21.263308378164854	25.20352065793972	32.10285869442541	0.0027806720393612305
74.0	24.985526870958562	25.554639741740502	25.48938800741809	23.968482921707732	0.0019624581751101432
75.0	25.959387509484316	24.37338112555925	23.234282200884333	26.430823369351923	0.0021257947201800058
76.0	24.34984082239311	24.824185185609103	26.050024444840503	24.774968483324365	9.810638329182887E-4
77.0	22.070768506346997	28.29023524102886	24.535011477564794	25.10267679046741	0.001307984591941507
78.0	26.47759432227096	29.08740740256322	20.720735449674898	23.712464420185956	0.001798405304968667
79.0	26.778319969266732	19.85385351021309	25.353636906075543	28.011737492132777	0.0024521223118609157
80.0	22.358792637619665	27.39644303079536	28.01444232142828	22.22672614017682	0.003595869979879473
81.0	24.698862131974387	24.974911987657027	22.85444376526119	27.470638036368626	0.0011440787387675983
82.0	22.868032084932242	22.692016029391578	25.71141865345266	28.726408618739747	0.002124613483777759
83.0	23.764021807342328	23.57608383014329	25.325050988390334	27.333372555172055	0.0014708189519924695
84.0	23.58617601589745	28.180389003827283	22.571994469883418	25.659642895663172	0.0017976147286745696
85.0	25.082807023277475	29.61247783778484	21.01819548503591	24.285375797635485	0.001143856266289739
86.0	24.9000859440612	26.18009692398689	25.5038184652286	23.412730831696692	0.003267835026616516
87.0	18.929109982371845	22.486599171035586	30.204757804829036	28.378879542027384	6.534997361494815E-4
88.0	25.703597216323065	25.282125004084033	26.04779952298494	22.965171366027377	0.0013068905805861404
89.0	24.070516590217064	26.119300584153372	26.83054324956548	22.977842683707742	0.0017968923563466239
90.0	21.680980833499397	28.819334415743512	25.554789665051764	23.94456840255205	3.266831532764687E-4
91.0	26.064473557413542	26.97896777628783	22.768439741217243	24.187628929965	4.899951163820067E-4
92.0	28.185178108009673	23.513425674141796	22.089933479994187	26.21146273785434	0.0
93.0	24.589226892430606	28.088698574767157	22.059997942255777	25.261586651445896	4.899391005697992E-4
94.0	27.35568663570388	24.58716285510853	25.632483489780324	22.4196045385957	0.0050624808115646664
95.0	23.409560761490454	28.076939406706312	24.203188226879476	24.30786213743799	0.0024494674857685936
96.0	23.508251116096943	25.623854918827828	24.590873315240643	26.274897861208814	0.0021227886257719603
97.0	24.464390390459037	25.938674108024877	24.46634978846666	25.130095863547524	4.898495019046981E-4
98.0	26.49053116576297	23.69780059201643	25.345846333694162	24.465821908526443	0.0
99.0	20.232742962797353	23.783615300132674	29.002299360780963	26.981342376289003	0.0
100.0	20.95477427935021	25.234042900385923	27.88019222767067	25.930990592593194	0.0
101.0	23.609150879208197	22.33826795087464	29.061269642883364	24.991311527033798	0.0
102.0	22.607661551461725	26.859638276110136	25.87694471043655	24.655592332249608	1.631297419776871E-4
103.0	27.83541794373508	26.190119077119718	22.8797947126107	23.094342206513375	3.260600211286894E-4
104.0	22.948713978102013	29.503114195875668	23.771559347396252	23.77612346592641	4.890126996598102E-4
105.0	26.719999739202578	24.713489583588018	20.972187585064784	27.59008513405802	0.004237958086594523
106.0	27.845588415056515	24.924089934887665	23.96052513629585	23.26963352918646	1.6298457351011727E-4
107.0	25.484309938804277	23.750621328053064	22.560441978145548	28.20316001336365	0.0014667416334612658
108.0	22.28771664723545	24.77187314779233	26.480137820533695	26.45962105866491	6.513257736121876E-4
109.0	23.895211320797717	27.238512590692217	26.585251903376673	22.279721896197806	0.0013022889355904172
110.0	25.908662586032644	24.03852569871771	22.186453835725455	27.86619513155732	1.6274796687102387E-4
111.0	21.9997526508667	26.421932057098594	26.987905929219092	24.58927025496488	0.0011391078507313071
112.0	24.296341856310224	24.672700114225464	24.692713977486843	26.337755908971094	4.8814300637514766E-4
113.0	28.327885496170786	20.856403256011465	23.895368985888773	26.918877935364627	0.0014643265643482038
114.0	26.42670350896892	22.512046163534908	29.14870523066308	21.911894172765013	6.509240680801483E-4
115.0	24.185383522657933	26.481849409245417	26.877746915237577	22.454043833485475	9.763193735934899E-4
116.0	24.407091309972255	25.172360488483537	26.21962232835141	24.200600434460707	3.2543873209069975E-4
117.0	24.85448773336067	29.229537566328695	23.92503168969967	21.98996669123737	9.763193735934899E-4
118.0	24.356969559890064	23.443782533915005	27.985797761292392	24.212636542776757	8.136021257796343E-4
119.0	26.969864618588907	22.219474095287687	24.972175214787814	25.83750976308253	9.763082530590991E-4
120.0	23.107012859376702	26.803412461700926	24.437859905527596	25.651389343135296	3.254302594818174E-4
121.0	26.895691027013658	21.828311459245207	24.080100491719524	27.194758029086625	0.0011389929349895375
122.0	24.977789637767703	23.5517704831608	27.273185828324475	24.19644048436488	8.13566382135384E-4
123.0	23.756223762569558	27.30938201698721	26.212860815516287	22.720231702951608	0.0013017019753327477
124.0	25.26964560862866	26.391833427432015	22.717754387791793	25.62044116283194	3.254133155874605E-4
125.0	24.785801912732786	23.739460933457853	27.156868168520937	24.316567363793446	0.001301621494977368
126.0	23.235536262255817	22.20788602779667	27.670572692098677	26.88551690025805	4.8811759078173656E-4
127.0	21.224141802337122	24.785633629568405	30.33865818855129	23.650264724162952	0.0013016553802298074
128.0	25.995154595730902	23.62207799180935	26.805596458201475	23.567896674764036	0.009274279494242624
129.0	23.55479338385794	28.622493971865453	22.900240474571195	24.919055413281093	0.0034167564243155913
130.0	25.868908044293892	25.722639280728643	24.636768615506767	23.77152135784271	1.627016279924897E-4
131.0	26.516387774858245	23.899387441326965	24.232267931373904	25.350817965133775	0.0011388873071009624
132.0	25.349637834425582	28.310902713150547	23.673523841753493	22.659590391711518	0.006345218958863457
133.0	24.055336727206463	25.01443941708683	26.467329496922577	24.46094198689633	0.0019523718877971876
134.0	29.02436484798001	20.63365524781341	23.229741513952522	27.112075697625986	1.6269262807163683E-4
135.0	25.409241321415905	26.20429691185897	26.226585149201043	22.159225866068844	6.507514552429418E-4
136.0	26.96355563943169	27.418276356312322	23.573567955123377	22.037604345795987	0.0069957033366251095
137.0	29.21924848334979	20.008882714010774	23.295486897996835	27.4763819046426	0.0
138.0	25.149670407952495	25.458363083088425	28.185365234829252	21.2051375048589	0.0014637692709290543
139.0	25.48239251071803	26.07342905284524	24.35415351987145	24.088561149675044	0.0014637668902435057
140.0	23.856611494305216	25.38118371469324	24.937831477358298	25.8237227601035	6.505535397431289E-4
141.0	25.065545507774377	28.185544206622858	23.416986533081776	23.331598464641207	3.252878797735997E-4
142.0	27.69773992921828	23.128968460497553	23.061472103674404	26.110843655667743	9.758509420214427E-4
143.0	26.64402688799002	26.616377732996988	24.398752860467727	22.340842518545266	0.0
144.0	29.416299505735516	24.592544884712282	23.11674497806793	22.873922709981084	4.8792150318856703E-4
145.0	27.152755188341683	24.329744323726498	21.273339405373758	27.24302257497886	0.0011385075792075987
146.0	27.55272484195152	21.775477642259894	22.803382326870437	27.86321060823657	0.005204580681572369
147.0	25.363579883485293	27.067225278031675	26.963949399698794	20.601992655214698	0.0032527835695396337
148.0	24.129193427457587	23.31779052501297	22.898834045418397	29.653368810186365	8.131919246789111E-4
149.0	26.01373055772868	27.40370149292572	23.269896053074575	23.310557500979943	0.002114395291079041
150.0	25.75498566230707	26.506758965734296	22.933477333758397	24.804778038200233	0.0
151.0	22.777931393438624	26.380019843528896	26.778191636440525	24.063043867211007	8.132593809469592E-4
152.0	27.26045422975639	24.90407433974356	24.266955541567246	23.56786526978736	6.506191454442834E-4
153.0	25.923395728013844	23.251289858749892	24.462585963474062	26.361589860701763	0.0011385890604363074
154.0	22.06538482183376	25.0670553082267	26.552600802549158	26.313007184555403	0.0019518828349796922
155.0	27.223480632416212	24.83239278019696	24.620198785417198	23.323927801969628	0.0
156.0	24.41418835796997	23.897046858422343	27.37400167932671	24.314437653368742	3.25450912238907E-4
157.0	23.521026604028112	24.22400171838361	25.499283193199368	26.75520030722616	4.8817716274687523E-4
158.0	27.18679315899956	20.60713065269393	26.513107578149153	25.69264315818593	3.254519714253169E-4
159.0	25.400353772625415	21.89663785822733	26.764347400161753	25.938010053391352	6.509155941476179E-4
160.0	24.484482399500106	22.370990418662778	28.741896219537594	24.402468235784212	1.6272651530931055E-4
161.0	24.847525255155176	23.473950739429288	28.470793845032283	23.203173817954593	0.004556342428660696
162.0	27.00929362887648	22.283554133638837	24.907771595767013	25.79938064171767	0.0
163.0	25.387681106353753	23.426207551990522	29.02111842886831	22.164992912787415	0.0
164.0	24.116729972431887	28.020693987416962	25.13629454593981	22.72367765810981	0.0026038361015365886
165.0	25.189107905426518	22.709711227997083	27.600966045203624	24.49940110405166	8.137173211123841E-4
166.0	24.42815549939052	22.979889626484436	27.343891130246284	25.247738254301748	3.254895770100202E-4
167.0	26.79545602499837	24.107317231951043	27.104355185209293	21.992220558557385	6.509992839007877E-4
168.0	24.846360168222596	27.71018059190396	22.133901019491425	25.309395466322933	1.627540590862336E-4
169.0	25.09903874636641	25.39493429426145	24.78751835105777	24.718020331832697	4.8827648167498364E-4
170.0	31.85716401658249	20.9709578552792	21.99084284558655	25.18038422287075	6.510596810133093E-4
171.0	24.8963574127034	23.15848241534838	27.739753341222162	24.20426745403022	0.0011393766958401356
172.0	25.45437086297506	24.448220357051596	25.439722926136966	24.657197589275107	4.882645612698785E-4
173.0	27.98222699641122	19.748704051821655	27.09894777959522	25.168168094854455	0.0019530773174483047
174.0	22.42525349522306	26.13971126772025	25.04549079604824	26.389056167705604	4.8827330284337826E-4
175.0	23.3400448264805	25.35170231570929	24.244712867999525	27.061098460371536	0.002441529439148134
176.0	23.386495557877808	26.329462550419468	28.819753038190203	21.461521683220855	0.0027671702916597487
177.0	21.909852587293265	26.994402420082253	24.990638137135825	26.07873082446263	0.026376031026027605
178.0	23.647337332056868	22.296791252303823	24.964343629720805	29.090876528013858	6.512579046428176E-4
179.0	25.490081138776127	24.97976822610086	23.10851232550604	26.42000999783434	0.0016283117826268903
180.0	27.557814825889672	21.412196465015352	26.00143464755546	25.028227262551937	3.267989875767365E-4
181.0	26.816244742675792	21.87685859825441	27.310068666757324	23.99568108870644	0.0011469036060287807
182.0	26.1836733356488	24.07288478803646	25.625503777924862	24.117938098389878	0.0
183.0	22.463514053724616	23.009082985458047	28.624347119461575	25.902400503299628	6.55338056136258E-4
184.0	25.386111297697667	22.903563511970393	25.084660236802915	26.62206064736615	0.0036043061628720425
185.0	22.70711743247604	24.522880913107077	27.02268844381617	25.74665799599336	6.552146073544563E-4
186.0	24.728667695321587	24.113440326548798	26.029719609635286	25.128172368494333	0.0
187.0	22.199086171504213	21.593089110565383	28.59785156921948	27.60899018510843	9.829636024960722E-4
188.0	27.762449947899942	27.475899627107758	23.59182389524939	21.16851583645169	0.001310693291216389
189.0	24.898374483270498	23.586950644652312	24.282477155763534	27.23105079391607	0.0011469223975921184
190.0	28.29654170127915	21.19791129046793	27.2846284544893	23.220754707706828	1.6384605679887405E-4
191.0	26.324855243124357	23.663590429411254	25.42935389184166	24.581872653283313	3.2778233941533464E-4
192.0	26.90862184546142	24.84556139600369	25.010940596250204	23.234548354157344	3.278081273469013E-4
193.0	26.616298054541044	25.701925787986283	22.827013487728593	24.8545987449921	1.6392475198185027E-4
194.0	27.292130797641356	23.265646029333897	25.323969567761896	24.118253605262858	0.0
195.0	24.901256408700913	21.564551009734174	26.76250547209192	26.771031278231483	6.558312415049359E-4
196.0	28.609659092778216	22.716566386936112	27.210567696219854	21.462877858301287	3.289657645328851E-4
197.0	25.01628589477009	24.20824230779354	24.52787355565499	26.24661121785592	9.87023925459953E-4
198.0	26.065838734682433	22.29099665198819	27.635775897613513	24.006893935645607	4.947800702587699E-4
199.0	26.637069006762587	22.271331680219888	27.11452512583955	23.976579243032422	4.949441455531743E-4
200.0	24.954338238569708	23.92626801102812	23.95959655956983	27.15979719083234	0.0
201.0	26.07215691968558	20.116884574008196	32.11900314816159	21.691625362170583	3.2999597404911657E-4
202.0	24.09504558392806	25.6119797038076	32.332989563136834	17.95998514912751	0.0
203.0	25.71211175921066	23.780026870273357	23.4278084222132	27.078732541749606	0.0013204065531777233
204.0	23.867980588293552	24.05863127661682	26.451091083160016	25.621801855336567	4.951965930474399E-4
205.0	27.79784287379128	22.817040438688295	25.683964833626604	23.699831299128764	0.0013205547650568003
206.0	24.780924771514606	22.85596835543346	26.84241111522003	25.520200486026734	4.952718051666756E-4
207.0	24.77944927952606	22.05342090967781	27.393200284656142	25.7735992985967	3.302275432887031E-4
208.0	27.692178117754306	24.38417787994689	23.110752198067157	24.81289180423165	0.0
209.0	27.897112673613695	19.223901995081256	25.810197228787708	27.067962255487345	8.25847030006326E-4
210.0	23.713733011529115	24.987734105134827	26.916742244402702	24.38030386379818	0.0014867751351726394
211.0	25.901640427862983	24.701270930864734	27.578918841207177	21.817013056331767	0.0011567437333408247
212.0	26.474074833384865	22.097854463268614	28.34697612745252	23.08010257308994	9.920028040612595E-4
213.0	29.344887268058123	19.9346740486536	23.147526118797924	27.572581632619293	3.309318710557058E-4
214.0	27.955892410335046	24.057977734244986	26.94461049832171	21.041519357098267	0.0
215.0	22.367388646606937	22.20167110957761	27.382044446803675	28.048398146750426	4.976502613493289E-4
216.0	24.390505835270034	22.831469347003498	29.915176736108194	22.86284808161827	0.0
217.0	27.57045359110525	24.075051561691055	26.022169419153123	22.331144947797476	0.0011804802530949662
218.0	23.884169529731963	25.531459151807347	27.26714821696623	23.31620310792042	0.0010199935740404836
219.0	22.226731020205335	24.34355435804938	25.876278201241792	27.55257669207451	8.597284289838526E-4
220.0	28.05398993965525	22.275438733193077	23.133251950165796	26.535934131580994	0.0013852454048812585
221.0	24.110150691729928	23.519168345793066	25.73333543772151	26.63717015907421	1.7536568128690352E-4
222.0	27.353777518048418	20.743744521333838	25.039553297177108	26.862746495435335	1.7816800530227983E-4
223.0	28.895801712534723	22.613584295082905	26.862166728715025	21.627373349752286	0.0010739139150605687
224.0	30.976464158685506	19.652382701559798	27.594721234220593	21.77589435301074	5.375525233611367E-4
225.0	28.137468918059334	20.333914011449718	27.96579540854681	23.561375990285086	0.001445671659052796
226.0	24.844927096545447	20.998899777396822	27.191764047941923	26.964043555656275	3.6552245952752564E-4
227.0	26.470723551636123	20.717386623579056	30.618212735259636	22.192020817499067	0.0016562720261175696
228.0	27.644257454319398	26.640172287471415	25.459766287012574	20.255803971196613	0.0
229.0	27.90662173985889	24.825660405458237	22.092075134501183	25.175642720181695	0.0
230.0	24.411390733933445	22.482598738232966	31.12471044712395	21.981300080709644	0.0
231.0	23.42414290642732	26.337508172099167	24.952206323822885	25.284236568690428	0.0019060289602040215
232.0	25.54563205508891	23.082537078331466	24.868959727020293	26.50248601017512	3.851293842166276E-4
233.0	21.908178269521052	23.93844183081072	23.525632638873972	30.627356712835947	3.9054795831291095E-4
234.0	26.77875710860425	21.195648951079363	29.569421685270434	22.45360258232342	0.002569672722528716
235.0	28.216189793002584	22.221670246779386	26.45183340851239	23.109710418227376	5.961334782600056E-4
236.0	26.40334486223833	23.734679134565326	26.400519809672176	23.460850825117138	6.053684070335737E-4
237.0	26.557229271953766	22.85744586254859	26.094475920102134	24.490848945395513	0.0
238.0	25.370507957611544	21.512820882221586	26.997841061810668	26.1188300983562	0.0
239.0	25.990564946441452	24.494122546328718	25.9585959731713	23.554823634325423	0.0018928997331011375
240.0	26.98322104356231	22.64448424335063	25.988685739527096	24.383608973559966	0.0
241.0	28.612911066972956	21.364642710890468	23.641894066970767	26.37858126736845	0.0019708877973576965
242.0	25.759468794533362	24.223733413552853	24.4982071376343	25.516394864486834	0.00219578979265157
243.0	25.973163658589677	22.96523324047833	26.55557778603481	24.503167110421234	0.0028582044759482093
244.0	26.544307339136257	19.515585723129526	27.498022731428545	26.440101430022317	0.0019827762833519494
245.0	27.426871394368813	22.807687890379977	26.11272097604933	23.650069351803587	0.0026503873982913835
246.0	26.046738072054527	27.695184562273166	23.124944675577584	23.129813224749935	0.0033194653447818005
247.0	25.61672310174269	24.641888418104134	25.45495239952488	24.151701030014006	0.13473505061428545
248.0	23.02059486415021	22.062059663880458	25.80280927789313	29.10433193135637	0.010204262719835312
249.0	26.387963963161354	17.834448812321124	30.793010902368678	24.967649253315813	0.01692706883303451
250.0	22.556083567363956	22.105895784320953	27.547694211903277	27.789432763393368	8.936730184476453E-4
