# Position (bp)	A	C	G	T	N
0.0	24.329546691018994	23.372514676978273	25.25222640695672	27.045613606008395	9.861903761625951E-5
1.0	22.978218177491254	30.4145361188699	23.431758932402563	23.100060544216124	0.07542622702015922
2.0	24.34251563163727	26.298523855059884	22.05276630726828	27.305277874319867	9.163317146988117E-4
3.0	26.26826392263376	21.995972633791553	24.434465046346105	27.295085344454918	0.006213052773670259
4.0	26.065695796687173	23.41413460168582	23.28274431535237	27.237294582184774	1.3070408986167587E-4
5.0	28.698759501554783	23.7088559746116	22.19360158462072	25.398260651566893	5.222876460038793E-4
6.0	26.048079488884596	24.02798245411114	23.50397121864298	26.41517733070638	0.0047895076549039186
7.0	26.15222939010277	25.193217278285573	22.75478627869474	25.899084019023473	6.830338934428096E-4
8.0	27.19651336666253	24.42203002227073	23.79793617196877	24.58348794605635	3.2493041615138116E-5
9.0	26.741492581455145	25.334477416835867	21.98167715247734	25.94225556321953	9.72860121198914E-5
10.0	24.881616016304022	24.501620844005306	23.019970158973933	27.596792980716735	0.0
11.0	27.914409401367273	22.87624352512312	22.297424251088547	26.911765722411822	1.5710000923748054E-4
12.0	28.92343667730046	24.04410443831883	20.010809304054263	27.02161860810853	3.097221792052529E-5
13.0	25.876427218581615	22.293301065428153	25.128957426920046	26.70119193857026	1.2235049992414268E-4
14.0	27.63689119623043	21.50173843314114	22.89018258622262	27.97115749019755	3.029420826238177E-5
15.0	25.704650527393742	23.56781334567864	23.971868742744913	26.755667384182708	0.0
16.0	26.425930697369683	25.259814927966197	21.13148653921186	27.182679495579325	8.833987293781609E-5
17.0	29.11282453908317	26.609793602658417	18.343362558729343	25.932867673245617	0.0011516262834515047
18.0	26.223881907288117	25.945618720240983	19.231300447891922	28.598998755808115	2.001687708693816E-4
19.0	24.983180513026383	24.635629979828007	21.50104134191462	28.8796356798048	5.124854261956926E-4
20.0	23.1003709954744	25.990441556915723	23.155387681233098	27.753743281073127	5.648530365369539E-5
21.0	24.19713705987845	24.085762245701407	23.023936767991906	28.692856029228963	3.078971992831033E-4
22.0	22.74361597878718	26.876380119189086	25.83292132988063	24.547027145669638	5.542647345737039E-5
23.0	25.73008830630662	23.581114775017475	22.911704456047886	27.776788900212683	3.0356241533023316E-4
24.0	28.35950243863572	21.683938403505394	23.990286933311214	25.96621765062539	5.4573922287826135E-5
25.0	25.381191285574435	25.494054809855488	19.119642899593064	30.004840867293243	2.701376837746663E-4
26.0	26.776429692858734	25.490716444260887	19.159700605226583	28.573126369449835	2.6888203956706766E-5
27.0	25.66433034000416	24.519044136413452	19.796052194166762	30.02051971114767	5.361826795836649E-5
28.0	27.7546294763085	22.970654041444394	23.10262011336736	26.169870882021378	0.002225486858367632
29.0	28.50580631102886	23.075224721352335	21.924962540984914	26.49371833073043	2.8809590345958653E-4
30.0	23.939121169097433	23.864425770016716	25.230035560939818	26.966313467356784	1.0403258924890811E-4
31.0	26.74199910957415	24.293224480498637	22.196349254009505	26.76801300435894	4.141515587629293E-4
32.0	24.328874189013618	22.543910071190567	24.10140864696938	29.025627784403653	1.793084227826208E-4
33.0	23.852978054675155	25.331454999464224	24.59485729927211	26.22063347046728	7.617612122363227E-5
34.0	26.49905325604825	26.35135918361793	22.655227452903457	24.49433490796399	2.519946637610002E-5
35.0	25.40035451886903	22.643085261538694	25.58908221497007	26.367278556594627	1.9944802758366223E-4
36.0	24.412999459908683	24.419974809024904	25.62080607134387	25.546045275994633	1.7438372790558166E-4
37.0	25.4082915980764	25.31143923753359	20.872866645581126	28.40737761462772	2.490418116297545E-5
38.0	27.42194269323852	25.461397113747047	20.45609369864651	26.66049179838059	7.469598733156055E-5
39.0	23.64307738572674	27.700290316589964	21.325672878774526	27.33071047654042	2.489423683480732E-4
40.0	26.40089787695113	25.95566819673143	22.223475081500155	25.419909062329417	4.97824878648963E-5
41.0	24.194318723423848	24.019950546736073	21.4597050474933	30.32077422855273	0.0052514537940509245
42.0	25.065139065372	25.79193425321888	19.86839793486143	29.274503860562834	2.4885984860362252E-5
43.0	26.564734067992557	25.662136384244395	22.051123562793656	25.717925097804432	0.004080887164962896
44.0	29.6228751475078	24.571571169854096	22.134940122345327	23.670389639534854	2.2392075792698144E-4
45.0	26.016583761128565	24.036254215346098	21.19947181924835	28.7436850657589	0.004005138518088798
46.0	25.781263992008263	24.112819614780733	21.87787924436688	28.22803714884412	0.0
47.0	25.161060214209712	23.776994467915554	23.404358512500544	27.655646770364022	0.0019400350101702604
48.0	22.79281615547012	23.51435329312583	22.58585284968631	31.106977701717742	0.0
49.0	21.746951078527847	26.24963888299113	23.98368869898927	28.017558366701955	0.0021629727898023043
50.0	28.019396810504464	24.139139747575957	20.24451357197496	27.596925009888086	2.486005652679653E-5
51.0	25.43883633182042	25.87208001710107	21.25292681835581	27.433770636865734	0.0023861958569674434
52.0	22.978588010466307	25.825253504951313	21.623304624802255	29.572853859780125	0.0
53.0	22.942340059736537	24.46265451675595	23.784264428596423	28.809082884014153	0.001658110896931579
54.0	23.118237127574144	28.64296488039189	21.8886363327027	26.350136912399574	2.474693168980711E-5
55.0	24.405902521711916	27.96466266438811	22.206771886905518	25.420959934763054	0.001702992231393699
56.0	27.124123408488376	25.097126228437332	24.43521434400712	23.34351134112054	2.4677946627030595E-5
57.0	23.302635660215476	27.461195257385935	22.69104286134129	26.53964816572746	0.0054780553298393875
58.0	25.441946419671453	25.115322552788317	22.020710686951332	27.421773608554695	2.467320342069292E-4
59.0	28.062686637863827	21.887526817628284	24.538253237358955	25.508178019709355	0.0033552874395801546
60.0	23.87471276599938	23.174142633605687	23.57114633463796	29.379924363355446	7.39024015324402E-5
61.0	25.565392684201075	23.744214292910296	22.66497101204028	28.018869946196713	0.006552064651635836
62.0	25.53754846667714	21.532505124376662	24.557081935346893	28.372692060060995	1.7241353830511582E-4
63.0	26.735591933783276	23.49970186513467	22.3061526120481	27.45591827878282	0.002635310251135215
64.0	25.0983555333423	21.53063655322581	23.474097148691342	29.896837011919192	7.375282135272017E-5
65.0	24.161984702236897	26.238994669259313	22.98809095076962	26.605521501801295	0.00540817593287962
66.0	24.051408942682137	23.687454001709895	23.66719877603374	28.593348321544827	5.899580294025249E-4
67.0	26.878751745519537	25.339892381853428	21.160993866439153	26.619526270729622	8.357354582644774E-4
68.0	23.34320695248299	22.259640543238316	26.82819878100008	27.568757086601497	1.9663667711544808E-4
69.0	23.046733001014356	24.27780103185853	25.256643532474836	27.41587300338865	0.0029494312636272942
70.0	26.137429934217877	22.49517513469492	24.60572081879983	26.761281397827847	3.9271445952549785E-4
71.0	24.59731082088438	22.76189296830222	26.042018974321575	26.59770042930345	0.0010768071883732234
72.0	27.90779394710884	25.47639900032864	21.962010432779003	24.652646503413767	0.001150116369753114
73.0	25.56388732970581	22.400901612910328	22.894332082670036	29.136719340683324	0.004159634030504309
74.0	25.349099170735023	25.628995061207654	22.84877743725953	26.172149673838103	9.786569596945025E-4
75.0	26.17632710659471	24.63897817354981	21.73411824458718	27.44808101724655	0.002495458021747672
76.0	27.076825821805738	24.074147467061227	24.990214268379564	23.858102977210986	7.094655424818181E-4
77.0	24.320489609042248	24.53554242553451	24.339839714587168	26.803272051475684	8.56199360394615E-4
78.0	27.75731966610796	26.04598109406296	19.883670072709876	26.312588857023485	4.4031009572341484E-4
79.0	27.898113882302756	20.12458988002592	23.00906061520014	28.965251375138724	0.0029842473324620308
80.0	23.770331009975695	23.571692737583213	28.325069172396788	24.330558936447495	0.0023481435968080904
81.0	25.059424195565892	25.121233185973395	21.80658849105347	28.011971425510506	7.8270189673129E-4
82.0	22.95844916539767	22.267810418110745	23.775441270636367	30.997100672270307	0.0011984735849084292
83.0	25.53707391842312	21.839721983827065	23.84882858367841	28.773299372927664	0.0010761411437374823
84.0	23.545951270762604	25.726235655895064	24.87296286930522	25.85401869716569	8.315068714260489E-4
85.0	25.06475038302441	27.151924659435362	21.11213413985496	26.670261532611185	9.292850740921435E-4
86.0	26.122166614580355	25.53305328992318	21.933228769447393	26.410010744941882	0.0015405811071936334
87.0	22.265418493046514	21.772314274102957	25.40763135385791	30.55363333644692	0.0010025425457049365
88.0	25.45327711905663	26.32886427714424	25.485478970137365	22.73189061542212	4.890182396468114E-4
89.0	26.287215364457456	26.39151826242032	22.46791023300426	24.8521336495183	0.0012224905996585339
90.0	23.117852762101148	25.141358622185265	25.43125167934801	26.309439139939105	9.779642646967858E-5
91.0	26.95239385161817	25.390385867875114	23.37743428863128	24.279248135594546	5.378562808900641E-4
92.0	25.912487363998732	24.032397057079887	22.519695049132196	27.535420529789185	0.0
93.0	26.329835736311725	25.97240808112613	21.051806841900174	26.645460416983447	4.889236785248586E-4
94.0	28.202399714281313	22.961021449191186	23.05535652866464	25.777579932418043	0.0036423754448159343
95.0	23.7321558258193	26.495825736188678	23.634280076687265	26.13490280014109	0.0028355611636654127
96.0	26.12346621736736	24.14221955845246	23.694492767368082	26.038892613766773	9.288430453243629E-4
97.0	25.636869815166968	25.196931996499856	22.971162918025254	26.194693077438245	3.4219286967828984E-4
98.0	28.58951509540397	22.759030796950906	23.904763208295165	24.74669089934996	0.0
99.0	21.794174451722878	21.96263075278024	26.642705504958393	29.600464855333815	2.4435204679048476E-5
100.0	22.306721327738213	24.631421384963254	24.835129821673874	28.226727465624656	0.0
101.0	23.92889498729011	22.12290330808947	28.159978460134145	25.788052215605852	1.7102888042540258E-4
102.0	25.0922279291363	24.381552996879265	24.042477751546986	26.483668014154365	7.330828307846895E-5
103.0	25.51330253114977	25.992121814988	25.167675935421464	23.32670424210526	1.9547633551265014E-4
104.0	25.968979841563943	27.21785922936088	22.13887454738751	24.673748829908597	5.375517790642641E-4
105.0	27.434392522542357	23.361215050213723	20.585953449889026	28.615457846690223	0.002981130664667517
106.0	27.199046443135643	22.75385482644087	24.460771461321496	25.586229528545985	9.774055600203984E-5
107.0	26.61697438253203	23.83675583747911	22.3647776919844	27.180539129924842	9.529580796184258E-4
108.0	23.31721407164634	24.37279278425225	25.205542576205293	27.104426134900432	2.4432995685621625E-5
109.0	26.47169342043476	24.47071907541792	25.428083907035564	23.62877063947622	7.329576355373043E-4
110.0	24.82512220434952	24.386119814010943	22.5045344116894	28.284199138852678	2.443109746444298E-5
111.0	25.054867517818657	23.937360998827035	24.117813625614794	26.889053884385717	9.039733537973355E-4
112.0	26.019932889267288	23.738070254945047	23.30240017980888	26.939498953761507	9.772221726824872E-5
113.0	28.732442537826643	21.656273780978637	22.76236183365927	26.84787136193016	0.0010504856052934702
114.0	26.39512890384701	22.179729043688493	27.74521976172223	23.679580260558595	3.420301836750948E-4
115.0	28.113018219452897	23.09766614796773	25.977092710777335	22.811343356952094	8.795648499499015E-4
116.0	26.511074826328613	24.710018321833424	24.63459559909512	24.144237955636193	7.32971066455799E-5
117.0	26.296453116444823	26.35543305666839	23.73566334230574	23.61144875403044	0.0010017305506073053
118.0	27.317078295524983	24.140873845305862	24.503129392443185	24.038551984416195	3.664823097767463E-4
119.0	27.61183582191294	21.30654643886714	24.20114652286632	26.87976267177014	7.085445834576341E-4
120.0	24.9471163830489	24.01033484406113	24.760063035219098	26.28246130541541	2.4432255463663128E-5
121.0	28.246070880758932	23.25152178087821	24.05139434073916	24.45013342611184	8.795715118514932E-4
122.0	27.32114777377196	23.21572896886633	24.5058554600956	24.95682801473369	4.3978253242418883E-4
123.0	25.184980861184403	27.672599328950394	22.19372092438024	24.947868197120393	8.306883645725094E-4
124.0	25.71924188100488	24.788096823254193	22.294293340499998	27.198294659817616	7.329542331160938E-5
125.0	26.709066198043697	23.728582084064335	24.061115132757912	25.500088318784147	0.0011482663499080288
126.0	24.17057547209224	23.880331552372535	24.89315578940116	27.055839460908565	9.772522549485001E-5
127.0	26.00989248530737	22.62240277063858	27.8917904978198	23.47471714117631	0.0011971050579398848
128.0	25.615998831217723	23.591420688570096	24.40978816065577	26.37475449830925	0.008037821247162026
129.0	24.489636368966764	26.154535859824684	22.06808431627398	27.284665148687075	0.0030783062474958223
130.0	26.380642987693225	23.70805482675647	23.853982948422363	26.057319237127945	0.0
131.0	26.140901228414787	24.252470022574688	24.319192393014553	25.286678980132322	7.573758636527994E-4
132.0	26.873391957239225	25.900510053878516	21.51544417344617	25.705474363299967	0.005179452136120888
133.0	26.620698719956454	25.569574669043977	24.268080608979606	23.53954492661139	0.002101075408573658
134.0	26.970559306240776	22.49411093287416	20.96451705740625	29.570763841689757	4.886178905486153E-5
135.0	26.013660180235025	23.583514263007697	26.58226023530182	23.819881261923705	6.840595317465921E-4
136.0	27.710307362150242	26.820846135203386	23.921906638209382	21.54149174035071	0.005448124086278741
137.0	29.15594862179115	21.16220293537413	23.69356306534658	25.9880410683638	2.443091243350211E-4
138.0	25.171903219714874	23.60651941143836	27.193480686279038	24.02694850317716	0.0011481793905708088
139.0	26.558453868358363	23.415431023868575	25.129085340947512	24.895661716278042	0.0013680505475133727
140.0	27.38225763581072	21.00231497768084	25.64780775815568	25.967497478833934	1.2214951882861543E-4
141.0	25.87831162472993	24.71006335218361	24.8305771273503	24.58060815360095	4.3974213521191173E-4
142.0	29.173881730286265	22.339449361979906	23.582191138273192	24.90428232755672	1.954419039168512E-4
143.0	27.51854486680237	25.13133606103218	23.802950957121315	23.546972674477125	1.9544056701217298E-4
144.0	28.368706308014225	24.561886113476096	22.57976173171426	24.489254962701107	3.908840943154459E-4
145.0	28.121279726459044	21.947699168466567	22.486411267635916	27.44370591708705	9.039203514246883E-4
146.0	27.5656239746922	21.813297541362275	24.303450311156105	26.313621608865063	0.00400656392436096
147.0	26.405144515434596	24.202484554898422	26.382840149519872	23.006452631072353	0.0030781490747596907
148.0	24.081491756573268	24.689921779913725	23.469665958358515	27.758554054628494	3.66450526003085E-4
149.0	28.20426624737433	25.191278510991033	23.60420067594276	22.998104682689487	0.00214988300238979
150.0	25.72606423783655	24.31373382547096	24.426165186638013	25.53403675005448	0.0
151.0	26.71150243390442	24.131128860604367	25.43740404377021	23.719231705159917	7.329565610850884E-4
152.0	27.754830292309645	23.75998064951184	22.918161117246367	25.56688134632487	1.4659460727304711E-4
153.0	25.089460189665864	23.207119091144087	24.27338486670273	27.42898524804771	0.0010506044396100351
154.0	23.388063643562433	24.29566925988374	24.393107308659943	27.920423313103782	0.002736474790103832
155.0	27.52543000809381	23.037153324913685	24.24951417589765	25.18760923710953	2.932539853216605E-4
156.0	26.622645221282298	23.562486788067776	25.598633412716936	24.215892442347098	3.4213558588886214E-4
157.0	25.214760854248553	22.257707159819322	26.23563709270831	26.29147943596545	4.154572583682256E-4
158.0	25.40528175614396	21.246361305083873	25.563256898031984	27.7850756015165	2.443922368317186E-5
159.0	26.96333984494813	21.318006883753622	23.850180232340737	27.867813160565763	6.598783917443836E-4
160.0	26.382491998880635	20.91821933393049	25.691249054468713	27.008039612720157	0.0
161.0	24.909857406919052	20.19514255275416	28.944467079042706	25.94720905627249	0.0033239050115933407
162.0	25.74655154799677	23.362733793045464	24.645500747150344	26.245140589889495	7.332191792540033E-5
163.0	25.562935240938828	23.50349952534724	26.982762919011822	23.950728990382782	7.332431933034365E-5
164.0	25.56689848145144	23.603288017302884	24.797590814356465	26.030731733189683	0.0014909536995327448
165.0	27.627621828947202	21.628127300653986	26.070778749069962	24.672592189924394	8.799314044585147E-4
166.0	24.95266519516899	23.04047596350099	25.289814156198748	26.71692246771627	1.2221741500389874E-4
167.0	26.95055415136863	23.053650261309137	26.502564202848244	23.492620277980123	6.111064938620464E-4
168.0	25.985320237938677	24.061638769121558	23.875953908304535	26.076964859213426	1.2222542181215322E-4
169.0	26.14771625263068	22.507698622254026	25.32919448099784	26.01492617218659	4.6447193086115296E-4
170.0	31.693286673454597	22.471400859777123	23.085443560166674	22.749771121316094	9.778528551469896E-5
171.0	26.109365114598543	22.816301066731075	26.382672782760984	24.690560960321985	0.0011000755874159176
172.0	27.338943803560547	24.702827737609493	24.418010665303154	23.540144468956576	7.33245702324731E-5
173.0	29.68242469391436	19.261557247191863	22.80675898484224	28.24752376999938	0.00173530405215493
174.0	24.65260253281502	25.19753781930566	24.115561671222867	26.034029126272916	2.6885038353951303E-4
175.0	25.40417155097655	23.988642329686275	22.920310549229445	27.68531128737536	0.0015642827323717556
176.0	24.774119429982157	23.590110239299943	28.122240962088433	23.512184986922833	0.0013443817066314684
177.0	22.718388881242767	26.145477773461728	23.722893518988194	27.38813393297386	0.025105893333444155
178.0	26.176653552882286	22.6546308280261	23.53615090262679	27.63239361396587	1.711024989519972E-4
179.0	28.016191600442262	23.930743482328356	22.84400245137643	25.207986871886735	0.0010755939662111934
180.0	27.358630946908942	22.158688507228995	24.689528507925207	25.793004950236554	1.4708770030586886E-4
181.0	28.158109779611586	22.138722236663916	25.970156507856323	23.73193141726027	0.001080058607907551
182.0	26.27284573671019	22.54305777519017	25.393342707957228	25.790606509039133	1.4727110327410664E-4
183.0	24.12901281410661	24.208824877803117	25.7785357578661	25.88306207375891	5.644764652581915E-4
184.0	26.248264586370894	21.867254754180514	26.07490115167411	25.806143652613443	0.00343585516103485
185.0	25.064952209700188	24.2077891612503	23.76053418346214	26.96593922809194	7.852174954310157E-4
186.0	26.914149317548315	22.76189440863471	25.21052924759643	25.11340248686715	2.453935339294597E-5
187.0	24.152189393386333	22.813562413338534	27.404380187858585	25.628835626321045	0.001032379095503178
188.0	28.128423019253816	27.693496051447063	21.972745363126048	22.204819463651514	5.161025215540387E-4
189.0	25.16505774379224	23.204147664075975	24.276500780746595	27.353212512981724	0.0010812984034629072
190.0	29.42832475335902	20.89257947525308	24.938860463738866	24.74016157893482	7.372871421300373E-5
191.0	26.756316418997738	23.93768981251323	24.21712336521281	25.08847662691166	3.9377636455815827E-4
192.0	27.479594117120072	23.27235442195556	23.489580718298892	25.758446130536612	2.4612088867361516E-5
193.0	27.79805653749388	24.003389010282476	21.597186786699858	26.6010722840349	2.953814888851638E-4
194.0	27.618497863955305	22.92171036193988	24.292422118370478	25.167345039834682	2.461589965574664E-5
195.0	26.73908039326956	21.32356109108053	24.504701681132588	27.432016731312984	6.401032043320215E-4
196.0	29.19850602180047	21.84233450014897	25.902319734142775	23.056765691720248	7.405218753864598E-5
197.0	25.159636883335036	24.07448873611039	23.273841720693657	27.491292028660453	7.406312004718315E-4
198.0	27.53092964706645	22.743331241299856	23.81699712467027	25.90866777213773	7.421482569782345E-5
199.0	26.080712005498018	22.86046790689464	25.246910090909726	25.81131497288179	5.950238158282285E-4
200.0	27.22110799833681	23.00966403608449	24.533391715414137	25.235836250164574	0.0
201.0	25.471217890497982	20.74886074354971	28.580255499907885	25.199393123872305	2.727421721136998E-4
202.0	25.543833895997786	25.061624465799383	27.903974688158257	21.49056695004457	0.0
203.0	26.165476794643023	24.738771373420388	21.733432948218613	27.36150033510884	8.18548609137086E-4
204.0	26.11169751597247	22.971828173315092	24.014978337474	26.90144635966615	4.9613572288835334E-5
205.0	27.55728910064534	24.26149441112803	25.372049835204063	22.80807512491795	0.0010915281046160227
206.0	25.53549281217119	20.883568412207214	25.4734926251038	28.10742134051897	2.4809998826487054E-5
207.0	26.283688224814778	23.739287504280036	26.766798830867867	23.20995251021006	2.7292982726023117E-4
208.0	28.427982350414403	22.01227708787297	21.27124463029399	28.288471116186653	2.4815231986436987E-5
209.0	27.131272327821687	19.802336265122857	25.406498516070076	27.65917313905657	7.197519288110741E-4
210.0	24.799634604810954	23.93832466802283	24.839450765356467	26.42241620051061	1.7376129913876455E-4
211.0	25.224878724276472	25.433946972644588	25.531975647770157	23.80840409664515	7.945586636317835E-4
212.0	28.653174272957045	21.83800433462296	24.097622167435677	25.41102534326115	1.738817231678766E-4
213.0	29.95899436150724	22.53960577026553	21.94844259844373	25.55258446865774	3.7280112575998616E-4
214.0	28.2720404902101	25.039414533448568	24.205883267321195	22.48266170902014	0.0
215.0	25.203296816966937	24.801002793874662	23.11318744234471	26.882139067610073	3.738792036173561E-4
216.0	26.36020590277463	24.153089801302613	26.026969313109877	23.459734982812883	0.0
217.0	29.755831925642457	22.17564175859478	25.158220902033595	22.90954415683313	7.61256896035907E-4
218.0	24.743291277124616	23.89832798928734	25.428521849162767	25.929705319885176	1.535645401049153E-4
219.0	26.752213876643438	22.449032358150298	24.348790609284706	26.449135780124884	8.27375796672398E-4
220.0	28.280497868422266	21.668556151454453	23.855935570213273	26.194828645454926	1.817644550779536E-4
221.0	25.744403256943293	22.25809886413017	24.293256752312775	27.70411031727282	1.3080934093806517E-4
222.0	26.591521535420704	24.2374274939194	23.80205360349167	25.368838587485353	1.5877968286933942E-4
223.0	30.427424648176128	22.24914580386522	24.164943640722587	23.157575764065193	9.101431708745619E-4
224.0	30.29523794950843	22.06648578547082	24.610526920507038	23.027749344513712	0.0
225.0	30.946767170697186	19.60074029482333	24.452843155023906	24.998516605388986	0.0011327740665941692
226.0	25.30595970534424	22.30921388742124	25.871375205774346	26.51336932837874	8.187308144079156E-5
227.0	27.29669390671665	23.2193527357855	25.73609268443337	23.74623228681457	0.0016283862499065058
228.0	27.752107974888656	28.10698795581535	22.47384697273598	21.667057096560015	0.0
229.0	28.06268697923158	25.2601152515812	21.13253037635325	25.54466739283397	0.0
230.0	25.601516896285347	22.82257102413344	26.88909063782465	24.68682144175656	0.0
231.0	25.625956256471632	24.899358746501953	23.623033610429484	25.849819724369176	0.0018316622277477364
232.0	24.48744132758261	25.57878711366503	24.474673013247415	25.459012273110794	8.627239415671324E-5
233.0	22.73827058125072	25.50758624619641	22.095592574997514	29.657910972305974	6.396252493811625E-4
234.0	27.28374153859247	20.642746349704392	26.96583758884718	25.10675845830473	9.16064551227364E-4
235.0	25.753004394107627	21.476776522346928	28.041240873512002	24.728739042384692	2.3916764874882436E-4
236.0	29.325061355581404	23.90454627751918	23.711139194363216	23.059132066034532	1.2110650166309503E-4
237.0	27.764625339748694	24.55690296371098	22.140057230154568	25.538322859052652	9.160733310594356E-5
238.0	27.6004253859815	22.06910883244907	24.3493273638284	25.981076570404383	6.18473366526799E-5
239.0	27.547719413018996	23.113655045322584	24.380391690739504	24.956697120072306	0.001536730846610113
240.0	26.190827030447096	21.30721311284703	26.013195829916107	26.488570141542695	1.9388524707766462E-4
241.0	28.81542330715479	21.460841058931976	23.155279760339003	26.56589981748465	0.0025560560895771475
242.0	26.67707047178327	23.96168382116436	20.963008020419384	28.397524356965732	7.133296672511647E-4
243.0	27.803132682419786	23.079892134078626	24.569524793287822	24.544366466254893	0.003083923958875387
244.0	27.569089234515737	22.507239344569385	25.315883889498853	24.606941965563355	8.455658526686058E-4
245.0	28.559403234014695	21.540439202395046	23.172932316119574	26.725432158816798	0.0017930886538892257
246.0	24.882122686459734	27.02713382593934	22.579767622160347	25.50865718161695	0.0023186838236206606
247.0	26.30445346514242	22.830524863912355	24.695813229011744	26.02931672303239	0.1398917189010892
248.0	26.065150427652256	23.00804855668796	23.345269617967915	27.57153990520203	0.009991492489837342
249.0	25.019852961694205	21.314776545436935	29.31741594704126	24.332131267552924	0.015823278274671757
250.0	27.792928261063388	21.298750093353956	24.261533202588446	26.64553824024751	0.0012502027466954344
