# Position (bp)	A	C	G	T	N
0.0	23.229519871201916	25.07288095876407	25.824451093150003	25.873119465260196	2.8611623815514538E-5
1.0	22.671212694003746	30.29165234254988	23.27342521326278	23.687644407084356	0.07606534309924015
2.0	24.25516452674072	27.119346813803663	23.15881318400933	25.465821175698704	8.542997475829013E-4
3.0	25.534481576414443	22.15715378655903	25.245557237035467	27.055666089387014	0.007141310604049606
4.0	25.563655613414017	24.33595762319625	24.207538758786328	25.8926205636215	2.2744098190820712E-4
5.0	28.027790842188733	24.761716504554368	22.589786584326795	24.619825641235373	8.804276947335655E-4
6.0	25.066089125825812	24.197084110623116	24.7547762383683	25.975727292292433	0.006323232890338412
7.0	25.0952257013206	25.788738132150414	24.323150652378096	24.79198021930768	9.052948432142494E-4
8.0	27.082673468886092	24.634151372174284	23.67326630005281	24.60985234953183	5.650935498244396E-5
9.0	25.797805126261085	26.210260645487388	22.4902633081285	25.501501684458976	1.6923566404689858E-4
10.0	24.6095431022311	25.038391158915584	23.567394696623182	26.784642860061723	2.8182168409311052E-5
11.0	26.716914226619654	23.293710664066566	23.408486726787203	26.58072492266987	1.634598567110896E-4
12.0	27.78798390766037	25.099960824895863	20.73713505121435	26.374893420672556	2.6795556867942387E-5
13.0	25.052074066652164	23.143938562779553	25.3474534532264	26.456269548428818	2.643689130710071E-4
14.0	26.258294127417507	22.667950946691516	23.801065580417475	27.27266327048653	2.607498696902526E-5
15.0	25.023327737419027	24.215361363301515	24.60593544034206	26.15532403377913	5.142515826735272E-5
16.0	25.990307172101158	25.070694248229515	21.97273541431114	26.96621261078718	5.055457100528523E-5
17.0	27.647596000748404	26.711025697260766	20.28040359283366	25.35958694060227	0.0013877685548992567
18.0	25.27521838935836	25.8302629273451	20.67738730465251	28.217008505063497	1.2287358053367928E-4
19.0	25.091087457645678	24.922232280593363	22.1753600972903	27.810758047077087	5.621173935740694E-4
20.0	21.945320771158883	26.09160495720043	24.759316099644735	27.203709651907175	4.852008877235442E-5
21.0	23.392529220231374	25.05994248506222	24.59414707157401	26.95304423094652	3.369921858733357E-4
22.0	22.00961283134687	26.91714343875634	26.460648365546934	24.61254769111366	4.7673236197525476E-5
23.0	24.608736126946713	25.220144496589235	23.83780929240133	26.33285933289777	4.5075116495452394E-4
24.0	26.98415458701065	22.264229335022808	24.693962725632872	26.057629852581353	2.3499752312610625E-5
25.0	24.32047229924562	26.094989028138095	20.35544275496733	29.228770412103973	3.2550554498695885E-4
26.0	25.389303844948007	25.85715464005177	20.505472930152997	28.247976169875354	9.241497187234813E-5
27.0	24.75609806651783	25.61521876210528	20.530644750460258	29.097877209119797	1.6121179683444516E-4
28.0	27.22887938054007	24.357231172059162	23.22190035763967	25.18905500700086	0.002934082760239494
29.0	26.321506375073884	23.961473725688872	23.31888879506882	26.397658251006224	4.7285316220552226E-4
30.0	23.199771632337004	25.28499014639136	25.768885487118776	25.746129194936927	2.2353921593172934E-4
31.0	25.397166652082237	25.22248661748826	23.191511949535794	26.18823511643929	5.996644544230584E-4
32.0	23.967087968512722	22.628222157313925	25.202379520580266	28.20217818737557	1.321662175218041E-4
33.0	23.484871758502425	24.926939048439525	26.014208892552194	25.573675267083996	3.0503342185839E-4
34.0	25.28054161217841	27.18489803729956	23.02964204294344	24.504810303108066	1.080044705210438E-4
35.0	24.897758276916925	22.61935357893565	26.337613139922734	26.144911819918693	3.6318430599431426E-4
36.0	23.21813526488384	25.515479980568383	26.832599525137734	24.43361447706668	1.707523433624722E-4
37.0	25.00272038186907	26.122194859566424	22.173715264990797	26.701326820916943	4.267265676973963E-5
38.0	25.888450690285453	25.77832156212292	21.944855233415947	26.388265861911343	1.0665226434488952E-4
39.0	22.79042688745888	27.828754525049714	22.4202125107295	26.960307516780667	2.985599812333726E-4
40.0	25.614668327829648	27.033551128204152	23.419391554636604	23.932218409526712	1.7057980288224427E-4
41.0	23.479482422901448	25.149875500837567	21.996131241028205	29.36947927391159	0.005031561321194194
42.0	23.616265582527575	26.63531667942538	21.554619134748027	28.193755967657452	4.2635641563014094E-5
43.0	25.53827914376676	25.829661391234062	22.84364347602182	25.784323421931727	0.0040925670456270075
44.0	27.64589002018082	25.383204332237376	23.622193914467342	23.348370732888345	3.4100022612577495E-4
45.0	25.12099417233423	25.262487885666264	22.15955632344781	27.452784996893104	0.004176621658596127
46.0	24.608335995032725	24.96351571887085	23.096164020628507	27.331984265467916	0.0
47.0	24.747137190098844	25.4795673980884	23.73396017899446	26.037481626392626	0.0018536064256651625
48.0	22.806816509347257	24.791837637084285	23.021491101302594	29.37985475226586	0.0
49.0	22.200872521700166	26.260990646928583	25.059974153184548	26.476245890620437	0.0019167875662676058
50.0	26.866777760622696	25.234569741626693	20.61709320711924	27.28141021886929	1.490717620814677E-4
51.0	24.351781982077124	27.698694025083846	22.32398210778594	25.623008119971864	0.0025337650812252695
52.0	22.615223798322784	26.381573117468164	21.613497622178016	29.389705462031028	0.0
53.0	22.584665575934697	26.0574325335033	24.45655598728889	26.899521179840708	0.0018247234323981343
54.0	22.439207894911046	29.31158860642395	23.061556780318394	25.1876042835392	4.2434807405383106E-5
55.0	23.285433381441532	29.238192755392582	22.962751972418438	24.512054756517106	0.0015671342303412012
56.0	25.736449407139062	25.846517667247433	25.23279924040619	23.184233685207317	0.0
57.0	22.003447444260637	27.93209030262852	23.59350223876378	26.46560315770819	0.005356856638871003
58.0	24.730001752987913	26.073789782028236	22.166532158012807	27.029570450213026	1.0585675802246027E-4
59.0	26.925331477753684	23.354243886928472	24.634111179394598	25.083307383020898	0.0030060729023485685
60.0	23.155546808925763	24.051648895905924	23.993179883531248	28.79960327316549	2.1138471574357427E-5
61.0	24.434391435642507	25.02002158886341	23.434062339692545	27.105162536833067	0.006362098968473369
62.0	24.26524235335494	22.553344115302252	25.745515661894814	27.435601971189655	2.958982583428514E-4
63.0	25.022244277461485	24.77086809111763	23.792880732207642	26.41134392632949	0.0026629728837502436
64.0	24.40552544342875	22.95200095346279	23.976319528162485	28.666132980636476	2.109430949359946E-5
65.0	22.98435924320783	26.995486827598587	24.012262363449484	26.0027238915919	0.0051676741522008705
66.0	24.08155302127516	24.904127849219925	23.660689992639007	27.35314402863404	4.851082318648615E-4
67.0	26.424228568343317	25.780690439452624	21.14927435608224	26.645005192510972	8.014436108493531E-4
68.0	23.3076373440504	23.425888667022665	26.941434909258398	26.324870360106594	1.687195619365294E-4
69.0	22.958863572473533	25.53910355271735	25.09560174001177	26.403373228813404	0.0030579059839424085
70.0	24.316783818326883	24.1051441416166	25.011837330644028	26.565960892155598	2.738172568902953E-4
71.0	24.213981767515975	23.911598778618128	26.210692785228446	25.662844228008368	8.824406290793181E-4
72.0	26.310007867473512	26.47414290230993	22.55265377549445	24.66153582746599	0.0016596272561214512
73.0	24.60893363640202	23.67263036438191	23.44602203444623	28.268317874267666	0.004096090502174394
74.0	24.02638005587457	27.001036122293936	23.753476407686502	25.21837227771102	7.351364339707806E-4
75.0	24.383499900865992	25.43324920944831	22.809789567070034	27.37121400511464	0.0022473175010165438
76.0	26.556664889147267	24.852787579570943	25.63402100721292	22.955560404820766	9.661192480987928E-4
77.0	23.781248726781214	26.25476892627911	24.538816529225542	25.424325755835177	8.400618789580041E-4
78.0	26.7572538487967	26.967638774668462	20.874813198850507	25.39976916040076	5.250172835689751E-4
79.0	26.7614610600634	22.03688245306218	23.421964201151436	27.776815273783384	0.0028770119395995493
80.0	23.78156118500531	24.0160986481075	28.159089854370063	24.040562444733343	0.0026878677837837155
81.0	24.51293063080581	25.82524928300819	22.508713303647134	27.152560823038147	5.459595007242363E-4
82.0	22.329206006042327	22.951706743065056	24.595540403544092	30.12243396402321	0.0011128833253121744
83.0	24.600677953005228	23.10633833987182	24.813462137685267	27.47863969300622	8.818764314744218E-4
84.0	22.4064192904566	27.31051751309183	25.040868010079585	25.24087246115492	0.0013227252170634073
85.0	25.044881324561207	27.452002543712446	21.26599031684504	26.236411996598026	7.138182832796255E-4
86.0	24.606202469861497	25.52447031285262	23.38010989991445	26.487390900455033	0.0018264169163994394
87.0	21.514564443751247	22.971607085916816	26.910135462352315	28.602916310417886	7.766975617364355E-4
88.0	24.517554640407003	27.588769211490067	25.397737326802982	22.494973248382507	9.655729174428858E-4
89.0	25.93836274452802	26.737127875255368	23.159193229376672	24.16435062210486	9.65528735079695E-4
90.0	23.236073235034286	26.602953001202028	24.733478701908577	25.427285173643664	2.098882114397051E-4
91.0	26.009148654618876	25.395943235945673	24.33357434514921	24.260599185457018	7.34578829228262E-4
92.0	24.661628982674934	24.633275745411016	23.71761938580718	26.98747588610687	0.0
93.0	25.66967447695601	26.794240298977616	21.45476668711421	26.08087782702303	4.4070992913174475E-4
94.0	26.7997974476983	24.453552629287106	23.401149461228083	25.340736747272775	0.00476371451373702
95.0	23.281618739804077	27.174272975998164	24.37391220774141	25.16776185601754	0.0024342204388060062
96.0	25.209794846743584	25.242865128646752	24.484892588731597	25.06156612125882	8.813146192469041E-4
97.0	24.860152684313096	25.22035656554296	23.563359961325343	26.355899983046267	2.3080577232647182E-4
98.0	27.147039329368273	23.75277819565673	24.57480729136178	24.525375183613214	0.0
99.0	21.67234897073486	22.99242795311821	27.107432780961492	28.227748341300725	4.1953884709466206E-5
100.0	22.742120576434065	25.601658245321556	24.723578584689633	26.93264259355475	0.0
101.0	22.87963427888752	23.0540338849101	28.76173553091519	25.30444948661706	1.468186701332652E-4
102.0	24.734182132592405	25.176753936453743	24.969637296265734	25.119426634688114	0.0
103.0	25.51560580680598	26.206820327218495	25.23182573290278	23.045538407203328	2.0972586941334849E-4
104.0	24.956635079290013	27.62186586078135	23.42194366702284	23.999031092087147	5.243008186432982E-4
105.0	27.02381808797149	24.098524076795574	21.40878297106229	27.465330349789042	0.003544514381604935
106.0	25.560065427042744	23.71386344002874	24.97374717888348	25.75224006246567	8.389157936174868E-5
107.0	24.632755043424698	25.456367777868895	23.10553446533333	26.80450381165482	8.389017182594718E-4
108.0	23.615608200566392	25.320068591069155	24.55884024227459	26.50539909342032	8.387266954545627E-5
109.0	25.385427918710207	25.122926828450087	25.641911611773466	23.84893691251753	7.96728548712822E-4
110.0	23.499371980058505	24.764028661442218	23.823267158697735	27.9132902689091	4.193089243824575E-5
111.0	24.33435275860168	24.638251488936053	24.804971233925286	26.22162781955439	7.966989825944334E-4
112.0	24.83835300994012	25.117265085130658	23.93237094970568	26.111969026168342	4.192905520002046E-5
113.0	27.65602090662749	22.71973153113039	23.258518264159584	26.364827861192136	9.014368904033029E-4
114.0	26.115185660753127	22.917009512329344	27.470684730484003	23.496721784020338	3.983124131967192E-4
115.0	26.07777259456881	24.591738430815514	25.900569745318077	23.42916446089094	7.54768406652445E-4
116.0	26.673446980108356	24.964971525409087	24.946081412821083	23.415437184505244	6.289715623087534E-5
117.0	25.353367373338514	27.376856570312235	24.20542920890743	23.063592080142868	7.547672989520057E-4
118.0	25.65276213794053	25.194954895419897	25.685531542596134	23.466332109844387	4.19314199048031E-4
119.0	26.81330067624658	21.63582316363641	25.11318649385415	26.437144542832236	5.451234306210926E-4
120.0	24.659132841328415	24.10971569942972	25.37852230795035	25.85258721905401	4.1932237504193224E-5
121.0	26.855267847782788	24.051535800398366	24.780018869902506	24.312464618932804	7.128629835412517E-4
122.0	26.00493214629714	24.76451538370899	24.54461931856541	24.68545092321543	4.822282130341673E-4
123.0	23.466285194804758	28.167459046845895	24.362482692454453	24.003039251123155	7.338147717332873E-4
124.0	24.862635548265885	24.725098126450984	23.72625356659065	26.68592889441089	8.386428159445287E-5
125.0	26.39273549734848	23.83304323907052	25.0537663264506	24.719385690630507	0.0010692464998949623
126.0	23.867482150801667	24.436639591486394	25.862038601315557	25.83373482760486	1.0482879152111188E-4
127.0	25.441795754819235	23.91223585027102	27.54287552062608	23.101981702139614	0.0011111721440464864
128.0	26.033917110516796	23.483592431107837	25.282055539761174	25.190937322575262	0.00949759603893637
129.0	23.968167176415633	27.412243367882212	22.87148707205617	25.74504137394888	0.003061009697110994
130.0	25.92113161413226	25.087990647318055	23.946140729265142	25.044716042906433	2.096637810640479E-5
131.0	25.257740604722816	25.72462157649275	24.500683925691536	24.51622006724361	7.338258492881051E-4
132.0	25.35470394320963	26.28301130024881	22.742586760445082	25.61311455337107	0.006583442725411103
133.0	26.624867126943823	25.611341855379603	25.03957363211513	22.72235139708025	0.0018659884811902069
134.0	25.537700124075773	23.847959165274883	21.735085852971675	28.879212926020397	4.1931657269083414E-5
135.0	25.628161458255803	24.754929657783116	26.46516496766185	23.151177849251315	5.660670479163177E-4
136.0	27.610969615597174	26.419548968023875	24.274899553094084	21.687872823440717	0.006709039844149004
137.0	28.051041461595734	21.830428847487184	24.62299968698182	25.495320346747828	2.0965718743625112E-4
138.0	25.149029593753102	24.461608710364125	27.42498833298601	22.963010638891138	0.0013627240056202931
139.0	25.41597246200979	24.21021051618637	25.652856370445427	24.71980757454065	0.0011530768177679493
140.0	25.937298277326367	22.20636568883779	25.84513610796811	26.0108435207542	3.5640511353284893E-4
141.0	24.504015883232245	25.922667779219715	25.832643228975577	23.740274769854565	3.9833871789442347E-4
142.0	27.63432541679246	23.77771627922579	24.137210257958472	24.45047549562242	2.725504008587434E-4
143.0	25.703438267461053	26.299733363299737	23.983864265608563	24.012775415920125	1.8868771051783035E-4
144.0	26.867725302560746	26.414036185271208	23.488496129595752	23.22913438883841	6.079937338907867E-4
145.0	27.412380516503728	22.86439203648119	23.710947270127203	26.01131577606697	9.64400820914751E-4
146.0	26.88222472080189	21.97078255137876	25.346485748626623	25.795496308980987	0.005010670211733312
147.0	25.587485371829132	25.226409073889506	26.939461700083818	22.243100807437298	0.0035430467602506214
148.0	24.432738023607488	24.850257094469796	24.09411045481171	26.622370300735327	5.241263756744982E-4
149.0	26.931049310153465	25.850947696447818	24.046899794520936	23.168985722548964	0.0021174763288159806
150.0	25.26290255660013	24.44952369451288	25.092012487910747	25.195540295442115	2.0965534129478524E-5
151.0	26.58069196288174	24.968194531220515	25.52754726791652	22.92291629102528	6.499469559419828E-4
152.0	27.0569040030745	24.21926220013213	23.628138366670797	25.09559059862767	1.0483149490340722E-4
153.0	24.66043795546979	23.95965552971092	26.05699182686078	25.32209699664076	8.176913177535881E-4
154.0	23.12009849349569	25.427805961775064	24.73799925022833	26.71122384710025	0.002872447400665737
155.0	26.21601280208833	24.32380006110812	24.569763391622317	24.890214039894754	2.0970528648153747E-4
156.0	25.32391601587075	23.55290530395175	27.223960474109365	23.89888267219179	3.355338763389899E-4
157.0	24.480586682828264	23.410523843426816	27.08364571285969	25.02480337128723	4.4038959799769527E-4
158.0	24.558751918355945	22.56385047749709	26.277103921100682	26.600251740309027	4.194273725853042E-5
159.0	26.418010579334204	22.010073499172567	24.923909786041428	26.64746087380695	5.452616448488608E-4
160.0	25.5515976918326	22.37303349107698	26.130946451397097	25.944380421891726	4.1943801597429684E-5
161.0	24.118126207988833	21.572415575002683	28.675809352517984	25.629601263019435	0.004047601471061956
162.0	24.256518323366556	23.999501696037097	25.923886166905824	25.820030896523495	6.29171670329145E-5
163.0	24.52564741166416	24.83636306437152	27.008667110596107	23.629259494235033	6.291913318407518E-5
164.0	25.444191434737025	24.280039170013502	24.612216656567952	25.661728048611423	0.001824690070099559
165.0	25.608199912831147	22.5456493387458	27.58470543177737	24.26083706429731	6.082523483784202E-4
166.0	24.802830771425064	23.45756412286672	26.05941557658405	25.68014757934015	4.194978401104957E-5
167.0	26.090985632235743	24.325293163387435	26.66374129046846	22.919476503090312	5.034108180467745E-4
168.0	26.014403513596456	24.921187193865553	24.172882437450564	24.891484902698778	4.1952388653640874E-5
169.0	25.85830718004517	22.895092957187483	25.945047782849358	25.301258399521554	2.936803964349717E-4
170.0	30.131868657457833	23.668328363068216	23.473174833061186	22.726523258994725	1.0488741804097155E-4
171.0	25.190007805680715	24.01525390698339	27.18495603457155	23.60896413519414	8.181175702075985E-4
172.0	26.647002302936613	24.97537061509923	24.384789630032877	23.992711631318762	1.2582061251990587E-4
173.0	28.09454042348765	20.859196091025165	23.828084454288735	27.21641762720849	0.001761403989957481
174.0	23.29039406522167	26.948717378786665	24.33459581715387	25.425789478760958	5.03260076839426E-4
175.0	26.06875692251688	24.168197081984825	23.72163314571329	26.039756268691583	0.0016565810934190113
176.0	23.98490053570762	24.985289325313726	28.364340737391704	22.6638756577863	0.0015937438006511703
177.0	21.475265855043677	26.397914767003023	25.80559719553023	26.29538535874178	0.02583682368129439
178.0	24.504794737269197	23.437545540725544	24.929656288221448	27.127688907909548	3.1452587426136216E-4
179.0	27.459095031638768	24.77314977430838	23.486251422040713	24.28022459068819	0.0012791813239526704
180.0	26.334617721189034	23.092599949969834	25.84003380189316	24.732664442636633	8.40843113389796E-5
181.0	27.114042064380182	22.828890917283655	26.419072485741662	23.637194773532435	7.99759062059409E-4
182.0	24.76087909109009	24.06977199379883	25.635112626653157	25.534152102070944	8.418638697703943E-5
183.0	23.29987863868214	25.08464352059796	26.308801621181782	25.306065834831582	6.10384706537557E-4
184.0	25.741530552233293	23.02023119562211	26.86433517681931	24.369945832075647	0.003957243249637639
185.0	24.536375974311355	25.439945039494443	25.133465290184397	24.88949806442705	7.156315827581619E-4
186.0	26.525299498506293	23.739066662625078	25.353196896060464	24.382436942808162	0.0
187.0	24.181031064891595	23.271463928587696	28.488241635694006	24.05854634595691	7.170248697967193E-4
188.0	26.2573674657605	28.5788072603889	23.003492177715952	22.15997455632808	3.585398065656653E-4
189.0	24.6965228736775	24.85770522064602	25.35274720778265	25.091970115670797	0.001054582223034016
190.0	28.29563436734966	22.196223339426535	25.177891841928858	24.330144983907786	1.054673871636065E-4
191.0	25.673078019889317	24.746229297097294	25.19173011902413	24.388645707074655	3.1685691459945695E-4
192.0	26.075862246706517	24.51274236132207	24.5595552605573	24.85181900645959	2.112495452853538E-5
193.0	26.784114648475793	24.99057723121024	22.338215707882338	25.88686001230453	2.3240012710174223E-4
194.0	27.424380654733106	24.0663074569056	24.702270154418503	23.80704173394279	0.0
195.0	26.09009038707068	22.21629841130576	25.14266804780917	26.55039373972226	5.494140921333623E-4
196.0	27.015418073172754	23.012824964304528	26.687743792036393	23.2839708271018	4.234338452366233E-5
197.0	24.266791177121416	25.20409232831374	24.63392761665179	25.89455362049086	6.352574221889065E-4
198.0	26.829328297036863	23.840805241876904	24.591392980644123	24.738431063571227	4.241687088622629E-5
199.0	24.893865005253893	23.494321652941384	25.9206741981307	25.690714157459517	4.2498621450966684E-4
200.0	27.087003663352405	24.618331723169735	24.265044970530393	24.029598391338183	2.1251609278112585E-5
201.0	24.74592704351295	22.07054981007357	28.6746083039707	24.508596049130723	3.1879331205635926E-4
202.0	24.62156483702404	25.385736162904752	28.529863427729136	21.46283557234207	0.0
203.0	24.874874055509334	25.192427448638355	23.49812191490479	26.433811187123695	7.653938238246262E-4
204.0	25.666379046020865	23.990538712477306	24.28090940289869	26.062130312139985	4.2526463154859685E-5
205.0	26.821407094075912	24.792499002685307	25.468674111581862	22.91652667402142	8.931176355008306E-4
206.0	24.56750267433131	21.767419307502376	26.62919412774265	27.03586262337546	2.1267048197511332E-5
207.0	25.186399182359903	23.693759325808518	27.17917357516535	23.940412670018198	2.552466480265712E-4
208.0	27.529080831489356	22.60096037960758	22.814813018290018	27.055103221341525	4.2549271524559546E-5
209.0	26.560641504503902	21.313287523336584	25.481190083967025	26.64411488217764	7.660060148494522E-4
210.0	24.112658779283734	25.305342934735535	25.433521952066624	25.148263518012843	2.1281590126363698E-4
211.0	24.815921529107804	25.71757554779697	25.854560711888585	23.611154573122512	7.876380841320942E-4
212.0	27.61496367774734	22.945437400335283	25.188660199533874	24.250768355344754	1.703670387482793E-4
213.0	28.908822776737352	23.88434945235197	23.162156789086204	24.04426612947732	4.048523471527906E-4
214.0	26.731361539268562	25.8923994435351	24.341053103844164	23.035185913352173	0.0
215.0	24.862958673942494	25.24637099014174	23.767055384865202	26.123144899729507	4.700513210578719E-4
216.0	25.361935495438125	24.822593769704454	26.447941793950637	23.36748573826935	4.3202637434610105E-5
217.0	27.654716330161406	23.340598094753513	25.954670676733656	23.049274337023363	7.405613280616984E-4
218.0	24.365135468514403	24.596909923438258	25.814298203109537	25.223458269480513	1.9813545728672867E-4
219.0	25.608035320754585	23.91947368631303	25.197485256017327	25.27427336477947	7.323721355927088E-4
220.0	27.5186409669809	22.224043564522713	25.616601291892486	24.640513183788723	2.009928151768335E-4
221.0	24.449321956772128	23.36754493395104	25.283142516229244	26.8997430416683	2.475513792887714E-4
222.0	25.12916616738862	25.398514830661185	24.964751159442994	24.507408679866405	1.591626407992511E-4
223.0	29.78081688535412	23.16508777728775	24.85834650736902	22.194920177773522	8.286522155858433E-4
224.0	29.02626409643806	24.040019985057384	25.117772386450426	21.81582809156555	1.1544048858108864E-4
225.0	29.780628427463014	20.503210349695323	24.246295017615335	25.468867181945836	9.990232804950694E-4
226.0	25.018619942522687	22.73041238470682	26.105135906772393	26.14569070582748	1.410601706263824E-4
227.0	26.475388257569016	24.20952081171665	26.24223075376436	23.071269711387473	0.0015904655625037535
228.0	26.400339924581022	27.54341028715611	24.06626907006006	21.98990914508777	7.157311503851349E-5
229.0	27.25410284457318	25.153934068343915	22.949094694309196	24.64286839277371	0.0
230.0	25.314947687312777	23.211797289185544	28.253602830868413	23.219652192633262	0.0
231.0	25.04769275622745	24.55238073249491	25.126953487189702	25.27113089368132	0.0018421304066220414
232.0	24.743948445206225	25.373630408985616	24.768981521981416	25.113291352888297	1.4827093845125075E-4
233.0	22.827686634017187	25.001369637182485	23.178964174043738	28.991354149650434	6.254051061575135E-4
234.0	26.253785006552388	21.88236255464976	26.689308187592182	25.173351523696702	0.001192727508965758
235.0	24.72631240763349	22.886050247381608	27.388524063483903	24.998856261646214	2.5701985478378205E-4
236.0	27.762135034902137	24.282352769365296	23.713268131912265	24.24206151444526	1.8254937504221455E-4
237.0	27.246711000391176	24.76527884899135	23.09400090483453	24.89374529171939	2.6395406354641287E-4
238.0	26.545445099757277	23.12728826885298	24.838147490375615	25.489065582936828	5.355807730787111E-5
239.0	26.881598377668443	24.079075053249767	24.42490932228188	24.613001789736575	0.0014154570633348985
240.0	24.903072345737844	22.529325836975886	26.738811652753284	25.828593257160186	1.9690737280275984E-4
241.0	29.328272205893786	20.96713233695438	23.946806341467262	25.755141768270356	0.0026473474142174945
242.0	25.971464127310856	24.669341781301338	21.979754104997546	27.37831148411873	0.0011285022715340099
243.0	27.83834108465803	23.138043275561003	25.58931729948745	23.431218530846127	0.0030798094473861175
244.0	25.762407827546568	23.21268914876366	26.632525416898307	24.391329750040853	0.0010478567506188726
245.0	28.339293638570574	21.444160584355814	23.863900752122046	26.350715633856048	0.0019293910955196134
246.0	23.923140253719122	26.75304715592623	24.140659258213017	25.18053878440013	0.0026145477414996647
247.0	24.72400891231152	23.78806821464339	25.24128498251603	26.105337511536685	0.14130037899237605
248.0	26.22186692588358	23.133485790409793	23.886948908836008	26.74670140872276	0.010996966147862471
249.0	25.496579336080234	21.884217614589954	28.395140416424674	24.20742805401722	0.016634578887918382
250.0	25.847925156415602	23.019246262029274	25.591092656096386	25.54076253285916	9.733925995823573E-4
