# Position (bp)	A	C	G	T	N
0.0	23.82852353011615	23.86674649742546	24.992647587115314	27.31208238534307	0.0
1.0	22.540131414788323	29.473489987103264	23.721296633559625	24.19089465497643	0.07418730957236178
2.0	23.985912883714448	27.718349347496847	22.482281287779387	25.81259704468496	8.59436324362728E-4
3.0	25.672988287475025	22.675578135347703	24.472440163444784	27.172218203748695	0.006775209983796751
4.0	26.162562271607197	23.71728118157752	23.395528650661053	26.724532533815488	9.536233874228518E-5
5.0	28.414083905904054	24.00100223693186	22.01653500398227	25.567711965489515	6.668876923018296E-4
6.0	24.760542959563438	24.40121469507044	23.430257780213257	27.40227641162637	0.005708153526497249
7.0	24.547608083666038	25.595142584513425	23.73762740509003	26.118482579861098	0.0011393468694071123
8.0	26.76935784231076	24.76352676178009	23.808066896398863	24.659048499510288	0.0
9.0	26.273272134706318	25.363045774165155	22.607405670501272	25.75608732197544	1.8909865182116184E-4
10.0	24.57667948940801	25.25147940173976	23.548750349539365	26.62299628921454	9.447009832447833E-5
11.0	27.373362899313975	22.716082702077763	23.105412689786974	26.805050530838216	9.117798307007211E-5
12.0	28.61132203347286	24.121559413019252	20.697176349721328	26.56994220378656	0.0
13.0	24.569191986201407	23.0823050727522	24.791119366679933	27.557206669320244	1.769050462164433E-4
14.0	26.560291539729203	22.124445245719716	23.749040584689787	27.566222629861294	0.0
15.0	25.377438785428318	23.86587090169241	24.271666151617744	26.484937840212837	8.632104869715642E-5
16.0	26.244093807377165	25.30079834262105	21.411569440888908	27.043538409112873	0.0
17.0	28.658377915507945	25.98569213566283	19.469669572302102	25.88451450115768	0.0017458753694396987
18.0	25.567331336988264	25.93672382474452	19.91934985604073	28.576512602099868	8.238012661825461E-5
19.0	24.92670661289227	24.336431988728	21.208565609752704	29.52788667119969	4.0911742733869933E-4
20.0	23.634529049617594	25.559065199765374	23.686361295123707	27.11996321372921	8.124176411616272E-5
21.0	23.437888961841963	24.847073798523304	24.08753831714715	27.62733779913557	1.6112335201021522E-4
22.0	22.22976931439235	26.98778967398158	25.89238822100227	24.8900527906238	0.0
23.0	25.092331485115814	24.031194227972232	23.677349490946277	27.19856906045767	5.557355080057669E-4
24.0	27.713018086263368	21.503919633371265	24.493700926001598	26.28928277310132	7.858126245513011E-5
25.0	24.13439902366203	25.923236361117404	19.998038606757	29.94409250926797	2.3349919559527115E-4
26.0	25.82659695441511	25.208657791950955	19.86505611589044	29.099534633639866	1.545041036289924E-4
27.0	25.713009629489882	24.796879752659564	19.731021126353845	29.75893548126273	1.5401023398004798E-4
28.0	27.131466656941228	24.117416437207098	23.164171483798025	25.584514062376535	0.002431359677115435
29.0	27.46613967487473	23.756650665479984	22.243177946926977	26.533505522739674	5.261899786366869E-4
30.0	23.868923891098927	24.635791850338673	24.7908677681014	26.704341827043688	7.466341731474512E-5
31.0	26.029661992970883	24.38443191190566	22.40765921401663	27.17772675597958	5.201251272448972E-4
32.0	24.57182687445579	22.367459357686947	24.345347230758247	28.71521932901081	1.4720808820119813E-4
33.0	23.916411037357097	24.92782874172089	25.00469969324483	26.150841937293706	2.1859038348039607E-4
34.0	25.584880123743233	26.72268010296545	22.773530837690895	24.91883679052533	7.214507508859415E-5
35.0	25.73327636274666	21.930632366378887	25.521776626318843	26.814100648194977	2.139963606352268E-4
36.0	24.156407666863615	25.482421848551436	25.553123599061205	24.80790434167191	1.4254385183421863E-4
37.0	25.881678179182	25.182021239076768	21.356066246540014	27.58023433520122	0.0
38.0	26.310008675695656	25.863687583783147	21.504969649311	26.321334091210197	0.0
39.0	23.59742918691805	27.565454254125942	21.21810963342769	27.618650857234417	3.5606829389876976E-4
40.0	26.287720197661667	27.5072271827516	22.35150453568021	23.853548083906524	0.0
41.0	24.512038843245858	24.375916618017683	21.016573877632386	30.08998875140607	0.005481909697996611
42.0	24.98686636436763	25.70476726058699	20.85720997444458	28.45108521558382	7.118501697762654E-5
43.0	26.69378516596735	24.787589549768853	22.514404478467128	26.000092530312575	0.004128275484093683
44.0	28.895918360085254	24.263749871014344	23.101847074605303	23.738413529794798	7.116450030067002E-5
45.0	25.562209076458725	24.402784043123923	21.128217680182264	28.90230661188896	0.004482588346124126
46.0	25.076517217974825	24.171899434106972	22.443841128769478	28.30774221914873	0.0
47.0	24.867715834119426	24.56729312236161	23.643046882447432	26.92002339071457	0.0019207703569644999
48.0	24.446960478432082	23.49076483561187	22.311610967411116	29.750663718544935	0.0
49.0	22.592335267851745	26.177653787813597	24.061606861578703	27.166555137330423	0.001848945425531234
50.0	26.992820222553902	25.63423026627823	19.453947242110743	27.918931161030525	7.110802660293491E-5
51.0	24.79416166334297	26.37809130754711	21.325214263116173	27.49983114893375	0.002701617060000782
52.0	23.30947567277397	26.082476639324792	20.710709141953906	29.897338545947328	0.0
53.0	23.03999716959437	25.547807320136567	23.338180402979003	28.072175343628935	0.0018397636611296858
54.0	23.714014409095476	28.24512444154495	21.96460134411303	26.076047532184134	2.1227306240686518E-4
55.0	23.753696722051654	29.303577072421888	21.832882765938233	25.108291380711577	0.0015520588766480042
56.0	26.611965734794534	25.71364682911414	24.010262067875807	23.664125368215526	0.0
57.0	22.597688940048286	27.58749350221577	22.863807147880046	26.945297296992294	0.005713112863602605
58.0	25.34961447022009	25.62029283760215	21.159177639907497	27.870491896927824	4.2315534244198713E-4
59.0	27.29188983724386	22.747566838339054	24.065257603784456	25.89204174015575	0.0032439804768792345
60.0	24.190568166700334	22.579834541342493	23.58584795626249	29.643678945727224	7.038996745871804E-5
61.0	24.8227179979152	24.121050790457776	22.88783671263036	28.16163754725467	0.006756951741991429
62.0	24.93535450505551	22.41090745805609	25.14621776346998	27.507097983848833	4.222895695883943E-4
63.0	26.58748283673948	23.64050437993037	22.573514353095508	27.195753716096622	0.002744714138022525
64.0	25.433802427229118	21.888949668315203	23.29517805368048	29.3819996306421	7.022013309524026E-5
65.0	24.03904147436964	26.632795709117	23.457674292547058	25.864801236318037	0.005687287648264429
66.0	24.686598454950566	24.42337977281328	22.946083349540228	27.943166108611234	7.723140846919625E-4
67.0	26.817415284640518	24.710641566235456	20.617850287638362	27.853109962523465	9.828989621991102E-4
68.0	23.504468219094026	23.317862415779913	26.811069697758978	26.366459256679864	1.40410687219047E-4
69.0	23.765474132908007	25.125133909078016	24.297038766590333	26.808983526550854	0.0033696648727881305
70.0	24.87609934468374	23.481126821733664	24.57803727352011	27.064106111498333	6.304485641533951E-4
71.0	25.10755132123508	23.00582288893218	25.471350953525118	26.41401794698301	0.0012568893246105214
72.0	27.04223837704538	25.741978366935424	21.999410718225565	25.21504595559999	0.0013265821936363155
73.0	25.571509158388885	22.813869255236856	22.695252829619616	28.91469112254843	0.004677634206212457
74.0	24.837031111036648	26.156698653106986	22.869816165229302	26.135057892525005	0.0013961781020634116
75.0	25.106329808435323	24.01312046662958	22.669801357140415	28.20844481704572	0.0023035507489681142
76.0	26.815939602117222	24.06073293020613	25.149008852930233	23.973690400821425	6.282139249898613E-4
77.0	23.880309486666736	25.313412833855075	24.479460038598585	26.32604985708752	7.677837920841491E-4
78.0	27.47503934727151	25.73370883368057	20.1027391284623	26.687884530153443	6.281604321743773E-4
79.0	27.39495610637208	21.379246807958225	21.48296112039375	29.739904605166736	0.002931360109214102
80.0	24.06467421762189	23.166739133317467	27.52848707080957	25.23772667347365	0.0023729047774250214
81.0	25.617805643683344	24.927314930483345	21.501241543338168	27.9530097829986	6.280994965433591E-4
82.0	22.81357013303409	21.78547476832612	24.331008743556083	31.06862041074964	0.0013259443340653942
83.0	25.315564401097568	22.1496621046373	24.416324491203	28.117192886472182	0.001256116589950509
84.0	23.674725992459603	25.929936967973198	24.967814101226658	25.42675536135082	7.675769897165618E-4
85.0	25.02382836321822	26.585475792755343	21.336188550384254	27.05373976217689	7.67531465301298E-4
86.0	25.30339966705227	25.49010715446905	22.284403784943116	26.92069397135756	0.001395422178002844
87.0	22.687692600713998	21.146886888744547	25.766792410180134	30.397372293124942	0.0012558072363798986
88.0	24.46770363300991	26.883547786679614	25.64342980245735	23.004969959788255	3.488180648689979E-4
89.0	26.47093703827206	26.468286135639712	22.136920516172598	24.922670379790635	0.0011859301249970353
90.0	24.134123185059416	25.649137297194734	23.75526501934402	26.461404739947458	6.975845437587809E-5
91.0	26.50076556325575	24.678132095411154	23.870785478363683	24.949968086998677	3.4877597073072053E-4
92.0	24.760126444542404	24.10035210285198	23.31014346377693	27.829377988828686	0.0
93.0	26.708800191951433	25.31987255317724	20.88650592594246	27.084612079548243	2.0924938062183334E-4
94.0	27.80931164262219	23.634193838178962	23.377939531237356	25.174439853473313	0.004115134488174917
95.0	24.22788122601623	26.50772572120448	23.806338760006753	25.45512497715831	0.0029293156142286623
96.0	25.664827768982374	24.36306954101951	24.222327612060006	25.74865918553804	0.0011158924000753228
97.0	25.517950334513586	24.568493862427147	23.222279797443708	26.691066782065075	2.0922355048180697E-4
98.0	27.865762188934678	22.708858270050346	24.05755479973192	25.36782474128306	0.0
99.0	21.859790536488767	22.052519279847154	26.513450569679392	29.574169885785214	6.972819947843307E-5
100.0	22.705550465688017	25.149732747092152	24.22672361740372	27.917993169816107	0.0
101.0	23.281109794928895	22.034005841246113	28.199455755942164	26.485219444140384	2.0916374244134528E-4
102.0	25.584108320915632	23.90864292742044	24.20471526222902	26.302533489434904	0.0
103.0	25.6524734373758	26.018402435435984	24.48970057692388	23.83921436829136	2.0918197297647818E-4
104.0	25.103318246696155	26.9830235238582	22.721158921487895	25.19222039924388	2.789087138752204E-4
105.0	27.623243401927212	22.967199477300287	20.865452937849916	28.540617658687406	0.0034865242351786114
106.0	25.756075519692967	22.331317689782416	25.078515266547473	26.834021794610756	6.972936638319356E-5
107.0	25.927354068727187	24.538990080424842	22.666431449223015	26.86624820274814	9.761988768134637E-4
108.0	23.33168551202503	24.28858394510733	24.078643608324263	28.301017210087455	6.972445592263932E-5
109.0	25.74708973164732	24.185557148355358	25.43967782060364	24.62683861467322	8.366847204636349E-4
110.0	24.135495561825916	24.28009964713535	23.302244152214975	28.28209091650683	6.972231692836938E-5
111.0	24.609364650167826	24.14150865777624	24.658520905702268	26.58969935894665	9.064274070179792E-4
112.0	25.28701571980182	24.072994655016377	22.98837992472679	27.651400530733305	2.0916972170665761E-4
113.0	28.601747649848107	21.84367088739978	22.43812004582125	27.115485309938375	9.761069924818845E-4
114.0	26.30588494504675	21.88898627057653	27.47474409417251	24.330105792769444	2.7889743477111934E-4
115.0	26.625443556343946	24.140551840222795	25.311491778736766	23.92167609038683	8.36734309662817E-4
116.0	27.010593797959892	24.38651429671141	24.205569745234254	24.397182703792726	1.3945630171649788E-4
117.0	25.91632400756697	26.076072760641146	24.02716077446419	23.979396524854494	0.0010459324732049534
118.0	25.893920503830888	25.20521123578583	24.623186708057556	24.277332909383514	3.4864294221173504E-4
119.0	27.075434925252615	21.197938493700217	24.599591241038787	27.126268306816065	7.670331923154431E-4
120.0	25.292397762764008	23.37613164018183	24.799751201283602	26.53164966518861	6.973058195051779E-5
121.0	27.55364244229223	22.832772810981822	24.63030279363968	24.982305716770135	9.762363161304223E-4
122.0	26.1060749748968	23.79281490572353	24.74032132098628	25.36050987392614	2.7892446725426756E-4
123.0	24.02114225347693	27.466590428109715	23.964730370024302	24.5464909925772	0.0010459558118534687
124.0	25.442418790813782	24.460761241331703	23.026486902981304	27.070123875169532	2.0918970368278474E-4
125.0	27.250876838222478	23.3324733462099	23.99921903872034	25.416175660504976	0.0012551163423120638
126.0	24.88913123514777	24.236609284526907	23.955044459071996	26.918866377338702	3.486439146296565E-4
127.0	25.72520510464067	22.78979964382985	27.779877362555833	23.704071970357273	0.0010459186163751808
128.0	25.86148348295999	23.02295824980389	25.424213370522097	25.681792033469886	0.009552863244138413
129.0	24.666696417614048	26.580960695279643	21.688370912498744	27.060136891546637	0.0038350830609262215
130.0	25.672574523439785	24.510853307244577	23.567669563531716	26.24890260578392	0.0
131.0	25.83745803818856	25.03992212222515	24.028863868701194	25.093058641239242	6.97329645854166E-4
132.0	27.0847352437668	24.951623194368416	21.906691165959465	26.051162612312638	0.0057877835926794996
133.0	26.473541590252026	25.663186110502895	24.77166259199393	23.089657211473423	0.0019524957777278808
134.0	27.02470890298719	23.026823182883817	21.014561475198352	28.933627510184383	2.789287462571249E-4
135.0	26.740916774053186	23.620013500019525	26.439816131965483	23.19862601040952	6.275835522902616E-4
136.0	28.04042793248251	26.20633196146878	23.913607399421778	21.833635738582398	0.005996968044528185
137.0	29.127174949932222	21.277132831632795	24.087553066267983	25.508069419883185	6.973228381597371E-5
138.0	25.45514764843287	24.20374437820312	26.681727852735072	23.65819474950319	0.0011853711257539309
139.0	26.00087995576514	23.149879058377604	24.700260709556723	26.147446280513442	0.001533995787089752
140.0	26.179265181354882	21.70701384836042	25.676258927594013	26.437252863488958	2.0917920173033037E-4
141.0	25.93961580029983	25.277899801276014	25.15120454624691	23.63065230275773	6.27549419516787E-4
142.0	29.07663246941876	22.931029313221735	23.38552056959929	24.60632954730077	4.881004594419896E-4
143.0	26.4665788554371	25.71421000922506	23.731345052808763	24.08751744080238	3.486417266969613E-4
144.0	28.41859378649848	25.16450682815774	22.730147440791836	23.685915203240977	8.36741310964449E-4
145.0	27.930865932987064	22.158072323432634	22.972497125456982	26.937658152162165	9.064659611572363E-4
146.0	27.12530959234219	21.863494879175313	24.731337996742308	26.275325211415314	0.00453232032487672
147.0	26.795909487723723	24.640553136775285	26.04047838856241	22.51915422954953	0.0039047573890560808
148.0	23.99921903872034	24.55921011344857	23.06325089078396	28.377692398875975	6.275581711560319E-4
149.0	28.051896252123292	24.44215573338391	24.220482367937343	23.2827461557557	0.002719490799753433
150.0	25.369925638322204	23.79469092207365	24.818209964353255	26.017173475250893	0.0
151.0	26.739431198188047	24.010203398529463	25.22823758465641	24.02143048411751	6.973345085744252E-4
152.0	27.327442712186834	23.416997261565477	24.01391601715723	25.24136507509252	2.789339979400724E-4
153.0	24.17445248246535	22.54832226652664	25.711323009892485	27.56492596327243	9.762778430954143E-4
154.0	22.54253634391416	24.55716805124654	24.57327673675688	28.32415975074076	0.00285911734166243
155.0	27.70181535656772	24.28626127492724	23.413977875930293	24.597596774497273	3.487180774753927E-4
156.0	25.800086901150987	23.232457789125917	26.327491799837215	24.639684533478214	2.78976407662645E-4
157.0	25.09774574528777	23.248143772379	26.011736463800943	25.641676581890916	6.974366413683149E-4
158.0	24.567980365311772	21.530573884999814	25.781129580433383	28.12010693344697	2.0923580805822894E-4
159.0	26.13564001001569	21.650412100845962	24.306661337986863	27.906449585736993	8.369654144966595E-4
160.0	26.551958156433503	21.64814493196375	25.246125292159356	26.553771619443395	0.0
161.0	24.84519141302331	20.739119456848197	28.691935445621347	25.71998722192695	0.003766462580194266
162.0	25.611360351764123	23.221649340721275	25.64156218089291	25.525358376438945	6.97501827454788E-5
163.0	25.62642249854742	23.778839708521634	26.23040239052995	24.364335402400993	0.0
164.0	25.528272906474037	23.221198715990273	24.513997296381085	26.73450824966484	0.002022831489766565
165.0	26.79453705983662	22.46372211801586	26.077733684806013	24.663309586373202	6.975509683053767E-4
166.0	23.74350388894702	23.416971853091976	25.64968086219525	27.189564368176907	2.790275888528478E-4
167.0	26.838032428254422	23.73249306070514	26.146439874907827	23.282546321842368	4.883142902386671E-4
168.0	25.91451100161775	24.593521598972007	23.64177580153348	25.850121837135177	6.976074158458734E-5
169.0	26.538539619553504	22.195712215741224	25.440816061715292	25.82465305029018	2.7905269979998896E-4
170.0	31.53837728401332	22.383627031639048	23.326638235173057	22.751217919515106	1.3952965947088957E-4
171.0	25.78147400644476	22.96804898518431	26.751885185916414	24.497475605425652	0.0011162170288674654
172.0	27.272004574552653	24.360748106720965	24.00991617969066	24.35712193693254	2.0920210317847728E-4
173.0	28.94274973903621	20.09863978071371	22.765525863830245	28.190853262692393	0.002231353727441537
174.0	24.211876142701147	25.72836520693786	23.790915848384564	26.268215231552567	6.275704238610642E-4
175.0	26.19840410361402	23.62046591025576	22.674684966315752	27.504004384775175	0.002440635039290738
176.0	24.38337574452031	24.016075571644453	28.658130500001043	22.94165108645397	7.670973802229744E-4
177.0	21.764343230475035	25.854847191051984	25.048923133144847	27.3065008138745	0.02538563145363426
178.0	24.786490480198548	23.015374359053034	24.50420533733702	27.693720619995243	2.0920341615231685E-4
179.0	29.105559627614653	23.771402428775968	22.454914634375974	24.666798243381123	0.0013250658522858433
180.0	26.360596329954316	21.944228737730953	26.187028214438122	25.507866882140185	2.798357364227198E-4
181.0	28.32390285213926	22.669680307739117	25.611625886933776	23.39380946338447	9.814898033725392E-4
182.0	25.25076273372741	23.187946563772392	25.203582605184344	26.35770809731585	0.0
183.0	24.18757225494313	25.09925524389483	25.66215148492014	25.05024982946256	7.711867793347182E-4
184.0	26.552880492967475	21.558072244217737	26.45528538506248	25.429695414922936	0.004066462829374725
185.0	24.92709224233417	24.034462936219732	25.307123929167307	25.730479648921108	8.41243357682655E-4
186.0	27.2046770997943	22.89578884344279	25.04427372167078	24.85526033509213	0.0
187.0	24.073947855659743	22.93198610140075	27.81371098923878	25.179441596722796	9.134569779329874E-4
188.0	27.177273826054204	28.015957117880852	22.12367117712204	22.68253571167565	5.621672672486972E-4
189.0	25.015425613405313	24.368744544814394	24.916476803953454	25.698088067251458	0.0012649705753788939
190.0	29.23107739126462	21.47887843636121	24.41189596826055	24.87779679302238	3.5141109123686164E-4
191.0	26.52766061719024	24.131341282571622	24.91286303547865	24.427853409924673	2.8165483481648075E-4
192.0	27.201596013627803	23.559017434744703	24.143297573726898	25.095877715948443	2.1126195214494258E-4
193.0	28.64778295113048	24.839511424532866	20.95102202082848	25.561331461817627	3.521416905477423E-4
194.0	29.134194896124377	23.018221285329226	23.240361650712803	24.607222167833594	0.0
195.0	26.50070617737908	21.597968463280537	24.659714077408314	27.24090686559384	7.04416338232549E-4
196.0	28.484011793241	22.111337747202708	26.06022239853835	23.344216104853302	2.1195616463907046E-4
197.0	24.800639930806067	24.43629770067265	24.196394312134448	26.565961419012645	7.066373741920485E-4
198.0	27.680301399354146	22.833550507053424	24.34437142371537	25.141564217324795	2.1245255226332783E-4
199.0	26.013303164915087	22.364197745604127	25.57341411691706	26.048375016062764	7.099565009651859E-4
200.0	28.113770350494644	23.894599543731417	23.63671478101451	24.35491532475942	0.0
201.0	25.045214312646586	20.972908336546443	27.847046033744398	26.13440526935801	4.260477045614797E-4
202.0	25.32176010089533	23.998787097214016	28.40315809207835	22.276294709812298	0.0
203.0	26.191709090082544	24.531424581501614	23.00091417222664	26.27495771864663	9.944375425743573E-4
204.0	26.069740380967804	23.876767272060796	23.785766347133364	26.267512882917828	2.1311692020476274E-4
205.0	28.29716330043469	24.166540570607754	24.557900113450934	22.9771172949092	0.001278720597418263
206.0	25.86315302623082	21.674364477674928	25.206974138623117	27.255295220110504	2.1313736063480833E-4
207.0	26.304794252865392	23.175135542275687	26.644946742366642	23.87469711719522	4.2634529705608574E-4
208.0	28.364835524094822	22.617755651027508	21.51779083113902	27.499546922806307	7.107093234402595E-5
209.0	27.29549913280828	20.562039748656563	25.310198743282818	26.831125074635352	0.0011373006169855845
210.0	25.27791739506606	23.604974467216874	24.838780540343787	26.277901043847567	4.265535257137129E-4
211.0	24.9816363260137	24.965565889146696	25.314066823151954	24.737735447899432	9.955137882215075E-4
212.0	28.18620651389891	22.67131599651158	24.576004734690855	24.56604594983333	4.268050653225153E-4
213.0	29.49210298572047	23.343235441481244	22.78241647498235	24.381675738459087	5.693593568516705E-4
214.0	27.761497590492716	24.828713835136575	24.31056472982683	23.09922384454387	0.0
215.0	25.502030669821362	25.85251029605254	23.071006373135223	25.573739143836494	7.135171543794256E-4
216.0	26.097773633223287	24.64102849108544	25.683983815065613	23.577141883786627	7.217683902977005E-5
217.0	28.83280637566556	22.5171112469696	25.61983410852826	23.029300983791952	9.472850446280559E-4
218.0	24.604168721196714	24.28086541957306	25.25577979166697	25.858891687138374	2.9438042487926725E-4
219.0	26.324651989865533	22.65473368803466	24.731170016719936	26.288404415964678	0.0010398894151884763
220.0	28.15827699892342	21.297279310990564	25.10111097101597	25.442885077803783	4.4764126625777123E-4
221.0	25.658551247370003	22.346032461677186	24.751202284340245	27.24376314998497	4.5085662759242564E-4
222.0	25.157061202787638	25.036288714608535	24.700252558819617	25.106245608704736	1.5191507947057595E-4
223.0	30.47223845074445	22.720572557658723	23.825215351848474	22.980896014557175	0.001077625191182255
224.0	29.971891267610417	23.028084800208752	24.28722631428203	22.712643216732147	1.5440116665521526E-4
225.0	31.05404219839843	19.32947354666899	23.766776383332193	25.848463448172875	0.0012444234275154464
226.0	25.767377449497115	22.057950898846467	26.0809696680088	26.09346620002468	2.3578362294111773E-4
227.0	26.56098630067369	23.304656754533358	26.09010173647616	24.04274647193909	0.0015087363776986528
228.0	27.861879873463607	27.00611443527306	23.14726543100461	21.984660416496997	7.98437617270525E-5
229.0	27.160393457402282	25.463487668233626	22.15974950093374	25.216369373430357	0.0
230.0	26.36043137481027	23.19220283289708	26.727842256961843	23.71952353533081	0.0
231.0	25.779919377642752	23.60941229852631	24.334421669395727	26.274684842865316	0.00156181156990011
232.0	24.862610406418167	24.665375503955048	25.455639949424402	25.016042931298166	3.3120890422018103E-4
233.0	23.599146069452345	25.17274135537978	21.344990962232707	29.882198535495686	9.230774394838821E-4
234.0	26.818843726847714	21.71388668897802	26.03513612480733	25.43051546040586	0.0016179989610743512
235.0	25.232019212425232	21.74899021682175	27.575303193927574	25.442910454525443	7.769223000007768E-4
236.0	28.21648604269294	23.508527640941434	23.6039846743295	24.67065134099617	3.5030103995621235E-4
237.0	28.050074994056157	24.342266331867037	22.696197620165048	24.911195901090927	2.651528208282844E-4
238.0	27.067025407416107	22.801764057727254	23.983062320297154	26.148148214559484	0.0
239.0	28.33791340251289	22.867624607504023	23.9555391493376	24.837282218849833	0.0016406217956605555
240.0	25.65395099226825	21.334404643771972	27.363830432077375	25.647719515568777	9.441631362833397E-5
241.0	29.05289424930999	20.73717342810692	23.657699723997126	26.5492079095618	0.0030246890241597034
242.0	27.01016244186498	23.563966752119185	20.874721932066667	28.549823049831097	0.0013258241180665318
243.0	27.61176813481956	22.255840823150443	25.859212641184676	24.269855570819477	0.003322830025851618
244.0	26.10198740640183	22.702343771553384	26.09951396968518	25.094918134001286	0.001236718358322972
245.0	29.377657334194733	20.84655449405119	23.470395081632926	26.30301089900081	0.002382191120334955
246.0	24.86550341513499	26.22697718090578	23.517006971493785	25.387268101933046	0.0032443305323946402
247.0	25.346526134652613	23.557754355775433	24.526660452666047	26.42173944217394	0.14731961473196148
248.0	26.00479984383283	22.828348168576333	23.27818999190457	27.877657569036028	0.01100442665023339
249.0	25.715556305252907	22.185504090536178	28.001196108048426	24.08039609578065	0.017347400381834494
250.0	27.333001791478097	21.287195251911008	24.585972707320867	26.792774179673923	0.001056069616109094
