# Position (bp)	A	C	G	T	N
0.0	23.89586593884796	21.338321181814713	27.915410161468873	26.85040271786846	0.0
1.0	25.321708672808956	30.312952105383385	22.683316835452676	21.617299931470342	0.06472245488464173
2.0	24.332827899924183	23.87035633055345	21.300227445034118	30.49658832448825	0.0
3.0	23.626789908326387	21.85392832790363	24.72914614743541	29.78634745056444	0.0037881657701341015
4.0	25.2678605232272	22.269337068867603	24.060121909665693	28.4026804982395	0.0
5.0	28.980518252317005	23.094382447512768	24.747493852846606	23.177605447323625	0.0
6.0	28.428281918486825	23.256773999849884	24.8592659310966	23.4519252420626	0.0037529085040906704
7.0	27.380996966405753	25.34362008913524	21.84562375940976	25.42975918504925	0.0
8.0	29.518072289156628	22.289156626506024	27.778193519419293	20.41457756491806	0.0
9.0	28.72269032883454	23.260756095742302	20.516739989560808	27.499813585862356	0.0
10.0	26.408135896289675	23.297571151840263	24.608851139919537	25.685441811950525	0.0
11.0	24.375982165698208	21.42674414355151	24.13478054306911	30.062493147681174	0.0
12.0	30.67033643573679	28.42863868467751	17.926339043204287	22.974685836381415	0.0
13.0	28.820116054158607	23.62633426463214	25.857869474890748	21.695680206318503	0.0
14.0	27.142297696607216	23.06596888461675	22.22222222222222	27.569511196553808	0.0
15.0	24.19125550431677	25.63711383100447	21.45209944176693	28.719531222911826	0.0
16.0	27.660666621038942	23.923756074190678	18.807747587434125	29.607829717336255	0.0
17.0	25.91688654353562	26.655672823218996	18.733509234828496	28.69393139841689	0.0
18.0	27.00974121814425	23.04109678900587	22.066974974580997	27.882187018268883	0.0
19.0	26.603434178250208	24.938675388389207	23.038430089942764	25.41946034341783	0.0
20.0	21.012051315277958	25.0453544123364	25.508617338343914	28.433976934041727	0.0
21.0	25.309751556782434	22.690505232072926	22.571740386467226	29.428002824677407	0.0
22.0	24.526512157333926	24.241945173427766	25.737502766623454	25.49403990261486	0.0
23.0	23.478914718967353	24.804185725922675	22.846042985149445	28.870856569960523	0.0
24.0	29.145993549987598	21.16410320019846	22.82001984619201	26.86988340362193	0.0
25.0	27.14778712841315	26.08221832051825	19.39819579826845	27.371798752800146	0.0
26.0	25.300950369588172	24.386785337154926	22.467943882938606	27.844320410318296	0.0
27.0	25.488128239122577	23.056526455345306	22.794383512112812	28.66096179341931	0.0
28.0	27.46920056353227	23.872186085548993	22.51431312011031	26.141302718743443	0.0029975120649860616
29.0	27.91912834367485	22.872071965086246	24.620728557432532	24.588071133806373	0.0
30.0	25.267564937936726	21.697084058141936	25.821859244626587	27.21349175929475	0.0
31.0	28.259462004826652	22.049561480958264	21.98775678380128	27.703219730413796	0.0
32.0	20.983970983970984	25.093600093600095	24.172224172224173	29.75020475020475	0.0
33.0	28.594723661988237	24.174480228291888	22.33125618775843	24.89953992196145	0.0
34.0	29.81373623205121	25.79147684677931	20.68796493858486	23.706821982584625	0.0
35.0	26.681775151323905	23.72127714507014	24.283542270288876	25.313405433317076	0.0
36.0	26.93587243317655	22.93793736377194	24.739015716416198	25.38717448663531	0.0
37.0	24.54063351010463	27.063207682384977	21.258420524580764	27.137738282929625	0.0
38.0	24.351589143954374	26.15710887570573	19.628578798039722	29.862723182300176	0.0
39.0	23.874609587667265	23.888936645749162	21.997764978939223	30.238688787644346	0.0
40.0	24.812331671537446	25.201994155062746	23.93845624892556	26.047217924474243	0.0
41.0	23.64907455160163	24.792275514297174	20.993066299925506	30.556988138215573	0.008595495960116899
42.0	24.22376260311641	26.581118240146655	19.75538496791934	29.439734188817603	0.0
43.0	25.967404691662132	24.569644545011887	25.448973161859477	24.008249076275312	0.0057285251911895286
44.0	31.946154947730204	24.284691393383934	21.443505656594585	22.325648002291278	0.0
45.0	27.841576219250264	22.5407371345113	23.382685643918784	26.229273461439327	0.005727540880323033
46.0	28.729313405485886	22.822539082631852	23.34364084063448	25.104506671247783	0.0
47.0	26.904686918429867	22.06029719128468	24.067340452944713	26.96481232284479	0.002863114495948693
48.0	22.451258266769734	23.16413295542386	23.54204242892725	30.842566348879153	0.0
49.0	19.515057826634603	22.240352685216994	26.422764227642276	31.818962555822743	0.002862704683384862
50.0	25.533132961213685	23.683984542722197	22.707886074137683	28.074996421926436	0.0
51.0	23.621844410097886	30.276489781899365	20.69952487263152	25.396416509244947	0.00572442612628084
52.0	20.18765912406671	26.75286780902251	22.221586520582427	30.837886546328345	0.0
53.0	25.592823267241872	22.964402034169478	24.355751099937144	27.084166619050343	0.0028569796011656476
54.0	23.265049570012287	32.56478386331819	20.493700179994857	23.676466386674665	0.0
55.0	24.830126191971676	29.64654827842174	19.696796665334322	25.823673842288585	0.002855021983669274
56.0	30.091350271196116	22.749072223808163	23.194404795889238	23.96517270910648	0.0
57.0	23.594062232372252	29.35198401370254	23.38566942620611	23.659720239794463	0.008564087924636025
58.0	25.8635455324008	24.898658292891806	23.425635169854413	25.812161004852985	0.0
59.0	28.60894636179384	22.79695127173075	25.67725728640347	22.91113585110331	0.005709228968627787
60.0	22.293884306954713	23.275591450015696	26.643075254701635	27.787448988327956	0.0
61.0	26.653157909757695	25.28610976340649	23.665058934330318	24.38711150432375	0.008561888181740345
62.0	28.689249736023513	20.056505236722696	25.15624554093776	26.09799948631603	0.0
63.0	30.384406837704404	21.537627350817615	24.037556005821752	24.034702205987273	0.0057075996689592194
64.0	21.368057734546593	21.54491257095587	26.485438000969847	30.601591693527684	0.0
65.0	20.45007273038419	27.492085222897238	24.517269901029636	27.53201562990217	0.008556515786771626
66.0	26.225720886455033	24.27198311514218	21.348506887995207	28.153789110407573	0.0
67.0	27.26313387713194	28.341224117277964	20.392447664137812	24.003194341452286	0.0
68.0	22.494438423364326	21.724373966117163	27.15760652558325	28.623581084935257	0.0
69.0	24.016084873374403	22.83253479352042	28.037303216974674	25.10837326032398	0.005703855806525211
70.0	28.04891955071555	22.495581276013453	22.703688921831347	26.74895946177091	0.002850789668738241
71.0	22.91915911809947	23.112858200877344	25.514157124138325	28.453825556884865	0.0
72.0	24.428937624608373	25.639418968954715	21.3557391056679	28.573056109370548	0.0028481913984619764
73.0	25.635110503531557	22.713032581453636	25.054112554112557	26.592048302574618	0.0056960583276372745
74.0	24.44324201173321	25.6080195933246	23.614512729965256	26.331377798029276	0.0028478669476562054
75.0	26.028021414739722	23.180316664768196	21.03314728328967	29.75281922770247	0.0056954094999430455
76.0	26.807323253893685	22.56484724239059	25.950286153583324	24.67469605079582	0.0028472993365792542
77.0	26.971698650418542	23.449689653208814	22.848926598713057	26.72968509765959	0.0
78.0	24.611354706451795	31.097317920391777	20.158305335687036	24.13302203746939	0.0
79.0	29.020869515701964	20.33140677049227	23.508811889644964	27.133217549753724	0.005694274407083678
80.0	22.76156583629893	25.4576512455516	31.128825622775803	20.646263345195727	0.005693950177935943
81.0	24.583629893238435	26.45124555160142	22.138078291814946	26.827046263345196	0.0
82.0	21.62439149372278	24.12389330144903	23.582998832806673	30.66302274603581	0.005693625985708999
83.0	22.350328806900674	23.73387992142796	26.13659008739716	27.779201184274203	0.0
84.0	23.828636493025904	26.922857956162822	23.45573583831483	25.78992314261315	0.002846569883290635
85.0	25.208505308701717	28.362414961145426	20.107597278756653	26.321482451396207	0.0
86.0	27.362518501650918	21.780712740521462	23.781737447341456	27.07218490265285	0.002846407833314357
87.0	20.617617760068306	26.42094777287605	23.930553579052226	29.030880888003413	0.0
88.0	27.920081967213118	27.282559198542806	24.069330601092894	20.725182149362478	0.0028460837887067394
89.0	25.32513731181878	25.689404934687953	23.091152280941404	25.894305472551864	0.0
90.0	21.62208309618668	24.51906659077974	27.9026750142288	25.95617529880478	0.0
91.0	27.726237905520772	22.93966989186113	25.79112122936824	23.542970973249858	0.0
92.0	26.95765991349875	25.244707489187345	22.146027771454587	25.65160482585932	0.0
93.0	25.132320300495138	26.520972056229013	21.50133743099425	26.8453702122816	0.0
94.0	27.820618615371483	23.12836126682412	21.133653928236065	27.911675155792047	0.005691033776285462
95.0	23.811962893403905	29.153150076831142	21.41027829947072	25.624608730294234	0.0
96.0	25.46447776481634	25.82866247474891	23.000540586678806	25.706319173755936	0.0
97.0	24.492873196961508	23.127258243477765	26.731912714444224	25.647955845116506	0.0
98.0	28.600284495021338	21.783783783783782	26.81081081081081	22.80512091038407	0.0
99.0	20.059131225835795	20.613486468046396	30.10575392312941	29.221628382988403	0.0
100.0	20.626527943601115	24.91898345556882	25.86559781681733	28.588890784012733	0.0
101.0	21.47303789192416	20.463913129992324	32.53929901361608	25.52374996446744	0.0
102.0	22.44109036127455	24.248884340979508	28.20840794747165	25.101617350274296	0.0
103.0	27.854361481397266	24.145183753517323	25.574851490776794	22.425603274308614	0.0
104.0	24.93107858462413	29.83657808725309	21.705272133011228	23.527071195111553	0.0
105.0	27.742247235723827	21.994826753076946	21.662260879451978	28.597822688382934	0.002842443364315966
106.0	27.19081322304653	22.063045393820527	24.487649583582048	26.258491799550892	0.0
107.0	25.188301168177812	25.296307875962825	23.272603245885797	26.242787709973562	0.0
108.0	21.671166690351	26.070768793519967	26.821088532044907	25.436975984084125	0.0
109.0	24.94813130595424	26.215716924825923	24.86286769930368	23.973284069916158	0.0
110.0	26.23561176637772	25.130027000142107	21.571692482592013	27.062668750888164	0.0
111.0	25.895395110858445	23.19215463331438	25.639567936327456	25.27288231949972	0.0
112.0	25.346067479605466	22.128421591199796	24.720729939455957	27.80478098973878	0.0
113.0	28.789472188272747	23.332291163345932	23.29249921837251	24.585737430008813	0.0
114.0	23.627216916780355	22.811505229649843	27.52103228740336	26.040245566166437	0.0
115.0	24.494841844999574	23.849717225111547	28.195072043652488	23.460368886236395	0.0
116.0	27.328274646886637	25.10586296075255	25.287748316139485	22.278114076221332	0.0
117.0	26.798147148256557	25.164113785557984	23.078234675608854	24.9595043905766	0.0
118.0	29.641629010714183	20.541677324011708	26.131810043481966	23.68488362179214	0.0
119.0	26.536701810224788	20.639972718747334	24.334309017022367	28.48901645400551	0.0
120.0	23.816425120772948	23.017902813299234	27.0843989769821	26.08127308894572	0.0
121.0	26.188514108720977	22.721718621238384	26.404478417777273	24.685288852263362	0.0
122.0	30.888579466340826	20.920121622005627	24.14821971526811	24.043079196385438	0.0
123.0	27.24612149798261	25.882252656702846	21.75370801841223	25.117917826902314	0.0
124.0	22.856168665113373	25.348070693868273	21.367278513382963	30.42848212763539	0.0
125.0	25.549809626640908	22.972665795306018	25.396374381996935	26.081150196056146	0.0
126.0	25.76932912795158	23.470576535106414	28.150484471343734	22.609609865598273	0.0
127.0	28.368471898619084	21.25078138319032	24.521225208842417	25.859521509348184	0.0
128.0	25.62368585554356	22.702733420469396	24.62635676535773	27.041541171790644	0.005682786838665682
129.0	21.31268646114505	29.33371217502486	24.304588719988633	25.046171331154994	0.0028413126864611452
130.0	29.15672235481305	23.99988635072167	23.803841345607456	23.039549948857825	0.0
131.0	27.204023070148025	22.68091030485553	23.39403926471006	26.721027360286385	0.0
132.0	23.300281273972214	29.113276699718725	21.518879449953122	26.061880273886977	0.005682302468960423
133.0	28.88762608325046	24.233555902827106	23.89259838045177	22.986219633470665	0.0
134.0	25.7991191930672	23.287398778235545	21.642278732774543	29.271203295922714	0.0
135.0	28.19150447506748	21.929251314107116	26.878818013922434	23.00042619690297	0.0
136.0	27.738159502230303	26.292013523879877	26.158479415859304	19.805665255561554	0.005682302468960423
137.0	29.740864920156845	22.375973177246124	22.427118258794113	25.45604364380292	0.0
138.0	24.993606683147217	23.206319438524705	28.13343562640298	23.660955303611512	0.005682948313585088
139.0	29.125110107123575	23.618333191259623	25.530645298781007	21.72591140283579	0.0
140.0	26.99684596368596	19.45557355155855	29.011451140851875	24.536129343903617	0.0
141.0	24.81104733761437	22.569187929760755	27.48479854520657	25.13496618741831	0.0
142.0	27.654496377326325	22.292939337974143	23.648245489416112	26.404318795283423	0.0
143.0	25.8666742441464	23.619004319163448	24.16742441463969	26.346897022050463	0.0
144.0	28.59375443980337	23.70926036427699	24.735032534879096	22.961952661040545	0.0
145.0	28.66316238102003	20.741582611166358	22.693564426765164	27.901690581048445	0.0
146.0	25.71599045346062	23.769746562109333	24.085123309466987	26.42345721104671	0.005682463916354131
147.0	26.698298150410547	23.180952922124046	27.12731198681706	22.99059578941387	0.0028411512344802114
148.0	27.806666098371835	23.774614269883216	23.493308328360754	24.925411303384195	0.0
149.0	26.919032597266035	26.282433853411774	21.417000596811324	25.378690993832947	0.002841958677920823
150.0	25.456147331324956	25.453305291877452	23.793554254533053	25.29699312226454	0.0
151.0	25.431242717894797	25.564807184063206	22.60649634829066	26.397453749751342	0.0
152.0	28.50322543976811	23.606808945977438	23.22032453323482	24.669641081019638	0.0
153.0	27.07457087643515	22.14675457542344	25.42628168693873	25.352392861202684	0.0
154.0	27.323367248337405	24.114704712101403	24.475643721934862	24.080600238731314	0.005684078895015063
155.0	25.478431484061765	23.0784542326613	27.91821878465607	23.524895498620864	0.0
156.0	28.373997611329127	24.168230677358814	24.745492805550818	22.712278905761245	0.0
157.0	24.27628959790707	22.578627082977874	28.598646419837344	24.54643689927771	0.0
158.0	26.89627712522397	21.0517334546799	23.9555188987799	28.09647052131623	0.0
159.0	28.265506356112958	20.72348775701732	23.519039899894775	27.491965986974947	0.0
160.0	25.89295870776931	22.560004550108065	25.57445114321465	25.972585598907976	0.0
161.0	25.461422517987657	20.222961635810368	27.912862952535335	26.397065096834744	0.005687796831897165
162.0	29.055283812990556	18.85166647707883	25.446479353884655	26.646570356045956	0.0
163.0	22.81310431122739	21.44807189170743	31.685815038107158	24.053008758958025	0.0
164.0	28.715658950002844	23.593652238211707	24.16529207667368	23.522552755815937	0.002843979295830726
165.0	29.910980916356188	20.04493615084895	24.885526577742382	25.158556355052475	0.0
166.0	28.21752609573651	22.816348587843795	23.19178588697062	25.77433942944907	0.0
167.0	25.583776557922583	23.757786057623935	25.404590574248413	25.253846810205065	0.0
168.0	25.180613231696913	22.310711644575914	24.264747710336195	28.243927413390978	0.0
169.0	25.731759351443607	20.577442753520124	27.02318304650832	26.667614848527947	0.0
170.0	29.715813728558015	23.047819531761156	20.93135720991096	26.305009529769862	0.0
171.0	24.681383705052344	26.433773327264454	27.18479745106964	21.700045516613564	0.0
172.0	28.38452787258248	24.64448236632537	24.18088737201365	22.7901023890785	0.0
173.0	27.012115351800237	20.96297138956828	21.679654172117626	30.34525908651385	0.0
174.0	26.296928327645052	26.504550625711037	19.914675767918087	27.283845278725828	0.0
175.0	25.592969683180705	25.098117285706163	22.035151584096468	27.273761447016664	0.0
176.0	22.906298876724016	23.247547277122138	28.76724015356178	25.07606995592208	0.0028437366699843596
177.0	26.219997724945966	24.183824365828688	26.05790012512797	23.509839608690704	0.02843817540666591
178.0	25.051177072671443	19.933469805527125	27.92846582508814	27.086887296713297	0.0
179.0	26.280319617823526	25.031990218102194	26.502118463332103	22.185571700742173	0.0
180.0	27.999886179324474	21.125117377571637	26.75924081609424	24.115755627009648	0.0
181.0	29.215178342679838	21.69717327564121	24.449884710637935	24.63776367104102	0.0
182.0	29.767190346083787	22.29337431693989	22.082764116575593	25.856671220400727	0.0
183.0	22.545392452615403	22.91251636405032	27.312311457681144	27.22977972565314	0.0
184.0	24.9295574213747	21.847160950619042	25.7179450690195	27.499644229400882	0.005692329585883023
185.0	25.524953052979	27.522335400899106	20.064872247197403	26.887839298924487	0.0
186.0	26.878752525396237	24.166974930996215	22.311697919927155	26.642574623680392	0.0
187.0	24.27046263345196	21.144483985765124	25.098932384341637	29.48612099644128	0.0
188.0	31.760854092526692	26.15800711743772	22.226334519572955	19.854804270462633	0.0
189.0	24.62703564514292	23.701742398360096	26.19291652431386	25.478305432183124	0.0
190.0	31.1875409275973	21.065968169006062	22.395581243060104	25.35090966033653	0.0
191.0	24.156295389172104	25.922023182297156	23.777518298066244	26.1441631304645	0.0
192.0	25.012104468685024	21.269687562302412	24.553558713793397	29.16464925521916	0.0
193.0	24.403303902022216	22.457989176872687	24.212475078325262	28.92623184277984	0.0
194.0	26.472431077694235	24.216791979949875	24.572795625427204	24.737981316928686	0.0
195.0	29.021048733942862	21.421857643339315	25.013529294482893	24.543564328234925	0.0
196.0	30.745111453166867	21.74334416509891	26.534975200957756	20.976569180776465	0.0
197.0	27.870581527936146	21.867160775370582	21.37115165336374	28.891106043329533	0.0
198.0	29.142286285143427	22.149279292136434	22.286285143428	26.422149279292135	0.0
199.0	27.00942587832048	21.585261353898886	24.624393030562697	26.78091973721794	0.0
200.0	28.929703790453882	22.56562598189037	24.562255420034848	23.9424148076209	0.0
201.0	22.677025907623754	20.02627895683967	32.52020908909138	24.7764860464452	0.0
202.0	26.6320029711739	26.514870153986802	26.272033825672086	20.581093049167215	0.0
203.0	23.727215587680703	24.921433060967946	23.301525627107022	28.049825724244332	0.0
204.0	24.772136346752767	21.249178547958515	24.820709163118945	29.157975942169777	0.0
205.0	28.411396565027292	22.233018032177863	25.00500100020004	24.350584402594805	0.0
206.0	24.66133180908831	20.371534724206917	25.63018005144327	29.3369534152615	0.0
207.0	23.71738074141824	26.381227313001972	27.567382170520478	22.334009775059307	0.0
208.0	30.215272020355073	22.462048657766086	18.965665113353726	28.357014208525115	0.0
209.0	24.373087810596747	22.137077173819804	25.80562147942699	27.684213536156467	0.0
210.0	23.733127430793868	24.562457103637612	25.16586593456875	26.538549530999774	0.0
211.0	30.693324180538873	25.09009782049082	23.2509581831703	20.96561981580001	0.0
212.0	26.906573602608848	20.375879626980947	26.002631729503978	26.714915040906227	0.0
213.0	33.465918846219886	19.083729182166774	24.572197104103473	22.878154867509874	0.0
214.0	29.20592193808883	25.153918845393893	23.2181209014633	22.422038315053978	0.0
215.0	24.78213507625272	21.459694989106755	22.17062263501892	31.587547299621605	0.0
216.0	23.795666705082404	23.879220928892476	28.007952057162615	24.31716030886251	0.0
217.0	28.498298478810973	21.15412582531049	26.340129722812016	24.007445973066517	0.0
218.0	24.5681718544498	23.94563787812363	28.727166447464565	22.759023819962003	0.0
219.0	28.9066635299653	23.651708522025526	20.884549785332	26.557078162677172	0.0
220.0	27.138564863909508	22.14858018145399	23.329798515376456	27.383056439260045	0.0
221.0	24.58826671414582	21.27659574468085	22.430932668625182	31.704204872548146	0.0
222.0	23.671598873779427	24.21673755466363	25.471754627688252	26.63990894386869	0.0
223.0	29.347269496069156	20.813879936142655	26.27187565890539	23.5669749088828	0.0
224.0	29.95204053931771	23.81684915392272	22.79431725635689	23.43679305040268	0.0
225.0	32.60895883777239	19.246368038740922	21.88861985472155	26.256053268765132	0.0
226.0	23.65070492515993	22.110427923731446	27.76225079187628	26.476616359232345	0.0
227.0	28.76583469208579	23.065345541201555	23.43220870437727	24.733475479744136	0.0031355825912454537
228.0	28.534802013104173	26.926850884689646	22.011205013768873	22.527142088437312	0.0
229.0	30.128554483377677	23.809829128330072	21.931202513384413	24.130413874907834	0.0
230.0	27.095730918499356	21.830530401034927	28.088615782664945	22.985122897800775	0.0
231.0	24.647678141192777	25.41668041849566	24.251625466187	25.680715535166176	0.003300438958381465
232.0	22.849284199363733	26.348753976670203	23.575026511134674	27.22693531283139	0.0
233.0	24.691358024691358	23.476810143476808	23.553553553553552	28.27827827827828	0.0
234.0	26.383985191786923	19.08614129503308	27.13125149967436	27.395194186405234	0.003427827100401056
235.0	25.751221710047485	22.132880463036773	28.700655044536095	23.415242782379647	0.0
236.0	29.53218456280262	21.756622045001425	24.615494161207632	24.09569923098832	0.0
237.0	27.83763467802556	26.73515409671762	22.50420589182804	22.923005333428787	0.0
238.0	27.77958799464176	19.930487672423155	26.385721009376923	25.90420332355816	0.0
239.0	25.990722816757366	23.43401877351255	26.337704079769164	24.23755432996092	0.0
240.0	25.0065130819904	20.257545870706018	29.621496892329453	25.114444154974137	0.0
241.0	28.718923552871896	21.678034962167803	23.549144582354913	26.050169592605016	0.003727310000372731
242.0	25.58818028801197	21.462502337759492	23.16065083224238	29.784926126800077	0.0037404151860856555
243.0	24.588076692630317	25.40068903535051	23.708058717795087	26.29943079688436	0.003744757339724386
244.0	27.30103936062437	23.49255187422611	24.258001575925856	24.94840718922367	0.0
245.0	25.324405099685997	24.41644913555026	22.73673060189914	27.5224151628646	0.0
246.0	23.607849079475717	26.27850594742026	24.15334495037503	25.95651185695886	0.0037881657701341015
247.0	26.95516953652431	22.08526132139877	26.116968823484793	24.709853599332472	0.1327467192596526
248.0	28.027799931639514	22.600736774144544	25.33515627967035	24.024913599939236	0.011393414606357526
249.0	24.554304256537506	19.56098492078641	32.00992555831266	23.855697652223707	0.019087612139721318
250.0	28.397659029185636	25.050682783154187	19.44306315266037	27.108595034999812	0.0
