# Position (bp)	A	C	G	T	N
0.0	23.736497879564038	23.584972723260282	26.118722297925125	26.559712317042695	9.478220786306879E-5
1.0	22.689579825630332	30.552916407872633	23.35042240543422	23.32902561407058	0.07805574699223822
2.0	24.144238010838237	27.259114128653252	22.53407475778184	26.06181808801332	7.550147133492264E-4
3.0	25.773723756572643	21.93870687075497	24.631699319286547	27.649520583597997	0.006349469787839697
4.0	25.772971472078922	23.79969393985843	23.38197084638947	27.045300921447073	6.282022610255779E-5
5.0	28.33903940341837	24.122760363569387	22.200644690217032	25.336802473331144	7.530694640687026E-4
6.0	25.444608954917204	23.480182682841804	24.365219096314426	26.70300444428853	0.006984821638037772
7.0	25.454279441293732	25.757835802581447	23.68474280710541	25.102391655232502	7.502937869109373E-4
8.0	26.95662049028374	24.299070960544057	23.679804919809587	25.064472430509234	3.1198853379740586E-5
9.0	26.301691208431254	25.266092261092986	22.79314051141027	25.638889200253573	1.868188119070838E-4
10.0	24.65188571883678	25.188049222261142	23.2478553770971	26.91220968180497	0.0
11.0	26.976078090188736	22.74699398918004	22.679729765455452	27.596957818512173	2.403366635983686E-4
12.0	28.163945741791757	24.822240104430517	20.451223122345947	26.562591031431776	0.0
13.0	25.33299819674328	22.728128615380843	24.75266890460839	27.18597073860543	2.3354466205941434E-4
14.0	26.550257191444597	21.89211728934449	23.57238469108304	27.9851542268221	8.660130577448847E-5
15.0	24.89229613843259	23.366008652748743	24.238628428011857	27.503066780806805	0.0
16.0	26.139791380259126	25.035989881749725	21.689454901764602	27.134707940467663	5.5895758881347E-5
17.0	28.914995759900368	26.826552221733056	19.055529065357582	25.201994962101125	9.279909078726109E-4
18.0	25.741282138738654	26.047957034654885	19.755369314644273	28.45525616246271	1.3534949947755095E-4
19.0	24.82260188566155	24.767966092434612	21.40826852173576	29.00065213067482	5.113694932570549E-4
20.0	22.48292713656369	25.93401589196369	24.189065679807467	27.393937905600623	5.3386064528803924E-5
21.0	23.467940771386317	25.029562433636706	23.88639344661453	27.615838689153527	2.6465920892303815E-4
22.0	22.497855031020155	27.270666520611357	25.819661176140084	24.411764860035863	5.241219254352701E-5
23.0	25.01075453392628	23.971745250200417	23.377004523817412	27.64018264316052	3.1304889536784157E-4
24.0	28.058172267774335	21.758052073512328	24.80915902472564	25.37459082461213	2.580937556538663E-5
25.0	24.722278410147336	25.512816976517534	19.780397156686668	29.984379756818658	1.2769982980166683E-4
26.0	26.198417308266432	25.838285380055197	19.761712792121678	28.201508360259876	7.615929681613521E-5
27.0	25.623650981641333	24.579250487866773	20.41996644579726	29.377106783682162	2.5301012470616035E-5
28.0	27.79535829341117	23.243468744596026	23.038008198901824	25.920086608752317	0.0030781543386585405
29.0	27.741369597659688	23.686686498720142	22.52164395204728	26.049929335955646	3.7061561724795666E-4
30.0	23.610652349883313	24.575706146942714	25.50392826306746	26.309566109556844	1.4713054967237704E-4
31.0	26.229216228803914	23.949774702956542	22.762040015994884	27.058383516585664	5.855356589996465E-4
32.0	23.923464624370588	23.182194244387087	24.763870587482202	28.130277297009386	1.932467507370552E-4
33.0	23.55829387872931	24.90773214649296	25.509946574977132	26.02393181020878	9.558959182288395E-5
34.0	25.4626192125704	26.82593787182736	23.018141683931333	24.693253893395624	4.733827529147951E-5
35.0	25.215296958334953	22.324561013329614	25.416184600315294	27.04367649902541	2.8092899472836744E-4
36.0	23.69967843974511	25.138092213039986	26.273423517403266	24.88864210259428	1.6372721735770468E-4
37.0	25.471203160245548	25.270601636235092	21.327402261700353	27.93079294181901	0.0
38.0	26.848308143527433	25.736445958435066	21.08489831751637	26.330324206849514	2.3373671615807895E-5
39.0	23.13479449481128	28.20837873514884	21.415363577115475	27.24136972146205	9.347146234467088E-5
40.0	26.096405866314022	26.230844176325867	22.943787777188476	24.728915451527207	4.672864442538955E-5
41.0	23.435323041385516	24.784891375751407	21.480236077510124	30.29515762640435	0.004391878948602868
42.0	24.747275848778948	25.8477278301391	20.783340924751528	28.621632038120598	2.3358209826798876E-5
43.0	26.14533518804143	25.489686845180763	22.617800900386666	25.743813928807985	0.003363137583155912
44.0	28.84342662909523	24.733351999179888	22.850148669030958	23.572815833245958	2.5686944797121005E-4
45.0	25.560010637406172	23.740771361375522	22.173575104733857	28.52216402572123	0.0034788707632198842
46.0	25.02270965193475	24.418332916610343	22.408374054289784	28.150560031339438	2.3345825684657193E-5
47.0	24.90323701114003	24.451804783514916	23.635426516968916	27.00820113162684	0.001330556749295797
48.0	22.771365928166283	24.097236078585123	22.773116205585254	30.35825845063109	2.3337032252945425E-5
49.0	22.130220842979362	25.87307776582258	24.485263250497088	27.510038052075362	0.0014000886256100012
50.0	27.358799393817073	24.91661484868176	20.23064350354132	27.493872255931457	6.999802838886705E-5
51.0	25.005272307693744	27.07763916326144	21.44956734416598	26.465421593319377	0.0020995915594553007
52.0	22.949587608614088	25.50055814118039	21.277491595296905	30.27236265490862	0.0
53.0	22.19457322140832	24.843231327107894	24.528567110282108	28.43232721175162	0.0013011294500660207
54.0	22.920969640308964	28.545019113915405	22.468271643889658	26.065739601885973	0.0
55.0	23.892718843880452	28.485753856909195	22.670757168241877	24.949588753097352	0.0011813778711246463
56.0	26.8654033933101	25.565999455262002	24.536162079935668	23.03243507149223	0.0
57.0	23.023669099468204	27.73592910385892	23.092748744616976	26.142813076918088	0.004839975137811924
58.0	25.65112910232174	25.478714191372674	21.680700366688495	27.18920163050878	2.547091083050915E-4
59.0	27.62636581024337	22.64255919360007	24.734409064219708	24.994072767887737	0.0025931640491145273
60.0	23.842098780239514	23.119662060182183	24.51755319480833	28.520662854929597	2.3109840378021527E-5
61.0	25.484431368525552	23.91162385720505	22.166802078220737	28.431088459330777	0.006054236717882737
62.0	25.384442620587162	21.87256228534247	25.43467571694228	27.307972782627022	3.465945010702838E-4
63.0	26.02073764501553	23.522881209665922	23.326142292952216	27.12806698411371	0.0021718682526233974
64.0	24.858007483146316	21.97482371434159	23.44142629949559	29.72569637908704	4.612392946359715E-5
65.0	24.04962207180013	26.21473627119144	23.388126657716363	26.34287996553933	0.004635033752730865
66.0	24.448332181539335	24.356788194192237	23.49366905303625	27.70061103882134	5.995324108374246E-4
67.0	26.60747801465536	25.75483400891865	21.103440643028097	26.533786183012143	4.6115038575229763E-4
68.0	23.35404488571295	23.099617655935532	27.055770863782175	26.49033603070004	2.3056386930440958E-4
69.0	23.031472145351895	24.705197202650165	25.254674987797966	27.0060273560765	0.0026283081234779156
70.0	25.35251921863529	22.972727978476694	24.84182679028576	26.832626540295497	2.994723067591591E-4
71.0	24.671976113232468	23.1684648732451	26.36249318136143	25.796261950561284	8.038815997243834E-4
72.0	26.542792813482347	25.874683307091534	21.952238391907358	25.628677909303192	0.0016075782155698082
73.0	24.96399875904509	23.05115081115601	23.34393717516501	28.637606490993317	0.0033067636405722444
74.0	25.373780690682285	25.789093844883165	23.30612416409818	25.530266517291395	7.347830449730852E-4
75.0	24.90446114339875	24.775950934218937	22.087867276988753	28.229791959031026	0.001928686362534257
76.0	26.672977551281868	24.012716975881645	25.60787227369555	23.70544592759672	9.87271544216678E-4
77.0	24.2380349883451	24.953445834736673	24.655719578968053	26.152248593158493	5.510047916754196E-4
78.0	27.40478564947969	26.101367905642427	20.63566839675141	25.857695938525055	4.8210960141933067E-4
79.0	28.215019105896825	20.193480923373244	22.942526202454783	28.646586248575233	0.0023875196999071395
80.0	24.157958531523754	23.00910451598685	28.559094415162257	24.271409156856624	0.002433380470514775
81.0	25.27564779613759	25.472516943119828	21.810167731319527	27.441277280414344	3.902490087101283E-4
82.0	22.943783759711998	21.934656600416083	24.312593670970053	30.807703440893835	0.0012625280080361056
83.0	25.216069531556297	22.58616383731041	24.506618664477735	27.690367517906704	7.804487488488381E-4
84.0	23.145069237053097	26.142981188280395	25.256208886590514	25.454570077023913	0.00117061105208324
85.0	24.989338696194842	27.042988121310717	21.009814826120905	26.957307503216754	5.50853156778776E-4
86.0	25.551667108095216	24.853835126665512	22.983264426106924	26.609236582599394	0.0019967565329513026
87.0	21.736796482351515	22.499551894105174	26.496840078866633	29.26610008333278	7.114613438953977E-4
88.0	25.167089127588554	26.71023235159458	25.61547526566844	22.50637707534645	8.261798019692913E-4
89.0	26.33215919749051	26.016613536426934	22.869716818996814	24.780592496071744	9.179510140031133E-4
90.0	22.936424467496025	26.12035293197025	25.12690850402291	25.816222304274284	9.179223653390679E-5
91.0	26.888178283233337	24.694724498799275	24.134921754974144	24.28160177704958	5.736859436617455E-4
92.0	25.55742212588771	24.85424956568011	22.57033848153369	27.017989826898486	0.0
93.0	26.570353589276372	25.75582039701437	21.139566308917303	26.53393846233627	3.212424556782931E-4
94.0	27.91980902189805	23.15845822445801	23.28190379689211	25.635102230372382	0.004726726379446909
95.0	24.29117870228645	26.189498860457235	24.162207195559212	25.354614282039872	0.0025009596572262704
96.0	26.008306535098345	24.736009852940096	23.849832602806107	25.40507092354794	7.800856075123162E-4
97.0	25.474813397950307	24.622430973932726	23.315499653903185	26.587095372443535	1.6060177024448407E-4
98.0	27.63163841652368	22.823665284845	25.080648325123388	24.464047973507935	0.0
99.0	21.678436845073808	22.1717682241653	27.248553643135715	28.901218350514373	2.2937110800236805E-5
100.0	22.33356819658054	25.248647701459454	24.362016007398193	28.055768094561817	0.0
101.0	23.419417843580035	22.71200839240262	28.562447851373374	25.306034172344244	9.174029972473323E-5
102.0	24.88588847796482	24.242794728172694	24.7510351410042	26.12023577657424	4.587628404851784E-5
103.0	26.12834051158119	25.545295672935218	24.75760367860258	23.568599575337657	1.605615433542545E-4
104.0	24.670737849985823	28.03304227675544	23.119983081590956	24.175915672190225	3.2111947754778487E-4
105.0	27.20016938099093	23.647618722104838	21.563136053262337	27.585359738477955	0.0037161051639410256
106.0	25.94667849070956	22.859543537197908	25.16954434233999	26.024187752710816	4.5877041729069E-5
107.0	26.240660367339196	24.239198277422272	22.542999642391248	26.976499439272228	6.422735750529934E-4
108.0	23.05239414031194	24.516398658068496	24.96241701810635	27.46872137121802	6.881229519740643E-5
109.0	25.420062393213954	24.787070140642772	25.42070462907553	24.37149766421111	6.651728566352943E-4
110.0	24.269132335340604	24.897598936469368	22.77519382689828	28.05805196455448	2.2936737267473094E-5
111.0	24.455796582690866	23.99052763434687	24.65384095756772	26.89919256890896	6.422564855862736E-4
112.0	25.41149976730173	24.05320246263352	23.64881897313201	26.88638704798447	9.174894827033736E-5
113.0	28.59757959063186	21.72287934353569	22.96047034742781	26.718222063602777	8.486548018608934E-4
114.0	26.22131778873965	22.04973303564097	27.73080524194233	23.997799877883132	3.440557939225067E-4
115.0	27.202769034127535	23.724661956794517	25.81978889532715	23.25218369510712	5.964186436797746E-4
116.0	26.262035167049447	24.326452730571	25.307112963800677	24.104353259737554	4.587884132068668E-5
117.0	25.631826840494178	26.495780021581627	23.899951918488995	23.971707150564868	7.340688703414154E-4
118.0	26.236461905459922	24.588641271147736	25.29231364954661	23.882307898587676	2.7527525805334975E-4
119.0	26.9835130588622	21.446397655321096	24.654043554851444	26.915563985339336	4.8174562592176863E-4
120.0	24.866237046947106	24.059300734721294	25.018764893774186	26.055651444621542	4.587993587820162E-5
121.0	27.713961863692326	23.18760089402689	24.35989285074417	24.737879124683165	6.652668534460708E-4
122.0	26.91697920941691	23.545577943524144	24.892840027739435	24.644144012908978	4.5880641053492926E-4
123.0	24.180915847364584	27.52942169637626	23.865444974052565	24.423621042219235	5.964399873554723E-4
124.0	25.378319088038058	24.477102195187804	22.981856604064447	27.162630353111577	9.175959811131219E-5
125.0	26.32547113652906	23.805754090279194	24.98628793299106	24.881615140415924	8.716997847589715E-4
126.0	23.853733991273295	24.522080911383416	24.643317001061877	26.980730458336648	1.3763794476268122E-4
127.0	25.77301709098792	22.892036936995837	27.83657524175243	23.497453154910804	9.175753530084429E-4
128.0	25.727845872601822	23.266751529352067	24.943504529157764	26.051781531423547	0.010116537464795712
129.0	24.20854359542324	26.80209082221175	22.37175637415863	26.614397640690747	0.003211567515636893
130.0	26.2730271262541	24.294498540753157	23.967618989066086	25.464832403400887	2.2940525769322E-5
131.0	25.893752655403624	24.196083721263143	24.81367439956908	25.095823939054412	6.652847097385752E-4
132.0	26.732785018393905	25.98503069015924	21.699901721750507	25.57595091776836	0.006331651927988013
133.0	26.83236080306927	25.5693179013167	24.141974124791584	23.454351335007694	0.001995835814746061
134.0	26.46785562387219	22.78004199936042	20.988967024032863	29.76308947185139	4.588088313359091E-5
135.0	26.258538045703705	23.747002006118144	26.5031032319263	23.49092085296152	4.3586329033197866E-4
136.0	27.585793172333755	26.532813618719086	24.294784723033114	21.57995567391953	0.006652811994515329
137.0	28.749682269198967	21.020198043787662	24.517966816516314	25.711969343680575	1.8352681647960698E-4
138.0	25.05202195715423	23.644636181222452	27.84929036567806	23.452698041873116	0.0013534540721418548
139.0	26.14046107069301	23.424913710400038	25.361273897390273	25.072089609965964	0.0012617115507169046
140.0	26.34080888872372	21.607491017152235	25.6655611736349	26.38588657719491	2.52343294240769E-4
141.0	25.472220119336836	25.24162153109938	25.230885345335842	24.05481419287053	4.5881135741634153E-4
142.0	28.979060924622768	22.930117054650356	23.015043329146664	25.075572225758908	2.0646582130383166E-4
143.0	26.48528354485088	25.457854702333076	23.973867286483966	24.08292564532313	6.882100894351952E-5
144.0	27.811023636497943	25.328909184589683	22.89175808067067	23.967506181313325	8.029169283793511E-4
145.0	27.63206310986968	22.261677106063416	22.877121295818796	27.228014410221498	0.0011240780266144972
146.0	26.750682191224595	21.725602559235075	25.095759116242633	26.422909237310783	0.005046895986914776
147.0	26.52350460829017	24.723338568992677	26.63102411469604	22.11839349753591	0.003739210485204999
148.0	24.59528484390517	24.382217101989664	22.983810934954004	28.037907155410295	7.799637408620938E-4
149.0	27.601959846005546	25.465747887531375	23.753474900197702	23.176500383793236	0.0023169824721423005
150.0	25.745602001180078	24.1754354411121	24.633588038434258	25.445328637485236	4.58817883252872E-5
151.0	26.088831739091034	24.15160653511252	25.937624385885023	23.82136380268943	5.735372219921701E-4
152.0	27.03988742031188	24.028165110758117	23.264090584986743	25.667742175262013	1.1470868124476355E-4
153.0	24.559809252396676	23.36263541132074	25.13289632194187	26.943833108235683	8.259061050291028E-4
154.0	23.24211163865243	24.372607566999598	24.704717702943128	27.678268879357717	0.0022942120471368807
155.0	26.814317705205653	24.162005244229317	23.73322398485704	25.29026949244057	1.8357326741829213E-4
156.0	26.051652167647532	23.896063247252506	26.134903637800118	23.917128531045247	2.52416254597131E-4
157.0	24.998227333213855	22.498388536892467	26.60606479217576	25.896998077717843	3.212600000780203E-4
158.0	24.665720301955517	21.400670257528695	25.888651150324204	28.044866499239973	9.179095161515358E-5
159.0	26.53182756346443	21.672337169815393	24.542240544074563	27.253043965561158	5.50757084457222E-4
160.0	25.970793800578672	21.5311614184793	25.567243012616213	26.930778819745328	2.294858049260505E-5
161.0	24.52028673904218	21.130446895515394	28.688866751071874	25.65622295642667	0.004176657943877191
162.0	25.36519194593785	23.344195058500247	24.748875674899136	26.54169142281715	4.589784562397318E-5
163.0	25.46937391031745	23.54237567033335	27.006892037746823	23.981266582624702	9.179897768068506E-5
164.0	25.433045114723246	23.739237702895764	24.88375055224369	25.942061748016226	0.0019048821210747666
165.0	26.546286875740027	22.240027137322333	26.737262568511756	24.475826691108004	5.967273178782488E-4
166.0	24.677370674568248	23.139408781632042	25.72967005475179	26.45350458521874	4.5903829182670846E-5
167.0	26.42979135867161	23.807320360989138	26.659868109833646	23.10260702390535	4.1314660025105544E-4
168.0	25.90558927399989	24.87636187855576	23.229988252484812	25.98796878163256	9.18133269798511E-5
169.0	26.02629451453897	21.937345087728723	26.061024244702967	25.975175473511065	1.6067951827362253E-4
170.0	31.422533817850614	22.75128595173053	23.150207012462523	22.675766630146533	2.0658780980424427E-4
171.0	25.08020554471254	23.609638575234605	26.797041467247883	24.512425805423884	6.886073810907035E-4
172.0	27.077184772161672	24.559644447545182	24.178315082338315	24.184832748426352	2.2949528478987873E-5
173.0	29.32238795215614	19.228231758571322	23.449231588988745	27.998794793378888	0.0013539069049022675
174.0	24.343831659640554	26.11495382774044	23.718732417506267	25.822000225790198	4.818693225468033E-4
175.0	26.10343416061449	23.90179734257994	23.05447738659799	26.938776727703928	0.0015143825036505797
176.0	24.39338234872332	24.19837167579539	28.016648069637558	23.390198252820014	0.0013996530237209064
177.0	21.76668066426642	26.094095995998064	25.213876440203858	26.9005872107832	0.024759688748453954
178.0	25.72035594773896	22.99205805660427	23.81520727864256	27.47208044960371	2.9826741049970113E-4
179.0	28.180525493239333	24.28075502107925	22.613804207681508	24.923492632186168	0.0014226458137384906
180.0	26.66278838042122	22.086556353355448	25.543025274981694	25.7074228833923	2.071078493414661E-4
181.0	28.583177454725345	21.563780643907236	26.475626512245125	23.376724471874372	6.909172479199935E-4
182.0	25.48557507620793	22.837896596736854	25.63649394712381	26.03994225792871	9.21220026954898E-5
183.0	23.667363697273288	25.01168307440938	26.45709069912116	24.863332789006094	5.297401900753866E-4
184.0	26.71744964448768	22.033909626691905	25.999998617983128	25.244334824913434	0.0043072859238587015
185.0	25.054951331452795	24.73417926754896	24.24254218769864	25.967981752288793	3.454610108097053E-4
186.0	26.916408989618063	22.856846723902642	25.356158625415304	24.87058566106399	0.0
187.0	23.838895478439863	22.815971533139802	28.008819742192152	25.335667111269057	6.461349591319639E-4
188.0	26.942428103498926	28.215751930098502	22.261981057767603	22.57958504699556	2.538616394061576E-4
189.0	24.86613514626351	23.878397166865774	24.70930554606705	26.545262015063027	9.001257406419235E-4
190.0	28.82007640764501	21.321453854994438	24.87846494081997	24.979797054166976	2.0774237360434632E-4
191.0	26.607281947674473	24.18693489928788	24.825092830540555	24.380366548813047	3.237736840449879E-4
192.0	26.389788048200952	24.20624760175997	24.199516917263235	25.20442430327585	2.3129499988782193E-5
193.0	28.069305728247983	24.581649943613915	21.132116936066854	26.216881126565077	4.6265506173553476E-5
194.0	27.97903224351247	23.507456212492514	24.08161962246656	24.431891921528457	0.0
195.0	26.40348553228757	21.67346735726359	24.805332882910502	27.117158911719823	5.553158185181629E-4
196.0	28.471180480777086	22.091127828482737	26.424754190276033	23.012844672018538	9.282844560624402E-5
197.0	24.847417671463912	24.222859564835712	24.147746396030236	26.781349650872322	6.267167978206968E-4
198.0	27.07391635854523	23.330162401177716	24.38084856190747	25.214956413440877	1.1626492870750835E-4
199.0	25.563012068830908	23.078466628056972	25.06737080804185	26.29075429901848	3.961960517898157E-4
200.0	26.910858236594148	24.072755886278255	24.387901180355595	24.628461388932784	2.3307839218795814E-5
201.0	24.6278458895161	21.70100820705202	28.79342186447793	24.877490943665297	2.3309528865471618E-4
202.0	25.559364389641786	25.09474361469881	28.010471509312346	21.335420486347058	0.0
203.0	25.760798448394134	25.02302552884102	22.899197382527834	26.316419032447456	5.596077895538946E-4
204.0	26.592252715784287	23.49540513363916	23.642411008277474	26.269791225540217	1.3991675885626444E-4
205.0	27.752505818536292	24.326449037084714	25.14734073068689	22.773028110876346	6.763028157517922E-4
206.0	25.20165654107953	21.28857270271077	25.82225303021256	27.687447754955812	6.997104131836638E-5
207.0	25.1756497916743	23.85303059603709	26.921428749716863	24.04968091561135	2.0994696039957104E-4
208.0	27.813075651466846	22.581671782272355	21.801649826582718	27.803509410497902	9.332918018481511E-5
209.0	27.195916971894174	20.446505354073636	25.58137526822876	26.77571233041349	4.900753899308178E-4
210.0	24.94433053795607	24.598432945491076	24.847673413291954	25.609259663845148	3.034394157530806E-4
211.0	25.29268657134585	25.533821455588036	25.297659628118087	23.8750618713636	7.704735844298962E-4
212.0	28.466663785824153	22.58500334605965	24.159601789703945	24.78847413840424	2.5694000801185663E-4
213.0	29.800586353994397	22.673655485242524	22.9308397707311	24.594614555452615	3.0383457936673396E-4
214.0	27.5070887987974	25.35295470115477	24.71547153288564	22.424461577576125	2.3389586067478486E-5
215.0	25.402172336373525	25.071970271269045	22.883558486727356	26.64197083601745	3.280696126224315E-4
216.0	25.938663837244402	24.55754340687904	26.16975491030027	23.334037845576287	0.0
217.0	29.005820796374472	22.666217429294136	25.666311644797034	22.66102840286549	6.21726668869811E-4
218.0	24.611860032347213	24.042981104376537	25.623205717927867	25.721711531872927	2.4161347546004414E-4
219.0	26.769097814402045	22.95378032956957	24.65606196130444	25.62054751939585	5.123753281032012E-4
220.0	28.84091416806503	21.819621033055327	24.329588588078266	25.00963099141462	2.452193867504532E-4
221.0	25.373380395181105	22.804629066623164	24.053349943397254	27.768467573299322	1.7302149915713813E-4
222.0	25.75852219454631	25.224679395140058	23.69382764761418	25.3228706186673	1.0014403215424584E-4
223.0	29.978973554061657	22.366018104460963	24.765467928911526	22.888806372681163	7.340398846899277E-4
224.0	29.792369241426208	23.369728197678477	24.477038073045176	22.360839095493795	2.5392356342109185E-5
225.0	31.062052883971823	19.928742439709268	23.73320744344407	25.27505203687184	9.451960029960159E-4
226.0	24.740127210510586	22.79851757365441	25.74030260736858	26.720923450249934	1.2915821649035278E-4
227.0	27.35072194926301	23.391464245128514	25.440277290350615	23.8159697850864	0.00156673017146295
228.0	27.183158493495686	28.017604062346756	23.183702126755232	21.61545660602305	7.871137927786507E-5
229.0	27.572012540419355	25.207544892970585	21.813258685711762	25.40715741761782	2.6463280478223235E-5
230.0	26.017866788637388	23.099994900085736	27.93751723891176	22.94459437124332	2.670112179422994E-5
231.0	25.61535641286266	24.605232958146686	24.043956913466804	25.73409882718155	0.001354888342296823
232.0	24.509223297264697	25.13126279498682	25.10923115012821	25.250200956958675	8.180066160375106E-5
233.0	22.47803507593507	25.323732502839952	22.64057454734069	29.55740930035112	2.48573533160676E-4
234.0	27.209106315314795	21.061404485347783	26.961622758928584	24.766629444330114	0.0012369960787224305
235.0	25.4478405220935	22.423744994941508	27.18006811154334	24.948118382992064	2.2798842958719848E-4
236.0	29.2263690667894	23.02789102626742	23.447063020640297	24.29856124467398	1.1564162890485644E-4
237.0	27.62578713236615	24.62117041833696	22.72057593135175	25.03232050257323	1.4601537191429365E-4
238.0	27.83814584042506	23.06546094987198	23.920908135628338	25.17545547382598	2.9600248642088592E-5
239.0	27.30307230619713	22.991628962880597	24.45736458576638	25.246521286519013	0.0014128586368799992
240.0	25.400945069249907	21.53996259049032	26.74465707327211	26.314341929887657	9.333710000385794E-5
241.0	29.221453147085775	21.05996771836359	23.36902046850111	26.34731602052519	0.0022426455243336383
242.0	26.13884630365739	24.097761820106665	21.335055330283843	28.427400225715598	9.363202365020075E-4
243.0	27.559109050517726	22.863255949530753	25.460591933389903	24.114228238170764	0.002814828390859564
244.0	26.778061329220776	22.428410747264778	26.324675003141767	24.468006758016685	8.461623559917853E-4
245.0	29.005755486487907	20.961826534139664	23.55491951078836	26.475959988207077	0.0015384803769967672
246.0	24.77241387985239	26.688668728508286	23.461849902751723	25.07470900202987	0.0023584868577250662
247.0	25.747249381047705	22.72828120351555	24.769689238045775	26.611860184853697	0.1429199925372758
248.0	25.668424398346268	24.081891472819304	23.172119420595273	27.065702779823997	0.011861928415154875
249.0	25.377209391877603	21.532669139189593	28.621186450591217	24.451926016532877	0.017009001808708166
250.0	26.70741609884541	21.758619018154757	25.100503332474748	26.43222595119763	0.0012355993274537815
