# Position (bp)	A	C	G	T	N
0.0	23.346764752113362	25.160560675858214	25.473627089636786	26.01901487130688	3.2611084768601525E-5
1.0	22.58098835563624	30.71229409257578	22.975608327721	23.65243900455168	0.07867021951528994
2.0	24.1131181050749	26.84807460997985	23.256079097700496	25.782046064100733	6.821231440160097E-4
3.0	25.33040469767528	22.082105449709708	25.219915458204134	27.3602387398514	0.007335654559482584
4.0	25.67562701865802	24.152013605799656	23.564690964683763	26.607473782787938	1.946280706227417E-4
5.0	28.145382960222022	24.420125291245913	22.316575437432	25.11700882626235	9.074848377109213E-4
6.0	25.316062447797556	23.863633053981818	24.036020456077456	26.778135439477847	0.006148602665322172
7.0	24.854152836262553	26.40335192462692	23.55974007724028	25.181882937844346	8.722240258953622E-4
8.0	27.197604469746654	24.564379391652228	23.553982823903556	24.684033314697558	0.0
9.0	25.531110414733604	26.015336122207167	23.012685843958547	25.44060996657925	2.5765252143588463E-4
10.0	24.65437039006299	24.977285242955368	23.88935861508054	26.47892138135333	6.437054777083185E-5
11.0	27.28094228800372	23.729650327577627	22.774543730609075	26.214552371797723	3.112820118529964E-4
12.0	28.25481755469932	25.13573852036445	20.16289234429849	26.44655158063774	0.0
13.0	25.02948843516914	23.358366608905296	24.809312137421834	26.802712273035485	1.2054546824380322E-4
14.0	26.573654717697227	22.797770451788622	23.508695684529346	27.11984937898599	2.9766998816761798E-5
15.0	25.25419858396669	24.171539503290596	24.35959450328766	26.214667409455057	0.0
16.0	26.082388981292997	25.432383490846227	21.938585966418064	26.546583918956973	5.7642485739969556E-5
17.0	28.530152702980992	26.548201727041658	19.498841962429367	25.421280245092092	0.0015233624558859623
18.0	25.181426756631474	25.770502461405986	20.727312808235254	28.320702023145078	5.595058220777081E-5
19.0	24.751386377394407	25.032401870507638	22.079403421848856	28.136140967114848	6.673631342487146E-4
20.0	22.281603588925442	26.251400546526522	24.061520185639395	27.40547567890864	0.0
21.0	23.390792164883575	24.83425547164534	24.155462249143415	27.619135025522688	3.5508880497867284E-4
22.0	21.582015825242927	27.39250237465192	26.497328922286677	24.528071739370322	8.113844815685902E-5
23.0	24.891993813696086	24.760598052406095	23.566015344206605	26.780881836055414	5.109536357981647E-4
24.0	26.956921092210802	22.44247140347105	24.52966786060835	26.070886489075264	5.3154634539296825E-5
25.0	24.3911512110773	26.637001518723167	19.50693644822641	29.46451675783997	3.940641331495418E-4
26.0	26.160697590785304	26.189071053356976	19.63931278847766	28.010788174629276	1.3039275078894133E-4
27.0	25.115909529640497	25.208611171950896	20.590079209500256	29.085218219094404	1.8186981394977848E-4
28.0	27.459445731881527	24.136279339826388	23.263060773288302	25.138346862516396	0.002867292487386473
29.0	26.900042005536633	24.01352780715916	22.77732510767082	26.308649597910854	4.5548172253065644E-4
30.0	23.489092771395047	25.127016424184763	25.934477529524585	25.449111945959668	3.013289359397282E-4
31.0	25.732207288646396	24.918068295843014	22.898279914585903	26.45089550298318	5.489979415072638E-4
32.0	23.76610819651407	22.965043929649354	25.010691062370622	28.25795928606419	1.975254017666672E-4
33.0	23.75548559388714	24.826523120663076	26.099190652479763	25.318581257964535	2.1937500548437514E-4
34.0	25.193110814664045	26.812261906399133	23.703403986014713	24.291030272585733	1.930203363813657E-4
35.0	24.91600488152713	23.06728978691357	26.043123652877554	25.973271755587973	3.099230937762913E-4
36.0	23.04339593656555	25.193293582603044	26.77389122494888	24.989204902034338	2.1435384818745958E-4
37.0	25.051907414457226	26.43500996484271	21.509942106061352	27.00311670662841	2.3808010300297575E-5
38.0	26.147676181545123	26.620103820311364	21.077236885009842	26.15486410773321	1.190054004650731E-4
39.0	22.88206354588665	27.407444422631897	22.438610580669724	27.2715959047942	2.855460175253868E-4
40.0	25.758093776580242	27.4239455636647	23.15495202916912	23.66284208585381	1.6654473213064246E-4
41.0	23.902414770767347	24.133933588451274	21.882287002449836	30.076154751250495	0.005209887081050142
42.0	23.777583623553724	26.371239315802207	21.770085506884058	28.0809250452368	1.6650852321449937E-4
43.0	26.20563696914085	25.456027863757946	23.04572908089461	25.288610327419136	0.003995758787458455
44.0	28.29429435428254	25.263922142730085	23.338917124927587	23.10243831907897	4.2805898082010394E-4
45.0	25.009588353497207	24.41764276065639	22.023062932649932	28.54537841361434	0.00432753958212612
46.0	23.970246534084033	24.994062097973124	23.111741211607807	27.923950156335035	0.0
47.0	24.817953447527017	24.736388794523876	23.784595144775476	26.659018147957	0.0020444652166336738
48.0	22.601367842627276	24.69146540919066	22.957445160100516	29.749721588081545	0.0
49.0	21.73010755575559	26.827700484513002	24.43469720491913	27.005403571123892	0.0020911836883870153
50.0	26.93785122788675	25.150589884636858	20.18035143580178	27.73108864308712	1.1880858748470339E-4
51.0	24.411454241219122	27.645287155496202	21.812180911609502	26.128369249103304	0.0027084425718705432
52.0	22.65729536632924	26.379055702952968	21.514735699995807	29.448913230721985	0.0
53.0	21.823196383578516	25.927313485398813	24.425674549029374	27.821970758603204	0.0018448233900900345
54.0	22.656156874913673	29.093814271091322	22.481330046185313	25.768651506178543	4.730163114944856E-5
55.0	22.863595036303195	29.614562315668568	22.58390065059192	24.936291048199465	0.0016509492368487152
56.0	26.144729351716606	26.36088198575553	25.14056052533155	22.353828137196317	0.0
57.0	22.194948323822445	28.12610161594311	22.846810215403277	26.82690514271755	0.005234702113617087
58.0	25.113490343830826	25.675931842134425	21.899875746522905	27.310489869922876	2.1219758896383917E-4
59.0	26.628873411770922	23.37907156466999	25.063052936175673	24.925984410871745	0.0030176765116791153
60.0	23.57804791402484	23.21101133270439	24.636245362343047	28.574671864449847	2.3526477874523882E-5
61.0	24.42827354795972	24.791648239560534	23.16797710835891	27.60570258556607	0.006398518554762849
62.0	24.877218147462422	22.507132626511943	25.30311751468219	27.312272963246713	2.587480967313294E-4
63.0	25.714883155543593	23.951255379323452	23.488120797918082	26.842988674019114	0.002751993195755627
64.0	24.747052860789907	22.103942971917707	23.695867435050307	29.453042874305453	9.385793662712119E-5
65.0	23.743463334609697	26.77437852407445	23.74578612669024	25.731374492270497	0.004997522355114085
66.0	24.34606140018511	25.126660903043263	23.31259758373579	27.214117045349234	5.630676866012178E-4
67.0	26.708326617959383	26.07779699137171	20.695198970958383	26.517785946487678	8.914732228422653E-4
68.0	23.208552135394736	23.475630425577585	26.86350152892644	26.45208132223107	2.3458787016499737E-4
69.0	23.187811533760062	24.809892420350923	25.37165894007034	26.627634512093767	0.0030025937249075238
70.0	24.202827553164735	23.48008596840675	24.951140477041292	27.365547912774566	3.980886126518181E-4
71.0	24.431052300372187	23.320211593594887	26.45461263256974	25.793166817670503	9.566557926791565E-4
72.0	26.299810627402593	26.48199747145471	22.253554906504718	24.962840556298627	0.0017964383393537348
73.0	24.7660143685374	23.14885405362027	23.556730901126958	28.524224861358267	0.0041758153571091975
74.0	23.958485928864746	27.000008397613957	23.364704641921076	25.67563469632828	0.0011663352719380668
75.0	24.50646128396224	25.195660241498373	22.395805512798592	27.89969375932875	0.0023792024120447355
76.0	26.528069369711254	24.7577431798976	25.529466289769598	23.183531597706615	0.0011895629149329566
77.0	23.64889480791792	25.51159302995459	24.67597592064355	26.1628132077276	7.230337563469536E-4
78.0	27.082043773284965	26.707968349939993	20.68707759377074	25.522350534256855	5.597487474455633E-4
79.0	27.18978055375002	21.583106465936538	22.723122423034756	28.500958661973293	0.003031895305389987
80.0	24.077511815768695	23.315323021870306	28.654865745908147	23.94933760331947	0.0029618131333790745
81.0	25.129083203744834	25.606516148110558	22.560665607570268	26.70310536640973	6.296741646089537E-4
82.0	22.586953667542186	22.22968729631211	24.60063473081541	30.581185168221857	0.0015391371084324424
83.0	24.519367772910165	23.253173938005776	24.40591706648421	27.820585111815987	9.561107838569323E-4
84.0	23.210947412210857	26.463140697910585	24.995260502155915	25.32948545959371	0.0011659281289255342
85.0	24.44941116392623	27.902074013447454	21.00768442443766	26.640107542301646	7.228558870199566E-4
86.0	25.759255303967937	25.567867565654296	22.59009540473563	26.080753127538664	0.0020285981034706283
87.0	21.793938828686514	21.717926447528725	26.957021527126045	29.530133896042578	9.793006161433044E-4
88.0	24.473943567887737	27.185172283787534	25.849154837989147	22.49095988963243	7.694207031525964E-4
89.0	25.97235152402822	26.92705932603896	22.76964585022223	24.32973091312994	0.0012123865806525018
90.0	22.817158985516507	26.492192640140562	24.771924932585836	25.918560239562172	1.632021949296342E-4
91.0	26.0803130775287	25.346555105053543	24.21648436372555	24.35604129262449	6.061610677200813E-4
92.0	24.95084423883289	24.612360721457836	23.27080593067697	27.165965795889708	2.3313142597634274E-5
93.0	26.11617211972634	26.373518521410993	21.301516779502926	26.20848951719633	3.0306216341158477E-4
94.0	27.342898564982132	24.09942762003183	23.023997624039165	25.529200283567384	0.004475907379489108
95.0	23.69213518768037	26.419293476993943	24.242727997501014	25.643115899798126	0.0027274380265470636
96.0	25.601262503234352	24.163906300627755	24.40195436246617	25.83178123448387	0.0010955991878579638
97.0	25.26085706899755	25.610787709910017	23.184093773579583	25.944098277083437	1.6317042941561908E-4
98.0	27.275081542825458	23.48766700457824	24.922909309086993	24.31434214350931	0.0
99.0	21.69093446807876	22.90265405866042	26.86905736443938	28.537330799797868	2.3309023575678807E-5
100.0	22.537504976267748	25.405816382945595	24.79817563265028	27.25850300813637	0.0
101.0	22.89360944392767	23.0451068324623	28.273444861826224	25.78774563262163	9.322916217515755E-5
102.0	24.98407231646215	24.74834493126677	24.997359955857064	25.270176173117893	4.6623296122503645E-5
103.0	25.184148464724316	26.268257790833825	25.663928673079745	22.88350189667266	1.6317468946108296E-4
104.0	25.032395912905052	27.88810816493558	23.073302760698226	24.005633706947936	5.594545132011451E-4
105.0	27.519325087154638	24.04948173470953	20.95868005190346	27.469226031366812	0.0032870948655578202
106.0	25.903533004627526	23.15007401708804	24.91848795328181	26.02781177512793	9.324987469548087E-5
107.0	24.851418673666593	25.28265070857918	22.72069228384197	27.144469026032915	7.693078793445496E-4
108.0	23.51393884210789	25.340204440857683	24.082257479112894	27.063436061938805	1.6317598273318372E-4
109.0	25.262541268473342	24.97050628488283	25.818568604327798	23.947637903660624	7.459386554036145E-4
110.0	24.51108347542917	24.870808367007037	22.81940677561134	27.798538209697327	1.6317225512215192E-4
111.0	24.36073588397132	24.105449847518404	24.909982008057444	26.62317953385063	6.527266021990359E-4
112.0	24.857535678436943	25.08253210021991	24.043613686831648	26.016108736770505	2.0979774099116847E-4
113.0	29.040367073417485	21.8390641157016	22.66355270899399	26.45624685892457	7.692429623593101E-4
114.0	26.26591241432315	22.17237542632997	28.026899087162583	23.534370162228594	4.429099557066733E-4
115.0	26.25193735557259	24.777122511745365	26.00956974386807	22.96074092310447	6.294657095057715E-4
116.0	26.776917614398027	24.896243407533888	24.65623124722861	23.670491163495956	1.1656734351883238E-4
117.0	25.281717608390903	27.245202203709546	24.314546408713937	23.15778773896892	7.460402166967065E-4
118.0	26.001509336836005	25.004680249765638	25.62974713129249	23.36357369184396	4.895902619098077E-4
119.0	26.630881815333197	21.570580851413055	25.084398967441583	26.71357881464681	5.595511653585603E-4
120.0	24.87150750461454	24.10909732695975	25.189565045471596	25.829736864622244	9.325833187422902E-5
121.0	27.39847425776277	23.73095736594965	24.255011587620597	24.614973910367308	5.828782996740545E-4
122.0	26.234997576390334	24.237588821971823	24.65040683768017	24.876330624657122	6.761393005502141E-4
123.0	23.78478115709015	28.37818807844249	23.670258403619965	24.166072914063168	6.994467842234649E-4
124.0	24.719770710574792	24.851500684179836	23.575655088495733	26.852910311472613	1.632052770327975E-4
125.0	26.760256349279626	23.73548313091551	24.50489001545295	24.99839128889933	9.792154525793933E-4
126.0	23.389872001119116	25.197057657783684	24.996153039099113	26.416707467767132	2.0983423095754356E-4
127.0	26.156285227009114	22.942544493133248	27.3257257565319	23.574278789828742	0.0011657334970023164
128.0	26.19353713566009	23.00929481485212	25.726231727339666	25.061843416433167	0.009092905714961188
129.0	23.840533705500935	27.840480547582512	22.45544352239289	25.860651179837667	0.0028910446859917458
130.0	25.81717374020457	24.65748346347275	24.143866038391323	25.381453442418845	2.331551250993824E-5
131.0	25.276038117123584	25.317539719714965	25.08475769709006	24.321081578394548	5.828876768452068E-4
132.0	26.2521001428307	26.009176044545647	22.18527235057918	25.54724954150087	0.0062019205436053305
133.0	26.76354812001904	25.19810778994314	25.59177029918491	22.4444986923382	0.0020750985147190933
134.0	25.842839666186602	23.67997261821742	21.204677192705123	29.272487207340298	2.3315550562918995E-5
135.0	26.339889000077406	24.416369084535088	26.195753241072765	23.04754568184934	4.429924653976254E-4
136.0	27.28478572184666	26.625581318352847	24.07043855407304	22.01254943508423	0.006644970643219169
137.0	28.024184193818623	21.84987492180427	24.720203258771388	25.405551098330886	1.8652727483418308E-4
138.0	25.211854379505116	24.527592769568045	27.588712819256223	22.6703712088342	0.0014688228364181332
139.0	25.458355929192233	24.129579537501044	25.39447356972293	25.01612213561059	0.001468827973199252
140.0	25.839686407339858	22.063466935376887	25.636008785928897	26.460464835417714	3.730359366501046E-4
141.0	24.82458355278604	25.55138294258511	25.69542318992026	23.928120699105797	4.896156027902493E-4
142.0	27.881038985383544	23.372461482899904	24.015724624621335	24.73056507134765	2.0983574757132606E-4
143.0	26.294761825935105	25.97063712815539	24.02150572732211	23.712932113805028	1.632047823664227E-4
144.0	27.454445665640954	25.628192137473672	23.519825117613347	23.396930884992358	6.06194279670995E-4
145.0	27.72623191882792	22.983678711960497	23.158495530839968	26.13047471229717	0.001119126074448463
146.0	27.314069375800585	21.888573822710224	25.192921689345372	25.599608864069072	0.004826248074746692
147.0	26.186965620663415	24.400338720026262	27.50405214348598	21.905262843756063	0.0033806720682811823
148.0	24.419144158007338	24.285383873597112	23.783846924329495	27.510972213673252	6.528303927987213E-4
149.0	27.6317906290613	25.52570995033297	23.90450183517597	22.93564270329278	0.0023548821369832607
150.0	24.76418129827592	24.7181087498671	24.982069944470457	25.535616691319525	2.3316067008511297E-5
151.0	26.456522793449693	24.7350759284234	25.732050356558606	23.075768004670795	5.829168975017581E-4
152.0	26.54870847013501	24.036741699389868	23.52232619706763	25.89208373253658	1.399008709062382E-4
153.0	24.461069432057315	24.234358696349148	25.79468256882873	25.5090965263569	7.927764079067788E-4
154.0	22.783275611327458	25.09742555889848	24.618487970248975	27.497802926276023	0.0030079332490645675
155.0	26.7326631091856	24.296561943657803	24.123965429398535	24.8466462948994	1.6322285866182906E-4
156.0	25.7923917243219	23.539424707600464	26.86857871172352	23.799231771358592	3.7308499552414596E-4
157.0	24.197039689759002	23.362209536725462	26.85011228771024	25.59033535212591	3.0313367938763266E-4
158.0	24.3693575631855	21.589097685802255	26.11465963263475	27.92679184532343	9.327305406759125E-5
159.0	26.02098233128205	21.701998661496095	24.821132504891136	27.455326849129158	5.596532015660962E-4
160.0	25.8037029531701	22.440977290105398	25.581540687268895	26.173709111777676	6.995767793677086E-5
161.0	24.49336807305322	21.018587677877633	29.041961200679715	25.44221202437999	0.0038710240094434333
162.0	25.09903894676849	23.895250514666717	25.54195081773009	25.463666441864348	9.327897034941369E-5
163.0	25.045818436559976	23.99262987215146	27.002083196812777	23.95944517423832	2.3320237465314062E-5
164.0	25.16079110693824	23.892162740959282	25.039383006177445	25.905680877664434	0.0019822682605969144
165.0	26.54069906422179	22.3808063434685	27.171151211264323	23.906737020085707	6.063609596828266E-4
166.0	24.00760305521544	23.470328260742814	26.28849629759198	26.233362486152412	2.099002973587546E-4
167.0	26.02775892509382	23.963075172064755	27.21729720148427	22.791448889013278	4.198123438822846E-4
168.0	25.81085528348944	25.26876516479731	23.6670313720487	25.25316158982936	1.8658983519219567E-4
169.0	25.664293109749853	22.94561453308165	25.929490222110164	25.460252270794008	3.4986426432758307E-4
170.0	31.103313378207098	22.93031069072602	23.746771267417195	22.21941806541481	1.865982348739972E-4
171.0	25.379677951924645	23.66776249036081	26.972657589383807	23.979108907334552	7.930609961872427E-4
172.0	26.792832843226083	25.304086885765482	24.45911540014231	23.443848261955853	1.1660891027340824E-4
173.0	29.071377002878513	19.911676532205558	23.33751056355764	27.67771028708625	0.0017256142720426236
174.0	23.636824516159425	26.694931558184347	24.342685030995227	25.325162461717987	3.9643294301789473E-4
175.0	25.713059681478008	24.27075535281593	23.448470474098222	26.56587211078539	0.0018423808224481278
176.0	24.238955514196554	24.293110927638853	28.704048362043633	22.762275926729263	0.00160926939169617
177.0	21.527851476209058	26.11385962526651	25.21482299042746	27.119091974165027	0.024373933931944713
178.0	25.00085710187618	23.177224179368682	24.527270416224997	27.29432178752969	3.2651500044895813E-4
179.0	27.316332233328016	25.041448461625304	23.31264875496005	24.328380976905486	0.001189573181142606
180.0	26.69840260765885	22.78972309775116	25.31971955402405	25.191944083075825	2.1065749011431212E-4
181.0	27.50309950876772	22.686880215474474	26.489335063931474	23.31991150691458	7.737049117601271E-4
182.0	24.913933067752243	23.241634875544616	25.856719362492868	25.987501717119105	2.1097709116976482E-4
183.0	23.262326056787067	25.265720528112222	26.553556693297324	24.918045084580474	3.516372229098683E-4
184.0	25.86029008570256	22.616336819935075	26.67877447476502	24.840871096386483	0.00372752321086505
185.0	25.131738469602166	25.224096044376644	24.720676938829282	24.922808757935954	6.797892559542506E-4
186.0	26.547429047255566	23.135152014133347	25.349043617206824	24.968375321404256	0.0
187.0	23.604507496593953	23.706583176405292	28.10558911343136	24.5826622671986	6.579463707913168E-4
188.0	26.614277220696025	28.63800757171628	22.795354510012196	21.95203169686815	3.290007073515208E-4
189.0	24.5611173690097	24.334798958512284	25.44166754601044	25.661523073549724	8.930529178506472E-4
190.0	28.17883639295212	22.346628308319318	25.153486273141045	24.320908002251674	1.4102333583649755E-4
191.0	26.323622197639718	24.736912387815504	24.703704811495193	24.235407330961074	3.5327208851397037E-4
192.0	26.601232357667776	23.96780447339097	24.253035377346823	25.1778806849216	4.710667282507903E-5
193.0	27.464298190875912	25.132123136053792	22.012756846552005	25.390515590588947	3.062359293424196E-4
194.0	27.924087717802088	23.802026670787793	24.33133386449378	23.94255174691634	0.0
195.0	25.687850740789525	22.139780064009567	25.03062520661264	27.141154929026566	5.890595616972738E-4
196.0	27.56459345858101	23.06260973899869	26.347472627127118	23.025253290191085	7.088510210171964E-5
197.0	24.679441959480076	24.867037272574947	24.52743729157553	25.925492662206256	5.908141631861804E-4
198.0	27.000156977656847	23.71690890868328	24.468625896199175	24.814189833104102	1.1838435659641187E-4
199.0	24.877580146191665	23.331676380493345	25.775017139254302	26.015299039632033	4.272944286503763E-4
200.0	27.634787076090618	24.037442054697802	24.22516038082106	24.102539266058617	7.122233190461336E-5
201.0	24.396795635964075	21.66324262247675	28.850506460177765	25.089194115408294	2.6116597311272565E-4
202.0	24.63530708476699	25.58151296539498	28.754947398313735	21.028208807336572	2.3744187719648577E-5
203.0	25.676231265214238	25.33497154466814	22.688831130828973	26.29927726948521	6.887898034407664E-4
204.0	26.060737498260032	24.170196876186207	23.397652270126233	26.371294586463094	1.1876896443439606E-4
205.0	26.818321544957445	24.48600954884578	25.843981039141333	22.85090392857703	7.839384784086715E-4
206.0	24.99258740447968	21.430217540671865	26.130634641719798	27.446465379852757	9.503327590155693E-5
207.0	25.369940174628493	24.25890774498081	26.67406958905464	23.696797337039072	2.851542969901014E-4
208.0	27.629911129481048	23.2549793136166	22.087857056104344	27.02722873290762	2.3767890388193823E-5
209.0	26.836734038919026	21.001947211109208	25.579902099807228	26.58075101823855	6.65631925989337E-4
210.0	24.45603416934541	24.760957960986207	25.30009099683021	25.48258398660276	3.3288623541571905E-4
211.0	24.618656685888038	25.571884154213688	26.198996848024947	23.609582270544685	8.800413286435851E-4
212.0	28.00752734050864	22.756284027650697	25.044945828229952	24.190909651210855	3.3315239985141405E-4
213.0	29.255421745274056	23.554737041127495	22.850173283441418	24.339453617806782	2.1431235024924525E-4
214.0	27.21402658142713	25.937411668925243	24.846789527396275	22.001724556241363	4.766600998793573E-5
215.0	25.391807152948033	25.567830482607246	23.08389529836193	25.956180460932732	2.8660515005570885E-4
216.0	24.800315627018602	25.308495433851768	26.5848557050744	23.306284884328115	4.834972711414017E-5
217.0	28.094660683016	23.30816329868639	25.849107225031144	22.74738524507522	6.835481912460425E-4
218.0	24.50744053944776	24.480328761814754	25.319360428964178	25.6925489816154	3.2128815791164674E-4
219.0	26.277636381434505	23.48782770600304	25.16778607288194	25.06597571134902	7.741283314987324E-4
220.0	27.91539599671117	22.409893836656007	25.140142248025395	24.534165860875966	4.0205773146966174E-4
221.0	24.997884628928446	23.25441352540396	24.999759329039765	26.747790513916105	1.5200271172837723E-4
222.0	25.191761933484248	25.458920022014524	24.775516199310903	24.573571138723544	2.3070646677916595E-4
223.0	29.620532730371895	23.120934028465896	25.258190980441725	21.999510015807452	8.322449130330074E-4
224.0	29.209507995278994	23.379659475709314	24.972764425197568	22.437963702952405	1.0440086172471268E-4
225.0	30.56287657531927	20.116313066670592	24.191687551730627	25.127992225813202	0.0011305804663039696
226.0	24.840113125935783	22.646481450673765	26.521696889036768	25.991468973548493	2.3956080519048413E-4
227.0	26.30636940616144	23.77512041636585	26.468864153098497	23.448056636100127	0.001589388274085967
228.0	26.586682471634663	28.06170441620399	23.963740715055557	21.387655593703922	2.1680340186217863E-4
229.0	27.837577839177065	24.79618088787304	22.205956605521614	25.16025733025736	2.733717092538784E-5
230.0	25.313133035228315	22.93240332070125	28.230567654749915	23.523868402329775	2.758699074759917E-5
231.0	25.416851837633875	24.544395358181827	25.0199928602932	25.01702265259722	0.00173729129387291
232.0	24.83767204506709	25.410290605117996	24.966067675102643	24.785744023341376	2.2565137088849098E-4
233.0	22.784566166487664	25.12447285616737	22.539366363676915	29.551051313813424	5.432998546243969E-4
234.0	26.155078172881364	21.591812833562898	27.130953881688903	25.12055755363293	0.001597558233902277
235.0	24.96734534020432	22.784698757636953	27.3975170394207	24.85023288605988	2.05976678143491E-4
236.0	28.13424372345019	24.05845034211295	23.773251706384258	24.033785482610078	2.6874544252520385E-4
237.0	27.394686452125594	24.750200932228925	22.844530084279825	25.010431568008084	1.5096335756999718E-4
238.0	26.604652788616118	23.45803668645113	24.584975437806797	25.352243099635025	9.19874909277337E-5
239.0	27.07752092933187	23.297159872436087	24.419190966374305	25.204537892638385	0.0015903392193554885
240.0	25.36440416211601	21.805664211271157	26.8700100455318	25.959663920759148	2.576603218885986E-4
241.0	28.92874932898727	20.760368255012242	23.975200336594497	26.333102811241094	0.002579268164899062
242.0	26.419091272581408	24.552473611558785	21.817868241565098	27.20943647169698	0.001130402597729764
243.0	27.895329801758926	22.57115307295169	25.887591908107904	23.64278762131094	0.0031375958705356782
244.0	25.74831146660168	23.19501434629566	26.801647798603547	24.253341257768614	0.0016851307304976905
245.0	28.606786517875406	21.299639926881454	23.702097125584025	26.389008841110023	0.0024675885490904013
246.0	24.511941730209568	26.924317557351195	23.949859365600663	24.61098736729153	0.002893979547043426
247.0	25.28350058531676	23.233392777530092	24.656305647459412	26.68232943035252	0.14447155934121228
248.0	25.614789997112858	23.372084108811002	23.89039951848342	27.11183026866733	0.010896106925389398
249.0	25.905319798965664	21.50461245836168	28.611953585431582	23.961048535347903	0.017065621893165937
250.0	25.66160803355217	22.31346495080556	26.097516403058368	25.92646084979534	9.497627885559479E-4
