# Position (bp)	A	C	G	T	N
0.0	26.109251496047875	21.99187173989568	24.25946430285769	27.63941246119876	0.0
1.0	23.739435456197654	30.047786688357082	25.812437248198467	20.327770928917303	0.07256967832949938
2.0	22.157601748798587	21.786019978683672	24.42198742513683	31.63274723968731	0.0016436076936011824
3.0	24.252573903053335	22.401004942651355	22.918752406623028	30.41820006691201	0.009468680760271941
4.0	28.07590913104353	19.487884559593336	24.41264395363211	28.023562355731023	0.0
5.0	30.157298160906798	22.57261368962719	24.00107351836825	23.268132632438398	8.819986593620378E-4
6.0	28.475984881231213	22.632791845515136	25.01821992581349	23.867474542365724	0.005528805074437821
7.0	28.753209636166154	25.363633633483325	20.668680457883067	25.213475216353253	0.0010010561142004815
8.0	30.081623979700257	24.649066886663917	23.828827139660756	21.440481993975073	0.0
9.0	29.41007298143219	22.18525979248473	21.44112806236912	26.962916667704164	6.224960098005772E-4
10.0	25.173198382279217	23.4685207508394	22.63104794817919	28.72723291870219	0.0
11.0	27.334915538182326	20.687450862252657	24.31268384559052	27.664949753974494	0.0
12.0	30.80381256888178	25.877508508035703	19.176930809383666	24.14162700287033	1.211108285191779E-4
13.0	28.004759208697767	21.05842120193959	24.46587577938626	26.47082411156849	1.1969840789147664E-4
14.0	25.219402615697994	23.602200689143142	25.417388490167337	25.76100820499153	0.0
15.0	25.501351934216686	26.679946386416653	19.036996155219672	28.781705524146982	0.0
16.0	28.597194850695523	25.783056160610357	18.449100485196325	27.17064850349779	0.0
17.0	28.860983500269775	23.950698424188058	19.215713267506125	27.97127257305644	0.0013322349796057028
18.0	25.9784695352635	23.188308315902177	20.792015887070363	30.040875464907412	3.3079685654773786E-4
19.0	25.68032853523646	23.896038548837538	23.10029860847134	27.322784990914307	5.493165403604835E-4
20.0	23.028850344286585	24.42386472587815	23.43556611174061	29.111609866643423	1.0895145123333043E-4
21.0	24.905187534746613	19.39755297646496	23.28066213578007	32.416274128694994	3.23224313363817E-4
22.0	24.4639433101547	25.465332330211133	23.894646701846685	26.17597154471976	1.0611306771817642E-4
23.0	23.57290204764884	24.03979472785377	23.09987994792107	29.28710623763548	3.1703894083630644E-4
24.0	29.508726027196868	21.035880052914145	20.531816405474483	28.923473023608654	1.0449080585399291E-4
25.0	26.250141517687137	22.152715595763734	19.358899146777	32.23814081781785	1.029219542820679E-4
26.0	30.5955059525949	25.654436282639658	18.381107789565785	25.368949975199662	0.0
27.0	26.000100566765553	23.620259893255565	21.115839573432723	29.263799966546156	0.0
28.0	29.931603517533382	22.032106812404365	23.825901352566557	24.208032643496395	0.002355673999299443
29.0	30.248683768343227	22.404350438404432	22.938582645090992	24.408077639846432	3.05508314917971E-4
30.0	27.45918626034679	20.39932476751158	25.182791631624056	26.958395538153855	3.018023637161126E-4
31.0	28.754805479804425	22.154543024744328	21.08291851634516	28.007431537612863	3.014414932205808E-4
32.0	22.884575382358417	20.95683408127984	24.456905243189606	31.701088130292977	5.971628791611056E-4
33.0	27.35408151955895	23.26172394142958	24.382012222931678	25.002182316079796	0.0
34.0	30.804361593690565	24.614898200061877	20.810578309770914	23.770064911826406	9.698465023940661E-5
35.0	25.357204006918032	23.250820987262433	26.239657099543862	25.152221715618094	9.619065757857335E-5
36.0	26.440922051678424	21.391518185890817	26.450823974574167	25.716351247161604	3.84540694980398E-4
37.0	24.38028044496037	26.198598543961747	20.84713904627188	28.573981964806	0.0
38.0	27.437646080082384	23.810200844802793	19.835861945736262	28.91619506356195	9.606581661227742E-5
39.0	21.96998073373172	24.080626355409827	23.36788968092524	30.58150322993321	0.0
40.0	27.846412832733304	23.534648245476728	21.76624858235134	26.85259430904693	9.60303916983647E-5
41.0	22.401882835545724	23.071361080383483	21.23240843166175	33.28916236479842	0.005185287610619469
42.0	23.814132476121348	25.809493085079826	21.06755921176439	29.308623199259543	1.9202777489736117E-4
43.0	25.94781406601002	23.21486857515888	25.70138048883513	25.133344853407063	0.002592016588906169
44.0	32.185262899234594	23.529812652259633	20.717388842068484	23.567439619276527	9.59871607573771E-5
45.0	27.38294390617277	23.032205122298844	22.427165363777277	27.154518362822305	0.003167244928808972
46.0	26.22335509615726	21.700187429641907	24.420460445435708	27.65599702876512	0.0
47.0	29.2292294213439	18.817622712882898	23.0142972707653	28.93789098223085	9.596127770522038E-4
48.0	19.63967438121495	23.18738812370137	25.09520876860768	32.077728726476	0.0
49.0	20.816111590181187	26.862274334814668	23.894395263824794	28.4259718434691	0.001246967710250746
50.0	28.04229353416112	21.31029773128797	21.199039341350332	29.44827348079546	9.591240511865322E-5
51.0	25.311665331997062	26.319812410988725	23.28923329225428	25.07785039872255	0.0014385660373739456
52.0	21.662027764381474	26.706845984289412	22.57555434323019	29.05557190809892	0.0
53.0	25.41192203575428	20.12766387696041	24.217600903490915	30.24166855847795	0.0011446253164412072
54.0	22.710755813953487	30.99897759873039	22.303988890923517	23.98618232313984	9.53732527620094E-5
55.0	29.077320428003876	25.015707395299124	20.86113709147663	25.044881677311466	9.534079088999674E-4
56.0	29.055464088339853	22.333306957726258	25.39398960292636	23.21723935100753	0.0
57.0	25.336355785014458	27.574024963824	22.85503480331504	24.22886492195707	0.0057195258894339384
58.0	27.56931716480858	23.79224532238403	22.13459982329377	26.503361135494792	4.765540188276962E-4
59.0	31.321042424126905	21.06234245224129	23.982140219292184	23.632759450482947	0.0017154538566738304
60.0	20.642696179554733	23.333349214138362	24.45246954458615	31.57138977689057	9.52848301786114E-5
61.0	28.71308260102769	23.406752869593223	24.74295857514585	23.130631639224458	0.006574315008780045
62.0	27.05127875325012	20.077231113105565	23.75518899518568	29.11611058550254	1.9055295609564615E-4
63.0	28.642432845703507	21.74708350998204	22.275743472730998	27.333406374596887	0.0013337969865715226
64.0	22.260556471047693	22.208357543602297	24.81668460607908	30.714306125753694	9.525351723612394E-5
65.0	21.432503895727844	25.668655488118507	23.746985335299296	29.146616527030066	0.005238753824290292
66.0	23.916493003303096	23.487319082143088	21.72261992296585	30.87261554169635	9.524498916112023E-4
67.0	26.58979521475688	25.78987369259165	20.02394335881323	27.595816293293762	5.714405444685507E-4
68.0	24.52856063975376	18.171307649598248	25.594150256802433	31.705886218380634	9.523546492525444E-5
69.0	22.726034728716424	21.110827535373428	29.46084210566413	26.700010094449766	0.002285535796252102
70.0	26.712634616684618	22.307499688183437	22.30502419791735	28.674365441394194	4.76055820401277E-4
71.0	23.666642977281878	22.786534953687255	26.363253026318905	27.182526709781346	0.001042332930613792
72.0	26.396464251708895	23.922008896215555	20.972520262812587	28.707301244428024	0.001705344834936831
73.0	23.56661712452885	23.43513626929704	24.499202873633447	28.4953493857438	0.0036943467968592364
74.0	25.17489869799215	27.007143709614173	22.82823460768323	24.988302199186553	0.001420785523900454
75.0	29.345800057585354	22.510664656230585	18.913947779175317	29.2281668156814	0.001420691327342436
76.0	27.49769394098383	23.26723577867137	25.212185840892342	24.021842687946176	0.0010417515062779734
77.0	27.17760499669999	22.791951570795895	21.36712317611644	28.662373337802787	9.4691858488699E-4
78.0	26.733973515326305	28.7969224301667	20.08099166980698	24.387354922274888	7.574624251295735E-4
79.0	27.42002827070574	20.762021440669862	23.357226781996502	28.4588299563442	0.0018935502837011712
80.0	23.283456620892178	22.997752613273402	30.303179474751452	23.41324462435319	0.0023666667297777793
81.0	25.61878563909945	26.10448077665786	19.48554746957661	28.790902137778012	2.839768880676698E-4
82.0	22.38700725394878	24.058898581012524	22.647199127708873	30.90500204443233	0.0018929928974906484
83.0	22.656420060381787	23.812286463311914	23.681206878602325	29.84914017470969	9.464229942930693E-4
84.0	23.367360361272592	25.552257054685825	20.76465706263503	30.31477918707989	9.463343266689316E-4
85.0	27.205395298134317	29.212829257398948	18.957731658295263	24.6232867638431	7.570223283735754E-4
86.0	29.05508592450452	21.093656858348048	21.745589284463946	28.10405939113864	0.0016085415448432996
87.0	20.424505319325068	22.545991229854444	25.415825051206486	31.612921536998755	7.568626152441591E-4
88.0	27.3355236085241	26.369008709702136	25.42576509062082	20.869134998964146	5.675921887962978E-4
89.0	26.674234039936813	26.100248777396256	21.801791575621706	25.422779685386455	9.459216587682209E-4
90.0	20.296677581859214	23.982399488480404	26.919097046844527	28.801731297091866	9.458572398750711E-5
91.0	29.448377876854455	23.093241579165397	24.297420454394988	23.16039261603415	5.674735510035769E-4
92.0	26.7791144148745	23.75040193686281	21.3259187803817	28.144564867880987	0.0
93.0	22.090729409984586	27.810824357167853	22.302374625270705	27.79578790085396	2.8370672290364374E-4
94.0	28.204126791996064	22.60033286681545	20.578828914022015	28.612550591973367	0.004160835193100579
95.0	23.171074193392823	28.21926590496687	23.19130970065633	25.415797122964744	0.0025530780192275144
96.0	28.385665106278772	23.55965103536827	21.31844109969054	26.73472996086581	0.0015127977966100093
97.0	27.047198013829828	24.0255872570468	26.37527724885933	22.551842936748496	9.454351554389939E-5
98.0	30.29631534365925	22.073526742497577	23.839942068005808	23.790215845837366	0.0
99.0	22.826615733249454	21.36124091638588	29.36039454506124	26.451654344218085	9.446108533897833E-5
100.0	20.353128075514327	25.88286741357392	23.757563049814596	30.006441461097168	0.0
101.0	26.905179928544243	19.826753315193933	27.952461049245542	25.31560570701628	0.0
102.0	23.108806039355155	26.07361644541944	26.074466367179422	24.743016712294875	9.44357511089118E-5
103.0	28.338737915235257	25.02629894105449	23.055625329326954	23.579148953047184	1.8886133611840852E-4
104.0	27.024130458389006	24.602491891202842	22.483392900140224	25.889607047925704	3.7770234222664974E-4
105.0	27.81693698321258	22.803656425891848	18.424330094318865	30.951582855475625	0.0034936411010823673
106.0	29.25922358881971	22.654988584410212	22.556317853831352	25.529375551186977	9.442175175010716E-5
107.0	28.222331958897218	23.988174876617055	19.882900686525648	27.90593154005142	6.609379086602694E-4
108.0	22.53305437118331	23.40156953975022	26.4288627634625	27.636418911518895	9.441408507086722E-5
109.0	27.79515464044056	26.54166025458861	25.678744032046858	19.983780196167103	6.608767568700499E-4
110.0	25.96473373764227	24.24116549729244	21.36603427311245	28.42797208606796	9.440588488524021E-5
111.0	27.26484890308292	22.961765791518257	22.311989102103585	27.460640978318434	7.552249768004327E-4
112.0	25.334530326501596	22.687740543234767	23.67214470401323	28.305395626066133	1.8880018426897986E-4
113.0	31.013256279576	18.853501260682286	23.702526178863017	26.429961098676824	7.551822018658664E-4
114.0	28.28287023707822	20.476233179623453	25.64220681452393	25.59840657758731	2.8319118709025775E-4
115.0	27.634947365241423	21.072404887405416	28.76825602996481	22.523636555859298	7.551615290510641E-4
116.0	24.188505990160504	23.88295683233214	26.321497747790268	25.606850644324545	1.8878539254146671E-4
117.0	26.855574298015178	25.708781193688058	22.82966879965716	24.605314950410097	6.607582295077635E-4
118.0	30.835981872569945	18.24117486588968	25.42758137001611	25.494695527327544	5.663641967209401E-4
119.0	27.47416223726849	21.657279268717453	23.39590654701392	27.471991195007732	6.6075199240324E-4
120.0	25.00995833545715	21.611098210897723	25.926691548346536	27.452157513493308	9.439180528103272E-5
121.0	28.18540508396183	22.75606233658357	24.89423358284328	24.16373264364127	5.663529700493671E-4
122.0	32.09092513740997	23.407502777460518	21.83098126240654	22.670024475633387	5.663470895895022E-4
123.0	28.314162791970837	26.9789265629513	20.45395766434657	24.252197863395498	7.551173357950158E-4
124.0	24.3631043677293	25.145850539182142	21.02730125769839	29.46346067627835	2.8315911182425255E-4
125.0	29.58885879055017	22.1826539183947	23.297152403514897	24.930296652162834	0.0010382353773985597
126.0	23.710822540241665	23.839943217105848	27.74999669647391	24.699048773259182	1.8877291939207568E-4
127.0	28.126940740978444	19.830432328662656	23.639145347223927	28.40272652281509	7.550603198813045E-4
128.0	28.923405371836086	19.42868792271261	23.830278822794345	27.808472845404452	0.009155037252507253
129.0	21.96329336615273	27.14895954455535	24.752721946210414	26.13181619123843	0.003208951843070929
130.0	28.71450656025792	25.669097230742516	19.82460677147727	25.791789437522294	0.0
131.0	26.67947054243447	20.865063822759126	25.401505320529456	27.053110917112992	8.49397163957247E-4
132.0	25.68561090106704	25.872102351340075	21.638482171002092	26.79766998941076	0.00613458718003409
133.0	28.99080871770334	23.14987575394657	23.141853790755114	24.715385464768953	0.0020762728260243814
134.0	24.766682804694938	23.52245026231374	23.353708773708036	28.357158159283287	0.0
135.0	25.022201208538476	21.21595618080702	29.271149187402738	24.490221559095797	4.7186415597186553E-4
136.0	28.956107891406457	27.09997253735062	23.745376884754076	20.19269153782343	0.005851148665419051
137.0	30.490113548854698	19.386258625636067	25.83953674483217	24.28361921874764	4.7186192942455497E-4
138.0	25.335761739393025	22.740921787709496	27.563604106900197	24.357919371885853	0.0017929941114298658
139.0	29.098422536699896	23.38771473544744	21.617079182693576	25.895179281214258	0.0016042639448284194
140.0	32.38095417841137	17.19538698326031	25.36291034135229	25.060465397184288	2.830997917329199E-4
141.0	23.349051929876875	25.384007798588065	26.34571412663646	24.920659935697508	5.66209201088254E-4
142.0	28.021867061252685	22.984289537556762	23.28598552765185	25.707386031201988	4.7184233671424095E-4
143.0	26.245151792539183	22.10206951220663	24.801306066983116	26.851283890267723	1.8873800334066266E-4
144.0	30.489231878396	22.513404711890704	23.707891463826623	23.288433918214743	0.0010380276719304106
145.0	31.011773098903088	20.77665083834731	20.80760287778474	27.402935159252017	0.0010380257128405669
146.0	27.887664984151517	23.660050786856566	23.615605210040737	24.83271571910773	0.0039632998434496565
147.0	27.97052079303219	19.298311834146435	26.232059109395788	26.494767535126872	0.004340728298717598
148.0	26.179916507507528	23.920580219979314	22.892682705881466	27.006254387885285	5.66178746404765E-4
149.0	29.733746655908956	25.74169226341293	21.159662358864022	23.3626339405778	0.002264781236287457
150.0	26.46761840411597	25.945760779710024	22.72213393527833	24.86448688089567	0.0
151.0	28.947591931645096	21.94327162089981	21.55559498172031	27.55297523890054	5.662268342446439E-4
152.0	28.83623573688775	22.36195534516944	21.575838563888265	27.225687238767165	2.8311528737617246E-4
153.0	26.76972150656361	26.02210205449072	20.316336834555457	26.89099025131414	8.493530760737239E-4
154.0	27.512780609524423	23.509243469077862	24.21384033604722	24.762059355632672	0.0020762297178309437
155.0	24.410286147095796	24.165589251091504	28.305226087276804	23.118709632331345	1.888822045575387E-4
156.0	31.914660531865362	21.412968645083424	24.247292178411655	22.42470088593859	3.7775870096337915E-4
157.0	22.99145299145299	22.055437502951314	27.911224441611182	27.041601737734332	2.833262501770789E-4
158.0	28.168724104941155	22.961332249129	24.33859285766229	24.531067459609137	2.8332865841046955E-4
159.0	28.87482102988565	20.81644371744066	23.864696704683254	26.44337744466565	6.611033247830636E-4
160.0	28.27084555181249	19.012095231889028	25.041294917962652	27.675669855984857	9.444235097233122E-5
161.0	24.82924387525736	17.87310402145785	26.50016055609074	30.79371375682363	0.003777790370412346
162.0	27.164027990151123	18.99034851686011	24.48080423044557	29.364724816089144	9.444645405510573E-5
163.0	25.252225687446046	20.965286265057507	31.905298014496015	21.87700113527533	1.8889772510469657E-4
164.0	25.97075824549473	22.392326872945713	24.794098757036533	26.84064377195965	0.002172352563376025
165.0	28.685298476377763	20.568758518484938	26.210911783679837	24.534275597014148	7.556244433173046E-4
166.0	28.19722548353794	22.46400562195206	22.408843995553067	26.929735989277486	1.8890967944861043E-4
167.0	25.697402139836534	22.61261439964333	25.66840373711012	26.02120189405854	3.778293514842554E-4
168.0	26.397333940400948	24.17816804752508	23.132393323137872	26.291915767479253	1.8892145684892234E-4
169.0	27.174312463926377	19.285395130734113	26.397814469879528	27.142100077555337	3.778579046456685E-4
170.0	31.86193241342436	23.580390011931044	21.304234056280897	23.25334905245975	9.446590394895819E-5
171.0	25.22924729801346	25.848382681213295	25.464658554487972	23.456672331525557	0.0010391347597189802
172.0	30.45207389465968	22.86073524355084	24.618548481562232	22.068547914769486	9.446545776071522E-5
173.0	27.64910530675939	18.325365495625956	23.060159772385276	30.963763577677206	0.0016058475521687915
174.0	27.41575602309483	23.747959553822437	23.77799945588102	25.057434781294397	8.501859073184003E-4
175.0	23.893383158642475	27.04764261802024	20.162436049543185	28.894648943164388	0.0018892306297183534
176.0	27.053851523615833	22.656671386590066	26.8611501814132	23.426626602420292	0.0017003059606114678
177.0	23.708154717259177	24.369782033285407	24.44450322217415	27.453471654124968	0.02408837315629481
178.0	24.338048809044952	21.55248114848366	25.741455206757653	28.36763714442726	3.776912864731754E-4
179.0	25.61032039223685	23.806744781633164	24.039616526528114	26.541618505843513	0.0016997937583573194
180.0	29.874470398275676	21.230174917986442	25.274311399173126	23.62085354816553	1.8973639922056289E-4
181.0	29.60557839614469	21.839451269210368	25.35906323327226	23.19514803263616	7.590687365205997E-4
182.0	29.315370018975333	20.881783681214422	23.64573055028463	26.156925996204933	1.8975332068311195E-4
183.0	22.400858466013833	23.678215665866205	26.3627246618272	27.55763193174778	5.692745449836002E-4
184.0	25.819447369969122	22.745559053534254	26.554876833829567	24.876321467405226	0.003795275261826552
185.0	26.993551912464625	26.762741305232563	18.0305489649572	28.21258861732778	5.692000178349339E-4
186.0	26.84767244405233	22.718501864131827	22.982610922958706	27.45121476885714	0.0
187.0	27.35058061810519	22.377920287524326	26.671429642217042	23.599310412225098	7.590399283466308E-4
188.0	33.63845283820917	26.554885454462646	20.222809667673715	19.583377613141234	4.7442651323080656E-4
189.0	24.670113090527458	22.59457264154345	26.59762432082107	26.1364563702856	0.001233576822419974
190.0	33.01019609331632	18.135476616358346	25.84370418519028	23.01014864755868	4.744575763758083E-4
191.0	24.095158646778522	22.70860677635706	24.457598180874314	28.73778225726089	8.541387292123986E-4
192.0	27.762993305228072	20.070554202597044	24.209563254870176	27.95660451493748	2.8472236721972403E-4
193.0	26.11708115270208	21.734368267093394	25.600848144541445	26.547417696000547	2.8473966252655196E-4
194.0	26.129656874377105	23.670447534526126	23.357505576384604	26.842390014712166	0.0
195.0	27.209712940461728	17.807184082624545	25.304905832320777	29.67724787363305	9.492709599027946E-4
196.0	30.987012222394206	20.749202092554413	26.410665228328302	21.85293053528408	1.89921438996759E-4
197.0	28.339929470248048	21.71691412864984	21.230917979008236	28.711193677586145	0.0010447445077306345
198.0	29.202676424344425	22.443740769839536	22.58435901278929	25.768841937648745	3.818553780034119E-4
199.0	24.047210935672236	26.15909817945694	23.69723504724436	26.09569190662853	7.639309979326117E-4
200.0	28.95958929422359	20.16677282550257	24.927399770620518	25.946142614448615	9.549520470829557E-5
201.0	24.551149820459926	18.785717014286806	29.817021926808774	26.845729238291693	3.820001528000611E-4
202.0	24.36241629967938	27.804312924351432	27.790846377260063	20.042328891282942	9.550742617992263E-5
203.0	26.9162865970281	23.007858700075854	21.689477213973316	28.385613209800354	7.642791223782838E-4
204.0	23.475282337429057	19.651353882020217	21.91760142171944	34.955571267508745	1.910913225430433E-4
205.0	25.19113584524518	24.578908693396222	27.017115031242028	23.21159820240094	0.0012422277156292315
206.0	22.768703556466164	18.476881440934527	27.68856456989083	31.06575486988166	9.556282682486775E-5
207.0	25.38829945340359	25.99491729372174	27.689089002793672	20.927216372469278	4.778776117206175E-4
208.0	29.043267442872043	20.270661712055784	19.353956725865153	31.33211411920702	0.0
209.0	27.655049822673167	17.757735877201284	23.667706053399808	30.91836080966984	0.0011474370559060021
210.0	24.665155731512563	23.137485536142908	25.14014401698368	27.056545313710302	6.694016505532127E-4
211.0	28.95622348138484	26.571317618881828	23.61251927322256	20.859078787786036	8.608387247343835E-4
212.0	28.456766381357507	19.429439083336682	24.82055756796424	27.292662904642444	5.740626991279987E-4
213.0	31.173700289999935	19.141048729371374	23.997901354067036	25.68696666197535	3.8296458630729266E-4
214.0	28.617886802070824	24.235728569498516	25.366768841009502	21.779615787421154	0.0
215.0	25.623443130687342	22.088384615901095	22.634829558479776	29.65267126881312	6.714261186678523E-4
216.0	25.227723691386533	25.524973214665597	26.322828067162536	22.924378328827206	9.669795812591622E-5
217.0	32.95864408105017	21.8469899420372	23.885657872872823	21.307828398838787	8.797052010126385E-4
218.0	24.68858440245087	21.58374809145169	29.443992782217286	24.283278142412403	3.965814677480121E-4
219.0	28.384492441296878	23.837153409227465	19.3549065476715	28.422346041995468	0.0011015598086891037
220.0	26.12375322347128	23.00174859530847	24.17312697769739	26.70066935907565	7.018444472072607E-4
221.0	22.121366794559695	20.4707653996767	24.529584690991708	32.87797868810372	3.04426668182035E-4
222.0	26.680703788491943	19.29906928370874	24.126975054680475	29.892945682870597	3.061902482488469E-4
223.0	28.920884208243702	21.67191909521165	25.219942248857713	24.18623157942112	0.0010228682658189134
224.0	30.848880998163153	22.940817509220068	20.887931899487445	25.322062428200198	3.0716492913705084E-4
225.0	32.297317966758676	20.078037343363285	22.78378358957408	24.83983456329576	0.0010265370081989512
226.0	25.98120851035233	21.892043437994175	24.48784370386393	27.63869434008228	2.100077072828573E-4
227.0	30.34539334046491	24.08913198512557	21.837803304297623	23.726185624777138	0.0014857453347596487
228.0	26.655902805531134	27.641382250286416	23.855274025524206	21.847440918658247	0.0
229.0	29.81668529184217	24.57008080460758	22.55394137367833	23.059292529871918	0.0
230.0	28.274240467525015	16.71547589541563	28.193797640633626	26.816485996425733	0.0
231.0	25.005445606173758	26.280606529392937	25.515332159749637	23.196837547565703	0.0017781571179629433
232.0	22.971502061403363	27.096318276660092	23.640439453462967	26.29129365480732	4.465536662614192E-4
233.0	24.25449573756631	24.730997820998024	22.134972194675502	28.878522326337592	0.0010119204225779686
234.0	24.866434204815853	19.981051557951034	26.868798730937876	28.282103852658018	0.001611653637214464
235.0	23.44423556866431	20.616309597121834	29.66648300003241	26.272393052770976	5.787814104671461E-4
236.0	29.55128981614093	23.016466799199105	24.94578758232806	22.48609953233625	3.562699956535061E-4
237.0	29.58501996485994	23.161745823384745	22.171206885637126	25.0816689977915	3.583283266903243E-4
238.0	26.23393499363559	19.688494061895412	27.29354308114806	26.783907096499938	1.2076682100666393E-4
239.0	25.742993758119816	23.489347777245953	28.274667148564564	22.491403983472207	0.0015873325974622215
240.0	27.25260746008838	18.26337950633081	25.667673446310875	28.815843636706294	4.959505636478156E-4
241.0	25.204721857651414	22.49711620006432	25.455168551742634	26.840013360468163	0.002980030073470158
242.0	24.193590614695086	25.025775927091843	20.514022478353834	30.2652395883332	0.0013713915260470887
243.0	26.18104536991279	24.725703959946287	24.213052398280848	24.877827195990633	0.0023710758694360833
244.0	32.01406440505086	18.305655209055153	23.539959626235678	26.13869177475399	0.0016289849043221983
245.0	23.029143206331085	22.003636299625054	26.2145517367983	28.750405500217525	0.0022632570280417545
246.0	26.904058631396428	25.35308883422719	23.298192467438202	24.441761764587284	0.0028983023509012457
247.0	27.48677489046379	18.614467866012475	27.15968057827044	26.596856260221696	0.14222040503159894
248.0	31.37832172338546	21.175635156598464	22.581464432873105	24.85484932760017	0.009729359542795914
249.0	23.556144838071607	22.028516075886934	33.914070405418464	20.483217313041223	0.01805136758177778
250.0	28.10490514236633	22.427251103359865	19.62747145579595	29.839221966734964	0.0011503317428931865
