# Position (bp)	A	C	G	T	N
0.0	23.939688167237367	23.863487302693	24.96519559723888	27.23152880028865	1.0013254210823727E-4
1.0	22.765368195323532	29.877039127212118	23.783629602337538	23.497495284624932	0.07646779050188499
2.0	24.074906573539405	26.874669625800934	22.27891645067965	26.770710217134003	7.971328460083823E-4
3.0	25.788392415608207	22.30344536894754	24.525394702342822	27.376810054994472	0.005957458106955457
4.0	25.745259609625442	23.538035551186663	23.919976333700134	26.79664559384305	8.291164470834668E-5
5.0	28.83664903878168	23.61333212744156	22.015558654211528	25.533830730561704	6.29449003532534E-4
6.0	25.706011107302974	23.97528756526669	23.717221577153698	26.596172608103263	0.005307142173378879
7.0	25.73058480454909	25.032284110737802	23.344019880146064	25.892318956450783	7.92248116265052E-4
8.0	27.23109233232902	24.4585279812155	23.650379498425746	24.659950706521713	4.948150801823096E-5
9.0	26.356844707421356	25.577898566237184	22.27927910719002	25.785730611728702	2.4700742273772486E-4
10.0	25.162916760793426	24.34707839041021	23.122950634909326	27.367054213887037	0.0
11.0	26.95352100917176	22.892948440164908	23.133712077540523	27.01965944826325	1.590248595611709E-4
12.0	28.744464947105797	24.289498204803262	20.26248731897082	26.703533866277223	1.5662842896830265E-5
13.0	25.264427750116702	22.65622968500222	25.26458253105215	26.814651687174106	1.0834665481251074E-4
14.0	26.798308209495183	22.096709349276722	23.69233920687445	27.41258199528521	6.123906844353865E-5
15.0	25.470174952229346	23.74914650720592	24.000315624167197	26.78031756809765	4.534829988467928E-5
16.0	26.677127017919844	24.873259944096635	21.286328364592034	27.163195328073776	8.934531771716161E-5
17.0	28.578485821154427	26.039339846243998	19.42612627583372	25.95476529907204	0.0012827576958173354
18.0	25.843190327142345	26.074883773368523	19.74003847711888	28.341728222675798	1.5919969445236826E-4
19.0	24.998580802479115	24.569680581141935	21.801006319103035	28.630271238182843	4.610590930794742E-4
20.0	22.750164130843935	25.676209073398855	23.68303039986189	27.89052494145738	7.145443793510394E-5
21.0	23.85185477027175	24.15718027980424	23.703542875671975	28.2872520080566	1.7006619543213537E-4
22.0	22.598099623679797	26.695482614029174	26.055059105761718	24.651316559407878	4.2097121426901574E-5
23.0	25.26569522986066	24.152772994825476	22.98800642624055	27.593260124965223	2.652241080897122E-4
24.0	27.709881322998857	21.739352674670567	24.366023329241816	26.184715043264852	2.7629823908224776E-5
25.0	24.767088236025636	25.55054418278835	19.561171742890885	30.120977186713965	2.1865158116524347E-4
26.0	26.251364569663004	25.601195453395892	19.469740425657402	28.67768596164433	1.3589639367663209E-5
27.0	25.460694908226973	24.536424922665763	20.177488896439826	29.82526928903466	1.219836327783033E-4
28.0	27.485889770343153	23.604338640151116	22.952564299292995	25.954794998783804	0.002412291428927529
29.0	27.575145793991517	23.449237490330567	22.34784347409626	26.627494793687344	2.7844789431072614E-4
30.0	23.767912120326258	24.19559074113579	25.329377589208352	26.706895688976328	2.2386035327797397E-4
31.0	26.153561740610616	24.759749427706552	22.489953419925037	26.596276843288024	4.5856846977535904E-4
32.0	23.898241878927667	22.822888791082857	24.463789681509883	28.814872041338734	2.0760714085521685E-4
33.0	23.754261544022114	25.325756512431035	25.09793003741367	25.82189766536025	1.5424077293136132E-4
34.0	26.20572060515088	26.582907424478506	22.545768206328876	24.665514537326338	8.922671539635017E-5
35.0	25.45269642202918	22.136316338199038	26.187105942291833	26.22369205894553	1.8923853441567683E-4
36.0	24.03392143906446	24.74631149225138	26.112691118816045	25.106886869963702	1.890799044112846E-4
37.0	25.30881519979788	25.646332266240922	21.177384529407206	27.867404999688127	6.300486586579082E-5
38.0	26.808359623239465	25.40683320034055	21.057666796761914	26.727014399754896	1.259799031819248E-4
39.0	23.310914382346102	27.412048294748203	21.709398199917526	27.567286452123547	3.526708646255252E-4
40.0	26.11081915013792	26.49533867829708	22.636164531993277	24.75760207814085	7.556143087659194E-5
41.0	23.93539479176701	24.50750585691683	21.558138202460125	29.993848742014222	0.005112406841810673
42.0	24.872625026157415	26.071484600552637	20.373121230152787	28.682706189065183	6.295407198269317E-5
43.0	26.12119113146209	25.470678263400554	22.548569726501842	25.85575891846067	0.003801960174844846
44.0	29.368098666870416	24.76413226995808	22.502485716648568	23.365094534016396	1.8881250653763303E-4
45.0	25.92767904889355	24.49717825279346	21.698664004231773	27.872476483552113	0.00400221052911111
46.0	25.254516000225006	24.408392424352442	22.37934943018543	27.957729560854112	1.258438300720695E-5
47.0	25.10046487655303	24.12906112653541	23.79832229696129	26.970289375084306	0.0018623248659629427
48.0	22.691756972589154	24.10337599847643	22.906216897489816	30.2986501314446	0.0
49.0	22.04177011168666	26.418019596295878	24.323199767354048	27.215262158128304	0.0017483665351073258
50.0	26.688395040859557	24.95140798003344	20.41189330407373	27.94824078902322	6.288601005119675E-5
51.0	24.957957820876487	26.63041475790206	21.64179095093103	26.767233395115497	0.0026030751749247655
52.0	22.80375584096975	25.966893609982545	21.553151710910136	29.676198838137573	0.0
53.0	22.815740009395082	24.952151069745913	23.721698123249926	28.50849471141425	0.0019160861948243882
54.0	23.170118694800507	28.9657039625294	22.202221717409145	25.661905533555558	5.009170538964209E-5
55.0	24.08536551082531	28.421235575409938	22.371350817200295	25.12037385143973	0.0016742451247293874
56.0	26.53005261728452	25.55350090210696	24.641724489711784	23.274721990896726	0.0
57.0	23.020022532484916	27.712870336029827	22.65785137429046	26.60400925333381	0.005246503860989633
58.0	25.226923453553134	25.48186261088873	22.02132990533365	27.269609244008166	2.7478621632370017E-4
59.0	27.494120659185572	22.437562836820973	24.55059105640795	25.514965310952498	0.002760136633007987
60.0	23.491662871193814	23.47388621116252	23.65297514548481	29.38146329730971	1.2474849144768006E-5
61.0	25.025147366561782	24.14778368873947	23.11168973338802	27.708980104640986	0.006399106669740234
62.0	24.964067749085057	22.01857737598462	25.02468763607512	27.992480140438563	1.8709841663599292E-4
63.0	25.996202614216863	24.065243293490678	22.853549700091836	27.082335271273113	0.0026691209275170277
64.0	24.954560241870613	22.12638272384069	23.561020375462693	29.35798685841981	4.980040619701314E-5
65.0	23.504501257663154	26.72355872922802	23.620065593933838	26.146745419224164	0.005128999950826336
66.0	24.11874032136793	24.186160863221946	23.167408591388693	28.52719228796638	4.979360550518103E-4
67.0	26.66839858482287	25.33906218996943	21.285091570504548	26.706887499094417	5.60155608738527E-4
68.0	23.403307465210226	22.68215667105561	27.16633394848233	26.74797786260245	2.2405264938523686E-4
69.0	23.322175531192578	24.779805278449878	24.9562647596712	26.938717390874118	0.0030370398122312797
70.0	25.407310113435024	23.386129328875814	24.640343358520266	26.56594379288828	2.734062806145129E-4
71.0	24.882582280375647	22.855089943224662	26.085765426246212	26.175794144738322	7.682054151543138E-4
72.0	27.160562044340026	25.99430294167131	22.08669380566321	24.757078394268053	0.0013628140574022236
73.0	25.2040695479128	22.638489303103672	23.081327531066933	29.07239718105787	0.00371643685872882
74.0	24.858501130207202	25.932619137514656	23.352900138439235	25.85519920087761	7.803929613014279E-4
75.0	25.556254297375737	24.63757739921303	22.06608225866167	27.73776975071102	0.002316294038540408
76.0	26.700377841787038	24.070745161476115	25.31813708702004	23.90999673622977	7.431734870381255E-4
77.0	23.894925700849964	24.88027592828421	24.475320851594663	26.74889540254115	5.821167300100496E-4
78.0	27.372779778224903	26.652433038827112	20.32547441229005	25.648804987078766	5.077835791707672E-4
79.0	27.565094126747564	21.112625886459384	22.533004365079464	28.786365238481753	0.0029103832318332023
80.0	23.714173868126867	23.65175797941935	28.346683604819745	24.28524209748594	0.0021424501480953187
81.0	24.838629901829965	25.520085210396292	21.756118305337502	27.884757917298806	4.086651374334665E-4
82.0	22.49811678986322	22.678134713639988	24.0688434507815	30.753765770143477	0.0011392755718141738
83.0	24.775072134057343	22.67798670784261	24.09295470584251	28.45318155740714	8.048948503941942E-4
84.0	23.379093869565757	26.18671140773393	24.6649744307277	25.768304008122733	9.162838498780352E-4
85.0	25.45688471111009	26.702417827985087	21.19991615056298	26.64027365722345	5.076531183954793E-4
86.0	25.25025836496424	25.638050340279072	22.677442284046574	26.432688977860288	0.0015600328498345808
87.0	22.22743726157032	22.076293288145312	25.959658375992177	29.73578156526373	8.295090284629309E-4
88.0	24.95048816067525	27.26983478886235	25.05616624043422	22.72289179597148	6.190140566950022E-4
89.0	26.483232794516915	26.76310403913617	22.1675184209057	24.585166737376237	9.780080649763798E-4
90.0	23.53530288004395	25.791117987978907	24.596324793106977	26.077118165993994	1.361728761704523E-4
91.0	27.0488837425846	25.073378781076045	23.923048556445554	23.95405759808791	6.313218058923121E-4
92.0	25.598749602504654	24.19705321801956	22.76411422564813	27.440070575615344	1.23782123162965E-5
93.0	26.32899409338709	25.934176029417827	21.147020928934605	26.58949950061339	3.094476470900595E-4
94.0	27.82524969792659	23.59846231576988	23.09971009369536	25.47269135090991	0.00388654169826029
95.0	23.90403216453779	27.01034240296099	23.50896848637229	25.574490958984004	0.0021659871449281804
96.0	25.643066819244737	24.569500376123266	24.032283975416217	25.754158705452785	9.90123762995065E-4
97.0	25.512756204837387	25.03412392929945	23.408737037764475	26.04407342625537	3.094018433171739E-4
98.0	28.073275417187578	23.016903333466164	24.23456311294787	24.67525813639839	0.0
99.0	21.760830455684246	22.226174989689465	26.825187628247544	29.18776980473645	3.7121642301051815E-5
100.0	22.654260618571804	25.122098913482997	24.542203313745706	27.681437154199497	0.0
101.0	23.35448148347027	22.357431864461137	28.223030788337937	26.064895019342156	1.60844388498092E-4
102.0	25.212139390877354	24.6977087151533	24.500823561773817	25.589315958042214	1.2374153314027181E-5
103.0	25.947961931186647	25.896018642171743	24.82645460078588	23.329379225728236	1.8560012749491424E-4
104.0	25.842738892585025	27.081576602654955	22.6551164060529	24.420172157647396	3.959410597189239E-4
105.0	27.60822874944425	23.345081607049014	20.561182487693145	28.482549773426154	0.0029573823874391183
106.0	26.52197891193525	23.166889662027465	24.743167624661996	25.56788955895424	7.42424210552496E-5
107.0	25.915560088678845	24.6102111338056	22.508945157525968	26.96456595337617	7.176666134191036E-4
108.0	23.329227291207385	24.933850077662594	24.667258405240624	27.06957761792973	8.660795966741554E-5
109.0	26.138020369380605	24.946602133935112	25.130030484787298	23.784666547894766	6.804640022170755E-4
110.0	24.669253412191832	24.36552958486582	22.803436495925215	28.16166916223318	1.1134478394843697E-4
111.0	24.92796430147085	23.87054581841585	24.523587005390954	26.677135813613056	7.67061109284186E-4
112.0	25.49570087209802	24.213045135492333	23.527198737225124	26.763956283879885	9.897130463107766E-5
113.0	28.214066704002246	21.898428676988257	22.85260129872877	27.034062094580243	8.412257004843109E-4
114.0	26.315896257389987	22.369407499669684	27.610600507024664	23.703798825123997	2.969107916680894E-4
115.0	27.087420550195425	23.56452778486775	25.974600559546356	23.372795377339944	6.557280505242175E-4
116.0	27.29025651278753	24.523225759437032	24.75004636503679	23.436384756932764	8.660580588001458E-5
117.0	26.343852411555513	26.484104588334624	23.92347546279754	23.247825200455697	7.423368566290186E-4
118.0	26.547311628938182	24.38807304126461	24.984868850171182	24.07942480350538	3.216761206453714E-4
119.0	27.38579298200986	21.667313337031892	24.226779378671853	26.719607028976938	5.0727330945602E-4
120.0	25.409464690645372	24.082957459717928	24.671710648086286	25.83579296712999	7.423442042218599E-5
121.0	28.087017760574955	23.369085107930864	24.103656885903636	24.43964636229158	5.938832989623374E-4
122.0	27.149691379409326	23.52260759654044	24.46796848863013	24.859324241662396	4.0829375770809126E-4
123.0	24.538656612397816	27.87491105824817	22.847937473097865	24.737789632141492	7.05224114656079E-4
124.0	25.261967551222785	24.871114872284053	22.45315081746743	27.4136430362316	1.237227941308381E-4
125.0	26.63210487754002	23.811124519685322	24.31437082705554	25.24148424256086	9.15533158260299E-4
126.0	24.284565439014973	24.165755248285215	24.989137212593903	26.560393633763223	1.484663426801144E-4
127.0	25.99893922228687	22.942367751367758	27.45632704912648	23.601450447118918	9.155300999697009E-4
128.0	26.219884869414084	23.038167689598755	24.687676612912007	26.045511322526977	0.008759505548181735
129.0	24.194765247243673	27.09771543427336	21.995926100693904	26.70838883270561	0.003204385083451343
130.0	26.327399932867714	24.275374018765614	23.52573427021599	25.87145466114712	3.711700355914947E-5
131.0	26.026001553723923	24.49921231220423	24.233886547965195	25.24023147739745	6.681087092053131E-4
132.0	26.750020754596292	25.799404568881567	21.901264539507164	25.543754957441017	0.005555179573963505
133.0	26.898880021656485	25.80675174112383	24.44722079012769	22.84524211181918	0.0019053352728161735
134.0	26.85549147680279	23.264414409788746	20.955673980206093	28.92432115501605	9.897818632123939E-5
135.0	26.141995760818304	24.057925255595535	26.22518586629306	23.574398232668024	4.948846250729335E-4
136.0	28.041582493415433	26.692661808125568	23.615248976311396	21.64482781146907	0.00567891067852961
137.0	29.053912690163397	21.26256904305213	24.04329525044179	25.63982709713148	3.9591921120025753E-4
138.0	25.005341549236093	24.276602059592513	26.803083710087307	23.913995304385416	9.773766986714233E-4
139.0	26.25902053134733	23.477018081951933	25.124489487629987	25.138098614454798	0.0013732846159584828
140.0	26.78887069242501	21.550961446742186	25.586918440182675	26.073051468636915	1.979520132152764E-4
141.0	25.782603596153532	25.515178464055538	24.65696834547541	24.044767078463018	4.825158525015849E-4
142.0	28.69347755780143	22.740927223044704	23.75947499970925	24.805835657053326	2.8456239129407345E-4
143.0	26.330525420302344	25.807713178649433	23.89730872386403	23.964143372074005	3.0930511019056415E-4
144.0	28.00259076011714	24.998880306635144	23.036224864121188	23.961908155450555	3.9591367597187533E-4
145.0	28.32602563022367	22.24754833458232	22.656626292117345	26.76880995851937	9.89784557307103E-4
146.0	27.350710010370477	21.989795804743995	24.611997835338766	26.043141292645224	0.004355056901540329
147.0	26.519943519230026	24.377096362364746	26.625810939864408	22.473499431072415	0.0036497474684052495
148.0	24.426762199289247	24.556669541949184	23.518338710260107	27.497833640409546	3.9590809191600214E-4
149.0	28.14465723948115	24.944961894602493	23.714476388856927	23.193665093654477	0.002239383404956485
150.0	25.514183846544913	24.505977072105072	24.603595757682463	25.37624332366756	0.0
151.0	26.706124321058578	24.39184331196841	25.05368863204075	23.8478364505136	5.072844186600985E-4
152.0	27.464140371750595	23.803587144442826	23.363616983078366	25.368507025182318	1.4847554589199715E-4
153.0	25.173547978306022	23.070358679638446	24.742779036876616	27.01262141243958	6.928927393378345E-4
154.0	23.485302453239186	24.50914243595618	24.474051794825666	27.528731699754278	0.0027716162246949273
155.0	27.60168553563721	23.672304093358836	24.077068755915114	24.64865699656676	2.846185220824374E-4
156.0	26.167787826138607	23.71893299277805	25.974530127757728	24.138538681239265	2.103720863466041E-4
157.0	25.076106137743448	23.01741654931059	25.918372145401086	25.98773391809247	3.712494524070577E-4
158.0	25.191755183020703	21.410521178088405	25.78784835215533	27.609726783205634	1.4850352992890642E-4
159.0	26.309294227032982	21.80928352212136	24.190216750327924	27.690561968258265	6.435322594677518E-4
160.0	26.123232191973667	21.53637097747292	25.85798131870512	26.48235363276621	6.187908208569634E-5
161.0	25.020120088121224	20.653203936074615	28.38821603287925	25.934945192793325	0.003514750131586552
162.0	25.6417491656048	23.448522444760613	24.825014628524585	26.084664256796696	4.950431331081877E-5
163.0	25.129846293375024	23.948624358256215	27.20835234131747	23.713077996390567	9.901066072536695E-5
164.0	25.705708054649417	23.81343185400913	24.645569509020838	25.83348360533494	0.0018069769856727763
165.0	27.12306241163666	21.676149229284192	26.392008383617586	24.808173507317903	6.064681436517576E-4
166.0	24.561675807871204	23.51733449877348	25.57909663783638	26.341781660432872	1.1139508606570007E-4
167.0	26.545137361015335	23.666193466821984	26.56459512078107	23.22360369841017	4.703529714363305E-4
168.0	25.93370261488473	24.39633606684202	23.868556397957605	25.80128113879003	1.237815256073031E-4
169.0	26.237618921299934	22.258801912272205	25.620342840930626	25.882864972048846	3.71353448394311E-4
170.0	31.558275252320506	22.417300704399263	23.21335047344716	22.810912649168813	1.6092066425574502E-4
171.0	26.15440659323521	23.883507331387012	26.317610999419966	23.643744771826995	7.303041308229686E-4
172.0	27.226641577340803	24.730624070581424	24.24625290481009	23.79632057594902	1.608713186609616E-4
173.0	28.876438542718034	19.952354101604573	23.004421221616287	28.165251803982404	0.001534330078697522
174.0	24.370057437749992	25.753210821078582	23.91827385585712	25.958000075971604	4.5780934270085483E-4
175.0	25.733719612041817	24.186620921659284	22.954101645874943	27.123887421550023	0.0016703988739284392
176.0	24.377392875937893	24.356097432408003	28.358094081314444	22.906992614403617	0.0014229959360473456
177.0	22.15160290612394	26.383758198053663	24.135681322811344	27.303415323048206	0.025542249962843697
178.0	25.517185911740814	23.057351952203508	23.902377760303597	27.522861652126736	2.2272362534669096E-4
179.0	28.024398978640498	24.13834238708753	22.981900493924385	24.854083544672847	0.0012745956747400133
180.0	26.86455173043735	22.301013915430186	25.147964536664052	25.68627124899816	1.985684702558083E-4
181.0	27.542347970212088	22.715614666253188	26.18782195612603	23.5535939454692	6.214619394957085E-4
182.0	26.09124462511101	22.9623088142897	25.31328323917114	25.633039028576793	1.242928513588005E-4
183.0	23.84324491425277	24.63976617477004	26.19252271881743	25.323919267449043	5.469247107172258E-4
184.0	26.08460548686249	22.09692983868231	26.399091261785447	25.41595495391234	0.00341845875741386
185.0	24.836471897104975	24.467709453128116	24.208411124696244	26.486835781081215	5.717439894480918E-4
186.0	26.829200684850967	23.238307402819306	25.129665000282163	24.802814481908054	1.2430139508427759E-5
187.0	24.280780187359124	22.80792390082722	27.570746535235862	25.340026402709302	5.229738684900026E-4
188.0	27.92955854733774	27.664629169851423	22.26122796229647	22.14412357377091	4.6074674345446986E-4
189.0	25.21000889537345	23.805578493793973	24.466486185521152	26.517079602695738	8.468226156930925E-4
190.0	29.288011541504183	21.47548974675246	24.839964251625517	24.396360102104055	1.743580137932134E-4
191.0	26.566112402586107	24.144232093953715	24.109483831834368	25.179872440089795	2.9923153601158024E-4
192.0	27.13763592845312	23.337387350767354	23.875253303355052	25.64963613593369	8.728149078781271E-5
193.0	27.873798545316237	24.672646271164776	21.618284246329775	25.83509635019657	1.7458699264552295E-4
194.0	27.956441056748343	23.04555930241839	24.083862937983877	24.91413670284939	0.0
195.0	26.524365792160314	21.75928634194743	24.45705747020344	27.25875405452095	5.363411678641835E-4
196.0	28.34364769476741	22.701483840375364	25.921457334697994	23.033248610677205	1.625194820229075E-4
197.0	24.999931229970727	24.425538938215755	23.649700475263423	26.924279196315926	5.501602341682015E-4
198.0	27.50151523068408	23.171695779019032	24.162231241556903	25.16443244539625	1.2530334373225783E-4
199.0	25.87367618875441	23.109590322359928	25.12732630146394	25.888992883386596	4.1430403513298213E-4
200.0	27.348310966912432	23.283155372963414	24.148150752355505	25.220345239769372	3.7667999276774415E-5
201.0	24.980703179043733	21.040999921268217	28.768832058577452	25.209251373756597	2.1346735399806145E-4
202.0	25.23129674487341	25.081768405253317	28.09005456333945	21.596880286533825	0.0
203.0	25.874484911723023	24.579581688396622	22.312238530123164	27.233104438709866	5.904310473266915E-4
204.0	26.0671732389523	23.54778416608361	23.706562804313684	26.678354154760047	1.2563589035454324E-4
205.0	27.494135636109153	24.660696134859638	24.987555109943475	22.856922085313773	6.910337739615961E-4
206.0	25.41241584590626	21.13482385206949	25.613065015332044	27.83959476105622	1.0052563598486035E-4
207.0	25.813762923006156	23.966423434723268	26.86829027968741	23.351272003358158	2.5135922500923747E-4
208.0	28.523606989924154	22.501569734882935	21.24945239979309	27.725320593601765	5.0281798051957446E-5
209.0	27.379882796538464	20.485246470506144	25.08635614412933	27.047848231449805	6.663573762618357E-4
210.0	24.710685727766172	24.701191561836826	24.700587959234692	25.887220374807036	3.1437635527646764E-4
211.0	25.179960002319508	25.470162683816937	25.19861418188089	24.15044551790883	8.176140738300477E-4
212.0	28.502220372052005	22.330255551685187	24.780605495609592	24.386603973413926	3.146072392887561E-4
213.0	29.58336381432186	22.946776479647912	22.367131954497225	25.102337426998293	3.9032453470482463E-4
214.0	27.902385317124363	24.99822023229843	24.270953598904494	22.828403051296746	3.780037596253932E-5
215.0	25.39450114038692	25.02870855569258	22.929227317462956	26.647171534851445	3.914516061006849E-4
216.0	25.726552335563923	24.652400010258336	25.847368475446793	23.773666419607505	1.2759123443115809E-5
217.0	28.85786993300636	22.686183394414737	25.327181382830833	23.12808370205513	6.815876929439727E-4
218.0	24.882864733865016	24.647224957465827	25.496117381730077	24.973468461505615	3.2446543346440436E-4
219.0	26.596136612565967	22.90921406373646	24.207735683927535	26.28629786654229	6.157732277522443E-4
220.0	28.140671700829312	22.242195297183294	24.09421534642974	25.522575410424313	3.422451333400203E-4
221.0	25.530730702057998	22.56414744795997	24.112186589539878	27.792656776508686	2.7848393346621E-4
222.0	25.96266000547415	24.378361525715476	23.936944928547934	25.721872693694785	1.6084656765488116E-4
223.0	30.317392495117712	23.08560128891619	23.80468783773034	22.791681454808995	6.369234267618692E-4
224.0	29.927675991048417	22.92975683134053	24.322626434551623	22.819859226725185	8.151633424305562E-5
225.0	30.450687719790064	19.928593375009513	23.947463369404144	25.67224457493126	0.0010109608650218334
226.0	25.24628445849772	22.51048177087834	26.233122879882536	26.00990350203483	2.073887065788537E-4
227.0	26.97358099171487	23.37941337258582	25.994112965181998	23.651481615135904	0.001411055381408968
228.0	27.49713748540648	27.813597938174745	22.9203871864421	21.768750963126767	1.264268499162984E-4
229.0	28.158957399960894	25.486586357672568	21.42700071127585	24.92742719340752	2.833768316769958E-5
230.0	26.019001804243768	22.8882107827828	26.907473582758158	24.185313830215275	0.0
231.0	25.42035513736774	24.514166047893077	24.07804668646742	25.986097897716725	0.0013342305550399108
232.0	25.2409066177957	24.85111267776223	24.40125514115091	25.50650693821262	2.1862507854105947E-4
233.0	23.275643782548755	25.103208308191434	21.98807868504141	29.63246493423114	6.042899872686417E-4
234.0	26.78302849718099	21.49705035164884	26.572498590007783	25.146000971768583	0.0014215893938058508
235.0	25.843549057491355	21.90969269078233	27.231487434352886	25.015028723662287	2.4209371114679643E-4
236.0	28.5159683933501	24.00763071416118	23.519663073394177	23.956446476820886	2.913422736565709E-4
237.0	27.959143423124626	24.778050310454006	21.715277730475023	25.547296322418884	2.3221352745971406E-4
238.0	26.875199639387397	22.68698080045089	24.639865434824383	25.797813065122487	1.410602148441112E-4
239.0	27.793107803530138	23.605245588921406	24.337417587303335	24.2630518948458	0.0011771253993278614
240.0	25.793006487046462	21.597852450524964	26.30235062938328	26.306510889851758	2.7954319353433037E-4
241.0	28.672618969218817	21.32076248304203	23.59810268298144	26.406013329294154	0.0025025354635617664
242.0	26.830619606000965	24.183622101895573	21.11453932831867	27.87011385581079	0.0011051079739973042
243.0	27.756588959413115	22.668691592025198	24.87891225914114	24.69314918597406	0.002658003446489438
244.0	26.485698068046727	22.981233531294095	25.744602167667058	24.787325042224058	0.0011411907680643884
245.0	28.84828227872714	21.251447713487078	23.036791109385728	26.861622377311722	0.0018565210883390749
246.0	24.808371858228387	26.76699744938626	23.166480684414687	25.25560935756416	0.002540650406504065
247.0	26.089636119073784	23.198249314308114	24.54813553704267	26.02314680162423	0.1408322279512039
248.0	26.29506149682646	22.648046650765924	23.330430376170607	27.716699810796936	0.00976166544007287
249.0	25.470078332470397	21.71564812185793	28.791441885323938	24.0067142117482	0.016117448599535684
250.0	27.23671205683493	21.935494129629365	24.104012138264405	26.722928046638252	8.536286330476467E-4
