# Position (bp)	A	C	G	T	N
0.0	24.243795295551966	23.95493908987992	25.09721429331682	26.70400294148952	4.8379761778053004E-5
1.0	22.85241415567155	30.36711787106586	23.432852542498654	23.27344669525016	0.07416873551376807
2.0	23.87764406957468	27.504710410085764	22.484977214032423	26.132022879698937	6.45426608203218E-4
3.0	25.65638767707338	22.13970088604322	24.50195329235036	27.695440430889224	0.006517713643817828
4.0	25.6085184793922	23.715648134838784	24.110214605290174	26.565512946994936	1.0583348390551725E-4
5.0	28.3876252057525	24.225599705323592	21.68822590114883	25.697953221658253	5.959661168270456E-4
6.0	25.59148656223978	23.892769665346123	23.698718048364462	26.811460281837835	0.005565442211806529
7.0	25.436998404819207	25.115577089437313	23.35636653198997	26.09027250071339	7.854730401226334E-4
8.0	27.36157389500536	24.65137619857295	23.386119796497436	24.600882275590244	4.783433401165608E-5
9.0	26.25439038425264	25.73855157313646	22.374014178165435	25.63277644199201	2.6742245345774847E-4
10.0	25.059422014791156	24.13736795094569	23.483627964408157	27.319553438488708	2.8631366291662574E-5
11.0	26.673544589073316	23.132674017350244	22.87246184619227	27.321172097506764	1.4744987740925036E-4
12.0	28.379395477798898	24.435822897910448	20.328080366776597	26.85665588413745	4.537337660864501E-5
13.0	25.291007178094915	22.85406093633629	24.629214804183388	27.225600584420466	1.1649696494041764E-4
14.0	26.22305331771843	22.46690919801802	24.013276679746745	27.296689999334433	7.080518237290825E-5
15.0	25.529949824840998	23.637641778889304	24.111109916610136	26.721289739408544	8.740251014764995E-6
16.0	26.929723180374264	24.837192490227938	21.461547231502813	26.77142532383953	1.1177405545334438E-4
17.0	28.620602046220466	26.412552424788853	19.03014677467179	25.935545057381265	0.0011536969376251646
18.0	25.418955689848072	25.916646145086226	20.146080784806518	28.51812518629236	1.9219396683083095E-4
19.0	24.59307769864938	24.696786853453435	22.017308081117104	28.692320251874833	5.071149052543089E-4
20.0	22.3588380744661	25.85327525091092	24.10346310835961	27.68431636052005	1.0720574332504056E-4
21.0	23.35771502090957	24.52014444886681	23.906110852927913	28.21580892248432	2.207548113919948E-4
22.0	22.276674620456507	26.723438110423135	26.134751302074054	24.865038785253503	9.718179279675594E-5
23.0	24.702567747808082	24.5847475757629	22.93821550805596	27.77409029945638	3.788689166751173E-4
24.0	27.22831809456075	22.100836442455513	24.53376326053935	26.137002452393805	7.975005058146958E-5
25.0	24.508570138815145	25.69453099975742	19.62501360905737	30.171672395281607	2.1285708846033137E-4
26.0	25.85836696352114	26.04461983589565	19.412198376192727	28.68468947016687	1.2535422361469872E-4
27.0	25.666313118853562	24.666238804264985	20.066853435143017	29.60053994120005	5.470053838614188E-5
28.0	27.362320577821208	23.862605268271704	23.07290979591572	25.699623306493447	0.0025410514979228257
29.0	27.32396261293563	23.753965839121864	22.660303995425238	26.261354722999037	4.128295182279522E-4
30.0	23.547225095121973	24.45335180423376	25.44501902439487	26.554183943600496	2.2013264889791348E-4
31.0	26.23705971436084	24.792618365023834	22.378223186385938	26.591592948378967	5.057858504219122E-4
32.0	23.926585926289825	22.813239088870493	24.807671457401938	28.452196956271735	3.065711660097819E-4
33.0	23.57402473232426	25.221546375235558	25.576461629598274	25.627871059791307	9.620305059873449E-5
34.0	26.056250603473245	26.55493594892701	22.753736838413563	24.634973890335594	1.0271885058193163E-4
35.0	25.354070488333807	22.373984164539042	26.38161966307746	25.89017332233427	1.5236171541878793E-4
36.0	23.679818049473127	25.206823086763663	26.531153424051972	24.581980712774403	2.2472693683628985E-4
37.0	25.31131322612335	25.986566817624862	21.19814212139404	27.503977834857746	0.0
38.0	26.66081544930046	25.619427722540433	21.156439932718246	26.563215462747543	1.0143269332201925E-4
39.0	23.140353924683616	27.45841355267834	21.775609716521533	27.62536202835263	2.6077776388572774E-4
40.0	25.692761367460303	27.171392029787583	22.50487051153517	24.63087469012914	1.014010878018982E-4
41.0	23.623736373371116	24.803929932588716	21.55249167986788	30.01509841271129	0.004743601461000281
42.0	24.514694806140426	26.58059149986426	20.520148481436888	28.384500039574483	6.517298394434575E-5
43.0	26.153516203741585	25.375024998287586	22.617784473272142	25.85012641422246	0.0035479104762266107
44.0	28.686252370300952	25.27858637973235	22.724416966779298	23.31055604914704	1.8823404035969498E-4
45.0	25.8002555258367	24.586862497421215	21.825337594510174	27.783830933103626	0.003713449128280485
46.0	24.831266912304105	24.321551735681474	22.823624188471783	28.023557163542634	0.0
47.0	25.178565289624654	24.163036158163877	23.663337780774103	26.99347576000032	0.001585011437051705
48.0	22.699481935761888	24.383248590669055	22.862019127946905	30.055250345622152	0.0
49.0	21.783187624711076	26.288901481929866	24.76931548092527	27.157061675539552	0.0015337368942363251
50.0	26.68334168748211	25.049627550128328	20.384178474422235	27.882772713162996	7.957480433098171E-5
51.0	24.45403694519195	27.433926085747363	21.73864236780787	26.371159619300844	0.0022349819519782666
52.0	22.830047925631806	26.267394412094617	21.304241991063225	29.59831567121035	0.0
53.0	22.50208410509075	25.26738333764461	24.067755451944024	28.161358415953387	0.0014186893672328558
54.0	23.20244816406778	29.15840543555102	22.156299600241987	25.48271717925366	1.2962088555404754E-4
55.0	23.82034350430483	28.593301610021076	22.39838355648321	25.186649484602736	0.0013218445881455541
56.0	26.031437931487517	25.77070384053745	25.279570114146765	22.918288113828268	0.0
57.0	22.949982970303687	27.424447691251537	22.83552990798218	26.785162516166	0.004876914296598844
58.0	24.72468041181288	25.857551491152996	21.957562615757105	27.45996130016674	2.441811102785812E-4
59.0	27.236578061275196	22.87098301256033	24.589195404676097	25.3006295389222	0.002613982566172538
60.0	23.445215812800267	23.607572534983223	23.964546461585247	28.98260781316175	5.73774695173228E-5
61.0	25.17372055227408	24.19732549165064	23.217237071916372	27.40572145072851	0.005995433430393377
62.0	25.033084439291365	22.098497901198037	25.1225813076898	27.74562838634134	2.0796547945150468E-4
63.0	26.02984244086154	23.858169525945772	23.0946401782974	27.01508901962247	0.002258835272824275
64.0	24.63421554795479	22.327709807005785	23.73448473153384	29.303554132091385	3.5781414203146115E-5
65.0	23.60227962436173	26.67987555433178	23.791353862565646	25.921718127613342	0.004772831127502999
66.0	24.36488056509664	24.57092655078834	23.18447376666673	27.87913237724733	5.867402009556566E-4
67.0	26.567721030861907	25.428729799537457	21.019070454422355	26.983813299540714	6.654156375679931E-4
68.0	23.32484540353202	22.828741527870292	27.28934777926994	26.556943658414607	1.2163091314050303E-4
69.0	23.338384855906405	24.933449254591586	25.237921418894516	26.487597322058676	0.0026471485488188565
70.0	25.28153517213324	23.416374703604415	24.61421688587324	26.687601750070854	2.714883182506093E-4
71.0	24.432751105048357	23.13498847133713	26.5864422468736	25.84474249589728	0.0010756808436415259
72.0	26.31716496742142	26.410968091836885	22.07949182625687	25.190850787001732	0.0015243274830974165
73.0	24.946602138136715	22.76377133492803	23.400400345073976	28.885422732716957	0.0038034491443236585
74.0	24.47446905265797	25.97066885174213	23.730745713979463	25.82326884583075	8.47535789691472E-4
75.0	25.477649759427596	24.772309236543073	22.233064837358754	27.514960684204308	0.0020154824662639926
76.0	26.50953832103416	24.271978795770636	25.377234580903046	23.84047916613106	7.691361611004117E-4
77.0	24.184994215726174	25.259619359531875	24.22384801442205	26.330812037983577	7.2637233632321E-4
78.0	27.22049307292696	26.747683807130052	20.573312923453265	25.458004601907646	5.055945820769427E-4
79.0	27.546647328310375	21.1312439971152	22.471510864153363	28.847941729719505	0.0026560807015584996
80.0	23.59199995101011	23.431330202252767	28.70498502034433	24.269270935024736	0.002413891368052639
81.0	24.865871966792472	25.339909217031792	21.909914266859317	27.883820358295658	4.8419102076296543E-4
82.0	22.443401940106174	22.614424012555624	24.309428692717503	30.63167731220147	0.001068042419227156
83.0	24.60361830816197	23.121083424778828	24.046629085961804	28.22771509105579	9.5409004160687E-4
84.0	23.37833376490479	26.381060105147753	24.874164941270802	25.365394595263457	0.001046593413196717
85.0	24.90848971398328	27.149703238553542	21.18519187222634	26.755917465816864	6.977094199742246E-4
86.0	25.14829696098908	25.75680537142478	22.79606318395259	26.297076035715143	0.0017584479184034605
87.0	22.314859209600378	22.0905399715027	26.200031394726754	29.39372226487681	8.471592933552455E-4
88.0	24.7888324180733	27.646334467922618	24.889128743920395	22.675042324636618	6.620454470707479E-4
89.0	26.387880824213294	26.65091095985	22.65537998066604	24.304852994984273	9.752402863931912E-4
90.0	23.684216895360063	25.733224982652597	24.836769262878438	25.74566784726768	1.210118412222139E-4
91.0	26.487776638164956	25.045244622056057	24.37099387121777	24.09547948123913	5.053873220814184E-4
92.0	25.295235860911845	24.507937859197728	22.934317000886388	27.262502161156466	7.117847568589536E-6
93.0	26.10634715273918	26.272964102656083	21.278790250904812	26.34159955261331	2.9894108661241456E-4
94.0	27.77321866090742	24.005074166590273	23.160397529051973	25.057003591176425	0.0043060522739087675
95.0	23.918356313825274	26.669951492007243	23.87099134349119	25.538216947649005	0.0024839030272870628
96.0	25.788783335990345	24.735440057846912	24.079844109408093	25.394950351864082	9.821448905691316E-4
97.0	25.473832614418484	25.275843393515316	23.228569374867895	26.02157669733768	1.77919860624698E-4
98.0	27.95544770630084	23.05766727926106	24.530761803259278	24.456087628326	3.5582852822488816E-5
99.0	21.92527152467558	22.425730025674063	26.95537546342901	28.693594521158577	2.8465062764751773E-5
100.0	22.32837350297803	25.226394552014174	24.396864704082432	28.04836724092536	0.0
101.0	22.98164105511099	22.995481100617344	28.24639436572815	25.77639097438332	9.250416019671223E-5
102.0	25.33823274985042	24.445105993460913	24.962891061878928	25.25375596114694	1.4233662797553831E-5
103.0	25.529431364557535	25.904225153249843	25.016135027388447	23.550037657292943	1.7079751122406518E-4
104.0	25.714262738182764	27.265174086831305	22.866548623040625	24.15372277577065	2.9177617465351755E-4
105.0	27.689217224825896	23.444246351592273	20.792895702334054	28.07058748171793	0.003053239529843815
106.0	26.244376674720748	23.331463932786985	24.54914827216859	25.874890131202026	1.2098912165456181E-4
107.0	25.335817533553286	25.105783003464392	22.594369883169332	26.96329653245827	7.330473547167754E-4
108.0	23.629569244137453	25.178435768780922	24.12666941603842	27.065197472618074	1.2809842513661162E-4
109.0	25.844946206532587	25.255616998425428	25.03653907984285	23.86215049475245	7.472204466841131E-4
110.0	24.53774935723949	24.283733620717324	23.30731548953732	27.871116137104877	8.53954009879821E-5
111.0	25.039096745791483	24.22314454761676	24.427803335415884	26.309257945721935	6.974254539367923E-4
112.0	25.04699120038935	24.462687033446034	23.77696741248407	26.713204909814543	1.4944386600179802E-4
113.0	28.38713501786835	22.013081939922017	22.68866265319424	26.910337610317537	7.82778697859022E-4
114.0	26.415097293587554	22.21407635067991	27.81524309377639	23.555255908935514	3.2735302062864875E-4
115.0	26.4955710165375	23.976044445412356	26.168480577764168	23.359291897844788	6.120624411868488E-4
116.0	26.87944306239955	24.873320722934817	24.855307562438625	23.39180766300202	1.2098922498430343E-4
117.0	26.125253037679848	27.003973375699687	23.974809072781973	22.895295511499615	6.69002338874879E-4
118.0	26.41282871489519	24.45353143659453	25.208844957039624	23.9244746262398	3.2026523085358367E-4
119.0	27.231864905513632	21.79219773941012	24.74371715951299	26.231665054860713	5.551407025462168E-4
120.0	25.57785861453429	24.147998877480788	24.684134893330427	25.58992932584295	7.82888115537774E-5
121.0	27.80896367367236	23.521172060477145	23.964563686853545	24.704546148479185	7.544305177677995E-4
122.0	26.902533028673727	23.889312449004343	24.722260497632206	24.485417163693427	4.7686099630069744E-4
123.0	24.087415802629405	28.058485500686103	23.08146718366557	24.771912668181223	7.188448376976468E-4
124.0	24.994023265670556	25.259433685294603	22.837260232243903	26.909104884837102	1.7793195383875734E-4
125.0	27.10342233494265	23.747789668620218	24.385696019962285	24.762195210916058	8.967655587934802E-4
126.0	23.796810721298993	24.503168489238057	25.031680622035534	26.668176470868737	1.6369655867841932E-4
127.0	26.100034781598673	22.82437968723322	27.41826947063147	23.65644776607407	8.682944625659397E-4
128.0	26.212052335906883	23.369267953377875	24.973425718950402	25.436506809599468	0.008747182165370994
129.0	24.218525527975107	27.263870153663994	22.286407345136567	26.22800131897249	0.003195654251846451
130.0	26.200439572328012	24.758818848656443	23.27025869002322	25.77045441928196	2.8469710363401614E-5
131.0	25.786219118997288	24.698681129403056	24.486423390913814	25.028000199289675	6.761613961665208E-4
132.0	26.42531735700634	25.536020935708237	22.302347117635456	25.73057076467108	0.005743824978891266
133.0	26.87648367553882	25.981273010249335	24.38058848302301	22.759697534282765	0.001957296906068752
134.0	26.626952852675046	23.42667339405779	21.041111462949207	28.90516264635296	9.964396499564449E-5
135.0	26.411252038056826	24.040686261810194	25.93364852811515	23.613957660801866	4.5551121596726243E-4
136.0	27.74222404304921	26.626156904071536	23.737208164511024	21.88855314623387	0.0058577421343619426
137.0	28.706452144655454	21.427778326622406	24.381652981455286	25.483917254982234	1.9929228462696328E-4
138.0	24.890441724135844	24.489545941594777	27.0060358206257	23.61285909858768	0.001117415055993526
139.0	25.805063270057467	24.226811791374182	24.78674811669525	25.18022381083103	0.0011530110420735866
140.0	26.640496464218415	21.67489343118144	25.5133780059268	26.170997224498997	2.348741743461032E-4
141.0	25.34632413000458	26.01476571554816	24.88498092932562	23.753516409150166	4.1281597147982565E-4
142.0	28.304390156964125	23.22047099557708	23.768522632859995	24.70629592468091	3.2028991789261193E-4
143.0	26.12873653537636	25.97988011200175	24.216742183863378	23.674498817775085	1.4235098343176903E-4
144.0	27.812800741028028	25.320194330529162	23.231988848706848	23.634403965758345	6.121139776155613E-4
145.0	27.923207678805063	22.358827094071714	22.83912252558527	26.87793876674539	9.039347925640473E-4
146.0	27.288485093763242	22.017270398443685	24.948381052285587	25.741429162091507	0.004434293415985335
147.0	26.571031697790687	24.52732463608766	26.80870035841049	22.089199485373896	0.003743822337266862
148.0	24.402899036373473	24.566853485293638	23.32473571909418	27.70506334898119	4.484102575198756E-4
149.0	28.04288578666293	25.273943888035156	23.608884643554426	23.072050712449848	0.002234969297643104
150.0	25.231593242353796	24.815722979412268	24.499595810206394	25.45305949643867	2.847158887765922E-5
151.0	26.5670957181009	24.514342671084524	24.972789380516108	23.945295319303657	4.769109948128455E-4
152.0	26.979270347494893	24.082154401569476	23.52623830989208	25.412151868207072	1.850728364825256E-4
153.0	24.927854758090906	23.597197601975513	25.016071228624874	26.458128995073242	7.474162354608857E-4
154.0	22.960130380017603	24.95499590159996	24.456980680394913	27.625287715513025	0.0026053224745011183
155.0	27.21221979398763	24.125379955437545	24.053460708870492	24.608768695231248	1.7084647308812117E-4
156.0	25.708033442332834	23.714435309146527	26.201709703494547	24.375600864639992	2.2068038610525102E-4
157.0	24.569597829062133	23.18188758975425	26.5053531315615	25.742855342827152	3.0610679496575344E-4
158.0	24.85535191335559	21.66219846012924	26.010009380635314	27.472326342741805	1.1390313805281019E-4
159.0	26.324591286182397	21.823834242630394	23.918995343263795	27.931952648399474	6.26479523943905E-4
160.0	26.13444202590311	21.698812699893033	25.965760336594506	26.200892388358017	9.254925132995054E-5
161.0	24.822987630491806	20.999444985347214	28.333704482177595	25.840374482539254	0.0034884194441367356
162.0	25.477423229154393	23.72565931603492	24.98086135132066	25.816006267894092	4.9835595928716584E-5
163.0	25.012197545198195	24.10595891643224	27.12040609264268	23.761380489438203	5.695628868266441E-5
164.0	24.986817892694017	23.963234202082738	25.005927142496482	26.04244731108506	0.0015734516417081166
165.0	26.84377891776254	21.69007427937924	26.573494734898006	24.892053999592886	5.980683673310281E-4
166.0	24.581843094433726	23.706333080996657	25.73549306188059	25.97616700017259	1.6376251644033263E-4
167.0	26.323303309457163	24.08216819005221	26.402111267181123	23.191975772035665	4.4146127384220193E-4
168.0	26.101698994525524	24.573250473984167	23.624149958009696	25.7007225579437	1.7801553691123675E-4
169.0	25.827525868784047	22.299189854333857	25.844395150789946	26.028618533978925	2.705921132225762E-4
170.0	31.50720858393304	22.90016079208259	23.066827696115784	22.52563202397212	1.7090389646641952E-4
171.0	25.830571893314108	23.943212440487272	26.51501545917429	23.710495219113803	7.04987910525498E-4
172.0	27.329668203312202	24.948645986854913	23.91503034111993	23.806484609031045	1.7085968191337785E-4
173.0	28.69367325681799	20.147978513777794	22.973475252565198	28.18356306706546	0.0013099097735571788
174.0	24.22182476590154	25.76131343881169	24.082103594570253	25.934309691912183	4.4850880433461695E-4
175.0	25.542335455459835	24.36305591911543	23.112469287259383	26.98062292329475	0.0015164148706049599
176.0	24.32816985890775	24.842481101968385	28.29219462792192	22.53588000662121	0.001274404580736912
177.0	21.60368253448371	26.51205528073807	24.412861102161497	27.44643788482112	0.02496319779560581
178.0	25.244874255107767	23.296224431788858	24.13323038950286	27.325371916624043	2.990069764734904E-4
179.0	27.84300901313854	24.63765639458937	22.971196560694953	24.547034448799206	0.0011035827779286007
180.0	26.267475792588048	22.54664179970328	25.366715953633552	25.81891655637253	2.49897702590461E-4
181.0	27.220680787807396	23.089286230071814	26.374507648975058	23.31486757820063	6.577549451017704E-4
182.0	25.73649674076574	23.20324343108785	25.265668029198775	25.794534618772264	5.718017537588639E-5
183.0	23.748415409209514	24.658981051385595	26.099281604522595	25.492757254093128	5.646807891664203E-4
184.0	26.07965905541136	22.108064909284693	26.842809933542394	24.965977738811684	0.0034883629498683646
185.0	24.84226787167968	24.644888724235514	24.301980517547367	26.2103410976708	5.217888666409871E-4
186.0	26.909115915328336	22.97393346041675	25.374107251167448	24.742836224734774	7.148352694289189E-6
187.0	24.011883398982157	23.046418112686013	27.826629809545594	25.114502843572634	5.658352136013607E-4
188.0	27.395344499394653	28.38609570217953	22.43972609039292	21.778346620089597	4.8708794329837906E-4
189.0	24.796946360371454	24.242251016942657	24.915931427065054	26.043947109311173	9.240863096613224E-4
190.0	29.014933161700313	21.597268868551726	24.761764618227335	24.62579693582331	2.3641569731454692E-4
191.0	26.710634239834274	23.977459834370237	24.385426503272463	24.926099258069616	3.801644534042113E-4
192.0	26.874910735274486	23.94989712184342	24.099406346086237	25.075728409127017	5.7387668839005133E-5
193.0	27.79197865938592	24.72963899325415	21.545621897575298	25.932566741612597	1.9370817203839756E-4
194.0	27.71177231769534	23.617160120152267	24.043131693586606	24.62793586856579	0.0
195.0	25.853641208834976	22.04169049742843	24.517982328039974	27.58613340298972	5.52562706897059E-4
196.0	28.221289966162562	22.694068952420412	25.995320017033812	23.089191584374927	1.2948000828672053E-4
197.0	24.951636307623374	24.610664092545758	24.148851894254513	26.288192999784954	6.547057914051231E-4
198.0	27.386747433055252	23.575278252109836	24.235850332622054	24.801986993896666	1.3698831619441266E-4
199.0	25.489584024285083	23.43727126335822	25.390693925824188	25.682067827653476	3.829588790316718E-4
200.0	27.760283095174486	23.43633801947699	23.698207848680603	25.105091546405728	7.949026218995817E-5
201.0	24.919588203142958	21.151943119173367	28.880899481839222	25.047352389148365	2.168066960892625E-4
202.0	25.17571714109879	25.073079206693542	28.403879296170174	21.347302673493775	2.16825437092978E-5
203.0	25.643263905552523	24.719768456298933	22.61923653998243	27.017094877869923	6.362202961938048E-4
204.0	25.775114136184257	23.744483896785503	23.585867120109494	26.894397466296375	1.3738062437179997E-4
205.0	27.24013396112698	24.611137805477252	25.296490046375887	22.85149339612716	7.447908927258876E-4
206.0	25.400931958253526	21.197038572981775	25.852534102304237	27.549394120103347	1.0124635711991141E-4
207.0	25.96440839009983	24.186636206030556	26.679371136001183	23.169352804068208	2.3146380021896474E-4
208.0	28.295941947915352	22.706420458582066	21.55647818394938	27.441137705567492	2.1703985705465627E-5
209.0	27.285526510496055	20.44525520244086	25.45333966727968	26.81527802852664	6.00591256766149E-4
210.0	24.592151014929012	24.48359007272425	25.15487304014931	25.769002290201637	3.835819957901514E-4
211.0	24.6154613537104	25.907922985995402	25.50097095700511	23.97496419360761	6.80509681480928E-4
212.0	28.230472572749292	22.6186240977859	24.787073995896616	24.363459959568758	3.6937399943101916E-4
213.0	29.46762235824346	23.436085057980375	22.70357627773069	24.392462667271147	2.5363877432468313E-4
214.0	28.109112445123795	25.202330844364663	24.090098654599245	22.59840728826191	5.0767650389010745E-5
215.0	25.62526857241875	25.05502282029678	23.031985630394345	26.28742496689909	2.9800999103934836E-4
216.0	25.398001407236066	24.841296350801077	26.03591068843717	23.72469599319963	9.556032605771314E-5
217.0	28.698260349708665	23.090609247033928	25.209162594454344	23.00138976079855	5.78048004515296E-4
218.0	24.522049196244936	24.926917406525774	25.57410915593703	24.976609827061694	3.1441423056774074E-4
219.0	26.53769338323748	22.822051533201677	24.39723876064882	26.242502553359127	5.13769552898091E-4
220.0	27.80209869001231	22.402580241036762	24.402648287610997	25.392285462669616	3.8731867030918353E-4
221.0	25.480449795388598	23.00914317870294	23.985220567029046	27.524979854123266	2.0660475614861493E-4
222.0	25.607672291043464	24.56280940663432	23.866231573221235	25.96309344357721	1.9328552377245717E-4
223.0	29.83429600787739	23.154470634307955	24.224725335909085	22.785898074317267	6.099475882985152E-4
224.0	29.88173394378329	23.106070226830386	24.38951868585815	22.6225125214675	1.6462206067310669E-4
225.0	30.374647557790347	19.966748971219385	24.319445265053343	25.338322039432192	8.361665047317163E-4
226.0	25.19786689831572	22.918961823609855	25.989070818196087	25.893860756803335	2.3970307500692742E-4
227.0	26.749510972952013	23.74286792647282	25.913946908450114	23.592543447061786	0.001130745063268013
228.0	27.06246393314758	28.03391318957184	23.309993531300954	21.593491368710165	1.3797726946230258E-4
229.0	27.74709356189386	25.775510322617436	21.67787700620984	24.79950274799957	1.6361279298245096E-5
230.0	26.0361708114985	22.87686486064379	27.117707643804074	23.969240174561467	1.6509492173799058E-5
231.0	25.399324543887992	24.628374413563098	23.794141080358116	26.17683737673378	0.0013225854570177306
232.0	25.310688216774096	24.885008468053773	24.369803641662976	25.43423871653616	2.609569729933945E-4
233.0	23.254206309289238	24.889630132477926	21.98265408192535	29.873015212915888	4.942633915978973E-4
234.0	26.51262902751413	21.68090573211116	26.545969995897494	25.259275136368714	0.0012201081085010123
235.0	25.814949531053166	22.090523471871073	27.158732327984204	24.93561946011105	1.752089805115051E-4
236.0	28.257334092825758	24.404167362641243	23.042583703775232	24.295595328518047	3.195122397151229E-4
237.0	28.278842535339116	24.496442416437375	21.805500695433384	25.419133577150117	8.077564000558967E-5
238.0	26.838467081890244	22.723249947703867	24.398317178123317	26.039929428173476	3.6364109097054625E-5
239.0	27.871842469136165	23.455581032926098	24.390345635064474	24.281160419584243	0.0010704432890219027
240.0	25.555731855620557	21.489644535153055	26.622449082854605	26.33202177541294	1.527509588464095E-4
241.0	28.735624493352375	21.18252332956706	23.743879486373405	26.335745615649092	0.0022270750580688317
242.0	26.9586190730084	24.19224917725359	21.118948523959233	27.729196925962015	9.862998167589E-4
243.0	27.690412787233708	22.63519730555239	25.19484390192025	24.47728285955752	0.0022631457361327423
244.0	26.12565742313478	23.021014769916675	25.904304190973104	24.948034016474047	9.895995013955755E-4
245.0	28.85877236246936	21.120611209212743	23.233279941823348	26.78557431630204	0.001762170192515649
246.0	24.57044143207409	26.992356972960042	23.124391133162675	25.31058237088165	0.0022280909215422634
247.0	26.112288867548934	23.164008605090014	24.386709521388497	26.193426659833673	0.14356634613888575
248.0	26.195437136557953	22.266640095270066	23.6701032124625	27.857652126888738	0.010167428820742714
249.0	25.571217343668952	21.64877325150162	28.664931136287613	24.099526365033423	0.015551903508389205
250.0	26.755311795108057	22.33009265407929	23.978380617676372	26.935185087130314	0.0010298460059608653
