# Position (bp)	A	C	G	T	N
0.0	24.04057865060101	24.072691743348063	26.01536304022165	25.87128115866772	8.540716156131124E-5
1.0	22.798544779165645	31.769175034696712	24.07517960649849	21.28362519389338	0.07347538574577515
2.0	24.350942974434012	24.682880813992874	22.255924074299884	28.70932067904998	9.31458223251907E-4
3.0	25.476441252236594	20.80885245485578	24.45067658168682	29.253962412598504	0.010067298622302875
4.0	25.906961763683995	22.44725609988055	24.780017126920967	26.865765009514487	0.0
5.0	29.20552854976066	23.224570731723794	22.682643812895446	24.886919098595737	3.378070243592645E-4
6.0	27.063202287420367	23.187510846544352	24.507545825070302	25.235422665613044	0.006318375351933507
7.0	26.992661666873964	24.84746822464779	22.196020559434448	25.963009153587315	8.40395456486004E-4
8.0	28.829340221213823	23.8860375989601	23.726912108987946	23.557710070838134	0.0
9.0	26.237038860600396	25.61237537084161	22.390501765553577	25.759665327743182	4.186752612324292E-4
10.0	24.835822044399375	23.130580147038522	23.291306788755325	28.742291019806775	0.0
11.0	26.949497488257318	22.173595855869383	22.996970893814815	27.879772555906268	1.6320615221911405E-4
12.0	29.071323420218363	25.261897997791827	19.103057870983154	26.563720711006656	0.0
13.0	26.06475841742614	23.924474206372857	24.59880597347014	25.41172301063785	2.38392093011059E-4
14.0	25.574703154557767	22.78150194123003	22.96823427477879	28.675403381152538	1.5724828088316923E-4
15.0	24.210166342792313	25.89685468323856	23.228684561783748	26.66429441218538	0.0
16.0	26.44161031125236	25.468994248018618	20.37836134741572	27.710957988770012	7.610454328902526E-5
17.0	26.449951897767804	27.359575076029586	19.8516398689611	26.33720883013747	0.0016243271040388893
18.0	25.66874843647822	25.684109352164352	20.41685136339099	28.230071406313773	2.1944165265897451E-4
19.0	25.018116192708224	24.254577843550383	23.394322694728135	27.33218215094375	8.011180695093735E-4
20.0	22.13072772391505	25.734144159741458	24.01185941828255	28.123124422899355	1.4427516158818096E-4
21.0	23.772367523490416	23.094371819658296	24.154885369909216	28.978088971188757	2.8631575330748376E-4
22.0	22.804351038026695	25.719111044502206	25.13935438535968	26.33704214529051	1.413868209102625E-4
23.0	24.377918672255223	24.231567289621648	23.668958801382175	27.720921985566093	6.332511748568325E-4
24.0	27.905188061204356	21.569074550182314	23.28397071016212	27.24155748524665	2.0919320456794284E-4
25.0	25.945864289932295	25.03282200585028	19.3404699452051	29.6806377631597	2.0599585261683396E-4
26.0	26.76269367243782	25.772004725645107	19.86871079777071	27.59638557925751	2.0522488885362062E-4
27.0	24.191583647996286	25.10703092459697	20.88246741275358	29.818849733361557	6.828129160891207E-5
28.0	28.241329998847842	23.95604172173312	23.182671519291898	24.61670360354865	0.003253156578492568
29.0	28.991087205211798	22.67720859538221	23.43099633176328	24.900372194443403	3.356731993146896E-4
30.0	24.490875359483724	22.949613804175062	26.274539249509616	26.284639346789497	3.3224004210145815E-4
31.0	26.972077933261	23.18464173724351	22.87199725508743	26.97088564498159	3.9742942646959464E-4
32.0	23.093956016305167	22.761813698354384	24.461020334403656	29.682817811246174	3.921396906148554E-4
33.0	24.810443599035604	24.689991099791254	25.34935413872596	25.150082267316897	1.2889513027753056E-4
34.0	26.616086569109893	26.021458055214225	22.83607609146891	24.526187386020474	1.9189818649817153E-4
35.0	25.721977468589362	22.05645838150106	26.313989174534502	25.90732159993919	2.533754358849295E-4
36.0	23.90946064488689	23.237244604107094	27.128009022796228	25.724969272113	3.1645609677986934E-4
37.0	24.71106055391343	26.028907863303235	20.756949224602177	28.503019091387614	6.326679353767665E-5
38.0	26.455486275298572	25.21426068520409	20.658714828041173	27.67141171068261	1.2650077355223026E-4
39.0	22.887887748623292	25.974509709683375	22.680148332899094	28.457327731219976	1.2647757426130773E-4
40.0	26.833833163561778	24.943646591891305	23.10037640598987	25.121954149665797	1.8968889124946174E-4
41.0	23.565578693547142	24.5756828966984	21.433213758710465	30.41958174592437	0.005942905119623094
42.0	24.158047056056866	25.719249136142437	20.801045352996287	29.32146880440596	1.8965039845548717E-4
43.0	25.170795596482442	25.736721938195	24.42768936693114	24.66049476361687	0.004298334774539699
44.0	30.11072979276085	24.82489903490643	21.918684388489662	23.145307572224013	3.7921161904400753E-4
45.0	25.716466824821254	23.951825623823794	22.426501720784266	27.900782220626912	0.004423609943769598
46.0	23.90916840065286	24.387249403978448	23.40783418437144	28.29574801099725	0.0
47.0	25.909982928145308	22.587605403854877	22.786124158253944	28.713949765025067	0.00233774472080378
48.0	20.83464140183675	24.470240151902285	23.736563741414912	30.95855470484605	0.0
49.0	20.378964920480527	26.88970857597615	23.502520116721197	29.226406275659084	0.002400111163043341
50.0	26.453794419697978	24.284210280341366	20.432224257937552	28.829644730834016	1.263111890872185E-4
51.0	24.754821166274507	27.591822867528283	21.417799888603874	26.23290378885761	0.0026522887357297393
52.0	22.447105594696914	26.482086394457927	21.408282226181523	29.66252578466363	0.0
53.0	23.224651505142017	22.748006962040034	24.4856884065942	29.539641702594672	0.0020114236290733685
54.0	22.0907554447673	30.256696477675053	23.00639274227965	24.64596677735017	1.885579278237964E-4
55.0	25.0413255729092	26.652537837700812	22.25015162620276	26.054044648518254	0.0019403146689666697
56.0	26.67537378115521	25.007650537227295	25.47231506821025	22.844660613407246	0.0
57.0	23.483110139673073	28.717486948474086	22.69491874357436	25.098727292409873	0.005756875868615578
58.0	25.56565927053041	24.768380641576865	22.60541120882531	27.06017348302459	3.7539604282518053E-4
59.0	29.100448996623612	21.084511086656914	24.637946814826588	25.173589714555263	0.003503387337632073
60.0	21.67175177666497	23.800751146960927	24.783976531030415	29.743395604066087	1.2494127759952824E-4
61.0	25.073879717386266	25.534991595420863	23.10281695507501	26.28131572421487	0.006996007902990356
62.0	25.36219256183429	21.508132663507418	24.11067243051743	29.018752502321966	2.4984181889840996E-4
63.0	26.2973055517214	24.109631648603123	23.310871790579892	26.27938045364863	0.002810555446950141
64.0	24.30548455870435	22.72956225765831	23.184323064071716	29.780567780867006	6.233869861732767E-5
65.0	22.27495566588439	26.827609635385013	22.791506549605902	28.1001312102824	0.005796938842295214
66.0	23.587859914805982	24.13624809734607	23.286489505328678	28.988654510458517	7.479720607502907E-4
67.0	25.46282128550977	26.80527257576258	21.462454805469527	26.268578761733753	8.725715243762204E-4
68.0	22.962928800511552	21.33591435270303	26.804480303938718	28.896427249282347	2.492935643619892E-4
69.0	22.866531970080906	24.450484047678103	26.062542923630527	26.61726268451708	0.00317837409338437
70.0	25.142920450648333	22.989948732248145	24.36683984133574	27.500042012544014	2.48963223774992E-4
71.0	23.776540724855614	22.969779677370088	27.09982007130094	26.152679869716223	0.0011796567571359922
72.0	25.879116854286917	25.950692727816755	23.32020177816073	24.848126301308977	0.0018623384266220038
73.0	23.217555494036898	23.93049605418497	23.619461303453473	29.227459446307247	0.005027702017411988
74.0	23.682392698768336	27.278267912501903	23.7235412587239	25.31499129549693	8.068345089325889E-4
75.0	25.852998581930002	24.63277572462756	21.31629166938179	28.195389565859575	0.002544458201068052
76.0	26.679082248159382	24.465501149299744	24.706841684580517	24.148016402964846	5.585149955070572E-4
77.0	24.742601978762803	25.710512859972496	22.57507235441002	26.97094405750624	8.687493484379888E-4
78.0	26.50036267697178	28.226072161858795	19.704683527888278	25.568261142311467	6.204909696846727E-4
79.0	25.521817040149507	20.255870286583654	25.104983880134718	29.1140402909766	0.0032885021555200925
80.0	22.733759207417556	23.66107768975718	30.501369944606587	23.10075297317688	0.0030401850417932376
81.0	25.438616083892658	25.125296722741524	22.311937033355793	27.123529725631506	6.204343785170874E-4
82.0	21.197859343533672	22.813154142899865	25.063126534734792	30.92455712160373	0.0013028572279416965
83.0	24.4432602180369	23.289425278656815	23.958623487759077	28.30757434105348	0.0011166744937277015
84.0	23.178137902969667	27.04220511751628	23.344077536922345	26.434338772431314	0.0012406701603938383
85.0	25.217430140429382	29.03933747155156	20.08582450390075	25.656415406478523	9.924776397889248E-4
86.0	27.922561244895228	23.0407091853697	23.32299146020136	25.711753263830655	0.0019848457030571583
87.0	20.48531495855441	23.48601889782337	25.924191632735965	30.103296110347905	0.0011784005383429828
88.0	25.87023702249292	26.852151026101062	25.613176860492302	21.663690887790914	7.442031228003371E-4
89.0	26.705590886399367	26.643142629462307	23.450095656838457	23.19993054414323	0.0012402831566446619
90.0	20.85317931548957	26.13375566699553	25.860598886165242	27.152342110109778	1.2402123987754143E-4
91.0	27.076526806425633	24.80801176143047	24.36069544232168	23.75439394963444	3.720401877810841E-4
92.0	27.136116467531824	23.58541923723191	22.59739212926507	26.68107216597119	0.0
93.0	25.318420098147108	26.90452202109884	21.971994283535405	25.804691593015	3.720042036475012E-4
94.0	27.689790523168185	22.410245250393228	22.122134782627565	27.7733034992991	0.004525944511920284
95.0	22.647883377123534	28.990374421727545	22.973613045057824	25.38533931310346	0.002789842987636656
96.0	25.529001225600357	24.272528388115457	23.952210885091752	26.244957649525414	0.0013018516670210596
97.0	25.907184138372664	25.557061924147213	24.114481533346847	24.421148423179233	1.2398095404583947E-4
98.0	27.87213982374502	23.5211820253888	24.305694596744047	24.30092156671921	6.19874029199786E-5
99.0	20.332307112651268	23.368519812999786	28.92200970695698	27.377101397544013	6.196984795078107E-5
100.0	21.418249777234685	25.608282532101136	23.787865455946996	29.185602234717184	0.0
101.0	24.476235088841136	21.44127364160675	28.34935671036228	25.732948673145415	1.8588604441932918E-4
102.0	23.954802609972674	26.543087476220865	24.067393311480288	25.434654637162986	6.196516318525725E-5
103.0	27.79171778000818	25.267648042823687	24.08268589767419	22.85776241279754	1.858666964053381E-4
104.0	25.036861460382916	27.50521636128444	23.757613905010185	23.69981265704841	4.956162740559749E-4
105.0	28.038262097848378	23.118893769398994	20.092185883417073	28.747126935253046	0.003531314082508844
106.0	25.87992513674439	23.998617222885457	23.721504228559674	26.399767554671428	1.8585713905149666E-4
107.0	25.951465988339496	24.77884878082627	21.690816377735388	27.577691775386313	0.001177077712529125
108.0	24.045568199625034	24.972267763031983	25.22044883177758	25.76152939493245	1.8581063295153378E-4
109.0	25.98377554540314	26.006937412794638	25.6611815153435	22.34730043481142	8.050916472980196E-4
110.0	26.101175363198376	24.61234069431887	22.35301767379646	26.933280489466316	1.8577921997498174E-4
111.0	26.663619919533676	22.463691381854638	24.05524520431474	26.816452682221176	9.908120757698765E-4
112.0	24.632855614231506	24.163599389682062	25.39637227412787	25.80692502798942	2.476939691472392E-4
113.0	29.96426463858738	20.876547360964302	22.786416971169597	26.371718350117373	0.001052679161349089
114.0	26.216823270264594	22.319000692965503	28.105293600008423	23.358325091853537	5.57344907942103E-4
115.0	26.82923657333667	23.803112761430096	26.885715135015964	22.48125431949526	6.812107220090515E-4
116.0	24.859130725571976	25.624491034465674	25.595447100096298	23.92086921250066	6.19273653931304E-5
117.0	25.173862047354884	28.26715118907397	22.646654107726967	23.911527595607097	8.05060237084047E-4
118.0	28.721583995075562	22.44589587708222	25.929478704213455	22.9026079342186	4.33489410163345E-4
119.0	26.844292624563487	21.587907695108743	24.479696602445287	27.087669582029488	4.334958529928863E-4
120.0	25.393659217790603	23.06635248655394	25.498502896670455	26.041299615738318	1.8578324668609133E-4
121.0	27.345882192654614	23.843245569761358	24.96861753021356	23.84157348947673	6.812178937362015E-4
122.0	29.306590634068762	22.454429365361488	23.944632778158297	24.293727929965456	6.192924459946023E-4
123.0	25.21956741719853	27.49023697551224	22.707500653345438	24.58195181221304	7.431417307523196E-4
124.0	23.933578115507544	25.78034381388298	22.26535188624503	28.020478470914416	2.4771345003526816E-4
125.0	26.79872532105388	23.19161426718965	25.45599001262046	24.552308033375482	0.0013623657605283006
126.0	24.036859167881993	24.024102130611006	26.78327589570193	25.155391241612712	3.715641923587824E-4
127.0	25.888541141588195	23.09878761832456	26.572882233388118	24.438550492371373	0.0012385143277530008
128.0	27.00791673065776	21.661398754526854	25.24009046276709	26.082481632491294	0.008112419556999964
129.0	22.497174616444507	28.247704859659716	23.648692582787607	25.602774294428187	0.0036536466799808025
130.0	27.190504824439447	24.437592542477425	23.339189583347526	25.032651122523607	6.1927211993567E-5
131.0	25.239887863454495	23.406243555771336	26.18593933554081	25.167309980016313	6.192652170493622E-4
132.0	24.380618217577513	28.21648761855693	21.675018391960545	25.722302450527483	0.005573321377526882
133.0	29.132199930395668	23.996465288864176	23.370397846972025	23.498645687937273	0.002291245830861471
134.0	25.88537635074465	23.53066848314085	21.803201535746357	28.780567854599497	1.8577576864724278E-4
135.0	25.889571235984	23.348222219882825	27.616355936244275	23.145355206145954	4.954017429471821E-4
136.0	26.925932691980197	27.88833395775987	24.149329799388784	21.03083015701489	0.0055733938562621725
137.0	28.084443632512908	21.177913122637097	25.087796978582556	25.649412777394176	4.334888732695279E-4
138.0	25.98708469377077	22.905628108778853	27.79602014386529	23.310152490769255	0.001114562815831498
139.0	26.3622560942384	24.231192196997092	24.522343476774772	24.882350610043048	0.001857621946688727
140.0	27.563503199464012	21.810598170354893	26.080864022469935	24.544786923251255	2.4768445990545885E-4
141.0	25.09884421161485	24.777093531238485	26.040751370815187	24.08269165869411	6.19227637367911E-4
142.0	27.578509213539366	22.306189957805593	23.808320731980682	26.306670481130173	3.0961554418647275E-4
143.0	26.14533891876662	24.396763916367114	25.114448748076523	24.343324571262265	1.238455274735822E-4
144.0	29.343497610123492	24.055489471106302	22.119438714946778	24.48089306270152	6.811411219137341E-4
145.0	28.391544390833523	22.41716039352838	22.3800689566346	26.81060703635085	6.192226526507683E-4
146.0	26.971373938264705	23.51418980548347	23.61673314025959	25.893058943221583	0.004644172770657745
147.0	27.0789600462686	22.552724039239145	27.146455733356124	23.217277905132025	0.00458227600410671
148.0	24.36828514635672	23.29118391964778	24.56464526995647	27.775390274260165	4.953897788703874E-4
149.0	26.9684845549983	26.113425382649506	23.480935487246875	23.434182179372936	0.002972395732382827
150.0	24.78236153065888	25.633284907303167	23.576231364957636	26.008060271210535	6.1925869779804E-5
151.0	27.60231853902317	24.871223239885808	24.14804218452945	23.377920622240385	4.954143211894897E-4
152.0	27.317321489283568	23.321069407708748	22.800807301133354	26.56049215891125	3.096429630849852E-4
153.0	26.760834643114144	23.575744964930077	23.804012202326767	25.858603123409218	8.050662197929864E-4
154.0	23.920297259637717	24.1381638024462	25.262052949372972	26.676141817618827	0.0033441709242916858
155.0	25.6736148620189	23.572865616467546	26.010143555844067	24.742818491300923	5.574743685673652E-4
156.0	28.09772994187343	22.296222516241247	25.849971011045536	23.755828761998206	2.4776884158155807E-4
157.0	23.352820497573088	22.983828007502495	28.203365221420274	25.459800445491688	1.8582801245790994E-4
158.0	25.093442718405708	21.831279059539458	27.326652452553894	25.748563825372067	6.194412887352125E-5
159.0	27.410159110083658	21.17069738111963	25.064267192945287	26.354318817310208	5.574985412121505E-4
160.0	26.472617844116712	21.317619132572155	26.33993171186172	25.86970742150333	1.2388994608309546E-4
161.0	24.987781331361003	19.53518883650399	28.656788902909124	26.81652422393645	0.003716705289429133
162.0	26.379560904357135	20.860945612946146	25.96632138153697	26.793048209832264	1.2389132748318485E-4
163.0	24.6785869596191	22.783436310226616	29.857992241732838	22.679922541222762	6.194719868572824E-5
164.0	26.134042683678523	24.06837367515628	24.77260295357526	25.023679771435226	0.001300916154714861
165.0	27.963228889568963	21.34856727968371	27.25309471800927	23.434489611585168	6.195011528916455E-4
166.0	25.675748510227837	22.73814516783517	24.384251254357494	27.201607262666393	2.4780491310410964E-4
167.0	25.204258387789846	24.37954268919766	26.4120282603901	24.00361308740549	5.575752168967594E-4
168.0	25.320721916271243	24.741263359670107	24.716419685854532	25.22140917530774	1.8586289637585938E-4
169.0	26.928333692680955	21.340044459974873	25.443794314377126	26.287393837560003	4.3369540704172644E-4
170.0	31.530998470259274	21.763892047021095	23.3730628085891	23.33186080040942	1.8587372111135138E-4
171.0	26.09017832691657	23.283738186198036	26.122953998817845	24.502138163397564	9.913246699818216E-4
172.0	27.400329097361276	25.046898852124265	24.49805217977439	23.05453401003152	1.8586070855058386E-4
173.0	29.524899913388374	19.45372721178711	23.67985418517541	27.339783978955477	0.0017347106936240707
174.0	25.476212160920525	25.833514555720154	23.62718620801604	25.06271533711391	3.717382293736397E-4
175.0	25.24212291188157	25.2340061947281	23.211766389727583	26.31012179412907	0.0019827095336729136
176.0	24.31956149553025	23.789648226073197	29.05501072281236	22.834788136932264	9.914186519308808E-4
177.0	23.23076837273635	24.471636459857386	24.961749609130273	27.310438251258436	0.025407307017560166
178.0	24.21187700318403	22.430332721393466	26.12062134098475	27.236735227476206	4.337069615543562E-4
179.0	25.8357756724436	24.40327407691974	24.385243108266362	25.37446790053845	0.0012392418318472758
180.0	29.200500347187287	20.76217236140768	25.5680766569653	24.4690643085259	1.8632591383544443E-4
181.0	28.995438049256133	21.701975767435034	25.4925115852157	23.809203996806136	8.706012869974454E-4
182.0	26.400894034854673	21.618591148831058	25.785218947120974	26.195233679790498	6.218940280138384E-5
183.0	22.031500137449264	23.25436323673739	27.969370581876845	26.744081907323125	6.841366133744977E-4
184.0	25.79009959123557	21.591867503601257	27.673575606491468	24.9406632283682	0.0037940703035007455
185.0	25.302652296227386	27.052463876984	21.999159264630165	25.644916162764375	8.083993940735618E-4
186.0	26.887399673881813	23.899724254760244	23.792386346817114	25.42048972454083	0.0
187.0	24.34417726605796	22.677183505758407	27.873735627350012	25.103906744047677	9.968567859468115E-4
188.0	30.263121001765192	27.599759989083616	21.863548934001358	20.273071610110616	4.984650392198523E-4
189.0	24.830355863237852	22.925543515512548	25.249777234971926	26.9928902126705	0.0014331736071733453
190.0	30.340706988500187	20.29641271198376	24.960273492854217	24.402419858392918	1.8694826892134587E-4
191.0	26.491312262431265	23.608567233160116	24.38301555574	25.51673051756987	3.7443109874933775E-4
192.0	27.42505328261473	21.514068794642718	25.239451914585548	25.821363598066537	6.241009046342612E-5
193.0	26.51291289491786	24.95165544973228	22.807142384531744	25.72797716913789	3.121016802306057E-4
194.0	26.752909186925795	23.75608148345125	24.689543156840788	24.80146617278217	0.0
195.0	27.270774734725862	20.451161149942713	24.78333213664701	27.493670569945277	0.0010614087391400716
196.0	28.510384595853683	21.57804229570128	27.385190799590998	22.52613154134874	2.5076750529589626E-4
197.0	26.97901317398311	23.84704134034775	22.88956051191051	26.283507126240746	8.778475178861431E-4
198.0	27.87603831616114	22.475599727390925	24.253217114015477	25.394893358045866	2.5148438659185847E-4
199.0	24.713608516937807	23.921130132132227	25.48599146416366	25.878702930847126	5.669559191772839E-4
200.0	27.970138440458005	22.218008284377806	23.84407729985983	25.96764997716284	1.2599814152741248E-4
201.0	23.834284051002317	20.51571865813352	31.253788064933573	24.395579194340804	6.300315897839118E-4
202.0	24.151388733993535	26.357560647044625	29.285555414837063	20.205432195844857	6.300827991806403E-5
203.0	26.15613530028637	24.183552313152905	22.780371475819788	26.878743496148104	0.001197414592828621
204.0	24.80442603484658	23.398411205764234	23.480031664956524	28.316878984906204	2.5210952646267644E-4
205.0	26.846341920002725	23.56080475049621	26.009357534592816	23.58229821200873	0.0011975828995246856
206.0	24.317638982656597	20.354117300725495	25.59672509576914	29.731077361039404	4.412598093631549E-4
207.0	25.61891503717967	24.588199096894108	27.302308455678837	22.490262168034185	3.152422132020917E-4
208.0	28.6890115087498	21.640485574649222	21.34239318934258	28.328109727258393	0.0
209.0	27.033808027821944	19.64855494537723	25.29872072789151	28.01784408938191	0.001072209527401576
210.0	25.127773579287748	24.68632232880359	25.55559901238057	24.629674254648865	6.308248792285769E-4
211.0	26.3983266080054	26.39334176759917	25.527178422581958	21.6800174153918	0.0011357864216733288
212.0	30.27660180159481	20.946206532627475	24.413370759779152	24.363379060168672	4.418458298906179E-4
213.0	31.13807252294134	20.487718296478956	23.276430549379473	25.09721015078627	5.684804139548046E-4
214.0	29.050767072556273	23.964703346139476	25.39529508601947	21.58917127588755	6.321939722833519E-5
215.0	24.670780068162525	24.284103434732483	24.26693610713426	26.777800301536825	3.800884339089561E-4
216.0	25.837869520342615	23.338834133284873	26.41708519883824	24.406083172351217	1.2797518305250247E-4
217.0	30.08017418016277	21.966719884086146	26.43092445554197	21.521150218144154	0.0010312620649604867
218.0	24.09267150470723	23.63748911179687	27.018610828522068	25.250836775550873	3.9177942296114726E-4
219.0	27.83592446619488	23.44131815036641	22.996783740624757	25.724849076598836	0.0011245662151202558
220.0	28.81955796173529	21.67644029817589	24.521458995509853	24.982012229694377	5.305148845898025E-4
221.0	24.183538276679883	20.681865244695587	25.62148128837871	29.512847129843767	2.68060402050394E-4
222.0	25.84584495198975	22.744357087481887	24.99685433756408	26.412537731037066	4.058919272154596E-4
223.0	29.6978586135615	21.635029889717135	25.291860087089457	23.374297228717847	9.541809140644222E-4
224.0	30.363029768359066	22.067547599603415	23.97562867529573	23.59338426283776	4.096939040278373E-4
225.0	31.473705999032216	20.213611770237463	24.253359488198097	24.058089022496198	0.0012337200360246251
226.0	25.554175158435466	21.604804712582705	25.912434741338398	26.928096820123397	4.885675200312683E-4
227.0	28.505261942186237	23.250150703376317	25.642531591371316	22.60043605388139	0.0016197091847369874
228.0	27.15905311206256	27.22076359647571	23.38891051272071	22.231202009836878	7.076890414351934E-5
229.0	29.390082943460243	24.369813353989997	22.584888954949562	23.6552147476002	0.0
230.0	26.668655498941092	20.49823130839943	28.256983071146152	24.57613012151333	0.0
231.0	25.1780574823932	24.348817297475733	26.74745384800162	23.723755587092324	0.0019157850371293878
232.0	24.716979735082667	25.477599010817336	24.248302618816684	25.556822472808584	2.961624747336389E-4
233.0	23.104760819225646	25.065764214668796	23.60620358261245	28.222596494174958	6.748893181518232E-4
234.0	26.582130619873322	19.003737929602327	28.8343553598368	25.578325505261805	0.0014505854257391877
235.0	25.285442197810653	21.38140402854999	28.54675926816599	24.785932780545988	4.6172492737451664E-4
236.0	28.568544205544626	23.88959769717615	25.225710047828848	22.31575523697591	3.9281247446718915E-4
237.0	29.37097651609711	24.047963813822626	23.14529187952109	23.43545059054712	3.172000120536004E-4
238.0	26.326745155534432	21.63159103084105	26.839889959842594	25.201693297297734	8.055648419280389E-5
239.0	27.269358599419657	23.54231768129256	25.486056987142998	23.700556482619387	0.001710249525405757
240.0	26.51159957070155	20.875221367445757	26.39467750038807	26.218167736852738	3.338246118871606E-4
241.0	27.98023884193998	20.647769557889212	24.475156911851094	26.8934085741432	0.0034261141765083887
242.0	25.268700967206165	24.480489117045188	22.497473465098622	27.75207946811203	0.0012569825379985821
243.0	27.15964770850303	24.88488617803656	24.04584923339941	23.907184159465675	0.0024327205953286733
244.0	27.56579224034248	21.917037435763728	25.596692935902503	24.918879366174085	0.0015980218172031253
245.0	25.88831887577924	22.253859403204995	24.25096817368981	27.604659385989265	0.0021941613366830864
246.0	25.3603852677039	25.540218573136436	23.768771739369374	25.328172531751953	0.0024518880383373833
247.0	27.057799806121174	21.38205238459927	26.287458007763636	25.133683943593642	0.13900585792227374
248.0	28.674814807267097	21.644114080761355	24.189941003250425	25.480431216311228	0.010698892409900043
249.0	24.92592260800198	20.00349803981793	31.893761971188095	23.158985909724976	0.01783147126701562
250.0	25.596614327646318	23.096736308408456	23.78042778011277	27.525451179018965	7.704048134892747E-4
