# Position (bp)	A	C	G	T	N
0.0	23.433723545112546	23.515689035539395	26.624072634034597	26.426514785313465	0.0
1.0	23.64914489560382	29.260308467107333	24.396180883433008	22.602035463225263	0.09233029063057392
2.0	24.93366483505004	25.309738211144307	22.38054447067672	27.373963186595073	0.00208929653385705
3.0	24.38158856069304	22.283686462790943	25.057927147479386	28.2747103642626	0.002087464774031938
4.0	25.210084033613445	24.901474237337613	24.47817836812144	25.410263360927498	0.0
5.0	27.37344078632265	24.7433414547802	23.83124049894838	24.051977259948774	0.0
6.0	25.96764156813939	24.496992325243724	24.482472516075504	25.04459655673097	0.008297033810412777
7.0	26.138691720298823	24.884630507211885	24.259669308610807	24.714939055936096	0.002069407942387683
8.0	27.77582608336261	24.38676613419851	25.58533611621996	22.252071666218924	0.0
9.0	27.38519908447945	24.646885374353054	22.17869146545147	25.78922407571602	0.0
10.0	25.858302765527757	24.875324568272678	23.78312657132259	25.48324609487697	0.0
11.0	25.927266875854855	22.09147960415158	24.13307587094698	27.848177649046583	0.0
12.0	28.14117180529394	27.312382274214336	20.081292753048476	24.465153167443244	0.0
13.0	26.708610180121912	24.81723212010741	24.866231551713998	23.60792614805668	0.0
14.0	25.420233463035018	23.589494163424124	23.31906614785992	27.671206225680933	0.0
15.0	24.880200806267588	25.079866129154944	22.636342891914506	27.403590172662966	0.0
16.0	26.310849118591246	24.371562130399685	20.59624157545948	28.72134717554959	0.0
17.0	26.389604652874915	26.308621070455718	20.660016196716484	26.641758079952883	0.0
18.0	26.26018934824725	25.45783528895712	21.544760024856526	26.7372153379391	0.0
19.0	26.199235112001457	24.50373338189765	23.740666545255873	25.55636496084502	0.0
20.0	21.27794255950228	24.7052014758012	26.568038775953124	27.448817188743398	0.0
21.0	23.939437479794535	24.94522073350336	24.205251625417578	26.91009016128453	0.0
22.0	22.40153903703308	26.478918398973978	26.117315947915	25.002226616077948	0.0
23.0	25.32078548135545	26.189210265135404	22.711966539061393	25.778037714447755	0.0
24.0	28.3319835205465	22.261347230536284	23.229691186309374	26.176978062607837	0.0
25.0	25.14655381733671	26.594748343681708	21.724652259877207	26.534045579104376	0.0
26.0	24.476007810205104	25.6579061047466	21.165310248302315	28.70077583674598	0.0
27.0	24.01152359922716	26.247239856472536	21.20307756003312	28.53815898426718	0.0
28.0	27.224324185513005	25.993391655681293	21.882864528941468	24.89428361096369	0.005136018900549554
29.0	25.263873544658793	23.385739780742757	25.058213648338572	26.29217302625988	0.0
30.0	22.652148223178862	24.630708196167806	25.80906558622436	26.908077994428968	0.0
31.0	26.68550666128381	24.317050195128516	23.37841474902436	25.619028394563315	0.0
32.0	22.792137181095775	22.991217063989964	25.447093266415727	28.769552488498533	0.0
33.0	25.487228947718503	25.638552614074765	23.739523746175337	25.134694692031395	0.0
34.0	27.19611342454888	27.149844669178396	21.055588604666532	24.598453301606188	0.0
35.0	25.414854329093146	24.088633565859663	25.40993024210094	25.086581862946243	0.0
36.0	23.21698051308969	25.659405550816878	26.094088314415064	25.029525621678367	0.0
37.0	24.59903571779986	26.59647741808521	21.839023910262718	26.96546295385221	0.0
38.0	25.139783888369653	26.403987735091082	21.401282240477478	27.054946136061787	0.0
39.0	23.28993966421826	25.934548793284367	21.855325288562437	28.920186253934943	0.0
40.0	24.09022359189561	28.534194479050555	23.644351190085896	23.731230738967938	0.0
41.0	22.775701547338052	27.27019407290847	21.275898242853398	28.67656700760556	0.0016391292945187516
42.0	23.43079091415648	26.64623553705464	20.905306630830246	29.017666917958636	0.0
43.0	24.587450633367748	26.712878750635006	23.87296593087852	24.825065958736868	0.0016387263818560217
44.0	28.080351291125965	25.213003014811903	23.163258618429676	23.543387075632456	0.0
45.0	25.719059162680992	24.6937037279696	22.78221843674245	26.803380724628184	0.0016379479787721942
46.0	26.22389648677422	25.17729915649824	24.171648513635247	24.427155843092294	0.0
47.0	25.93187029151654	25.3422862757943	23.082214215525713	25.643629217163443	0.0
48.0	22.690506598552577	24.24272194387137	22.929560860595345	30.13721059698071	0.0
49.0	20.49413845045517	25.03765799986902	26.128102691728337	28.340100857947476	0.0
50.0	25.929927963326783	25.55337262606418	22.067779960707266	26.44891944990177	0.0
51.0	23.69377332547633	28.61749492568585	21.907942120081188	25.78078962875663	0.0
52.0	21.517351911817617	27.316586530598897	22.254930821312925	28.911130736270568	0.0
53.0	23.4758737887874	26.181800356214968	24.640925505318716	25.701400349678917	0.0
54.0	23.981309021991308	31.024736136980035	21.600823448681503	23.393131392347154	0.0
55.0	24.299614706458563	29.49944491608437	21.83765428067655	24.363286096780513	0.0
56.0	27.207874889810313	24.674328251003953	24.276012928923567	23.84178393026217	0.0
57.0	21.98482004407084	29.42789520933649	23.618705623112707	24.966946870154246	0.0016322533257161513
58.0	24.686219784883058	26.473420489970458	22.435489399206777	26.40487032593971	0.0
59.0	26.889055716943567	23.35574631980938	25.650357410973662	24.103208538695043	0.0016320135783529722
60.0	21.923773178726943	23.295334083533113	25.98300634408076	28.797886393659184	0.0
61.0	24.631015868356247	26.09390544221015	24.82019668281227	24.449989399350912	0.004892607270414404
62.0	26.067811536767945	21.87158536784252	25.722067289658657	26.338535805730874	0.0
63.0	26.950551242742517	24.078543936329833	23.331593711266226	25.639311109661428	0.0
64.0	22.959582790091265	23.658735332464147	24.781616688396348	28.60006518904824	0.0
65.0	22.034450727637175	26.77509248244056	24.9710737740984	26.216123722764532	0.0032592930593354306
66.0	24.127703264288392	24.83825231009925	23.850654324408012	27.18176040155799	0.0016296996463551767
67.0	25.048075356083572	27.808741566441768	21.017893810501615	26.125289266973045	0.0
68.0	23.593161780283893	23.407376020599404	26.28053649712358	26.718925701993122	0.0
69.0	24.995111140082134	24.7816309236686	25.488885991786713	24.734371944462552	0.0
70.0	25.40023778114363	24.866044526962103	24.6575788667937	25.076138825100568	0.0
71.0	23.058398555087297	24.44636087020193	25.38360154254194	27.11163903216883	0.0
72.0	25.67519198229858	26.43824027072758	22.71410907197709	25.16920473773266	0.0032539372640895486
73.0	24.11661352248324	24.04828528665322	24.302075876879027	27.529771588468797	0.0032537255157154945
74.0	24.246368087979306	26.81188891961802	24.27565114122566	24.666091851177015	0.0
75.0	24.84829751582098	24.734418975418503	22.20143486960907	28.215848639151442	0.0
76.0	25.36684561574752	24.917846103790467	26.150967951846425	23.564340328615586	0.0
77.0	23.809988612331217	25.729624206930207	24.24922726533268	26.21115991540589	0.0
78.0	25.695415948205746	29.55558447473729	20.021472492435826	24.72752708462114	0.0
79.0	27.11183407889386	22.96380642537617	22.967059780398536	26.957299715331434	0.0
80.0	23.38196782641227	26.000748222970444	27.773711348590574	22.840319458676948	0.0032531433497617075
81.0	24.255042290175666	26.38581652569941	23.728041639557578	25.629472999349385	0.0016265452179570592
82.0	22.599375447270834	23.282479994795395	25.26185674321775	28.856287814716026	0.0
83.0	23.11095208665387	23.2166672087955	25.59607065022932	28.07468366782682	0.0016263864944865496
84.0	23.48799011237417	27.361727732513703	24.6003480184092	24.549934136702934	0.0
85.0	25.433375613881026	27.48398217712297	21.837902884834293	25.243113149250334	0.0016261749113734673
86.0	25.141072967654853	24.5068544387166	24.19299757695998	26.159075016668567	0.0
87.0	21.99762574601987	24.367001122078936	25.414274795505182	28.22109833639601	0.0
88.0	24.934139916089375	28.3035743324552	24.789410348977135	21.97287540247829	0.0
89.0	26.117073170731707	27.15609756097561	23.045528455284554	23.679674796747967	0.0016260162601626014
90.0	24.0658840362915	25.891840915742577	25.093492894540013	24.948782153425906	0.0
91.0	25.449578875483724	25.789405222594386	24.843094533511106	23.917921368410784	0.0
92.0	25.651573042842045	24.78009917892854	23.32818470043086	26.240143077798557	0.0
93.0	25.178031411569602	27.781029493057584	21.17842161740318	25.862517477969625	0.0
94.0	26.456721076933082	24.700851921701243	22.644208883397283	26.19171489887494	0.006503219093451258
95.0	24.63949537481101	28.38191542976053	22.72926793581636	24.24606980865211	0.0032514509599908957
96.0	25.404772742050845	26.341114506794984	23.6653878665713	24.585473697899733	0.0032511866831393455
97.0	23.429193828946726	26.00588493489181	25.207679677466547	25.35724155869491	0.0
98.0	26.96309543163713	23.573402698748172	25.134124532596324	24.32937733701837	0.0
99.0	21.9684655396619	22.150520156046813	28.226592977893368	27.65442132639792	0.0
100.0	21.754819414193296	26.343421865348983	24.981307499756184	26.920451220701537	0.0
101.0	22.385488118071585	21.444361366665582	30.867006924352264	25.303143590910572	0.0
102.0	24.11040850496611	24.35912024318481	26.12773704829559	25.40273420355349	0.0
103.0	25.873250654226876	25.60668367927442	26.14957007948247	22.370495587016237	0.0
104.0	25.062571103526736	28.236632536973833	23.390216154721273	23.308954981309927	0.0016252234682268814
105.0	27.262827701659436	23.243454093324882	21.398735514489573	28.093357387813477	0.0016253027126302275
106.0	23.897285876808063	24.087437022590606	26.422883146432635	25.592393954168696	0.0
107.0	24.962621075212898	26.03685887018137	22.770265877917183	26.228629006045633	0.0016251706429175061
108.0	23.142550702028082	26.26430057202288	25.79303172126885	24.800117004680185	0.0
109.0	24.994719311073197	25.88349987813795	26.32870257535137	22.793078235437488	0.0
110.0	25.98791108800208	25.597946184843362	22.169504744572986	26.24463798258157	0.0
111.0	24.439028353237468	23.894711186936387	26.379072223576244	25.287188236249897	0.0
112.0	25.579241542910992	23.978812595457054	24.222532739739382	26.219413121892572	0.0
113.0	27.112172613244944	23.498732696432054	23.446740755182947	25.942353935140055	0.0
114.0	24.841188607821156	23.668177608812204	27.419538269077677	24.069470845315266	0.0016246689736966094
115.0	24.922422056505987	24.690094393267373	26.571461064808044	23.816022485418596	0.0
116.0	26.566916853494494	25.233128635019657	25.397212203918514	22.80274230756734	0.0
117.0	25.72296594749155	26.041395892903562	23.95860410709644	24.275409409929814	0.0016246425786327007
118.0	26.771065157003846	24.331129485534202	26.282103348007603	22.614077551617147	0.0016244578371968357
119.0	26.98105851392183	22.356151921764837	24.495597647746838	26.16719191656649	0.0
120.0	24.85135969329738	23.447805321810325	26.748757269566916	24.952077715325384	0.0
121.0	26.38401559454191	23.619233268356073	26.48635477582846	23.510396361273557	0.0
122.0	28.01728338910367	23.226990676066407	24.81563302036971	23.938468535785063	0.0016243786751567527
123.0	24.639399649145606	27.65739718017023	24.04327204210253	23.659931128581636	0.0
124.0	23.17100903125203	24.80183223962056	23.949061139627055	28.078097589500356	0.0
125.0	25.87870322245322	23.09154106029106	26.64371101871102	24.386044698544698	0.0
126.0	25.26026863296032	24.042162706468957	26.419905474980105	24.27766318559062	0.0
127.0	25.402780484635873	23.382381602026893	26.4958097836679	24.71902812966933	0.0
128.0	25.465293792834636	22.55984668853737	26.173384870237438	25.791730275765744	0.009744372624809173
129.0	22.80470970361348	28.88834754364596	23.727161997563947	24.57328461226147	0.006496142915144133
130.0	25.77182298010556	26.816077953714984	24.287454323995128	23.124644742184326	0.0
131.0	26.363400136421216	24.682495858641634	24.43076623250073	24.523337772436417	0.0
132.0	23.948099189658812	27.50937819711265	23.0257068156352	25.510320076649506	0.006495720943828253
133.0	26.945563206444067	25.542419124334153	25.326425880213073	22.18234377030012	0.0032480187085877615
134.0	25.837934394283856	23.119519324455993	22.46508606690484	28.57746021435531	0.0
135.0	24.16816875334925	23.487764083077572	27.73907536415453	24.604991799418652	0.0
136.0	28.097240942529112	25.68570454213287	26.047840984751296	20.162717809642896	0.006495720943828253
137.0	28.394881288771963	23.656175906979765	23.50514794244698	24.443794861801294	0.0
138.0	25.549709311767188	23.7325018675501	27.784273604209297	22.933515216473417	0.0
139.0	26.45382354374056	24.277757027558096	26.01049058932428	23.25792883937706	0.0
140.0	25.545596258768512	21.48285268901013	27.710119511561444	25.261431540659913	0.0
141.0	23.67498051441933	24.84411535463757	27.490906729020526	23.989997401922576	0.0
142.0	27.116387080011044	23.633056723883143	24.300492050861493	24.95006414524432	0.0
143.0	24.613910586401207	26.418097078549508	23.913996654703716	25.05399568034557	0.0
144.0	27.78219847675344	26.37587489241462	23.663911398366327	22.178015232465615	0.0
145.0	28.11048683056737	23.113896917930564	23.54584131726803	25.22977493423403	0.0
146.0	27.294132930611713	23.01846348711453	24.21526120069502	25.467270749094688	0.0048716324840454035
147.0	25.210684419907448	25.467240399447917	25.999837622797763	23.314118697734838	0.00811886011204027
148.0	25.675873155048954	25.58494487473006	24.63669280854726	24.10248916167373	0.0
149.0	26.476366765713543	26.382191046811826	21.804926364330136	25.334892103853086	0.0016237192914089012
150.0	24.21895297479865	25.32313587944921	25.001623798389193	25.45628734736295	0.0
151.0	24.649659808713444	25.513534579348196	25.302437360960006	24.534368250978357	0.0
152.0	27.52825409197194	23.808131982333073	24.028968563263184	24.6346453624318	0.0
153.0	26.583635094100643	21.778737638634038	26.29784193689817	25.33978533036715	0.0
154.0	24.952906787918156	25.95160766482624	25.633322507307565	23.462163039948038	0.0
155.0	25.39545912235684	24.770195212264916	26.38776106798324	23.44496053529087	0.001624062104134862
156.0	25.401955370773376	24.63377399551759	26.371520446941894	23.591126124663006	0.001624062104134862
157.0	24.957775756788358	24.13440301416136	27.432766012732234	23.475055216318047	0.0
158.0	27.032820696039106	22.050440911379248	24.881043246666774	26.03569514591487	0.0
159.0	26.58330626826892	22.27184150698279	25.3686261773303	25.776226047417993	0.0
160.0	25.662136048456503	23.46665367564671	26.037251749728004	24.833958526168786	0.0
161.0	25.64552275163208	21.468706356166166	27.467602065672803	25.416544869921076	0.0016239566078794375
162.0	26.399038617688138	23.15112540192926	24.775082009808695	25.674753970573903	0.0
163.0	23.831563220630745	23.691902952353114	28.480950988989573	23.995582838026568	0.0
164.0	27.57108754607902	24.610662725929295	23.983825654849866	23.834424073141818	0.0
165.0	26.50946766702394	22.007859949982137	27.042125434408394	24.440546948585535	0.0
166.0	25.437684737064348	25.275278526650858	24.49735277877026	24.789683957514537	0.0
167.0	24.86763893851301	23.56838925520512	25.762497157891318	25.801474648390553	0.0
168.0	24.30286001981388	23.758790378899842	26.181930391567732	25.756419209718544	0.0
169.0	26.034984002208834	22.2815936073801	26.650533530395805	25.03288886001527	0.0
170.0	29.298080358592916	23.42222366583298	22.73037320947153	24.549322766102577	0.0
171.0	24.609438435804996	24.440546948585535	27.412387541004907	23.53600311799669	0.0016239566078794375
172.0	26.416503010728253	25.736451722850695	24.316296885397563	23.530748381023486	0.0
173.0	27.432335951191018	22.444343480236256	23.74245472837022	26.380865840202507	0.0
174.0	24.829220010060197	27.748300313164258	21.678106086420353	25.744373590355192	0.0
175.0	25.971539372697915	25.18294958542245	23.383472066721836	25.45879374969576	0.0032452254620389757
176.0	22.893814499902643	24.341208541572012	29.450898942039334	23.31407801648601	0.0
177.0	23.578568183293307	26.239696241967934	25.627961316284804	24.521321477250602	0.03245278120334912
178.0	23.83532312483779	21.90338697119128	26.813521930962885	27.447767973008048	0.0
179.0	27.348223119718423	23.684167842602953	26.065236079347315	22.900750977243607	0.0016219810877005174
180.0	26.37637393859692	22.27850567434611	26.321172860552334	25.023947526504635	0.0
181.0	27.027290448343077	22.935347628330085	26.783625730994153	23.250487329434698	0.003248862897985705
182.0	26.750154305948087	23.594191599259332	23.93204041191567	25.723613682876913	0.0
183.0	23.747258994558596	23.737513197433607	26.83667668318038	25.676926825306584	0.0016242995208316413
184.0	25.084057500203038	23.095914886705106	26.726224315763826	25.08893039876553	0.004872898562494924
185.0	24.961832061068705	26.340750365437714	23.755075523794055	24.94071788208543	0.001624167614097775
186.0	26.893527166409488	24.803053683099165	23.45650938032973	24.846909770161616	0.0
187.0	24.94230081591522	22.632708123394988	27.22751357149823	25.195852160062415	0.0016253291291486525
188.0	29.876948584990004	26.938019148555732	22.279295827305383	20.905736439148882	0.0
189.0	24.296513045598633	24.878484922376657	26.86824351784118	23.955132894415996	0.0016256197675363732
190.0	29.975290177845693	22.759046721071627	23.94251715056735	23.323145950515332	0.0
191.0	24.9414405621706	25.41316936690741	25.57095451883662	24.072808901034552	0.0016266510508165786
192.0	26.232654986742148	22.722170709091795	24.8596945000244	26.185479804141654	0.0
193.0	25.09802007581304	24.658759985032617	24.086094977792964	26.155498072136268	0.001626889225112662
194.0	26.525233462401975	24.02466404190935	25.03335177171119	24.416750723977483	0.0
195.0	25.839095420157815	22.337915887090215	27.106483364516393	24.714878386073373	0.0016269421622061337
196.0	27.997590204506967	23.060765924189138	25.830402500976945	23.11124137032695	0.0
197.0	25.899386023484194	24.03139911730697	23.287135807696693	26.780450466589578	0.0016285849225607869
198.0	28.469437652811735	22.929095354523227	23.551752241238795	25.049714751426244	0.0
199.0	25.991908117984856	23.058600887496738	25.804293918037065	25.143565648655702	0.001631427825632994
200.0	27.359783353453622	24.263434369799995	24.43636007700088	23.940422199745505	0.0
201.0	25.41073205749433	21.266702559835544	29.86148499828692	23.459448876706965	0.0016315076762436168
202.0	25.425056293443856	25.62249127043697	27.946023561661715	21.006428874457463	0.0
203.0	24.143952994940427	25.119960829117023	24.927370654480168	25.805451281214296	0.0032642402480822586
204.0	24.60212526320944	23.242413855018526	26.13486117232261	26.02059970944942	0.0
205.0	28.315810095996863	24.37308169529158	24.735518840201138	22.572324169006727	0.0032651995036896754
206.0	24.95101560969238	21.998889687153028	25.769054927829664	27.281039775324928	0.0
207.0	25.55363208779723	23.38809772667886	27.668539325842694	23.38809772667886	0.0016331330023517114
208.0	28.570728600127392	22.723634997631763	22.374115994577558	26.331520407663284	0.0
209.0	25.47373235755358	21.904404077365395	26.349320439100886	26.270909566126505	0.001633559853633037
210.0	23.914251168262478	24.855396882454823	25.891310741479035	25.339041207803664	0.0
211.0	27.534195087673424	25.087836844083473	25.310084486787705	22.06624940761198	0.0016341738434134624
212.0	26.97507151614221	22.474867184307314	26.329382917858602	24.22067838169187	0.0
213.0	31.426234870788356	20.958456002616945	24.368662087013412	23.245011449133138	0.0016355904481517827
214.0	28.41292180800576	25.144830294897393	24.563872614800513	21.878375282296336	0.0
215.0	24.396637884423182	24.51952222568119	24.552291383349992	26.5299100486622	0.0016384578834401063
216.0	26.030018142833583	24.390565726538018	26.077849249546432	23.501566881081974	0.0
217.0	28.304547641564216	22.60050105353973	25.734574353358887	23.358717833855955	0.0016591176812171286
218.0	24.13580143880089	24.267663701156717	28.116706447897716	23.47982841214468	0.0
219.0	25.59677690112473	25.037770689944605	23.738458955850263	25.62531475574954	0.001678697330871244
220.0	26.57057704288673	22.263382107797742	25.870110626547003	25.295930222768526	0.0
221.0	24.16026586635468	22.45621174356105	25.84566865049087	27.537853739593398	0.0
222.0	22.98758305009479	25.254060701292936	26.133665818374354	25.624690430237923	0.0
223.0	30.61213956369142	22.175005161379122	25.45936274172459	21.75349253320487	0.0
224.0	28.918839730442425	23.974078350941898	25.24258458144465	21.864497337171024	0.0
225.0	29.444338692093375	20.224271895062902	24.794503954176545	25.535154965649713	0.0017304930174606744
226.0	24.800407976646856	22.317377694931945	27.88309358843597	24.99912073998523	0.0
227.0	26.600941626252254	24.030939148288436	25.738964211122518	23.627385040178414	0.0017699741583772875
228.0	28.01715699361062	25.929485468168796	23.65671774609785	22.396639792122734	0.0
229.0	27.24094657583363	24.7508067407673	24.65937612047329	23.34887056292578	0.0
230.0	26.093786677741466	23.083729076759177	27.166356692728556	23.656127552770805	0.0
231.0	23.97593445980543	25.65649915880331	25.614439324116745	24.75129836880989	0.001828688464633165
232.0	24.953157720709797	24.877842683419672	24.758440795032882	25.410558800837652	0.0
233.0	23.802550604285607	24.384592570623564	24.790539037591756	27.022317787499073	0.0
234.0	27.147985940113905	20.92817804176613	25.66869043814966	26.2551455799703	0.0
235.0	25.320348539210663	22.469009245021546	27.733166277502512	24.47747593826528	0.0
236.0	28.335537575851877	22.592189201804885	25.355920336082153	23.716352886261085	0.0
237.0	25.88481716388693	26.168663377965707	23.772609819121445	24.17390963902592	0.0
238.0	26.07171851177158	22.6877611231016	26.301407837158187	24.939112527968636	0.0
239.0	27.696787148594375	24.15261044176707	25.200803212851408	22.947791164658636	0.002008032128514056
240.0	24.572873619934622	22.42850387549086	27.255905754641336	25.74271674993318	0.0
241.0	28.742872434591078	21.55046419234649	24.494122974948024	25.210481895469233	0.002058502645175899
242.0	25.131008871466886	22.95234165463173	23.58159686403961	28.335052609861773	0.0
243.0	26.133779817272313	24.850138492703294	24.46980032246062	24.54421431229071	0.0020670552730580015
244.0	25.57007642441439	23.138578795849472	26.307395977880415	24.98187767951453	0.0020711223411966945
245.0	26.64350503453441	22.222684530248817	24.96255304984605	26.171257385370726	0.0
246.0	22.829166666666666	26.352083333333333	25.935416666666665	24.883333333333333	0.0
247.0	25.364875869124926	22.738187208986698	26.200070991585413	25.57785062535235	0.11901530495061909
248.0	27.70646038051432	22.124189839013173	25.839431319255695	24.319464771064187	0.010453690152623875
249.0	25.861815431800515	20.56383001071361	28.586433628132678	24.973215973783162	0.014704955570027099
250.0	26.55533588524797	25.43641946746309	23.198586631893324	24.807554789046396	0.0021032263492197028
