# Position (bp)	A	C	G	T	N
0.0	24.49747006067542	23.359562728873914	25.123683292933897	27.019283917516773	0.0
1.0	23.124047495348556	30.951479734161097	23.272883309890428	22.577853084004946	0.07373637659497838
2.0	24.16399926998482	26.53607796729469	22.390051922068267	26.909086440386364	7.844002658593968E-4
3.0	26.45418193473994	21.660866823390005	24.390742159631575	27.488200686681243	0.006008395557235585
4.0	26.1465885437468	23.68358129163854	23.44277537885492	26.72692426764983	1.305181099098224E-4
5.0	28.615002771955428	23.985263523517812	22.34816698906186	25.05091479744386	6.51918021048086E-4
6.0	25.931513684846752	24.08638189399518	23.764651923833295	26.212142391021132	0.005310106303642812
7.0	26.227086278568184	25.40026829622543	23.323349956128396	25.04869786950556	5.975995724304972E-4
8.0	27.746612341409094	24.391323342014484	23.698274442800972	24.163738020204743	5.1853570701695476E-5
9.0	26.512109609120017	25.51143780193799	22.10351730912757	25.87280588705979	1.2939275462682613E-4
10.0	24.730548599250916	24.265868885903817	23.10700096576636	27.896581549078903	0.0
11.0	27.73245140443056	22.83154775908421	22.388572525883788	27.047428310601447	0.0
12.0	28.735674629797565	24.418725976712608	19.790318787118448	27.05525582252985	2.4783841530134547E-5
13.0	25.716652651385846	22.81353048433774	24.733632119203513	26.73611128116645	7.346390644812298E-5
14.0	27.23013754617317	21.727176845909934	22.982423687151705	28.060165070903782	9.684986140784832E-5
15.0	25.603630982463855	23.325943389795565	24.422236610381432	26.648189017359154	0.0
16.0	26.474266800063408	24.852809680576897	21.543008924317107	27.129867558110604	4.703693198788893E-5
17.0	28.973648998126976	26.74910854719722	19.083845938356653	25.192268604955494	0.0011279113636609517
18.0	26.006149136796235	25.742693071398055	19.717535600055133	28.533393616299072	2.2857545149937498E-4
19.0	24.535181180442006	24.76782930861696	22.297821433183405	28.39884978656302	3.182911946105116E-4
20.0	23.162426695719525	25.580404753111253	23.502018441104227	27.755059865115385	9.024494961060433E-5
21.0	23.993841399234096	24.302734418740062	23.605468837480124	28.09766421069133	2.91133854388283E-4
22.0	23.27164613259607	26.851469606841093	25.72977059633424	24.147047151133272	6.651309531991691E-5
23.0	25.43990040774004	23.76683258016466	23.213007406269032	27.580082961165115	1.766446611580029E-4
24.0	28.565829556755283	21.379029199516925	24.070026757922076	25.98504894550018	6.554030554016572E-5
25.0	25.219252081967188	24.7991915522314	19.53177616416111	30.449628758309643	1.514433306628826E-4
26.0	26.707274323977405	25.52261413694777	19.592147397790995	28.177921103421923	4.303786191345043E-5
27.0	25.897807900486324	24.696295278852055	19.685864885630526	29.72001047331665	2.1461714447596932E-5
28.0	27.511729232483876	23.319277226133146	23.185058958347316	25.981449846116206	0.002484736919452899
29.0	28.026553024784562	23.62453714737093	21.82167510334972	26.526961034061408	2.736904333824853E-4
30.0	23.88113123515129	24.23939349375154	24.99551806090709	26.88374801816707	2.091920230061019E-4
31.0	26.460826689239525	24.327808310506615	22.1759792183233	27.03499042401512	3.9535791544001675E-4
32.0	24.243891264382402	22.49223146325365	24.304663429330006	28.95892543275962	2.884102743276126E-4
33.0	23.834218861453362	25.03464068582952	24.80597240691252	26.32510688820125	6.115760334768567E-5
34.0	26.390640381736013	26.48942727464657	22.80141023598035	24.318481662645087	4.044499197975809E-5
35.0	25.868406006090595	22.064504615960786	25.757453297232026	26.30941601584147	2.200648751251869E-4
36.0	24.278509128749974	24.226517890303086	26.219315474679405	25.27541763896213	2.3986730540664903E-4
37.0	25.29631426536682	25.342752619450877	21.27651921756569	28.084413897616617	0.0
38.0	27.091281603801665	25.45014728896805	20.769042987283168	26.6894082591295	1.198608176185813E-4
39.0	23.320850918664842	27.519100611031806	21.68510800461055	27.47470079054849	2.39675144309403E-4
40.0	26.664177025471226	25.62511795008003	22.509158917325607	25.201446255203535	9.985191960322841E-5
41.0	24.451130227738847	24.230861468302646	21.652413062131124	29.660643138451427	0.0049521033759567
42.0	24.847972625588678	25.70416172753652	20.27969403049592	29.1680717855522	9.983082668110619E-5
43.0	25.92845911761347	25.770564969179798	22.51737454512351	25.779808235171046	0.003793132912175797
44.0	28.894701615686536	24.62330556119462	22.907752704405077	23.574080428417126	1.596902966386989E-4
45.0	25.85401826967023	24.28626741097178	21.711169965412562	28.14481218403789	0.0037321699075339937
46.0	25.44411844648647	24.72509139007507	21.956448074192895	27.87434208924557	0.0
47.0	25.244895609448896	24.168833550404166	23.08365232136753	27.50092239306975	0.0016961257096540085
48.0	22.451131158264012	23.89738276335394	22.772617928852	30.87886814953005	0.0
49.0	21.831169369991855	25.938318068701616	24.49378975898664	27.735087163587014	0.0016356387328826415
50.0	28.052986499073544	23.75381203215969	20.32668292867785	27.866458704397722	5.983569119198681E-5
51.0	25.587884429692576	26.00633043414446	21.536139352510496	26.8672926106779	0.0023531729745661888
52.0	22.895676233663806	25.86321191511956	21.667072320559846	29.574039530656787	0.0
53.0	22.75042920279107	24.66345019460106	23.713265524191467	28.87124631274881	0.0016087656675900848
54.0	22.76215280743029	28.484517118971457	22.529112201484995	26.224098710392134	1.1916172112423523E-4
55.0	24.253013838396846	27.86809442204634	22.632623748155044	25.244841556794878	0.0014264346068884905
56.0	27.437127895494285	24.554881050366024	24.82412846699134	23.18384277789168	1.980925666754818E-5
57.0	23.1833761307104	27.400508973187794	23.225863190479096	26.185002721548724	0.005248984073988095
58.0	25.450607464493274	25.011823692699654	22.03884825746101	27.498423507640048	2.9707770602140863E-4
59.0	28.24754681110198	21.990375379984357	24.452357140735312	25.306908536404233	0.0028121317741184857
60.0	24.059697561826273	23.096563874805472	23.336907378581152	29.506771870003345	5.931478375510429E-5
61.0	25.496749428087956	23.999190989857127	22.776719724841655	27.72111213983776	0.006227717375509412
62.0	25.49803293596663	21.426368542791057	25.068382658205323	28.007037937647034	1.7792538995314633E-4
63.0	26.23090852301257	23.551775808830218	22.829946980749387	27.384897618680487	0.0024710687273403
64.0	25.39900954070884	21.393739141691405	23.493413382566875	29.713818201623347	1.9733409530605336E-5
65.0	24.24653560879165	25.733042093611076	23.46291133171139	26.55259777544944	0.004913190436445218
66.0	24.213181072976965	23.692992389152597	23.442171627933682	28.65104324823146	6.116617053009958E-4
67.0	27.282120569937995	24.91950633048504	21.32309317456694	26.474569643227436	7.102817825941898E-4
68.0	23.860011375767485	22.13149053528648	26.664317595013603	27.344081848706235	9.86452261925172E-5
69.0	22.96117483614549	24.354554683865654	25.447588849962493	27.23376182177096	0.0029198082554027305
70.0	26.305620222436556	22.959949006483544	24.460060825728476	26.27407438787584	2.9555747558448954E-4
71.0	24.369009079257705	23.191743656880227	26.023700946127747	26.414662012733203	8.843050011181544E-4
72.0	27.524218372677833	25.86945834392742	21.76570613194145	24.839182774587872	0.0014343768654267624
73.0	25.14502266648382	22.806702850786284	22.96014416017308	29.08447602248691	0.003654300069903224
74.0	24.76557576462416	25.44071677670507	23.321449395168578	26.4713740368038	8.84026698392093E-4
75.0	26.350222897617957	24.798700683877474	21.79678227536686	27.052133330766548	0.0021608123711615627
76.0	27.273648712355975	23.841411096933165	25.235913545248255	23.648339137212503	6.875082500990013E-4
77.0	24.770116737387134	24.324325386045764	24.238294097762576	26.666615597865402	6.481809391199E-4
78.0	27.723087311674377	25.843734735231955	20.304903522246715	26.12782268700771	4.517438392451871E-4
79.0	27.4830527865314	20.258290950978534	23.542814607353957	28.71311163900152	0.0027300161345917592
80.0	24.166448995143142	23.45433906087667	28.140862607698303	24.235933673359167	0.002415662922716462
81.0	25.00489502263101	25.084275891134695	21.62735886574519	28.28295960629289	5.106141962137172E-4
82.0	22.74532830725211	22.58751537919976	23.891278754071255	30.774817094305796	0.0010604651710834714
83.0	25.380588947441286	22.27311600542387	23.756118300062546	28.589293060804486	8.836862678099603E-4
84.0	23.327154481761916	25.505022935059223	24.87311099940306	26.293867227999623	8.443557761789563E-4
85.0	25.427902481628223	27.097473210565525	21.160187603600804	26.313847644921346	5.890592841044709E-4
86.0	25.56089153613214	25.073388549246168	22.362974826515185	27.001193969013354	0.0015511190931568751
87.0	22.3063847131597	22.155638304430784	25.791261577414502	29.745910429381844	8.049756131656313E-4
88.0	25.315983765308864	26.504293578313064	25.46024501245402	22.718986825854017	4.908180700365974E-4
89.0	26.207698621654874	26.141970588472034	22.67964631721786	24.96968323917485	0.0010012334803837747
90.0	23.637138533231592	25.17149322537222	25.525424068200348	25.665904910802713	3.926239312531201E-5
91.0	27.130389649956165	24.94337635905572	23.810864279541953	24.114918214222477	4.514972236846806E-4
92.0	25.72468142048217	23.98365581418539	22.937470102039274	27.354192663293166	0.0
93.0	26.588128560512242	26.066242334771523	21.007785306669007	26.33754936847802	2.944295692083201E-4
94.0	27.844702880416115	23.398851759163843	23.041660532901517	25.710976986113153	0.0038078414053682717
95.0	23.8089377948509	25.99580996704971	24.02691842978574	26.165762633887528	0.0025711744261177932
96.0	26.29186993992133	24.333204518097887	23.71734469995307	25.656540637739432	0.0010402042882716182
97.0	25.664177232728647	25.38745716235932	22.99987321903159	25.948315756048295	1.7662983215063305E-4
98.0	28.480251512094796	22.58743852515317	23.79061853606459	25.14169142668744	0.0
99.0	22.098864648150016	22.20767917412404	26.738825124893413	28.954611432470834	1.962036169744382E-5
100.0	22.48808615246978	24.7465867243737	24.51572588635298	28.24960123680354	0.0
101.0	23.863697447932015	21.887937051893186	28.457482601498292	25.790824043734716	5.885494179442439E-5
102.0	25.359085139999504	24.163459004875698	24.22343650889725	26.254019346227548	0.0
103.0	25.77806829078434	25.578892067791713	25.393703104426173	23.249218832148177	1.1770484959674319E-4
104.0	25.711032633878073	27.365462789642	22.438307073191112	24.48486401210298	3.334911858279586E-4
105.0	27.337795422804135	23.371490037986682	20.593124259781575	28.69484373433611	0.0027465450915021305
106.0	26.41641685432427	23.449683991719066	24.551225474954062	25.58257559157021	9.808743239078505E-5
107.0	26.401696499596376	23.916524686835157	22.21284517773717	27.468325501147117	6.081346841770221E-4
108.0	23.79180311211353	24.730976722508114	24.81195146380284	26.66517062170476	9.807987075426952E-5
109.0	26.388610744919998	24.455370135686962	25.552014709277387	23.603435590716003	5.688193996444683E-4
110.0	24.44196708759069	23.958699445183644	22.907141220847034	28.69209418070444	9.806567418974218E-5
111.0	24.812767707609893	23.4683628665286	24.454219216088767	27.26400297492671	6.47234846025772E-4
112.0	25.873656836576796	23.603982765146686	23.772938456198016	26.749304271254783	1.1767082371537782E-4
113.0	28.48799241605634	21.45501818522692	23.050799793065334	27.005444389838868	7.452158125382169E-4
114.0	26.750234797579875	22.16749985732701	26.82540532367354	24.2564481818558	4.1183956377953407E-4
115.0	27.683865466053494	23.457556472908536	25.597168548704698	23.260723066615828	6.864457174416835E-4
116.0	26.83862069885287	24.477619609757497	24.79252174121109	23.89117911196265	5.883821589192753E-5
117.0	25.616110393175074	26.80297666807029	23.987898141514314	23.592406801627313	6.079956130174606E-4
118.0	27.178905942480558	24.251215441863057	24.766379610113276	23.80312636614018	3.72639402929691E-4
119.0	27.54939813763343	20.964882241931925	24.573173338793577	26.912075571021017	4.7071062005533206E-4
120.0	24.888403188883782	23.94106590056469	25.044168017334574	26.126304054827965	5.8838388989219235E-5
121.0	27.81728068661447	23.64736478747274	23.834002792901636	24.700724114665874	6.276183452842327E-4
122.0	26.888815274761463	23.60024469179053	24.383293724879422	25.12715598356352	4.903250050650573E-4
123.0	24.8255333437151	27.830898259589436	22.50375685324168	24.839144704454995	6.668389987843918E-4
124.0	25.19389316929623	24.42777391185647	22.865292298954003	27.51288371666101	1.569032322850367E-4
125.0	26.588356614664804	23.800049109671466	24.306247440570235	25.304523110572074	8.23724521416053E-4
126.0	23.821753815334535	23.97002687547279	25.11839780367588	27.089684215646297	1.3728987049838772E-4
127.0	26.10733317656316	22.773737687935437	27.965314697164544	23.15275148325308	8.629550837762679E-4
128.0	26.457442462395875	23.324394469266633	24.247863527806746	25.96161106664452	0.00868847388623277
129.0	24.62727622010811	26.469865451309722	21.94044068456792	26.959318844681313	0.003098799332934412
130.0	26.71792944705862	23.75350481770241	23.837938170857804	25.69062756438117	0.0
131.0	25.756910994692518	24.49185088369453	24.523957415402624	25.226594250126162	6.864560841681457E-4
132.0	26.46958104431975	25.89291633242655	21.565969682051843	26.066158948580302	0.005373992621547357
133.0	27.097278563200934	25.579685827687904	23.92617521403143	23.39507561486169	0.0017847802180452263
134.0	26.95858160852315	22.821371112545467	20.64957242829856	29.57037678597801	9.806465481143442E-5
135.0	26.25886419456717	23.580400110380147	26.30360071099877	23.856625054449694	5.099296042181378E-4
136.0	27.64055367325825	26.631899464076454	24.24398495687605	21.477913379456428	0.005648526332821762
137.0	28.965794798603323	21.265687182282278	23.958860635981665	25.809500479438853	1.5690369388560033E-4
138.0	25.363674339518287	23.60185372225153	26.76908684763274	24.264345656833886	0.0010394337635543144
139.0	26.702015495118943	23.628193240262206	24.973680577128853	24.694894737998187	0.0012159494918115607
140.0	27.668126282279214	21.29323368434843	25.089633290454223	25.948830231870794	1.765110473361443E-4
141.0	25.618851810352993	24.662481463619468	25.311816193633074	24.40653673042273	3.138019717354641E-4
142.0	28.964226714571755	22.878745592252763	23.52083171118559	24.635862563209827	3.334187800677546E-4
143.0	27.35849093609253	24.996763870834123	23.942197633742353	23.702410269002748	1.372903282494071E-4
144.0	27.885686939432752	25.31558477473361	22.483274918948815	24.315159170208467	2.9419667636208156E-4
145.0	28.362444524117542	21.99553525547737	22.593776502310824	27.047459190854294	7.845272399625624E-4
146.0	27.05476288402597	21.57162943964213	25.109554991869302	26.259796598308434	0.004256086154167209
147.0	26.195338324688617	24.278803816358817	26.563688419870076	22.95881563117684	0.003353807905650911
148.0	24.457479800384892	24.55597719536219	23.53917105282771	27.447038527348226	3.33424076984089E-4
149.0	28.14241127195707	24.98195067636175	23.55126351149518	23.322158214653676	0.002216325532325108
150.0	25.913642505478666	24.107158092982303	24.874828647592356	25.104351139992442	1.9613954230053247E-5
151.0	27.18138102938165	24.117310844197775	25.37412588235571	23.326613425223076	5.688188417906887E-4
152.0	27.554588073623215	23.8823520873621	22.84379536501793	25.719068327452533	1.9614654422153263E-4
153.0	25.15099071998707	23.374252009695258	24.411292621005888	27.062660437753927	8.042115578539006E-4
154.0	23.481158843196813	24.220171968893776	24.5540666318165	27.741856389202464	0.002746166890446576
155.0	27.10789053205215	23.24867606942513	24.18982825787374	25.453467803452423	1.3733719656327398E-4
156.0	26.68603565211795	23.23177565252605	25.83893684046956	24.24299679328709	2.550615993382525E-4
157.0	25.366139828184796	22.22168811331916	26.53710056692935	25.874855667969126	2.1582359756354777E-4
158.0	24.995541180946432	21.24874010156886	26.210086211683343	27.54561288503546	1.9620765912293998E-5
159.0	27.661326606114105	21.00475050667035	24.177098480548157	27.15639273863737	4.316680300181948E-4
160.0	26.58348607003958	21.08726035576452	25.854646979541297	26.47454773027793	5.8864376672361465E-5
161.0	24.85637010363329	20.393954044712064	28.54402844970756	26.202331356525505	0.003316045421581216
162.0	25.858812084128097	23.414406054818222	24.635667222814035	26.09109501643424	1.9621805398390345E-5
163.0	25.480451403271893	23.68917449619785	27.37409876423537	23.456216468868845	5.886742604338097E-5
164.0	25.438934555708396	23.58665172710843	24.930152332474506	26.042652307945897	0.0016090767627730282
165.0	27.07270723540133	21.762523293034615	26.46797139058043	24.69617013059798	6.279503856400305E-4
166.0	25.0415296001796	22.99598705826782	25.533997558363687	26.428348414162905	1.3736902599277085E-4
167.0	27.106683580632048	22.976721841152116	26.560211257102218	23.355912325790605	4.709953230164424E-4
168.0	26.260663514549954	24.14403388774058	23.655653360317086	25.939531484402046	1.1775299033718961E-4
169.0	26.748814667311983	21.97023312556892	25.73140492785947	25.549252884188512	2.943950711199613E-4
170.0	31.453725800300802	23.065079008991663	22.793599988066855	22.687398933828558	1.962688121203057E-4
171.0	25.985162528583988	22.95529426173089	26.195502988867876	24.863372909475487	6.673113417609522E-4
172.0	27.197388971536657	24.784872141906384	24.31414289423133	23.703419380551864	1.7661177376502747E-4
173.0	28.905755279779292	19.650415943959175	23.04138992177981	28.400868995460947	0.001569859020772963
174.0	24.564672333476388	25.545561420952833	23.78741398382139	26.10195979622405	3.924655253376724E-4
175.0	25.181774581465156	24.183280113786218	23.20293759340894	27.430516308101932	0.0014914032377579343
176.0	24.99593768766117	23.9632076175225	27.528112378866552	23.51138821183683	0.0013541041129440578
177.0	22.62229464863822	26.106874933392316	24.10904680996551	27.137113005686015	0.024670602317937534
178.0	25.30049669036625	22.960851536482508	23.92650317030141	27.8118934872923	2.551155575354267E-4
179.0	27.900577316803577	24.038858586429523	22.752652642751276	25.306832027030424	0.0010794269852036074
180.0	26.70583628646818	22.423472650462305	25.372213050724397	25.498359952539957	1.1805980516196821E-4
181.0	27.957014454461966	22.311137937732383	25.994588884874524	23.736628332352943	6.303905781824185E-4
182.0	25.807071101200684	22.78118845443331	25.455566452125268	25.95611490258775	5.90896529881342E-5
183.0	24.090503512949756	24.42938941446898	26.030553897729536	25.449119842109308	4.3333274242504823E-4
184.0	26.851170273095565	21.519973226813132	26.16218224322353	25.46330594098041	0.0033683158873611526
185.0	25.47009068858923	24.220126386942574	23.836297691769094	26.47307162419137	4.1360850773004755E-4
186.0	27.035654822039074	22.905953579417794	25.34217043413449	24.71622116440864	0.0
187.0	24.490023465955815	22.702340339835033	27.86518610056043	24.941917269826522	5.328238221978746E-4
188.0	27.774239583779448	27.84230842784653	21.951994985522788	22.43098334316506	4.7365968617282773E-4
189.0	25.012010448399284	23.20280466175143	24.46541168501163	27.31910211979973	6.71085037922226E-4
190.0	29.373652538113852	21.155975733151518	24.889113830500794	24.581119722321688	1.3817591214854464E-4
191.0	26.7769381395782	23.9257538107506	24.149033374679206	25.14809671572213	1.779592698687076E-4
192.0	26.931650146812746	23.074312545128084	23.96337661212699	26.030640919176157	1.9776756022664955E-5
193.0	27.417341464866745	24.158332688847402	21.889056510174935	26.53517043801374	9.889809718083063E-5
194.0	27.891360189324093	22.846258439888135	24.612310101280634	24.650071269507134	0.0
195.0	26.333177370868523	21.305237668001745	24.48677303108929	27.874257983019547	5.539470209025973E-4
196.0	28.845577942845313	22.083591320217224	25.972493210366963	23.098238364411415	9.916215908545517E-5
197.0	24.95312720677031	24.042370783432222	23.860473401326324	27.143433524342115	5.950841290269343E-4
198.0	27.67830452093828	22.98863802600112	23.77231291024271	25.560565657914825	1.7888490306823386E-4
199.0	25.724647134023847	23.27313203742846	25.17030634130098	25.831536084032596	3.784032141170688E-4
200.0	27.449732992154985	23.435383424301172	23.915461756959623	25.199342155450733	7.967113349515868E-5
201.0	25.964275633725748	21.062926682643226	28.15120936698437	24.8212895279956	2.987886510509094E-4
202.0	25.686617343939467	25.414757335010936	27.503778489572323	21.39480698975251	3.984172476420173E-5
203.0	26.424475437103368	24.45134538025766	21.7058055871675	27.41767615104733	6.974444241410623E-4
204.0	25.834101275953934	23.20696027052838	23.87413367303501	27.084685204642096	1.1957584057830066E-4
205.0	27.13539345594044	24.100875427210234	25.4110465983024	23.351927159609012	7.573589379117143E-4
206.0	25.625064034255786	20.999269262002464	25.654843700603923	27.720743271768754	7.973136907132489E-5
207.0	26.17433260539578	23.515360253333434	26.623296101792704	23.686811677357127	1.993621209577835E-4
208.0	28.113199985085007	22.48500475265743	21.520615087788073	27.881160234643893	1.9939825594321457E-5
209.0	27.535623464729337	20.478738202709476	24.966031341908078	27.01910840474247	4.985859106402422E-4
210.0	25.07193861450996	24.48105061294931	24.35722005177426	26.08945162290243	3.3909786404250135E-4
211.0	25.167462988350163	25.51782191670675	25.196533202394335	24.117603281562282	5.7861098646589E-4
212.0	28.44323305794362	22.0562210197071	24.247176074429078	25.253010557160167	3.5929076003968165E-4
213.0	29.885199343311484	23.029475088577055	22.085884791908832	24.999101247468513	3.3952873411704555E-4
214.0	28.181635937843215	25.056427949408416	23.490416192727857	23.271459959390665	5.99606298504402E-5
215.0	25.980120384917676	24.840826078004234	22.519735002559763	26.65897803411894	3.4050039938693903E-4
216.0	26.12969544760807	24.66648012365291	25.751034726561283	23.452728960964862	6.074121287243981E-5
217.0	29.40546504769252	22.6876050870658	24.972757188766312	22.933560593092476	6.12083382895085E-4
218.0	24.81950135626479	23.79127538358796	25.192432949401844	26.19648113184213	3.0917890328059427E-4
219.0	26.979692990690975	22.65905714096592	23.93676389224825	26.423882331831994	6.036442628608492E-4
220.0	28.07393943172079	21.890027197089047	24.27638819477726	25.759268630298866	3.7654611403364354E-4
221.0	25.288743915527554	22.5983077205616	23.832050869475115	28.280686886182245	2.1060825348472416E-4
222.0	26.607233344133597	24.391401573297497	23.76917887893258	25.231973739423264	2.1246421305911288E-4
223.0	30.16750446805944	22.38015876797903	24.272821448059105	23.178849883077014	6.654328254148973E-4
224.0	30.27977205034175	22.57872355078078	24.247757519411874	22.893596232976947	1.5064648864555893E-4
225.0	30.70795860823512	19.656371233662497	23.831012405282355	25.803748956777877	9.087960421499604E-4
226.0	25.158969611213067	22.327950264338345	25.53124292097427	26.981618335045983	2.1886842833864636E-4
227.0	27.533506478339397	23.864305453625317	25.276583000557835	23.32423370948356	0.001371357993889052
228.0	27.302855797130427	28.48876476887461	22.41483041621677	21.79343793184656	1.1108593163327423E-4
229.0	27.858272056806882	25.311938808476704	21.289707536167572	25.540036820768652	4.47777801908026E-5
230.0	25.831352391595058	22.492606164109986	27.33627386777163	24.339767576523325	0.0
231.0	25.301786698049494	24.92296900823799	23.7701351279625	26.00369071564926	0.0014184501007557136
232.0	24.828080825883905	25.779696338058894	23.944204471014473	25.447719245122563	2.991199201671942E-4
233.0	22.673567193480494	25.297555558088675	22.39443038434061	29.633911807284637	5.350568055852486E-4
234.0	27.163937440067524	20.990910349762252	26.581047609010344	25.262781301588006	0.0013232995718653277
235.0	25.604392501177436	22.243223528781098	27.367193991445887	24.784998525813577	1.9145278200037526E-4
236.0	29.1673018223414	23.512796619719676	23.574062382990995	23.745645295950233	1.9387899769405167E-4
237.0	28.075101697972503	24.168054171042517	22.13580794116704	25.62091381694928	1.2237286866233972E-4
238.0	27.52594382697127	22.809429559198417	24.00491357261682	25.659688260233988	2.4780979507864616E-5
239.0	27.677152476765798	22.96215551905589	24.133022689806495	25.226664429122174	0.0010048852496411303
240.0	25.4501936806976	21.873640290749574	25.641227585213176	27.034835153853564	1.0328948608574423E-4
241.0	28.825392475231144	21.6320040540261	23.189985935011478	26.350316462241715	0.0023010734895650194
242.0	26.521105459685103	24.293881175673917	20.935545592880757	28.248483363236904	9.844085233198607E-4
243.0	27.881220128738516	23.185759002660763	24.372768418144695	24.55799360669324	0.002258843762787133
244.0	27.0252228684288	22.890801493871443	25.51246471098125	24.570522365927744	9.885607907653853E-4
245.0	28.729542209059456	21.378855956762756	23.018712274113998	26.87119482024938	0.0016947398144181685
246.0	24.585243640385073	27.309835805664406	22.769449609554265	25.332754527600756	0.002716416795500569
247.0	26.18283498179368	22.81859885277527	24.424561635906546	26.43823921868713	0.1357653108373756
248.0	26.194346870404583	22.987922542621504	23.535513616263252	27.272310326418687	0.009906644291977637
249.0	25.09550302465676	21.54717002955783	28.945959956551775	24.395909852294963	0.01545713693866671
250.0	27.637132135930514	21.69222742221098	24.213492916772072	26.45617252719454	9.749978918964499E-4
