# Position (bp)	A	C	G	T	N
0.0	24.256630611646415	23.750701291875806	25.39363519233757	26.59903290414021	0.0
1.0	23.140576585950214	30.397532761471375	23.404282885301715	22.98281125266472	0.07479651461198
2.0	24.44768151228388	26.847799994930693	22.781618689643555	25.922104617592783	7.951855490930164E-4
3.0	25.64131085184514	22.265859902026264	24.42202695891608	27.664048902450833	0.0067533847616824865
4.0	25.869891923082456	23.55266089111981	24.305572438525456	26.27177551675532	9.923051695626267E-5
5.0	28.512057773040006	24.256241987048444	22.32827690381782	24.90243217084517	9.911652485569873E-4
6.0	26.053796636856617	24.05518908094237	24.068351487723085	25.816774349339184	0.005888445138742159
7.0	25.540085702732284	25.43452489985795	23.51858151560231	25.50601790386265	7.899779448032535E-4
8.0	27.519484552853545	24.357835476921714	23.53605813076464	24.586572542678688	4.929678141314154E-5
9.0	25.999406636519602	25.66297052715376	22.13196580927448	26.205312620388575	3.4440666358012695E-4
10.0	24.6793181397036	24.626725184112207	23.616104847743394	27.077851828440796	0.0
11.0	27.115427359110626	22.980109454758097	22.78646019649199	27.11781220219272	1.9078744656759073E-4
12.0	28.11377172289506	24.642858486555223	19.952377996245172	27.29099179430455	0.0
13.0	25.589160944814537	22.95935586743588	24.978545959992747	26.472797764874876	1.3946288195396795E-4
14.0	26.457880244444087	21.873014925236028	23.717736434891844	27.951322464558594	4.593086944839322E-5
15.0	25.504141563703893	23.419369321364027	24.724126280846317	26.352317484360015	4.5349725747533544E-5
16.0	26.12744776531614	24.550446419209745	22.115095889445268	27.20696530864743	4.461738141480824E-5
17.0	28.744458313981763	26.7650272698794	19.298065483537364	25.19131296069668	0.0011359719047933207
18.0	25.792079916481864	25.61165020751585	19.972961567170813	28.623221563779083	8.674505238750576E-5
19.0	24.917727861148702	24.77464400503662	22.027192403140166	28.28000436541641	4.313652581009317E-4
20.0	22.549572086673752	25.75149253667431	23.88593945238399	27.812953102960407	4.2821307540061474E-5
21.0	23.673319000522287	24.775010422381623	23.958303673990454	27.59332440613673	4.249696890369294E-5
22.0	22.997744654865702	26.73831809919731	25.877002676196998	24.386892484553684	4.208518630901553E-5
23.0	25.53153060279457	23.768192102399187	23.305628996563254	27.394396859700226	2.5143854276278154E-4
24.0	27.854821715789345	21.835456815841884	24.70050997581357	25.60912856291644	8.292963876264004E-5
25.0	25.23239281017674	24.97759648706346	19.894237348278317	29.8955680060586	2.053484228830426E-4
26.0	26.344510829953226	25.527443398908993	20.152259958098686	27.975704102210443	8.171082864585545E-5
27.0	25.646290380415294	25.232054959741827	19.816108159207225	29.305465006356552	8.149427910160706E-5
28.0	27.753701041954017	23.627948694371447	23.015020334154443	25.600789168453264	0.0025407610668292755
29.0	27.340083211658424	23.969072267907183	22.2347703290316	26.455914399451913	1.597919508799543E-4
30.0	23.559539357371865	24.757100661105273	25.026677952958703	26.656483605708388	1.9842285577317253E-4
31.0	26.28356425201922	24.914076462081553	22.43212158910788	26.36980354019185	4.341565994960626E-4
32.0	24.482425700629726	22.401875051120506	24.96946467196585	28.1460388997185	1.9567656542230722E-4
33.0	23.174105267400527	25.314340369659007	25.10762214357577	26.403815954895588	1.1626446911318113E-4
34.0	25.98157802519381	26.808461259444606	22.795772136801528	24.414150154617943	3.842394211202577E-5
35.0	24.869284687623967	22.778676450172618	26.022264677255748	26.329622046663093	1.5213828457237924E-4
36.0	23.96045254845395	24.669810926429335	26.028717842711522	25.340904686522727	1.1399588246872523E-4
37.0	25.465298213639276	25.58430789205484	21.44768645261132	27.50270744169456	0.0
38.0	27.051230442047697	25.540938781710466	21.211947440376726	26.195845359258698	3.797660641045116E-5
39.0	23.53465584117756	27.63297977358812	21.634727828857645	27.1973328108911	3.0374548558272053E-4
40.0	26.239069158275363	26.47523418147997	22.909335940095097	24.376322757599628	3.7962549944479766E-5
41.0	24.20422928156873	24.349722337150645	21.623464123986047	29.818105212014466	0.004479045280111141
42.0	24.46115687736857	26.08236408180616	20.70237763140166	28.754101409423612	0.0
43.0	25.996228553169313	25.831640457932124	22.175067541079663	25.993610019950186	0.0034534278687075037
44.0	28.750812981290615	25.0469954412335	22.516754813949657	23.68524703627054	1.897272556863156E-4
45.0	26.009644203992742	24.492332440492	21.49758325808679	27.99687379068056	0.0035663067479076403
46.0	25.354784742994685	24.512117631215062	22.439648942445757	27.693448683344492	0.0
47.0	25.28431612782334	24.40676911732464	23.430524146103327	26.876645756253208	0.0017448524954804528
48.0	22.65458311009391	24.06181618115173	22.472844417194384	30.810756291559976	0.0
49.0	22.30147199330278	25.832944077600406	24.676930379842823	27.18713696847635	0.0015165807776419595
50.0	27.48719651795331	24.200353406054155	20.569089139682585	27.74332302534083	3.791096912189476E-5
51.0	24.67340285324516	27.204040347374658	21.239342594484324	26.88097782228642	0.0022363826094339715
52.0	23.03812851053719	26.024946332242955	21.65510076372037	29.281824393499484	0.0
53.0	22.741514222229274	25.146286974056302	23.982224196639915	28.12835024558079	0.0016243614937174987
54.0	23.14475999877611	28.074237175324733	22.653429023317727	26.127460479530267	1.1332305115515852E-4
55.0	23.953879855637133	27.928418509107093	23.122025964061528	24.994168279889404	0.0015073913048393667
56.0	26.57885862100799	25.213318537470396	24.97536639543011	23.232456446091497	0.0
57.0	22.638953828556012	27.675663945040508	22.975706557183724	26.704777721723488	0.004897947496263431
58.0	25.12744876431585	25.495027124773962	21.82613773357444	27.551122664255573	2.6371308016877635E-4
59.0	27.52947859557499	22.589972719444233	24.51893629187859	25.35927685808762	0.002335535014566958
60.0	24.07605371666124	23.53353830783941	23.460565979397728	28.929766766897043	7.522920457905123E-5
61.0	25.313867646771204	24.009464548188557	22.952093529173705	27.718744499323744	0.005829776542784542
62.0	25.565851321253714	21.943206888225795	24.647957775242073	27.842720749900145	2.6326537827097834E-4
63.0	26.286210062078958	23.718133622260424	22.676852825820514	27.31673506872611	0.0020684211139914395
64.0	25.208547813373645	21.86547511505892	23.69718159147381	29.22872038861343	7.509148019574847E-5
65.0	24.20122215160101	26.017593066390155	23.70055821626084	26.07638428735167	0.004242278396328665
66.0	24.487450746017636	24.155737187958	23.265373849739316	28.090875099108626	5.631171764253622E-4
67.0	26.830324882643207	25.10389900464923	21.118103822049374	26.946996585813576	6.757048446160401E-4
68.0	23.610189342182313	22.527140047147856	26.829719665460445	27.032763254703525	1.876905058634514E-4
69.0	22.961351400351564	24.78633344857007	25.32614436272771	26.92384353178451	0.002327256566147951
70.0	26.244046739978693	22.966370874699106	24.467270844937488	26.322049158391014	2.623819936983342E-4
71.0	24.404917496377323	23.068068994530922	26.135090917589864	26.391436451175622	4.861403262749498E-4
72.0	27.32211608028533	26.076991270553755	21.679851008277776	24.91954604037897	0.00149560050416693
73.0	25.302856920689525	22.90960966271057	22.89977767750565	28.88427902949708	0.0034767095971764634
74.0	24.854184795447544	25.454639921294923	23.816022403435273	25.874218406581086	9.344732411718444E-4
75.0	25.702604845488793	25.092424153512116	21.90445897249683	27.298904814428447	0.001607214073812988
76.0	26.83310428445367	24.49493694210215	25.112415844625996	23.55875804552099	7.848832971975554E-4
77.0	24.619125336494566	24.51818163811329	23.889385738348405	26.97300830533806	2.9898170568315636E-4
78.0	27.34207093097607	26.094737821619816	20.68673765419757	25.876117253871545	3.36339334997341E-4
79.0	27.314788517650435	20.87917344303071	23.08928955802162	28.714581041327847	0.002167439969386779
80.0	24.296747250513427	23.39925923047259	28.30080384554447	24.00083553302224	0.002354140447271738
81.0	24.9942176056067	25.260936385441145	22.026121102582106	27.718687540331967	3.7366038082718695E-5
82.0	22.837613045837088	22.425857922811236	23.898536363731473	30.836871737158244	0.001120930461957862
83.0	25.468070757510375	22.430332546848174	23.943260980435014	28.157999450768084	3.362644383543218E-4
84.0	23.235007105849512	25.859987118312766	25.32166858198327	25.582253757283308	0.0010834365711399397
85.0	25.150580861259392	27.126708335808303	21.414554163720055	26.30774570093182	4.1093828043250135E-4
86.0	25.40711002962668	25.013756178139612	22.47227191546889	27.10529294402384	0.0015689327409740606
87.0	22.417309376036528	22.210003854762125	25.714288915915382	29.657800215747148	5.976375388090877E-4
88.0	24.473771099205482	27.03835730228972	25.613778091188603	22.873346500572207	7.470067439768846E-4
89.0	26.22809507447301	26.18462136038364	22.919312189073306	24.66718705648595	7.843195840865292E-4
90.0	23.73260900498094	25.50990492630173	25.482940551021866	25.274470824135133	7.469356033204275E-5
91.0	26.509581261186977	25.498743548291326	23.837142646947342	24.15367362280457	8.589207697872006E-4
92.0	25.42945484011905	24.32348866475225	22.668628380876275	27.578390771976864	3.7342275563588294E-5
93.0	26.358254154663065	26.09600767732817	21.498796683364358	26.046866802463764	7.468218064499266E-5
94.0	27.891508523364806	23.70344149547311	23.021057021950934	25.379474845870725	0.0045181133404204234
95.0	23.718173946518377	26.524919245864094	23.91644210588416	25.838336399457695	0.0021283022756778736
96.0	26.4661352067724	24.350414052585183	23.678267009124877	25.504287635025875	8.96096491670223E-4
97.0	25.18309329096003	25.37809660635241	23.11534130620486	26.32328211898376	1.866774989396718E-4
98.0	28.499187615921535	22.742460806948273	24.147743394152627	24.61057084915043	3.7333827135420245E-5
99.0	21.98835849388341	22.402825377781543	26.552869631631033	29.055871838164176	7.465853983574375E-5
100.0	22.442113765785457	24.874843601159817	24.626285158011356	28.056757475043376	0.0
101.0	23.468024275722037	22.255320578377287	28.62799620785154	25.648584289457375	7.464859175431655E-5
102.0	25.221666381737247	24.245602692918993	24.681134113666683	25.851484830681	1.119809960784255E-4
103.0	25.43879423211569	25.792121185882742	25.26957648537651	23.499358808802604	1.492878224430355E-4
104.0	25.926188555930718	27.055861111743496	22.624502276400857	24.39314948707738	2.9856884755037323E-4
105.0	27.190603283894156	23.753946431910496	20.938193623081087	28.114046890273237	0.0032097708410234096
106.0	25.84790327890022	23.711060867202562	24.69535794554997	25.74552861974476	1.4928860248699882E-4
107.0	25.81007421396088	24.174194740269797	22.702343608586204	27.313051542967404	3.358942157149975E-4
108.0	23.537452027038373	24.83328637875738	24.878101567412156	26.751122711897295	3.7314894799982836E-5
109.0	26.090201072431075	24.37118458075303	25.31895515020266	24.219398010282532	2.611863307014458E-4
110.0	24.814472662094367	23.912039334407385	23.20985240642669	28.06356097571896	7.462135260156153E-5
111.0	24.67463805454059	23.84483963511256	24.854178971549928	26.625970227996813	3.7311080010253084E-4
112.0	25.634220049994404	24.121628175950452	23.788120732753796	26.455881804275638	1.4923702570607768E-4
113.0	28.25620611695182	22.09049328090374	23.039560964326487	26.61336656195671	3.730758612456257E-4
114.0	26.36824495740883	22.358534350507096	27.103367895751628	24.16951702154331	3.3577478913343243E-4
115.0	27.176225955950695	23.687816985201852	26.164186628051667	22.971509249727532	2.611810682529561E-4
116.0	27.053603509317846	24.595857216999313	24.644025641570956	23.706439010230287	7.462188159820668E-5
117.0	25.90880022326842	26.728968405876913	24.308498452717018	23.053322498248253	4.104198893955709E-4
118.0	26.729723185340422	24.870151602038774	24.92876573412615	23.47094906763981	4.104108548447695E-4
119.0	27.052723364546654	21.26232063097749	24.720548295828717	26.964221152551026	1.8655609611220827E-4
120.0	25.158346392060295	24.043504216103276	24.977091261846134	25.82102081934184	3.731064845907022E-5
121.0	27.154176757729058	24.021323964797848	23.871035383110893	24.953090784675787	3.7310968641250187E-4
122.0	26.629686535745012	24.03489618973068	24.772608386457915	24.562323845655026	4.850424113622304E-4
123.0	24.044081406659075	28.38651858446107	23.051253571064795	24.517736024203955	4.1041361110624004E-4
124.0	24.95645918804407	24.6566357391342	23.011897424264358	27.374895718449515	1.1193010785585193E-4
125.0	26.37797846124573	24.07438014987212	24.364610479855685	25.182247410256746	7.834987697203842E-4
126.0	24.00675606602051	24.056863182574215	24.94789680694918	26.98833470509182	1.492393642701561E-4
127.0	26.176639796560234	23.141757906385177	27.56931868125308	23.111425503544	8.581122574993416E-4
128.0	26.123948694108506	23.62167091131459	24.411861931664276	25.832519350893467	0.009999112019156507
129.0	24.45540527935827	26.70769517768865	22.333700214532225	26.50077418151292	0.0024251469079376925
130.0	26.02569627502887	24.34844253410717	23.9871574591768	25.638703731687162	0.0
131.0	26.106853253725642	24.320829149787905	24.41862243917582	25.153396665774924	2.9849153571283326E-4
132.0	26.218206525084987	25.50347014289131	22.48464544321976	25.787036467002395	0.006641421801549093
133.0	27.11444623787105	25.716095842110803	24.321588503364353	22.846414278561188	0.0014551380926049883
134.0	27.159434381483937	22.83886797197652	20.70759400204688	29.29406633357971	3.731091295699805E-5
135.0	26.17235464891763	24.183871026717206	25.962928650767502	23.680621808286972	2.238653106896059E-4
136.0	27.90025987206012	26.271181065344855	24.575240703464154	21.24656504357008	0.006753315560795697
137.0	28.391230162890686	21.537635519922276	24.637621677366976	25.433214148061612	2.984917584559917E-4
138.0	24.851303403736164	24.259539079726448	27.084793063437168	23.80324517123147	0.001119281868753008
139.0	25.992688867199742	23.832740861457093	25.593815011476345	24.579934455000494	8.208048663281966E-4
140.0	26.70163572828748	21.822283841129675	25.477880246571804	25.99797632630097	2.238577100699406E-4
141.0	25.591510823953172	25.17214116937721	25.36298421058326	23.872990691411466	3.73104674889645E-4
142.0	28.920336442725976	22.805512658017676	23.574683442288315	24.699280900871926	1.8655609611220827E-4
143.0	27.109943029924494	25.059706833013767	24.248716223804458	23.58152198043489	1.1193282239731003E-4
144.0	27.898569650441914	25.322627103213808	23.362500485041327	23.41578040910624	5.223521967148524E-4
145.0	28.18950554362442	22.42481520008238	22.818853546531674	26.565407903004107	0.0014178067574162486
146.0	27.637992963934288	21.673529983497446	25.004486620543087	25.678953477569323	0.00503695445585781
147.0	26.21470971208125	24.752655516048755	26.532103109015136	22.497136482518552	0.003395180336309402
148.0	24.742076491314997	24.721630652640126	23.461972978660214	27.073797538440413	5.223389442485258E-4
149.0	28.074653322533262	24.95618844509182	23.721928238221434	23.245401792160298	0.0018282019931878954
150.0	25.809792731267013	24.09928094703663	25.248788146520845	24.842100864415684	3.7310759826161706E-5
151.0	26.561687291657492	24.390261193500795	25.605634454468184	23.44223049891757	1.865614559554521E-4
152.0	27.507191014002935	23.81472798769888	23.148218281462388	25.529713467615345	1.492492204526654E-4
153.0	25.173401550940632	23.802569428716094	25.039672752496127	25.98372195155988	6.343162872646826E-4
154.0	23.411121774445114	24.717686988526882	24.67473929143389	27.19369075568544	0.0027611899086717783
155.0	27.495023796960467	23.4180824060716	24.13695436222877	24.94990211788097	3.731685818922185E-5
156.0	25.830942826744963	23.390443023968754	26.339769011197905	24.43854659687271	2.9854121566729374E-4
157.0	25.521437226574555	22.65148464675196	26.55544861831403	25.27155487205285	7.463630660744026E-5
158.0	25.151355811454863	21.04121005533262	26.092237946300457	27.715121549268495	7.463764357017226E-5
159.0	27.147588189720416	21.407923080023465	24.26196948458779	27.182146050626148	3.7319504217850363E-4
160.0	26.822375914528102	21.21455153975109	25.891800185406066	26.071235040253416	3.732006132432477E-5
161.0	24.47927687866557	20.880128531682278	28.905633337625186	25.73070671898996	0.00425453303700884
162.0	25.67827153702236	23.81779496391198	24.825699283539244	25.678196894030464	3.732149595005787E-5
163.0	25.200458916932156	24.050180789982058	27.326905908592824	23.422454384492966	0.0
164.0	25.471543186100188	23.726788609511186	25.020826428513843	25.778900961748047	0.0019408141267381485
165.0	26.831639746568502	21.748341404697253	26.585150556597526	24.834495049874498	3.732422622213513E-4
166.0	25.344490815755595	23.18215937522279	25.700879288148737	25.772246564983227	2.2395588964797494E-4
167.0	27.05292893760643	22.86349591232037	26.754350275062656	23.329000913018387	2.23961992156851E-4
168.0	25.95681541192214	23.83797474024483	24.30154929235731	25.90358589977846	7.465569725621648E-5
169.0	26.50908866935311	22.371173081337943	25.673255850848392	25.446370411570484	1.1198689006806936E-4
170.0	30.672785717138755	23.112704831593593	23.212187930105753	23.0020228852189	2.9863594300085075E-4
171.0	25.53151778395271	23.52933930387184	26.67630234735335	24.262355296812313	4.852680097889756E-4
172.0	27.314426885875605	24.579264639277486	24.370603777160795	23.73555546767566	1.4923001045356223E-4
173.0	28.68888419660917	20.54346796113897	22.956464514800455	27.809989531905305	0.0011937955460980419
174.0	24.424455157846513	25.68330269903867	23.69971502085209	26.19204214662157	4.8497564116577695E-4
175.0	25.456328724562756	24.24120555022274	23.372514287611608	26.928571082150178	0.0013803554527211468
176.0	24.721521136113925	24.472711738886307	27.478459090459694	23.325591850363665	0.00171618417640881
177.0	22.805940053946898	26.330473055842763	23.938048755187882	26.90191911099934	0.023619024023122017
178.0	25.240137624433935	23.315081903849443	23.921572577786833	27.52294673283743	2.6116109236969364E-4
179.0	28.078020037819034	24.403051789986463	23.12285365049184	24.39447012311334	0.0016043985893232123
180.0	26.338024587386794	22.721792454453052	25.329256626829526	25.61077674572017	1.4958561046261594E-4
181.0	28.053323846881174	22.29371179284584	25.870640990834964	23.781874011177788	4.493582602346025E-4
182.0	25.78319334464926	22.96151425181038	25.614615290426435	25.64067711311393	0.0
183.0	24.077511914425816	24.460780495987585	26.271046821971073	25.190361222026187	2.9954558934096976E-4
184.0	26.444068767586447	22.303448301684742	26.24097860701268	25.00712350719933	0.004380816516801555
185.0	25.08746334401425	24.446196519136738	24.357918909640492	26.107934539793998	4.866874145255228E-4
186.0	26.894411216877735	23.284905324834565	25.520867847883267	24.29981561040444	0.0
187.0	24.50990244923153	22.968754804602217	27.757419805798445	24.76354794702394	3.749933438681463E-4
188.0	27.061778648849604	28.174957451507467	22.380413332498424	22.382325624297657	5.249428468475495E-4
189.0	25.344182172910223	23.54357928461105	24.865148834064726	26.24626475863282	8.249497811820705E-4
190.0	28.535407417518442	21.83308352273814	25.231757607848238	24.399563953324858	1.874985703234013E-4
191.0	26.637876027492695	24.077965321288286	24.469264133646252	24.814406286018816	4.8823155395465677E-4
192.0	26.772268406655215	23.414086500377667	24.291117051464603	25.522490481307607	3.7560194907363415E-5
193.0	27.288600058225253	24.097442784294206	22.379497196735628	26.234084313928047	3.756468168627856E-4
194.0	27.30047095619848	23.275348784443157	24.86218229614907	24.561997963209294	0.0
195.0	26.230480109285843	21.5176785475443	24.73865776189453	27.512620019807304	5.635614680250252E-4
196.0	28.56151302893138	22.46220082755774	25.974180529909617	23.001992631293916	1.1298230734727711E-4
197.0	24.894524144846102	24.2958891065599	24.014934047692677	26.79397470236806	6.779985332631731E-4
198.0	27.415651838008674	23.433808978074268	23.796936689932092	25.353489323079547	1.1317090542005644E-4
199.0	25.826589953636585	23.251508284795612	25.522816633989052	25.398820582513114	2.645450656298516E-4
200.0	27.377740319474814	23.69053310681978	24.12667877342535	24.805010006028184	3.779425187223275E-5
201.0	25.630612277294784	21.50673416580932	28.029505299418467	24.83303486859362	1.1338888380738706E-4
202.0	25.337720483594488	25.131831849425744	27.9929543525961	21.537493314383667	0.0
203.0	25.530688022747555	24.586982167974952	22.65196545517794	27.229608118940668	7.562351588850069E-4
204.0	25.334956862404017	23.841562218159197	24.277230193859204	26.54617509534137	7.563023621213525E-5
205.0	27.065717544342625	24.134475466720716	25.494326140293026	23.304686720052274	7.941285913520154E-4
206.0	25.441028197213335	21.424670651798188	26.397323613303573	26.736901899354127	7.563833078306095E-5
207.0	26.11629675828866	23.670177458439916	26.29928103593761	23.91390434665195	3.4040068186038806E-4
208.0	28.138141671020033	22.55216192486837	22.053891986788962	27.255728761395204	7.565592743386065E-5
209.0	27.34953160706449	20.801527006371355	25.34539249663272	26.502867866277224	6.8102365422159E-4
210.0	24.47329633715089	24.613649737097536	25.02714167595355	25.885647360663583	2.6488913443691194E-4
211.0	25.346719113610316	25.397780694861442	25.518072544539777	23.73663276692451	7.948800639537789E-4
212.0	27.947628184955487	22.37689332616845	25.02608252415971	24.649055140444215	3.408242721413648E-4
213.0	29.648564334131965	23.66096785671116	22.45990946118149	24.230330996794727	2.2735118065362708E-4
214.0	27.717552264230292	25.28390808912896	24.06530369547897	22.93319802975541	3.7921406368445145E-5
215.0	26.277609165418227	24.688269824366984	22.886448506849515	26.147368469058048	3.04034307231228E-4
216.0	25.80390545969675	24.725287592400996	26.127997573724045	23.342732593293576	7.678088463096227E-5
217.0	28.988604512441206	23.326356714875914	24.991571155895485	22.692770858147295	6.967586400974534E-4
218.0	24.145289126252134	24.74871328384966	25.282116325704468	25.823685892777043	1.9537141669284644E-4
219.0	26.281682804953338	23.15868104817374	24.46399310998843	26.094933863689818	7.091731946715878E-4
220.0	27.5151458991926	21.833458666416398	25.03794642238397	25.613251013455585	1.9799855144259765E-4
221.0	25.693392872311705	22.69621122964049	24.2377932664909	27.372482989955287	1.1964160161819255E-4
222.0	25.749227200295028	24.524020603697682	24.52462451073465	25.201805601519588	3.22083753048724E-4
223.0	30.285206549563963	22.584772040120452	24.441146031365196	22.68814340234924	7.319766011479833E-4
224.0	29.735310689087495	22.775699006620087	24.786064142841884	22.702844623248662	8.153820187064942E-5
225.0	30.367243154522537	20.07322492449909	24.11194497969639	25.44672653203037	8.604092516119357E-4
226.0	25.114304808959208	22.318609179001207	26.078597651213194	26.488364138972788	1.2422185360537366E-4
227.0	27.384311240823617	23.969955950012512	25.456297775571883	23.188054025054004	0.0013810085379806641
228.0	27.327087356520906	28.49572788973811	22.68270701217949	21.49439366972716	8.407183433813188E-5
229.0	27.68013776761546	25.56972366813056	21.732214197454486	25.0178819924099	4.2374389596917855E-5
230.0	25.819552739018597	22.73680595482283	27.69414641189119	23.749494894267382	0.0
231.0	25.10684837632433	25.006651660232766	24.231554783938932	25.653171403441906	0.0017737760620700487
232.0	25.10295729464126	25.318204938208215	24.405262537294146	25.173488208371204	8.702148516958095E-5
233.0	22.832425242505778	25.08442011725786	22.563626838669492	29.519087941635863	4.3985993100357124E-4
234.0	27.172290275920226	21.712200556157075	26.328581316858045	24.785631968441237	0.0012958826234205313
235.0	25.4348597477741	22.574371517229643	27.75109439099721	24.23958382365188	9.052034716363544E-5
236.0	28.62365324077663	23.857539489418343	23.68438555120976	23.83419237563075	2.2934296451468045E-4
237.0	27.60519644239281	24.39936411710998	22.40912482677753	25.586314613719686	0.0
238.0	26.805088863748505	22.92225993279638	24.35521484708456	25.91738945267135	4.690369920094858E-5
239.0	27.521299489991453	23.292926353548236	24.323023800081973	24.86141898966384	0.0013313667145007707
240.0	25.419212261349735	22.01841689509498	26.193526719381016	26.368795166507475	4.895766679509894E-5
241.0	29.23653932599692	21.68855188898219	23.53706762041039	25.53534111681547	0.002500047795031376
242.0	26.913417487240114	24.30853987454031	21.129510534301502	27.647598843346316	9.332605717547215E-4
243.0	27.657505693214002	22.965943065891693	25.318072042530325	24.055674417048348	0.0028047813156294225
244.0	26.415446035133673	23.00494301527877	26.050686617565262	24.52774084871533	0.0011834833069679551
245.0	29.126650652848863	21.27931988877628	23.374227702257635	26.21762748749919	0.0021742686180398077
246.0	24.43980208361695	27.003655859151653	23.3300743300273	25.223695511733652	0.0027722154704474407
247.0	25.41052919930802	23.335675669774233	24.9230552404319	26.190398207120108	0.14034168336573896
248.0	25.992511670398244	22.729767873704855	24.2111893746594	27.054310508847745	0.0122205723897528
249.0	25.29762705647962	21.73472347219772	28.53965653164938	24.410900251456866	0.017092688216410377
250.0	27.334200519812548	22.18251362572997	24.906710874867986	25.575875904116806	6.99075472687371E-4
