# Position (bp)	A	C	G	T	N
0.0	21.766321382727842	21.421833487566794	28.771008089793725	28.040837039911636	0.0
1.0	23.57537765657494	33.949259903508484	21.56886731372274	20.83100856608356	0.07548656011027602
2.0	25.379334938040476	24.305072657573326	21.291789248462155	29.023208819945918	5.94335978128436E-4
3.0	24.81928283350262	19.4007377180634	24.319452116633105	31.453696608991606	0.0068307228092684006
4.0	26.558252715294678	26.741646388509704	20.56620570953766	26.13359843314143	2.9675351652917086E-4
5.0	25.902587798726106	26.839482973760415	26.15629936779582	21.101037075677777	5.927840398825102E-4
6.0	31.88634616003111	23.81783574692782	19.806970916990476	24.483584341312376	0.005262834738217828
7.0	26.06014418486497	22.110389894795855	20.476995535466617	31.35101043281739	0.001459952055174508
8.0	24.925094889531373	24.625182704286004	32.60582261419565	17.843899791986978	0.0
9.0	26.649838666895963	23.784609375683154	21.90486739205839	27.660393087306424	2.914780560745484E-4
10.0	28.814003611580358	21.761810450282518	25.110094949612627	24.314090988524494	0.0
11.0	23.174739126090245	18.997616090674203	23.22355930509757	34.60379998001513	2.8549812284984225E-4
12.0	31.23416963669404	23.7882992660628	18.505360136363	26.47217096088016	0.0
13.0	29.545124092652863	25.397890592669643	27.86772025187621	17.189265062801283	0.0
14.0	29.185834103743634	21.46103208990967	20.759308969803627	28.59382483654307	0.0
15.0	24.32409917959439	22.009335372030968	23.510949042412253	30.155616405962384	0.0
16.0	27.298553786881325	20.329504271887014	18.365040695275564	34.006901245956094	0.0
17.0	19.409818724851704	30.553366242170327	18.95196415978761	31.082776786825406	0.002074086364956237
18.0	28.452826876560195	20.979371197121104	23.03476512180829	27.532520503599905	5.163009104966556E-4
19.0	28.545963643295234	22.76248103470038	25.43526811588603	23.25525683330371	0.0010303728146436584
20.0	19.3482035935756	23.774957857990962	29.039975795358913	27.836608502642935	2.542504315901076E-4
21.0	26.659320569489488	26.41063848436659	22.476052140594284	24.453487935287562	5.008702620803646E-4
22.0	24.352064743006835	23.967135629600605	23.99818624950405	27.682366944397213	2.464334912972013E-4
23.0	27.06944501995042	27.205697752926756	22.53118091389266	23.19294508210507	7.312311250965834E-4
24.0	28.895756798258404	21.88927439889595	20.894318424786672	28.320407409567128	2.429684918459774E-4
25.0	26.342801313667557	28.31589231692818	21.41113321483644	23.929702305980953	4.7084858686567867E-4
26.0	20.968161707295913	23.336983205118887	23.32057050544081	32.37428458214439	0.0
27.0	23.683095244227676	24.445011602014606	21.243042888819687	30.628850264938034	0.0
28.0	26.856748945604608	27.840463165445172	18.60789533131653	26.693262349409512	0.0016302082241676041
29.0	26.22803273516804	20.583582311132556	23.14032141332789	30.047599606584146	4.639337873698666E-4
30.0	19.859156232082416	25.666996504337213	24.996994469824475	29.47639040449812	4.623892577727634E-4
31.0	26.4872132523702	22.63539146658426	22.95134140350958	27.92559263675213	4.6124078383258805E-4
32.0	20.139597994572465	25.278276068258133	23.48259049721724	31.099305459730463	2.2998022170093372E-4
33.0	30.745535929152428	24.83057043388179	21.34319772092309	23.08023753371975	4.58382322944098E-4
34.0	30.895176549089147	26.307322468305255	18.364898585961996	24.432602396643603	0.0
35.0	29.264483581328427	23.70918097874588	23.47765312255268	23.54868231737301	0.0
36.0	23.40939242989357	25.8750361256056	24.196077271248114	26.519266610382786	2.2756286993189044E-4
37.0	23.32182812261809	26.461453752010755	20.844074437272333	29.37264368809882	0.0
38.0	23.813261083699018	27.523561888772868	18.200492735226472	30.462229319793348	4.549725082861868E-4
39.0	28.838210139389307	23.020617243512756	18.21250500418532	29.928212686974557	4.5492593805728426E-4
40.0	23.14613283479914	26.988166635963147	25.136630663946562	24.729069865291148	0.0
41.0	22.933111379456985	29.336116853258016	22.0293770509698	25.693890128282977	0.007504588032228795
42.0	27.642089704962764	24.95480643510886	19.31305781365471	28.090046046273663	0.0
43.0	25.03535649809234	25.760221552229844	26.80227191079703	22.395328849538203	0.0068211893425737715
44.0	28.911669019704135	22.106957488456473	25.321638623461716	23.659507521762755	2.273466149225771E-4
45.0	26.848025241985713	24.974880768898526	21.23313828989184	26.93713599847239	0.006819700751531023
46.0	25.375173323028665	27.89739276703112	23.38735707953538	23.340076830404836	0.0
47.0	25.566790991347276	23.28144425731345	22.07751768842462	29.06970137075347	0.004545692161181152
48.0	23.772926319903828	23.861325164583196	22.718503082597245	29.64724543291573	0.0
49.0	17.952481798929295	19.78235973132402	27.35614110033539	34.904700011815926	0.0043173575953681575
50.0	26.908046603777013	23.356644309940563	23.651553156297144	26.083755929985276	0.0
51.0	23.1400415267675	32.95539734392251	15.575491029036934	28.323845178760465	0.005224921512592061
52.0	18.95053066118067	25.504207595925465	21.20532977288519	34.33993197000868	0.0
53.0	23.733337570105338	26.69597605013312	24.43921404853071	25.127840812370767	0.0036315188600662294
54.0	22.7199582382914	34.14632485616042	19.72219385149627	23.411296088244306	2.269658076010849E-4
55.0	25.315054322057545	30.6086475180185	20.10358509699476	23.968856412362154	0.0038566505670410644
56.0	30.05158661742421	21.336079780042287	22.400932823970308	26.2114007785632	0.0
57.0	23.50221738292105	31.34347318157587	24.468565336236914	20.678031463019042	0.0077126362471219385
58.0	28.4841308726659	26.718021304008566	24.571288584027435	20.22633240786107	2.2683143702251983E-4
59.0	27.30501842925999	23.437255457896228	25.30989509498157	23.942614119648425	0.005216898213779416
60.0	22.571202477830358	23.763408921368338	27.764941693441052	25.90044690736025	0.0
61.0	25.513612051432627	27.102119294490564	20.18918790231338	27.18691828234435	0.008162469419081586
62.0	28.16357254926857	19.170075183878545	27.40629222858076	25.25960657700226	4.5346126987294013E-4
63.0	26.11099900922082	24.81641111214396	26.378532059755095	22.688389745775588	0.005668073104539673
64.0	21.0807576725908	21.612433880420447	26.843302828807513	30.46350561818124	0.0
65.0	20.369711487253632	29.239025252513805	23.7751635645862	26.60862116243601	0.00747853321035301
66.0	26.195359293310883	24.206776365436955	23.797955442145266	25.799682279969815	2.2661913707964983E-4
67.0	23.478117018938132	29.241817534938214	21.8745963438097	25.403656190301373	0.0018129120125816092
68.0	23.097823623788763	22.490731592353224	29.704000145031316	24.707444638826697	0.0
69.0	26.24000978910373	23.357435979941403	26.17452249794361	24.222366742426473	0.005664990584785648
70.0	27.564124345617934	22.35761031335585	27.260124091906846	22.81814124911937	0.0
71.0	20.74218458174014	25.11823020309108	23.11267468526656	31.026004985024553	9.055448776722063E-4
72.0	22.12196259355008	32.694423441737484	19.829900711274906	25.352128618062125	0.0015846353754001203
73.0	25.248942320534034	22.350821356862976	23.268721888588832	29.125402642557535	0.006111791456620995
74.0	24.001548180322267	22.0593061707661	25.10428714670819	28.834405817898684	4.526843047561277E-4
75.0	19.19077839540821	24.94454905937098	23.349372612214598	32.51009433449818	0.005205598508030202
76.0	25.55685814771395	22.957130635911412	26.416191773753322	25.069819442621316	0.0
77.0	20.4651668050957	24.21565055232052	25.245834116004286	30.072895897597217	4.526289822863647E-4
78.0	21.087074583635047	31.913921071687184	18.67464699493121	28.323904779145547	4.525706010137581E-4
79.0	24.56950975023646	22.30561753006078	25.579153636935498	27.54051473283583	0.005204349931438346
80.0	22.198815695094662	28.680588396346167	31.468479252037007	17.65053275619022	0.001583900331940255
81.0	21.0032220402031	24.477776068205884	27.58713537094191	26.93164025378092	2.2626686819502393E-4
82.0	23.584645250625602	22.562186915972433	26.91108526745917	26.941630050636462	4.5251530633023664E-4
83.0	22.743377648261944	22.67686000524901	26.128989927328345	28.45009366770139	6.787514593156375E-4
84.0	22.2631221719457	26.18257918552036	29.44185520361991	22.11153846153846	9.049773755656109E-4
85.0	26.128376192512253	25.6105368652283	22.518658278076778	25.741749975680328	6.786885023380819E-4
86.0	25.426309241036083	22.47008256984504	25.566791086981112	26.535233570863028	0.001583531274742676
87.0	21.06628724472715	26.05502221337507	26.658312145422958	26.219021163781793	0.0013572326930211096
88.0	28.987631533707912	27.129647222750013	21.5525275282068	22.33019371533527	0.0
89.0	24.41002232561927	23.68935947866173	23.91940157387699	27.980085638089726	0.0011309837522874146
90.0	20.222203122243382	25.98175147811218	30.50181173351911	23.294233666125333	0.0
91.0	27.00861505474597	25.89922037034105	27.643718066735573	19.44799415560476	4.523525726421687E-4
92.0	28.725256929869005	23.270246797423464	21.521947600781647	26.482548671925887	0.0
93.0	27.01105492179231	27.331303883697156	19.869005509367735	25.7886356851428	0.0
94.0	30.220256147564157	22.707709982879773	19.153849111308624	27.91366158035312	0.004523177894324995
95.0	25.726690938694286	26.61993170665521	23.190791705298388	24.457384500576648	0.0052011487754686685
96.0	23.344978462164637	24.7812863910276	25.669255729290324	26.20357494149171	9.04476025732343E-4
97.0	23.167993560363676	24.94070243589193	23.92704760311219	27.964256400632202	0.0
98.0	26.05089896176247	23.507081358752668	27.13910393227942	23.30291574720544	0.0
99.0	18.272599899373	23.2116709271447	29.408128224971293	29.107600948511013	0.0
100.0	21.461429303035978	24.71737232403311	24.832431286111028	28.988767086819884	0.0
101.0	16.433627959230634	19.390038666829092	36.82643240975108	27.349900964189196	0.0
102.0	23.5955512441627	23.524037268481965	27.723734969657322	25.156676517698017	0.0
103.0	26.38340589681698	21.873265807936114	27.020460646529358	24.722642062758013	2.2558595952987888E-4
104.0	20.865412595899418	35.26910487860447	22.398449818746997	21.46680712740496	2.2557934415061483E-4
105.0	26.336922219740906	22.6063751796135	23.797181675249767	27.256137311560906	0.003383613834920248
106.0	23.379327301559375	25.714665962884514	25.40901698325585	25.496764181097586	2.2557120267798134E-4
107.0	22.470929248953905	26.417333047607233	25.345634593911775	25.76542638981311	6.767197139731342E-4
108.0	20.95679123734594	30.058691376292472	26.828635617229367	22.15565620657921	2.2556255300719996E-4
109.0	21.73409961340148	27.02287562534679	23.305304564749612	27.937043536316352	6.766601857657764E-4
110.0	27.395647496374416	27.537513222381854	19.953222652505655	25.113391087043308	2.2554169476540282E-4
111.0	27.781073162810316	20.357886332522142	29.017932658368313	22.842431227319167	6.766189800645494E-4
112.0	27.32857619687689	24.1285599588637	26.045096571072886	22.497316217264615	4.510559219131988E-4
113.0	25.138694691263364	25.779170989129945	23.842857787199495	25.23859997293762	6.765594695773759E-4
114.0	20.870139798792575	28.789665849538704	27.006718190080353	23.33302512499352	4.510365948541235E-4
115.0	23.545556440100402	24.912441336259096	24.277824260233594	27.263501399359967	6.765640469355032E-4
116.0	28.518689744601676	28.029993798274795	23.702993741895472	19.748097197947793	2.2551728026160004E-4
117.0	23.913519023424374	25.437106896963872	25.180920422076237	25.467777108746198	6.765487893159415E-4
118.0	28.085613063411486	23.873064268430465	25.322875628330515	22.717996017472604	4.510223549230218E-4
119.0	26.859838670031277	21.227947925193767	25.249245104738193	26.66229176955568	6.765304810808251E-4
120.0	25.851509083364903	22.78779022568599	29.981643845501615	21.378831339863975	2.255055835182479E-4
121.0	29.840295505182162	20.11302441796484	26.07792641235421	23.968077141645843	6.765228529419724E-4
122.0	26.773303144971788	16.969226814120574	27.7314979771693	28.525521042400513	4.5102133781949223E-4
123.0	25.130231236554046	29.454133798783154	23.679083172094657	21.73587526666396	6.765259041768709E-4
124.0	22.201050374215544	22.239385199600417	23.076662885800555	32.48267604141063	2.2549897285217867E-4
125.0	21.383279064103835	24.779014494845175	28.863863909008092	24.97316604580263	6.764862402698729E-4
126.0	27.429716973686286	23.088146088572287	25.997560079105753	23.48435135762881	2.255010068619956E-4
127.0	25.807077203395178	21.539648034060054	27.800303076770426	24.851844168027203	0.0011275177471293397
128.0	22.760175893561847	25.978351561619125	23.407148494757017	27.846205885669185	0.008118164392828956
129.0	23.546788920484655	30.543309377177536	23.764626822926648	22.140764777911325	0.004510101499834254
130.0	28.930959441631803	22.02735462920157	27.07905329980719	21.962632629359433	0.0
131.0	27.56437867447247	25.021029201837493	21.896980589990324	25.516934991013258	6.765426864608023E-4
132.0	21.254011243885884	30.816726464174486	23.231951939491385	24.69099609643673	0.006314256011509986
133.0	25.95899277006274	26.011311717189027	25.503908135145252	22.523081225165413	0.002706152437566808
134.0	24.81733882970567	21.84988408908453	23.625982085674853	29.706794995534946	0.0
135.0	27.129262132419267	23.154203499909794	27.6928107523002	22.0230470864153	6.765289554392928E-4
136.0	28.441469701445754	24.926878000708104	28.06667012450472	18.55889337154996	0.006088801791460794
137.0	30.982427970917755	24.283317397030434	20.397039455880495	24.3363131212903	9.020548810189611E-4
138.0	25.479999458774394	21.442907463952118	30.54722418917639	22.529417866759278	4.5102133781949223E-4
139.0	28.15073559257823	24.965497956937842	28.976078583476905	17.90543283151277	0.0022550354942586794
140.0	23.762478943368656	22.779497888135445	28.790588277742323	24.667434890753572	0.0
141.0	22.759090376063288	20.053401167248484	31.00898438557086	26.178073047745333	4.5102337203113864E-4
142.0	26.115293194354866	24.837289649231213	23.19778271910082	25.849183403769736	4.5103354336462005E-4
143.0	27.725069853347435	24.043082432587855	25.08315874694709	23.148463451871663	2.25515245958203E-4
144.0	24.68253807175282	24.863622730522124	27.306123277384266	23.14726490002007	4.5102032072055005E-4
145.0	25.163268987912684	20.975780263395276	25.132825184917913	28.727223525166877	9.020386072523904E-4
146.0	22.698048660582405	22.084661024402454	23.76200559716218	31.45032349432504	0.004961223527926051
147.0	25.52852751951183	27.305507510446525	25.52243888248705	21.639241491129756	0.004284596424842541
148.0	24.057846170498724	27.542327016227237	25.798733572066425	22.600642234108765	4.510070988517359E-4
149.0	21.922782012538903	29.374182490640926	21.466104370574175	27.23354832889811	0.003382797347886879
150.0	21.37795719537223	27.210933447599288	24.90719649985341	26.503912857175077	0.0
151.0	23.339926341737353	27.115081450341567	23.640784034244554	25.903757112668274	4.510610082566718E-4
152.0	26.35258721985787	26.501891107397306	24.371717062367075	22.773579075804427	2.2553457332241745E-4
153.0	25.9212063529295	16.25378338513169	28.351143247644266	29.47319040294461	6.766113499298579E-4
154.0	26.898284518262233	24.795996156743517	27.541984870560743	20.758998046795707	0.004736407637795631
155.0	22.603900653122107	23.150805667924697	26.409410382155528	27.835657302989897	2.2599380776966712E-4
156.0	25.26945512320693	27.36656067006127	27.960051258059927	19.40370694311666	2.2600555521654723E-4
157.0	25.690949237351145	22.38677789052842	29.06337364482644	22.858447220269802	4.520070241891559E-4
158.0	29.495863080507778	20.14671882733418	23.956165151340517	26.401252940817532	0.0
159.0	26.69489993310795	20.242076907779367	25.79637698190299	27.265968217236452	6.779599732431797E-4
160.0	21.515348736305455	27.881955743573055	26.373070108833208	24.229399428716057	2.259825722240301E-4
161.0	29.247932894490052	19.961493874950005	27.068404865691807	23.718100816447357	0.004067548420774326
162.0	30.82980997597865	15.895670959475552	28.723704756588926	24.550588331002004	2.2597695487014234E-4
163.0	19.328202045584998	23.829528557288583	31.244661185860785	25.597608211265634	0.0
164.0	27.58850567439674	26.77497209127847	23.013283195559914	22.62188314945968	0.0013558893051971237
165.0	26.52366198647241	18.826991003450825	27.042980499567232	27.60568854900419	6.779615053457265E-4
166.0	22.50822606306046	24.80609994214637	23.744847411050042	28.94037460225629	4.5198148683829907E-4
167.0	19.653414329880132	25.739681076096975	28.55467266908933	26.052005930104322	2.25994829238307E-4
168.0	23.87266345899598	22.17496344475808	25.744834241470254	28.207086857966786	4.5199680890252913E-4
169.0	20.549954460498153	23.23328203076798	28.368058616005946	27.848704892727916	0.0
170.0	25.339341972635683	25.460479033796336	22.00084072736477	27.199112264223434	2.2600197977734284E-4
171.0	23.722083357816658	24.19713522480214	26.26367864616998	25.816650771337784	4.5199987344003543E-4
172.0	25.24724766293971	27.06114950415051	23.773466522824425	23.917910616189474	2.2569389588289197E-4
173.0	25.774237717879483	25.48031048460773	23.946610362570407	24.796585661855104	0.002255773087273605
174.0	25.990923117178404	33.25197823713582	15.596042623453727	25.16015374759769	9.022746343532043E-4
175.0	27.291797776379273	23.77004991755596	26.92954023066287	22.00703311972319	0.0015789556787140983
176.0	19.24773022049287	25.360175943156825	29.285061749281	26.106129814470197	9.022725991090058E-4
177.0	26.41998479574642	22.93699258059495	29.66295734011284	20.948934912710893	0.031130370834903012
178.0	21.686464343879564	20.68131679742307	28.464443131115814	29.167550155870053	2.2557171150280387E-4
179.0	20.972857619808163	26.836938180702564	29.48756124631169	22.701289443527063	0.0013535096505238084
180.0	24.98053104536436	21.691237051734376	26.507122815809016	26.821109087092253	0.0
181.0	23.635907938321477	25.371604305484368	27.698661253576052	23.29314911363652	6.773889815908255E-4
182.0	26.73756223117824	25.08777277294228	19.61910567728971	28.55555931858976	0.0
183.0	22.461102869954548	20.63021140259969	26.739279158453733	30.168954998769472	4.5157022255638417E-4
184.0	21.25681308111574	20.80749969518941	28.67206444824768	29.259332848646867	0.00428992680030165
185.0	27.19877539132614	27.231061350094937	22.255637060668253	23.31384887010433	6.773278063384336E-4
186.0	28.323169561516597	26.768913985365074	21.189488680621253	23.71842777249708	0.0
187.0	23.689375647943407	19.912274956126186	24.068373134092383	32.32929867396052	6.775878775011463E-4
188.0	28.542452968692473	27.69341618161572	26.296198420281115	17.467706561683347	2.2586772734151429E-4
189.0	22.353382303779398	25.54165650213681	25.69367269310348	26.410610865656537	6.776353237741577E-4
190.0	31.940918167279563	23.117043288126712	18.684098773909668	26.25748800563803	4.5176504603485824E-4
191.0	24.732852026347604	29.32153792269713	23.51195923578393	22.433650815171337	0.0
192.0	20.313202643918423	22.00598836223942	25.988588215355062	31.69222077848709	0.0
193.0	22.934477763389538	25.031243573315614	22.614019268188507	29.420259395106342	0.0
194.0	25.596637136141748	22.647577291629002	26.90878683782318	24.846998734406075	0.0
195.0	26.41355913815666	26.895198746968564	25.837670952679076	20.852893114881557	6.780473141415808E-4
196.0	31.535175885078313	26.766821406040485	23.307458015733218	18.39031857618672	2.2611696125938101E-4
197.0	25.220767649539695	24.493732573206668	19.915107630589294	30.36971373135206	6.784153122858751E-4
198.0	28.493927931515028	20.809729788427777	24.72286572674787	25.973250321249523	2.2623205979765802E-4
199.0	28.543201046584795	18.54971956778583	27.708015517701863	25.198837530385816	2.2633754170269207E-4
200.0	26.689694667719976	26.216835943601012	21.002714014409854	26.090529017771246	2.2635649790280705E-4
201.0	25.642151680675124	22.84355426173213	30.168848484574102	21.345219204223138	2.2636879551427594E-4
202.0	26.70875931577184	25.478579384411987	26.845496282746694	20.967165017069483	0.0
203.0	20.509714508251843	25.435460389123737	26.06015047808377	27.994221786491387	4.528380492642514E-4
204.0	24.32664983527121	21.44553760458297	26.948951056868225	27.278635071948553	2.2643132903868578E-4
205.0	31.52087027211855	22.539622154439787	21.67052754812515	24.267847802014906	0.0011322233016084365
206.0	25.558391325713743	24.108147769038975	20.36727123676064	29.965963209467798	2.2645901884365497E-4
207.0	24.418573046432616	22.77938844847112	28.58210645526614	24.219705549263875	2.265005662514156E-4
208.0	30.735634579401143	24.543428128723594	19.949846185908907	24.771091105966356	0.0
209.0	19.972175899071924	25.537675826566126	26.99187028712297	27.49782482598608	4.53161252900232E-4
210.0	24.46854319644638	23.074743903544555	26.32240957302148	26.134076692956214	2.2663403136614994E-4
211.0	30.156650565651116	22.551244069786684	24.936022830046266	22.35540252916656	6.800053493754151E-4
212.0	25.24506914531852	20.678984357288595	25.27068691906597	28.804806166402173	4.534119247336205E-4
213.0	36.86238141019827	18.595470459121664	22.754956736263537	21.786964645273642	2.267491428882399E-4
214.0	28.194200301665965	25.73097292944872	21.246810392732797	24.827789559635733	2.2681651677875184E-4
215.0	24.877632379516704	21.313306513862276	25.083318954948737	28.72551512454708	2.27027125200919E-4
216.0	23.092085324364295	26.182940140323534	26.531128444569013	24.19384609074316	0.0
217.0	27.680069107047366	19.666485367314014	25.044220283284048	27.608539656567228	6.85585787349571E-4
218.0	24.920204716176432	25.61107595226958	28.4444964183841	21.023993616377293	2.2929679259646514E-4
219.0	27.7575832821765	24.21730043661496	22.943552744420455	25.080873781720108	6.89755067975362E-4
220.0	26.54227233232463	20.18142889079926	25.915153414813467	27.36068441467749	4.609473851607208E-4
221.0	27.327212711278275	22.198011144806145	22.344665505460213	28.129879322429097	2.3131602626824796E-4
222.0	21.955915826636314	26.52390021833047	26.32740279648813	25.192316625632927	4.645329121568263E-4
223.0	28.129255593733433	23.105581937479123	27.27574261935517	21.488719099863822	7.007495684550574E-4
224.0	26.834888138257558	25.391820197804872	25.595800623169556	22.177257118261863	2.3392250615216192E-4
225.0	29.521332165755375	21.65919714146866	20.11419100229368	28.70481015511101	4.6953537127335644E-4
226.0	21.46343234802818	19.579005979616046	29.155106882610692	29.80221270002663	2.4208971844965742E-4
227.0	25.74451429710557	22.126600249913697	22.879258621779446	29.24865440436425	9.724268370358485E-4
228.0	28.814013455946156	25.879958407999826	19.779060935230046	25.526967200823975	0.0
229.0	31.83115145604361	19.96574015029321	23.258936944371506	24.944171449291673	0.0
230.0	23.842774601660825	29.443365071957228	25.284709152796868	21.42915117358508	0.0
231.0	20.9808134203015	24.8031881459499	25.323296959205333	28.891671045988026	0.0010304285552361226
232.0	23.565454568957716	25.731201282333018	21.79061259840484	28.91221448053879	5.170697656381287E-4
233.0	23.910889930655767	20.844091179735987	28.352612954137125	26.891885918726583	5.200167445391742E-4
234.0	27.62128140128093	18.714544817982475	25.84414592990963	27.81844840884382	0.001579441983147354
235.0	28.23081960876941	24.773195765605205	24.872506495458545	22.12320972278886	2.6840737798200596E-4
236.0	33.72036445430558	19.50864842170822	22.31100953397783	24.45942151081157	5.560791967992081E-4
237.0	23.019964330470653	29.892907680671186	22.92702259907505	24.16010538978311	0.0
238.0	31.171804036591983	21.944785810903916	26.87705464331814	20.006355509185962	0.0
239.0	26.342425313166085	28.256186383686867	23.346973202785726	22.05384518938142	5.699109799049388E-4
240.0	26.091365838207903	22.023461859223033	28.565118718634945	23.32005358393412	0.0
241.0	31.58510226700838	19.936175845146426	25.843837361857357	22.632848203818394	0.0020363221694394587
242.0	22.215298242344474	17.53171118073917	27.216288306756898	33.03553748849778	0.0011647816616775185
243.0	24.79855636923364	24.34027939735995	21.491207612295348	29.36820747236345	0.0017491487476094967
244.0	22.35413285382343	27.313090386838386	26.558212580129144	23.77339654145698	0.0011676377520637997
245.0	30.86606303264	21.92746929095673	21.869215256051618	25.335478185786016	0.0017742345656378076
246.0	20.72474882816086	29.122904680546135	24.315329106914962	25.83435243117758	0.0026649532004607407
247.0	29.644316840375616	22.258077910984298	23.934166582629896	24.016918084910753	0.14652058109943825
248.0	24.63929462059138	21.551775323595773	33.63525709535685	20.162985393658712	0.010687566797292483
249.0	25.855083697288595	15.86000268308316	32.69098334997839	25.577831770685826	0.01609849896403178
250.0	29.654979079248346	30.657027911235176	19.215181039804598	20.472215512073795	5.96457638087399E-4
