# Position (bp)	A	C	G	T	N
0.0	23.74766683299144	23.941157990057473	25.44722884441241	26.86385392988487	9.240265380421725E-5
1.0	22.881110789702053	30.13492424675126	23.77010367591649	23.138596294051208	0.07526499357898403
2.0	24.366432102184127	26.961882428271384	22.277799295110576	26.392966193459124	9.199809747934413E-4
3.0	25.61675915832894	21.806372274191975	25.48367410337621	27.08731225172928	0.005882212373601366
4.0	25.79667317436908	23.656110475441842	22.76195951021428	27.78507317951157	1.8366046322842034E-4
5.0	28.68239450571221	23.75153169414544	22.076940573935886	25.48858291693265	5.503092738118823E-4
6.0	25.16093767310356	23.705883483963	23.943387295102607	27.18402333653484	0.005768211295988895
7.0	25.92769643911544	25.742330817308833	22.5930347130946	25.736755224147984	1.828063331426054E-4
8.0	27.47455131448786	24.224960453677237	22.891280662645933	25.409116396110555	9.117307841340609E-5
9.0	26.492171654903146	24.98537331929657	22.234465464200344	26.287989561599932	0.0
10.0	24.70134408797667	24.365867584060048	23.369802387065334	27.56298594089795	0.0
11.0	27.091259271256774	22.733394481522627	22.478649481795504	27.6966967654251	0.0
12.0	27.935168191470705	24.713806233841098	20.427628094825508	26.923397479862686	0.0
13.0	25.769167390461018	22.152398477113795	25.02317286268963	27.055261269735553	0.0
14.0	26.691639097769865	22.13715275274834	24.151201653370556	27.020006496111236	0.0
15.0	25.19705613378043	23.20815425483805	24.418964957004412	27.175824654377106	0.0
16.0	26.297265984159118	24.51436275702264	22.493145375757102	26.695143421416113	8.246164502735665E-5
17.0	28.400132082372252	26.850989931544838	18.690059348259073	26.05752687868202	0.001291759141819814
18.0	25.74027838762095	25.844361256494164	19.90691033328953	28.508369897215164	8.012538019492903E-5
19.0	25.287373736971	24.793525508580743	21.614571911813844	28.304209870744618	3.189718898047812E-4
20.0	23.21683388545592	26.454423783352794	23.33912350143805	26.989618829753237	0.0
21.0	23.990635277445975	24.52400435160191	23.304427159262985	28.18061969570138	3.135159877477952E-4
22.0	22.2441864616464	26.91853362701772	25.828936604840823	25.00834330649505	0.0
23.0	24.963317645622574	24.505048990935848	23.061784752039646	27.469616811374276	2.3180002766146995E-4
24.0	27.242111467489604	21.78883340039289	24.438054911469933	26.530923872006085	7.634864149044764E-5
25.0	24.997827898546618	25.915625757874526	19.535011631131084	29.551459161092865	7.55513549002231E-5
26.0	26.734830984454867	25.15446687698109	19.521366853384595	28.589260137100155	7.514807929024143E-5
27.0	25.705747167791753	24.291179640781397	20.5991523988133	29.403920792613548	0.0
28.0	28.166678874158514	23.195862178156876	22.311891798711038	26.322607757010246	0.002959391963327215
29.0	27.17084968306118	23.94859565020967	22.36803856717441	26.51222321396537	2.928855893700104E-4
30.0	24.840489789747444	24.115007261367055	24.68741232208197	26.3569452540897	1.4537271383235908E-4
31.0	26.043082654141386	24.580554382595718	22.730539632224065	26.64553410806527	2.892229735592358E-4
32.0	24.590297717349987	22.35489420006314	24.47103610849227	28.583628802895493	1.4317119910890245E-4
33.0	23.915258945959966	24.248207689712746	25.143016297337827	26.693517066989457	0.0
34.0	25.470024906311355	26.521601286720642	23.018830521092333	24.989472988637857	7.02972378106347E-5
35.0	25.491889036034436	22.77820067640608	25.456087480926115	26.273683771467898	1.3903516546922632E-4
36.0	24.511457947703168	24.700311097188873	26.155570820625623	24.63245176396065	2.083705216833838E-4
37.0	24.74328222466754	25.37998257422443	22.252854251785102	27.623880949322928	0.0
38.0	26.64855223341939	25.699175480969433	21.299242108769885	26.352891368923682	1.388079176036201E-4
39.0	23.607299694493033	27.36407090981126	21.240470687498224	27.787950549919476	2.081582780037066E-4
40.0	25.732287091642807	25.739571286950813	22.59321515362368	25.934718347916757	2.0811986594305702E-4
41.0	23.722486226205827	24.64841536339025	21.683277993073393	29.941797352684734	0.004023064645793435
42.0	24.233572187499135	26.146694186217477	20.80978774991608	28.809876522660634	6.935370667820712E-5
43.0	25.956797036496663	25.180000790526442	22.98469499201499	25.875664059547443	0.002843121414459838
44.0	28.674457882782317	24.72731205817343	23.03821375184773	23.559808307240896	2.0799995562667612E-4
45.0	24.95400595323095	24.111278558247804	21.759378002437305	29.171871468995093	0.0034660170888506548
46.0	25.502612789394412	24.257041084458354	22.15530345301311	28.08504267313412	0.0
47.0	25.46103748942225	24.49027539925164	23.180609430953357	26.86634504295901	0.0017326374137406463
48.0	23.11427363870047	24.013122795834516	22.676662347830305	30.195941217634708	0.0
49.0	23.16035670540767	25.52686929484728	23.95713826491307	27.353765192956786	0.0018705418751974459
50.0	27.752486138858025	24.170755969088475	19.914048450960237	28.162501627870245	2.0781322301683842E-4
51.0	24.43966717317439	27.316372481255293	21.08307234564789	27.158602481934018	0.0022855179884117313
52.0	22.924208441994818	26.076612914377055	21.216229670047042	29.782948973581085	0.0
53.0	22.81332189566277	24.713028799603592	23.873560830717185	28.5982251366965	0.0018633373199550313
54.0	22.890695735706558	28.477712386546827	22.43239736766557	26.199194510081046	0.0
55.0	23.9506859575593	28.911142197817934	22.119790605327943	25.016591305880343	0.0017899334144769817
56.0	26.440715534100214	25.219775416404804	24.894182206916206	23.44532684257878	0.0
57.0	22.86454468994206	27.750422940804803	23.14583990055901	26.235062859534096	0.0041296091600237315
58.0	25.62183097428444	24.511192407000625	21.645512301738044	28.22132668285244	1.376341244542807E-4
59.0	26.67675888430534	23.022848551365374	24.80284050052812	25.49514369368285	0.0024083701183197836
60.0	24.18449601757759	22.8687173853337	23.70935182642131	29.237366108212033	6.866245536940401E-5
61.0	24.849098573370497	23.93050845130374	22.955416111713742	28.259690507902075	0.005286355709950706
62.0	25.341772673289075	22.283907817144584	24.541660087734353	27.832659421831984	0.0
63.0	27.162833672322744	23.53304992308384	22.677327614789043	26.62459216587806	0.0021966239263142505
64.0	24.78687810331788	21.665200640119256	23.343595519165213	30.204325737397653	0.0
65.0	23.685690467595467	26.121244793211464	23.948316052149742	26.24077573871152	0.003972948331806945
66.0	24.6001315086508	24.246085562815928	23.373470869463965	27.77969561226866	6.164468006411046E-4
67.0	27.379632337480796	25.06128051098255	20.378483777358777	27.179507550567124	0.0010958236107524951
68.0	23.806565916323844	22.709164710853546	26.47665317286877	27.0074792302577	1.369696961395776E-4
69.0	22.990878977820966	24.90198616267181	25.23110721224336	26.8734253584824	0.0026022887814645818
70.0	26.00555581378181	22.941655752810032	24.310444765860183	26.74207025151541	2.734160325693178E-4
71.0	24.79034299701644	22.80532419383534	26.117915065652653	26.285599769331284	8.17974164286021E-4
72.0	26.941961303900964	25.44485247010008	21.89652869220053	25.715362574869072	0.0012949589293552197
73.0	25.21947310100056	23.354241374751428	22.464082192863735	28.958727744316732	0.0034755870675449684
74.0	25.049076356064383	26.384307558338005	22.87302289230593	25.693048089718594	5.451035730857837E-4
75.0	25.75600868837671	24.870614590913178	21.62160320717745	27.749661376786115	0.002112136746546316
76.0	26.941755179626238	24.039188701227033	25.489892830620605	23.528209460610313	9.538279158178733E-4
77.0	24.173997518875822	25.15840840175954	24.51142223188088	26.155694970239452	4.76877244303531E-4
78.0	27.237335000950296	25.59778414033596	20.611554923387036	26.553053448894833	2.7248643187873265E-4
79.0	27.389404975916065	20.92144979090471	22.644076155780247	29.04295734783115	0.002111729567824326
80.0	23.619502771688857	23.316926170491904	28.187374068327	24.874085356300636	0.0021116331916041465
81.0	24.93896989908237	24.71943863205388	21.850751433117548	28.490567579938535	2.7245580766799624E-4
82.0	22.692446794091584	22.22991109588472	23.813402841962088	31.26308139633881	0.0011578717227973365
83.0	25.349303980107297	22.181986096628904	23.98116976565049	28.48706340833508	4.7674927823564627E-4
84.0	23.359261887477068	25.84776293011276	24.71373486952412	26.078150687077173	0.0010896258088769091
85.0	25.283200032686747	27.140760715975986	20.748730834839986	26.82696792953282	3.4048696445656575E-4
86.0	26.104799699303822	24.15585812805735	22.880827350278363	26.856403956987375	0.00211086537309205
87.0	21.601512073163427	22.043736280496105	25.990051146855205	30.36436006514551	3.404343397480241E-4
88.0	24.289141795820772	27.709240543904222	25.48155349853076	22.519179078260443	8.850834837975256E-4
89.0	26.13536795337276	26.6939716415868	22.03751120781623	25.13240030745329	7.488897709146191E-4
90.0	23.35027765126837	25.893286877718392	24.83299056659648	25.923240673987646	2.042304291085546E-4
91.0	27.02310643500328	24.241743520205198	23.86360232752541	24.871071211712778	4.76505553331863E-4
92.0	24.968042310755344	24.517503556526652	22.968491556227157	27.545962576490844	0.0
93.0	26.41591239822651	26.50630209489012	20.55344631137889	26.52413500191261	2.0419359186057116E-4
94.0	27.51063289640166	23.270882436816876	22.943506973914097	26.270349515845044	0.00462817702232619
95.0	23.2964116175795	26.277508379698162	24.368400455991697	26.05516138362854	0.002518163102104708
96.0	25.911152972433683	24.612257231172954	23.494795842118084	25.98077313083826	0.0010208234370172357
97.0	25.504323943240248	24.694248080288972	23.44946416856982	26.35196380790096	0.0
98.0	27.338033056838984	23.2203539762791	24.53439394661096	24.90721902027096	0.0
99.0	21.733601931621735	22.57368594002257	26.49203695879792	29.200675169557773	0.0
100.0	22.781968390804597	24.981972200452805	24.4512745994427	27.784784809299897	0.0
101.0	23.65339928928651	22.455226682774722	28.30187909163633	25.589358888544233	1.3604775820504032E-4
102.0	25.006037279435223	24.133267756574174	24.803864947249483	26.056625939689788	2.0407705133150073E-4
103.0	25.9097939301275	25.316912855936085	25.65678055442576	23.116376630814038	1.3602869661383764E-4
104.0	24.877222024610685	27.088075726857173	23.435307687965413	24.5990545024712	3.400580955250395E-4
105.0	27.212108598688427	23.62758740768853	21.154068506026686	28.00297083440455	0.003264653191810617
106.0	26.559607382792255	22.869639497856955	24.320530381449707	26.250086714755383	1.3602314569847207E-4
107.0	25.355984490862436	24.408596812071064	22.684800106640623	27.55021052681692	4.0806360895536396E-4
108.0	23.150671518791103	24.536817941981212	24.282108607081273	28.030333937129086	6.799501732513041E-5
109.0	25.170054152176796	24.532329835367864	25.985430242953928	24.311573880498077	6.118890033347951E-4
110.0	24.123977948779658	24.330308734760585	23.717502901208004	27.828142431467246	6.798378450771922E-5
111.0	25.04653543831692	24.104201310470575	24.154237954153928	26.694549405067026	4.7589199155359703E-4
112.0	25.69160959195119	24.017538790979078	23.779609455991572	26.511174181268167	6.797980999643106E-5
113.0	27.557052235457903	22.1588761668076	23.54341081688088	26.740252925006185	4.0785584742928456E-4
114.0	26.391429513389685	22.658971718345857	27.353230076915498	23.59596083189733	4.078594516329673E-4
115.0	26.93853216559925	23.39576491318473	26.246960394888635	23.418470601911494	2.719244158893594E-4
116.0	26.312801917588818	24.55129590880848	25.24809417177539	23.88774002150897	6.798031833823472E-5
117.0	25.558638899350505	26.528464580900156	24.575556803395816	23.336795863454853	5.438528986679682E-4
118.0	26.210622848825864	24.543524502735895	25.4777875443831	23.76765721798587	4.0788606926313347E-4
119.0	27.5672963773451	21.259516530670098	24.666058913944525	26.506924234173784	2.0394386649018724E-4
120.0	24.79563236190866	23.888291034472445	24.67197507003734	26.64403355266244	6.798091911562262E-5
121.0	27.79026385274499	23.652591619690924	23.844777466872245	24.711959167135745	4.0789355609760074E-4
122.0	26.92323119019698	23.637927225139787	24.247862812080424	25.190570879858598	4.078927242135318E-4
123.0	24.092634275307294	27.642626831335924	23.273525498831056	24.9907375242099	4.758703158215323E-4
124.0	25.205251669103784	24.550594527936457	22.919594098976273	27.324423741960395	1.3596202308771116E-4
125.0	27.25581913883339	23.512780998075524	23.888838660250393	25.34208535258125	4.7585025944035927E-4
126.0	23.762913999121732	24.77706824519162	24.951362198333467	26.50858757999236	6.797736081975259E-5
127.0	26.382115865935614	23.314848475373083	27.044063206522406	23.258224719498287	7.477326706156015E-4
128.0	26.060711527794396	23.21302328616643	24.85140249937461	25.866365574323225	0.008497112341341918
129.0	24.435418635161682	26.221645174666403	22.076419525657844	27.264137476293087	0.002379188220979002
130.0	26.1547685568503	23.98771237884702	23.813146041599538	26.044373022703144	0.0
131.0	25.491679582347665	24.89232400685211	24.69627756478234	24.919243005139084	4.7584087881012585E-4
132.0	26.293697071703097	26.10404229777295	21.57781895650448	26.018527707950685	0.005913966068789622
133.0	26.627915987476158	25.601754860602238	24.13667465607696	23.632091054806086	0.001563441038559894
134.0	25.68814261651216	23.30440326985849	21.6407206957354	29.366733417893954	0.0
135.0	26.026232396520292	23.90137565101777	26.37786016185889	23.6943278696102	2.0392099285053E-4
136.0	27.46543114711085	26.360900047718683	24.292206900583363	21.875072223785654	0.006389680801456304
137.0	28.880036978628524	21.93301702104519	24.06057969438251	25.12636630594377	0.0
138.0	25.897814088795844	24.225823115195343	26.00962453440635	23.865650743590443	0.001087518012017074
139.0	25.596925601207683	23.99692233866917	24.714205024717128	25.691199370330065	7.476650759525764E-4
140.0	27.462736682981937	21.249861509401388	25.06051104560232	26.22675482032247	1.3594169188951475E-4
141.0	25.808203498306852	25.365715396546822	25.066237274218917	23.759707889882318	1.3594104508756643E-4
142.0	28.85732327094298	22.8573409433389	23.36222770066496	24.922836202038987	2.7188301417666006E-4
143.0	26.695046008246003	25.14589555332919	23.924491829441198	24.234566608983606	0.0
144.0	27.712228964019104	25.435598092238386	22.943912433823417	23.907716755717743	5.437542013508213E-4
145.0	28.275645504645023	22.00364043685242	23.31973040648373	26.40016802016242	8.156318564052929E-4
146.0	26.923814119774075	21.700231772550246	25.27027669972201	26.100783676687488	0.004893731266184997
147.0	26.657994217460985	24.054968103601784	26.56963854373538	22.71413677186429	0.003262363337560813
148.0	24.468249237588857	24.37268872351951	23.794296138362924	27.36429013694515	4.757635835600573E-4
149.0	27.534810507278145	24.648360693063317	24.22622360963568	23.588974005028128	0.0016311849947292334
150.0	25.28580089498839	24.139538803673478	24.651805473240067	25.922786861178928	6.796691914111563E-5
151.0	27.117661412062006	23.3973659688394	25.56683597490894	23.917932740244726	2.0390394492962255E-4
152.0	27.362268011106238	24.516718833369016	23.06624661426207	25.054698571617916	6.796964475665167E-5
153.0	24.514452572208484	23.61771746828835	25.05842066412638	26.809205383809147	2.0391156763134965E-4
154.0	22.836889266810903	24.454748936754477	24.96745860360535	27.73832027259325	0.0025829202360245322
155.0	27.227983589450748	23.759470566041585	23.621129771822666	25.391144149747962	2.71922937039643E-4
156.0	26.33574034216598	23.270848997472438	25.734713273173977	24.658357478201637	3.399089859699167E-4
157.0	24.95222517493642	22.372826508892473	26.869608548957384	25.80493187116195	4.0789605177016686E-4
158.0	24.299836767382303	21.418417343856547	26.357206811851462	27.92453907690969	0.0
159.0	26.590209607645974	21.879663414896143	24.09804669414661	27.431808339299106	2.719440121667751E-4
160.0	26.08938923497494	21.589265840547206	25.669576237020642	26.65176868745721	0.0
161.0	24.540925450780275	20.237556207313375	29.301499632196474	25.916415458897784	0.00360325081209115
162.0	25.30400375288095	23.222650540156504	25.086173489159474	26.38717221780307	0.0
163.0	25.065302020997272	24.04093393107968	27.29284540043974	23.600782672426572	1.3597505673559245E-4
164.0	25.723353523843457	24.379004135779763	23.917629789580392	25.978312822141074	0.0016997286553174652
165.0	27.067200899665412	22.150997199424246	26.343565848885852	24.438032077097084	2.0397492740192378E-4
166.0	24.843666814665028	23.209452131822346	25.45370110359636	26.49297597055082	2.0397936544739134E-4
167.0	26.750531721035482	23.887329536491567	25.565446564075785	23.79648819334519	2.0398505197539126E-4
168.0	25.788215391143048	24.10033835056818	23.7296214499029	26.38175681188905	6.79964968204838E-5
169.0	26.56570759858537	22.08891569525693	25.87661470024051	25.46862600968701	1.359962301844993E-4
170.0	31.025281672470456	22.827013085215402	23.289140216416392	22.85849702602559	6.799987216024033E-5
171.0	25.221491981136886	23.836270353156376	26.612629581903924	24.329064086305202	5.43997497611511E-4
172.0	27.666707687621578	24.19898653311513	23.634257166032203	24.499980622698097	6.799053299818533E-5
173.0	28.295980832877817	20.247516405457517	23.065474976408233	28.38993998036512	0.0010878048913146939
174.0	24.013350230753122	25.629709906474957	24.204126088836553	26.15233785411834	4.759198170292269E-4
175.0	25.997030123037764	24.19851397365186	22.471389097396735	27.33197893889451	0.0010878670191355809
176.0	24.77823274308724	24.011855691833606	28.15441229467065	23.054003369855973	0.0014959005525312678
177.0	22.249943899304352	26.396159312375474	24.306289397988536	27.025235112915404	0.022372277416239962
178.0	25.339641577840816	23.260654342108484	24.076338099421488	27.323093995381694	2.7198524752017453E-4
179.0	28.520310010465604	24.053012143232614	22.925324253619948	24.500265550335218	0.00108804234660813
180.0	26.849349815182638	21.916386593871607	25.701443423249827	25.532547424864465	2.7274283146606773E-4
181.0	28.401033882606235	22.258940598198357	25.746313514517798	23.59330216749226	4.0983718534750094E-4
182.0	25.304154363461052	22.4703425594856	25.86916855368932	26.356197947538497	1.3657582553257744E-4
183.0	23.867376678858335	24.569239846270253	26.50752396222859	25.055518073078993	3.414395638314436E-4
184.0	25.864420229137174	21.828330816880786	26.819784438694505	25.483230592414586	0.004233922872948852
185.0	25.23444695780535	24.050792801121386	24.29215282903312	26.422129471390814	4.779406493301662E-4
186.0	27.549849846158885	23.111810326815057	25.029122607200556	24.309217219825495	0.0
187.0	24.81770054650492	22.401022532807744	28.161938433179216	24.618791093071422	5.473944366934914E-4
188.0	26.99793343187168	27.95437127059725	22.762563639349647	22.28458422291564	5.474352657798215E-4
189.0	25.175348729940715	23.44858547348092	24.77185332093283	26.603391250254067	8.212253914678788E-4
190.0	28.137180354975968	21.007752309369636	25.405358791551375	25.44943478019838	2.737639046398191E-4
191.0	26.687111304384803	23.73530527374254	24.242328630975205	25.334774655142496	4.8013575495517246E-4
192.0	26.941260725330025	23.514025589876002	24.048337042209848	25.496376642584124	0.0
193.0	27.561444480425035	24.944496890728168	21.572185601299694	25.921461385203926	4.116423431779887E-4
194.0	28.11625445017485	23.452944610974615	24.162365431309336	24.2684355075412	0.0
195.0	26.158787710777563	21.648658996995902	24.81853950548327	27.373670696377378	3.430903658852898E-4
196.0	28.167630598554926	22.42826915986595	25.894159178080685	23.50994106349844	0.0
197.0	24.790134498297274	24.114065563620102	24.164356231295795	26.931168518454818	2.7518833201472257E-4
198.0	27.771819740738085	23.031619256620772	24.274995726754923	24.921496352578558	6.892330765710379E-5
199.0	24.978183364677488	23.730492752182354	25.79575486939016	25.495223813824015	3.451999259891359E-4
200.0	27.98223319586362	23.36391361295405	23.861317845032758	24.79253534614957	0.0
201.0	25.232488448079195	20.96193735309796	28.639787218175943	25.16544173495626	3.4524569064328935E-4
202.0	25.278722101031192	25.314216225510606	27.713936692016656	21.693055926724657	6.905471688601898E-5
203.0	25.666812871051185	24.857416188624377	22.570204006921106	26.904668985214936	8.9794818838953E-4
204.0	26.0500144029212	23.750520681144195	23.326377102325672	26.873087813608933	0.0
205.0	27.71949531207255	24.362577268594894	25.04808130714836	22.869155288805622	6.908233785684482E-4
206.0	25.448839918253306	21.527389149356292	25.673795320982894	27.34997561140751	0.0
207.0	26.295452252590906	23.638419047276837	26.679095453358194	23.386687746773376	3.45500000691E-4
208.0	28.37698679821912	21.960210819350817	21.95018957431133	27.71261280811873	0.0
209.0	26.79789253359103	21.20586230684899	25.376348099699587	26.61948231312549	4.1474673490632944E-4
210.0	24.594155675805727	24.508358170363014	24.689632190726265	26.207646555759045	2.0740734595337898E-4
211.0	24.530443057057738	25.66650807306002	25.63518122546755	24.167314410903128	5.532335115667297E-4
212.0	27.700345418961447	22.43182420367889	24.423119894900765	25.444433759878134	2.7672258077013275E-4
213.0	29.304727102566957	22.922456800267472	22.817862327092044	24.95488454805289	6.922202063231546E-5
214.0	27.40088984574206	25.103610989310905	24.235723919228107	23.259775245718924	0.0
215.0	25.206992103383975	25.042869624294845	23.287695949401698	26.462303530125325	1.3879279415571303E-4
216.0	25.915619679383976	24.810686077864695	26.038577229553045	23.235117013198288	0.0
217.0	28.62858791859345	23.230530709937884	25.575276445317087	22.56525127984598	3.5364630559850396E-4
218.0	24.50035608490893	24.691506178448183	24.66029071100549	26.14777559436179	7.143127561257676E-5
219.0	26.61523535415833	22.931873347687937	24.214193743846096	26.23833688591698	3.60668390661574E-4
220.0	27.89030710645913	21.698511306587314	24.615428118991066	25.795535949930247	2.175180322448731E-4
221.0	25.424241538551467	22.341146898930262	24.292541065061084	27.941997427953467	7.30695037119308E-5
222.0	25.6187429759621	24.904192492235715	23.72179124227079	25.754977929199175	2.953603322213017E-4
223.0	30.334246567145872	22.75994067345945	23.815806499143235	23.089557496707197	4.4876354424471974E-4
224.0	29.49826918275586	22.811399026663658	24.467465359287967	23.222791455453482	7.497583903587068E-5
225.0	31.221334056930516	19.554535484527456	23.64497005739784	25.57855740349211	6.029976520778922E-4
226.0	24.866856284048055	23.12684244380832	25.51367409588786	26.492550963481886	7.62127738706029E-5
227.0	27.090750624749326	24.211273254558357	25.08198870823435	23.615061857896524	9.255545614413969E-4
228.0	26.977600548013992	27.94708627345836	23.60629162217411	21.46902155635354	0.0
229.0	27.214917302823842	25.315707734790653	22.44450054594752	25.02487441643798	0.0
230.0	25.24165730866873	23.07717803291858	27.7237692621531	23.95739539625959	0.0
231.0	25.258162724285487	24.922929040337603	24.120351451573047	25.697437205660904	0.0011195781429557343
232.0	25.22467339963409	24.97082059246255	24.007739375641062	25.79660586417669	1.6076808560579021E-4
233.0	23.131927965412995	24.639989597893575	21.717078958489093	30.510759678834965	2.4379936937229786E-4
234.0	26.475869531101587	21.486978714968902	26.52022367040827	25.515936929570255	9.91153950987437E-4
235.0	25.200039778144916	22.442561946521796	26.499514890480576	25.857883384852716	0.0
236.0	28.588846206275843	23.766773998809555	23.54604176385969	24.098253361996633	8.466905828533303E-5
237.0	28.69442927502341	24.584990319151302	21.4975613847979	25.223019021027387	0.0
238.0	27.185600424067196	22.40063956540041	23.939009158673542	26.474750851858847	0.0
239.0	27.75070805612475	23.208438027310862	24.253007372914244	24.786880813039822	9.65730610324187E-4
240.0	25.98238156952664	21.47182773090204	25.627112806895113	26.91858726288982	9.06297863855935E-5
241.0	29.073071939547695	21.409101962449594	23.398046624056793	26.11787400688872	0.001905467057196677
242.0	27.08190127039894	23.772426560175738	21.081512112979308	28.063250810138463	9.092463075507449E-4
243.0	28.59441492756107	22.370647373929277	24.87446714631096	24.15800912369499	0.002461428503706729
244.0	26.475473379615888	22.809332360565655	26.319240072427974	24.395041076302302	9.131110881818771E-4
245.0	28.965568358173993	20.643246171415186	23.426656613276332	26.962698749670583	0.0018301074639102807
246.0	24.60893642255305	26.28409175272189	23.306536836094708	25.797777030290643	0.002657958339710906
247.0	26.292668240546625	22.836159830814022	24.708201921700084	26.02115559014991	0.14181441678935833
248.0	26.862137374698953	23.087921387805885	23.21031647215466	26.828965733970794	0.010659031369713096
249.0	26.213689651521914	21.525092171095327	28.54823045305373	23.69660175182616	0.016385972502865245
250.0	27.371264209775457	21.958653579077822	24.18681650276421	26.48225064202947	0.0010150663530419232
