# Position (bp)	A	C	G	T	N
0.0	24.104997093926983	24.186676089680834	24.744796584543554	26.96353023184863	0.0
1.0	23.15290227134279	29.8586889470251	23.73615981110265	23.177969984974776	0.07427898555468188
2.0	24.13628442876373	26.84944157943586	22.80961300870976	26.20370057347979	9.604096108573922E-4
3.0	26.17908884890098	21.579652023313088	24.91167773158014	27.323478292912107	0.006103103293679794
4.0	25.998255498172647	23.482536570097672	23.566117693268403	26.95301352334134	7.67151199364185E-5
5.0	28.576929280746405	23.788175948917512	22.154990722410616	25.479252720155493	6.513277699724872E-4
6.0	26.498025796665093	23.600550434982928	23.48341462555956	26.41234560153314	0.0056635412592807455
7.0	25.63993653155813	25.7928398613595	22.98297857061552	25.583366501221928	8.785352449241672E-4
8.0	28.022075481270438	24.471810771562332	22.90300665522052	24.60306894658925	3.8145357462052046E-5
9.0	26.184082324062473	25.80618877315383	21.722425478820636	26.28703689954428	2.6652441877687377E-4
10.0	24.890540467024806	24.235704446136094	23.23159464916075	27.64216043767835	0.0
11.0	27.327736872019248	22.695280653999006	22.639656496949307	27.337215757434585	1.1021959785277528E-4
12.0	27.94829121027983	24.437894072797867	20.37268873625052	27.241125980671782	0.0
13.0	24.996007816802116	22.838331260262418	25.124044113803357	27.041509396131268	1.0741300083996966E-4
14.0	26.120610059255633	22.23972199329279	23.61689927746448	28.02273325331527	3.541667183159798E-5
15.0	25.125556244685043	23.472694905584014	24.806352864382465	26.595361004156114	3.4981192361926615E-5
16.0	27.10653224833263	24.76192408043509	21.096935293614074	27.0345052363122	1.0314130599584479E-4
17.0	28.575392915180174	26.343803344360705	19.32056523478826	25.758827468064354	0.0014110376065039427
18.0	25.344630318394852	25.93602081491736	19.92818186366896	28.79106693130076	1.0007171806461298E-4
19.0	24.459506215637013	25.096144970211824	21.59760366423407	28.846180665546996	5.644843700918915E-4
20.0	22.810890554406672	25.84392576298423	23.285146010880016	28.06003767172908	0.0
21.0	23.787672681415028	23.74808421866147	23.477100701561085	28.98694657744195	1.95820920462764E-4
22.0	22.239202146773764	26.903019029867142	25.91358744406212	24.944191379296974	0.0
23.0	24.859643166865908	23.961848555886107	23.118404306839814	28.059717822188396	3.861482197762593E-4
24.0	28.393818499582192	21.287144641617544	24.47754508711272	25.841491771687547	0.0
25.0	24.693190930996064	25.355798239669465	19.353891651154218	30.596929969925345	1.892082549038838E-4
26.0	26.676625254736962	25.66046689187368	19.735995030317696	27.926912823071664	0.0
27.0	25.05835721278255	24.824521636673825	20.21219780725178	29.90486077021822	6.257307361753397E-5
28.0	27.406046376054615	23.717553996993583	22.84592205966172	26.027630815959384	0.0028467513307015324
29.0	27.525064815537963	24.104274533044823	21.600350379092415	26.76991211426524	3.9815805956138297E-4
30.0	23.60951673531861	24.368277386712123	25.247916564008133	26.774137227240068	1.5208672106504506E-4
31.0	26.854987654448014	24.315093470006467	22.341772209359014	26.48760194272596	5.4472346054341E-4
32.0	24.28139151347331	23.215006461487974	24.537365844778172	27.966086470159183	1.4971010135972704E-4
33.0	23.578807135466082	24.935932473524044	25.095163372563235	26.390037703528023	5.931491862141453E-5
34.0	25.991165475406753	26.313187717483306	22.856261168061696	24.839297470140128	8.816890811624189E-5
35.0	25.23932632519752	22.18586455980365	26.221768745483175	26.352778524520907	2.618449947456438E-4
36.0	24.449370838267964	24.327887361939364	26.13324984433022	25.089375675513825	1.162799486275187E-4
37.0	25.204473066282283	25.314294515611557	21.134133866505476	28.34704042963755	5.812196312742659E-5
38.0	27.167909678056663	25.054577255070587	20.964115854278585	26.81331005168642	8.71609077518006E-5
39.0	22.907526224548132	27.689265247884144	21.75818340684418	27.6448217846171	2.0333610645051846E-4
40.0	25.958796308263537	26.412581203651076	22.741611267481275	24.886895044235605	1.1617636850679385E-4
41.0	23.517815946416253	24.463877898561666	21.711217180998492	30.30200683504132	0.005082138982271177
42.0	24.938207363080526	25.977560677581817	20.389682720362764	28.694520201081602	2.9037893289226707E-5
43.0	25.816311154198253	25.91189260268691	22.237407245782236	26.030411276055887	0.003977721276714971
44.0	29.28212032959887	25.09661297214945	22.428086041283464	23.19286132322613	3.193337420805232E-4
45.0	25.849226872574683	24.44636146388429	21.909210101234688	27.7909347104912	0.004266851815139081
46.0	25.31647186117032	24.506920354968585	22.135500109128227	28.041107674732867	0.0
47.0	25.088846725106524	24.23363714086218	23.384115604346363	27.291078877550845	0.0023216521340916623
48.0	22.669051699829303	24.141933455021857	22.80583524704588	30.38317959810296	0.0
49.0	21.960951192471494	26.24498967041038	24.734334325971798	27.057375199354404	0.0023496117919183795
50.0	27.16333993883338	23.869136845231743	20.873399481151118	28.094094729367868	2.9005415891255216E-5
51.0	24.807179044280886	27.20469863958816	21.486989968815134	26.498174236771227	0.0029581105445910514
52.0	22.820804712317923	25.899547253105943	21.227133330285312	30.05251470429082	0.0
53.0	22.60828893024035	24.590483422283878	23.84309672054707	28.95602325369889	0.002107673229807119
54.0	23.132653043549052	28.340663395132193	21.906895801107332	26.619701150580084	8.660963133744326E-5
55.0	23.923548569875482	28.094610717757128	22.90030357611745	25.079464158209685	0.002072978040252627
56.0	26.076002350190468	25.85886018065146	25.101669343400424	22.963468125757643	0.0
57.0	23.136145634661805	27.598803494872655	22.877374919332045	26.38249477997005	0.005181171163443498
58.0	25.412764850310417	25.224596977398843	21.69347056329771	27.669081267050732	8.634194229652873E-5
59.0	27.954082648699856	22.32889343200804	24.358159714428126	25.35532448576227	0.0035397191017056263
60.0	24.015195828875406	23.286403967946605	23.590021754294835	29.108292259125484	8.618975766887734E-5
61.0	25.068257267847727	23.62175476335757	23.19672686865762	28.10717080519445	0.006090294942642062
62.0	25.460896013218605	21.733023014781878	25.00492652723781	27.80098208812365	1.7235663805737983E-4
63.0	26.191867278844033	23.39484406022502	23.153270690859625	27.257030618060153	0.0029873520111772926
64.0	25.206493443562568	21.778732386733612	23.719557144786403	29.295159679565643	5.734535177215774E-5
65.0	24.003092944886063	26.00060551535033	24.12416734471771	25.866887542152412	0.005246652893486066
66.0	24.364194313570678	23.678777005436206	23.067812966049654	28.888699673804663	5.160411387995852E-4
67.0	27.13136759965198	24.801613409531672	20.768404923364482	27.29775404104906	8.600264028105662E-4
68.0	23.540834225077205	22.662228825538204	27.128124173172118	26.668583450170175	2.2932604229402865E-4
69.0	22.852539333469394	24.318414782642595	25.37805649893712	27.447778957482477	0.00321042746841742
70.0	25.862399120691652	22.70639201638399	24.96517257714342	26.46575005259535	2.8623318558930407E-4
71.0	24.972791953609068	22.86477472536566	26.206299483118457	25.95522072046108	9.131174457365691E-4
72.0	27.10744254374715	25.627259112842875	21.96212179786937	25.30160734568132	0.001569199859285569
73.0	25.156408996081183	22.61635143334856	22.972174589268594	29.250386475924383	0.004678505377285799
74.0	25.23255293215938	25.87860381811538	23.279710168491235	25.608248822438267	8.842587957365035E-4
75.0	25.88048386038671	24.6404561362476	21.928025624862734	27.54832471470092	0.0027096638020291104
76.0	26.918443238038414	23.503792535177283	25.440532466576805	24.136262021198498	9.697390090065937E-4
77.0	24.536075417779532	24.454109490393815	24.226606984215714	26.782238434148475	9.696734624615161E-4
78.0	26.78928009007216	26.586714699066484	20.506074109901494	26.11744629008459	4.848108752775542E-4
79.0	27.65923044216111	20.460049910698576	22.71572717423944	29.161598933230827	0.0033935396700509857
80.0	23.40842403624885	23.358236832274933	28.422553445094913	24.80796265615777	0.002823030223532666
81.0	24.978614126994447	25.356488245753905	21.544442125265327	28.11985669754217	5.988044441554975E-4
82.0	22.36038144986877	22.394055563713504	24.050017892046093	31.19434753909519	0.0011975552764428045
83.0	25.536054597107967	22.455159137020814	23.562138538792894	28.445735342252654	9.123848256717718E-4
84.0	23.660737959029138	25.705147102007487	24.828128679545873	25.80447524009527	0.0015110193222308574
85.0	24.72498118457363	26.975363194745366	21.345331493602753	26.953468880425113	8.552466531347641E-4
86.0	25.590413362045126	25.275615556137087	22.657574218222184	26.474344392163434	0.0020524714321632537
87.0	22.434236855637486	21.67624043810551	25.62473704433846	30.26393052155581	8.551403627391399E-4
88.0	24.39152306570163	27.395606704041825	25.479885223739313	22.73230093225071	6.84074266522745E-4
89.0	25.961354843527417	26.42966956606997	22.647752425654218	24.960225598240633	9.975665077590723E-4
90.0	23.5637453304783	24.83870609181804	25.45150466403527	26.1459299099342	1.1400373419231347E-4
91.0	26.924691540633873	24.982323061756855	23.99093253579776	24.1013688690379	6.839927736163468E-4
92.0	25.49239825944664	24.287239751279497	22.66674912133061	27.553584369787508	2.8498155741851165E-5
93.0	25.674813827756047	26.33948265033131	21.06057480003511	26.924843749821893	2.849720556402239E-4
94.0	28.173998532439498	23.343359288731843	22.59521689261874	25.883150838148023	0.004274448061894008
95.0	23.54040259980435	26.521161665395297	24.097031322974882	25.83869735087015	0.002707060955318962
96.0	26.042860151012665	24.30500922209302	23.881103528216357	25.76997281954417	0.001054279133792866
97.0	25.42513122987531	25.419689139839203	23.021493976233167	26.13357168358036	1.1397047196027217E-4
98.0	28.176037016037814	22.591891914993035	24.39066849391566	24.841402575053493	0.0
99.0	21.88573145910099	21.943302999787775	26.97230954174934	29.198627512701492	2.8486660409096934E-5
100.0	22.41368211043722	24.751098663828806	24.610012795431473	28.225206430302496	0.0
101.0	23.762879066022226	21.81037947404505	28.660406234076074	25.766249776050298	8.544980635649716E-5
102.0	25.494901788753598	24.08512068638915	24.95279223026624	25.467156808985496	2.8485605511394954E-5
103.0	25.440692553895015	25.566405348860126	25.325802337563065	23.66701431827153	8.544141026174122E-5
104.0	25.63156610166402	27.3708025293117	22.60981724489799	24.387443892039183	3.7023208710364875E-4
105.0	27.965725889712783	23.504907999048733	20.740222807349824	27.7857255764211	0.0034177274675636304
106.0	26.780155999415577	23.06418350366132	24.589431377089156	25.566115197596694	1.1392223725046402E-4
107.0	25.98693513333859	24.24584528183561	22.768764049487803	26.997572658618058	8.828767199364101E-4
108.0	24.18985489088341	24.28316779807736	24.11510774978359	27.411812611052895	5.695020274272176E-5
109.0	25.98213004489412	24.58454148093651	25.356806891509294	24.07575284773582	7.687349242539855E-4
110.0	24.412548618580367	23.91125980983594	23.221076677714684	28.455001016356796	1.1387751220909277E-4
111.0	24.72517789807675	23.742784789945752	24.511145052945942	27.020038177446835	8.540815847199111E-4
112.0	25.411548084661323	24.361693738821153	23.77987419056113	26.446798583341426	8.540261497113534E-5
113.0	28.60704405852912	21.314758841510105	22.926467398328114	27.150761845280762	9.678563518989056E-4
114.0	26.66122570283228	21.934960080936946	27.675584951056948	23.72788766297983	3.4160219399702465E-4
115.0	27.217746814160122	23.37395694934854	26.198488720633662	23.208953460532538	8.540553251345919E-4
116.0	26.87886687378245	24.30983784787096	25.331989253816662	23.479163683434543	1.423410953830527E-4
117.0	26.11221789945301	26.45235840811509	24.248647608397725	23.18592203186981	8.540521643674634E-4
118.0	26.592289779488375	23.68737794428281	25.27124125326668	24.44874940929303	3.41613669101613E-4
119.0	27.053284914241726	21.502853674589996	24.406718092023606	27.036659355975978	4.83963168694757E-4
120.0	25.147926214674566	23.645334641337467	24.803180203664898	26.403473536686985	8.540363608827435E-5
121.0	27.490436017397652	23.84083505994606	23.773507127650912	24.894538551717815	6.832432875617268E-4
122.0	27.250211377669974	23.79938906871411	24.060500986429126	24.88941460484475	4.839623420361149E-4
123.0	24.48497954266206	27.52588055374307	23.308412162123695	24.679959096711453	7.686447597216482E-4
124.0	25.288304607493227	24.518638274758583	22.83867268712221	27.354299026017376	8.540460860348946E-5
125.0	26.789330192017484	23.930205169563585	24.298719551303492	24.980691782200456	0.0010533049149769427
126.0	23.535577598644466	24.251120785170222	24.748542153706705	27.464645590477566	1.1387200103851266E-4
127.0	26.076094299290048	22.902504659424334	27.385344854335873	23.634945952955118	0.0011102339946247595
128.0	26.02660795414593	23.32664049313507	24.728436087361636	25.90906334683573	0.009252118521631025
129.0	24.38547446273675	26.34014763530152	22.41016195473011	26.861483014538635	0.0027329326929920205
130.0	26.489730068583878	23.81085641454715	23.79596729860478	25.903446218264193	0.0
131.0	25.813705676388704	24.287487085787948	24.542084602216647	25.356010912704907	7.117229017910649E-4
132.0	26.62500306043026	25.516045479986495	21.895143680795133	25.958142424168233	0.005665354619883174
133.0	27.089412655618787	25.48757469559499	24.92995197276084	22.49115325158928	0.0019074244360998578
134.0	27.134506020584087	22.904410843656123	20.895025246141337	29.066029420807737	2.8468810709738835E-5
135.0	26.87074452291257	23.62012014192017	26.024666643322657	23.48409860394303	3.7008790157028296E-4
136.0	27.564821947821315	26.431594404407875	24.317874226147875	21.679958731682486	0.005750689940449043
137.0	28.79619860582143	21.606636212544192	23.737191133876102	25.859746296624213	2.2775113405830316E-4
138.0	24.746920501965793	24.20539115339802	26.680262546226984	24.366087845437395	0.0013379529718070536
139.0	25.83222904642275	23.648488040252502	25.207945172332806	25.31011365496431	0.001224086027627337
140.0	27.266182380902766	21.217649044836573	25.66267612008875	25.853236248442123	2.5620572978494094E-4
141.0	25.933149337201144	25.32476645823577	25.132524186856187	23.60913300244395	4.2701526294888206E-4
142.0	29.17621290347559	22.56232193326668	23.356462555597815	24.904860268144873	1.4233951504357865E-4
143.0	27.384415936378375	24.89148158944741	23.82235319838942	23.901635405469417	1.1387031537522547E-4
144.0	27.441707136059435	25.071020119069548	23.006504614492915	24.480312645096973	4.5548528113547926E-4
145.0	28.50931256195232	21.984996507041995	22.311803009694312	27.19292002748818	9.67893823186295E-4
146.0	27.372008541351565	21.33077582425153	25.333602065365078	25.95922959309017	0.004383975941650988
147.0	26.302775513852517	24.412930098749523	26.70108718704337	22.57993348377247	0.0032737165821146333
148.0	24.289484614265618	24.334662674751844	23.376415230500626	27.998782725982114	6.547544998002999E-4
149.0	28.51236199175402	24.501934812765978	23.774582996820435	23.20901358283256	0.0021066158270047083
150.0	25.263744641552684	24.071691171237443	25.32409745499018	25.340466732219692	0.0
151.0	26.385592795714597	24.157484421689382	25.1948142901392	24.261453702354054	6.547901027621893E-4
152.0	27.493026330548798	23.89937303878892	22.936069999185765	25.671445222175215	8.540930130066978E-5
153.0	24.55574747478486	23.16703929112053	24.812461191872508	27.46395488306956	7.97159152540105E-4
154.0	23.32578304362086	23.893307459640685	24.95920224299406	27.818917176852153	0.0027900768922415366
155.0	27.44615440686349	23.900174058728947	24.218849879827438	24.434622339824255	1.9931475586932126E-4
156.0	26.876401627795993	23.249538438058444	25.899689862266044	23.974142280668385	2.277912111317009E-4
157.0	25.134070968061582	22.281521412914664	26.48671135604021	26.097411520564386	2.847424191602035E-4
158.0	24.67973122195602	21.00459182424071	26.158306600370057	28.15731340410616	5.6949327058276816E-5
159.0	27.063891802864166	21.56695745672035	24.187029374009768	27.18163728582282	4.8408058290136266E-4
160.0	26.411020146650532	21.294084146081012	25.99527301203104	26.29959421940628	2.8475831138321352E-5
161.0	24.707479359105715	20.209310656493486	29.055322779334787	26.024099885013545	0.0037873200524643495
162.0	25.764698746496332	23.179466676462557	24.78812829312035	26.26767780749767	2.84764230878865E-5
163.0	25.014302731515585	23.680653110135733	27.697720134629357	23.6072670690891	5.6954630226334854E-5
164.0	25.23594651281007	23.59684407923121	25.0350064573636	26.130437320856213	0.0017656297389003828
165.0	27.036173386653513	22.11116699313031	25.789365164440277	25.062582482145125	7.119736307750318E-4
166.0	24.755579820287196	23.201611724991732	25.88052923316328	26.16213682289793	1.4239865985773233E-4
167.0	26.763123440499825	23.258052012152174	26.654497782914444	23.323728668259122	5.980961744344644E-4
168.0	26.083983245732114	24.113966845780645	23.507214212759607	26.294721767617418	1.1392811022316807E-4
169.0	26.744572226754226	22.155916318411133	25.452428370255255	25.646712801979703	3.702825996800758E-4
170.0	31.45586925430392	22.736849960962125	23.507837341516332	22.29930102119439	1.4242202323017138E-4
171.0	26.12050138026844	23.539537548115693	25.996873993213025	24.342090083345937	9.96995056898508E-4
172.0	27.142881966055942	24.590255462049868	24.277967412999875	23.988809701980408	8.545691390586237E-5
173.0	29.370079771930445	19.171897628491376	22.734345000780515	28.721655099489872	0.0020224993077924904
174.0	24.16630606850387	25.26938035894212	24.410126451021842	26.15381679030507	3.703312270982184E-4
175.0	25.112893167495542	24.414580803190265	22.69304368412191	27.77765907531159	0.001823269880692626
176.0	24.618736817933566	24.013405216045573	28.14215021921796	23.224397196904707	0.001310549898190216
177.0	22.235465176744054	26.238601695965635	24.364753707164557	27.137159746217755	0.024019673907995247
178.0	25.424561307541705	23.24334981207849	23.207907974299538	28.12389600384732	2.8490223294974095E-4
179.0	28.158602112240636	23.88727840307177	22.97923603516944	24.97371523786784	0.0011682116503183518
180.0	26.2251518231784	22.198118995765153	25.427163882158176	26.14927952753993	2.857713583369936E-4
181.0	27.799238736859454	22.122328611350042	26.129089671899138	23.948370083079666	9.728968117026896E-4
182.0	25.592547222115737	22.472966686902197	25.79878369401591	26.135502139606842	2.0025735931491386E-4
183.0	24.087973777905173	24.903924217276305	25.65467986467861	25.35287861181722	5.435283226887603E-4
184.0	26.10331074752854	21.60619342702161	26.436691186272533	25.850028577918167	0.003776061259156233
185.0	24.75070446867102	23.55928577230703	24.59765486011878	27.09158264335637	7.722555467969699E-4
186.0	27.057884316035103	22.936452136444586	25.400695987061937	24.604938956683014	2.860377535510157E-5
187.0	24.753110493996793	23.10544201409913	27.202591383432306	24.93796778479872	8.883236730521856E-4
188.0	28.06009020063882	27.58693517853571	22.154808322209657	22.19787972904274	2.8656957307438143E-4
189.0	25.12453851537365	23.181875239662485	24.645729407941232	27.04679644694811	0.001060390074519629
190.0	29.37209230338869	21.32125504726834	25.219202204862345	24.08719249209519	2.579523854290149E-4
191.0	26.766315269691436	23.452963332988826	24.270994820913863	25.5092959428578	4.306335480759293E-4
192.0	26.9872419718597	23.164743224406063	24.146653440159866	25.70136136357437	0.0
193.0	27.69758783101206	24.23704049992735	21.889539074197124	26.175545438725763	2.871561377040029E-4
194.0	27.732615692206164	22.991060979871914	24.587833547616718	24.688489780305208	0.0
195.0	26.33425370804351	21.4068262065808	24.486687406453385	27.771399717310064	8.329616122460293E-4
196.0	28.808939498712753	22.25249493036141	25.81182619023824	23.12668177934018	5.7601347410718635E-5
197.0	24.935286929659355	23.765007296603923	23.970164869257417	27.3286767192533	8.64185226004601E-4
198.0	27.28082688717145	23.148181028954966	24.3740994067308	25.19680606428579	8.661285698571667E-5
199.0	25.815976260825384	23.143438453713124	25.41724677885834	25.62267304124612	6.65465357030844E-4
200.0	27.745713245664344	23.46324146859351	23.638884243020154	25.152103170308678	5.7872413320146145E-5
201.0	24.905401135070626	20.912484040601402	29.289620111330912	24.892060640505793	4.3407249126356767E-4
202.0	25.463165148275067	24.821368673814526	27.82501437646098	21.890451801449426	0.0
203.0	26.05714927605841	24.11883116676322	22.24875125829563	27.574370808757305	8.974901254372731E-4
204.0	25.985267888165666	23.58823052512103	23.723274883602418	26.703110884621623	1.1581848926362604E-4
205.0	27.40232535782086	24.49371692393939	25.09526832076409	23.007791732447174	8.976650284762513E-4
206.0	25.524273714420588	20.720153257370733	25.867712709038333	27.88777343857469	8.68805956533638E-5
207.0	26.033072094547645	23.74654479192283	26.845782799602713	23.37425272933559	3.475845912274863E-4
208.0	27.88502014204451	22.408412001500693	21.44593950578477	28.26059937973222	2.8970937803742173E-5
209.0	27.26955048261922	20.420564863837402	25.51223238045786	26.79663812367291	0.00101414941260466
210.0	25.380900726285592	24.099344717149712	24.383384663002154	26.136138047876713	2.3184568582996845E-4
211.0	25.018081507813676	25.422092689215187	25.206419072968707	24.352334159599057	0.0010725704033763357
212.0	28.35017641589489	22.214395049798412	24.262739327316886	25.17239919236728	2.900146225372683E-4
213.0	29.512076146567228	23.309744287077734	21.915236713133808	25.262478559039792	4.642941814362999E-4
214.0	27.674202893836892	24.601185553118725	24.086876672738086	23.637676799122744	5.808118355512601E-5
215.0	25.426573735891093	24.65567820677088	23.079694319014152	26.837529933275967	5.238050479092467E-4
216.0	25.819045488366925	24.93068603116637	25.71629824159626	23.53385264545497	1.1759341547429392E-4
217.0	29.17609335220746	22.842606029085687	25.379434594567023	22.60094682963886	9.191945009633752E-4
218.0	24.422223372746092	24.846826534285928	25.260566223339225	25.47020430810005	1.7956152870306E-4
219.0	26.524430440225704	22.831651012718705	24.169715809781852	26.473325793633997	8.76943639739457E-4
220.0	27.738844591311935	22.331630130913744	23.923608378698553	26.00561306323948	3.038358362823133E-4
221.0	25.580471441273378	22.57984246521885	23.74496321790883	28.094386197418903	3.366781800401871E-4
222.0	26.09681630603437	24.051017271884533	23.643044833678722	26.208997904170694	1.236842316828291E-4
223.0	30.40673949009434	22.899878308164727	24.05732579223135	22.63511887610996	9.375333996273617E-4
224.0	30.31876853633121	22.867946174502023	24.056651036030622	22.756509007655005	1.2524548114304035E-4
225.0	30.535484992861544	20.346048143308437	23.580026940897618	25.537242829726726	0.001197093205676994
226.0	25.271509558742018	23.048112908220023	25.263322540485923	26.41689571204122	1.5928051081896943E-4
227.0	27.61661692195421	23.643861322295542	25.12481225071335	23.61332591989106	0.0013835851458298743
228.0	27.471307318290457	28.029871549621387	22.868841489944227	21.62994731782499	3.232431894276204E-5
229.0	27.85451629307984	25.389723428392596	21.51224425928099	25.243516019246563	0.0
230.0	25.82786970479953	22.749140803005314	27.15207293203689	24.270883653341162	3.2906817107859334E-5
231.0	25.01524562318697	24.98031260707838	23.82485133430095	26.17798739071744	0.0016030447162644248
232.0	24.76732520567247	25.323751003986413	24.177536683053784	25.731286414960465	1.006923268754869E-4
233.0	23.02666725497317	25.001612186090398	21.797163231296096	30.174014275483568	5.430521567655813E-4
234.0	26.654125930847623	21.63180284582661	27.02051100622147	24.692076038278007	0.0014841788262906746
235.0	25.90578208342209	21.869135602961016	27.01163356457749	25.2131689194696	2.79829569800513E-4
236.0	29.26007181168247	23.835540334370044	23.37731037116875	23.52675860319404	3.188795846912289E-4
237.0	27.885090548393087	24.776433550193357	21.875821902587973	25.462367730713314	2.862681122729223E-4
238.0	26.947134888254787	22.37865523929081	23.88695893636315	26.787214779611794	3.615647945805776E-5
239.0	27.443871224462978	22.874683115885798	24.427920014154708	25.25205731481964	0.0014683306768784171
240.0	25.55056328231546	21.39599551682557	26.25679234336985	26.796459021173586	1.8983631553529286E-4
241.0	28.526806757188254	21.811584837380448	23.16363069624584	26.494670579469947	0.003307129715510819
242.0	26.916713261250113	24.15166117942444	20.477900455687408	28.45254436896207	0.0011807346759683166
243.0	27.440815931041374	22.87630493347443	25.014744041156668	24.665274025539045	0.0028610687884861436
244.0	26.849090150263176	22.185145210580952	26.156058759950408	24.808673956879407	0.001031922326059937
245.0	28.674011851163357	21.29431027017881	23.37716428817797	26.652522956413154	0.0019906340667161008
246.0	24.578335799744067	27.150446197285504	22.601730335088007	25.666726617256643	0.00276105062578062
247.0	25.841530835515236	22.640433123133093	24.581827512876302	26.795652481223343	0.14055604725203133
248.0	25.8778350894073	22.80561897521269	23.538236188775354	27.76773446269674	0.010575283907917348
249.0	25.1269605219111	21.351929013178903	29.15984684519301	24.34456437731495	0.01669924240203754
250.0	27.59785575222026	21.788604750848503	24.024109452647863	26.58869565990428	7.343843791031312E-4
