# Position (bp)	A	C	G	T	N
0.0	23.65907320178894	24.04288380843518	25.775121449982063	26.52290416808174	1.737171207776968E-5
1.0	23.085089303145228	29.818376887117786	23.782772834311604	23.238687175973332	0.07507379945204795
2.0	24.74616908955876	26.554963070016424	22.270309760576318	26.427744796544207	8.13283304297389E-4
3.0	25.298836326796643	22.244622052566704	24.451313648913345	27.997811305488852	0.00741666623446001
4.0	26.16802350373286	23.934868366626315	24.196506460469575	25.700515314265367	8.635490588265163E-5
5.0	27.933887233825676	24.289772065802314	22.494301084522974	25.281384221166043	6.553946829899036E-4
6.0	25.420651869672888	24.142850699872856	24.272214512226988	26.15848177321551	0.005801145011755496
7.0	25.445421489419417	25.3748442011942	23.776185358517516	25.4026047156822	9.442351866667124E-4
8.0	27.04398207335375	24.73195916719771	24.467707426912472	23.756299955010412	5.137752565493929E-5
9.0	26.022416662222714	25.612376611958197	22.481031160992764	25.884055919959636	1.1964486668827111E-4
10.0	24.81040430746798	25.41225121888128	23.144683833591863	26.632626491747637	3.414831123795311E-5
11.0	27.214777213799373	22.6460383822788	23.551383374971536	26.587651867288546	1.4916166174046467E-4
12.0	28.145395333814598	24.76196105780716	20.79321657392111	26.29937804769123	4.898676589861405E-5
13.0	25.405172461083275	23.595033735195575	24.70531518504906	26.29434954431913	1.2907435295833578E-4
14.0	26.442612565611405	22.248896089928248	23.60704362574674	27.70136787277156	7.984594204557957E-5
15.0	25.484077419647306	23.74033466412387	24.213094802613394	26.562477373307836	1.5740307590794816E-5
16.0	26.265018572082166	24.78993773118171	21.665314794854098	27.27963584760812	9.305427390525524E-5
17.0	27.883188530216117	26.515238523772865	19.79434596099379	25.80573422172044	0.001492763296789066
18.0	25.33076001295721	26.131766386606653	20.317194959976863	28.220248437168472	3.0203290799549065E-5
19.0	25.2197811108068	24.640560208342343	22.217847721736124	27.921360495677956	4.5046343678376314E-4
20.0	23.304325798594856	24.85941549907013	24.3758024289111	27.46045627342391	0.0
21.0	23.75174109869771	24.97356136813773	24.031383322540645	27.243003167896124	3.1104272779140113E-4
22.0	22.58791748576988	26.98445596159133	25.804609738938417	24.62301681370037	0.0
23.0	24.954123323689096	25.04562117727822	23.139014395691497	26.86087610472307	3.649986181152318E-4
24.0	27.834445519059642	21.944996264092147	24.07137400222027	26.149155270929658	2.89436982839426E-5
25.0	24.821998857605678	25.131027125989814	20.631910862289896	29.41479088251251	2.7227160210056107E-4
26.0	25.78592460276296	25.276689461462965	20.238456215866226	28.698858474295154	7.124561269517023E-5
27.0	24.995514917342273	25.315626141705867	20.19579411551469	29.492993746472706	7.10789644647825E-5
28.0	27.22693578988685	24.274187743699382	22.87848686230472	25.6174373762173	0.0029522278917493944
29.0	26.4978150224356	23.96908532222317	23.080867184328977	26.4518558709852	3.7660002705940934E-4
30.0	23.331617538004036	24.989568822987945	25.04393696231662	26.634724346194044	1.523304973549194E-4
31.0	26.15523283189052	25.286375083928142	22.2909979162953	26.26691202016314	4.821477228989586E-4
32.0	23.930040775574767	22.741925832336236	24.763012293878145	28.56485715433321	1.639438776388475E-4
33.0	24.082483609522317	24.970124730770866	24.549165480989803	26.398063849882625	1.6232883438968822E-4
34.0	25.87853530959195	27.252952131681045	22.327752794953888	24.54067926298307	8.050079004817032E-5
35.0	25.43065776421902	22.625438388166057	25.841391812362165	26.10214012588601	3.7190936674992125E-4
36.0	23.43702209269476	24.98794139311377	26.44439552442898	25.13054810365718	9.288610531347004E-5
37.0	25.262258713825723	25.535901525727795	22.04217388853333	27.159626078969097	3.979294404780459E-5
38.0	26.406063568333426	25.53260696892924	21.170442451449365	26.890754408191054	1.326030969188079E-4
39.0	22.879105742952802	27.59052635835108	21.880636251374575	27.649413481863576	3.181654579693488E-4
40.0	25.43712162130817	27.754245628452423	22.420947640838886	24.38749954437158	1.8556502894483086E-4
41.0	24.489060255730287	25.075693058980285	21.16936664861643	29.26044641079855	0.005433625874449315
42.0	23.83151631263772	26.082649319665734	20.93787446940712	29.14792014481924	3.975347017979567E-5
43.0	25.82474554623096	25.808197107931857	22.802171303497566	25.56084499055321	0.004041051786409877
44.0	27.97570198568905	24.899026529505157	23.123173128319667	24.001833412485354	2.6494400077363645E-4
45.0	25.403294967933622	24.436025445426754	21.939534992759715	28.216945984559977	0.004198609319932573
46.0	25.337622452452624	24.410658875973564	22.79424014917447	27.45747852239935	0.0
47.0	25.298986554261983	24.91708887503193	23.046478827918413	26.735565386669414	0.0018803561182616875
48.0	22.67562701383445	23.911295051583018	22.86904513239452	30.544032802188013	0.0
49.0	22.20435393295606	26.254909808817246	24.22683250556829	27.311865444105077	0.0020383085533250637
50.0	26.455833757166957	25.501364406789754	20.216235216610414	27.826460743742317	1.0587569055764859E-4
51.0	24.496718804293486	27.361853549399743	21.38975185072564	26.749214601076098	0.0024611945050259975
52.0	22.651965819102525	26.155457605101716	21.82167409662638	29.37090247916938	0.0
53.0	22.562853130822848	25.635219916697142	23.87908420681019	27.921022177684268	0.0018205679855494397
54.0	23.345921537834798	28.682056412886777	22.814517780212217	25.157464691814578	3.957725162899968E-5
55.0	24.06916907607134	28.594056073082598	21.822331724254006	25.512810078331004	0.0016330482610538272
56.0	26.73165240906201	25.439368792200657	24.239064765746352	23.58991403299098	0.0
57.0	22.324954660471647	28.12126477204889	23.077010179701745	26.471200874058155	0.005569513719568796
58.0	25.10319321332074	25.696673500793803	21.669936278445853	27.53002585804105	1.7114939854810015E-4
59.0	27.494626757254746	23.020226456166228	24.30573701855225	25.176500509383544	0.002909258643229714
60.0	23.670600977542293	22.982220349888372	24.04521379547849	29.301951732781443	1.3144309401270136E-5
61.0	24.91937231649029	24.642782463690764	23.86537374984212	26.565886936061283	0.006584533915541064
62.0	25.23033445692032	22.48341856061975	25.154203542236232	27.131780602610423	2.6283761327151216E-4
63.0	26.342339955641027	24.0664785391973	22.39417304205377	27.19444595566678	0.002562507441127377
64.0	25.213134920853598	22.06639517860718	23.67219220703838	29.04825145262906	2.6240871784738785E-5
65.0	23.54752329883447	26.24510700533442	24.328145931380725	25.87385798419574	0.005365780254637104
66.0	24.55446038120988	24.37481593134313	23.166131760690085	27.904119661517008	4.72265239900903E-4
67.0	26.763245658589003	24.944617363964923	21.436320200311464	26.855108425086787	7.08352047819535E-4
68.0	23.695883399426457	22.89204953042686	26.36682123009156	27.045022855283275	2.2298477184526066E-4
69.0	23.93600947284976	25.188266068720132	24.727975598073325	26.144745312235223	0.0030035481215626423
70.0	26.029090913854503	24.121787007665397	24.033166287970833	25.815484194661664	4.715958475985619E-4
71.0	24.11741608897807	23.39861009666688	26.065667495010853	26.41727372113365	0.0010325982105465138
72.0	26.860048655886047	25.929274494082684	22.34852539208633	24.860347935980197	0.0018035219647411455
73.0	25.10738174614199	23.233174834378413	23.18034475319414	28.474721204698334	0.004377461587121221
74.0	24.36024218080309	26.540214328521312	23.303794340988073	25.79474313331768	0.0010060163698461097
75.0	25.474568321873736	25.126325539589494	21.913506296353876	27.483313584421047	0.002286257761845101
76.0	26.33797433198281	24.433147855376834	25.390584073977983	23.837313963571702	9.797750906683869E-4
77.0	24.02460385543308	25.288002713964048	24.231743477623056	26.45487923735207	7.707156277485319E-4
78.0	27.246482522434356	26.994952816627187	20.22610503716451	25.53188487787368	5.747459002656502E-4
79.0	27.48166444397712	21.66720002507873	22.19607387253474	28.652188053903593	0.002873604505811865
80.0	23.910762591247334	23.673427112042173	27.98224614109438	24.430951911059342	0.002612244556768058
81.0	24.84640012997967	25.636661371875856	22.32002478390488	27.19639128791411	5.224263254804821E-4
82.0	23.001174350881207	22.336435855523497	24.47296563822157	30.188105100224682	0.001319055149042784
83.0	25.09096156571035	22.875705775688864	24.086855056347787	27.945537329795993	9.402724570037566E-4
84.0	23.548095262595282	26.449880685398853	24.38998337143339	25.610878482969103	0.0011621976033657244
85.0	25.10944029089716	27.312844241062955	21.132219644698697	26.44479072572042	7.05097620765595E-4
86.0	25.36597479558394	24.937414595435985	22.53878832776656	27.155837722645927	0.001984558567587406
87.0	22.605383242470722	21.996223628160408	25.735701231361457	29.661960802027952	7.310959794551585E-4
88.0	24.169910057108215	27.614640046975314	25.886485381440732	22.32819429899556	7.702154801823556E-4
89.0	26.6880444665199	26.440557162987993	22.40218938607249	24.46811246384909	0.001096520570530096
90.0	24.462775849988148	25.992462127896864	24.454735174613187	25.089817998790764	2.0884871103796766E-4
91.0	26.316740907344293	25.316906408714246	23.735689613405505	24.630075723402832	5.873471331194868E-4
92.0	25.309916007097815	24.572687611033878	22.966060373193898	27.151296854794964	3.9153879444683136E-5
93.0	26.72835333147142	26.27346855676696	20.856652893748418	26.14117284707885	3.5237093435721016E-4
94.0	27.610716502382182	23.988610316644575	23.089230409447083	25.306953506351004	0.004489265175151812
95.0	24.541076090962143	26.602736422544066	23.55086893838873	25.302682554314522	0.0026359937905381914
96.0	26.03741722061697	24.883307688774572	24.233103297813706	24.845245352663138	9.264401316119119E-4
97.0	25.286957107161832	25.14801735226936	23.838599209626025	25.726256717193735	1.6961374904706427E-4
98.0	28.585496227722928	23.05166641248094	23.947439523475474	24.415397836320658	0.0
99.0	22.58697626112334	22.518076424033236	26.92856605246849	27.966329085292703	5.2177082234081786E-5
100.0	22.918218534766954	25.628176424821973	24.337826495548683	27.11576550167051	1.3043191877743554E-5
101.0	23.707818965999557	21.774697228770933	28.490276095226335	26.027103376960632	1.0433304254844933E-4
102.0	24.78560031130402	24.37972622146923	24.8209271622667	26.01368110220818	6.520275186910208E-5
103.0	25.793408871994355	26.089390602534422	25.283726298124083	22.833187398077825	2.8682926931025904E-4
104.0	25.842069095797253	27.185322537139456	22.654133423966503	24.318057759350424	4.171837463647977E-4
105.0	27.382476768868262	23.33053821863064	20.677630191202013	28.6058870017519	0.0034678195471862035
106.0	24.998311789859944	23.42855012341533	25.539451580699186	26.0335691786799	1.1732734564088498E-4
107.0	25.82949534030929	24.481815539081044	22.826448845082396	26.861445084218584	7.951913086893552E-4
108.0	23.252436964452286	24.982856999882454	25.083708142345152	26.68093273558496	6.515773514840195E-5
109.0	25.952505358620375	24.67275605735841	25.802815800274935	23.571167039109785	7.557446364933449E-4
110.0	24.6782158222389	24.42428814517747	23.120030957574052	27.777386899317523	7.817569205031387E-5
111.0	24.631928729936533	23.933375061106346	24.983492166401046	26.450422298265675	7.817442904002843E-4
112.0	25.800782588462017	23.87013367373873	24.14141050926096	26.187529916407335	1.4331213095497732E-4
113.0	27.7350876143896	22.18673864305078	23.00062885535428	27.07668504769048	8.598395148629122E-4
114.0	25.895546246667127	22.80809680479657	26.685820325599174	24.610250008533292	2.866144038329205E-4
115.0	26.52030537239295	24.158785618777507	25.97545352532304	23.34471285903776	7.426244687466492E-4
116.0	27.134422239853873	24.86012150206043	24.373670297657902	23.63172081885562	6.514157217881623E-5
117.0	25.826171639627788	26.41792415650741	24.360033482397313	23.395193256619123	6.774648483683846E-4
118.0	26.667433579826866	25.131344735325715	24.98343819329156	23.217457792308885	3.2569924697031306E-4
119.0	27.16306953592903	21.28494843663139	24.55650630476617	26.994863400749974	6.123219234308371E-4
120.0	24.673379109264904	23.69960375439938	25.60761458585072	26.019363466585542	3.908389945276026E-5
121.0	27.463507952675048	23.446106207810487	24.479486259510757	24.61022212459916	6.774554045437976E-4
122.0	26.44551751182122	24.411244929691506	24.46675695023916	24.67607674233941	4.0386590870155156E-4
123.0	24.076787939465433	28.12720779005061	23.592326417138214	24.202883162920006	7.94690425739111E-4
124.0	24.68303004555863	24.811703113179536	23.050261703849237	27.45491394459359	9.119281900843963E-5
125.0	26.707111478830697	23.698502593556476	24.490202691743857	25.103258291701074	9.249441678948231E-4
126.0	24.51356104230992	23.88663160652427	24.942839131579493	26.656877027955318	9.119163100531087E-5
127.0	25.835579226891525	23.280380269903254	27.337748520367803	23.545158614278463	0.0011333685589492344
128.0	26.132107867786875	23.309921612378606	25.088650495843524	25.460513597071056	0.00880642691994437
129.0	23.61819172354533	27.501907824647404	22.676081988650235	26.200639841006364	0.0031786221506713798
130.0	25.971890353410647	25.393363874383063	23.573797853268	25.060921864468295	2.6054469996063168E-5
131.0	25.870237931777485	24.616875931609172	24.28842059791299	25.22380115040787	6.643882924882175E-4
132.0	25.76913301546206	25.15401679955885	23.147131426930752	25.923609022242957	0.00610973580538368
133.0	26.591411641392764	25.449038064963087	24.8869572286016	23.070495699880333	0.0020973651622175167
134.0	26.456975404374333	23.347078988557733	21.35185077833063	28.844029693741764	6.513499553499605E-5
135.0	25.746753179081118	23.71113298469914	26.339046577889313	24.20257223668496	4.950216454727926E-4
136.0	27.53036874999349	26.131220304750514	24.898805572259178	21.433117882649896	0.006487490346927014
137.0	28.509014186961917	22.348620645453096	23.92891720329365	25.213226504700675	2.2145959065930345E-4
138.0	24.94444871422449	24.27201046284271	26.818680967969264	23.96350510441349	0.0013547505500417498
139.0	25.898387093832742	23.88292524576309	25.235055366223673	24.982251492893692	0.0013808012868025878
140.0	26.392587543090418	21.61757738558691	26.15754831799688	25.831987141167218	2.996121585740337E-4
141.0	25.113276635201622	25.468162110611768	25.87237957205056	23.545647588809622	5.340933264257263E-4
142.0	28.311352053244875	23.106202123563087	23.78309632526771	24.79914107047297	2.0842745135433554E-4
143.0	25.888228594563984	25.88227539401525	23.921483928377658	24.30784273598155	1.693470615614346E-4
144.0	28.313368761736285	25.926022420330057	22.522915672020442	23.237041808685323	6.513372278957314E-4
145.0	28.243246482355634	22.737481052424794	22.745140849070218	26.27307644008085	0.0010551760685025514
146.0	27.561092438540204	22.071113423525304	24.69132505545213	25.671844543584715	0.0046245388976480116
147.0	26.265471315132455	24.685428207652684	26.20054695904164	22.84490608243778	0.00364743573543898
148.0	24.891709250867187	24.689678548557453	23.976741653418536	26.441193160057715	6.773870991105907E-4
149.0	27.707896175276257	25.035563193319433	23.35338506887796	23.9007456025395	0.002409959986848132
150.0	25.078067874335314	24.320648934849494	25.086704810747527	25.51455232596085	2.6054106824182846E-5
151.0	26.16486325229476	24.433885083465995	25.510970300331675	23.889708162132727	5.732017748411319E-4
152.0	27.282486039101716	24.19816515769373	23.18998155569469	25.329302110112945	6.513739691681251E-5
153.0	24.99225192379619	23.38552433990234	25.4091954780677	26.212194501399733	8.337568340377058E-4
154.0	23.322059299800966	25.163358843863104	25.00616854041781	26.505390926526495	0.003022389391621676
155.0	27.042951288588167	23.759759213558816	24.439756029269923	24.757285917482356	2.475511007359694E-4
156.0	25.473361910594	23.429284308999232	26.545973342366874	24.551119855115893	2.6058292400099023E-4
157.0	24.800597156419098	23.46977690412338	26.611193347371042	25.11811989017388	3.127019126021607E-4
158.0	25.278403154373635	21.53621967415733	25.746798244831126	27.43848772060622	9.120603168940542E-5
159.0	26.615123841286458	21.959304908034532	24.31357342611511	27.111372399714757	6.254248491455719E-4
160.0	26.471069190830672	21.922940560464273	25.675673738802946	25.930303480031007	1.302987110981797E-5
161.0	24.73114664767399	21.20263411330221	28.019892274934634	26.04230066256766	0.0040263015215119815
162.0	25.176859164700403	24.202902403137262	24.70762794241894	25.91254533864758	6.515109581537118E-5
163.0	25.126174571504222	23.987906109335487	27.114645684394432	23.771169390567568	1.0424419828914422E-4
164.0	25.46281286811847	23.79680642571956	25.014464123760778	25.7241183399877	0.0017982424135019337
165.0	26.606343356030806	22.315663497777294	26.653854543833955	24.423474019094648	6.645832632914698E-4
166.0	24.867841530246913	23.86348146706001	25.723630009974276	25.544903646747567	1.4334597123541551E-4
167.0	26.73492531104867	23.515336692574685	25.885293367170743	23.86387123157211	5.733976337964735E-4
168.0	25.299902403272185	24.440649812541043	24.571413007484413	25.68795658463841	7.819206394859758E-5
169.0	26.576401872386523	22.759546796760986	25.438428442259177	25.22529707936791	3.2580922540550864E-4
170.0	31.28681652883601	22.483573963559326	22.563736253424914	23.665716865384695	1.5638879505561185E-4
171.0	24.73426628745884	23.515568298917177	27.386006000894803	24.36328624252576	8.73170203418683E-4
172.0	26.82137011741496	24.680291346267584	24.54410707986229	23.954127240448734	1.0421600643221192E-4
173.0	27.725546575916276	21.40156527755491	22.84735261570779	28.023881371509074	0.0016541593119530854
174.0	24.37222860067819	26.079772016689773	23.45774253020577	26.08972284215894	5.340102673242374E-4
175.0	25.86508885850991	24.373481340546487	23.233184298051114	26.52651324125169	0.0017322616407982262
176.0	24.649064617333153	24.073099853560112	28.400390072201393	22.875908508869948	0.0015369480353961738
177.0	22.85949168940086	26.065673774219682	25.020194058355067	26.028926514990758	0.02571396303363801
178.0	24.341875532788514	22.64346460200332	24.94904441592052	28.06522471057658	3.907387110702138E-4
179.0	28.27857140065936	23.877366269080923	23.370669139800214	24.471973396446867	0.0014197940126374692
180.0	26.346650285247637	22.555879923432702	25.927720556522683	25.169462055224113	2.8717957286476765E-4
181.0	27.76912893069843	22.425417852143923	26.171064204620453	23.633539520337496	8.494921997012402E-4
182.0	25.850696817710272	23.669010084704407	24.818898489842763	25.661303125832326	9.148191023638141E-5
183.0	23.95168103249982	24.467240881773584	26.089578915891913	25.490884910229227	6.142596054519068E-4
184.0	25.530019483266702	22.409677669368953	26.612009309412493	25.444346434883713	0.003947103068140723
185.0	24.836213455286476	24.917600346456208	24.34791824407129	25.897562287499586	7.056666864427578E-4
186.0	27.490933612480056	23.22359573909191	24.759503861137574	24.52596678729046	0.0
187.0	24.695944637055018	22.73715009418779	28.06599846912117	24.500160731806155	7.460678298693099E-4
188.0	27.57657421570971	27.59095981952939	22.10254435386648	22.729502739809586	4.1887108483160465E-4
189.0	25.04002080859509	24.523994878488462	25.338221485607498	25.096689409595385	0.0010734177135652903
190.0	28.607570079693662	22.012351699422343	25.045449933724985	24.334405734016265	2.225531427449312E-4
191.0	26.358092468687545	24.414835422360113	24.760817850543194	24.465860947577568	3.933108315836464E-4
192.0	26.845820611715393	23.658492359293675	24.22272973940716	25.272852400562257	1.0488902151522942E-4
193.0	26.925128988365906	24.290958993703896	22.65880002302509	26.124836637901478	2.753570036332701E-4
194.0	27.96724957994631	23.685468620474705	23.995994968009835	24.351286831569155	0.0
195.0	25.840842282174915	21.783819906923654	25.607692436812574	26.76701591278184	6.29461307013458E-4
196.0	28.233644447293667	22.25797323670269	26.144423647463498	23.363906121423774	5.2547116371894865E-5
197.0	24.826595986352878	24.362201308293553	24.41704310730953	26.3933844025141	7.751955299335184E-4
198.0	27.951099405453654	23.402788304448148	23.552188073703537	25.093858424704834	6.579168982534148E-5
199.0	25.920177789749445	22.9170370290325	25.847842642788116	25.31434951937123	5.930190587100729E-4
200.0	27.42257652728381	23.89606001091769	24.178965761102926	24.50235816294981	3.9537745763332854E-5
201.0	25.31139511178276	21.234638486967576	28.41803138030811	25.035592343316587	3.4267762496991685E-4
202.0	25.41931211578681	24.954924829021465	27.900380807592583	21.725382247599143	0.0
203.0	26.14894531569329	24.61322528499814	22.888416272648882	26.348595644136672	8.1748252301477E-4
204.0	25.16656796607284	23.882392143722832	24.90519929937743	26.04570872630609	1.3186452080894665E-4
205.0	27.554378801333577	24.416373892056566	24.908316996769436	23.120059964178683	8.703456617356751E-4
206.0	25.475301117347833	22.201754063199925	25.742956586006034	26.579856350978286	1.3188246792717292E-4
207.0	26.381894534627442	23.460791026567563	25.951837102623255	24.20513438767137	3.429485103701694E-4
208.0	28.072761361641028	22.472311662379386	22.395347760349132	27.05952644641411	5.276921633887969E-5
209.0	26.78590489273956	20.931212907378104	25.58525875330132	26.696950549591914	6.728969891026312E-4
210.0	24.509961755494334	24.107841535628673	25.17119767244535	26.21069552955484	3.035068768060309E-4
211.0	24.85571403060036	25.508869790813556	25.89562099490698	23.73897685815	8.183255291035494E-4
212.0	28.077950767574926	22.527149710183924	25.325813685930793	24.068821779022603	2.640572877566934E-4
213.0	29.86257249537303	22.705574608219866	23.345597073398046	24.08597844251646	2.773804925960542E-4
214.0	27.861423113565927	24.693017645629205	24.437216087163893	23.008329938020058	1.3215620916786126E-5
215.0	25.864688220904608	25.004982887341185	23.702187954378072	25.427862822733832	2.7811464229887976E-4
216.0	26.248132747442572	24.51649429837458	25.696993907331834	23.53833891245967	4.0134391347239275E-5
217.0	28.88753475931358	22.912344366867412	25.637115867614853	22.56245214737113	5.528588330255753E-4
218.0	24.394398363584024	24.25561564813244	25.635681210438005	25.714100525418942	2.04252426586912E-4
219.0	25.848215554390446	23.24119611308415	24.974495564060923	25.935502435671914	5.90332792561038E-4
220.0	27.39466250981587	21.534261270758112	25.488090994769237	25.582709449504538	2.7577515224511996E-4
221.0	25.0626770802914	22.65940039505385	25.304480157421377	26.973261761660105	1.806055732657072E-4
222.0	25.059462790241717	25.01047531019802	24.735148306864968	25.194717530739712	1.9606195557796263E-4
223.0	30.793478347065495	22.814031840185063	23.871231680225122	22.520663380615165	5.947519091536284E-4
224.0	29.848548107071306	22.868509240066903	24.848302598390088	22.434512333192462	1.2772127924497991E-4
225.0	29.89489277350356	19.882091526773443	24.76957042326887	25.452503378701408	9.418977527175891E-4
226.0	25.729777519750485	22.02589961770089	26.32290525393646	25.921244478967775	1.7312964438305394E-4
227.0	26.855946940461738	23.38201569065644	26.372291932270542	23.38840619625752	0.001339240353757428
228.0	27.95618750945011	27.048098978722418	23.195558270258214	21.80005278154806	1.0246002119751468E-4
229.0	26.8284797376725	25.50178305886115	22.93032279722392	24.73938490737799	2.9498864441213334E-5
230.0	26.09311780603018	23.104317243888435	27.185403337894986	23.61714675014773	1.4862038667457724E-5
231.0	24.873549789296	25.07077709210891	24.996922081535754	25.05738307329745	0.0013679637618883192
232.0	24.933153826372394	24.907468195501234	24.877683150044625	25.281467923215395	2.2690486635303374E-4
233.0	23.32818562008162	25.382256351222694	22.687534825879403	28.60141104783639	6.121549798884133E-4
234.0	27.434398101143742	21.158856791282727	25.999123013212483	25.406412671280666	0.0012094230803819791
235.0	25.199654950848682	21.959842185315473	28.351073560271757	24.489272548543504	1.5675502058898818E-4
236.0	28.19004303856159	23.54740280125362	24.20866184266907	24.05363773620571	2.545813100085937E-4
237.0	27.673295497868644	24.503110550347895	22.948549707405206	24.874867668174787	1.7657620346715403E-4
238.0	26.49572246583801	22.883909483640927	25.085149910830175	25.53515310562849	6.50340624031094E-5
239.0	28.175096852539944	23.330984892983718	24.18229726964935	24.31048251374415	0.001138471082834496
240.0	25.1859107421082	21.83101069191786	27.014603126689547	25.96830547540342	1.6996388097565386E-4
241.0	29.252714799334335	21.101637328914162	24.40611025767088	25.237053022378177	0.0024845917024507434
242.0	26.819713162744513	23.48772941369488	21.89713575464899	27.79448366804047	9.380008711469908E-4
243.0	27.794621005145796	23.2076047185822	25.227195398220825	23.768235290696353	0.0023435873548237444
244.0	26.452913713471542	22.666395112435282	26.107436385764043	24.772243317391524	0.0010114709376112725
245.0	28.25347534762926	20.95943321650766	24.364690595226783	26.420699912874703	0.001700927761597965
246.0	24.58746005221393	26.176697856200015	24.415467300897824	24.817931027361546	0.002443763326684691
247.0	25.47196518275071	22.9272959788789	25.69288523905203	25.769895010356812	0.13795858896155325
248.0	26.78292744296233	22.506809739849203	24.143150549260586	26.557078770552913	0.01003349737497114
249.0	25.89149141192784	21.648474353832622	28.04569711889224	24.397685614470674	0.01665150087662709
250.0	26.829624379085963	22.67428594018973	24.632878724617253	25.862343999900126	8.669562069209462E-4
