# Position (bp)	A	C	G	T	N
0.0	24.672496474861916	23.38529209133366	24.189937656261375	27.752231458958594	4.231858446027724E-5
1.0	23.178873294077366	30.01504568524494	23.841591873980576	22.88373666002655	0.08075248667056865
2.0	25.04225574998064	26.640777303780123	21.734733216386477	26.581476156645937	7.575732068242194E-4
3.0	26.290739782721158	21.693816006965037	23.838676979630634	28.170037727278462	0.0067295034047081285
4.0	26.49554760076477	22.610210908430663	23.668094410113316	27.22614708069125	0.0
5.0	28.195416111378435	23.615222413406524	21.56227247878148	26.62654315544796	5.458409856040739E-4
6.0	27.045601633731593	23.315633456623285	23.09301573036722	26.539294061627096	0.006455117650806638
7.0	26.062404620320358	25.087842409650047	22.102100141811565	26.747318070910804	3.347573072289585E-4
8.0	28.3501363637502	24.058873076945552	23.2500820186009	24.34090854070335	0.0
9.0	26.237614275287207	24.834482057571748	22.04708991711188	26.880605446552664	2.0830347650170145E-4
10.0	24.85629420956196	23.993643230031658	22.97244761450469	28.17761494590169	0.0
11.0	27.269833118143854	22.566158690703492	22.45954330460205	27.704384391732862	8.049481774363366E-5
12.0	28.519501635241994	23.535695274569417	19.773229506680494	28.171533888351018	3.9695157071751776E-5
13.0	25.478541766428286	22.68885365068649	24.589479303225602	27.242850526348843	2.747533107773949E-4
14.0	26.598437541901525	21.685023340485824	23.003408087922374	28.713092164506993	3.886518328626112E-5
15.0	26.260386450432964	22.697590174582967	24.171233812800498	26.870789562183568	0.0
16.0	26.958058032231904	24.619369588022	21.054542199026688	27.367879080692326	1.5110002708467984E-4
17.0	29.158068036774637	26.710150021273055	17.880537930779333	26.249949129654638	0.0012948815183410718
18.0	25.66782486203849	25.6581568960168	19.69548480254558	28.97834963776374	1.8380163539343108E-4
19.0	25.099556396750085	24.66868816835991	20.9492933892796	29.281986312047547	4.7573356285647995E-4
20.0	23.608722617453367	25.216307956879298	23.088160107830806	28.086736694718557	7.262311797189777E-5
21.0	24.418502560884427	24.116860097340233	22.475188171211155	28.989089344173223	3.5982639096288825E-4
22.0	22.713249683845437	26.965390389828293	25.15078620607038	25.170538067077175	3.565317871262789E-5
23.0	25.78014155445807	23.162637120010338	22.080372745637522	28.97649361109405	3.5496880001732246E-4
24.0	28.623758757041713	21.010825355680478	23.753876168380998	26.611504604700176	3.5114196634585164E-5
25.0	25.440446339365973	24.37034367407597	19.376925496002205	30.81193661413269	3.4787642316244714E-4
26.0	27.38637114749923	24.535194412885442	18.968428345449567	29.10990227532825	1.0381883751279135E-4
27.0	26.194108146164357	23.857417965460595	19.63238034760281	30.316024517179972	6.902359226383577E-5
28.0	27.830942647759443	23.03887448789902	22.30848795972285	26.818966654992032	0.00272824962665609
29.0	28.620507087062187	23.40070189807105	21.359811791036154	26.618506201158297	4.730226723145574E-4
30.0	24.337203749079997	23.847341146210024	24.17087331198603	27.6442461784441	3.356142798506248E-4
31.0	27.28683916239526	24.091777947138006	21.45375669528825	27.167125019587612	5.011755908776687E-4
32.0	25.350517125019977	21.979629328800648	23.914176132874253	28.755413270784384	2.641425207384897E-4
33.0	24.608509816619005	24.430902052062336	23.988646956212627	26.971777812555846	1.6336255018089134E-4
34.0	27.153972270642264	25.954507898437924	21.83107392337	25.060381155640282	6.475190953381215E-5
35.0	26.11476281257571	21.65087913392643	25.237437046419796	26.996632981547485	2.880255305830309E-4
36.0	25.085795939796878	23.97170372686755	25.315373820255864	25.626934665268735	1.918478109685149E-4
37.0	25.725683652556576	24.957425536240073	20.756745111927373	28.560145699275978	0.0
38.0	27.89751589910213	24.70382709650536	20.94415518265034	26.454437912176754	6.390956540856426E-5
39.0	23.938565128867353	27.47655889835368	20.450570097432045	28.134178083045185	1.2779230172784776E-4
40.0	27.13178814589646	25.698276374271924	21.60403437923855	25.565677493711853	2.2360688121427478E-4
41.0	25.05090387719062	23.561811759618077	20.836557910965567	30.546095197516625	0.0046312547091076975
42.0	25.134251711379978	25.43917834599337	19.529580087153832	29.89692598311534	6.387235748081035E-5
43.0	26.778746118582646	25.18405997212916	21.992164997438998	26.041324720876435	0.0037041909727588682
44.0	29.533152023642206	24.60908689774606	22.028616620679394	23.828665534705014	4.789232273295305E-4
45.0	26.151572179470605	23.578685591241317	20.950985415499442	29.31502170037048	0.0037351134181555245
46.0	25.485785935294935	23.774837544653874	21.871723081667067	28.86758959583517	6.384254895207244E-5
47.0	26.240927622383538	23.17657937330973	22.515040700619437	28.066079816814497	0.0013724868728014277
48.0	23.336975995124682	23.07942651209018	22.256812442269126	31.32678505051601	0.0
49.0	22.797284096035447	25.698867990502887	23.203770004460146	28.298578431904282	0.0014994770972420468
50.0	27.837163602026365	23.972686207204564	19.37805453826228	28.81196804777521	1.276047315834471E-4
51.0	24.954738978829706	26.50267228213788	20.278723683857987	28.261600409294875	0.002264645879556563
52.0	23.685792164562454	25.142245711629453	20.787934496498064	30.383995810341595	3.181696843470378E-5
53.0	23.388646277116802	24.08632667713039	23.52658199792779	28.996952649372414	0.001492398452605077
54.0	24.275241067714866	27.44482510088807	21.540642572066307	26.739132505484946	1.5875384581191479E-4
55.0	24.817072649444103	27.018850169130026	21.97088170840483	26.19186561041802	0.0013298626030287305
56.0	27.09249595082484	25.30129788885695	24.472435849541643	23.13377031077657	0.0
57.0	23.621159634907123	27.1141891821308	22.037197485135216	27.222357111178713	0.005096586648145903
58.0	25.96361589946452	24.10984736985037	21.044931920660936	28.881478203786664	1.2660623750950338E-4
59.0	28.362553388117966	21.68930370342238	23.98962541677942	25.95582731604342	0.002690175636819959
60.0	24.925390578112463	21.835290698776305	23.405879045555338	29.833376502770214	6.317478567953958E-5
61.0	26.369489195690406	22.66883628792626	22.22735289361444	28.728257463968788	0.006064158800105112
62.0	25.955071189971406	21.516321283532303	24.163155040745178	28.36523141359537	2.210721557409123E-4
63.0	28.353570055987444	22.619854778132908	21.579939133513104	27.44426756369523	0.002368468671317497
64.0	26.223567315740116	20.509500388233988	23.013987768108343	30.252881502919315	6.302499823530006E-5
65.0	25.367630956465952	25.666531490270923	23.305072328824615	25.656007267385526	0.004757957052978119
66.0	25.60774189157596	23.23550522118925	22.58908727020434	28.567035457203012	6.301598274370328E-4
67.0	27.628976349373684	23.683140965496037	20.581016612087005	28.106267450630977	5.986224122970906E-4
68.0	23.993479786108253	21.82170289865346	26.615238385081387	27.569389901922705	1.8902823420220163E-4
69.0	23.523654231816323	23.932303791821845	24.609826616909626	27.93147464778705	0.0027407116651619007
70.0	26.976897280973418	22.220604920460715	23.551179688897513	27.25087798003132	4.4012963704080724E-4
71.0	24.86417656247502	22.196266003591862	25.60267486983489	27.335942121394226	9.404427039984802E-4
72.0	28.3787735696771	24.533966319383172	21.353249032012165	25.732318491114388	0.0016925878131796798
73.0	26.48100167704622	21.485466174031075	22.119427879960973	29.910594099342187	0.0035101696195446244
74.0	25.18959916721139	24.871662938713452	23.65481889918733	26.28294757530539	9.714195824399929E-4
75.0	27.007012000428652	23.887583639208795	21.335870997742045	27.767527964339006	0.00200539828149901
76.0	27.190851825950073	23.140461168638126	24.59868953710179	25.068869487621036	0.0011279806889706047
77.0	24.883605661621136	23.433673712362175	24.084698734481798	27.597332611469117	6.892800657698506E-4
78.0	28.039298371371423	25.126006927561367	19.812067340708698	27.021844124856507	7.832355019975639E-4
79.0	28.267458063804675	19.940275539537694	21.665311191256116	30.124386276657333	0.0025689287441823163
80.0	24.1844797242221	22.178047663412627	28.264916197127064	25.36948636868001	0.0030700465581958653
81.0	25.826540387096124	24.206539397208644	20.923464781620172	29.043016876328593	4.385577464647547E-4
82.0	23.651809459370565	21.703363310873673	22.921322269522207	31.72215800701042	0.001346953223133765
83.0	26.577176372933646	21.368853806939647	23.457764622046813	28.595390795686797	8.14402393090109E-4
84.0	24.333969572045422	24.6862395159992	24.46511158816834	26.513551759282517	0.0011275645045199676
85.0	25.394345676197442	26.428395143700804	20.44405622001927	27.73270184572944	5.011143530425784E-4
86.0	26.608751044460504	24.304361115878432	21.81174906891122	27.273290999537743	0.0018477712121003332
87.0	23.393403220881712	20.793523788646272	24.251657806762754	31.560569643542184	8.455401670724738E-4
88.0	24.871099921242955	27.02788437901712	25.19690044827322	22.903238433439334	8.76818027378643E-4
89.0	26.389142442192714	26.391929353978195	22.01359699815156	25.20420391551712	0.0011272901604165212
90.0	24.658646912244247	24.70204602058984	24.40470263469536	26.234416557542644	1.8787492790299642E-4
91.0	27.349767138359955	24.429399744876072	23.507910156800392	24.71235935776904	5.636021945417006E-4
92.0	26.081410635938994	23.77433031080742	22.136993970081157	28.007265083172427	0.0
93.0	27.307904123712305	25.682195096980546	20.299399716530196	26.7103132100247	1.8785275224632756E-4
94.0	28.84320427241331	22.702111066340688	22.631887248663386	25.818226446296	0.004570966286618997
95.0	24.67529011548893	25.65517245697537	23.140050323105392	26.527107761385704	0.0023793430446010988
96.0	27.08199566540807	23.25346092715688	23.289243381106928	26.374642605914346	6.574204137804085E-4
97.0	26.184609614991505	24.738382112220293	22.836050912066526	26.24083214350894	1.25217212733714E-4
98.0	28.701327849849882	22.089969739210026	24.16631007120536	25.04232973336259	6.26063721391627E-5
99.0	22.82341407468805	21.455316383742215	25.724036600298994	29.997232941270745	0.0
100.0	22.699478482309026	24.112383901122598	24.14302643019857	29.045111186369805	0.0
101.0	24.62413127745445	21.334652033683195	27.695273805071256	26.3459115855233	3.129826779736876E-5
102.0	25.74124689490765	23.436748767979488	24.370060649465124	26.451881084979366	6.260266837613686E-5
103.0	25.728102009868593	25.055297599206256	24.96487463947405	24.251631854296658	9.38971544467345E-5
104.0	27.00488816193468	26.283619806288822	22.114347559643523	24.596894086068957	2.503860640124492E-4
105.0	28.033777286999893	22.52623533300281	20.117980749487938	29.319033167570602	0.0029734629387579313
106.0	27.094205236917645	22.46846684993385	23.71818085359773	26.71899056360762	1.5649594315566559E-4
107.0	26.480452033138164	23.652334109653655	22.395051998646633	27.47150457889187	6.57279669682537E-4
108.0	24.645982249039218	23.462251042149145	23.66986718075185	28.22174304920947	1.5647885031859095E-4
109.0	26.813678241494127	23.845980522244197	24.902579926395113	24.437072828781012	6.884810855469043E-4
110.0	25.59441570467274	23.186648361947757	22.567659291892777	28.65115146675062	1.2517473610818602E-4
111.0	25.88339891633145	23.10609925011939	23.522536162446382	27.487371074173776	5.945969290007454E-4
112.0	25.979822129316116	23.32906702382666	23.226300076981328	27.464685596980832	1.2517289506130342E-4
113.0	29.64472863205472	21.20156535442335	21.63095511528311	27.52209376480506	6.571334337600112E-4
114.0	26.89237884973158	21.42856472274422	27.197619163108293	24.4811556196732	2.8164474270970407E-4
115.0	27.707864219109656	22.329925718908584	26.171167294412566	23.790510735315518	5.320322536729786E-4
116.0	27.459855618241786	23.866898633890813	24.294905077146627	24.37821548603424	1.2518468653285048E-4
117.0	26.858683705174396	25.57816674136036	23.707058428828596	23.85555908855334	5.320360833130951E-4
118.0	27.247004906254762	23.895779719582677	24.291484798496796	24.565386321009957	3.442546558095007E-4
119.0	27.77236002373519	20.369416409827572	24.472906083268445	27.384941926405897	3.755567629010007E-4
120.0	25.86105669022239	23.15517360089633	23.86535055050293	27.11832526930516	9.388907318966218E-5
121.0	28.710135157550276	22.753325734515844	23.05818603582711	25.47788362292089	4.6944918588122186E-4
122.0	27.393443392535794	22.993193020890384	24.414490258978173	25.198309991393476	5.633362021751037E-4
123.0	25.055206153044978	27.76747443742301	21.609609876518483	25.567114908916107	5.946240974232122E-4
124.0	25.46650835249148	24.587758275034783	21.91464178705575	28.030935107253264	1.564781647239381E-4
125.0	27.64738815487026	23.51716814956893	23.501239116073208	25.333484799977967	7.197795096298674E-4
126.0	24.570325213429136	23.890074606313995	23.81822221665874	27.721190196029344	1.8776756878551937E-4
127.0	27.09231470215653	22.154846309064236	26.841869076051854	23.910312739398858	6.571733285265799E-4
128.0	26.78517836997119	23.325713159117687	24.263417061366653	25.616271810206026	0.009419599338437442
129.0	24.82553569148577	25.64540841234037	21.654416090647587	27.871635577074734	0.0030042284515455504
130.0	26.803817215775837	23.658688785004028	22.819737511649492	26.717693897950127	6.258962051287186E-5
131.0	26.251698928176996	23.80389666761282	24.031474023415555	25.91239836552391	5.320152707159704E-4
132.0	27.064856413600936	24.33339133286683	21.618575039087094	26.977074745542694	0.006102468902444367
133.0	27.55416803709498	25.339441140638648	24.123470922771055	22.98107353747004	0.0018463620252776348
134.0	27.822476415079578	22.15233170415406	20.358575910803843	29.66652208717705	9.388278546469163E-5
135.0	27.544253568684763	22.081674101589577	26.003057419719262	24.370639382507616	3.755274987834474E-4
136.0	28.369459497012645	25.640313093418555	24.209912288278275	21.7739310798919	0.006384041398630811
137.0	29.431400971626065	21.03472793343573	23.292175042904514	26.241570874751368	1.2517728232609433E-4
138.0	25.906138133026257	23.832609457531227	26.065849750919966	24.194057125691543	0.0013455328310010765
139.0	26.272649726166197	23.412649488349153	24.169470925928128	26.144009482641543	0.0012203769149747759
140.0	28.007147059191666	20.57736597699423	25.245422001927576	26.169689459652286	3.7550223423829374E-4
141.0	27.324146136079374	24.49529505310139	24.276562195389463	23.903495939360617	5.006760691546304E-4
142.0	29.581693222921395	22.057791341969395	22.97644092676682	25.38385546187668	2.1904646570092208E-4
143.0	28.051757048533965	24.08276746878618	23.625183840786057	24.240135181650345	1.5646024345213882E-4
144.0	29.06671356291425	24.073733918660253	22.50544245764709	24.353421637215174	6.884235632365545E-4
145.0	29.059973214509228	21.474265902320575	22.06310861892007	27.401901269181668	7.509950684657171E-4
146.0	28.406553088559942	20.83967901068452	24.455893696149097	26.293055296965186	0.00481890764125423
147.0	27.458521509237244	23.237967928661657	25.953677514923434	23.346422334473264	0.0034107127044041684
148.0	25.134974957584667	23.335256704314254	23.09109080793472	28.4381455783224	5.319518439641302E-4
149.0	28.706645137871906	23.573873806215815	24.392187050179615	23.32507228418009	0.002221721552576571
150.0	25.916219553485544	23.84323741443934	24.357868701743538	25.8826430381458	3.12921857779519E-5
151.0	27.381663924356037	22.873624437586408	24.90526041728601	24.838981825646623	4.693951249248186E-4
152.0	28.023493678618266	23.35536269907557	22.77678282804734	25.844235621481275	1.251727775495113E-4
153.0	25.0621253585058	22.620202124513582	24.36187141200824	27.9551752356007	6.258693716740911E-4
154.0	23.185813402062823	23.79350735388229	24.39506772443822	28.623233192187946	0.002378327428718241
155.0	28.704134580810354	22.858189877335462	23.24608358788695	25.191498070858586	9.38831086449757E-5
156.0	27.373417028278652	22.185012646248655	25.33408816510161	25.10732568612393	1.5647424715545466E-4
157.0	25.44725202024659	21.849989453596137	26.516288091451408	26.18628266490413	1.8776980173386635E-4
158.0	25.219140874510494	20.325169411880317	25.979096296801664	28.47646823368809	1.2518311943189396E-4
159.0	27.38141698414303	21.15977743219547	23.0975594718537	28.36080796156546	4.3815024234402874E-4
160.0	27.347276270071426	20.24937922780759	25.051185929956493	27.352095978547915	6.259361657779417E-5
161.0	25.158418453813358	19.43413463479488	28.804632732396357	26.59915241002298	0.003661768972423124
162.0	26.25580651481416	22.21705113864339	24.598684618220673	26.92845772832177	0.0
163.0	26.129066484384754	23.549076368421037	26.805393716720015	23.516463430474193	0.0
164.0	26.33198914803023	22.682532309899607	24.528074526540877	26.455557377849615	0.0018466376796715863
165.0	27.962286308802053	21.490187216306918	24.740822444673004	25.806171934518424	5.320956996025558E-4
166.0	25.044502212198942	22.703437007498156	25.401458940116473	26.8504453351321	1.565050543307296E-4
167.0	27.256120102282637	22.583190726323817	26.021128270557554	24.139279182214665	2.8171862131915056E-4
168.0	26.579324899665902	23.273503815998176	23.135394764314647	27.01165130782573	1.2521219554263366E-4
169.0	27.523299654277334	21.640160427338763	24.847768079066686	25.98864662284925	1.2521646796900143E-4
170.0	32.43915525778837	21.724044449703577	22.576744232639065	23.259930842381863	1.2521748712294667E-4
171.0	26.418388320447665	22.733781060358	25.854576576159193	24.992690575632036	5.634674030976934E-4
172.0	28.53408188264868	24.007513869423672	23.556331173607063	23.901885290179703	1.8778414087816626E-4
173.0	29.654239588099397	19.263807789733406	21.89836805792446	29.182301443292	0.0012831209507362922
174.0	25.57642150170969	23.95727123247201	23.86735842880114	26.598479400172376	4.694368447835239E-4
175.0	25.761481729539916	23.897677286291717	22.368282274735265	27.971087746092948	0.0014709633401508832
176.0	25.207574594772574	23.232298256398444	27.96222593079929	23.596273672956087	0.0016275450736088558
177.0	23.304927971372607	25.782029121965056	22.883448910101787	28.00520987560029	0.02438412096026484
178.0	26.1820742757876	22.420301422602	23.07548085199618	28.321767845125752	3.756044884736373E-4
179.0	29.28586610721227	23.425431071318226	22.459940254327616	24.827854768494127	9.077986477556556E-4
180.0	27.480954131389417	20.947991256903332	25.227594559139426	26.343240313674134	2.1973889369000931E-4
181.0	28.74827043792716	21.119608161991753	25.9688614346739	24.16259943704111	6.605283660761439E-4
182.0	26.42313913159999	21.958243974616988	25.31859305081195	26.299898022543246	1.2582042782720073E-4
183.0	24.24043290228493	23.852627751095028	25.50334768204004	26.403277091939515	3.145726404849955E-4
184.0	26.706452323276814	21.082706766917294	25.83499543838676	26.372196180828638	0.0036492905904929687
185.0	25.86145175618509	23.048749644535153	23.192791550380377	27.896661021171866	3.460277275163765E-4
186.0	28.251998566688467	21.961849877919988	24.87311449220786	24.913005603316876	3.145986680521592E-5
187.0	25.262207864139587	22.65584388359235	26.834934904736368	25.24647744134428	5.359061874152204E-4
188.0	28.573540863391457	27.546777808954225	21.41696958614841	22.462238840320186	4.729011857209063E-4
189.0	26.182881554989795	22.315270081737857	23.957846282385766	27.54327692344071	7.251574458693613E-4
190.0	28.964656760128914	20.627342586540315	24.978645353957397	25.42900845388579	3.468454875875036E-4
191.0	28.031133031569	22.815873208432215	23.466979045828246	25.685635613246294	3.791009242480533E-4
192.0	28.12521029669487	22.179244028205744	23.53417872209748	26.161335359132252	3.159386965190822E-5
193.0	28.936440477130894	23.549000710956633	20.89321431392685	26.621154909550516	1.8958843510545855E-4
194.0	28.921588300260858	22.294885630183455	23.245963441475233	25.537562628080444	0.0
195.0	27.339208179019074	20.480354285938233	23.80150050663749	28.378273311171498	6.637172337024234E-4
196.0	29.609887720783888	21.61482663718867	25.371591342698174	23.403535838202316	1.584611269501811E-4
197.0	25.58924309229399	23.50141529917808	23.460144984959474	27.44846757807919	7.290454892687674E-4
198.0	28.138698221694696	22.466060251292145	23.091606750883848	26.30353949105702	9.528507229119627E-5
199.0	26.575984121480605	22.60979283613624	25.141816841125973	25.671928623075242	4.7757818193627387E-4
200.0	28.836316545131552	22.788207936331542	22.86590210089479	25.50950973390067	6.36837414452834E-5
201.0	25.23806854947597	19.8990724370373	28.907559599932746	25.955044658551866	2.547550021144665E-4
202.0	25.763395123417748	24.44867588581605	27.806493404747663	21.981403738742785	3.184727575218488E-5
203.0	27.10662120546936	23.936135980889475	21.213115610645364	27.743203281260254	9.239217355455631E-4
204.0	26.097547375715912	22.991803343980756	23.508582990146486	27.40200256493998	6.372521686487864E-5
205.0	27.959580548776387	23.773639856852025	24.476538345233124	23.789349043794854	8.922053436089897E-4
206.0	26.682184258227682	20.707890261903973	24.737949434406733	27.871912309461226	6.373600038751488E-5
207.0	27.128511022415847	23.350335029678064	25.894565258273428	23.62636557025806	2.2311937460276783E-4
208.0	29.292761521962568	22.09610965597974	20.380312115052575	28.23075294759742	6.375940770060622E-5
209.0	27.702180263006444	19.904166505913228	24.833424896365848	27.559526865167665	7.014695468155993E-4
210.0	26.184123120804585	22.939825245709354	23.829797140494502	27.045935586661678	3.189063298760698E-4
211.0	25.548039701995783	25.079947876377055	25.0547154493589	24.316467587815065	8.29384453188425E-4
212.0	29.44318227874682	21.587309793544158	23.651325688853657	25.317895020365388	2.8721848997751077E-4
213.0	30.74099122400314	22.453990198369972	21.63064178069332	25.17392975881655	4.4703811702436104E-4
214.0	28.458754559791387	23.579542095482793	24.0181129374244	23.94349453783728	9.58694641376302E-5
215.0	27.12344364309257	23.94569474132054	22.321643676923628	26.60873738383388	4.8055482938381337E-4
216.0	26.79978384343107	23.932208268864024	25.233070139694586	24.034808080002566	1.296680077580369E-4
217.0	30.019119333481786	21.999136082109477	24.982595749537058	22.998364049505568	7.847853661072783E-4
218.0	24.40228027448923	24.038290005563255	24.556954665405133	27.002276838748806	1.9821579357014394E-4
219.0	27.360871683844156	21.939751892821548	23.572554872941826	27.12621996501447	6.01585377999488E-4
220.0	28.29484396432953	21.047463680239172	23.903630818734815	26.753658980869538	4.025558269452755E-4
221.0	26.88198487507035	22.031548443894323	22.89410725011537	28.19215673821494	2.0269270502198204E-4
222.0	26.112334031847475	23.926456521331392	23.244322512331987	26.716716426563085	1.7050792606094294E-4
223.0	31.27618563879674	22.229575805591193	23.30757355442852	23.185836860407903	8.281407756504528E-4
224.0	31.56925752868412	21.391657623332115	23.372796519610574	23.666046173415467	2.4215495772493342E-4
225.0	31.78811724305348	19.01276585681067	23.402042064099863	25.79606625474816	0.0010085812878261457
226.0	26.080434419675413	22.344600947217657	24.91038336833411	26.664370381435237	2.1088333758028947E-4
227.0	28.06473295807393	23.162972099970013	24.26484067580799	24.506104241776576	0.0013500243714926012
228.0	28.72313316925818	27.552812880089995	22.137476230991933	21.586399273653374	1.7844600652113085E-4
229.0	27.816876333872575	25.154346185744835	21.118363365771867	25.910378149054214	3.596555650584549E-5
230.0	26.259092726291012	22.596475582491856	26.552921273775077	24.59151041744206	0.0
231.0	25.306569155100046	24.516445879976896	23.46060603831057	26.71483384897234	0.0015450776401514175
232.0	25.39546998206047	24.86519476016367	23.855472370054844	25.88367805843489	1.84829286126455E-4
233.0	23.38809052548303	25.562329183370913	20.62010008168943	30.42888257303397	5.976364226529604E-4
234.0	27.391622829989597	20.886221999559734	26.268796635772247	25.451802427527152	0.0015561071512612058
235.0	26.29265983048672	20.849119036693544	27.75247709679874	25.105436584707835	3.0745131316298993E-4
236.0	29.39048860949193	23.425696519107444	23.384085402049415	23.799456992438767	2.7247691244732924E-4
237.0	28.783303921780316	23.88075463698161	21.491489624821124	25.84425552129115	1.9629512579573134E-4
238.0	27.675959079690347	21.32912337915175	23.563704759679798	27.43121278147811	0.0
239.0	28.521851127514314	22.059747465146774	23.937971408595466	25.479020404481062	0.0014095942623875144
240.0	25.894487612769645	20.64946325540002	26.341133047474706	27.114832832643664	8.325171196739196E-5
241.0	29.031284646099216	21.496211331827315	22.74609671315322	26.724198294474128	0.0022090144461208872
242.0	28.270821265198542	23.505434158414396	20.08464782903043	28.13796911197879	0.0011276353778476448
243.0	28.546083625639657	22.198266386566235	24.80479995109269	24.447835202460773	0.003014834240644907
244.0	27.311253066800784	22.23247576865594	25.289230406556378	25.16607599248154	9.647655053546583E-4
245.0	29.67632030121391	20.26069562827083	22.822215954871712	27.23891873352631	0.0018493821172314918
246.0	24.83067791565114	26.076842986737574	22.37981784324482	26.710135158746162	0.002526095620297515
247.0	26.41458943678112	22.99397143618092	23.965176739527465	26.483472837696443	0.14278954981405279
248.0	26.304792761000805	22.02746736433637	23.40527207090271	28.252496264898152	0.0099715388619601
249.0	26.100562473239002	21.246250284285946	28.270876540914518	24.366386453547147	0.01592424801338653
250.0	28.9758166786857	21.169473515224254	22.664335907870473	27.189609436515276	7.644617042909235E-4
