# Position (bp)	A	C	G	T	N
0.0	24.39385874798389	23.138964994380547	24.593532950519638	27.873542690233823	1.0061688210418073E-4
1.0	23.20162407255154	30.188858127912265	23.63879334258671	22.898841087590863	0.07188336935862277
2.0	25.124933152000832	26.342568204988513	21.7837850288523	26.7482128800822	5.007340761556441E-4
3.0	25.93900571480601	22.206696573968042	24.13426167037631	27.71468294408315	0.0053530967664794085
4.0	26.179172190131144	23.51821193708149	23.24378822687293	27.058677687602845	1.4995831158937816E-4
5.0	28.151216241382016	23.7316974656666	22.220863104257607	25.895324506611058	8.986820827256828E-4
6.0	26.453007003464347	23.68357301298507	23.812825561398697	26.045111282805372	0.005483139346509483
7.0	26.25787345050345	25.522595067389318	22.55540465691239	25.663430114713382	6.967104814617782E-4
8.0	27.957480394797923	24.436546144417946	23.305761628178605	24.30011242734718	9.940525833935563E-5
9.0	26.61868004880365	25.49941128983841	21.93187236624768	25.94988744298343	1.4885212682399674E-4
10.0	24.747438941377872	24.52771069643244	23.16130046201433	27.563549900175353	0.0
11.0	27.740998514504746	22.419769786719826	22.73918975085243	27.09994573709043	9.621083257006073E-5
12.0	28.26838627401118	24.699018108254798	20.119197179196192	26.91339843853783	0.0
13.0	25.964261554379075	22.801741495629148	24.81875047172929	26.415199598332762	4.6879929717609366E-5
14.0	26.683380789558946	22.017290343903678	23.3034824854498	27.99570712251876	1.392585688118366E-4
15.0	25.338703150627868	23.16897738984901	24.703206538003084	26.789112921520044	0.0
16.0	26.760309017040473	24.223066923517013	21.350971879232056	27.665561654946664	9.052526379061868E-5
17.0	28.481388089710407	26.238139142219215	18.854514957288693	26.424713684280682	0.0012441265010052986
18.0	25.72468532326344	26.071286426209483	19.72524306202108	28.47874106360428	4.412490171178144E-5
19.0	25.21322076254319	24.83679005594453	22.041977487890097	27.907660586515643	3.5110710653950153E-4
20.0	23.80124292937838	25.19823031694176	23.193993612675577	27.806445930130135	8.721087414947595E-5
21.0	23.822571163828748	24.335081555040826	23.328644743357096	28.51344262209864	2.599156746912743E-4
22.0	22.5608171076325	27.339695432170004	25.414309093854204	24.68513540047838	4.2965864909305505E-5
23.0	25.38473650341608	24.16181182140559	22.59205950408697	27.861221024959953	1.7114613141284553E-4
24.0	28.210593608699668	21.49778667460259	24.0759016725635	26.215718044134245	0.0
25.0	25.55541599119148	25.040717553140766	19.87793766065947	29.525760757646857	1.6803736142693968E-4
26.0	26.95128812394614	24.72385401401274	19.529057504742113	28.795800357299008	0.0
27.0	25.38224093740084	24.768762422908647	20.03305687258135	29.815898070751214	4.1696357948222293E-5
28.0	27.735194715352524	23.337815905785078	22.42053959275458	26.504097054710495	0.002352731397324325
29.0	27.549227385187315	23.62197530631534	21.82617897656857	27.002167672388538	4.506595402371371E-4
30.0	23.929439057842085	24.16920174445358	24.64681487496984	27.254340892659307	2.034300751836872E-4
31.0	26.895797312556187	24.761016582324345	22.00256471986272	26.3401755584791	4.458267776532165E-4
32.0	24.510448280140057	22.23449901774483	24.23446127730511	29.02035052838623	2.408964237721409E-4
33.0	24.499077192517802	25.14331253884799	24.04767500633299	26.30977619184533	1.5907045588399628E-4
34.0	26.59308752922825	26.940668827570306	22.13338185630359	24.33286178689785	0.0
35.0	25.703691646261177	22.32506613485538	25.606533815336103	26.36439612446039	3.1227908694279167E-4
36.0	24.42644337365374	24.445904810562997	25.71624132961785	25.41137148528985	3.900087556965654E-5
37.0	25.55957376798644	25.559534781449273	21.26333534503865	27.617556105525644	0.0
38.0	26.91119352518967	25.76122480399589	20.475983528444225	26.851481212253496	1.1693011671574482E-4
39.0	23.55388824526763	27.743024827673818	21.034958571184188	27.667855579962502	2.727759118606474E-4
40.0	26.793532447828778	25.735205020499908	22.216577047351024	25.25460756012728	7.79241930073167E-5
41.0	24.749768692112156	24.849498914070338	21.14522239644711	29.250835143216104	0.004674854154289665
42.0	24.838656399677156	25.23371839737737	20.43384367043836	29.493742579440884	3.895306622956133E-5
43.0	25.935093230841854	25.345102508356383	23.092130938368793	25.623739531637412	0.0039337907955527135
44.0	28.893560330066137	25.083523213397672	22.251269447697275	23.771530179539376	1.1682929954214597E-4
45.0	25.59290330468397	24.32536929183341	21.91493652985211	28.162858302047972	0.00393257158253689
46.0	25.75715870286239	24.118820315380432	22.10851631505651	28.015504666700668	0.0
47.0	25.932820714054365	23.69972687296011	22.61675635946882	27.748671736801455	0.002024316715250268
48.0	22.712448570080905	23.685939297517507	22.41877458634233	31.182837546059254	0.0
49.0	22.64264016518544	26.2597685816109	23.502773456075726	27.59283314355894	0.0019846535689908387
50.0	27.34550890794154	24.433433438886453	19.958061506159254	28.262957235810447	3.891120230167544E-5
51.0	25.00661413744644	26.80145760026643	20.769597689253814	27.41976273143645	0.0025678415968550944
52.0	23.44825524327817	25.24834128522439	21.98624105412256	29.31716241737488	0.0
53.0	23.052308288523953	25.146538778278348	23.57362786416703	28.225587366177397	0.0019377028532674514
54.0	23.634430212176746	28.01449208527373	22.545159881462215	25.80591782108731	0.0
55.0	24.260545513497554	27.249318581536603	22.660347338883614	25.82801086868729	0.0017776973949390502
56.0	27.470570392452725	24.710630594426874	24.625428185575096	23.1933708275453	0.0
57.0	23.11484068289852	27.568200794141728	22.85964431692568	26.452291416090624	0.005022789943447249
58.0	25.514637310403387	24.89899641571522	21.81360637460296	27.77260537094141	1.545283370201219E-4
59.0	28.264839071415356	21.825223456662794	24.22479205271101	25.682016504445954	0.0031289147648852324
60.0	23.807247051855875	22.991514156952622	23.257255843078223	29.94394439012052	3.8557992763435915E-5
61.0	25.755895120238826	23.210200974433175	23.089640218482153	27.9383262527504	0.00593743409544541
62.0	25.619136620642486	21.560002991687274	24.87846270453156	27.942089261770324	3.084213683576639E-4
63.0	27.177093476988695	23.642147644590217	21.95925498441395	27.21884389507114	0.0026599989360004254
64.0	26.128340262025407	21.372789290533234	23.321007676339125	29.1777857998887	7.697121353584972E-5
65.0	24.184828307029694	25.99721461438495	23.29075723775025	26.522581903921516	0.004617936913594168
66.0	24.427653052350305	24.002245750352294	23.407252742347477	28.162386683116004	4.617718339191422E-4
67.0	27.094869097376407	24.12792509779506	21.543965257838035	27.232355523814434	8.850231760634323E-4
68.0	24.101777974783296	21.63713123029945	26.78578574418834	27.475074184889674	2.3086583924349883E-4
69.0	23.956807128786014	24.787306082245752	24.40970512189116	26.84306513174095	0.0031165353361241074
70.0	26.88470119763769	22.713505592446634	24.40635845679133	25.99493527315983	4.994799645138696E-4
71.0	24.851991898866846	22.74189723880377	25.812076541688008	26.59307664933026	9.576713111171467E-4
72.0	28.079235665471884	25.4139928312996	21.387746409712907	25.1177994127457	0.0012256807699113756
73.0	25.291003953586433	22.497450256544596	22.878523442894746	29.329269063329765	0.0037532836444537383
74.0	24.640580493808816	25.629324005646243	23.43592870048336	26.29347748664072	6.893134208557137E-4
75.0	26.44102026819778	24.756847873828562	21.833584728066718	26.966134659502778	0.0024124704041577206
76.0	26.678003653823403	24.306349848804008	24.717146510200415	24.297734147012974	7.658401592028522E-4
77.0	24.397976726999822	24.630170661009878	23.467554497034396	27.50345572271511	8.42392240801651E-4
78.0	27.330818762106528	26.374893699953784	20.111758153945825	26.182184782313207	3.446016806606857E-4
79.0	27.5568745257106	20.9894930779592	22.146127462954695	29.304480201791712	0.0030247315837877453
80.0	23.85891981149593	23.412851707911344	27.822957173863188	24.902782728347166	0.0024885783823704512
81.0	25.34758486139484	25.386558469600583	21.317989421230433	27.947254695975225	6.125517989114955E-4
82.0	23.459688243396474	21.931990539651768	23.576679276891284	31.030723162310515	9.187777499592293E-4
83.0	26.1735763771124	22.331465512951354	23.298653990293662	28.19515571252154	0.0011484071210428762
84.0	23.871197163743876	25.232711875176555	24.61662541560477	26.278661704800616	8.038406741850012E-4
85.0	26.142223297343975	26.695919504681882	21.004821206572398	26.156461855973152	5.741354285959251E-4
86.0	26.4181107268449	24.592807944971852	22.649814067205252	26.33765977283896	0.0016074881390339456
87.0	22.975188520098094	21.712111516947672	24.848181236471405	30.46340888424881	0.001109842234012914
88.0	24.945228162731578	26.98103755941668	25.19776220928831	22.875512846172363	4.5922239107149215E-4
89.0	26.677312381708962	25.465989198158006	22.379956360986935	25.475594066869782	0.001147992276307965
90.0	24.356527402255608	25.67595903876868	24.66796102239307	25.299437743504814	1.1479307782434974E-4
91.0	27.204412651478282	24.957070312858704	23.444047542524114	24.393551211061013	9.182820778886859E-4
92.0	26.242405460416574	23.842492692407756	22.42072601502839	27.494337572502026	3.825964525656918E-5
93.0	26.68506365938451	26.263498853981872	20.6321903503399	26.418788040398912	4.590958948027667E-4
94.0	27.86789980584753	23.286972656063202	22.95081151907572	25.890107788096444	0.0042082309171074155
95.0	24.27471711509616	25.665700987242396	23.931609545192153	26.1246824370928	0.0032899153764906473
96.0	26.22870489661145	23.712615942982524	23.788852948646934	26.269214173580146	6.120381789416024E-4
97.0	26.008136543376665	25.163231942741255	23.239370894338922	25.589107619479663	1.5300006349502635E-4
98.0	28.618282152648582	23.006102822383237	23.47727773426026	24.898299042886517	3.824782140409282E-5
99.0	22.516549453323083	22.669251861454974	26.008092118597727	28.80610656662422	0.0
100.0	22.889037772617833	24.868681491814964	24.15109506022143	28.09118567534577	0.0
101.0	23.88652790343217	21.996001832366037	27.74072938263183	26.37658792947991	1.5295209005207252E-4
102.0	25.343068160873212	23.9011608831553	24.499460436744144	26.256272279450172	3.823977716917048E-5
103.0	26.200430587050498	25.819088441631976	24.787048284094162	23.193203285491602	2.2940173175367302E-4
104.0	26.38902801109953	26.846436351652354	22.2095376750168	24.55461564165245	3.8232057886394204E-4
105.0	27.771694372076556	23.371684278381064	20.15688049752743	28.695993949900096	0.003746902114858608
106.0	26.30391122710014	22.925492807885693	24.68598658878953	26.084532911144137	7.646508050052512E-5
107.0	26.663824776440094	24.04388235339096	22.748515653972465	26.543012582054804	7.6463414167906E-4
108.0	23.808287877803302	24.58730710864604	24.692730810248804	26.91163597860946	3.822469238678802E-5
109.0	26.34541882615542	24.460968674035684	25.34976073629011	23.843202005840176	6.497576786069195E-4
110.0	25.02843436706016	24.258107616435677	22.62894068224136	28.0845173342628	0.0
111.0	25.485636146280164	23.60813859987587	24.181293969810834	26.724205142002806	7.261420303236912E-4
112.0	26.46933832291163	23.662815183054388	23.83142746423486	26.03634259630811	7.64334910156253E-5
113.0	28.347171363036374	21.44867852739823	22.67373204896851	27.52973017179641	6.878888004824393E-4
114.0	26.41290876356367	22.4250479909166	27.039322551316747	24.122567826461484	1.5286774150523514E-4
115.0	27.850792541843777	23.24207209734464	25.432846248334616	23.473601175302445	6.879371745197243E-4
116.0	27.187298277449457	24.375402967368576	24.686502375094925	23.75079638008704	0.0
117.0	26.43899918440852	26.200818954743465	23.96348412730565	23.39589513649118	8.025970511819962E-4
118.0	26.75816206609912	24.481134328928636	25.17568148594032	23.584869244513236	1.5287451868413256E-4
119.0	27.62699362117662	21.41576245857969	24.072548127821072	26.884160720359873	5.350720627410213E-4
120.0	25.111093360463798	23.71907740628391	24.82196589098461	26.347863342267686	0.0
121.0	27.90880416009454	23.80607679251391	23.45247181422056	24.831921066440817	7.261667301744061E-4
122.0	27.17325376657317	24.15846647223412	23.664677625059095	25.003334603476475	2.675326571381726E-4
123.0	24.78449519612036	27.535618725709725	22.6945906622165	24.984569263654816	7.261522985968827E-4
124.0	25.018937381665253	25.195546141857232	22.809092083448306	26.976309736833453	1.1465619575328738E-4
125.0	27.354889404239774	23.555200041581376	23.627011995921357	25.462172412896955	7.26145360542637E-4
126.0	24.310469369269516	24.217329322871482	25.00143321778413	26.470729870933962	3.821914091015062E-5
127.0	26.364970176479872	23.19171858918526	27.518546304516732	22.92384769462489	9.17235193244257E-4
128.0	26.77631174128216	23.673735516450776	24.406889653862425	25.134425605474174	0.008637482930461
129.0	24.04635190836631	26.40296884584589	22.17786704019293	27.369257845866912	0.0035543597279577145
130.0	26.299920465876575	24.262608604590813	23.351768994074877	26.085663716273004	3.821918473128282E-5
131.0	25.84831189916456	24.477681876397163	24.25440318047928	25.41891509179766	6.879521613354833E-4
132.0	26.48769939184913	25.072579091717955	22.487746784199697	25.946203566962332	0.005771165270885503
133.0	27.561308865205536	25.200222437525436	23.687494386510043	23.548604701381446	0.0023696093775380143
134.0	26.87517007738712	22.972486447316523	20.517868444949965	29.634436810708838	3.821963755553313E-5
135.0	26.38751935815764	23.06628630657818	26.1443671392121	24.401292123580337	5.350724717443516E-4
136.0	27.56383355233537	26.21416182607187	24.576118305436374	21.639656415230924	0.006229900925465159
137.0	28.75900753013084	21.852591057558758	23.78263139508841	25.605578916550925	1.9110067106911655E-4
138.0	25.30145669193536	24.254159588312067	26.14126644105108	24.301970728575277	0.0011465501262160596
139.0	26.14523166813363	23.797650546163744	24.76381824275957	25.29188545256434	0.0014140903787201564
140.0	27.304601597690986	21.624512808204464	25.010299916759855	26.060432802884435	1.5287446025760875E-4
141.0	26.14785929758865	25.053535236562112	24.952102063022334	23.846006556083868	4.96846743035833E-4
142.0	29.040154650286414	22.684144065088873	23.4009456965913	24.874717368804856	3.821922855251551E-5
143.0	26.923031353944477	25.098978360630177	24.0067862140027	23.97105119433315	1.5287708949539479E-4
144.0	28.19444932802747	24.899827095681367	23.06701838656269	23.837826144784053	8.790449444214279E-4
145.0	28.970524218159692	21.78650228340519	22.55688639003366	26.685131628783175	9.554796182820706E-4
146.0	27.725981952783712	21.8489415128016	24.323802680711033	26.096190669107617	0.005083184596039702
147.0	26.47376831329809	23.983087155877396	26.206500124404116	23.33270780932958	0.0039365970908165305
148.0	24.732975440543704	24.711610418181138	23.153377928517756	27.401501131696442	5.350810609587277E-4
149.0	27.684891134390842	24.534673907684287	23.908811794567402	23.86921526637265	0.0024078969848161072
150.0	25.401333082092066	24.321734573792504	24.464491085457833	25.812441258657596	0.0
151.0	26.634605976100488	24.121503443046024	25.13343332232537	24.109883927151753	5.733313763622353E-4
152.0	27.70430597430237	23.95798296201618	23.010336845710235	25.32733599564571	3.8222325507439593E-5
153.0	25.196866946916828	23.278154782790835	24.501286964392328	27.022926848286506	7.644576135009331E-4
154.0	23.480265758076367	23.890591518889508	25.050206137571312	27.576069847497187	0.002866737965625136
155.0	27.357938440213747	23.659068311798226	23.8016545353696	25.18114757827047	1.9113434795090602E-4
156.0	26.54168880665767	22.974735562495937	25.301403325012515	25.182057623866083	1.1468196778965798E-4
157.0	24.856551752610738	22.96689585255852	26.37593723981489	25.800232881205353	3.822738104976975E-4
158.0	25.32635289080539	20.55725033258406	26.215575638026213	27.900668226371238	1.5291221309846019E-4
159.0	26.63139902905681	21.541956268180336	24.568937998866126	27.257247954455355	4.587494413769823E-4
160.0	27.550022153910614	21.61529724660724	25.390293031820967	25.444387567661174	0.0
161.0	25.692322160808207	20.32096192237673	27.974983962608217	26.007335529761498	0.004396424445343269
162.0	25.691889395565916	23.08130484116134	24.74534891900406	26.4814186141109	3.8230157783507205E-5
163.0	25.714862456311515	23.62920818235272	27.0607850048821	23.59510612544816	3.823100549838321E-5
164.0	25.702151021489573	23.73854057189041	24.517278938508763	26.04000319615727	0.0020262719539875696
165.0	27.254403514936072	21.687227426717044	26.26793052862825	24.789826810945637	6.117187729991921E-4
166.0	24.834342007716366	23.348839734518993	25.786748813506055	26.030069444258586	0.0
167.0	26.859653281741085	23.00411412490728	26.048451850209148	24.087360154164976	4.205889775099603E-4
168.0	25.3281973455141	24.13570142444129	23.97896814517501	26.557094847914424	3.823695517596456E-5
169.0	27.008122924864765	22.1588786440455	25.208445578162358	25.62428518605333	2.676668740447639E-4
170.0	31.33203018052949	22.541216795987758	22.876946890405154	23.24976789502584	3.823805175596781E-5
171.0	25.227692031209077	23.471923495324564	26.748838071858877	24.550972845963983	5.735556435007542E-4
172.0	27.827815430251185	24.124417533438073	23.86364070748424	24.184011651242532	1.1467758397266086E-4
173.0	28.694255126116964	20.26997383725596	22.6146081817619	28.419748859058245	0.001413995806929191
174.0	24.769797949572805	25.287277254795406	23.97166226612446	25.970880372129567	3.8215737775836424E-4
175.0	25.68950777207023	24.47228535515187	22.83264663135129	27.003840460931745	0.0017197804948611047
176.0	24.904136803174023	23.686933138262763	27.86344601486955	23.544146373250566	0.0013376704431014232
177.0	23.029321526188628	25.76172404290232	23.925024529205523	27.258129802401815	0.025800099301715534
178.0	25.74624327251686	22.23216763118449	24.021691522969945	27.999553603163914	3.4397016479228407E-4
179.0	27.947374596902574	23.924484281828214	23.30246152681857	24.82418894141848	0.0014906530321602658
180.0	26.970425174768348	21.944433689993517	25.500864593966664	25.58404654509324	2.2999617823017175E-4
181.0	28.030867460232468	21.74602132732075	25.9591670975352	24.263176420417143	7.676944944405485E-4
182.0	26.015869439295418	22.817107610244854	25.42154277727855	25.74548017318118	0.0
183.0	24.38845187076684	24.170987797444017	26.182175393124375	25.257732354508285	6.525841564850742E-4
184.0	26.525338036268597	21.77329016337684	25.682886623583727	26.013993638138615	0.0044915386322228355
185.0	25.632524154830428	23.731880998404776	24.1188265657842	26.51626929354126	4.989874393346424E-4
186.0	27.284169845042655	22.152090665094367	25.70047107524306	24.863268414619917	0.0
187.0	25.143099060771824	22.583696512328093	27.866383967675723	24.406205227470405	6.15231753956517E-4
188.0	28.31605999439326	27.357607915266748	22.099696090243086	22.22644372516529	1.922749316174206E-4
189.0	25.872787385573986	22.817517164623087	24.685060461238315	26.623596631261247	0.0010383573033630085
190.0	29.172557610740775	20.578330453886025	25.84110373856362	24.407623586750336	3.8461005924533354E-4
191.0	27.428621629421617	23.448409791741884	24.069535223244888	25.052932447985558	5.009076060508098E-4
192.0	27.692914180809815	22.82442406861774	24.02908038261065	25.453504297086642	7.707087514749438E-5
193.0	27.47500254368196	23.781229477111488	21.876898126308454	26.86671569035528	1.5416254281864627E-4
194.0	28.33179808755911	22.472953337521535	23.78741920688818	25.40782936803117	0.0
195.0	26.546378737362232	20.991562035365515	24.965026527412686	27.496493015520933	5.396843386303352E-4
196.0	28.53060358306781	22.096048667936348	26.12639113784649	23.246879301554195	7.730959516443943E-5
197.0	24.70853224586749	23.864826078148464	23.83061080259371	27.595373630809057	6.572425812777106E-4
198.0	27.904052679998063	22.90324892267467	23.320118142642716	25.87258025468455	0.0
199.0	26.245218460468468	23.41514475024218	25.506020392955612	24.83318947316128	4.269231724583323E-4
200.0	28.085180544622634	23.44397969814262	23.66033514522287	24.81050461201188	0.0
201.0	26.023521885725774	20.92087662461173	28.317251220229846	24.738039728991357	3.105404412934941E-4
202.0	25.49365193733928	24.76971191472974	28.025695056958643	21.710941090972334	0.0
203.0	26.239416771545944	24.486958790889812	22.618936207640388	26.65410574704788	5.824828759742511E-4
204.0	25.80090309005618	23.586868338914698	23.9143714972444	26.6978182378831	3.8835901616233716E-5
205.0	27.61296892458874	24.211657522270652	24.757486112518986	23.417227195422093	6.60245199531925E-4
206.0	25.505846581233765	21.66750307633028	25.694116440654792	27.132533901781166	0.0
207.0	26.85498818409579	23.07397653446503	26.14304256328395	23.927798473469867	1.94244685368286E-4
208.0	28.491906865127888	22.15133581312721	21.576149527452003	27.780530082168912	7.771212398503108E-5
209.0	27.536711742433518	20.172289770455183	25.513684589326303	26.77684755654679	4.663412382059386E-4
210.0	25.689763671183403	23.593856951120777	24.54537574692088	26.17069267692011	3.1095385483663457E-4
211.0	25.36467552926988	25.386525540991904	25.395351079534436	23.85263139069104	8.164595127447386E-4
212.0	28.396940211051845	22.30964513402621	24.66979148799293	24.6233897971511	2.3336977791365085E-4
213.0	30.331831388900348	22.657865671839282	22.53360305546713	24.476349629002343	3.5025479090178155E-4
214.0	28.11203327582245	23.94932291646382	24.494650709019602	23.443876259429903	1.1683926422420675E-4
215.0	26.21742984950694	25.035079148548295	23.224308328156656	25.522870512288236	3.121614998735746E-4
216.0	26.802259904839055	23.66610730641802	25.829225593157943	23.70232828278245	7.891280253688877E-5
217.0	29.90838827665604	22.641762117898683	24.895594109159145	22.55369914174364	5.563545424957509E-4
218.0	24.974369053540197	24.00504596723731	24.576868772763007	26.443475540295537	2.4066616394179086E-4
219.0	26.72394985211693	22.307939217974422	24.61464793224782	26.352977272515687	4.857251451407449E-4
220.0	27.716248667689186	21.09559817505914	25.233357488236667	25.954470715158447	3.2495385655236956E-4
221.0	26.088450779599686	22.223695133541916	24.23548742522418	27.452121176414273	2.4548521994861996E-4
222.0	25.98739332120566	24.521684501600877	23.666728912710024	25.824069596847632	1.2366763580870594E-4
223.0	31.2285758543841	22.33857562119612	23.765852618534446	22.666454576647226	5.413292381082458E-4
224.0	30.856459549816144	21.740591257601498	24.121148123260056	23.281717593732655	8.34755896506964E-5
225.0	30.31790707331703	19.20298821743015	24.463702218512353	26.01447968356103	9.22807179439856E-4
226.0	25.842977574279164	22.110669042198463	25.520594063769806	26.525589800357007	1.695193955616432E-4
227.0	27.207870584622384	23.105984460368635	25.500187765555673	24.184674053537563	0.0012831359157441631
228.0	27.718962110146922	27.686141421084287	22.97156113068133	21.623335338087465	0.0
229.0	27.39200073338574	25.829404790012116	21.817144794388216	24.961449682213928	0.0
230.0	26.345035569262826	22.59193716917188	26.366116231979625	24.696911029585664	0.0
231.0	25.224512730094172	24.80208444338369	24.384235802437605	25.588022112643433	0.0011449114411000308
232.0	25.103861614696	24.670078819671435	24.592525861320606	25.633400832310222	1.3287200174328067E-4
233.0	23.670419484557787	25.284567707828177	21.776161970839492	29.2683144858115	5.36350963040502E-4
234.0	27.790422269617032	21.140270754808924	26.034482367846678	25.033918012016926	9.065957104423959E-4
235.0	25.48814445806475	21.721873166925462	27.75104850146371	25.038750709189493	1.8316435658253773E-4
236.0	29.073381612786164	23.691642605828246	23.599575675397247	23.635214487176988	1.8561881135281775E-4
237.0	28.21198203710266	24.016691469496266	22.017609930993675	25.75357612486957	1.4043753783036175E-4
238.0	26.873132602299272	22.782204553037886	24.21953203203203	26.125083416750083	4.739588072921406E-5
239.0	27.914362716603332	22.6444942999755	24.020715133288817	25.41932291491518	0.001104935217167811
240.0	25.90487981201004	21.3132478194758	25.908046625389236	26.873677298747772	1.4844437714966015E-4
241.0	28.7925998727874	21.58670965210723	23.507580245983988	26.110831498790294	0.00227873033108961
242.0	27.541933767577042	23.77494237767291	20.90161818979534	27.780612295542483	8.933694122224847E-4
243.0	28.422689836278746	22.527889577999108	24.67713802700404	24.370393677616708	0.0018888811013966287
244.0	27.22972670195127	22.869803777079607	25.367426298153283	24.53214700039334	8.96222422489208E-4
245.0	29.22247784679419	20.757518920763253	23.408570761559474	26.609636669466784	0.0017958014162887171
246.0	24.541828010667817	26.54036985566864	23.326032564129086	25.58972075682142	0.0020488127130327974
247.0	26.217907860630856	23.034091256157822	24.970997723377614	25.64136713502569	0.13563602480802422
248.0	26.83167919799499	22.351979949874686	23.436491228070174	27.36892230576441	0.010927318295739348
249.0	26.02047454446173	21.425482011808104	28.2980528636884	24.240669082272422	0.015321497769340628
250.0	27.89017653903339	22.09580123788286	23.51433665318486	26.498980682562546	7.048873363465589E-4
