# Position (bp)	A	C	G	T	N
0.0	23.679352223228996	24.476028820503586	25.45764434912115	26.386974607146264	0.0
1.0	22.400522280546177	30.807615013844845	23.393941610196517	23.322579760445745	0.07534133496671483
2.0	24.142837604820606	26.978457973874963	23.03406552444496	25.843512586518063	0.0011263103414061182
3.0	25.853261938539095	21.879135137568607	25.155249377099892	27.10538628381735	0.006967262975053447
4.0	25.44887363203796	24.027290959869543	24.078809608602864	26.444811584733984	2.1421475564790593E-4
5.0	28.020248678683835	24.114588432551752	22.5411000348285	25.323420853977645	6.419999582700027E-4
6.0	25.26000288506232	24.002008858209873	24.530883523622784	26.201120900139447	0.005983832965576932
7.0	25.18693562077982	26.219453674516615	23.617710790440157	24.97478022001459	0.001119694248823788
8.0	27.52643210260297	24.49648068742628	23.241567914429396	24.735466069398374	5.3226142978194315E-5
9.0	25.367079009993727	26.659222611238718	22.49517092124699	25.47826197765509	2.6547986547604256E-4
10.0	24.016319297994308	24.94523538571319	23.68600736914984	27.35238489350809	5.3053634571870435E-5
11.0	26.530389671034577	22.867060037930766	23.082622302143537	27.519825584015006	1.0240487611058088E-4
12.0	27.64544675790263	24.819726433443023	20.414514363077146	27.120312445577195	0.0
13.0	24.607699870602968	23.117342888193594	25.140678183899183	27.134129638096717	1.494192075402909E-4
14.0	26.22149909163682	21.9046486474799	24.486346050745485	27.387506210137797	0.0
15.0	25.235171304444	23.879395151823257	24.77128038356983	26.11415316016291	0.0
16.0	26.394310500305746	25.27420809311821	21.761527351808184	26.569906467784804	4.7586983056654683E-5
17.0	28.47830933498902	27.24101033673392	19.0752279094143	25.204242300974006	0.0012101178887538625
18.0	25.27085691712519	26.379666245023465	19.654772513416514	28.694612027491566	9.229694326368451E-5
19.0	25.117195698790407	24.655256112845898	21.73710962132252	28.490071146412067	3.6742062910678666E-4
20.0	21.938036293145423	26.66135583014615	24.286464517827515	27.114143358880916	0.0
21.0	23.323379167741265	25.148927891119527	24.094872247333868	27.43273020139087	9.049241447335677E-5
22.0	21.80697497853622	27.11164878055764	26.539788408978144	24.54149835291507	8.947901292121686E-5
23.0	24.54035753774499	24.9476289129319	23.380721569060007	27.131069597727787	2.223825353210181E-4
24.0	27.559785709854808	21.974902694376976	24.828409062412423	25.636902533355798	0.0
25.0	24.374236555547434	26.009573723938484	19.888402256489496	29.72756995848254	2.1750554204121123E-4
26.0	25.559551097674877	26.51177076916298	19.98240022256763	27.946191510116197	8.640047831304794E-5
27.0	25.27699325122968	25.219293051991755	20.48701551747821	29.0166120596	8.611970035511458E-5
28.0	27.418660248395927	24.00340772047841	22.982623519228852	25.592670166871066	0.002638345025740886
29.0	27.28427849683542	24.36270322994739	22.454013723022705	25.898709739370386	2.948108241057545E-4
30.0	23.13824184422776	25.206820218557308	25.766296496930302	25.88839064778032	2.507925043136311E-4
31.0	25.974442620566418	24.920148773038004	22.75321545078646	26.35173603174933	4.571238597876452E-4
32.0	23.668436185773988	23.717167243838855	24.469082530821158	28.145067091636616	2.469479293827701E-4
33.0	23.594005619375483	25.391326091976445	25.792151526838648	25.22239458376588	1.2217804354669828E-4
34.0	25.731590696893043	26.232267527323593	23.390791229311443	24.64526977911744	8.076735448145743E-5
35.0	24.823374546604757	22.34291018041556	27.046518891035774	25.786996692341425	1.9968960248190214E-4
36.0	23.15940595995229	25.291591402148544	26.752191898285865	24.796651132947964	1.59606665333951E-4
37.0	24.978091283063016	26.213395889019235	21.273812890582462	27.534660048911185	3.988842410010718E-5
38.0	25.905861541479975	25.85988256818686	21.672406395104936	26.561809617541076	3.987768715794914E-5
39.0	22.774660780698788	27.74274035609255	22.141435470186337	27.340924169255597	2.3922376672174132E-4
40.0	25.755097468517423	26.395373080837537	23.533846186351656	24.31548393809566	1.9932619772122318E-4
41.0	23.67334947965579	24.83688919147742	21.678590390971667	29.806108603417513	0.005062334477606943
42.0	24.036102320464888	26.805474734752764	21.033766709977762	28.124496807467576	1.5942733700547633E-4
43.0	25.876273745802003	25.913416569923957	22.74276641507584	25.463557987640044	0.003985281558149443
44.0	28.370849759097645	25.8553517939465	23.233658348618444	22.539582223394643	5.578749427680082E-4
45.0	25.511714837359666	25.09878903252488	21.902518592418645	27.48303314801342	0.003944389683389019
46.0	24.67988441936187	24.57590487106337	22.53511700089518	28.209093708679582	0.0
47.0	25.084988690747924	25.183939666992522	23.370595307238002	26.358484568188935	0.0019917668326206793
48.0	22.126104126918893	24.828295595598345	22.873770432396032	30.171829845086727	0.0
49.0	22.006840914882773	26.465620221712538	24.85915997706422	26.666547209480125	0.0018316768603465852
50.0	26.66722144159992	24.962244115039088	20.95966242078033	27.41067294066682	1.9908191384610728E-4
51.0	24.419556888978597	27.66256965536296	21.977035875423148	25.938170203329765	0.0026673769055322594
52.0	22.432342885564708	26.830561843461208	21.213994401667264	29.523100869306816	0.0
53.0	21.68017016308882	25.88345065619379	24.41795912152195	28.016635630831114	0.0017844283643215842
54.0	22.551581087773794	28.855828316949545	22.247643941896257	26.344867348189045	7.930519135747885E-5
55.0	23.032141468502672	29.16800986643683	22.76344877533802	25.034619944014775	0.0017799457077004803
56.0	25.745395609019894	26.368226300952042	25.322291548676347	22.56408654135172	0.0
57.0	22.764777112431258	27.846926887372593	23.324912582642128	26.058440115254083	0.004943302299940601
58.0	24.861731426616924	26.163494407769218	21.82743465186213	27.147220887678902	1.186260728245461E-4
59.0	27.036355059963096	23.220511011850277	24.993090533972236	24.747236114741025	0.0028072794733701866
60.0	23.099202932620546	23.716652830199106	24.361262470091717	28.822842290718988	3.947636964251384E-5
61.0	24.524399188101633	24.287358653972927	23.376894054526034	27.804874390227535	0.006473713171874716
62.0	24.91089029183775	22.40358191422258	25.366642535665594	27.318490530884652	3.9472738942304274E-4
63.0	25.573559937778246	24.535280769554127	22.97930270110467	26.909054165372353	0.00280242619060682
64.0	24.2099391492716	22.377562874555792	23.905941563288973	29.506556412883633	0.0
65.0	23.52269003157477	27.089661942005787	23.649839920338312	25.732805616653327	0.005002489427809744
66.0	23.887073744744125	24.604098352584362	23.680324559589575	27.82818823668429	3.151063976445797E-4
67.0	26.746582221644548	25.57774338008531	21.12673449051372	26.54838849436574	5.514133906803259E-4
68.0	22.59449095834387	22.95317180682671	27.615156363109318	26.837062716175414	1.1815554468524544E-4
69.0	22.482293189494378	25.530298495236174	25.2296450446136	26.75477012653123	0.002993144124615617
70.0	24.527495311232318	23.542234696762872	25.008425820726067	26.92176551717629	7.865410246033965E-5
71.0	23.999648538414046	23.640812535254028	26.628667497726877	25.729851562395805	0.0010198662092435965
72.0	26.179972356838388	26.67514107896186	22.477679166751646	24.66571698862112	0.001490408826985499
73.0	24.89387769188294	23.293768196877668	23.4004787661262	28.407953604236734	0.003921740876462025
74.0	24.038478506128584	26.509284541502115	23.701746481215043	25.749706187877415	7.842832768453303E-4
75.0	24.34915010720711	25.323464318932913	22.765904217858647	27.558971752848006	0.0025096031533163622
76.0	26.129913374353603	24.688426857557825	26.045020868264086	23.13581546212108	8.234377034087183E-4
77.0	24.109769189689796	25.784012427825214	24.085263287492268	26.02024932500943	7.057699832889352E-4
78.0	27.069685596929837	26.987818782631063	20.811344042934596	25.130563453838565	5.881236659394844E-4
79.0	27.54072085240122	21.220049432746684	23.234488750599873	28.001957235655567	0.0027837285966557618
80.0	23.811022979929955	23.243160380409915	28.850313473171397	24.092837144894744	0.0026660215939907873
81.0	24.759813771134525	25.505042881646656	22.384788042146532	27.349924038225925	4.31266846361186E-4
82.0	21.85354390534688	22.47172642208834	24.70667890381593	30.967070646798156	9.80121950693593E-4
83.0	24.938499372938626	22.556685446491613	25.019415576447585	27.484419514447893	9.800896742848382E-4
84.0	23.31723334168322	26.438601092227827	25.22873003720599	25.014259488587115	0.0011760402958446968
85.0	24.676974121081884	27.683049304713304	21.54455801059492	26.094908966325026	5.095972848656662E-4
86.0	25.356690542070847	25.552326960156574	23.358737453261476	25.73036354820413	0.00188149630697553
87.0	21.138949414039455	22.970225545520073	26.80359395926987	29.086368769257483	8.623119131134516E-4
88.0	24.608919979493578	27.77816536515696	25.44332592823693	22.168883230984136	7.054961283940243E-4
89.0	26.283620019314462	26.828602962386967	23.110804183963978	23.77603219495065	9.406393839439129E-4
90.0	23.409243580890152	26.280157490313627	25.111952787395133	25.198293410756406	3.5273064468971854E-4
91.0	26.118885312051017	25.467569001748707	24.489477590940904	23.9235978024786	4.702927807706688E-4
92.0	24.744601638123605	25.066700630951917	23.1419445859623	27.04675314496218	0.0
93.0	26.11177492492416	26.592542460026497	21.42793601104809	25.867393905287855	3.5269871339428226E-4
94.0	27.39973986857053	23.8276940826174	23.299084132021992	25.469132023950277	0.004349892839802068
95.0	22.893526573683072	27.178930720011536	24.457765509544455	25.466916524808685	0.0028606719522479397
96.0	25.75441772615682	24.230867949222844	24.81987197949791	25.194176183954532	6.661611678980852E-4
97.0	24.972913539233538	25.76738441379413	23.11394965464518	26.14559565331368	1.5673901347681223E-4
98.0	27.359921131555293	23.959934140460124	24.250009208110345	24.43009633642595	3.918344828450945E-5
99.0	21.383437613862977	22.93863446703312	27.045380640257637	28.632468921529064	7.835731720217363E-5
100.0	22.317070447432105	25.264769937226223	24.821165453933578	27.596994161408094	0.0
101.0	22.9127074697534	23.05867622867812	28.359230447688454	25.66922915097189	1.5670290813174484E-4
102.0	25.0163484930588	24.481050441125245	25.176052406078934	25.32650947820782	3.918152920023055E-5
103.0	25.404836568734844	25.924193343645246	25.587136438503865	23.08359857513826	2.3507397778080763E-4
104.0	25.256187441918048	27.683954258455085	23.088094943324553	23.971528286008457	2.3507029385353868E-4
105.0	26.803004841551537	24.047156249644924	21.53791059840198	27.608637136741603	0.0032911736599535867
106.0	25.669004427379228	23.666222622732437	25.118128746620695	25.546565842573365	7.836069427575128E-5
107.0	24.8056651736319	25.228265060165434	23.315477515147144	26.649887003701767	7.052473537552071E-4
108.0	23.727214565753023	25.31968267388273	24.309752226583605	26.643311355782068	3.917799857627153E-5
109.0	25.525428230815066	24.848454694290425	25.595867954117807	24.02946558659091	7.835341857924097E-4
110.0	23.832374505160434	24.525982382634144	23.975052838386034	27.66643357054292	1.567032764696319E-4
111.0	24.26211268212608	24.869441212306416	24.84342739834436	26.02431351347116	7.051937519833574E-4
112.0	25.07218294547161	25.037237389237866	23.778178772376712	26.112205009751065	1.9588316274521633E-4
113.0	28.239844048715973	22.240961344390332	22.727878172461562	26.790728796454744	5.876379773970929E-4
114.0	26.204896922362096	22.64331008069603	27.589673353073135	23.561806230808347	3.1341306039234614E-4
115.0	26.560415496977846	24.20490871627623	26.264684206546445	22.969403878906892	5.877012925902229E-4
116.0	26.164577261245746	25.46258875744861	25.17955225851294	23.193125002693627	1.5672009907844665E-4
117.0	25.20176125290623	27.608203507930572	23.94076811502213	23.248483509215703	7.836149253567604E-4
118.0	26.245479966884112	24.71639718538434	25.230140162656546	23.807590873774465	3.9181130054316804E-4
119.0	26.086518704734917	21.874446553310335	25.716248176074803	26.322238016948596	5.485489313483176E-4
120.0	25.254789086630446	24.458694409431203	24.717842465095924	25.56859567535417	7.836348825664357E-5
121.0	27.038482998144342	23.908546065499774	24.224313844726417	24.82795181553739	7.052760920808467E-4
122.0	26.22160104977621	24.292453107422997	24.888104717449476	24.597135841245247	7.052841060700277E-4
123.0	23.80918796587112	28.11267733664341	23.816083955539675	24.26134547027515	7.052716706475334E-4
124.0	24.91213511092722	25.178452904027644	22.888362809701697	27.020853267006608	1.9590833684009256E-4
125.0	26.29335508679049	24.249619353680966	25.0085219325157	24.447680819735464	8.228072773777367E-4
126.0	23.49813083050212	24.463728002827363	25.497815024902014	26.540208596259777	1.1754550872324811E-4
127.0	25.37731443025913	23.99418081628431	27.601392968081473	23.026014713303724	0.0010970720713661055
128.0	25.59691498256802	23.447362791248043	25.255798317220474	25.69071618827007	0.009207720693392304
129.0	23.98127904334266	27.214425088746268	22.834591061899054	25.966296008964747	0.0034087970472764886
130.0	26.38795775638491	24.90552079835464	23.26047577943137	25.44604566582907	0.0
131.0	25.10841881714953	25.421411051117886	25.125228239830104	24.34431496704726	6.269248552195412E-4
132.0	25.598782510500023	26.33984774328337	22.08611841762413	25.969373901165966	0.0058774274265057085
133.0	26.427995725974966	25.757270015488835	25.215337120189517	22.597438014294553	0.0019591240521268055
134.0	25.37416008178097	23.744378831768724	21.74444387412658	29.136978030180437	3.918214328674707E-5
135.0	25.612879160698	24.566572735223037	25.989493052312184	23.830545690490148	5.093612766317585E-4
136.0	27.490752930850732	26.886754748918563	24.167489499090966	21.44845934424174	0.006543476898000125
137.0	27.636778404311052	21.852062132979434	24.90789098869615	25.603072559919347	1.9591409402074103E-4
138.0	24.47459919553083	24.626308947192314	27.93257849373218	22.965416288894236	0.0010970746504445894
139.0	25.421977588825996	24.16530150939833	25.378720943308323	25.032628597422864	0.0013713610444912624
140.0	26.107079060367393	22.024387692290816	25.727875169119528	26.140227075659368	4.310025628979672E-4
141.0	24.86850065671305	25.574153717873564	25.6050693858871	23.951766855896157	5.093836301341952E-4
142.0	28.094587080794696	23.431297292658755	23.755231555985535	24.718688150479164	1.959200818475734E-4
143.0	26.369081485034148	26.132959990219728	24.252804383568513	23.2449582222473	1.9591893031398753E-4
144.0	27.307006874586598	25.932912436011176	23.067678471227364	23.69181444572274	5.877724521239745E-4
145.0	27.245258265486978	22.7350902264802	23.580673261057058	26.43795942502391	0.0010188219518512582
146.0	27.17760627594814	21.78297899853642	25.575664243044088	25.45908740911415	0.004663073357197297
147.0	25.56337650113892	24.716896181355725	27.585963677600795	22.1299626681881	0.0038009717164600495
148.0	24.09036030560555	24.599154282839137	24.075978960130755	27.234075402922585	4.3104850196930386E-4
149.0	26.860702559153005	25.379335153938303	24.66488681566159	23.092567535000406	0.0025079362466931487
150.0	24.619310028081983	24.406128346344993	25.453736048160252	25.520786389603632	3.9187809142829375E-5
151.0	26.17704079253303	24.754939517195677	26.05304585108772	23.01454275689663	4.3108228694639726E-4
152.0	27.157775185996858	24.598025752687665	23.363415758237004	24.880626542135772	1.56760942697605E-4
153.0	24.519228131395433	23.738079169909696	25.694165210732294	26.047900436819504	6.270511430750431E-4
154.0	22.221664841680848	25.817069796497748	24.911957824407885	27.046407416784174	0.002900120629341853
155.0	27.15997848997087	24.231314338033556	24.32271628397001	24.28567733074962	3.1355727593980953E-4
156.0	25.259415344406843	24.166213958767912	26.073270479447064	24.500865044443763	2.3517293441732378E-4
157.0	24.3598411935024	23.202736194092303	26.8951558060441	25.54191404239674	3.5276396445550295E-4
158.0	24.491457361673305	21.55698691744984	26.617190479531494	27.33436524134536	0.0
159.0	26.12617062008175	22.18678808346778	24.943673830320648	26.743053889680667	3.135764491543627E-4
160.0	25.567287844733443	21.998891490741126	26.386322532292976	26.047458934592466	3.919763998849157E-5
161.0	23.90144263559693	21.150737467289442	29.649524687554386	25.29445382578305	0.0038413837761900062
162.0	24.693556043446033	23.915740504460985	25.909767439308006	25.480896814299918	3.919848505694952E-5
163.0	24.63621314356297	24.633665136163554	27.277399213567318	23.452526506136973	1.9600056918565292E-4
164.0	24.772299801406696	24.454103621328905	25.19692725275604	25.57521887992749	0.0014504445808646374
165.0	25.816629234273986	22.8878074941362	27.024005212439445	24.27097001318399	5.880459663770998E-4
166.0	24.80997581866824	23.26543637737932	26.24576199422283	25.678747400742065	7.840898755178914E-5
167.0	26.50624468762448	23.974064629850925	26.71999429164667	22.799186716473617	5.096744043082386E-4
168.0	26.37390470089106	24.542345423101366	23.94780908812539	25.135783959516328	1.5682836586018988E-4
169.0	26.163428750220056	22.605478155483507	25.678378423945198	25.55240100107549	3.136692757415632E-4
170.0	30.45153023415206	24.035384336694644	23.609999082494703	21.90285108889058	2.3525776801545175E-4
171.0	25.204389161669184	24.005815827426144	27.090768785569598	23.698516477785596	5.097475494866842E-4
172.0	26.789018525307856	24.563707335818012	24.464150225758196	24.18304549081577	7.8422300165275E-5
173.0	28.468470729303945	19.42452616005844	24.261600976519844	27.844147370427024	0.0012547636907462355
174.0	23.193262416909523	26.720470921861228	24.665677475617905	25.42004021594898	5.489696623679728E-4
175.0	25.319928773571405	24.727146390230953	23.375240228423362	26.576547431805714	0.0011371759685700246
176.0	24.188229315268103	24.739213055150135	28.724326181119192	22.34681977565382	0.0014116728087504892
177.0	21.63488084631119	26.075379296497548	25.30764898917013	26.95777698997327	0.024313878047862263
178.0	24.911382140599684	23.770642863752787	24.751869993679115	26.56571288754629	3.9211442212529153E-4
179.0	27.052540890037964	25.04310664291308	23.695379461983606	24.207796567232833	0.0011764378325152514
180.0	26.396805571772227	22.340672702805662	26.185458149396997	25.076984949751914	7.86262732050703E-5
181.0	27.16924222765293	22.69455274362592	26.56057108485337	23.575161556484932	4.7238738284792903E-4
182.0	24.88932677707692	23.178165887662004	26.267730241814746	25.66458035853757	1.9673490876025135E-4
183.0	23.223191087904496	25.000196710682648	26.40510440616192	25.371114373885632	3.934213652980324E-4
184.0	25.826635104241376	22.23801567446587	26.75769255433365	25.173801193701728	0.0038554732573752647
185.0	24.2513197658662	24.989979573670688	25.320545473068357	25.437683175163343	4.7201223141028997E-4
186.0	26.3186176224267	23.276699344206964	26.238841467708163	24.165841565658177	0.0
187.0	23.73500215592161	22.748441390857156	28.800353776094735	24.715847955106383	3.547220201182564E-4
188.0	26.72044434565893	28.300592240187523	23.109071820748426	21.869576320481233	3.152729238883871E-4
189.0	24.417637763003892	23.712694728296636	25.763839354327665	26.10492175400294	9.064003688655414E-4
190.0	28.560658190213378	21.998264352785664	25.051529489844253	24.389232681559182	3.1528559751744123E-4
191.0	25.88801368051482	24.130815975443287	25.414232693493467	24.566819225039257	1.1842550917047669E-4
192.0	26.72711143817156	23.766670443477913	24.254589713940106	25.25162840441042	0.0
193.0	27.383101887039786	24.806836348761813	22.332438503303003	25.477425842886063	1.9741800933945118E-4
194.0	27.069015826862035	23.93645564052337	24.977759948005858	24.016768584608737	0.0
195.0	26.051325794598096	22.344945512991384	24.781272028290992	26.822219721157627	2.369429619054953E-4
196.0	27.763026784961404	22.34601883526055	26.794383388486253	23.096491814947466	7.917634432525325E-5
197.0	24.73666038969986	25.13652006860846	24.517190917456038	25.6092722783489	3.5634588673902335E-4
198.0	26.7431920675702	23.812600828324396	24.764923980352187	24.679203789935155	7.93338180629617E-5
199.0	24.735155237926016	23.753129820937872	25.51560806274469	25.995987628189	1.1925020242721862E-4
200.0	26.655591360147817	23.9724731326421	24.406540870902315	24.965394636307764	0.0
201.0	24.679778338508854	21.630879311050833	29.482695765667593	24.206606829142626	3.9755630092944686E-5
202.0	24.713497352057125	25.62918462443741	28.68183336248986	20.9754846610156	0.0
203.0	24.984698351717185	24.768864575938533	23.582116857266143	26.663962281784976	3.5793329316526377E-4
204.0	25.95876495323311	23.970993233557607	24.150813866354408	25.919308623276372	1.1932357849820935E-4
205.0	26.712863575920803	24.30206430256549	26.09313923789817	22.89149533754889	4.3754606663985707E-4
206.0	24.515135783462526	21.49868025595277	26.28484591714752	27.701338043437186	0.0
207.0	25.191401256526426	23.82713392060354	27.842870141563125	23.13847532283483	1.1935847208424162E-4
208.0	27.581542825353544	22.420765196933992	22.65220412149111	27.345448062733634	3.979348771614828E-5
209.0	26.646325980066337	21.21097664748019	25.716627118279796	26.42571205006579	3.5820410788470924E-4
210.0	24.171386399208963	25.05397771150426	25.448898711381656	25.32549833847369	2.3883943143477215E-4
211.0	24.587069315974244	26.396387177538195	25.645481045383654	23.370584658803367	4.7780230053844335E-4
212.0	28.190794177737466	23.200459840991574	24.40407690625482	24.204509739953227	1.5933506291544128E-4
213.0	28.60247093081186	23.608078711398186	23.230520036954754	24.558770895658615	1.5942517658331122E-4
214.0	27.264107440891234	25.465115536933205	24.992979388121764	22.277797634053798	0.0
215.0	25.213981340091618	25.41465130595374	23.36346047761051	26.007667031763415	2.3984458071169885E-4
216.0	25.42941075661011	24.779353038372122	26.229099369141274	23.562015579073986	1.2125680250662062E-4
217.0	28.130893141503854	23.443640174661102	25.884429637622226	22.54050732562821	5.297205846159363E-4
218.0	24.416646838024555	24.527344177748063	26.131817519408056	24.923985631164204	2.0583365511994749E-4
219.0	26.617319082289516	23.176715076500116	24.868656000684823	25.336894293584745	4.155469408057538E-4
220.0	27.839684033700507	22.27727012002057	25.153226860978922	24.729526547694693	2.924376053036484E-4
221.0	24.95281433736675	23.405015113729867	24.50698246739957	27.13489330271003	2.9477879378202035E-4
222.0	25.126335264601956	25.502617765401926	24.659333065542853	24.711501147187178	2.127572660861514E-4
223.0	29.814481681265953	22.8918852254721	24.680001670211563	22.613200956153072	4.304668973108302E-4
224.0	29.19201820560764	23.441576667803798	25.069631267353838	22.296644312690812	1.2954654391411928E-4
225.0	30.49292528720638	20.085444441545565	23.931140041917782	25.48970753215581	7.826971744632002E-4
226.0	24.587817975909303	23.047276102513162	25.967863804245024	26.39691002182218	1.3209551033779464E-4
227.0	26.786931354039467	23.95051824693065	26.1824768744299	23.078871560323247	0.0012019642767313516
228.0	26.60142667831058	28.332771460695515	23.717450987072745	21.34817155286654	1.7932105462298645E-4
229.0	27.751734661600135	24.92495917045774	22.293495737391265	25.02981043055086	0.0
230.0	25.22093039154471	23.295110134768677	28.248371792008676	23.235587681677934	0.0
231.0	24.902241023675312	25.176109495602063	24.605161008120806	25.315008852290894	0.0014796203109329609
232.0	25.122412577221148	25.540797916626957	24.763670392310637	24.572979652061456	1.3946177980193636E-4
233.0	22.77429133398394	25.722607604571333	22.356938577882612	29.145738583911406	4.238996507066878E-4
234.0	26.544455146556167	21.636350754371218	27.05395970686852	24.7645163081672	7.180840368961153E-4
235.0	24.94262696438043	22.174017063655562	27.839498174593587	25.043615153954825	2.426434156040098E-4
236.0	27.72810883122504	24.691969467450964	23.943066239106056	23.63680627963251	4.9182585430150894E-5
237.0	27.512490117121747	25.144828636239925	22.553909888052925	24.788671845651457	9.951293394480713E-5
238.0	26.967756853871087	22.565910810943173	24.508991658878895	25.957290188315156	5.0487991683618015E-5
239.0	27.37978159001771	24.14376907990021	24.117403428763335	24.35791960165853	0.0011262996602158706
240.0	25.16254070142116	22.019521843096022	26.9560000678357	25.86172540107859	2.1198656853101786E-4
241.0	29.17869120973403	21.425785820138834	23.78697364602186	25.606002482109762	0.0025468419955143747
242.0	25.924915351057752	24.964975602595157	21.668586758916195	27.44088402961942	6.382578114777902E-4
243.0	27.58404583911545	23.402057900021102	25.384710489236205	23.626894242185884	0.0022915294413570968
244.0	26.183318745063445	23.169715072130494	26.4016888570362	24.244422857246615	8.544685232487534E-4
245.0	28.984555207963332	21.208344210449734	23.635367675064515	26.170181580084822	0.0015513264375981615
246.0	24.413828503580255	26.674232243933073	23.704528844567037	25.205374346049076	0.0020360618705621888
247.0	25.352552796341666	23.01664387456127	24.939986158292648	26.550252431292137	0.1405647395122758
248.0	25.86084756075275	23.412086695347252	23.957695061306364	26.759427076278747	0.00994360631488875
249.0	25.42633000293351	21.174192421183413	29.120345205432173	24.262685285844938	0.016447084605960206
250.0	25.650507413339962	23.046316830132003	25.340846166105273	25.961357171991107	9.724184316511395E-4
