# Position (bp)	A	C	G	T	N
0.0	23.882959668029972	23.579574290234948	25.161880168373287	27.37551123981252	7.463354927306922E-5
1.0	22.532391214866873	30.20364020165285	23.00444288301351	24.178170848167134	0.08135485229963298
2.0	23.976722033077184	27.196018492787307	22.377476367602846	26.448965762188465	8.173443442000502E-4
3.0	26.222379295265064	22.341058208679293	24.381803318976495	27.048670946742092	0.006088230337057796
4.0	26.29892435782723	23.401560712425603	23.079639662097897	27.219578497840256	2.967698090137894E-4
5.0	28.43805843318888	24.229190801356953	22.19524325173677	25.136692215158774	8.152985586262663E-4
6.0	25.152929354666608	24.378052759979905	23.51046031606263	26.95352590309159	0.005031666199264341
7.0	25.41917016713635	25.935157122348063	23.17517709127216	25.470274070529296	2.215487141312632E-4
8.0	26.931348050755773	24.58986390049578	23.673136841918822	24.80550360949287	1.4759733675365563E-4
9.0	25.887233763574248	25.245997521977348	22.50359843657691	26.36309661489141	7.366298008005692E-5
10.0	24.42399399980716	25.068396457295368	23.497982884140782	27.009626658756698	0.0
11.0	27.83710984654977	22.601456416567252	22.21962488995877	27.341737795281745	7.105164246529305E-5
12.0	28.82932522038037	23.903307436119935	20.026067359791796	27.241230060532494	6.992317540718013E-5
13.0	24.82693366031688	22.3109718335308	25.353615324457145	27.50827228828252	2.0689341265167012E-4
14.0	27.35801883771849	21.37854876265919	22.933757338685172	28.329402563924393	2.7249701275149774E-4
15.0	25.571323549688685	23.737209663652745	24.283966485669914	26.407500300988655	0.0
16.0	26.144267007303707	25.284506342691603	21.37975173477866	27.191078620842706	3.962943833197052E-4
17.0	29.171591976363683	26.92255023169949	18.704097728479464	25.199886830916864	0.0018732325405038093
18.0	26.156812051295347	25.671172200784063	19.493654028505812	28.678233666718526	1.2805269624555895E-4
19.0	24.827850890452765	24.538639113474254	21.24802773989016	29.384973080519128	5.091756636945658E-4
20.0	22.929752154805087	26.33943845659521	23.05392094355654	27.676825319070232	6.312597292905777E-5
21.0	23.47113683509873	25.151140938925547	23.623403824065942	27.75400561023154	3.1279167823995875E-4
22.0	22.697884588601227	26.826387706782622	25.86020024450256	24.61546556073103	6.189938255365902E-5
23.0	25.39645005394381	23.757937622235687	23.066274527191126	27.77902989817182	3.0789845755188703E-4
24.0	28.299860197088005	21.547732708523107	24.47208569382675	25.680077841482007	2.4355908012606617E-4
25.0	24.74725868009318	25.484242607564944	19.01980113304274	30.74857706847786	1.2051082126919586E-4
26.0	26.577601454230187	25.003742151958914	19.71323739852781	28.705239371989066	1.7962329402776496E-4
27.0	25.913891484747687	24.423868533775405	19.747861549423362	29.914378432053546	0.0
28.0	27.658898760721357	23.178275709891075	23.017068731561512	26.143399970657498	0.0023568271685608685
29.0	28.309360477981855	23.80644297177997	21.52257718871199	26.361211725929117	4.0763559706968243E-4
30.0	23.702217304385933	24.883538622165645	24.850701658844763	26.563079922162526	4.6249244113916513E-4
31.0	26.223941782675702	24.37971128087078	22.361998761089	27.03383100472464	5.171706398779936E-4
32.0	24.616195885155705	22.70155546757319	24.32067752490432	28.361116041157548	4.5508120924178923E-4
33.0	23.369976712146276	25.31282338386061	25.259142716938754	26.058057187054356	0.0
34.0	25.7758407586147	26.744764814744705	22.74641504223558	24.732756681639717	2.2270276530023673E-4
35.0	25.266014578887823	22.340763050660367	25.64084203707845	26.752215089820886	1.6524355247198846E-4
36.0	24.035468689465713	24.982279963371255	25.530445444299648	25.45164080935442	1.6509350896347691E-4
37.0	25.788233896175484	25.16368705433717	21.069557783648126	27.97852126583922	0.0
38.0	26.911286392949812	25.756842463033706	21.009768583241947	26.32188257241192	2.1998836261561764E-4
39.0	23.468149484879024	27.803776215855404	21.408820261076738	27.319034100750038	2.199374387955346E-4
40.0	26.194553650114376	26.411657759478995	22.548590032782776	24.84481371873665	3.8483888719987377E-4
41.0	24.465334267090448	24.26518848664284	21.331549373506878	29.932815662492978	0.005112210266857376
42.0	24.757163618295067	25.759124777665647	20.248200988054958	29.23545565075533	5.496522899613705E-5
43.0	26.232460645510898	25.480022269230158	22.298413179954835	25.98481713345765	0.004286771846461023
44.0	29.179234598524985	24.84386823220647	22.5333653519085	23.4431471548437	3.84662516341288E-4
45.0	25.656705847317983	24.12750112498084	21.13046426132302	29.081153013327793	0.004175753050360132
46.0	25.285888127985583	24.314514024519216	22.103664147719627	28.2958787609088	5.493886677599501E-5
47.0	24.694847956827164	24.32262289030347	23.879259768710682	27.101127002577453	0.002142381581231419
48.0	23.503010207191657	23.647328815230996	22.66927919225512	30.180381785322226	0.0
49.0	22.032913630548066	26.296090888624096	24.194868021503133	27.47393102084969	0.0021964384750127667
50.0	27.785778958401853	24.643227569500002	19.95509699608897	27.61567684771908	2.1962829010041955E-4
51.0	25.032196863646693	26.34944109758093	21.187018488081396	27.42848892680415	0.0028546238868339254
52.0	23.05386679579083	25.5387035619974	21.51653700387756	29.890837862812514	5.477552169576251E-5
53.0	22.912055465640176	24.790144788067014	23.83710248895499	28.45861948296225	0.002077774375574122
54.0	22.968911545991897	28.47342847785711	22.1976733823326	26.359877244865658	1.0934895273774239E-4
55.0	23.931517686230315	28.524229255024213	22.35194505189549	25.19056334564955	0.001744661200425043
56.0	27.047935859463884	25.234265926784843	24.61906062484361	23.09873758890766	0.0
57.0	23.12110181160487	27.431526525397025	22.968254123998506	26.4740480543536	0.005069484646002793
58.0	25.338036513230143	25.323593419835653	21.66654767011103	27.671604387866278	2.1800895689799417E-4
59.0	27.944720381130512	22.603628848989786	24.41930677583514	25.029183165645936	0.003160828398626239
60.0	24.60953010890838	22.749950229163428	23.259407775999684	29.381057491571593	5.439435691183654E-5
61.0	25.19236720856375	24.04618662297985	22.37948460219272	28.375706606488514	0.00625495977516955
62.0	25.10695556544223	21.81627029925803	24.92105466400234	28.155447527322213	2.719439751900073E-4
63.0	26.39759220926982	23.410750433186962	22.57641004667433	27.61241922273261	0.002828088136279041
64.0	25.219976367229584	21.685102290164178	23.44502178459441	29.64989955801183	0.0
65.0	24.453703613246798	25.890665824331965	23.39367532556345	26.25679919326914	0.005156043588649757
66.0	24.644213334693724	24.07670219422807	23.637433267104704	27.64116276558159	4.884383919088552E-4
67.0	27.353976096101835	24.846693351972526	20.936152800871756	26.862146662093693	0.0010310889601847712
68.0	23.188339736493674	22.655195242126283	27.350176900870395	26.806179592368302	1.0852814134705128E-4
69.0	23.322168135614557	24.603823587343843	24.893471208060646	27.177227120523906	0.003309948457048535
70.0	25.360081329391075	22.709672597205575	24.61838934658637	27.31164007953122	2.1664728576156127E-4
71.0	24.773038723453215	22.995969874256403	25.992717577365614	26.237301538858766	9.722860660063404E-4
72.0	27.431705912789674	25.749590327295273	21.430500389418615	25.386312988866194	0.0018903816302435136
73.0	25.520379634245067	22.595949509552693	22.831357736797507	29.04853276246343	0.003780356941302398
74.0	24.899923048884208	25.516017982260742	23.286163649372916	26.296923305387924	9.72014094204366E-4
75.0	25.40048954572036	24.53360591515513	22.01298003532548	28.050332600580695	0.002591903218333827
76.0	26.98624737447422	23.70375969892171	25.489711178665342	23.819255835551644	0.0010259123870821432
77.0	24.182273582068518	24.97293637496983	24.45871400132929	26.385428134399717	6.479072326424303E-4
78.0	28.012879310987092	25.28860486548149	20.37226693905272	26.32549305636912	7.558281095713213E-4
79.0	27.65815588899962	20.542153129214313	23.025528014088295	28.77119371511803	0.0029692525797406274
80.0	24.45173473375988	22.850666275100032	27.823058668054422	24.872165010786077	0.0023753122995830247
81.0	25.595583837345636	24.974682423664	21.65797195956961	27.771329923107984	4.3185631276761594E-4
82.0	22.850512391983106	22.08640487819624	24.06196423404632	31.000038866648527	0.0010796291258027043
83.0	25.397299212823693	21.939941842984695	24.430102813873262	28.23195440282721	7.017274911460883E-4
84.0	23.000723795603577	25.62074513704889	25.37516199042172	26.002181641931138	0.001187434994680831
85.0	25.03056153893068	27.1969900999504	21.17384374836398	26.59801092281545	5.936899394922008E-4
86.0	25.737231414191243	25.24946760456052	22.46147486219242	26.549829298857063	0.0019968201987537685
87.0	22.199563212969565	21.65344451417831	25.86330735312132	30.282875455256313	8.09464474492965E-4
88.0	24.859054912465115	26.23774824574089	26.050612884496253	22.851882469496072	7.01487801666735E-4
89.0	26.342899508219542	26.043859866851278	22.342502371489037	25.270036789106364	7.014643337761552E-4
90.0	23.523149721858022	25.470683133966777	24.84857313974004	26.15743213713398	1.6186730118648732E-4
91.0	26.616525938115405	25.142949634465456	23.84450619115703	24.395640562194824	3.776740672799374E-4
92.0	25.798259343846762	24.248275772766192	22.71944207497522	27.234022808411822	0.0
93.0	26.494646072104704	25.6161994152681	21.194022764511878	26.6948619880561	2.6976005921772823E-4
94.0	27.781665236070026	23.59874812453366	23.2027489035839	25.41311512733209	0.0037226084803179214
95.0	23.841783098886374	25.934164229044086	24.140555961376407	26.0809071300865	0.002589580606630837
96.0	25.973675664069624	24.047903429241615	23.94232771521639	26.035391870939762	7.013205326151811E-4
97.0	25.73515052581267	24.788126678398147	23.080085148529808	26.39658370115585	5.394610352688836E-5
98.0	28.433916920429503	22.710160133566013	24.44166331762656	24.414151739837575	1.0788854034896548E-4
99.0	21.60866352786362	21.93327616613005	26.73079101072694	29.72726929527939	0.0
100.0	22.258629894677807	24.682065026883315	24.81995998511576	28.23934509332312	0.0
101.0	23.440504655379005	21.9664540927754	28.540174955538518	26.05286629630708	0.0
102.0	25.589556436542765	24.105600536717876	24.27364845734058	26.03103277743412	1.6179196465600603E-4
103.0	25.604536348218115	25.824451089462375	24.967495436418595	23.603463198794188	5.392710672983329E-5
104.0	25.575759405989178	27.20110311980789	22.682604454218318	24.54015553471597	3.7748526863739146E-4
105.0	27.111125012943084	23.47670676146757	21.15196691747489	28.256965536879164	0.0032357712352880266
106.0	26.42921356919013	22.84503656118329	24.478115331536777	26.24752668003747	1.078580523316484E-4
107.0	26.198163528673902	23.8797897015451	22.720602787980695	27.200850771470037	5.932103302725477E-4
108.0	23.05970483258586	24.204720154998213	25.08621047596811	27.649094918071064	2.696183767571704E-4
109.0	25.684408165554252	24.425107925384545	25.435880512606484	24.45401025169828	5.931447564385863E-4
110.0	24.330703057008733	24.270958363124798	23.102324111729047	28.295960546933557	5.3921203866366E-5
111.0	24.68342007691528	24.1700763760523	24.043196362593207	27.102606189889716	7.009945494977644E-4
112.0	25.59018689925816	23.94922413783807	23.201832003114447	27.25854127776502	2.1568202430520731E-4
113.0	28.56363347163473	21.387111819243035	22.923470529400504	27.125029318279235	7.548614424862979E-4
114.0	26.335757056160812	21.809569256733987	27.609950474095285	24.244345770077942	3.774429319766956E-4
115.0	27.11698060299502	23.85842397312353	25.60086496513716	23.423191203671248	5.392550730420996E-4
116.0	26.999826357619177	24.304540694332246	24.595418645309014	24.10005252412389	1.6177861567117095E-4
117.0	25.644732747942296	26.231615753680625	24.16293809282167	23.960120213139426	5.931924159810351E-4
118.0	26.495659203088035	24.529290874646716	24.87404166237503	24.100630775842962	3.774840472545316E-4
119.0	26.859869149080744	21.081914487435853	25.10586068022633	26.951870331182686	4.8535207439476594E-4
120.0	25.087323539578854	24.013555439190082	24.380699893383582	26.51831327107481	1.0785677267729093E-4
121.0	27.995034140285536	23.337005955472286	24.02277780743919	24.644534938716824	6.471580861593918E-4
122.0	26.50983365727488	23.976887615653602	24.34814404145301	25.1643796609292	7.550246893073403E-4
123.0	24.262106946899745	27.534722634185172	23.227573605944347	24.97489572693454	7.010860361997685E-4
124.0	25.434339326941902	24.476055856455403	23.011692579168	27.07775044721513	1.6179021956550698E-4
125.0	26.366571103762332	23.802605437378254	24.582208905254667	25.247751683136705	8.628704680425136E-4
126.0	24.344676137399325	23.913240438036667	24.568429476981287	27.17349215919546	1.617883872609981E-4
127.0	26.434146528241794	22.626006381954074	27.996253015303424	22.94246156617273	0.0011325083279808833
128.0	25.76095374307268	23.42599603505888	24.903303326624428	25.900902358471235	0.008844536772779535
129.0	24.595072539896808	26.388925591933216	21.744117880231105	27.26902564473167	0.0028583432072012993
130.0	26.10269768846606	23.890830447960823	23.81969388085299	26.18672405052368	5.393219644263233E-5
131.0	26.075846555182284	24.662561731774126	24.22075179957189	25.040300594706803	5.393187648953102E-4
132.0	27.496412181916536	25.5673228917625	21.231631477016123	25.698808806643974	0.00582464266086935
133.0	26.767499177556182	25.79981987132125	24.264627365537176	23.166597455547585	0.00145613003780545
134.0	26.782330131644944	22.83794351294068	20.65115978060974	29.728512644062494	5.39307421409426E-5
135.0	26.578651458156372	24.19118499642708	26.0502366217692	23.17960333832194	3.2358532540549285E-4
136.0	27.894419498157163	26.416320516706342	23.88278325062048	21.80076000185524	0.00571673266077232
137.0	29.292630756900945	20.995962605289925	23.99132548002714	25.720027225178328	5.3932603661160865E-5
138.0	25.21094145195022	23.82460068618664	27.19863927528682	23.7642546591555	0.001563927420824826
139.0	26.10857973981374	23.357980722509513	25.305413886847074	25.22710885639602	9.167944336556314E-4
140.0	26.715717469103712	21.204863590376362	25.870586128865945	26.20845530419551	3.775074584687866E-4
141.0	25.831251149403283	25.258720229443814	24.794374786635696	24.115438110734253	2.1572378295383026E-4
142.0	29.182246052637968	22.58295028672542	23.542872366874786	24.691715568815447	2.1572494637886802E-4
143.0	27.079390777750152	25.508498662250105	23.81701760242645	23.594985096263525	1.0786130977067068E-4
144.0	28.225577680390636	25.046731088874818	22.792205480885286	23.934838579547478	6.471703017862979E-4
145.0	27.809533979315415	21.840213004744285	23.002905247512313	27.3464848770191	8.628914088913409E-4
146.0	27.418295366295624	21.70355509534904	24.796304685477608	26.07758434722582	0.004260505651911295
147.0	26.303493509834347	24.623099046685294	26.715408298804867	22.35465550538299	0.003343639292507497
148.0	24.335614779803834	24.308002284502543	23.36346079484078	27.99232890364911	5.932372037386887E-4
149.0	28.22560420838495	24.49170883662684	24.090458272368238	23.1906646683238	0.0015640142961692977
150.0	25.968538836205525	23.642416858532627	25.139537655616373	25.24950664964547	0.0
151.0	26.730773794499065	23.808791834674157	25.627371791137833	23.832469294810807	5.93284878139286E-4
152.0	27.103020993398808	23.75199494730211	23.57789045548173	25.567039668101177	5.3935716177316905E-5
153.0	24.624411955387895	23.207279725311295	25.074405644796784	27.09314756103744	7.551134665856898E-4
154.0	22.893737429091853	24.297903486709423	24.501680975499777	28.30322608136105	0.0034520273378989995
155.0	27.525918301177217	23.804105819283745	23.6948597145143	24.975062216331025	5.394869371330477E-5
156.0	25.999497189765545	23.370964974843304	26.08694948483531	24.54237255217196	2.1579838388590306E-4
157.0	24.891533401022677	22.85966617859844	26.247244500600463	26.001232219408426	3.237003699895229E-4
158.0	24.95113370347451	21.061198461096062	25.504996690094075	28.482617194138527	5.395119682637479E-5
159.0	26.970498100828728	21.362277710635357	23.920170062154696	27.746622496546962	4.316298342541437E-4
160.0	26.45438928167543	21.066361501739483	25.652252263918022	26.82694299847202	5.395419504657326E-5
161.0	24.451028072982957	20.48543799324384	28.94634186873017	26.113415261201055	0.0037768038419806853
162.0	25.384877275770844	23.59436770489424	25.091090184813392	25.929610879132913	5.3955388605593127E-5
163.0	25.576865488430318	23.888233913458713	26.54204447657871	23.992856121532267	0.0
164.0	25.32252155224744	23.285168460146753	24.843372882883223	26.547210442851	0.0017266618715827608
165.0	27.15133194907901	21.640827012816583	26.386718497062418	24.820475020828567	6.475202134226623E-4
166.0	24.90711756043362	22.764980042079724	25.71892492184924	26.608707664629232	2.6981100818120935E-4
167.0	27.13503000684807	23.614615042979864	26.39976644251696	22.85021075756701	3.77750088096717E-4
168.0	26.52206574391476	23.96481828464853	23.366655729494962	26.14608247778747	3.777641542831979E-4
169.0	26.171621810512363	21.73263540902671	25.819259623848374	26.276213312695674	2.6984391688159736E-4
170.0	31.16310697950538	22.853272528569693	23.27730480186732	22.706045846431994	2.698436256189538E-4
171.0	25.92264190349855	23.084490981220927	26.433552243510007	24.558505359242773	8.095125277460419E-4
172.0	27.300004424382447	24.423508362622385	24.47401106958906	23.802260319872058	2.1582353404562296E-4
173.0	29.63655561136706	19.311061845919607	22.621031680731345	28.429354596616818	0.001996265365173586
174.0	24.410276386830418	25.17177398078074	24.41685869563458	26.000389543193165	7.013935610992024E-4
175.0	25.82668829911044	24.03683198724067	22.871938918381407	27.263353780560905	0.0011870147065726623
176.0	24.674129221697886	24.25720671090387	27.968124609489237	23.09892076044249	0.0016186974665226388
177.0	22.30989724700542	26.07137345387555	24.318172742882243	27.276705687838536	0.023850868398246905
178.0	25.648098386202108	22.846884530461864	23.912245827370892	27.592177709861716	5.935461034237897E-4
179.0	28.803218399488422	24.040969297310717	22.197728664747356	24.956464725229953	0.001618913223553029
180.0	26.95837499513044	22.14281231198085	25.209174685209955	25.689259264068703	3.787436100542361E-4
181.0	28.423577365772225	22.224071158135512	25.790867280429076	23.560779552334672	7.046433285182707E-4
182.0	25.857953270450544	22.848869920223926	25.263291405453046	26.029614388529765	2.710153427205821E-4
183.0	23.805355161458706	24.965728679552722	26.023383095633925	25.205099420707626	4.3364264701976386E-4
184.0	26.5608635976296	21.56440879729914	25.93660489129139	25.934111325774577	0.004011388005299369
185.0	24.78252903768557	23.915355444688004	24.740682681028854	26.56099919559594	4.336410016239856E-4
186.0	26.894354179451096	22.582035375011113	25.37502195488461	25.14853428106155	5.4209591628304346E-5
187.0	23.987815981555567	22.967265907999472	27.92382761145867	25.120438598587985	6.519003983111434E-4
188.0	27.118742594444768	28.405604670885037	22.168938744887075	22.306659662005163	5.432777795585216E-5
189.0	25.361563680739458	23.697322108713063	24.162364342306727	26.778206531129413	5.433371113373808E-4
190.0	29.050934730774497	21.281997222216184	24.811554102664974	24.855242251874134	2.7169247020620375E-4
191.0	26.744274046500184	24.10663582843183	24.31505525455972	24.83387153240002	1.6333810825069786E-4
192.0	27.213156712455582	23.726464541951998	23.624412889875156	25.435856942534684	1.0891318257933645E-4
193.0	28.206408841704857	24.411092217648335	21.10057264984265	26.28187182534452	5.4465459639460446E-5
194.0	27.957417394615184	23.3596987145583	24.178439941455455	24.504443949371062	0.0
195.0	26.84436812618082	21.419566918066582	24.266828939827455	27.468527795997794	7.082199273475312E-4
196.0	28.57558822404685	22.19649168810878	26.440336299719753	22.787474528956412	1.092591682099524E-4
197.0	24.473815774735616	24.59505902344273	23.686417641739588	27.243942618449847	7.649416322215271E-4
198.0	27.383906037821976	22.851037720719876	24.314777018258564	25.450224489650708	5.47335488740488E-5
199.0	25.752460666361337	22.63291986276763	25.67890806473287	25.935217764516494	4.936416216675762E-4
200.0	27.580787865789542	23.416290151211385	24.101724721446214	24.901197261552856	0.0
201.0	25.23779588720082	21.48544809851058	27.807033711612554	25.469448028296338	2.742743797010629E-4
202.0	25.403535488740943	25.213946221600008	27.642948990832128	21.739569298826915	0.0
203.0	26.07539199325683	24.97584082436979	22.1256891744394	26.822309743405135	7.682645288425711E-4
204.0	26.526487136763677	23.46862836783214	23.311226875481587	26.69360273795176	5.488197083352542E-5
205.0	27.93388012452086	24.35352113912879	25.131556993760785	22.580218482303195	8.232602863628579E-4
206.0	25.628817585814716	21.11967514018856	25.669381150402454	27.582126123594268	0.0
207.0	25.77499836686431	23.90603239153097	26.48435565797802	23.834394002357204	2.1958126949813054E-4
208.0	28.356074203447285	22.348717988137157	21.298488950578072	27.996663952513483	5.4905324004552744E-5
209.0	27.433820274943905	20.423376711809716	25.236926875288983	26.905381911076503	4.942268808902235E-4
210.0	25.05136684412325	23.8857335558818	24.795809585951105	26.26681539846446	2.7461557938120325E-4
211.0	25.139551862861488	25.122686427609654	25.243711033016147	24.49339144125857	6.592352541434309E-4
212.0	28.722475773404387	22.13886543906857	24.13766949823247	25.00076944722911	2.198420654601734E-4
213.0	29.45250906307194	23.364797444741658	22.247256880895396	24.93499665634239	4.39954948613262E-4
214.0	27.304723510229916	25.273325169581312	24.639139228663026	22.782591945403762	2.2014612198846984E-4
215.0	25.71365688095358	25.18786395797628	22.471745249688205	26.626347785651678	3.861257302602873E-4
216.0	25.963545965140817	24.309418760790333	26.205338621246526	23.521585124844417	1.1152797790853813E-4
217.0	29.26113502715174	22.303255395177402	25.69404349905743	22.74089080217214	6.752764412931544E-4
218.0	24.76421552525557	23.97148327178391	25.221409976072863	26.042549654641995	3.415722456610362E-4
219.0	26.599496569242426	22.55595176356003	24.901826402631915	25.94209281386516	6.324507004678985E-4
220.0	28.22624899602109	21.900242227078202	24.21709883778419	25.65623646543913	1.7347367739331513E-4
221.0	25.49959473026983	22.68986056507012	24.04674208005053	27.76351127325785	2.9135135166632575E-4
222.0	26.38721921763283	24.48079692991429	24.108120409714235	25.02380448426369	5.895847495650339E-5
223.0	30.34645981453044	22.233480049961667	24.22418507789196	23.19509888446006	7.761731558722873E-4
224.0	30.15714244642926	22.935513857476906	23.908220569632384	22.998943439260934	1.7968720052133246E-4
225.0	30.859425153151243	19.513484482341873	23.676341079252865	25.949724559835225	0.0010247254187962368
226.0	25.216866896836848	22.442080409964717	25.26924667031719	27.071623090028574	1.8293285266710003E-4
227.0	27.1677006376497	23.277975801378904	25.86076542631261	23.69189309192269	0.0016650427360968931
228.0	27.850141054654802	28.070186316148433	22.567628731748147	21.51198189540255	6.200204606752022E-5
229.0	27.679152814309084	25.150168417562963	21.512161405637688	25.65845481186335	6.255062691365825E-5
230.0	25.882176872982065	23.170841829211845	27.258777565955278	23.688203731850816	0.0
231.0	26.074411969229157	24.25208325596227	23.723441447925325	25.948334483761045	0.0017288431222138411
232.0	24.51582671536921	25.223354274911554	25.160252381790304	25.100244350640267	3.222772886682793E-4
233.0	22.500567637609713	25.976075705893255	21.58380027507588	29.938708187291702	8.48194129452693E-4
234.0	27.003950334481118	21.315481953414853	26.746876661041657	24.932762029010703	9.290220516655706E-4
235.0	25.279602450888657	21.933932098374825	27.54126214572582	25.245068670388864	1.346346218315425E-4
236.0	29.19081630495357	23.76604073714575	23.12192153928322	23.920880362174657	3.410564427949439E-4
237.0	27.909999014114707	24.600113204451237	21.94573770073624	25.544081137670265	6.894302755032324E-5
238.0	27.256083569325828	22.344804620602424	24.059131510314643	26.339840383259272	1.3991649783409263E-4
239.0	27.457352785488897	23.30400541700801	24.283742083913886	24.953336568569842	0.00156314501935813
240.0	26.191199388689128	21.234080139677765	26.18310937478166	26.391243368946554	3.6772790488497103E-4
241.0	29.518827697063276	20.993918615927353	23.052046309529857	26.431967507044877	0.003239870434635982
242.0	26.833014738485396	24.376895614752797	20.348361517480416	28.441064133843774	6.639954376135708E-4
243.0	27.683783107246473	22.671056721946016	25.443171354667783	24.19947824404681	0.002510572092923657
244.0	26.989533347885764	22.735758656539158	25.860881211453012	24.413012834505544	8.139496165187375E-4
245.0	29.300557297393077	20.841232148430752	23.213508586324007	26.643070925860986	0.0016310419911760628
246.0	24.833010679148074	27.34592612889979	22.43987456215196	25.378441056761147	0.0027475730390311317
247.0	25.90576999661311	23.141173799607717	24.023105295087518	26.78986016979117	0.14009073890048868
248.0	25.351117734724294	23.467287630402385	23.231743666169898	27.939791356184802	0.010059612518628911
249.0	25.225552229531505	21.72053033154684	28.08498688510877	24.95010963929568	0.01882091451719873
250.0	27.109867427445828	21.643214132291153	24.988661656341165	26.25773290005643	5.238838654247126E-4
