# Position (bp)	A	C	G	T	N
0.0	24.27112022525053	24.017559706245443	25.093100251170046	26.618219817333976	0.0
1.0	23.182071359586292	30.155191003657063	24.34749430659719	22.241829519846426	0.07341381031302217
2.0	24.798971002679256	26.529557405747266	23.264456717545997	25.40633701017982	6.778638476568788E-4
3.0	26.605791958172205	21.585744956079456	24.513724746534105	27.286949807995775	0.007788531218464915
4.0	25.673439974016482	23.119916636217233	25.072063659615928	26.134241403109904	3.38327040450381E-4
5.0	27.671490302312336	23.457639263256265	22.981077806262558	25.888947661046508	8.449671223292702E-4
6.0	26.431513790318366	23.784737151827553	23.627249136260854	26.149418019394293	0.007081902198930633
7.0	24.81289182479909	25.2728573231792	24.22653258720074	25.686876761896748	8.415029242226616E-4
8.0	28.267413923079378	24.332900717090805	23.243748751261332	24.15593660856849	0.0
9.0	25.71185884118964	25.275763627347175	23.2619854981169	25.750056962110147	3.350712361448044E-4
10.0	25.033679133663906	23.539915421445198	23.784078681150227	27.642326763740666	0.0
11.0	27.11506810511973	22.467282355833174	23.897107302802834	26.520216647049917	3.255891943458181E-4
12.0	27.61575429841382	24.77860059852855	20.133505564069033	27.4721395389886	0.0
13.0	24.88309271400561	23.888332375920026	24.461039608425867	26.767535301648493	0.0
14.0	26.251264850279206	22.555715874027157	23.050725180826745	28.142294094866894	0.0
15.0	25.16668279354372	23.37982481603841	24.562769645224066	26.890722745193806	0.0
16.0	26.02232506663804	24.231904918136888	21.866953730596347	27.878816284628726	0.0
17.0	28.248934811977612	26.175566739411217	20.08476966700812	25.49043186508113	2.9691652191986224E-4
18.0	25.389136310448396	25.50364451465911	20.61324522440366	28.493973950488833	0.0
19.0	24.31437632723191	25.396943872451093	22.20265980567349	28.0858736424	1.4635224350671684E-4
20.0	22.873053132480624	25.293563451658745	24.284219068232726	27.5491643476279	0.0
21.0	23.801218185647798	23.86382981179003	23.756207062706842	28.578744939855326	0.0
22.0	22.549775979518127	26.565143098797606	26.32626411557628	24.558816806107984	0.0
23.0	25.035747281643093	24.035676213488735	23.872077322151945	27.056357046407502	1.4213630872006254E-4
24.0	27.666760484097946	21.70419363917816	24.546158176189138	26.082746974387845	1.4072614691809738E-4
25.0	25.409104640301138	24.492821614367628	19.931313575661562	30.16662095924336	1.3921042630408846E-4
26.0	26.526550907634032	25.489314178244182	19.621695754041347	28.36230076958952	1.383904909125884E-4
27.0	25.712892836821837	24.414439049181595	20.18638515547748	29.686144854521253	1.3810399783452932E-4
28.0	26.495552321764627	25.131843844369556	23.22722000962843	25.14237493982231	0.0030088844150728696
29.0	27.849332273579304	23.17660366917228	21.987093063946027	26.986564091156932	4.069021454593789E-4
30.0	23.42554927082464	24.23750898513112	25.74445344827122	26.592353687067067	1.3460870595266618E-4
31.0	26.8542405027686	24.589665490646755	22.467739818319657	26.088086302180862	2.678860841215881E-4
32.0	25.00185686243302	21.845853891453125	24.69812722160327	28.45402939147965	1.3263303093002281E-4
33.0	23.980772561017208	24.832993109817853	25.30108469204087	25.88501844553712	1.3119158694591235E-4
34.0	26.684557615094967	26.777262892924753	22.316877821464978	24.22117164908777	1.3002142753125716E-4
35.0	26.002653345091698	22.200296701573237	25.36039985293475	26.436650100400318	0.0
36.0	24.456586643723472	23.905051140631922	26.227150442705156	25.411211772939446	0.0
37.0	25.558432422648718	25.857657979155626	21.086223429450932	27.49768616874473	0.0
38.0	26.2099728842879	25.834741733429322	21.500462622537224	26.454694431718583	1.2832802696941816E-4
39.0	23.619281244908144	27.199457039814938	21.219838574549897	27.961166543286065	2.5659744095372135E-4
40.0	26.32527531732848	26.59799500997364	23.159751396630128	23.91684999775513	1.282783126270757E-4
41.0	24.992176076751406	24.241849011107405	21.635584742067053	29.126927122078854	0.003463047995279994
42.0	24.60701492939286	25.400359351935332	21.298335207897022	28.69429051077479	0.0
43.0	26.013859217636394	25.661351914875063	23.208675603519687	25.11329217969794	0.0028210842709164166
44.0	28.982179192774744	24.35933435137211	22.58417731824995	24.07418092113277	1.2821647043135867E-4
45.0	25.778599943080867	23.51991016006584	22.838034289933773	27.860635289351766	0.0028203175677581297
46.0	25.40559247841775	24.59267709621806	22.563849491447215	27.43788093391698	0.0
47.0	25.839303795034795	24.556861438293836	22.68151698858029	26.920907937403072	0.0014098406880022557
48.0	23.163289493071616	24.11141790040808	22.344567800790536	30.38072480572977	0.0
49.0	22.174848280253308	25.729004254686753	24.29886067662459	27.796005642168158	0.0012811462671881786
50.0	26.73725203845686	24.647361375325865	20.67562114486655	27.939637337227698	1.2810412303119976E-4
51.0	24.49278369530133	27.651357956379396	20.996449485867107	26.857487588570727	0.0019212738814343463
52.0	23.099011456578303	26.36673568630256	21.135081348220456	29.399171508898682	0.0
53.0	23.32913229696442	25.09866488600494	24.07002690107515	27.50141131884082	7.64597114665355E-4
54.0	23.737789478244693	27.878726869136848	22.128791218873204	26.25469243374526	0.0
55.0	23.82814685225776	27.93757914490447	22.796656715810673	25.43672730416563	8.899828614728962E-4
56.0	26.661107290452406	25.280966721285843	24.640663870876708	23.417262117385043	0.0
57.0	23.037989485779363	27.124452172498298	22.951048879940615	26.882950489612885	0.0035589721688376397
58.0	24.46060720054597	25.097571731585283	22.609190742409357	27.832376149668875	2.5417579051848047E-4
59.0	27.910904287426185	22.118005563398984	24.15186122254994	25.81719570634708	0.0020332202778141355
60.0	23.880598908767922	22.578099225986552	23.996066489024233	29.54510848877046	1.268874508311128E-4
61.0	24.9609544991455	23.840402546109214	23.27454410968011	27.91902388150975	0.005074963555417968
62.0	25.493668734165492	21.835477163420368	24.698724104989527	27.971622531973495	5.07465451117756E-4
63.0	27.09524208218844	23.21670053762213	22.48853842387154	27.197489236140182	0.0020297201777020016
64.0	25.271397070265305	21.201294963482688	23.907232236949472	29.620075729302535	0.0
65.0	24.526380633499503	26.472087542896755	23.45448358823671	25.54300047687655	0.004047758490489665
66.0	24.424142078894214	24.613744192723782	22.950077346025754	28.01153043942409	5.059429321669662E-4
67.0	27.066662113502787	24.432150901969116	21.262516457790273	27.23841757318895	2.5295354887505233E-4
68.0	24.07457057798395	22.287325126404742	26.733939199255357	26.904165096355953	0.0
69.0	23.44808922151221	24.277174483497333	24.886089299918684	27.386244215941552	0.0024027791302192476
70.0	25.87111147576161	23.197031183929013	24.842502540281608	26.089102349681596	2.524503461725372E-4
71.0	23.935810173244594	22.5785388070405	26.07626788118214	27.409005699331935	3.774392008353988E-4
72.0	27.277609792665565	26.051765688439886	21.78520937205991	24.88352845880228	0.001886688032360473
73.0	24.993838617033585	22.51331613175803	22.51935177221493	29.97034991625549	0.003143562737967699
74.0	24.479304113541485	25.78459388611168	23.83727798009958	25.898195691676655	6.283285706027682E-4
75.0	25.743257251635033	24.428821833122868	22.3812126580847	27.444572189657663	0.0021360674997329917
76.0	26.812358968946782	24.201556932571453	24.86895733763525	24.116749840437027	3.7692040948633285E-4
77.0	24.857221824394777	25.0298370582545	23.60004522669883	26.512519001494994	3.76889156898956E-4
78.0	27.162717779226604	25.722224944004562	20.29980641846524	26.814497133963194	7.537243403969866E-4
79.0	27.113255469831454	20.430376312345025	22.74455026667705	29.70943129831402	0.002386652832454459
80.0	23.808321684381863	23.422870125808675	28.592743864990222	24.17342682637348	0.0026374984457598442
81.0	25.74458733108957	24.278268950620387	22.28500025116793	27.691892299191238	2.511679308785854E-4
82.0	22.232268094185073	22.812919493637825	24.10431633446224	30.84974263731765	7.534403972137774E-4
83.0	24.89465304564449	22.111559787849565	24.1911262455802	28.801656420765028	0.0010045001607200256
84.0	23.384138303348358	25.37482266387114	25.403573087594634	25.836712658974776	7.532862110959059E-4
85.0	24.751745719331765	27.505607766395578	21.21800560588354	26.524138814028014	5.02094361103754E-4
86.0	25.703496208612886	24.751194142614388	22.77292088663991	26.77038074512491	0.002008017007904057
87.0	22.969921132994912	21.539499998745352	25.532283278839905	29.95766826675767	6.273226621566349E-4
88.0	24.725052091761786	26.588187181600475	25.59113643462782	23.094997058273776	6.272337361428387E-4
89.0	25.546771424020186	26.095392909061033	24.09230989211949	24.26439692400702	0.0011288507922651144
90.0	23.42784549149541	25.588009927350754	25.385474916383764	25.598669664770068	0.0
91.0	27.091621976434656	25.058461970566515	23.536758003177322	24.31253111179935	6.269380221610052E-4
92.0	25.31112476334959	23.42531877280307	23.528755375568903	27.734801088278438	0.0
93.0	26.40938654952285	26.027139654887094	21.101934176808935	26.461414250826177	1.2536795494777172E-4
94.0	27.676113543029917	23.747561813359006	23.437178773610924	25.134256961054195	0.004888908945951231
95.0	23.90533731103813	25.90501140665346	23.986437363684225	26.20145904886059	0.0017548697635939733
96.0	26.01600950493858	23.876270364368512	24.143972748498875	25.962870080373378	8.773018206519354E-4
97.0	25.10055760917236	26.459996240837043	23.373472840047615	25.065722699079007	2.506108639809536E-4
98.0	28.26293962136494	22.32931978499743	24.303308984751855	25.10443160888577	0.0
99.0	22.52258459749869	22.933247809817082	25.962609352547727	28.581558240136502	0.0
100.0	22.520257685018517	24.071854187256292	24.726463319467044	28.681424808258143	0.0
101.0	23.108636981283308	21.33866008754078	29.40180466758925	26.150773026418783	1.2523716788668542E-4
102.0	25.922456896497753	23.696439147959993	25.195185079908487	25.185918875633767	0.0
103.0	25.422513353724774	25.690213609535583	25.662805308449766	23.22421742417037	2.503041195051988E-4
104.0	25.795581382544757	26.653477884389186	23.031818250071325	24.51874709070979	3.7539228493775996E-4
105.0	26.62246981800709	23.042299837828097	21.37177908583098	28.96132400344365	0.0021272548901835947
106.0	25.99415164433389	23.674203796551296	24.5610917931579	25.770552765956918	0.0
107.0	25.30863347967905	23.653454680581394	23.585891255416023	27.451520114507495	5.004698160398074E-4
108.0	23.9960688009843	24.719289383261895	24.8168191298346	26.467822685919206	0.0
109.0	26.03772122593984	23.933902851842685	25.761462247523042	24.26653866250653	3.7501218789610664E-4
110.0	24.14899839523269	23.822545730869024	23.370111333856592	28.658344540041693	0.0
111.0	25.29567903703111	23.07658661921139	25.312799928017277	26.314434535711428	4.998800287930896E-4
112.0	25.415604538411557	23.386689658619485	24.27637826760634	26.921202579097315	1.249562653071425E-4
113.0	28.844060998694314	21.51384715341509	23.08529446676121	26.556422542778428	3.74838350961148E-4
114.0	26.923658503362258	21.821853595382194	27.23870198586116	24.01553598006516	2.4993532923356084E-4
115.0	26.694185543716525	23.193714398546323	26.72692825846249	23.385046827080973	1.2497219368690467E-4
116.0	27.3212489299617	24.400872276479152	24.936984897619986	23.340893895939168	0.0
117.0	25.713211008486425	26.080110569731534	24.903057787930553	23.30324573647964	3.748973718444576E-4
118.0	27.15771531541439	23.800568084545375	25.826228111062655	23.215238561768885	2.49927208700466E-4
119.0	27.27969118839732	20.464017175083633	25.400978969769906	26.855187702520155	1.2496422898945175E-4
120.0	25.67122774133083	22.929334582942833	25.448797250859105	25.95051546391753	1.2496094970321773E-4
121.0	27.61012183692596	23.062667916276165	24.53408309903155	24.79250234301781	6.248047485160887E-4
122.0	25.81526730720929	23.24922306403302	25.298559591332303	25.63657515879234	3.7487863304255244E-4
123.0	24.561434199822813	27.86715632923018	22.878021290075086	24.693138268029024	2.4991284289604E-4
124.0	24.029024913842438	24.825873009129328	23.628539082668773	27.51631308120428	2.4991315517857544E-4
125.0	27.21379401691139	23.282964029244436	24.886259838633293	24.616482295770652	4.998194402272179E-4
126.0	24.022761720424196	23.82370912580549	25.59806370432755	26.5552155403472	2.499090955664877E-4
127.0	26.10151066461746	21.737951543776788	28.39224800389849	23.76741512663843	8.746610688358261E-4
128.0	26.726736107640175	22.839924228035628	25.40947349480692	25.014494636984313	0.009371532532962804
129.0	24.46998199431965	26.521454998919157	23.021280689938685	25.985408026709884	0.0018742901126198451
130.0	25.678438173971063	24.204229945495033	24.476130022216836	25.64120185831707	0.0
131.0	26.230333716110763	23.944540173511886	25.295048925953186	24.529702320780817	3.748636433497315E-4
132.0	26.010436112548074	25.56472713914067	22.61857458096859	25.799764587691087	0.0064975796515797865
133.0	27.78888469602725	24.511496909916506	24.83212587248314	22.866492898930655	9.996226424524742E-4
134.0	27.23239052964609	22.243436277033343	21.45149117589728	29.07268201742329	0.0
135.0	26.81049228996865	22.99040010195909	26.94868683940569	23.25004591907497	3.7484959160136996E-4
136.0	27.886048728800322	25.572311625413747	25.36651559963864	21.168126731366836	0.006997314780453001
137.0	28.369165639970912	21.17613101054352	25.47375865610732	24.980819740547943	1.2495283030655927E-4
138.0	25.520201572253587	24.249756716680803	27.021500124296228	23.207542220118	9.99366651384685E-4
139.0	25.598120193677016	24.837852963368263	24.934541566105523	24.628485911446234	9.993654029691146E-4
140.0	26.57768339527185	22.010930326972925	25.646794291246373	25.76421723244121	3.747540676431092E-4
141.0	26.131493179998326	24.289924086179738	26.182210657415933	23.395997316720653	3.747596853517682E-4
142.0	27.87629247183951	22.673925454184317	23.995472835136997	25.45405939530369	2.4984353548590196E-4
143.0	26.652217634897536	24.788917134594605	24.77555073921163	23.78318957171321	1.2491958301843187E-4
144.0	28.467549015321385	24.18630506611369	23.849896629045052	23.49562469160478	6.245979150921593E-4
145.0	28.9736145845565	22.08470015664857	23.033210995880168	25.90759982911065	8.744338041118375E-4
146.0	27.85892652141923	21.287189935529323	25.346181664645062	25.502705120053363	0.0049967583530184795
147.0	26.305375398483015	24.18379685610641	27.17204473003088	22.336159772952122	0.0026232424275735257
148.0	24.660901979497968	24.276395180048617	24.45016027362693	26.612167803864057	3.7476296242626537E-4
149.0	28.011947726821298	24.09970430500433	24.304454663223762	23.582019445662453	0.0018738592881583334
150.0	25.127047501024375	23.64257802740328	26.300706568992915	24.92966790257943	0.0
151.0	27.469074882383364	23.472857603294013	25.922506689719444	23.135186050404634	3.7477419854537646E-4
152.0	27.299496406382932	23.439153373052807	24.310541484945286	24.950558875228467	2.498603905068043E-4
153.0	25.463370146419468	22.6070661136375	26.03780420768577	25.891259807106092	4.997251511668582E-4
154.0	22.99310107019617	24.514688648624336	25.71356822844178	26.77676802254833	0.0018740301893769972
155.0	26.850266992171395	23.111002276367508	24.996064457932178	25.04229145999865	3.7481353026869136E-4
156.0	26.72321381719503	22.64109925861513	26.564791840018792	24.070645207235437	2.4987693560921245E-4
157.0	24.865596267805447	23.28723480016542	26.915854455407196	24.931189537061446	1.2493956048761413E-4
158.0	24.72119144895486	20.95830678311281	27.204792783337705	27.115708984594626	0.0
159.0	26.774337438666766	20.865980875651754	25.268604257435268	27.090827534763307	2.4989348290291265E-4
160.0	26.981788648361604	21.0734389154406	26.102270952425577	25.842376534532846	1.2494923937150532E-4
161.0	24.610311638234254	20.12472526580026	29.44076049675192	25.82070399428228	0.0034986049312836507
162.0	25.88709375117142	22.405942697204832	25.783508890305008	25.923329709737473	1.2495158126226086E-4
163.0	24.823378291586383	23.699047104953404	28.102406853447093	23.37516775001312	0.0
164.0	25.86615585119875	23.64520816854911	25.43593626802318	25.051700073348503	9.996388804544359E-4
165.0	26.844363694525384	21.143080637180173	27.192618546601423	24.819812164803142	1.2495688987299383E-4
166.0	24.061825602217304	23.50337581583778	26.367727125614337	26.06682153474347	2.4992158710204673E-4
167.0	26.05317254522166	22.95504389390484	27.26320722296854	23.728076478490426	4.998594145396607E-4
168.0	25.454631795733107	23.565373003019214	25.375277427868753	25.604592805870475	1.2496750844780358E-4
169.0	27.462352691235832	21.759457128931878	25.843737112435793	24.934328097076943	1.2497031954910708E-4
170.0	31.235956179530948	22.182800240947596	23.717966342320544	22.863152264382496	1.249728184119954E-4
171.0	25.640282195324655	23.075404140447787	27.37832045041273	23.90549331067106	4.999031437658953E-4
172.0	27.600685293555316	24.672442426718952	24.1954611173384	23.531286200032238	1.2496235509052898E-4
173.0	28.306729225367512	19.96301456301581	24.208093063356305	27.52103859105477	0.0011245572056002948
174.0	24.845091470690768	25.29766553252423	24.332040919092705	25.524827223416896	3.748542754004381E-4
175.0	24.649240750552316	24.089675407115653	24.38420321293973	26.87575600051983	0.0011246288724720843
176.0	23.739352981165275	23.899058263686168	28.540383692566078	23.819955412484504	0.0012496500979725675
177.0	22.741378125214805	25.339907141830544	24.63041073805373	27.26605802698261	0.022245967918314805
178.0	24.846439841284717	23.16943168681851	24.897928578123533	27.086199893773237	0.0
179.0	28.14648998477656	23.704320307168516	23.87930237150692	24.268762451848687	0.0011248846993183199
180.0	26.60672489509981	21.79454230671349	26.417547259933077	25.181060172027536	1.2536622608795944E-4
181.0	27.71958290581975	22.00833635784802	26.547494508779046	23.72408388601368	5.02341539500999E-4
182.0	26.196670919264264	22.212246476538724	26.422945945131442	25.168011090238785	1.2556882678533757E-4
183.0	23.902642999216443	23.80833986297792	27.527600305386457	24.76116569224278	2.511401764008599E-4
184.0	25.97683424834369	22.03584362615339	27.277647460657906	24.70565632110585	0.004018343739169308
185.0	24.99227819588522	24.532862240503437	24.874002757249077	25.60073124857178	1.255577904842262E-4
186.0	27.254793378363274	23.24629972160797	25.232966538960444	24.26594036106831	0.0
187.0	24.801135147521332	22.835904706027513	27.734187128112026	24.628395307318275	3.7771102085216643E-4
188.0	27.579807258891048	27.160027498470207	23.63181260749459	21.627849000158644	5.036349855079032E-4
189.0	25.60597246461121	22.924835490280515	25.928570169407866	25.540244126631563	3.777490688485453E-4
190.0	28.519403263238885	21.327911811705803	25.32831981101069	24.824365114044618	0.0
191.0	26.80387800036823	23.55577525958844	25.184429485514247	24.455917254529083	0.0
192.0	26.866577040364625	22.413049455053585	25.935464017898358	24.784909486683432	0.0
193.0	27.392913268639436	23.760250838102973	22.769031685211296	26.077804208046295	0.0
194.0	28.537407114484903	22.30816484332921	24.66153785995305	24.492890182232834	0.0
195.0	26.387036787052935	21.064968718578225	25.601563377207647	26.945926476358213	5.046408029844457E-4
196.0	28.682409706803156	21.85130767713449	26.87768376012179	22.58847241258971	1.264433508499522E-4
197.0	24.493773262527142	23.937685831468958	24.732801064369305	26.835360432425322	3.7940920927326694E-4
198.0	27.939312030589942	22.799446216573944	24.577182297186965	24.683932673729263	1.2678191988396917E-4
199.0	25.542930432450365	22.72865363421774	26.58398404480471	25.14417766298082	2.5422554636247735E-4
200.0	28.185043518938713	23.23454972803047	23.9241663266253	24.656240426405514	0.0
201.0	25.174444694453236	20.64797194138607	29.721130022793176	24.456199095137666	2.5424622984621917E-4
202.0	25.371286184670538	23.66620475724329	29.497196760701254	21.465312297384916	0.0
203.0	25.811981463677657	23.865260673391425	24.134479899484706	26.187769282811175	5.086806350369048E-4
204.0	25.237486566063172	23.62706755441937	24.764357619347415	26.371088260170044	0.0
205.0	26.633028409784686	23.096432496235092	26.40128312100615	23.868874394562255	3.815784118197729E-4
206.0	25.239686515351767	21.137316808521735	26.23379563965802	27.389201036468474	0.0
207.0	26.147880317653378	23.050098344304303	27.641492390720774	23.1602744989275	2.54448394048961E-4
208.0	28.244725523630166	22.610261369709615	22.648436108212657	26.49644974931922	1.2724912834347085E-4
209.0	27.477832349306432	20.42542034854789	25.592929769878975	26.503308443116286	5.090891504192985E-4
210.0	25.11151167053648	23.733527842274636	24.96219296101674	26.192385636889487	3.818892826591714E-4
211.0	25.660249545742204	25.132330040096925	25.87416772458544	23.33261602832888	6.366612465572544E-4
212.0	28.55182868571574	21.70715550516567	25.685550134396617	24.055210894406297	2.547803156728111E-4
213.0	30.29034375936207	22.06344855720505	23.41158697883136	24.23449322106283	1.274835386880669E-4
214.0	28.389233658596336	24.15639162209611	24.259099538643696	23.195275180663863	0.0
215.0	26.31602513013454	23.947314220069053	23.67866586669157	26.057610999742863	3.837833619678364E-4
216.0	25.084765064887332	23.45533463435845	27.64596414761286	23.813936153141356	0.0
217.0	28.219558544072505	22.876511370518095	25.759731242299583	23.143546265165913	6.525779439096206E-4
218.0	24.218446262867747	23.80409527436915	26.11900466144862	25.85819021926073	2.6358205375228826E-4
219.0	26.280949517631846	22.824820275958217	25.019289404928507	25.874408679966155	5.321215152692269E-4
220.0	27.956305498149113	20.944184909446257	26.073893777527818	25.0252150459348	4.0076894201007E-4
221.0	25.39099526066351	21.445362990090477	25.14042977165015	28.02307733735459	1.3464024127531236E-4
222.0	24.951289024789304	23.810060462710137	25.716271977645228	25.52224275513349	1.3577972184166182E-4
223.0	30.383791363563468	22.066050111234933	25.375409334961763	22.174063824041824	6.853661980132605E-4
224.0	30.102784972847957	22.196005614443735	25.13438681979119	22.566685253295464	1.3733962165681025E-4
225.0	30.724923216360615	19.64251913891794	25.28312887631306	24.348737957437756	6.908109706308624E-4
226.0	25.915777530614413	21.31998278550629	26.7774803123201	25.98661964352584	1.3972803335587613E-4
227.0	26.397614572220434	23.938806382966714	26.345542704576115	23.316342946167	0.0016933940697339677
228.0	27.232265103694463	27.78943574944205	23.321003786830797	21.65701159601652	2.8376401616887363E-4
229.0	27.52079585928791	24.60286455538431	22.641263735713355	25.235075849614418	0.0
230.0	25.43644059250466	22.081055928360065	28.081879971994038	24.40062350714123	0.0
231.0	24.64234871292212	23.685354383999627	25.776564213867303	25.893982356647765	0.0017503325631870056
232.0	25.686772828769538	23.878099659184393	25.10062874603361	25.334058056175813	4.4070983664355393E-4
233.0	23.275550713501154	23.631223720253445	23.53520835779545	29.557868577857903	1.4863059204023727E-4
234.0	27.241027898464427	20.385356396626737	27.84283633885795	24.52957333711222	0.0012060289386643832
235.0	25.870220346014005	21.048626192625854	28.896622825211683	24.184225616749224	3.050193992337913E-4
236.0	27.334852995906218	23.15857213745193	25.949323905222677	23.556940826200222	3.1013521895546456E-4
237.0	27.70262744661259	23.25295742654868	24.066965455249953	24.977449671588783	0.0
238.0	26.38405784412206	22.17533123942366	25.832774833604226	25.60783608285005	0.0
239.0	27.976625745578986	22.960846509600717	25.00012106830674	24.061115281241676	0.0012913952718790608
240.0	24.72361242579518	22.09293651333076	27.356609181587753	25.826676104762868	1.6577452343968874E-4
241.0	28.57918398788732	21.31456443494083	24.382744743867292	25.72217868858991	0.001328144714648108
242.0	26.73473733948709	23.13731819074208	22.307925236505934	27.81885458919676	0.0011646440681350055
243.0	26.77637472910817	23.03302085887933	26.49242837528299	23.69500624782077	0.0031697889087417773
244.0	25.307130235924834	22.41845940899266	26.696132892231518	25.57744162059783	8.35842253163245E-4
245.0	27.89572150379368	20.845305590107927	24.051746971591804	27.20504662055462	0.0021793139519679207
246.0	23.58770794188122	25.744913431362175	24.867892782840418	25.797302947414025	0.002182896502160228
247.0	25.451075788149897	22.172547551977182	25.482600098113096	26.759250362023828	0.13452619973600496
248.0	25.601061351805715	21.627743682188598	25.65828117720929	27.1019424358429	0.010971352953488216
249.0	25.603044675382876	20.943856158779415	29.258658210743953	24.178484248693756	0.015956706399997283
250.0	27.179261280046536	21.895765549873037	24.46769609652308	26.456426679910127	8.503936472192979E-4
