# Position (bp)	A	C	G	T	N
0.0	24.391889185313367	23.299587231137213	24.946051634829967	27.362382932359136	8.901636031686264E-5
1.0	23.429664227447493	29.95629083581633	23.653582451829966	22.886119076969578	0.07434340793662944
2.0	25.185500572153813	26.594658469071902	22.462930437041916	25.75614894879024	7.615729421280721E-4
3.0	25.915269449210363	22.072425977202847	24.551726066103814	27.454509034490176	0.006069472992791661
4.0	25.92979217720633	23.635661217374086	24.006255547422285	26.428220333888518	7.072410878782414E-5
5.0	28.272606089890306	23.873722089415594	22.638055315373357	25.215016049822264	6.004554984769622E-4
6.0	25.681382695569393	23.77806213356058	24.285388585578012	26.249541771647024	0.005624813644986801
7.0	25.79751513593077	25.13920620999532	23.64790407905832	25.414828961650244	5.456133653449974E-4
8.0	27.519869645642984	24.07587382105599	23.817359920424845	24.586861495861896	3.511701428121179E-5
9.0	26.03938627291262	25.63990379466285	22.049732500993446	26.270767085238063	2.103461930231323E-4
10.0	24.57889785247537	24.353189202972462	23.4469220401484	27.62099090440377	0.0
11.0	27.146992919670705	22.356076766320538	22.917365973158887	27.57949625421371	6.808663615931456E-5
12.0	28.26563635040723	24.26513425439162	20.163406375308707	27.305823019892443	0.0
13.0	25.197605582015157	23.041722620454124	25.139296282653454	26.62132569206379	4.9822813467704355E-5
14.0	26.627294169131556	21.630052280920665	23.91227068986306	27.83031715164424	6.570844047915909E-5
15.0	25.728547982253204	23.03304756581011	24.94714251158641	26.291261940350275	0.0
16.0	26.54562318944484	24.12202777696873	21.967333112063262	27.364887896409762	1.2802511340624577E-4
17.0	29.117433229015187	26.655996131786825	19.060771524058048	25.164838987357953	9.601277819899231E-4
18.0	25.904436273399078	25.623858271777028	19.907302216339627	28.56424697114836	1.5626733590757725E-4
19.0	24.931758137462985	24.661839212684107	22.063920111215182	28.342078142415282	4.04396222441564E-4
20.0	22.734023095698735	25.21594085879462	24.48804719875582	27.561957946187903	3.0900562915554636E-5
21.0	24.069359380532223	24.723484757835546	23.555800392352502	27.651140700159605	2.147691201277324E-4
22.0	23.06116883504253	26.832684940962913	25.733055714669213	24.373014418842196	7.609048315021905E-5
23.0	25.883553319098457	23.81792958009939	22.949390793491894	27.34891408776976	2.122195405083143E-4
24.0	28.09862096529424	21.38672773004697	24.916939378367577	25.597636799100876	7.512719033323417E-5
25.0	25.133619232168343	24.701581852015835	20.341805931449553	29.822888667107083	1.043172591862151E-4
26.0	26.309933453456946	25.216674114449255	19.86420761797666	28.609140320228448	4.4493888690231914E-5
27.0	26.0524781427396	24.94173863629637	19.813909919082263	29.191858503465788	1.4798415977553763E-5
28.0	27.618381415499872	23.426031845018002	22.761830815264638	26.190898672931322	0.0028572512861660244
29.0	27.355926154962056	23.592898540953726	22.18406800978277	26.86681669394435	2.9060035708971876E-4
30.0	23.675356568367707	24.57252392990482	24.592562435041003	27.15928256661611	2.745000703587022E-4
31.0	26.125518570022898	24.978513791363557	22.387773833227335	26.507863082415735	3.307229704789487E-4
32.0	24.510733904137833	22.294122129104778	24.614980921340447	28.579849134333113	3.139110838293842E-4
33.0	23.154692204011024	25.342847338425234	24.37782439655996	27.12457945809793	5.660290585167917E-5
34.0	26.285050223048952	26.853172442835678	22.2711661298673	24.5905269527016	8.42515464722403E-5
35.0	25.41421536317387	22.301821482696464	25.777562539298692	26.5062335714583	1.670433726725116E-4
36.0	24.09909079743798	24.45416481036825	25.856740543518615	25.589836938296155	1.6691037900200668E-4
37.0	25.258113196738073	25.359007156713375	21.74647222238831	27.636393519259467	1.3904900768370913E-5
38.0	27.06354703073046	24.7726987740567	21.358752664625698	26.804904218053476	9.73125336597103E-5
39.0	23.5618768842021	27.495222170795408	21.54516733869006	27.39759461491739	1.3899139504273289E-4
40.0	26.71980830542165	25.98734812447529	22.766052037540096	24.526694251066587	9.728149637841836E-5
41.0	24.515799750601193	24.65991135142526	21.731406879949798	29.08846320700629	0.0044188110174576386
42.0	24.86774802473057	25.529320520654707	20.42431229945454	29.178591366753338	2.7788406843395377E-5
43.0	25.990657709945552	25.87319486842286	22.079777205429103	26.052883146631554	0.003487069570927898
44.0	28.362396820153474	24.739701046196622	22.681702241389512	24.21588039625284	3.1949600755010735E-4
45.0	25.997551087982494	24.127977875346602	21.641398835433446	28.229641613281903	0.0034305879555529134
46.0	25.63331506161393	24.330305838585122	22.288507162564926	27.747858049433077	1.3887802939853453E-5
47.0	25.738047527991746	24.36519872299593	22.723604162066756	27.17160818360197	0.0015414033435954691
48.0	22.619569039609168	23.798277652195026	22.75951864886503	30.822620776818205	1.38825125737387E-5
49.0	22.81713492964464	25.580987298750195	24.498067563241808	27.102241604429185	0.0015686039341697186
50.0	27.55503482389148	24.240223985559922	20.2997254591747	27.90496020969428	5.552167961964319E-5
51.0	24.799686570929982	26.97664742477161	21.01645724671492	27.204918826811564	0.002289930771923173
52.0	23.367634359851504	25.84709642161552	21.850318308944246	28.93493705320077	1.3856387961126735E-5
53.0	22.77303253100557	25.200526581224548	23.785934656761714	28.2390807193879	0.0014255116202724913
54.0	23.114995091050154	27.62104291172277	22.94716076693103	26.316759711126224	4.15191698158957E-5
55.0	24.238049218156625	27.47502014120459	23.04529488615748	25.24032362388923	0.00131213059207614
56.0	27.032791506024523	24.946226283115113	24.524543670887038	23.496438539973326	0.0
57.0	22.706443555505473	27.541264407053035	23.00618427550185	26.74138504350977	0.004722718429870117
58.0	25.343487903465217	25.206915682567	22.092458744584956	27.356958168940842	1.7950044198531906E-4
59.0	27.497916596483535	22.07640085070239	24.543308008498187	25.87993079068822	0.0024437536276625178
60.0	24.319936158144262	23.031048727671415	23.333340686691514	29.315619277306443	5.515018636626727E-5
61.0	26.016409572880434	23.15331644297768	22.882272971106573	27.942169304561183	0.0058317084741341665
62.0	25.395924506244622	21.797129660200902	24.92358190725057	27.883143353628313	2.2057267559480524E-4
63.0	26.468024205543657	24.252674930929725	22.15868973117113	27.11841930047203	0.002191831883461815
64.0	26.102855500516114	21.22571419172015	23.532589821375158	29.138826721557145	1.3764831433809536E-5
65.0	24.516838711977307	25.860668142055165	23.74978167158975	25.86821070904121	0.004500765336564341
66.0	24.499705741643915	23.892911429060614	23.369247166559038	28.237722765136684	4.128975997436732E-4
67.0	27.02514824720313	24.531228904526557	21.16661916278573	27.276329318464043	6.743670205350263E-4
68.0	24.03139521777945	22.064301763569233	26.92135933646893	26.982847349127642	9.633305474731358E-5
69.0	23.247277158405424	25.17282449618228	24.52019571294792	27.05712927279195	0.0025733596724264508
70.0	27.179532924194504	22.893856141487575	24.32245172121034	25.60384308828116	3.161248264234173E-4
71.0	24.765221928476254	22.8121602600205	25.870907106259622	26.550942582554672	7.681226889451508E-4
72.0	27.938312472021558	25.534484253074336	21.82310273245148	24.702468466649698	0.0016320758029264354
73.0	25.547624833448435	22.51512471962563	22.763162441874943	29.170399049044736	0.0036889560062512033
74.0	25.10382259954759	24.916930265300728	23.663942627481347	26.31453664481503	7.678628553062545E-4
75.0	25.803951765362083	25.215593716356327	21.90197149512131	27.076385221163175	0.0020978019971075014
76.0	26.795865190229627	24.296497586610883	24.964541243555214	23.942259639674596	8.363399296788934E-4
77.0	24.433205443618732	24.387565472930316	23.844396353463683	27.334202078544894	6.306514423752527E-4
78.0	27.490123789876364	25.622582357502356	20.53083669760591	26.35596361869603	4.935363193377401E-4
79.0	27.142011104256632	20.862828158201385	22.80302967989581	29.18964973610254	0.0024813215436287617
80.0	24.515535503543823	23.353092138009956	27.39134839345304	24.73747420596597	0.002549759027209356
81.0	25.302366858308584	24.837694270989193	21.48922231837598	28.370291605420622	4.24946905625735E-4
82.0	23.108522094000474	22.73898082604584	23.668460936490142	30.48291212610488	0.0011240173586661258
83.0	26.261188546010228	22.062090442091918	23.575238444310816	28.10074238721056	7.401803764749294E-4
84.0	23.657461451680263	25.35304064310545	25.3888960389519	25.59949166478549	0.001110201476896913
85.0	25.383286471714108	26.372554327156006	21.944929659601677	26.298736141101557	4.934004266543134E-4
86.0	25.426277248817637	24.61822977575449	22.505917481303968	27.447574562457234	0.0020009316666760317
87.0	22.74463849038483	22.362838378229334	25.46387480245339	29.42788089152108	7.674374113678311E-4
88.0	24.552760342909547	26.62940000696146	25.742882522044404	23.07420342651917	7.537015654244477E-4
89.0	26.534604920613035	25.55905779833385	23.000540181589813	24.904755653475842	0.0010414459874593458
90.0	24.472917682102572	25.618802129801587	25.053451267092726	24.85462337873397	2.0554226915102408E-4
91.0	26.468848853298315	25.06698353617714	23.750579263371563	24.71304025644068	5.480907123014302E-4
92.0	25.49404008717045	24.3331467613548	22.528559556995457	27.644253594479295	0.0
93.0	26.725855559882135	26.14036972255052	21.016916501542635	26.116570487797997	2.8772822671449717E-4
94.0	28.071133069314257	23.450730710816902	23.05653803443483	25.41702203744084	0.004576147993174141
95.0	24.417625850194742	26.049429805741013	23.616561692174564	25.913998736250697	0.0023839156389798156
96.0	26.349194693231016	24.437438811837893	23.756268832527812	25.4562071545864	8.905078168776166E-4
97.0	25.34639396823779	25.290253075145504	23.026287308760665	26.336846454520398	2.1919333564582305E-4
98.0	28.575051012125783	22.852021340500716	23.602254054428006	24.97064619469063	2.7398254868156173E-5
99.0	22.507019869871975	22.19241847204839	25.93847225660034	29.362075703504036	1.369797526118272E-5
100.0	23.030315731626953	24.61210374655559	24.40288803699532	27.954692484822136	0.0
101.0	23.76493537693841	22.08412763592265	28.266182748172362	25.88463096740508	1.232715614973057E-4
102.0	25.124377019071876	23.651372311374306	24.77066959765404	26.453498884442244	8.218745753648026E-5
103.0	25.611252385634064	25.34000164909052	25.096788190758684	23.95180711010035	1.5066441637946832E-4
104.0	26.71571460738546	26.708099374948297	22.49720455226542	24.07861166094794	3.698044528838995E-4
105.0	27.20205238344396	23.355038776678654	20.825487139730274	28.614285048994763	0.003136651152342626
106.0	25.3974119717707	23.593818591479845	25.227967689025704	25.7806784756726	1.2327205114420433E-4
107.0	26.32140725847928	23.892746547385375	22.644571795797898	27.140589566365765	6.84831971681924E-4
108.0	24.279396693953423	24.584566642375965	24.5609150469478	26.57498466480951	1.3695191330724763E-4
109.0	26.210327973179187	24.108436884722472	25.240496181162353	24.440026836148714	7.121247872698381E-4
110.0	24.82542098831858	23.97178361117574	22.946980539368454	28.25574638938162	6.84717556062277E-5
111.0	24.566209157693308	23.807055497482292	24.616756405949594	27.009280507647205	6.984312275997014E-4
112.0	26.11210219657618	23.72034144221856	23.698512760124558	26.4688792697224	1.643313582986446E-4
113.0	27.745540308430762	21.859962076411634	23.08870605850344	27.305038398078267	7.531585758948996E-4
114.0	26.149014899244104	22.35085178935127	27.04298871707595	24.456802243520702	3.4235080796844784E-4
115.0	27.372349242852113	23.23620669537527	25.933047890706444	23.457807281306884	5.888897592892567E-4
116.0	27.563653963035932	24.25403682492589	24.279468554905286	23.90273109663756	1.0956049533395545E-4
117.0	26.137126674935807	26.404018051870988	24.033604100441984	23.424580109662667	6.710630885582785E-4
118.0	26.45034828353456	25.148655435059634	24.664168613520246	23.736471598762687	3.5606912287712615E-4
119.0	27.222644798373658	21.10320040034107	24.496074515590323	27.177600950125267	4.7933556968484645E-4
120.0	25.342562744851527	23.875062757861887	24.892431723691754	25.88986060290824	8.217068659360598E-5
121.0	27.58152406509024	23.467388388152457	23.842569798875648	25.10786037581687	6.573720647823735E-4
122.0	26.705157774693898	24.16795208506208	24.582796534485528	24.543600574819294	4.930309391979181E-4
123.0	24.192003037050206	28.179911808313047	23.016351261370108	24.610953266184797	7.806270818434085E-4
124.0	25.00538220503325	24.839944452357212	22.849884412695978	27.304706758844343	8.217106920995256E-5
125.0	26.813163968111454	23.900825151480458	23.698522528010397	25.58665295705301	8.353953446841192E-4
126.0	24.443307140963302	23.51524376214757	24.837575898344973	27.203818418071418	5.47804727335675E-5
127.0	26.261022162031654	23.363813139782522	27.453669155804448	22.920619069341754	8.764730396208268E-4
128.0	26.22213731258251	23.883260201482358	24.183744460330765	25.70190142812536	0.008956597479005407
129.0	24.984641004887763	26.129149770402538	21.656251583489798	27.22684886557079	0.003108775649110986
130.0	25.977435232192008	24.072340595121407	24.001562915782916	25.948606475418106	5.478148555610809E-5
131.0	26.231525929813426	24.743671056403254	23.602176109984956	25.422092778169546	5.341256288130921E-4
132.0	26.225798746810327	24.947436811871444	22.77340527286293	26.04725099182545	0.006108176629842305
133.0	26.803092878949986	25.942180945854076	23.957266797376384	23.29563787820769	0.0018214996118699324
134.0	27.236489141365826	22.658254562875143	20.496333662526034	29.60886785147735	5.4781755648444116E-5
135.0	25.82996928393271	24.005767959203013	25.788006545310722	24.375804262997903	4.5194855565458856E-4
136.0	27.836069543266227	25.955121518837554	24.34614187825546	21.856504013375726	0.006163046265029616
137.0	28.499991851064298	21.798978219332916	24.121068806189136	25.579728296679328	2.3282673431607216E-4
138.0	24.868246223779693	24.472033085187125	26.28799056900156	24.370552342835637	0.0011777791959821844
139.0	25.9720447931914	23.839016114329787	25.060779334040372	25.12692718969945	0.0012325687389890528
140.0	26.918260389395886	21.58548637234907	25.19626742659179	26.29978038207712	2.054295861333386E-4
141.0	25.781691248049093	25.524902858664216	25.002081697876616	23.690844857083224	4.7933832685176614E-4
142.0	28.986612410719275	22.88978931994903	23.014760422521476	25.108605023934196	2.3282287602537931E-4
143.0	27.18252221009575	25.19503894068091	23.745646076206146	23.876601038080338	1.9173493685826145E-4
144.0	28.044918522008338	25.203457019734536	22.860210650584488	23.890879682921636	5.341247509985736E-4
145.0	28.505158444239896	22.32437932064472	22.52596204426986	26.643527816813496	9.723740320256181E-4
146.0	27.590265478484145	21.31246709663141	24.97317057270624	26.1195088694608	0.0045879827174114905
147.0	26.180612761260306	24.648456250560642	26.193349233380786	22.9739662401318	0.0036155146664585006
148.0	24.622247409304247	25.177493832687624	23.83942705657767	26.360393453507303	4.3824792314993985E-4
149.0	28.111027553098637	24.287246425361293	23.621437738636228	23.97819286525355	0.0020954176502917766
150.0	25.85858010362442	23.778737176885876	24.996682216309633	25.36595941607555	4.108710452463521E-5
151.0	26.456507510148413	24.063729261303365	25.662795301769375	23.81644747771896	5.204490598841015E-4
152.0	27.580593269680776	24.046749033960037	22.986416340658568	25.3861591774173	8.217828332031492E-5
153.0	24.74089641417347	23.489789394359835	24.944837336227497	26.823833119622236	6.437356169603243E-4
154.0	23.283097310818455	24.613902429904442	25.050496030101893	27.049984050280855	0.0025201788943509506
155.0	27.586640493471837	23.30488224322415	23.66588001888612	25.442460269355983	1.3697506190930362E-4
156.0	25.364391751713093	23.84436345784589	25.47031568427573	25.32058666489876	3.4244126652861257E-4
157.0	26.016767425088677	22.648379247075358	26.02946524639184	25.305018241988698	3.698394554319485E-4
158.0	25.368758919156452	20.778823001471995	25.841835497674204	28.010486695200658	9.588649668821738E-5
159.0	26.86146379070434	21.5941415934101	23.9699994876812	27.57384719365733	5.479345470266195E-4
160.0	27.080032805618764	20.955993100792618	26.011836488620705	25.9521239062796	1.36986883094983E-5
161.0	24.821240824366892	20.677570461533403	28.568248490905017	25.929323737774666	0.00361648542001574
162.0	25.647723402757173	24.10717392453873	24.115982387457848	26.129038091191013	8.219405523276124E-5
163.0	25.505127339256497	24.06936275231708	26.62825814308876	23.79719696777698	5.479756068658604E-5
164.0	25.645323476869457	23.672720099076095	24.749186238944358	25.931085124338303	0.0016850607717852329
165.0	26.280288701159886	21.673890771750337	26.240681479849638	25.80456363966663	5.754075735144827E-4
166.0	24.81619508235959	23.565898291346908	25.796067822209544	25.821701797269096	1.3700681485597776E-4
167.0	27.150976072254558	22.886743283680246	26.276963927526225	23.6848919798757	4.2473666326877334E-4
168.0	25.85789613007499	23.894009620691335	24.07088313167369	26.177087803469128	1.2331409085453377E-4
169.0	27.150879263184013	22.19622803554788	25.570588307028036	25.082085162491147	2.1923174892264725E-4
170.0	31.2107259932881	23.025700992205625	22.581187062248116	23.182235227766633	1.5072449152407673E-4
171.0	25.676633736030013	23.399848670163713	26.663484044732467	24.259348426671213	6.851224025982034E-4
172.0	27.360180684160696	24.313615139504563	24.00068389491856	24.325424382689622	9.589872656080999E-5
173.0	28.419969361019458	20.471641409962928	23.047819712173297	28.0593504229297	0.0012190939146119227
174.0	24.617859299787806	25.702678501838328	23.192099268162085	26.48696569099693	3.9723921485258247E-4
175.0	25.767923184804854	24.21267959212133	23.17799664493794	26.839770444275864	0.0016301338600172546
176.0	24.74572862586808	24.42116214035788	27.339465829760414	23.49219126626822	0.0014521377454027168
177.0	22.68600360187067	26.27918813369256	23.69743190320298	27.313099013081953	0.02427734815183207
178.0	25.39309308021651	23.21038653176808	23.406397084116996	27.98975342097184	3.698829265739923E-4
179.0	28.640745041668563	23.855601047153126	22.740534767095017	24.7619683059169	0.0011508381663969504
180.0	25.901821220303123	22.590003666573274	25.657364698847495	25.850645686161915	1.6472811418843057E-4
181.0	27.6673737417465	21.96484414457315	26.12309153289617	24.24396220412275	7.283766614374719E-4
182.0	25.98304536506714	22.888935791197518	25.323440427243387	25.80441352556318	1.6489092877288995E-4
183.0	24.78536595621478	24.048617999839777	25.9228071834025	25.242782883471776	4.259770711657907E-4
184.0	26.283084371468394	22.009778001064152	26.19544019418586	25.508138348628695	0.0035590846528971774
185.0	25.315087254932134	24.09039371342394	24.31103173626103	26.28292395256708	5.633428158127306E-4
186.0	27.631281162335803	22.824766761274436	25.81391881595319	23.730019519293595	1.3741142974531478E-5
187.0	25.35348344722293	22.575310394674442	27.436304720057848	24.634309672720747	5.917653240383057E-4
188.0	27.272638437647696	27.6168831293951	21.957215223950357	23.152726444934473	5.367640723712117E-4
189.0	25.2452782247003	23.584823203810757	24.566335270306038	26.602586028552604	9.772726302962498E-4
190.0	28.38945557161539	21.5793791726891	25.124358180191344	24.906573060775003	2.3401472916236493E-4
191.0	27.101345769435582	23.593966830719665	24.22387741004965	25.080479154406802	3.3083538830356294E-4
192.0	27.11034619289284	23.43111958623831	23.91243628719579	25.5460290028019	6.893087115937866E-5
193.0	27.392926160993785	24.093695744732482	22.174796546193775	26.338333366424223	2.481816557356435E-4
194.0	27.89739439056978	23.085807101895504	24.030083709873796	24.986714797660923	0.0
195.0	26.143869537779896	21.890721396986788	24.471112898385716	27.493730748184042	5.65418663559898E-4
196.0	28.60168581007365	22.44589630846093	25.708458525857935	23.243876442837657	8.291276982406324E-5
197.0	25.368022160248273	23.701525493490387	23.888815636895675	27.041139148657038	4.975607086259613E-4
198.0	27.513918086704503	23.359331843276088	23.6979988287663	25.42868205211658	6.918913653064636E-5
199.0	26.21201065229729	22.99113902384432	25.6319690881032	25.16442387716734	4.5735858784299297E-4
200.0	27.650425887483316	23.43087355411501	23.463057848983027	25.45560112764233	4.1581776315269705E-5
201.0	25.997949866685886	21.436978499937275	28.156522619041844	24.408271781973383	2.7723236161080324E-4
202.0	25.86208736968374	24.681954371998426	27.3927432543579	22.063187278202605	2.7725757325595627E-5
203.0	26.08692637638329	23.795884758597317	22.619697380660384	27.496812008038347	6.794763206662307E-4
204.0	25.584416070708656	23.649488902470633	24.701570272564545	26.064455412466458	6.934178970327123E-5
205.0	27.20317151461736	24.314552450718992	25.068848134682582	23.412595772654495	8.32127326575997E-4
206.0	26.288486555981272	21.65128455081119	25.5333645048944	26.52683664738071	2.7740932425446592E-5
207.0	26.78604277562979	22.97380384583904	26.018498094560304	24.22132233491623	3.32949054632778E-4
208.0	28.416873535895203	22.094715881631995	22.14047663613776	27.347920071030458	1.3875304580279668E-5
209.0	27.599434733680766	20.598039886441587	25.26928628535291	26.53262847589451	6.106186302242066E-4
210.0	24.561118843147344	24.343269281351844	24.70028161514873	26.39506653676661	2.6372358548037875E-4
211.0	25.196928119865248	25.217670183145195	25.196442194688007	24.388182022017965	7.774802835859335E-4
212.0	28.55581082899854	22.36745847423645	24.560803823832895	24.51570464104898	2.2223188313603076E-4
213.0	29.896211380477855	23.46585006167339	22.34734932264884	24.290241818617414	3.4741658249920926E-4
214.0	27.74930628993917	24.664888154679094	23.953872713329314	23.631891125586723	4.171646569759317E-5
215.0	26.394013564576348	25.01405343383727	22.62758184392476	25.96405859547022	2.9256219140783854E-4
216.0	26.500709100448006	24.495425595891028	25.468209377665453	23.53555754718002	9.837881549938562E-5
217.0	29.493949293700823	23.64152352501867	24.50866282753275	22.355312198039847	5.521557079096306E-4
218.0	24.583464826434103	24.640615260678917	24.5436279478184	26.2321349583811	1.5700668748575345E-4
219.0	26.25706535229757	22.55942431922233	24.841550009793913	26.341370670435815	5.896482503698245E-4
220.0	27.531920173960202	21.387639701997962	25.44299366861957	25.637143096940513	3.033584817514705E-4
221.0	26.27824314511037	23.30057200920249	23.574100557999984	26.846851769528584	2.3251815857825608E-4
222.0	25.522097084521654	25.183218505314503	23.47679398354232	25.817670603983217	2.19822638302512E-4
223.0	31.34064579158769	22.519481876279933	23.474601013867012	22.664649804200874	6.215140644933306E-4
224.0	30.009685509389428	22.338794699085565	24.82189473834072	22.82952124279426	1.0381039002601636E-4
225.0	30.63215029448689	19.64756941210656	24.26785082311042	25.451475787254175	9.536830419508779E-4
226.0	25.600237971303656	22.26621972393104	25.747812646599538	26.385609409907225	1.2024825854217323E-4
227.0	27.477943087722046	23.720283563524728	25.26682274610643	23.533509916018584	0.0014406866282139824
228.0	27.576949488313147	28.22010461722059	22.457674678426244	21.745118921486522	1.5229455350511246E-4
229.0	26.98865671110724	26.31023107574365	21.632322599019698	25.068758940425994	3.067370341872227E-5
230.0	26.364289029996186	22.92210473353653	26.659404922245045	24.054170408798402	3.090542384007309E-5
231.0	24.77394937421604	25.261410194892203	24.128201977231527	25.83501751270688	0.0014209409533451995
232.0	25.719034335016538	24.822627917652458	24.09400834147471	25.364141075289066	1.883305672281272E-4
233.0	23.56515915852279	25.065286368599605	22.065491935008023	29.303602551307534	4.59986562047746E-4
234.0	27.728706061859132	21.6327919953702	26.07963712447762	24.55756304864167	0.0013017696513780517
235.0	25.915108097103317	21.90270480169948	27.644700776758896	24.53719362513936	2.9269929895265684E-4
236.0	28.489399729276382	23.85477132277507	23.773221920321447	23.882458965367253	1.480622598512402E-4
237.0	27.772925111551356	24.51273603470007	22.160268619984755	25.553787930367378	2.8230339644198083E-4
238.0	27.1341940417022	22.957974296385615	23.95776843219716	25.950012813995404	5.041571962137795E-5
239.0	28.128389241152046	23.44898369352215	23.407510826426435	25.013839888865654	0.0012763500337211679
240.0	25.072479692563626	22.098931412252593	25.850361322421517	26.978017613483864	2.099592783979547E-4
241.0	29.491504104514416	21.93535751118517	23.36613452828698	25.204849071349123	0.002154784664309951
242.0	27.347971069490164	23.963646946116697	20.973443623032775	27.71399053365859	9.478277017740877E-4
243.0	28.356832034589672	22.968051926750366	24.548173422843927	24.12446116422669	0.0024814515893433445
244.0	26.346799372976086	23.215911216629852	25.694210713110117	24.742161892552954	9.168047309945057E-4
245.0	29.304357921249846	21.010519351801115	23.299451564526294	26.384027817413415	0.0016433450093290753
246.0	24.545030504778182	26.744171432162382	23.304570715944	25.40381989037221	0.002407456743224381
247.0	25.65414986162573	23.055581486065496	25.00300813634329	26.152843851280576	0.13441666468490526
248.0	25.74979918116018	22.89263703342823	24.455443802973132	26.892969643795972	0.009150338642484187
249.0	25.504489750662103	21.939731294131658	27.98685224029404	24.554701550525092	0.014225164387104871
250.0	27.756514918311925	22.600070081114783	24.157446047007213	25.485183130668414	7.858228976647843E-4
