# Position (bp)	A	C	G	T	N
0.0	23.891486313249377	24.385415881155268	26.743835306537967	24.979262499057388	0.0
1.0	23.492422102984094	28.878847783112114	24.285041890238162	23.287207003671277	0.05648121999435188
2.0	25.325090198436563	25.828698135898975	22.782621767889356	26.06358989777511	0.0
3.0	24.43359924917879	22.92632566870014	25.574847489441577	27.055842327545754	0.009385265133740028
4.0	25.605341635875988	25.061425061425062	24.73882626554382	24.59440703715513	0.0
5.0	26.883532782740605	25.025750510328294	22.986310092327283	25.104406614603818	0.0
6.0	24.05905438235844	25.148570360680246	25.170996075499907	25.613903943188188	0.007475238273219959
7.0	25.282470074952457	24.959913487713017	25.446545101987546	24.31107133534698	0.0
8.0	26.653146280653445	25.53492352919287	25.335838946154134	22.476091243999555	0.0
9.0	26.228198889281007	25.80842883411653	22.96848009807017	24.99489217853229	0.0
10.0	24.603910801083448	26.117769284998698	23.713405810545062	25.56491410337279	0.0
11.0	26.685809224545814	22.866327157149566	24.58915736627298	25.858706252031638	0.0
12.0	27.79308505910586	26.09545818149498	21.814949782241577	24.296506977157588	0.0
13.0	24.89117461209015	23.959137822088042	25.440567296215683	25.709120269606125	0.0
14.0	26.005707126948774	22.25257516703786	25.026099665924278	26.715618040089083	0.0
15.0	25.41620421753607	24.55903696747204	24.893707845983094	25.131050969008793	0.0
16.0	25.857822463645874	25.149296534970816	22.41641081008131	26.576470191301997	0.0
17.0	26.879649309245483	25.81528958554729	21.632571732199786	25.67248937300744	0.0
18.0	25.252093237485813	26.342715204553308	21.501538056620223	26.903653501340656	0.0
19.0	25.936849694407577	24.295007291615462	23.531435874748073	26.236707139228894	0.0
20.0	22.214435879467416	25.136487345382246	26.130604129658902	26.518472645491435	0.0
21.0	23.23660858863916	25.6023706198588	25.503594792408833	25.657425999093203	0.0
22.0	22.03109174798643	26.93760751089176	26.603218494284842	24.42808224683697	0.0
23.0	24.45898178212121	26.512691735576848	23.68964028086563	25.338686201436317	0.0
24.0	26.999110094075768	22.900775489448257	24.685354691075514	25.414759725400458	0.0
25.0	24.24218577858919	26.281910038087442	22.487330416443704	26.988573766879664	0.0
26.0	24.390396594359405	25.651860894606692	21.60296741478073	28.35477509625317	0.0
27.0	24.244838034548465	26.24402586449255	21.458469996563895	28.05266610439509	0.0
28.0	26.896829204128686	25.63098683090636	23.1735813435261	24.29396016774733	0.004642453691524427
29.0	24.585584479371317	24.301633104125735	25.508042730844792	25.604739685658153	0.0
30.0	21.776613406851173	25.560141958478667	26.263841713249963	26.399402921420194	0.0
31.0	25.868866379571788	25.77636926062959	23.548856674956024	24.805907684842605	0.0
32.0	23.226749883165244	23.033784089367284	26.259930954426906	27.479535073040566	0.0
33.0	24.40700808625337	25.281521413596884	24.788858939802335	25.522611560347407	0.0
34.0	25.637132309158034	27.72716446349887	22.365130403715614	24.270572823627486	0.0
35.0	24.522504690015808	24.024698287959584	26.57872579287118	24.874071229153433	0.0
36.0	22.283900494574443	26.507713884992988	27.346275928249796	23.86210969218277	0.0
37.0	24.356836061460346	26.412894274623255	23.083054124662368	26.14721553925403	0.0
38.0	25.723857029013313	26.243322215991267	21.588796080399046	26.444024674596385	0.0
39.0	22.301574419737054	27.055820336131976	23.660562777589234	26.982042466541735	0.0
40.0	24.20004425757911	29.24393302353028	23.280961864719334	23.275060854171276	0.0
41.0	23.550323789293564	27.095042114734998	21.66659291056335	27.68509094127539	0.002950244132701981
42.0	23.035282317540858	26.57678919110272	21.868546816921352	28.519381674435067	0.0
43.0	25.686896246589484	25.793083105965636	23.529238256765726	24.98783275569648	0.0029496349826708948
44.0	26.473277489381786	25.43652666352053	24.036986786219916	24.053209060877773	0.0
45.0	24.93438707204152	25.036123971572643	23.194538645277344	26.8334758632892	0.0014744478192916751
46.0	25.247699929228588	25.002948808681293	24.302606746874265	25.44674451521585	0.0
47.0	24.774794698276498	25.86433131348873	24.348710690433016	25.010688958674276	0.0014743391274861044
48.0	22.72961778275674	24.402647366636696	23.431258383573354	29.436476467033213	0.0
49.0	21.675239877960706	26.195705042227363	25.570769525550137	26.55681164974133	0.0014739045204651643
50.0	25.555277159574942	26.430750637444916	22.171292134003448	25.842680068976698	0.0
51.0	23.91941877772374	27.888058711702552	22.481099960210443	25.709948863050236	0.001473687313025922
52.0	22.19686372671722	26.77611720533019	22.883015534123537	28.14400353382905	0.0
53.0	22.490988008533805	27.116898403590085	24.56411388214522	25.826528360185392	0.001471345545501361
54.0	23.42926929754863	29.147170477619845	24.078161325446573	23.34539889938495	0.0
55.0	23.761357287776764	29.795054250345498	22.09562174718457	24.346496515628218	0.0014701990649533946
56.0	25.960336944856888	25.897123031915676	24.158005380533055	23.98453464269438	0.0
57.0	21.20281077266847	28.592849582500296	24.54280842055745	25.65859108549924	0.002940138774550159
58.0	24.032694343173	26.442138068916854	22.27596142537928	27.24920616253087	0.0
59.0	26.42873941674506	23.340486829727187	25.748177328316086	24.48112652869238	0.0014698965192850423
60.0	21.72776407002702	24.121724826694866	25.599224532957347	28.551286570320762	0.0
61.0	24.534065708117318	25.735434504839255	24.993758169454686	24.732335619556757	0.004405998031987546
62.0	24.67801389276431	23.115445053089157	26.045261627480066	26.159810846929933	0.0014685797365367953
63.0	26.42523570358622	24.425059476605867	23.190002055981438	25.95823420565689	0.0014685581695890973
64.0	24.055703929797787	23.464326592903472	25.248730666510138	27.2312388107886	0.0
65.0	22.489435379739405	26.809191219626715	24.955980748914193	25.74245803498063	0.0029346167390538794
66.0	23.539077744685223	24.841913760471837	24.97542510893646	26.64211622823105	0.001467157675435379
67.0	24.59509418461358	26.644563112493397	22.32996889853882	26.42890675429846	0.001467050055747902
68.0	23.093512514304155	23.935623954696165	27.045861330360026	25.925002200639653	0.0
69.0	24.706227536125578	26.248074525049514	24.971759700726178	24.072471209565027	0.0014670285337049806
70.0	25.056426791733845	25.197127363329912	24.776491279495826	24.96702330353217	0.0029312619082515023
71.0	24.245085554530952	23.854271871660885	26.534346228721144	25.36629634508702	0.0
72.0	26.026254555033585	26.215041489221587	24.11643324406199	23.637880317864514	0.004390393818325504
73.0	24.529157825418892	24.10331455330358	24.567205677910295	26.797395185483282	0.0029267578839540496
74.0	23.090768082646804	28.295702307613514	24.28627869883961	24.32286103103645	0.0043898798636210655
75.0	25.103157648298264	24.882210061162972	22.750285329665505	27.262883731819382	0.0014632290538760936
76.0	25.006584530742444	25.50847209622194	26.207895583974718	23.275584560007022	0.0014632290538760936
77.0	22.81584645093335	26.381005325062905	25.03072151676517	25.772426707238576	0.0
78.0	26.553110607500546	28.10000731047591	20.93135463118649	24.41552745083705	0.0
79.0	27.229539109207586	22.945140401397435	22.860358714241862	26.9635000219263	0.0014617532268202482
80.0	23.46931318239619	25.47466273002324	27.618866655948082	23.431310931493634	0.005846500138854379
81.0	23.664981147517025	26.549849472422764	23.7555899804168	26.02957939964341	0.0
82.0	22.724947754541336	22.460432285501337	25.69453578265889	29.117161354436117	0.002922822862320429
83.0	23.407177928454523	23.928863689501988	25.777414075286416	26.88654430675707	0.0
84.0	23.514283626799152	27.219989771315845	25.370059180244027	23.894206181047707	0.001461240593263681
85.0	24.531720288711607	27.706671342158323	22.79448291984454	24.967125449285525	0.0
86.0	24.228611500701263	25.803529686769515	24.281206171107993	25.685191678354368	0.00146096306685367
87.0	22.892199824715163	22.940403155127083	26.09699094361671	28.070406076541044	0.0
88.0	23.479149930621485	28.794274446797637	26.299569122909517	21.427006499671364	0.0
89.0	26.375744830003505	27.329419324687464	23.09703236359388	23.197803481715155	0.0
90.0	24.172727007213997	26.098893075148222	25.250445398522153	24.477934519115628	0.0
91.0	25.183638301911593	26.18251383676271	24.475371292550783	24.158476568774915	0.0
92.0	24.88355454319798	24.922978083431893	24.686436842028414	25.507030531341712	0.0
93.0	25.337635601757896	27.12765180826678	22.06275277043699	25.47195981953833	0.0
94.0	26.230656934306566	24.893430656934306	24.45839416058394	24.41021897810219	0.007299270072992701
95.0	23.61175989723228	28.45819222235198	23.784012612402194	24.146035268013545	0.0
96.0	25.00620265911645	26.287599060114715	25.341875976006655	23.364322304762183	0.0
97.0	24.100215831534737	25.239164673627716	24.708335763868636	25.952283730968905	0.0
98.0	26.585340970370048	24.14411263171702	25.12060396717823	24.1499424307347	0.0
99.0	22.627609702122705	22.57228547302216	28.13237049762688	26.667734327228253	0.0
100.0	22.82713067768499	26.059883027322723	25.773270870311638	25.339715424680655	0.0
101.0	22.918211559432933	21.785532533624135	29.82624500181752	25.468556888404215	0.0014540167211922936
102.0	23.743735018522553	24.966949952785647	25.71221035810271	25.57710467058909	0.0
103.0	25.26276058300912	26.881423842982404	25.995877126763833	21.858486731316415	0.0014517159282271645
104.0	25.034818941504177	27.673804549675022	23.692838904363974	23.598537604456823	0.0
105.0	26.77978391704735	22.83953302878689	22.432020883184688	27.947211949822346	0.0014502211587267058
106.0	23.095434842488295	24.069644384522825	27.83020919410255	25.00471157888633	0.0
107.0	25.757597715975134	24.850364487471197	24.0474775727888	25.344560223764873	0.0
108.0	22.46165877394969	25.279865606580643	26.968472578239272	25.290003041230396	0.0
109.0	24.97285401977675	25.182782933503205	27.415268347063165	22.429094699656872	0.0
110.0	24.27299703264095	25.008323080263445	24.397481363537672	26.321198523557936	0.0
111.0	23.466330916511094	24.18558879289136	27.108930664698477	25.237702426952634	0.0014471989464391669
112.0	25.15446613320986	24.448335238536227	25.06764676091392	25.32955186734	0.0
113.0	25.771540186645446	23.410258265210157	24.50987484627071	26.308326701873693	0.0
114.0	24.739941260724258	23.006698592282874	28.319275452480504	23.93408469451236	0.0
115.0	24.80756988251635	25.07523583540714	27.083453903582384	23.033740378494123	0.0
116.0	25.925229317977948	25.424636129517637	25.95705894267774	22.693075609826675	0.0
117.0	25.42461155637858	26.33749023465756	25.018083967477793	23.219814241486066	0.0
118.0	25.053523897697026	25.983682444161555	26.838618215484317	22.124175442657098	0.0
119.0	26.438510718315158	22.093326004570834	25.702259380333842	25.765903896780166	0.0
120.0	23.853675470824776	23.574507478230682	28.20319958341771	24.368617467526832	0.0
121.0	26.045825377538623	23.98455129317827	26.80090262107273	23.167274200081003	0.001446508129375687
122.0	26.09387430389817	24.680697186663775	25.81326390395603	23.412164605482026	0.0
123.0	23.575953944513554	27.413428992970175	26.192611450227094	22.818005612289177	0.0
124.0	23.708342976162925	25.014464244387874	24.87560749826429	26.401585281184907	0.0
125.0	25.641099813419345	23.00872156091352	26.679587497649663	24.67059112801747	0.0
126.0	24.801492602074024	23.25393037416294	27.39474407370446	24.549832950058576	0.0
127.0	23.85924822469375	23.90697539881116	28.607378910374155	23.626397466120938	0.0
128.0	24.770774882133455	22.633268735718627	27.95100222717149	24.631938217684322	0.013015937292106558
129.0	22.786036557149465	27.637667746413698	24.826469227209625	24.74982646922721	0.0
130.0	24.736811661267932	26.649988431281812	25.067966219342896	23.54523368810736	0.0
131.0	24.547755043019304	25.38934278071	25.37922059142506	24.683681584845637	0.0
132.0	24.745517640254484	25.17351069982649	25.13591671486408	24.937825332562173	0.007229612492770387
133.0	25.117839275902952	25.45328359503774	26.896272519591687	22.532604609467626	0.0
134.0	25.523024651196412	23.32393551651847	23.715752186799683	27.43728764548543	0.0
135.0	24.001330114071738	24.62156808882849	27.77191435221999	23.605187444879782	0.0
136.0	26.76488022090821	25.975509259928582	26.746085674218218	20.50629617314115	0.007228671803842762
137.0	27.432016307412066	23.658758728368827	25.222998077228898	23.686226886990212	0.0
138.0	24.70220885856366	23.9620677691685	28.81779808025905	22.51503411587834	0.002891176130449867
139.0	25.133713030154098	23.790800543525396	26.931972592442683	24.143513833877822	0.0
140.0	24.442420825925442	22.75125392076088	28.03868002254889	24.767645230764785	0.0
141.0	23.318301390454714	26.110773855982423	27.541699187696935	23.029225565865925	0.0
142.0	27.509900846992164	23.7519151273379	25.03830254675801	23.69988147891192	0.0
143.0	23.293393267521356	27.40977351236504	25.597294289389627	23.69953893072398	0.0
144.0	27.745096622197813	26.353216644745398	23.901889083209273	21.99835229161548	0.0014453582320378105
145.0	27.070114327836155	23.07080809978753	24.954109876132797	24.904967696243514	0.0
146.0	27.280610475199445	22.593652445369408	25.46392646548734	24.657474852584112	0.004335761359694762
147.0	24.462365591397848	25.567984738120014	27.2907272517054	22.678922418776736	0.0
148.0	24.03473787642333	25.800531761169875	25.52742616033755	24.63441419571123	0.0028900063580139875
149.0	26.504544338000493	25.793633591977688	24.26344155937983	23.438380510641988	0.0
150.0	24.10037126388628	24.382069543359865	26.426187827745114	25.09137136500874	0.0
151.0	24.291883928184536	25.54851010356333	27.271676801525285	22.88792916672685	0.0
152.0	27.309886618040007	23.75243735105077	24.759153607279554	24.178522423629666	0.0
153.0	25.04693683024754	22.890731059183732	27.736056150891073	24.326275959677652	0.0
154.0	23.23945696129405	25.71923743500866	27.04794916233391	23.991912189485845	0.0014442518775274408
155.0	25.831708197905378	23.4192849404117	26.99313831708198	23.754423979776092	0.001444564824846515
156.0	23.993875133620314	23.5937364574004	28.502296824892383	23.910091584086903	0.0
157.0	24.283051851423785	23.819292948264152	28.312408801306038	23.585246399006024	0.0
158.0	25.561237756782525	22.608419288665456	26.578255467914826	25.252087486637198	0.0
159.0	25.464447718933286	22.238594666435528	26.459796018606802	25.837161596024384	0.0
160.0	25.70644322450159	22.418376191852065	27.62929789078301	24.245882692863336	0.0
161.0	24.116958726398057	22.026552635760822	29.012871816356306	24.839282876583695	0.004333944901113824
162.0	24.155615266822686	25.08739995955043	26.117419317558	24.63956545606888	0.0
163.0	24.617896044610095	24.409869694605764	27.998324232180522	22.973910028603623	0.0
164.0	25.861770059811036	24.73345083648762	25.893553699904647	23.509780692883353	0.0014447109133462394
165.0	25.56308421341578	22.52914746377335	28.881633124810378	23.026135198000492	0.0
166.0	24.238615349052242	24.64892510402219	26.69758437355525	24.41487517337032	0.0
167.0	25.848118823325432	23.867248454025315	26.476622551002716	23.808010171646536	0.0
168.0	23.631319626060193	24.936063228770823	27.088962418182604	24.343654726986376	0.0
169.0	25.50572188186337	23.357126343775285	27.160154895387816	23.976996878973527	0.0
170.0	29.211518733112747	22.596772096114666	25.022757155861232	23.168952014911355	0.0
171.0	23.603525502095074	23.64109232769831	29.326686894957376	23.428695275249243	0.0
172.0	25.02202515923107	24.84726815811898	26.52695735062609	23.60374933202386	0.0
173.0	26.044073475046208	23.168900184842883	25.189175138632162	25.597851201478743	0.0
174.0	23.25376539733426	27.287036635908102	24.32381695042528	25.135381016332364	0.0
175.0	25.888434824045863	24.170048085948217	24.526721635788654	25.414795454217266	0.0
176.0	23.516499386237275	24.162033359809374	30.273665968661994	22.047801285291357	0.0
177.0	21.90961741215211	26.54428862346365	26.78548217045307	24.741836248357142	0.0187755455740262
178.0	22.815555010035958	22.30148301107565	27.722343359662677	27.160618619225712	0.0
179.0	27.113479478959075	24.330647257603328	25.111919822083586	23.442509314617453	0.0014441267365624007
180.0	25.960523461788735	22.325211481454705	27.458607475959802	24.25565758079676	0.0
181.0	27.117343985180035	22.614912585388446	27.55731156651615	22.710431862915364	0.0
182.0	25.47927367431093	24.13079649858931	25.55451059827823	24.83541922882153	0.0
183.0	23.595456847283515	23.82550821095276	27.585907545395354	24.993127396368372	0.0
184.0	24.136883229633916	23.20503545073072	28.217334683837358	24.43640572999566	0.0043409058023440895
185.0	23.66940092299235	26.014495898615515	26.590281093123853	23.725822085268288	0.0
186.0	25.714699074074076	23.80931712962963	25.97511574074074	24.500868055555554	0.0
187.0	24.216928535225545	22.874520309897907	29.29259286076316	23.615958294113387	0.0
188.0	26.902634361105882	27.31248823299396	22.930093122275487	22.85478428362467	0.0
189.0	23.790351779171313	25.920722964851045	27.538414748946398	22.749062260134107	0.001448246897131023
190.0	28.144822592324402	22.545981173062998	26.234612599565533	23.073135409123825	0.001448225923244026
191.0	24.497840642300222	24.851453581055623	27.594852323121067	23.05585345352309	0.0
192.0	26.855850894228816	23.267341082350214	25.70654221861503	24.170265804805936	0.0
193.0	25.18477725283325	24.929712182255585	24.915219848700037	24.970290716211125	0.0
194.0	27.101720215063114	23.87287509238729	25.1220961407475	23.9033085518021	0.0
195.0	24.460129279109537	21.723818081683525	28.625467404852316	25.190585234354618	0.0
196.0	26.962185056787686	22.64109891066274	28.018160456042125	22.37855557650745	0.0
197.0	23.71509392906361	25.091753100747084	25.953434394719665	25.239718575469645	0.0
198.0	27.626154114162944	23.10551071366355	25.113233842401716	24.155101329771792	0.0
199.0	25.49729015009517	22.076921959228745	27.947052584165178	24.478735306510906	0.0
200.0	26.199921531017047	24.5840417338739	26.198468401703067	23.01756833340599	0.0
201.0	24.680288321804337	21.266639539615184	29.881416032087426	24.171656106493053	0.0
202.0	24.512425519546575	24.884464467373927	29.831419851765734	20.771690161313764	0.0
203.0	24.57703488372093	24.97093023255814	25.624999999999996	24.82703488372093	0.0
204.0	24.40694226408512	23.428687714402	27.543752543752543	24.620617477760334	0.0
205.0	27.65592523147139	24.141339263652085	25.511998720911645	22.690736783964883	0.0
206.0	23.884632717440287	22.648970038814344	28.29376789893733	25.172629344808033	0.0
207.0	25.820661181054284	22.35920100020353	27.64516035239729	24.174977466344895	0.0
208.0	27.613979995347755	22.314782507559897	24.12770411723657	25.943533379855783	0.0
209.0	25.14867320974191	20.91312250090876	27.825517993456927	26.112686295892402	0.0
210.0	22.781938486148476	24.067476187013742	28.164036937395476	24.986548389442305	0.0
211.0	25.253818181818183	25.211636363636362	27.285818181818183	22.248727272727272	0.0
212.0	26.402246504386795	22.79678156236814	28.00855534054038	22.792416592704683	0.0
213.0	28.52256186317322	22.16302765647744	25.836972343522564	23.477438136826784	0.0
214.0	27.33495477913869	24.20954516988771	26.64025748947759	21.815242561496	0.0
215.0	23.512681767133877	25.51813660429094	26.55368055656841	24.41550107200677	0.0
216.0	26.58250172689996	23.832689113916608	26.5883805352655	22.99642862391793	0.0
217.0	28.115162353497585	22.634900459644403	27.19735150234256	22.052585684515453	0.0
218.0	23.33576305728694	24.65376433661098	28.067774422444696	23.94269818365738	0.0
219.0	23.995572441439556	23.593203099290992	26.804678852424686	25.606545606844765	0.0
220.0	25.892937607017334	21.32235873712037	27.782450659376973	25.002252996485325	0.0
221.0	23.677517032551098	22.763058289174868	28.953822861468588	24.60560181680545	0.0
222.0	22.794566544566543	25.035103785103786	27.823565323565326	24.346764346764346	0.0
223.0	29.583994332096047	22.51759668550834	26.22175674218738	21.676652240208234	0.0
224.0	28.63228076673766	23.137944871438716	27.349754606908043	20.88001975491558	0.0
225.0	27.61573786769269	20.339456373339953	28.068760084398658	23.976045674568695	0.0
226.0	24.79266285176766	22.038096731206398	29.16829975699616	24.000940660029787	0.0
227.0	25.75076141330935	23.142230428127316	29.348735185974213	21.758272972589122	0.0
228.0	27.21504932906132	25.725660628747267	25.60828601338705	21.451004028804366	0.0
229.0	25.654533844189015	24.893039591315453	26.17337164750958	23.27905491698595	0.0
230.0	25.30858244937319	23.06332369013179	29.218900675024106	22.40919318547091	0.0
231.0	23.784634862921422	25.360754459720486	27.457918742999983	23.396691934358106	0.0
232.0	24.609260286488073	24.32864554442523	27.607922472020103	23.4541716970666	0.0
233.0	23.4299676418147	24.78042659974906	24.968632371392722	26.820973387043516	0.0
234.0	27.010563909147045	20.952587573638624	26.967173445035964	25.069675072178367	0.0
235.0	24.078094757216192	21.945636623748214	30.162416898089706	23.813851720945888	0.0
236.0	26.64779550523246	22.976496826213758	26.8210670784011	23.554640590152683	0.0
237.0	26.087482501771426	24.169158183986312	25.74702314086722	23.99633617337504	0.0
238.0	24.763387624429246	23.190636972761148	28.21854061335526	23.82743478945435	0.0
239.0	27.400788716381854	23.451877642377518	26.539240416385407	22.608093224855224	0.0
240.0	24.192725417304466	21.8966396967709	29.451855091478972	24.458779794445658	0.0
241.0	28.609498777059834	19.855437520534444	27.129193589603183	24.404044828970907	0.0018252838316358193
242.0	24.76498774644281	23.29821866198471	25.489227843008155	26.447565748564323	0.0
243.0	27.650723840938245	23.0492944841488	26.61535642294301	22.684625251969948	0.0
244.0	25.290649622568733	21.843260418388525	28.640696457105076	24.225393501937663	0.0
245.0	25.962016689078414	21.705012249709878	27.216460662773777	25.11651039843793	0.0
246.0	23.23478389251836	25.984571660576535	27.102941719263278	23.677702727641826	0.0
247.0	23.50481898736519	23.353127254564626	28.791830845218936	24.25032835710454	0.0998945557467118
248.0	26.233424698125784	22.151640862286097	26.72234980368916	24.881472701681606	0.011111934217349434
249.0	25.65982404692082	20.80812205352834	29.555662793719144	23.957830654441516	0.01856045139017781
250.0	24.56893348197696	23.662207357859533	27.670011148272017	24.09884801189149	0.0
