# Position (bp)	A	C	G	T	N
0.0	23.5470862109749	24.436066562296023	25.585820231675232	26.430998253367736	2.8741686108022177E-5
1.0	22.911078656996207	30.84899696899472	22.88842068793036	23.27581459700938	0.07568908906933683
2.0	24.523904073918086	27.022607810335238	22.412375874351618	26.040367838233173	7.44403161881061E-4
3.0	25.302888376055954	22.14456929567616	24.884913003099697	27.660133292057466	0.007496033110722131
4.0	25.704614779325734	23.89559932429264	23.41197905169939	26.987778251784484	2.859289775294135E-5
5.0	28.111967140947634	24.215753799356495	22.398170332638486	25.273680220149707	4.285069076741874E-4
6.0	25.418710668097145	23.914082194031636	24.309622679023718	26.351850747792877	0.005733711054623439
7.0	25.167295951328363	26.076785731064017	23.499504155385715	25.25590166132859	5.125008933175294E-4
8.0	27.295341551550816	24.098038981695684	24.04877059171507	24.557820461895417	2.841314301073619E-5
9.0	26.156667504286897	25.548901233230342	22.5662263582636	25.728148180501677	5.672371749092846E-5
10.0	24.832543655705276	25.120223069168052	23.549181700868395	26.498051574258273	0.0
11.0	27.426386700151483	23.086760893816958	22.65394771539811	26.8327946999909	1.0999064254608539E-4
12.0	28.458279470052915	24.67200067488516	20.252178843485858	26.617541011576062	0.0
13.0	25.160710376262408	23.195173208812957	24.85036941986934	26.793613664175247	1.333308800451405E-4
14.0	26.58851761898136	22.31090217955043	23.34277847351355	27.757749020699197	5.270725546995897E-5
15.0	25.38605127372729	23.84650241343826	24.465079280848464	26.30234101950208	2.60124839112787E-5
16.0	26.00026770191698	25.510638852233143	21.505710889082003	26.983331468615784	5.108815209555937E-5
17.0	28.405597585472865	26.784436493738816	19.392570531975494	25.41632104416306	0.001074344649763644
18.0	25.329238989946308	25.70806488989017	20.277756091636956	28.684840891882818	9.913664375370988E-5
19.0	24.955848363376166	24.47988570980673	21.83867503434153	28.72524581338961	3.450790859643765E-4
20.0	22.611341737571774	25.44219293376169	24.196370059283346	27.750046381951147	4.8887432043414E-5
21.0	23.45578144973875	24.792202078015542	24.288547135046308	27.463251399102045	2.179380973471364E-4
22.0	21.92255696487236	27.205963635319534	26.210205942100767	24.661201675866707	7.178184062995743E-5
23.0	24.782438879028568	24.45638578752211	23.588235812144482	27.172701508974374	2.3801233046679215E-4
24.0	27.38951048835857	22.001609122534045	24.469134285958347	26.139699039021103	4.706412793347768E-5
25.0	24.726900270946956	26.408856674599733	19.37200909890239	29.492071042933993	1.629126169305308E-4
26.0	26.202906309857514	25.796447350353613	19.839557012208793	28.16104309440491	4.623317516964108E-5
27.0	25.751020359265986	24.852924507697967	20.043205729677826	29.352803327076177	4.6076282049509884E-5
28.0	27.49756307303596	24.07413260293359	22.85242898009235	25.573169542130586	0.002705801807521083
29.0	27.17309924680771	23.735680797645937	22.75171650453985	26.339165999262104	3.374517444005507E-4
30.0	23.39425915064935	25.110695904569667	25.49536598690425	25.99947802747969	2.009303970406971E-4
31.0	25.500351470514442	25.12985314616067	22.642782953746657	26.726657184585743	3.552449924887887E-4
32.0	23.924715103161024	23.06406495340051	24.466359961823166	28.544684051494745	1.7593012055611512E-4
33.0	23.82443219632768	24.701410494440314	25.481166528067522	25.992903839725194	8.694143928944501E-5
34.0	25.29995113645414	26.82724906847139	23.21982783672257	24.652950432560772	2.1525791126638383E-5
35.0	25.022394490625583	22.59747160829563	25.848017829652115	26.531945892443055	1.7017898361878375E-4
36.0	23.478481896118794	25.18863234931887	26.333379876424907	24.99935711026483	1.4876787260029452E-4
37.0	25.451235927557512	25.821423594115405	21.764740373633547	26.962600104693536	0.0
38.0	26.252951409869674	26.1706506938853	21.129259274441136	26.4470536662261	8.495557779031817E-5
39.0	22.925920947604393	27.471855200775824	22.17368712636488	27.428366848880316	1.6987637459184546E-4
40.0	25.877063544670488	26.582905482785694	23.138876657173345	24.40102692624042	1.2738913005538454E-4
41.0	23.995933399977794	24.27485936412353	21.82439106613235	29.900018447877528	0.004797721888799421
42.0	23.93290479357305	26.471156987304497	20.994507154157354	28.601346157969044	8.490699606052765E-5
43.0	26.297837911378284	25.553766319877557	22.5870310340063	25.557756548910337	0.0036081858275130115
44.0	28.696774910989546	25.027339266019492	23.164364325191787	23.111351721646905	1.6977615226543993E-4
45.0	25.462197106207302	24.388737855177958	21.661664588597468	28.483708305288598	0.0036921447286782883
46.0	24.496630767794553	24.73674160450136	22.784538873471327	27.98208875423276	0.0
47.0	24.89187210454106	24.666971173602686	23.618692256563996	26.82080969002453	0.0016547752677288487
48.0	22.57522863396508	24.662075606155724	23.001467668866756	29.761228091012438	0.0
49.0	22.077157779390024	26.40110415055334	24.456307012556362	27.063776867596307	0.0016541899039700346
50.0	27.280987999063537	25.035202068354785	20.169555215504516	27.514233511011888	2.1206065273965398E-5
51.0	24.81304541231358	27.167242036593276	21.773090667303315	26.24433199487913	0.002289888910704086
52.0	22.658141738490723	25.936126899516243	21.459059389097092	29.94667197289594	0.0
53.0	22.11842556582218	25.487490963203747	24.232650670437934	28.159997467058567	0.0014353334775702759
54.0	22.774818054406374	28.716608128873204	22.39347106600699	26.115039428581078	6.332213235169956E-5
55.0	23.525832155452857	29.04306990558363	22.346211610130158	25.083497078891504	0.0013892499418514702
56.0	26.339623403962452	25.95541260514495	24.87604439881481	22.82891959207779	0.0
57.0	22.591697167851358	28.061602010889512	22.916463231902163	26.425502469838342	0.004735119518625645
58.0	25.18658070847957	25.606783169091248	21.69739993809226	27.50906784242271	1.6834191421169796E-4
59.0	27.48547597009747	23.12175483062996	24.670388527136808	24.71987680113015	0.0025038710056156147
60.0	23.764604112929725	23.025120806418933	24.197649064570413	29.01258402384319	4.199223773485471E-5
61.0	24.70413337795389	24.406135802412113	22.91146612539748	27.972407196450398	0.005857497786117772
62.0	25.085922268032967	22.33101429109169	25.25775630721197	27.32507620215073	2.3093151264129595E-4
63.0	25.9496252469541	23.550252679888914	23.452153305411507	27.045659559272867	0.002309208472611843
64.0	25.037741313529636	22.006604441925916	23.610136471835837	29.345454949048964	6.282365964151564E-5
65.0	23.69917396004797	26.596375759918438	23.57424926350756	26.125699037016116	0.004501979509920793
66.0	24.639681564204867	24.178443814654788	23.22893644998948	27.95237282617003	5.653449808358521E-4
67.0	26.958560708163677	25.719906592678377	20.66282096727624	26.657937036530654	7.746953510531984E-4
68.0	23.47165386890274	23.040078723259477	26.812053452255704	26.676109270396598	1.0468518547597737E-4
69.0	22.846194237591323	24.79383778695636	25.61704201714452	26.740099523986586	0.0028264343212035335
70.0	24.622234206326564	23.28430650182949	24.948877692112333	27.144351672148346	2.2992758326252608E-4
71.0	24.66693544774448	23.214975898254902	26.048366008986456	26.068868379573058	8.542654411082947E-4
72.0	26.29559852857199	26.108159583730124	22.20760868365027	25.38723735995465	0.0013958440929648832
73.0	25.090712664692077	23.106783253290093	23.517380709044104	28.281331960647638	0.003791412326089792
74.0	24.359557077753028	26.431354675667645	23.24543989974716	25.962960941636798	6.874051953668056E-4
75.0	24.86012533053664	24.859625424789698	22.530127132280267	27.74791419534442	0.002207917048973058
76.0	27.145339649487205	24.207819875055794	25.30966837692717	23.33648474502205	6.873535077836536E-4
77.0	24.393310676794837	24.75121650282436	24.61916791477576	26.23568007001491	6.248355901353456E-4
78.0	27.256696073859615	26.652647240938276	20.463640750584254	25.62657856519085	4.3736942700231367E-4
79.0	27.40507743487009	21.28420193692871	22.54757296597181	28.7606276263824	0.002520035846989255
80.0	24.23246609680249	23.300633204015654	28.067407362360807	24.397181613174908	0.0023117236461421705
81.0	25.06428014773292	25.433091790759736	22.133238698960646	27.368910359339875	4.7900320682233853E-4
82.0	22.896398073707914	21.980942836840793	24.412132707896514	30.709547574599664	9.788069551106633E-4
83.0	24.747514504796058	22.734523705397493	24.615086653921605	27.901937999025378	9.371368594669566E-4
84.0	23.050008995921846	26.236731015273072	24.930677259642295	25.78152071061119	0.0010620185515899459
85.0	24.947203063825675	27.039277755404527	21.223681180219234	26.789317423384578	5.205771659862376E-4
86.0	25.37165842656201	24.993211908394912	22.808320950965825	26.824893056323667	0.0019156577535831127
87.0	21.689431733948545	22.03053295243489	26.80707438346923	29.472232170371544	7.287597757918495E-4
88.0	24.726142340188968	26.820727649775343	25.93844084566279	22.514189462112157	4.997022607363113E-4
89.0	26.562235841521986	26.245745356848694	22.51696235759906	24.674077886515644	9.785575146138196E-4
90.0	23.287679218512036	25.92295256545451	24.64216674699598	26.147034911500693	1.6655753678058855E-4
91.0	26.452815442457307	25.040467164396308	24.398988440600032	24.107229293667636	4.996588787196741E-4
92.0	25.221688372818274	24.61256710503662	22.744503616859205	27.42122008703279	2.0818253111235882E-5
93.0	26.648992422349906	26.394391706220333	20.683549837621783	26.272816221167457	2.4981264051961025E-4
94.0	27.445158104618134	23.68854707957461	23.008365603476307	25.853661684553508	0.004267527777442389
95.0	23.874850380424036	26.407756278818027	24.433339925268275	25.281638685637564	0.0024147298520977964
96.0	26.026957845087622	24.32894207953799	24.05448438068209	25.588574899474793	0.0010407952175043437
97.0	25.663751076407948	24.900497962916823	23.463601331592347	25.97198310718619	1.6652189669272944E-4
98.0	27.830850426991066	23.230466105893118	24.563559099776118	24.3751243673397	0.0
99.0	22.00231767652928	22.423291483621004	26.661001512650234	28.913368514730646	2.081246883332792E-5
100.0	22.69008245543203	25.22609687368627	24.58903396864113	27.494786702240575	0.0
101.0	23.170134539581365	22.472911134035336	28.454073636431175	25.90273501452488	1.4567542724001464E-4
102.0	25.0725151087019	24.579520601034528	24.6852752701833	25.662668206329215	2.0813751062541992E-5
103.0	25.78505784899675	26.17187638207082	25.101246930957284	22.941610714369705	2.0812360544176627E-4
104.0	25.20028704306104	27.360997857583186	23.277564729334127	24.160754936570395	3.9543345125575097E-4
105.0	27.806174802174798	23.383024310156284	21.22412890930866	27.583383390633852	0.0032885877264078175
106.0	25.983692950928994	22.71728786974342	24.729318970275664	26.569616954602182	8.32544497422026E-5
107.0	25.18778471584664	25.163682668025928	22.7841778173327	26.86379283394917	5.61964845560613E-4
108.0	23.622935128523554	25.015406343479977	24.107987801464315	27.253608289476507	6.243705564327961E-5
109.0	25.55835009536931	24.435396008953163	25.73820422663452	24.26740450842403	6.451606189795848E-4
110.0	24.400934164774945	24.69790732772435	23.070839857586073	27.83027702788759	4.162202704266341E-5
111.0	24.51137765351804	23.983592886476952	24.712418696484008	26.7920488475624	5.619159586005295E-4
112.0	25.33062264524754	25.1280286091498	23.39731156569499	26.14391231455414	1.2486535352711326E-4
113.0	28.562533738381195	21.72408382476394	22.88229097603134	26.830383917285662	7.07543537859198E-4
114.0	26.72119288980936	22.23037530445727	27.266468994887283	23.781609032745703	3.5377810038640894E-4
115.0	26.721970232726182	24.352001738234968	25.84912736525453	23.07646360757847	4.370562058443156E-4
116.0	26.774488950678695	24.70939598153521	24.799617883708443	23.716434746775114	6.243730254203072E-5
117.0	25.654393163496046	27.04600300324988	23.92836739132471	23.37067450328266	5.619386467060509E-4
118.0	26.491650851086014	24.685084542508097	25.23817026132494	23.584615663179434	4.786819015159856E-4
119.0	27.292889248164933	21.106082264038477	24.987179284387615	26.613412133558555	4.3706985042220943E-4
120.0	25.175211300436857	23.80311648632505	25.166823802179916	25.854806785756658	4.1625301523277906E-5
121.0	27.408731117617275	23.670415305753124	24.628731546366176	24.291560077815845	5.619524475838854E-4
122.0	26.614438031204806	23.941295130294773	24.6052361007392	24.838572847436772	4.5789032444443336E-4
123.0	23.927635284230192	28.15338519129962	23.43199167808266	24.486405079066955	5.827673205732266E-4
124.0	25.18284423627513	24.424285211200182	23.085619805537817	27.307146680830762	1.0406615610422933E-4
125.0	26.556929336118912	23.628678810492794	24.76480546526289	25.048837128955416	7.492591699956668E-4
126.0	23.995878177714978	24.688724784693893	24.608365484338055	26.706927487855047	1.0406539802621241E-4
127.0	26.155768629195187	23.066503798465796	27.49949372521049	23.27744295537102	7.908917575134197E-4
128.0	26.153926845847952	23.05441417110374	25.2486682537588	25.533770387258524	0.009220342030981182
129.0	24.14085636818916	27.320387650352085	22.289999311082475	26.24548899511493	0.0032676752613463784
130.0	26.450543876552167	24.117310241605196	24.101907985674238	25.33021708230903	2.0813859366163865E-5
131.0	25.343978766303408	25.019320674068297	24.989098623169113	24.647102398427787	4.995380313913862E-4
132.0	26.221418064859087	25.984763794269387	22.037653630145382	25.7501284739213	0.006036036804838487
133.0	27.05590862600577	25.254250270266443	25.08130888467896	22.60684630591456	0.0016859131342623753
134.0	26.099698871162314	23.55885665950962	21.064345163414636	29.277036865595967	6.244031746322474E-5
135.0	26.092356170884102	24.06825873214754	26.456086382803363	23.38290326474714	3.9544941785683065E-4
136.0	27.85270422040377	26.543969442388526	24.172536779612052	21.424441426943215	0.006348130652437974
137.0	28.48415116590548	21.758816488290574	24.436174966682618	25.320711683864605	1.456952567244085E-4
138.0	25.2632959156171	23.9610886276436	27.509295459819576	23.265383426660826	9.365702588992386E-4
139.0	25.80989782736152	23.461161347685636	25.666018205881684	25.06194441247351	9.782065976496816E-4
140.0	26.331814526267067	21.48962837652207	25.8349414983158	26.343449093461164	1.665054339048355E-4
141.0	25.135855227624237	25.38711637249839	25.520947482632657	23.955706273390525	3.7464385418611433E-4
142.0	28.372635731634038	22.958460393060754	24.111983372251718	24.556712364806405	2.0813824708882235E-4
143.0	26.341400262628074	25.325084977395214	24.19237912354488	24.141031567611535	1.0406882029458552E-4
144.0	27.500503697388602	25.61896499761056	23.451942273781594	23.428089496618984	4.995346002640873E-4
145.0	27.871134816694536	22.693586463007343	22.980838356755154	26.4535245543027	9.158092402654682E-4
146.0	27.086102474420525	22.011398627685487	24.90765829426876	25.99005336316131	0.004787240463921066
147.0	26.182921833997145	24.85607375018316	26.99823333910565	21.959128691505374	0.0036423852086691264
148.0	24.921276419933193	24.106555792117714	23.61259901978762	27.359152489067988	4.162790934856693E-4
149.0	27.692472286151325	25.41475286962882	23.576383735880295	23.314101524716992	0.002289583622566719
150.0	25.360653502668985	24.123773355549705	25.114476407941694	25.40109673383962	0.0
151.0	26.570981989807485	24.576753294520756	25.75010204797431	23.1016839112652	4.787564322487835E-4
152.0	27.1759152000423	24.071457074111706	23.22898199210293	25.523500023625857	1.4571011721546302E-4
153.0	24.540594234176623	23.619513775095584	26.014210563126973	25.825015320464146	6.661071366718623E-4
154.0	22.99812404141264	24.520144281448744	24.58340480238737	27.89589137591945	0.0024354988317932097
155.0	27.040664972232104	24.138968337917078	23.933516932930495	24.886537489104455	3.1226781586774334E-4
156.0	25.897188428618595	23.45636707854638	26.565887499672115	24.080286357506374	2.7063565653920286E-4
157.0	24.6840156128441	23.034919884142354	26.730489826024083	25.550408131103257	1.6654588620211051E-4
158.0	24.30294469421044	21.75540790505029	26.330889570584077	27.6107161928515	4.163730369312475E-5
159.0	26.334307455899562	21.636763248243863	24.54499482334738	27.48343481571096	4.996567982367111E-4
160.0	25.891862272048183	21.96407067942925	25.624166182268183	26.519880046835365	2.081941902162055E-5
161.0	24.482105032609553	20.8002425052996	28.917549447305273	25.79639714739817	0.003705867387409295
162.0	25.063812794704766	23.492248358980593	25.542044407875558	25.9018527987688	4.1639670280434853E-5
163.0	25.24249528417774	23.96922327388413	26.9453547589205	23.842843401388304	8.328162932179605E-5
164.0	25.370184910272396	23.631120559165666	24.990370341066903	26.006658518760656	0.001665670734373406
165.0	26.724915870204626	22.250410081999743	26.80029017023348	24.223946623335465	4.372542266867498E-4
166.0	24.72400743351223	22.885556186004383	25.96315518237612	26.427177087291714	1.0411081555207363E-4
167.0	26.577536677311294	23.519893287223287	26.812772050114692	23.089485643083577	3.123422671550867E-4
168.0	25.973572453981063	24.922963386837285	23.751036490720416	25.352386021420735	4.164704049883159E-5
169.0	25.414989258758546	22.554482958535228	26.135764460693057	25.89449260441161	2.70717601558667E-4
170.0	31.376535122929578	22.830305101419686	23.359170608272382	22.433843394085397	1.4577329295829613E-4
171.0	25.51687601597827	23.74124899885923	27.01012198611335	23.73100331485362	7.496841955326319E-4
172.0	27.331567783596544	24.975518769914746	24.106104555830427	23.586725603462583	8.32871956972169E-5
173.0	28.90449825966574	19.750862671521876	23.076309654362976	28.26697604091602	0.0013533735333855388
174.0	23.741817113515097	26.081007166772956	24.486914981264285	25.689781857014747	4.7888143291318773E-4
175.0	25.726231189260375	24.00939040450573	23.318144197885598	26.94461014725862	0.0016240610896825272
176.0	24.587748914909543	24.131453932717626	28.368559081080125	22.910947102556015	0.0012909687366933918
177.0	21.864346814969032	26.09058524724083	25.243525914147526	26.776616264713642	0.024925758928971167
178.0	24.964375363325487	23.2906837098593	24.249467400230195	27.49522367524656	2.498513384536201E-4
179.0	28.283923914860974	24.35154237804478	23.219889733312204	24.143436233499507	0.0012077402825320983
180.0	26.696635700568116	22.587023482125737	25.522654743110333	25.193581633066565	1.0444112925091062E-4
181.0	27.993789897097315	22.419404542262235	26.35333443655199	23.232676137192144	7.949868963146709E-4
182.0	25.13952306350438	23.066265350046958	25.744760956550294	26.04936696416806	8.366573030770163E-5
183.0	23.496522278252883	24.917334558254453	26.497788197416455	25.087915701330093	4.3926474611752716E-4
184.0	25.977277039342106	22.227777253652427	26.77941892930186	25.011363990552354	0.004162787151254139
185.0	24.962557596457067	24.899637624469843	24.704790703239457	25.43240746706114	6.06608772483222E-4
186.0	26.794743327176	23.095010470251307	25.220293669106585	24.889952533466104	0.0
187.0	23.928276994853228	23.604047872660587	27.716472747871173	24.75053127647076	6.711081442538567E-4
188.0	26.82953174298057	28.320280343037663	22.442124611960093	22.40768577518738	3.7752683429277586E-4
189.0	24.62915076363899	24.29221912994742	25.38251168972169	25.69515353745703	9.648792348759375E-4
190.0	28.686896402998734	22.19363646680902	24.789933506651955	24.329281889882047	2.517336582375749E-4
191.0	26.3300304637683	24.308047774925523	24.870944208625303	24.490578096781856	3.994558990175487E-4
192.0	26.46972550601175	23.74000923930494	24.46256325738277	25.327680970206924	2.1027093620400824E-5
193.0	27.243334208905303	25.100972936413918	21.74315092764712	25.912205438206243	3.364888274142495E-4
194.0	27.78402441784259	23.713486601062222	24.08828500495104	24.414203976144144	0.0
195.0	26.173757559821194	21.91854851433079	24.763544570076256	27.143560347094397	5.89008677359979E-4
196.0	28.15547066652886	22.41345924658762	26.192670903618144	23.23833590320682	6.328005855514752E-5
197.0	24.965822179127226	24.542228174507734	24.184584705720525	26.306816407716934	5.485329275877463E-4
198.0	27.401483467974693	23.741595967713128	24.14259266813507	24.714179942513663	1.4795366344895632E-4
199.0	25.080077654398085	23.272372949635898	25.314731936144707	26.332372436799844	4.4502302146473186E-4
200.0	27.614430233644928	23.776836168369822	24.350251006750383	24.258461397605416	2.119362944931109E-5
201.0	24.691146074426758	21.42541639748983	28.85041567685893	25.032661535774665	3.6031544981780756E-4
202.0	24.957733928082394	25.51825750169785	28.222311059636283	21.301697510583477	0.0
203.0	25.83258293389184	25.310932522993816	22.500194534915256	26.35559031858564	6.996896134469319E-4
204.0	26.308664633118422	23.984142988764592	23.504255289823035	26.202831063880772	1.0602441318137915E-4
205.0	26.985445821518706	24.735465808570066	25.51471693775894	22.763523175330654	8.482568216283435E-4
206.0	24.690855551323153	21.600429103353843	25.902130840043196	27.806542086996505	4.24182832981403E-5
207.0	25.41241810821383	24.285088206819132	26.574133862577078	23.728020418535863	3.394038541004652E-4
208.0	27.656590041541495	22.616997364165854	22.121062506590647	27.605328870329814	2.1217372190262964E-5
209.0	27.10532671054413	20.811682151956596	25.4143593648336	26.66797390780639	6.578648592784623E-4
210.0	24.7506059744196	24.835399943116936	24.66646998144933	25.747311850779596	2.1225023453650915E-4
211.0	25.10752070637447	25.48269934138326	25.63027823855637	23.778843542802232	6.581708836665978E-4
212.0	28.130054775042527	22.602994476614455	24.853301998109096	24.41345757817716	1.911720567628071E-4
213.0	29.512267075200764	23.329079659048592	22.696660879855948	24.461822352279043	1.7003361564581318E-4
214.0	27.265709489211332	25.810479544543725	24.50844961246906	22.415318810034538	4.254374134766661E-5
215.0	25.709625533260944	25.509856508202848	22.63995661865986	26.1403695002236	1.918396527446499E-4
216.0	25.3439033597584	25.148099013104673	26.1597799708785	23.348152941810927	6.471444750040447E-5
217.0	28.299362268199218	23.41189235137718	25.416864172859306	22.87131508967634	5.661178879535121E-4
218.0	24.502271526537626	24.486635442949325	25.677796695236655	25.333076108746976	2.2022652941268447E-4
219.0	26.42377097834859	23.340595675053187	24.722248776703	25.512806546778744	5.780231164783274E-4
220.0	28.10080478484709	22.0504430798988	24.86572574271968	24.98273576771118	2.90624823249807E-4
221.0	24.967105900743885	23.137882958760557	24.68053620424407	27.21433970871086	1.352275406212263E-4
222.0	25.511907137721472	25.25306027974233	24.454216319608662	24.780702353907124	1.1390902040976264E-4
223.0	29.61065356261728	23.09371801249918	24.538687742920406	22.756248436679403	6.922452837328819E-4
224.0	29.42121538888212	23.337418552202756	24.93049186066055	22.310781597902416	9.260035215913927E-5
225.0	30.661151785406293	20.023624550513556	23.888858330078044	25.425502954001118	8.623800009882408E-4
226.0	24.9080632960553	22.619425695842757	26.098179386641913	26.374166458640165	1.6516281986729404E-4
227.0	26.88100878635463	23.633418028948622	25.968315279626797	23.515945226456154	0.0013126786137922903
228.0	27.020393469769786	27.890538845990005	23.453630205614655	21.63529348236946	1.4399625609734146E-4
229.0	27.985543972759903	24.7782280941145	21.767517483297404	25.468710449828198	0.0
230.0	25.67145622738788	23.274978338147214	27.851597150012648	23.201919317280097	4.89671721629461E-5
231.0	25.79787590999585	24.36773152854448	24.65492857977268	25.178121823247672	0.001342158439318283
232.0	24.696605310100956	25.188548041305786	25.0366694121842	25.07792718927518	2.5004713388473727E-4
233.0	22.762338662675464	25.346750026658952	22.34706689459544	29.54341382015326	4.305959168868827E-4
234.0	26.676745308901634	21.529354174194765	26.81122157467718	24.981649458852065	0.0010294833743582457
235.0	25.05188564346804	22.488794839549612	27.487316118270577	24.971846920269538	1.5647844222581195E-4
236.0	28.3220639449891	24.130739708587313	23.856314373373895	23.69069692562204	1.8504742765570816E-4
237.0	27.664970822686453	25.055493791907494	22.26047650669318	25.018978743273294	8.013543957761144E-5
238.0	26.98859494070898	23.065473528673632	24.256036832688036	25.689867595939685	2.71019896654693E-5
239.0	27.593735785659245	22.872542804537126	24.401017495399753	25.13165699506047	0.0010469193434052486
240.0	25.311712030715395	21.93363175974262	26.67000899705404	26.08447697494699	1.7023754095276845E-4
241.0	28.8419527782709	20.800738505236996	23.967846618143085	26.387417006923485	0.0020450914255281376
242.0	26.58226154980567	24.43939647912957	21.500993071126885	27.476552052494036	7.968474438414648E-4
243.0	28.141196549603727	22.65383549125707	25.338861907711824	23.86371025980649	0.0023957916208899336
244.0	26.02016088009666	23.135887326777265	26.652610329293232	24.190541292824864	8.001710079754187E-4
245.0	28.874776605072693	21.50857667623845	23.318923650820597	26.296205857405692	0.0015172104625688434
246.0	24.328387821126668	27.068622852417917	23.838290122699316	24.76231953200171	0.002379671754385764
247.0	25.58465897585768	23.062230640975745	24.79023565010218	26.424147206277492	0.13872752678690678
248.0	26.02736378130252	23.38747913644656	23.55441631648483	27.020274845419216	0.010465920346870503
249.0	25.59434489424631	21.593793885124395	28.616739438103263	24.17901225851204	0.016109524013997706
250.0	26.242911083548115	22.074987580775474	25.37360866438998	26.307540121816647	9.525494697907595E-4
