# Position (bp)	A	C	G	T	N
0.0	24.249868073064377	23.391736810943524	25.598895384695417	26.759455645436823	4.408585985722353E-5
1.0	23.112830093890537	29.97128690701436	23.761745115540837	23.078340948952984	0.07579693460127865
2.0	25.052204608739505	26.08002806463637	22.99383893529786	25.87305137143985	8.770198864259247E-4
3.0	25.93997807922494	21.797415941888044	24.909254825067485	27.346561145557622	0.006790008261906827
4.0	26.025406267451164	24.00194665261529	23.934636586915765	26.03783543432936	1.7505868842529457E-4
5.0	28.20138463300406	24.450732225895035	22.74935939523063	24.59795548507179	5.682607984851042E-4
6.0	25.413354499783345	24.193985452574687	24.212399914996745	26.174761975618726	0.005498157026491954
7.0	25.411538665786814	25.23302895417946	24.43062758286272	24.924325985459795	4.788117112121162E-4
8.0	26.920614986423892	24.81066502930039	23.95730961703371	24.311236426065435	1.7394117657290657E-4
9.0	26.174836367930244	25.882367241721372	22.41415312671072	25.528513026532334	1.3023710533273194E-4
10.0	24.877749232842827	25.06067003308013	23.043207124630733	27.01837360944631	0.0
11.0	27.13185564881448	22.792126436612413	23.6278818990726	26.44805190162546	8.41138750463152E-5
12.0	28.157924850285994	24.4598106414277	20.417034974452015	26.9651880732956	4.146053868848707E-5
13.0	25.371889689893617	23.504812786476602	24.865851845389567	26.257281845672175	1.6383256803044992E-4
14.0	27.08085240687801	22.03434957745852	23.3218618935766	27.562855194822273	8.092726459776115E-5
15.0	25.535837539148996	23.3015619701171	24.119770990843623	27.04282949989028	0.0
16.0	26.073888811453767	24.6054571475126	21.835657368562604	27.484878883834885	1.177886361450135E-4
17.0	28.47733435158079	26.68934581457868	19.672579444515158	25.159660429900992	0.0010799594243816268
18.0	25.885911692287344	25.784111981974988	20.333794483854824	27.996105386974605	7.645490823308502E-5
19.0	25.185053810135116	24.675706256834022	22.116599219251608	28.02229818011866	3.4253366059252996E-4
20.0	22.688859022252323	25.649700132585696	24.576277592413135	27.08512545751135	3.779523749771339E-5
21.0	23.972857942079983	25.208388913090708	23.942164783239882	26.876288183996856	3.0017759256820316E-4
22.0	23.162002838663113	26.73548161472682	26.08623508818272	24.01624325445471	3.720397264019852E-5
23.0	25.733692169678328	24.04962816287496	23.41007127094292	26.806238003909865	3.7039259392600597E-4
24.0	27.87281933160262	21.68172808938505	24.74629640307004	25.699119451215058	3.6724727236269634E-5
25.0	24.73131029786838	24.829372763950257	20.752942237715637	29.686120087237768	2.546132279574054E-4
26.0	25.939557392769153	25.283144992011426	20.41212151026578	28.365067589099656	1.0851585398540751E-4
27.0	25.20912935733512	24.78753352004384	20.239847120099256	29.763417848519165	7.215400261702567E-5
28.0	27.024796161939424	24.221688126874778	23.062244242944836	25.688879463676873	0.0023920045640875146
29.0	27.015800693833814	24.086657129043477	22.51157096528852	26.385688475968866	2.827358653272526E-4
30.0	23.535569592115305	24.745447375250336	24.930091307091516	26.788610791451035	2.809340918085589E-4
31.0	26.216595399324305	24.806347861525353	23.048886111361604	25.927786154632308	3.844731564337389E-4
32.0	24.697568832688845	22.427471642852833	24.736536292086765	28.13814588390609	2.773484654656091E-4
33.0	23.759266714638304	25.36165241556	25.338445877023226	25.540497472550104	1.3752022836609123E-4
34.0	26.083010473124553	26.764079178800582	22.63314038490737	24.51956524335215	2.0471981534272654E-4
35.0	25.16357398948938	22.399722473123873	26.122859013239275	26.313608072329934	2.3645181753756373E-4
36.0	23.61864285789021	24.725760413442693	26.32575150303983	25.32974397104929	1.0125457797260659E-4
37.0	25.387306633483337	25.761395157532537	21.482000595869337	27.369297613114796	0.0
38.0	26.82969613208416	25.06691881326927	21.491910877465454	26.611271776233608	2.0240094750630225E-4
39.0	23.35502962371624	27.57317565496119	21.989070573820168	27.082622967848817	1.0117965358110207E-4
40.0	25.936337513493317	27.137946628348626	23.13630365584987	23.789344756803313	6.744550487512972E-5
41.0	24.323865927725276	24.900090501887593	21.39004020657629	29.38135013710159	0.004653226709251558
42.0	24.55776044569372	26.016602252946157	20.97294556307302	28.452658022652187	3.3715634917664734E-5
43.0	26.271123588839085	25.698298785848745	22.241460217802878	25.78551028333792	0.0036071241713727838
44.0	28.331258119121117	24.763226709793372	22.794514693123343	24.110730823706113	2.6965425605424365E-4
45.0	25.582009030669088	24.479799624025436	22.13919282075962	27.795392457996066	0.0036060665497896684
46.0	25.1577093591743	24.897522615117722	22.475740391523594	27.468993935603358	3.36985810201504E-5
47.0	25.172126449465935	25.00371495934099	23.076720902265063	26.745719204334893	0.0017184845931117073
48.0	22.616016670585484	23.974072469616807	22.610862694714175	30.79904816508353	0.0
49.0	22.196233428916255	25.984362037064795	25.02255961244961	26.795261790871127	0.0015831306982179
50.0	27.379813254466807	24.863029362422605	20.661170664050356	27.09591935783194	6.736122829158116E-5
51.0	24.92825299667078	26.86429393607327	21.50557912510751	26.699348232103997	0.0025257100444457613
52.0	22.908258317920126	26.173908015606163	22.073020604950646	28.844813061523062	0.0
53.0	23.240808968546638	25.204449360576465	23.88300202594621	27.67032970721972	0.0014099377109661262
54.0	23.048111127261205	28.477820905612926	22.857308780566896	25.616692049913407	6.713664556450003E-5
55.0	23.929489597578275	28.05806273949088	22.925495598292517	25.085511518007834	0.001440546630494429
56.0	26.818268149519298	24.689255146923603	24.971368295667443	23.521108407889653	0.0
57.0	22.58601395837541	27.538634729271354	23.609496411263297	26.26119920645527	0.004655694634663623
58.0	25.30668934259349	26.097287897974404	21.87334950076009	26.72257278439996	1.0047427205552611E-4
59.0	27.476490167245405	22.403001114165644	24.47798811221761	25.639808029962918	0.0027125764084215786
60.0	23.581329188753312	23.672334694235214	23.586613595172327	29.1596890762289	3.344561024693228E-5
61.0	25.385675299657535	24.21517150042808	23.09439881207192	27.299068921232877	0.005685466609589041
62.0	25.36683683945458	22.01847042464721	25.370883264321165	27.24354193935446	2.6753222258413386E-4
63.0	25.73678587372156	24.191435751415753	22.564994290166545	27.50424266541379	0.00254141928235001
64.0	25.118496070607865	22.24701335148654	24.057314805757255	28.57714238592009	3.338622824762031E-5
65.0	24.49207347525231	26.140272514348133	23.425377698370095	25.937802953218014	0.004473358811448593
66.0	23.759786328966197	24.331418434768214	23.72426795939289	28.18399316605205	5.341108206512613E-4
67.0	26.408042264884557	25.216263047967917	21.88376756182795	26.491526560924346	4.0056439523288316E-4
68.0	23.323599103725453	22.38873922422785	27.187205957895927	27.100288822569883	1.668915808871756E-4
69.0	23.109970682317005	25.462995103039106	24.93938876102083	26.484908602523777	0.0027368510992796073
70.0	25.714383790137486	23.57817271452676	24.712481832757724	25.99459506837482	3.6659420321249835E-4
71.0	24.50783493924705	23.294638006055678	25.96406362118303	26.232864915046957	5.985184672873082E-4
72.0	27.065040793658657	26.32184187000884	22.535500174039203	24.076320595170852	0.0012965671224487963
73.0	25.423204327336958	23.119370709374547	23.004566252541885	28.448969851033407	0.0038888597132082296
74.0	24.71358488634785	25.57211572652765	23.896395393430716	25.817006713648695	8.972800450899839E-4
75.0	25.00610615843047	25.013516625532482	22.420418063329254	27.557666227909415	0.002292924798380464
76.0	26.310948448627236	24.757199769918394	25.23543987822024	23.695514704587374	8.971986467586041E-4
77.0	23.680236265395845	25.600258116223408	23.99274696070473	26.726260235514438	4.984221615771672E-4
78.0	27.67366939519232	26.101976154307227	20.26571560336567	25.95820690810065	4.3193903413115797E-4
79.0	27.267130417332407	20.919713456710014	23.05566436651918	28.754867006422668	0.002624753015724929
80.0	24.097780081195474	23.66931116736766	28.235858897947523	23.99465784280503	0.00239201068431439
81.0	24.83969956104871	25.40542282407166	22.262932917492904	27.491579264543148	3.6543284357580687E-4
82.0	23.235070761940765	22.273750146998538	24.172705510601503	30.317377320168465	0.001096260290728229
83.0	24.743607033973355	22.69103493269041	24.524733774512377	28.040059553191615	5.647056322411041E-4
84.0	23.043531261282897	26.369068912567123	25.20772154501317	25.378681815600068	9.96465536741179E-4
85.0	25.18276927164635	26.956524627187882	21.965724534192436	25.894583015045335	3.985519279949517E-4
86.0	25.147641014894777	25.114066237622414	23.22796742416368	26.508465592827285	0.0018597304918422587
87.0	22.240547368085515	22.61037810527658	26.249913668529658	28.89862958752152	5.312705867352359E-4
88.0	24.781937582237198	26.67504906425151	25.77766548124469	22.76458422632872	7.636459378850394E-4
89.0	26.35592078048236	26.165952764960892	23.116604240383577	24.36079182334103	7.30390832134275E-4
90.0	23.411353140046582	25.95823407402686	25.227300492113695	25.40301270253546	9.959127739756042E-5
91.0	26.133865410959928	25.60345854883152	24.169577503499475	24.09270020875704	3.98327952033348E-4
92.0	25.289013983530435	24.437223474275015	23.07956306860991	27.194199473584636	0.0
93.0	26.16995451979267	26.43029659547309	21.34466482949154	26.054818535532675	2.655197100259247E-4
94.0	27.503131341090164	23.835097969324472	23.92464071719161	24.733280098875372	0.0038498735183794958
95.0	23.867983762630686	26.633228199287423	24.070320340252003	25.426310591458655	0.0021571063712293777
96.0	25.909051692671177	24.548941790163195	24.347354309492363	25.193922178936678	7.30028736585722E-4
97.0	25.068523830300453	25.547336271925385	22.91414986819469	26.46982413239922	1.6589718024562737E-4
98.0	27.47809902343458	23.327986304528498	24.294300023058025	24.899581471964595	3.3177014300952015E-5
99.0	21.687544238937694	22.51331563001886	26.985204708117543	28.813869085249884	6.63376760187311E-5
100.0	22.441100266523033	25.243008247753657	24.713146125996808	27.602745359726498	0.0
101.0	23.531040584493105	22.503926333494277	28.198635333817933	25.766298263393306	9.948480137527789E-5
102.0	25.02357686588842	24.148944777740784	24.617862443743807	26.20954959232913	6.632029785772174E-5
103.0	25.66619604338309	25.899375018025456	25.432155161811426	23.002141175713984	1.326010660462705E-4
104.0	25.596676471777656	27.031477787346436	22.952644429815226	24.41877039002332	4.3092103736615755E-4
105.0	26.534813955415597	23.761100522085023	21.140598326013095	28.56096792906273	0.002519267423551836
106.0	24.944553994018364	24.16219435917477	25.547358396817394	25.345793810134182	9.943985529512259E-5
107.0	26.334603792684103	23.988214857115583	22.791039764747918	26.88557811535161	5.634701007849138E-4
108.0	23.422643482340405	24.921129689230103	25.040172338503886	26.615955094448896	9.939547671064586E-5
109.0	25.76114134431534	24.574096084612336	25.438061241120515	24.22617131030133	5.300196504785415E-4
110.0	24.11264099252644	24.385641410208468	23.416360747428904	28.085257480598987	9.936923720529981E-5
111.0	24.40113002022814	24.328425295149717	25.125328703196125	26.144652261083827	4.637203421858651E-4
112.0	25.805223994790712	23.809411828610152	23.597933507373753	26.78723194253354	1.9872669184313045E-4
113.0	27.441234732191738	22.01475619033677	23.16421155198333	27.379267608880475	5.299166076858443E-4
114.0	25.650046913931067	22.619304296044294	27.47738841257366	24.25273046365139	5.299137995846138E-4
115.0	26.74003241244153	23.80198005372927	26.358177682844957	23.09927991120859	5.299397756566202E-4
116.0	26.51129192200151	24.804867983246105	25.062449531968	23.621258079025235	1.3248375914717554E-4
117.0	26.134682008174188	26.420248670203954	24.246669713770924	23.19790279737419	4.968104767393335E-4
118.0	26.418240760122202	25.198489453198487	24.732388656458575	23.650384326983968	4.968032367724482E-4
119.0	26.758667561371286	21.381894684964394	24.918473022734815	26.94056728070518	3.974502243275308E-4
120.0	24.572218726194812	23.927532871857714	25.682608551651043	25.8175736097771	6.624051932567151E-5
121.0	27.27429296291512	23.749722616906624	24.29210178551911	24.683253347641333	6.292870178088225E-4
122.0	25.940188420221144	23.909164827121383	25.035844222944608	25.11420636800069	5.961617121764374E-4
123.0	24.30848157065878	27.745688670153047	23.917770925722916	24.02756204108804	4.96792377217764E-4
124.0	25.252770799835066	24.34071274923951	23.367815501906815	27.03863471146092	6.62375576887729E-5
125.0	26.401764001246562	23.874523555066585	24.53579219599013	25.18725788615926	6.623615374603535E-4
126.0	24.349478513110775	23.88642769641326	25.379900706697278	26.384060613226058	1.3247055262409263E-4
127.0	24.9022473424557	23.132549192594677	28.027186283266285	23.937321727864948	6.954538183891899E-4
128.0	25.96356723800188	23.716929924640713	24.674295876683	25.636993775531664	0.008213185142745489
129.0	24.054401159371142	26.590459297488913	22.73812015493607	26.614568706516962	0.002450681686916804
130.0	25.658949925799934	24.91863824246019	24.174120619074635	25.248258095027087	3.311763815602316E-5
131.0	26.238991261231455	24.54323234751864	24.374895058275566	24.842384567414896	4.967655594424701E-4
132.0	26.104945021827668	25.572649278272806	22.647787990443646	25.66931892771203	0.005298781743842319
133.0	26.332262447679653	25.62078195957834	24.447653826525798	23.597778395221383	0.0015233709948175582
134.0	26.759751800940034	22.773194316073297	21.340224587231795	29.126729947249252	9.934850561633661E-5
135.0	25.306941827838376	24.241706733993244	26.599980329230398	23.85090748810564	4.6362083233848035E-4
136.0	27.563811312706893	26.49969334539641	24.943768950658413	20.987229127286167	0.005497263952122143
137.0	28.836550666918793	21.571893008190067	24.44793787854352	25.14348597991875	1.324664288673491E-4
138.0	24.754544759134472	24.10804434867642	27.35574609816488	23.78047266091065	0.0011921331135834627
139.0	25.671104046625604	24.2878005165905	25.25240082124644	24.787734287038877	9.603284985760646E-4
140.0	26.462429303788642	22.10473785071596	25.551404784509636	25.88109691180206	3.311491837007047E-4
141.0	25.32679495063594	25.126742428984006	25.681233311708716	23.864898150714623	3.311579567156681E-4
142.0	28.607614890142663	23.112943087847786	23.472748352562135	24.806528089482065	1.6557996535404806E-4
143.0	26.141226003928185	25.992801302640352	24.09351484727191	23.77229226751019	1.6557864936171088E-4
144.0	27.914362353876214	25.689240653045005	22.99645660164917	23.399344305725734	5.960857038778686E-4
145.0	27.940019862683226	23.136052094671946	22.74757404048636	26.17559234541597	7.61656742500082E-4
146.0	27.36540087406352	21.789528656759025	25.054533761589354	25.786430324447316	0.004106383140780392
147.0	25.819175400298832	25.155907255714393	26.051976591393178	22.96979479055178	0.0031459620418154656
148.0	24.041947310537857	25.051586369872698	24.066088837507653	26.839781394996116	5.96087085673941E-4
149.0	27.743478285346978	25.01799053729199	23.818279180684605	23.418430589311384	0.0018214073650428212
150.0	25.597142920538474	24.28110201825614	25.075581528202367	25.046173533003024	0.0
151.0	26.076351642921793	24.173438970117527	26.54367618260994	23.206135791376735	3.9741297401018504E-4
152.0	27.412567217454864	23.767780728606244	23.7766232785592	25.04292942088584	9.935449385343423E-5
153.0	25.231125075302973	22.99487095247542	25.266992308912595	26.506548005626158	4.6365768285748255E-4
154.0	23.28710457855107	25.211390985972404	24.977139535769467	26.521682251966862	0.0026826477402004697
155.0	27.141389227317088	23.626947673590475	24.208657710962225	25.02280663747682	1.98750653392773E-4
156.0	25.212871006712167	23.781132332973485	26.17747769264226	24.828187715376103	3.312522959924766E-4
157.0	24.56631362690633	23.426037049465208	26.61472378859485	25.392693657043843	2.3187798977683066E-4
158.0	25.320014018936167	21.206854173250463	26.310184200605942	27.16294760720743	0.0
159.0	26.863981183953356	21.55099877430682	24.702554079570678	26.882167820585018	2.98141584125617E-4
160.0	26.535227784697746	21.702455410383482	25.889937190257868	25.87228023215753	9.938250337900511E-5
161.0	24.399328169825946	21.455002617089928	28.502593900524083	25.639729412778024	0.0033458997820195987
162.0	25.475357851802578	24.078006524948254	24.692668841649418	25.753834268434566	1.3251316518296093E-4
163.0	25.016291026137534	24.087396096050632	27.119133698389252	23.777046664720906	1.325147016779343E-4
164.0	25.538356848760486	24.061238174370637	24.68248541301412	25.716229951590954	0.0016896122638021445
165.0	25.734736744457255	22.329907631959077	27.441093839038416	24.4938310870804	4.306974648484608E-4
166.0	24.84007193615335	23.710337707638114	25.80133005017507	25.64809464613721	1.6565989625714656E-4
167.0	26.623858773712904	23.616339229358527	26.451268747090506	23.30820191939724	3.31330440818585E-4
168.0	25.544182175244305	24.167768643509856	24.28999944003783	25.997784670356232	2.650708517819885E-4
169.0	26.413762071003877	22.412570543967213	25.760244614271286	25.413223962019575	1.9880873804165443E-4
170.0	30.59103075833175	23.044460511465868	23.264480034885025	23.099730476083813	2.982192335500614E-4
171.0	25.0138919861216	23.37611214585376	27.312058906660102	24.297473066777293	4.6389458724482066E-4
172.0	27.163669794677688	24.178205521091297	24.43797675940267	24.220015405385258	1.3251944308704042E-4
173.0	28.242602695614956	20.48952934737813	24.354818832465583	26.911757105771944	0.0012920187693885637
174.0	24.412008590911032	26.525481366979193	23.32350186630022	25.738577503885157	4.3067192439786266E-4
175.0	25.4221554634641	24.261511606604213	23.64905447976261	26.66605267455956	0.0012257756095169219
176.0	24.156993473016932	24.62644857710709	28.011262946872723	23.2038372736751	0.0014577293281557437
177.0	22.411552614506636	25.922311954254994	24.799428253728642	26.844077210927853	0.0226299665818678
178.0	24.545509360151655	23.584216186274073	24.717717862971327	27.15222529298305	3.3129761989163914E-4
179.0	27.920010814364023	24.06623400375322	23.38626098665168	24.626433963464414	0.0010602317666641929
180.0	26.289655593770522	22.67226454351116	25.584818526121172	25.4531285176274	1.3281896973653366E-4
181.0	27.30752055032748	22.56517565330273	26.058889269804574	24.067849249161977	5.652774032353154E-4
182.0	25.715174759918497	23.616400175396546	25.476148762599976	25.192176569401813	9.973268316489037E-5
183.0	23.782146841866595	24.72918126703006	26.00747494278431	25.480864492226512	3.3245609252386033E-4
184.0	26.274962223156834	22.14442806108794	26.551676560403887	25.025442225949572	0.003490929401771065
185.0	24.754920048587163	24.71436426144255	24.932368238569087	25.597981784467933	3.6566693327110347E-4
186.0	26.878949679803537	23.2210337975736	25.32273137240496	24.577285150217904	0.0
187.0	24.237650204712978	22.154189914368537	28.443698519972628	25.164028458350607	4.329025952510585E-4
188.0	27.182878462567782	27.62321241300807	22.468287929514595	22.725454679272566	1.6651563698392223E-4
189.0	25.29029791318556	23.898599809027022	24.988284836832005	25.822051417493114	7.660234622994893E-4
190.0	28.859906059126395	21.35246346651283	25.37352855164383	24.414001999790827	9.992292611632227E-5
191.0	26.19027131876019	24.022175886275043	25.30963262975622	24.4776533555319	2.6680967665335283E-4
192.0	26.5890061594273	23.969164838229144	24.07716995896606	25.36459233237025	6.671100724948516E-5
193.0	27.320566900345433	24.282376017653505	22.657933318989027	25.738856892189194	2.66870822846144E-4
194.0	27.639730521792945	23.262827986636175	24.390746736187907	24.706694755382976	0.0
195.0	26.10735108894209	21.885742407433668	25.43201514759732	26.574524343757037	3.670122698874774E-4
196.0	28.401323758074152	22.58850266834404	26.28303001389752	22.72700983323978	1.3372644450469564E-4
197.0	24.26807636301018	24.61591960450929	24.377448202185764	26.738121151630967	4.346786637977875E-4
198.0	27.09335870900171	23.292332253394175	24.143671641351265	25.470570430203292	6.696604955219802E-5
199.0	25.69092007407201	23.602554887380958	25.530023750403753	25.176132336806955	3.689513363249697E-4
200.0	27.17358124232245	24.11161808383097	23.978177138996625	24.73658999011772	3.3544732235883875E-5
201.0	25.601915125019204	21.545156466062956	28.077776458266655	24.77488357550835	2.6837514282589635E-4
202.0	25.030782000363683	24.70437537198412	28.60209794010544	21.66274468754676	0.0
203.0	25.587508456739084	24.289399007742617	23.719911459284155	26.40274481588471	4.3626034943782823E-4
204.0	25.441748056691154	23.822662432964613	24.676036881671028	26.059485505186466	6.712348674294356E-5
205.0	27.507141397146263	24.2171817098339	25.230922795044336	23.044250650873195	5.034471023095133E-4
206.0	25.174829869407105	21.62664113840645	26.29188146276394	26.906513264379285	1.3426504322327403E-4
207.0	26.13390602433422	22.94310309982321	27.10933613009226	23.81345331464948	2.014311008276804E-4
208.0	27.888486079227143	22.48265506521118	22.5401049677881	27.08875388777358	0.0
209.0	27.07628254166334	20.642837425507036	25.56634130320458	26.71393425611811	6.04473506933647E-4
210.0	24.157051652376257	24.401468719183363	25.215901182552713	26.225309744975966	2.687009117021934E-4
211.0	25.30567172863641	25.605506340872143	25.573356007660987	23.514995594026956	4.703288035070403E-4
212.0	27.934647666175323	22.578610264755326	25.059502564609264	24.42710507336241	1.3443109767696343E-4
213.0	29.682084306771088	22.709882595672624	22.90631863660879	24.701613586568374	1.0087437911819652E-4
214.0	27.489750954244705	25.050639572756783	24.526444287721603	22.933165185276906	0.0
215.0	25.64973872922154	25.015185458095214	23.61037047124471	25.724536801393082	1.6854004545187944E-4
216.0	26.255491370411825	24.15991905590644	26.082647678032068	23.501907851195778	3.404445388610633E-5
217.0	29.25915943287335	22.909058238637336	25.389019996749163	22.442316542154206	4.457895859437743E-4
218.0	24.30464109610447	24.28745914966305	25.72891037073939	25.67874738424744	2.4199924565377996E-4
219.0	25.79767316649039	23.394416923819463	24.639274593884437	26.16832167941831	3.13636387396696E-4
220.0	27.43943454745387	22.027373883657493	25.310238048074385	25.222708536174782	2.449846394631057E-4
221.0	25.96701338541808	22.591606091603804	24.629916287841283	26.81135852461945	1.057105173860326E-4
222.0	25.337380114810692	24.485946974632146	24.881690022519297	25.294662505971566	3.203820662934572E-4
223.0	30.428077585375995	22.415810832778284	24.409895401010743	22.74574864306152	4.6753777345565084E-4
224.0	29.39882679443158	23.133689835715884	24.98821854694571	22.47922876643229	3.6056474534934576E-5
225.0	29.787294983006944	20.02972243351246	24.575137427280104	25.607301320505577	5.438356949096254E-4
226.0	25.343844949989187	22.124570720676147	26.255621405873754	26.275889620694837	7.330276607987803E-5
227.0	27.127423226749926	23.403559253489796	26.040099453861377	23.428104809524267	8.132563746361603E-4
228.0	26.959599838663788	27.528064849430685	23.412803053206037	22.09953225869949	0.0
229.0	26.76494441309856	25.767734134092812	22.675410110672768	24.791911342135855	0.0
230.0	25.78293606298453	22.571654851038687	27.436521141534342	24.208850267057304	3.7677385129188223E-5
231.0	24.3613368145259	25.318626666483766	25.059480534128337	25.259679590060617	8.763948013784547E-4
232.0	24.948229542245002	25.526703140843214	24.653038374468895	24.87183748364942	1.9145879347263366E-4
233.0	22.660445588051683	25.440969936106374	23.28786563959156	28.610369860262256	3.489759881255104E-4
234.0	27.466267337979065	21.4092843919867	26.090194829951223	25.03303501593777	0.001218424145236158
235.0	25.4330664188971	22.476616481661498	27.591557273113448	24.498640502369774	1.193239581825211E-4
236.0	28.065757582484558	23.69468655969422	24.28836952112642	23.950944165386858	2.4217130794705328E-4
237.0	27.108114390105655	24.30524688966729	23.110985152774326	25.475653567452728	0.0
238.0	26.873153831022744	23.21652018533181	24.7364327758943	25.173851883319642	4.132443149979586E-5
239.0	27.285422610186522	23.791690880683518	24.509920170209696	24.412337856867822	6.284820524380285E-4
240.0	25.288635403208993	22.233483562879073	26.336083968546326	26.141710734815426	8.633055018027977E-5
241.0	29.43792301641498	21.28899530630062	23.87532739201466	25.396328023027653	0.0014262622420842446
242.0	26.299447942425314	24.319062610394198	21.19291537656976	28.18779481744696	7.792531637678449E-4
243.0	27.250538972724275	23.6499453982589	25.100847399947025	23.996934152337772	0.001734076732028354
244.0	25.970808292492375	22.978117299547623	25.825288616919995	25.22461259568603	0.0011731953539725916
245.0	28.30641489195912	21.298144773649152	23.85192143779389	26.54199529337198	0.001523603225859813
246.0	24.028282112854562	26.69050258668288	23.997360545475637	25.281586882626268	0.002267872360654508
247.0	25.21107223778758	23.325553325548952	25.28700709555945	26.04150318668478	0.13486415441923824
248.0	26.049250286987718	22.551435682584366	24.35944735553347	27.03010712311609	0.009759551778361016
249.0	25.079398682625314	21.334099905964553	28.825531963487368	24.74515778937202	0.015811658550747298
250.0	27.00758572324825	22.597905632934058	24.691348791044607	25.70249991860812	6.599341649677028E-4
