# Position (bp)	A	C	G	T	N
0.0	24.83071622472383	22.499306670337436	25.422425014119632	27.247450874809964	1.0121600913373266E-4
1.0	23.60317418693734	30.45361664874765	23.026168484454836	22.838573552342012	0.07846712751815939
2.0	25.304078417785014	25.938624304517568	22.2958273068261	26.460764919886063	7.050509852583911E-4
3.0	26.84979682959554	21.445373482261214	23.205713934862672	28.492371925141498	0.0067438281390758545
4.0	26.39749178715195	22.604493780766745	22.96368643718303	28.034026236855926	3.017580423547588E-4
5.0	29.17288487841449	22.94542746625584	22.239842582515042	25.640940605651313	9.044671633196356E-4
6.0	26.111875079614876	23.772125413871997	23.863601029903098	26.2463803439764	0.006018132633625112
7.0	25.643871869222767	25.58511740383335	22.106592811536295	26.663717265905497	7.00649502088436E-4
8.0	28.088372440964516	23.32304316385308	23.79113782011321	24.797446575069195	0.0
9.0	26.880321606280948	23.627161090573104	22.382249592969536	27.11006879486162	1.989153147884585E-4
10.0	24.261275890374474	24.514589639676345	22.99619780931805	28.227936660631126	0.0
11.0	26.861546346463612	22.315434948478238	22.89539194302934	27.927530423657622	9.633837118789064E-5
12.0	29.525637994536563	23.63198038707423	19.575325465754766	27.266961202374134	9.495026030613863E-5
13.0	25.78416323474354	21.56973043803819	25.32178959191314	27.32422313740172	9.359790340696369E-5
14.0	27.567348535917517	21.618015368252976	22.572249055826983	28.24238704000252	0.0
15.0	26.03878853259653	22.737396754106904	24.383093175405186	26.840629804534565	9.173335681707269E-5
16.0	27.056113865171977	25.130860376611576	21.00009896625251	26.812836822643476	8.996932046172255E-5
17.0	30.368289008017957	26.007773127863477	18.156896435224958	25.465900644718566	0.0011407841750419238
18.0	26.942306587539367	24.778172563205807	19.738681447618784	28.540665316929914	1.740847061363118E-4
19.0	25.12641541116818	24.15767779953225	20.406156573341715	30.309230878424813	5.193375330428506E-4
20.0	23.941838573453396	25.740474765780668	23.368706254233462	26.94880870721575	1.716993167225691E-4
21.0	24.459378886219994	23.596957462394165	22.968177714178633	28.975230404933477	2.5553227372617166E-4
22.0	22.862936154182606	26.81357466292149	25.658165858049053	24.665154775057665	1.6854978918635119E-4
23.0	26.25049811868438	22.539880954877788	21.927541034492883	29.281912104598636	1.6778734631727748E-4
24.0	28.352393285395543	20.835373547719474	24.160032345165334	26.652117970374018	8.285134563013005E-5
25.0	25.403592873354704	24.559181445439958	19.039027453426858	30.997951971893993	2.4625588448957313E-4
26.0	27.00785423172431	24.309369279414213	19.303397844409854	29.37913391350882	2.4473094280148404E-4
27.0	27.678170822902104	23.36963943167409	19.453051337906818	29.49905712520727	8.128230971811296E-5
28.0	27.93579058998367	22.585113298699923	22.932035208405644	26.544415703506814	0.002645199403948401
29.0	29.097207187702967	22.92331324589389	21.240980279733257	26.738023468917604	4.7581775228452E-4
30.0	25.301870537167577	23.462310619048406	24.010442407145103	27.22506114656811	3.1529007080626767E-4
31.0	26.825622971344693	23.08485126792183	21.70479655555425	28.384101229654572	6.279755246539267E-4
32.0	24.841031672635413	21.995273621033164	23.704512869529594	29.458871503317464	3.103334843622957E-4
33.0	25.027602787247627	24.602016597784555	23.99164348186207	26.37858346414404	1.5366896171260984E-4
34.0	27.49251394610041	25.349070513307698	21.80774901579291	25.35051452370457	1.5200109440787973E-4
35.0	26.238634784600766	21.10232731069241	24.853214557991237	27.805673124950708	1.502217648804047E-4
36.0	26.46410895917932	23.996890653653033	24.179294634576774	25.3594056226346	3.0012995627106537E-4
37.0	26.17269617559862	24.53502770071676	20.989695948352992	28.302505176775345	7.499855627779165E-5
38.0	27.332838980032676	25.463118819490315	20.51121329745398	26.692753925272676	7.497775035258287E-5
39.0	24.68497048730062	26.393588615309422	20.928979116972837	27.992236893198065	2.2488721905964158E-4
40.0	28.501424441634622	25.015008915408178	21.484222463230967	24.999269228837804	7.495088843035601E-5
41.0	25.736752690154326	22.742155106066157	20.5479154348424	30.96815579701185	0.00502097192527295
42.0	25.927893567518762	24.60100932520578	19.676446455934748	29.79465065134071	0.0
43.0	27.360794047639565	24.42372283254079	21.887631290499733	26.3241806776047	0.0036711517152145266
44.0	29.824144789329576	23.73779407523382	22.200381300541984	24.23745509980111	2.2473509350852682E-4
45.0	26.228045800005845	22.79521746913548	20.791485938601266	30.181355979174736	0.0038948130826771447
46.0	25.972895750871583	23.524900484191686	21.21493542238516	29.287268342551577	0.0
47.0	26.472149852135367	23.474343296067	22.64833829210922	27.403221494402562	0.0019470652858479057
48.0	24.569118143564154	22.618087792622738	21.60319567123095	31.209598392582162	0.0
49.0	23.116918891930514	24.89031812795632	23.235115565506334	28.75615030664514	0.0014971079616949957
50.0	29.246417034169532	23.18823332165707	18.273499974551736	29.29155027828425	2.9939133741104337E-4
51.0	26.137282077685715	25.043779036352316	20.768625173619427	28.04784412567652	0.002469586666028066
52.0	24.47947008999668	24.214589681524387	20.46911655558498	30.836823672893953	0.0
53.0	24.22051698688189	23.497279956193605	23.16962478870557	29.110718282027477	0.0018599861914625144
54.0	24.307111117393287	27.0491321545822	21.25531267505883	27.388295264586652	1.4878837903244406E-4
55.0	25.16384919338067	27.753721144419025	21.71818830030601	25.36275587510027	0.001485486794022401
56.0	28.28365796292487	24.499576311781055	23.79352830170463	23.423237423589445	0.0
57.0	24.79511727104225	26.205384725060597	21.61041240910603	27.38373889073713	0.00534670405398983
58.0	26.630061515958136	23.53132042129336	21.280586276409725	28.557660537345793	3.712489929871065E-4
59.0	28.097900976455776	21.793851417167566	23.908169204818133	26.197182889453803	0.0028955121047254755
60.0	24.72924855833648	21.43537127924967	23.09674506059058	30.73848704908688	1.4805273638470023E-4
61.0	25.889158231712962	22.45561703151311	21.873244388519826	29.77591088247812	0.0060694657759849
62.0	26.81578179977293	20.934094969677144	23.735092063952585	28.514883141912744	1.480246845964033E-4
63.0	27.949818231337627	22.20804518757105	21.835626657824932	28.0039195718075	0.0025903514588859417
64.0	25.23214422753381	20.84929663103088	22.471944934739874	31.44654041641332	7.379028211500658E-5
65.0	24.783410043044995	25.53592272265123	22.446997991627107	27.228356867646603	0.0053123750300665675
66.0	25.915345398741323	23.6303204243797	21.936564383682924	28.517179557175425	5.902360206287489E-4
67.0	27.99942453898564	24.3794058733912	19.946732967645072	27.673772626499982	6.639934781085039E-4
68.0	24.18679589504645	22.354453930667866	25.57872069510665	27.879955707459725	7.377171931631321E-5
69.0	23.986701062336373	23.189045121817177	25.01414505933548	27.80686295410804	0.003245802402926533
70.0	26.026537617764728	21.772735231497897	24.087052096774904	28.11330721162264	3.6784233983040997E-4
71.0	25.213279047457572	22.112906694499554	24.61272870200533	28.059690975670442	0.001394580367097592
72.0	28.95211380484873	24.180594667471045	21.0494641270037	25.81613938055533	0.0016880201211998446
73.0	26.43177269821793	21.332365596211442	22.293889239110573	29.9377893762719	0.004183090188158332
74.0	25.65432809009871	24.991854837052713	22.80308077947008	26.54963559568292	0.0011006976955793045
75.0	26.23842291950086	23.732226218831222	20.85481449521654	29.17226167467211	0.0022746917792639096
76.0	28.265271981263318	22.999542148731223	24.706505596938268	24.02779978985801	8.804832091852009E-4
77.0	25.778618432395984	22.593783085184512	23.90086569001709	27.72599909461693	7.336977854799741E-4
78.0	27.877047959542274	24.617774135493462	20.219544637832783	27.28467949080083	9.537763306463743E-4
79.0	28.675302684932554	19.203023217766614	21.360609397594075	30.758570295608894	0.0024944040978657437
80.0	25.10312942697233	22.006202071318683	27.16072931193983	25.72766495022717	0.002274239541982829
81.0	26.25371566403648	23.30524638557222	20.88203188501909	29.55893270576636	7.335960585350967E-5
82.0	23.924952831434364	21.0133392410189	23.34315828391515	31.71722921722188	0.0013204264097019063
83.0	25.989510361269026	20.509444342563725	24.15074271043462	29.349275628094627	0.0010269576379974327
84.0	23.877229477365617	24.305447567856213	24.74400802743882	27.072361375579103	9.535517602565495E-4
85.0	25.014064259178443	25.986716884812434	20.578046553247983	28.420585527932317	5.867748288267804E-4
86.0	26.842023040369423	24.264485310242602	20.92666086268999	27.96521721272699	0.0016135739709982084
87.0	22.865365321317306	20.627541231760336	24.476132223258762	32.03052118353194	4.400401316600074E-4
88.0	26.111562538501705	25.390517286898568	25.05683584926693	23.44057096927491	5.133560578948295E-4
89.0	26.405843227268395	26.215249004495355	21.56567397314521	25.81235379098436	8.800041066858312E-4
90.0	24.615252620286032	24.460451701893472	23.86662041949509	27.057528597104763	1.4666122064667332E-4
91.0	27.48231149802125	23.885435556217136	23.53419532623178	25.09725101357371	8.066059561250357E-4
92.0	25.147054294601332	23.016801805567166	22.303198018451628	29.532945881379867	0.0
93.0	28.016195578771242	24.119372736611407	20.787870033559926	27.07648832808219	7.332297524103094E-5
94.0	28.572329382021938	21.86023253273268	22.77338213631841	26.789363354208046	0.004692594718924575
95.0	25.044174987205754	24.663720201129998	23.64340630576863	26.64613232406624	0.0025661818293797023
96.0	26.78398348316864	23.519621802100087	22.965126083073915	26.73016887814878	0.0010997535085802768
97.0	25.895163915436704	24.001390033401858	22.637456414828197	27.465843008337266	1.466279959765278E-4
98.0	28.853542829116808	21.41444843504978	24.212906248144293	25.519029175894786	7.331179432815972E-5
99.0	22.453892214691013	20.402580467348702	25.48273812185312	31.660715895705255	7.330040190610366E-5
100.0	22.66730875230154	24.089279222226132	23.711797370673985	29.531614654798343	0.0
101.0	23.768980830982375	21.696692239527334	27.583947367842406	26.950379561647893	0.0
102.0	25.60634413827629	22.92882048665856	24.39002758225383	27.074661195661015	1.4659715029799537E-4
103.0	25.746451619996265	25.04897918796794	24.222581366286633	24.98191453104214	7.329470702273235E-5
104.0	26.40105367621298	26.152806504999393	21.816799890938356	25.629120045500986	2.198823482848444E-4
105.0	27.94635030183269	21.854797805812662	20.718564103165505	29.476916175828173	0.00337161336097079
106.0	27.549643536940305	21.122900781822032	23.88731267091134	27.43999642327597	1.4658705035338474E-4
107.0	26.790579043612418	22.9385702925451	22.137635086356326	28.13233607323339	8.795042527695222E-4
108.0	24.656541360877448	23.415942226541258	23.355847041631307	28.571596084139124	7.328681086579572E-5
109.0	26.814375321080547	23.145061350659894	24.849307418728607	25.190449772925977	8.061366049776737E-4
110.0	25.47885574418034	23.081004430015646	21.63481867715116	29.80524786468849	7.328396436933653E-5
111.0	25.80753198175486	22.82745388881723	23.617030944033395	27.747103760421187	8.794249733241091E-4
112.0	26.09301030353662	23.298304240132495	22.067889020797608	28.54064987028976	1.465652435181521E-4
113.0	30.097739776820916	20.562725516691533	21.48443110437594	27.854224251892802	8.793502188116462E-4
114.0	27.099924444564955	21.164975402345515	27.280422055151803	24.454384963369172	2.9313456855354947E-4
115.0	27.44027203705332	23.122709817371675	25.733444727816373	23.70306041684988	5.130009087444669E-4
116.0	28.05265121173857	22.802260416979657	24.01916561563091	25.125776184714553	1.4657093630246964E-4
117.0	26.511033102973187	24.660432529882083	23.986061134603123	24.84159380885726	8.794236843455256E-4
118.0	27.108709655906775	23.799909566792692	23.45920942029676	25.63180493395957	3.664230441986804E-4
119.0	28.171410857076275	19.688298591949792	24.38749119647991	27.752213063874166	5.862906198630865E-4
120.0	25.295428579385188	22.87227298809931	24.45258229311938	27.379642854787278	7.328460883973609E-5
121.0	28.21740637570785	22.00248731608042	23.62151462452447	26.1576389698085	9.527138787693574E-4
122.0	27.667414419438742	21.891885355649148	24.470423214389097	25.96983729964757	4.397108754423675E-4
123.0	25.3484319280755	26.25833429824806	22.554307599179797	25.838413181858822	5.129926378228006E-4
124.0	25.721781699327245	23.701100737244786	22.473360986119864	28.10353672299823	2.1985430987732127E-4
125.0	28.438075039994022	22.85811228224969	22.913587267574833	25.78890632202313	0.0013190881583257548
126.0	24.545020174912757	24.714304767962854	23.597686004194742	27.14269591943519	2.9313349445904413E-4
127.0	28.264425381107948	20.933639362907396	26.865966961117536	23.93464920187546	0.0013190929916589353
128.0	26.675030705598534	22.372362909395765	24.04878599297069	26.893853897046107	0.009966494988904945
129.0	25.080335897486634	25.50757264307118	21.477550284592436	27.931390029041843	0.0031511458079134793
130.0	28.115072400255904	22.48083091559447	22.395748981178645	27.00834770297098	0.0
131.0	26.003565987253026	24.122225568846787	24.253037061790657	25.620658395862694	5.129862468387222E-4
132.0	27.996230253534506	24.75574329375002	20.73338570720854	26.50753216449696	0.007108581009975464
133.0	28.07612174260984	24.374024862390634	24.11709053014508	23.430930760374657	0.0018321044797885897
134.0	27.24445294539677	21.815349055698093	19.90629898582173	31.033899013083406	0.0
135.0	27.958680265986995	21.6003042698915	26.393581019186886	24.046994748559626	4.396963749965191E-4
136.0	28.642378282039182	25.816900541424708	24.188742352779087	21.344943527087356	0.0070352966696664385
137.0	30.03806433267963	20.06797935116216	23.472516584440672	26.421219876118702	2.1985559884268012E-4
138.0	26.230954572368226	22.857371071468354	26.650774714355226	24.259800444368885	0.0010991974393096454
139.0	27.50941654086852	22.774838416555525	23.45495449282584	26.259471501223786	0.0013190485263296743
140.0	27.769240633873775	20.026307593661265	24.951616744526888	27.2522487862966	5.862416414765962E-4
141.0	26.595692449292002	24.280920720460607	24.916259168256232	24.206541421208872	5.862407822796998E-4
142.0	30.108015418211664	22.174671337075523	22.704928844660053	25.01209127815802	2.931218947399276E-4
143.0	28.236937311258504	23.61546821082036	23.109617178563287	25.037830739591875	1.465597659733657E-4
144.0	29.347825290429054	23.873183650528095	22.76796673650301	24.010731200430303	2.9312210954119793E-4
145.0	28.601347459626776	20.83000523214147	22.519972271115797	28.047209451270007	0.001465585845958134
146.0	27.608726397638645	20.68243589339614	24.265209677856667	27.438645035580787	0.004982995527761514
147.0	27.667903092726092	22.914868328685134	26.20368348469904	23.210320908985658	0.0032241849040731715
148.0	25.41817832749187	23.285060333311595	23.069770032146987	28.226478362152285	5.129448972608009E-4
149.0	28.8038145681388	22.831790705837264	24.434310888475764	23.927812214444153	0.0022716231040190876
150.0	26.62052490226324	23.143111527991	24.479659396102253	25.756704173643502	0.0
151.0	28.0530522094828	22.6723522626845	24.61428766145544	24.659868182890744	4.3968348651417466E-4
152.0	27.803357352810774	21.72628055228432	23.96366079993434	26.506481448233053	2.1984673751105645E-4
153.0	24.40329537776514	22.18693251686602	25.117069159842824	28.291896835505188	8.061100208269517E-4
154.0	22.930818043312097	23.50778015786762	24.021498489257716	29.53689868023489	0.003004629327673882
155.0	28.74894275717203	23.127928947418567	22.104547206900037	26.018507796112278	7.329239708648063E-5
156.0	27.368708827211346	22.084519471229257	25.744298475782262	24.802326638189584	1.4658758754943667E-4
157.0	25.336146864571568	21.664679164354837	26.48716356911927	26.51186381297005	1.4658898427759849E-4
158.0	24.899932787669872	20.54403140582248	25.55175312771882	29.00420938289992	7.32958889068871E-5
159.0	28.04248859687507	20.760687199987686	22.96464389926403	28.231740524027003	4.397798462089878E-4
160.0	27.616185530361616	19.83647351581941	24.231018723819087	28.31624893260671	7.329739317821161E-5
161.0	25.13836877670347	19.36407901844844	28.007922075161495	27.485452129277594	0.00417800040900425
162.0	26.140169426548965	22.06136856248383	25.818160760975452	25.980227949589846	7.330040190610366E-5
163.0	25.83710417190479	22.92901978233349	26.442661873615027	24.79121417214669	0.0
164.0	26.76621510673235	21.79033251231527	24.571677809054655	26.869941942294158	0.0018326296035655642
165.0	27.811942642124656	21.338839134192533	24.965234430266168	25.88310411637541	8.796770412355944E-4
166.0	25.38649099605005	22.193981531712495	24.906236345988617	27.513071195864136	2.199303847022289E-4
167.0	27.791430293237458	22.03643071112173	26.1375616379304	24.034064166496822	5.131912135799193E-4
168.0	27.933249654678917	23.37618442931842	22.212063803018882	26.478208846671574	2.9326631220545065E-4
169.0	27.49227036740775	20.993073574664546	25.438318008485915	26.076264730659787	7.331878199906593E-5
170.0	32.12630467538467	21.78971950624888	22.463329777210753	23.620426074810556	2.1996634514919215E-4
171.0	26.34289627703647	22.308744792147856	25.852064003237995	25.495195064400654	0.0010998631770207786
172.0	29.648283941765314	22.95106004554259	23.384858335569405	24.015651049341717	1.46627780979151E-4
173.0	29.832358743053433	18.628052512786226	21.851347676194123	29.68640844239288	0.0018326255733369106
174.0	25.57075583730893	23.926002597943345	23.612475406038605	26.889886493920052	8.796647890710447E-4
175.0	26.679578654753623	22.875038395081912	22.344581473447462	28.099042083942095	0.0017593927749069535
176.0	25.996398990661714	22.308956631003575	27.345091352152618	24.347866885816043	0.0016861403660537423
177.0	22.227647676842327	25.62134285867204	23.82375777251362	28.30254387836424	0.024707813607773358
178.0	26.521423874003002	21.60738257247782	23.451266121150844	28.419634170571324	2.932617970056504E-4
179.0	30.405030380394653	22.597851852775147	22.1851301404163	24.810667855438155	0.0013197709757433427
180.0	26.615930462593074	21.15715877257188	25.650884356141106	26.575805944307756	2.2046438618305602E-4
181.0	29.548132205610273	20.275363269227796	26.047661747921623	24.128179641892174	6.631353481350054E-4
182.0	25.988667682857198	21.62702958764717	24.5338551317008	27.850373925209066	7.367258576778254E-5
183.0	25.051426230619384	24.31075589191356	25.571140601377458	25.066456246445107	2.210296444959198E-4
184.0	27.53556447435607	20.787764067189173	25.44343688360376	26.228961017047816	0.004273557803184979
185.0	26.526752427685192	22.895392187200684	23.169547470639376	27.40757113596511	7.367785096444307E-4
186.0	27.701026362385722	22.33592680987648	24.56873842680435	25.394308400933447	0.0
187.0	24.694035013036768	22.63291000786345	26.92691427659235	25.745549465817653	5.912366897840212E-4
188.0	27.67962334715478	28.246524313177673	20.827956273975033	23.245156951004088	7.391146884262031E-4
189.0	25.275999790066443	22.377438352346857	24.460954946337583	27.88471986806711	8.870431820013025E-4
190.0	29.854255166570802	20.02856640135794	24.869994780569524	25.24710972189159	7.39296101395939E-5
191.0	27.879048522956463	22.966692371574325	23.696909479179023	25.457053031201802	2.9659508838533635E-4
192.0	28.120867833715877	22.21860480638379	23.286376968514887	26.37407623024069	7.416114475143039E-5
193.0	29.91604380052559	23.324529021223064	20.17804440429223	26.58108608273383	2.966912252828395E-4
194.0	30.286528572742622	21.959352198850503	22.66829269740102	25.085826531005857	0.0
195.0	27.705286930947675	20.521310874566804	23.860374393563593	27.911914903404206	0.0011128975177191833
196.0	29.510914596763705	21.224812826276775	25.237594515763462	24.02638081260334	2.972485927136939E-4
197.0	26.02689123099107	22.4153052578377	22.9241426469058	28.632620297007627	0.0010405672578079708
198.0	28.437003270728212	22.22634571947451	23.447074788565196	25.889352658128047	2.2356310403956172E-4
199.0	26.493656389509347	21.82296198617951	24.632510144095495	27.04997443418822	8.970460274316676E-4
200.0	28.870434278127	22.44395832461109	23.80246057046478	24.883072064690158	7.476210697560363E-5
201.0	25.7068901320246	19.80750337575646	27.903561778212428	26.5816708760817	3.7383792481072585E-4
202.0	26.387100537028978	23.657464942072355	27.546550736601567	22.4088837842971	0.0
203.0	27.9257163245019	23.478509329964417	21.576239276730476	27.01878708592603	7.479828771759756E-4
204.0	26.658288356018357	22.09876681740145	23.343170367710588	27.89955003983438	2.2441903522256757E-4
205.0	28.9464490244178	23.011111784416567	24.549839192212996	23.49147782318849	0.0011221757641455866
206.0	27.768192367952043	20.29439096400957	23.94715537791372	27.990186469059246	7.482106542204318E-5
207.0	26.274607234635493	23.649660927909576	26.78983816435605	23.285220168615588	6.735044832948438E-4
208.0	29.485576995045133	22.0636049279224	19.82193913447001	28.62887894256246	0.0
209.0	27.753672986314164	18.931993047040276	25.229482106309614	28.083504387521202	0.0013474728147359629
210.0	25.889110099979263	22.77689717627662	24.133988530799797	27.19962982291549	3.7437002883397965E-4
211.0	25.743825267252813	24.493037907844684	25.016346367735977	24.745442303126445	0.0013481540400806197
212.0	29.871418369510888	21.302332064177662	23.273582353615595	25.552367471148003	2.99741547850366E-4
213.0	30.62920263209986	22.98798519593788	22.118141574341223	24.26407075717859	5.998404424423104E-4
214.0	28.261752062196425	23.754446863127786	24.369597825736243	23.614203248939543	0.0
215.0	26.753016048741124	24.23616370483072	21.458789128160543	27.551579867287085	4.5125098053077646E-4
216.0	26.462186709614667	24.203611254668576	25.91295571672894	23.421094093102873	1.522258849461539E-4
217.0	30.384748764139637	21.410045743557724	24.94465636968853	23.259626408388705	9.227142254083203E-4
218.0	24.701970202453786	23.310750496392902	25.2168371505262	26.770054040459705	3.8811016739967745E-4
219.0	28.059246204436946	21.57181980470649	23.35841063472354	27.009580895698686	9.424604343328912E-4
220.0	28.46115149097091	20.699886613984486	24.19214435190982	26.64650214392612	3.1539920866338546E-4
221.0	26.240704191932295	22.133050183674296	22.702365109105468	28.923563082934756	3.174323531815848E-4
222.0	26.372468011712325	24.717901407885766	23.697324615939994	25.212145521639727	1.6044282218924231E-4
223.0	30.752873091012333	21.854120924042363	23.831666600230548	23.56011912945363	0.0012202552611305583
224.0	31.1237765342701	22.090534831636752	23.206508609150447	23.578935168559134	2.4485638356915723E-4
225.0	32.884281658307344	18.91552501102576	22.54996086573374	25.64883627914846	0.0013961857846933688
226.0	25.786286319137325	21.731038774477586	25.32201285974339	27.160163542569336	4.985040723628512E-4
227.0	27.508731435185496	23.222589350004373	24.453822652606643	24.812669497513475	0.0021870646900088156
228.0	28.37964962519007	27.832035789721022	22.169865940684605	21.61811055899886	3.3808540544469644E-4
229.0	27.959759559618764	24.036708663336594	20.939585646871727	27.063860903892884	8.52262800348064E-5
230.0	26.396112266469586	22.778131069212655	26.67935651307083	24.1463142154925	8.593575442998815E-5
231.0	26.34807456512248	23.580945475713875	23.164215991710726	26.904672476943496	0.0020914905094260865
232.0	24.3311445138199	25.023652052226534	24.705017917689982	25.93974710936411	4.3840689947242115E-4
233.0	23.748383414565737	24.872648128932727	20.40346066893129	30.974886450684046	6.213368861968236E-4
234.0	27.11195779070925	20.337475225571737	26.69719539897011	25.851561580857396	0.0018100038915083666
235.0	25.823732046688946	21.2220058825205	28.082098007091737	24.871704635356316	4.594283425019916E-4
236.0	29.902735381492207	22.807363258810888	23.295824239562457	23.99370531348877	3.7180664567198476E-4
237.0	28.68211099797383	23.866428485114746	21.8833516153599	25.56792155371309	1.873478384274772E-4
238.0	28.958109457467547	21.55361133564738	22.691455470495935	26.796823736389143	0.0
239.0	28.54157082080706	21.575083838000968	23.80738816054073	26.074028207376198	0.0019289732750397608
240.0	25.35603782889504	20.165203143393466	26.84889122204193	27.629768381534152	9.942413540771849E-5
241.0	28.780629605515966	21.45640327246735	22.816778861565233	26.943799016826247	0.0023892436251993525
242.0	27.953461811850588	22.886833214864748	19.97500179699542	29.183704845498326	9.983307909175857E-4
243.0	27.706037997092558	21.426789523197904	25.8819250818281	24.98214158690911	0.003105810972329228
244.0	27.021333635895374	22.15798357128298	25.71141405246707	25.107863031772027	0.0014057085825537508
245.0	30.06165342263537	20.50985076188818	22.491273228206214	26.934807568267054	0.002415019003180781
246.0	25.70440847426878	26.095063395754803	22.58884476607067	25.60775262553166	0.003930738374085347
247.0	26.731811360464384	22.0754065315702	23.853319410304522	27.190604783247124	0.14885791441376844
248.0	26.331867885256326	22.677817415750216	22.774559228329885	28.204130278974276	0.011625191689302095
249.0	25.803014774094496	22.014899676322962	28.843715439678185	23.319026457255593	0.01934365264876383
250.0	28.82252041544841	20.361623323932562	23.417567898313244	27.397272794669487	0.0010155676362967935
