# Position (bp)	A	C	G	T	N
0.0	25.05884186878795	23.322795349177536	24.659552676218777	26.958709643067575	1.0046274816182472E-4
1.0	23.336599706844506	30.09971260476786	23.924463456827187	22.56550960018286	0.07371463137758871
2.0	24.63290882980002	26.056705467668106	22.399045974175507	26.910474006192576	8.657221637859762E-4
3.0	26.58141006926163	21.722416163652742	23.665401541938344	28.02443412493044	0.006338100216842877
4.0	25.808690200208474	23.268323631993	24.230179986333518	26.692756315927436	4.9865537577921134E-5
5.0	28.762240337484478	23.480727103192905	22.157646614246858	25.59888784731112	4.980977646368519E-4
6.0	26.748973034523704	23.907653554350254	23.447207155974642	25.890963283757635	0.005202971393765018
7.0	26.34756167948531	25.035862761966847	23.100315512922666	25.51536699091168	8.930547134931635E-4
8.0	27.918977519227468	24.318990656901875	23.79797293606062	23.96404238319394	1.6504616093552124E-5
9.0	26.587323089774728	25.190537074500142	21.79660135386525	26.425390252045034	1.4822981484613826E-4
10.0	25.146233857998602	23.945739739193865	23.2332595204836	27.67471751651821	4.936580572152979E-5
11.0	28.160726146451985	22.384897532492932	22.525393647788157	26.928886574692857	9.609857407334146E-5
12.0	29.05666071513217	24.19393575502852	19.75766720915167	26.991704719619523	3.160106811610233E-5
13.0	25.95690170567741	22.486260810026533	24.93576300061285	26.62093392132131	1.4056236189747943E-4
14.0	27.378480980611663	21.75372450028682	23.2007330752668	27.66701513264451	4.631119020376306E-5
15.0	25.766836456309893	23.409392505649233	24.32960235308255	26.494092436690302	7.62482680205919E-5
16.0	26.921626584437274	24.477559061377754	21.60881000072298	26.991944355363934	5.9998098060291485E-5
17.0	28.85566169869392	26.572924164238437	19.25766347600853	25.31248765447782	0.0012630065812923171
18.0	26.1470307208453	26.00696687460136	19.359702714012318	28.4862559342629	4.3756278114320276E-5
19.0	24.850108070911713	24.592341300168155	22.039596275772684	28.517431499657096	5.22853490352046E-4
20.0	22.91238176555558	25.66345763305978	23.512284736417147	27.91184703872316	2.8826244335282656E-5
21.0	24.26379958334728	23.898177237305838	22.99019982225182	28.847480103445207	3.4325364985896565E-4
22.0	23.2587934373764	26.862467998880312	25.475667816194864	24.40304241543715	2.8332111274933674E-5
23.0	25.914855885089494	22.94187048362552	22.89364221991637	28.249306974379635	3.244369889764775E-4
24.0	28.689822368430235	21.120989611756315	24.520944670006127	25.66821543567677	2.791413055159718E-5
25.0	25.54699424943606	24.429895749445045	19.57722373326666	30.445679065212193	2.072026400379043E-4
26.0	26.860351195964117	25.694564934352513	19.279784578251103	28.165203052266392	9.623916587590151E-5
27.0	25.770057549724317	24.737632089062537	19.513107253130332	29.979161966852512	4.114123030106467E-5
28.0	27.599047182442675	23.320816527776326	23.015849205367697	26.06197929697464	0.0023077874386586705
29.0	28.45396617764189	23.29640797865028	21.68364888961217	26.565614119584076	3.628345115824167E-4
30.0	24.03498622324644	23.59761836843494	24.99647434767419	27.37078751320784	1.3354743658366427E-4
31.0	26.730393360917798	24.389575149910325	22.33240391744215	26.547189188894784	4.383828349474014E-4
32.0	24.62705642277107	22.558576492615813	24.220886628518535	28.593348971262678	1.3148483190979088E-4
33.0	23.562896043284645	25.644952168275843	24.42995854670865	26.362088891091844	1.0435063901722568E-4
34.0	26.91381130521206	26.7181034251919	22.419670705224917	23.948401628428233	1.2935942892469068E-5
35.0	25.708798352913607	22.08200733532177	25.511990479062195	26.697024578897604	1.792538048220554E-4
36.0	24.427991181353473	23.724694781720842	25.75388412816334	26.093365942487413	6.396627493293455E-5
37.0	25.627627209772136	25.33070166867627	20.607939602503194	28.43371872990506	1.2789143347368991E-5
38.0	27.720240643311193	25.05496714246041	20.58316826568756	26.641560018391424	6.393014940731637E-5
39.0	23.645253949768684	27.57210189438052	21.30492252585774	27.477504311220933	2.1731877212337057E-4
40.0	26.908787400246304	25.618007974543833	22.513815491372625	24.959286879708884	1.0225412835066007E-4
41.0	24.32655050772145	24.163844997920652	21.56275504609457	29.942210213320458	0.004639234942870953
42.0	25.17557449154417	25.8470877387493	19.865779136445823	29.11149473803661	6.389522410035844E-5
43.0	26.23390283743476	25.89188604875097	21.9900043750345	25.880680133867877	0.0035266049118962096
44.0	29.584228347534104	24.54674155635309	22.327212805364706	23.541612874253065	2.0441649503133766E-4
45.0	26.40971354291747	23.947476395981365	21.70790493193438	27.93146889093048	0.0034362382363130415
46.0	25.798173457657427	24.25282922467748	21.944488440413846	28.004508877251244	0.0
47.0	25.665875026421713	23.75178725716771	22.9888112432924	27.59191722325213	0.0016092498660554924
48.0	22.669775832385923	23.92043412566843	22.432081687733117	30.977708354212535	0.0
49.0	21.951141670669873	26.06915015776874	24.13315918793367	27.844851104279027	0.0016978793486934819
50.0	27.843073780128357	23.623246051965445	20.710813441788495	27.82279013589403	7.659022366643017E-5
51.0	25.451166732396274	26.07660625924522	21.049988959978965	27.420042807202943	0.0021952411765982184
52.0	22.979770224967304	25.869399680919656	21.401459842859236	29.749370251253797	0.0
53.0	23.4062007423603	23.891976407179538	23.664221792850967	29.036088371383535	0.0015126862256571922
54.0	23.312063244386383	28.261801314947554	22.14730534385881	26.278766543296594	6.355351065779664E-5
55.0	24.560542183260154	27.135593224636057	22.602221557980798	25.700261310548335	0.0013817235746633983
56.0	27.03225755752909	24.913837552226003	24.94173451420755	23.11217037603736	0.0
57.0	23.621788884379942	27.36253628105355	22.448742675035568	26.562255639135863	0.004676520395078526
58.0	25.502752643507165	24.98254768893893	21.92194011155033	27.59258215004616	1.7740595741876867E-4
59.0	28.498537222365893	21.554901771716473	24.293841863911567	25.650197657756536	0.002521484249529629
60.0	24.16947683113657	23.18518541012206	23.07009645911685	29.575203341527224	3.7958097297231644E-5
61.0	25.940842054017892	23.460387368936704	22.639835854272842	27.9532035895871	0.005731133185462507
62.0	25.77256334313507	21.246788629179207	24.772832043218713	28.20761357385786	2.0241060914966797E-4
63.0	27.202980946196913	23.391069178905223	21.910298627184513	27.49328569850936	0.002365549203992693
64.0	25.446984843252757	21.43752047761209	23.77442083473533	29.341023340847837	5.050355197794005E-5
65.0	24.906242117406862	25.572312558089738	23.22132718187022	26.295623723161942	0.004494419471239124
66.0	24.439474167915616	23.578164829260608	23.470569016849733	28.51126177077737	5.302151966744903E-4
67.0	27.13920155561999	24.949502816872425	21.215974441943168	26.69460164567609	7.195398883248846E-4
68.0	23.807738575357888	21.64473443379495	26.614824548448464	27.93255096798462	1.5147441407803206E-4
69.0	22.84361650403331	24.350623614393598	25.217695774730377	27.585388191944894	0.002675914897828015
70.0	26.49472160528446	22.258139702274008	24.499486259862127	26.747337293248112	3.1513933129198677E-4
71.0	24.524399041393043	22.379313561582904	26.3742761227562	26.72123179636215	7.794779056987629E-4
72.0	28.0416657133799	25.696152853059495	21.79574337134664	24.464904422839965	0.001533639374003606
73.0	25.616190721354037	22.308359067127746	22.529970527221845	29.54182198281107	0.0036577014853033307
74.0	25.01624725436797	24.95783128971717	23.595097935345038	26.430056873873674	7.66646696148631E-4
75.0	26.298338680960963	24.837368738478073	21.6774656027797	27.18476592823702	0.002061049544237852
76.0	27.31932553662777	23.66395061287776	24.897422241346334	24.1184721902114	8.294189367402177E-4
77.0	24.774982174753017	24.420412439898694	23.53004229553493	27.273985041620723	5.780481926317957E-4
78.0	27.729156786862884	25.816690654641768	20.007077018112494	26.44664830562465	4.2723475821151486E-4
79.0	27.670924974404414	20.068898236380058	22.88499050814711	29.37268577971161	0.002500501356804706
80.0	23.909314734062637	23.2790512562612	28.123464344522088	24.6858954343875	0.0022742307665728286
81.0	25.14260951028271	24.6420815409768	21.632932921009658	28.58201165100852	3.643767223082486E-4
82.0	22.79994823496301	22.44973011820521	23.7067912713091	31.04244984319717	0.0010805323255065938
83.0	25.694884095628286	21.71891994712585	23.526232344973042	29.059046443540037	9.171687327881665E-4
84.0	23.605759669374184	25.451107222351414	24.78976262024176	26.15234029754665	0.0010301904859898491
85.0	25.09371129909903	27.04798666748073	21.047347980913774	26.810426420016064	5.276324904027418E-4
86.0	25.91068389886697	25.65980599579471	21.619039938214517	26.808912465457336	0.0015577016664644165
87.0	22.495522458554007	21.650737447119287	25.3217561659935	30.531267923669382	7.160046638282735E-4
88.0	25.09477902061888	26.58281780898488	25.312121992425716	23.009653128002864	6.280499676554267E-4
89.0	26.341488903244137	26.65836501822339	22.832865936458223	24.16651395200711	7.661900671370906E-4
90.0	23.875905374224278	24.847963949693053	25.231760854976464	26.044244220783764	1.2560032244114777E-4
91.0	26.99221988978282	25.311205664637637	23.459934806127734	24.23612469979646	5.149396553521446E-4
92.0	25.884298101902115	23.71073206785102	22.769501076616542	27.635456194673875	1.2558956451190559E-5
93.0	26.250773609662687	25.92117319412378	20.853602911183582	26.974186554463124	2.6373056682480454E-4
94.0	28.464062104412896	23.296601919313293	22.564527164150313	25.670890616020802	0.003918196102700943
95.0	23.91976058627279	26.70748735514313	23.146156675543843	26.224096362241983	0.002499020798257567
96.0	26.293925584139306	24.179309220716874	23.453512156830833	26.072562377070145	6.906612428411393E-4
97.0	25.859063938878418	25.45284409144128	22.78684897461823	25.90109231072918	1.5068433289785563E-4
98.0	28.357645971573202	22.728578038703084	24.089696526792874	24.824066906371385	1.2556559452483783E-5
99.0	22.074677440211723	21.790867512262732	26.432978999873196	29.701450938395695	2.5109256653011414E-5
100.0	22.34027141004872	24.313954959831836	24.478966323821997	28.86680730629745	0.0
101.0	24.14366715345254	21.421737799209804	28.423821818543814	26.010635139445764	1.3808934807642167E-4
102.0	25.080440192134883	24.23365705276578	24.173503470915662	26.512374173107972	2.511107570449437E-5
103.0	25.685761178555964	25.44727594396325	25.182677354561484	23.68408465095923	2.0087196006966744E-4
104.0	26.681622062443566	26.94102942402351	21.982347795432883	24.39463664640252	3.64071697518186E-4
105.0	27.37167901158928	23.11173908480005	20.416944341632863	29.096775019749032	0.0028625422287753793
106.0	26.559515460503107	23.43277581962901	24.460094568666992	25.547563931527485	5.021967340639794E-5
107.0	26.70676173677843	23.469150110312917	22.175840535719153	27.6476700955133	5.775216762089569E-4
108.0	23.917929816787005	24.518781073995104	25.03121757649672	26.53200876489873	6.27678224524267E-5
109.0	26.602665773564777	24.356048390690567	25.26812199929126	23.772561293949984	6.025425034109555E-4
110.0	25.38933994095318	24.216575284690002	22.3391526581109	28.0548693538993	6.276234660882489E-5
111.0	25.3531561461377	23.420357836441834	24.093248411417136	27.132572309846747	6.652961565841034E-4
112.0	25.847933925377976	23.244172660732666	23.969950150810337	26.937842844194197	1.0041888482568975E-4
113.0	28.697628075488673	21.480497219483098	22.68688156343575	27.1343153341139	6.778074785762628E-4
114.0	26.42896315512725	22.047173919292423	27.473139922448365	24.050358981658714	3.6402147325013305E-4
115.0	28.005774117227034	22.743576897153904	26.125821674983584	23.124262402219063	5.64908416419854E-4
116.0	26.921091048731988	24.604472301041053	24.560635319877523	23.913738562621543	6.276772789738029E-5
117.0	26.527081589681085	26.44441568259505	23.371164650275507	23.656559750001225	7.783274471274005E-4
118.0	27.23234326746843	23.8890757990409	24.708340656305708	24.16987622084411	3.6405634085716435E-4
119.0	27.829078838115933	21.155067267884185	24.398997993123945	26.616441620194	4.142806819411536E-4
120.0	25.712750916870185	23.786589127414764	24.540284414926724	25.96032532540198	5.0215386345884077E-5
121.0	27.888110957533485	23.669392146450285	23.730065770560046	24.711803423985977	6.277014702023835E-4
122.0	27.533968701290352	23.202777253298194	24.301330426154166	24.96138379585737	5.398233999132266E-4
123.0	25.1524023384072	27.842999259439942	22.03378957473725	24.970181127757847	6.276996577655927E-4
124.0	25.192360249687002	24.97639553216792	22.549613948787375	27.28152983816895	1.0043118875502108E-4
125.0	26.896865049928387	23.657429614865418	23.79665137152261	25.648250519821904	8.034438616826198E-4
126.0	23.81021666525226	23.856854404385228	24.86338845834591	27.46945259471541	8.787730119267072E-5
127.0	26.257841106984536	22.530904958652787	27.58996308176846	23.620336763367796	9.540892264244552E-4
128.0	26.317163801080618	23.650930329457136	24.075140927528672	25.948353793973826	0.008411147959750523
129.0	24.709507164918733	25.701976489912294	22.077154173896112	27.50821115617523	0.0031510150976306246
130.0	26.462429464070052	23.629417267888645	23.94553272862128	25.962595430964047	2.5108455975586547E-5
131.0	26.279059490415023	23.692228773904684	24.474162199838702	25.554022254294335	5.272815472549722E-4
132.0	27.351975823399936	25.59094422016856	21.265454991018643	25.786138729211938	0.005486236200923295
133.0	27.300794031805463	25.173713288834342	24.097172981626592	23.42654954714275	0.0017701505908536694
134.0	27.73851459240922	22.43103583125028	20.577725602622415	29.252636094486245	8.787923184010198E-5
135.0	26.49475886721681	23.414632186682926	26.17367616469373	23.916556159531503	3.766218750270697E-4
136.0	27.507491462137313	26.24500637193281	24.469715962824722	21.77226231297081	0.005523890134344774
137.0	28.897934423459322	21.41131012096223	23.74829873129703	25.942155420351	3.0130393042189204E-4
138.0	24.82069786604977	23.92010729757049	26.978612794261124	24.279540098751124	0.001041943367490664
139.0	26.428957989077634	23.8335184776729	24.460029849895623	25.276451736454717	0.0010419468991220908
140.0	27.773861730631168	21.132757680679614	25.470112916482073	25.622978937831597	2.887343755472615E-4
141.0	26.146983806600666	24.506666308462094	24.628891065176955	24.717157526194022	3.0129356626506327E-4
142.0	29.231307700506413	22.162970164305406	23.42857587627186	25.176970503012143	1.7575590417436593E-4
143.0	27.66911280547704	25.223739786570153	23.666672315947984	23.44032444450303	1.5064750179364682E-4
144.0	28.462611354939792	24.789706133435104	22.567327682310758	24.179702015687614	6.528136267312116E-4
145.0	28.626898837472066	21.795277073342206	22.45904788209004	27.1178722976875	9.039094081904236E-4
146.0	27.911911765130515	21.619893195262446	24.518538168375457	25.945551604148804	0.004105267082775869
147.0	26.679720548011932	24.13056040671666	26.011936304390705	23.174292666814555	0.003490074066150964
148.0	24.522968579395677	24.561623983977405	23.31640270972001	27.5983895548301	6.151720768121431E-4
149.0	28.50995461922003	24.565206528625197	23.846415952902216	23.0762885738513	0.002134325401259453
150.0	25.862724862144816	23.82378642239431	24.896960155080805	25.41652856038007	0.0
151.0	27.26567677194311	23.66886899032697	25.31656885490302	23.748420828218002	4.6455460889649697E-4
152.0	27.999124615371286	23.532440646925814	23.04399812216688	25.424336169795485	1.0044574052931641E-4
153.0	25.786165338273992	22.853083357199996	24.130143349387716	27.229942492749288	6.654623890074654E-4
154.0	23.46803950617656	24.266974945327373	24.62539032370138	27.637159331173926	0.0024358936207587354
155.0	27.765146254289352	22.886302977576445	24.46755261183712	24.880759562403732	2.385938933525481E-4
156.0	27.08385395723981	23.38388502514441	25.311715061353464	24.220370147586358	1.7580867595723429E-4
157.0	25.46740520540211	22.420706879421008	25.970462301673013	26.141136781700418	2.8883180344568805E-4
158.0	25.27701375442957	20.968642070626483	26.22579386916577	27.528399608085536	1.5069769264251166E-4
159.0	27.654725000590254	21.100874225200776	23.55015404307178	27.69379462363809	4.521074991070877E-4
160.0	27.267853341596982	20.42329218463602	25.683217196425534	26.625612159870194	2.5117471273462075E-5
161.0	24.98880691440696	20.009444264085236	28.841087069961024	26.15730853544205	0.0033532161047308603
162.0	25.897319354623583	23.332193377817134	24.181332552319372	26.589129596866435	2.511837347479666E-5
163.0	25.527687394193432	23.30754392114697	27.42822736799165	23.73650363794363	3.767872431896648E-5
164.0	25.609632796663806	23.176904257447642	25.142205681746393	26.06973752314622	0.0015197409959427938
165.0	27.383755872731374	21.42386220834168	26.083688109842452	25.10819139656237	5.024125221297015E-4
166.0	25.132761548226124	22.86986768184859	25.342690471590824	26.654579811803803	1.004865306598222E-4
167.0	27.027037890831473	22.735315368366894	26.686853471232673	23.550391308804347	4.0196076460976643E-4
168.0	26.05910710005743	24.03202846796274	24.044364116177185	25.864450068763073	5.0247039570046135E-5
169.0	27.120092136791175	21.890791571915667	25.19052582943086	25.798389465371947	2.009964903500329E-4
170.0	31.40975600318887	22.700663024708216	23.08338021247242	22.806100259466298	1.0050016419214326E-4
171.0	26.396447325444083	22.947338006582747	26.020690434913696	24.634933795633277	5.904374261953217E-4
172.0	27.530392444166367	24.443522741246916	24.087001970957054	23.939007477226472	7.536640318990813E-5
173.0	29.70733344537756	19.353680665412075	22.7880371936589	28.149617228282075	0.0013314672693942654
174.0	24.850788348760403	24.973122118847527	23.824862859685965	26.350837274731703	3.8939797440198205E-4
175.0	24.873403545567502	24.275089186889666	22.873825879203284	27.976462876659863	0.0012185116796856893
176.0	24.769442171285025	23.947675150457748	27.451576260527265	23.830175770429353	0.0011306473006046952
177.0	22.92718621096385	26.365009618437448	23.047977351472692	27.635527873240417	0.02429894588559418
178.0	25.964949397539506	22.69312681947995	23.602935892494333	27.738623554780762	3.6433570545191946E-4
179.0	28.040077302926473	24.005810409810802	22.699850316987984	25.253156278588566	0.0011056916861660003
180.0	27.511121820989477	21.935479645023797	24.92251538764728	25.63066900475684	2.1414158260454864E-4
181.0	27.97246137525885	22.191554803248064	25.93632497060397	23.89904084998583	6.180009032902999E-4
182.0	26.6429994462965	22.10099143316902	25.485720035857696	25.770251254785954	3.782989083428402E-5
183.0	24.40679624640031	23.858373829364478	26.055783453660254	25.678617729865866	4.287407090942587E-4
184.0	26.66141816486046	21.98924271508706	26.01768853559233	25.328182689225386	0.003467895234758853
185.0	25.338452711946687	23.78322079526899	23.67213280122058	27.20577758443507	4.161071286716725E-4
186.0	27.628151089628684	22.584919662622738	25.095299555674373	24.691617081725777	1.2610348430232301E-5
187.0	24.783436069787093	22.621517287277555	26.896514346866883	25.698077495707505	4.5480036095988654E-4
188.0	28.572495251783398	27.51966910745151	21.59917079770671	22.308348990161438	3.1585289694591726E-4
189.0	25.424458631882313	22.68410432778625	24.208602506484795	27.68198800455357	8.465292930722316E-4
190.0	29.374591386716286	20.93131101716182	25.207070744084948	24.486710954639406	3.1589739753615193E-4
191.0	27.299588560574417	23.25726611237002	23.93583685858021	25.507030101240897	2.783672344556889E-4
192.0	27.661582127155032	22.530636622983366	24.044761831851456	25.76293084085659	8.857715354786297E-5
193.0	27.830232615825736	24.085249946466618	21.485210865833455	26.599129392837817	1.7717903637890596E-4
194.0	27.94073553178534	22.93170051144657	24.00465110215604	25.12291285461205	0.0
195.0	26.84734152551127	21.074443564508844	24.020212244517676	28.057433014058493	5.696514037223301E-4
196.0	29.371751945104375	21.85807747771144	25.953176349064126	22.81693076320746	6.346491259802632E-5
197.0	25.384035303318065	23.394872081331695	23.674894120514722	27.545601811884907	5.966829506098861E-4
198.0	27.772573964391672	22.69924174700919	23.61738268142639	25.910699848736087	1.0175843666478583E-4
199.0	26.348403171885586	22.848390170682848	25.054630544056998	25.7482447101675	3.314032070653124E-4
200.0	27.62505312608276	22.60958123006736	24.05430473605483	25.711035412374407	2.5495420640021742E-5
201.0	25.723603885635924	20.70898564463619	28.916873311680174	24.650320430975807	2.1672707190124586E-4
202.0	25.921272246975967	25.026669405324853	27.769917522784223	21.282140824914954	0.0
203.0	26.663471170768304	24.025528934075933	21.81933577731798	27.491026379167273	6.377386705087446E-4
204.0	25.771865126893047	23.054546270959353	24.191096470655467	26.982415592689062	7.653880306833857E-5
205.0	27.398172352072912	23.949957198388976	25.119787101852527	23.53130513657605	7.782111095376788E-4
206.0	26.07239987011073	20.52274689008982	25.722375085247805	27.682439876771063	3.827778057772654E-5
207.0	26.714480054925843	23.07321829193902	26.780189432900887	23.43192079652681	1.9142370744331945E-4
208.0	28.610245469287783	21.976173594389493	21.017705468764458	28.39582441188653	5.10556717426641E-5
209.0	27.73288216153945	19.76924722770882	25.26875241279717	27.228479891824986	6.383061295771656E-4
210.0	25.09597102374157	24.107767942224196	24.58239756397994	26.21364640603918	2.170640151148058E-4
211.0	25.359060367968304	25.706577901900406	24.6883051645609	24.245328552801297	7.280127690885267E-4
212.0	29.664631201146147	21.317276037031945	24.07890372113492	24.93897181305339	2.1722763360393935E-4
213.0	30.35612615205495	22.436046030671005	21.926529059152937	25.28097911133847	3.19646782633667E-4
214.0	28.63012666200131	24.127852780487295	24.04704716578305	23.194947800084734	2.559164361179473E-5
215.0	25.907232709847527	24.47225724795358	22.60748175273762	27.01266916081512	3.5912864616580793E-4
216.0	26.500525804597665	24.065185515395417	25.577131290459903	23.857144430715284	1.295883173540139E-5
217.0	30.099132520244392	22.509974443325685	24.790509588356908	22.59979569811438	5.877499586289334E-4
218.0	24.426259459670067	24.341791773265932	25.310702083509938	25.9211150524392	1.3163111485762515E-4
219.0	26.985470934822768	22.221356505238223	24.016342372925525	26.77621857126028	6.116157532008112E-4
220.0	28.351313103114812	21.092650856757793	24.39202821553818	26.163834182288355	1.736423008673433E-4
221.0	25.95297964979467	22.39030870887669	23.535858261236715	28.120665126573595	1.8825351832379067E-4
222.0	26.377258255263232	24.17743501161305	23.483952963141167	25.961190760745094	1.630092374618049E-4
223.0	30.841296138134	22.340718178793523	23.634729696820024	23.18254254089448	7.134453579746384E-4
224.0	30.853261304620876	22.045919129449494	24.085370969600987	23.015366070306122	8.252602251805051E-5
225.0	31.172096466051364	19.580514967650064	24.100896201591183	25.145566422402165	9.259423052259631E-4
226.0	25.77790314088156	21.708604678370257	25.965579721033237	26.547814616856453	9.78428584986796E-5
227.0	27.812079482778028	23.585801509444515	25.042617590863504	23.558286697280426	0.0012147196335275613
228.0	27.77753261677897	28.117226435444053	22.13301042082445	21.97217376942225	5.67575302698551E-5
229.0	27.960916257338788	25.541315672839467	20.76354587481334	25.73422219500841	0.0
230.0	25.93999033344425	22.83723074957058	26.569499175198462	24.65327974178671	0.0
231.0	25.519148416588006	24.96895908565479	23.55070625300228	25.95984093130786	0.0013453134470659371
232.0	24.856577907444784	25.6631674202827	24.05988970469416	25.420262134981	1.0283259734574377E-4
233.0	23.206656924193627	25.513109933742967	21.897973166561684	29.381814390293133	4.455852085910611E-4
234.0	27.565333964008097	20.98613018285546	26.69443566272736	24.753165038093883	9.351523151958027E-4
235.0	26.385320495669674	21.219987318714427	27.86035986507503	24.534118522373674	2.1379816719994038E-4
236.0	29.51513846690659	23.612036533511013	23.75451549420031	23.11815483868573	1.5466669636267239E-4
237.0	27.99010745357538	24.110090275500635	22.031865047445137	25.867796624467697	1.4059901115153246E-4
238.0	27.36700591404591	22.164271041383458	24.288416196019764	26.180275223482496	3.1625068369444684E-5
239.0	28.116194203782953	22.828069192565376	23.935307925633246	25.11930692053855	0.001121757479878876
240.0	25.815567762042278	21.61889010032429	25.619489621003886	26.945871541671373	1.809749581659932E-4
241.0	28.772769771282885	21.81377245262347	22.760141522062366	26.65128980308004	0.002026450951237494
242.0	27.325612496871226	24.256804548495513	20.059590363307713	28.357183567774047	8.090235515011184E-4
243.0	28.110247999089232	23.216290312758968	24.37344950927051	24.297447332957375	0.002564845923913763
244.0	27.135182369434695	22.907680292626793	25.323161258122767	24.633147014785546	8.290650302028392E-4
245.0	28.652005312261586	21.18880967775715	22.82543835299945	27.332051254348627	0.0016954026331929917
246.0	24.78771294906876	26.862085447765544	22.498097219192022	25.849922639677438	0.0021817442962375733
247.0	25.92883341678302	22.509711356464507	24.399692335278413	27.024225341201813	0.1375375502722452
248.0	25.8937696473531	22.64177436388795	23.90754615487739	27.54709764945528	0.009812184426274722
249.0	24.8157927311384	21.623526467645103	28.76114091264827	24.78427664115971	0.015263247408518638
250.0	28.097429586739324	21.665454458659056	23.40948756294755	26.826804751362328	8.236402917434766E-4
