# Position (bp)	A	C	G	T	N
0.0	24.824807498599665	22.909890352933257	25.183245947433836	27.082056201033243	0.0
1.0	23.533342194409617	30.200104656495586	23.589861491798118	22.599576344758134	0.07711531253854269
2.0	24.05284775694427	26.503183549451613	22.14247921526193	27.301131172269976	3.583060722130058E-4
3.0	26.980014892174925	21.32385230017279	24.021507737248577	27.664601491126746	0.010023579276965816
4.0	26.038813860628267	22.73688151363803	23.8849390917838	27.339127075630632	2.3845831927422824E-4
5.0	29.04853272734419	23.4164543679931	22.09383065414194	25.44022943739958	9.528131211894919E-4
6.0	25.851470995386023	23.930900825002706	24.01883140262342	26.193449647267673	0.00534712972017876
7.0	26.576494849272898	25.250480564558114	22.706601255337794	25.46547465311006	9.486777211338122E-4
8.0	27.865366743028304	23.927947766274205	24.107072034475205	24.09937667596029	2.3678026199735992E-4
9.0	26.710374867941834	24.770449222304418	22.54029103611599	25.978766700779232	1.1817285853054415E-4
10.0	24.665208879904977	24.054308066866128	22.953883718678643	28.326599334550256	0.0
11.0	27.50775334069347	22.505646081184462	22.57779681437334	27.408574713802093	2.2904994663136243E-4
12.0	28.50529757657324	24.383304278707627	19.60035588152939	27.51092935661316	1.1290657658227276E-4
13.0	25.754886729295134	22.323872793697987	25.27551201619956	26.645728460807323	0.0
14.0	27.374331314381717	21.57732437331447	22.884742915248243	28.163380343958615	2.210530969538883E-4
15.0	25.845835951682727	23.348803414327605	23.740792137969557	27.064568496020108	0.0
16.0	27.146019003317274	24.654687324155006	20.836124523711273	27.363061967105935	1.0718171051291808E-4
17.0	29.117531580297456	26.421283523801048	18.631249967281086	25.8284691211961	0.0014658074243146042
18.0	26.28605797947543	25.5295013457629	19.17112224471797	29.012799031009163	5.193990345410747E-4
19.0	25.05014682162207	24.246453534058478	21.752967451093923	28.94970842466603	7.237685594937756E-4
20.0	23.393056226493663	26.050894202376814	23.41818435430455	27.13776265303799	1.0256378698321955E-4
21.0	24.15937845167728	24.042624753206663	23.08176925038842	28.715922704783853	3.048399437875144E-4
22.0	23.25103935733281	26.140025437233877	25.660136436072612	24.94859768450792	2.0108485278075216E-4
23.0	25.12625794962095	23.12485046754232	23.291726187675625	28.456664868106117	5.005270549889033E-4
24.0	28.407300569694772	21.548682512756983	23.770224758600133	26.273594107575565	1.980513725455246E-4
25.0	25.336970821022664	24.303266876969136	19.084850968221325	31.27481330591167	9.802787520659375E-5
26.0	26.93236079183751	25.142478888947384	19.334429099814187	28.59063373127984	9.748812107244733E-5
27.0	26.082397921718183	23.606025149855515	20.21160192460879	30.09997500381751	0.0
28.0	27.732488896548467	23.03596719174383	22.728064846275085	26.500398116384776	0.0030809490478423246
29.0	28.471141296121232	23.27546074822141	21.80546471809606	26.447457233406734	4.7600415456426105E-4
30.0	24.168633949244107	23.410757252462886	25.056748535887774	27.36357651972579	2.837426794388705E-4
31.0	26.587254531046778	24.215431063527827	22.17074267945844	27.025818825889974	7.529000769840329E-4
32.0	24.467157365135563	22.76707351159974	23.877294325910743	28.888102114972515	3.726823814404174E-4
33.0	23.88568243356731	24.797384221532738	24.775973672407524	26.540775098793073	1.8457369935528408E-4
34.0	27.107263737691955	26.06129722546125	22.29579947610148	24.53563956074532	0.0
35.0	26.12362143582448	22.011142545300526	25.232181611180195	26.63296390618976	9.050150504002882E-5
36.0	24.790224459827982	23.7844773333912	25.79560990429895	25.629236200024597	4.5210245726727576E-4
37.0	25.74057854294962	25.00273426307317	20.927281256694425	28.329405937282786	0.0
38.0	27.402068339797648	24.618466854872818	21.137586888706547	26.84187791662299	0.0
39.0	23.64575192334624	27.003916714477388	21.395199653052284	27.954860656219083	2.710529050095095E-4
40.0	26.783131561426377	25.371225076629962	22.432320363379144	25.4130519818997	2.7101666481471945E-4
41.0	24.56992603043871	23.411379696263225	21.307190014786688	30.70626523719669	0.0052390213146872346
42.0	25.387383351457586	25.053830841097863	20.14339235457544	29.415212812462745	1.8064040636865816E-4
43.0	26.68743181637563	25.19317188414383	22.206367898969027	25.90833230982639	0.004696090685123507
44.0	29.859189776856336	24.0499779673628	22.424800080906735	23.665580686406944	4.5148846717859436E-4
45.0	26.284469892930375	23.53112187916724	21.74410006527645	28.436064741959395	0.004243420666542073
46.0	25.776784706705484	24.284650280993976	21.813708894757035	28.1248561175435	0.0
47.0	25.788406108471683	23.49813544832741	23.09444263400534	27.617120113958364	0.0018956952372011233
48.0	23.151575417744226	22.96253250725943	22.817343942595926	31.06854813240042	0.0
49.0	21.93367349240507	25.821141292333788	24.279417669323877	27.963692304916066	0.002075241021199038
50.0	27.901991530087678	23.463317195870783	20.105125072853156	28.529385759937355	1.804412510352817E-4
51.0	25.11298543141942	25.363583058950883	21.738216589238192	27.782598890442472	0.00261602994903252
52.0	23.015192172839885	25.272999124134376	21.679249546089167	30.03255915693658	0.0
53.0	23.14197034554936	24.132039114049704	23.759763914279684	28.964519765890646	0.0017068602306058004
54.0	23.434987648776108	28.246754996631484	21.991915562542104	26.32598248371884	3.593083314619358E-4
55.0	24.949623554225127	27.52807327678508	21.751245635460002	25.769355172534286	0.0017023609955048708
56.0	26.892338730267657	24.746136845566095	24.58622657448907	23.77529784967718	0.0
57.0	23.34811390896957	27.521431834672544	22.861340284682843	26.263112162174266	0.00600180950077486
58.0	25.968922814000855	24.601548126823868	21.55294568658045	27.876045952961455	5.374196333723262E-4
59.0	28.159881349116432	21.694357545051602	24.39552802240467	25.746919313279353	0.003313770147946403
60.0	24.375604099066436	22.597887519771533	23.584116966991267	29.442212587435098	1.7882673566994308E-4
61.0	25.68886902101028	23.218417523468933	22.668305766651766	28.418417523468932	0.005990165400089406
62.0	25.93981298953017	21.046589906369604	24.99430064181478	28.019117658891403	1.7880339404602576E-4
63.0	27.30978625258133	22.84773066573694	22.546910898347054	27.29289028347682	0.0026818998578593076
64.0	25.422312528233025	21.210078722162013	23.522196292969998	29.84514463344826	2.6782318670311444E-4
65.0	24.49230999954473	25.87150214109537	23.254607796140224	26.37577763673418	0.005802426485488131
66.0	24.41255757489199	23.441193273110294	22.791712786089192	29.353732995322595	8.033705859249474E-4
67.0	27.54019812090409	24.82607740961113	20.91516219386143	26.717758938023394	8.033375999485864E-4
68.0	23.672882122924474	22.196685228837744	26.495230631777282	27.63502350543878	1.7851102171675834E-4
69.0	23.048376242607723	23.461968929674963	25.478255592069445	28.00845392734549	0.0029453083023778456
70.0	26.353511629668912	22.672216700908717	24.65391763190616	26.320175770891733	1.7826662447689885E-4
71.0	25.166574224194328	22.480320419831042	25.9481575504167	26.403436726683164	0.0015110788747617829
72.0	27.898242239922077	25.25475878568978	21.729640182654894	25.115403552491955	0.001955239241296075
73.0	25.78643513248614	22.394729522829522	22.827834218825394	28.986380394592675	0.004620731266266973
74.0	25.564124180608573	25.32880038163497	22.909735689354818	26.196184893971036	0.001154854430599023
75.0	26.32775768816359	24.051043312734446	21.4003689856625	28.218698175235325	0.0021318382041394966
76.0	27.468366572931412	22.922710162665894	25.55801489697708	24.049664880190004	0.0012434872356035264
77.0	25.020582564281103	24.082621565909058	24.06024052513737	26.8354895808262	0.0010657638462706702
78.0	27.89650744142509	25.299957193377587	20.284211105920637	26.518524965497154	7.99293779540566E-4
79.0	27.97607576894557	19.548334672817937	23.13865663755323	29.333647113151667	0.003285807531603696
80.0	23.869597956929283	22.840070754465668	28.454608097692308	24.832704049556543	0.0030191413561982973
81.0	25.507014739833068	24.2856508613035	21.578050079914757	28.628751553898063	5.327650506126798E-4
82.0	22.94534961154273	21.840532741398448	23.771365149833517	31.44124306326304	0.0015094339622641509
83.0	25.16096840295905	22.066077840164503	23.959520841546006	28.812189916079795	0.001242999250649023
84.0	23.74839754402537	25.2415669089734	24.51482427139301	26.49361325856981	0.0015980170384127786
85.0	25.2444120130069	27.09264886429308	20.815479028015613	26.846483600670762	9.764940136478354E-4
86.0	26.265694415473174	24.877351665860402	21.735850061468405	27.11888478113253	0.002219076065489373
87.0	22.589122395022084	21.678794607792234	25.383208326344125	30.347365889289158	0.0015087815523942144
88.0	25.25052981331402	26.574885606472066	25.29011050645538	22.883320376424816	0.0011536973337167157
89.0	26.328329865070526	26.016763023733567	22.70941577889492	24.944160229304675	0.0013311029963128445
90.0	23.59399318181415	25.289932616731708	25.119211773704375	25.99668496325598	1.774644937914047E-4
91.0	27.256071214047616	24.540649695984584	23.859953277537286	24.342616014288236	7.097981422808121E-4
92.0	26.06867255883444	23.750960390224517	22.535678607740255	27.644688443200792	0.0
93.0	26.90205506491663	25.35274991904827	21.312438177277627	26.432490696096128	2.661426613378992E-4
94.0	28.700717934888193	22.515371329266248	23.193475157927047	25.585379073701652	0.005056504216858385
95.0	23.913616199535014	26.047309554074587	23.972515858112143	26.063897259125678	0.002661129152581162
96.0	26.615428282523663	24.00546385077301	23.537577278895878	25.83993400803612	0.0015965797713342973
97.0	25.595361101330454	24.766631574559494	23.120702362464513	26.51686150620527	4.4345544026699565E-4
98.0	28.632583994636263	22.179603608461367	24.081566409949875	25.106068614687132	1.7737226536309876E-4
99.0	21.98973444140129	21.73837100533848	26.567120243933363	29.70477430932687	0.0
100.0	22.693136614327848	24.409670106766928	24.445752594703233	28.45144068420199	0.0
101.0	23.976409641800995	21.75628142485338	28.370659026600762	25.896649906744862	0.0
102.0	25.260297774448485	24.449595978848173	24.040034218796404	26.250072027906935	0.0
103.0	25.84490944882239	25.173963024381855	25.04659842571329	23.9344404687939	8.863228856545982E-5
104.0	25.720530054877273	26.626997631911063	22.583166716297274	25.068951092582353	3.545043320429376E-4
105.0	27.707141287161708	22.7483178411645	20.571526315416303	28.968849041754407	0.004165514503080708
106.0	26.905177815414422	22.676461647403737	24.244615729576285	26.17356755496826	1.7725263729767717E-4
107.0	26.463631328237508	23.48820206048521	22.10763265758281	27.939559100476348	9.748532181234076E-4
108.0	23.450416335152013	24.09232912007003	24.649539541650352	27.807537801530668	1.7720159694079165E-4
109.0	26.520069739998796	24.0533007785507	25.15556839162128	24.270086572569642	9.745172595865921E-4
110.0	25.06539742945803	23.843287118854565	22.83129899270685	28.259839290190964	1.7716878959168794E-4
111.0	24.73897318379636	23.256300120381926	24.180468364533127	27.823283937472265	9.743938163196792E-4
112.0	25.781924698200232	23.417926140213662	23.60738969881583	27.192582311242834	1.7715152744475753E-4
113.0	28.877555720101043	21.381514849836496	22.97800955859689	26.76167987557527	0.001239995890299335
114.0	26.867005554536945	21.244265877286452	27.45452339132337	24.43393945191574	2.657249374882085E-4
115.0	27.95173721745801	22.549855922076564	26.026593958914095	23.471015667422268	7.972341290615757E-4
116.0	27.11601967203821	23.564281361168984	25.22030060801905	24.09922119704636	1.7716172739770683E-4
117.0	26.597708561800975	25.9946425629242	23.568382617384387	23.838380438268118	8.858196223219459E-4
118.0	27.566047345926435	23.49243749584782	24.65425072524747	24.286998693447305	2.6573953096972785E-4
119.0	27.32715681385137	20.942263213981054	24.543205370896775	27.186754528084446	6.200731863523663E-4
120.0	25.035565279783157	23.23816779016928	24.918018265406456	26.80807150259985	1.771620412610394E-4
121.0	28.08490622862994	23.03333463251473	23.908599045455993	24.972185707351123	9.743860482090785E-4
122.0	27.596039372422297	22.84934521025554	24.252554672109074	25.301352098303497	7.086469095908273E-4
123.0	24.95174638662593	27.4173532306226	22.573567383657636	25.05627004661932	0.001062952474509071
124.0	25.7046230214795	24.112417256233076	22.254031890176336	27.92875067430689	1.7715780419988008E-4
125.0	27.057873156836017	23.31924082946476	24.59633524038304	25.0251335510541	0.0014172222620815983
126.0	24.597067066322282	23.834957820034507	24.42700084678805	27.140708538387138	2.6572846802223616E-4
127.0	26.240972051224364	22.07434229057019	27.87800466610097	23.80508665236485	0.0015943397396266058
128.0	26.040231004977944	22.98269234175982	24.502914134882815	26.464419210260587	0.009743308118832929
129.0	25.05527054221819	26.37405756639551	21.751349876704175	26.816044754967262	0.00327725971486069
130.0	27.19052794467135	23.06151751651737	23.809371963474447	25.938493998474705	8.857686212922833E-5
131.0	25.83324180399021	23.719711168823807	24.444534989601085	26.001626269748197	8.857678367069278E-4
132.0	27.107379893053245	25.572799349497288	21.198912640071995	26.114884944104066	0.006023173273408664
133.0	27.325541742877512	24.823404886646973	24.377698749773028	23.471317410617406	0.0020372100850756646
134.0	27.12650010673134	22.7404178731146	20.680104481564708	29.452534669969875	4.42868619481082E-4
135.0	26.81174375049269	22.936221057582358	26.44017895340073	23.811324799005146	5.314395190826645E-4
136.0	28.201262719310677	26.206828746350723	24.046405997562427	21.539390890280888	0.006111646495280746
137.0	29.458657258839544	20.561404938400642	23.81139231648847	26.168191186982337	3.5429928900990176E-4
138.0	25.57570851493286	23.58153091834376	26.791115299352487	24.050405327490264	0.0012399398806292163
139.0	26.536685425202332	23.235076867483965	24.935833054346613	25.29134184641382	0.0010628065532652074
140.0	27.609435959205907	20.809770743566695	25.329005345036027	26.250990846570453	7.971056209231368E-4
141.0	26.338574796691805	24.64789730345398	24.617341290296295	24.39592090509568	2.6570446224073887E-4
142.0	29.365516581700433	22.179286425360207	23.193567129227795	25.261098455728405	5.314079831649951E-4
143.0	27.265094355497965	24.83090230018927	24.135558033480326	23.768179608017494	2.657028149441891E-4
144.0	28.899066317827465	24.076813116542876	22.684792370411966	24.33870822033553	6.199748821604885E-4
145.0	28.816977452319335	21.513647466862228	22.432010656520298	27.235858765678778	0.0015056586193641869
146.0	27.302083563979362	21.33684653366694	25.169807143015298	26.186657219405262	0.004605539933131103
147.0	26.94521841250835	23.63364868718681	26.608136377404346	22.80927675267602	0.003719770224479276
148.0	24.85691966776667	23.72263937379438	23.36686488008885	28.053221809499014	3.542688510884025E-4
149.0	28.697234867943244	24.561405062618462	23.838679963863747	22.90082015127628	0.001859954298265814
150.0	26.1504191595552	23.86299926043692	24.75826915667666	25.22831242333122	0.0
151.0	27.105967550216743	23.20519111501622	25.438217334540298	24.249649691852834	9.743083739147533E-4
152.0	27.780941895287693	22.992810317995286	23.11035014823128	26.11554333605851	3.5430242723735343E-4
153.0	25.011049826524367	22.824734250564894	24.36435817558728	27.79861768663135	0.0012400606921133025
154.0	23.471206293923093	23.98743270366939	24.767264088605284	27.771173874762834	0.002923039039400795
155.0	28.217765205442802	22.519550266354937	23.938101823510287	25.32422833258177	3.5437211020618255E-4
156.0	26.825221042932828	23.11435760228219	26.058436841079434	24.00180732498184	1.771887237096231E-4
157.0	25.585256428429677	21.984148640603294	26.327945595781475	26.10238355115811	2.657840274430868E-4
158.0	25.280183144536405	20.882924642473018	25.893175137278668	27.943539884790464	1.771909214459488E-4
159.0	27.23397732930976	20.853172106935347	23.826020083601936	28.08647608449501	3.543956579443989E-4
160.0	26.70984490389003	20.3440378149213	25.64450607138585	27.30143400773487	1.7720206794813296E-4
161.0	24.30727711219125	20.12365083612277	29.217072958954937	26.34845507335234	0.0035440193786979626
162.0	26.061242915227268	23.013361945611273	24.117421386378275	26.807973752783187	0.0
163.0	25.634282767621475	23.595097449401358	27.56546170292131	23.205158080055853	0.0
164.0	26.46766169154229	22.782082463904874	24.908848455850755	25.83963530521923	0.001772083482852877
165.0	27.879605738832105	21.280586784240896	26.017019436607736	24.82190198052086	8.860597984036747E-4
166.0	25.23384112626535	22.609308985737375	25.38695877165622	26.769713896844078	1.7721949698017977E-4
167.0	27.134367877612796	23.062710680878062	26.225449363925406	23.576940390825214	5.316867585185081E-4
168.0	26.25820161710545	23.991790407253934	23.578474986618648	26.171355752563723	1.7723645824840753E-4
169.0	26.5048869778369	21.649192179772015	25.55602721358517	26.289627767286095	2.6586151982396425E-4
170.0	32.135267207503894	22.479957886303655	22.567428884394715	22.816991529404255	3.544923934794669E-4
171.0	26.303699535176378	22.883235775023593	26.18494574103697	24.626966859715434	0.0011520890476211577
172.0	28.010433861139983	24.214159961652726	24.252702162704797	23.52252680898042	1.7720552207847902E-4
173.0	29.304758538018067	19.255825574317768	22.9805960376969	28.456959281005272	0.0018605689619885762
174.0	25.276962660542658	24.913881092115336	23.61624989368036	26.19228615576536	6.201978962887358E-4
175.0	25.678396056061487	23.83463669727047	22.612079552160253	27.87276119998086	0.002126494526934711
176.0	25.027668222348836	23.4058540553329	28.18924443822211	23.375638318516398	0.001594965579756697
177.0	22.792235872932604	25.822439546572713	23.666958506724136	27.6931106841818	0.025255389588753646
178.0	25.661880352483017	22.508495301555513	24.151998334167725	27.677271579395075	3.54432398665562E-4
179.0	28.925044197205942	23.374584058876437	22.52528877723279	25.173399263601443	0.0016837030833920413
180.0	27.30870419354065	21.618454173326853	25.2020268883461	25.870637041091314	1.777036950817837E-4
181.0	28.72746714871971	21.209503585595698	26.191617863837212	23.870343863120183	0.001067538727191368
182.0	26.727658007248507	21.99086553259781	25.6544381519695	25.626860387120647	1.7792106354094943E-4
183.0	23.635663300525913	24.195737882249123	26.426695702299362	25.741280414469426	6.227004561725627E-4
184.0	26.98876120632447	21.47086400116711	25.931510431956106	25.60530609122335	0.0035582693289637787
185.0	25.36576905116631	23.85590714015699	23.458584421071357	27.318760979297767	9.784083075759934E-4
186.0	27.21006380611055	22.226017557577165	25.120286927352836	25.44345380261469	1.7790634476292646E-4
187.0	24.748672665686325	22.551634885757064	27.02996867482113	25.668744026884255	9.79746851227222E-4
188.0	28.297544509658973	26.956064802857167	21.735052859394898	23.010714381139838	6.234469491178226E-4
189.0	25.33622381907507	22.947565116088512	24.423120085788284	27.29202218810008	0.0010687909480531974
190.0	29.603894253037378	20.929205116328784	24.823458153703637	24.643086186624863	3.562903053407917E-4
191.0	26.696529814228143	23.77635291924014	23.90169963002647	25.625149992282925	2.676442223195654E-4
192.0	27.177777757950437	22.867681370322817	23.827453387664203	26.12708748406254	0.0
193.0	27.81729385235771	23.917382997766456	21.83196938180916	26.43299682949312	3.569385735485316E-4
194.0	28.174269230254378	22.375230352545366	24.34530794733014	25.105192469870108	0.0
195.0	26.938593719597204	20.730041932426136	24.450406739178167	27.879975793797428	9.818150010621452E-4
196.0	29.155008093517935	21.801673465698965	25.872502709024385	23.170636770610283	1.789611484294817E-4
197.0	25.464404874416473	23.273673998338918	23.42250909299195	27.8384275567775	9.844774751553685E-4
198.0	28.39076264414872	22.045573370903103	24.005072277260574	25.558322668936157	2.690387514449623E-4
199.0	26.21353901288553	22.270688596952372	25.215784701460013	26.29917891730672	8.087713953732884E-4
200.0	27.513051574502047	22.639954489121518	24.479082880306567	25.367731313263853	1.797428060188676E-4
201.0	25.103246455017803	20.265425402357838	29.15068724615303	25.480461142033867	1.7975443746298184E-4
202.0	25.839494132821596	24.93283417749394	27.6671954842276	21.560476205456858	0.0
203.0	26.427952907070324	24.028795997478642	21.974932087880667	27.567599647153717	7.193604166535533E-4
204.0	26.043891511364077	22.75809847216964	24.020004154792083	27.17773606998037	2.697916938331914E-4
205.0	27.663927607539623	23.611816835276038	25.19113008897071	23.53222613830435	8.99329909284592E-4
206.0	26.01379154033715	20.39194453163717	25.27672571887527	28.317358327314786	1.7988183562217978E-4
207.0	25.978891616465365	23.579393914316118	26.765351163227912	23.6761833998836	1.7990610700275526E-4
208.0	28.69091030143045	21.70518782833858	20.992975949803277	28.61074597806323	1.7994236446066325E-4
209.0	27.2266785689218	19.683624380665794	25.752514681347716	27.336102527369487	0.0010798416952074827
210.0	24.962649492033094	23.7224326250837	24.556653970494	26.757543902597074	7.200097921331729E-4
211.0	25.797211044192974	25.05324943059569	25.518495512283828	23.630233793358	8.102195695033354E-4
212.0	28.976597231729194	21.160123066281425	24.26271913075432	25.59984004265529	7.205285797661164E-4
213.0	29.99243928220942	22.289969297538125	22.72991475944031	24.98722608168279	4.5057912935495995E-4
214.0	28.158236946002052	24.347863727281418	24.02285520527661	23.470773581604735	2.7053983518713243E-4
215.0	25.671259878117148	24.181359518255302	23.11099658221668	27.035931933669687	4.520877411888099E-4
216.0	26.094602157381296	24.202869924319735	25.844773160391682	23.857571866987094	1.8289092019737588E-4
217.0	30.018671640855686	21.768773938591867	25.218511650882707	22.99339764881095	6.451208587848872E-4
218.0	24.477829310006502	23.47510534553615	26.032321154388054	26.014186191202032	5.579988672622995E-4
219.0	26.820724674292872	22.275521981298546	23.775375949558477	27.127720017242073	6.57377608028271E-4
220.0	28.475336111433304	21.465395869815936	23.8351736123881	26.22343430114189	6.601052207721911E-4
221.0	25.51780520668055	21.79781170150036	23.922111538085378	28.762081646721683	1.8990701203155876E-4
222.0	26.77183801819535	23.597397921217503	23.77070981060515	25.859862214647496	1.9203533450154827E-4
223.0	30.65784037813651	21.836820984481584	24.25370601321616	23.250953778358785	6.788458069634063E-4
224.0	30.85716785171001	21.66281912334333	24.151458745425476	23.32816547514325	3.888043779372956E-4
225.0	31.634413415684275	19.26026853653745	23.82785277308887	25.27658559614349	8.796785459109121E-4
226.0	25.703260327931094	22.11636570723489	25.35721630322157	26.82286105244841	2.966091640367321E-4
227.0	27.750694569366992	23.256381043752874	25.29131938198317	23.700505686474386	0.0010993184225780016
228.0	28.003349437945037	27.934171897653385	22.504387603063492	21.557789852889794	3.012084482945578E-4
229.0	27.76762120449419	24.624564097318093	21.728438326417297	25.87937637177042	0.0
230.0	25.935410500651457	22.51990681178066	27.43315136131298	24.1115313262549	0.0
231.0	25.59016607928692	24.153872033593828	23.885241850235815	26.36916245947703	0.0015575774064051737
232.0	25.046611310733024	24.926246604629604	24.44353506861728	25.58308505285399	5.219631661032944E-4
233.0	23.033092935341887	24.7967745957151	22.41459461629649	29.75500958281475	5.282698317777548E-4
234.0	27.15595068921034	20.54419313571638	26.81427250258595	25.483865077395855	0.0017185950914775942
235.0	25.982080873279955	20.663142615269777	28.350478445471143	25.0039716305883	3.264353908193311E-4
236.0	29.090790785491826	22.99314911375206	23.97236706280935	23.943251899102723	4.4113884403977307E-4
237.0	28.014622421045605	24.157485922859497	22.65362444637333	25.174155927978454	1.1128174311722418E-4
238.0	27.830120176747066	21.84751343896879	24.339647068756857	25.982719315527287	0.0
239.0	28.08803938736349	22.506184240716788	24.253410607328398	25.150881775125367	0.0014839894659578524
240.0	25.24443890467853	21.0317996935621	26.676442263030957	27.047319138728408	0.0
241.0	28.852815330961224	21.650178850225004	23.12878393621205	26.36551381467867	0.0027080679230531935
242.0	26.77373912797255	23.854278257832814	20.849988437778734	28.52081435791918	0.0011798184967224642
243.0	27.65665223876716	22.716377123702493	24.836120021842785	24.78801389049768	0.0028367251898832923
244.0	27.44149137767671	22.13449876823953	25.979604889141555	24.443457456888385	9.475080538184574E-4
245.0	29.08390002208958	21.053862944849683	23.021973193226813	26.838482422157984	0.0017814176759387477
246.0	24.682486332784066	26.767874457921632	23.014461371896992	25.532203470491304	0.0029743669060040574
247.0	25.623940616050035	22.779871197996997	25.114959187251966	26.339759119499107	0.14146987920189993
248.0	26.200282047026146	22.868497066687045	23.346615734211877	27.57385822897872	0.010746923096212425
249.0	25.697623294801776	21.132058744954936	29.507611470576606	23.646413737665128	0.016292752001552602
250.0	28.25400830194573	20.902761508286925	23.735875578943574	27.106633747229182	7.208635945863144E-4
