# Position (bp)	A	C	G	T	N
0.0	23.63108342311115	25.521101690945713	26.291629584523868	24.55618530141927	0.0
1.0	23.3626497005988	28.52732035928144	24.057354041916167	23.961452095808383	0.09122380239520958
2.0	24.70349271572656	26.783713111692194	22.695648113559955	25.81714605902129	0.0
3.0	24.521126431954457	22.831945124938755	25.50570448659621	27.124892093044963	0.016331863465621425
4.0	25.13056047747832	25.28210388883708	24.389163480369298	25.1981721533153	0.0
5.0	26.672412186713874	25.92005962918103	22.791856889965526	24.615671294139567	0.0
6.0	23.59929325335937	25.53819686613661	25.063932673083183	25.789277909517832	0.009299297903008324
7.0	24.870117821690325	25.846553483625566	25.187865293626494	24.09314407644494	0.0023193246126727894
8.0	26.8879937028291	25.765152567486226	24.343658841505764	23.003194888178914	0.0
9.0	26.128375878653348	25.712171661117278	23.33055863854976	24.828893821679614	0.0
10.0	24.907570015713098	25.741750623902394	23.99020242166559	25.360476938718918	0.0
11.0	26.464741227188455	23.07400209966718	24.988273135428532	25.472983537715834	0.0
12.0	27.078035949145114	26.964050854888207	21.451117930732135	24.506795265234548	0.0
13.0	24.610564977854597	24.85038349357243	24.988657232364698	25.550394296208275	0.0
14.0	25.62154991655612	23.05190637168899	24.06607043519192	27.26047327656297	0.0
15.0	25.215001887821455	24.690607039476443	24.698997357049965	25.395393715652137	0.0
16.0	26.1111225902432	25.359009855982812	21.6356385726388	26.894228981135193	0.0
17.0	26.770676538790124	25.944835442008056	21.081322973027948	26.203165046173876	0.0
18.0	25.295774647887328	27.046277665995976	21.543259557344065	26.114688128772634	0.0
19.0	25.979046894092665	24.951423248732997	22.429438512850304	26.64009134432403	0.0
20.0	22.161183097470193	25.399574053064228	25.700125395593243	26.739117453872336	0.0
21.0	22.554815239526285	27.034935447517743	24.881867968919906	25.52838134403606	0.0
22.0	21.283730781299028	26.963053027925948	26.770866018198937	24.98235017257609	0.0
23.0	24.1344334562194	27.20658513273646	23.32299529912029	25.335986111923848	0.0
24.0	26.050745690490025	22.899477048227773	24.94867325198528	26.10110400929692	0.0
25.0	23.372667713880695	27.12731312976514	22.116010880809164	27.384008275544996	0.0
26.0	23.930924184151404	25.85963977000114	21.53383344122463	28.675602604622824	0.0
27.0	24.00843400957374	26.781779500037988	21.565610515918245	27.644175974470027	0.0
28.0	26.97701451123027	25.786493681802842	22.831752221680603	24.397240241478872	0.007499343807416852
29.0	23.91110781331157	24.66053275951621	25.743859909475404	25.684499517696818	0.0
30.0	21.651703583781	26.19949959526087	26.683346824637578	25.465449996320555	0.0
31.0	26.06739929419079	25.623068624403444	23.311817732999323	24.997714348406443	0.0
32.0	22.89312061634626	23.372824072391612	26.341897735945054	27.39215757531708	0.0
33.0	24.132963589872872	25.204379299168078	25.75179169517773	24.910865415781323	0.0
34.0	24.54456065075534	27.92169482434969	22.44390810762492	25.089836417270046	0.0
35.0	24.488604190260478	24.571772366930915	26.34661664779162	24.593006795016986	0.0
36.0	21.879144782216564	27.387836666843512	27.294109324986294	23.43890922595363	0.0
37.0	23.92899450131721	27.222899980551286	22.850474725507876	25.99763079262363	0.0
38.0	25.481253645860953	27.061568648247338	22.237542203602555	25.219635502289155	0.0
39.0	22.527569630991092	27.12074084546868	23.416513502050048	26.935176021490175	0.0
40.0	23.808514022159784	30.36102422732333	23.06101892593967	22.769442824577215	0.0
41.0	23.001219145891124	27.13394702899447	22.12838136296977	27.734685584041557	0.0017668781030796684
42.0	22.771524992490768	26.59858296376133	22.320971076205453	28.30892096754245	0.0
43.0	25.030033213200483	26.0811956752173	23.63260546957812	25.256165642004095	0.0
44.0	26.000247301761142	26.3323382381516	24.01476744802247	23.652647012064794	0.0
45.0	24.435731694394406	25.1810250432694	23.09173112924305	27.291512133093143	0.0
46.0	24.966445323537723	25.105962136196663	24.14170669680701	25.785885843458605	0.0
47.0	24.428276263973018	26.99595599272432	24.13159800095361	24.444169742349057	0.0
48.0	22.796207694073196	24.695891668579296	23.647181370385407	28.860719266962093	0.0
49.0	21.35720086149066	26.469653638385765	25.66465416799068	26.508491332132895	0.0
50.0	25.476177867217427	27.116100902045932	21.984501050327452	25.423220180409185	0.0
51.0	23.440753944442484	28.362924005506336	22.78775899191698	25.4085630581342	0.0
52.0	22.130352766955202	27.03841475239321	22.174426599439382	28.656805881212204	0.0
53.0	21.895689533737144	27.686998168756162	25.110931117058737	25.30638118044795	0.0
54.0	23.199915476588775	29.532127700787125	23.756361267146804	23.511595555477292	0.0
55.0	23.002374461349046	31.073784187846275	21.81162606630903	24.112215284495647	0.0
56.0	25.561516137542874	26.70301644534342	24.613490458183097	23.121976958930613	0.0
57.0	21.433722014105065	28.489772947114794	24.40598673912661	25.668759563129846	0.0017587365236813872
58.0	23.85148445194878	27.07541860137892	21.779583509216266	27.293513437456028	0.0
59.0	25.895181146676045	23.754836440379883	25.882870207527258	24.467112205416814	0.0
60.0	21.891307785567445	23.85570959183315	25.80605485565688	28.446927766942526	0.0
61.0	23.50564008855466	26.02523105035668	25.587728854060508	24.87964297009523	0.0017570369329163297
62.0	23.748199163709195	23.818475701886925	26.339646509012965	26.093678625390915	0.0
63.0	26.5675784887296	24.292415537869605	23.055570196243785	26.08443577715701	0.0
64.0	24.0869122628429	23.8833213401899	24.964459343243764	27.06530705372343	0.0
65.0	21.431078661939694	27.386008634911718	25.56425286952859	25.616904770262206	0.001755063357787216
66.0	23.847800905612694	25.288707922355997	24.923654743936254	25.938081364737265	0.001755063357787216
67.0	24.681911514364437	26.756287183447114	22.158263280742705	26.403538021445744	0.0
68.0	22.557829337639088	25.004387658394467	26.68573835515462	25.75204464881182	0.0
69.0	25.223770578117872	25.499315525290463	25.143037663659655	24.133876232932007	0.0
70.0	24.10811379661136	25.8199740414635	25.099098467043184	24.971059739713052	0.001753955168905883
71.0	24.318456393465585	24.089086547721184	26.81351005900583	24.7789469998074	0.0
72.0	25.823281219909312	26.45529508569828	24.200353647647894	23.519319315814354	0.0017507309301633433
73.0	24.557963656734707	24.557963656734707	24.00651237701761	26.874059031546516	0.0035012779664577573
74.0	22.883551572018764	29.182130102933968	23.965408584832996	23.963658007142357	0.005251733071913732
75.0	23.917305605153523	25.42625074396947	22.852991632531598	27.80345201834541	0.0
76.0	24.489295779578832	25.831918357344165	26.873457384424178	22.80182750713323	0.003500971519596688
77.0	22.32705503430892	27.298347570368296	25.4778742473043	24.896723148018484	0.0
78.0	26.359547021861275	28.332137293683164	20.566047643218454	24.74051773931003	0.0017503019270824216
79.0	27.563272307207615	23.112332411523788	22.603003465537157	26.721391815731437	0.0
80.0	23.336483601106096	24.92736882635024	28.16339388848052	23.567503237775213	0.005250446287934474
81.0	23.767938396919845	26.95834791739587	24.053202660133007	25.22051102555128	0.0
82.0	22.279974099158224	22.967746451759684	25.577081255140794	29.173448137064454	0.0017500568768484975
83.0	23.162002765089866	24.373042123869027	25.43007647748552	27.031378519801898	0.003500113753696995
84.0	22.74684120261804	27.473662104931574	25.644884673270095	24.132861992929893	0.0017500262503937559
85.0	24.526617899268487	28.339925098876485	22.09933148997235	25.034125511882678	0.0
86.0	24.141189647025882	26.232434418913954	23.540941147647132	26.081934795163015	0.003499991250021875
87.0	22.309913378248318	23.030886341762184	26.48000699973751	28.17744334587453	0.0017499343774608454
88.0	23.34639882410583	28.993140617344437	26.058654721075104	21.60180583747463	0.0
89.0	26.018408343249106	27.94673479386855	22.865192132708057	23.16791488766011	0.0017498425141737246
90.0	23.824604993788384	26.78168361008556	24.510507252716486	24.883204143409564	0.0
91.0	24.68023306678798	26.403737467410892	24.59274553376144	24.323283932039686	0.0
92.0	24.196511363437548	25.632905855800693	24.658397046730933	25.51218573403083	0.0
93.0	24.756822953114067	27.333799860041985	21.94366689993002	25.965710286913925	0.0
94.0	25.853743876836948	25.972708187543738	23.934569629111266	24.226731980405876	0.01224632610216935
95.0	23.61184003358875	29.01403029984955	23.512123438648054	23.856757986074665	0.00524824183898394
96.0	24.468196767196137	27.13246098943391	24.916031068504655	23.4833111748653	0.0
97.0	24.310755020642365	25.718983975928904	23.892659715905115	26.077601287523617	0.0
98.0	26.670514973411695	24.896795410019593	24.31255247691016	24.120137139658553	0.0
99.0	22.14780358142138	23.385912143256853	28.19494963626189	26.27133463905988	0.0
100.0	22.796985117954637	26.880366542503893	24.963712991623385	25.358935347918088	0.0
101.0	22.23446298044976	23.02136886650579	29.358584268876996	25.383835204420663	0.0017486797467911725
102.0	23.488465641779037	26.06992322087553	25.176207216188327	25.26540392115711	0.0
103.0	25.24001888673207	27.69529405592571	25.378171834286412	21.684766451567775	0.0017487714880296593
104.0	24.425985835446358	28.38156859316254	23.28582670280668	23.90661886858442	0.0
105.0	26.911978173805068	23.620559995802655	21.908392941464523	27.553822207453788	0.005246681473967715
106.0	23.318001364137185	24.23791951590619	27.039647423004947	25.40443169695168	0.0
107.0	24.908623493817878	25.924695265910003	23.726412619576433	25.440268620695683	0.0
108.0	22.21425573587017	25.49664241745943	26.36052042529379	25.928581421376606	0.0
109.0	24.70623207665944	25.82359935650836	26.96020144086172	22.509967125970483	0.0
110.0	24.2502666689982	25.8048157798101	23.571790791613477	26.373126759578223	0.0
111.0	23.456790123456788	25.296401217081105	26.078061063896758	25.166998915818557	0.0017486797467911725
112.0	25.021856968001398	25.285889141458295	24.110858541703095	25.581395348837212	0.0
113.0	25.86550566512799	23.879213876066583	24.057560497971746	26.19771996083368	0.0
114.0	25.250017483740123	23.71144835303168	27.668018742569412	23.370515420658787	0.0
115.0	24.57164836701867	25.764039443317717	26.43191831596615	23.23239387369746	0.0
116.0	25.720380472793398	26.154007553503988	25.519303399076794	22.60630857462582	0.0
117.0	25.396464602311468	26.91063591698285	24.023919011067786	23.667232003916563	0.0017484657213295333
118.0	24.808546351015842	26.19155855509319	26.555233066405563	22.4446620274854	0.0
119.0	26.28210732457904	22.47906139077827	25.297686698956127	25.94114458568656	0.0
120.0	23.8648086304268	23.915514136345355	26.97532914867204	25.244348084555803	0.0
121.0	25.94373437308762	24.2791950063819	25.684961446330846	24.090360708478308	0.0017484657213295333
122.0	25.866349617092705	26.175822638738328	24.62146378990803	23.336363954260936	0.0
123.0	23.164207287222883	28.021190293027487	25.91439960836422	22.900202811385412	0.0
124.0	24.119662901702977	25.40825960765115	24.242053362240796	26.230024128405077	0.0
125.0	26.502885119776188	23.81185521944396	25.58314390627732	24.102115754502535	0.0
126.0	25.0760569290485	23.80144770430465	26.42584886526559	24.696646501381263	0.0
127.0	24.253444296803973	24.592628855164698	27.70997971886146	23.443947129169874	0.0
128.0	25.098786586005524	22.83805993635696	27.23887121026681	24.808546351015842	0.0157359163548624
129.0	22.525483887888377	29.0629972199395	24.002937422411833	24.403336072596296	0.0052453971639886
130.0	24.555421497141058	28.23794785710539	23.51676021612548	23.689870429628076	0.0
131.0	23.97314168808687	26.618755355050794	24.831698403539143	24.57640455332319	0.0
132.0	24.966339680707826	25.802164751962792	23.487034219867457	25.7304726433405	0.01398870412142195
133.0	25.348861609484842	25.749309271500014	26.558947994264333	22.33938376525723	0.003497359493582345
134.0	25.41397821259333	23.815768766720876	23.161796849044396	27.6084561716414	0.0
135.0	24.03434226861809	25.12895836611936	27.248247040514784	23.588452324747767	0.0
136.0	27.27813237737169	25.92288187461747	25.95086123983562	20.83588353589228	0.01224097228294133
137.0	27.4404532894967	24.55318107096639	24.136966178167953	23.86765065929838	0.0017488020705816517
138.0	24.769150052465896	24.991255683805527	27.819167541098288	22.416928996152503	0.0034977264777894365
139.0	24.689997726358502	24.766951746331568	25.921262045927556	24.618290571383596	0.003497909998775732
140.0	24.459991254919107	23.373852208132924	27.538259728902492	24.627896808045474	0.0
141.0	23.829095106509495	27.019133233061666	26.64661233341495	22.5034104026024	0.0017489244114869355
142.0	27.59278044002938	24.78575675959285	23.71891286858582	23.902549931791945	0.0
143.0	23.5072930147959	28.62814369162965	23.94802196649061	23.91654132708384	0.0
144.0	27.278768800279817	28.312346974466596	22.780692549842602	21.62644281217209	0.0017488632388947183
145.0	26.709106490144986	24.082267965511814	23.636300040224558	25.57232550411864	0.0
146.0	26.759824411060006	22.99095821892653	24.890256912502842	25.34671820073803	0.012242256772591336
147.0	24.631015668718522	25.881365416899833	26.65605763850028	22.826315053161725	0.005246222719641858
148.0	24.218312814773363	26.140179071068832	24.61352825965305	25.026231113598207	0.0017487409065472862
149.0	26.84479261383507	26.811568860600126	23.263621738826327	23.07651954955585	0.003497237182625726
150.0	23.983981533296028	25.075195858981537	25.90060156687185	25.040221040850586	0.0
151.0	24.64982075719157	25.728775028416546	26.085511934947974	23.53589227944391	0.0
152.0	26.75014427869397	24.72674489778073	24.055193158566656	24.46791766495864	0.0
153.0	24.873211849882832	23.584344723864152	27.578608653072646	23.96383477318037	0.0
154.0	23.059704102689658	26.6202651183939	25.87877304046728	24.441257738449163	0.0
155.0	26.15928212842624	24.87362031870419	25.50333222550683	23.462016127621613	0.0017491997411184382
156.0	23.985517386133072	24.086965647519765	27.81431469950325	24.11320226684391	0.0
157.0	24.232195326710507	24.623968098502868	27.196725898978592	23.94711067580803	0.0
158.0	25.293387201147315	23.563670706752717	25.553981496056107	25.588960596043865	0.0
159.0	26.43113248797551	22.476606908613906	25.310013117621338	25.782247485789245	0.0
160.0	25.55662439877569	23.233930913860952	26.252732837778748	24.956711849584607	0.0
161.0	23.719327701698234	22.781887822026338	27.87834269024258	25.613445966035293	0.006995819997551464
162.0	23.75214243240407	25.959285039700585	25.702193151212004	24.58637937668334	0.0
163.0	24.603438325259276	25.184071075045033	26.71435317161895	23.498137428076742	0.0
164.0	25.56317335945152	25.74156988946411	24.672939694976915	24.01881908493074	0.003497971176717504
165.0	25.82552119770533	23.69700573667273	27.543025045473623	22.934448020148317	0.0
166.0	24.480086754237142	25.57500918265615	25.47531177303972	24.46959229006699	0.0
167.0	25.710987511806067	25.090075908629792	25.97159548046315	23.22734109910099	0.0
168.0	24.268448393472443	25.14998338376506	25.6904482885278	24.89111993423469	0.0
169.0	25.167926112510496	23.779037223621607	26.018052057094877	25.03498460677302	0.0
170.0	30.121388092073044	22.846848107465192	23.763380675855313	23.26838312460645	0.0
171.0	23.211068548739746	23.97369295621906	28.960486960172116	23.854751534869077	0.0
172.0	25.201545913995417	25.31346728922932	25.951768882360142	23.533217914415122	0.0
173.0	26.11295681063123	23.993705193215597	24.165063822346564	25.72827417380661	0.0
174.0	22.960709227298956	28.449527006941892	23.525503156201367	25.06426060955778	0.0
175.0	26.18860270331707	24.688314186294566	23.362884470789837	25.75845005158335	0.0017485880151777437
176.0	23.604602364132337	25.215080086731483	29.682800587535844	21.494019724417708	0.003497237182625726
177.0	21.940087088820103	26.805169368518616	26.48164664323313	24.748614098595738	0.02448280083241523
178.0	23.313462580633885	22.74181424051186	26.40595772948971	27.538765449364544	0.0
179.0	27.923485802210102	24.900335711288292	23.950902224087283	23.225276262414322	0.0
180.0	26.312563482890265	23.041224475499984	26.18822458057511	24.457987461034637	0.0
181.0	27.185742074549186	23.435501112805145	26.447961025533186	22.93079578711249	0.0
182.0	25.014015416958657	24.99124036440084	24.639103013314646	25.355641205325856	0.0
183.0	23.54023230146634	25.4813335435609	26.648096564531105	24.32858569401377	0.0017518964278831835
184.0	24.607595823698407	23.500455469133207	27.417490014715156	24.46745147501927	0.007007217433956976
185.0	23.52663012067184	26.54955601870501	26.14322994202848	23.780583918594672	0.0
186.0	26.39331628542404	24.424633061267382	24.564752863698462	24.617297789610117	0.0
187.0	23.970825443579493	23.585104144750684	28.964162984781545	23.479907426888282	0.0
188.0	26.786121289689145	28.525343198274804	22.06287146939706	22.625664042638988	0.0
189.0	23.320359071463635	27.07062206325829	26.788344203660845	22.818921382986186	0.001753278631040045
190.0	28.54663394109397	23.155680224403927	24.544179523141654	23.753506311360447	0.0
191.0	25.11405109489051	25.18774564851207	26.052779337450872	23.64366928691746	0.001754632229084784
192.0	26.294177517284943	24.581476152037343	24.61130804057137	24.513038290106344	0.0
193.0	26.12633167769451	25.83147585867982	23.132141039366765	24.91005142425891	0.0
194.0	27.431640282214186	25.38699147039208	24.207588893959073	22.973779353434658	0.0
195.0	24.688042963196967	22.578493831060566	27.71898418715667	25.014479018585796	0.0
196.0	26.407534968721446	23.17424615168342	27.047163843396362	23.371055036198776	0.0
197.0	23.562289088863892	26.163526434195727	25.404246344206978	24.869938132733406	0.0
198.0	27.631231632850582	24.674890457001073	24.220880919281328	23.472996990867017	0.0
199.0	25.516135851183762	22.88789458850056	26.53783821871477	25.0581313416009	0.0
200.0	26.791282746956536	24.899138492979333	25.332534662884726	22.9770440971794	0.0
201.0	24.154274437944885	22.33244062301783	28.88152794418211	24.63175699485517	0.0
202.0	24.921591429678966	25.381470909539416	28.447334108609084	21.249603552172534	0.0
203.0	24.552808275910685	26.068413725040973	24.510512309888444	24.868265689159898	0.0
204.0	25.155547721864814	24.31479686260686	26.112628888693045	24.417026526835286	0.0
205.0	27.929357021996616	24.728567399887197	24.880146644106034	22.461928934010153	0.0
206.0	24.373777080505562	23.44127342276437	27.128981649597208	25.05596784713286	0.0
207.0	25.97496473906911	23.039492242595205	26.581452750352607	24.404090267983076	0.0
208.0	27.491227142076212	23.174452027015114	23.463647745507767	25.87067308540091	0.0
209.0	25.410905756207676	21.827384311512414	26.412598758465013	26.349111173814897	0.0
210.0	22.551855510088895	24.439113870467054	27.8379427120079	25.171087907436153	0.0
211.0	24.90518108208231	26.240584260941663	26.53165628803782	22.322578368938203	0.0
212.0	26.541630643823773	23.34456657903559	26.995077368244612	23.118725408896022	0.0
213.0	28.47334980585951	23.194493469819978	24.777620896576067	23.55453582774444	0.0
214.0	27.326987939041835	25.001324409754723	25.5328541913154	22.138833459888044	0.0
215.0	23.04018678364228	25.92330550445734	26.351351351351347	24.685156360549033	0.0
216.0	26.90988351318516	24.240691774458657	25.700350175087543	23.149074537268636	0.0
217.0	27.569017024799336	23.18864053557931	27.270273188640537	21.972069250980816	0.0
218.0	23.84289942440034	25.030414177546167	26.76810778421368	24.358578613839814	0.0
219.0	23.96345363179534	25.125628140703515	26.16719963453632	24.743718592964825	0.0
220.0	26.594727747343654	22.39052906356851	26.605757564616344	24.408985624471487	0.0
221.0	23.74019326001076	23.482389598827826	27.805701355787598	24.971715785373817	0.0
222.0	23.17137179919769	25.949462002774343	26.673040152963672	24.2061260450643	0.0
223.0	29.913426488456864	23.371051032806804	25.149984811664645	21.565537667071688	0.0
224.0	29.0425714122595	23.828191904390355	26.37258073724475	20.75665594610539	0.0
225.0	27.991727149121964	20.72425745418334	26.905915471380148	24.37809992531454	0.0
226.0	25.525606991299632	22.483384037049237	27.46526633983762	24.525742631813515	0.0
227.0	25.50974615129461	23.782950576574116	28.4013970459113	22.303955044779613	0.0019511814403621395
228.0	27.938463953534004	25.65048467485577	25.034339311643972	21.374749813586593	0.0019622463796554294
229.0	25.75104751363744	24.922918807810895	25.389358842596256	23.93469839513005	0.0019764408253616886
230.0	25.432570734524024	24.0248491726898	28.23407602094658	22.308504071839597	0.0
231.0	24.42171803595515	26.32416000644213	25.794697320475912	23.459424637126812	0.0
232.0	24.345327235196503	25.65669648277816	26.22738495163314	23.76856761241753	0.0020237179746630508
233.0	23.756078544021996	25.19646264644931	23.94074317253832	27.106715636990376	0.0
234.0	26.714104931228345	21.627284608841773	25.99423272410431	25.66437773582557	0.0
235.0	23.932054105064484	23.292439970640665	28.637936458005665	24.13756946628919	0.0
236.0	27.574615681068813	23.66291268787736	25.403588404059434	23.35888322699439	0.0
237.0	26.940767453410785	25.103111706147835	24.18752294370425	23.768597896737134	0.0
238.0	24.826209951536153	23.604745509966886	26.995022038990374	24.57402249950659	0.0
239.0	27.501227733380958	24.3314433680075	25.085941336666817	23.0791553194339	0.002232242510826376
240.0	24.653266563588954	22.451711167008977	28.479449841921863	24.41557242748021	0.0
241.0	28.991567517615803	20.334989026221557	26.07369758576874	24.599745870393903	0.0
242.0	25.290973459518245	23.634218016058494	23.960478515399032	27.11433000902423	0.0
243.0	27.59555874921768	23.84970213949607	25.764354094712687	22.785749055422915	0.004635961150645558
244.0	25.223592817153346	22.491695123934306	27.539665946523566	24.745046112388785	0.0
245.0	27.015762881557198	22.00284057836038	25.76311439148758	25.218282148594845	0.0
246.0	23.885922160296623	26.55131404052888	25.926357764148968	23.636406035025534	0.0
247.0	23.959549722079498	23.987575318791162	26.941940305479008	24.980148535662572	0.13078611798776216
248.0	26.95788415218764	22.79073030423497	24.935107452704443	25.302247269836077	0.014030821036877675
249.0	26.683221665182966	21.344234643677083	28.259851005013353	23.698636555310877	0.014056130815724124
250.0	24.98885996388283	23.764628626374915	27.085532024672247	24.160979385070007	0.0
