# Position (bp)	A	C	G	T	N
0.0	25.070759060177313	23.403955698406236	24.099243740782754	27.426041500633698	0.0
1.0	23.14557865103544	29.147352589564612	23.996760633990206	23.639813350815626	0.07049477459411516
2.0	24.588664180863006	26.870551851492486	21.769725868529633	26.770288023632077	7.70075482798824E-4
3.0	26.867405729480847	22.020152901057504	23.440827783180886	27.66745866623989	0.004154920040872102
4.0	26.764894928973646	22.76902826599746	23.709485454897727	26.756437580152603	1.53769978564465E-4
5.0	28.54094691517519	22.947047284312657	22.351634543155903	26.159449565806476	9.216915497782563E-4
6.0	25.895204006833456	23.782599227709227	23.295393552384194	27.022662654925885	0.0041405581472382475
7.0	25.643023804128823	24.21474545443411	23.586266236351054	26.555352101463033	6.124036229798336E-4
8.0	27.695100207050732	24.52022032400229	23.085086536197178	24.6995929327498	0.0
9.0	26.92995931468043	25.431909677675247	21.832014022476848	25.806116985167478	0.0
10.0	26.07182704442778	23.7227089544504	22.67298300806614	27.53248099305568	0.0
11.0	27.904201027794333	22.48010983699407	22.488412849504932	27.127276285706657	0.0
12.0	28.7426716764865	23.91643152677671	20.224564686618226	27.11633211011857	0.0
13.0	25.12557205045206	22.5428104655697	25.291116964294773	27.040500519683462	0.0
14.0	27.251123965542725	22.08812923056612	22.82285040244639	27.837896401444763	0.0
15.0	25.218088527367666	23.283694996217626	24.305785756177166	27.19243072023754	0.0
16.0	26.875538265907895	24.415950956211503	21.334103830010566	27.37440694787004	0.0
17.0	28.95007180016102	26.13196691294968	18.666944632269338	26.25033088421864	6.857704013265543E-4
18.0	26.032914835112425	25.348619827931557	19.935031489561165	28.683433847394856	0.0
19.0	25.30673077053593	24.48986794186673	21.984306134886882	28.218823679520472	2.7147318998643993E-4
20.0	24.16222353006137	25.22089986815365	23.420436318483674	27.196440283301303	0.0
21.0	24.419150858175247	24.089263608685467	22.95426411054234	28.53732142259694	0.0
22.0	23.557254663627024	26.88820830203902	24.961982383180423	24.592554651153534	0.0
23.0	25.95304199434158	23.000731737599427	22.840119297003575	28.205974888456243	1.320825991742196E-4
24.0	28.429193251971714	20.845586260827876	24.06254461812128	26.662675869079134	0.0
25.0	24.6463543099109	24.73392248335556	20.116679726216486	30.503043480517057	0.0
26.0	26.88422457718469	24.610620051663442	19.619714727953642	28.88544064319823	0.0
27.0	25.150443503971243	24.14375068441971	20.03968023911209	30.666125572496956	0.0
28.0	27.60094860450587	23.205492726090448	22.72545294590149	26.466448215629022	0.0016575078731623975
29.0	28.129236730812035	22.87303466278152	21.616432950889333	27.381295655517107	0.0
30.0	24.716734100447617	22.942745638604404	24.483178866584247	27.857341394363733	0.0
31.0	27.025658444750555	24.33284408775336	21.70169723511488	26.939674891925193	1.2534045601364708E-4
32.0	25.31738826295971	22.10741341588653	23.71134659939375	28.86385172176001	0.0
33.0	24.80000492144149	24.13462603196476	24.971517157375395	26.09385188921835	0.0
34.0	26.692519951107286	26.276419511219217	22.228985768901403	24.802074768772094	0.0
35.0	26.548877876901773	21.498024971513434	25.2085893499504	26.744386967832835	1.208338015643144E-4
36.0	25.33113582304005	23.720191738810207	25.272575795993767	25.676096642155976	0.0
37.0	26.507158436767845	24.166921153992394	20.749387721600122	28.576532687639638	0.0
38.0	27.55237497586407	24.405893994979728	21.441035914269165	26.600695114887046	0.0
39.0	23.512590644192137	27.40633936220273	21.131770412287793	27.949299581317344	0.0
40.0	27.19516667631787	26.477840832319956	21.96397205010906	24.363020441253113	0.0
41.0	24.8069393279245	24.284270229453302	20.632220927511476	30.272950758370786	0.0036187567399344283
42.0	26.21186738116517	24.48882118601445	20.18385913620942	29.115452296610954	0.0
43.0	26.315453068676952	25.128286145337498	22.553880181041748	25.99984804649295	0.0025325584508460552
44.0	30.14330123404984	23.790247702284574	22.18890102761117	23.87742945272048	1.2058333393625001E-4
45.0	25.92673863715828	24.226019816400495	21.454062747915998	28.390767457506144	0.0024113410190809413
46.0	26.310542083340867	23.706275580631356	21.447042441997144	28.536139894030633	0.0
47.0	25.774678447870585	23.677688440999553	22.511542124233035	28.035247176247935	8.43810648890389E-4
48.0	23.207601740157386	23.42994179390463	22.412600474807487	30.949855991130498	0.0
49.0	22.63176033103661	25.365897155967502	23.906767018766615	28.09461149711162	9.639971176486182E-4
50.0	27.426965127851695	24.85173734194755	19.58621404284134	28.13508348735942	0.0
51.0	25.309861598365398	26.40232854003624	20.33966710358919	27.94657658352288	0.0015661744862947686
52.0	24.225408290023477	25.079952040789355	20.699709505582828	29.994930163604337	0.0
53.0	24.083014706763674	24.536083709892008	22.284642399108247	29.095420167563617	8.39016672459877E-4
54.0	23.963771555133683	27.657447757115534	21.86686513929039	26.511915548460397	0.0
55.0	24.72959567831148	27.520048762414696	22.3238637042703	25.42565524494747	8.366100560528738E-4
56.0	27.26538357667112	24.452758850620317	23.833878642598176	24.447859432097644	1.19498012748048E-4
57.0	23.392840713706214	27.218861382175508	22.265980187041404	27.11801626665169	0.004301450425186426
58.0	25.770636425436944	25.03766414218348	21.530388779968533	27.66119117852624	1.1947388480089078E-4
59.0	28.265313070809327	20.94079531322611	23.309747347621908	27.48259124885465	0.0015530194880053138
60.0	23.9537740462021	22.172357452086487	23.349592720247113	30.524156519457595	1.1926200670252478E-4
61.0	25.470735121908174	23.175312611050558	23.006217638823635	28.342249177778676	0.005485450438955285
62.0	25.88222388622066	21.09479703723488	24.779414219555584	28.243445621431878	1.1923555699698096E-4
63.0	27.887539896486725	22.658462228146504	22.005095781375005	27.447352137092494	0.0015499568992754546
64.0	26.15094106287546	21.19983732954086	23.126316941034336	29.522666844240657	2.3782230868384379E-4
65.0	24.596237695103724	25.987512886031006	23.335041562280402	26.07728408243731	0.003923774147560066
66.0	24.555316700116997	23.508527456221287	22.871108426629633	29.06457181991991	4.755971121743349E-4
67.0	26.971914881474664	23.773906592191523	21.072042573529938	28.181898164991452	2.3778781242346205E-4
68.0	24.445506510305208	22.067033792716447	26.65765495857943	26.829566962459932	2.3777593897718303E-4
69.0	23.93654077059334	23.588929705053673	24.93907295790387	27.533197807815306	0.0022587586338076726
70.0	26.876365940300843	22.566579578703077	24.211047120046132	26.345651415594677	3.559453552690591E-4
71.0	25.741070425200952	22.067745884913617	24.961525494904567	27.22906673448747	5.914604933963436E-4
72.0	28.359561193411984	25.112983825660134	21.460599071527838	25.065436588899733	0.0014193205003104764
73.0	26.66948141262402	22.023731383353024	21.30656249741292	29.99821417378336	0.002010532826679061
74.0	25.62215469025293	24.941527037093973	23.104447256086747	26.33068855017796	0.00118246638839291
75.0	26.773609601925873	23.614272353316064	22.019350940647737	27.591702956084973	0.0010641480253551004
76.0	26.915791937913376	23.80554892135836	24.658010418711115	24.619584623060682	0.0010640989564736233
77.0	24.710552978883637	24.176171058962897	23.870320168070208	27.24260111581782	3.5467826543412025E-4
78.0	27.74013777384236	25.279738591453388	19.560599092778045	27.41893344083492	5.911010912908347E-4
79.0	27.197156242353028	20.831092191606093	21.34591446266386	30.624300320478344	0.0015367828986799033
80.0	23.65568900851191	23.08216044851541	27.569205818974435	25.690344223520107	0.002600500478137474
81.0	25.647717695674633	23.83319799198354	21.23653530872603	29.28231259951135	2.364041044480614E-4
82.0	23.08524230923341	22.172408861446232	23.34551153777509	31.39589171759961	9.455739456555014E-4
83.0	25.727816833157625	21.327231554015402	23.33032341636607	29.614155434633588	4.72761827319015E-4
84.0	24.52654917459297	24.84470434733279	24.382717508462076	26.245201671614698	8.272979974661043E-4
85.0	25.674385294819768	25.787245709531565	20.613984291721128	27.923911990148643	4.7271377889758417E-4
86.0	25.61465578566989	25.247268524755214	21.49457722695292	27.641962266291365	0.001536196330617811
87.0	23.517672136726283	20.807653041932923	25.07715903505123	30.59704314288955	4.726434000075623E-4
88.0	25.005169213464296	27.11940705872345	24.671740175835964	23.203210938173843	4.726138024497936E-4
89.0	26.223515553649428	26.362339953189597	21.912752113970697	25.50080163706458	5.907421257028354E-4
90.0	24.25298192884957	24.733823862991947	24.36545404710597	26.64762201807115	1.1814298136176326E-4
91.0	27.528470843965597	24.563604574236837	23.056067479444287	24.85103014837917	8.269539741045269E-4
92.0	26.10169171178174	23.09001711675422	22.69464253861901	28.113648632845035	0.0
93.0	26.893583243955792	25.596860840353603	20.62695784057567	26.88224371482974	3.543602851891575E-4
94.0	27.96173544113617	23.04649481711062	23.180673539389016	25.80755275019135	0.0035434521728448724
95.0	24.005621925509487	26.245770268754022	22.97962052002811	26.767451885884363	0.0015353998240195585
96.0	26.42172580559443	23.881970155951983	23.310598947722724	26.385468889321924	2.3620140894140435E-4
97.0	25.598983428754984	24.682675774238046	23.271073068420158	26.44714963248493	1.1809610188386902E-4
98.0	28.470562394308978	21.928111212931384	23.934587297238572	25.666739095521063	0.0
99.0	22.321022697083727	21.48176310634675	26.099225798376974	30.097988398192545	0.0
100.0	22.57960926173419	24.48749250305781	24.265889975584763	28.667008259623238	0.0
101.0	24.580024885665246	20.84080021344062	27.935930036809065	26.643244864085077	0.0
102.0	25.838037962877696	23.52763394322333	24.267624356876553	26.366585678564597	1.1805845782597712E-4
103.0	26.030416392695628	25.275023639224703	24.679586688371863	24.01473718258217	2.3609712563554393E-4
104.0	26.371396428567213	26.403151416992575	21.489627687516748	25.735588370355245	2.3609656821833264E-4
105.0	28.29090351027347	22.27273532172096	19.764840600412	29.66821511418571	0.0033054534078634378
106.0	26.93300216502853	22.83337779865943	24.16296974862531	26.070650287686725	0.0
107.0	26.74269673399668	24.38777931369899	22.45783069951046	26.411221065231533	4.721875623435141E-4
108.0	24.303775952368866	23.710511498777706	24.281230486663354	27.704482062190074	0.0
109.0	27.10990559690658	23.74878720707067	24.886510909824864	24.254324152697418	4.721335004685925E-4
110.0	24.897168155589156	23.449201363930896	22.75755762419195	28.89595482834606	1.1802794193497369E-4
111.0	25.40909112369046	23.561453371165804	24.391202534334855	26.63778085179712	4.7211901176048463E-4
112.0	25.92458392985496	23.070486136109615	23.036140653602793	27.968671254719553	1.1802571308185203E-4
113.0	28.412399605799703	21.474710398508176	22.478386847400817	27.63403105212532	4.72096165989012E-4
114.0	26.12211511336529	22.260412621559766	27.359224378169937	24.257893786361702	3.541005433082669E-4
115.0	27.53092875379638	22.486127652743367	25.69556498018742	24.286906463610837	4.721496619998607E-4
116.0	27.293609115299855	24.378918095211116	23.750842490064226	24.576630299424803	0.0
117.0	26.815578492105463	25.836551899977334	23.79315554884037	23.554241897710963	4.721613658683992E-4
118.0	26.79889467676614	24.29444753314848	24.081858132872508	24.824445538278486	3.5411893438530264E-4
119.0	28.014250115976964	20.742228953279877	23.942130741744975	27.301036060867546	3.541281306402283E-4
120.0	25.841932673716116	23.406259517114872	24.613236255810605	26.138571553358403	0.0
121.0	27.87985386036464	23.32532595158977	23.62102852555968	25.173319482727074	4.721797588341882E-4
122.0	26.345400394509916	22.82467681941433	25.078884275911406	25.750684372000894	3.5413816346309353E-4
123.0	25.403057309803458	27.1001593578469	22.4909402112967	25.005488992504276	3.541285486631647E-4
124.0	25.647850963292086	24.48772172952274	22.40897978745129	27.455447519733884	0.0
125.0	27.350600877974735	23.22100340306689	23.38956321996466	26.038242303556398	5.901954373171133E-4
126.0	24.55027266932647	23.562289005878327	24.338629334970136	27.54880898982507	0.0
127.0	26.193719428128954	22.52119964494136	27.3442369072126	23.940135791044213	7.082286728738975E-4
128.0	26.584377781292716	23.561046202805077	24.1888953679156	25.657181843721155	0.008498804265455429
129.0	24.543847099955855	26.107007367851992	21.59576200964596	27.751022788168946	0.002360734377250075
130.0	26.165025165487872	23.639387529627285	23.70336358228123	26.492223722603615	0.0
131.0	26.81485905709129	23.812452268507425	23.922345361767828	25.44998919955098	3.541130824717565E-4
132.0	27.466123701605287	24.72733711048159	21.9157223796034	25.88609537299339	0.004721435316336166
133.0	27.03137190562579	25.39886192891364	23.952135388203576	23.61597831975761	0.0016524574993832793
134.0	27.885914872873503	22.36814926814183	20.704132422597485	29.041685404265916	1.1803212126148009E-4
135.0	26.60756523504445	22.89635571334822	26.53792768080978	23.957915311291668	2.3605950588024232E-4
136.0	27.490179507275663	26.360232670135314	24.427177269336457	21.717217023446427	0.005193529806139696
137.0	29.8304464575526	21.240166425683853	22.7342205435392	26.19516657322435	0.0
138.0	25.29720351935231	24.175424723981045	25.949971380183285	24.576574237444163	8.261390392002975E-4
139.0	26.88508724824294	24.05171752459297	23.753120223770942	25.30913082220478	9.441811883700482E-4
140.0	28.398662109467203	21.565223343687745	24.82414812157148	25.211730382483736	2.3604278983694165E-4
141.0	26.74733831934975	24.499618200336833	24.691521214960883	24.061522265352536	0.0
142.0	29.608879205649114	22.126373360494664	23.073046431947766	25.191701001908452	0.0
143.0	26.875581997811864	25.339402830412478	23.727335279128805	24.057679892646853	0.0
144.0	28.80914248486658	23.807118401221768	22.990639645838474	24.392745400963296	3.5406710988000663E-4
145.0	29.086132482642146	21.60080537134535	21.92205695429423	27.38982498751934	0.0011802041989304988
146.0	27.567014470381213	21.114175686313384	24.28335558002495	27.031795656171187	0.0036586071092637113
147.0	26.924788134343064	23.771320807266864	25.918123851570712	23.382580813427225	0.003186393392128192
148.0	24.636451397428665	24.135709076146348	22.992369078837115	28.234880367077288	5.900805105848642E-4
149.0	27.971841457729735	23.797508688904756	24.388767267169804	23.83987631956287	0.002006266632835504
150.0	26.12860663167038	23.71820593678009	23.893698780165415	26.259488651384117	0.0
151.0	27.255506878286894	23.135852067262753	25.218221559204252	24.39018345245626	2.3604278983694165E-4
152.0	27.851305801042376	22.92398406224035	23.926231210816525	25.298478925900746	0.0
153.0	25.158212534728865	22.127448133906462	24.66734649076218	28.046520740536163	4.721000663300593E-4
154.0	23.4704547975989	23.74698741145173	24.710307596798216	28.070361793885834	0.0018884002653202373
155.0	28.61970547547439	23.08780966860089	23.421734757954475	24.870632061530035	1.1803644020982158E-4
156.0	26.746043081397612	22.28988405157303	25.669775386071787	25.294061405569256	2.3607538831450434E-4
157.0	25.164867981675958	22.331157127124516	25.90920840941793	26.59441237120703	3.541105745680146E-4
158.0	24.6162544736867	20.722612538598828	26.071678140079513	28.589336808408174	1.1803922679584881E-4
159.0	27.01132736510095	21.090548095265078	23.699879124407428	28.197773244943058	4.7217028349103826E-4
160.0	27.68609674906155	20.445498973015084	24.785985787473145	27.082418490450223	0.0
161.0	26.24178693606382	20.12923697301228	28.154725507185475	25.470473105535657	0.003777478202770308
162.0	26.789312701348955	22.38805617761324	24.380621391360396	26.441891679721024	1.1804995638054112E-4
163.0	25.712525071037064	23.022973864735043	26.89740087570078	24.36698213773458	1.1805079253399568E-4
164.0	25.885823634476967	23.234284783370892	24.435687698989366	26.44255117206729	0.0016527110954759395
165.0	26.96974884160198	21.916477289496207	25.32703715727651	25.786264498421037	4.7221320426172415E-4
166.0	24.614489208531175	22.7901749348923	25.265094007730287	27.330123793175908	1.1805567033190172E-4
167.0	26.97016957076625	22.652448994771085	26.302063349078715	24.074963902902052	3.5418248189832363E-4
168.0	25.804813948573607	23.73751028634104	23.566553364415693	26.89100433649706	1.1806417260037521E-4
169.0	27.75858486155125	21.6572053329807	24.894681659968168	25.689410075611956	1.1806988792806237E-4
170.0	32.46558812486274	21.36027562560069	22.88079759512413	23.29322058313045	1.1807128199436563E-4
171.0	26.059635724760373	22.958006569517156	25.878985810126316	25.10289960823764	4.7228735852041816E-4
172.0	27.50603469136021	23.494160071294935	24.06097841675667	24.938590744642553	2.3607594563170972E-4
173.0	29.404579540063303	19.271857378554383	23.080627001867033	28.241991941784466	9.441377308121708E-4
174.0	25.183874729144733	25.144456141510368	23.30582686978648	26.365134141217677	7.08118340737104E-4
175.0	25.520868371637945	23.529453420151615	22.297875454243957	28.651094611389055	7.081425774265391E-4
176.0	24.711095059197334	23.560078418319954	27.6788106476121	24.04859952953729	0.0014163453333191699
177.0	23.304020397082084	25.538374371444085	23.35324252225029	27.78075497532992	0.02360773389362355
178.0	25.358436582662613	22.591862099735486	23.718604708806794	28.33086054288078	2.3606591432459773E-4
179.0	29.077720329579527	23.13773402271171	22.7023868545931	25.080860306442855	0.0012984866728049673
180.0	26.976385186167317	21.552838560287146	25.192370525757525	26.278050582201995	3.551455860138933E-4
181.0	27.63568782933867	22.083999966791872	26.005050007886933	24.274906394581382	3.558014011459177E-4
182.0	26.449934116815456	22.35331651562754	25.585802914989937	25.610827850974726	1.1860159234497882E-4
183.0	24.629502456936887	24.13562433950918	25.457495525563882	25.777259071333603	1.1860665644277288E-4
184.0	26.663345432116337	21.339169216900338	25.648589661471306	26.34545583944203	0.0034398500699831564
185.0	25.618386921924614	23.424158572731553	23.40387678636874	27.553340505099506	2.3721387558843867E-4
186.0	28.018280243293763	22.921826221450463	24.208868266484483	24.85102526877129	0.0
187.0	25.431262567467456	21.736560910672434	26.735009114572495	26.096691760973457	4.756463141572558E-4
188.0	28.403873390596218	26.61213889123421	22.00336061704068	22.98050818332844	1.1891780044879577E-4
189.0	26.05550388998166	22.187641964708316	24.06258696267473	27.69391041268769	3.56769947602387E-4
190.0	30.311441894982465	20.247112677815164	24.721733618289527	24.719592878949513	1.1892996333389231E-4
191.0	27.367885621981696	23.98428993807939	23.685765406891555	24.961939909132276	1.1912391507894341E-4
192.0	28.10783764787172	22.230495228791654	23.992208813333175	25.669458310003456	0.0
193.0	28.515464433411612	23.629325412569564	21.357109922043385	26.498100231975435	0.0
194.0	29.027526565005925	21.76852997037874	23.499455473975946	25.704487990639397	0.0
195.0	27.56413541280599	20.64893942842706	23.976699482674174	27.809987332012113	2.3834408066517068E-4
196.0	29.673570646692447	21.41520437087422	25.318470576425767	23.59275440600756	0.0
197.0	25.77838811421578	22.671767676948765	23.635079365648494	27.91440629044923	3.585527377294289E-4
198.0	28.17308717491647	22.156773249858936	23.777264248928116	25.892875326296473	0.0
199.0	26.811695175860077	22.326902748414376	24.614525273880453	26.246756678839134	1.2012300595810109E-4
200.0	28.190253548063133	23.184042785785163	23.363518198614653	25.26218546753705	0.0
201.0	26.021408491314062	20.385881448376946	28.034551526946828	25.558038395924935	1.2013743722818904E-4
202.0	25.949643114163823	23.910570092234053	27.750231576316864	22.389555217285263	0.0
203.0	26.809609590843703	23.559624913024095	21.805085041105503	27.825199759171376	4.806958553201615E-4
204.0	26.260857441952425	23.363376212241583	23.657595311724414	26.718171034081585	0.0
205.0	27.696153846153848	23.805408653846154	24.728245192307693	23.76983173076923	3.6057692307692304E-4
206.0	26.805227837404782	21.112808634369916	24.642187873753954	27.439775654471344	0.0
207.0	26.990639779374813	22.686212609008223	26.68552495858469	23.637622653032274	0.0
208.0	28.759060367176343	21.770974118733495	20.991794565944083	28.47817094814608	0.0
209.0	27.998662664280626	19.988598972464352	24.824414554830764	27.188083280417167	2.4052800708114453E-4
210.0	25.680912791201177	22.978671708861366	24.25762343273385	27.082792067203602	0.0
211.0	25.9994922679141	24.37198233284846	25.022529107366086	24.605755660551022	2.4063132033202308E-4
212.0	28.886936321563766	21.828806653707506	24.36751864133411	24.91673838339462	0.0
213.0	30.656845518037084	22.033632937781594	22.621239839723863	24.68804083259767	2.40871859783673E-4
214.0	29.26789583930926	23.496898946389013	23.52064195304911	23.714563261252618	0.0
215.0	26.345193903727175	24.848166591217748	22.780021125697903	26.026497661083447	1.2071827372868568E-4
216.0	27.026018951684662	23.941921155726096	25.37524286873996	23.656817023849282	0.0
217.0	29.708532439143966	22.41932451677035	24.946580868394182	22.925193556036945	3.6861965455423437E-4
218.0	24.788152381707064	23.872415979080202	24.92893013857385	26.410501500638883	0.0
219.0	26.62839802060453	22.19076949249221	23.720723109792406	27.45973411254935	3.752645615158687E-4
220.0	28.94676071186526	20.771731218153068	24.1672732749316	26.114234795050077	0.0
221.0	26.62566371011112	21.666048087580698	23.23951129727396	28.468650664404432	1.262406297892539E-4
222.0	25.920698813549187	23.67276711687234	23.798882397182958	26.607524411769575	1.2726062594411476E-4
223.0	31.74372575765952	21.81948849545462	22.937223507147515	23.499305111831355	2.5712790699169345E-4
224.0	30.782161981818813	21.385758285810713	23.848990785743084	23.983088946627387	0.0
225.0	31.36898743272618	18.74694945514194	24.06632289102968	25.817222356723107	5.178643790870827E-4
226.0	25.95866731073087	21.700381856763787	25.83142535858798	26.50952547391736	0.0
227.0	27.798853715393	22.376837764560218	25.416128768258844	24.407387754132248	7.919976556869392E-4
228.0	28.240060277723245	26.98117912989956	22.25752277659569	22.521237815781515	0.0
229.0	27.216153821489264	25.837136474888577	21.795474706881993	25.15123499674016	0.0
230.0	26.729149461032097	22.458161725342922	25.839388371636325	24.973300441988652	0.0
231.0	25.722977249372196	23.456489339258614	23.70543279275355	27.113875637160493	0.0012249814551418597
232.0	25.352345644584062	24.129422604254668	24.324220875266224	26.194010875895046	0.0
233.0	24.361389475079825	24.263056712592117	20.85469400833066	30.520307372747464	5.524312499309461E-4
234.0	26.86411062013811	21.24755680258965	26.43903627413095	25.448316223950897	9.80079190398584E-4
235.0	26.046549822525083	21.368489459816477	27.380124791695277	25.204694342464997	1.4158349816012245E-4
236.0	28.594389728326462	23.223488115448696	23.96412893263627	24.21799322358857	0.0
237.0	28.67352893053804	23.37682458368144	22.115670026366963	25.83383166554934	1.4479386421521002E-4
238.0	27.063584828472916	22.20574484249898	23.916778680381043	26.813891648647072	0.0
239.0	28.754962374829653	22.153522545476093	24.096107128044082	24.994371037506667	0.0010369141435089173
240.0	26.089807967375755	20.867950941903285	26.128610122036584	26.913630968684377	0.0
241.0	28.480950944454094	21.72000645988927	23.18582237132784	26.610782530265496	0.0024376940633008205
242.0	28.5282932416953	22.744864452080947	19.66872852233677	29.057502863688427	6.109201985490645E-4
243.0	27.600863870101342	22.038782383657438	25.115401910670204	25.24296346600347	0.001988369567544914
244.0	26.667238679508355	22.33807184685582	25.112998072521016	25.881384965663905	3.0643545090444424E-4
245.0	29.012641359383686	21.139656776499415	22.684899455595577	27.16172772409473	0.001074684426594448
246.0	24.388087153367287	26.08065131271376	22.981717969538153	26.547544351762998	0.001999212617799759
247.0	25.459526674812743	23.29937764163314	24.61682355315933	26.499153290610078	0.1251188397847093
248.0	26.019416577203568	21.926325596317824	23.522933402435864	28.52268660768272	0.008637816360024185
249.0	25.303933161755044	21.972995741457797	28.615239552659848	24.095465541360415	0.012366002766893118
250.0	29.50481856775433	20.29841033745468	22.125282761612596	28.071023519568655	4.648136097424932E-4
