# Position (bp)	A	C	G	T	N
0.0	24.68876094057471	22.841866042973848	25.377992301015713	27.091380715435736	0.0
1.0	23.079759699927624	30.564011679266002	23.749308573142642	22.533883355945168	0.07303669171856382
2.0	24.24040778050832	26.880121139448722	22.01346018276332	26.86496772762511	0.0010431696545241719
3.0	26.315379428513115	21.68481150237923	24.14277241531419	27.850672290715327	0.006364363078135175
4.0	25.914281938939492	23.288591303184507	23.93951738699672	26.85760937087928	0.0
5.0	28.587875481709812	23.76842218264114	22.09057130400682	25.552638093798404	4.929378438241461E-4
6.0	26.234485383004163	23.579210727604853	23.810648545298776	26.37078929973248	0.004866044359735178
7.0	25.83246004715745	25.145238407126016	23.286830844467733	25.73459741507292	8.732861758798358E-4
8.0	28.069639900944278	23.91297356315511	23.77844267965024	24.238943856250373	0.0
9.0	26.352080360101354	25.43604833053761	22.232167001192103	25.979486671668678	2.1763650025273038E-4
10.0	24.59270035532708	24.551818169956814	23.25418933670829	27.601237773399617	5.436460820514159E-5
11.0	27.31214778450165	22.777984625617407	22.597930456644548	27.31177914478746	1.5798844893786997E-4
12.0	28.701473043536968	24.095024680554943	19.81366895079728	27.389833325110807	0.0
13.0	25.54576153566217	22.513590464424063	24.989413527381878	26.95113181582771	1.0265670417571543E-4
14.0	26.82970412128565	21.315095474631896	23.559834407417654	28.295365996664795	0.0
15.0	25.615992538286413	23.341022375111574	24.74596074577019	26.2968739030579	1.5043777392211336E-4
16.0	27.02003499057661	24.636098496450877	21.341193635404505	27.002672877568003	0.0
17.0	29.09361165833061	26.697658093400484	18.780235685268273	25.426903528336325	0.0015910346643061499
18.0	26.138602207081746	25.742364858948402	19.420271408946512	28.698761525023336	0.0
19.0	24.650014901086305	24.627068180325043	21.972294453082526	28.75014639246129	4.760730448394158E-4
20.0	22.80676565560295	25.65765268797043	23.59728546322959	27.938296193197033	0.0
21.0	24.069723106728084	24.227294742334777	23.250762798479744	28.452031990227184	1.8736223021009865E-4
22.0	22.812000907851665	26.828177005082765	25.5896742548399	24.77014783222567	0.0
23.0	25.538248621703563	23.56178516834238	22.77721820557753	28.1224706578982	2.773464783237549E-4
24.0	28.37446243515617	21.449145885702947	24.358831334258117	25.817560344882768	0.0
25.0	25.198917137476464	24.874375271621034	19.342405475880053	30.58416630450529	1.3581051716644938E-4
26.0	26.25189285154822	25.38311675450458	19.63843609499099	28.726509284650664	4.5014305546302614E-5
27.0	25.639433191653698	24.883030102992787	19.874756102215905	29.602735696756188	4.4906381421331876E-5
28.0	27.570600001242916	23.229528907181496	22.81275163554783	26.385033128222158	0.0020863278056004143
29.0	27.952540074920528	23.452736366525883	22.136153836346875	26.458261986207273	3.0773599944079977E-4
30.0	24.010819209249252	23.842522339509895	25.053700849912293	27.092870265122155	8.733620640340331E-5
31.0	26.620145301392817	24.110947153844315	22.245760593897167	27.022799235896354	3.477149693467522E-4
32.0	24.304131887070277	22.584309271082216	24.515122964067384	28.596349794109383	8.608367074545445E-5
33.0	23.46955297550467	25.321744125005964	24.808640860097764	26.399934210974834	1.2782841676836127E-4
34.0	26.497238073730873	26.32626168564196	22.584868653088357	24.591547008568696	8.457897011571248E-5
35.0	25.59866761940302	22.154216109388415	25.957366163691038	26.28958276506626	1.6734245126569464E-4
36.0	24.47304559790882	24.217164983226905	25.865760064066283	25.443987557899156	4.1796898837293865E-5
37.0	25.273222445439075	25.198805994096823	21.116597751712288	28.41137380875181	0.0
38.0	27.107034574256993	25.275893096594544	21.027068394084537	26.589962161561527	4.1773502399052246E-5
39.0	23.641896443781576	27.21528054185063	21.496813490967973	27.64563363269548	3.758907043481784E-4
40.0	26.64188341571217	25.873538603908415	22.54045304740444	24.944124932974976	0.0
41.0	24.31806879169619	24.22257232489844	21.638447119718833	29.815942773940613	0.00496898974592595
42.0	25.026001034613632	25.55028042705577	20.011214577113158	29.412503961217435	0.0
43.0	25.83520223366292	25.597783704079742	22.41340297944182	26.149269333725204	0.004341749090320071
44.0	29.01656294390372	25.015267261606354	22.461554259409453	23.50649030805431	1.2522702616284774E-4
45.0	25.923904015652926	24.23732477898341	21.460082621931623	28.374347968717522	0.004340614714516936
46.0	25.375564175703563	24.12182647906368	22.150075432091295	28.35253391314146	0.0
47.0	25.650394273818023	23.7665511754772	23.265681340293128	27.31524504565331	0.002128164758342719
48.0	22.698556841394378	23.635982148332026	22.687002228747126	30.97845878152647	0.0
49.0	22.085893153065296	25.67976952341784	24.42285962643073	27.809058477134407	0.0024192199517240488
50.0	27.906524757442913	23.824000086750416	20.158628142252333	28.110721892760637	1.2512079369958413E-4
51.0	25.17580965852226	26.365151990285433	21.29857283924258	27.15754647112985	0.002919040819866825
52.0	23.00836667879229	25.63149653753851	21.70171304231287	29.658423741356334	0.0
53.0	22.98325640810543	24.61014814993235	23.740326898303383	28.66419210238018	0.002076441278655928
54.0	23.439676229028265	28.104680742919168	22.250824501416457	26.20481852663611	0.0
55.0	24.451539846818832	27.47349647696567	22.579146088711212	25.493870930866354	0.0019466566379334623
56.0	26.674270209022872	25.123371201956047	25.18776939565919	23.014589193361893	0.0
57.0	23.2361689766167	27.622582503293174	22.776801638864306	26.358897866238095	0.005549014987723839
58.0	25.38101689525472	25.1236379536221	21.729142616752156	27.766078316735097	1.2421763592307782E-4
59.0	28.065018299852607	22.203186327277542	24.413742278455857	25.314699501515324	0.003353592898663531
60.0	24.177369368058265	22.718240843029985	23.46789851093809	29.636491277973658	0.0
61.0	25.400158252574084	23.38958989101739	23.033314895337504	28.170735841396855	0.006201119674168368
62.0	25.559404178587684	21.369200350385917	24.75309491713059	28.318093860929533	2.066929662796961E-4
63.0	26.540870519917725	23.241945938080782	22.756445233701726	27.45788606916804	0.002852239131728804
64.0	25.212493570019856	21.53584432909783	23.43024951416782	29.821412586714498	0.0
65.0	24.245766549990886	25.911593140024962	23.513538708008884	26.3239044012041	0.0051972007711656
66.0	24.510628433973867	23.581689652285203	23.450404147351584	28.45690655384005	3.712125492939331E-4
67.0	27.020327729841263	24.755765751237618	21.06615513612654	27.156514074994874	0.0012373077996996641
68.0	23.6687244639781	22.112282406389745	26.743336765974046	27.475450157768126	2.062058899825591E-4
69.0	23.313214108091213	24.058859868413997	25.180029675719766	27.444267299220826	0.003629048554195304
70.0	26.056876854666616	22.68019967599185	24.64953338379317	26.61297828058249	4.118049658737225E-4
71.0	24.85878444940519	22.68318173116503	26.262148645439897	26.194652747366508	0.0012324266233728887
72.0	27.45893609479171	25.6817353779473	21.81947531359889	25.038620957635448	0.0012322560266561625
73.0	25.49377724240437	22.228816277615117	23.04570337511135	29.227226448578207	0.0044766562909547315
74.0	24.90359199136999	25.322403738795174	23.44836591967142	26.324652814136527	9.855360268854229E-4
75.0	25.892395198073707	24.750631940463734	21.839558569671127	27.514539968694518	0.0028743230969106776
76.0	27.336519589728432	23.631018370246277	24.918906489944405	24.11269328997397	8.622601069202533E-4
77.0	24.525069202149105	24.3222048777764	24.172058179895206	26.979846593349205	8.211468300858344E-4
78.0	27.534715222886447	25.795084629068622	20.308800544555737	26.36115327248684	2.463310023577982E-4
79.0	27.613122585269668	20.18407680992647	22.97248864966412	29.226822386282137	0.00348956885760958
80.0	24.158912439044116	23.01777147049056	28.458285628430087	24.36277264660714	0.0022578154281043834
81.0	25.399106592350122	24.791405487371854	21.647401999781614	28.16163437279614	4.5154770026756253E-4
82.0	22.86940459331322	21.929560987623915	23.978942183363095	31.220860784434457	0.001231451265316175
83.0	25.541598375543508	22.123450648350072	23.896372350909857	28.437552462564565	0.0010261626320004302
84.0	23.531459088696497	25.499514460698403	24.853825171375263	26.114339375144162	8.619040856716245E-4
85.0	25.338919888827053	26.91856236897533	21.13143754894187	26.61046457224189	6.156210138539353E-4
86.0	25.78325416286204	24.916599123823985	22.56881675199294	26.729975684576633	0.0013542767444007838
87.0	22.631975056445544	22.01072526880882	25.538253704969755	29.818102132989065	9.438367868184575E-4
88.0	25.059940082486087	26.63428281378423	25.463548264127827	22.841777468109576	4.513714922792906E-4
89.0	26.347023569681188	25.82706430638862	22.841319692062005	24.98360766053619	9.847713319934973E-4
90.0	23.67753876655218	25.37689504053188	25.272267508391742	25.673216623714673	8.206080952167984E-5
91.0	26.93671087581041	24.991937978644057	24.016659049116377	24.05424078734562	4.513090835389525E-4
92.0	25.743006042674104	24.00835775387621	22.791494717737088	27.4571414857126	0.0
93.0	26.53864883037541	26.000204301238483	21.324331498040884	26.136487175584605	3.281947606167928E-4
94.0	28.244384724662496	23.330493202350922	22.918667372802265	25.502926757028504	0.003527943155810789
95.0	24.06030489635788	26.174454797990986	23.80597847578074	25.95622632097963	0.0030355088907594186
96.0	26.61745324868855	24.1187996651289	23.616739124995437	25.646679817043232	3.281441438780813E-4
97.0	25.853510079041737	24.981799195186046	23.05675903036776	26.107644584117253	2.871112872060339E-4
98.0	28.588988406993042	22.56100211878136	24.31012462502984	24.539884849195754	0.0
99.0	21.934041185096728	21.881222955261975	26.807958165337464	29.376736686361415	4.1007942418287576E-5
100.0	22.24452464203249	24.522173503167057	24.60586566853884	28.62743618626161	0.0
101.0	23.617667644867563	21.893439930852118	28.673286504886974	25.815482909639904	1.230097534433505E-4
102.0	25.414102297568096	24.313560986571172	24.4859472778425	25.786389438018233	0.0
103.0	25.61736088675622	25.41888538849703	25.447338599774017	23.516374126109223	4.099886351150346E-5
104.0	26.107508983680756	26.891349222780935	22.57270477974864	24.427904040145215	5.329736444532818E-4
105.0	27.682807628662754	23.37749875769369	20.62470377349517	28.312037825152153	0.002952014996236181
106.0	26.480137396011038	23.185043875131658	24.663920550404026	25.670857179404866	4.0999048412086357E-5
107.0	26.180299741093556	24.042425397840603	22.444544207813934	27.331992677642003	7.379756099060926E-4
108.0	23.904770845212862	24.591573164287755	24.65425197208682	26.849404018412564	0.0
109.0	26.500796817974642	24.39521351770543	25.284788646491542	23.818504211986372	6.968058420201795E-4
110.0	24.81265936199052	23.822908943207395	23.051864348286564	28.31256734651552	0.0
111.0	24.876724029459176	23.659723483114337	24.369643883991277	27.09321183957545	6.967638597602886E-4
112.0	25.495466954320356	23.72433934665617	23.774176004550874	27.005935726285273	8.196818732681659E-5
113.0	28.758506900189257	21.32899030276901	22.880621029327752	27.0311031040811	7.786636328838669E-4
114.0	26.54027678507026	21.760963862532048	27.814366791037436	23.884064694657738	3.2786670251342613E-4
115.0	27.474263755063326	23.336504297195685	25.95351265878557	23.234981537776754	7.377511786599733E-4
116.0	26.871070748354526	24.52205504138945	24.82555444484201	23.78131976541402	0.0
117.0	26.0460226609041	26.456902681888693	23.929365523375075	23.567012379681827	6.967541502980673E-4
118.0	27.499554285925065	23.975400681583913	24.84035239076931	23.684405745305657	2.8689641604898555E-4
119.0	27.509038469183956	21.09593667476963	24.680379810389905	26.714071239654587	5.738060019288079E-4
120.0	24.96298998311392	24.004254307588898	24.698304834664	26.334409889010935	4.098562224371691E-5
121.0	27.875750197040073	23.395778198658203	23.450904335045593	25.276952479630992	6.14789625138174E-4
122.0	27.101111824721308	23.437955327819633	24.521294843194063	24.93914617337121	4.918308937837903E-4
123.0	24.620104267422988	27.758783218846826	22.723453612472746	24.896880174434806	7.787268226306213E-4
124.0	25.11510764829562	24.72000786920722	22.50261282270922	27.662230674333678	4.098545426228232E-5
125.0	27.087478795385252	23.979791115845334	24.287834381251493	24.643994037502097	9.016700158243088E-4
126.0	23.887189580147556	24.042443053575155	24.70395072546571	27.366375655206138	4.098560544551148E-5
127.0	26.35503332049149	22.59375230538456	27.74223956326795	23.30815511856849	8.196922875152667E-4
128.0	26.317631648406415	23.33005998586832	24.361820199778027	25.982455076175004	0.008033089772237314
129.0	24.47318861517717	26.462233315504847	22.168272255385947	26.893313906427068	0.0029919075049745585
130.0	26.6474173227701	23.69124270977208	23.900512723829976	25.760827243627837	0.0
131.0	26.00763962605178	24.3413896414212	24.415859601378738	25.23445536925542	6.557618928567038E-4
132.0	26.611462806658892	25.489748459584433	21.68967419503706	26.204442265871997	0.004672272847619149
133.0	27.200095411752123	25.238047813255264	24.500901862373468	23.05882372227967	0.0021311903394781286
134.0	26.946445718866563	22.84668723793255	20.79080383266536	29.416063210535526	0.0
135.0	26.62983606557377	23.405	25.87799180327869	24.086680327868855	4.918032786885246E-4
136.0	27.737588550749287	26.23639079748441	24.1834683409939	21.838085070195103	0.004467240577298632
137.0	28.626693328491694	21.236110843572988	24.129621060819865	26.007287875167574	2.868919478856678E-4
138.0	25.306802082381353	23.80300570757402	27.00612395193458	23.882961742000607	0.0011065161094401808
139.0	26.49549811687274	23.670028564520162	24.949407603817892	24.883549377277067	0.0015163375121409457
140.0	27.4572684162706	21.202004707267083	25.35481753090194	25.985540501717786	3.688438425823659E-4
141.0	25.983659163728852	25.33813219716872	25.015389205507166	23.662327634750834	4.917988444366485E-4
142.0	29.02285153856589	22.49755836861728	23.531424810253583	24.948124298402398	4.0984160851355773E-5
143.0	27.48881031782755	24.81283589026263	24.06655652874563	23.63163332678954	1.6393637465363317E-4
144.0	28.059518837754773	24.941484864344478	23.110394525827605	23.888191930464632	4.098416085135578E-4
145.0	28.29098199743769	21.854592608318242	22.477096180060048	27.37655052119152	7.786929925007768E-4
146.0	27.324131955899944	21.939371236931848	24.72507138328449	26.008146731327948	0.003278692555769536
147.0	26.319184573752413	24.226480697723694	26.600900227823292	22.849828015748862	0.003606484951736625
148.0	24.644994762217802	24.011460824831843	23.694939761406317	27.64811284100913	4.918105349095315E-4
149.0	28.381108278171617	24.691683876739944	23.66719441037039	23.257759287394357	0.002254147323691867
150.0	25.576473259534595	24.200298457423504	25.19797088298231	25.02525740005959	0.0
151.0	26.838435253560387	23.829786710811764	25.238940534044747	24.092181718994702	6.557825883984682E-4
152.0	27.68995882867688	23.490688805047945	23.29682085248616	25.522490526906864	4.0986882148368415E-5
153.0	24.825790648746157	23.477899462114156	24.37926710952861	27.316223019120507	8.197604905774681E-4
154.0	23.27944822656256	24.105903315042813	24.624902190722864	27.98687705891346	0.0028692087583007237
155.0	27.689730784035692	23.616913385452342	23.81454257308201	24.87860829042349	2.0496700646096996E-4
156.0	26.28303303795725	23.234630495667744	26.003330359895315	24.478719147847645	2.8695863204360455E-4
157.0	25.395224631237777	22.364161326014866	26.491190742952202	25.749013347632467	4.099521626821366E-4
158.0	24.947011966891193	21.019707038696637	26.091676471673438	27.94148153310676	1.229896319740246E-4
159.0	27.03886538128038	21.322314252881007	24.16004998435939	27.478155416427686	6.149650515361212E-4
160.0	26.837798933798858	20.81289740140632	25.87134659244886	26.47787507579556	8.199655040512445E-5
161.0	24.710538367272804	20.10744140146948	28.944318327643387	26.234503998815956	0.0031979047983741525
162.0	25.510357622410595	23.456340135914967	24.939350765162306	26.093869476532632	8.199997950000512E-5
163.0	25.293323667948098	23.65314660771219	27.317068370573494	23.736420352414818	4.1001351404542295E-5
164.0	25.52548366145994	23.222966456954293	25.204641772342896	26.045596040175557	0.0013120690673157035
165.0	27.02586562145189	21.571332095291243	26.43319636689729	24.968949855195	6.560611645823741E-4
166.0	25.282148160024537	22.95480257727372	25.41057718842941	26.352308052524688	1.6402174764352004E-4
167.0	26.95839164839473	22.942515462632365	26.542541871000047	23.556099943369635	4.51074603228628E-4
168.0	26.25393106101023	24.120485969151858	23.563401980897986	26.062098974366755	8.201457316950649E-5
169.0	26.56535462972114	21.960013500252	25.325398312796576	26.148905483062556	3.280741677270981E-4
170.0	31.221213606267955	22.8351791210346	23.046708237045483	22.896734996011787	1.6403964017904925E-4
171.0	25.950638954051087	23.228235371315144	26.335364753358814	24.485063731360423	6.971899145327187E-4
172.0	27.560789980653166	24.39509366278445	24.336208430757775	23.70782591294663	8.201285797587345E-5
173.0	29.321367932786668	19.57545980374108	22.807954829205208	28.293577364744493	0.0016400695225470608
174.0	24.8303184350876	25.11196953624951	23.938375444321117	26.118844545731502	4.920386102697478E-4
175.0	25.530788587886473	24.484034415610775	22.583901685147925	27.400004182424226	0.0012711289306074315
176.0	24.87882789049814	24.096355405383242	27.626010792723932	23.39778076664425	0.001025144750438762
177.0	22.388434297018886	26.06453851235887	24.085864345849064	27.43647504091737	0.024687803855808464
178.0	25.661884312377165	22.987817154394634	23.612151600179928	27.737900906076334	2.460269719369335E-4
179.0	28.291606691026004	23.946171606198916	22.73333087279423	25.027988632309338	9.021976715098278E-4
180.0	26.68283429482766	21.94471904293122	25.454395984947663	25.91788626073589	1.6441655756943002E-4
181.0	27.795892864786904	22.02962880032665	26.412908186281452	23.760829263955795	7.408846491993507E-4
182.0	26.025827313942067	22.40295827721339	25.55316467103939	26.01800858660866	4.115119649161359E-5
183.0	23.96251254664223	24.05860573110452	26.359492216452058	25.618977971820623	4.1153398056654236E-4
184.0	26.580697893692353	21.30605972433088	26.297917068792167	25.811991701364352	0.0033336118202467123
185.0	25.06309015842914	23.904009126466754	24.123157915530797	26.909207788445077	5.350111282314672E-4
186.0	27.061855670103093	22.73609926672747	25.51900351325455	24.683041549914886	0.0
187.0	24.343518911851923	22.742682509372408	27.64491662782977	25.268263310058686	6.186408872135177E-4
188.0	28.14651141975525	27.796533548585877	22.031364781708263	22.025301523362725	2.8872658788280505E-4
189.0	25.11368605159598	23.195130804959945	24.776546683056818	26.913935203900635	7.012564866225012E-4
190.0	29.10872553436204	21.210662323453843	25.094388971671755	24.5860994087488	1.2376176355562596E-4
191.0	27.14969606683968	23.34501639677468	24.127839484292725	25.377158867354265	2.891847386472268E-4
192.0	27.287826560119782	22.993807076104503	24.187563498231448	25.530720232628184	8.26329160784236E-5
193.0	27.599802145735286	24.19913031728171	21.87578900999726	26.325071912256508	2.0661472923346347E-4
194.0	27.962589862646276	23.096916308662564	24.404535338569595	24.53595849012157	0.0
195.0	26.602812905337874	21.351824800622335	24.258394446607625	27.786389162386467	5.786850457037182E-4
196.0	28.745165937033274	22.00648630549123	26.029678204322764	23.218628112407195	4.144074553558849E-5
197.0	25.404099896959604	23.62891199123286	23.699083910362315	27.2673239256816	5.802757636221808E-4
198.0	27.532416821230292	22.845036897954778	24.21232784243026	25.4101353582726	8.308011207507119E-5
199.0	26.148206073020575	22.982682698138092	25.260346329390387	25.608265493951578	4.994054993701249E-4
200.0	27.509767449991113	23.254834403899405	23.91057606624094	25.324822079868543	0.0
201.0	25.186351898316882	20.962361661707828	28.74073235421929	25.110262715801074	2.913699549292304E-4
202.0	25.59303773861381	25.361833779589443	27.659802981257243	21.385325500539505	0.0
203.0	26.326298939260678	24.13581727565896	21.839186722102287	27.698197342821352	4.997201567122411E-4
204.0	25.882602828727073	23.195770236726805	23.95497026338148	26.966615023239545	4.16479251003715E-5
205.0	27.392592604933373	23.97690582735515	25.333825915720098	23.2960092496643	6.664023270769262E-4
206.0	25.745623316099298	20.81092992140547	25.759036204802317	27.684368902759054	4.1654933860296016E-5
207.0	26.417060343724962	23.634247175170078	26.486595259710207	23.46180558304131	2.9163835344318654E-4
208.0	28.43028338690818	22.374172729083515	21.596677664997888	27.598866219010414	0.0
209.0	27.588772317074593	20.233536338340937	25.106906893890013	27.07036765968514	4.167910093177798E-4
210.0	25.114358547866345	24.009354618843055	24.731961405944187	26.144158678347434	1.6674899898491547E-4
211.0	25.051748956264003	25.552141764618558	25.445016004229988	23.9505928820791	5.003928083545583E-4
212.0	28.795046365230437	22.024683899977763	24.193025544578166	24.987035591525387	2.0859868824800882E-4
213.0	29.90635751957634	23.101164102268676	22.28375441558192	24.708473492315157	2.5047025790922455E-4
214.0	28.212887185633946	24.554862639210523	24.031380518025873	23.200869657129655	0.0
215.0	25.9058881947634	24.70888108933927	22.8226842685466	26.562295239143936	2.5120820680464415E-4
216.0	26.082155626582875	24.361346614840798	25.858436488481384	23.698018947140323	4.232295461624931E-5
217.0	29.440106669894956	22.55140713977277	25.169730200700872	22.838244465199075	5.115244323251045E-4
218.0	24.302530295160217	24.05366220815666	25.3825222563294	26.261113102648725	1.7213770499986875E-4
219.0	26.965727317478187	22.516661025734383	24.09341383863342	26.423719895778163	4.779223758477148E-4
220.0	27.807815016388577	21.848570418508835	24.283027020421347	26.060412965961515	1.7457871972695888E-4
221.0	25.775095066811605	22.47546021303933	23.6116465250888	28.137666325711137	1.3186934912366225E-4
222.0	26.345204701203706	24.184346482974114	24.049240137769416	25.421119909100593	8.876895217128857E-5
223.0	30.596071373268913	22.333702123648735	24.10138217822671	22.96844037603147	4.0394882417229763E-4
224.0	30.60406784937737	22.258178731092652	24.17184681837384	22.965861611780376	4.4989375758914536E-5
225.0	30.943873291726486	19.367408835896697	23.964402663646528	25.723636491975533	6.787167547565601E-4
226.0	25.513316858868752	22.277915064982608	25.645707486728902	26.56296906461651	9.152480322167308E-5
227.0	27.488523758895766	23.445074585157364	25.34877501940852	23.7167938514552	8.327850831535905E-4
228.0	27.485525227460712	28.374782762241985	22.35104692335573	21.78864508694157	0.0
229.0	27.946301195923475	25.247408629583035	21.177111196115437	25.629132158369615	4.682000843696552E-5
230.0	25.914497635587665	22.61645887925155	27.264753725153835	24.204289760006954	0.0
231.0	25.432229980851538	24.96612121990443	23.57019089039376	26.030499527518003	9.583813322650576E-4
232.0	25.17201356933035	25.18410667370733	24.299431045937897	25.344400531325718	4.817969871307207E-5
233.0	22.983800205129807	25.194649075940927	22.046969265627496	29.77414272510656	4.387281952086981E-4
234.0	27.044599302099797	20.95008987658139	26.88283632352001	25.1215328628132	9.416349856053747E-4
235.0	25.658867844980538	21.751660689772862	27.840413171083046	24.748907721611427	1.5057255212947232E-4
236.0	28.99458575786427	23.713577390214308	23.47943975734273	23.812193761853663	2.0333272502959764E-4
237.0	27.96548566077875	24.412252097596234	22.140574883056185	25.481584686212745	1.0267235608415848E-4
238.0	27.189920879506875	22.269818184463453	24.206755612920123	26.333453362452087	5.196065746859109E-5
239.0	27.886456865112226	23.045093218214262	24.214982333942217	24.85267750859074	7.900741405573499E-4
240.0	25.393021175650205	21.47657676886005	26.29313973235403	26.837153704992033	1.0861814368333901E-4
241.0	29.07490975220059	21.33437312720181	23.204261849680176	26.384606265084354	0.001849005833069578
242.0	26.803902934502805	24.29678083102469	20.752730593766554	28.14571376881881	8.718718871449029E-4
243.0	27.781246316193904	23.25556773182328	24.68504822238619	24.276009308295823	0.002128421300803779
244.0	26.953083779083087	22.588864266261186	25.782460997921746	24.674661457094572	9.294996394088162E-4
245.0	29.181732554756362	20.933854016270338	23.138738405042304	26.74419560349121	0.0014794204397823828
246.0	24.518914586547066	26.75457425025115	23.032482254708746	25.692162427742492	0.0018664807505448476
247.0	26.125890019666876	22.71364326095718	24.612443647687655	26.408394870315355	0.13962820137293724
248.0	25.766427139811217	22.787757450946238	23.94721001558872	27.489730625996344	0.008874767657480272
249.0	25.33839857663051	21.42711810804206	28.92109433140226	24.29840556520662	0.014983418718547262
250.0	27.64374304125011	21.81687590716605	23.930562413855593	26.608209011058076	6.09626670169249E-4
