# Position (bp)	A	C	G	T	N
0.0	24.0103403144908	23.928867885501433	24.98358357653124	27.077208223476525	0.0
1.0	22.692448537529398	29.60124101791215	24.56568652136175	23.06603312534092	0.07459079785578482
2.0	24.374022032197452	26.823605476844193	22.718576505424984	26.08303269358992	7.632919434535369E-4
3.0	25.8331105245308	22.35123699260155	24.39339181989632	27.415666120560793	0.006594542410534041
4.0	25.46679995696457	22.934344068282886	24.70830045904461	26.890376201405825	1.793143021087362E-4
5.0	28.563426344877797	23.8142360186038	22.213694758490433	25.407971228317468	6.716497104965864E-4
6.0	25.695146511060397	23.696212013540464	24.305702672963143	26.298290637254507	0.004648165181488504
7.0	25.66626524248088	25.276382559777478	23.215242637049027	25.841395653285517	7.139074071016832E-4
8.0	27.61477848391512	24.08863314784984	23.182364197679277	25.11409060107158	1.3356948418136598E-4
9.0	25.677041615067512	25.217516537657676	22.564245944151125	26.540929202556413	2.667005672721066E-4
10.0	24.565878700944584	24.71242877888258	23.135771985842375	27.585920534330466	0.0
11.0	26.314230010762333	22.812875352015322	23.143023625885935	27.72974181164666	1.2919968974847837E-4
12.0	27.920437512177998	24.393689643300903	20.250517578129145	27.43535526639195	0.0
13.0	25.35487564724461	22.91186148493485	24.80918736066808	26.924033563394843	4.194375761541349E-5
14.0	26.041110135560082	22.204288688382018	23.8021582509823	27.952401412265793	4.151280981528875E-5
15.0	25.725454270579785	23.550494698213402	23.984495126764752	26.739555904442064	0.0
16.0	25.997467671630652	24.921672241126757	21.715079143336567	27.3656598185057	1.2112540031944806E-4
17.0	28.280760089932066	26.567781523847167	19.26196932535504	25.888221742665497	0.0012673182002338993
18.0	26.007264943991366	25.133843952714564	20.18135231439853	28.67734220528283	1.9658361271141094E-4
19.0	24.457509290629652	24.992673005005802	22.15863041855703	28.390718358127888	4.6892767962860925E-4
20.0	22.110110693556383	25.37654527437376	24.103276781946136	28.409950987592076	1.1626253164762998E-4
21.0	23.822329733816417	24.32934424942142	23.59840570092033	28.24968934726741	2.3096857441576497E-4
22.0	22.44245292625912	26.34649644894517	26.109263636214543	25.10174884825758	3.8140323590133405E-5
23.0	24.67254582230928	24.324879830889426	23.165967864735855	27.836226560754735	3.799213106981282E-4
24.0	28.081418922222717	21.496193243750504	24.598054533541656	25.82425807558147	7.522490365570464E-5
25.0	24.937836783408933	24.93291812937625	19.975585589983236	30.153584972170478	7.452506110123447E-5
26.0	25.99400515738778	26.0293190714034	19.681411430072707	28.29522728561249	3.7055523626046037E-5
27.0	25.520474485254763	24.397467894031823	20.218517226186286	29.863540394527128	0.0
28.0	27.435383747797488	24.011272781265475	22.79282204994635	25.75843684879976	0.0020845721909292583
29.0	27.339066648887446	23.731889834537295	22.459685133865936	26.469104738935336	2.5364377398745405E-4
30.0	23.474469097488242	24.10348010977346	25.512604533504213	26.909194121738466	2.52137495619111E-4
31.0	26.06704377565862	24.821953277385862	22.81152172868941	26.299086952750507	3.942655156025202E-4
32.0	24.179394223312944	22.561836672043384	24.18922491886127	29.06929575665302	2.484291293801161E-4
33.0	23.25350874821319	24.906977046320637	25.158210124956415	26.681304080509754	0.0
34.0	26.19113307082006	26.377010302670556	22.629055091559167	24.802766700386524	3.4834563690122864E-5
35.0	25.355707077989592	22.47089732082181	26.14004610065839	26.033246012072276	1.0348845793228681E-4
36.0	23.821981499370526	25.054839846968825	26.099976185807222	25.023030150973714	1.7231687971351286E-4
37.0	25.47444128862264	25.71078340175541	21.120234054486847	27.694541255135103	0.0
38.0	26.653713385050015	25.223111722226164	21.503974505847577	26.61909705454638	1.0333232986159668E-4
39.0	23.84171825452582	27.024565188044292	21.325036572968237	27.808611108815256	6.887564639794145E-5
40.0	26.04502825629138	25.994307421288017	23.18110884766946	24.779417739964988	1.3773478615985773E-4
41.0	23.822705620886676	24.555997982395887	21.594871291662578	30.021467170034793	0.004957935020064143
42.0	24.810343949114756	26.064951947374148	20.161928880185847	28.962706370157388	6.885316786540032E-5
43.0	25.668543448955788	25.645823780745562	22.91853415454607	25.76324315690478	0.0038554588477961236
44.0	28.635788204146458	24.646528479076014	23.040478073717026	23.677067564879124	1.376781813813665E-4
45.0	26.05511318389897	24.2981111582964	21.995373394333132	27.64754790587934	0.003854357592155281
46.0	25.199392994662894	24.408049358755985	22.89810637734122	27.4944512692399	0.0
47.0	25.830976417074396	24.23295278597824	23.20375455039672	26.730561462182678	0.0017547843679679596
48.0	22.761448160286626	24.42738560095102	22.42490348074706	30.38626275801529	0.0
49.0	22.04972244760659	25.567702043662006	24.80044741328874	27.58044272865698	0.0016853667856856639
50.0	26.746828669024612	24.86452800442425	20.317394480418983	28.07118006116359	6.878496855839088E-5
51.0	24.548122079854032	27.22247458847584	21.140386742782315	27.08685017456829	0.0021664143195172267
52.0	22.772016838430513	26.422128782200787	21.289126673791976	29.516727705576727	0.0
53.0	22.840337752926583	24.937054295232578	23.92913480541921	28.291999529813495	0.001473616608138956
54.0	23.593757496418853	28.681487015345812	22.30680657697237	25.417811833889637	1.3707737332337237E-4
55.0	24.28929665825309	27.944176339088806	22.520564938293216	25.244525989199346	0.0014360751655418552
56.0	26.694209309727896	25.00151286240747	25.235262925229723	23.069014902634912	0.0
57.0	22.79231858725346	28.014668704632502	22.965096701387523	26.222446181190023	0.005469825536495872
58.0	24.948571030090307	25.12369274019158	22.11148310278889	27.81601384292167	2.3928400755590526E-4
59.0	27.280790894986563	22.317735491251874	24.656847816018406	25.742062218412176	0.0025635793309878295
60.0	23.734496642369578	22.88271504359847	23.94904750144406	29.433672495167396	6.83174204981638E-5
61.0	24.986379884241824	24.072235287286244	23.063373245823023	27.871897474258407	0.0061141083905036624
62.0	24.661133223101654	22.128867231168535	25.193380770981904	28.016550463440982	6.831130692167733E-5
63.0	26.096758615083747	24.070047739951487	23.00595707707724	26.825119042496006	0.002117525391520199
64.0	24.444447474414176	21.70905518574775	24.134117974295556	29.712311191223513	6.817431900672743E-5
65.0	23.439883785453002	26.487039024037763	24.107326670038763	25.96060375938517	0.005146761085305349
66.0	24.548713206787053	24.119878704798467	23.000519086748156	28.330139171826573	7.498298397511383E-4
67.0	27.099943117895915	24.93283378871962	20.866973241553996	27.09970454705793	5.453047725414509E-4
68.0	23.822042611867484	22.489812568991155	27.12162175517926	26.566250422168775	2.7264179332865977E-4
69.0	23.355929477130775	24.939885987846335	24.89289209739288	26.8086002568136	0.0026921808164055367
70.0	26.015020910776716	23.651349339802078	23.872112963456424	26.461176468986743	3.403169780396857E-4
71.0	24.239216634166745	23.33360944688571	25.985793278762433	26.44066772404578	7.129161393350461E-4
72.0	26.74883164563493	26.11930520593179	22.21227661417558	24.918296660176566	0.0012898740811344374
73.0	25.13832500317345	22.993685007952287	22.77215457102109	29.09230559321079	0.003529824642384641
74.0	24.81583204683586	25.433758078293483	23.403507259646695	26.34595237747787	9.502377460903655E-4
75.0	25.85619343795431	24.851124827098474	21.916651621914752	27.37399398119429	0.002036131838179101
76.0	26.556972953015944	23.758072966861132	25.719712291541676	23.96415589139942	0.0010858971818253388
77.0	24.4450574937301	25.168161568121256	24.05211778554382	26.33395056764179	7.125849630321102E-4
78.0	27.50167705359751	26.513564199511862	20.37607396747958	25.608243672749076	4.411066619660531E-4
79.0	27.107631275901124	21.1264948599821	22.92249834253169	28.840932579549992	0.0024429420350928627
80.0	24.354492807416406	23.221668101259038	28.10632789251312	24.315068376958628	0.0024428218528057336
81.0	24.821416878738543	24.940398784464296	22.012500733670862	28.225344333363754	3.392697625484859E-4
82.0	22.309668633588945	22.818356599288297	24.221404452393706	30.64924719677105	0.001323117958001522
83.0	25.455808677055686	22.324583543664815	24.08566869127681	28.133192750484444	7.463375182513449E-4
84.0	23.610360578105468	26.193551013346767	24.630814086614052	25.564087038082977	0.0011872838507346742
85.0	26.209398257903427	26.209398257903427	21.163769899971406	26.41682301258083	6.10571640914677E-4
86.0	25.20599557092139	24.742533095134966	23.221050639312974	26.828860443321666	0.0015602513089999705
87.0	22.37665469419318	22.491936386483655	26.369084563649132	28.76174777763081	5.765780432297867E-4
88.0	24.690908757927165	27.069491138564782	25.904042070662896	22.334777991855695	7.800409894582548E-4
89.0	26.018054509439125	26.613835008005122	22.877184367408827	24.490044381713254	8.817334336700764E-4
90.0	24.132563627713065	26.421570838362157	24.142940614134474	25.30285709634964	6.78234406627978E-5
91.0	27.038720480491236	25.103544206102306	23.59356550836865	24.263661154934145	5.086501036628911E-4
92.0	25.236644617360675	24.265381052425987	22.52006342170688	27.97791090850646	0.0
93.0	26.28127358679296	25.80145082723736	20.97080781523484	26.946162604680435	3.051660544131419E-4
94.0	27.758185338933366	23.406053097261115	23.244250181485775	25.58812070931523	0.0033906730045126466
95.0	23.31487055827065	27.434580678235736	23.6351436482109	25.61296390604328	0.0024412092394344802
96.0	25.507218467559785	24.949907069561874	24.182324027180037	25.35905866653467	0.0014917691636396183
97.0	24.84557709754103	25.280097040640175	23.974876020954053	25.899415939020077	3.3901844667172035E-5
98.0	28.04172017232098	22.972909753871733	24.03025380325197	24.955048470359788	6.780019553576393E-5
99.0	22.089539894747475	22.44720595423149	26.71472606616822	28.748528084852815	0.0
100.0	22.70562364127027	24.818954665285595	24.389482525218906	28.08593916822523	0.0
101.0	22.885185162590467	22.400833473985458	28.627214932036217	26.086698647231593	6.778415626688249E-5
102.0	25.257928680177926	24.443911188478417	24.747697622175494	25.55046250916816	0.0
103.0	26.118732045506686	24.976693258887313	25.296294677184267	23.608178353247848	1.0166517388303015E-4
104.0	26.129457161805014	26.716453972665775	22.94421497055358	24.209602796113664	2.710988619608649E-4
105.0	27.613966548981946	23.25277498947751	21.048304506337555	28.08207340191987	0.0028805532831190765
106.0	25.975973431834355	23.4415263140059	24.384323426751163	26.198041275543055	1.355518655325494E-4
107.0	25.3874687049721	24.418491955805386	22.600872668715276	27.592488922203984	6.777483032571228E-4
108.0	23.503009431494608	25.225893715092695	24.319269442038795	26.951624117195028	2.0329417887448212E-4
109.0	26.22050688035863	24.683475044407167	25.22110417076746	23.87427019954514	6.437049215984345E-4
110.0	24.605767041758813	24.170406747322318	22.91405809591952	28.309666482372837	1.0163262651229348E-4
111.0	24.7085646144543	23.82227446808871	25.096117526097995	26.372433605309205	6.097860497890309E-4
112.0	25.559568645863184	23.64795329006784	24.09818950232486	26.69415306066451	1.3550107960485177E-4
113.0	28.18780556461685	22.131812526400545	22.718069778399705	26.9615669026668	7.452279161022413E-4
114.0	26.567524456128695	22.228443733543624	27.23663614287074	23.96695530640153	4.4036105541672894E-4
115.0	26.946097844950383	23.453716247001605	26.362289663573506	23.237218737010913	6.775074635915958E-4
116.0	27.6447638930621	24.618101910176417	24.427555130687992	23.309375816175372	2.0324989812098854E-4
117.0	26.029775472920807	26.913168477117587	24.389140072228336	22.66727235218377	6.43625549495313E-4
118.0	26.53219536898872	24.614615920096337	24.801705930275688	24.051076284147825	4.0649649142715836E-4
119.0	27.25485041737607	21.295969463559455	24.666244807782075	26.78259655950141	3.3875178098748853E-4
120.0	25.331548813131466	24.119850111142956	24.699107807648506	25.849357769200697	1.3549887637556767E-4
121.0	27.90409814574301	23.324857775257467	24.168416317244677	24.602018009375282	6.097523795586613E-4
122.0	27.038007117823486	23.534413314787876	24.47949306679548	24.947578374987213	5.08125605939785E-4
123.0	23.77955108468728	28.588617600859607	23.108728886275262	24.522526556977883	5.758711999699192E-4
124.0	24.941963646021094	24.798130370670478	22.417090076012126	27.842578782254513	2.3712504179328861E-4
125.0	26.299711386024583	24.12436823349277	24.652748607742442	24.92229102586686	8.807468733485996E-4
126.0	23.963620694794866	23.752984409256346	25.508027078517404	26.775096815455786	2.7100197560440216E-4
127.0	25.65171100497724	22.75798033696732	27.80781541694769	23.781578618425176	9.14622682574778E-4
128.0	25.872973878449475	23.182770230558397	24.600144918355547	26.336218037423354	0.007892935213229507
129.0	24.653543024350057	26.75403265418394	22.296754838880144	26.292485228788635	0.003184253797222653
130.0	26.493653433785347	24.327995691042315	23.6805002726974	25.497816727021434	3.3875453507633834E-5
131.0	26.320988490756186	23.996307556805192	24.378051982147543	25.304143835906466	5.081343846069157E-4
132.0	25.903308353506223	25.764079862275587	22.8037637085863	25.524105499288275	0.004742576343622691
133.0	26.931006401118708	26.023718285735963	24.237495867186272	22.805916292229224	0.001863153729830514
134.0	26.493092595233637	23.023654994601923	21.022792521757452	29.460290510393545	1.6937801344658172E-4
135.0	26.025634815164356	23.917979702581402	26.098941023393962	23.957037954932943	4.0650392733606797E-4
136.0	28.503033567414306	26.202637560679815	23.775953007652518	21.513328387483615	0.005047476769750371
137.0	28.626907900442284	21.4499569096349	24.47414171580956	25.448959598040066	3.387607319399879E-5
138.0	25.54395618540986	24.300898757349067	26.558699708273092	23.59519199370206	0.0012533552659213382
139.0	25.764453375356194	23.97294891268558	25.200403517020746	25.061211824756	9.823701814742599E-4
140.0	26.52767549425244	21.59876884886827	25.495234810981177	26.37798209641217	3.3874948594765506E-4
141.0	26.07488362103717	25.24673153129715	25.090430400603797	23.587717319208643	2.3712785324089413E-4
142.0	28.310698266216306	22.864901322263712	23.525745236337745	25.298045415573196	6.097596090492391E-4
143.0	26.294806546288243	25.214835651742668	24.14936328430934	24.34089289246971	1.0162519003910536E-4
144.0	28.02495253226197	24.935865623533836	22.825774346588165	24.213000994239508	4.065033765186712E-4
145.0	28.208039772708027	22.814259204179983	22.992851563055773	25.983968693491207	8.807665650171716E-4
146.0	27.439574872144227	21.664968924026383	24.57513806932955	26.316524043863755	0.0037940906360826826
147.0	26.80190365660198	24.64726492486627	26.233950304251046	22.31305320489173	0.0038279093889809737
148.0	24.557771094500026	24.198215569357224	24.118303049683977	27.125168276999357	5.420094594200906E-4
149.0	28.07437256406478	24.50429300500187	23.803319562518315	23.616083905423466	0.001930962991569822
150.0	25.561091850015956	24.379555218891035	25.115809357843293	24.943475818762167	6.77544875490966E-5
151.0	26.94458306273124	23.927085990654362	25.050385347544555	24.077471304320724	4.742947491167107E-4
152.0	27.224019467845906	24.36695791870487	23.246364261880878	25.162387324895597	2.7102667275121547E-4
153.0	25.505880439809133	22.938644559894435	25.097747595905457	26.4570498367909	6.775676000724997E-4
154.0	23.099556862532523	24.820441240242843	25.087882155247183	26.98924002601908	0.002879715958369471
155.0	27.298401333092087	23.53847446612278	23.65906400292207	25.503890782947643	1.6941491542468593E-4
156.0	26.058713926404458	23.705677477634378	25.86259649584098	24.372741032489827	2.710676303572705E-4
157.0	25.43246052861633	22.944058995978654	25.92625096060926	25.69702621124865	2.0330354710475416E-4
158.0	25.3270322488393	21.016908836223987	26.402716419346728	27.253274727419473	6.776817051013846E-5
159.0	26.55276603949147	21.477522974794056	24.46793118252462	27.50140706953753	3.7273365232556996E-4
160.0	25.759804494631023	21.541034745779655	25.917744477437555	26.78128074043728	1.3554171448747782E-4
161.0	24.80354583252854	20.8940485993216	28.54029216521465	25.759097547669153	0.003015855266056041
162.0	25.711759720585786	23.39023209176725	24.723901578804153	26.1740388359187	6.7772924106863E-5
163.0	24.856656622464044	24.29280545016598	27.53446679652289	23.315969468877203	1.0166196988365803E-4
164.0	25.968393028763064	23.98267221712391	24.231039816081235	25.816471628009115	0.001423310022678073
165.0	26.86712179979226	21.52793239765012	26.626101190022318	24.9783023839419	5.422285934081947E-4
166.0	24.752633961977683	23.19730178182173	25.909177791755685	26.140683122037977	2.0334240692340227E-4
167.0	26.513692130414153	23.439164915610384	26.2962787229716	23.75045753406087	4.0669694299464516E-4
168.0	25.96138398894284	24.108943407967367	24.501183872758588	25.42831926672419	1.6946360701253964E-4
169.0	27.276769902131086	22.446366987247384	25.799262805575562	24.477396941066814	2.0336397915519215E-4
170.0	31.2453902055426	22.59297548674006	23.3629467433158	22.798484191116657	2.0337328488529747E-4
171.0	26.123880102733445	23.314980650195462	26.542433814584232	24.017858020533808	8.474119530506661E-4
172.0	27.508276773544697	24.99688996018132	24.175161510215	23.3195022716002	1.6948445878358292E-4
173.0	27.797196989675655	20.610322177380265	23.55617443936065	28.03488271978642	0.00142367379701259
174.0	24.347418725216556	25.742681320409726	23.64546547283541	26.263993811638702	4.4066989960183777E-4
175.0	25.868491714840403	23.998402664756554	23.469336214322254	26.66197274292496	0.0017966631558286636
176.0	24.332746079598248	24.548449111136044	28.000341707772737	23.117174917429097	0.0012881840638749459
177.0	22.50285208647289	26.168575685814492	23.86063171384546	27.44214036164287	0.025800152224288418
178.0	25.0782256954544	23.36278619756336	23.837801774901195	27.720779524564055	4.0680751698929894E-4
179.0	28.032595410400763	24.31307732340621	23.228349259788537	24.425130403679272	8.476027252122822E-4
180.0	26.399543799527354	22.05496835075237	25.570029695170817	25.975322218770962	1.3593577850080509E-4
181.0	27.492537597848322	22.45975475136896	26.32757937777245	23.7193456225338	7.826504764639986E-4
182.0	25.724635340134398	22.68469508269863	25.402628087914884	26.187973476314664	6.801293742095622E-5
183.0	23.915093489455717	23.808142490696625	26.995282253717694	25.281175706038123	3.0606009183843153E-4
184.0	26.205839012427635	21.78745320039735	26.805302430263534	25.198446639185732	0.0029587177257459113
185.0	25.032118749256117	24.587693197082277	24.334449866526107	26.045228095829152	5.100913063438356E-4
186.0	27.256053785275842	23.397030301319568	25.46757569378387	23.87927220242733	6.801719338614416E-5
187.0	24.671410937262035	22.69604357542242	27.617562773227977	25.01426722347736	7.154906102078705E-4
188.0	27.735724853028664	27.958728772037183	22.228056175862694	22.07697911293164	5.110861398209017E-4
189.0	25.404971282305706	23.3530599950388	24.825063309772194	26.416019484962394	8.859279209043553E-4
190.0	28.1260286744165	21.844733970739476	24.934420408627815	25.094612489189334	2.044570268813284E-4
191.0	26.628460990008264	24.11100536941266	24.423513574244822	24.83667908629625	3.40980038005635E-4
192.0	26.963882110466535	23.359561167437565	24.129516441216868	25.54693797936783	1.0230151119792341E-4
193.0	28.104299426868135	24.668338940737723	21.537480368400498	25.689642530101786	2.3873389185695746E-4
194.0	27.84984634694553	23.240050069408206	24.34931939029922	24.560784193347043	0.0
195.0	26.807943215573694	21.939425033122884	24.436706295872295	26.81531143698056	6.14018450572197E-4
196.0	28.262466050167802	22.706010180163176	25.81636867398041	23.21494996075085	2.0513493776205986E-4
197.0	25.619062078549486	24.242175553202955	23.56652113373437	26.57145475485087	7.864796623198278E-4
198.0	27.203025626356386	23.744383903750002	24.18808762394808	24.86436581576635	1.3703017918408807E-4
199.0	25.814480274539054	22.880347551841478	25.598632794406562	25.705990410895925	5.489683169797959E-4
200.0	27.605768831551174	23.590157808719677	23.49047866917883	25.31349175167988	1.029388704380495E-4
201.0	25.546017036191355	21.13385417149226	28.78744360703588	24.532342031927673	3.4315335283130683E-4
202.0	25.07702761600472	25.00739561205124	28.51761734313924	21.397856473648627	1.0295515616581271E-4
203.0	25.62425314302133	24.415138681535893	22.801498502767384	27.158354448152295	7.552245231014599E-4
204.0	25.43971710339974	23.589902925954217	24.20650765176939	26.76370065831824	1.716605584117965E-4
205.0	27.71942835071456	24.391365177460195	24.876048238273036	23.01229990129179	8.583322604180079E-4
206.0	25.480691477398565	21.2797379404357	25.505860458089185	27.733538439351513	1.716847250383286E-4
207.0	26.12166960869834	23.341209278046033	27.143539092388952	23.393341621391432	2.403994752422883E-4
208.0	28.712552287170862	22.716452915269535	21.634677806607712	26.93631699095189	0.0
209.0	27.74107128747022	20.64454932667486	24.8577184519053	26.75587076719695	7.901667526688742E-4
210.0	24.623336247134304	25.00429510756324	24.717072674594405	25.65505544468451	2.4052602354131275E-4
211.0	25.08240967930081	25.52020948951195	25.19500444914315	24.201620251111084	7.56130933007143E-4
212.0	28.661699389285523	22.283874778946526	24.617250406002544	24.43686595950187	3.0946626353528067E-4
213.0	29.939525597458676	23.10733217295328	22.460407105544466	24.49242547528504	3.0964875853211346E-4
214.0	28.039497351509624	24.607719047920735	23.999964190977778	23.352750546087588	6.886350427091453E-5
215.0	25.93257640571081	24.474503130358976	23.114890955969976	26.477684393691174	3.451142690600571E-4
216.0	26.02880719395624	24.717792319824333	25.43419046208273	23.8191403152584	6.970887829701211E-5
217.0	28.285425523471865	23.132143240921724	25.59356543810941	22.98830392516984	5.618723271557812E-4
218.0	24.48754451429212	24.75133028362825	25.641225805444336	25.119615527096055	2.838695392371574E-4
219.0	26.300915250242074	23.16361553399867	24.337044510844976	26.197815708314987	6.089965992913429E-4
220.0	28.07176562788987	22.07572805891975	24.298100609477448	25.554117840942865	2.878627700602569E-4
221.0	25.382534407909485	22.78846644773934	23.96855934158131	27.860186330838083	2.5347193178563374E-4
222.0	25.260735618925228	24.779194805280248	24.030147561649105	25.929812365383302	1.0964876212030005E-4
223.0	30.762272942666	23.19199001595925	23.563289075135522	22.48185701976088	5.909464783467977E-4
224.0	29.414502184135245	22.9617606954876	24.753125521784153	22.870463509077332	1.4808951566953676E-4
225.0	30.761194335488458	20.041439472493757	23.987795274857636	25.208789040320646	7.818768395048858E-4
226.0	25.549209692433543	22.68808003685908	25.802220947616856	25.960301266560727	1.8805652979285575E-4
227.0	26.688509644149406	24.20714740211022	25.80358414769652	23.29965716022299	0.0011016458208685908
228.0	27.476144987204588	28.09592515332368	22.84854718279662	21.57930637725789	7.629941722505124E-5
229.0	27.851121936732053	25.4287449858409	21.90872547356321	24.81140760386383	0.0
230.0	25.77928521143268	23.189694485094268	26.983553191085424	24.047467112387626	0.0
231.0	24.775765195866565	24.682448626773017	24.784055636320772	25.756591096617026	0.0011394444226160074
232.0	25.942823827966787	24.442382416970435	24.10005157705549	25.514583966180638	1.5821182665046578E-4
233.0	23.605013404622007	24.861604227085454	22.204957330386435	29.327865095468187	5.599424379173821E-4
234.0	27.164868591823492	21.372120376378977	26.744037962362103	24.717269630110316	0.0017034393251135628
235.0	26.20818819331011	21.790068486410956	27.366315378610462	24.63526394164223	1.640000262400042E-4
236.0	27.820972215641927	23.77650161625884	24.175766174848533	24.226469074971302	2.909182793929283E-4
237.0	28.36018400146584	24.83877230049212	21.848769445123462	24.952106536697777	1.6771622080008185E-4
238.0	26.881820416762732	22.591016379827554	25.034212214662908	25.49286606857389	8.492017291445609E-5
239.0	28.040121542850056	23.67161554149958	24.356370664351566	23.931030978268357	8.612730304408341E-4
240.0	25.003315866075386	22.447016008868335	26.458526389192627	26.091008657626514	1.3307823713920827E-4
241.0	29.324695736152588	21.646945100793438	23.701906055247036	25.32414311473247	0.002309993074463071
242.0	27.167683831989898	24.027342614605253	21.383395286127545	27.420599011040224	9.792562370832764E-4
243.0	27.88046754018523	22.985206338980465	24.841295724654717	24.291067366278625	0.00196302990096068
244.0	26.0516366041581	22.847744864942168	25.875239099733637	25.224709058081125	6.70373084967554E-4
245.0	29.37427318679704	21.112075715793416	22.918693680376	26.59370313230733	0.0012542847262165219
246.0	24.619173043514554	26.23672552769155	23.744627493500484	25.397140258041873	0.002333677251538544
247.0	26.02530082585647	23.446709916172395	24.715441081510633	25.67453794471401	0.13801023174649316
248.0	26.56791320533171	22.214707675366167	24.01469947494795	27.194524283375817	0.008155360978354951
249.0	25.59469046242696	21.98665287988949	28.591731371341055	23.81331039155714	0.013614894785359601
250.0	27.0968826811743	22.592618276769976	24.059925114003754	26.24975807771156	8.158503404135545E-4
