# Position (bp)	A	C	G	T	N
0.0	23.983187376421	23.782941100380164	25.03448032563539	27.199391197563443	0.0
1.0	22.221235497945752	29.748564036916147	23.66306307513924	24.293579887803865	0.07355750219499607
2.0	23.869240359112094	27.588543889153843	22.56750085761858	25.973710852849386	0.0010040412660960365
3.0	26.289176087767146	22.132577081351155	24.137971396418617	27.432918030155324	0.0073574043077602215
4.0	26.306414393158338	23.566841729732257	23.08142187079644	27.045322006312965	0.0
5.0	28.98099751764111	23.76119941171266	21.978475093777075	25.278827164718788	5.008121503705176E-4
6.0	24.564292392846014	24.177126371456048	23.70562715728807	27.548620752298746	0.004333326111123148
7.0	25.079416822728344	25.530970066094756	23.34355634353306	26.045557813783766	4.989538600733795E-4
8.0	27.8743216811524	24.370040661803618	23.3462789721572	24.409192786055208	1.6589883157452922E-4
9.0	26.506137772127765	24.592139414163885	22.820826050108586	26.08056570792944	3.310556703215213E-4
10.0	24.1987102621651	24.731442445573162	23.02855186489343	28.04129542736831	0.0
11.0	27.1015451230702	22.61974343494838	23.08124666723247	27.19730464177453	1.6013297442196E-4
12.0	28.630760964957197	24.063584698454815	20.3644035350042	26.941250801583788	0.0
13.0	24.63118847639715	22.55882266134582	24.905826266743507	27.904162595513526	0.0
14.0	26.400068833804774	21.84428502726464	22.946086844292708	28.809559294637875	0.0
15.0	25.416441471106083	24.042105135669917	24.621785002202753	25.919668391021244	0.0
16.0	26.41863090198874	25.474164178882802	21.00268829182076	27.104368102897713	1.4852440998678132E-4
17.0	28.29239510045971	26.25058170805432	19.366202798287567	26.089805575408935	0.0010148177894659014
18.0	25.727969100917747	25.670636819394694	19.763687543376395	28.837275466525274	4.3106978588763737E-4
19.0	25.065228238072706	24.261616345016993	21.001705584394976	29.67116390051282	2.8593200251048295E-4
20.0	23.552223737830623	26.053166660522308	23.14584532664827	27.24862248211283	1.4179288596732523E-4
21.0	23.741084115305075	23.987422799341594	23.65962774862481	28.6117246521574	1.406845711230849E-4
22.0	22.655730313311494	26.52974886651767	25.530697957922687	25.28382286224815	0.0
23.0	25.141345978478935	23.962219311480666	23.039256323954483	27.85704021797401	1.3816811190511718E-4
24.0	27.91394235039319	21.268045392745634	23.791291752922447	27.026583861116237	1.3664282249414142E-4
25.0	24.27193790522105	25.397933330357375	19.398801769885168	30.931191723581918	1.3527095448538195E-4
26.0	26.005934813811344	24.53271404841389	20.295289241537244	29.166061896237522	0.0
27.0	26.045344233664235	24.18086799063543	19.94873058646423	29.825057189236105	0.0
28.0	27.373483980824282	23.87902758127818	22.920373738934927	25.82500108982971	0.0021136091329050635
29.0	28.318719252984614	23.328955202055546	22.159001890517125	26.193193093867833	1.3056057488432333E-4
30.0	24.634515534467933	24.083905453309693	24.82868827686932	26.452631319531545	2.594158215115382E-4
31.0	26.385032428704637	23.71247323437262	22.500690934168826	27.401545109606694	2.58293147224511E-4
32.0	24.971019007445687	22.4814623783309	23.84752678507594	28.6996088204353	3.830087121715062E-4
33.0	24.507976622966357	24.160606539251305	25.06447638603696	26.266814089401358	1.263623440214816E-4
34.0	26.222000447717704	25.87345596796442	22.645136197476024	25.259282326031034	1.2506081081926085E-4
35.0	26.015946549756624	21.86499708837613	24.989769134808803	27.129287227058445	0.0
36.0	24.876861892646296	24.87056295235037	25.09732480300373	25.1550033347331	2.4701726650692887E-4
37.0	25.949074045493326	24.88761249553969	21.168731271321526	27.994582187645463	0.0
38.0	26.350840074212417	25.700308724649958	21.287311429230954	26.66153977190667	0.0
39.0	23.679647321775686	27.112508747224645	21.494784987972952	27.71305894302672	0.0
40.0	26.52976860352623	26.371818792078816	22.20478193054157	24.893630673853384	0.0
41.0	24.32985671118043	24.08949967981186	20.93931725277342	30.636267507011443	0.005058849222849712
42.0	25.328079294208507	25.301800873726638	20.36047084020623	29.009648991858622	0.0
43.0	26.07948503487463	24.705348265150786	22.796064237408988	26.41564830783427	0.0034541547313284436
44.0	30.109521689093594	23.64565743233992	22.448677512344165	23.79577331884392	3.700473783993477E-4
45.0	25.261618190989605	24.120303051605845	21.154043010832257	29.460705780204954	0.00332996636733969
46.0	25.627254509018037	23.975705256667183	21.71148450747649	28.68555572683829	0.0
47.0	25.25362636061741	24.33308629400311	23.052098991660262	27.359585269879165	0.0016030838400516933
48.0	24.243806405564094	23.342180298101212	22.63951844240823	29.774494853926463	0.0
49.0	22.668251037277905	25.239442939237577	24.135848275147982	27.954978564155912	0.0014791841806182497
50.0	27.535226197049774	24.581180484341722	19.565206673503194	28.31838664510531	0.0
51.0	24.870142593599002	26.13143849349388	21.30696627219591	27.689111202303973	0.002341438407230362
52.0	23.53829388067018	25.622136574566085	20.227439985551566	30.612129559212164	0.0
53.0	23.091179423189363	24.522235610071203	23.082354065976897	29.30276000789379	0.0014708928687436492
54.0	23.62609683662451	27.846872475850905	21.752879445106995	26.773906105024214	2.4513739338055495E-4
55.0	24.230251733193857	28.726351512366687	21.58154779435577	25.46050468845283	0.001344271630858122
56.0	26.845763873700058	25.26939727590753	23.91016140009604	23.97467745029637	0.0
57.0	23.267992063259342	27.19677643218094	22.793693614442525	26.736039840092268	0.005498050024924493
58.0	25.93202055777691	24.639646408191837	20.906188956119873	28.521777585572906	3.664923384776641E-4
59.0	27.743125542077422	22.1652557383858	24.190273756733976	25.898901796948486	0.00244316585431402
60.0	24.49930623462194	21.808618297360766	23.867967547874688	29.82398599301114	1.2192713146914879E-4
61.0	24.78085521936423	23.906104843252045	22.428477727087635	28.877734890287403	0.006827320008680449
62.0	25.068238810846527	22.267735081027112	24.572555014683992	28.091349183999142	1.2190944322738184E-4
63.0	27.131431413493857	23.0114990448954	22.646645431284277	27.208107966437854	0.0023161438886105455
64.0	25.330010030700024	21.600170217939755	23.1275114745129	29.942308276847317	0.0
65.0	24.176532232377536	26.26246416666059	23.261095266230466	26.294923883786918	0.004984450944492668
66.0	25.073608608864156	24.248414163001435	22.436827888362913	28.24041993984882	7.293999226836082E-4
67.0	27.288640582321044	24.78912378333631	19.901317588881636	28.019945565430284	9.72480030730369E-4
68.0	23.481325167931267	23.05891391076243	26.162147575298604	27.297613346007697	0.0
69.0	23.337328396634422	23.94266557430453	24.627012624562102	28.09031922419598	0.0026741803029603174
70.0	24.68482565791469	22.87863073685232	24.82711354524888	27.60906615234387	3.6390764024090685E-4
71.0	25.098808733616007	22.41401615034645	25.488119375700485	26.99845122070649	6.045196305659634E-4
72.0	27.327215513520898	24.700888901246493	22.04820835564754	25.9222365543562	0.0014506752288742397
73.0	25.820551470543794	22.781673413685105	22.68944334378124	28.70506806047295	0.0032637115169126736
74.0	25.510622174037582	25.84432897858644	22.34941193391614	26.294911726633575	7.251868262561143E-4
75.0	25.281177258301163	23.511204789863356	22.44813358246295	28.757550633661022	0.0019337357115059694
76.0	27.39809464879831	23.17818768059807	24.96836701274625	24.454625546401694	7.251114556733325E-4
77.0	24.358164080390665	24.710909488597707	24.463298888592146	26.467144163990962	4.8337842851256E-4
78.0	27.26488372879881	25.89783311662888	19.89588519336643	26.940914605557627	4.8335564825242763E-4
79.0	27.23047866703562	20.610607695551668	21.77026930684934	30.38598594195771	0.002658388605663093
80.0	24.054224197409138	22.68496533957789	27.942933853390706	25.31533915497927	0.0025374546429982564
81.0	26.160830043776183	24.431290243457436	21.094126645231682	28.31351141044369	2.4165709100443562E-4
82.0	22.686312889662172	21.590667439949737	23.98397854139481	31.737591223237153	0.0014499057561258518
83.0	25.296160932733258	21.593258223336452	24.33757211465853	28.772767088531126	2.4164074062887005E-4
84.0	24.072807757268816	25.23504495514151	24.51982206414293	26.171117076671415	0.001208146775335442
85.0	24.838390513272454	26.59975572836317	20.941279369677698	27.62021196786052	3.6242082615035393E-4
86.0	25.791106365090332	24.838855414409757	21.939219258106757	27.429006991790565	0.0018119706025889436
87.0	22.3441276620931	21.305200193749524	25.517440476981374	30.83286929275384	3.6237442216378597E-4
88.0	24.95956690996979	26.66892938975325	25.255250866337082	23.11540733243066	8.455015092201939E-4
89.0	26.490882892545315	26.285314675179265	21.831417152505768	25.39153981706603	8.454627036206336E-4
90.0	23.660872264285622	25.028895520801758	23.88611843479878	27.42387222926075	2.4155085309722542E-4
91.0	27.26047448587702	24.24071148727313	23.581421525291905	24.916667874378632	7.246271793162418E-4
92.0	24.740594748130544	23.59404285741889	23.30468765095743	28.36067474349313	0.0
93.0	26.720357844575755	25.120008115265758	20.879057180017607	27.28033533437431	2.4152576657259238E-4
94.0	27.73900064485433	22.911891645151396	23.217170997495455	26.12819317613701	0.0037435363618139967
95.0	23.886868960087522	26.35348982112863	24.01027849256826	25.74718917280595	0.0021735534096411586
96.0	26.11532725966444	24.324862799079895	23.664366400415375	25.89399455422531	0.001448986614986144
97.0	25.888607423756895	24.07806753392272	22.928232830962344	27.104971468451083	1.2074290695793076E-4
98.0	27.997136040491462	22.389957306235996	24.01608743528321	25.596698477706514	1.2074028282203848E-4
99.0	21.366789942256812	21.401672428110697	26.84008130395319	30.391456325679307	0.0
100.0	22.844956599820414	24.596412123084647	24.10894458873623	28.44968668835871	0.0
101.0	23.669795187862125	21.365945260332627	28.47203700641916	26.491860494585527	3.6205080055466183E-4
102.0	25.406465551056368	24.250342467820094	23.792431310309038	26.550760670814498	0.0
103.0	26.129181365384685	25.784136125717637	23.61007353482495	24.476246911911485	3.6206216124559036E-4
104.0	25.02836068027014	26.604852452052345	22.659218065874015	25.70720675056601	3.6205123749112974E-4
105.0	27.68419197868191	22.309894375036208	21.311091586691642	28.69108077316701	0.0037412864232336304
106.0	26.3902197656316	22.134176512472695	24.123773548472744	27.351468121311594	3.620521113672294E-4
107.0	26.406937900671974	24.24089557426431	22.325273229319535	27.026651927087357	2.4136865683169846E-4
108.0	24.43077049322765	23.291587422646572	23.68559512661344	28.591926281339603	1.206761727310466E-4
109.0	26.096820165779526	23.785343390962375	25.41079847615094	24.7066759503844	3.6201672275914664E-4
110.0	24.244848607712246	23.994579514135257	22.85231951423179	28.908131694155237	1.2066976546624384E-4
111.0	24.925002835773707	23.535594390236252	24.455712454959468	27.083207634144163	4.826848864121791E-4
112.0	25.640081957520135	23.820533303085956	22.944485605546856	27.59465779839319	2.4133545386752133E-4
113.0	29.2362287573182	21.45818552143212	22.357364531900824	26.947979863795858	2.413255529975047E-4
114.0	27.02789781139926	21.304978985233554	27.4125953447737	24.254165847112898	3.6201148059075445E-4
115.0	27.100828927631444	23.285275884831073	25.63050511608487	23.98314871823339	2.4135321922957636E-4
116.0	27.152390606521372	23.328506263123597	24.15586609707238	25.362995679772162	2.4135351048681005E-4
117.0	25.73103578940763	25.87307353017487	23.712700008326767	24.682587283217465	6.033888732678214E-4
118.0	26.597438017027592	24.26425955313128	24.364059831896263	24.77388056549469	3.620324501752841E-4
119.0	27.274230277694976	20.72364094067047	24.446836574978608	27.55517152742496	1.2067923098366847E-4
120.0	25.070837597265932	22.779295630514955	25.04694348438918	27.102923287829935	0.0
121.0	27.850077958689134	22.43532807816143	24.83925545831503	24.874855788493008	4.8271634139630533E-4
122.0	26.68468035755447	23.051329364528637	24.652407772356508	25.611220461750673	3.6204380971460086E-4
123.0	25.1810221233171	26.635836587708837	23.288978890406792	24.89392103573618	2.4136283108946354E-4
124.0	25.641390779226892	24.077240839989912	22.456853428977265	27.82439427053603	1.2068126990486695E-4
125.0	27.711753546724076	23.131061048546314	23.805047233338	25.35189681555104	2.4135584056998597E-4
126.0	24.771708370793636	24.26908665246695	23.988390826097714	26.970452118191528	3.620324501752841E-4
127.0	26.48379895009956	22.076630664333553	27.216919085259157	24.222047909249987	6.033910577445242E-4
128.0	25.783876674736135	22.29791537438544	25.459730304427264	26.450874809023965	0.007602837427199814
129.0	24.99559528780269	26.042347989158376	22.202042338334994	26.758083551959917	0.0019308327440270897
130.0	26.372786941825428	23.55595352019704	23.47654831107051	26.59471122690702	0.0
131.0	25.706062306536577	24.685842550187353	24.303169632351608	25.30468415304503	2.4135787942967132E-4
132.0	27.210897488499615	25.109211409153005	21.23817982593753	26.435798172488862	0.0059131039209912774
133.0	26.976355774812077	24.81092946555821	25.080400985206218	23.131227682315643	0.0010860921078513599
134.0	26.97114763831551	22.786113119021273	20.908036641980434	29.334581924946935	1.2067573585046829E-4
135.0	27.48948597425949	22.79802812992138	26.65126017462032	23.06110504371542	1.2067748339176136E-4
136.0	28.100875059888082	26.421595189161856	23.627461747054472	21.844033940400347	0.006034063495243347
137.0	29.305588407084343	20.500963019101086	23.515767929291712	26.677680644522862	0.0
138.0	25.829356148596872	23.006691324206425	27.080132981772326	24.082612814278043	0.0012067311463342526
139.0	26.15197850082601	23.27391777072777	24.539178431318128	26.034201256692846	7.240404352448403E-4
140.0	27.035621106694375	21.227249579444553	25.44969867232395	26.28730996565564	1.2067588147697626E-4
141.0	26.599207139366072	24.75837059295597	24.936492707975066	23.705688201823456	2.4135787942967132E-4
142.0	29.625808102201322	22.820190698241333	23.084720849489344	24.468918310627426	3.6203944057665646E-4
143.0	27.35524014911342	24.54047700363612	23.628370167179362	24.47579199909248	1.2068097862619189E-4
144.0	28.347273896772652	24.616810497238237	22.783679705347456	24.25127045980327	9.654408383888241E-4
145.0	28.081699149218608	21.533458034151934	22.561033005490856	27.822965063657755	8.447474808423339E-4
146.0	26.714295196316833	21.467232255456263	25.077386303981854	26.73650038919428	0.004585855050776277
147.0	27.639942315466815	23.500171967489095	25.973124800125508	22.884347338124286	0.0024135787942967135
148.0	24.235348068231872	23.711360111990057	23.12377435451852	28.92927610738012	2.4135787942967132E-4
149.0	28.484969896347856	24.097644686394645	24.337074014315075	23.079104601894436	0.00120680104798603
150.0	26.090508757257485	23.48414908034616	24.382985348051655	26.042356814344693	0.0
151.0	27.381146339079148	23.532861937502037	24.95984204739785	24.125787620851	3.6205516996679955E-4
152.0	27.690549405988868	22.72327915385395	23.77987554971977	25.806054520615398	2.4136982201389327E-4
153.0	24.33170246609333	22.70196162674783	25.719709678275837	27.24614348574339	4.827431396165571E-4
154.0	22.639489640257207	24.339964662946297	24.259345974858558	28.75854461544403	0.0026551064939077376
155.0	28.371859442075632	23.565713292352562	23.448251717860437	24.61381338458344	3.621631279305033E-4
156.0	26.98168762607941	22.523773249616404	26.04959032869075	24.444707350904874	2.414447085581284E-4
157.0	24.617483370154407	22.796228556251734	26.292661137469363	26.29326476162882	3.6217449567201476E-4
158.0	24.38928694308462	21.43673755183591	25.772785165422203	28.400948891450923	2.4144820634163715E-4
159.0	26.864055341265097	21.124089265557185	24.310799635404408	27.700693576719004	3.621810543090491E-4
160.0	26.35744830866782	21.045489338172267	25.093627532651926	27.503314088679943	1.2073182804890121E-4
161.0	25.001931713913166	19.697566040469404	28.930434152701984	26.36548027237166	0.004587820543777467
162.0	25.921972928496313	21.725539721654428	26.2168110874602	26.135555526042225	1.2073634683205936E-4
163.0	25.446859786724364	23.797426783092497	26.448521173015994	24.30707151688432	1.2074028282203848E-4
164.0	26.240287847962186	22.634943824972982	24.175968800371884	26.94698840276981	0.0018111239231359006
165.0	27.033433028291714	22.27512186169166	25.84337225743275	24.847831362979402	2.414896044762513E-4
166.0	24.167585366648836	22.46152025627805	25.75024481895472	27.620287310589823	3.6224752856623636E-4
167.0	26.700984618505615	23.32799605862791	26.249610572151017	23.72104649225129	3.622584641690153E-4
168.0	26.967023465651657	24.040337928569357	23.068600079217102	25.923797011003447	2.415155584322742E-4
169.0	26.980053642743197	21.342976628815645	25.59635586803547	26.080372335222464	2.4152518322704213E-4
170.0	32.30586783276997	22.067200687875353	22.991050133022245	22.635277523165676	6.038231667626746E-4
171.0	26.79408617603795	22.34941897959726	26.56474555146819	24.29126621627823	4.8307661836705616E-4
172.0	28.184295585797376	23.97583713368421	24.01725160073556	23.82249493789641	1.2074188644708547E-4
173.0	29.6465636726277	19.52290804425621	22.388284951247662	28.44055305770596	0.0016902741624691524
174.0	24.822158152473126	24.61570223986555	24.082901103995827	26.47863483140641	6.036722590864749E-4
175.0	26.396461878015444	23.261002902554345	22.325882960895203	28.014720441999625	0.0019318165353836346
176.0	24.925981201881743	23.36905072400769	28.46137498671767	23.241781860685272	0.00181122670762454
177.0	22.219511782763377	25.40509664595193	24.571354733997204	27.778193736308594	0.025843100978898022
178.0	25.335407161954258	22.24362333926661	24.323811915980958	28.096674548181493	4.8303461667580403E-4
179.0	29.10179626254685	23.671583351147408	22.30358322554309	24.92146710676488	0.0015700539977801852
180.0	27.28646199326371	21.429159902105695	25.58155031621798	25.702585475780854	2.4231263175749352E-4
181.0	28.891745787793923	21.817279058728698	25.367562705086694	23.92304825447928	3.641939114061891E-4
182.0	25.63175273751426	22.55092626314128	24.97256415859373	26.844756840750723	0.0
183.0	23.766159031089444	25.130389176484304	25.785248783519975	25.317595982944997	6.070259612863122E-4
184.0	26.577266767034143	21.20161721140304	26.584672915351366	25.6324365013841	0.004006604827351755
185.0	25.445431324177854	24.03495949962122	24.423330937627476	26.09591402653406	3.6421203939317415E-4
186.0	26.979428345246347	22.79188304158891	24.52450131069476	25.704187302469983	0.0
187.0	24.235316457082902	23.161856444350853	27.232216215953038	25.37036744004314	2.4344257007190078E-4
188.0	27.748832589144417	27.859121873310965	21.754256971597467	22.637058173336776	7.303926103744967E-4
189.0	25.236634920557627	23.40588717246988	24.654102138631846	26.702280095396592	0.0010956729440610264
190.0	29.435620841424736	20.91544965879137	24.437112297512005	25.211573699237228	2.4350303465656942E-4
191.0	26.439643059268946	23.93688647762534	24.279629593489588	25.343352979059734	4.878905563903905E-4
192.0	28.081936957871484	22.778576752163023	23.96179072726186	25.177695562703633	0.0
193.0	29.24377642085486	24.51830930929099	20.74713450007015	25.490535767661175	2.4400212281846853E-4
194.0	29.8221831222218	22.478405858817815	23.04225118387995	24.657159835080428	0.0
195.0	27.29291989928983	20.755667998159584	24.62029263553829	27.33099742366494	1.2204334735611393E-4
196.0	28.46767145889075	22.02901282468685	26.13626627565121	23.366927044447	1.2239632419359182E-4
197.0	25.581028093787143	24.13661398188943	23.011711763546508	27.270523742426896	1.2241835002099475E-4
198.0	27.803764120359574	22.48201747820133	24.023323901354427	25.69077179437468	1.2270570998750856E-4
199.0	25.59880681650374	21.942221172115737	25.453719838152338	27.00525217322819	0.0
200.0	28.27664212105585	23.64932473929263	23.550494091699576	24.52341597118034	1.2307677159781959E-4
201.0	24.460413058650193	20.244772761121922	28.490436679233948	26.804377500993937	0.0
202.0	25.21527395649835	24.269238013287588	28.379231772035496	22.136256258178562	0.0
203.0	26.41523838607474	24.18572922041061	22.62164961021146	26.777136510336693	2.462729664933315E-4
204.0	26.350719772214788	23.278033185015143	23.507838121757207	26.863285767241834	1.2315377103004583E-4
205.0	28.51864578368452	23.894855983043353	24.8293928343143	22.756735919443614	3.6947951420833474E-4
206.0	26.25897331040633	20.9129250158896	25.01108576440041	27.816769558983655	2.463503200090657E-4
207.0	26.24729892548361	23.64305654454648	27.021586420832953	23.087688520833694	3.6958830326937816E-4
208.0	28.88794142364594	21.97032243118486	20.986861724019803	28.154874421149394	0.0
209.0	27.080121130103933	20.24935940810418	25.098877315713512	27.571149146062346	4.930000160225005E-4
210.0	25.64058944337197	23.523494648708223	24.15243476995979	26.682741498460317	7.396394997078424E-4
211.0	25.819280451336436	24.451706384684158	25.10404784659494	24.6247186854518	2.4663193266948237E-4
212.0	28.536107200712628	21.857283684364422	24.17666748507434	25.429448117682913	4.935121656917745E-4
213.0	29.941271532433987	22.85039858073899	22.554595746414503	24.65373414041252	0.0
214.0	27.859889390262587	24.82158125466434	24.071580019077462	23.246949335995613	0.0
215.0	25.192028079075197	24.775028051828386	23.157682237805194	26.875261631291224	0.0
216.0	26.027234204637434	24.48622627845145	25.997038017125373	23.48925090901801	2.505907677349351E-4
217.0	28.720650416378835	22.18941124969319	25.87381355438988	23.215745218159228	3.7956137887057716E-4
218.0	25.046641314237228	23.310434364809193	25.70115312662925	25.941260056634057	5.111376902710052E-4
219.0	26.839793839208536	22.585304906332247	23.887053448567688	26.687718600080885	1.2920581064371626E-4
220.0	29.11159496640551	21.126512011750936	24.127698005091727	25.633675982467025	5.19034284809683E-4
221.0	25.26029108691703	21.82524591577899	24.499183874563677	28.4152791227403	0.0
222.0	25.886385093233404	24.1302755350574	24.953654363365658	25.029288326717563	3.9668162597153943E-4
223.0	30.690510688661	22.334067401091854	24.044360389292706	22.930793449953153	2.6807100128540043E-4
224.0	30.834137905995433	22.701320216333677	23.701769342688788	22.762638066013505	1.3446896859611708E-4
225.0	31.306811490422167	19.350188226662535	23.391680665784982	25.950778152441263	5.41464689057134E-4
226.0	26.276594869770463	22.078710671392816	25.37755737035301	26.266725880601676	4.112078820326828E-4
227.0	27.210865497886495	22.81214053080175	25.93236781927794	24.04337883722542	0.0012473148083985864
228.0	28.211410375073463	26.838407232592452	23.1202002476571	21.829842540900415	1.3960377656136352E-4
229.0	27.6224815318202	24.89038809585848	21.828015295666933	25.659115076654388	0.0
230.0	26.379734683066836	22.73911827068235	26.683367914573687	24.197779131677127	0.0
231.0	26.06915836660565	23.341164939389135	24.33054182221774	26.257405191922395	0.0017296798650849707
232.0	24.47444878739025	24.58100882636078	25.439868242498754	25.50394924552593	7.248982242893099E-4
233.0	22.98967028610444	24.915827882151692	21.796063402565174	30.298291596003203	1.468331754876697E-4
234.0	26.129264112345886	21.191717509514824	26.626560214219857	26.05096388476717	0.0014942791522655513
235.0	25.163830377738783	21.729800067033583	28.02003727795126	25.08618061758858	1.516596877933667E-4
236.0	28.758531352093193	23.307707829205064	23.641183383829592	24.29211534403433	4.62090837816898E-4
237.0	28.632130474665342	23.969433604378175	22.76978808750136	24.628647833455123	0.0
238.0	27.943703848660697	21.755735430814223	24.04880304395651	26.25175767656857	0.0
239.0	28.44099941484373	22.503506929693074	24.43981307062756	24.614558367333853	0.0011222175017835242
240.0	25.625589359273416	21.101460783827157	27.227323109500883	26.045626747398547	0.0
241.0	29.15851434118994	20.683519684034916	23.141725382738223	27.013589878249398	0.002650713787522096
242.0	26.964543718342604	23.921946358880678	20.762102466162915	28.350244955575853	0.0011625010379473554
243.0	27.48826212913323	22.091838433618594	25.72991242382871	24.687156604841665	0.002830408577802937
244.0	26.280864043035297	22.261155105268955	26.353946626354446	25.10303309406296	0.0010011312783445292
245.0	28.859420524847422	21.042373263839554	23.116321287261943	26.979711850439042	0.00217307361203281
246.0	24.892379046773883	26.20509514680151	23.018744715229346	25.880767202190093	0.003013889005165471
247.0	25.795745737016517	22.826582770972806	24.5086332962153	26.725988435273756	0.14304976052162013
248.0	26.566928129155304	22.969356506789516	22.902200045666394	27.55177763152593	0.009737686862853076
249.0	25.28999002383848	21.55372406912992	29.135438589407777	24.004865271349914	0.015982046273912087
250.0	27.486236738216522	20.916112371596267	24.48023248365771	27.11708127825556	3.371282739369503E-4
