# Position (bp)	A	C	G	T	N
0.0	25.104219697331935	23.04513983621385	24.991752831661735	26.858887634792485	0.0
1.0	23.767743258993985	29.674329785916942	23.577063450819715	22.908341870986018	0.07252163328334282
2.0	24.083434418395097	25.939871396635418	22.96155998381574	27.014175607219332	9.585939344169972E-4
3.0	27.127575090768186	21.50266138938174	24.21106106789197	27.151559121633756	0.007143330324355085
4.0	25.302150731856504	23.960131374910933	23.68751687143656	27.050121274976206	7.974681979651003E-5
5.0	28.784217638739477	23.629691377619032	22.397655252124522	25.187559517811632	8.762137053364999E-4
6.0	25.699770838071096	23.65755001884503	24.4119078326943	26.224529391090833	0.0062419192987422335
7.0	25.996206439214358	25.249832677864326	23.771288195963876	24.981601507902724	0.0010711790547201902
8.0	27.47568859845206	24.77955654481637	23.445520899720027	24.299194323164876	3.9633846670915416E-5
9.0	26.4520196776221	24.86651311571184	22.24973903853053	26.431332622141635	3.955459938903966E-4
10.0	24.254439455290868	24.22065003726716	23.838691294344166	27.686219213097807	0.0
11.0	27.183610326845308	22.412540234275284	22.88608110001516	27.517614791242412	1.5354762183523958E-4
12.0	28.584488656533996	23.963296885069575	20.057216487228963	27.394997971167466	0.0
13.0	25.76444091995246	21.728980994389627	25.360316964086337	27.14611100123136	1.5012034021772704E-4
14.0	26.767138546331793	21.407859618209823	23.508958890923342	28.315968784600244	7.415993479858532E-5
15.0	25.27133830959188	22.926088326332685	24.346111357293484	27.45646200678195	0.0
16.0	26.427330485207566	24.8833294626188	21.57273432675672	27.116533712123257	7.201329365400853E-5
17.0	29.177353870630824	26.77572139949068	18.65603223756729	25.389340981809948	0.0015515105012577812
18.0	25.798142022011145	25.448037960677983	20.117590707028832	28.636089254651946	1.4005563009627424E-4
19.0	24.445286309007315	24.42199188560175	22.636817306259342	28.49541702240861	4.874767229864774E-4
20.0	23.06965229644917	25.398350941280395	23.685000557931417	27.846961657501968	3.454683704706074E-5
21.0	22.969343735973055	24.527855157975527	23.990111324691878	28.512415667005886	2.7411435365548624E-4
22.0	23.243012093780294	26.790274163275207	25.895315400871826	24.07136437650425	3.3965568423977244E-5
23.0	25.157429867999355	23.821089464398582	23.391807525859555	27.629267329290762	4.058124517463632E-4
24.0	28.43585518550502	20.9592331278175	24.743300533171446	25.861544184788123	6.696871790733471E-5
25.0	25.296845134584494	24.380805235839908	19.77524215593798	30.546941698564556	1.6577507306536347E-4
26.0	26.31148070678909	25.559218248431247	19.79852185174732	28.330680280542197	9.891249014172181E-5
27.0	25.802300731901546	24.33662274029386	19.82193060043162	30.0391130343998	3.289297317282001E-5
28.0	27.603234870560904	23.13852365736726	23.13689606591615	26.11844829337271	0.00289711278297305
29.0	28.70956160327136	23.172347868348844	22.11865646772631	25.99907954283961	3.545178138755694E-4
30.0	23.758634676624418	23.94335760983251	25.25735554234429	27.040300013093876	3.5215810490277715E-4
31.0	26.494577301072873	24.36649112187055	22.752671184865214	26.385877872207086	3.825199842784287E-4
32.0	24.931725086839375	22.71276672995843	24.44286092250221	27.912363110772375	2.841499276049129E-4
33.0	24.085935206151714	25.036138136893577	24.74546794270235	26.13239611029065	6.260396170390454E-5
34.0	27.137942762893257	26.273748491573777	22.184123513122724	24.404092047778867	9.318463136936369E-5
35.0	25.496451351914207	22.656027787146233	25.426879051089106	26.420457512364827	1.8429748562940357E-4
36.0	24.287616127194877	24.171887889382095	26.100139450838668	25.440141709549437	2.148230349216326E-4
37.0	25.482292770409437	24.929304221008902	20.794835910326643	28.793567098255014	0.0
38.0	27.750020931364443	24.533245907189873	20.85674758185237	26.859862904929898	1.226746634190594E-4
39.0	23.47283474067358	27.537834757537745	21.875031620312182	27.114084246630156	2.1463484633524798E-4
40.0	26.323692801240057	25.837885034692672	22.939808399329937	24.898552448598682	6.131613865295802E-5
41.0	23.82638358189236	24.19739053639519	22.050221889931436	29.920670172886236	0.005333818894777547
42.0	25.233821891381098	25.317530036542234	20.36314806380087	29.085408054985617	9.195329018067596E-5
43.0	26.20216243815684	25.797980992929276	22.190719824842446	25.805060604231034	0.004076139840405333
44.0	29.12806203013682	24.56951010275741	21.978557400338367	24.323655961097252	2.1450567015095378E-4
45.0	25.909752993291864	23.981049072277145	21.695766711052585	28.40938685543652	0.00404436794188856
46.0	25.617712953996158	24.43894896505833	22.072597719981975	27.87070972461909	3.063634444687153E-5
47.0	25.643496720713877	23.866096071902295	22.855628700875805	27.63290988013221	0.001868626375814461
48.0	22.146519195305643	24.07431792249853	22.870657147459315	30.908505734736515	0.0
49.0	22.058321896646646	26.113798553863887	24.183647160915253	27.642456410454265	0.0017759781199495623
50.0	28.22380196848441	24.22587296153844	20.46627349232992	27.08399034189756	6.123574967560361E-5
51.0	26.2159874488195	26.661523743925304	20.603742394673404	26.51614433857575	0.0026020740060459955
52.0	23.265767478538077	26.08461017620019	21.48510500148582	29.16448680277569	3.0541000223865534E-5
53.0	22.260898887435253	23.992415620115132	24.3574268597905	29.387703706729994	0.001554925929121598
54.0	22.57008030910301	27.600381805871045	23.032277595183952	26.79710786015857	1.524296834248877E-4
55.0	24.173467774304584	27.206021868956544	22.995092255859497	25.62417140007541	0.0012467008039699818
56.0	27.000762815003228	24.528500367726085	24.243197219449623	24.227539597821067	0.0
57.0	23.636837874876424	27.137052498203367	23.531319805781088	25.68937863810859	0.005411183030530017
58.0	25.46658840672837	25.046240133791663	22.169670666900515	27.317288019572683	2.1277300676526972E-4
59.0	28.120895957420235	22.022393160782578	24.65499828126002	25.198855632224294	0.0028569683128781497
60.0	24.000228170777334	23.531901581933486	23.5294135495211	28.938365672192017	9.102557606294358E-5
61.0	25.89577965329865	24.428401490101635	22.020744802043353	27.648824340875162	0.006249713681199679
62.0	25.65488131579642	21.13154293559986	24.943173493077524	28.270129233472378	2.730220538114334E-4
63.0	26.390809214082605	23.239841218513828	22.803210332080933	27.563500157434646	0.002639077887985401
64.0	25.33403019421113	21.73437253165683	23.375637267570973	29.555960006561065	0.0
65.0	24.873882600292497	25.73618034417469	23.047733518042254	26.336786942313868	0.005416595176688427
66.0	23.820872254819225	23.700805818864897	24.180678199862808	28.297129328920008	5.143975330704661E-4
67.0	26.809474231068194	25.64157957910528	21.39487147833575	26.153409054806843	6.656566839344062E-4
68.0	23.408730527316443	21.827589013335626	27.401793594168232	27.361614567559613	2.7229762008854514E-4
69.0	22.808282897652752	24.274898536167715	25.651720763062475	27.26204216478362	0.0030556383334367004
70.0	26.16516438505129	22.62550898348296	24.356928820849895	26.851914502857554	4.833077582977901E-4
71.0	24.44832803355951	22.605410377797515	26.127689157045296	26.817427837080825	0.001144594516850088
72.0	28.14092311009746	25.417917877973732	21.45011111449084	24.989572193399145	0.0014757040388212557
73.0	25.39538477613909	22.432705316875442	22.789387990348338	29.378095377759923	0.004426538877206908
74.0	24.87376311031558	25.377717092675084	24.218183350971824	25.529463303159723	8.731428777886001E-4
75.0	25.835551928062433	25.043782309869467	21.845272699739006	27.273014652509808	0.002378409819279992
76.0	26.474824215668917	24.90215806199506	25.247765892240203	23.37440888416839	8.429459274271725E-4
77.0	24.953513007778387	24.676924058753176	23.731500404738618	26.637189533570726	8.729951590913265E-4
78.0	28.01611294716002	25.47051533556549	20.082154116330013	26.43076607238484	4.515285596329253E-4
79.0	27.180569878471438	20.371791792261835	22.983509031112686	29.46114932896512	0.0029799691889246284
80.0	23.98408463473159	23.397567485892406	28.19219317562044	24.423536054882064	0.002618648873499394
81.0	25.21548227788628	24.471508964369765	22.131776401074994	28.18063038780941	6.019688595489266E-4
82.0	22.922772103197666	22.379840343932024	24.203999558166295	30.492304478803266	0.0010835159007463319
83.0	25.233021554456165	21.504977647386696	24.177148749162566	29.083678288500696	0.0011737604938702616
84.0	22.765938109780688	25.661226464948257	25.20235239169452	26.369520023978936	9.63009597594402E-4
85.0	24.78704263480629	27.798944534337544	21.286498110339103	26.126822592153133	6.921283639319271E-4
86.0	25.556665253381727	24.39198405646078	22.68554028960405	27.364004926536765	0.0018054740166711454
87.0	21.47662012617146	21.862187497555226	26.35858788583065	30.301491177445843	0.0011133129968159247
88.0	25.125444588499324	25.91871593845069	25.484816217697848	23.47045158246577	5.716728863673768E-4
89.0	26.185297039562954	26.033090175421496	22.944244570767015	24.836405450925245	9.627633232905085E-4
90.0	23.586034072482995	24.98115273653842	25.56786970268555	25.864823154607723	1.2033368530936286E-4
91.0	26.948915998941263	25.301228374118722	23.618139271878537	24.130934334319882	7.820207415962848E-4
92.0	25.861160674820173	24.239901181290115	22.361461665352653	27.537446409552796	3.0068984263697775E-5
93.0	26.765960760402862	26.2525333884132	21.250998548140316	25.73020664872963	3.0065431398352237E-4
94.0	27.683609874617716	23.436479279169863	23.699737883776002	25.17569362795129	0.004479334485133569
95.0	23.328285339314775	26.62407033444814	23.786121763868106	26.258456492163184	0.0030660702057934298
96.0	26.649207122508233	24.034573263515195	23.174990254893515	26.140417893007296	8.11466075759074E-4
97.0	25.411493332948787	24.959532633461194	23.615126803757004	26.013666974302772	1.8025553023966775E-4
98.0	28.31318967837438	22.20196642443816	24.539573600938155	24.94524025799258	3.0038256723763385E-5
99.0	22.0379736116191	21.671708554272513	26.833592484554526	29.456695320443636	3.002911021944673E-5
100.0	21.53778202944399	24.86999539703086	24.897348984028927	28.694873589496222	0.0
101.0	24.252723102234924	22.00467761111578	27.395399248219626	26.347019899362305	1.801390673600019E-4
102.0	24.809649433076892	23.926100922582464	24.70650972215633	26.557739922184314	0.0
103.0	25.110059683210643	25.802511017977015	25.350593829932873	23.73656527325784	2.7019562163006013E-4
104.0	25.684796721729796	27.847854639337744	22.69877890439129	23.768329568225997	2.4016631517325746E-4
105.0	26.883623743590356	23.045164699242253	21.31894491611927	28.74872407623119	0.003542564816927455
106.0	26.566221692247744	22.82224619916433	25.184135109868635	25.427276913867335	1.200848519563924E-4
107.0	26.927180525434764	23.09635572399184	22.558894660873868	27.41681857154179	7.50518157736101E-4
108.0	23.8220645675233	23.76470496423204	25.076592029146244	27.336488361643447	1.5007745497451234E-4
109.0	25.8667619089066	24.20363431181729	25.59202006089701	24.336773358984708	8.103593943914125E-4
110.0	24.640677112547873	23.910341770529747	22.908970534787944	28.5399205469577	9.003517674355371E-5
111.0	25.092414271638685	23.410905199178753	24.825037882573476	26.67080231224004	8.403343690454432E-4
112.0	25.61329726543814	23.51062380373047	23.777681879483854	27.098307021655742	9.002969179235311E-5
113.0	28.6902404814791	21.9470483417647	22.65854798856559	26.703292944000083	8.702441905198598E-4
114.0	26.655895249973295	21.712187105749944	27.16455659735268	24.46694091365781	4.201332662720615E-4
115.0	27.213930303464117	23.037888521437388	26.65491982344321	23.09251104230274	7.503093525460547E-4
116.0	26.324987484828732	24.196868145917893	25.164557995363683	24.31343631188407	1.500620056207225E-4
117.0	25.799148907051755	26.307349657903135	24.028114459066174	23.86451661504026	8.703609386812712E-4
118.0	27.445984264067864	24.10059808066766	24.750929774141113	23.70215774827791	3.3013284545701187E-4
119.0	27.421393765283963	21.013414471638608	24.945647019559868	26.618944489730257	6.00253787301271E-4
120.0	25.25870055922359	24.051686389404857	24.714543264721677	25.974919723968704	1.500626811819297E-4
121.0	27.71365768071593	22.983083138902177	24.571706230180475	24.73059254933009	9.604008713236905E-4
122.0	25.68630981857471	23.255120875163193	25.81272227974609	25.245276789867795	5.702366482090068E-4
123.0	25.36930621961464	27.354875808488078	22.640907493447614	24.6340701400454	8.403384042754016E-4
124.0	25.406417202173802	24.733917079126204	22.772598441077008	27.086917219580535	1.5005804245082E-4
125.0	26.505872957804556	23.447595341968235	24.11911635085832	25.92642499393032	9.903554385669016E-4
126.0	24.418808797750593	22.668640209310766	25.258734861928545	27.653606051957354	2.100790527475489E-4
127.0	25.202572764136878	22.674674743167746	28.432332893975516	23.68939923220421	0.0010203665156524224
128.0	26.170659423932534	23.268533871536505	24.826542019612404	25.72466105954998	0.009603625368576637
129.0	24.28290056327182	26.27003255266362	22.674534285634543	26.769051351099098	0.003481247330918668
130.0	26.48794536022266	24.283945333812714	23.707818364396033	25.520170896359566	1.2004520902571908E-4
131.0	26.282390063380852	24.208669722416545	24.287149254264378	25.22110070019348	6.902597447419464E-4
132.0	26.485733132540606	25.892628309973876	21.729730508390137	25.885455712058906	0.0064523370364746105
133.0	25.865274412834232	25.715761380561688	24.213428503090046	24.203134851931978	0.0024008515820561553
134.0	26.908070671607142	22.342619787941963	20.92637869084128	29.82281080883176	1.200407778522364E-4
135.0	25.860446384789764	23.83642800939416	26.294803380986366	24.007812063924963	5.10160904749358E-4
136.0	28.31048323567586	26.241865420252235	24.1757684430073	21.26543075572628	0.006452145338324993
137.0	29.045381157306537	20.777079544567886	24.42374753167558	25.753551686263208	2.400801867823853E-4
138.0	25.558880130163548	23.324709978295072	27.169840083326758	23.945549529576525	0.001020278638096064
139.0	26.707735685484412	23.639142381901067	24.78145886541359	24.86989259218248	0.0017704750184474496
140.0	27.431113207683055	21.30548213552657	25.463206362695743	25.799988236790995	2.1005730363243092E-4
141.0	25.43425888803797	25.03823134706381	24.693729098796524	24.833150479062187	6.301870395133275E-4
142.0	29.11276053795295	22.547006064214415	23.408113707621318	24.93187961838182	2.4007182949138382E-4
143.0	26.890732346132772	25.374281370765573	24.430363109195632	23.30438310567863	2.4006822739022432E-4
144.0	28.43659552121235	24.608604973930003	22.98954949547995	23.964649836828087	6.001725496080124E-4
145.0	27.866390789834973	21.733402752666617	22.688268682828166	27.71088748216378	0.00105029250646305
146.0	27.62024681340393	21.05998206695723	24.86619237329537	26.44886742151893	0.004711324824540661
147.0	26.78888918562965	24.278672384494406	25.913360566133363	23.014816799754897	0.004261063987677723
148.0	24.388349013460342	24.799067114464528	23.36429948362409	27.447714238387544	5.701500634967124E-4
149.0	27.579674391513404	25.087031686105572	23.91049472648449	23.42024848705455	0.0025507088419871884
150.0	26.198437803369924	24.011938689678995	24.53361117454632	25.256012332404758	0.0
151.0	26.046989541207978	23.802424499957386	26.49199535698295	23.658020427834575	5.701740171100221E-4
152.0	27.00884597759651	23.86601361422871	23.437744298220213	25.687246061143693	1.500488108781787E-4
153.0	25.61397906932846	23.30027948175386	24.070212250681898	27.014688922373214	8.402758625656803E-4
154.0	23.488248283263218	23.941763294694127	24.875532456993803	27.69154497007077	0.0029109949780835092
155.0	26.963772181085965	22.560887210421622	24.959786721799155	25.515313762621144	2.4012407210805822E-4
156.0	26.43420024985157	23.74307310229567	25.596939348260793	24.22551715733505	2.701422569124901E-4
157.0	25.387151722533634	22.083549072135554	26.332230251457645	26.196798811373	2.7014250016883903E-4
158.0	25.143725729914795	20.90727983241278	25.95617794765691	27.992786473677622	3.0016337892715007E-5
159.0	26.928074754348337	21.538041300396674	23.652529157767876	27.880724430389815	6.30357097295618E-4
160.0	26.996270308806423	19.60814978800045	25.994461746275938	27.401028104011104	9.005290608232336E-5
161.0	24.209370158700807	20.373402718346814	28.936504367731764	26.476700377593193	0.004022377627415565
162.0	26.20644441629409	23.3069613888557	24.19964110301088	26.286923073690353	3.0018148972869E-5
163.0	26.12130201405543	22.860923518246516	27.31530220437501	23.702322169018792	1.5009430425136114E-4
164.0	25.756142106745166	23.77522600058958	24.986386230009373	25.48032442499458	0.0019212376613014102
165.0	26.224784726800266	21.66352057388575	27.032351920497515	25.07865231952295	6.904592935220509E-4
166.0	25.208908673398778	22.609479853053184	26.22175736362733	25.95967398388653	1.8012603418612002E-4
167.0	26.9301794262503	23.15167545059211	26.447096050761132	23.47053869905836	5.103733380968178E-4
168.0	26.43959165647649	23.649260257900227	23.65409389811467	26.256874051848445	1.8013566016567077E-4
169.0	26.5633387735397	21.82024141065872	25.6977695153893	25.918290021844893	3.6027856738830464E-4
170.0	31.87425015222135	22.44178058748434	22.681881996327473	23.00190712035635	1.8014361048627965E-4
171.0	25.994045753305876	22.925050709573753	26.589560493008747	24.49041231777279	9.307263388348267E-4
172.0	27.253141648002742	24.09559891609654	24.34847370075223	24.302605624903002	1.8011024548125908E-4
173.0	29.30739278119908	19.32672992713	23.8765124217599	27.48741374528278	0.0019511246282357152
174.0	25.489074820019926	24.84699104654852	23.925770432987797	25.73768341337617	4.802870675802928E-4
175.0	25.168068803518224	24.24114252264557	23.540169156991798	27.048908434584874	0.0017110822595291521
176.0	25.137409935663722	24.15346803794913	26.858377630632123	23.849363466804117	0.001380928950905274
177.0	22.941282082229222	25.582288369724665	23.833636869666723	27.61625201381796	0.026540664561427528
178.0	25.50884031240093	22.736846402874242	23.655520812319278	28.098552311786122	2.401606194222696E-4
179.0	28.103765161790818	24.17315288993445	22.456773022114703	25.265048007959397	0.0012609182006337015
180.0	27.00548330713203	21.989494592858275	24.754328934605528	26.25060285069353	9.031471064069858E-5
181.0	28.3522532670201	21.320682926593953	25.935243295915562	24.391036618604044	7.838918663379949E-4
182.0	26.678903529648668	22.562060278557947	25.758576480443878	25.00030898631688	1.507250326244333E-4
183.0	24.54849300713952	23.672143324624102	25.868051944293462	25.910738946372646	5.727775702715177E-4
184.0	26.533292332181684	22.391753944853452	26.093193205867987	24.977690549837504	0.004069967259374491
185.0	25.62390013016068	24.430117458110747	23.27329101553669	26.672058377579326	6.330186125558337E-4
186.0	27.26867671641296	22.525228621428237	25.088351046752273	25.11774361540653	0.0
187.0	24.237818971544314	22.80875031497581	27.669318002597155	25.28326673269325	8.459781894737351E-4
188.0	27.762787678964656	27.457734971561447	22.321301235922736	22.457632239865216	5.438736859407444E-4
189.0	25.501639245191797	22.581728081705418	24.64938282796235	27.266071401592413	0.0011784435480215745
190.0	29.626209316134844	20.106551271377867	25.265131655488254	25.00195666330735	1.5109369168727837E-4
191.0	26.795388975722084	23.19901159475385	24.814855619466403	25.19038060381827	3.632062393989179E-4
192.0	27.590833899618456	22.543091901643464	24.013869319050336	25.85211407227362	9.080741412267173E-5
193.0	27.557488818885624	23.944688675515494	22.378454763030607	26.119186108112462	1.8163445581408864E-4
194.0	28.076184513702053	22.1726506278323	24.873009159930504	24.878155698535142	0.0
195.0	26.357386464103786	21.274794534484055	24.3908701370739	27.976252473700658	6.963906376031567E-4
196.0	29.3603622254426	21.908343558058732	25.710757544390283	23.020384894888206	1.517772201819991E-4
197.0	24.55031788344881	23.60207185926902	24.239053211321142	27.607919457381758	6.375885792704772E-4
198.0	27.333052925080814	22.65312434706999	24.106959021162307	25.906742054516595	1.216521702899245E-4
199.0	25.992756123642152	22.830647413066778	25.122326526780153	26.053690767806998	5.791687039179848E-4
200.0	27.22607432517914	23.212039087709567	24.880445932783896	24.681379684572978	6.0969754429071595E-5
201.0	26.307163389821824	20.590176568844534	28.81815607092021	24.284077158972323	4.2681144110749035E-4
202.0	25.458256793322914	25.032539349822784	28.04856892412058	21.460634932733715	0.0
203.0	25.96670507481659	24.468299246862742	22.386390461440676	27.177873245785523	7.319710944614798E-4
204.0	26.236058181223665	23.04613222240049	24.227515109292636	26.4901724780582	1.2200902500757982E-4
205.0	27.955377838566775	23.52476275564907	25.788295467474548	22.730740358550026	8.235797595818168E-4
206.0	25.496315196375413	21.26884271114178	25.660375746859877	27.5743443221566	1.2202346633281045E-4
207.0	26.522701512823993	23.241412660614557	26.989439063718006	23.246080646317708	3.66116525737229E-4
208.0	27.859197177962596	21.788093919406542	21.747417277350312	28.60523059505991	6.103022063950517E-5
209.0	27.617036211869188	19.98937907250004	25.48091742839267	26.91196532938609	7.019578520089728E-4
210.0	24.742398952868076	23.607171681528307	24.966910826508943	26.683274338552305	2.442005423694046E-4
211.0	25.901054115152704	25.503791565857465	25.517775598412783	23.076706998489236	6.71722087809954E-4
212.0	29.196459798553683	22.074637465350165	23.6848640351882	25.04379433842676	2.443624811955434E-4
213.0	30.581645218147134	21.616299550450606	22.48138185781354	25.32027605615379	3.9731743493086525E-4
214.0	28.37528821072482	24.199883599414388	24.64747229369403	22.777325312723352	3.05834434082434E-5
215.0	25.94450545158815	24.532008840164856	22.666201072398376	26.85694769262814	3.369432204726701E-4
216.0	25.90050129722738	24.64682458066227	26.32256481800408	23.130047354374767	6.194973150986364E-5
217.0	29.973455682034828	22.743709570775852	24.68406270662179	22.59811677939759	6.552611699407364E-4
218.0	24.659988926360295	23.608276287310616	25.539273669904865	26.192209442794585	2.516736296370866E-4
219.0	26.468500812768546	22.24346982785311	24.86338216507315	26.42398033986078	6.668544444102197E-4
220.0	28.364537685558748	21.19831219322064	24.451190086224354	25.98564107536601	3.1895963023647987E-4
221.0	26.2954552024746	22.53232173658869	23.800586529103214	27.37141168497027	2.248468632256531E-4
222.0	26.193154296789455	23.975209526092904	24.284100933292628	25.54740547115105	1.2977267396270268E-4
223.0	30.25206641096422	21.93043984448082	24.214422955270866	23.60241525404285	6.555352412468019E-4
224.0	30.295950897674473	22.16936491851044	24.981809999490846	22.55277563804609	9.854627815343984E-5
225.0	30.638431679275346	19.549509437352523	24.820514582116726	24.990751579498102	7.927217573055916E-4
226.0	25.172130969542785	22.275746981088894	25.54343740760353	27.00858441508545	1.0022667933977345E-4
227.0	27.23350300049733	23.653285161624673	25.73379417661265	23.378270501598937	0.001147159666405969
228.0	27.671053086504283	28.141365604511748	22.971148064210624	21.21639934837565	3.3896397694231444E-5
229.0	27.80930512572336	25.59752553169124	21.408567126403202	25.1846022161822	0.0
230.0	25.74017290780591	21.718324675092216	28.245945451015654	24.295556966086224	0.0
231.0	25.113221589280272	25.574233814352166	24.052673759305517	25.2585455882117	0.0013252488503466223
232.0	24.86975302015118	25.3759708443232	24.385672797133267	25.368427921584473	1.75416807877197E-4
233.0	22.807542620058687	25.15188964441174	22.746123635847834	29.29405402530164	3.900743800920221E-4
234.0	27.765744730744114	20.809891104626512	26.673188886339393	24.75002260323736	0.001152675052617815
235.0	25.298005906535025	22.305152507725808	28.395473940749476	24.00118538952731	1.8225546237846295E-4
236.0	29.648616785809157	23.71490333442568	23.798473641178955	22.837747621368138	2.5861721806936334E-4
237.0	28.031341492770146	23.36374306544281	23.51724099323945	25.087450527427542	2.239211200534425E-4
238.0	27.790657872514956	21.609682614360164	25.01172402769736	25.587860089751015	7.539567651032618E-5
239.0	27.511797572405346	23.265091518768248	24.684045756902233	24.53769056625675	0.0013745856674243432
240.0	26.012344228666446	21.533602838646104	25.865791383399923	26.588065097752317	1.9645153520981223E-4
241.0	28.95049280598464	21.606318554005664	23.482380228908713	25.958133324731097	0.0026750863698841924
242.0	26.645580923013117	24.11288691636571	20.77014082086172	28.470721158451756	6.7018130769719E-4
243.0	27.973700341297196	22.475093435387	25.14389779792853	24.404506054502562	0.002802370884708488
244.0	26.902157574453405	22.150027056705156	25.747263475346756	25.19968164859194	8.702449027382652E-4
245.0	27.851345934482115	21.84345822276303	23.50680034621242	26.79704744085505	0.0013480556873874722
246.0	25.11022978471931	27.1430965693139	22.243262499791495	25.501504812301572	0.0019063338737260328
247.0	25.92790508394668	22.18458872417929	24.855814946188435	26.891567742685623	0.14012350299997292
248.0	25.805334201785087	23.06652226131761	24.05150280286956	27.066037544062034	0.010603189965715024
249.0	24.92227602053225	20.824546216766297	29.25489785076996	24.98127904148692	0.017000870444566763
250.0	27.476016307587827	21.763108592835103	24.371135938393916	26.388295869901725	0.0014432912814381915
