# Position (bp)	A	C	G	T	N
0.0	22.453610832497493	22.213784209772175	29.13293451783923	26.199670439891104	0.0
1.0	24.881012459587033	29.455947415442612	25.639429858427565	19.953706758349636	0.06990350819315481
2.0	24.781649335562292	21.850473181650752	23.611091434562095	29.754838069872214	0.0019479783526478338
3.0	25.313936331695096	20.994016722041177	24.78991299301892	28.892226692284012	0.009907260960792015
4.0	25.711947134975173	21.875414333874875	24.85702719090914	27.555611340240816	0.0
5.0	29.85726671858252	22.94822011615731	24.73348978723329	22.460140455340888	8.829226859920783E-4
6.0	30.51651668495427	22.577885906393185	25.27843313222813	21.62138001871996	0.005784257704455982
7.0	27.585409885151265	24.153430491035703	22.164283250364647	26.096526171469396	3.5020197899138326E-4
8.0	29.71391383300881	24.431825139824113	27.625955413734165	18.22830561343291	0.0
9.0	31.685813052131707	23.498725514159013	18.70823003596494	26.10705681064283	1.7458710150494082E-4
10.0	25.527115921020265	24.430058908594862	22.45451897128882	27.588306199096046	0.0
11.0	25.865082853725607	21.628008409746855	23.069898353829537	29.437010382698002	0.0
12.0	29.493991592953194	27.98547996410474	18.97202599032447	23.548502452617587	0.0
13.0	30.321704546971134	24.496189726274206	24.44580869890163	20.736130203259084	1.6682459394893833E-4
14.0	27.31797813644955	25.555640443914445	23.023494514182076	24.10288690545393	0.0
15.0	23.35507467432375	25.39072272607686	20.916396715717845	30.337805883881547	0.0
16.0	28.989829166393942	23.030688107739635	17.955967362655432	30.02319607789923	3.1928531175816056E-4
17.0	28.281996300420577	26.07267863661602	19.429387422043483	26.215017347530395	9.202933895325829E-4
18.0	27.46696297836048	23.618375400830853	22.574304640620177	26.339745608055438	6.113721330468036E-4
19.0	24.700342269784276	26.9854470488959	23.96163160296095	24.35181610514381	7.62973215062312E-4
20.0	20.686994718323124	25.42317458164749	25.630523722339007	28.25900559812542	3.0137956495859797E-4
21.0	24.40975679666075	23.23845153623716	21.402670146047402	30.94867366026176	4.478607929226052E-4
22.0	26.27263439853642	24.13888671854845	24.104243171167134	25.484088292397438	1.4741935055879305E-4
23.0	23.15311053141144	25.696872404716952	22.561514158619307	28.58806349224949	4.394130028166373E-4
24.0	29.08966075480971	21.545032739256754	22.192157032797073	27.173004928956534	1.445441799285952E-4
25.0	27.723677366595755	26.370324597742854	19.054651414933225	26.851204893555806	1.4172717235866612E-4
26.0	27.734209934975638	27.16409852723575	18.828798399052545	26.272751812160024	1.4132657603864432E-4
27.0	23.43649627204407	25.053049779965185	22.35869981095501	29.151754137035734	0.0
28.0	28.28423891926592	22.61956380959889	22.914355540789376	26.178463028555658	0.003378701790148832
29.0	26.97606001031776	22.228078247654103	25.058211681376445	25.737092343943896	5.577167077982739E-4
30.0	24.06132280873947	23.02397754999067	25.60752572972898	27.306897433593452	2.764779474277183E-4
31.0	28.20827755620265	23.262306620112888	22.207946343550326	26.320641448503334	8.280316308082969E-4
32.0	22.33940950217254	23.91575122192518	25.48647489486716	28.257953304439216	4.110765959021144E-4
33.0	27.283544700172225	24.707251822656072	23.78159440711772	24.227472923941974	1.3614611200740635E-4
34.0	29.466358560534626	26.926506435290293	19.92113885954866	23.685861247020448	1.3489760597218682E-4
35.0	28.204658599318748	23.792972530733813	23.331497414562936	24.670336721762055	5.347336224459786E-4
36.0	27.331971533120736	21.452628456993075	25.75712840956609	25.457737211747467	5.343885726347629E-4
37.0	22.91581251427297	26.81568871503874	21.611847332974534	28.65665143771376	0.0
38.0	25.69634433411176	24.942619437690517	20.631232917683093	28.7296697897181	1.335207965316638E-4
39.0	24.496383573493958	25.43433162190521	21.06258059865275	29.00670420594808	0.0
40.0	25.284918348768358	25.2353963495212	23.214338153830546	26.265213665402143	1.3348247775514508E-4
41.0	21.875938469752075	25.281457506089627	21.960559244552705	30.877239814474954	0.004804965130634989
42.0	23.820054371253967	27.137047857113306	20.524681266206947	28.518083046284964	1.3345914081674325E-4
43.0	24.88183722761179	26.998892432511777	25.77456331149335	22.340970656133656	0.0037363722494295364
44.0	30.79574018433229	24.24484600729004	22.05663388106458	22.902513088446412	2.6683886668196543E-4
45.0	26.96028801890958	23.085798741584664	23.98445722334938	25.96598783736376	0.003468178792620249
46.0	27.2868173627256	25.802932024046278	22.84996685433648	24.06028375889164	0.0
47.0	28.186524904040823	22.50339424751733	23.353489873272533	25.955123913374003	0.0014670617953102035
48.0	22.056183940663615	23.802964152266853	21.56411439483447	32.57673751223506	0.0
49.0	19.052324185934875	22.811291569992264	27.11176894151532	31.023015174547297	0.0016001280102408192
50.0	26.275951355250406	22.457330512033856	25.025699691603702	26.24101844111204	0.0
51.0	24.11947350388153	29.073805711573662	22.284496147800734	24.520224879381303	0.001999757362773317
52.0	19.142553282227883	28.663919482264134	23.286785794249038	28.906741441258944	0.0
53.0	25.185474372202282	22.47005254498592	25.38226908822432	26.96100888497601	0.0011951096114698654
54.0	22.42561926410605	34.131622833106725	19.771440559143443	23.671184568320868	1.3277532290958532E-4
55.0	26.281637799455837	28.039816842524388	22.00623797199549	23.671378326365385	9.290596589023824E-4
56.0	30.817314583300153	21.694988135242312	25.11466611457056	22.373031166886975	0.0
57.0	25.31454741136206	27.389943241460674	23.74370142115314	23.547030494610127	0.004777431414000262
58.0	25.191939725751105	26.331104983665547	24.628792683865385	23.847897221684082	2.653850338763996E-4
59.0	29.41041444142955	22.102260288059018	26.556493932980835	21.927912268713552	0.002919068817047362
60.0	20.970476337028213	24.567810505202722	26.796942571063205	27.66477058670586	0.0
61.0	26.734229603443588	25.558820213168136	24.510356628839382	23.1916855139846	0.004908040564292015
62.0	29.48206590007415	19.09221261733999	23.800137684225607	27.62545115459763	1.3264376262602816E-4
63.0	29.31492313610017	21.54643003992413	24.886527926995875	24.25012932235088	0.0019895746289443315
64.0	20.66427710435969	22.567970582658038	27.147920802320076	29.6198315106622	0.0
65.0	19.53653536583102	28.21668483291034	25.929859735382806	26.31254425535639	0.0043758105194484885
66.0	24.233468049898164	24.5426796928038	21.578517481330618	29.644539205702646	7.955702647657841E-4
67.0	27.71488653057761	27.53642212004052	21.146971938924334	23.60105646688199	6.629435755463981E-4
68.0	22.388819577671505	20.772770723648883	26.517440573180934	30.320836542936203	1.32582562476218E-4
69.0	23.682110214590455	22.493019777958672	29.40390362123048	24.418447407705955	0.0025189785144390502
70.0	28.511745471270217	23.90010881940882	23.17959443894383	24.40828618046526	2.650899118708588E-4
71.0	22.14208209181639	24.103557418033382	27.064649855787508	26.68851824814617	0.0011923862165452862
72.0	25.740265796222893	26.076750249051482	20.986429343563874	27.194832446639396	0.001722164522351046
73.0	24.7374242474418	21.5274365003146	25.928535947279528	27.80262940027155	0.003973904692519125
74.0	25.129104421271798	24.561958864066522	26.09571541531293	24.212691504339684	5.297950090661171E-4
75.0	27.43866824363968	23.444538185748172	19.63874426680688	29.47593019113072	0.002119112674545351
76.0	25.694347873880393	22.12298079228036	28.207787185406215	23.973559752125986	0.0013243963070533374
77.0	26.807310290027807	23.318765726393856	24.536220368163157	25.336776585882664	9.2702953251225E-4
78.0	25.912713231263062	30.52481176324146	19.486179197686337	24.07550128051316	7.945272959852535E-4
79.0	28.459239623373513	20.796153759578196	24.942302421378358	25.799655999290284	0.0026481963796507295
80.0	24.67784656561605	24.859721786507084	31.504256330223985	18.95605741115051	0.0021179065023700697
81.0	24.20431653152688	26.264900451877793	22.453587888510338	27.076400966759056	7.941613259317497E-4
82.0	21.82943405416065	23.916608321962183	23.7822721214664	30.47036199304628	0.0013235093644905084
83.0	23.249559958179482	23.894998742737656	25.901324757480708	26.953057794364817	0.0010587472373314276
84.0	22.264878541974348	27.557923488589985	22.371806069460547	27.803803867388694	0.0015880325864286737
85.0	25.18083194605081	28.47418331185141	20.730367857038882	25.613690559685793	9.263253731106271E-4
86.0	28.859620799898373	21.472920327750842	24.274708348330545	25.39063327052148	0.0021172534987614067
87.0	21.360265172315692	24.642235704314345	24.545508676983335	29.451461160327362	5.292860592668065E-4
88.0	26.04673195220157	29.298703154585404	25.131887630547915	19.521751039024448	9.262236406675691E-4
89.0	23.610473432048256	28.369668911149954	24.20244542386068	23.816750663884548	6.615690565628311E-4
90.0	19.78989428560088	24.359693573781772	28.81054762440296	27.03973220783001	1.323083843823183E-4
91.0	29.037294199209345	24.513645961779666	25.17318755060675	21.275078457003445	7.9383140079489E-4
92.0	27.023183140592522	24.14642568442722	22.212446633000418	26.61794454197983	0.0
93.0	22.535574618059044	28.707618709947134	21.643100191036623	27.11304499679842	6.614841587773657E-4
94.0	28.352390061661513	23.18835403048812	20.740546711804853	27.714211252531744	0.004497943513767014
95.0	23.17309511242339	27.95656251777595	21.945876442084458	26.921423346125405	0.003042581590793942
96.0	25.162473163653104	26.45590902296517	22.216460684338422	26.163437486358603	0.0017196426847061596
97.0	23.35497815455963	26.02934154152221	27.22075468952755	23.394925614390612	0.0
98.0	27.46556652376978	21.034677516424765	28.084066225498432	23.415689734307023	0.0
99.0	21.24412074667344	19.986486146978358	29.97232436949677	28.797068736851433	0.0
100.0	19.330804391315212	24.45541582761589	27.306359420926047	28.90742036014285	0.0
101.0	22.48046846594327	20.898113417096255	33.165728157008544	23.455557744456534	1.322154953916289E-4
102.0	23.687327958453537	24.396119298004386	27.00149929001875	24.91505345352333	0.0
103.0	26.960898374908115	24.5951813090636	27.572885873387733	20.87090223536069	1.322072798616583E-4
104.0	25.368584150352717	30.190452771520132	21.5148438408901	22.925590422100242	5.288151368044759E-4
105.0	26.20635315145714	23.893327974701617	20.408719057867934	29.487501520335478	0.004098295637827005
106.0	28.0575444459721	21.653728596660073	25.84066608145696	24.44792867492306	1.3220098780578087E-4
107.0	25.915751400001056	23.90498500848726	23.26963042087284	26.908443368040313	0.0011898025985288751
108.0	21.868522357121705	25.879505266720248	28.09525572147722	24.15658445788739	1.3219679343457843E-4
109.0	23.99110608191711	26.869864317516047	26.240627544707536	22.89721232246534	0.0011897333939656723
110.0	26.5091520037647	25.15647699077728	20.72118873603604	27.613182269421984	0.0
111.0	26.10720361443076	22.433818932140863	26.90043792455748	24.5572176919935	0.0013218368773983077
112.0	24.99619977925674	22.119003086440152	26.241218185543296	26.643578948759806	0.0
113.0	28.392816308834746	22.829513566242415	23.998376835807953	24.77810367366469	0.0011896154501967492
114.0	23.82560537168235	23.082372845511262	27.057470656656445	26.033890240033834	6.608861161044729E-4
115.0	25.024386762151746	22.310252485599253	29.65152704749669	23.012776284171206	0.0010574205811054805
116.0	25.00862457521489	26.835712746791724	27.214665346655053	20.940732976542478	2.6435479585861773E-4
117.0	26.135615623554294	25.727446963188154	23.074350670808276	25.061397131716344	0.0011896107329323904
118.0	28.878385094481278	20.736975118696403	26.953071302435262	23.430907591282555	6.608931045057048E-4
119.0	26.067635532115972	21.38245071409217	24.173523405436484	28.375332923581233	0.001057424774140677
120.0	23.376709205421875	22.681858135123882	27.74619497333342	26.19510550977114	1.3217634968575072E-4
121.0	26.020294195785986	23.580338130856195	26.193840366601417	24.204469904344734	0.0010574024116705503
122.0	32.608178446523404	20.70610409556765	23.53239735967665	23.152659224345538	6.608738867579378E-4
123.0	27.12823888298519	26.243080778442163	20.87688411658657	25.75060667100192	0.001189550984155181
124.0	22.570293438926587	25.02081642687024	21.447131562461173	30.961626403952348	1.321677896523194E-4
125.0	26.695276474094555	22.864936949605944	25.58692178473389	24.85167528617517	0.0011895053904419277
126.0	22.5600568848663	26.40123920192013	27.626960043139455	23.411479535193546	2.6433488057350096E-4
127.0	26.244302029131845	21.762448967723945	24.75691521207884	27.23514430454027	0.001189486525100148
128.0	26.624954898159054	22.47188486706026	24.574787112702396	26.31872496269599	0.009648159382306332
129.0	20.88978408290413	29.384258947204263	25.424611403414865	24.297644961295635	0.003700605181111583
130.0	28.56308318574714	25.05484919774788	23.182575136792575	23.199492479712404	0.0
131.0	28.225183979022162	20.8041680764676	24.2442585856877	26.725464176958212	9.251818643207579E-4
132.0	24.393838264351942	27.619563708936635	22.66598819727599	25.314794377515348	0.005815451920090403
133.0	30.482569757974982	25.813358427524662	22.574859638178417	21.126833162396778	0.0023790139251615087
134.0	25.90287001975906	22.339234617341713	22.204159314843082	29.55347171282621	2.643352299386081E-4
135.0	24.532827932389406	21.734090906087147	29.030024040907872	24.702131961983913	9.251586316639506E-4
136.0	27.629424335779678	27.927320690580316	26.16426063155613	18.272518334370815	0.006476007713057349
137.0	29.070116289980874	21.73772836066679	24.097361635540143	25.09452938836413	2.6432544806467514E-4
138.0	24.96150831882874	23.86153831921201	27.260700687365606	23.915063232085345	0.0011894425082963616
139.0	28.02384209239472	24.751501694982455	25.96554526891739	21.258185807082583	9.251366228548394E-4
140.0	29.280558044623483	18.45245175393383	28.825653347289737	23.44107252835555	2.643257974048493E-4
141.0	25.82699706458831	20.380427240514763	29.447822759815658	24.344752935081278	0.0
142.0	25.664096935221885	22.952067657993545	24.068334679215308	27.315104232060893	3.9649550836671604E-4
143.0	26.386497091736196	23.039053073005945	25.170722552558228	25.403727282699627	0.0
144.0	28.359686406360684	24.46448018100887	25.363445089394276	21.811595352132034	7.929711041329654E-4
145.0	30.740338384519212	20.474219392218902	23.187216349877225	25.597168586963132	0.0010572864215348098
146.0	27.05329460181693	23.80759176488313	24.311515577629113	24.82323679529301	0.004361260377817308
147.0	26.25791649485626	22.464474894534845	26.693389792875948	24.58078260961504	0.0034362081179095164
148.0	28.515864540821724	24.11650736926688	24.168842908798716	23.197860057939142	9.251231735425345E-4
149.0	28.52615357776292	25.321088064960364	21.31723421520764	24.83288089806858	0.00264324400049693
150.0	24.382594490863482	27.779216900112868	24.077691459807514	23.760497149216135	0.0
151.0	26.34104047770726	23.35761696188545	23.249635877739507	27.050781508140215	9.251745275662359E-4
152.0	28.019481377706114	23.317385213184956	23.606962543945443	25.055774364938806	3.9650022468346063E-4
153.0	28.441093283286197	22.100393856889852	23.449287621262986	26.00803573788692	0.001189500674050382
154.0	27.643070497739945	25.682905553646478	24.438027014881975	22.233750099125057	0.0022468346065396103
155.0	24.387722320421684	25.210174022371852	26.892359435587398	23.509479810205487	2.6441141358307874E-4
156.0	30.60551574605357	24.561199397128426	22.405933525476613	22.426822496628677	5.288347127105423E-4
157.0	24.790016513104053	23.49911220581489	27.51923994769749	24.191102490979933	5.288424036416087E-4
158.0	27.675006478293753	20.764782408656057	25.636062678153078	25.92401622482059	1.3221007652319228E-4
159.0	29.03848899747743	21.384186617167213	25.124938522314416	24.451460392505275	9.254705356623461E-4
160.0	25.901325513692747	22.74301745405124	26.00748824013136	25.34803658449522	1.322076294378796E-4
161.0	23.51370253294253	21.02716445022627	27.741002362528473	27.714561081342637	0.003569572960088208
162.0	28.143537620918007	19.723797297994054	25.11022592513759	27.02243915595035	0.0
163.0	24.162895449022788	21.228418785621646	31.59758166123955	23.010839689206716	2.6441490929907574E-4
164.0	28.211179286629356	24.402384512567078	24.387312743181017	22.996875913064976	0.002247544557570854
165.0	30.86552293112202	19.667429979691995	23.726783296666103	25.739470511084782	7.932814350990016E-4
166.0	28.207758964907224	24.828714146320824	22.666982222233976	24.296544666537976	0.0
167.0	23.263531720113072	24.37891196217544	26.225450660686946	26.13131235671013	7.933003144113579E-4
168.0	23.757957993693104	22.040551886449432	24.77962224734403	29.421867872513435	0.0
169.0	26.703786662717544	21.09135961792232	26.701009935394808	25.503579333744113	2.644502212126101E-4
170.0	29.87793106913449	23.809391585811866	20.76956844824896	25.54297667309274	1.322237119427101E-4
171.0	24.988298696593798	26.589724536773822	24.894688269344172	23.526230752347534	0.0010577449406737308
172.0	28.48348604332444	25.397435846605426	24.033288267035655	22.085657683803756	1.3215923072754977E-4
173.0	27.891244563615775	19.524730179580736	23.6183886233377	28.96444726955083	0.001189363914963123
174.0	27.955512856261223	25.934138834670478	21.269754847610653	24.840197009962825	3.964514948203612E-4
175.0	23.794987677324293	25.97302886743708	23.00699716545422	27.22326838325173	0.0017179065326699571
176.0	22.00104926109025	24.32184564232883	27.469893210593572	26.20575824971621	0.0014536362711322372
177.0	25.64494621979117	25.392399275265596	24.43031567707294	24.50722950319219	0.025109324678105064
178.0	24.25155318075034	22.598086238197542	26.117219892340987	27.032347912488074	7.927762230555182E-4
179.0	27.0805227683839	23.659484393188844	27.273700247219608	21.985103400161464	0.0011891910461842162
180.0	28.88136319114259	20.73973026454061	25.67549526185066	24.70288254491956	5.287375465784733E-4
181.0	27.876496984216388	21.687860446298956	25.624112518741228	24.81086898462889	6.610661145442479E-4
182.0	30.858726347742394	21.193956444942728	23.168239076861244	24.778813711698945	2.644187546934329E-4
183.0	22.249561050939246	24.875322601116938	28.110324293450667	24.764130986630565	6.610678625825013E-4
184.0	25.663984768049925	22.001176773920577	25.648250375179327	26.68341475991829	0.0031733229318859457
185.0	25.159175881416612	26.95228425322186	18.87225738898672	29.015885858730083	3.966176447257785E-4
186.0	26.43210712245891	25.971749201446915	20.754976413597614	26.841167262496562	0.0
187.0	23.93009358499149	23.06591678777484	24.665602589753387	28.3377258463577	6.611911225835117E-4
188.0	32.20933415678241	26.44673346831198	22.802442311176467	18.540696590312482	7.934734166568586E-4
189.0	25.226180762104523	23.18370995962404	25.798030266761714	25.790888760459328	0.001190251050396552
190.0	31.21229273401979	22.506394200123257	23.681816137982477	22.599232431488826	2.6449638565688996E-4
191.0	23.714482247737976	25.70493147785597	23.195142600137572	27.38517911000582	2.6456426265939994E-4
192.0	22.71943146520476	22.723400202141	25.00939267741577	29.547643364007257	1.322912312080306E-4
193.0	23.824959052505402	23.80260000052921	23.983060041331168	28.389248603551515	1.3230208269938585E-4
194.0	24.977177890734357	24.410792674698286	26.707689132442326	23.904340302125036	0.0
195.0	27.93251591374887	20.42609550498615	24.867523250413804	26.773203774049243	6.615568019285704E-4
196.0	29.97815958066395	23.00550643299624	25.115688039392175	21.900381214592045	2.6473235558850005E-4
197.0	26.398895340678312	22.711975703849628	20.570970124949362	30.31749688222351	6.619482991900401E-4
198.0	28.59950226611091	22.107835256194765	21.642521833988607	27.650007772939805	1.3287076590695593E-4
199.0	25.460713108391197	25.90095598634609	24.37991152606897	24.258020608470954	3.9877072278522745E-4
200.0	29.66751034211394	23.85665138834239	23.26523667223209	23.210468665255814	1.3293205576765603E-4
201.0	23.170890585782956	20.46212298464287	31.43651359169609	24.930206959629047	2.6587824903220316E-4
202.0	26.162428193677982	26.816910995390835	26.00847916170897	21.01218164922221	0.0
203.0	22.621991756415373	25.34782608695652	23.671852147320834	28.35739928201037	9.307272969020078E-4
204.0	23.8301058480411	20.32817015481556	24.796290065391986	31.04530094011786	1.3299163349633674E-4
205.0	27.35608396221647	22.771333037179694	27.077442402994166	22.79420957569341	9.310219162559087E-4
206.0	23.21706710081949	18.83310787713369	27.56790621022095	30.381918811825877	0.0
207.0	22.82961963715798	26.154984122169495	29.367401157678096	21.647729011264147	2.660717302777656E-4
208.0	27.934887607409635	25.182619664112877	19.115255960253446	27.767103712002474	1.3305622157586467E-4
209.0	24.005988820867714	23.119244077721586	24.373036997604473	28.500798509449027	9.315943571998935E-4
210.0	24.65428126842735	24.2570824254154	24.943661390648522	26.14404314878584	9.31766722883259E-4
211.0	29.85212729274589	25.087103375097687	23.88290004646401	21.177203612210583	6.656734818317737E-4
212.0	26.27338597021564	20.998334067976952	26.55596852440504	26.171778765292686	5.326721096878408E-4
213.0	33.221105420514924	19.83982540942981	23.726011117091865	23.212525114714957	5.329382484451526E-4
214.0	28.35147898384357	25.25405243973004	24.28797320683375	22.106495369592636	0.0
215.0	23.048064680587547	22.110100069132848	23.404272356736183	31.437029049143046	5.338444003726234E-4
216.0	23.63929181232057	25.176400566636325	28.596147734801274	22.588159886241833	0.0
217.0	28.144610519795926	20.49844338315594	26.747730273345176	24.608672501942376	5.43321760579833E-4
218.0	23.0202963455095	23.930330507675208	29.140231657487035	23.908457972607383	6.835167208695427E-4
219.0	29.120601388603863	25.283002755997153	19.025332861375134	26.570374339063402	6.886549604505456E-4
220.0	25.67789606996177	23.503938039850837	24.34038349844727	26.477230555712676	5.518360274428056E-4
221.0	23.566792108310324	20.57303264451768	22.52173888839405	33.33815801193551	2.783468424334194E-4
222.0	24.160009893810187	23.154888722742832	25.154169172911196	27.530932210535784	0.0
223.0	29.688971604207204	20.813664946564025	27.383893071652142	22.11290640949722	5.639680794067056E-4
224.0	29.17060761688035	23.624526027211616	24.171553444931632	23.033030574244677	2.823367317264609E-4
225.0	33.11681783102161	20.888718961745152	21.779562012787018	24.21419316468064	7.080297655713446E-4
226.0	24.0958478120372	23.024254666755546	26.79026335542694	26.089344350189975	2.8981559033986674E-4
227.0	28.955194973831823	26.795715080118494	20.606614599304823	23.64115483315311	0.0013205135917529526
228.0	26.791914984750132	28.22503341678298	21.84342483254684	23.139479067431743	1.476984883059722E-4
229.0	28.48313048561178	24.42746839482388	22.440196952661577	24.649204166902766	0.0
230.0	25.323574660769715	21.428786478357605	28.89380970588501	24.35382915498767	0.0
231.0	22.93420469649978	27.185638507359815	25.6999827696549	24.179404814650717	7.692118347856053E-4
232.0	23.438540972684876	28.04673427591482	21.45020603548252	27.064056061391174	4.626545266118884E-4
233.0	23.205805362370473	23.111166183919085	25.371509115410234	28.31151933830021	0.0
234.0	26.09613178822124	19.15750494429481	28.235358018064648	26.50956749002355	0.0014377593957576513
235.0	25.279468143615418	22.190359296599933	28.39647945136988	24.133531822514545	1.6128590022531638E-4
236.0	30.491625377082038	22.102732247691044	24.875799380739195	22.52951112910559	3.3186538212639426E-4
237.0	27.031080493328467	26.660800850543335	22.667379896581664	23.640405474539524	3.332850070073173E-4
238.0	26.02902800570337	20.65706464717118	28.3231551478303	24.990752199295148	0.0
239.0	24.04870856731315	23.175127308799002	28.937570278873366	23.837744553493476	8.492915210131709E-4
240.0	24.032818395263195	19.928259724821825	28.0642117172307	27.97471016268428	0.0
241.0	26.54341826382629	23.630421845036942	23.80565406688407	26.01876568302283	0.0017401412298622156
242.0	26.215234484670823	23.056104378942155	23.12411391422777	27.60315215476878	0.0013950673904741312
243.0	24.298106291997556	26.683480233877297	23.37795619163976	25.638188323588444	0.0022689588969369056
244.0	28.440721401688307	22.566964949051922	23.488732687355892	25.502182490083964	0.0013984718199187838
245.0	25.4603619372962	21.80816899817902	24.26084470857272	28.468506938072586	0.0021174178794765744
246.0	22.904250636013103	26.160602369380854	24.8139694819786	26.11852561643327	0.0026518961941753754
247.0	28.32273634298483	19.45260392044378	25.53015937094424	26.559404231359657	0.13509613426749742
248.0	28.033549933176644	22.62316235771234	25.712280253964202	23.62179044053785	0.009217014608968154
249.0	23.59055056227941	21.51022391152137	31.990090450537988	22.890916365403026	0.018218710258205564
250.0	29.592904872522872	24.75174940491554	18.651775215807735	27.00249505291233	0.001075453841521122
