# Position (bp)	A	C	G	T	N
0.0	22.823130536964715	24.746773121608918	25.88245056787577	26.547497590167733	1.4818338286362907E-4
1.0	22.422911980895353	30.309489961489238	22.933039158024158	24.252468619494188	0.08209028009706013
2.0	24.007304555530048	27.282470616805348	22.708192011786494	26.001516123389116	5.16692488988914E-4
3.0	25.834098561371288	21.66926659807273	25.526532207802745	26.96457086380416	0.005531768949074535
4.0	26.11952510758498	23.365364344148098	22.88622602649856	27.62888452176836	0.0
5.0	27.982442250544075	24.13925416388951	22.3543145002412	25.5231789542681	8.101310571105571E-4
6.0	24.756190425788393	24.064526846249287	24.319729391218445	26.853011566437925	0.006541770305949041
7.0	25.160568382355642	26.658644056603425	22.83589482064697	25.344085587552236	8.071528417283344E-4
8.0	26.802288136027887	24.193880474421135	23.7194446866489	25.284386702902083	0.0
9.0	26.186226457725358	25.05650438397974	23.140510371141122	25.616685665983958	7.312116982172327E-5
10.0	24.550097445089854	24.94543148042731	23.272678910573394	27.231792163909436	0.0
11.0	26.63682683785207	23.4373627176924	23.37030744910934	26.55536241826321	1.40577082983355E-4
12.0	28.424587357758046	25.2266660411114	19.96765511298287	26.381022493081517	6.89950661628187E-5
13.0	25.12514075153003	22.66250650731908	25.189891545813225	27.02239332238769	6.787294998238698E-5
14.0	26.911206603759652	22.007251892513043	23.329292571307366	27.75211468783435	1.342445855802521E-4
15.0	24.850630685155377	23.472718206998756	24.40075143211121	27.27589967573466	0.0
16.0	26.531547823512184	25.372672037568172	21.170732720919826	26.925047417999814	0.0
17.0	28.521967617063027	26.550826811875268	19.107238374819694	25.81882641640492	0.0011407798370966394
18.0	25.68936945451849	25.89511667702525	19.923545488423418	28.491591323424704	3.770566081370073E-4
19.0	25.229248559754637	24.69915326010797	20.92248207857861	29.148303551282233	8.125502765483615E-4
20.0	22.964406459854807	26.27321065671891	24.141248233005143	26.620949057963617	1.855924575225263E-4
21.0	23.313267246244802	24.863828521267724	23.750644281777326	28.07195387860691	3.060721032417933E-4
22.0	21.19005055386397	27.13818379127334	26.598611524924483	25.07303301382904	1.2111610916921616E-4
23.0	24.552772216316303	24.471206344199555	23.269268507627462	27.706271362132007	4.8156972467454915E-4
24.0	27.073614644127836	22.292704004685206	24.53871068729459	26.094792111806935	1.7855208542884044E-4
25.0	24.60254334607203	26.43404431559329	19.35518599747736	29.608049850336037	1.7649052128240365E-4
26.0	25.977729471053042	25.386195915493204	19.47658242962584	29.159317018427984	1.7516539992888284E-4
27.0	25.66618307981394	24.19336723678705	20.78562204923275	29.354769440802507	5.819336374518523E-5
28.0	28.093778406076787	23.66396453487872	22.41890020273157	25.820489365911847	0.0028674904010758825
29.0	27.423938255361286	23.44745420922462	22.619071840990372	26.50914006935873	3.956250649955464E-4
30.0	24.032679658010874	24.8466460439441	25.497875172400658	25.62251902709449	2.8009854987378756E-4
31.0	26.028635198183252	24.098283202979186	22.956184737031535	26.91628399858707	6.128632189581994E-4
32.0	23.744156658297133	22.87973320318138	24.31072530702677	29.064944136386323	4.406951083944706E-4
33.0	24.24171028718808	24.170974306515326	26.00934803190737	25.577804137510746	1.632368784755852E-4
34.0	25.319817116654065	26.519107757472355	23.388293420666677	24.7726202425707	1.6146263620046123E-4
35.0	25.175425075607382	22.65399191040857	25.107285415880476	27.063031842800424	2.657553031470743E-4
36.0	23.955192848869597	25.54913614051597	25.98487628538032	24.510635405254266	1.593199798407119E-4
37.0	25.678037946024514	25.842282091177264	21.111583565180876	27.368043312890407	5.308472694012733E-5
38.0	26.54917415943218	25.825973245758817	21.103116233305137	26.521736361503866	0.0
39.0	23.226597861894902	27.943024895039297	21.64723971788346	27.183031410481906	1.0611470044085352E-4
40.0	25.621971572167162	26.740401070738557	22.991808192232156	24.64571306710577	1.0609775635074645E-4
41.0	23.781664109156274	24.285298284567368	21.341624157891303	30.58621532840714	0.005198119977913294
42.0	24.604308152501066	25.8240939381966	21.255426293890995	28.31606554247028	1.0607294105791849E-4
43.0	26.59687129945702	24.97811161142555	22.786462131099118	25.635001906450803	0.0035530515675055935
44.0	28.723279030653686	24.782075237596317	22.891166995056132	23.603160598354588	3.1813833927545054E-4
45.0	24.900027620633512	23.71281751137562	22.408498036602374	28.97494580577234	0.003711025616149535
46.0	24.816492095390714	24.293652935092773	22.567695293387356	28.322159676129154	0.0
47.0	25.255656294474495	24.080959814270532	23.909276667470575	26.75246406924571	0.0016431545386843634
48.0	23.362324155261643	24.323727076459672	22.9386963880884	29.375252380190286	0.0
49.0	22.281494183316923	25.908323521400963	23.999633311042317	27.808694343557878	0.0018546406819142857
50.0	27.10478099935041	25.021167289940475	19.837327124968077	28.036618616830193	1.0596891084093749E-4
51.0	24.076059719583686	27.058012674147687	21.824920455472547	27.038782129049142	0.002225021746938741
52.0	22.922096650991687	25.442753922530876	20.764348100777692	30.870801325699748	0.0
53.0	22.50968800205778	24.906177129146652	24.468055947948336	28.114392217550993	0.0016867032962399166
54.0	23.20197880365233	29.161106156723104	22.047553691862365	25.58925593525142	1.0541251077842922E-4
55.0	23.65521237691616	29.390342630520223	21.76472658747483	25.188352485107536	0.0013659199812553749
56.0	26.249793824072317	26.032114067554264	24.85467880154267	22.86341330683075	0.0
57.0	22.965391873700376	27.74664021593378	22.68974960568134	26.592493265200112	0.005725039484389288
58.0	25.699109448500895	25.304435006336323	21.615660093661	27.380480342166724	3.15109335061533E-4
59.0	26.855718043555093	22.90814716241757	24.934447846848744	25.298693578278435	0.0029933689001574934
60.0	23.57720765655235	22.471931895646964	25.009811457581755	28.940996592581648	5.239763728573951E-5
61.0	24.59802971821607	24.109834066919163	22.45343725260798	28.832411832169253	0.006287130087532569
62.0	24.913203312497938	22.37518277467543	25.39534601060054	27.316110733031884	1.571691942092582E-4
63.0	26.262007676740794	23.46513641747556	23.677878633735016	26.592777032432057	0.0022002396165715764
64.0	24.923680619398215	21.953065344860118	23.441143005872974	29.682111029868697	0.0
65.0	23.552403215261673	26.80983893903263	23.635235764429456	25.996982491237258	0.005539590038980945
66.0	24.80208613675379	24.358573044834696	23.246471936182612	27.592346302881765	5.225793471416217E-4
67.0	27.047338564375682	25.43690142258155	20.189538193994476	27.325699272196747	5.225468515507101E-4
68.0	22.975516414703527	23.52244677004366	26.934608720370036	26.567219083568993	2.0901131378241506E-4
69.0	22.747911559208887	24.535025404050852	25.527256843209667	27.18698468232919	0.0028215112013994697
70.0	24.304255454514166	23.07500159054144	24.94208864687164	27.6783935635742	2.607444985518251E-4
71.0	24.98764857427402	23.25299408430348	26.070989397255616	25.68738086913515	9.87075031729267E-4
72.0	26.316516723366167	25.97206010614729	22.056080300832026	25.653524745449623	0.0018181242048953253
73.0	25.55858152108702	22.410059479874445	23.37879553643824	28.64887551300158	0.003687949598714724
74.0	24.958877628027302	26.683965676907746	22.94080404040614	25.415210005863862	0.0011426487949469993
75.0	24.967579058019073	23.81927785305588	22.48478669694872	28.726175087109375	0.0021813048669585807
76.0	27.04370081152863	23.760920528776392	26.048999170086557	23.145548537472305	8.309521361182694E-4
77.0	23.451203350186745	25.858007586112347	25.12307698699227	25.566465727473275	0.001246349235364744
78.0	26.944907191997075	26.117206454185915	20.56555136428595	26.3717118382133	6.2315131775732E-4
79.0	27.876158122618456	20.915427060474226	22.27588685112159	28.92977578559166	0.0027521801940650534
80.0	23.82588322286773	23.02122559700237	28.394143072861606	24.75584020671019	0.0029079005581092
81.0	25.293513469165635	24.930392780996634	22.100668499319244	27.67464635586347	7.788946550171719E-4
82.0	22.729621177307504	21.674390589017232	24.737165956585066	30.857420287823206	0.0014019892669932782
83.0	24.589139928937083	22.707161694356763	24.79699091177679	27.905565141266493	0.0011423236628712097
84.0	23.07463858261666	26.588294666536523	24.853480842438426	25.482339820604892	0.0012460878035002606
85.0	24.9466534723787	26.812042660608093	20.878974251409335	27.361187402847015	0.0011422127568550939
86.0	25.628750659991557	25.303076949434654	22.758066433698946	26.308029287271417	0.0020766696034235977
87.0	22.055788020060014	21.351766672550383	26.50247635264923	30.088826821443032	0.0011421332973388294
88.0	24.99771582352868	26.900434824139175	25.81835813395241	22.282608695652172	8.825227275558896E-4
89.0	26.12224069702914	26.344578624723376	22.823406167217016	24.708372894395453	0.0014016166350091649
90.0	22.639725871666123	26.596854127160707	24.15016219398182	26.61294634491229	3.114622790629346E-4
91.0	26.695039967110638	24.555466791662838	24.2022799343251	24.54638276755436	8.305393470611105E-4
92.0	25.491690189242977	24.06834506607257	22.867058600023462	27.57285423754151	5.1907119476693184E-5
93.0	26.109301025511396	26.06974847797956	20.85597526356686	26.964456170638616	5.190623035673595E-4
94.0	27.643644094628783	22.985650383421174	23.078663885950498	26.287733532924808	0.004308103074739879
95.0	23.4285296091508	26.35215199846781	24.60243188828698	25.614550844963617	0.0023356591307922402
96.0	25.408218185555086	24.69555884149649	24.11223800777173	25.782583624976454	0.0014013402002463246
97.0	25.53596312990946	24.367527954888114	23.41396070615773	26.682184905787683	3.6330325701369916E-4
98.0	27.27795962576739	23.4456927283928	24.70211327143178	24.574182475505015	5.189890301288702E-5
99.0	21.413983867402628	22.55528263177393	26.567936748097576	29.46274486607537	5.1886650498786365E-5
100.0	22.7707659053859	24.798299855865466	24.687941989222598	27.74299224952604	0.0
101.0	22.570938056605176	23.046962754893716	28.73212442948375	25.649767227813747	2.0753120361353332E-4
102.0	25.167102812661675	24.313491674307656	24.70028908617944	25.81901264434201	1.0378250922237323E-4
103.0	25.986996409223934	26.00136989144648	24.75923120031549	23.252091160048984	3.1133896510927996E-4
104.0	24.218894722995806	27.617136603719544	23.36126543906541	24.802340007876822	3.632263424196997E-4
105.0	27.65570341248347	22.91961704461776	21.891808721581015	27.529445831450023	0.0034249898677383077
106.0	27.125403337543574	22.18353895028972	24.010947325595755	26.680006600776522	1.0378579442317412E-4
107.0	25.491297024143737	24.95197302394032	22.86146332046733	26.6940730923353	0.0011935391133146033
108.0	23.170972808802308	24.6580538634893	24.406955209583572	27.763862446299708	1.556718251120448E-4
109.0	25.300456476944465	24.79577365759092	25.60904672233779	24.293270221171046	0.0014529219557782446
110.0	24.252399637602572	25.03790540098777	22.719267566986964	27.990323615090762	1.0377933193092864E-4
111.0	24.128416705629725	24.22748060625654	24.420211526595985	27.222593834374916	0.0012973271428341616
112.0	25.096155841999295	24.744224422442244	23.076779376050812	27.082684683562697	1.5567594495298587E-4
113.0	28.71349653840446	22.06008262996161	22.747575949097783	26.477443847015223	0.0014010355209205737
114.0	26.820751838498563	21.46871283306246	28.141845119857862	23.568482644532036	2.0756404907644376E-4
115.0	26.52819958192088	23.960977898270183	25.93491749476363	23.575022782613388	8.822424319168326E-4
116.0	26.796703496307522	23.993948798322688	25.310889568164246	23.89830244591025	1.556912952996798E-4
117.0	25.699439970563553	26.464725307403796	23.713777263873975	24.120760012517756	0.0012974456409199824
118.0	26.04495783840338	24.596081109694882	25.34293923000594	24.01591802672933	1.0379516646668799E-4
119.0	26.926933420800513	21.405913791546478	24.500342014658365	27.165980388391635	8.303846030086909E-4
120.0	24.541114900843038	23.70316434542703	24.791731972074544	26.963781188305852	2.0759334953945416E-4
121.0	27.78970313473116	23.25602034461283	24.29416649366826	24.659072036537264	0.0010379904504878555
122.0	26.789447351977064	23.188287706638377	24.52932225310827	25.492786989385486	1.5569889080110192E-4
123.0	24.035509745458132	27.181459366460885	23.877060092018095	24.904673304632823	0.0012974914300691043
124.0	25.419800301950012	24.27713385187634	22.86209997981118	27.44075826924205	2.0759712042034265E-4
125.0	27.0315085185931	23.378176956723014	24.650983681086792	24.937981486825088	0.001349356772006452
126.0	24.124777353821624	25.295564099263867	24.40181355432567	26.17763739708453	2.0759550431175862E-4
127.0	26.332547078010542	22.607668973534594	27.568031844638025	23.490402754748022	0.0013493490688193974
128.0	25.650199732098976	22.538510123617485	25.355622781655473	26.44544332118385	0.010224041444215917
129.0	24.230089763177997	26.855984488657125	22.486309247018966	26.424658302056	0.002958199089912645
130.0	26.18438165940587	24.44350332626457	23.973549735154812	25.39856527917475	0.0
131.0	24.97861690842016	24.74335100033424	25.014220793914742	25.262877084591928	9.34212738924908E-4
132.0	26.662971319015938	26.082095884929362	21.632627428510336	25.615506343074625	0.006799024469740968
133.0	26.943695488009634	25.00748668097397	25.051031397349426	22.99571040428077	0.0020760293861959616
134.0	25.84594304932386	23.21602902289082	21.617797799927857	29.32023012785746	0.0
135.0	26.774745860617386	23.682048498103327	26.47232687200572	23.070152174826926	7.265944466386443E-4
136.0	27.768317437019824	26.502563634127192	23.761377277985755	21.960942661684893	0.006798989182341105
137.0	28.6832085632549	20.99298090457269	24.392654135681752	25.93089689133585	2.595051548103952E-4
138.0	25.6812078899812	23.847699655075417	27.514041430393842	22.955753535139646	0.0012974894098914365
139.0	25.89633494103841	23.34900556010262	25.167132646827866	25.58643694112872	0.0010899109023787565
140.0	25.98255722825596	21.807512931047906	25.20726526112776	27.002249374337616	4.1520523075549705E-4
141.0	25.827680863884524	25.075581072475305	25.105320440391772	23.991002413923216	4.152093251862344E-4
142.0	28.566987279963296	22.965510368895597	23.490909959080803	24.97596957322377	6.22818836532892E-4
143.0	26.669483155304608	25.108356096201423	23.783170511571562	24.43873073244102	2.59504481382889E-4
144.0	27.99045433761397	24.781353364415214	22.910523947457335	24.31688983302876	7.785174847241893E-4
145.0	27.78303421795502	22.469958276609624	23.06189168526893	26.684389203093104	7.266170733213719E-4
146.0	27.071497748016604	21.22173862045127	25.182717389837585	26.519011846917028	0.005034394777516081
147.0	26.496650063604417	24.31609033436045	27.3288792076618	21.85490304154191	0.003477352831421568
148.0	24.840597717686297	23.092816893294284	23.474292440711693	28.591670131087454	6.228172202733234E-4
149.0	27.736625044506198	25.118207420156143	24.42795913007643	22.71482090083656	0.0023875044246685264
150.0	25.194403988668462	24.16760006186879	24.52007569584223	26.117868350272854	5.190334766211751E-5
151.0	26.667196095926354	24.364386435607127	25.405960646796462	23.56162634439996	8.304772700966416E-4
152.0	26.792507478351325	23.544336255119873	23.839629266864637	25.82321556389857	3.114357655947567E-4
153.0	24.29795307143098	22.706451185931293	26.268267805838953	26.726030276998465	0.0012976598003161099
154.0	22.13020810623945	24.16465785905749	25.291043521050433	28.411754690851254	0.002335822801367858
155.0	27.301546755717265	24.372720778195895	23.41472076158198	24.910700193552138	3.115109527250978E-4
156.0	26.120046934706764	23.662464695132083	26.897428974912774	23.319955557401563	1.0383784681840837E-4
157.0	24.589619210446934	22.857756984793443	26.71959636089315	25.832612091832257	4.1535203421254704E-4
158.0	24.348415267635325	21.300651338111717	26.167489168161534	28.183340385818532	1.0384027289223716E-4
159.0	25.776972194213716	21.551587173845093	24.862694846630482	27.80791504889403	8.307364166807719E-4
160.0	25.422983423348956	21.92400473114215	25.0874108627273	27.565549060677206	5.192210438212176E-5
161.0	24.378953905201815	21.014473941090706	29.092123135459808	25.510450978844663	0.003998039403014833
162.0	24.96226421952229	22.713642672404617	25.851826505238357	26.472214678816197	5.1924018545182466E-5
163.0	25.50346757058204	24.017469743135997	26.53532684890365	23.943631986806825	1.0385057148969491E-4
164.0	25.612814715653766	23.46537985009757	24.524531801560506	26.395352339252646	0.0019212934355115263
165.0	26.714375328449265	22.215736899937475	26.866941958211903	24.201907238658244	0.0010385747431085374
166.0	24.21322556874744	22.61441289020652	26.35532713396158	26.81687861787972	1.5578920474284655E-4
167.0	26.22110972915006	23.778708509793027	27.07736010240937	22.922146546150433	6.751124971112975E-4
168.0	26.24103493583585	25.054348672832933	23.261128104989275	25.443384418835336	1.0386750660857012E-4
169.0	25.977558900744484	21.924554073389302	25.82648008164177	26.270731789652995	6.751545714456358E-4
170.0	31.83066757311343	22.3069000922893	23.473889710911692	22.38833488187541	2.0774181016865E-4
171.0	25.081617453826283	23.475392194847323	27.14815164902054	24.29364417386933	0.0011945284365284718
172.0	27.85458125745835	24.318453502996842	24.218022177978433	23.60868341491431	2.5964665206413894E-4
173.0	29.574586189044766	18.978263273962924	23.215733150415485	28.22970382990302	0.001713556673809948
174.0	23.54069166985572	26.240055746494683	24.289915004250048	25.928766406298276	5.711731012778181E-4
175.0	26.478772606404384	23.225070449887504	22.69257470907455	27.601401364705318	0.002180869928244187
176.0	24.198197440359078	23.71975114977176	29.168970883526317	22.911263115861995	0.0018174104808504651
177.0	21.171529996302652	26.43931777677151	25.517265374117727	26.846960903648743	0.024925949159372362
178.0	25.92649324390633	22.603304132996104	24.185221281993634	27.28461787297412	3.6346812981627723E-4
179.0	28.568008682511902	24.27239823234028	22.982640169080497	24.17560276469458	0.0013501513727404437
180.0	27.137134142336965	21.54141565558587	25.913829750637714	25.40730771917059	3.127322688621862E-4
181.0	28.087431465697993	21.800370459920718	26.81202370651052	23.299077714595462	0.0010966532753116714
182.0	24.843176534237962	22.59041240968159	26.139072072994196	26.427234538553613	1.0444453264204979E-4
183.0	23.267460400773572	25.095848172108376	26.93661355782252	24.699294475980377	7.833933151481633E-4
184.0	26.29943607579367	22.28673172051463	26.21116786159544	25.198642654230426	0.004021687865836493
185.0	25.08400398999368	24.76913917453089	24.486810564082745	25.6593151207182	7.311506744864972E-4
186.0	26.490589215987363	22.871318052952766	25.159040056157593	25.47905267490228	0.0
187.0	23.311141719030815	23.701575923956945	27.661933607338778	25.324249377415022	0.0010993722584404305
188.0	26.56316996644638	28.343778811011283	22.539510187285643	22.553069850063636	4.711851930576621E-4
189.0	24.948414852962042	24.171692542575745	24.611390147066754	26.267298236759203	0.0012042206362578268
190.0	28.6249806912405	21.79955020408377	24.831981065634075	24.74333095082877	1.5708821288594612E-4
191.0	26.2975404471981	24.390228542609872	24.491251418912217	24.82061223536598	3.6735591382669935E-4
192.0	26.46328822268234	23.989104163878412	24.425357486819767	25.122145157100007	1.0496951947578222E-4
193.0	27.93002952181381	25.35495466742816	20.786684948074363	25.928278370127117	5.249255655548043E-5
194.0	28.806934986340433	23.564800524124202	23.26599093281929	24.362273556716076	0.0
195.0	26.617060007361193	21.940130726778513	24.430597143836735	27.01131953818762	8.925838359367902E-4
196.0	27.737659219522115	22.566991905292927	26.416442047807603	23.2787487996477	1.580277296524812E-4
197.0	24.96293455089953	24.528528541186116	23.89522833054267	26.61246558208298	8.429952887100802E-4
198.0	26.980099733663387	23.298381492879034	24.721307562819327	25.000052802659567	1.5840797869307082E-4
199.0	25.666975902874412	22.613533108395764	25.097748294435227	26.62121318024023	5.295140543620309E-4
200.0	27.751567372803045	23.757182854246906	24.47087432368241	24.020216580498012	1.5886876963022234E-4
201.0	24.115992839817395	21.162894154282867	29.127908824183624	25.592939382063527	2.6479965258285583E-4
202.0	24.87361452655697	25.04993186174475	28.6965069676861	21.379893679958347	5.296405382630863E-5
203.0	25.90856380620201	25.004542620374142	22.894382884359985	26.191716061593162	7.946274706954632E-4
204.0	27.025449043104537	23.42743520650526	22.956060479226558	26.590949308540907	1.0596262274445313E-4
205.0	27.829607855188502	24.506454504801408	25.200915138786158	22.46190983827179	0.001112662952138538
206.0	25.427478484991557	21.39949161999628	25.509559017174382	27.663311909731554	1.589681062288473E-4
207.0	25.422604183007646	23.71480418385561	27.217797497657497	23.64468813994802	1.0599553122840342E-4
208.0	28.1655109679615	22.44274825346458	21.893356247637758	27.498384530936164	0.0
209.0	26.975891177064725	20.395233906640943	25.477380780065246	27.15064581275486	8.483234742239564E-4
210.0	25.063476945724826	23.771135118394845	25.301793899849606	25.863063735732272	5.30300298453008E-4
211.0	25.069385061629635	25.122378698149518	25.98078012574186	23.82644822749813	0.001007886980858635
212.0	28.620525140726187	21.847412320433808	24.892362443368555	24.63922247288563	4.7762258581683816E-4
213.0	29.54250989787769	22.78848277854242	23.18715909670184	24.481211024451582	6.372024264668399E-4
214.0	27.141545260620436	26.140005165536305	24.65342546269282	22.064864681017504	1.5943013293284484E-4
215.0	25.083757712844694	25.449938126851666	23.22218530422207	26.243639632041134	4.792240404337297E-4
216.0	25.502861978375925	24.8645596307069	26.261489846758895	23.370926743816664	1.6180034161445458E-4
217.0	28.15793217229499	22.418689981179867	26.330585800580682	23.092028993801293	7.630521431682034E-4
218.0	24.569038266158792	24.357845781500444	25.76846155458407	25.304102837337112	5.515604195830423E-4
219.0	25.874475727288953	23.29533285739782	25.085277976084242	25.743965286453687	9.481527752989471E-4
220.0	29.079674235061958	21.671903362906694	24.450651591561247	24.797322191124177	4.4861934592420907E-4
221.0	25.00850481165734	22.478231361443456	24.84593696420394	27.66704384067672	2.830220185469989E-4
222.0	25.429393779785308	25.34139842538861	24.321008431356443	24.907854734144323	3.44629325313426E-4
223.0	29.938280418208297	22.554075293111193	24.954909332063703	22.551685997621192	0.0010489589956101065
224.0	29.7772048592842	22.930010406070597	24.598430904860454	22.693944602289335	4.09227495410806E-4
225.0	31.11054693551532	19.886208007615192	23.928421432101498	25.073468817942825	0.0013548068251633572
226.0	25.131809355050848	22.71079808231772	25.624466010387348	26.53244957617695	4.7697606712961165E-4
227.0	26.704268601560198	23.412541429267517	25.85698882193737	24.024271399694136	0.0019297475407779778
228.0	27.157562322768253	27.404116600815698	23.76533227178862	21.672746073366735	2.4273126069155349E-4
229.0	28.213351896186918	24.545554259886895	22.25814417626214	24.98294966766405	0.0
230.0	25.23854397257108	23.37740224514161	27.753129834461234	23.630800036925447	1.239109006277946E-4
231.0	26.17626481951859	23.768018202560206	24.679154665036336	25.374356323940024	0.0022059889448439738
232.0	24.542662241560574	24.3967580221957	26.08882846711163	24.971243996748385	5.072723837109765E-4
233.0	22.7188628651676	24.62113279207305	22.732867621645443	29.92662278509637	5.139360175354969E-4
234.0	26.529301837764606	21.184248553968395	27.318521889577198	24.966096885098192	0.0018308335916116438
235.0	25.40807530206233	22.02674247838762	27.246761710037422	25.3180223387093	3.981708033295043E-4
236.0	28.704158092187683	23.307907773274284	23.926212695546926	24.06118290449158	5.385344995297921E-4
237.0	28.011972823160153	24.824841024190434	22.626650274977834	24.53619589518748	3.39982484102419E-4
238.0	27.586566974263647	22.762660713890547	24.077831441279958	25.572802562570534	1.3830799530859282E-4
239.0	27.413620337202318	22.710631738536172	24.551984829205328	25.32165056330659	0.002112531749591753
240.0	25.549247785636283	21.22958356283424	27.396739221869403	25.82399054346546	4.388861946153053E-4
241.0	29.180485368713114	20.858069084600846	23.65361478206299	26.305048107023943	0.002782657599108378
242.0	26.49969729769396	23.534388816525713	22.000623750206387	27.96374910565228	0.0015410299216643123
243.0	27.616242747460966	21.80928707192196	26.29391764261428	24.276289581186543	0.004262956816247452
244.0	26.610887842003027	22.12109252471464	26.825231094571688	24.44131589527149	0.0014726434391525822
245.0	28.9972747740601	20.510553701267124	24.04545142596543	26.44384211842963	0.0028779802777177173
246.0	24.627512594844706	26.508480688890153	23.840893688942625	25.01897448366125	0.004138543661266114
247.0	25.770716403900845	23.26710025864507	24.595857829602203	26.21590570929005	0.15041979856183274
248.0	26.14541116849054	23.758789055264543	22.565107543213628	27.519504478806244	0.011187754225044269
249.0	26.484541093272878	21.32598201995392	28.53039280798157	23.64179414591071	0.01728993288092579
250.0	26.14106124998606	21.312303167538584	25.751690853588254	26.793606175194366	0.0013385536927349997
