# Position (bp)	A	C	G	T	N
0.0	23.769416145819896	23.613260504429512	25.79113100675567	26.826148614167877	4.3728827048553434E-5
1.0	22.976692474709747	29.96737923860455	24.195214923518364	22.785706556266884	0.0750068069004517
2.0	24.612535025512223	26.796092617756578	23.128053185745845	25.461971617924366	0.0013475530609885127
3.0	25.788608422392244	21.874157098398786	24.549681516213028	27.779561007073315	0.007991955922625705
4.0	25.70292800425595	23.690594951962193	24.831387101715354	25.774916371560646	1.7357050585822153E-4
5.0	27.982523734938404	24.141810676973403	22.82385308218317	25.051335770175235	4.7673572978272123E-4
6.0	25.80798370125896	23.64762191073325	24.40187124081087	26.1378082778399	0.004714869357025912
7.0	25.274468763523885	25.242108524161665	24.172192716875088	25.310280761751404	9.492336879584097E-4
8.0	27.481305819909004	24.459065687095073	24.070242240752794	23.98934319793615	4.3054306980653115E-5
9.0	25.517409897200828	25.740718314468065	22.32100756757871	26.420477725414816	3.8649533757791104E-4
10.0	24.258400588955034	24.61714490662008	23.912140676508898	27.21231382791599	0.0
11.0	26.67331590716362	22.441852433463904	23.58961619984671	27.29504902046451	1.6643906125040673E-4
12.0	27.77373635918651	24.46785595153252	20.335064373438566	27.423343315842402	0.0
13.0	24.928141915008343	23.464485394831566	25.166149666566334	26.441223023593757	0.0
14.0	25.547548673327874	22.268840465150717	24.348090588722638	27.835440226211656	8.004658711370017E-5
15.0	24.990463476990648	24.128685269494056	24.245174834940244	26.635676418575056	0.0
16.0	26.49938786236258	24.39490757381557	21.840465364344166	27.26520038288685	3.881659083198704E-5
17.0	27.99791403813537	26.469045489868215	20.018044863394984	25.51370234267515	0.0012932659262846029
18.0	25.160873316599897	25.796183388038806	20.508406441569726	28.534423722064005	1.1313172756673264E-4
19.0	24.448189602570423	24.810133992601248	22.69862284756606	28.042603237647924	4.5031961434628226E-4
20.0	21.86942067180094	25.53007459281264	24.777217995399646	27.823137740610708	1.4899937606511273E-4
21.0	23.573926907981843	24.901918916682426	23.75808291564214	27.765960433610744	1.1082608284471346E-4
22.0	22.397887139602478	26.645976899558953	25.934856155840297	25.02124319458107	3.66104172013313E-5
23.0	24.79980521883947	24.311432948077645	23.624603713871135	27.263903360593716	2.547586180291218E-4
24.0	27.35264050828725	21.873552006952167	24.758161497312706	26.015645987447872	0.0
25.0	24.36998546841084	25.101812147351954	20.530197755974246	29.997861846743312	1.427815196451308E-4
26.0	25.822948454771954	25.90515899539855	19.85185774168781	28.419963814583284	7.099355839947862E-5
27.0	25.218027886612752	25.47690723955951	20.532180618705016	28.772848855238546	3.539988417157899E-5
28.0	27.554128470521267	24.357558229999626	22.67984750563742	25.40626292654766	0.0022028672940292856
29.0	27.254081401207497	23.86377841917449	22.566733441951385	26.315164338188822	2.4239947780226782E-4
30.0	23.214993122420907	24.635247592847318	25.81715955983494	26.33232462173315	2.751031636863824E-4
31.0	25.84628218409078	24.84292146586119	22.687241236662256	26.623213229537395	3.418838483813509E-4
32.0	23.83517816836012	22.51655606694277	25.32325847799416	28.32466837028652	3.389164164333792E-4
33.0	23.708327144551284	25.382433202226153	25.204866847027052	25.704238692634178	1.3411356132862282E-4
34.0	26.374995389294725	26.865939964131208	22.84291268969106	23.91608549626641	6.646061660166264E-5
35.0	24.95169602629289	22.62445284831417	26.307299797177592	26.11641973216915	1.3159604619679202E-4
36.0	23.252267545370632	25.104961907341618	26.47505502857278	25.16755115619173	1.643625232408608E-4
37.0	24.6970533909614	25.945248953976957	21.35516873231504	28.0024960625238	3.286022279888262E-5
38.0	26.4472648967571	25.25650986273154	21.685624508259597	26.610535029984874	6.570226689246345E-5
39.0	23.188505279766364	27.332574209200995	21.860837241443186	27.61785336467485	2.2990491461167254E-4
40.0	26.238889361404482	26.334713334276906	23.168023297244453	24.25820981246677	1.6419460738934842E-4
41.0	23.800842933113035	24.816421041018454	21.949456847945008	29.428025621594216	0.005253556329287657
42.0	24.097349897567895	26.288280716499447	20.659439512528234	28.954897042601253	3.283080317276882E-5
43.0	25.42416613623673	26.05621758536913	22.97746983114766	25.538371339910338	0.0037751073361496725
44.0	28.522659128886136	25.153272544004214	22.66927101710475	23.65453473056231	2.625794425897948E-4
45.0	25.9048462920574	24.407656271792728	22.086358676479033	27.597135051318023	0.004003708352818595
46.0	24.568290862985137	24.41449458546538	23.28479579253811	27.732418759011374	0.0
47.0	24.955452160164207	24.867389996938822	23.173833857145716	27.00171629350161	0.001607692249643765
48.0	21.992704617697566	24.314869015024996	23.07120377087698	30.621222596400454	0.0
49.0	21.843377698021037	26.079208414336275	24.940805543093564	27.13487022476184	0.001738119787280374
50.0	27.16033674885137	24.362217836093826	20.637327993027082	27.840051837785246	6.558424246756778E-5
51.0	24.076349087537455	27.963081176232595	21.701530109575504	26.25661343135162	0.002426195302820321
52.0	22.86969887807567	26.257369624903603	21.71412598179835	29.158805515222376	0.0
53.0	22.491918691514268	25.09515879624123	24.64272969804075	27.768624262617365	0.0015685515863938606
54.0	22.883588763449417	28.801086703985902	22.684096105465446	25.631163073239133	6.53538601094089E-5
55.0	23.826681379364302	28.126364034951894	22.615556884841627	25.429963375814346	0.0014343250278307951
56.0	26.071280151627995	25.50466340833791	25.431326565700846	22.992729874333246	0.0
57.0	22.72945780621452	27.83408960767271	23.080658507833736	26.35015583390449	0.005638244374547596
58.0	25.001034653224973	25.61602601264851	22.23891788633544	27.143793335269027	2.2811252204137244E-4
59.0	27.36029472382187	22.753931611482525	24.804661724842102	25.078439978793753	0.002671961059751892
60.0	23.488946047209303	23.41131051447369	24.50227521568589	28.597435684687806	3.2537943309141374E-5
61.0	25.172601930382722	24.067936562263416	23.272443456417708	27.480381079295217	0.00663697164093593
62.0	25.261960353863227	22.388619067401947	24.89258560050074	27.45673738053635	9.759769773537556E-5
63.0	25.925412661714827	24.253067738622587	22.838594707168852	26.98064773437406	0.0022771581196789725
64.0	24.81416994936381	22.014450687766864	24.264839853421037	28.906539509448287	0.0
65.0	23.909649126225446	26.70783208044468	23.667157689904535	25.710230040489932	0.00513106293540966
66.0	24.35372492859938	24.298910034405438	23.497599412883126	27.84908368526249	6.819388495691608E-4
67.0	26.259044550020345	25.542526879154124	21.390744368536737	26.80696982774157	7.143745472245412E-4
68.0	23.185915475579343	22.39464969385492	27.34015012262363	27.07918729740638	9.741053572872335E-5
69.0	22.94382301918195	25.213649544291144	24.931629873045694	26.907942947998443	0.002954615482769559
70.0	25.431830442360358	23.163748028882065	24.73772460370155	26.666437567432983	2.5935762303925635E-4
71.0	23.773411199877938	23.13691490991751	26.812689065905325	26.27585341900981	0.0011314052894167055
72.0	27.07997328987659	25.98157441051236	22.239474485432574	24.69778193498425	0.0011958791942230631
73.0	25.105184038136404	22.71933214760277	23.64876480655185	28.522485794499797	0.004233213209176314
74.0	24.6240792177979	25.312247009012534	24.172935512779013	25.889962932883126	7.753275274223655E-4
75.0	25.016724525503165	25.313324415739885	22.242181466027812	27.42573454665149	0.002035046077642499
76.0	26.514858117966337	24.342093150430067	25.338276187636815	23.803835826348056	9.367176187216905E-4
77.0	24.187634565234383	25.05305092048596	24.065544775622868	26.693220657592402	5.490810643904134E-4
78.0	26.67491752905619	26.701724219230925	20.691179823799303	25.931790861308645	3.875666049359191E-4
79.0	26.95543405699581	21.202919711801023	23.22757274492117	28.611392896048326	0.0026805902336731868
80.0	23.722938662043788	23.343411430512802	28.844909258371754	24.086576904644105	0.002163744427550732
81.0	25.103088904956692	25.125080774100876	22.12830915465645	27.643165937856338	3.552284296416811E-4
82.0	22.502177298806124	22.820900906021098	24.389589395513394	30.286266758419455	0.0010656412399284794
83.0	25.315860156461657	22.502689013165266	24.58573374781755	27.59465148742549	0.0010655951300365112
84.0	23.35891546981466	26.090259770241868	24.91919008951326	25.630633728576214	0.0010009418539961635
85.0	25.16960086166149	27.57452364532401	21.382784592376776	25.872509744058643	5.811565790799129E-4
86.0	25.719568346159882	24.844986992660488	23.227705600871936	26.206092561635547	0.0016464986721472473
87.0	21.99384909791181	22.709399091019726	25.823975218198196	29.471969557328094	8.070355421680912E-4
88.0	24.596852679702653	26.856162665670734	26.174547771629957	22.371791292075986	6.455909206675281E-4
89.0	26.291752499452887	26.107573792525557	24.05417165093971	23.545340046312585	0.001162010769257585
90.0	23.854926413890357	25.93222467059173	24.8102854328326	25.4024020990205	1.613836648100014E-4
91.0	26.028783307992242	25.291917455274394	24.769937190020762	23.9088779247823	4.841219303038704E-4
92.0	25.293136923311277	24.68169002811636	22.636541197307647	27.388631851264723	0.0
93.0	25.972168435184468	26.520602586941365	21.516891281336328	25.99014406320192	1.9363333591511115E-4
94.0	27.926612657548112	23.68065559634638	23.10432382752193	25.284761270401866	0.00364664818171022
95.0	23.890251926583776	26.750447500531642	23.970313135814596	25.386244509708188	0.002742927361797605
96.0	26.22492567163351	24.47795898532664	24.226659085936948	25.069101018816514	0.0013552382863850825
97.0	25.417738950422418	25.58258241205122	23.109543303915974	25.889974007067394	1.6132654299158778E-4
98.0	28.06903376029894	22.994164484303603	24.43370138562444	24.503100369773016	0.0
99.0	21.72653988391529	22.67029677384387	27.071688809610688	28.531474532630153	0.0
100.0	22.37345449407283	25.009145769041425	24.565438864647135	28.051960872238606	0.0
101.0	23.383430100059126	22.310098459162333	28.68450907673931	25.621801077202527	1.612868367038519E-4
102.0	24.671750317660983	24.65355678688053	25.052233820418884	25.622426817006307	3.2258033298677457E-5
103.0	25.600799647009648	25.41778911406646	25.676177795668124	23.30497540937076	2.580338850097795E-4
104.0	26.323795074345398	26.888872332211243	23.287601424433333	23.499311876524168	4.192924858593609E-4
105.0	27.109429327457125	23.475621949598956	21.13148188047266	28.280951047796226	0.0025157946750302865
106.0	25.15291814424378	23.751280029285457	25.324405784200366	25.771299284151183	9.675811921567868E-5
107.0	25.373832318257055	24.548666252981693	22.67489263326827	27.401963756551982	6.450389410008683E-4
108.0	23.81184408763041	24.96959069004303	24.659338334692023	26.559162392809597	6.44948249352472E-5
109.0	25.52432906870748	24.915058416786266	25.589657586346664	23.970310026702144	6.449014574450488E-4
110.0	24.817219348067564	24.347301778715707	23.25914628739648	27.576268098710422	6.448710983283329E-5
111.0	24.877198164147217	23.571116724458925	24.91169940200004	26.639437558885877	5.48150507942056E-4
112.0	24.915379709572974	24.062599347026055	24.582444247980494	26.439479968092876	9.672732759804766E-5
113.0	28.340782047256074	21.778057771756618	23.34883259061133	26.531618291401944	7.092989740312749E-4
114.0	26.087944789874918	21.827473195329514	27.86228420446833	24.221814189750145	4.836205770883139E-4
115.0	26.19254209175983	23.831398871276292	26.88265445790405	23.0928564357984	5.481432614330593E-4
116.0	26.894736078442122	24.49342956959691	25.03089738649866	23.5809047219074	3.2243554916416646E-5
117.0	25.612446092458992	26.814654790214014	24.067196001773407	23.5049615090081	7.41606545483858E-4
118.0	26.76767285936582	24.271795199191075	25.53396956336409	23.426078724599325	4.8365347969332495E-4
119.0	26.880980894028184	21.17066397879106	25.247103343270993	26.700929342018625	3.224418911345892E-4
120.0	25.424831648881717	24.15805094787685	25.2032546539391	25.213862749302336	0.0
121.0	27.557233226789673	23.29236996713408	24.72040753352772	24.429279912968028	7.093595804976415E-4
122.0	26.85826529447536	24.094525916243363	24.87465394816687	24.17181324389456	7.415972198487528E-4
123.0	23.974967748841745	28.3332672349835	23.35751243213231	24.33360772209287	6.448619495659917E-4
124.0	24.44413348018871	25.146575939620774	22.96957178932272	27.439654305192647	6.44856751521217E-5
125.0	26.40924268198473	23.634219822255123	24.94750967588837	25.008189522312257	8.382975595223509E-4
126.0	24.24494012430723	24.046843004485883	25.364201748245772	26.343918395851823	9.672710928776927E-5
127.0	25.95065330764704	22.757127542096228	27.915847849042002	23.375629730535785	7.415706789401988E-4
128.0	26.323441077382455	23.28766858282576	25.439615517180787	24.94095631266893	0.008318509942070285
129.0	23.890681544417877	27.15044506864968	22.832434426208366	26.123021308096874	0.0034176526272076103
130.0	25.97893144400731	24.627969617223183	24.137915469125527	25.255151227118283	3.224252569890511E-5
131.0	25.843881992584233	24.5998710301467	24.65745606964372	24.898339513138804	4.5139448653877155E-4
132.0	26.081831409923446	25.291832432001954	22.56181882255911	26.059552032985085	0.004965302530402
133.0	27.15190706000397	25.378845523883715	24.94309256598683	22.524123593274027	0.002031256851461602
134.0	26.719111513491345	22.851392725687596	21.295135584083283	29.134327934731864	3.224200591705293E-5
135.0	26.655480901391265	23.451578092450866	26.31042884534594	23.58215750069078	3.54660121145449E-4
136.0	27.86075795500015	25.81402344753806	24.793670886484083	21.526485606696422	0.005062104281282756
137.0	28.12509068397481	21.534872623273777	24.749905688666196	25.589840815365818	2.901887193971813E-4
138.0	24.700573897343308	24.652566417332988	27.30793783853495	23.33789012122775	0.0010317255610007739
139.0	25.406139119192282	24.486577024327886	25.08307849051372	25.02278673645894	0.0014186295071713334
140.0	26.396220428977312	21.665050252844093	25.840653409493935	26.097946939496687	1.2896918797130176E-4
141.0	24.85414047590106	25.604404143490626	25.505611420232455	24.035328071481565	5.158888942985571E-4
142.0	27.84911877938208	22.811329150249243	23.976004230374866	25.363322134017757	2.2570597604937157E-4
143.0	26.021047445422578	25.579372239529963	24.690830580252495	23.70868524724848	6.448754648746007E-5
144.0	27.558406675877812	25.785287853700765	23.461854084477068	23.19390323137121	5.481545731407484E-4
145.0	27.94425678072236	22.66062015443886	23.232607571296093	26.161741622523778	7.738710189172771E-4
146.0	27.291628644559996	22.103908532837877	25.090334076470704	25.51038833818189	0.003740407949527709
147.0	26.532986509131867	24.38761635103923	26.622820297276967	22.452804210386475	0.0037726321654618423
148.0	24.585439215486478	24.545390641273766	24.384100006642516	26.48474768430889	3.224522883471547E-4
149.0	27.64532247808248	24.95711298825089	23.635902813516953	23.759114296143522	0.002547424006149933
150.0	25.048103696962993	24.446287510322907	25.15641964675263	25.349189145961464	0.0
151.0	26.471748168628395	24.030284825566227	25.66048529372405	23.836965764629287	5.159474520418782E-4
152.0	26.82175712140834	23.96925966246511	23.673297491964068	25.53555673650918	1.2898765330182594E-4
153.0	25.14650772597888	23.6552295027041	25.021904005474312	26.17561707703019	7.416888125271885E-4
154.0	22.98684035709817	25.336956255345054	25.045179032801073	26.628251052242568	0.00277330251312804
155.0	27.028499118653777	23.784512944147867	24.48962217238784	24.697172274969702	1.9348984081590795E-4
156.0	25.622993509896403	23.504591445962834	26.45920909420728	24.412947958237595	2.5799169589228846E-4
157.0	24.89955176820815	22.84337428660713	27.03206313363654	25.224752817855485	2.5799369269919773E-4
158.0	25.472022745457473	21.178643496365883	26.244319521303066	27.104949736370322	6.450050326517673E-5
159.0	26.308592408307984	21.543281326444948	24.963596683178103	27.184013566060855	5.160160081066115E-4
160.0	26.08837980041398	21.41408583708151	26.525324951348413	25.972177159521102	3.225163499663616E-5
161.0	24.525665152446056	20.96645654638369	29.013660237276273	25.491347656344487	0.002870407549494373
162.0	25.429493193677427	23.52036220401842	24.97938284310674	26.07072950709433	3.225210307901152E-5
163.0	24.834421173189888	24.20310099671439	27.22198157902291	23.740496251072816	0.0
164.0	25.42659666734507	23.95195346681456	25.03374552599639	25.58625291937101	0.0014514204729631007
165.0	26.163803544639574	22.043314054473022	26.96066525453934	24.831668810016623	5.483363314428632E-4
166.0	24.60639693484909	23.96161981019573	25.948335898270436	25.48361510008738	3.22565973612168E-5
167.0	26.124821574019563	23.78558237433569	26.43501262086596	23.654067305908825	5.161248699607261E-4
168.0	26.111143549046318	24.377624448496857	24.00452009185993	25.506615134436604	9.677616028970913E-5
169.0	26.948160249201408	21.884224319977083	25.82867661433463	25.338680737152004	2.580793348779382E-4
170.0	31.02932987838202	22.869749582702358	22.917689613143956	23.183069620151073	1.6130562059756635E-4
171.0	25.51411997030601	23.810425610648025	26.89012868364059	23.784583708245243	7.420271601297838E-4
172.0	26.954586002364827	24.81675831842547	24.388799181828595	23.839791972822255	6.452455885365669E-5
173.0	28.267231464349834	20.38049641328737	23.832612549542123	27.51820778898161	0.001451783839064922
174.0	24.4023261726034	25.94106366971601	23.896693985580466	25.75952903586301	3.871362371132025E-4
175.0	25.279008531721836	24.36163712534592	23.647703055044218	26.709909198425922	0.0017420894621008438
176.0	24.38115226618888	24.37757147548578	28.3942831224753	22.84567050144619	0.0013226344038499629
177.0	22.26511383609976	25.805957263391	24.823070748471388	27.080338269113135	0.02551988292471409
178.0	24.66713228735356	22.823274367258588	24.776687565830755	27.732712218994422	1.9356056268055572E-4
179.0	27.68604813604228	24.319061063582048	23.599785385224166	24.39436336165719	7.420534943137732E-4
180.0	26.553297416498534	22.313096358146836	25.810361182900206	25.323050920719385	1.9412173503418484E-4
181.0	27.662584103046093	22.335326179046383	26.33008924877395	23.671287697134105	7.12771999464773E-4
182.0	26.10474764263072	23.08168629467796	25.553280626369112	25.260155892743096	1.2954357910772974E-4
183.0	23.91026759937136	24.07921534668615	26.621916185466223	25.388309411752896	2.914567233722709E-4
184.0	25.704736999765217	22.397629476104502	27.115425407028994	24.779261154335032	0.0029469627662588953
185.0	24.757216949010946	25.1296283883661	24.675941171880137	25.436533494201086	6.799965417318734E-4
186.0	26.68533858970959	23.332811970237614	25.496339286263638	24.48551015378916	0.0
187.0	24.707849984092405	22.951528377623255	27.890730883401716	24.449242127200428	6.486276821970836E-4
188.0	27.797229272645968	27.71807211959248	22.369694711517415	22.114517473755075	4.8642248906279035E-4
189.0	24.954308669743455	23.65977502613713	25.570898416725683	25.81404504146918	9.728459245538529E-4
190.0	28.295825983799734	22.058394780785264	25.40196638332248	24.24361826984601	1.9458224651041064E-4
191.0	26.884862065046196	23.466965431016288	25.033334957052624	24.61451280302661	3.2474385828178023E-4
192.0	26.588020570311393	23.155337677542345	25.019591159377697	25.237018116748043	3.247602051834976E-5
193.0	27.278939868890006	24.042342622375227	22.73218463493276	25.946078149558154	4.54724243850423E-4
194.0	27.458321897062195	23.400510937406107	24.448566013405205	24.692601152126496	0.0
195.0	26.00574427919237	21.651793763418993	25.327229319279198	27.014582906270007	6.497318394265727E-4
196.0	28.269326023856966	22.409098591631857	26.486940997819076	22.834536689639588	9.76970525124914E-5
197.0	25.137001449080408	24.332695051792655	24.43415348005666	26.095466029666248	6.839894040270039E-4
198.0	27.365173365192284	23.090379446276675	24.740300478569427	24.80408146087485	6.524908675746947E-5
199.0	25.131181750035452	23.26666575171113	26.066200954298623	25.535461389203135	4.901547516581935E-4
200.0	27.572342853557437	23.268536201818815	24.24261734921301	24.91647091580033	3.267961040675658E-5
201.0	24.547296590671408	21.143098985567875	29.526543871574983	24.78276641915917	2.9413302656348044E-4
202.0	25.111248602344954	25.20443105266753	28.468268123594378	21.216052221393134	0.0
203.0	25.583773041779768	24.465728898081586	23.479580940249132	26.47032858956091	5.885303286026394E-4
204.0	25.338956807960937	23.92106556516672	24.527514009364538	26.212430917818157	3.2699689647245554E-5
205.0	26.962315818801475	24.2373595239232	25.574739518782575	23.22473490791676	8.50230575991974E-4
206.0	25.2024168690263	21.218082366503964	26.04285936209702	27.53660869778508	3.2704587636030646E-5
207.0	25.762349843403744	23.422515516522335	26.971616416848615	23.843191129210314	3.270940149972606E-4
208.0	28.16921591105388	22.584008595193602	22.313249527578428	26.93349324999869	3.271617540057685E-5
209.0	26.909249284447707	20.635556380154522	25.73557009074843	26.718806190120453	8.180545288971218E-4
210.0	24.480514486291003	24.45433197784305	25.26173508210671	25.803123900539198	2.9455322003943743E-4
211.0	24.94152248761128	25.749289676235097	25.827532505967245	23.48106605364446	5.892765419157315E-4
212.0	28.85067300660053	22.39723126817128	24.878104858479798	23.873728849919708	2.6201682868586446E-4
213.0	29.684976124723615	22.978433764828445	23.0748786737465	24.26141649814205	2.9493855938243795E-4
214.0	27.789192874836715	24.581734627581227	24.780679817951704	22.848392679630354	0.0
215.0	26.069062856492675	24.616767804121856	23.21047870194162	26.1033617886219	3.288488219484227E-4
216.0	25.481499394762402	24.205318384208283	26.311292763590604	24.001856239129307	3.321830940064869E-5
217.0	29.094808379016406	23.029865038091007	25.66115655407221	22.21360045619417	5.695726262055675E-4
218.0	24.14571903377457	24.66535119932038	25.791429606138244	25.397330932549018	1.6922821778994716E-4
219.0	26.290716020287437	23.227221865316174	25.02350232019274	25.45808189662529	4.7789757835642836E-4
220.0	27.434632121643883	21.934541398427214	25.74220680708814	24.888276673911946	3.4299892881434527E-4
221.0	25.57774158170687	22.75926242020874	24.77853325750126	26.884359081915914	1.0365866721214162E-4
222.0	24.95078324599584	24.879077872384673	24.722268164837917	25.44780093052988	6.978625168969963E-5
223.0	30.582607596170625	22.390507223701285	24.599717310394176	22.426567454529145	6.004152047733715E-4
224.0	29.703018681511306	22.77611047074717	25.192932506821204	22.32786751725884	7.082366147706287E-5
225.0	30.548932133425634	20.1304315622445	24.280254795215185	25.039740532779533	6.409763351537061E-4
226.0	25.38547932105627	22.031981280656474	26.373476702250663	26.208954600043022	1.0809599356612645E-4
227.0	27.02166942129522	23.423460123841892	25.922776316402068	23.630966583639832	0.0011275548209879417
228.0	26.778895397324177	27.785484867857456	23.79528179711369	21.640301343766023	3.659393865318937E-5
229.0	27.640074769441235	25.165806248083587	22.34625238814067	24.847829740311813	3.6854022690284686E-5
230.0	25.85323251847894	22.6780256260682	27.949278781179785	23.519463074273066	0.0
231.0	24.688254682161645	25.09879047376094	25.209987455955478	25.001799273432663	0.0011681146892683042
232.0	25.34941415114999	24.876999399109955	24.82998145803355	24.943453443145422	1.5154856108429965E-4
233.0	23.161183352011914	25.352449452692017	23.04857454288653	28.437332084683053	4.605677264841795E-4
234.0	27.383997432809874	21.02985137402309	26.679305300904904	24.905521795413016	0.0013240968491168273
235.0	25.661684172372766	21.528906083791004	28.319924986801777	24.489248370905596	2.363861288619584E-4
236.0	28.16227981255351	23.472958496333323	24.478569974731755	23.885911802259066	2.7991412234726386E-4
237.0	27.461657463919444	24.575899438948827	22.912901753436387	25.049379773883047	1.6156981229627058E-4
238.0	26.780019991479044	22.44440894045161	25.234899878740208	25.54067118932914	0.0
239.0	27.68886389238729	23.742651970052936	24.29917489391256	24.268270799618517	0.0010384440286976084
240.0	24.875700029871364	21.802159126215503	27.235623442773228	26.08634621853343	1.7118260647772102E-4
241.0	28.95588133191731	21.675456799774395	23.765031299045386	25.60097338616842	0.0026571830944868593
242.0	26.410569848004727	24.263386862882	21.839368387131426	27.485643697298457	0.0010312046833879371
243.0	27.224355628143044	23.609481625431346	25.537428783579607	23.626365107011985	0.002368855834018148
244.0	26.16402295729034	22.771549228518126	26.606658443168275	24.456776333940237	9.93037083026967E-4
245.0	28.46533614672437	21.138462883010494	24.071236999351456	26.323190098155735	0.0017738727579438133
246.0	24.49980018880208	26.61008383401714	23.985882320306455	24.901589734298785	0.0026439225755446696
247.0	25.125609783146174	22.66747210012425	25.45791631929087	26.610225438737263	0.13877635870144295
248.0	26.046014447003706	22.719502584176222	25.02383886235289	26.201369809332643	0.009274297134546975
249.0	25.474166693632387	21.28850376980778	29.01859935089866	24.203731414423483	0.014998771237691605
250.0	26.55812716800479	22.616109127051047	25.06678955038663	25.757616242728055	0.0013579118294708042
