# Position (bp)	A	C	G	T	N
0.0	24.02668289062402	23.69644385358777	25.086614946384888	27.190137977441125	1.2033196219073481E-4
1.0	22.69236337688175	30.262358932643256	23.266608930782485	23.703973859906366	0.07469489978614353
2.0	23.908023659277635	27.070887942038365	22.552948720253614	26.467324667853227	8.150105771593286E-4
3.0	25.30569602699351	21.817645320277272	24.689250354352076	28.18106133655999	0.006346961817156724
4.0	26.051028125059833	23.566248970917655	22.750186670751084	27.632392640385977	1.4359288545116885E-4
5.0	27.78370463740769	24.06778680328782	22.97108930473075	25.176462880989348	9.56373584387775E-4
6.0	25.255773430879948	24.20234159615224	24.572342431584097	25.9632648677034	0.006277673680316032
7.0	25.587889431250765	25.716134120784	23.017753382745585	25.677508211877765	7.148533418798022E-4
8.0	27.415388704015136	24.1850115567926	24.132002242298768	24.267549869477065	4.7627416436507175E-5
9.0	27.27170081856154	24.82124570823306	22.153884625514515	25.75293114251566	2.3770517522199287E-4
10.0	24.630626705948664	24.832769226639773	23.55813117695642	26.978472890455148	0.0
11.0	28.108016755281508	22.28014695849344	22.74444270772848	26.867255051669353	1.385268272207986E-4
12.0	29.278253298469902	23.73620065032307	20.110317464649828	26.875205841626137	2.274493106466293E-5
13.0	25.230594824926904	22.873518198914116	25.103403432121574	26.79241609235305	6.7451684358494E-5
14.0	26.70127579563789	21.40877847726355	23.516678555355337	28.37320046463723	6.6707105996702E-5
15.0	24.818256442348602	24.23450037005887	24.530415811003813	26.416783491753932	4.388483478347113E-5
16.0	26.114430238879997	25.23484397987456	20.864042675302183	27.786661505632388	2.1600310871674065E-5
17.0	28.193728850936495	26.193131638840732	19.71473098549492	25.897290070979608	0.0011184537482445023
18.0	25.674709365859677	25.786204956544744	19.988266924334212	28.550672351247712	1.4640201365512495E-4
19.0	25.24517570917143	24.346102617214626	22.104743171530178	28.303499307563918	4.7919451984813286E-4
20.0	23.14563647803006	25.15981295353023	23.833191819362582	27.86131741101362	4.133806351014725E-5
21.0	23.88153855005259	24.363044381377517	24.144680657642333	27.610470238549826	2.661723777362776E-4
22.0	22.69969021411224	26.62724797574442	25.533171426688234	25.139829541709553	6.084174554967982E-5
23.0	25.229177027884433	23.573116618001716	23.61671944585283	27.580603719672137	3.831885888858368E-4
24.0	28.112478583334898	22.0330886725011	23.525538434680524	26.328854268978496	4.004050497483254E-5
25.0	24.568950662691194	26.02148799811763	18.955891492858527	30.453432173529666	2.3767280298231836E-4
26.0	26.266462721876028	25.202933263821603	19.94383321119598	28.58667243745174	9.83656546480231E-5
27.0	25.204553923818807	25.098315858667053	20.28122164154401	29.41583004108552	7.853488460673068E-5
28.0	27.596558078169924	23.550800846458042	22.725647577976442	26.123836517234984	0.003156980160607008
29.0	28.101529902642557	22.95558952784898	22.648823549695972	26.293673873646057	3.831461664310318E-4
30.0	24.292896730095975	23.953203480743525	24.89227487811941	26.861453790519203	1.7112052189477572E-4
31.0	26.069832051052998	23.993473746101877	23.01589687308875	26.92032468680315	4.7264295322441754E-4
32.0	24.007990982034347	22.415116899034203	24.10457991591103	29.472087316096374	2.2488692404350438E-4
33.0	23.754471565222165	24.588508429762857	25.577464349885233	26.079500015579075	5.563955066982601E-5
34.0	25.413610014204874	26.84415554564637	23.091752439882132	24.650445223899123	3.677636750624049E-5
35.0	25.413806307893417	22.53719627209694	25.540283920937107	26.50854962079477	1.6387827777040326E-4
36.0	24.462625112125576	24.364464062502844	26.26203814725795	24.910708924740767	1.6375337286461051E-4
37.0	25.41993226080518	25.4805377592081	21.717649314250238	27.381862476811392	1.8188925090912795E-5
38.0	26.830235637297612	24.935030124091508	21.303354538671602	26.931306960591822	7.273934745895092E-5
39.0	23.1193915553432	27.326065945382233	21.938995539788824	27.61538332871531	1.6363077043911952E-4
40.0	25.960335881237423	26.406982595139205	22.360239753120894	25.272332699265874	1.0907123660605215E-4
41.0	23.812335073044988	24.938082526821816	21.446111531790844	29.798672332332067	0.004798536010286316
42.0	24.68334806668392	25.692497768188176	20.619106053953143	29.00497541372121	7.269745355359693E-5
43.0	25.73724933849586	25.60561178661269	22.495302098550443	26.15812970005937	0.0037070762816353076
44.0	28.959558094086336	24.595261161569216	22.473380190690207	23.97156435303925	2.3620061499372434E-4
45.0	25.3984508680055	24.4428373128008	21.177622986899575	28.977201196592468	0.0038876357016483032
46.0	25.341907254949437	24.126515538613255	22.55544327829891	27.976115763563353	1.8164575046124397E-5
47.0	25.380061324176477	23.926872318066223	23.27369101289508	27.41761357341374	0.0017617714484776297
48.0	23.32131744231292	23.910557902789122	23.19216461982533	29.575960035072622	0.0
49.0	22.103720089821316	25.470403556831155	25.049747413860718	27.37434965242172	0.0017792870650914043
50.0	27.19876708483971	24.77343967571528	20.101444271007505	27.926312659238526	3.630919897186872E-5
51.0	24.772479173798718	26.789027595102414	21.653150404253566	26.78280160735763	0.0025412194876683696
52.0	23.20962729602154	25.850348510462197	22.01048771912928	28.929518370887834	1.8103499152937275E-5
53.0	23.382420224165234	25.232611003857514	22.85950172493175	28.523804636391038	0.001662410654462163
54.0	22.87274063730507	28.77429573800066	22.277869087061354	26.075076468513476	1.8069119441216093E-5
55.0	23.95711712478115	28.422214860637148	22.267867654400735	25.35130441239712	0.0014959477838524873
56.0	26.78801196885675	25.014416835403715	24.90077613033396	23.29679506540558	0.0
57.0	23.0986804265189	27.46283023573285	22.589515200177594	26.844000870682088	0.004973266888565667
58.0	25.8042511912964	25.513525862590843	21.78832832215307	26.893750486464047	1.4413749563984077E-4
59.0	27.761867872520586	22.512764155872233	24.331057344118758	25.39148215540382	0.002828472084601942
60.0	23.784679829121362	23.025550880052304	23.50983767680433	29.67991363285404	1.7981167963168814E-5
61.0	25.07968528627011	24.352305335605944	23.35514250577143	27.206663933777786	0.006202938574726532
62.0	25.18321697783993	21.665745854863637	25.067667531864195	28.083171869148476	1.9776628376117674E-4
63.0	26.527061435182915	23.3534307769004	23.142838189061948	26.974134721367527	0.0025348774872137004
64.0	25.647581736764668	22.586341690713617	23.13530985547437	28.630694975258947	7.174178839006226E-5
65.0	23.72355074036227	26.05609630035864	23.776132727552497	26.43932429635725	0.004895935369349005
66.0	24.265607142748262	23.784305873690293	23.40796590452413	28.541618957664173	5.021213731369727E-4
67.0	26.726060821895896	25.611429671937042	20.8175599549765	26.844142614113903	8.069370766606361E-4
68.0	23.947052500114314	21.934857432831645	26.494586096619145	27.62325293243761	2.5103799729058276E-4
69.0	22.83259241514704	24.560644450895442	25.324591377329643	27.279249084961705	0.002922671666168498
70.0	25.480949993452928	22.786315242101015	25.119078774252152	26.613333562615164	3.224275787354713E-4
71.0	25.46190111504794	22.93562926990581	25.930047334228867	25.671511629464177	9.106513532011269E-4
72.0	26.6875998258883	25.817737611948722	22.085244747279148	25.407739543745922	0.001678271137914252
73.0	25.33198724609117	22.844368035248205	23.285095565053147	28.534710841179557	0.0038383124279200635
74.0	25.02563965242539	25.975087808557262	23.164856940111665	25.83350515693967	9.104419660190925E-4
75.0	25.725389558331862	24.215657450363903	22.2303027836344	27.826329575158237	0.002320632511597361
76.0	26.755780724723493	24.34540277599026	25.205043314937285	23.69282711207511	9.460722738525795E-4
77.0	24.521311269408688	24.847600701700774	23.720652693101584	26.909685655474057	7.496803148942915E-4
78.0	27.103493168643748	25.76222807146869	20.277063181678717	26.856715812117223	4.997660916203326E-4
79.0	26.965856152091376	21.239244319338923	22.99327989159584	28.798799586702	0.0028200502718582006
80.0	23.385058669324323	23.406386803471328	28.622480959955222	24.58325361311086	0.00281995413826485
81.0	25.45300018757698	25.622461977289802	21.28918391164214	27.63492558405421	4.283394368728508E-4
82.0	22.74336325828686	22.338418903780475	23.663027759479828	31.254065728768666	0.001124349684173743
83.0	25.010011771416092	23.006604556801545	23.975176517702455	28.007296993042086	9.101610378262927E-4
84.0	23.215848142784616	26.054016241098495	24.1606014613598	26.568338512960665	0.001195641796425031
85.0	25.545540297514552	27.642028917748977	21.009390969921988	25.80236171490753	6.780999069575549E-4
86.0	25.877453365731117	24.848543571861036	22.693241557456194	26.578602366451488	0.002159138500169608
87.0	22.24491332652422	21.644155187882344	25.847891922062033	30.26227228896916	7.672745622430969E-4
88.0	25.166443837505355	26.16297462566753	25.912030865511525	22.757640679011278	9.099923043199833E-4
89.0	26.14172065070249	25.520354837794528	23.176311411951882	25.160667445909056	9.456536420422622E-4
90.0	23.25384344459991	25.391570489111174	24.80820691350782	26.54627210049783	1.0705228326462362E-4
91.0	27.142693765958082	24.45475126402362	24.244614418156623	24.157191210078146	7.493417835297887E-4
92.0	25.957231808550247	24.07335614926781	23.08130366607691	26.888108376105034	0.0
93.0	26.7700479120371	26.132362532986804	20.820131476224528	26.2770655911078	3.9248764377536E-4
94.0	27.599844007397163	23.683259374809335	23.11803594894489	25.59388332024475	0.0049773486038626365
95.0	23.776943091374374	26.59027234542816	24.107489610770724	25.522922310239913	0.002372642186826841
96.0	26.47226666585797	24.386399837166525	23.664637967564243	25.475678712145633	0.001016817265628526
97.0	25.82237317402527	24.608743272724677	23.21273441778409	26.3558993990271	2.497364388654117E-4
98.0	28.01945741149357	23.055748302292685	24.210207114049187	24.714569334420247	1.783774431020551E-5
99.0	21.603145575424364	22.45631174968085	26.75181920681477	29.188652130133256	7.13379467583502E-5
100.0	22.756811858142004	24.910126951143088	24.235602032616455	28.097459158098452	0.0
101.0	23.527578101440792	21.945246290401133	28.92560686517652	25.601479577433768	8.916554778765117E-5
102.0	25.39034604285495	24.40433258067853	23.954095191213558	26.251137008143655	8.917710930616642E-5
103.0	26.1639493254414	26.48614946048509	24.48556947884048	22.864206892935602	1.2484229742642952E-4
104.0	25.565308641843203	27.479929960403872	22.414186692120047	24.54014667795233	4.280276805501011E-4
105.0	27.460909513610172	23.183103228776346	20.695551953975876	28.656921712371	0.003513591266603279
106.0	26.191815534739014	23.198824441318912	24.34247581447461	26.266795033089785	8.917637767694109E-5
107.0	26.97749625103979	24.245695651491523	22.29247311521115	26.483568068418702	7.669138388353754E-4
108.0	23.615237563261122	23.946477307322105	24.826180727100933	27.612015229930105	8.917238573762594E-5
109.0	25.816631420580745	24.591590660791883	25.549940594680947	24.041088292604456	7.490313419681191E-4
110.0	24.60291728995063	24.530352413134366	22.579072353727113	28.287568775238984	8.916794890177188E-5
111.0	24.628214964568375	24.277697463483154	23.931745571448392	27.161557286444527	7.847140555484812E-4
112.0	26.23256742971687	24.07681387900102	23.24705920118702	26.44338115178017	1.7833831491693002E-4
113.0	28.197857626654372	21.17968208586257	23.092502691965976	27.529172921764815	7.846737522706497E-4
114.0	26.67182304756021	21.86055229511857	27.159366767416426	24.307883377573344	3.7451233144269997E-4
115.0	27.062632928324604	23.63887192063315	25.747979043584884	23.54983836807491	6.777393824545758E-4
116.0	26.629094908728952	24.438907190837813	24.805261258908935	24.12668313574541	5.350577889164919E-5
117.0	25.751904641982954	26.697483853615626	23.390034436583395	24.159810145772262	7.669220457627734E-4
118.0	27.193047539111788	24.526376354184983	24.770612094645184	23.509553801598678	4.102104593679406E-4
119.0	27.62291169791614	21.37430734755582	23.843082250761054	27.15914579464456	5.529091224297752E-4
120.0	25.27544771233262	23.46983054982886	25.209170823686534	26.045515243060148	3.567109184396537E-5
121.0	27.70605885436444	23.731412151240118	23.93304637836926	24.62884052560808	6.420904181025265E-4
122.0	27.04784673463542	23.660342440661108	24.14297980235768	25.148349455133452	4.815672123358257E-4
123.0	24.680901231520416	27.484532868368145	23.207974419304804	24.625824545082263	7.66935724365441E-4
124.0	25.609557077336454	24.42296630748555	23.355250426495992	26.612154845912993	7.134276900905786E-5
125.0	27.48212312034819	23.44728913325782	23.912936078060607	25.156688556068207	9.631122651811909E-4
126.0	24.203976155267924	24.648706127392707	24.42791958939661	26.719308950085907	8.917785685277432E-5
127.0	25.700571286703312	22.85986862064519	27.6772364783798	23.76125348838744	0.0010701258842583947
128.0	25.76448818160334	23.587227837998118	25.11526782569147	25.522849791990872	0.010166362716202419
129.0	24.636723462513384	26.52414554747244	21.901572890381377	26.934169325962216	0.0033887736705840894
130.0	26.072258839636415	24.116589276038226	24.332869239267424	25.47828264505793	0.0
131.0	26.447311063881095	24.598241645031464	24.166233249218244	24.787500597509652	7.134443595445657E-4
132.0	26.93619959322672	25.444412200487175	21.3864180247328	26.22633510048848	0.006635081064816359
133.0	27.304169308658686	24.854541060346218	24.54831077495757	23.29096336170186	0.0020154943356582864
134.0	26.611531421043534	23.536571423169608	21.231938846108775	28.619886964898544	7.134477953303772E-5
135.0	26.516511240699636	23.824236819411286	26.05759069388323	23.601144001705123	5.172443007258364E-4
136.0	26.947634991720314	27.101313976725557	24.230766761104803	21.713542086566786	0.006742183882541882
137.0	28.836328676816827	21.572323454288608	23.55568913114824	26.035516045718527	1.42692027796407E-4
138.0	24.913014103237295	23.88213223711246	26.929635062325918	24.274112768823343	0.0011058285009816903
139.0	26.773201346621185	23.258823267117027	25.0150134885069	24.95178471897086	0.001177178784027824
140.0	27.651871536334788	21.285086122651585	25.582380898787626	25.480411736388405	2.497058376052354E-4
141.0	25.7798163828506	24.796305967700047	25.281871873243094	24.14164904410065	3.5673210560411867E-4
142.0	29.052090806189067	22.710037560631577	23.65656262251619	24.581077132892005	2.318777711623248E-4
143.0	26.6279562558326	24.961205162085726	23.82680842805814	24.58381611353849	2.1404048504427783E-4
144.0	27.697982560892843	24.97992906277062	23.228598209356687	24.09299073463822	4.994323416331259E-4
145.0	28.345011353986273	21.88646513155231	22.76137579170666	27.005988333692148	0.0011593890626089714
146.0	27.40585665843377	22.184867894044118	24.500429957275394	25.903619293122055	0.005226197124664066
147.0	26.44099732616362	24.3590756598843	25.84102062034217	23.355071593926464	0.003834799683441745
148.0	24.484399090479066	24.558224536374773	23.04871801640534	27.908105423949625	5.529327911975954E-4
149.0	27.965007598513118	25.208495351707704	23.534307465093214	23.289924300258992	0.0022652844269722243
150.0	25.83867483730226	23.719238600456098	24.65833252322629	25.78370052735739	5.35116579606172E-5
151.0	26.78068440969686	24.064022603767828	25.427900990787787	23.72683903109891	5.529646486132628E-4
152.0	27.62004977141574	23.819124018088385	23.29907676182196	25.261606745166677	1.427035072419354E-4
153.0	25.10835738797778	23.199273062758273	24.549544005282925	27.14205850674618	7.670372348414713E-4
154.0	23.33906243171239	24.56693278581348	24.436070308256415	27.6555441290715	0.0023903451462168775
155.0	27.23900907990758	23.779909163457784	24.261228296883523	24.719621524517425	2.3193523369169705E-4
156.0	26.21110450389983	23.300018358650966	26.051621529184636	24.436898783172914	3.568250916549851E-4
157.0	25.101638073719652	22.638202713072424	26.441260624338863	25.818506077766795	3.9251110226573463E-4
158.0	24.836168792264704	21.68272358209509	25.75824455017026	27.72279170875816	7.136671178232296E-5
159.0	26.916814398026823	21.30635915706056	24.156378997310863	27.619930031002177	5.174165995809282E-4
160.0	26.52151811826218	21.605331573841642	25.62945511842044	26.2436773471452	1.7842330536666972E-5
161.0	25.07330603901876	20.3105992128589	28.712575737083878	25.89957581166566	0.003943199372799347
162.0	25.591351304284522	23.454103987330072	24.920349036801458	26.034088613837714	1.0705774623460063E-4
163.0	25.40346770063648	23.83290300823119	26.795722562536913	23.967853198174968	5.353042044576566E-5
164.0	25.73788841620777	23.92051962447457	24.31741830815847	26.022085931607382	0.00208771955181479
165.0	27.154268351221106	22.39812391617865	25.545778436670574	24.901169054895295	6.60241034372862E-4
166.0	25.03930814102785	22.934290493184896	25.198378743285136	26.827862017227233	1.6060527488395823E-4
167.0	26.374980882780974	23.460365655070582	26.434888938103395	23.729264844107888	4.996799371545405E-4
168.0	26.134637404307686	24.36795246294377	23.28009043119719	26.21721262324713	1.0707830422231168E-4
169.0	25.39610273140757	22.15839112071681	25.893215518756847	26.55200507571181	2.8555340696446914E-4
170.0	31.785041061212922	22.637815722659145	22.74420329610512	22.832743600058397	1.9631996441968352E-4
171.0	25.875566903389903	23.428889419951037	26.572975643344215	24.121675658532432	8.923747824167187E-4
172.0	27.384935603339265	24.19506404690194	24.14663316120204	24.273224429866403	1.4275869034605063E-4
173.0	30.240609800839696	19.083364382982793	23.049939256892664	27.624819590829862	0.0012669684549837185
174.0	24.77232990634093	25.43962803326658	24.120610099105235	25.666878779259317	5.531820279367631E-4
175.0	25.355272038251638	24.408046491857036	22.510418945653026	27.724442309360153	0.0018202148781508902
176.0	24.190111857693612	24.594112315268124	27.980074450442128	23.23405953358452	0.001641843011611221
177.0	22.517142067263972	25.62181991205114	24.70795707107709	27.12730917509083	0.02577177451696217
178.0	24.775721115968686	23.325985407529718	24.283416630248244	27.614484258944167	3.925873091869534E-4
179.0	28.77156776277772	23.396121559357148	23.31868623721443	24.512178886123497	0.0014455545272090838
180.0	27.077641109712623	21.982015333134154	25.88692176063061	25.05313537656974	2.86419952873177E-4
181.0	27.91678037108463	22.902635033813887	25.72738425845876	23.452429864158532	7.70472484187844E-4
182.0	25.97515184555297	22.82569690941472	25.32957422691475	25.869415780471723	1.6123764583721124E-4
183.0	24.11171309524812	24.751138850036916	25.48492608112149	25.65179199914292	4.299744505598357E-4
184.0	25.961314161814602	22.08128175460461	26.769308609159516	25.18410011405589	0.003995360365380184
185.0	25.498660856876043	24.6178412808625	24.240577496627285	25.64232921155631	5.91154077861441E-4
186.0	27.46113841116042	22.92869124405635	24.390120242638705	25.220032186767092	1.7915377431318265E-5
187.0	24.087288868299066	22.99526224637935	27.43109966700155	25.485702793721423	6.464245986107258E-4
188.0	28.334928853450446	27.204919912432253	22.161226724216725	22.298619233119584	3.0527678098922966E-4
189.0	25.281478384672518	24.12286278278934	24.600248255530797	25.994458787139557	9.517898677838166E-4
190.0	29.69213397704596	21.34769084767729	24.516133435370442	24.44382621914259	2.1552076371937832E-4
191.0	26.04260700287587	24.15396056341272	25.071869650935803	24.731202917214187	3.5986556142356336E-4
192.0	26.76150897154101	23.515289362900475	24.0760118007052	25.64711788738946	7.197746385606667E-5
193.0	27.28736341705052	24.807233913513738	21.85683524382244	26.048369463008434	1.9796260486394123E-4
194.0	27.87918327679142	23.555553555841517	24.013192113527765	24.5520710538393	0.0
195.0	27.037559110521986	20.845874247117667	24.69166047308578	27.424348161986995	5.580072875751757E-4
196.0	28.35549828969368	22.52163485614208	26.300947142466573	22.82182948187328	9.02298243856928E-5
197.0	25.298859935441342	24.22882657315697	23.16312503745225	27.30857477851732	6.136754321177506E-4
198.0	27.94718075154642	22.674062610422872	23.990384597996556	25.3882816221262	9.041790795384636E-5
199.0	25.953937313234754	22.80360808424955	25.187077993492657	26.054887089633176	4.895193898630325E-4
200.0	27.728091641366266	23.641375693917606	24.252084835280243	24.378411565124175	3.626431171061659E-5
201.0	25.02322901011414	21.340605832893296	28.361442672036112	25.274359815009312	3.6266994713722854E-4
202.0	25.015518829422355	25.727526168926467	27.31729264567978	21.939644221201394	1.813476999399195E-5
203.0	26.113701451969497	24.130222312194846	22.613947788306028	27.141457280780614	6.711667490206407E-4
204.0	26.390982967888704	23.642333826478733	23.467395711539872	26.499196786784307	9.070730837854337E-5
205.0	27.706459668166687	25.218381095240066	24.72780829343801	22.346516388832647	8.345543225922563E-4
206.0	25.700898629393304	21.202816332025833	25.393892020041797	27.702356729341737	3.628919732287334E-5
207.0	25.95773879295123	23.869794816988907	26.543926709542355	23.62823117011282	3.0851040469487506E-4
208.0	27.540189117786127	21.81421659695077	21.88889080485328	28.756667177926637	3.630248318060576E-5
209.0	27.290840631490276	20.793030078573192	24.72103612043048	27.194494067070423	5.991024356237202E-4
210.0	25.48676499987562	23.91830958346596	24.14896585985693	26.44568719246662	2.7236433487086025E-4
211.0	25.5574284778675	25.275170347440305	25.492934647280862	23.673703716686283	7.628107250461455E-4
212.0	27.78459729365756	22.14387046650576	25.08034431408631	24.99096989504729	2.1803070308360826E-4
213.0	29.755848284640727	23.005540465833977	22.314277502494637	24.92397016361799	3.6358341267026385E-4
214.0	27.616922086992147	25.04293793923724	24.07961087793873	23.260529095831878	0.0
215.0	25.368403726335586	25.271867668313337	23.147454636164237	26.211872950818925	4.010183679172181E-4
216.0	26.398494997623352	24.71400131590138	25.661328810029715	23.22611964835168	5.522809386861384E-5
217.0	29.04639461810328	22.616487701351062	25.649837040743805	22.68659387034127	6.867694605871359E-4
218.0	24.273383941793085	24.020235383155345	25.00592086351036	26.700309797580534	1.5001396067421523E-4
219.0	26.543057404829636	22.944985777401197	24.19763360164619	26.31364234703141	6.808690915693276E-4
220.0	28.562786509417904	21.952595260667113	24.30678151924516	25.177627518977015	2.0919169280770434E-4
221.0	25.45616549726223	21.94250789757754	24.010859444686094	28.590256290025845	2.10870448289486E-4
222.0	25.957310891209616	24.244439909194213	24.255719890541542	25.54229673211963	2.3257693499649097E-4
223.0	30.92369990629265	21.878652617569724	23.82429292787441	23.372686753284913	6.677949782996094E-4
224.0	29.587938250663765	23.056517752609444	24.597495932597727	22.757969343388336	7.872074073068198E-5
225.0	30.07215171473112	19.91837890567288	23.30218981634163	26.70636732982732	9.122334270487921E-4
226.0	25.334360101470267	21.84219138217023	25.7031057662809	27.120262492016835	8.025806177182111E-5
227.0	27.351024392058083	22.978406543464327	25.505313724931383	24.163860687611912	0.0013946519342912772
228.0	27.22965112027909	27.35685954629875	22.835791247377838	22.577657463842176	4.06222021458272E-5
229.0	27.95462040627375	25.381887900891652	21.73208136945839	24.931389839674065	2.0483702142390406E-5
230.0	26.537436957901043	22.633134962379028	26.671987451883822	24.157419940490783	2.0687345323304938E-5
231.0	25.92437998135535	24.38203898579815	23.88339954144236	25.808711755368734	0.0014697360354080408
232.0	24.4084617305447	25.209193813987703	24.96587603679483	25.416362967612184	1.0545106058458694E-4
233.0	23.500367575801302	25.044719587905263	22.267665197786517	29.1867566836039	4.909549030171954E-4
234.0	27.001109140752348	21.006301048148863	26.41434980693137	25.577046212750993	0.0011937914164226629
235.0	25.462427605933662	22.35051012626905	27.00792582346946	25.178872733681697	2.637106461306396E-4
236.0	28.946849509919804	23.49053940571858	23.41632162789822	24.146133489953417	1.5596650997973995E-4
237.0	27.362532390160364	24.859373540825384	22.196421358434606	25.58149268710908	1.8002347055997425E-4
238.0	27.231824934347877	22.364788279157093	24.800435987954305	25.602928024410225	2.2774130500778077E-5
239.0	27.14791292382938	23.2326143234098	24.18427908967418	25.433830180298646	0.0013634827879941411
240.0	25.853885333582312	21.029335496214127	26.099585170677287	27.016956424746645	2.375747796315738E-4
241.0	28.360871450182273	20.802378368659983	23.84494847557575	26.989708908584966	0.0020927969970265634
242.0	26.47267022837215	24.389994598590963	20.46085670111862	28.675692205935928	7.862659823452314E-4
243.0	27.3273173747582	23.201870642505234	24.78188831985755	24.686253223899378	0.002670438979634803
244.0	26.950576718420233	22.46439180303785	25.8788132870382	24.70526266756008	9.555239436384201E-4
245.0	28.24507965138934	21.700300338251527	23.103378781394536	26.949589703673276	0.0016515252913147003
246.0	24.314294063595923	25.930573944528867	23.72303413384999	26.029724571735695	0.0023732862895251053
247.0	25.908021412968825	22.705486695156154	24.934479858783302	26.3103728160253	0.14163921706642135
248.0	26.70316477111065	23.11900669788759	23.317261479071984	26.84934462977061	0.011222422159165185
249.0	24.780585791629704	21.432014825388478	29.35767887122081	24.412912882542123	0.016807629218883492
250.0	27.760142097560113	21.429800008250265	23.79166776227945	27.017425188543903	9.649433662676547E-4
