# Position (bp)	A	C	G	T	N
0.0	24.54688335495157	23.73835981841558	25.03005863462518	26.684676259403055	2.1932604615234123E-5
1.0	22.927738960361918	30.619032332555427	23.287504679665933	23.089996536172507	0.07572749124421382
2.0	24.091458555265135	26.697831473123955	22.694801674504774	26.515122923040103	7.853740660320699E-4
3.0	26.084637447135385	21.990002750856537	24.325963856971157	27.592486107302587	0.006909837734340498
4.0	26.17224533372362	23.655469258581437	23.433428966381207	26.73874754465253	1.0889666120658808E-4
5.0	28.45975473151583	23.821142969149236	22.248702704149107	25.46961642073176	7.831744540675796E-4
6.0	26.11019043995921	23.97030314400513	23.764498399248176	26.149818384586922	0.005189632200560393
7.0	25.528978980410788	25.607866373425175	23.177787910810434	25.684716564532057	6.501708215471811E-4
8.0	27.780868695024346	24.24729077439406	23.814999629162006	24.156797655006496	4.324641308844043E-5
9.0	26.350879842912168	25.380430912641472	22.26098589877761	26.00757387767432	1.2946799443287624E-4
10.0	24.566387256806276	24.624788674824615	23.39148180070392	27.41734226766519	0.0
11.0	27.56815632773518	23.0623092844656	22.325492022581972	27.04391704905501	1.2531616223430362E-4
12.0	28.518140340393238	24.03958304009667	19.994625023356043	27.4476310181424	2.057801165373956E-5
13.0	25.33887783961169	22.68247428678255	25.20085511030935	26.777650366965517	1.4239633089408417E-4
14.0	27.327260108768293	21.600830088622892	23.28994148469966	27.781948224749225	2.0093159926684077E-5
15.0	25.686046333917727	23.435901293563465	24.561311232286272	26.316741140232537	0.0
16.0	26.8212985475924	24.838637620853667	21.58893555211721	26.75112827943672	0.0
17.0	29.0590309861862	26.535265935559504	18.95594327430095	25.448615740859033	0.001144063094316943
18.0	25.707924313342577	25.85804244591619	19.7365291369694	28.697333665624598	1.7043814723886414E-4
19.0	24.872151172578338	24.571048732709748	21.84103065562926	28.71531699364333	4.524454393216938E-4
20.0	22.966863158162617	25.847320456534913	23.39737676180867	27.788402198918355	3.742457544626E-5
21.0	23.66271589825261	24.360439031492252	23.500560080104826	28.476043576312026	2.414138382868977E-4
22.0	23.073726057434012	26.559241528284005	26.003214879775015	24.363799136431115	1.8398075855634717E-5
23.0	25.43300385579058	23.512624120945212	23.419840845779714	27.63425688715586	2.742903286327285E-4
24.0	28.296712635713806	21.442130280913382	24.459242281011747	25.801896720447097	1.8081913963360257E-5
25.0	25.14877638538723	25.079319957123186	19.43270925181106	30.33899749312417	1.9691255435681557E-4
26.0	26.691087490593972	25.560905234759655	19.53556781440506	28.212403873476955	3.558676435707973E-5
27.0	25.54536322835587	24.995094649317988	19.89830223417878	29.56116892466552	7.096348183742905E-5
28.0	27.494410020607575	23.29828059944205	23.14479273267632	26.060291169584904	0.00222547768914808
29.0	28.28662267411263	23.50393670066249	21.979578229841586	26.22953292808856	3.294672947353727E-4
30.0	23.927537173089814	24.320124828748924	25.090864490420707	26.66128401830606	1.894894344997901E-4
31.0	26.505562599133288	24.121207324612772	22.362619827188805	27.010250504114026	3.5974495110809154E-4
32.0	24.01723104503681	22.763771343022082	24.96560639202407	28.253187807745668	2.0341217137068613E-4
33.0	23.53789776121182	25.459991276794565	25.03667406135724	25.96536974739974	6.715323663491102E-5
34.0	26.673705463803838	26.276237099678124	22.691329208738075	24.35867827574224	4.995203771845067E-5
35.0	25.87274618591006	22.21671481486908	25.792115986328096	26.118258394273774	1.6461861899135866E-4
36.0	24.201692116171518	24.335078540920275	25.91969610921174	25.54336876214931	1.6447154716246284E-4
37.0	25.22303654591566	25.429117529790407	21.136339160566088	28.21149032197071	1.6441757130584547E-5
38.0	26.901936727200283	25.49489920543261	20.885806703375422	26.717308050776833	4.931321485669087E-5
39.0	23.29707558283241	27.292511398955554	21.626822912558048	27.783392891890045	1.9721376394301308E-4
40.0	26.383882076995558	26.171199609307088	22.621425207514527	24.82341094498848	8.21611943477042E-5
41.0	23.9051980265937	24.142467487380323	21.819211547716204	30.12801312581032	0.005109812499455748
42.0	24.69163305351949	26.064859902505443	20.567697469846742	28.675743859275588	6.571485273958649E-5
43.0	26.32820637663904	25.47329197403192	22.415236675965858	25.779388257526293	0.0038767158368934237
44.0	29.235651433940923	24.94319899887671	22.718708696806907	23.10222734821408	2.1352216138300603E-4
45.0	26.176055579350084	24.52139602651791	21.204768861690134	28.093788839460498	0.003990692981372825
46.0	25.22396272682204	24.54606854380178	21.849287186433706	28.380681542942465	0.0
47.0	25.373593830455754	23.816233146982484	23.60783632475489	27.200481289603935	0.00185540820294028
48.0	22.55993591953174	24.026958442897143	22.855257585755226	30.55784805181589	0.0
49.0	21.95060263407757	25.914356781366966	24.361598500533823	27.77173516105393	0.0017069229677153573
50.0	27.623372580194903	24.070772031823093	20.424659105698034	27.88113063652914	6.564575482853247E-5
51.0	25.177697258807086	26.584753691695624	21.22269234770412	27.012231320989887	0.0026253808032812007
52.0	22.82428965995334	25.943090931090314	21.528740489517737	29.70387891943861	0.0
53.0	22.79229782828505	24.624831908520985	23.677376761641995	28.90384342361438	0.0016500779375920919
54.0	23.12834353454944	28.13648800775126	22.303833040178038	26.431286408556048	4.900896521000586E-5
55.0	24.2337664368604	28.060576719140602	22.56400850069248	25.140068228384926	0.001580114921595349
56.0	26.555094958001398	25.190512946345606	25.13821319891869	23.116178896734304	0.0
57.0	23.120354293898274	27.4177296455351	22.91311392617813	26.543492872315667	0.005309262072830372
58.0	25.429280017195953	25.1810134538787	21.863106539998505	27.526420864422292	1.7912450455790442E-4
59.0	27.81177669751943	22.573379456438822	24.475444656751122	25.136468325915263	0.0029308633753613715
60.0	24.627669308522446	22.852664668507938	23.40267297340256	29.1169280406072	6.50089598598927E-5
61.0	25.26539571404915	23.710942648199484	22.95737726550232	28.059979065732332	0.006305306516713043
62.0	25.510583131728204	21.7627914716156	24.95151077097874	27.77496837800279	1.462476746619729E-4
63.0	26.66824172254784	23.30986294251528	22.683745732034573	27.33543604376727	0.0027135591350343395
64.0	25.01220023072181	21.769282405864416	23.82561933301513	29.39286559375997	3.243663867546932E-5
65.0	24.37766304042875	26.032271257861616	23.453145894640496	26.13189252514533	0.005027281923807813
66.0	24.362301200040346	23.785454152724682	23.102828029460518	28.748881479110295	5.351386641576771E-4
67.0	27.187205181699692	25.031271617306107	20.990349499443322	26.7904277879413	7.459136095829791E-4
68.0	23.56066326665459	22.68107918089036	26.659313828421922	27.098732932580948	2.1079145217960796E-4
69.0	22.698176409136554	24.387189707507822	25.445520650603076	27.46601632733934	0.003096905413212307
70.0	25.754789872535603	22.87591181310835	24.696040708816295	26.67286901431894	3.8859122081760886E-4
71.0	24.66705393590619	22.666810466473226	26.191660170919416	26.47355515099303	9.202757081440847E-4
72.0	27.402901379788297	25.754407013575424	21.895920268638264	24.945463726618172	0.0013076113798351152
73.0	25.546756233158263	22.42043564878081	23.138510718181603	28.890294283905504	0.004003115973820913
74.0	25.407030436215518	25.252817394004555	23.044577010813796	26.294816601877287	7.585570888451114E-4
75.0	25.94584449112791	24.505171681158284	22.19521165797686	27.351561187481447	0.0022109822554956223
76.0	27.1110081155782	23.727814651935795	25.334050070353086	23.826320268159915	8.068939730022959E-4
77.0	24.25362181676529	24.211326878231727	24.50442224968731	27.02998357742886	6.454778868151298E-4
78.0	27.392381189966482	25.96470347332139	20.3721898701476	26.270322062935165	4.03403629374045E-4
79.0	27.454166680785235	20.673993156284837	22.88504207576235	28.983990508447665	0.002807578719908686
80.0	23.889977906451985	23.217845481342625	28.439493318286978	24.450263055692748	0.002420238225662044
81.0	25.034991730254134	25.012629291922273	21.640870534551016	28.311105080387804	4.0336288477390626E-4
82.0	22.970950540895927	22.08646267777769	24.05445261009511	30.88695638144255	0.0011777897887238727
83.0	25.46335255579591	22.30984475753367	23.81482095747482	28.41114279002772	8.389391678755995E-4
84.0	23.617100702790708	25.183844525221026	24.97693070629466	26.22097866719495	0.0011453984986568187
85.0	25.18871379093961	27.12392342722376	21.26927103581666	26.417527145200815	5.646008191551313E-4
86.0	25.903823282374837	25.324844068556118	22.37421643108586	26.395535409386678	0.0015808085965016707
87.0	22.37757748379964	21.7234981742235	25.778386638780788	30.119682802988727	8.549002073374955E-4
88.0	25.074485649012267	27.171116342777214	25.16472973870989	22.588894057471048	7.742120295774803E-4
89.0	26.374270637587383	26.264143505910464	22.473741178982877	24.886747922253598	0.0010967552656752538
90.0	23.37166067177031	25.24491659562142	25.52456552726541	25.858792692064895	6.451327796158686E-5
91.0	27.074358913983303	25.0858883179308	24.03563328986368	23.803393729596383	7.257486258352964E-4
92.0	25.762723672607617	23.99464650067959	22.929558812050825	27.313006506898134	6.450776383191598E-5
93.0	26.262384692022355	26.318472401718303	21.20550840009405	26.21336035692296	2.741492423321263E-4
94.0	27.967081557854485	23.62272187196427	22.93030124764076	25.47575092595818	0.004144396582308039
95.0	23.985505119681775	26.12516411717297	23.729061454564334	26.157592477265478	0.002676831315443285
96.0	26.33487689904861	24.07528760857177	23.690100292534673	25.8987677166332	9.674832117475683E-4
97.0	25.7016991960817	25.161104530662833	23.04114853026682	26.095854253085438	1.934899032131256E-4
98.0	28.505665174269897	22.540125093032945	24.249593363800415	24.704616368896748	0.0
99.0	21.647141136774362	21.967567253856608	26.827030190279206	29.558229176574525	3.2242515303103824E-5
100.0	22.286326405266898	24.719011102208995	24.57563510857983	28.41902738394427	0.0
101.0	23.73285884788761	22.028786367420157	28.478170037133925	25.760055787933634	1.2895962467590835E-4
102.0	25.306385283252315	24.221176856776317	24.202345445789316	26.270044045831913	4.8368350137841736E-5
103.0	25.674225611464585	25.768552549825934	25.183486933679667	23.37350920392965	2.2570110016389123E-4
104.0	25.745949001118483	27.489497887970376	22.320224380376196	24.443893459946562	4.35270588379436E-4
105.0	27.419344697380687	23.785710681270505	20.33393409699482	28.457947322931236	0.003063201422744206
106.0	26.825475336172495	23.010613971052923	24.560728371591523	25.60303722467131	1.4509651175088282E-4
107.0	25.94638201704486	23.99075128405575	22.696772606337742	27.36544922323071	6.448693309335596E-4
108.0	23.876299708437138	24.377321613213475	24.68974493811342	27.05656925657757	6.448365839008163E-5
109.0	26.150443783190646	24.40453708445752	25.505955072463067	23.93843536905039	6.286908383785773E-4
110.0	24.68142581061461	23.956095573949366	22.76542690867661	28.596938870089044	1.1283667037039605E-4
111.0	24.681287532920646	23.97981866523609	24.770349383595274	26.567851267192964	6.931510550242651E-4
112.0	25.49482531874415	23.919040702570957	23.968251230625874	26.61778603558987	9.671246915476688E-5
113.0	28.46908804124678	21.470106542050353	23.014217587811643	27.045846397700146	7.414311910753605E-4
114.0	26.505758235353284	21.971849056993054	27.507582224583427	24.01448810957604	3.223734941934086E-4
115.0	27.685153870532293	23.212506178001895	25.887560849087173	23.21413430113701	6.448012416292708E-4
116.0	26.478838365707436	24.442944566320737	24.921338341930408	24.15679812595118	8.060009023986103E-5
117.0	26.232373620014137	26.33765434039154	23.82173367411337	23.607561319047655	6.770464332952092E-4
118.0	26.952546128566286	24.29356955784635	24.885947026159684	23.867663247562618	2.7403986506277045E-4
119.0	26.945121149124073	21.25303711078555	24.936388327177433	26.86500203763696	4.5137527598374015E-4
120.0	25.537106683023474	23.857460428511786	24.762345385462325	25.84300690113213	8.060187028579811E-5
121.0	27.717164037868113	23.625591507886075	24.010956255902183	24.645643371323317	6.448270203155977E-4
122.0	27.07342646182139	23.605692300698383	24.501506161511198	24.818955936513916	4.1913945511226007E-4
123.0	24.60613734014203	28.126764702515995	22.589723662195293	24.676681109116995	6.931860296899636E-4
124.0	25.788336758956998	24.494917986539313	22.572135574094222	27.14449683633579	1.1284407367105952E-4
125.0	26.533987994792458	23.81371358636392	24.297665052259216	25.353795104160554	8.382624238551431E-4
126.0	23.309329183669224	24.386299853640836	24.954922699179605	27.34938378100581	6.448250452626881E-5
127.0	26.217185234812558	22.570123130279576	27.7695285403643	23.44221198281486	9.511117287068248E-4
128.0	26.02594021009842	23.53391514169811	24.69201320353341	25.739587450839796	0.00854399383026921
129.0	24.53115645012721	26.297458651459994	22.059062019505284	27.109018155345222	0.0033047235622921047
130.0	26.667583415846135	23.832200723576264	24.081705888592726	25.41847772992698	3.2242057894484E-5
131.0	26.126946127091216	24.57700879812672	24.577653644794275	24.717762704486923	6.287255008644976E-4
132.0	27.139676202777423	25.28220940193951	21.587185463592075	25.985189789873253	0.005739141817740977
133.0	26.73692081077504	25.525443079747017	24.966907157710548	22.768536465321716	0.0021924864456780045
134.0	26.76300742973095	22.987639469673876	20.912837892192083	29.33646684510574	4.8363297351577474E-5
135.0	27.199222578121436	23.52828044578593	25.903540941924376	23.368440160327143	5.158738411176277E-4
136.0	27.73275064058478	26.387949815941703	24.218409183021045	21.655022162121554	0.005868198330916731
137.0	28.805689248407752	21.280932112261798	24.11844669021925	25.794738489902556	1.9345920864220976E-4
138.0	25.021673982676933	23.971634406903434	26.8871518178257	24.11836299769961	0.0011767948943222065
139.0	26.256630207744763	23.542531101100924	25.25146145472114	24.948023104711297	0.001354131721873596
140.0	27.17675539641759	21.07720231501998	25.588093003820806	26.157642988401204	3.0629634041968724E-4
141.0	25.76453054180561	25.220959672290512	24.918657016582955	24.09541749992544	4.352693954833545E-4
142.0	29.326791782188465	22.624340360992253	23.603686852875068	24.445003670796165	1.7733314804706227E-4
143.0	27.352455595255005	25.385922321097365	24.09728716618757	23.16418982630493	1.4509115513033457E-4
144.0	27.9192017028156	25.16803825563611	23.24893682844952	23.663226718199525	5.964948992431447E-4
145.0	28.040544244183756	22.072001630230456	22.749679016135282	27.136743318021978	0.0010317914285216815
146.0	27.56496053534826	21.843448551823492	25.008681610752365	25.578524161640146	0.0043851404357346385
147.0	26.441620122314447	24.02642972239441	26.723973518688542	22.804365402116602	0.0036112344859996147
148.0	24.353831691294694	24.591999976784518	23.3448126373482	27.7087591856331	5.965089394925515E-4
149.0	28.467171407350104	24.706412106940622	23.931695723300514	22.892221833320786	0.0024989290879698814
150.0	25.99713085561961	23.89997591311697	24.93711453329004	25.16576257556171	1.6122411667724834E-5
151.0	26.786827350988485	24.19654883199894	25.477798096385442	23.53837427563232	4.5144499481321944E-4
152.0	27.74125476566458	23.488168188658886	23.10041730501769	25.670063000449193	9.6740209648933E-5
153.0	25.12323634532587	23.268076477880822	24.533211052308516	27.074847305923615	6.288185611760648E-4
154.0	23.073329963471668	24.7397668668429	24.390704018922822	27.793329125037186	0.0028700257254272183
155.0	27.493101459820114	23.572447249872287	23.948254820915317	24.985922333854514	2.741355377700719E-4
156.0	26.80083649054546	23.045659624849986	26.1187206364759	24.034589735510178	1.9351261847406915E-4
157.0	25.00399121320303	22.291111189233174	26.643855740944943	26.060719334339815	3.225222790327299E-4
158.0	25.011417586954277	20.980009546908864	26.31052288677882	27.69792096707607	1.2901228196924346E-4
159.0	27.090087846842792	21.106013554397567	24.31184597064375	27.491617199867374	4.354282485205116E-4
160.0	26.493966849118006	20.836964620351765	25.991720343055828	26.67729980615217	4.8381322229282316E-5
161.0	24.72571530127209	20.26182960110465	29.06671113495081	25.941921797533624	0.0038221651388220053
162.0	25.931215201546575	23.50342156400577	24.734800767741195	25.830562466706457	0.0
163.0	25.292071468039147	23.826803127428285	27.453234212302952	23.427826679908893	6.451232072429273E-5
164.0	25.021817714387367	23.20683870632687	25.543700990784707	26.226062003758887	0.0015805847421638882
165.0	27.01107109867602	21.872585188072872	26.380572827461602	24.73522250019637	5.483855931362768E-4
166.0	24.74127516399643	23.022098993036906	25.473779119750056	26.762766075844013	8.064737258924841E-5
167.0	26.849159336656975	22.841838252230616	26.967553537083194	23.341110144027997	3.3873000121942796E-4
168.0	25.716642613376166	24.146062484141684	23.75902683940731	26.378171279967884	9.678310696033458E-5
169.0	26.53488035219585	22.269448151865426	25.480289801489786	25.71520425443092	1.774400180150011E-4
170.0	31.315082710786402	22.964380007455883	23.43397808499288	22.28643014641891	1.290503459275179E-4
171.0	26.443661863910677	23.443153245711628	25.961337596499135	24.151121387790486	7.259060880775732E-4
172.0	27.150869319559757	24.616923416287843	24.417346917714564	23.814715223347662	1.4512309018013323E-4
173.0	29.295628273281128	19.392141094256953	23.201658301211836	28.109250281983435	0.0013220492666495983
174.0	24.49415007102915	25.320525997830188	24.37435740424285	25.81054733317823	4.1919371957520194E-4
175.0	25.206920314355706	24.094644015152173	22.9222756123445	27.77478956477323	0.00137049337439009
176.0	24.703584717400123	23.884850974850412	27.85784449992679	23.552316982952615	0.0014028248700532688
177.0	22.691294237548338	26.471010356093515	23.844945639378313	26.966577328830965	0.02617243814886844
178.0	25.537721578506652	22.96105687854214	23.55593725021499	27.94499404426257	2.9024847365583916E-4
179.0	28.0005786206445	23.991211674848742	22.997219460102432	25.00973237343802	0.0012578709663061522
180.0	26.879924061113343	22.28460264686477	25.084412476228668	25.75085059315127	2.1022264194879624E-4
181.0	27.869061909603694	22.603740935617687	25.95482370635652	23.571596171717914	7.772767041913189E-4
182.0	26.139066398988582	22.771222845893956	25.247903711029444	25.8417098793392	9.716474882345636E-5
183.0	23.601496056284468	24.760204410496232	25.974106319500073	25.663707354962256	4.85858756972478E-4
184.0	26.27730960413728	21.83537384335556	26.338889329798143	25.544556219438913	0.003871003270106947
185.0	25.12997031910485	23.994073214170324	24.199282262284406	26.676091178181082	5.83026259340769E-4
186.0	27.06400792071639	22.685408561351135	25.275351953106718	24.975231564825762	0.0
187.0	24.117327477680245	23.03136822557419	27.27651116969505	25.574208946466015	5.841805844986384E-4
188.0	27.728979555272236	27.812006137086037	22.240721260160452	22.217887327280852	4.0572020041928743E-4
189.0	25.239241400017853	23.254400415493357	24.639746159526727	26.86565444261404	9.575823480243778E-4
190.0	29.119680559669845	21.64500407822068	25.025211925447692	24.20992488769676	1.785489650246925E-4
191.0	26.566566354944126	23.888999563355352	24.21327123276087	25.330756289675104	4.0655926455055276E-4
192.0	27.13056286144642	22.8908817873696	24.033344029905727	25.945146263564737	6.505771351087693E-5
193.0	27.654784697945967	24.305227730052167	21.908445995956022	26.13123250279386	3.0907325198742234E-4
194.0	27.972255612640563	23.228489859968477	24.272906355697348	24.526348171693613	0.0
195.0	26.35274129459844	21.483268014246054	24.61557410751055	27.547895918358385	5.206652865782414E-4
196.0	28.751730157018223	22.358221759994933	25.8603222599477	23.029627924257017	9.789878212283394E-5
197.0	24.790097401855604	24.046854202719366	23.88458849494843	27.277856075555796	6.038249208010178E-4
198.0	27.572095007203735	22.8342303451856	24.129267184903835	25.464309330313473	9.813239335584818E-5
199.0	26.05082936749624	22.97743947331673	25.215020595691783	25.756235253084764	4.7531041047807053E-4
200.0	27.371040275249587	23.114900145804253	24.26192640286396	25.252067609244595	6.556683760487621E-5
201.0	25.13607786256939	21.116002402550478	28.49761580962148	25.250041638088295	2.6228717035420567E-4
202.0	25.32630158312747	25.622043645029517	27.990144226512943	21.061510545330066	0.0
203.0	26.081697751938304	24.8536648366742	21.66436106749105	27.39962033464672	6.560092497304212E-4
204.0	25.83683557639269	23.33040885171533	23.88607676116367	26.946547594503155	1.3121622514867208E-4
205.0	27.47257596099984	23.85015054003315	25.786035494805525	22.89033583016821	9.021739932763433E-4
206.0	25.54232944632385	20.77582808460459	26.09546586285229	27.586294579879954	8.202633931376437E-5
207.0	25.952551365822714	23.77946587879868	26.897464599596155	23.370140761502896	3.7739427955596114E-4
208.0	28.41110074821292	22.47345001960344	21.332692412788496	27.782740407977986	1.641141716033577E-5
209.0	27.45311296370191	20.60746368048975	25.233604207575887	26.70509691905239	7.22229180061419E-4
210.0	25.065118681320847	24.357046394577345	24.661174359147793	25.91634863883651	3.119261175081503E-4
211.0	25.341508887696644	25.302063118813713	25.19924465129661	24.15642792780143	7.55414391596639E-4
212.0	28.16737206510465	22.194560504817854	24.387234908769727	25.25055322065688	2.7930065088552274E-4
213.0	29.60388322892451	23.109877578074823	22.40431867346575	24.881624611888352	2.9590764656593424E-4
214.0	28.06531045780399	25.027454814106026	23.83711278840717	23.070089035036702	3.2904646119579764E-5
215.0	26.007220650049817	24.78144842789814	22.488031964677493	26.723018588613762	2.803687607849204E-4
216.0	25.7923608662129	24.797574598543946	25.99090774726527	23.4191401061697	1.668180818789855E-5
217.0	29.09368800992732	22.911791452260907	24.978576936998795	23.015355170595168	5.884302178082858E-4
218.0	24.4307971741191	24.32963044789269	25.56938948035733	25.66997927456568	2.0362306519908737E-4
219.0	26.70679666912979	22.83195975798557	24.104832916431643	26.355896315777745	5.143406752607278E-4
220.0	27.980313833147296	21.630056934941983	24.43250292153	25.956798919817913	3.273905628119472E-4
221.0	25.423057948800796	22.734758747518377	23.983079243771716	27.858913182562212	1.9087734690205197E-4
222.0	26.406423069287694	24.3591065617527	23.993773626862353	25.240591519477757	1.0522261949606784E-4
223.0	30.233237926396157	22.55910547610499	24.19400897441654	23.01297320187326	6.744212090561989E-4
224.0	30.140697167368224	22.783632496507046	24.357625323710273	22.71793822139558	1.0679101887531258E-4
225.0	31.022112234564997	19.70772491187607	23.6704500789243	25.59879952690186	9.132477327729693E-4
226.0	25.12651910315747	22.500848109517246	26.065480031797993	26.307007856944526	1.448985827650743E-4
227.0	27.618278284714147	23.55577170186829	25.34473047195914	23.479845730148654	0.0013738113097642266
228.0	27.447736418548164	28.43073199617421	22.34917507276601	21.772282769407525	7.374310409797803E-5
229.0	27.735816439399553	25.57663494638301	21.1974235323543	25.490087945196677	3.713666646055817E-5
230.0	25.362279636504482	22.7615078740327	27.500398274064597	24.37581421539822	0.0
231.0	25.259698233346384	24.822587278030188	23.7148626829705	26.20135329126871	0.0014985143842206057
232.0	24.691016553014844	25.694410953274243	24.420390953628797	25.19400998056993	1.7155951218387062E-4
233.0	22.47221065938979	25.40462204955059	21.979306384225215	30.14312859411375	7.323127206573856E-4
234.0	26.928755644048664	21.280905085914963	26.86349633136837	24.925549510849116	0.0012934278188887495
235.0	25.50828450179911	22.22574417827289	27.621729731319576	24.644042857545998	1.987310624202343E-4
236.0	28.98258744872016	23.937542911420763	23.226363166637917	23.85324480287467	2.6167034648978286E-4
237.0	27.937764363486593	24.050753719555846	22.183538108837276	25.82788276007181	6.104804847703433E-5
238.0	27.290354053328013	22.383576724738905	24.24570226427346	26.080305155305194	6.180235442249408E-5
239.0	27.638649983455167	22.836217025563073	24.482485366236542	25.041435242813968	0.0012123819312449846
240.0	25.774227906155605	21.79683257811259	26.14880963543974	26.27997898703633	1.5089325573971E-4
241.0	28.728827626818376	21.553333970840317	23.31507660121283	26.400171479304728	0.002590321823741983
242.0	26.825111137550973	24.370977685959353	20.693390154997672	28.109504288665594	0.0010167328264090944
243.0	27.80642206450516	22.5613876364242	25.265843943381466	24.36346216901247	0.00288418667670566
244.0	27.00633573414474	22.632716711425164	26.03723115834641	24.32276015726651	9.562388171673555E-4
245.0	28.629255470891955	21.50613127527477	23.055162967140895	26.807403261738273	0.002047024954105265
246.0	24.305052497447132	27.152395332396555	22.846033671679308	25.693943810712444	0.0025746877645600776
247.0	25.96218017588275	22.988103078932802	24.33545072416517	26.571730534847237	0.14253548617204476
248.0	25.566239456676527	23.08800525796911	23.82580786504546	27.509869646182494	0.01007777412641034
249.0	25.263363216165978	21.325707922304197	28.907401922009964	24.487210020083886	0.01631691943597995
250.0	27.31340638568095	21.629844398235072	24.84294127319512	26.212838104424268	9.698384645870098E-4
