# Position (bp)	A	C	G	T	N
0.0	23.868196677055558	23.894356370592003	25.284281167962536	26.953079258391437	8.652599846675931E-5
1.0	22.838890210482383	30.460070825265937	23.404755953139457	23.219624196340916	0.07665881477130504
2.0	24.865536987879235	26.39735592920588	22.521025725830395	26.21530618865762	7.751684268731945E-4
3.0	25.848273416649526	21.907924161093273	24.44453242150844	27.791495505854254	0.007774494894509284
4.0	26.153411729630243	23.212547229850987	23.583333811126465	27.050592559040897	1.146703514072919E-4
5.0	28.901201189160087	23.66517353374156	22.640554024871545	24.79229795448427	7.732977425434048E-4
6.0	25.138279436400325	23.616197757964596	24.332834779197512	26.907427046071035	0.005260980366535933
7.0	25.557440357620266	26.18283062009354	23.069806041691162	25.18935221280963	5.707677854095772E-4
8.0	27.342468125142737	24.05565734222323	24.04381123455236	24.55803482186131	2.8476220362661752E-5
9.0	25.995693499492102	25.301514721740155	22.30793979766951	26.394653027141302	1.9895395693840558E-4
10.0	24.044457292862333	25.05013628094719	23.377876198173343	27.527530228017138	0.0
11.0	27.2550983758349	22.77450279371335	23.080537148644005	26.889751844443932	1.0983736381539853E-4
12.0	28.90719850690032	24.521029125977584	19.700002565927456	26.871769801194638	0.0
13.0	25.688610671509526	22.151148486353335	25.666672797542745	26.493541388611447	2.6655982948700826E-5
14.0	26.783925674009613	21.835002088253667	23.447471840255723	27.933573997308237	2.6400172762730562E-5
15.0	25.34282780725281	23.714843053587302	23.676141620697326	27.26616149194414	2.602651841961775E-5
16.0	26.642843302113633	25.040684116910533	21.236342125942585	27.080079328276213	5.1126757034913955E-5
17.0	29.035428038394823	26.2879312215434	18.69137363617204	25.98429438855488	9.727153348572541E-4
18.0	26.224927279406785	25.20233951901317	19.661828845662253	28.910780744506585	1.2361141121214832E-4
19.0	25.166673388028826	24.549849064435566	20.95678098556153	29.326278526034788	4.18035939287411E-4
20.0	23.102865546310635	25.236716129496035	23.993513257979583	27.6668806982873	2.4367926447850807E-5
21.0	24.163565364320778	24.310309129580947	23.342780018523353	28.183104172387846	2.4131518707477248E-4
22.0	22.313495277811963	26.568139470317337	26.754732444327413	24.363489696480517	1.4311106277137435E-4
23.0	25.268535732136304	23.887006834463	23.44134699482653	27.40287322143485	2.3721713931786314E-4
24.0	28.21152592562707	21.492483117478983	23.981213833850518	26.314706752328153	7.037071527375264E-5
25.0	24.785700805431166	25.316542084863574	19.638852437591677	30.258858245554247	4.6426559334651694E-5
26.0	26.551220692615868	24.80760478131617	19.640148679675484	29.000910504994625	1.1534139785008249E-4
27.0	25.74603240290509	24.52990038187332	20.243860943854735	29.48020627136686	0.0
28.0	27.601223325933255	23.382409110167377	22.573693048979308	26.44017959774677	0.00249491717328606
29.0	28.058253428835954	23.359124363933887	22.19617301716033	26.38624733551994	2.0185454989126767E-4
30.0	23.809847287882143	24.734993271544088	24.87187870694267	26.583169372229047	1.1136140204896071E-4
31.0	25.94048345922425	24.103200213845145	22.438724928395317	27.51730349600048	2.879025348046482E-4
32.0	23.730392294540387	23.222755470672702	24.108481341960488	28.93812952671177	2.413661146550483E-4
33.0	24.272864971855608	24.665950267845833	24.909000189200537	26.152141126657703	4.344444031722262E-5
34.0	26.510660314544086	26.2528034352233	22.522828164614488	24.713665059274167	4.302634395474489E-5
35.0	25.128865677783356	21.964111437987135	25.74036994082402	27.166504008787996	1.4893461749015808E-4
36.0	24.242606550389613	24.655085730320717	25.504215034242172	25.597901358313518	1.9132673397824617E-4
37.0	25.55861680594588	25.385489106470242	21.33516795851905	27.720662377610488	6.375145433005191E-5
38.0	26.866727540102747	25.279740915404474	20.964284515471952	26.889140805016492	1.062240043305402E-4
39.0	23.67995126601314	27.10154698122858	21.46922859944163	27.74908198966527	1.9116365137867225E-4
40.0	26.448133550265158	25.732436921536078	22.753970895145347	25.06535244660999	1.0618644343161454E-4
41.0	24.45740852262737	24.01740233905512	21.3803168741023	30.139690974277865	0.005181289937340368
42.0	24.6229640675398	25.782507876833687	20.57833019831212	29.016027995006898	1.6986230749026956E-4
43.0	26.640347757779697	25.30999379003965	22.446044998328087	25.59962209472047	0.003991359132091695
44.0	29.258146757324173	24.562205329489657	22.741292824739904	23.43818526482932	1.6982361694584962E-4
45.0	25.66006458808909	23.98081672201121	21.225412006422726	29.129504106533204	0.00420257694377143
46.0	25.12582661426818	23.9696967703282	22.122923927186847	28.78155268821677	0.0
47.0	25.377972718693652	24.134103203290273	23.50844415829091	26.977548807793035	0.0019311119321284186
48.0	22.99090843130874	23.501473821059836	23.055508764217908	30.452108983413517	0.0
49.0	22.449218566041	25.550198492753328	24.416029949771172	27.58264379534606	0.001909196088439054
50.0	28.052417026667115	23.877564353570992	19.714144867601995	28.355873752159898	0.0
51.0	24.870767303099083	26.36410641639757	21.782607423154953	26.979931446333065	0.0025874110153297743
52.0	22.622881740464777	25.52837366194451	21.51681439404276	30.33193020354795	0.0
53.0	22.972540741940232	24.639418179484316	24.18320303189157	28.202937941945887	0.0019001047379956133
54.0	23.341227574984387	28.840990494398522	21.646280832615194	26.17145887527957	4.222272232691112E-5
55.0	24.322351041198882	28.663213221760497	21.960241108644365	25.05255013082189	0.001644497574366078
56.0	27.098450762391696	25.49246251601382	24.49102034991027	22.918066371684215	0.0
57.0	23.258787585723674	28.025987231931047	22.495974934348954	26.214022616252624	0.005227631743697647
58.0	25.842900297020606	25.27647028571477	21.237436905252704	27.642981739513857	2.1077249806721618E-4
59.0	27.97815214213922	22.419871973879687	24.422037285768692	25.176777251284722	0.0031613469276871396
60.0	24.097641855332405	22.83013541525114	23.741864966757277	29.330294655542428	6.310711675784243E-5
61.0	25.569719776430276	23.79007178958213	22.228036828049323	28.405903610428513	0.006267995509759459
62.0	25.630816964019054	21.789738334944396	24.786334493466157	27.792857821894795	2.523856755985957E-4
63.0	26.691496004403074	23.159004294343955	22.564454592659846	27.582269001036625	0.0027761075565016754
64.0	25.18985569812645	21.44567152094221	23.498411162014463	29.86599865723725	6.296167963292501E-5
65.0	23.914802602862075	26.451497686568672	23.40030336505208	26.2282129498432	0.005183395673984139
66.0	25.058918798344	23.804684419563536	22.70808445024265	28.42774575449952	5.665773502940011E-4
67.0	27.177582856066106	25.304710309601536	20.585335883234983	26.931405715120256	9.652359771146746E-4
68.0	23.686583189062148	22.88526700782579	26.19991275536314	27.228090171255893	1.4687649302577957E-4
69.0	22.96060280087643	24.209681984477623	25.20790885559438	27.618512296400176	0.0032940626513931264
70.0	25.094661971485927	22.85303214601825	24.37080648460941	27.681164366853118	3.3503103329643105E-4
71.0	24.743216125922928	22.829124812095362	25.906335929454304	26.52027950775977	0.0010436247676369455
72.0	27.531643786414435	25.27161929742436	21.5229505497292	25.672137627539865	0.001648738892143467
73.0	25.975967234003217	22.04519952980369	23.26301047925091	28.711377886791873	0.004444870150317996
74.0	25.53183364924519	25.656278716888725	22.793144921330853	26.017970669023693	7.720435115376686E-4
75.0	25.427769912815414	24.210586714600627	21.55505085332813	28.804193039212723	0.002399480043107181
76.0	27.29779296703847	23.654477702248762	25.45469719541151	23.59207237432347	9.597609777877927E-4
77.0	24.588174054188254	24.349998591727072	24.1525691592402	26.90854884255613	7.093522883391872E-4
78.0	26.76305424649098	26.295045550162133	20.692021988251486	26.249460964886932	4.172502084686354E-4
79.0	28.194510478707436	20.105386859020562	22.473044634201244	29.223886992642157	0.0031710354286019465
80.0	24.447663126765136	22.888878411829914	27.820284040486136	24.84044157743898	0.0027328434798318236
81.0	25.398497256987078	24.837232045667232	21.601753492235744	28.162016541104308	5.006640056374768E-4
82.0	23.03930536552315	22.204305460437947	23.910936124843627	30.844201425474253	0.0012516237210230855
83.0	25.047284038614897	22.143949155395575	24.558996942156295	28.24891461046025	8.552533729837141E-4
84.0	23.410054007060214	25.686310173902232	24.7848227895944	26.117582372656223	0.0012306567869261697
85.0	25.209528231402768	26.90052148970599	21.131658942979037	26.75762388248481	6.674534273942075E-4
86.0	25.826985251620975	24.733730970094232	22.073658257505016	27.363894367975927	0.001731152803852253
87.0	21.896016390033747	22.008162897547066	26.09434614331352	30.000640300870497	8.342682351743756E-4
88.0	25.334006560418587	26.483894272480946	25.56337928295893	22.617906505692815	8.133784487246226E-4
89.0	26.483189101878956	26.14575110715325	22.216246033591556	25.153812705228724	0.0010010521475175471
90.0	23.57040966991166	25.2525505309609	24.637649423992926	26.53918182804041	2.0854709410479075E-4
91.0	26.71872556154996	24.685947017961674	24.30834103198817	24.28629820174716	6.881867530306284E-4
92.0	25.194583119585936	24.010443385091484	22.468334104909307	28.326618537008535	2.085340473539115E-5
93.0	26.323818993077413	25.747691098857402	21.155037584483498	26.773202087056035	2.5023652564934814E-4
94.0	27.81879473131289	23.418199015843346	22.646863422928373	26.112243404236153	0.0038994256792403334
95.0	24.21009105844785	26.04270774448252	24.037707860210926	25.706886841179543	0.0026064956791599825
96.0	26.197288178427158	24.21495649229318	23.938840869032326	25.648038697056208	8.757631911309377E-4
97.0	25.813153536323636	24.418616046491117	23.197705052641542	26.57031685428073	2.08510262979399E-4
98.0	28.925406849835188	22.76659764469021	24.169604322884403	24.13837033212908	2.0850461118372864E-5
99.0	22.341109615204637	21.243629804209952	26.696865495774187	29.718374240782303	2.0844028925675822E-5
100.0	22.8987456859375	24.50679307215443	24.363411330721792	28.23104991118628	0.0
101.0	23.3918724686399	22.65524563676473	28.492422385518744	25.460292766542107	1.667425345198732E-4
102.0	24.98382871424155	24.150530645394294	24.645789951935374	26.219808996425538	4.1692003244471694E-5
103.0	25.586918855278935	25.482442462941314	25.081734224731804	23.848696004549268	2.0845249867841115E-4
104.0	25.656491541110455	26.809010030600415	22.772318711280466	24.761867042432026	3.126745766386232E-4
105.0	27.01060241566639	23.430150385030707	21.073833338197463	28.482245227245244	0.0031686338601882
106.0	26.865154841706158	22.430638303549614	24.38555705741138	26.318566412370327	8.338496252262859E-5
107.0	25.818444935860235	24.28107509989527	22.510998485727818	27.388731013228202	7.504652884788569E-4
108.0	23.475053030757838	24.567957748827656	24.495061302221956	27.461823691074155	1.0422711839533596E-4
109.0	26.137211176439447	24.50835948342674	25.33215517209034	24.02148205680438	7.921112390996113E-4
110.0	24.634091941851594	24.35646123509082	22.67844114912723	28.330901450374995	1.042235553572992E-4
111.0	24.74330322477897	23.98121236213564	24.232108875245274	27.042625099615464	7.504382246549392E-4
112.0	25.77704978721701	24.250173428140716	22.825978201416774	27.146631825397883	1.6675782761242812E-4
113.0	29.264259604074688	21.31857265450219	22.838274183687783	26.578038949699227	8.546080361086486E-4
114.0	26.83000040647568	21.916022124783865	27.29300747185677	23.960699013097898	2.7098378578940184E-4
115.0	27.07533039326153	23.462419232280613	26.275277859716674	23.186305422108074	6.670926331084327E-4
116.0	27.47290752535385	23.84423369740149	24.74556505612787	23.937189487219257	1.0423389753057389E-4
117.0	26.232205312342412	25.970534517634114	23.809603226439258	23.98682306597202	8.338776121997962E-4
118.0	27.062357656206842	23.789385908681083	24.521313132892423	24.626630601896007	3.1270032364483496E-4
119.0	27.066108466316603	20.48269653964148	24.67115878690239	27.779515031132966	5.21176006557645E-4
120.0	24.89415544603559	23.401981240773974	25.190430555778505	26.51334937010269	8.338730924371254E-5
121.0	27.90020194515272	22.896102377249054	24.317640316649666	24.88536740905015	6.879518984032637E-4
122.0	27.24917029402445	23.83901619385934	24.129017194509764	24.782337686162673	4.58631443771785E-4
123.0	25.057406376271878	27.586247152091303	22.862382505851127	24.493276027368275	6.87938417420602E-4
124.0	25.33692699895913	24.25240657674998	22.71067982861642	27.69988236297204	1.0423270242668325E-4
125.0	26.959222881615275	23.56239436114708	24.15219999816552	25.325244673550408	9.38085521713136E-4
126.0	24.37999808628838	24.3832918383118	24.426027228489037	26.810599460783607	8.338612717510108E-5
127.0	26.95002165937947	21.971324565905594	27.26884605747178	23.808827937806104	9.797794370562589E-4
128.0	26.03976223046734	22.887589812950576	24.219049997560933	26.845134184185916	0.008463774835237822
129.0	24.345104268618726	26.259160701982598	22.316142326899083	27.07642404552026	0.0031686569793318094
130.0	26.886438746284323	23.809561532228358	23.545141256588355	25.758837618141182	2.084675777672664E-5
131.0	25.580881445482532	24.433586388395046	24.39062067424275	25.594327775239073	5.8371664059399E-4
132.0	26.96651067612394	25.431718836775296	21.378431611266677	26.21779359549306	0.005545280341022233
133.0	27.37170104712184	25.031108872611117	24.96792174385635	22.62741295717639	0.0018553792343037523
134.0	26.36636026886402	23.05004687379806	20.827497126803994	29.756054037140057	4.169339386936167E-5
135.0	26.352465090933574	22.96676042737874	26.78086114068422	23.899475564018317	4.377769851466438E-4
136.0	28.460100510935106	25.80761163845499	24.337576150886065	21.38914559451111	0.0055661052127304956
137.0	29.329014391515773	20.6280199480743	24.00056370279354	26.042214334645163	1.8762297122238867E-4
138.0	24.964692703005753	23.85328674194582	27.63226712766097	23.54850268919135	0.0012507381961061601
139.0	26.37759509439815	23.29921152823106	24.742262453701464	25.579701021110964	0.0012299025583640878
140.0	26.670307770560424	20.452775438391686	26.028458979212353	26.84818681364497	2.709981905659276E-4
141.0	25.13307849249351	25.07454167527451	25.389698228948582	24.40222298149607	4.586217873283218E-4
142.0	28.60923537985851	22.53063617169598	23.84282576573752	25.017073370045594	2.2931266239505817E-4
143.0	27.377661592598614	24.61033492184601	23.528457725133105	24.483358140814772	1.876196074997811E-4
144.0	28.006667678437115	25.336865357257814	22.92066580054669	23.735134062363976	6.671013944086898E-4
145.0	27.761644451319352	22.101765456132107	22.879695232313647	27.255706576462725	0.0011882837721713948
146.0	27.311969179581475	21.120492326166087	25.01659432707502	26.547004056854334	0.003940110323089047
147.0	26.46767704142259	23.941212032771165	26.845525235047635	22.741979194896704	0.003606495861910817
148.0	24.771599065048818	24.056647434512975	23.76389147161416	27.407132379981103	7.29648842943712E-4
149.0	28.147939982771693	24.636420947823904	23.53225805106618	23.681233733798425	0.0021472845398014823
150.0	26.047453466028525	24.00780376833282	24.642558348449764	25.302163569335896	2.084785299428331E-5
151.0	27.009145942930267	23.73450267306543	25.178998334845875	24.076852689837892	5.003593205370607E-4
152.0	27.774277521362567	23.25078797466639	23.475119431482376	25.499669131949844	1.4594053882080877E-4
153.0	23.9177154332349	23.55613385627805	25.219038000778916	27.306403848864196	7.088608439447022E-4
154.0	23.168449234096116	24.12367381173928	24.423964094430797	28.281160772160717	0.002752087573094508
155.0	27.391566576628733	24.034414066605827	23.77207917554394	24.80175248633164	1.8769488986063862E-4
156.0	25.849492442212824	23.659800931068325	26.3006155261754	24.189819980387586	2.711201558648921E-4
157.0	24.96251744302328	22.50288170945069	26.86539460597381	25.668914264477422	2.9197707479430737E-4
158.0	25.348657945855667	21.129411902109236	25.39981738603416	28.122008486669138	1.0427933179472655E-4
159.0	27.181289169559964	21.225607697167227	24.179724316375232	27.412878264099582	5.005527979962871E-4
160.0	26.035207882093953	21.172949517849528	25.283059400396063	27.508741486631493	4.171302896031318E-5
161.0	24.1654646309507	20.54511242127674	28.55749039970434	26.72819921562477	0.0037333324434514845
162.0	24.938373005634915	23.078790573755192	25.382959184460923	26.59985637922559	2.085692338271766E-5
163.0	24.92000551477528	24.124889219552923	26.894353466643224	24.060730941330842	2.085769773149594E-5
164.0	25.692189153662632	22.83674594026801	24.790469146370615	26.678885388886176	0.0017103708125638
165.0	27.029135464400895	21.87968477237651	26.124423591134395	24.966109547043327	6.466250448726493E-4
166.0	25.22857498663417	22.780547361763524	25.95071570551244	26.04007850743261	8.343865725506425E-5
167.0	26.843538930547368	23.186500233012122	26.43269078728058	23.536831978024683	4.3807113524257246E-4
168.0	26.690266217789826	24.0599224715318	23.192827761383214	26.05687924342362	1.0430587154439863E-4
169.0	25.912969137314313	21.93468721536538	26.134459987491205	26.017654178869144	2.294809599647517E-4
170.0	31.531427970587146	23.022199004522584	22.784324214034736	22.66192363555796	1.2517529757297615E-4
171.0	25.82312062824905	23.339524832515533	26.718172317844015	24.118493736140323	6.884852510811827E-4
172.0	28.03940044863508	24.363162858539347	24.11685790225446	23.480411903161077	1.6688741003464792E-4
173.0	28.85371454127055	18.960710250929072	23.251906957495414	28.932187239780195	0.0014810105247700053
174.0	23.86214794626849	25.829528967934856	23.960878920530224	26.34698524250417	4.58922762256106E-4
175.0	26.15510652652555	24.00254597206941	22.620557118103147	27.220288334883364	0.0015020484185307712
176.0	25.251332683377882	23.56240125228738	28.095266806852866	23.089601429039654	0.0013978284422203442
177.0	22.11867067973522	25.908078473921144	25.128117387471505	26.81959448533439	0.025538973537742492
178.0	25.561186094948436	22.600893324517894	23.744890318534512	28.092675586002986	3.5467599617534094E-4
179.0	28.676569238540782	23.657672504035887	22.981508888549016	24.682893118951256	0.0013562499230588985
180.0	26.467507116952444	21.967370334997533	25.696274570256634	25.8685968097048	2.511680885920082E-4
181.0	28.01451167277436	21.91268880116177	26.650980638870102	23.421210739057265	6.081481364978007E-4
182.0	25.64227994467021	22.842640338956823	25.181345129529543	26.333671683488767	6.290335465687164E-5
183.0	23.9212441612582	24.956717250049852	25.91203049722376	25.20956776798559	4.403234825981014E-4
184.0	26.408563667862005	21.72457653240312	26.173465814566256	25.68978741802923	0.003606567139392562
185.0	25.242402729654128	24.27153382861499	24.02545150037467	26.460192613882004	4.1932747421031207E-4
186.0	26.761641321733183	23.10040904718091	24.88257821339397	25.25537141769194	0.0
187.0	24.36040088897816	22.854482982051934	27.648603187395977	25.1359246595633	5.882820106302559E-4
188.0	27.475289130411028	28.178669609307306	22.087390880111208	22.258335217306897	3.1516286356137396E-4
189.0	24.721319645924876	23.865359336495757	25.112581568056587	26.299772903772382	9.665457503925017E-4
190.0	29.431873366070928	21.596641710362437	24.737715049283956	24.233433658670968	3.3621561170963326E-4
191.0	26.13299099855457	23.626699586495178	24.80757352541806	25.432335900142437	3.9998938975513486E-4
192.0	26.546523444728876	23.525152789646622	23.99384314936679	25.934417456115806	6.316014190820684E-5
193.0	27.81936617887062	24.20847106354782	21.372718331736262	26.599254925072447	1.895007728473186E-4
194.0	28.415897854555695	23.187442053504817	23.709615912257608	24.687044179681884	0.0
195.0	26.76983774815678	21.17950643580235	24.683158960811515	27.366843998105452	6.528571239032264E-4
196.0	28.550256083768822	21.734317755598216	26.116052646951086	23.599331337411638	4.2176270238546876E-5
197.0	25.33804889839614	23.572285200007258	23.843082879402544	27.245865900837302	7.171213567598602E-4
198.0	27.866405422638156	23.157714986878975	24.002714446906083	24.97303833976616	1.26803810623581E-4
199.0	25.659355257532145	22.591283853386493	25.014905172592787	26.73396841162769	4.873048608871745E-4
200.0	27.525099061301468	23.070264657894178	24.716229101773568	24.688364799864388	4.237916640179688E-5
201.0	24.884109226696232	20.819927088677552	28.444528080056237	25.85113892419032	2.9668037965764355E-4
202.0	25.530398463249554	24.72932236494093	27.814924484924113	21.925354686885402	0.0
203.0	26.124492653895516	24.75861709312782	22.511518500193123	26.604566189137017	8.055636465237596E-4
204.0	26.131580799698774	23.189339271978827	23.448653246481207	27.230320674983822	1.0600685737158966E-4
205.0	27.309142428479166	24.373229286065953	25.17482917818519	23.1418873790953	9.117281743936689E-4
206.0	25.6212502170906	20.86094898969904	25.34706399141774	28.170673185498963	6.361629365959727E-5
207.0	25.763897902621153	24.029401310024035	26.652779156348593	23.553667125624706	2.5450538151629217E-4
208.0	28.239051559408207	22.309112924301925	21.43117153320594	28.020663983083928	0.0
209.0	27.133560737751022	20.23767771672216	25.146413606583568	27.481690210174047	6.577287692048845E-4
210.0	24.621949477820333	24.070452714160723	24.698282164401974	26.608976104282718	3.395393342524946E-4
211.0	25.174109519600375	25.090005408815607	25.58921701238084	24.14588263464512	7.854245580607062E-4
212.0	28.85118890861672	21.911025120420007	23.9142660538768	25.32324382183786	2.7609524861315233E-4
213.0	29.841064953429218	22.949728548741476	22.446629390774845	24.7622583401638	3.187668906606189E-4
214.0	27.545704483579055	25.730030747203624	24.400076479867355	22.324167021311215	2.1268038752918772E-5
215.0	26.030943443219318	24.69445077051545	22.46178129080849	26.812461990264392	3.625051923537846E-4
216.0	25.795092928851222	24.549587138614214	26.25381821851401	23.40148015130129	2.1562719265901536E-5
217.0	29.150857915777767	22.55990352418728	25.24932782888512	23.039214406265533	6.963248843012684E-4
218.0	24.6452551440284	23.77274530206025	26.007671406266997	25.57408642473133	2.4172291302479969E-4
219.0	26.760278822763116	22.826900528508897	24.307594795503583	26.10456053213268	6.65321091720944E-4
220.0	28.050105035578365	22.125942394811187	24.44153948167589	25.382078757181148	3.343307534143528E-4
221.0	25.217991006383205	22.611171595549543	24.377691482653244	27.79298871575967	1.571996543404172E-4
222.0	25.936128187850414	24.479130116236895	24.29305933030415	25.29147796708866	2.043985198821847E-4
223.0	30.328353124895713	22.39100639490525	24.329202403296765	22.95056348125891	8.745956433629122E-4
224.0	29.940218617313953	22.93960189307327	24.125301002298112	22.994786128761216	9.235855345262826E-5
225.0	31.537175264545038	19.420596520074938	23.275664551917473	25.765564459572442	9.992038901098798E-4
226.0	25.18294258363073	22.81277193134376	25.20974451336967	26.79442331612582	1.1765553002169099E-4
227.0	27.42161765556344	23.159730510527336	25.171619975958333	24.245603922633514	0.001427935317385993
228.0	27.902021925193722	27.676805056117516	23.239202144886086	21.18189906483177	7.180897090324436E-5
229.0	28.12398840048663	24.452178097559983	21.536186635822244	25.887646866131142	0.0
230.0	25.93496930898485	22.89178324144168	27.54887697288053	23.624370476692935	0.0
231.0	25.25109325669256	24.39495884574705	24.219348523638594	26.133012608340138	0.001586765581666114
232.0	24.45184510952871	25.341978658246838	25.234394351237693	24.971607271631544	1.74609355220034E-4
233.0	23.01954397805677	25.860312799669487	21.602153893192266	29.517686106201285	3.0322288018779604E-4
234.0	27.101188636661313	21.07568877394134	26.4203465735444	25.401772469216205	0.0010035466367421066
235.0	25.44807513255388	21.87841816868312	28.237796306486988	24.435423507350773	2.868849252403965E-4
236.0	29.109314645051192	22.957502175143883	23.854426427726857	24.07854499483974	2.117572383256249E-4
237.0	27.6148822191238	24.969465699780518	22.273534493685666	25.14182405251606	2.9353489396051957E-4
238.0	27.79393741606166	22.082734281154977	23.656330361276833	26.46697088099029	2.70605162442926E-5
239.0	27.67059121233667	23.209234074096486	24.341626635017253	24.7771453090425	0.00140276950709155
240.0	25.2638923031234	21.2868151183725	26.89875567137902	26.550309554630676	2.2735249441210197E-4
241.0	29.44262164461759	21.782802571333445	22.463824616619192	26.308588469976925	0.0021626974528546183
242.0	26.62722838324613	24.166807571990738	20.885048913869447	28.320002691695635	9.124391980457834E-4
243.0	27.67158609785779	22.59995530041607	25.54078208266908	24.18501855147054	0.002657967586513987
244.0	27.623332793084508	22.16041495691277	26.06197551241074	24.153303144305426	9.735932865588575E-4
245.0	29.552116305698483	21.276900427881458	23.167528073442938	26.00170463839569	0.0017505545814309204
246.0	25.138431315847043	27.080939668581216	22.698481459560348	25.079560457755417	0.0025870982559795743
247.0	25.853188761216618	22.875659586996345	24.43222296193848	26.694026245491244	0.14490244435731733
248.0	26.20898308120141	23.372783710058044	22.987210326099337	27.42124656422969	0.009776318411518407
249.0	25.730657866015584	21.21694154245577	29.18048996266084	23.856240612807493	0.01567001606032089
250.0	27.41033767497914	21.76934620376379	24.351968805043107	26.46733336423473	0.0010139519792342635
