# Position (bp)	A	C	G	T	N
0.0	23.861490174287034	24.323393308670084	25.989498046258618	25.825579953177996	3.851760626943374E-5
1.0	22.943594640391424	30.12885961216542	23.518083707236865	23.330785971364985	0.07867606884130396
2.0	24.531087330705674	26.568545112999686	23.11976269995918	25.77976104557869	8.438107567716773E-4
3.0	26.127666010806994	21.927954057630316	24.757080256835362	27.18027351928884	0.007026155438487031
4.0	25.645338071186774	24.221365121681526	24.056754670813564	26.076414481838977	1.2765447915312996E-4
5.0	28.040458293007624	24.33434051418893	22.547303343718863	25.077311216078748	5.866330058348304E-4
6.0	25.233941821186175	24.717574773098043	24.045172250713374	25.997264255247917	0.00604689975449587
7.0	25.410057614881893	25.72190154652479	23.9089751199627	24.958341386760054	7.243318705641821E-4
8.0	26.82136980501953	24.488170230305947	23.93237397691788	24.758035225472106	5.0762284536310637E-5
9.0	25.85170972764213	26.100490429859867	22.205058380495895	25.84252612229041	2.1533971169559373E-4
10.0	24.72715978097347	25.0752900537137	23.542124585705356	26.6554129226261	1.2656981375758185E-5
11.0	27.22692586494332	23.18440024356537	22.979855839408675	26.60869546029111	1.2259179152334155E-4
12.0	28.339272552985996	25.09460276732401	20.540143188045683	26.0259694249648	1.2066679505613662E-5
13.0	25.228363066681585	23.41577958672511	24.9845837370926	26.37115456499949	1.1904450121544436E-4
14.0	26.985099779417038	22.567400023738816	23.670314844869182	26.777150096306734	3.5255668230059686E-5
15.0	25.416172100116423	24.06409536116478	24.25732702421384	26.262359139833315	4.6374671638340627E-5
16.0	26.177530009238343	24.763820689311032	22.016914292797292	27.041621081607424	1.1392704590473853E-4
17.0	28.13659789467759	26.640552201213325	19.762910258814443	25.458565865961802	0.0013737793328413787
18.0	25.473736543840342	26.203176107662564	20.369386946113355	27.953534311130994	1.6609125274881024E-4
19.0	25.00344662394506	24.762122335699075	22.31653463700024	27.91736742510026	5.289782553569793E-4
20.0	22.14046759125546	26.23808398347013	24.560620633126074	27.060784064650235	4.3727498102773176E-5
21.0	23.738590664048242	24.955817617029822	24.16914206820462	27.13626547845948	1.841722578294606E-4
22.0	22.27521080676685	27.185161212370424	26.364607769896082	24.174955827743975	6.438322267645778E-5
23.0	25.043751193359988	24.795777929749487	23.25791867766957	26.902221155287798	3.310439331607349E-4
24.0	27.37704510615437	22.040006112647205	25.157720574821496	25.425185904320152	4.2302056778878165E-5
25.0	24.503620387849594	26.024686588644435	20.047245697823623	29.424279906483818	1.674191985245346E-4
26.0	25.701901719084447	26.017109872407616	20.108887629323704	28.17202792515685	7.285402738104134E-5
27.0	24.941928225673088	25.48123060081125	20.457002817946464	29.11979685720433	4.149836486067858E-5
28.0	27.450176327316672	23.82626071826175	23.25790231727183	25.46288100229325	0.002779634856498017
29.0	26.834761162240945	24.23153870255522	22.890482860973314	26.042882007730228	3.352665002932058E-4
30.0	23.482493661682447	24.834106862804006	25.800299545238065	25.88286805290353	2.3187737195429073E-4
31.0	25.73663878664612	25.050326682678243	23.070146019503994	26.142487821022932	4.0069014871214176E-4
32.0	23.60849421064152	23.175012344619674	25.178584835841388	28.037700051364737	2.085575326809654E-4
33.0	23.550700213402585	25.387517350954013	25.48505173179866	25.576661816682407	6.88871623360424E-5
34.0	25.583044901686108	27.397462061645676	22.776718785972662	24.24267669771453	9.755298102399413E-5
35.0	24.67638835153364	22.643434785682793	26.297067858587326	26.382935378566092	1.7362563015252145E-4
36.0	23.149471288524854	25.267314332280833	26.43952497497241	25.143506299011964	1.8310520994072401E-4
37.0	25.002386764521283	25.903904573349102	21.61019467809796	27.483475448983885	3.853504777045366E-5
38.0	26.57725921352222	25.845661385644092	21.255795636474797	26.321148928920245	1.3483543864424124E-4
39.0	22.969933051034815	27.765342374897255	22.538435377031828	26.72610624479549	1.8295224060646165E-4
40.0	25.510137473752515	27.048574572699152	23.34518822610817	24.09598419518789	1.1553225227237498E-4
41.0	23.79701123110721	25.045429722286904	21.897390870235846	29.255277929207512	0.004890247162525536
42.0	24.064608179168477	26.29171070700786	21.358621384677416	28.284973100299165	8.66288470788127E-5
43.0	25.81682415760881	26.131645636381435	22.679196133559916	25.36840734555861	0.003926726891236306
44.0	28.280104264391277	25.365410854994373	22.977534193529635	23.37666199400885	2.8869307586016827E-4
45.0	25.254064018850524	24.487467701687955	22.350609933568066	27.903913513887975	0.00394483200548043
46.0	24.545724186478903	24.829745482399908	23.069875569194668	27.55464514126072	9.620665805873628E-6
47.0	24.37024004094154	25.476431198300002	23.570764123436437	26.580669551942176	0.001895085379849182
48.0	22.491491941351114	24.41613516645328	23.037679156821504	30.054693735374105	0.0
49.0	21.908343322356227	26.30679258364935	24.81255015547295	26.970342579009444	0.0019713595120260143
50.0	26.364667682332303	25.214822513007046	21.216485245604026	27.203928402880535	9.615617609195915E-5
51.0	24.601112680241865	27.341241842061017	21.976699033233217	26.078456388104993	0.002490056358916531
52.0	22.48371183215537	26.45169096518471	21.981362388502056	29.08322521891311	9.595244750225704E-6
53.0	22.47554956185171	25.376455173374442	24.471025671558973	27.675149384084342	0.0018202091305330405
54.0	22.596307491161692	29.251431794615545	23.250932496238978	24.901270739275812	5.747870797061075E-5
55.0	23.301175805901924	28.453757163267284	23.13048582355407	25.112936924052757	0.001644283223961413
56.0	26.223753262964465	25.785384041203898	25.223583979282964	22.76727871654867	0.0
57.0	22.494656497596655	28.359496256561517	22.92048319808631	26.220260206082425	0.005103841673096647
58.0	25.06991282089607	25.970823450798598	22.058658533951416	26.900404501408957	2.0069294495489475E-4
59.0	26.960692313719942	22.94761778258551	25.140052863840257	24.948636453115355	0.0030005867389355755
60.0	23.157535468039192	23.9168230148017	24.36841094348844	28.557201948675193	2.862499547963613E-5
61.0	24.881835298809456	24.659459258329917	23.625383955971298	26.82726310411498	0.00605838277434814
62.0	24.90021115480873	22.49582446207423	25.356131145520322	27.247518408667602	3.1482892911512177E-4
63.0	25.66364505441659	24.704501547502648	22.70794027268444	26.921299213451	0.0026139119453200146
64.0	24.580498715047113	22.667702184253244	24.054632282530594	28.697128724327726	3.809384132105632E-5
65.0	23.577767880549917	26.441615513266647	23.922136178554624	26.053281050068577	0.005199377560229219
66.0	24.11940307034834	24.828790276658914	23.674181611809093	27.37697752943798	6.475117456726219E-4
67.0	26.355753960186888	25.926263773398745	21.468015473682275	26.249176483560284	7.90309171804549E-4
68.0	23.29660663849339	23.270651220114136	27.167982020493163	26.2645506494377	2.094714616080705E-4
69.0	23.28958888969713	25.38272976448952	25.235409558361194	26.089291678583926	0.002980108868232725
70.0	25.172453097121018	23.44299306118875	24.968512450095	26.415708667843496	3.327237517321836E-4
71.0	24.081316750488774	23.512411584353963	26.784322562498275	25.620944204348532	0.0010048983104530944
72.0	26.849872026782762	26.74345912824271	22.16103117188887	24.243988301595728	0.001649371489931298
73.0	24.98453630428383	23.454886290891118	23.235295176976145	28.32122555499171	0.004056672857199997
74.0	24.080762420052082	26.708898021882536	23.955298541100937	25.254206992085482	8.340248789621395E-4
75.0	24.8880151763899	25.728812348169523	21.91496441363263	27.465753470096104	0.002454591711838894
76.0	26.483632309604012	24.829729090425253	25.4593343750308	23.226328107408563	9.761175313741233E-4
77.0	23.72336706567482	25.869438790483805	24.35470064533015	26.051659579460306	8.339190509091471E-4
78.0	26.844489777701213	26.63123205538845	21.44539744729417	25.078350062764386	5.306568517891521E-4
79.0	27.49395706853602	21.43654663748258	23.261389228463415	27.80515062721502	0.0029564383029703012
80.0	23.670162364415216	24.159552468819953	28.12122638613152	24.046348790510564	0.0027099901227492867
81.0	24.57274082330946	25.914286361315337	22.355930698579073	27.156511498359393	5.306184367355482E-4
82.0	22.61149752707783	22.69718923797765	24.62725195381175	30.06292428364184	0.0011369974909307867
83.0	25.036399576630785	22.823166986296968	24.592735471649167	27.54675996631162	9.379991114590235E-4
84.0	22.805321010400412	27.117204321755352	25.14251217638398	24.933778225672363	0.0011842657878972395
85.0	24.51412627899338	27.739676939035114	21.16634514297754	26.579160054375606	6.915846183622916E-4
86.0	24.916182001224527	25.83425564473048	22.99801428716642	26.249748126807106	0.001799940071468989
87.0	21.71240117113525	22.613345852927168	26.545991271713554	29.12745649426932	8.052099547064664E-4
88.0	24.5437953525047	27.234867326265977	25.6670725102971	22.553544882917446	7.19928014776712E-4
89.0	26.442256003963255	26.656862731168037	23.467050488373335	23.432760395131755	0.0010703813636184951
90.0	23.2647036564027	26.32811321163984	25.140715575750555	25.266325474276584	1.4208193031373868E-4
91.0	25.989820646555174	25.64540671712299	23.88913436661301	24.475174151053572	4.6411865524934775E-4
92.0	25.490190135589774	24.595597104288775	23.145837739509307	26.768365549208344	9.4714037955893E-6
93.0	25.757309703910515	26.441516212457955	21.56157366076291	26.23923104739163	3.6937547699160156E-4
94.0	27.41648500715952	24.354016835259507	23.06564470743625	25.159297953445474	0.004555496699253779
95.0	24.07206648870204	26.761604075830093	24.045397364738246	25.118327664092533	0.0026044066370888154
96.0	25.260362582792272	25.007943152879104	24.44801598271267	25.282447152108606	0.001231129507342693
97.0	25.260849303494314	25.189388540765734	23.658730443582314	25.890785491665863	2.4622049177618825E-4
98.0	27.580647818933578	23.858547872399864	24.393371695975897	24.167413673164	1.893952665956182E-5
99.0	21.836234091218113	23.00815214406616	26.821790585644667	28.333804241735844	1.8937335221511904E-5
100.0	22.794732181212193	25.109777785731147	25.031626474225455	27.06386355883121	0.0
101.0	23.20641260555464	22.929579177021058	28.50311595011791	25.360769183939286	1.2308336711024966E-4
102.0	24.626838041559836	25.211841074996578	24.600845271621605	25.560428266157253	4.734566473265939E-5
103.0	25.575941372021727	25.9779259757103	25.341874867023805	23.104068411049187	1.8937419498213303E-4
104.0	25.286895187978153	27.898896467381373	23.129152118883752	23.684611199474602	4.4502628211598444E-4
105.0	27.060875220371294	23.732612944016555	21.17214896976361	28.03113387836622	0.0032289874823234243
106.0	25.45533293424491	23.678515148662964	25.108207440884318	25.757811909664614	1.3256654319671342E-4
107.0	25.271783850854984	24.917302525513733	22.806843281113085	27.003303353861487	7.669886567112171E-4
108.0	23.26498542936297	25.672774085106308	24.702297792820946	26.359819601907304	1.230908024753371E-4
109.0	25.388984770862283	25.49839058415035	25.53920827874878	23.572687309758866	7.29056479721436E-4
110.0	24.396838964666816	25.19886656284653	23.01254627974477	27.391681916511644	6.627623023832175E-5
111.0	24.54265765359305	24.27617780561079	24.90035647739471	26.279993777339538	8.142860619128205E-4
112.0	25.193912507827797	24.29556468159264	24.46787559831626	26.042514658121092	1.3255414221279447E-4
113.0	27.915593132753504	22.231191416008155	23.258385020600585	26.594025664833598	8.047658041565491E-4
114.0	25.929981743770092	22.92028857757629	27.55391704161591	23.595405512317228	4.0712472048047533E-4
115.0	26.297338576578298	24.336490579865902	26.35633928579883	23.009083514741654	7.480430153140503E-4
116.0	26.78101365641703	25.392618202091942	24.71222138727623	23.114071003066407	7.575114838740955E-5
117.0	25.499502405591993	27.25926325726909	23.924263385100193	23.316109275708964	8.616763297512217E-4
118.0	25.922656010023363	24.91780075304017	25.675092444562615	23.484053099899214	3.976924746357421E-4
119.0	26.72319534665315	21.831776185894494	24.97047295447622	26.47400630472138	5.492082547515747E-4
120.0	24.759557250136023	24.63540858838682	25.218181022781955	25.38675844823547	9.46904597278634E-5
121.0	27.24113451470679	23.845709302740687	24.336394763408247	24.57605122771739	7.10191426891048E-4
122.0	26.529462218889904	24.18833237915251	24.463782256630388	24.81790233872466	5.208066025399076E-4
123.0	23.778464985816157	27.891884234673654	23.99231635002764	24.336652650425552	6.817790569972974E-4
124.0	24.93040199805921	24.814594710476097	23.758684126201345	26.49620553587242	1.1362939092373877E-4
125.0	26.6239709566907	23.608028952406922	24.712530703224573	25.05448461193207	9.847757457309024E-4
126.0	24.062798867499314	24.573569933811207	25.47942844697795	25.884079653810826	1.2309790070733946E-4
127.0	25.789865399091926	23.496120103968902	27.441209751109046	23.27176316300298	0.0010415828271398608
128.0	25.801148284528292	23.70397087368804	25.211003176611836	25.274673662718573	0.009204002453264358
129.0	24.065439321922707	27.567873444560973	22.421350738266575	25.942126475898718	0.0032100193510193093
130.0	25.958032653011752	25.087334913057113	23.788882643390995	25.16573085203574	1.8938504403581044E-5
131.0	25.521846005891984	25.09987507152872	24.62168490469576	24.755950105502205	6.439123813271848E-4
132.0	26.26657143054646	26.305878583037284	22.286824036053872	25.13464664612266	0.006079304239727609
133.0	26.638271358268558	25.426379418262325	24.864631459135662	23.068767086188725	0.001950678144734637
134.0	26.381816544499166	23.344347015354668	21.34037958994559	28.933390565466542	6.628473402919048E-5
135.0	25.534734077714923	24.680267442555234	26.48967773965608	23.294762060912504	5.58679161257816E-4
136.0	27.372090078946965	26.594949557217678	24.717574110252272	21.309060724229553	0.006325529353533741
137.0	28.67096048895636	22.015469653857924	24.131595653451875	25.181765876082167	2.0832765167010594E-4
138.0	24.445265312669676	24.82981608869316	27.413515135549627	23.310210352901162	0.001193110186377068
139.0	25.30417553539534	24.57896462236592	25.080862541349784	25.034851523325475	0.0011457775634784444
140.0	26.019103334513837	22.222924001416605	25.64481092679675	26.112981820867653	1.7991640515659357E-4
141.0	24.97312098294345	25.28022452430721	25.61902229504856	24.12724395049299	3.8824720779236766E-4
142.0	28.176718516236722	22.759601141225254	24.08764052370455	24.975698917135226	3.409016982491573E-4
143.0	25.498591793635033	26.638508852353954	24.14323459632838	23.719551123923107	1.1363375952937441E-4
144.0	27.60972626623693	25.95366673396345	22.87723476135084	23.558898762029614	4.7347641916981026E-4
145.0	27.769742819792036	22.701554577345583	23.54788138943694	25.98002576678925	7.954466361840153E-4
146.0	27.063681149272618	22.276503572300797	24.961029833235813	25.6939464304975	0.004839014693275124
147.0	26.022751204907813	25.051684901266498	26.827465610317436	22.09473658692533	0.0033616965829253846
148.0	24.583777027043023	25.001796870746045	23.854706783364623	26.559245835118762	4.7348372754799344E-4
149.0	27.28067936731906	25.562194449245133	23.57996463009567	23.575040306065677	0.0021212472744576733
150.0	24.983567193251986	24.62408622846038	24.932296646798306	25.46002152150792	2.8409981411349163E-5
151.0	26.30830502928894	24.43564032011152	25.956648289753865	23.29886655974817	5.39801097500863E-4
152.0	26.646961463103313	24.53336671935635	23.58306779354596	25.236443028611056	1.6099538331532868E-4
153.0	25.01088622694833	23.79380700116505	25.410129958536686	25.784333947583598	8.428657663345019E-4
154.0	23.125940953863584	25.16388945685612	24.996536162791923	26.710858568519907	0.0027748579684687114
155.0	26.88986185315501	24.21227164361662	24.327292197005278	24.57041329260257	1.6101362052101546E-4
156.0	25.63411193452089	24.251396619471464	26.069052511300917	24.04511690383609	3.2203087063697897E-4
157.0	24.72680641544368	23.413126362842302	26.763651249519555	25.09611288156033	3.0309063413948496E-4
158.0	25.031929278589633	21.86474564365675	25.97241749819184	27.130841277292383	6.630226939407682E-5
159.0	26.52151468537827	21.764717583050437	24.505495650460716	27.20777953746363	4.925436469447139E-4
160.0	25.9241255133557	22.164917742317577	26.07477079023697	25.83613859327584	4.7360813908848054E-5
161.0	24.358465407368108	21.778260736541792	28.64594004421839	25.213497548153875	0.003836263717839678
162.0	24.6038584220947	24.741388570457513	25.05811806772368	25.59658757759574	4.736212837069163E-5
163.0	24.88456615592606	24.264599454223177	26.851204202527	23.999573351359174	5.6835964585889373E-5
164.0	24.95253168753782	24.80471776862745	24.95868902202204	25.282327995334825	0.0017335264778644771
165.0	26.41966630747552	22.44321661594572	27.072415303911235	24.064000757853854	7.010148136745255E-4
166.0	24.601291861074394	24.004585545036516	26.119910240636905	25.27408919796445	1.231552877338565E-4
167.0	26.418883692914136	23.991925265122767	26.63136275456537	22.957345122062247	4.8316533548300853E-4
168.0	25.496053476268184	25.006309738826076	24.272579959359977	25.224943136557908	1.1368898785725818E-4
169.0	26.378107851993	22.74203637056815	25.55786477391609	25.321716246961806	2.7475656094981635E-4
170.0	30.638874969290825	23.366752685519188	22.976602853165467	23.01763684922958	1.326427949428608E-4
171.0	25.080706157202602	23.91315408274668	26.946405692203633	24.05889083737239	8.432304746904373E-4
172.0	26.556243062287805	24.758522378737293	24.476660723811865	24.208412782187313	1.610529757237271E-4
173.0	28.597133291695677	20.55728845812995	23.78738685859777	27.056429385375292	0.0017620062013145134
174.0	23.449348634730363	26.936864875761092	23.623022042332586	25.990357118904615	4.073282713480747E-4
175.0	25.374520987961883	24.17163775109798	23.843756941559942	26.608227711109862	0.00185660827033732
176.0	24.291798669311046	24.5357829386815	28.458920789698972	22.71220938658388	0.0012882157246052425
177.0	21.924379855304387	26.428334672335662	24.841538760446657	26.780633905585134	0.02511280632816195
178.0	24.961225155329068	22.844258344133458	24.917854159604317	27.27636871768191	2.9362325124858554E-4
179.0	27.386893927108325	24.711627066342732	23.37884831941752	24.52161712395101	0.0010135631804134883
180.0	26.363299351075103	23.02073917276774	25.433760336508985	25.182049168828847	1.5197081932312765E-4
181.0	27.372525302028155	22.654889429784994	26.47937769129528	23.49236097344557	8.466034459994467E-4
182.0	25.8791582219011	23.67632846428588	25.284743088145806	25.159627584293208	1.4264137400539736E-4
183.0	23.50794630612334	25.199543259883207	26.37561958002695	24.916415360382768	4.754935837371304E-4
184.0	25.993314973253995	23.083656416330363	26.454748440347466	24.464485533876783	0.0037946361913949824
185.0	24.58661952678814	25.138823645758645	24.813259897567757	25.460688346192832	6.085836926195915E-4
186.0	26.910937237290472	23.50589838766246	25.282280796118766	24.30088357892831	0.0
187.0	24.28642966354666	23.083804274530195	28.179580601887093	24.4494805604409	7.048995951494906E-4
188.0	26.961369577562305	27.93329607257864	22.619523142996417	22.48545873168189	3.524751807459385E-4
189.0	24.753417280049053	24.453605312740464	25.143010880021006	25.649004308927697	9.622182617784327E-4
190.0	28.65004015443618	22.068542750778484	25.174149441958615	24.107067571403103	2.0008142361172313E-4
191.0	26.648485071697493	24.002720464799502	24.917394696963772	24.431094439401246	3.0532713799126423E-4
192.0	26.304896990881442	23.95550511424391	24.70546126859814	25.03406983203921	6.679423729855096E-5
193.0	27.008234353954496	24.85683927769468	22.18027820408899	25.954371414540354	2.7674972148480616E-4
194.0	27.431492105992227	24.060201609197442	24.59757418863259	23.910732096177743	0.0
195.0	25.81920822526512	22.478710803964532	24.93409004072143	26.767246427413426	7.445026354916052E-4
196.0	27.818107386350594	22.834798028878158	26.443735796215385	22.903253575336493	1.0521321937147536E-4
197.0	24.180617293847785	24.577558930904623	24.63927224400933	26.601767080505883	7.844507323804235E-4
198.0	27.18327134949733	23.995702317760767	24.10904683574857	24.711893259723755	8.623726958239985E-5
199.0	25.539234754946705	23.25167514238086	25.538562739549487	25.66997055036525	5.568127576939043E-4
200.0	27.140384440717924	23.659668019849757	24.93823113795843	24.26168759808753	2.8803386356527163E-5
201.0	24.70448648225133	21.84880638540409	28.730813753414385	24.7154805030403	4.1287588989156917E-4
202.0	25.398061381177804	24.99109604280199	28.30999387453837	21.30081989385542	2.8807626415786813E-5
203.0	25.258451939350046	25.066476359158678	23.375675473191425	26.298589406428835	8.068218710199188E-4
204.0	25.657462529071424	24.206300070786774	24.332340679090006	25.8037718427721	1.248782796998733E-4
205.0	27.170625196274152	24.453321551840826	25.385667599176028	22.989424996111744	9.606565972563456E-4
206.0	25.132199871775324	21.84859707542822	26.319570365668994	26.699575040787188	5.764634027885264E-5
207.0	25.4466425510439	23.73843658963428	26.949285314262234	23.865299217837414	3.36327222171613E-4
208.0	27.42775040924647	22.70264524309125	22.59741180921156	27.27216370473972	2.8833710990872398E-5
209.0	26.89013235158547	20.883261616175307	25.678606965461082	26.547191581854314	8.074849238238909E-4
210.0	23.936052075803893	25.00644659593775	25.545451241524965	25.5118097214859	2.403652474925578E-4
211.0	24.587783230423803	25.96230397066458	25.759857416074123	23.68916096338016	8.944194573355186E-4
212.0	28.260616902877928	22.40371103081859	25.10699308867269	24.22841920393409	2.597736967009318E-4
213.0	29.19425479046631	23.081262435112155	23.228009754403285	24.49601094501654	4.6207500170390156E-4
214.0	27.762086163579998	25.046677454430654	24.795547402916625	22.395631177158148	5.7801914572816396E-5
215.0	24.97211313514772	25.173305909158127	23.69406651688135	26.16005110564807	4.633331647315429E-4
216.0	25.57951520894917	24.591606578807877	26.464594579978495	23.364244585650017	3.904661443401054E-5
217.0	28.585497188280605	23.465573972215044	25.539675390995114	22.40849545325901	7.579952502245684E-4
218.0	24.307765537740607	24.67628444732991	25.794714505122812	25.220967315451986	2.681943546876301E-4
219.0	25.951835782576122	23.14226144162874	25.48710124234746	25.418040199056886	7.613343907867319E-4
220.0	27.783680962722446	21.952500091218823	25.201976616130434	25.061509708807346	3.3262112095736827E-4
221.0	25.05613802684932	23.064308712054824	25.16111392719903	26.7181853271693	2.5400672752058244E-4
222.0	25.342751040425533	25.440171351411355	24.205223230599497	25.011700491225707	1.5388633790936588E-4
223.0	30.25525038711635	22.866191319774966	24.536292968618287	22.341445701257705	8.196232326874045E-4
224.0	29.119675615134533	23.247432856830795	25.250797885653753	22.38202079274351	7.284963741174396E-5
225.0	30.17253294297251	20.4817961062198	24.49895387497328	24.845649868226015	0.0010672076083950734
226.0	25.263801307806954	22.357379061926462	26.41247573599322	25.966195765593557	1.4812867980737348E-4
227.0	27.051808273782736	23.870622288273204	26.054749793448217	23.02139846563974	0.00142117885610703
228.0	26.957685059940907	27.7659605084614	23.62431664707224	21.65196261409261	7.517043284853416E-5
229.0	27.474204723488395	25.562086020538743	22.12907359039164	24.834592341755666	4.3323825558782575E-5
230.0	25.45529265549373	23.440678685066267	27.83645848456914	23.267570174870862	0.0
231.0	25.166786719041202	25.292439936775494	24.70898428819397	24.830137620032517	0.0016514359568148389
232.0	24.635447907256765	25.62250337600337	24.580836825408003	25.16102246297205	1.8942835981003233E-4
233.0	23.15121414672438	24.890611768121556	22.870668692219976	29.086974847874668	5.305450594176601E-4
234.0	27.140220022281923	21.568512914503216	26.67044866114303	24.61945541799343	0.001362984078398844
235.0	25.498603925252166	22.36417073299203	27.507046505427557	24.629877183012834	3.0165331541357946E-4
236.0	28.444774028368407	24.089033786575296	23.726112307500234	23.73984453517939	2.35342376677947E-4
237.0	27.302078877821568	24.88637329256458	22.686412661734334	25.124897143878606	2.38024000912108E-4
238.0	26.558225665427383	23.263270214791707	24.76374312695754	25.414724772846416	3.6219976959265324E-5
239.0	27.110023476043743	23.753577080003964	24.216157168826406	24.918844307623484	0.0013979675024059757
240.0	25.240943885620293	21.92626051749225	26.834794711203898	25.997849054216488	1.5183146707155058E-4
241.0	28.95669769611242	21.070144721037742	23.638972909553342	26.33173984719457	0.002444826101926194
242.0	26.634411391572883	24.132161171119808	21.70446140154848	27.527938016262503	0.0010280194963262898
243.0	27.77689649772528	23.47794884779412	25.1730571333858	23.569390127087363	0.0027073940074312246
244.0	26.215091505715932	23.215212870642183	26.04029035380614	24.52831005644042	0.0010952133953258075
245.0	28.266482806346755	21.254890062739275	23.942979654838314	26.53365713027349	0.0019903458021693237
246.0	24.51375869182534	27.21106133806575	23.870752736097682	24.40175656142087	0.002670672590363293
247.0	25.410675751657347	22.968039008243473	24.890798835324134	26.59035557845124	0.14013082632380489
248.0	26.080464314296385	23.012827207854077	24.269725700613904	26.626282224202857	0.010700553032773808
249.0	25.43336208279021	21.653956425555013	28.200878520352145	24.694918233666264	0.01688473763636289
250.0	26.36743998554371	22.58208501101983	25.02736295740285	26.021979430675447	0.0011326153581612917
