# Position (bp)	A	C	G	T	N
0.0	24.001288220154642	20.962689832795213	27.603391949169893	27.432539021880636	9.097599962153984E-5
1.0	24.03023656022599	29.882730057255007	27.159780071505622	18.850768992102633	0.07648431891074786
2.0	22.478502292820128	21.796611049772242	21.776105062292533	33.94752795395913	0.0012536411559646008
3.0	23.670123532785354	21.6362658688228	23.170516758389486	31.50985211317382	0.013241726828543793
4.0	25.438380045594744	21.164543382057126	25.711769701846137	27.685038666130257	2.682043717312592E-4
5.0	32.04162453957922	21.097096535635053	23.62963412847839	23.23119821940859	4.4657689875565813E-4
6.0	30.2325478073188	21.730971038818982	25.625931333042473	22.406018110845626	0.004531709974115939
7.0	30.35662119553298	23.069785448349286	20.38502622515004	26.187945576709122	6.215542585790027E-4
8.0	31.304361716572288	21.710963617307716	26.35666344523161	20.627744986586226	2.662343021599589E-4
9.0	30.0199944891514	23.08312549897908	19.90078706222313	26.995916319883566	1.766297628215545E-4
10.0	26.65645346610494	22.27910276797738	22.575350299247955	28.489093466669722	0.0
11.0	24.900428649134938	21.77296430699988	23.65829177116851	29.668055012141153	2.6026055551748044E-4
12.0	32.798402016617786	28.033418336117904	16.858397085421764	22.309782561842542	0.0
13.0	29.863114245241924	23.152419595482186	24.428670894542062	22.55562377168101	1.7149305281643042E-4
14.0	22.56604359589792	26.30626003100706	23.635761708067722	27.49193466502729	0.0
15.0	23.54041510785972	29.084296391344562	17.738820333786045	29.63646816700967	0.0
16.0	30.39147220755838	25.06342227069105	15.493899381581148	29.051040654792537	1.6548537688467158E-4
17.0	27.675260792463067	26.094266694453072	20.581391233913045	25.647744386031825	0.00133689313898577
18.0	25.708937484211404	24.80908544593278	21.974433846361443	27.50746477083193	7.84526624480055E-5
19.0	23.414535148405076	24.85012180664048	24.335783570482125	27.399167687272325	3.9178719999874624E-4
20.0	18.941293735467262	24.70010462410716	24.771323251373918	31.587278389051665	0.0
21.0	23.036210615300455	21.058401929361033	22.279435382656352	33.62572318613131	2.2888655085515829E-4
22.0	23.79101036228676	25.62645278391415	24.19986860803169	26.382668245767405	0.0
23.0	20.913729238501897	25.33676951387276	23.125584359125533	30.623544685235142	3.722032646692751E-4
24.0	30.982327198291838	20.540551271418238	20.15850817907498	28.31861335121495	0.0
25.0	27.402091712207216	23.770980604293197	17.957591718321652	30.868976292537585	3.596726403496593E-4
26.0	27.553378548103492	26.871137905048982	18.708795349337926	26.866616428033158	7.176947644166936E-5
27.0	23.60025217515415	25.119686373289518	20.937566567140202	30.342207995731098	2.868886850385399E-4
28.0	28.73718107150661	22.794929381718408	22.233350168531075	26.232891678039376	0.0016477002045297427
29.0	27.811792788058238	22.700212635353868	24.640919701313553	24.846861242969716	2.136323046225758E-4
30.0	26.005000391647947	19.82663050803443	26.821321737731363	27.346976795388294	7.056719796710015E-5
31.0	29.557126781378056	20.064176145257225	20.45619918154615	29.922145353116864	3.525387016986725E-4
32.0	20.45066263871918	24.310717021586555	24.148098167976283	31.090522171717982	0.0
33.0	26.465203747863924	25.03503582516985	23.522194433596724	24.9774967526083	6.924076120523239E-5
34.0	30.29258182896949	25.879269994396402	20.896259325590847	22.931888851043258	0.0
35.0	26.716382189441163	22.196838658442392	25.67665328590233	25.40998988283672	1.359833773919476E-4
36.0	25.733413426908726	19.734073927094915	28.02104087218642	26.51140382111589	6.795269405250841E-5
37.0	24.262295527380072	25.274588677369003	20.646826997925558	29.81628879732537	0.0
38.0	25.084838306371378	22.6142897792676	21.152497067925655	31.148171112259572	2.0373417579678738E-4
39.0	20.759727271122433	24.921137574364245	22.99129967178565	31.327495997468795	3.394852588710893E-4
40.0	26.625951545113065	23.336675720757448	22.678291023958604	27.359081710170884	0.0
41.0	20.531425561321047	25.425012829807514	20.37597445442771	33.6629032564631	0.004683897980629027
42.0	23.11085046854574	27.1411718869843	17.691317751794973	32.05659201700693	6.787566806626294E-5
43.0	23.621279864917323	26.17613684179093	26.285267138478748	23.913379863017045	0.003936291795953492
44.0	31.248876116673507	25.546232743089604	20.477714029796054	22.727177110440834	0.0
45.0	28.411155726659725	23.76718825695842	23.591183762533703	24.22653691819794	0.003935335650205656
46.0	26.701201598512757	24.40785143872933	22.69637077896965	26.19457618378826	0.0
47.0	28.756976711842718	19.34673486154445	23.759999077347455	28.13418624420035	0.00210310506502326
48.0	19.00264083850184	24.593173164522273	24.55111511491684	31.853070882059054	0.0
49.0	16.55162496404947	25.483704234294365	25.95289259337642	32.00953977892458	0.002238429355169551
50.0	26.235391227852418	20.44092022971152	23.396282211193792	29.927406331242274	0.0
51.0	25.03669100073518	26.908678065970555	24.257838038733762	23.79435134922508	0.002441545335427637
52.0	20.056104120133607	25.948121657926247	23.174988710012084	30.820785511928054	0.0
53.0	24.828807109853663	19.906091942696783	24.828132192092394	30.435011493849473	0.0019572615076852884
54.0	23.457347485941533	34.520837846282376	19.07072727481312	22.95108739296297	0.0
55.0	27.395272203210517	25.418722269601545	21.579107877322336	25.605075944857663	0.0018217050079345372
56.0	28.507355748926287	23.246338991878517	26.23208625851919	22.014219000676004	0.0
57.0	25.808464549798394	29.209692467418225	22.71620612447693	22.260712235394276	0.004924622912179132
58.0	25.797099885198733	23.951308613063063	24.071640848746966	26.179680849772218	2.698032190222061E-4
59.0	29.56171542190843	21.99975179476665	25.47462506171407	22.960805156193935	0.003102565416917345
60.0	20.404671601368193	24.2773287870777	26.011375530066793	29.306556642964278	6.743852304239455E-5
61.0	27.666494481766158	25.14758224076844	24.471880137729936	22.708041394508875	0.006001745226589484
62.0	29.069889761315853	19.133505600945135	23.64919175381196	28.147278018886503	1.348650405539177E-4
63.0	27.967291421111828	21.201103681906574	25.473285881124934	25.355486987504012	0.002832028352649565
64.0	20.992849943197335	23.979153252584773	24.42919218853766	30.598669772553354	1.3484312687726916E-4
65.0	19.833491091389106	25.697910851866535	26.854735842899945	27.609008119820615	0.004854094023801241
66.0	24.245286326030914	23.245855310703384	21.445935669676082	31.061978880151877	9.438134377460657E-4
67.0	27.886771923934873	28.025101573196405	20.069663674243113	24.01745164697896	0.0010111816466486408
68.0	23.449421804589836	20.144928024698434	25.770562084806485	30.6348858607545	2.0222515074199776E-4
69.0	22.52656810102282	21.34311979540911	29.948313028379303	26.17889839614006	0.003100679048711668
70.0	26.950692563343715	22.80764660566115	22.88872817857627	27.352663054503935	2.695979149297259E-4
71.0	22.839719986414437	23.886603662711398	27.23831614471861	26.03428198672712	0.001078219428435881
72.0	24.619273263414385	25.696696235320122	21.395157964533787	28.28786175778502	0.001010778946687475
73.0	23.345778611505853	23.593875602470728	25.817854223814212	27.23737060313443	0.005120959074777457
74.0	26.74684816765215	25.731429926641404	23.99751788149434	23.523597643469685	6.063807424256309E-4
75.0	27.833756203252435	24.868995662607745	19.285832667476026	28.008720597290846	0.0026948693729443203
76.0	28.225952055016005	21.085472066226167	26.68125424423054	24.006647947139793	6.736873874942063E-4
77.0	29.347592502147297	21.914276571736533	23.446721794634286	25.290668103811242	7.410276706468834E-4
78.0	23.46040028481104	34.8281197688369	20.011343940321712	21.699664464568038	4.7154146230396504E-4
79.0	29.04786186725477	20.122893038463687	23.84814720759183	26.978134011611655	0.002963875078054324
80.0	23.362847953117896	23.104457504673054	32.68592021285553	20.84529242375764	0.001481905595877608
81.0	23.974878572357134	27.362458903874305	20.965709278210245	27.696481747291745	4.714982665703014E-4
82.0	20.3464719670232	24.2149149985182	24.068418783845676	31.369251286472505	9.429641404208314E-4
83.0	22.194278232335343	23.58376955592854	25.82278361653003	28.398562418671315	6.061765347716331E-4
84.0	22.347405698183	28.47771415332102	20.314678391167828	28.859393542634	8.082146941513545E-4
85.0	26.823880416078772	28.43337385465529	18.555510282425757	26.18662931072221	6.061361179675582E-4
86.0	27.460701973437423	21.88028454997101	23.82301223473285	26.834452285754118	0.0015489561046043731
87.0	21.20200142766711	26.004215658545128	23.580885422980053	29.211752663407275	0.0011448274004336875
88.0	28.619846503706764	29.184901955370652	23.427545156960967	18.767032977393068	6.734065685423509E-4
89.0	26.030955082471692	29.04390746470669	22.622259781624248	22.301396244583536	0.0014814266138291174
90.0	20.45312529459137	23.44213350140192	27.48244572111927	28.622228147717205	6.733517023677738E-5
91.0	29.321110059960475	23.965606051934323	25.284399839746285	21.428345380417397	5.386679415141282E-4
92.0	27.79992607011489	23.204557528290973	21.607389217952438	27.38805985223449	6.733140720621118E-5
93.0	22.326784870262866	28.230366393443727	22.07046162422891	27.371915805859548	4.713062049481765E-4
94.0	29.121259414163962	21.928656358272143	19.71423223646737	29.232216268914176	0.003635722182348973
95.0	23.659679152449716	28.82241893307552	21.445268212286138	26.069536718112506	0.003096984076115789
96.0	27.20722734369267	26.44074597454218	21.345883385767348	25.004998791537936	0.001144504459864585
97.0	24.635013646174293	25.408543703438408	27.902084155223044	22.054089207067733	2.692880965236253E-4
98.0	29.678047821585285	20.385771738706023	26.553245574705915	23.38293486500278	0.0
99.0	20.55609521636135	18.25653432747605	33.1525862318504	28.034784224312205	0.0
100.0	18.688452639876463	25.229697154508486	24.41464164955171	31.667208556063336	0.0
101.0	25.676674470608667	20.135112757762318	31.595935308507016	22.592142835025385	1.3462809661450725E-4
102.0	23.15763752718637	25.738516766863288	26.740011806844333	24.363833899106005	0.0
103.0	27.908230647135085	23.995452324120855	25.48616916869616	22.609878607479565	2.6925256833293615E-4
104.0	26.58409250316704	27.426370510778707	23.393627146755485	22.595236716939933	6.731223588361446E-4
105.0	27.72362265674957	23.434927472823343	19.687948036213104	29.15020361457948	0.003298219634503416
106.0	28.802043543083688	21.3651890916801	24.642531408705253	25.19003402539621	2.0193113475201172E-4
107.0	24.940682809019847	26.099429410691698	20.804936805736453	28.15427787167563	6.731028763705216E-4
108.0	22.919751657144705	26.37047616996301	25.645828733892984	25.063808821232993	1.3461776631432711E-4
109.0	25.414430089216307	27.870486600727595	26.079699000144714	20.634643925651957	7.403842594306445E-4
110.0	27.61895595779249	24.456488818833197	20.981059387455396	26.94342853220012	6.730371879967855E-5
111.0	27.464526632535417	21.610302099899517	25.289383127175125	25.6350478149294	7.403254605329131E-4
112.0	24.4160284279811	22.450567348202387	25.376280403268144	27.757056519456746	6.730109162370614E-5
113.0	30.699213539556553	20.577186320999154	23.567028154018647	25.155898991720832	6.729937048168851E-4
114.0	25.964034330315894	22.08871693371837	27.206162928346604	24.74027822549981	8.075821193242962E-4
115.0	26.186999135895856	21.68517805660017	29.689447430972614	22.43770239822549	6.729783058713319E-4
116.0	24.487402083501575	24.419701741635038	28.487711647689036	22.60504993404937	1.3459312498317587E-4
117.0	26.620205401323982	26.51192588809053	21.504351705856585	25.362776747025006	7.402577038955725E-4
118.0	31.76152793751182	18.664824556503902	26.443477927316504	23.129496620741776	6.729579259975087E-4
119.0	29.038581634356042	21.172388545833357	23.759549176576993	26.029009577440526	4.7106579308636926E-4
120.0	24.267365989954293	22.863133980436174	26.293263562511104	26.5761691727097	6.729438872469058E-5
121.0	26.788819441079724	23.228878983154868	26.328996882923917	23.652497160176797	8.075326646962869E-4
122.0	35.06476377104957	20.519631013394203	21.687182372195185	22.727615315043714	8.075283173263275E-4
123.0	27.507668123352147	25.740937886518505	20.92970359792789	25.821017454654104	6.729375473579799E-4
124.0	20.518312603924624	25.159196879249933	20.98323545660888	33.33912047551467	1.345847018915207E-4
125.0	26.85560208360109	23.881067048162247	26.050329692661435	23.21205910041243	9.420751627939526E-4
126.0	23.207521649573334	25.49875273963246	27.56139232882723	23.732198697627346	1.3458433963165612E-4
127.0	29.203258750641787	20.07077628489776	24.009027710954445	26.716062475312754	8.747781932600359E-4
128.0	27.856746805051625	20.2072409857775	24.476009625219366	27.45239876831645	0.007603815635059915
129.0	20.59730356796796	29.811750392971724	24.64343198897526	24.944216855795524	0.003297194289528649
130.0	30.647047582134224	24.516722921141454	21.47353078923144	23.36263141745127	6.729004161216173E-5
131.0	27.15707536600317	19.52209813332831	26.64668623887288	26.67346736907695	6.728927186951802E-4
132.0	23.36135482911553	29.02475639601351	21.55746402883749	26.05144533991512	0.004979406118344334
133.0	30.882253988162688	23.391748331929257	24.050296471145536	21.67341341508383	0.00228779367869149
134.0	24.42556501470909	25.0421220921626	20.593665806281443	29.93851251147255	1.3457537432140366E-4
135.0	25.99607853164291	19.26404508746597	29.68554237783092	25.053862996222527	4.710068376735492E-4
136.0	27.72753024832492	28.554068838741543	24.816478019752417	18.89674188768926	0.005181005491865821
137.0	30.14417842921679	22.124539265543184	22.215508668334436	25.515369926538174	4.037103674168054E-4
138.0	25.085653076109455	21.876724163452714	27.507219619062482	25.529393874964	0.0010092664113446929
139.0	30.597667677716444	22.929007619206537	23.777522398744754	22.69418749545835	0.0016148088739130317
140.0	30.667771915860214	15.872930433220453	28.78113307330372	24.677962726098933	2.018515166786544E-4
141.0	22.990506552692366	21.525612929228767	27.643231015292198	27.840043924604167	6.055781824983868E-4
142.0	26.236656091349207	21.07477971826816	26.029209408107445	26.659085633156483	2.691491187048545E-4
143.0	25.749761299660268	22.460911347467626	25.625482363089624	26.163643129030067	2.0186075241576855E-4
144.0	29.852512813197475	24.490045842885337	23.76986911933617	21.88689935087874	6.72873702278956E-4
145.0	31.069307570258342	20.815552585929627	21.929498747777824	26.184362631698647	0.0012784643355551698
146.0	27.28585443578829	25.064427700344915	24.003036008187532	23.642779185580036	0.0039026700992220234
147.0	28.33793699764826	21.064775407348595	25.924158976136084	24.670100630158096	0.0030279887089665475
148.0	29.98407282225956	21.313551424193832	24.264553988556926	24.437350745791612	4.7101919806962877E-4
149.0	28.63438227983361	24.572546338601168	21.3747690303514	25.41561078939471	0.0026915618191189713
150.0	25.847363820554214	28.08488475609797	23.845088079003627	22.22266334434419	0.0
151.0	28.328817010533	22.994621459924055	20.98868777214854	27.687402722982647	4.710344117554039E-4
152.0	27.923796475677843	22.509324912033257	21.69503113238717	27.871712897011115	1.345828906116994E-4
153.0	28.993614577255943	21.596375873882348	21.949394397597374	27.460009515215262	6.056360490726702E-4
154.0	29.108987778838767	22.23752026373644	24.622399697448706	24.02840052246625	0.0026917375098332533
155.0	24.259021485752434	25.25423820060188	28.355096338646895	22.131307503055165	3.364719436234529E-4
156.0	32.3233213704812	24.033219626794008	22.75010111111186	20.89295412011798	4.0377149494377144E-4
157.0	23.642184134145282	22.69357881143037	28.81240616405031	24.85135981792377	4.710724502698909E-4
158.0	28.35053211463581	21.86872038106057	25.248291001495332	24.532187316196016	2.6918661227302523E-4
159.0	29.31488042962559	20.722301296481362	24.522509244958595	25.439434164790757	8.748641436930707E-4
160.0	26.810288726911036	21.314429884981664	25.4230159152104	26.452130877688624	1.3459520827599014E-4
161.0	24.35802268901964	19.796395088016354	27.16336107602241	28.678452430384738	0.0037687165568467147
162.0	29.19264983195347	18.54070737022326	24.181404107145983	28.08523869067729	0.0
163.0	23.278548849404697	20.447976051950253	34.31791062957178	21.955429868973532	1.346000997386739E-4
164.0	28.202211800937917	21.889385724515563	25.99417975459132	23.91247287744103	0.0017498425141737246
165.0	30.177397709269126	19.672314300444064	24.97836202916381	25.171387535721163	5.384254018336078E-4
166.0	29.37466347189317	23.233833189748008	22.069647856989015	25.321788175748438	6.730562136549644E-5
167.0	23.70581266995127	23.254987480817384	26.21954338637159	26.819118003392294	5.384594674635866E-4
168.0	25.453120961488757	22.91262815542345	24.32435706901008	27.30975919703627	1.3461704144051006E-4
169.0	28.023561293084477	18.543715002857322	26.970626463578068	26.461558758179045	5.384823010964173E-4
170.0	31.334293174158606	23.377374276669745	20.44023442732302	24.84803081183283	6.731001579766071E-5
171.0	27.825276308172796	26.893501877953234	22.842911567922673	22.437435213978972	8.750319723220656E-4
172.0	29.265535278438193	25.567740967321456	24.382495267563513	20.784161192876816	6.729380002032273E-5
173.0	29.468550921928927	18.78681272538489	21.170820466613595	30.57247005354395	0.0013458325286376338
174.0	27.680185181446866	24.093236705223706	23.014918141994873	25.211121653175066	5.383181594902127E-4
175.0	23.79984416444285	27.12763308935245	21.371070299599914	27.699097418754903	0.0023550278498864876
176.0	25.696029456095776	22.88533278067267	28.137448322638992	23.279776387752467	0.0014130528401016323
177.0	23.65903109609164	24.845784622672806	25.585655059549644	25.8865155164188	0.023013705267110388
178.0	25.670297092296746	20.100707657252308	27.625938375576208	26.602518834766535	5.380401081998658E-4
179.0	26.25744236267147	21.955549936210723	27.74352742266433	24.042202475306453	0.0012778031470273927
180.0	29.955890542900114	20.244882146095257	26.038502619125133	23.760455649750195	2.690421293070282E-4
181.0	28.430542317908458	21.219591433708366	26.97390414142359	23.375087693573263	8.744133863272687E-4
182.0	29.76937554085702	20.8395109543088	23.623020891957697	25.768025373464504	6.723941197789437E-5
183.0	22.66876986032051	23.814297682587195	27.907187839129893	25.6090722414746	6.723764878010734E-4
184.0	27.629022085412707	21.647012626191312	25.81988211610071	24.900183294267315	0.003899878027952712
185.0	26.72525035284629	25.957322400698974	16.762013576181197	30.55460716445998	8.065058135627395E-4
186.0	27.572987537393534	25.204467262722872	19.949109175336098	27.273436024547497	0.0
187.0	24.59614729255854	23.562964591092623	25.783793194074473	26.05628832592945	8.065963449086631E-4
188.0	36.78154429409748	26.197342152493498	20.793858853105863	16.22678416584323	4.705344599272688E-4
189.0	24.666861612199558	21.694950574585153	26.512323582695558	27.124049220385928	0.0018150101338065805
190.0	32.60917351266361	21.09183259848522	24.64747121051298	21.65105212458381	4.705537543803513E-4
191.0	24.723840101536492	22.78910741463782	23.560244268404833	28.926135966398302	6.722490225499212E-4
192.0	24.205833790484796	20.75023933223617	25.94549678918326	29.098295631783323	1.3445631245495715E-4
193.0	24.000016136091798	24.117607905071374	24.424193649237672	27.457778907304203	4.03402294955656E-4
194.0	23.903922598115372	23.997636316822284	25.93120444985543	26.167236635206915	0.0
195.0	27.76444707696838	19.84251470877928	23.469570929226418	28.922996657874904	4.7062715101820184E-4
196.0	30.70076218630593	20.531687825058942	26.369467357256504	22.398015383601493	6.724777712472715E-5
197.0	29.805137766227197	21.294947383430387	20.059672019123028	28.83963750190006	6.053293193273581E-4
198.0	28.91787388687742	23.92134046380502	21.6552262870596	25.505491787658986	6.757459897854236E-5
199.0	25.424176721376178	26.48150951761726	21.167675516973826	26.926097547128492	5.406969042398747E-4
200.0	27.81413041935425	20.701133972608112	25.393700122136764	26.090967894996176	6.759090469750029E-5
201.0	22.587500650606433	19.697185797650246	32.59622722624002	25.11868075266208	4.0557284122026054E-4
202.0	25.321823423837547	28.560438854732457	25.577686819148184	20.540050902281813	0.0
203.0	23.967046629181958	25.121874875353324	22.806269144884904	28.104133300792807	6.760497870105147E-4
204.0	24.402340266278653	20.3987621173284	22.24848662284809	32.95027576493752	1.3522860734142586E-4
205.0	26.15637727622207	24.48369342875169	25.616555350512332	23.742630108714984	7.43835798923602E-4
206.0	23.05204598235963	17.94321051442731	25.54343341985346	33.46110719613919	2.02887220404503E-4
207.0	24.433046105102672	26.54366290737921	28.723071085097708	20.299814053597746	4.058488226663862E-4
208.0	28.892206859132997	22.16932562818558	19.075585226357884	29.86281463400774	6.765231580642236E-5
209.0	25.731057466208785	20.269111701317815	25.528327102329435	28.470691726016273	8.12004127687649E-4
210.0	26.285657821625108	25.350123278316623	23.908751711446847	24.455196470375643	2.707182357834011E-4
211.0	29.267889828764527	26.757302689295887	23.851322444735672	20.122740417420314	7.446197835999524E-4
212.0	29.33358883450837	19.928956228044278	23.699178514066556	27.03800557407864	2.70849302156773E-4
213.0	34.38622545559005	17.26560605095671	23.812904895535087	24.534857093302296	4.065046158599131E-4
214.0	29.313563975837454	25.321048670856467	23.818618178859804	21.54670137829574	6.779615053457265E-5
215.0	24.115183558699158	22.176322746296528	21.99745954543234	31.710694879464118	3.392701078607527E-4
216.0	22.941764935625553	25.53688768902928	27.273661635021888	24.247685740323277	0.0
217.0	29.530021548762964	19.161690290214402	27.233673239004847	24.074062566671017	5.523553467652345E-4
218.0	23.23279773958219	23.00153020167808	32.14827251210193	21.617121580847044	2.779657907501324E-4
219.0	30.46194226460159	25.066215803739595	17.717562695781456	26.75378692506889	4.923108084728097E-4
220.0	26.511455045597753	25.03413848540562	21.54321439531944	26.910840130528673	3.5194314851156206E-4
221.0	22.493328900142373	19.638964906746693	22.425623275389253	35.44179873881401	2.841789076731147E-4
222.0	25.55193705137021	20.375601687512777	24.29087722358115	29.781512556987867	7.148054799847318E-5
223.0	28.671924443795337	20.511344599180408	26.679138136925573	24.137020077492075	5.72742606608877E-4
224.0	30.925010820432412	24.42952673865001	20.81607557964555	23.829386861272024	0.0
225.0	32.50685162768812	21.89165987191138	19.75869339549786	25.84186120021121	9.33904691434298E-4
226.0	24.97151883303313	23.426147706065493	24.397758151672004	27.20450142812181	7.388110756645975E-5
227.0	30.008761136436014	26.10542069153175	21.023886804921187	22.86051104635777	0.0014203207532783246
228.0	27.582464282087827	28.08866391127592	22.09038634389232	22.23848546274393	0.0
229.0	30.36281555720443	24.18094917413105	22.28231142747879	23.173847661041016	7.61801447118029E-5
230.0	27.499488335991412	18.754551878868856	28.513702941392268	25.232256843747464	0.0
231.0	23.88997771975409	26.033972586998296	25.618133183521557	24.45671950511041	0.001197004615649798
232.0	23.936468703586165	27.15819833185982	21.182854319913925	27.722318769215025	1.598754250687864E-4
233.0	22.340675324259024	25.17836750557962	25.290240374405474	27.190235966806775	4.8082894910826267E-4
234.0	24.913950200720826	17.96924955310354	28.61667657931678	28.498800141948045	0.001323524910806829
235.0	24.668708372631595	19.57890022584187	30.640989675205592	25.111235237658402	1.664886625383028E-4
236.0	31.823776395440216	21.177977760238115	25.566094506202617	21.431725158411	4.261797080498528E-4
237.0	30.14264344618483	24.84336963567225	21.16909571812785	23.84480557455965	8.562545542039102E-5
238.0	26.262132328253408	18.5401432204455	29.23372412760015	25.96391423302679	8.609067414163294E-5
239.0	26.745019336870556	21.553396712168755	28.65063045216995	23.04982699501652	0.0011265037742209142
240.0	25.088800986217453	19.86524984557308	26.974615827239234	28.071157104827897	1.7623614233183327E-4
241.0	26.991174261778756	23.0914705121858	21.912999277244317	28.00206148629985	0.0022944624912744236
242.0	25.13158466514308	23.95776520240759	22.16369088001873	28.746072413912366	8.868385182347301E-4
243.0	24.13226896156297	26.844322315061852	22.75822465060878	26.26278763866034	0.0023964341060501975
244.0	30.35781410373188	22.501988349825158	23.985052941202607	23.154167092477152	9.775127632064195E-4
245.0	24.056666130732264	22.083623631134216	23.006949282741125	30.850706540186145	0.002054415206245422
246.0	24.47810260147433	26.7261245033492	23.98015366406979	24.813381057170126	0.0022381739365540357
247.0	28.848031808859886	17.03753987092447	24.841345778770958	29.136061967733806	0.13702057371088122
248.0	30.435012948203592	21.4484927285331	23.676804936480174	24.429632529622832	0.010056857160302711
249.0	21.595468470491102	20.013380215387066	35.79180457281082	22.58142196021061	0.0179247811004005
250.0	26.81790302633725	26.258148654794137	16.836923009623	30.08556714090554	0.0014581683400667295
