# Position (bp)	A	C	G	T	N
0.0	24.501367754539245	23.2336356617638	25.262019343428488	27.002915574148577	6.166611989373695E-5
1.0	23.16768328705618	30.74415135582206	23.726270652409365	22.287555877198166	0.07433882751422777
2.0	24.406658237226488	25.98592303900708	23.108871424503956	26.49781252965867	7.347696038061065E-4
3.0	26.66945610277849	21.017911727804865	25.033904494845967	27.270775334778214	0.0079523397924684
4.0	26.162136525792555	22.901877472590268	24.24114818031413	26.69453223313444	3.055881686039938E-4
5.0	28.678538986726053	22.750559185786425	23.25962580947637	25.31048241372911	7.9360428204452E-4
6.0	26.720824167632678	23.57001378277974	24.225015288845075	25.47909611739399	0.005050643348515689
7.0	25.903553345745795	24.704971160767712	23.382102363328766	26.008522684129158	8.504460285689119E-4
8.0	28.099311860269253	24.074097654115953	24.415893729736744	23.41057548709124	1.2126878680886645E-4
9.0	26.80112604992171	24.88313691215128	22.2618205280765	26.05361387334178	3.0263650873681337E-4
10.0	25.44243814572932	23.350406657931476	23.492015887805824	27.715139308533377	0.0
11.0	26.560402872638605	22.054338957432538	23.61236723662809	27.772713944969606	1.7698833115932665E-4
12.0	28.86743885245539	24.15870827885772	19.725140200734153	27.248712667952734	0.0
13.0	26.142176415503997	23.513601301099186	25.254696845963267	25.08946784628693	5.759114662821114E-5
14.0	26.638071055289725	22.410371900567487	22.527845968822085	28.423654104385566	5.697093513802064E-5
15.0	24.773173668755604	23.980028889379383	23.428504373919093	27.818237189068974	5.5878876946331134E-5
16.0	26.01993906803922	23.9472950094006	20.959681133376286	29.072974744103924	1.1004507996700849E-4
17.0	27.457889295135484	26.433403574023206	19.64607106085375	26.460910166166784	0.001725903820773518
18.0	26.302021607139604	23.81011114602784	21.355739148434594	28.532128098397962	0.0
19.0	24.498010183336337	24.545607835896956	23.495738089114333	27.460110285681967	5.336059704104817E-4
20.0	22.78945435727899	24.8698620786722	24.656942787993977	27.683740776054833	0.0
21.0	24.315063100176058	24.008354566193507	23.62317106074015	28.05314881479172	2.624580985645642E-4
22.0	23.17877768795305	26.02160051049521	25.110476626619377	25.689093253124522	5.1921807834273894E-5
23.0	25.02897816659722	23.920450350397022	23.955559754915704	27.09475357070389	2.581573861667913E-4
24.0	29.036570262425897	21.115462377361446	23.39495361199755	26.4529625501549	5.119806020789484E-5
25.0	25.41506003029476	24.838214521951556	20.31490157238227	29.431621437923315	2.024374480937731E-4
26.0	26.75349419890977	24.759945337526673	20.22224504860509	28.26421471032817	1.0070463029819648E-4
27.0	25.158189352705456	23.95872499482253	20.62860538014706	30.25427920546419	2.010668607632096E-4
28.0	27.162664252823486	24.8348873445698	22.51030053743235	25.489805134667126	0.0023427305072360465
29.0	27.656254710635398	22.80646868777328	22.215368891248016	27.321561748923934	3.4596141937097294E-4
30.0	23.96155798456782	23.655231458163357	25.13934420596139	27.243620897359992	2.4545394743947347E-4
31.0	26.400958651778456	23.878623641555087	22.719273727292354	27.00055657019613	5.874091779747013E-4
32.0	24.750148396709832	22.12412021950599	24.347139274854936	28.778495196792207	9.691213703376176E-5
33.0	25.00131933589908	24.52491913670335	24.66289768382187	25.81071991602307	1.4392755262710962E-4
34.0	27.963075142627236	26.424238040559477	21.74795867819327	23.86463296655606	9.517206395372353E-5
35.0	26.281610869059165	22.435341029360067	25.092996012504393	26.189863599565342	1.8848951102993497E-4
36.0	24.962243187767168	23.231173380035024	25.696147110332753	26.110012616989625	4.237048754307666E-4
37.0	25.66651638183141	25.57460418456986	20.518727404329898	28.240152029268835	0.0
38.0	26.38223452642138	25.360911761232458	21.064223308667952	27.19258335329054	4.705038767166922E-5
39.0	24.28505234536889	25.808113238168488	21.22867552457092	28.67792368466237	2.3520722932940066E-4
40.0	26.128524891185435	25.9032291140467	23.373190461005017	24.59496146454484	9.40692180119976E-5
41.0	24.46251717146825	24.291707797457327	21.557346942902548	29.683678157892384	0.004749930279488719
42.0	24.960087879553097	25.450695423143717	20.891708483282994	28.697367140251306	1.4107376888448738E-4
43.0	26.322359747301583	25.351278256012304	23.665133223371782	24.657420241827644	0.003808531486681424
44.0	29.788152286640834	23.865376894486094	22.528576546217515	23.8174711601838	4.2311247175724255E-4
45.0	26.505017744247812	23.9102681614139	21.881313309360973	27.699405391431053	0.003995393546264307
46.0	26.17295416283226	24.29944229863578	22.90697488604863	26.620581652536917	4.6999946420061084E-5
47.0	26.11068267679495	23.883795454961998	22.41248778727226	27.5910603067903	0.0019737741804960094
48.0	23.056478623837133	23.697408794772205	21.833674815090095	31.412437766300567	0.0
49.0	21.649145999608198	24.614669817990826	24.6187099771731	29.11554808282702	0.0019261224008505003
50.0	27.252980682462486	23.849123751462685	20.677276444705	28.22057214634974	4.697502009356484E-5
51.0	24.57762411775564	27.85635345103324	20.206125912186774	27.35731325211229	0.0025832669120613673
52.0	22.697576455443112	25.960606040731886	21.18425478370612	30.157562720118875	0.0
53.0	24.019691983037504	24.234599502649278	23.75057819242899	27.99330629723464	0.0018240246495884955
54.0	23.653704863353656	28.751267971997752	21.464585407647444	26.130301455811907	1.4030118923964705E-4
55.0	24.033227018321142	27.452741452963537	22.8545860713026	25.657765817079703	0.00167964033301669
56.0	27.483141402290112	24.06966898601162	24.394408380431663	24.052781231266604	0.0
57.0	23.337643448950786	27.930202248910106	22.576003104775925	26.150740229704905	0.0054109676582731366
58.0	25.499992537424816	24.389421426545873	22.71603222339965	27.394273966060208	2.7984656945418725E-4
59.0	27.99919410540336	21.770113902567903	24.52102204970523	25.706918334615086	0.0027516077084191264
60.0	23.642625315374836	22.087854734126037	24.14876147722294	30.120665356513822	9.311676236741919E-5
61.0	24.949279673602245	24.11447756899966	22.842070078312744	28.087701705823036	0.0064709732623109105
62.0	26.520697801622305	20.71144110698616	24.703434310519395	28.06424057630314	1.8620456899461172E-4
63.0	27.183768238992833	22.868971578219245	23.275529004106538	26.669077895732496	0.002653282948886599
64.0	25.39180599326959	20.809971596649195	24.17568738199139	29.622535028089825	0.0
65.0	24.391274744485408	26.244597339843	23.465635226505338	25.893290901609117	0.005201787557138385
66.0	24.50849715213506	23.789750287015742	22.54759445511594	29.153600793612462	5.573121207955445E-4
67.0	26.648397067947677	25.300329168570716	21.18623287747573	26.864158521044867	8.823649610087568E-4
68.0	23.856490205784862	21.66062819318533	27.057732512187627	27.425102650953328	4.643788885927184E-5
69.0	23.417153423129626	23.473990047089885	25.573555367647984	27.532236442213083	0.0030647199194257274
70.0	26.43158734640494	23.021907942411502	24.2819171501176	26.264541197993964	4.63630719986054E-5
71.0	24.043370086260765	22.2220426117194	25.214451091572563	28.51916631373203	9.698967152369388E-4
72.0	26.633444509963184	26.101634495015986	22.017682671452974	25.24571451263678	0.001523810931080802
73.0	25.071766712248955	22.4605571626826	22.553722312453196	29.90952177377581	0.004432038839433696
74.0	24.598968244700565	24.754926961565108	23.922885591657707	26.72234225161186	8.769504647606688E-4
75.0	25.761149737741462	23.688049641053098	22.330028083470445	28.218372635577165	0.0023999021578351037
76.0	27.203141873494364	23.801999206224675	24.789141891954255	24.20502478240403	6.922459226715154E-4
77.0	24.806967089803912	23.722697126149292	23.998702346298177	27.470756644706846	8.767930417704205E-4
78.0	26.619857653347506	26.776103038894306	19.434277265881104	27.169254452024454	5.075898526328224E-4
79.0	26.57402126626762	21.077682231536905	22.901289597395337	29.444053769216143	0.0029531355839917907
80.0	23.865460995002106	23.46828698406136	28.862757184936918	23.80109555061754	0.002399285382076969
81.0	25.14475963210983	24.487331744322425	22.30696331894734	28.060391642282458	5.536623379499544E-4
82.0	22.812846170845823	22.311153639070195	24.170101173584047	30.70493014182941	9.688746705249408E-4
83.0	25.075118230766712	21.660116360019433	24.31754631771886	28.946527076471813	6.9201502318481E-4
84.0	23.445472935412663	25.79401527435951	24.933373622089924	25.826169392693128	9.687754447717266E-4
85.0	26.09815998464809	26.42314263993859	21.297135170642417	26.180916391119506	6.458136513934813E-4
86.0	25.85162853257711	23.858560381998963	23.521792797297373	26.76635774394778	0.0016605441787778765
87.0	22.606908581235118	22.21234730063356	25.216962583783737	29.962905243952324	8.762903952577009E-4
88.0	24.855778698182828	26.351557322577477	25.21425089548873	23.57795190763196	4.6117611900926456E-4
89.0	25.79805275266694	25.229456162494113	23.523251357968213	25.448179084407315	0.0010606424634205167
90.0	23.09682940932889	25.37528508939795	26.016384628367007	25.511270311322694	2.3056158346006537E-4
91.0	27.166143093421052	24.667193237029057	24.356092515922757	23.8097872923171	7.838613100351309E-4
92.0	26.07836872222384	23.304521506514128	22.96116789101946	27.655941880242572	0.0
93.0	26.683995872710558	26.80271538023899	20.766738989514877	25.746180920230632	3.6883730494269653E-4
94.0	28.451653681833083	22.7644210488463	22.899732558069843	25.880366184754845	0.003826526495929821
95.0	23.629845858235306	26.71521668175691	23.623991089687678	26.02836474009438	0.0025816302257266827
96.0	26.266034158571706	23.822540637692434	23.80797408259513	26.102344800500425	0.0011063206403015091
97.0	25.158180369178947	25.632387300952242	24.059179992597432	25.15002187122756	2.3046604382450102E-4
98.0	27.41682955618617	22.444969767305732	25.003329997958218	25.13487067854988	0.0
99.0	21.885161339669178	22.438772204910205	26.674690146095216	29.001330232682438	4.607664296637741E-5
100.0	22.143325438023815	24.053265465308016	24.52845835980589	29.27495073686228	0.0
101.0	23.169084484656953	20.717375581036446	29.58741229747223	26.52603550023265	9.213660172571855E-5
102.0	25.583844313710856	23.996891507245856	24.918706096800896	25.50051201684888	4.60653935113208E-5
103.0	25.751584501042213	24.817463453544484	25.855114753705767	23.575699128558966	1.3816314857236018E-4
104.0	25.371595359409945	27.565246784634034	22.893847791888177	24.168849541872518	4.60522195327726E-4
105.0	27.931902186877995	22.474516511421633	20.889000030395053	28.70126544736452	0.00331582394080149
106.0	25.837217013281265	23.75029933501575	24.066351060106474	26.34590233389209	2.3025770442278997E-4
107.0	25.814531147251095	23.589813018867577	22.95925133867144	27.635575596484735	8.288987251537607E-4
108.0	24.20065761305429	25.078886864220674	24.2038803037432	26.516298988351355	2.762306304779987E-4
109.0	26.32434661884227	23.835615303315425	24.95014711893618	24.889246507996717	6.444509094122976E-4
110.0	25.21763104926404	23.729367453450916	22.736041027359395	28.31668430299379	2.7616693186363427E-4
111.0	25.428381277977678	22.80498031494251	25.696202997725425	26.069606952410673	8.284569437118737E-4
112.0	25.653775101917216	23.57842862021261	24.22615174043948	26.54150646940735	1.3806802335374592E-4
113.0	28.92572442592185	22.062097726513393	22.525980666021773	26.485460859416776	7.363221262037716E-4
114.0	26.851692046559645	22.314515531463567	26.166395815873006	24.666798295089755	5.983110140313138E-4
115.0	26.438640069700366	23.45635373762674	26.532807358856076	23.571554482864638	6.443509521896196E-4
116.0	27.82651197726051	24.78539054043108	24.107872664747163	23.2799486741434	2.761434178454922E-4
117.0	25.412675225311055	26.245803751333547	24.801106787912595	23.539539777261695	8.744581811085737E-4
118.0	27.749324830586325	23.643678076278036	25.3167819409901	23.289570818690088	6.443334554498644E-4
119.0	27.54257589516041	20.484248886327894	24.983074577255636	26.989640398625347	4.602426307100578E-4
120.0	25.811272230048814	22.950205519076615	25.34762892519345	25.890663206907615	2.3011877350375624E-4
121.0	28.11602820715562	22.54202216329112	25.294760357919017	24.046452888508835	7.363831254124896E-4
122.0	26.605438294503713	22.267367471487614	25.14668114914808	25.979914762005578	5.983228550125649E-4
123.0	25.23259490539491	27.644632264175346	22.67820463196962	24.443877835149525	6.903633105958341E-4
124.0	24.56853623559256	24.228611823441806	22.85262210309476	28.34999972386319	2.3011400768396692E-4
125.0	27.344813525874613	23.55260384499623	24.405196368727168	24.696511853732932	8.744066690536434E-4
126.0	24.87156298970709	23.680181144162866	25.07696095689772	26.371110819635916	1.8408959640657107E-4
127.0	26.0775921579456	22.209857793731878	27.199502968383264	24.5119425652354	0.001104514703851995
128.0	26.41627701483745	23.14803394573101	24.660174514929494	25.76746069732337	0.008053827178675307
129.0	24.144123248093116	27.12504567590678	22.758428988116442	25.969594802933198	0.0028072849504675278
130.0	26.74552280774743	23.622280250098715	24.38595942200799	25.24623752014587	0.0
131.0	27.320948315376164	23.8714410100932	24.200671161942207	24.606157165288813	7.823472996132442E-4
132.0	25.6456488794824	26.308796858123607	22.39590164424803	25.643992160035417	0.005660458110539082
133.0	28.261507833877435	24.921790079880424	24.025148665576314	22.78985070395831	0.001702716707516528
134.0	27.41454067193061	22.1250406116459	21.06812540324028	29.392201275458785	9.203772442248629E-5
135.0	26.997586325116714	22.780120890827803	26.78709730860295	23.43459723382274	5.982416297942739E-4
136.0	27.356359394306146	26.56189816593766	25.353363598084716	20.72299469178043	0.005384149891051497
137.0	28.73163810999026	22.090640469350177	23.615872091123663	25.561573219539202	2.761099967004855E-4
138.0	26.364182236056564	23.85292649315453	26.556007242325734	23.226009796004757	8.742324584106914E-4
139.0	26.33666937985976	24.405394300269954	25.072710967634475	24.184213081210363	0.0010122710254443525
140.0	27.24317076795588	21.795705321898403	25.50395911180068	25.456934737806908	2.300605381300035E-4
141.0	26.46900348917518	23.941824687237293	26.347758907795683	23.241182850172525	2.300656193159413E-4
142.0	28.432816110623875	22.408219120092543	23.505595704913414	25.653138996739482	2.3006763068071493E-4
143.0	27.031232960420088	24.406637251414818	24.47275944910132	24.089140268786505	2.3007027726689393E-4
144.0	28.48600609598975	23.86583668931803	23.74053943619457	23.907203648759083	4.141297385644975E-4
145.0	28.83202912541839	22.323306132553416	22.36632980891966	26.477230582057427	0.0011043510511121275
146.0	27.07846535131837	21.388045539923816	24.768844669691987	26.760365062989656	0.0042793760761710535
147.0	27.00155757864392	24.137407425301795	26.196494182662335	22.66136583772193	0.0031749756700233983
148.0	25.341694532473348	23.818558052063928	23.99286218147968	26.84670117471228	1.8405927076637217E-4
149.0	28.10639778236717	24.595329865521038	23.77048199645856	23.525719607864794	0.002070747788441362
150.0	25.51673676750757	24.371071208342155	25.030786080457972	25.08135992563482	4.601805748575741E-5
151.0	26.834648118848882	24.057537628084592	25.061275355756017	24.04603267957614	5.06217734371908E-4
152.0	27.294134972261404	23.758781204483277	23.900062817394666	25.046790905513895	2.3010034676122258E-4
153.0	25.937132840389314	22.210875540916856	25.47204674239541	26.37930058524638	6.442910520398485E-4
154.0	23.89002051656835	24.350423723743347	24.782155279771807	26.97473120902324	0.002669270893257698
155.0	27.714504824569076	23.139841154250878	24.448012402746798	24.697365429000442	2.761894328081745E-4
156.0	27.404400310809468	22.494374864204985	26.044793020780784	24.056247675373506	1.8412883126065646E-4
157.0	25.614777586333087	22.293751849937234	26.858763995652673	25.232338306854587	3.682612224155082E-4
158.0	25.594236589828874	20.34971746861082	26.46404198266834	27.59191189163684	9.206725512987237E-5
159.0	26.949157067768787	21.282301047093906	24.44867140696166	27.31917996517973	6.905129959149252E-4
160.0	26.86302979190413	21.657686804758896	25.57405439844439	25.905090900386142	1.3810450644211487E-4
161.0	26.145351543132723	19.95265709957063	28.807722177644518	25.091000659688607	0.0032685199635214754
162.0	26.835683128661366	21.165053460241463	25.532841506784678	26.466421904312497	0.0
163.0	24.377454388089113	23.485058444936538	28.642116263759537	23.495370903214816	0.0
164.0	27.020659968002946	23.56272228168917	24.06818364927546	25.347052933255064	0.0013811677773557542
165.0	27.311032699574955	21.018998018430803	26.61895676643266	25.050367953090586	6.445624709946888E-4
166.0	24.512082993199158	23.169180321528664	25.971839883016866	26.34675867670195	1.3812555336549818E-4
167.0	25.990057411381624	23.119718546560588	26.484424244740364	24.405293321098096	5.064762193299872E-4
168.0	26.048745134189094	23.361095430212735	24.414191821846167	26.175783433542716	1.8418020928397181E-4
169.0	27.024394960769143	21.669567539691307	25.526347294360335	25.77950602276495	1.8418241426308618E-4
170.0	31.24894097452445	22.324118890804343	22.735112864488944	23.691735181010475	9.208917178682463E-5
171.0	25.869102012327737	23.357467638300342	26.487560842205294	24.284948701940873	9.208052257538171E-4
172.0	28.06058029272315	24.629034514238597	23.642032570603998	23.66830660835763	4.601407662632152E-5
173.0	28.77438514039243	20.30289407679838	23.616793071921467	27.304271244526184	0.0016564663615394278
174.0	26.22560161965674	25.351171030230525	22.994340403993927	25.428426816362215	4.601297565913588E-4
175.0	25.186136190029174	23.80214804384439	24.04331980452249	26.966831405247703	0.001564556356240279
176.0	23.802662575258545	23.43630422147354	28.297903966343448	24.461886720211467	0.0012425167130002684
177.0	23.925100990040683	24.38212781194612	25.048107480926152	26.620086443884883	0.02457727320216556
178.0	24.199216026311028	22.67227607803286	25.0438494148272	28.084244264367676	4.142164612383139E-4
179.0	27.34489859985031	23.976539276274785	24.38680734754074	24.29051195821185	0.0012428181223135566
180.0	26.92500476986609	21.383506010955216	25.94571545912444	25.745496576552767	2.7718350148362467E-4
181.0	28.36962415588213	21.915927803285605	25.449240039455397	24.264375218605476	8.327827713900254E-4
182.0	26.845469902139097	21.95404410148737	25.018541798047778	26.181897930582654	4.62677431011325E-5
183.0	23.335247387223898	23.425382205406517	27.07801705250816	26.160798109574877	5.552452865458978E-4
184.0	25.76439824735699	22.051206827700423	26.66973303613612	25.510960034316195	0.003701854490280087
185.0	26.12099588141854	24.82036442111975	23.03518307814107	26.02262374137104	8.328779496025553E-4
186.0	27.28672736317257	23.535128006385857	24.41651531102139	24.761583045082773	4.627433740933122E-5
187.0	24.428627072745485	22.616713655080314	26.55015394888155	26.40376340097192	7.419223207330192E-4
188.0	28.574091738966917	26.802946205274438	23.298217724810925	21.324419715999017	3.2461494870388203E-4
189.0	26.13748457406328	22.332304241906513	25.674555749254154	25.854588778497696	0.0010666562783620426
190.0	29.35812750626363	21.7727580100719	24.29230953324014	24.57666581018117	1.3914024316148896E-4
191.0	26.4242506456287	24.332780656271876	24.64506100430512	24.59748958562228	4.18108172017135E-4
192.0	26.90969471738279	21.54986134076442	24.824300698894582	26.71609678317078	4.64597874278886E-5
193.0	26.944009352451463	23.537064804106382	22.949191116100405	26.569316543403076	4.181839386700728E-4
194.0	28.790845102165907	21.848414989072655	24.340397808304225	25.020342100457217	0.0
195.0	27.284756454076202	21.196596371234985	24.907812190635187	26.6100448692267	7.901148269230233E-4
196.0	29.686678173690844	22.47158766651992	25.505016270559487	22.336531540660093	1.8634856965826002E-4
197.0	25.653778179732445	23.444735970298844	23.011454310195003	27.889239434362185	7.921054115243883E-4
198.0	28.09781700638554	22.201904740569407	23.6697105552273	26.030381013453407	1.866843643444065E-4
199.0	25.801591579451706	22.575199508901168	25.69973161748192	25.92277545703634	7.018371288685263E-4
200.0	28.613924071364366	23.89106766250217	22.829221635791306	24.665599454945244	1.8717539691712762E-4
201.0	25.262739188828732	20.28026449405918	29.978520386913814	24.47796116822889	5.147619693857018E-4
202.0	26.006849770254696	24.538005554323135	28.185335051860005	21.26976282272686	4.6800835301308454E-5
203.0	26.18646590917602	23.800145680880227	23.229125315517074	26.783326841983058	9.362524436188779E-4
204.0	24.96349380764151	23.352305473143193	24.171383171523157	27.512536640793584	2.809068985584326E-4
205.0	27.28138470981688	23.160712805868975	25.841108958953406	23.715576206281273	0.0012173190794633121
206.0	25.596495968106343	21.44131125863166	24.95409948599853	28.007952811321612	1.4047594185607115E-4
207.0	26.383165459067857	23.27961075837767	26.90620069322775	23.430414255332803	6.088339939182167E-4
208.0	28.803282681606117	22.78301886792453	21.23433137846396	27.179273388169605	9.368383579097262E-5
209.0	27.515095350894292	21.242138423711786	25.114550381553503	26.127325677276204	8.901665642194271E-4
210.0	25.003198178842162	23.674864469849727	24.417779156496145	26.903830176469185	3.280183427857286E-4
211.0	27.10953579314796	24.621191703457328	25.0942245649921	23.174344857455026	7.030809475843779E-4
212.0	28.62562290830124	21.42237156963748	24.90578123615206	25.046036715892857	1.8757001637017317E-4
213.0	31.858073628469736	21.36595803585464	22.88610838039421	23.889343791131832	5.161641495843706E-4
214.0	28.876457366882164	23.952616615180002	23.737246131925456	23.433632923412453	4.696259992467199E-5
215.0	26.48155502811119	23.858235629598536	23.117905146597952	26.54183363668704	4.7055900527590754E-4
216.0	25.544247188287876	24.11925033683515	26.311447167376773	24.02500778225835	4.752524184407443E-5
217.0	29.227577909394913	22.552558248246783	24.89235461526893	23.326934479762667	5.747473267064967E-4
218.0	24.198546925266022	24.096854893590695	26.289951821950012	25.414404695619897	2.4166357337292749E-4
219.0	27.057281014076917	23.14680938513191	23.46380604919843	26.331517786275715	5.857653170308337E-4
220.0	28.161262963577432	21.338693235179395	24.83143862369153	25.66836047786912	2.4469968252663186E-4
221.0	25.98943648262569	21.317418566931764	23.695713135990623	28.996988259089555	4.4355536236255326E-4
222.0	25.27946713722956	23.619291421754422	25.085310235985638	26.015782082986416	1.4912204396614928E-4
223.0	30.334489163962548	21.91902970374447	24.945942613460364	22.79973655482276	8.019640098601475E-4
224.0	29.81848964465624	22.27474635696451	24.68296817204798	23.223645199497707	1.506268335678928E-4
225.0	30.913881630012284	19.379030442870537	24.131332003015924	25.574797045847504	9.588782537514849E-4
226.0	25.56467836639898	20.981011105477503	26.1348256489099	27.319331545117027	1.5333409659639194E-4
227.0	27.773307815893006	23.315933985220433	24.83842419325492	24.070942332680964	0.0013916729506713791
228.0	27.47872328844103	27.730668998806106	22.299787401366626	22.490716630023947	1.036813622901554E-4
229.0	29.007022134408462	24.49920239903293	21.586218125409992	24.907557341148618	0.0
230.0	25.801214126345783	22.46925492377797	26.753534252012766	24.97594391435136	5.278351211988614E-5
231.0	24.560238822335197	24.50686143079249	25.197769392536372	25.73389898020807	0.0012313741278658895
232.0	25.876300980061778	24.355229598016408	23.48110880591375	26.287091457000773	2.691590072985156E-4
233.0	23.163899513212797	24.262973748261473	23.457819019471486	29.114384127260085	9.235917941585535E-4
234.0	27.164891297095906	19.962141868193488	27.154414971661538	25.71750423050563	0.0010476325434367751
235.0	26.491538255965175	21.954561608961587	27.656426356074476	23.89691585567863	5.579233201347273E-4
236.0	28.173980633791796	22.977584385034405	25.18335418811181	23.664853182928557	2.2761013343075047E-4
237.0	27.839961950409158	24.303257077143478	22.74755498062481	25.108823897716448	4.0209410610459275E-4
238.0	27.265823461464265	21.830252659419934	25.709914633607816	25.193893037514265	1.1620799371547169E-4
239.0	27.648598588638695	23.31972526379127	24.150104032847768	24.880630108177677	9.420065445904685E-4
240.0	24.81815506983183	21.78183914200063	26.78824230234011	26.611522312179993	2.4117364743789178E-4
241.0	28.432353386904246	21.2384384696244	23.531091678958514	26.795701365798703	0.002415098714141067
242.0	27.36994789568491	22.65672728768429	21.346981833050855	28.62561712825017	7.258553297742227E-4
243.0	26.940264267838927	23.63185542060601	24.504141723492758	24.921799096560616	0.0019394915016937217
244.0	25.689862783449	22.87248157501793	25.83857426435181	25.598352696997168	7.286801840889038E-4
245.0	28.117950714165186	21.339427510421444	23.03701280544748	27.504086034867903	0.00152293509798869
246.0	23.454141258069576	26.603495295404883	23.64148294061757	26.298683665330863	0.0021968405771100197
247.0	25.871726014447233	22.131034119616423	25.06676854916627	26.799811909231508	0.13065940753857025
248.0	26.097383199684664	21.365171979816918	26.089046121818193	26.438774277907907	0.009624420772319921
249.0	25.501555078123793	20.44220318660013	29.36215596400973	24.67916688500436	0.01491888626198674
250.0	28.62474947115723	22.74536390433534	22.027459072570934	26.601871850251978	5.557016845170396E-4
