# Position (bp)	A	C	G	T	N
0.0	23.955898148733176	24.201488375670635	24.447765376173354	27.394848099422838	0.0
1.0	22.884556478248346	29.904559043791817	24.554716149091856	22.584223551049977	0.07194477781800071
2.0	24.62588971493629	26.041424927216518	21.60256532766901	27.729255456144706	8.645740334744864E-4
3.0	26.367802296718583	21.90820399516289	24.91180455161252	26.804460689379265	0.007728467126737769
4.0	26.197721964872304	23.3968099512875	23.838779475424104	26.566597752310813	9.085610528042056E-5
5.0	28.589185632275193	23.107757936057723	22.829978897687823	25.472260670282044	8.168636972158562E-4
6.0	26.71921940617819	24.14584064385407	23.830931709360108	25.29880126325798	0.0052069773496485295
7.0	26.601050212672135	26.04603332812233	21.922263297769	25.429749519488393	9.036419481436032E-4
8.0	28.295909012156738	24.061760056019175	23.190701611273138	24.451584202015535	4.5118535416245564E-5
9.0	26.17024418220435	26.102718407616187	21.676538934911456	26.05036342371883	1.3505154917632062E-4
10.0	24.017142186321426	24.48631238342148	22.979354442318964	28.51719098793813	0.0
11.0	28.118006139310282	22.2544319565601	22.051156842430775	27.576361384192587	4.3677506258986645E-5
12.0	28.065591568598347	24.54264030185136	20.23485478754069	27.156913342009602	0.0
13.0	25.981171234982597	22.868672413006404	25.33435620625587	25.81571485896336	8.528679176248993E-5
14.0	26.355561957292622	21.50102242405529	23.251794258120572	28.891494639929743	1.2672060177079368E-4
15.0	24.525831047040807	23.978036606488367	24.46530725398889	27.030783466764568	4.1625717367206675E-5
16.0	25.808432011851686	24.794514083105405	21.77303291016647	27.62393891951896	8.207535748947895E-5
17.0	27.52077931713499	27.52434864736421	19.11011383757141	25.8435550529083	0.0012031450210851164
18.0	26.30525913874698	25.997930684301018	19.446585589240833	28.24994559676562	2.789909455481415E-4
19.0	25.246550669880254	24.47241923805037	22.447075375704756	27.833637481887898	3.1723447672569603E-4
20.0	22.625126155839013	26.822303409115918	24.002661455893403	26.54983037738281	7.86017688542063E-5
21.0	24.53711713477957	23.858507363126915	22.539756433143307	29.06426757908229	3.514898679140131E-4
22.0	22.527523582239333	27.337820321223315	25.330174580583815	24.804404082890546	7.743306298869941E-5
23.0	25.38039672918961	24.311306874439005	22.423936076693163	27.88397475640112	3.85563277102785E-4
24.0	28.025044058637693	21.70608822443212	23.522892313226777	26.74593713344266	3.827026075442165E-5
25.0	25.320083242283143	25.049261783346623	20.18685961101843	29.443606004199985	1.8935915182248715E-4
26.0	26.929820789017228	25.323236918684707	19.257051155821433	28.489777964888134	1.131715884990505E-4
27.0	25.00641832093713	24.66528738643713	20.68137346797879	29.64680789231375	1.1293233320459049E-4
28.0	27.81507227861843	23.482156466466442	22.096435839938703	26.603801219171785	0.0025341958046388455
29.0	29.15370878619027	23.09084152323045	21.746248073155332	26.008906386256104	2.9523116784962105E-4
30.0	24.14405484959332	23.840262125538867	25.436088965150216	26.579301247453447	2.928122641488716E-4
31.0	26.923346057602526	24.143517219311054	22.933241685551405	25.99945769393091	4.37343604104907E-4
32.0	23.966596309057373	23.065812082052535	24.007793569259196	28.95936514372685	4.328959040471799E-4
33.0	24.384323650011545	24.882634989896676	24.7823355592266	25.950598413894443	1.0738697073884027E-4
34.0	26.97592747834085	26.32221391940402	22.507165774716363	24.194586127828387	1.0669971038141946E-4
35.0	25.749742377103686	22.517084650736457	25.42105351948726	26.311943720819723	1.7573185287448107E-4
36.0	24.516379132354736	23.392530334717748	25.902527202576504	26.188317534513246	2.4579583776351073E-4
37.0	24.835790047149807	25.803533567912297	20.828793397341748	28.5318127824004	7.020519574612678E-5
38.0	28.09986965649538	24.544376804331026	20.654567251843726	26.701081001784942	1.0528554492639488E-4
39.0	23.430321807582118	27.058222909163	21.9424946359555	27.568785208395102	1.7543890427877944E-4
40.0	26.485927994555038	25.131107166162632	22.74774237459391	25.635082130552846	1.4033413557680837E-4
41.0	24.9727433454474	24.032581699804958	21.784556667181164	29.20587368627836	0.004244601288113713
42.0	24.727197728769827	25.60949516760284	20.33991285760686	29.32328901852916	1.052274913134706E-4
43.0	26.094658887445043	25.870471400487865	22.82601795393845	25.205660102729215	0.003191655399421644
44.0	29.630954472589956	24.439775541988386	22.804069870814953	23.124989698371834	2.10416234875018E-4
45.0	25.184843628917164	24.716133624604204	21.568549758579458	28.527176904978134	0.0032960829210307626
46.0	25.972418614647736	24.258583288834597	21.56057502065992	28.20838801447755	3.506138020525633E-5
47.0	26.272647020259	23.547537093819088	22.479264553377163	27.699078868670945	0.0014724638738000298
48.0	21.90911831303848	24.211725448134207	22.290689604408083	31.588466634419234	0.0
49.0	21.931246806175047	26.369095060147302	22.838661106519716	28.85927963431449	0.001717392843448777
50.0	26.814815645535887	24.73861783303994	20.20576234085153	28.24073408848215	7.009209049309435E-5
51.0	25.330561266450967	26.866703554359294	20.61939084846482	27.181206760189465	0.0021375705354474022
52.0	22.707708602303615	26.675357664162085	21.350961577139714	29.265972156394582	0.0
53.0	22.82657498032649	24.122338141326654	23.76699305718968	29.28266238586049	0.0014314352966806761
54.0	22.252893900160835	28.64372027941755	22.67930276181256	26.423978324158014	1.0473445103612047E-4
55.0	24.848993919377094	27.098838318367324	22.543523029645648	25.507287139907238	0.0013575927026955525
56.0	26.262719781252482	25.554769717836308	24.091603308500552	24.09090719241066	0.0
57.0	23.23587132690346	27.843092352887332	22.42560014255093	26.491016263543816	0.004419914114456286
58.0	25.525557188750998	24.371509740711662	22.384811004025458	27.71780888272729	3.1318378459636875E-4
59.0	27.884725125752635	21.323214201209787	24.519502445460798	26.270052917711705	0.0025053098650751455
60.0	23.453015607046442	23.32237797312637	24.049030273474134	29.17550667672587	6.946962718429875E-5
61.0	25.67426946326581	24.344868355425763	22.574498561363974	27.40063269420197	0.005730925742484847
62.0	25.23257045708322	21.641616609967578	24.35990810058922	28.765557517882357	3.473144776303428E-4
63.0	27.764750173302644	24.278310844508287	21.742882783511313	26.21186820941905	0.0021879892587092394
64.0	25.575612090947246	20.970957978090503	23.893529569362336	29.559796383862242	1.0397773767317925E-4
65.0	23.683195465309346	26.388733417455413	22.97236274336863	26.95134169632946	0.004366677537152282
66.0	24.361925396699977	23.808201954839898	23.318556285166533	28.510692566701184	6.237965924071479E-4
67.0	27.192299108844605	24.855632548449382	21.40772473292368	26.543685188855914	6.584209264190357E-4
68.0	23.820815439861477	22.175950134259516	26.1223724621244	27.880654051227566	2.0791252704162303E-4
69.0	22.457097810927173	24.689553609328033	24.6650900491177	28.185694361426577	0.0025641692005162987
70.0	26.565746009235397	22.35713668044482	24.114802580377372	26.96196883485239	3.4589509001919716E-4
71.0	23.744171706956205	22.846977741294697	26.111546446746836	27.296441484852217	8.626201500475993E-4
72.0	28.777565176950514	25.536916757460943	21.587900475212297	24.09596155796769	0.0016560324085542356
73.0	25.02725314515094	22.62587158318005	22.893952837569877	29.44902419941299	0.003898234686147261
74.0	24.88365483186002	26.210086329287524	23.20987799106767	25.695311562219313	0.0010692855654727
75.0	26.160160729837635	24.797647687784018	21.716980969380277	27.322934181821317	0.002276431176759707
76.0	26.00689115221583	24.720301306835623	24.834946902258075	24.437101853161202	7.587855292701518E-4
77.0	24.634775126184895	25.58617561902594	22.986637420396168	26.79158410975629	8.277246367064836E-4
78.0	27.212885554964288	26.976923519952106	19.23318201460261	26.57631916469026	6.897457907400937E-4
79.0	26.888934027798133	20.427935252411377	23.579960761336295	29.10075590812952	0.0024140503246725255
80.0	23.42185169539016	23.517790173375523	28.46069091567449	24.597391176901656	0.0022760386581717547
81.0	25.561608377838645	24.442340114509726	22.37339909326063	27.622204113949696	4.483004413000575E-4
82.0	22.958850976387993	22.403663821418707	23.7512168426541	30.885130398289885	0.0011379612493159301
83.0	26.0453405020393	22.54963082911381	23.453385710128096	27.950711928088573	9.310306302180819E-4
84.0	24.66713928394345	25.963997873222254	23.770085946922965	25.59753558594313	0.0012413099682017762
85.0	25.167198047928096	28.414203619414934	20.586504237660684	25.831404511873412	6.895831228668178E-4
86.0	27.067692762795197	24.394963114255305	22.041943247979706	26.493435657932253	0.001965217037535301
87.0	21.692643961097836	22.349781597663938	25.50649690927081	30.450353546323015	7.239856443989368E-4
88.0	25.638360548699286	26.25289106165955	25.633844476826862	22.47417996236147	7.239504528310082E-4
89.0	25.705086551173178	26.584197581083014	23.276551810912878	24.4331298896716	0.0010341671593324107
90.0	23.01241412783108	26.090213304588914	24.718223462574056	26.179011220044064	1.3788496188687298E-4
91.0	26.95621540981527	25.01527000681118	23.126028915808835	24.901796276738022	6.893908266899037E-4
92.0	26.68511625550325	23.780150480536076	21.992259169272163	27.542439626656062	3.446803245096319E-5
93.0	25.82502821986506	27.40544406434991	21.044970832292144	25.724315614417552	2.4126907533626875E-4
94.0	28.2138498438178	22.669735050332267	22.604111987961755	26.50813274470182	0.00417037318636157
95.0	22.955900710598456	27.733088218568476	23.25950250525763	26.049199413544315	0.0023091520311232334
96.0	26.6850356523747	23.300282944414004	23.40987651768144	26.60352974018052	0.0012751453493381306
97.0	25.934105999975188	25.564233658141877	23.191612688899212	25.309875346852245	1.7230613147922746E-4
98.0	27.977383436758256	23.458240407120194	23.321814618062923	25.242527078399856	3.445965876667503E-5
99.0	21.60405428263057	22.423295796103567	26.74910870753722	29.223472314900718	6.889882792758871E-5
100.0	22.661764928781956	24.571396485464962	25.09366443948085	27.673174146272235	0.0
101.0	24.69854658913121	21.716804989972793	27.904014395636118	25.68049624160639	1.3778365348513416E-4
102.0	24.680249021318108	24.598950560890483	23.996032910719133	26.72476750707228	0.0
103.0	26.169501613343215	25.20407896150847	25.041332447900448	23.58484587130178	2.4110594608595494E-4
104.0	25.91061296271166	27.636708188473136	22.9010799159874	23.550875636414737	7.232964130697595E-4
105.0	27.272320201486487	23.2410404715864	20.544760269796797	28.93819349674259	0.0036855603877347302
106.0	26.97673521461303	23.22500268662392	24.561735862158283	25.236354017122746	1.7221948201890833E-4
107.0	26.285435984974516	23.334862609675636	22.837606696301563	27.541440288991897	6.54420056390343E-4
108.0	24.47607427373589	23.9189076103408	25.11286077307692	26.49198515461986	1.721882265266983E-4
109.0	26.08287075935593	24.701106045371276	26.05670032093222	23.15866861337998	6.542609605928293E-4
110.0	25.318475011113094	23.69639329653874	22.57575241087916	28.409310416423487	6.88650455146302E-5
111.0	24.915925198131433	23.87865545049529	24.258649108085745	26.94597830289929	7.919403882367241E-4
112.0	26.709659426415065	23.379258460971673	23.28908384448924	26.6218605443875	1.377237365138335E-4
113.0	29.207703132009765	21.573224892052792	22.327899907348396	26.890414604729536	7.574638595056034E-4
114.0	26.42999786526371	22.63540081395429	27.110634429853253	23.823312697549184	6.541933795629988E-4
115.0	27.184577343471034	22.96794613763854	26.862348031760142	22.984474249374085	6.542377561986445E-4
116.0	25.477709638209884	24.912109139616483	24.796585599327862	24.813561189599785	3.4433245987666015E-5
117.0	25.369941294900418	26.816134140584406	23.33060278350803	24.482667550910293	6.542300968570442E-4
118.0	27.047981089228745	23.929700963960382	25.01917074270918	24.0025618379121	5.853661895932221E-4
119.0	26.754921051408264	21.846524144271644	24.30001670049809	27.098056027588534	4.820762334695199E-4
120.0	25.29995898967924	23.875065552811204	24.111899294353904	26.713041729636966	3.443351868896443E-5
121.0	27.636553337798308	23.85584443981495	23.413295409741792	25.093583693314763	7.231193301848947E-4
122.0	27.33196055205091	22.67998815459629	24.457384094102093	25.529909644362412	7.575548882950883E-4
123.0	24.861006565214485	27.24484813508103	22.939684459249598	24.95377215751281	6.886829420810759E-4
124.0	24.977712337121	25.199642020018093	22.5506727964483	27.271903977620397	6.886879221011318E-5
125.0	26.85428617570726	23.249791929874945	24.124667836749058	25.77028989324978	9.64164418958365E-4
126.0	24.46280046913922	22.918780100287805	26.263807479368413	26.35450864691351	1.0330429105364179E-4
127.0	25.42480270683672	23.710130734483588	27.35014569288312	23.513922261776123	9.986040204486555E-4
128.0	25.862035717655452	23.55356305341808	24.778770508795116	25.796918592919145	0.008712127212208825
129.0	24.02496266378606	26.317029135848724	22.733372428604927	26.92133000598826	0.0033057657720323265
130.0	26.20306915428659	24.89742338564296	23.674975300687656	25.22449772325544	3.443612735444107E-5
131.0	26.043704164898923	24.278071330574733	24.13026948697746	25.54726628575207	6.8873179681861E-4
132.0	25.940824343297187	26.311985103980458	21.613932888707215	26.127231208910338	0.0060264551048034975
133.0	27.281906397843947	24.69958558065887	23.462595159069668	24.554156556428044	0.0017563059994724196
134.0	26.397103136202876	22.77164985553562	21.571579603489184	29.259495218383996	1.721863883216304E-4
135.0	25.876407876186104	23.528139616411636	26.279701168314258	24.315269219193056	4.8211989495296236E-4
136.0	27.323134714883157	26.522939659589944	24.46897022927262	21.67858441651468	0.006370979739595674
137.0	28.34697028294073	21.635827840728876	23.664719416561947	26.35200032509652	4.821346719228529E-4
138.0	25.64787849172544	24.447975326982565	26.6062789330628	23.29628317218803	0.0015840760411598052
139.0	26.673944260974075	24.09130511141951	24.39651639697096	24.8368223314244	0.0014118992110582701
140.0	27.266838597613745	21.370380790659667	25.584261603186636	25.778174641574253	3.4436696570346075E-4
141.0	26.048418173672193	24.795347656730236	24.568819010223404	24.586967474302014	4.476850721478931E-4
142.0	27.96891390127302	22.23137496099946	23.190667696120197	26.608733503546723	3.099380606004671E-4
143.0	27.31238118852798	25.299060528418327	24.064902058021325	23.32334628206188	3.099429704934292E-4
144.0	29.434617499916488	23.60791266193279	21.915584359678224	25.040990084893643	8.953935788571403E-4
145.0	28.304443025585606	21.841024443631703	23.00655499007832	26.846772199458492	0.0012053412458820376
146.0	27.660866283066248	21.518082346896183	23.979307893747183	26.8372320158032	0.004511460487182631
147.0	26.35262790670444	23.790292307999607	26.257026336579514	23.596540710909256	0.0035127378071837553
148.0	24.366008786128443	23.442349469705213	24.818470982219733	27.372550856365123	6.19905581492099E-4
149.0	26.861715683775934	25.051453155586906	24.560134067499376	23.52438962230491	0.002307470832879875
150.0	25.435219182672718	24.568414316745404	23.87873824235751	26.117593817471587	3.4440752778421624E-5
151.0	25.9928072618964	24.295742631955264	25.344758228390447	24.36620969841749	4.821793404062154E-4
152.0	27.24229938517695	24.428324086246747	22.58757465720799	25.741595219734403	2.0665163390836446E-4
153.0	26.05255934116386	23.161626810836726	23.832455691092893	26.952531546385078	8.26610521443138E-4
154.0	23.021046018533063	24.649887440448143	25.14193938592358	27.184922806466457	0.002204348628757381
155.0	27.2552036535822	22.669656195048812	24.12367497009553	25.951189564028642	2.756172448197739E-4
156.0	26.711438900302255	23.10274128583108	25.12882668749438	25.056407433068173	5.856933041129796E-4
157.0	24.571956980711878	22.34388695033819	26.09529262928112	26.988312193024527	5.512466442860529E-4
158.0	25.78657414744734	20.87449956244014	26.27054291876546	27.068107743086898	2.7562826016551477E-4
159.0	26.506876311832713	22.022527346070255	24.295555307487387	27.17424859462491	7.92439984730026E-4
160.0	26.99680571725274	20.56282910570075	26.038072983727456	26.40225773875377	3.4454565281581654E-5
161.0	25.063466993028964	19.85221355781767	29.637845347269888	25.4424772662747	0.003996835608773192
162.0	25.677698337496768	22.59267809458179	24.672926177965373	27.05666293393057	3.445602549745887E-5
163.0	25.38371684343278	23.847953579083022	27.478688140475647	23.289538065014092	1.033719944592611E-4
164.0	26.483176782053675	24.03730352983824	24.35025676844941	25.127092026239556	0.0021708934191261224
165.0	27.043355255336486	22.490769153897975	26.0866209158998	24.378565484302822	6.89190562913622E-4
166.0	25.201663760484657	23.041359679653738	25.391025066681372	26.3658825718677	6.892131253747596E-5
167.0	26.91938558157503	22.699833655030098	26.15985727484414	24.220406568196786	5.169203539457048E-4
168.0	25.849805613481507	23.791455539921007	24.546359659688328	25.812344724269593	3.446263956938242E-5
169.0	26.965401110285512	22.671901946377098	25.090053887584624	25.2722639540446	3.791017081633694E-4
170.0	31.25827371776115	22.337288864028245	22.501582798180394	23.902613366088726	2.4125394148626902E-4
171.0	25.293559307079406	22.833899370592302	26.273066851217557	25.598543904478372	9.305666323620746E-4
172.0	27.577069921459447	24.009369314976535	24.2695514838482	24.14373359000046	2.7568971536070727E-4
173.0	29.110397323676185	19.317162498522514	24.119169190021267	27.4516168939495	0.0016540938305401548
174.0	25.09240656822372	24.962420524837604	23.94727501421507	25.997312059548218	5.858331753881144E-4
175.0	25.478192993429726	24.54370792344501	22.87624000372195	27.100101492053806	0.0017575873495065833
176.0	24.476501275338325	23.899023395160505	28.334705572785612	23.28801209546651	0.001757661249049226
177.0	23.61213747235718	25.61713799626098	23.176263297505667	27.56771456618008	0.02674666769609168
178.0	24.91140290989272	22.40318249914961	24.84602561535474	27.839009876899755	3.790987031722635E-4
179.0	27.542073778526554	23.26224644404708	23.94055557929944	25.253469785601922	0.0016544125250057562
180.0	28.328806272426572	21.135167144247983	25.57290756158519	24.962808081408326	3.1094033193225924E-4
181.0	28.669147147959865	21.50730249216731	25.536729107840028	24.28599065649233	8.30595540463327E-4
182.0	26.716790436251888	22.238108898087937	25.493120381132584	25.551807268938546	1.7301558905060462E-4
183.0	23.847434500366642	23.14754672464633	26.399593874762132	26.604836613837396	5.882863875028593E-4
184.0	25.568555223440516	22.397243041417017	25.869604413957692	26.16079051454529	0.003806806639486067
185.0	25.185198257030855	25.09381452181324	23.124721670609556	26.595573511657918	6.920388884332966E-4
186.0	27.82524982083355	23.339288822539917	24.322792359671404	24.51266899695512	0.0
187.0	25.167549595616578	22.423228180581482	27.064751629202437	25.343777058735206	6.935358642999987E-4
188.0	28.425307661949518	26.776768132859747	22.680735572678135	22.11663375552536	5.548769872399101E-4
189.0	26.04610462849794	21.94502904343266	24.225184755631457	27.782467672099852	0.0012139003380885855
190.0	29.205714614737317	20.652280233673743	25.865020877601548	24.276568040030607	4.1623395678242825E-4
191.0	26.137997657876173	24.009514443676093	24.63014250815747	25.221685147668477	6.602426217887015E-4
192.0	27.928309921126733	21.89697609612432	24.337723831654547	25.836816375499865	1.737755945384416E-4
193.0	27.98621216113529	23.38565416801947	22.235983951267023	26.391871626821768	2.780927564484496E-4
194.0	27.70134410172122	22.742031476398264	24.493180762631024	25.063443659249497	0.0
195.0	27.286271695494317	20.633241749644824	24.689244792698894	27.390615905520683	6.258566412777489E-4
196.0	28.51367825246429	22.271079489107194	26.435334288316614	22.7797684886204	1.3948149150348494E-4
197.0	25.49786471221134	24.020339727861977	23.14362491477159	27.337507999700065	6.626454550368902E-4
198.0	28.5255218698987	21.78929118495494	24.235643686128938	25.449473378206132	6.988081128826673E-5
199.0	25.858943580162176	23.062050166134238	25.89433001508211	25.18422122017048	4.550184509981879E-4
200.0	27.293077328046326	22.61356699206389	24.08576541156308	26.00752026031778	7.000800891622001E-5
201.0	25.727305156082025	20.045144466844754	29.92035656287337	24.30687875511052	3.1505908933220425E-4
202.0	25.27758795011329	25.875405056448837	28.22105649364653	20.625950499791344	0.0
203.0	25.8372198805865	23.57318865421174	23.030957097350612	27.55786400335319	7.703644979622108E-4
204.0	25.697912190625676	22.181271736705654	25.377300706956202	26.743375284234073	1.4008147839190664E-4
205.0	27.881770880211366	23.174326558615324	25.30497788203354	23.638049136171794	8.755429679715876E-4
206.0	25.57431608855613	21.254844051658676	25.55210980691043	27.61862497583228	1.0507704248755187E-4
207.0	26.784214180669398	22.853978999230005	26.92689806702394	23.43452340499173	3.853480849251128E-4
208.0	29.242984697676356	21.43733853863913	21.49858567468731	27.821056050589853	3.503840735021694E-5
209.0	27.12372078418619	20.442115769162566	25.071543567807463	27.361848897461577	7.709813822014041E-4
210.0	25.637847691880072	23.653195083198593	24.827786117947014	25.880610292419227	5.608145551005558E-4
211.0	25.88537888511909	25.770940787049422	25.450486063900918	22.892317746635314	8.765172952639668E-4
212.0	29.723380993286124	21.063844787775068	24.822612445417526	24.389811014601744	3.507589195362546E-4
213.0	30.302761225617196	20.791143749811354	22.97456656893307	25.931177485099543	3.509705388310295E-4
214.0	28.298538119839684	23.862741110475376	25.149038297740812	22.689647348324797	3.5123619334428485E-5
215.0	24.79902915595943	24.35787407411842	23.69017228185327	27.152607541015588	3.1694705329042105E-4
216.0	27.010359619404728	23.416268505366936	26.07448304376418	23.498853188527967	3.564293619379777E-5
217.0	29.9333450963853	22.36181282975995	25.68896338821801	22.01537660415035	5.020814863907227E-4
218.0	24.55538361317227	23.891408208119092	25.62604711526406	25.9268358863947	3.251770498709589E-4
219.0	27.020008428826586	22.217292230336845	24.77545934368267	25.986583205471803	6.567916820982304E-4
220.0	28.345782284577243	20.661462983075822	24.695538371063456	26.296776943453516	4.3941782996434123E-4
221.0	25.52531999726679	21.63959009324289	24.718692346474256	28.116286757441056	1.1080557499783005E-4
222.0	25.460243172952367	24.00548722426344	24.328559115032167	26.205337511660165	3.729760918595357E-4
223.0	31.757238482661425	21.744542396679055	23.86762475476894	22.629803449825225	7.90916065350758E-4
224.0	30.621740190288737	21.000664886090146	24.883795873178073	23.493685846227923	1.132042151212153E-4
225.0	31.62196903943133	19.071955798543012	24.380207088250994	24.924769402068762	0.0010986717059075577
226.0	24.983427658376026	22.08884307812566	25.789169160500734	27.138445150338917	1.1495265866340711E-4
227.0	27.969566209243695	23.2273621564744	25.44400624856939	23.357791585429734	0.0012738002827836627
228.0	27.578936592073592	28.0068188154945	22.979920092975387	21.43428572093346	3.8778523057903705E-5
229.0	28.49238783710198	25.1781848466122	21.55972190429464	24.76970541199118	0.0
230.0	25.18793221656368	22.75802008674914	27.619653750797024	24.434354611011486	3.93348786696E-5
231.0	24.516791201242818	25.650461862866862	24.83751931916661	24.993590229992932	0.001637386730777679
232.0	25.324631251910155	24.48964429017273	24.35827772041451	25.82724593259622	2.008049063867607E-4
233.0	23.51750240283199	25.180664135859594	22.657924026249034	28.643462774275104	4.466607842794895E-4
234.0	27.66610371871932	20.34744998622574	27.54083437724451	24.44412504135375	0.0014868764566742787
235.0	26.02602185395602	21.518148486365344	28.040116851186454	24.415462734616185	2.5007387599086564E-4
236.0	28.69178979895233	23.618299644881496	24.484985095514777	23.204587010802474	3.384498489244487E-4
237.0	27.84889303518649	24.015874937961875	22.66323062150689	25.4718308537981	1.7055154664670077E-4
238.0	27.722926967378392	21.589630003038423	24.88562757230064	25.801729138469188	8.6318813358009E-5
239.0	27.48881978897352	23.397473971071204	24.854176856963175	24.258131856613794	0.0013975263783103907
240.0	27.763808257095096	21.013039883530745	25.20696658698348	26.01591566763125	2.6960475942268636E-4
241.0	28.907422739790135	21.815277452797925	23.084513760146873	26.190266203495383	0.0025198437696862795
242.0	26.791318569597312	24.075778036980605	22.072534092539016	27.059106363669986	0.0012629372130764519
243.0	27.746046121093066	23.50111418560963	24.046253954782728	24.70382908379191	0.0027566547226692373
244.0	28.480025357437995	21.51759738275015	25.825735535506073	24.17492104101339	0.0017206832923916367
245.0	27.613836187791108	21.573151989885265	23.540193720435106	27.27054737285734	0.0022707290311798343
246.0	25.582230336500878	25.708510314912687	22.960566972074606	25.74577997340612	0.0029124031057138617
247.0	25.97333454989222	23.017370179860627	24.82669738477857	26.04578063162217	0.13681725384641705
248.0	26.864803754753396	22.807614566798755	23.705831972501684	26.611654809350345	0.010094896595827291
249.0	25.52127705427224	20.207538743286012	29.52972496600018	24.72609856324975	0.0153606731918195
250.0	26.991598553870528	22.245360457144535	24.280886939804034	26.480913406840628	0.0012406423402741911
