# Position (bp)	A	C	G	T	N
0.0	23.65364986572698	24.355503252434087	25.296312300974765	26.69450222397021	3.235689395173613E-5
1.0	22.509255389386098	30.466930382018404	23.31078961202614	23.637226481890632	0.0757981346787193
2.0	23.808891068585552	27.20612548449261	22.295140054905808	26.68892534243652	9.180495795091335E-4
3.0	25.791013332230506	21.872897503660486	24.963572151438793	27.365887184461613	0.0066298282085995
4.0	25.93318905808545	23.631581325429547	23.59416452234243	26.840856061723095	2.09032419481114E-4
5.0	28.553181899880066	23.994838890403198	22.10014049615848	25.351212287334317	6.264262239364527E-4
6.0	25.417431105868936	23.784585762943195	24.090040756194323	26.70215396278548	0.005788412208066001
7.0	25.77708846602113	25.792471522536818	22.682693004935224	25.746994661391078	7.523451157514975E-4
8.0	27.393150398480998	24.218657271836904	23.444059862326807	24.94405259383661	7.987351868569083E-5
9.0	26.326429816763575	25.723947764801313	22.288153211005664	25.661246012787142	2.2319464230826624E-4
10.0	24.75507235202547	24.288953133831335	23.14598930379057	27.80998521035263	0.0
11.0	27.103481007499308	22.924309595001567	22.747830810442867	27.22425555173804	1.230353182108573E-4
12.0	28.142108289710748	24.569491568502297	20.502950339618486	26.78543467338546	1.5128783008924317E-5
13.0	25.24139489241178	22.50191757584343	25.227766767189035	27.02884604895695	7.471559880891381E-5
14.0	26.36238536040941	22.23373489632536	23.73942620884802	27.664394436132927	5.909828428815969E-5
15.0	25.06066906816276	23.857666459480292	24.353485220770104	26.72817925158684	0.0
16.0	26.6058399130241	25.144320801760735	21.210438541734604	27.0392860751837	1.1466829686762046E-4
17.0	28.165657317714494	26.430262976422608	19.00054550816356	26.40238487423037	0.001149323468960978
18.0	25.525953067261646	25.924857405929107	19.92180845911561	28.627255814264196	1.2525342943889804E-4
19.0	24.874573790566874	24.66389184023417	21.57542772647617	28.88566330594297	4.4333677981498723E-4
20.0	22.602442977189227	26.35406767707821	23.605986203478498	27.437475668994477	2.7473259589609942E-5
21.0	23.420041968347626	24.239361127314783	23.789762477880057	28.55065749413197	1.7693232556310074E-4
22.0	21.85058678228851	26.769344198440297	26.227861613008724	25.15216701419552	4.039206694419607E-5
23.0	24.49993769069662	24.803846292998443	23.18342920926144	27.512505410189515	2.813968539831724E-4
24.0	27.614915682544545	21.886339807699517	23.964222204879633	26.534482555303914	3.974957239397497E-5
25.0	24.4454508867231	26.014968070422196	19.51355474248295	30.02577738277029	2.489176014614345E-4
26.0	26.183307680500974	25.809235878867597	19.449924122033277	28.557441189531147	9.112906700889537E-5
27.0	25.40002630253025	24.82139660204025	20.214572043162633	29.563927157310555	7.789495631456113E-5
28.0	27.66413463213984	23.618931669456703	22.676867517681426	26.03720471395213	0.0028614667699018866
29.0	27.416308947535022	23.565274041294753	22.648286659101018	26.369851239166138	2.791129030723353E-4
30.0	23.961536742145437	24.25178675206222	25.55644474275241	26.229954722811804	2.7704022813003514E-4
31.0	26.050213147744845	24.362900012280118	22.6433202428957	26.943102960009423	4.6363706991396403E-4
32.0	23.89810311603823	22.880280489835048	24.37906617348064	28.84219047834066	3.5974230542220974E-4
33.0	23.96776303064354	24.829331343851795	25.340468449217564	25.862351211035485	8.596525161722129E-5
34.0	25.933882669275388	26.263406304151705	22.86047994626702	24.942145843980263	8.52363256276042E-5
35.0	25.217194970621016	22.391574110366726	26.085830351482137	26.30525606590719	1.445016229338526E-4
36.0	23.864779830328136	25.17688789905347	26.34628738731412	24.61181629933624	2.285839680348179E-4
37.0	25.17643929183519	25.715609626390663	21.48122296286203	27.626704066525054	2.405238706111459E-5
38.0	26.649375950796	25.569467667255037	21.011718483708737	26.769281598889457	1.5629935076856598E-4
39.0	23.083226332707717	27.60848132515537	21.56155362744742	27.746558410321292	1.8030436819786743E-4
40.0	25.702229585468846	26.30764229283808	22.554525782680464	25.43551821051474	8.412849786764303E-5
41.0	23.389719628302043	24.69846616732176	21.501620521664858	30.405519158758732	0.00467452395260922
42.0	24.49447061179945	26.28278213673405	20.771368848443732	28.451354372391403	2.403063136518858E-5
43.0	26.038995511829157	25.39642265428831	22.8650073205035	25.696126602482668	0.0034479108963715362
44.0	28.924057034038757	24.805045455560983	22.94138307039504	23.3292862192884	2.2822071681965063E-4
45.0	25.216363068415802	24.575683628993197	21.709097403042694	28.495301039592373	0.003554859955931746
46.0	25.01099092709626	24.429627624627987	22.291773718877003	28.267595720737624	1.2008661126751058E-5
47.0	25.024551861732945	24.061028621845377	23.719505891306124	27.193232607562006	0.0016810175535455123
48.0	22.878495038371042	24.038239120181892	23.060846171196395	30.022419670250667	0.0
49.0	22.047290215623754	26.152812432634082	24.47116702619163	27.326965908583517	0.0017644169670176456
50.0	26.871024789053905	24.809876975866242	20.293659285378666	28.025342935548696	9.601415248607644E-5
51.0	24.557502345639858	26.792481040786114	21.89768654331703	26.750206124714964	0.0021239455420363025
52.0	22.59662505903543	26.008247301729252	21.36078682778176	30.034328839757045	1.1971696515099002E-5
53.0	22.34528562607712	25.042989319253174	23.964428562727143	28.64568416853676	0.0016123234058003037
54.0	22.80723145662614	29.14655493824787	22.008223904592008	26.03794193157144	4.7768962546506077E-5
55.0	23.900718590798085	28.977403582147666	22.19673872987918	24.92367363088812	0.0014654662869480687
56.0	26.19616204589229	25.635326694514255	24.767841468888754	23.40065787780799	1.1912896711373385E-5
57.0	22.923623734833516	27.648635137129506	23.04241725578033	26.380356771260473	0.004967100996171758
58.0	25.53155531290911	25.088920077214926	22.061861981176477	27.31738869864645	2.7393005303285824E-4
59.0	27.192865978433638	22.922882880780044	24.51316585961823	25.36841768052362	0.002667600644463734
60.0	23.644741746720893	23.312726021036937	24.017456864648658	29.025039697661658	3.5669931852595196E-5
61.0	25.013618665477782	24.313841581215634	22.933000445831475	27.733571110120376	0.005968197354733244
62.0	24.86683797476029	22.183102317057877	25.196793293187085	27.753052428479464	2.1398651528309524E-4
63.0	26.040694502841138	23.940351088663007	23.33791115880323	26.67876087501015	0.002282374682473538
64.0	24.566324399648398	22.397792145166527	23.47689673895503	29.558951119447613	3.5596782430567286E-5
65.0	23.236254486446544	26.50224400930136	23.81505666350396	26.441770192138737	0.004674648609392888
66.0	24.399365847170973	24.310801324445954	22.866090323000094	28.423244218717947	4.9828666503023E-4
67.0	26.53045535873805	25.42048892477407	20.796208107999735	27.25213581017003	7.117983181154807E-4
68.0	23.316378290965893	23.091223173562568	26.80477604064845	26.78746827898926	1.542158338378959E-4
69.0	22.829792347408784	24.600297171884968	25.212422382646643	27.35489027581755	0.002597822242055824
70.0	25.13733444272377	23.24406688321494	24.965643441518644	26.652659131892115	2.9610065053312925E-4
71.0	24.77026083555428	23.263481794228156	26.15543896311986	25.809802802690264	0.0010156044074397037
72.0	26.71534696372204	25.776976555145737	22.09116745332591	25.415009392205956	0.0014996356003572676
73.0	24.73222512783626	22.916281949619265	23.606670958180413	28.74109089775602	0.003731066608040118
74.0	24.870301215701044	26.325742236431832	23.118862905710856	25.68431442229702	7.792198592445581E-4
75.0	25.509411767344826	24.337968647787527	22.181519730988132	27.96905744906945	0.0020424048100640265
76.0	26.72051103154281	24.08271561651857	25.602056970431047	23.59389000449785	8.263770097193743E-4
77.0	24.16079360106375	25.18025280605084	24.571127111547206	26.08702375755475	8.02723783454399E-4
78.0	26.787996715594364	26.974314493643902	20.49174483813348	25.745436371251156	5.075813770989671E-4
79.0	27.41266186761633	21.26415650011243	22.591463576577155	28.72925105187023	0.0024670038238559272
80.0	23.58418565474951	23.526172086538537	28.41164633890122	24.475529015282532	0.0024669045281980172
81.0	25.175634464083842	25.051679412720752	21.880002256732606	27.892188140681313	4.9572578149399E-4
82.0	22.68109862025101	22.27930572434786	24.469887249428258	30.56843373474068	0.0012746712321928134
83.0	25.085866445604776	22.685241026776453	24.083770622168522	28.144295755880826	8.261495694226466E-4
84.0	23.200327985551265	26.413151333137584	24.63947788552228	25.745980666413015	0.0010621293758550142
85.0	24.86010210932233	27.365347948319652	20.949817550657855	26.824083336765458	6.490549347115642E-4
86.0	25.366830221542514	25.27050277193653	22.83873914059347	26.522075188040905	0.001852677886578352
87.0	21.788717370218368	22.020338375053985	26.314796415650495	29.87536904309574	7.787959814127359E-4
88.0	24.88733068925005	27.48180152431445	25.14299961191846	22.487195609970616	6.725645464324994E-4
89.0	26.176203063466417	26.64005679562295	22.3383688673712	24.844262168387885	0.0011091051515456501
90.0	23.153862363245896	25.49722061434133	24.802203120623474	26.546631311902598	8.258988670319342E-5
91.0	27.02418432398983	24.42909905621143	24.29063661927962	24.255572682456055	5.073180630596352E-4
92.0	25.106653269310108	24.28145821661081	22.918481285287363	27.693395431189956	1.179760175991904E-5
93.0	25.981429912104414	26.179211198915596	21.193754287571515	26.645297872302777	3.0672910570179914E-4
94.0	27.77470663291789	23.51472592332535	22.943882279439105	25.762320284939328	0.004364879378327925
95.0	23.718047929756878	26.708372891017085	24.237944422319405	25.33301592814123	0.0026188287654039036
96.0	25.88453631498958	24.505274943980705	23.8276290142444	25.781368328820175	0.0011913979651394597
97.0	25.50074642499231	25.019203221989244	23.311626300581853	26.16817634502764	2.477074089521929E-4
98.0	27.81753606406766	23.018488831789718	24.352854322291822	24.8110971914843	2.3590366496395335E-5
99.0	21.633786193845435	22.07321455252945	27.297213694947185	28.99575017987175	3.537880618463987E-5
100.0	22.587222236176473	25.19750082870573	24.48719005491804	27.728086880199754	0.0
101.0	23.323502124173217	22.81250486411376	28.49204455032949	25.371865918847007	8.254253652743077E-5
102.0	25.306164469826726	24.417424274943762	24.54560013283401	25.7308111223955	0.0
103.0	26.06871894287257	25.704983526603886	24.71611987255228	23.5100361542108	1.415037604624343E-4
104.0	24.963911521734566	27.47194579216951	23.04342196834968	24.52026084169581	4.598760504335452E-4
105.0	27.692679782617258	23.432511516884475	20.995646543378083	27.875883916313825	0.0032782408063623345
106.0	26.805775689854478	22.774398509109876	24.508110146536037	25.911621318247708	9.433625190043326E-5
107.0	25.390915052232653	24.935430697265925	22.707122038605856	26.965765740694774	7.664712007879796E-4
108.0	23.51750574717116	24.490347924197355	24.212059502927026	27.779980707757186	1.061179472685771E-4
109.0	25.57426193524548	25.007772763881647	25.506927457387157	23.910354005328514	6.838381572023662E-4
110.0	24.46261001285586	24.30666316423902	23.0677776342013	28.162902028546988	4.7160156835817576E-5
111.0	24.838848500140305	24.11767549454929	24.556739052002836	26.485994156666422	7.427966411443313E-4
112.0	25.540196943719824	24.75616654644867	23.371179797151882	26.332362393233332	9.431944628825862E-5
113.0	28.47606050052734	21.956611595093428	22.84493338618142	26.721557468639524	8.370495582854114E-4
114.0	26.640599854987883	22.175146338444126	27.796865144628953	23.387046763459303	3.418984797307255E-4
115.0	26.952549296844087	23.638586019697517	25.952640790352998	23.455563630669946	6.602624354534517E-4
116.0	26.373633370150944	24.412505977752854	25.288700702993168	23.925100996905247	5.895219778509519E-5
117.0	25.847041864735992	26.704182229045998	24.011107524201616	23.436949166051402	7.192159649909249E-4
118.0	26.18388256794199	24.32052113423333	25.097176207038853	24.39805458940046	3.655013853681542E-4
119.0	26.780623488667654	21.837525457353973	24.294271389394673	27.087049088110003	5.305764736967892E-4
120.0	25.099021936568892	23.89801324159749	24.734202413878563	26.268691665367754	7.074258729694225E-5
121.0	27.736720314648466	23.293918954768696	24.39350960897915	24.575202639017572	6.48482586120256E-4
122.0	27.0236399651001	23.80854575895489	24.5191242011932	24.648242035513004	4.480392388049143E-4
123.0	24.291918037178313	27.604538063060513	23.530861979196143	24.571950918139045	7.310024259848253E-4
124.0	25.362607189879316	24.639155457350363	22.58739871115706	27.410744319353476	9.43222597821321E-5
125.0	27.056824480153047	23.444556201667147	24.493346187706464	25.00435350123484	9.196292385033672E-4
126.0	23.910060058997885	24.70906638558961	24.712461947307485	26.66830549680133	1.0611130368347706E-4
127.0	25.97267104413193	23.04528781895012	27.240684229582655	23.740390128337555	9.66778997740213E-4
128.0	25.710613904671405	22.86657839726184	25.29948913001187	26.114016088926512	0.009302479128373033
129.0	24.37179154789624	27.011003337892564	22.35921128538044	26.25481050435768	0.0031833244730802165
130.0	26.606583557200686	24.32229353357892	23.322928438493513	25.748170890228657	2.3580498220556653E-5
131.0	25.55184118415308	24.653282431785712	24.75498648760339	25.039253214448298	6.366820095240554E-4
132.0	26.169705703173424	25.95640543957528	21.972037633566156	25.895790954187074	0.006060269498062305
133.0	26.892674258366167	25.613001594992607	24.674021616818827	22.81832175839682	0.0019807714255800596
134.0	26.200404638725526	23.424656080663645	21.386264920463496	28.98859182893874	8.253120858701855E-5
135.0	26.2708079601685	23.921853206833983	26.442058400821534	23.36482062032156	4.598118544212089E-4
136.0	27.854275633272785	26.98499122922231	23.54305934252298	21.61142495484918	0.006248840132739513
137.0	28.914642576407346	21.063515889259353	23.978337914062138	26.043291394836345	2.1222543481749263E-4
138.0	25.183461339304326	23.924084897999222	27.259978193554836	23.63142627544596	0.0010492936956548395
139.0	25.867066487977947	23.779594139868372	25.09507133459698	25.25690040155444	0.0013676360022632018
140.0	26.76611912011342	21.115521220499247	25.58664902098912	26.53146304871327	2.475896849421259E-4
141.0	25.260169166698205	25.350304473411146	25.362271423877285	24.02683049245003	4.2444356333104727E-4
142.0	28.620460762120352	23.045427749481227	23.56180437653273	24.771988775702695	3.183361629881154E-4
143.0	26.756055562203883	25.38488610432032	23.907711516547753	23.9511935451353	1.532717927435238E-4
144.0	27.816163237009757	25.183186536118246	22.65867923182445	24.341617290493424	3.5370455412298663E-4
145.0	27.90340602216212	22.329676196162335	22.695531393148908	27.07058466916874	8.017193579029662E-4
146.0	26.90984315114393	21.988208629398773	25.15290393685488	25.944375460103025	0.004668822499385743
147.0	26.625952423731825	23.84935753693331	26.903680292155997	22.617496443074334	0.003513304104529521
148.0	24.2363500331645	24.256392565776643	23.598926757747797	27.907882633758557	4.4800955250683745E-4
149.0	27.568588882179185	25.319426723732402	23.995704271465144	23.113933954058012	0.0023461685652554362
150.0	25.15843135655158	24.68889376471763	24.489618827437596	25.66303247125092	2.35800422766578E-5
151.0	26.753855138134615	24.45881747191791	24.848089476910438	23.938648392796864	5.89520240175262E-4
152.0	27.509655593865745	23.829405520557863	23.19236093580824	25.468401091193822	1.7685857433359984E-4
153.0	24.421083436285635	23.179760493529628	25.217437851907626	27.180951823983047	7.663942940647833E-4
154.0	22.99977774358448	24.454112893289214	24.758032329170597	27.785506641457957	0.002570392497755328
155.0	27.03178968155836	24.118829311022502	24.066623057286428	24.782569267038113	1.8868309459615156E-4
156.0	26.15922932242824	23.60232493882159	26.213346758325496	24.024804158917284	2.9482150739406444E-4
157.0	24.648845125095185	22.89277297930354	26.454294233155256	26.003781046487344	3.066159586766597E-4
158.0	24.879966856665337	21.67019103528461	25.78767014645736	27.66207761677442	9.434481828185585E-5
159.0	26.268568636601163	21.961080116456092	24.436155354511907	27.333688782214914	5.07110215923992E-4
160.0	25.754909013715753	21.81993796657743	25.62601865720048	26.799063601948276	7.07605580649346E-5
161.0	24.895762744046795	20.431716902061915	28.808130093190243	25.860922958189285	0.003467302511765831
162.0	25.488186750427317	22.96366787862977	25.35103745323343	26.197060742785688	4.717492379185905E-5
163.0	25.106134450966806	24.087779170521348	27.001576153797892	23.804451254577852	5.897013610779175E-5
164.0	25.35689597889118	23.953230737005338	24.704628558212306	25.983475593222614	0.0017691326685561788
165.0	27.048758915333128	22.069051983302256	26.2600591070767	24.62158744619191	5.425480960041214E-4
166.0	24.442558318980982	23.274362294454328	25.668100840193407	26.61486059800294	1.1794836833765694E-4
167.0	26.101783558929654	23.993951910398252	26.506322386199937	23.397552903975903	3.892404962509653E-4
168.0	26.104575417811564	24.606192286800653	23.33885952790846	25.950254812419015	1.1795506030157571E-4
169.0	25.99824502279713	22.267697602730394	25.816507331140652	25.917219761293374	3.3028203844883986E-4
170.0	31.44165410795054	22.726019143352435	23.323600131736764	22.508608657823192	1.1795913706757359E-4
171.0	25.660577892855667	23.450311712976344	26.641792541301236	24.24658649224109	7.313606256672191E-4
172.0	27.391420901093976	24.544203011446214	24.146068739548504	23.9182247914831	8.255642820321006E-5
173.0	28.915532656348734	19.58438757193163	23.271031993706938	28.22770350956653	0.0013442684461636406
174.0	24.049760304252167	25.95042836756194	24.287168406338715	25.712183034300303	4.5988754688199783E-4
175.0	25.872076808772754	24.10838916127255	22.799780143402067	27.218067580314464	0.0016863062381656383
176.0	24.591014766418315	24.26399639796284	28.493901750143813	22.649542209662997	0.001544875812032719
177.0	21.74431967211568	26.25282341685804	24.967437535734977	27.011077134710714	0.024342240580590743
178.0	25.413540767898912	23.11320237428572	23.971231885057723	27.50178913374089	2.3583901675883843E-4
179.0	27.805088018774192	24.09789232551763	23.097800931044343	24.99818095516069	0.0010377695031383682
180.0	26.849626833590147	22.176918971319754	25.437227422122422	25.53608485537	1.4191759767567358E-4
181.0	27.769298233666284	22.593579800063836	26.302400927610936	23.33393934405163	7.816946073139374E-4
182.0	25.25104397602826	23.032848811284403	25.58603773035188	26.12997473423454	9.474810092236092E-5
183.0	23.355076508523826	25.214716667797703	25.895803066215244	25.53396555413949	4.382033237366806E-4
184.0	25.87233509340608	22.043238263822836	26.61464260669368	25.466183591185587	0.0036004448918155133
185.0	25.07178276559979	24.566591718291367	24.290046896810438	26.070962864793103	6.157545053099353E-4
186.0	26.68995961668476	23.432957195296396	24.914484028275073	24.962599159743775	0.0
187.0	24.04046012357279	23.254107229293016	27.962911553391606	24.7419279063808	5.931873617873447E-4
188.0	27.42506960853718	28.18195159690034	22.392338855153856	22.00014165510825	4.982843003785893E-4
189.0	24.875060835246877	23.996577327738667	24.791060143308975	26.336340668840087	9.61024865391264E-4
190.0	29.205961941931154	21.5429709423201	24.76630479535844	24.484572473812445	1.898465778611837E-4
191.0	26.124109002118022	24.128361690531587	24.546547471597048	25.200672843190315	3.089925630243812E-4
192.0	26.712401872038093	23.79820583671203	24.074523527890403	25.414785563779375	8.319958010360487E-5
193.0	27.98656712106625	24.586065034467193	21.502686540125502	25.924443562687067	2.3774165399008355E-4
194.0	27.838903346549102	23.418485128066497	24.124709236976724	24.617902288407674	0.0
195.0	26.27896981165052	21.70599457000878	24.589751500916393	27.42476097397421	5.231434500953846E-4
196.0	27.88623673421134	22.66721677732638	26.274624632301197	23.171802681408106	1.1917475297159268E-4
197.0	25.150729417020656	24.339131026628813	23.743651341679847	26.76588030258764	6.079120830393602E-4
198.0	27.657206967169046	23.18985272786796	24.29515839580192	24.85767437636955	1.0753279152737187E-4
199.0	25.31064082543758	23.52786905662908	25.26760138339353	25.8934815723168	4.071622230099347E-4
200.0	27.284585981890885	23.715710072111666	23.99214690410389	25.00750913671515	4.790517840607016E-5
201.0	24.737692721173627	21.06422905302533	29.003967725461376	25.193870961251196	2.395390884675343E-4
202.0	25.103416208436478	25.208676995990313	27.9752941385025	21.712612657070704	0.0
203.0	25.43593335421216	24.921518697372118	22.657511932440784	26.984424986826934	6.110291480073141E-4
204.0	26.26784128575282	23.228554540573448	23.35243808788219	27.151058246355834	1.0783943570738656E-4
205.0	27.449839456543984	24.64185077199378	25.257075631089883	22.650443285909226	7.908544631272495E-4
206.0	25.16318392363323	21.16895869554484	25.71756825874353	27.950193251373467	9.587070493249984E-5
207.0	25.34890700335735	24.206027122482645	27.013954841886196	23.430859338856525	2.516934172822768E-4
208.0	27.994910090451985	22.47109953913902	21.583434178514853	27.95050824173354	4.7950160603069174E-5
209.0	26.679667220978647	20.670054084384105	25.66628340409104	26.983287913321114	7.073772250910298E-4
210.0	24.8718745379551	24.416044201380764	24.753998753130812	25.957734755980937	3.47751552380917E-4
211.0	24.946823120757756	25.401708233030718	25.721669083524944	23.92903192531848	7.676373681073061E-4
212.0	28.126948365640704	22.472290310860163	24.327590369368128	25.07281097895489	3.5997517611185536E-4
213.0	29.482091084259242	22.915536667206908	22.589652626460897	25.012431494720666	2.8812735228971205E-4
214.0	27.427445693664975	25.383204394217206	24.356584820691157	22.83275307827899	1.2013147669335227E-5
215.0	25.014642044441043	24.96055133526057	23.58151508389356	26.442930450228726	3.610861761046168E-4
216.0	25.45784184010682	24.90317821805076	26.28904001041919	23.349915587521803	2.4343901426674343E-5
217.0	28.631234667643096	22.666671738594786	25.616546036582672	23.084921746693514	6.258104859332527E-4
218.0	24.963982900149173	24.060637107984878	25.874206204929056	25.10086398907132	3.0979786556705775E-4
219.0	26.535621431104882	23.24418432638509	24.42708071294175	25.792562856232458	5.506733358213756E-4
220.0	28.42330604133875	22.259865678167564	24.00093908839767	25.3154993723273	3.898197687161588E-4
221.0	24.967452335782127	22.682353430303888	24.435408461619488	27.914608314481608	1.7745781289076369E-4
222.0	25.967687571739617	24.392284576653395	24.13021741663909	25.50965658701916	1.5384794873888913E-4
223.0	29.976349858691798	22.917981590056698	24.411129377568276	22.693890762724514	6.484109587158039E-4
224.0	29.64780938283882	23.091820818703475	24.603453019493706	22.65683876460624	7.801435776240259E-5
225.0	30.521068109480243	20.274034262460784	23.67254063637761	25.53151956663254	8.374250488225346E-4
226.0	24.97223690765495	23.1351058484885	25.50664079908909	26.385897104907823	1.193398596324571E-4
227.0	26.81808484089734	23.636782509964494	25.727880959536044	23.816044806991982	0.0012068826101491587
228.0	27.25631472144709	27.588669191189474	23.711366606428907	21.44360904687763	4.043405690527432E-5
229.0	27.889650676644862	25.015029680816202	22.092373512476165	25.002932537767215	1.3592295560661123E-5
230.0	25.581619726911775	23.05210196135482	27.555257888445283	23.811006698882423	1.3724405698922222E-5
231.0	25.521767415813297	24.270553703546337	24.22844119642427	25.977928198384316	0.0013094858317812211
232.0	24.88005382458628	24.934581176738057	24.560533340500985	25.62473366293333	9.799524135107999E-5
233.0	22.865497498290026	24.935944076775645	22.22134912385995	29.976727917112477	4.8138396190044156E-4
234.0	26.180706749288223	21.50154728380759	26.948766115261563	25.367627381139425	0.0013524705031938448
235.0	25.269152206235347	22.398520631458254	26.927557433896837	25.4045658141887	2.0391422086124048E-4
236.0	28.682486673470862	23.76739390842101	23.4348842670889	24.115013596087636	2.2155493159122227E-4
237.0	28.15953046659852	24.657605783702316	22.18291970195205	24.999809762340195	1.3428540692133844E-4
238.0	27.389782392446833	22.38031705480647	24.405034840240877	25.82483548629589	3.0226209932513944E-5
239.0	27.52140900472223	23.187570604981495	24.58660711337269	24.70315381076828	0.0012594661553029284
240.0	25.898820939263846	21.279541115432067	26.545490857115507	26.276019881732974	1.2720645560041527E-4
241.0	28.549779015339983	21.43613285441119	23.434418718970296	26.577265673801044	0.0024037374774828696
242.0	26.72694933639612	23.884363833588566	21.55059979581419	27.836986345074017	0.0011006891271056662
243.0	27.833136418735442	22.447257073699344	25.2656908377404	24.451294049417225	0.00262162040758844
244.0	26.895298129731238	22.465932514543617	26.19735825658514	24.44030615578356	0.0011049433564399942
245.0	28.715020188351875	21.20288013961357	23.484549809300585	26.595720611759294	0.0018292509746778713
246.0	24.700246591052267	26.622400058626443	23.160659598923125	25.514058132747753	0.0026356186504089708
247.0	26.167695071781843	23.01241568861572	24.597610517007908	26.08079892956826	0.14147979302626276
248.0	26.780960137317113	22.919399650006316	22.826939977886997	27.461972335550648	0.010727899238931258
249.0	25.579181099622133	21.187048681798586	29.40178039224928	23.814929334539134	0.017060491790869037
250.0	26.802041823041034	21.98125950602715	24.475440413904213	26.740077208233625	0.0011810487939793045
