# Position (bp)	A	C	G	T	N
0.0	23.88958168659996	24.34902663894574	25.187520441478433	26.573803587959322	6.764501654089767E-5
1.0	23.128251324493366	30.138303534693677	23.483452144249874	23.176144707544914	0.07384828901817214
2.0	24.59489819310304	26.956080322539705	22.701253217705215	25.74699403131883	7.742353332056406E-4
3.0	25.70408609382882	22.53536236758029	24.388162098537077	27.367143097360014	0.005246342693795191
4.0	26.142527425597496	23.932284167797043	23.524340060272642	26.400747544724833	1.008016079872506E-4
5.0	28.00373553161024	23.806228861377615	22.7339245799792	25.455641233262337	4.6979377060171523E-4
6.0	25.64180829766382	23.86795439886751	24.64917115502207	25.836040307246428	0.005025841200170879
7.0	25.404304556034134	25.825329730597396	23.538617940554857	25.23107894807245	6.688247411648252E-4
8.0	27.834695932951227	24.19339073298819	23.69248650327481	24.27939347053072	3.336025505916608E-5
9.0	26.048225516374917	25.648838083592985	22.098105989845823	26.204763812315214	6.659787106585563E-5
10.0	24.693890450606297	25.08295214491259	23.2652905071608	26.957866897320315	0.0
11.0	27.21467696234068	23.114721653965233	22.56927040114452	27.101298644181583	3.233836798605052E-5
12.0	28.076283526883692	24.61275576297878	20.38229784367866	26.928662866458865	0.0
13.0	25.38477920758828	23.13747456805868	25.014885837440985	26.462734369240597	1.2601767145806856E-4
14.0	26.581582183682006	22.23246881714264	23.442197257790962	27.743689409951962	6.23314324324156E-5
15.0	25.67500770988903	23.371243622028924	24.59282244725728	26.360926220824766	0.0
16.0	25.860747885457325	24.650291832329064	22.1109326277993	27.377906511894984	1.2114251932828895E-4
17.0	28.192442575884925	26.68491162005242	19.501526913241495	25.62016615174097	9.527390801959189E-4
18.0	25.253810220523178	26.187899236876827	20.058996962939464	28.499086635012016	2.0694464851486174E-4
19.0	25.15347734810923	25.077680614050685	21.577490459913978	28.190880607928076	4.7096999803370024E-4
20.0	23.229948698653008	25.54094861773237	23.801768393450747	27.42718822403156	1.460661323178037E-4
21.0	24.148454733981943	24.450859949435877	23.281434203464375	28.11899029405321	2.6081906459850674E-4
22.0	22.474057037639287	27.1102844592479	26.331629679225337	24.08394272760485	8.609628262080528E-5
23.0	25.29025084026747	24.425155339484057	23.528089104350876	26.75621900781583	2.8570808176736737E-4
24.0	28.030620932962808	22.036737988932252	24.241006006418125	25.69149359106952	1.4148061729691094E-4
25.0	25.088709978165642	25.562717779316213	20.094425830887587	29.253837977095653	3.0843453491016283E-4
26.0	26.650757142630155	25.750347956956755	19.914371786119577	27.684411611964087	1.1150232942303956E-4
27.0	25.631497995140727	25.11937526366006	19.897731181728208	29.35136775089523	2.7808575775449087E-5
28.0	27.463586353424247	23.77984709890316	22.79298859480218	25.96123681491762	0.0023411379527932944
29.0	26.89966135646369	24.05985596864011	22.336083367146717	26.704071641047683	3.276667017998186E-4
30.0	23.8970291870061	24.69660143119062	24.93979255471461	26.46606113162584	5.156954628298924E-4
31.0	25.78738856907551	25.27641826753885	22.557283929110287	26.378504729603456	4.045046718941255E-4
32.0	24.296562552196427	22.63416068147653	24.439271755470184	28.62957741773843	4.2759311842325036E-4
33.0	23.779829306330658	24.714398850607573	24.747643989035456	26.758074915907798	5.293811851574221E-5
34.0	25.881521642660694	26.452738949437	22.936157787686977	24.729424072001635	1.575482136920951E-4
35.0	25.232011871027275	22.328265493696115	25.79298649234213	26.64658027335368	1.5586958080434938E-4
36.0	23.71772378452901	24.86516971745594	26.2345730279222	25.182118208394932	4.1526169792203044E-4
37.0	25.229468364020356	25.44543858898069	22.2671425068788	27.057950540120153	0.0
38.0	26.35930507086196	25.494690086899862	21.425996085330052	26.7198790633636	1.2969354452975972E-4
39.0	23.25545570845696	27.682652028380655	21.34744568669092	27.714290975094187	1.5560137727965744E-4
40.0	26.081034266374726	26.499601191964096	22.738851785508697	24.680305313741087	2.07442411393567E-4
41.0	24.210053620241336	24.48055310182505	21.522819002322827	29.781829580400416	0.004744695210372785
42.0	24.240682553509206	26.087476148996185	20.806526879044302	28.865210718433715	1.0370001659200265E-4
43.0	26.04759808732503	25.92768002355848	22.428151556109263	25.59296708811671	0.0036032448905209775
44.0	28.35705032536454	24.961159980446507	23.189448577991328	23.492030085010008	3.1103118761556753E-4
45.0	25.440970938147316	24.621213201022833	21.93315833489042	28.000951615582547	0.003705910356879167
46.0	25.403854520898022	24.83238537642255	22.41038548577728	27.35334870345978	2.5913442365005863E-5
47.0	25.526924559825215	24.749311805846332	23.20836321726621	26.51381985067016	0.0015805663920799634
48.0	22.80315995081712	24.09264347100378	22.64520903371493	30.458987544464165	0.0
49.0	22.399519915752155	26.241722004387995	24.2189760188387	27.138228055039782	0.0015540059813690223
50.0	27.379344548021976	24.807312553657376	19.98459070184821	27.828570910611827	1.8128586060930178E-4
51.0	24.778166647159903	27.187001865399175	21.308948840832045	26.72365576808148	0.0022268785274014813
52.0	22.789705073431794	25.93351020931473	21.691691929740394	29.585066938529046	2.5848984031531627E-5
53.0	22.273431643379425	25.706094336871686	23.914656316973126	28.10434679387018	0.0014709089055792608
54.0	23.36058731315842	28.160607956854676	22.344272341962828	26.134403364922488	1.2902310158633903E-4
55.0	24.177801675298618	28.228663222127455	22.74835395524571	24.843790558831163	0.0013905884970519524
56.0	26.82510831807083	25.060065128597696	24.715187909676878	23.399612895019466	2.574863512922339E-5
57.0	22.4073260220379	27.875916518692616	23.214045266799978	26.497768996739808	0.004943195729696788
58.0	25.59224759584443	25.131264474102878	21.919313666230405	27.3567881161244	3.861476978903979E-4
59.0	27.243731236439334	23.104608483658474	24.430165640588573	25.21871461420588	0.0027800251077452786
60.0	24.57168701479919	23.251452550861764	23.23983728346649	28.936894663401368	1.284874711866846E-4
61.0	25.397999199350846	24.011997403800052	22.748328426488023	27.835559614187833	0.0061153561732464985
62.0	25.509776737264446	22.263736557371658	24.82965476699444	27.396549314302625	2.8262406682671754E-4
63.0	26.37170851744774	23.95620973922489	22.525686095120058	27.14395492000706	0.0024407282002507015
64.0	25.28717615480383	21.794833971816114	23.60420344259927	29.31373512298351	5.130779727160527E-5
65.0	24.27107536552044	25.918360646149946	24.02176885266675	25.783947010245704	0.004848125417156823
66.0	24.591168076187213	24.04612724493646	22.780033996758327	28.58174727537297	9.23406745024569E-4
67.0	27.128619773191403	24.820341880078814	21.202710376593377	26.847840639951738	4.873301846673613E-4
68.0	24.00394973070018	22.81382405745063	26.337907155680945	26.84398563734291	3.3341882533983075E-4
69.0	23.09285721796368	25.26449500323526	25.109669285393526	26.530234356947524	0.002744136460007545
70.0	26.511068915516	23.471090595616182	24.23696369992016	25.780287655790502	5.891331571569048E-4
71.0	24.82935236443128	23.260978565481413	25.560345246169597	26.34840382168926	9.200022284498423E-4
72.0	27.14888710988415	25.803254284027105	21.696010449849997	25.34985508038867	0.0019930758500787907
73.0	25.6347602232682	23.451745601791703	22.484560059089887	28.42525504996504	0.0036790658851717545
74.0	25.035526086224614	25.860053147995686	23.261022665936775	25.842325228642903	0.0010728712000243183
75.0	25.951160775156218	24.9735946545108	21.911672937962827	27.16150262827378	0.0020690040963726782
76.0	27.08283153264044	24.60724171514817	24.816050402202567	23.49282911378017	0.0010472362286520255
77.0	24.597126208672456	24.47623980715388	24.116722167649236	26.80912003996684	7.917765575905064E-4
78.0	27.167004691483076	26.53572706494597	20.549763459249174	25.746891819033234	6.129652885419164E-4
79.0	27.26634241821512	21.492416325204648	22.51910093075855	28.71958638401682	0.002553941804860458
80.0	23.956053273186352	23.406604267238308	28.01278225500614	24.621725492058847	0.002834712510352447
81.0	25.322363207755565	25.517825390011406	21.727432149417485	27.431945119408397	4.3413340715303737E-4
82.0	23.283165958368297	22.502131023877173	23.86113436354527	30.352036462086673	0.0015321921225917132
83.0	25.87275285912695	22.63637972362092	23.561524694067607	27.928219168707578	0.0011235544769432578
84.0	23.63739379085176	25.637778323056587	24.74610278142408	25.9775505707086	0.0011745339589684222
85.0	25.000797855975893	27.24656455982477	21.020683745975933	26.73139214761638	5.616906070266984E-4
86.0	25.67354293335185	24.993643172103074	22.510497701330184	26.820273838870495	0.002042354344394044
87.0	22.503092009787213	22.12809408389079	25.93454001488249	29.433329376581902	9.445148576016215E-4
88.0	24.545912851922804	27.188867631461726	25.624536544835657	22.640044823532865	6.381482469429508E-4
89.0	26.58055735715684	26.100518886694633	22.366954403875024	24.950871800604983	0.0010975516685210185
90.0	24.032647169023473	25.96597458098648	24.853292945503995	25.14788111930234	2.0418518371051442E-4
91.0	26.698119756542265	25.33415717765432	23.434568181029324	24.532848622944726	3.0626182936315915E-4
92.0	25.445221709348182	24.208939218428963	22.901403900173563	27.44438413134203	5.104070726087238E-5
93.0	26.747592302001465	26.36168690828329	20.66352147731179	26.22689307878855	3.0623361490663575E-4
94.0	27.805026057124078	23.85601033812761	23.161289795743382	25.17343770813673	0.004236100868196528
95.0	24.217706585937066	26.264287715562883	24.07621373815173	25.43941886118799	0.0023730991603311724
96.0	26.312506028043607	24.375622259951182	23.763938495328873	25.54673398683705	0.0011992298392878922
97.0	25.116543099005504	25.593762597012947	23.47787262921027	25.81159205833278	2.296164384959613E-4
98.0	28.4176467451852	22.812646131639593	23.76235350482507	25.007302595846408	5.1022503730382805E-5
99.0	22.62860142262618	22.48110514829076	25.866990139964603	29.023252278821264	5.1010297193642994E-5
100.0	22.90607000985451	25.012624175985604	24.464862455139542	27.616443359020344	0.0
101.0	23.81215527378042	22.05171661512482	28.354068652364496	25.78188095146413	1.7850726613826817E-4
102.0	25.43055170190715	23.942199014191402	24.451628665159664	26.175595116656737	2.5502085050473728E-5
103.0	25.512401511261285	25.84524003179992	25.396644893883817	23.245484089584405	2.2947347057206716E-4
104.0	26.013828938277143	27.16037642043644	22.529976722307065	24.295333498206368	4.844207729825787E-4
105.0	27.499939445473515	23.494289389444646	20.58458702450355	28.4179205703089	0.0032635702693847787
106.0	26.03339646097661	23.440369872918648	25.036510010167735	25.489570681034067	1.5297490293742408E-4
107.0	25.88037330280691	24.45424032164924	22.649654474368894	27.015094517608993	6.373835659570889E-4
108.0	23.884281467425357	24.757182062852515	24.37570388014167	26.982679641428355	1.5294815210591762E-4
109.0	26.1190383522825	23.973776766067925	25.608892919415883	24.29752731756789	7.646446658005791E-4
110.0	24.29374888180835	24.107472807872885	23.328319417209983	28.270305978011827	1.5291509695072007E-4
111.0	24.609711585290796	24.213746317691214	24.511924449307042	26.663929544330294	6.881033806519091E-4
112.0	25.925520070274565	24.344316834933004	23.873755522692576	25.85625466834283	1.529037570236978E-4
113.0	27.93473272356662	21.966738468383504	22.895786259378585	27.20202903344424	7.135152270520125E-4
114.0	26.51051400618828	22.587721198289383	26.583853907324663	24.317452195278825	4.586929188516164E-4
115.0	27.160358223317953	23.72568153130504	25.669961245397143	23.443412851583915	5.861483959539451E-4
116.0	27.38683017454262	24.3556398239538	24.61611582147672	23.641286758053706	1.274219731547387E-4
117.0	25.838949007731166	26.3885430813099	24.307802242973793	23.463941139458413	7.645285267254963E-4
118.0	26.496547428767148	24.96964856555706	24.99900612431295	23.534211749547403	5.86131815438814E-4
119.0	26.916170655651978	21.006852240535864	24.91225727400705	27.164184657790624	5.351720144792062E-4
120.0	25.50320793144996	23.7157570901707	24.6027547232127	26.178203803034844	7.645213179124287E-5
121.0	27.220510400179	23.768998060406947	24.53209324419683	24.477735709230767	6.625859864592908E-4
122.0	26.77746387274767	23.874286896738724	24.6989204509835	24.64869168200373	6.370975263796601E-4
123.0	23.907145079696853	28.466609939661936	23.164571768452905	24.46088321347014	7.899987181633701E-4
124.0	25.46993422462605	24.318718650558736	22.83415385846432	27.376963915157386	2.2935119350538582E-4
125.0	26.371585752204812	24.07128790380781	24.169602338752092	25.386657574237848	8.664309974353643E-4
126.0	24.119509148297784	24.0964976078701	24.621838588951707	27.161925303979135	2.2935090127259173E-4
127.0	26.07341279650249	23.09458876102591	27.78919138487006	23.04178773273098	0.001019324870558483
128.0	26.50995440473873	23.68871575895774	24.33579538909893	25.456717120801446	0.008817326403152626
129.0	24.631225024788865	26.738182955199623	21.893683229017512	26.733468547638832	0.0034402433551699594
130.0	26.00803096587948	24.543425803013765	23.97806761923426	25.470424644265215	5.0967607282353665E-5
131.0	25.824457267976136	24.7712814051655	24.42327236549308	24.980402830147327	5.861312179602837E-4
132.0	25.830337481527316	25.06976871013194	22.832633841118216	26.261729948010178	0.00553001921235707
133.0	26.612042732457315	25.249952663617602	24.97103115332834	23.164985704794773	0.0019877458019700598
134.0	26.521664895555404	23.19928951680517	21.10017864014332	29.17879049665018	7.64508459286102E-5
135.0	26.499020805806104	23.66061906478991	25.71785701089027	24.121967970092847	5.351484208662014E-4
136.0	28.05116382070696	25.990488012413543	24.61845401023062	21.334211326364944	0.005682830283930001
137.0	28.67947559749598	21.82562304333367	24.044076517200825	25.45054452184395	2.803201255834163E-4
138.0	25.346795835060824	24.123897282637362	26.667572139929767	23.860511588996005	0.001223153376043471
139.0	25.73470221393648	23.66593897423653	25.74764727362518	24.850462900554675	0.0012486376471385684
140.0	27.259161255008607	21.42338753655481	25.36552263314921	25.951520853443366	4.0772184400358387E-4
141.0	25.688909660432824	24.94019120466687	25.531780971884004	23.838583018277486	5.351447388136912E-4
142.0	28.65908322940467	22.977009637206987	23.684675928592217	24.678848957969667	3.8224682645943115E-4
143.0	26.86265056065416	25.403002829136177	23.677413238889486	24.05678047258959	1.5289873058377246E-4
144.0	27.7017832314674	25.775436582849824	22.79053197258386	23.73173854365013	5.096694487822978E-4
145.0	28.53528203996476	22.35262697984535	22.962956922428464	26.148140201069953	9.938566914714608E-4
146.0	27.80438242808717	21.085867273375015	25.293250012869105	25.812168110809896	0.004332174858809325
147.0	26.085205971512387	24.558232031133738	26.71302308324279	22.639512648589584	0.004026265521508412
148.0	24.830019950883468	24.622305490353675	23.789281566876998	26.75775590913365	6.370827522076829E-4
149.0	27.757596113635834	24.706408815928526	23.864555224295945	23.669197281706104	0.002242564433590659
150.0	25.780262089570797	23.927485256123724	24.979268614032307	25.31295855608636	2.5484186807244236E-5
151.0	26.713337861135784	24.23929733263165	25.60709293420712	23.43978766050656	4.842115188823379E-4
152.0	27.792387843077787	24.189451445071235	22.723495134249355	25.294385241044843	2.8033655677898393E-4
153.0	25.09048019171275	23.101177510400028	25.166707571027686	26.640895644947086	7.390819124483567E-4
154.0	23.318291362615987	24.75283457808062	24.979687477699553	26.94653601407655	0.0026505675272855537
155.0	27.06820984648923	23.718462129064065	23.973472220876875	25.239626386254134	2.2941731570524668E-4
156.0	25.837095663669462	23.520225834138653	26.139883488631693	24.50246362429226	3.313892679330665E-4
157.0	25.239846039682078	22.75309476910668	26.31720628148716	25.689394057196985	4.5885252709205527E-4
158.0	24.89241108778878	21.175654544889085	26.005314568515058	27.92646684691198	1.5295189509947226E-4
159.0	26.94451306139607	21.721076297886455	24.361167682919834	26.972605648649427	6.373091482159295E-4
160.0	26.497396812545265	21.734365515917517	25.577543579139935	26.1904901507664	2.039416308855324E-4
161.0	24.500822911823008	21.072737451359487	28.611430622516988	25.811134088739873	0.0038749255606405457
162.0	25.464141684913667	24.06905892907265	24.287105140185126	26.179643258757096	5.098707146322443E-5
163.0	25.531331238898865	24.19107503736814	27.18187749062514	23.09558876204952	1.2747105833356065E-4
164.0	25.58014195029063	23.813169574738062	24.65174656373881	25.953514198980766	0.0014277122517342242
165.0	26.37376701776178	22.05063917870616	26.663393076356495	24.911563345884645	6.373812909214724E-4
166.0	25.191519132281353	23.278201761106608	25.595757271506013	25.934368859462044	1.5297564398284328E-4
167.0	26.888722762275364	23.115739199121276	26.331793489207918	23.66333659863918	4.079507562642113E-4
168.0	25.359039430401868	24.125562893509127	24.20144403650964	26.313749658012153	2.0398156720567945E-4
169.0	26.57445560711918	22.67978989239635	25.793870161660458	24.9516803508593	2.0398796471008212E-4
170.0	30.905384265262175	22.97013671349579	22.986124657515035	23.13822686816066	1.2749556634168046E-4
171.0	25.031191710769395	23.70975453341204	26.991660536270484	24.266679246197135	7.13973350944676E-4
172.0	26.910982990849742	24.673963453515555	24.038450016228207	24.37645056337249	1.5297603400963187E-4
173.0	28.332732924749553	20.643321863107353	23.11754062446062	27.905078844737403	0.0013257429450716654
174.0	24.343351342310882	25.474141084969727	23.858228188898206	26.323896955436638	3.824283845485675E-4
175.0	25.652970947057096	23.945489081243707	23.651160715423938	26.748492535981537	0.0018867202937164565
176.0	24.976325431611475	23.89672941638428	27.836218392475132	23.289604862911883	0.0011218966172267225
177.0	22.867988635902886	26.16246497170833	24.223423188174444	26.72118359606199	0.0249396081523448
178.0	24.92365438949011	23.371013147560717	23.956482492018647	27.748492977427812	3.569935027182505E-4
179.0	28.058109122660984	24.207127614431087	23.147278257889194	24.586286426583754	0.0011985784349727846
180.0	26.076573305843148	22.776191903787417	25.52917203065222	25.617858295705563	2.0446401165035937E-4
181.0	27.71337843647008	22.263003827966674	25.92948455507564	24.093442304149352	6.908763382530552E-4
182.0	25.54109519832291	23.365586680497447	25.455475671852355	25.637765706399463	7.674292781943924E-5
183.0	24.00383220175084	24.5545129419951	25.77723600530061	25.663958372772438	4.604781810088565E-4
184.0	25.933498601869122	22.13751570179007	26.547550520749386	25.377469754067118	0.003965421524308034
185.0	25.23690357151719	24.152921846953834	24.62244432558231	25.987218654226556	5.116017201073033E-4
186.0	27.38482413595238	23.515479960511204	24.98111388792458	24.118582015611835	0.0
187.0	25.085335948492034	23.30711513769036	27.16977729136373	24.437233629383233	5.379930706492501E-4
188.0	27.1855816432151	27.571558871455366	22.241306865347365	23.001014583354685	5.380366274839358E-4
189.0	25.410944127382045	23.578612713504672	25.00662337855337	26.002999865226418	8.199153334928753E-4
190.0	28.044573661288553	21.98894345242671	25.58027143737168	24.385980826570975	2.3062234207750756E-4
191.0	26.560345650671884	24.051816801447977	24.575662160039506	24.811713397813453	4.6199002717528005E-4
192.0	26.59096661055643	23.5442780644893	24.40644040840863	25.45818657656173	1.2833998391129962E-4
193.0	27.445761624544375	23.97311422603283	22.18684755495075	26.394019884259635	2.5671021241999945E-4
194.0	27.661250301976477	23.104094788136386	24.532145058586643	24.702509851300494	0.0
195.0	26.443519564849545	21.890451837832302	24.809266050782103	26.85609494882735	6.675977087019564E-4
196.0	28.370599252237284	22.585768733885033	25.809778241602338	23.23359647314942	2.572991259291393E-4
197.0	24.649761764142	24.306799919194102	24.028997479319223	27.013668806478886	7.720308657940144E-4
198.0	27.851888628018695	23.56663171212304	23.464706737565617	25.116566700796323	2.062214963225552E-4
199.0	25.760346781496207	23.56151289314826	25.410864446556573	25.266836927953452	4.3895084550970074E-4
200.0	27.562973129657053	23.940570460569894	23.990874076981576	24.505530686368054	5.16464234206201E-5
201.0	25.05941002654276	21.64647767365779	28.358403219633484	24.935295882850298	4.1319731566363875E-4
202.0	25.22024287022626	25.294419067621725	27.67975718142847	21.805555053356755	2.5827366781150775E-5
203.0	26.14636114949252	24.6616981543508	22.036461363727966	27.154755913177286	7.234192514264277E-4
204.0	25.593065740582833	23.62901350366661	24.503444391043033	26.274243810173488	2.3255453403823195E-4
205.0	27.465498805384993	24.409139747991272	25.162550848013858	22.96177697108892	0.001033627520952922
206.0	25.538536365757892	21.924457470790866	25.815425193885496	26.72150343862638	7.753093936744574E-5
207.0	26.292064255221803	23.26334740806512	26.452482593989867	23.991692160154678	4.1358256852869294E-4
208.0	27.807494926252925	22.750914567147973	22.268488475807597	27.17305032381494	5.170697656381287E-5
209.0	26.992846890143923	21.061374318672947	25.20189311889088	26.743161647146863	7.240251453932995E-4
210.0	24.887904264280326	24.489669243547432	24.201040666369934	26.420790981960458	5.948438418532645E-4
211.0	25.328557853579838	25.15343565740417	25.468624565072684	24.04850230292544	8.796210178715707E-4
212.0	27.6621346668865	22.766886420643328	24.509526569128028	25.061012334987158	4.4000835498217574E-4
213.0	29.9397215319163	23.13363608959624	22.554728684740194	24.371602926597834	3.107671494261685E-4
214.0	27.370697363176316	24.907723351991677	24.291785473444904	23.429741977853606	5.183353349716185E-5
215.0	26.514890132273592	24.630578603436952	22.978561659780013	25.87547596877312	4.936357363174566E-4
216.0	26.466550959755473	24.770838076765205	25.326971816727184	23.43553410189404	1.0504485809358813E-4
217.0	28.721020507851264	23.26808388579618	24.66178795270244	23.348393205011302	7.144486388165767E-4
218.0	24.681435730107612	24.46289397680017	24.849121519311243	26.006094702672904	4.5407110806972505E-4
219.0	26.083116340027075	23.29821023633589	24.74879611826279	25.869015080316267	8.622250579846352E-4
220.0	27.80654871755681	21.49820626514539	25.040094133817657	25.654663087326895	4.8779615323953557E-4
221.0	25.446948559360465	22.917201305003886	24.457696051253283	27.177854096027364	2.999883549974924E-4
222.0	25.777302746059323	24.961009341526257	23.801455082678906	25.46009527228809	1.3755744742898252E-4
223.0	30.756917009768863	22.703511098459337	23.887078296731907	22.651660429496836	8.331655430503579E-4
224.0	29.898508287000602	23.01664693471866	24.51551409913334	22.56924716749348	8.351165391211735E-5
225.0	30.762829395838942	19.843706117772303	23.530128251257437	25.86227221142487	0.0010640237064481798
226.0	25.264548843505256	22.56769142649712	25.806679607390574	26.360797409442732	2.8271316431232566E-4
227.0	27.199016743061318	23.78211323157214	25.35381119125689	23.663602791604628	0.0014560425050212055
228.0	27.57115790349346	27.657243010425738	22.963352872921917	21.808131471263607	1.1474189527794072E-4
229.0	27.21556057927934	25.073330161673617	22.6197504112161	25.09132990932989	2.893850105509775E-5
230.0	26.111297874054074	23.017715632408507	27.132219992739593	23.738737319087992	2.91817098380882E-5
231.0	24.934150146232902	24.68120754320155	24.38404503164072	25.999090789055085	0.0015064898697417966
232.0	25.473269694413258	25.24520615364887	24.10144508516094	25.17975254081723	3.2652595970432185E-4
233.0	23.340641764006584	25.238473922881404	22.114307295461682	29.306007062049865	5.699556004587242E-4
234.0	27.289966296906815	21.63672355139585	26.120990884306707	24.950982566380876	0.0013367010097560946
235.0	25.10554245500607	22.418330682470973	27.668606532069283	24.807274310745033	2.4601970863885906E-4
236.0	28.66491669457794	23.259808541629344	23.836364627715508	24.238411627707716	4.985083694881721E-4
237.0	27.728550590983026	24.283363712312276	22.3429345999329	25.645119653978348	3.144279345323309E-5
238.0	27.477482210731548	22.909126108854053	24.046805032419822	25.566586647994583	0.0
239.0	28.01197021841678	23.139926056044793	23.797022745480824	25.050048062925313	0.0010329171322863426
240.0	25.10083734803082	22.27483749928684	26.142016136629298	26.48224267569249	6.634036054659149E-5
241.0	29.188275691184316	21.822518469114513	23.55693124062096	25.430082419316157	0.002192179764055028
242.0	26.980464968890676	24.104167304653018	21.224873878419995	27.689528546948917	9.653010873950319E-4
243.0	28.32475194645882	22.61837724166131	25.02576085051697	24.028806756068864	0.0023032052940341976
244.0	26.827825555434064	22.833094082804426	25.967593674690836	24.370383225511763	0.0011034615589103015
245.0	29.206024317633165	21.16714452116031	23.444560166103027	26.18049495806542	0.0017760370380795745
246.0	24.51681017842456	26.404686372257753	23.72627020494486	25.349715494234353	0.0025177501384762574
247.0	25.43016304987705	23.264260556865622	24.98703203474271	26.180084838413435	0.13845952010118714
248.0	26.53322344789911	22.820076971446067	23.94352867635989	26.692999653436516	0.01017125085840979
249.0	25.979451182281803	21.483066840255194	28.115123928489005	24.407355458999845	0.015002589974147563
250.0	27.47223403016757	22.01278913295987	24.893186980995676	25.620503767561875	0.001286088315007703
