# Position (bp)	A	C	G	T	N
0.0	24.88160199631397	23.204344493494293	24.795917979188577	27.11813553100316	0.0
1.0	23.551519659986592	30.148613720412886	23.735361915750023	22.49499527364304	0.0695094302074622
2.0	24.456926643496544	26.709158879211557	22.17297415863339	26.66013667598262	8.036426758842905E-4
3.0	26.574952669228765	21.610653863740286	23.78253163887283	28.026429653814617	0.005432174343509922
4.0	26.30813041017627	22.872239243605495	23.549911095985653	27.269624847244167	9.440298842100145E-5
5.0	28.961866124995524	23.202036547714023	21.90821201370775	25.92731950110428	5.658124784283993E-4
6.0	26.55099602831298	23.214129377775308	23.72252226131046	26.506421631432342	0.005930701168912959
7.0	26.194880884302307	25.105009489502812	22.578015272484294	26.121060587620835	0.001033766089746873
8.0	28.475271871780528	23.861364735143358	23.223015280903304	24.440301219536785	4.6892636027330905E-5
9.0	26.70900716081384	25.088825638699753	22.240133227926755	25.96179994373947	2.3402882018114766E-4
10.0	25.014848702246805	23.858240024244306	23.233191502894446	27.89371977061444	0.0
11.0	27.240349076907712	22.912894232602913	22.42106266856764	27.425421589371496	2.724325502411028E-4
12.0	28.959208373168906	24.07478524597795	19.445533581835694	27.520472799017448	0.0
13.0	25.882748446827193	21.973198507538612	24.99218160786838	27.151561798473477	3.0963929234151445E-4
14.0	27.20337151691139	21.691760273738897	22.85638419334603	28.24839652594474	8.749005894205271E-5
15.0	25.909878682842287	23.259961016004183	24.31490597596131	26.515254325192217	0.0
16.0	27.13586139433451	24.688666729557983	20.79981608538941	27.375613296584405	4.249413368484481E-5
17.0	29.20023763826424	26.32055508711535	18.746520430289664	25.73189803807277	7.888062579736896E-4
18.0	26.143848505021733	25.362053294475785	19.432017494141483	29.06187460196088	2.0610440012283821E-4
19.0	24.733175476339085	24.492658173446397	21.599766085132874	29.173826140232457	5.741248491897047E-4
20.0	23.151236006040364	25.556729257794615	23.319647368887566	27.972387367277452	0.0
21.0	24.12183912863358	23.74201873431352	23.26326369086287	28.872596351467454	2.820947225719301E-4
22.0	22.758946092715863	26.737763840077665	25.735055781848025	24.76811453042494	1.1975493350407727E-4
23.0	25.854997729443514	23.295511932947406	22.61430522164369	28.234827234907563	3.5788105783278364E-4
24.0	28.56466558196704	21.025465800899163	23.851019206103675	26.55877077161778	7.863941234339945E-5
25.0	25.22774670972028	24.566384733444362	19.000932689966543	31.20450802743462	4.278394341940166E-4
26.0	26.845879522546007	25.188212177706955	19.21117978788418	28.75461247476193	1.160371009290704E-4
27.0	25.908404944611522	24.213343229551633	19.883027625571128	29.995031316593092	1.928836726285724E-4
28.0	27.70656368299869	23.240865209291112	22.61565445337736	26.4344753188613	0.002441335471536317
29.0	28.56268244587856	22.99075840454915	21.900983607300365	26.545160087819518	4.154544524064822E-4
30.0	24.252138075362488	23.45470643053352	25.144074021112967	27.148818752535718	2.627204553020553E-4
31.0	26.911196637165034	23.876598928587573	21.864179927957395	27.34742682834353	5.976779464682276E-4
32.0	24.70125250858436	22.389972538186484	23.68092544352363	29.227627715546035	2.2179415949439803E-4
33.0	24.3165051458447	24.534567408551876	24.630418147935256	26.51832623666858	1.8306099958628215E-4
34.0	27.07035459015489	25.703102990592864	22.44258857493037	24.783844931791712	1.0891253016877087E-4
35.0	26.073301699870793	21.9608199330305	25.387487178898038	26.578032179395265	3.5900880540897027E-4
36.0	24.90690038358979	24.077200045626164	25.61148746320673	25.40426862907004	1.4347850727830597E-4
37.0	25.729208237999394	25.058831839723535	21.069023741063173	28.1429361812139	0.0
38.0	27.326319819527544	25.040875519390642	20.722893553013783	26.90969602092368	2.1508714434892583E-4
39.0	23.521769360896865	27.00293173151361	21.29404765318118	28.180821171545716	4.300828626315337E-4
40.0	27.180425692944343	25.066259197091906	22.199626167688447	25.55358143681761	1.075054576937356E-4
41.0	24.34928020678849	23.607325455028196	21.26149865042132	30.77720181262409	0.004693875137904977
42.0	25.081722763139414	25.476471296357335	19.84261650420043	29.599153608699513	3.582760330531137E-5
43.0	26.08074666773658	25.387856547170408	22.352387393712906	26.175606198253554	0.0034031931265529306
44.0	29.68623961785393	24.54488339472715	22.273419556904262	23.495242516329895	2.1491418476602293E-4
45.0	26.035721870665352	23.990547897469472	21.392401572533032	28.577747232183565	0.0035814271485787286
46.0	25.4986117691465	24.1827916672486	21.865325313001023	28.453271250603873	0.0
47.0	25.74376691030395	23.48929843633848	22.92854595377337	27.836813149824756	0.001575549759442198
48.0	23.22085030923525	23.422699778713703	22.546324435347675	30.81012547670337	0.0
49.0	22.192108643682754	25.59828366919399	24.14678293562292	28.06117828801443	0.0016464634859139678
50.0	28.25702376022817	23.502544447756954	19.703964356615653	28.536395856588992	7.157881023848985E-5
51.0	25.28719879194727	25.928404268262135	21.43277344001603	27.34951227018013	0.0021112295944292164
52.0	22.91673584310819	25.284337489632456	21.181772837776514	30.61715382948284	0.0
53.0	23.245213668668875	24.232237016670023	23.520275239650466	29.000849439138666	0.0014246358719750972
54.0	23.592834630246266	27.83710536156271	21.85441336206129	26.715646646129738	0.0
55.0	24.783822974621447	27.474819310748565	22.255203630196792	25.484804199137923	0.001349885295273199
56.0	27.20410037100117	24.764905313894694	24.84489522635689	23.186099088747245	0.0
57.0	23.69906537276412	27.307729462422415	22.60227413175133	26.385923340393823	0.0050076926683117464
58.0	25.94828715815161	24.44138973335355	21.427204265831833	28.182870267619442	2.485750435627764E-4
59.0	28.23928818465498	21.828994445067814	24.142436926450767	25.7865818063543	0.00269863747214367
60.0	24.357505145949297	22.101900961699673	23.385455085530694	30.155138806820336	0.0
61.0	25.67502380894153	23.262620688384107	22.531605550256803	28.524689172363267	0.00606078005429183
62.0	25.827588076706753	21.104847138311094	24.634684610131192	28.432632088922503	2.480859284598152E-4
63.0	27.064406645112616	22.80636471854453	22.716065920957366	27.41103637007339	0.002126345312099649
64.0	25.373456838150314	21.247855098746797	23.24892595793801	30.129726739933993	3.536523088544636E-5
65.0	24.38093156776919	25.569773519225368	23.32268223735253	26.721661967029696	0.004950708623215004
66.0	25.18109984519084	23.21935871241776	22.52105553115667	29.07809694349147	3.889677432586586E-4
67.0	27.590146393967448	24.64052116563571	20.57747155179303	27.191259782993804	6.011056100125808E-4
68.0	24.155115799775622	22.047974622094575	26.264484474171113	27.532283675595863	1.4142836282173628E-4
69.0	23.209716703394687	23.609900691156177	25.28403375843086	27.893767927227962	0.0025809197903161767
70.0	26.124213481242165	22.562215469426025	24.365630965963646	26.947657670887793	2.824124803723326E-4
71.0	25.035433061166597	22.31943217001675	25.695348528634877	26.94890635289182	8.798872899577055E-4
72.0	27.734678113249377	25.14205880127604	21.679649353094465	25.442241268578847	0.0013724638012672416
73.0	25.85321190662938	21.92943471555263	22.663772806653625	29.550096960496912	0.0034836106674492476
74.0	25.412341644553376	25.12537902217381	23.111961162233804	26.34975522327564	5.629477633733519E-4
75.0	26.557827848997313	24.08620884373152	21.566987661783195	27.787110963031086	0.001864682456891532
76.0	27.627252571578143	23.109303417020296	24.783054427603542	24.47968595751927	7.036262787528083E-4
77.0	25.184902968157008	23.7066642463234	23.952990460751742	27.154773916016907	6.684087509480851E-4
78.0	27.454100169134264	25.965380946082472	20.176085371996884	26.403976203006142	4.5730978023802624E-4
79.0	28.05276232540895	19.763640316224997	22.41150054910922	29.769634436077848	0.0024623731789870924
80.0	24.177887524094945	22.67168967118315	28.328443994203145	24.819868304419398	0.0021105060993626273
81.0	25.425167974325657	24.25907335717205	21.440354780910546	28.874946623172615	4.5726441912997354E-4
82.0	22.972654039321316	21.928121138662913	23.656030465455004	31.441998474194794	0.0011958823659758806
83.0	25.72664107330336	22.06637978182918	23.462982535431216	28.74290628291863	0.001090326517620204
84.0	23.76079221515041	25.01873657622349	24.606725331815884	26.612796299038216	9.495777720021567E-4
85.0	25.485227764277248	26.82990388639393	20.60608191988071	27.078083073384658	7.03356063456784E-4
86.0	26.044509618782868	24.698249260195066	21.98779387794933	27.267970270655194	0.0014769724175401023
87.0	22.548267028621762	21.572148680557632	25.27224872222701	30.60652679587104	8.087727225575504E-4
88.0	25.42477117157411	26.74934061617972	25.11288025111614	22.712269549706164	7.384114238576511E-4
89.0	26.291944645058486	26.181784682807525	22.164620403467456	25.360630594582506	0.0010196740840338026
90.0	24.041191833359353	24.82968585408114	24.90309954868861	26.22591728442462	1.0547944627509884E-4
91.0	27.681305301839448	24.362254449900625	23.7046883970865	24.25118931805868	5.625331147423406E-4
92.0	25.83484447806971	23.534834142050652	22.774820332566687	27.855501047312952	0.0
93.0	26.711733295740704	25.40019806442473	20.769976330000503	27.11781106819442	2.8124163965282127E-4
94.0	28.391640939793138	22.993848751997625	22.746680934505978	25.863540584948602	0.00428878875465527
95.0	24.126548905879254	25.884945953071448	23.68591264610247	26.29974514456455	0.0028473503822831533
96.0	26.670317691924005	23.759913922041235	23.180378106081033	26.388195143316217	0.0011951366375111913
97.0	25.96597305922254	24.773838559906025	22.98890572555669	26.271106907216602	1.7574809814195597E-4
98.0	28.786492550087573	22.048268107570053	24.19573950279554	24.969499839546835	0.0
99.0	22.084785039687198	21.39190202642627	26.458389415997598	30.064923517888936	0.0
100.0	22.687126908483794	24.186714524524984	24.268137075233103	28.85802149175812	0.0
101.0	24.14080646578231	21.517877536677503	28.42551172801546	25.915733989282263	7.028024246683651E-5
102.0	25.46436595548174	24.16822149411743	24.31919995473458	26.04821259566626	0.0
103.0	26.168194412964148	24.956609896703615	24.78870715238281	24.086312833947417	1.757040020100538E-4
104.0	25.9944780600048	26.510231612948342	22.499076689745618	24.995827094473526	3.865428277154019E-4
105.0	27.898939067546152	23.069148618398163	20.216649505729876	28.81181890701818	0.0034439013076282415
106.0	27.334368124405454	22.416568652015364	24.040408157958268	26.208619924425346	3.514119556672733E-5
107.0	26.23472744402186	23.835219975057182	22.21333945248794	27.71594003462757	7.730938054453213E-4
108.0	24.08851352942024	24.296982799967534	24.041570171009454	27.572863225114137	7.02744886388991E-5
109.0	26.713507010591957	24.309815250365233	24.996960776804368	23.97901425167298	7.027105654641649E-4
110.0	25.255686948529544	23.55162258884836	22.456604364895053	28.736050963828248	3.5133898801723244E-5
111.0	25.24016249045217	23.274311906620692	23.985963028573558	27.49885988255209	7.026918014839445E-4
112.0	25.969727865583348	23.6741624430755	23.21946910987333	27.136605448309638	3.513315818282874E-5
113.0	29.30979604656212	21.00884826417897	22.442009897296057	27.238537763390962	8.080285718903021E-4
114.0	27.28469478204138	21.255449536475403	27.34189098081292	24.11775390386893	2.1079680136933604E-4
115.0	27.848237358822693	22.777888063018352	25.753270640565955	23.619901235175174	7.027024178233441E-4
116.0	27.03558192711312	23.806885337598256	24.8055979908396	24.351864474429444	7.027001957722746E-5
117.0	26.30597008370281	26.036833733817122	23.74186661869528	23.914626857910413	7.027058743751627E-4
118.0	27.374212367006233	23.48725627910474	24.65186744647047	24.486417964251107	2.45943167452865E-4
119.0	27.95496724296284	20.748067710759894	24.143092351444395	27.153275387494354	5.97307338517961E-4
120.0	25.235957859084067	23.493261985865193	24.517587701345494	26.75319245370525	0.0
121.0	28.114485803990792	23.134709600892712	23.426296276516503	25.323770480283553	7.378383164356648E-4
122.0	27.751732783630338	23.064687895161978	24.167794801596408	25.01539803165196	3.8648795931898013E-4
123.0	25.131176651223647	27.444994346772955	22.134158210249453	25.28889782099543	7.729707585162054E-4
124.0	25.516407842034994	24.335113484646197	22.07392312557094	28.07441500948633	1.4053826154170475E-4
125.0	27.52456421056182	23.396624428099923	23.986074132162937	25.091929138146323	8.080910289950088E-4
126.0	24.14623622970161	24.18354963631726	24.366251815602908	27.30385691327479	1.0540510343402801E-4
127.0	26.85829707456377	22.209374718924266	27.235219632577802	23.69598427100198	0.001124302932182047
128.0	26.58067830113073	23.04708841511082	24.25122066306678	26.112088437948294	0.00892418274337107
129.0	25.075248794455813	25.999947298614835	21.78749044787394	27.133518959323315	0.0037944997321012917
130.0	27.316936743915754	23.10118788079803	23.336873774884836	26.24496646535456	3.513504682272015E-5
131.0	26.109734973455183	24.20110817144684	24.386552968416765	25.30190117809095	7.027085902611616E-4
132.0	26.778694733764986	25.323456536801526	21.409407574912194	26.482151917057955	0.006289237463336205
133.0	27.64524066264224	24.84282994292934	24.48500959727292	23.024284631609127	0.002635165546369954
134.0	27.23895568924215	22.8038393240496	20.249700821397226	29.70746902983213	3.513547889306376E-5
135.0	27.021951349771197	22.515558066583466	26.244575055373787	24.21731822219224	5.973060793110039E-4
136.0	28.18138888381369	25.964975032360254	23.984815627367286	21.86274192891004	0.0060785275487301145
137.0	29.313220530266005	20.717681612013152	23.52353991330535	26.445311992174503	2.459522409938438E-4
138.0	25.78736692470418	23.219581572376345	26.73082645902804	24.261276419625	9.486242664411518E-4
139.0	26.72957654237879	23.3184526110011	24.784799879698742	25.165519635385998	0.0016513315353729268
140.0	28.11076487620394	20.372935868620775	25.32375930767385	26.192329138109315	2.1080939212057736E-4
141.0	26.36712786586422	24.926294678635664	24.565313402650826	24.140737021591768	5.270312575211752E-4
142.0	29.450597636298287	22.542653548029623	23.104293586130495	24.90224441689045	2.1081265114827896E-4
143.0	27.922437945648376	24.38282948027043	23.655983871455103	24.03864329648569	1.054061403995736E-4
144.0	28.17954744212145	24.566975944884366	23.06435252024796	24.188561917775587	5.621749706351417E-4
145.0	28.827810204308225	21.658470632713207	22.01313239347147	27.49956782844687	0.0010189410602327684
146.0	27.69765214403219	21.34784402157911	24.58667798513467	26.36290681307592	0.004919036178105651
147.0	26.93890113534872	23.603054486479042	26.504493400614297	22.94944019585591	0.004110781702032272
148.0	25.04171469991241	23.66633299591479	23.0784095816092	28.21315623134521	3.8649121839248464E-4
149.0	28.55156168857863	24.532744267039014	23.60466268412128	23.308009666608807	0.0030216936522649
150.0	26.04090025249065	24.188154372768395	24.36903690242533	25.401908472315625	0.0
151.0	27.814963030062607	23.376392016615828	24.606872687292622	24.2011046532261	6.676128028458577E-4
152.0	28.042265388861676	23.08035849190526	22.990686322393938	25.886549244849295	1.4055198982965803E-4
153.0	24.777369191332657	22.915222314559244	24.569382487863926	27.737217813275798	8.081929683697868E-4
154.0	23.472372442650936	23.725586105646954	24.577748823009767	28.222043714671845	0.0022489140205030683
155.0	27.830610403083643	23.346104536905052	23.56750955204494	25.255599789700376	1.7571826598403634E-4
156.0	27.480290138163205	22.592546644535062	25.582140737182048	24.34491704689986	1.0543321982861478E-4
157.0	25.281071046747588	22.057900459905685	26.411505584870277	26.249241749567542	2.811589089066222E-4
158.0	25.077531912500707	21.085868526120453	25.878015520440872	27.95847860316032	1.0543777765281449E-4
159.0	27.611919839899112	20.998057785622553	23.80948866268383	27.5799362155148	5.974962797069878E-4
160.0	26.774144002384375	20.66063098092956	25.330514071297195	27.234640651288895	7.029409997016016E-5
161.0	25.064258091001335	19.879957837272823	28.589182989961575	26.46255913976227	0.004041942001998477
162.0	26.1325265252339	22.699210332354934	24.61656288080542	26.551700261605742	0.0
163.0	25.32786793052349	23.609900430502403	27.305268663305505	23.756927826876733	3.5148791865725995E-5
164.0	26.19646753104329	22.561256163929507	24.868689716163107	26.371864256291524	0.0017223325725778643
165.0	27.560190461058898	21.404337467300973	25.73832483972996	25.296444216042403	7.030158677711515E-4
166.0	25.28458293918996	22.541626285645588	25.381075564095184	26.792680058929047	3.5152140220481254E-5
167.0	26.94939349390119	22.855995843431224	26.39171582906041	23.802472989685214	4.218439219673113E-4
168.0	26.66588154231234	23.84727339201845	23.029748010237082	26.45706190061029	3.5154821835362936E-5
169.0	26.734109787021907	21.72952369702486	25.24465884869278	26.29139126396437	3.16403296078603E-4
170.0	32.071134811464766	22.436350417416385	22.68139313641321	22.81108647793104	3.515677460499606E-5
171.0	26.441662854999247	23.01464277967062	25.784145830821032	24.75891569810469	6.328364044063696E-4
172.0	28.24459091308551	24.423517005009227	23.990122154846645	23.341699622110905	7.030494771069514E-5
173.0	29.548502835740738	19.167610976299	22.07083587570542	29.211749836210316	0.0013004760445282997
174.0	25.284004634055812	24.68949295331076	23.876248495619016	26.14972668068881	5.272363255986593E-4
175.0	25.55919909086979	23.972861071166577	22.523644802291244	27.942467214333494	0.0018278213389002211
176.0	25.368213103113728	23.566306479847583	27.53436069768913	23.52953789694954	0.0015818224000112486
177.0	22.52673505403258	26.067292886823363	23.68546498955909	27.6953012395503	0.025205830034662407
178.0	25.868002889447016	22.36931140118847	23.48958726956045	28.272782076992165	3.1636281190297507E-4
179.0	28.43105408478155	23.89523204855347	22.494123817820423	25.178394773977036	0.001195274867517843
180.0	27.208557680646006	21.585361038169832	25.102630962890675	26.10313301198431	3.1730630917762664E-4
181.0	28.232815157396423	21.777053123125423	26.164006938513374	23.825242108288403	8.826726763730061E-4
182.0	26.132264458317227	22.270829913674575	25.245783009193808	26.35094612029786	1.7649851652996857E-4
183.0	24.104825568424115	24.328883937270717	25.83046685475285	25.735223514726357	6.001248259638004E-4
184.0	26.792299091736805	21.330681305071863	25.919163269549795	25.95361986677018	0.0042364668713586245
185.0	25.45054856604645	23.53337395478028	23.256849220767208	27.7586281153602	6.001430458601073E-4
186.0	27.27168094539718	22.441002705109202	25.01375150136738	25.273564848126227	0.0
187.0	24.92910089748924	22.947534664142037	26.816524160885773	25.3062388379906	6.014394923567654E-4
188.0	28.129076679702607	28.026291720344236	21.481419628353645	22.362787386569455	4.2458503005177466E-4
189.0	25.436977442353232	23.119464799059024	24.086767039254013	27.355693764056948	0.0010969552767795092
190.0	29.355872533455262	20.806812012822245	24.965265416103684	24.871837701904724	2.1233571408854542E-4
191.0	27.16323451419042	23.402389980629444	23.56773455247776	25.86625098908953	3.899636128497974E-4
192.0	27.292955973727828	22.850796408406385	23.792694492948883	26.06344675985428	1.0636506262243061E-4
193.0	28.10410026624	23.889579193280028	21.313774551313966	26.69226230242992	2.83686736084811E-4
194.0	28.42123630049661	22.584980985693964	23.888302345020904	25.10548036878852	0.0
195.0	27.06657066038606	20.86600739201067	23.974624546866906	28.09219440562417	6.029951121925612E-4
196.0	28.767328848616998	21.69689547538633	25.948841803871538	23.586862753883235	7.111824190016564E-5
197.0	25.58985654094275	23.468218823697615	23.227940818204225	27.713308079721365	6.757374340400243E-4
198.0	27.952107405368558	22.74926767770403	23.532289209548285	25.76622874696589	1.069604132379912E-4
199.0	26.0336849131079	22.87864977359139	24.902910314463746	26.184361959351854	3.9303948510398213E-4
200.0	27.863424828230425	22.874736766497367	23.439350965258	25.822487440014207	0.0
201.0	25.28973265865742	20.351992703836743	28.79833091688428	25.559800770714425	1.4294990713616657E-4
202.0	25.91833693066005	24.992181666965106	27.263626326927483	21.82585507544736	0.0
203.0	26.647386009880115	24.33474404624211	20.997192994750318	28.020140647016316	5.363021111353837E-4
204.0	26.181232793783575	22.66673961262122	23.542448645511623	27.609507432441855	7.151564172236841E-5
205.0	27.474307653025832	23.715346890491134	25.087309993927814	23.72214144254777	8.940200074525508E-4
206.0	26.13968326633381	20.072674210669376	25.384758444085204	28.402884078911605	0.0
207.0	26.220281947900915	23.77118642552033	26.259058816711683	23.74922240573268	2.504041343868908E-4
208.0	28.603293188209783	22.30279870905877	20.78100513084734	28.31279563198157	1.0733990253536849E-4
209.0	27.356158044982603	19.97356111522852	25.050521244688873	27.61904387001144	7.157250885620332E-4
210.0	25.541200692393268	23.86186782962773	24.01044746415977	26.586197664246537	2.863495726948501E-4
211.0	25.372270227189563	24.94004650200251	25.28705713358907	24.39991006080205	7.160764168108964E-4
212.0	28.80672675873907	21.607534577299408	23.835590726277314	25.749753914796493	3.940228877149395E-4
213.0	30.287511536841727	22.907445407216912	21.9202322601457	24.884452369644887	3.584261507719603E-4
214.0	28.05320153361381	24.410545890752974	23.79903029920392	23.7372222764293	0.0
215.0	26.005562164051476	24.083077184195805	22.543305625596023	27.367731393647887	3.23632508813592E-4
216.0	26.02191374938499	24.41916491240064	25.689472912908286	23.869375697054835	7.272825125283504E-5
217.0	29.426187025466554	22.377562398147354	24.901272118014546	23.294465300640788	5.13157730757868E-4
218.0	24.871125200115287	23.510285750015633	25.382887557685187	26.23544250313654	2.5898904735318745E-4
219.0	27.43312219765514	22.452886964225304	23.34298364804324	26.770371727132215	6.354629440998201E-4
220.0	28.394199273107297	21.539507992291124	23.570896063052423	26.4949837496462	4.129219029543436E-4
221.0	25.52449600725041	22.134183144545887	23.45682278495843	28.884346887151956	1.5117609331495536E-4
222.0	26.58830391453668	23.836802500441845	23.843978902903658	25.730761992703737	1.526894140810941E-4
223.0	30.583466606565068	22.311444105515353	23.97737236643861	23.127138031960875	5.788895200928693E-4
224.0	31.147014521419198	21.87053956101058	23.553361988479903	23.428851778294444	2.3215079587096595E-4
225.0	31.50645541481697	19.22974708688244	23.51287717221664	25.750181030212687	7.392958712660209E-4
226.0	25.613639765842283	22.73409862672644	24.914712069522466	26.737391962055735	1.575758530762746E-4
227.0	27.801810155897105	23.446944077319994	24.630611726260327	24.119558558407842	0.001075482114732432
228.0	27.926611170644467	28.095971238388493	22.396448958579583	21.580888632355453	8.00000320000128E-5
229.0	28.044141671580835	24.547859444133852	21.045248921670623	26.36274996261469	0.0
230.0	26.027809742687452	22.54390133937945	26.947300488778282	24.480988429154817	0.0
231.0	25.927972001966804	24.04773218410277	23.271423081849623	26.75188106620609	9.916658747112807E-4
232.0	24.931146075035404	25.249403293685884	24.283370675956892	25.535830635134865	2.4932018695689753E-4
233.0	23.277941970352913	25.042609548655964	21.501595363677804	30.1774750192725	3.7809804082198517E-4
234.0	26.85791555939126	20.70926864281503	26.887267258542753	25.543754112228594	0.0017944270223619787
235.0	25.965584316346867	21.38977123315723	27.487521749539685	25.15699282064958	1.298803066387453E-4
236.0	29.30270796429135	23.32317554413596	23.28489748671449	24.08878053913745	4.384657207499517E-4
237.0	28.3672587643771	24.04525240219675	21.832256590823977	25.755143706833277	8.853576889331174E-5
238.0	27.73951481184661	21.631364934568982	23.802986214575007	26.826134039009403	0.0
239.0	27.940950554270312	22.42947200014544	24.22372613274308	25.405124102918386	7.272099227793963E-4
240.0	25.229822292586988	21.161751396706833	26.079235196310684	27.52886371555589	3.2739883960496987E-4
241.0	28.549590577762125	21.924930826281706	22.83856718140281	26.685319060848517	0.001592353704845064
242.0	27.211110375900617	24.081976283360763	20.2288788493549	28.476626641494313	0.001407849889413391
243.0	27.771992210651085	22.576458856621418	24.70343088834326	24.94604841061534	0.0020696337688971673
244.0	27.1418636274969	22.3488857079046	25.699583571671564	24.808442026561323	0.0012250663656144603
245.0	29.11106231983625	21.181850590098993	22.734168608480708	26.97079370025946	0.002124781324588678
246.0	24.51770397482118	26.77638095166019	22.381912799327203	26.321258865231457	0.002743408959973663
247.0	26.246479651067705	22.582804342786822	24.24559888240032	26.785274951043387	0.139842172701765
248.0	26.251616136877537	22.584338138552056	23.03832783704404	28.114611396209366	0.011106491317002044
249.0	25.589806940249304	21.57518286050237	29.05407624800954	23.76541490827817	0.015519042960614477
250.0	28.159089802569714	21.323301279511682	23.045482186787893	27.471219817681757	9.069134489536606E-4
