# Position (bp)	A	C	G	T	N
0.0	23.946360757000363	24.315301261142015	24.701575245688954	27.03676273616867	0.0
1.0	22.73573931698655	29.630160895663344	24.070062433841382	23.491269418306736	0.07276793520198599
2.0	23.94953552257756	26.70413670473185	22.62945278639468	26.716666162007968	2.0882428793528117E-4
3.0	25.713573385240963	22.41781466390438	24.81290930978296	27.049026419062283	0.006676222009417645
4.0	25.853648368370035	23.55925667295486	23.857337905301883	26.729757053373216	0.0
5.0	28.220190247771804	23.380197826037172	22.62528600664972	25.77318085197191	0.0011450675693962997
6.0	25.63388124609116	24.397181688036717	24.574728692801088	25.38870223424569	0.005506138825343199
7.0	25.74942702769971	25.465170543519967	23.06988706482624	25.714893131591776	6.222323623051634E-4
8.0	27.6286205391586	23.81680273530014	23.848553232241958	24.706023493299302	0.0
9.0	26.108333720276327	25.57156639683842	22.02706537272929	26.2926217709607	4.1273919526175405E-4
10.0	24.25720323694655	24.695118808308848	23.631359208288234	27.416215658986648	1.0308746971805578E-4
11.0	26.997865390890937	22.549815030482296	22.7574878474977	27.694632141684554	1.9958944451263752E-4
12.0	27.78933870924854	24.44472238827725	20.60305714142209	27.162783277016878	9.848403524546654E-5
13.0	25.450519502640095	22.448061902328636	25.161252646178557	26.93938730320948	7.786456432342993E-4
14.0	26.292166668754863	21.97317023571217	23.811777223710195	27.92288587182277	0.0
15.0	24.97698814794529	23.899519984176976	24.541854945456205	26.58163692242153	0.0
16.0	26.442224425389853	24.73554967003976	21.26808836512167	27.554137539448714	0.0
17.0	27.71370461042669	27.05175948899523	19.457355317512764	25.77498082082295	0.0021997622423643045
18.0	25.22118937271013	26.09119331609658	19.9111872871778	28.776338952734914	9.107128058059762E-5
19.0	24.811626623255968	25.015386205077494	22.080994433774055	28.091176974442135	8.157634503530896E-4
20.0	22.596054408799795	26.235088028517318	23.716082177934688	27.45268545879323	8.992595496867879E-5
21.0	23.90803469446031	24.123447315819533	23.249571673329523	28.71823243860651	7.138777841233581E-4
22.0	22.074145012399317	26.827143686330356	26.267031946688668	24.831591008881393	8.834570025894126E-5
23.0	24.853975632581864	24.04606347128063	23.327519013703927	27.771826765495454	6.151169381236297E-4
24.0	27.909419643439932	21.62310112398665	24.38341738937456	26.083974813647977	8.702955088400266E-5
25.0	24.884283002832372	25.360511240710316	19.933922793274707	29.82067959708936	6.033660932390243E-4
26.0	26.306793586573118	25.618648825876573	19.6300407589479	28.444516828602413	0.0
27.0	25.59624491834288	24.90230049204636	20.251205316905562	29.250249272705194	0.0
28.0	27.11858950464585	24.12555658721391	22.635224430874747	26.11783383372529	0.0027956435401996597
29.0	27.552396980430515	23.624070646784535	21.977032747798162	26.845828460398774	6.711645880140072E-4
30.0	23.58215893215506	24.372229567002304	25.343406650622	26.702121544586426	8.330563420995852E-5
31.0	26.097959461106086	24.5273322131935	22.598945454937304	26.77485106478216	9.118059809498863E-4
32.0	23.831819081787657	23.063177931882095	24.61385147874694	28.49098719780351	1.643097798002486E-4
33.0	23.463968691152417	24.90028731257312	25.101707348249054	26.533710989115665	3.25658909742819E-4
34.0	26.395372683394726	26.549826491775114	22.626877384829776	24.42784270094739	8.07390529954996E-5
35.0	25.005653862167232	22.629273660514144	26.049640510262062	26.314872574333304	5.593927232596294E-4
36.0	24.130138457570368	24.614528342717424	26.09261221579226	25.162641130658304	7.985326164639858E-5
37.0	25.061488414792343	25.511166104536294	21.476200930009778	27.95114455066158	0.0
38.0	26.521862317481474	25.19005072009769	21.134837244753403	27.153249717667432	0.0
39.0	23.27238197073856	27.539349736870456	21.6657556545921	27.522273247764694	2.3939003419287655E-4
40.0	26.23642736380689	25.30643898866158	23.14830107176852	25.30883257576302	0.0
41.0	23.583468157551273	24.624646186149963	21.701433763813498	30.085585456216435	0.004866436268831513
42.0	24.353145012300534	26.238349590460786	20.46084728510758	28.9476581121311	0.0
43.0	25.34869642135018	26.099968015722546	22.886545147682018	25.66096187330557	0.0038285419396829174
44.0	29.071323527066127	25.216685328560995	22.665349168827937	23.046482472174638	1.5950337030621456E-4
45.0	25.718024201522006	24.74771476139749	21.849145547213382	27.68128815375685	0.003827336110278311
46.0	25.3633570853934	24.429938598652377	22.483529433339154	27.72317488261507	0.0
47.0	25.499994419260247	23.962978966989127	23.650377816081143	26.884416501769092	0.002232295900388579
48.0	22.765230004144218	23.87325066148108	22.798064968599576	30.56345436577513	0.0
49.0	22.22488741763019	25.853422575763492	24.486974233758534	27.432325066003433	0.0023907068443546247
50.0	26.766213079471125	24.49147741081581	20.57445701413353	28.167852495579538	0.0
51.0	24.780147901227092	26.97420731347826	21.65569065985108	26.58756399572326	0.00239012972030702
52.0	22.330788366822038	26.137975530453282	21.622430073087237	29.908806029637443	0.0
53.0	22.25857557504695	24.93613236502825	24.187826832745017	28.61516225992559	0.002302967254188025
54.0	22.874396518866728	29.051581755812478	22.24312349129717	25.830898234023632	0.0
55.0	24.062269979724544	28.19350345490949	22.88765621570742	24.854827246602333	0.0017431030562142812
56.0	26.48290734052304	25.394548063127694	24.404741627563737	23.717802968785527	0.0
57.0	22.667439810072885	27.660155943658758	23.40002487367106	26.267230364256694	0.005149008340601356
58.0	25.665809125212668	24.984713161888408	21.95079063843539	27.398607868048448	7.920641508597064E-5
59.0	27.510898008579016	22.33513593998492	24.614292864972406	25.536267558782715	0.0034056276809417904
60.0	24.076875687533956	23.43558592721294	23.83092536633549	28.656613018917614	0.0
61.0	25.276651805412996	23.675732611305204	23.054897017680094	27.98726223443878	0.0054563311629260485
62.0	24.833236337873142	22.167943422126353	25.122483125952822	27.876178969275635	1.5814477205012555E-4
63.0	26.33568954884008	24.25652703322422	22.932065088476683	26.473188165156476	0.0025301643025443963
64.0	24.677647913286833	21.676791360261465	24.12361204858274	29.52194867786896	0.0
65.0	23.501350675021747	26.219120379799392	23.91965733429957	26.35474046672887	0.005131144150416728
66.0	24.118471272216325	23.854579039394384	23.46020105698983	28.566590753904507	1.578774949577875E-4
67.0	26.905006977816225	24.7903497748786	21.349354946671802	26.954420020333547	8.68280299825081E-4
68.0	23.617553804879318	22.49279562788737	27.0786517740791	26.810998793154205	0.0
69.0	22.563492602198266	24.817245173236262	25.16033963747378	27.455844444900467	0.0030781421912268216
70.0	26.07640358739446	23.225438747927758	24.48490524242976	26.213015932326044	2.3648992198197473E-4
71.0	24.567732011541302	23.13914597827788	25.91641914522333	26.375759177167158	9.436877903314468E-4
72.0	27.38532182227045	25.725653001210862	21.79648063405199	25.09120787532827	0.001336667138431539
73.0	25.021794139125607	23.05745241645711	22.95463281690329	28.96132552386507	0.00479510364891666
74.0	24.846763648251063	25.320696180249957	23.78793974903815	26.044050343249424	5.500792114064426E-4
75.0	25.863152766646238	24.1885499662125	22.324344286769442	27.621438561752548	0.0025144186192698754
76.0	26.52213949658534	24.188763211570556	25.64969656208456	23.63877216856754	6.285611920034445E-4
77.0	24.614271426899144	24.84658455702985	23.938465696299097	26.59965699048828	0.0010213292836317841
78.0	26.699216371742246	26.682954612408427	20.680087200738456	25.937427578215527	3.14236895339474E-4
79.0	27.56870810074517	21.178025976556057	22.671905759178753	28.578060854960825	0.003299308559191952
80.0	23.539026706389947	23.64577057843554	28.23929164169562	24.573476150717006	0.002434922761893616
81.0	24.80703934300303	25.125767071137233	22.02292357681943	28.043484578463335	7.854305769694476E-4
82.0	22.6707140360729	22.719565208854473	24.27918995016709	30.329588338549623	9.424663559145654E-4
83.0	25.47606931041415	21.97136044933655	24.209247461801368	28.34238037796542	9.42400482509047E-4
84.0	23.409464802446887	25.608207592730015	24.960049628765837	26.021414184246794	8.637918104683715E-4
85.0	25.167717255090405	26.969185880342845	21.7589582685549	26.103274883555855	8.637124559899244E-4
86.0	25.632063435985003	24.847592690729943	23.076017193664253	26.442520952324873	0.0018057272959233744
87.0	21.9605509801028	22.69095755870726	25.811964067607157	29.535663936047623	8.634575351584208E-4
88.0	25.057414427778696	27.279427347006052	25.49255535410142	22.170131939375388	4.7093173844451247E-4
89.0	26.363518641327595	26.53052735670252	22.59146042372183	24.513551799777897	9.417784701593568E-4
90.0	23.45452790462431	25.82793358168136	25.152340092930398	25.56511994550678	7.847525714379885E-5
91.0	26.925412860306245	25.156583244533515	23.73803556491594	24.179340584839007	6.277454052959741E-4
92.0	25.477940888013624	24.326771437314147	22.60095878480695	27.59432888986528	0.0
93.0	25.828664588647044	26.43598713646752	21.07874480920061	26.656211189139274	3.922765455499757E-4
94.0	28.02573804276965	23.223860879006565	22.93045597788951	25.814924267801793	0.0050208325324843945
95.0	23.47781270371466	26.95062054769482	24.1163637732877	25.45214357828644	0.003059397016381894
96.0	25.637630640156377	24.1967061894647	24.191215459385855	25.973506442979556	9.412680135166086E-4
97.0	25.042843305267866	25.37029556978655	23.521739300938435	26.06504339232703	7.843168012423579E-5
98.0	28.12013765151705	22.565296634627448	24.06674279117625	25.247822922679248	0.0
99.0	21.5963751747454	22.329462995530125	27.049137269322355	29.025024560402123	0.0
100.0	22.756654245773746	24.715669219051712	24.58984005977081	27.93783647540373	0.0
101.0	23.398294628817606	21.982795786582468	29.09329060760315	25.52554059075011	7.838624666270555E-5
102.0	25.15607034275516	24.129239176183724	24.58735902723403	26.127331453827086	0.0
103.0	25.943720725421894	25.615657403794472	24.928894801916197	23.511648716032088	7.835283535405295E-5
104.0	25.484401454438334	27.342876550589995	22.816677622223665	24.355809331000675	2.3504174733168857E-4
105.0	26.784354404515298	23.628299586640885	21.33241719498704	28.25069807234881	0.004230741507961629
106.0	26.78065981381189	23.13249783971339	24.91501828115611	25.171745723102575	7.83422160349281E-5
107.0	25.827183705444572	24.25726596161379	23.060947904426165	26.853584018801406	0.001018409714061888
108.0	23.371304256575478	24.378241141727656	25.036689215328494	27.213608762183405	1.5662418496689747E-4
109.0	25.73913996680134	24.29460678380156	26.010053556328106	23.955181809640138	0.0010178834288577783
110.0	24.282114133655675	24.38365430308762	23.18881539339574	28.145416169860965	0.0
111.0	24.307556695373485	24.25878563985981	24.796598081880575	26.63612017250706	9.394103790755733E-4
112.0	25.703599681252946	24.19205605940343	23.62571643723454	26.47839298881724	2.3483329184611842E-4
113.0	27.962357221297303	22.17090159667937	23.570882341660738	26.29476302629406	0.0010958140685306463
114.0	26.64237604542946	22.460423376918172	27.12884074249463	23.76804674444362	3.130907141207826E-4
115.0	27.265803443811453	23.30059849491757	26.176990430030262	23.255590048984846	0.0010175822558702754
116.0	26.64455171431322	24.07044014129983	25.70628389743943	23.57856769938485	1.565475626718599E-4
117.0	25.735707928824752	26.300682775781382	24.040078930539714	23.922512815254475	0.0010175495996725056
118.0	26.04426681569948	24.143707081641647	25.390682787884195	24.421265041238414	7.827353626530346E-5
119.0	26.531387005293723	21.805704821177393	24.47291732384852	27.189364651587294	6.261980930702571E-4
120.0	25.211944836028938	23.901413069938076	24.578321551880013	26.30824226873924	7.827341373056569E-5
121.0	27.537641949835784	23.447122805589387	24.644088280508843	24.37028595044945	8.610136165389757E-4
122.0	27.122775350844304	23.67088538238096	24.62943061035833	24.576673833969572	2.348224468342412E-4
123.0	24.15663584233094	27.860800493439847	23.584060890978282	24.39756348419881	9.392890521164531E-4
124.0	25.10682330693179	24.909183556059634	22.43982163110325	27.544014959567996	1.565463373244822E-4
125.0	26.50092321757174	23.85157447927633	24.627014621981736	25.019157058133356	0.001330623036841821
126.0	23.88875017317722	23.75920970136812	25.654414199201153	26.697547654065108	7.827218840428838E-5
127.0	25.781882278169917	23.046487928354395	27.831940902708315	23.33843656417939	0.0012523265879892489
128.0	25.75154057305482	23.104799668756247	25.074807707209327	26.0589116075419	0.009940443437702772
129.0	24.75436691903755	26.102580037679523	22.64176196778847	26.497847163899667	0.003443911594789362
130.0	25.94720718097555	24.46160685912157	24.335589128974842	25.25551855904596	7.827188207871333E-5
131.0	25.76017770875926	24.763618546081858	24.171256015203554	25.304165009909234	7.827200460865563E-4
132.0	26.206372936544586	25.683043856010144	22.398422028976434	25.70542975445957	0.0067314240092674485
133.0	26.725981377466358	25.353634024007665	25.001878533992073	22.916236169293484	0.002269895240421042
134.0	26.369336015466622	23.144514280794308	21.569126245509125	28.917023458229952	0.0
135.0	26.164800767702033	23.524807467874783	26.614870782941797	23.694659977973963	8.61003507415197E-4
136.0	27.928520270984254	26.12962941220212	24.515073597038114	21.419497246715434	0.007279473060079135
137.0	28.656847029061282	21.085947137391432	24.25883078580061	25.99806195482695	3.130929197167135E-4
138.0	24.990861965190152	23.956522521831488	27.186651503138236	23.86494649846943	0.0010175113706895676
139.0	25.83537356609728	23.594900566047187	25.598216074738268	24.9699443971347	0.0015653959825677503
140.0	26.73624971626709	21.07622826997284	26.209171812994576	25.978115387324767	2.3481344072134687E-4
141.0	25.37578271759549	25.26800250469631	25.272542266750158	24.08320288040075	4.69630557294928E-4
142.0	28.835901598411372	22.58964402257078	23.710199196763256	24.864098636407398	1.565458471909022E-4
143.0	26.82178090726646	24.941061180529683	24.296412950572794	23.94051014561724	2.3481601382596687E-4
144.0	27.551438122797144	25.44663717915503	22.92926675970548	24.07195349416055	7.044441817998235E-4
145.0	28.03128676323829	22.22086551278529	23.325592262372993	26.42108138612916	0.001174075474267788
146.0	27.34334213362617	21.73450562730851	25.412469699258537	25.504203555234817	0.0054789845719621574
147.0	26.078986626843054	24.24630214912878	26.900426882816202	22.77076220576472	0.003522135447240759
148.0	24.143412760968033	24.26755186877886	24.42065155029082	27.16799246085822	3.9135910406943024E-4
149.0	27.53731068744653	24.853101520605705	24.262063599781776	23.34517600813411	0.0023481840318789467
150.0	25.307871314369624	24.322166499812532	25.04800154669476	25.32196063912308	0.0
151.0	26.64265144345738	24.57302138591634	24.99579263934974	23.7877517665044	7.827647721410886E-4
152.0	27.528038875564377	24.301689534031773	22.830079091233586	25.34011422201905	7.827715121266963E-5
153.0	24.860371710662786	22.85747386103629	25.0042465786666	27.276890236313296	0.00101761332102804
154.0	22.89294322185614	24.827453402438078	25.3004154269222	26.976448182008188	0.0027397667753962683
155.0	26.724821632269276	23.405964407094153	24.974065923053494	24.894991454476987	1.5658310609210061E-4
156.0	26.304366718889092	23.459692819376947	26.403879022477568	23.83198314476104	7.82944953489155E-5
157.0	25.2351010047627	22.260195409237426	26.71903051713217	25.785438183174826	2.3488569287756112E-4
158.0	25.145199756343146	21.484787888563	26.299594583802456	27.0704177712914	0.0
159.0	26.36342709675803	22.02349540317542	24.662030432529015	26.950342393355392	7.046741821473145E-4
160.0	25.825132187926485	21.55620404350594	26.534362596982835	26.084144574011535	1.56597573207408E-4
161.0	24.55748713138283	20.3266209289834	29.016206549331397	26.09553548637657	0.004149903925809114
162.0	25.55263143470802	22.996796691297668	25.146638874903392	26.30393299909092	0.0
163.0	24.93091581086319	23.83645311710837	27.697258949231244	23.53529381824731	7.830454988587112E-5
164.0	25.48142730510338	23.830181764648763	25.460832740815455	25.225443918573948	0.0021142708584566136
165.0	26.826928573610036	22.048045682317756	26.58432740038512	24.539915254038196	7.830896488860941E-4
166.0	24.989388711468493	23.474989467023562	25.61541557878118	25.920049618541796	1.5662418496689747E-4
167.0	26.720244467643045	22.983764547962757	26.692207750507674	23.603078400215523	7.048336710008716E-4
168.0	26.0587758017374	23.93025973252969	24.704429330885645	25.30637849962251	1.56635224755884E-4
169.0	26.435000951589544	22.493618867631938	26.133233501277793	24.937676758737197	4.699207635272566E-4
170.0	30.74360203381547	22.89326854697481	23.67827056763251	22.68470221144538	1.5664013182833494E-4
171.0	25.87476337902197	23.603358627727552	26.574856030281218	23.94616045506414	8.615079051182185E-4
172.0	27.042860509747147	24.359370877027867	24.372525237972567	24.22516507548489	7.829976752799021E-5
173.0	27.98803143392628	19.948158134131237	23.772650479979582	28.288811332246706	0.0023486197161927936
174.0	24.267965208677474	25.380990033898836	24.614469244439576	25.735870918243524	7.04594740591703E-4
175.0	25.610494134042128	24.107775476890435	23.11105195786375	27.16887773676196	0.0018006944417260048
176.0	24.452348721096563	24.124529155741307	28.411081193867656	23.010005269227786	0.002035660066691356
177.0	22.429712617667647	26.276980755046143	24.721990362645776	26.547355991712564	0.02396027292786705
178.0	25.464303329705864	22.97857182002521	24.049432783471257	27.507457194529046	2.3487226863124272E-4
179.0	27.74674684079485	24.13296064890935	23.58974961243952	24.529133587009287	0.001409310846995819
180.0	26.832466690628177	22.258774855485434	25.58884879609124	25.319595751593464	3.139062016878737E-4
181.0	27.77401960899855	22.03926356653098	26.36859543221429	23.81717857639519	9.428158609912295E-4
182.0	25.42058204217606	22.657453094063296	25.94738992425909	25.97449637009334	7.856940821521733E-5
183.0	23.98981386976305	24.124251302927373	26.359165592188642	25.52629780052188	4.714345990566594E-4
184.0	25.988400462975697	22.226919380781794	26.66259113950011	25.118238743648032	0.0038502730943701935
185.0	25.02465012535227	23.989619842034926	24.49833557639653	26.486608794850465	7.856613658094316E-4
186.0	26.725579304991154	23.487584188973013	25.627311955698453	24.159524550337387	0.0
187.0	24.393768046482307	23.25626418043295	27.811867217239318	24.537156177376314	9.443784691152826E-4
188.0	27.541201386063342	27.531914793149014	22.64228752393462	22.284202797153267	3.9349969975972906E-4
189.0	25.105642144466668	23.40332592716772	25.190329011627128	26.29967974826907	0.0010231684694108046
190.0	28.689170415323645	21.787391131523744	25.291253920839385	24.23186968448312	3.148478301081109E-4
191.0	25.898643668284073	24.02216800223887	25.146177162700678	24.932616998884505	3.9416789187186386E-4
192.0	26.72463274484203	22.745457011120152	24.637554323487297	25.892277076592173	7.884395834515993E-5
193.0	27.252647947564647	24.23581715756471	22.739387707467245	25.771831767800705	3.154196026974685E-4
194.0	27.29069936157864	23.15562782305887	24.734727093794948	24.81894572156754	0.0
195.0	26.54906411408084	21.402697124397548	24.841100901223477	27.206428049210412	7.098110877223976E-4
196.0	28.304184805460448	22.526485010005974	26.36226688290954	22.807063301624034	0.0
197.0	25.07237028288836	24.44850761488733	23.740061437666697	26.738191114462833	8.695500947809604E-4
198.0	27.65616251877815	23.068790778375494	24.195202455552113	25.079685865449875	1.583818443724159E-4
199.0	25.51082555245924	23.317007639980396	25.914711997957173	25.256899693734645	5.551158685422182E-4
200.0	26.99426352568327	23.68696758372532	24.254111615785494	25.064657274805906	0.0
201.0	24.638759384959002	21.112965321852737	29.45342379484674	24.794613553046734	2.3794529479042573E-4
202.0	25.173357447112295	25.388477738381365	27.932402097264198	21.505762717242145	0.0
203.0	25.459902179536414	24.44432454049456	22.867040978585507	27.227780122957974	9.52178425541234E-4
204.0	25.757456726110977	22.666844420320732	24.709265647281203	26.86635385197723	7.935430985159951E-5
205.0	26.860719432681744	24.685660866087243	25.61717128110061	22.83557547630989	8.729438205100531E-4
206.0	25.031370167982192	21.34488930160204	26.027358119932853	27.59630304256898	7.936791393343413E-5
207.0	25.289512307993945	23.24456993263168	27.670224664249865	23.795454960386287	2.3813473822245117E-4
208.0	28.22895396213952	22.134105870883126	21.75127741804359	27.885583356886308	7.939204745739029E-5
209.0	26.61551337513261	20.74701910188732	25.80882866744167	26.82784479637147	7.940591669366468E-4
210.0	24.59194630019664	24.745859898915775	24.89834395956631	25.76361158497651	2.3825634476646112E-4
211.0	25.392066677152492	24.988918386898433	25.606311197116078	24.012068234138994	6.355046939965461E-4
212.0	27.887884514819504	22.423653353721047	25.171782934400618	24.51644077522066	2.3842183816879313E-4
213.0	29.41686777644809	22.713411603802466	22.77328731994545	25.096035718687503	3.9758111648729137E-4
214.0	27.35672337784285	24.90793054605064	24.35225120557669	23.383094870529817	0.0
215.0	25.608481052331882	24.558637404388385	23.471151231237553	26.361411307591272	3.1900445090960133E-4
216.0	25.587719171029544	24.751481282741704	26.309950255971458	23.35084929025729	0.0
217.0	28.49481706450552	22.76829253438034	25.582547332605195	23.15385583603003	4.8723247891704457E-4
218.0	24.37668411181274	24.256697543756196	26.21268335831347	25.15385308402336	8.190209423654962E-5
219.0	26.3202601147711	23.325800361086895	24.29949555251666	26.053700314401752	7.4365722359707E-4
220.0	27.828159993892733	21.738646990634138	24.664826187577845	25.76811789023675	2.489376585421713E-4
221.0	25.184419788259998	22.370889428382256	24.758147575958215	27.686208810684644	3.3439671488667296E-4
222.0	25.505536313778194	24.347878203629307	24.775605609501	25.3709798730915	0.0
223.0	30.239196788106522	22.4366570206502	24.505510325951306	22.817954368691364	6.81496600609769E-4
224.0	29.85500910622391	22.84061247787482	24.67833640858726	22.625956623123574	8.538419043406761E-5
225.0	30.16293988962192	20.3943595220842	24.247031914857082	25.194895958184084	7.727152527122306E-4
226.0	24.945628873888495	23.066635655308758	26.05630991455098	25.93133877073523	8.678551653871588E-5
227.0	26.84801104749688	23.72644477040168	25.61147649865849	23.812840962660374	0.001226720782577761
228.0	27.411311550097068	27.63875511439592	23.683211034317452	21.26672230118956	0.0
229.0	27.47835700783245	25.24380305210404	22.46240860440583	24.815431335657678	0.0
230.0	25.160653381985497	23.018608288845506	27.992166439860135	23.828571889308854	0.0
231.0	25.112742208412094	24.50227664326594	24.625986522707848	25.75808632987666	9.082957374589337E-4
232.0	24.867263100237356	24.88899032316962	24.703669892276796	25.539985393463578	9.12908526565638E-5
233.0	23.19590717949238	24.946179852871623	22.655631269989517	29.201820711375575	4.6098627090687986E-4
234.0	26.890445500843175	21.076808843536778	27.036139885335896	24.9954821632058	0.001123607078350058
235.0	25.433436195179166	21.988685512775934	27.54104604528258	25.036832246762312	0.0
236.0	28.6735772201514	23.355205010951853	24.491795719171503	23.479229912000925	1.9213772432079314E-4
237.0	27.906668087538627	24.512366429962317	22.58014202261124	25.000726582253957	9.687763386067059E-5
238.0	26.99231313221471	22.31457405414843	24.58502978330232	26.108083030334534	0.0
239.0	27.09384856085628	23.48801748329898	24.86999279807286	24.547346462363723	7.946954081505948E-4
240.0	25.724047861173073	21.97023438525128	26.45896207846739	25.84665316231466	1.0251279359664086E-4
241.0	28.30626426297565	22.030914277912316	23.94424466155364	25.716215675183474	0.0023611223749195422
242.0	26.01180516537728	23.98922387623511	21.895330003354676	28.102817721743033	8.232332899077774E-4
243.0	27.558190420358187	22.618919833871406	24.99876146675364	24.821857634731774	0.002270644284994757
244.0	26.490845368924916	22.513362349705872	26.71312043173054	24.28194816338768	7.236862509950686E-4
245.0	28.067412190896203	21.626903532259536	23.77487959148146	26.529664845686433	0.0011398396763684293
246.0	24.43342982088201	26.56826874758608	23.33527831189704	25.660635156629606	0.0023879630052618247
247.0	25.335819808269473	23.191443307122668	25.607118922046514	25.729187913400743	0.13643004916060658
248.0	26.32100998461101	22.89594353688409	24.180096001467007	26.59221881749615	0.010731659541747719
249.0	25.415232202803306	21.22198025536506	29.322863358887965	24.024764953534348	0.015159229409323238
250.0	27.062871612450856	22.0995494272727	25.142042030396627	25.69438403385741	0.001152896022403914
