# Position (bp)	A	C	G	T	N
0.0	24.621308629858287	21.906553692029064	25.51756683656372	27.954570841548932	0.0
1.0	24.560400410575305	30.06704236300039	25.404845187200415	19.899075209024684	0.06863683019920876
2.0	23.34073312304087	22.685258432299342	22.58167785699453	31.391218147119027	0.0011124405462330292
3.0	25.33179870898904	21.77133026984772	22.532797038109152	30.353206471603066	0.010867511451022719
4.0	26.762584424653852	21.523382266936135	24.74552305653645	26.968263486352633	2.46765520934353E-4
5.0	29.597535428219345	22.936537276648185	24.4241528034504	23.040788662969806	9.858287122612446E-4
6.0	31.026385334337743	22.150872190745872	24.011071387383232	22.807499687144972	0.004171400388185613
7.0	27.697377847829202	24.09168898637304	21.32563747408281	26.884560886566906	7.348051480448672E-4
8.0	29.19258990085854	23.79199258060214	25.38929203723892	21.625880778204785	2.447030956165111E-4
9.0	27.133945598470476	23.114797274558484	22.685593885802636	27.06529744282572	3.6579834268964204E-4
10.0	26.047985149889648	21.741550589278493	21.871391613195552	30.339072647636307	0.0
11.0	25.019211624257675	21.414118960289603	25.878027996983505	27.688282881158027	3.585373111852885E-4
12.0	31.196222480215074	26.0176202287414	17.251012595673444	25.535026470539556	1.1822483052470544E-4
13.0	27.86504748632792	22.781726839436487	24.197767966929373	25.155223496071105	2.3421123511294838E-4
14.0	24.4912397665181	23.803918094847358	24.979369859948157	26.725355724222815	1.1655446356973687E-4
15.0	26.140608913075454	25.468903798069853	20.558792582619617	27.831694706235076	0.0
16.0	27.997064968381196	24.566550721715313	18.986741946866967	28.449530338928934	1.1202410758795293E-4
17.0	26.45274054513282	25.50306008149395	20.808445933148988	27.23488763467335	8.658055508958383E-4
18.0	25.1011369353704	23.515482165962613	22.3198308117781	29.063334615388758	2.1547150012335745E-4
19.0	25.29207611455686	24.011598080896185	23.590006119536376	27.10588948913164	4.301958789385777E-4
20.0	21.909651186035532	23.839484328678793	24.03885824142639	30.211899911105817	1.0633275346538444E-4
21.0	24.806190125276345	21.06948099799979	23.36372249710496	30.76039583114012	2.1054847878724075E-4
22.0	24.102261708749715	25.522240239853662	22.713012351882266	27.662381884736533	1.0381477782599397E-4
23.0	23.321217628350748	25.39651398124819	22.082627731196563	29.199434141505925	2.0651769856676715E-4
24.0	29.341514446246798	20.53485916608661	20.44460525925767	29.67891891560391	1.0221280501578677E-4
25.0	25.80116410309592	23.18178111196916	19.126046731258516	31.890706003054735	3.0205062167052116E-4
26.0	28.45272845252756	26.587319922936757	18.40035518198054	26.55949599516245	1.0044739268702802E-4
27.0	24.605271741039395	24.41027854021045	19.842941657592743	31.141407704389103	1.0035676831134683E-4
28.0	28.992072706890337	23.972654842455057	22.365075869800215	24.668695199583617	0.0015013812707691076
29.0	28.657033899738437	22.30002457440024	22.544375695818673	26.498267355545806	2.984744968466169E-4
30.0	24.72534398474768	21.323213701878572	25.306366032072418	28.644682368048908	3.939132524235513E-4
31.0	29.1287689226537	20.698632682496626	22.14598156918536	28.026125232400716	4.915932635991902E-4
32.0	22.496493743241757	22.686381513826966	24.50330868004154	30.313426749162247	3.893137274940167E-4
33.0	26.305930818400718	24.130201433144116	23.92577048419383	25.637903857497896	1.9340676343451732E-4
34.0	29.413137200303417	25.49146878930742	21.202050947218833	23.89315102691388	1.9203625644521687E-4
35.0	26.70125966968831	23.075478156730714	25.28855312953211	24.9344229938585	2.8605019036640167E-4
36.0	25.58521415759849	22.657952069716774	25.520502747614067	26.236235721079527	9.530399114054098E-5
37.0	23.41270446195826	25.455799631091935	19.927323587249806	31.204172319699996	0.0
38.0	27.405601066869878	22.724328443513052	21.40636311678415	28.46361211659364	9.525623928367309E-5
39.0	22.87736882305994	24.749665236182302	22.6541294521683	29.718836488589456	0.0
40.0	28.63520529629785	23.477371506496574	22.884280615412745	25.00295212229024	1.9045950259596303E-4
41.0	21.502584259819997	24.990858918838626	21.20254731461697	32.300010283716304	0.003999223008101283
42.0	24.989360294236658	25.530628547163648	20.28370644504342	29.196209503661297	9.520989497396485E-5
43.0	25.461698976075425	24.923653076533505	25.321380565614565	24.290125924825887	0.0031414569506162966
44.0	31.250440228823805	23.419316764865457	21.530758906899933	23.799103360968598	3.8073844220866366E-4
45.0	27.649387603612517	23.972820449376183	22.204626994927626	26.16992929129512	0.0032356607885495677
46.0	26.12954766705905	23.444555360896654	23.5931030479397	26.832793924104596	0.0
47.0	28.270883308102125	19.881021592906205	23.538199357341522	28.308563609772904	0.0013321318772497566
48.0	18.830631429348745	24.645606972377227	24.876954132001057	31.646807466272968	0.0
49.0	20.202735030052608	25.82907441385759	24.122082366694155	29.844776533948174	0.0013316554474695217
50.0	26.50573761526353	22.836231863381506	22.441327950009274	28.216512347880673	1.90223465015527E-4
51.0	24.99253440356066	28.787244766949755	21.60543609544551	24.612597361838915	0.0021873722051564924
52.0	20.900301368039777	26.36998868681491	22.688735299989542	30.04097464515577	0.0
53.0	25.11265684644122	21.37191004110638	24.568420873295242	28.94568714287472	0.0013250962824423796
54.0	22.635070551827912	31.78598805682001	22.02608193665004	23.552764817776602	9.463692543556644E-5
55.0	28.9573967273663	24.433306086614294	21.58801068676869	25.02034043261735	9.460666333651212E-4
56.0	26.939824594430196	23.198337326990153	26.032335849352894	23.829502229226758	0.0
57.0	23.698247492600537	29.444053989373526	23.350905388059264	23.502441894452268	0.0043512355144059
58.0	26.88797065085086	25.069537773599578	23.079069248367837	24.963138596041574	2.837311401546713E-4
59.0	30.488651409116702	21.918668432003027	23.31766597314167	24.272933610743333	0.002080574995271421
60.0	21.139993173693572	23.61656201869576	25.680432420984555	29.562917839445653	9.454718046125788E-5
61.0	28.010305136023067	24.255926634994918	22.829563449857005	24.899099482379636	0.005105296745373324
62.0	26.893508241851745	20.151034438423405	24.05045699829453	28.904905783098815	9.453833151189481E-5
63.0	27.417465705834477	23.214533863095593	22.38103746054434	26.985072312926523	0.0018906575990728215
64.0	23.615069974218038	21.881686488284704	24.763822837830684	29.7392316823299	1.890173366701194E-4
65.0	21.63396839797384	27.11943373402888	24.82006501852272	26.422091177137673	0.004441672336886671
66.0	23.94726098855406	24.13352208294903	22.555169572251536	29.36338585058288	6.615056624884708E-4
67.0	25.54879581488264	25.302251125940963	21.079618153400123	28.068862416912832	4.724888634374888E-4
68.0	23.170195857574967	19.75386220327724	26.934078197509333	30.14158025983942	2.8348179905109193E-4
69.0	22.16003794679134	22.3758508736455	27.77958356798107	27.682165386025453	0.00236222555663483
70.0	26.906923757056383	21.686711706605603	24.215390661014002	27.190690486446456	2.833888775533338E-4
71.0	22.46480191171395	23.855985720452274	25.999422573610108	27.679131490521836	6.583037018298021E-4
72.0	27.504948167650035	26.524059142944456	21.509132366422982	24.46073199971792	0.0011283232646153122
73.0	23.28389248872726	22.82113671321176	24.62947571895437	29.261452312274592	0.004042766832012696
74.0	25.147629745913274	25.617732489824313	24.30358804673767	24.930109700040422	9.400174843252084E-4
75.0	26.65999295029961	23.715944072376924	20.47101398190577	29.15107507930913	0.0019739161085653863
76.0	28.215871762698963	22.247442350077304	25.06605010503165	24.46978988970502	8.458924870648941E-4
77.0	25.64170761139661	22.40055787586134	22.84612550703172	29.111233078580046	3.759271302850655E-4
78.0	24.624429337458203	31.00776796471055	19.11082835109772	25.256598447158858	3.758995746696313E-4
79.0	25.842595272370545	20.92073759739601	22.698202989629888	30.536302917087948	0.00216122351561531
80.0	22.084161182897216	23.38626873523375	32.409899436827445	22.117416076016553	0.002254569025039807
81.0	24.030753623460672	25.87606496397674	21.255225016203422	28.83767459773246	2.817986267013592E-4
82.0	22.61722514101955	23.71607876432501	23.278415697264887	30.386871610694005	0.0014087866965454671
83.0	22.596430600487377	23.24964667546261	24.030106537325626	30.123346652455428	4.6953426895861994E-4
84.0	22.904317698479392	26.775458083537163	22.044909322228847	28.274375959475513	9.389362790894197E-4
85.0	26.849120619762633	28.29957697370027	18.862128725419694	25.988798158436776	3.755226806311034E-4
86.0	27.51903678959901	21.108990958639506	23.398755627972374	27.971714892574596	0.001501731214515734
87.0	22.006264828308243	23.044117412526465	25.773323539262122	29.175637529304815	6.566905983483294E-4
88.0	26.642830746835894	27.297036704940453	24.21950180926637	21.84025556708167	3.7517187561551634E-4
89.0	25.331340243503313	27.501732543974732	22.969453772725867	24.196629440024907	8.439997711822842E-4
90.0	20.327809521309213	25.401628077492138	26.73820056369511	27.532174314180324	1.8752332321332466E-4
91.0	29.565762790998555	23.9954098379099	24.936130557110296	21.502134294117262	5.62519863982697E-4
92.0	28.005272004102117	23.40820441577214	20.475417781014972	28.11110579911077	0.0
93.0	22.623885991519103	29.034238537476053	21.52449975067206	26.817188255716733	1.8746461605371987E-4
94.0	28.488561180275873	23.242140819935948	20.454534803835653	27.812045134811147	0.002718061141379482
95.0	23.436234817813766	28.74981256560204	23.000637276953068	24.81134727845254	0.0019680611785874947
96.0	26.745237535222422	23.96295917994428	22.988866576019987	26.30115626057141	0.0017804482419010689
97.0	25.543047437355813	25.815906403377753	25.04895906928106	23.59199338841736	9.370156800203895E-5
98.0	29.654658734248372	21.39007823113318	23.707874642806953	25.247388391811498	0.0
99.0	21.713426018302798	22.05525687900649	28.87885285722449	27.352464245466223	0.0
100.0	20.762130811568248	25.013581713206673	24.3489207689685	29.875366706256578	0.0
101.0	25.46453481892063	20.088209867928715	29.340036958604678	25.107218354545974	0.0
102.0	23.903759742120613	26.830282472330598	24.82941338432982	24.43654440121897	0.0
103.0	27.42645234092963	24.453923556321378	23.72076471772589	24.39885938502311	0.0
104.0	26.843835154647866	26.41552190727683	22.773454691874782	23.9667200419511	4.6820424942176775E-4
105.0	27.104474369502785	23.85125575062715	18.851475803121374	30.190640371486065	0.002153705262625629
106.0	28.162609847793213	25.041785468488843	23.603803531047657	23.19170751576611	9.363690417667411E-5
107.0	25.722948197919827	24.7759338119904	20.99911234957696	28.50163110446934	3.7453604347614393E-4
108.0	23.024073644078587	25.77392945688241	24.564535941935628	26.63736732905391	9.36280494655711E-5
109.0	26.9065059374684	25.128261301037703	24.96161523107631	23.003336666254732	2.808641628562762E-4
110.0	26.408873294551366	24.41176415520027	20.672368502350697	28.506806815990355	1.872319073127166E-4
111.0	25.54561402523389	22.748131048466362	24.99948513731856	26.706488954791315	2.8083418987761243E-4
112.0	25.562843484064583	23.70556061560582	23.92788039850938	26.803621893490572	9.3608329643605E-5
113.0	30.35070410405988	19.73878319735507	23.31649674064034	26.59336071619795	6.552417467621697E-4
114.0	26.64772110333569	22.91767291570722	25.996514166114398	24.437530187471214	5.61627371471576E-4
115.0	27.588275874334357	20.695723313180327	27.562160274897106	24.15346612039198	3.7441719623298856E-4
116.0	25.641164847158503	23.69335663451989	27.110375174688695	23.555009739509085	9.360412382327915E-5
117.0	26.454893231855316	26.26431773316248	22.829559420523186	24.450761599973042	4.680144859843702E-4
118.0	29.960284959859074	19.489386078301248	26.494228074592762	24.055539279325995	5.616079209181166E-4
119.0	27.54363451373737	21.72323451860463	23.68183847624824	27.0511052891199	1.8720228985840955E-4
120.0	26.101318287162705	21.950735522616057	26.889819498369455	25.058033090093563	9.360175821542632E-5
121.0	27.976143118822954	23.1465474072209	24.65604176826215	24.221080504805915	1.8720088808101305E-4
122.0	32.23237267987682	20.944522964890442	22.789108642137087	24.033246908842443	7.488042532081582E-4
123.0	28.08744356004163	28.0133134654696	21.079809657878382	22.818871724984838	5.615916255456799E-4
124.0	23.367695343064764	24.905749381334072	20.30235074333507	31.424110936815588	9.35954505123415E-5
125.0	27.98772806316416	23.96228569503226	23.61973468207335	24.42959640751965	6.551522105771516E-4
126.0	24.427661677386507	23.269507236827327	27.2296391694683	25.07309832051695	9.359580091798761E-5
127.0	27.93175515491175	20.33493472301387	24.107887429137804	27.62476753643372	6.551565028494629E-4
128.0	27.918441077094432	20.913209101204572	23.56635437043138	27.59516299617195	0.006832455097666669
129.0	23.24226226632835	28.026464925737038	23.455378109811285	25.273367632785583	0.0025270653377422823
130.0	28.576228703425517	25.176732436497527	21.594256207513315	24.65268905667512	9.35958885198091E-5
131.0	28.43403263621431	20.983298157602874	23.418987406932505	27.16330742340504	3.7437584527046314E-4
132.0	24.407156889446703	26.730141615962516	22.21782333897701	26.64104083193177	0.0038373236819963068
133.0	28.976162910953228	24.09755714059755	23.688089691621876	23.236973553550385	0.001216703276956295
134.0	25.48613132401237	23.4413708355834	22.047811531633048	29.02449912820652	1.8718056466760942E-4
135.0	24.955919513336454	21.558446420215255	29.689096864763687	23.796162845109965	3.7435657463734206E-4
136.0	29.587701614790106	26.89981637775644	24.398735421123856	19.10981583493839	0.003930751391205224
137.0	30.66931701943873	20.757634036069877	24.545991388225207	24.026870384460246	1.8717180593652815E-4
138.0	25.357283568652445	23.406788083653627	26.72671070769801	24.50856254603205	6.550939638706321E-4
139.0	27.20240930705282	24.160640435442193	22.808025657847327	25.827707966978718	0.0012166326789409306
140.0	30.548104945354222	17.709949668606427	26.44176326463382	25.300088533838455	9.35875670788887E-5
141.0	22.752530050343626	23.893240439250246	28.09771474191287	25.256327582672956	1.8718582029974065E-4
142.0	28.322732088638634	23.21803621769553	22.327475506070602	26.131381805793186	3.74381802049366E-4
143.0	27.296211815601072	22.149455120315313	25.11556990306074	25.43857596539127	1.8719563160274092E-4
144.0	28.560049719299364	23.650081711122635	24.653453113914477	23.135760269113195	6.551865503304948E-4
145.0	30.505863380290922	22.03730586824733	20.6320414147739	26.823946964230057	8.4237245779012E-4
146.0	26.898050564763405	22.86327746225239	24.594632033335458	25.640764049823478	0.003275889825273396
147.0	26.660944463112845	21.810487732051108	26.432274725675875	25.093204212465352	0.0030888666948096746
148.0	25.866765261995244	25.167736862796485	23.645094258382162	25.320029204185936	3.7441264017073215E-4
149.0	28.87542603171988	25.219205664384823	21.0705155627363	24.833448626729286	0.0014041144297095636
150.0	24.959560103795734	26.46969067223839	24.33611170397996	24.23463751998592	0.0
151.0	28.26079426789574	22.933191291380407	23.098511648719516	25.707128340458834	3.744515455019476E-4
152.0	29.008063074153505	22.268613737276528	21.605256678739902	27.117879279500244	1.8723032981558747E-4
153.0	26.362420203877395	23.56151662015501	22.664392416711994	27.411109061956147	5.616972994530005E-4
154.0	27.78918850098671	22.82689693651727	25.63443413006602	23.747327269527315	0.0021531629026882706
155.0	23.811913305690965	23.381269033774682	28.607886220038626	24.198650585535784	2.808549599454018E-4
156.0	31.994791003527588	22.765205701061273	24.487338880608753	20.75247717553307	1.8723926931747543E-4
157.0	23.707825090507715	23.480982379667104	27.186298438127547	25.624613229901293	2.80861796335877E-4
158.0	27.50396027368019	22.71202912065072	26.214952046047777	23.56905855962131	0.0
159.0	28.950068719642587	21.287079583712508	23.488916851104943	26.27337310459242	5.617409475446302E-4
160.0	28.361481631281173	20.130269555179183	25.02291467128799	26.48524051744558	9.362480607962041E-5
161.0	24.303825437440956	18.160692902357205	27.627056597449457	29.906365305447963	0.0020597573044143407
162.0	27.5436420068067	18.709535468346964	24.829387724529877	28.91743480031646	0.0
163.0	22.41071453651521	22.3752278777199	32.46036776912511	22.75368981663978	0.0
164.0	25.922829082213084	24.40081536114937	25.204565947529616	24.470385105520354	0.0014045035875703306
165.0	27.497581845063923	20.14470538773347	25.953146316866782	26.404191905524815	3.7454481100937016E-4
166.0	25.776994538026404	24.315005960134055	23.212685487518364	26.695126735953423	1.8727836775665798E-4
167.0	23.91616616194816	23.428864654909255	26.33844044789788	26.316341455649383	1.8727959532625042E-4
168.0	24.718604503077092	24.738924910009626	24.84108879924187	25.70128814524315	9.364242826053571E-5
169.0	27.042870788305585	20.473751240799356	25.351918790852736	27.131365534807934	9.364523439402169E-5
170.0	29.6302539423004	24.06097911580469	21.44064518968648	24.86802810530781	9.364690061535378E-5
171.0	25.9898825120288	25.55349326780627	24.86435411582482	23.59142729249504	8.428118450649622E-4
172.0	29.4216171277277	24.02856993060679	24.778582101569494	21.77104359451595	1.872455800680825E-4
173.0	27.545066025061903	20.04259681413278	22.605707973093793	29.805505755250877	0.0011234324606447567
174.0	27.01849193932704	25.595480517972785	22.904501225087472	24.481339066948664	1.8725066403766735E-4
175.0	23.37624032158237	26.590004016970532	23.033252837863273	26.998349203019938	0.002153620563892772
176.0	25.48300040827487	23.96124010682568	27.5679178356188	22.98699888005334	8.42769227311716E-4
177.0	23.10075283448411	25.16016111163658	25.38229364009848	26.334129651602172	0.022662762178659358
178.0	24.263620251718713	22.02056554788563	24.737453620785377	28.978173330699363	1.8724891091352188E-4
179.0	25.069901061672116	23.62683976036062	26.117621060398637	25.184514456831764	0.001123660736859256
180.0	29.991292425915095	21.859302152820746	24.485491451343844	23.663725901365567	1.880685547495773E-4
181.0	28.2230954884658	21.876792960027693	26.235578722819902	23.663592259491754	9.405691948539578E-4
182.0	28.728987644659814	20.60386537043447	24.181421089858386	26.48572589504733	0.0
183.0	22.481458663518833	22.603546956493112	28.26786058608024	26.646569441243834	5.64352663979721E-4
184.0	24.868122523769927	23.065013150122095	26.903005150934806	25.16141351584223	0.0024456593309428584
185.0	26.416522776091217	26.50906416579204	19.595074992382262	27.47849165058478	8.464151497026263E-4
186.0	26.7420622977955	24.793375216311787	21.952354977052142	26.512207508840568	0.0
187.0	27.98638632838185	23.59721894287093	24.09634927458659	24.31929290183237	7.525523282558E-4
188.0	34.32982969752331	26.37792794106441	21.105070503889497	18.186607412480445	5.644450423380818E-4
189.0	24.36794304196403	23.40892114269802	25.996135312966267	26.22568342305152	0.0013170793201612858
190.0	32.39227927376178	19.76015963016378	24.728751962685227	23.11852690184081	2.82231548406944E-4
191.0	24.315128430474033	22.634589001782164	24.46304601064781	28.586389700720954	8.468563750406962E-4
192.0	24.767950435869253	20.32936734970415	26.814334000813023	28.088254114033635	9.409957993947515E-5
193.0	24.877282138151706	24.182853378505552	26.010069640504422	24.929230190099755	5.646527385657821E-4
194.0	26.103736607079835	23.589420240072652	23.994089940193582	26.312753212653927	0.0
195.0	26.386262782172487	19.660522439683202	24.67343990437782	29.27883371058291	9.411631835785849E-4
196.0	31.691020016193722	22.00425555953076	25.462556725102154	20.842073549626225	9.414954714067826E-5
197.0	27.75063703324249	22.484307229880013	20.717658203651006	29.046550038890572	8.474943359128549E-4
198.0	28.949812719912227	22.714520827815825	22.5994097839658	25.73616208240324	9.458590291702925E-5
199.0	25.342673143849865	25.45773335175306	24.468840068203452	24.72999646114163	7.56975051994724E-4
200.0	28.451186416299834	21.659904087449235	23.82105912588617	26.067755744722724	9.46256420349812E-5
201.0	23.46536302487291	20.714618275967794	30.521362086129688	25.298183456164857	4.731568647490565E-4
202.0	25.970626396495383	25.66002594961686	27.995586104557464	20.373761549330297	0.0
203.0	24.7913160201518	22.94633948704162	23.34912938690739	28.91217381591129	0.0010412899879021036
204.0	22.652972536945462	21.07810974807308	24.14035346836215	32.1284695692844	9.467733490876419E-5
205.0	24.36896733912431	24.7161796982557	25.625919634589057	25.287891785639218	0.0010415423917222
206.0	22.59409788376823	20.056381080804677	25.337680440291354	32.01174590067687	9.46944588590454E-5
207.0	26.05996834798652	24.366746633303563	27.957005541470103	21.61552179887996	7.576783598536545E-4
208.0	29.136618067903125	20.29127050511959	21.33100806990189	29.24100862879872	9.472827667477225E-5
209.0	27.103403190965246	18.674726190927352	24.171182779398947	30.049835146094665	8.526926137870922E-4
210.0	25.44693536801927	23.242344816345714	24.810053653091355	26.500381882653052	2.842798906090981E-4
211.0	28.885198854320087	25.26637437043524	25.5382932705522	20.30956483498153	5.686697109451859E-4
212.0	29.623734254318062	19.336033970002266	24.33199059928158	26.707956765796403	2.844106016895886E-4
213.0	33.12751229709555	18.264577725421457	23.175638377181752	25.432081903493646	1.8969680759242503E-4
214.0	29.602779480735908	23.8230766748725	23.49813328373138	23.075915658968874	9.490169133794303E-5
215.0	25.860221590650028	22.622801951456754	23.284876210161556	28.231720291198688	3.799565329726279E-4
216.0	24.753009368857516	26.01194660851184	26.27813885421599	22.956809519027054	9.564938760479587E-5
217.0	30.926228884675638	21.82821179694624	24.853373492931787	22.391800663057055	3.851623892778494E-4
218.0	24.091455657261232	22.407643719424104	30.25803657334872	23.24247647672671	3.8757323923055084E-4
219.0	26.989669180750663	24.631332412296718	20.762293244088738	27.616313510158	3.916527058795883E-4
220.0	25.985729164010664	23.941994818093914	23.078899521624948	26.99308229266982	2.942036006598006E-4
221.0	23.734155580237935	20.525589363369654	24.731810313821814	31.008345660761723	9.90818088771356E-5
222.0	25.981654778090995	19.977791157132547	25.278108938959576	28.7623454451936	9.968062328300126E-5
223.0	28.495323972948523	23.14460944802387	26.44526974003189	21.9141970279362	5.998110595162524E-4
224.0	30.80785943169832	23.80176090659269	22.027144140952586	23.363135446501303	1.0007425509728218E-4
225.0	31.13508025885877	21.452153160446493	22.65335255412871	24.758611488136978	8.025384290510885E-4
226.0	27.31892408098328	21.36858927496015	25.098233283471146	26.21415111412852	1.022464569046521E-4
227.0	29.90930971923495	23.812316654981462	22.500234908788276	23.776899637672557	0.0012390793227605448
228.0	26.65113044200386	27.94766126185978	23.366620300205536	22.034484190420827	1.038055099964706E-4
229.0	30.092662043180745	23.50749908995446	23.013504341467968	23.386334525396826	0.0
230.0	28.487361467952145	19.29029618512206	27.213227001772193	25.009115345153603	0.0
231.0	24.613601530278064	25.835064961867964	26.065562552071057	23.484684727742373	0.0010862280405423755
232.0	25.105286487063406	26.326141434030813	22.148225512927887	26.420237658310906	1.0890766699084848E-4
233.0	24.57165326559962	24.9794356327089	24.301331782380252	26.14736025814168	2.1906116954567808E-4
234.0	25.181592643861322	20.034108419564895	27.109479298270745	27.673476787139066	0.0013428511639721984
235.0	25.496323155876965	21.072369594519845	29.33369759339997	24.097496765686703	1.1289051651926929E-4
236.0	30.311716855735742	21.96647343051348	25.07829262194519	22.64328451067838	2.3258112720443298E-4
237.0	28.84096751700303	23.211718219841597	23.468442635875313	24.478871627280064	0.0
238.0	26.489400046644977	20.664667371838213	27.676608957249172	25.169323624267637	0.0
239.0	26.706603079516476	24.721845900366905	27.348149171073405	21.2220923283516	0.001309520691617401
240.0	28.01419858863021	20.397798175818497	25.159321795464162	26.42868144008712	0.0
241.0	27.257090589731536	21.561539237086677	25.499763738112502	25.67978436395749	0.001822071111791351
242.0	24.488830819333263	24.12428455815677	22.175893875720316	29.20989381721741	0.0010969295722462191
243.0	24.444932469528936	25.619730854165905	23.93287214962849	26.000390420067593	0.002074106609079707
244.0	28.35205571232254	20.90850405176082	24.251756904131966	26.486705236234524	9.780955501542945E-4
245.0	23.585577146481874	21.398497035499023	25.958038450616446	29.056658049145685	0.0012293182569742297
246.0	24.652015690256686	27.150601570750954	22.64784788880276	25.547439858329255	0.0020949918603404487
247.0	28.105411030433807	18.119434232908603	26.467930565396756	27.180941282777383	0.126282888483445
248.0	29.143603042791415	19.80125934184926	26.66101355510671	24.386831051899023	0.007293008353584822
249.0	23.149691506165514	20.20375927382708	34.667251780587264	21.963215117880925	0.016082321539215308
250.0	26.89030323091892	25.045890885017002	19.333980319581116	28.72882248502904	0.0010030794539235453
