# Position (bp)	A	C	G	T	N
0.0	23.32074251648109	24.303781275518965	25.545733491748063	26.82969890686826	4.380938361949623E-5
1.0	22.438522552349237	30.256829109382682	23.995093737630803	23.233560862853487	0.07599373778379355
2.0	24.377395888354872	27.118819501463463	22.976885288482826	25.52607127479129	8.280469075498702E-4
3.0	26.053024594035012	21.620598258235514	25.05877263021156	27.25957002625254	0.008034491265375763
4.0	25.317587889843107	24.054089806205464	24.50180670674608	26.126341540678748	1.7405652659757784E-4
5.0	27.991911540791488	24.579943307752046	22.56732720677977	24.859905026030134	9.129186465589814E-4
6.0	25.182866696248496	23.87637688407865	24.36041951229038	26.574066138171737	0.006270769210740156
7.0	25.25198240594425	25.851067192854288	23.848177866774872	25.04814460834518	6.279260814078016E-4
8.0	27.338416943947312	24.402411401647736	23.671224600134583	24.587903836088998	4.32181813702843E-5
9.0	25.448453706084234	25.806901769830574	22.548818301190412	26.195610537195428	2.15685699347939E-4
10.0	24.450962348686804	24.829695207759993	23.482730307464532	27.236612136088667	0.0
11.0	26.781537664332756	22.65391701479531	23.186429918361075	27.377969611274743	1.4579123611390543E-4
12.0	27.77509554513746	24.742570614388974	20.525581320941008	26.956732009682288	2.050985026578715E-5
13.0	25.28428646330446	22.9846802955676	25.312213377011915	26.41871860627082	1.0125784520470184E-4
14.0	25.959887014236816	22.2650509691865	24.080230771261427	27.69483124531526	0.0
15.0	25.11839478974162	23.59392317993345	24.558991859661663	26.728670445595203	1.972506805641606E-5
16.0	26.23929610923566	24.508897980229726	22.018859201493385	27.23288855547511	5.8153566122058524E-5
17.0	28.140950784248968	26.729205784475912	19.490026893365272	25.638753033598572	0.0010635043112755577
18.0	25.520009600554026	25.666297477386607	20.345167799636286	28.46846860424787	5.651817520898067E-5
19.0	24.739774969787906	25.000585596499835	21.979282439094685	28.279907256505698	4.497381118757284E-4
20.0	22.019477656167393	26.09862041324397	24.620135884053145	27.261747456728507	1.8589806985752027E-5
21.0	23.61909359026079	25.041134402373	23.897668079482507	27.44184580075093	2.5812713277543456E-4
22.0	21.91845543864697	26.960924814800073	26.087712963027197	25.03290678352576	0.0
23.0	24.714478859546652	24.51148560364563	23.472668751881205	27.301112475702116	2.5430922439501194E-4
24.0	27.351448483523953	21.954353275107994	24.835401439175023	25.85879680219303	0.0
25.0	24.46228811726387	25.686913857332545	19.977880048483744	29.8726509567422	2.670201776467441E-4
26.0	25.655931934278563	25.605060004626974	20.216742033471746	28.522248326881712	1.7700741006120738E-5
27.0	25.37921169414097	25.30828978339884	20.43768345751725	28.87474449587753	7.056906541505371E-5
28.0	27.72479282436498	24.071601462295177	22.636237242897874	25.564612582303813	0.002755888138151626
29.0	26.91990862140752	24.062897230792988	22.83163687349552	26.185264305823246	2.929684807274993E-4
30.0	23.261136698822046	25.34558806296362	25.279177674476532	26.11397781290849	1.1975082931726118E-4
31.0	25.511445328099747	24.905036665206282	23.027429243113787	26.555663738584467	4.250249957199983E-4
32.0	23.87548470305383	22.96684180421156	24.994258959266833	28.163330292224448	8.424124333335861E-5
33.0	23.385373374491657	25.044560042073744	25.828510161489326	25.741473100998984	8.332094628598548E-5
34.0	25.78465672475856	26.93050935847908	22.796552203604676	24.488232172056904	4.954110078344297E-5
35.0	25.001441384173063	22.4131563994109	26.187067656204803	26.398138564629626	1.9599558160627198E-4
36.0	23.193186335594284	25.294673263048228	26.624121789796153	24.887937016262267	8.159529906635395E-5
37.0	24.93428133948937	25.872058973708945	21.470613473132918	27.72302990023684	1.6313431925190517E-5
38.0	26.26155167937248	25.51422342314602	21.735276542278854	26.488866810099065	8.154510357532875E-5
39.0	23.20879565969649	27.581270220026827	21.94553162375101	27.26423944001175	1.6305651392021614E-4
40.0	25.611558411174958	26.37641298951777	23.69500376199416	24.316943320646622	8.151666649004722E-5
41.0	23.610590143715275	24.97966800778753	21.945543026799104	29.45934098751944	0.004857834178645385
42.0	24.361063243964665	26.090849344649325	21.03244381940057	28.515627292162588	1.6299822853525227E-5
43.0	25.624974534241463	26.023136762124555	22.7360899915087	25.611936065870346	0.0038626462549444314
44.0	28.389746197112174	25.248307043724754	22.939873265590638	23.42186164487477	2.1184869766013116E-4
45.0	25.43307581837065	24.491973608273764	22.291978757052277	27.778996177194887	0.003975639108427084
46.0	24.83099939913794	24.69924312234516	22.7219051367841	27.747852341732802	0.0
47.0	25.28628599895544	25.052350417255713	23.40318602016603	26.256287833297115	0.0018897303257080541
48.0	22.6256522405447	24.46841550762103	23.16226508632237	29.743667165511894	0.0
49.0	22.16776332663748	26.035340108441908	24.985233563739136	26.809643659470588	0.002019341710887265
50.0	26.99709109004659	24.86289172745351	20.56215368762632	27.577782076659485	8.141821410124388E-5
51.0	24.441786627952126	27.547719808904226	21.674258321853728	26.333581404648054	0.0026538366418644194
52.0	22.68555576766081	26.4397645902465	21.464544350531458	29.410135291561236	0.0
53.0	22.484787858900365	25.410735514503948	24.389872014121057	27.7129176637642	0.0016869487104331452
54.0	22.612684843824233	28.991845598889366	22.585321299429356	25.810132037617333	1.6220239712434615E-5
55.0	23.706840526909325	28.44715327269116	22.823122540360625	25.0212650103456	0.0016186496932901627
56.0	26.029426759220748	25.93320957543055	25.30812966418665	22.729217816606326	1.6184555725853047E-5
57.0	22.55021429556281	27.893168111163114	23.243300714836398	26.30813831174842	0.0051785666892581635
58.0	24.584960870339824	26.114094558126837	22.05918309522303	27.241632023099633	1.2945321067425866E-4
59.0	27.28877953924832	22.86075012551819	24.68063851747603	25.16674139239681	0.0030904253606453586
60.0	23.659534768930197	23.47283567798792	24.308208719214193	28.55940468203008	1.6151837610716807E-5
61.0	25.368545527485225	24.290170331988136	22.855119940412553	27.480188659133827	0.005975540980260042
62.0	24.885495739417664	22.323704134103618	25.165486553884424	27.625006742194312	3.0683039998087965E-4
63.0	25.647999974163007	24.427185688887025	23.217384423843026	26.704684732110707	0.0027451809962423315
64.0	24.54461039032198	22.3559103956723	23.934335454767556	29.16507929754807	6.446169009526792E-5
65.0	23.625461767466593	26.446189235027052	23.98559406359399	25.93774347281363	0.005011461098734646
66.0	24.32313281142368	24.504600748784856	23.69888761862407	27.47286319570162	5.156254657749568E-4
67.0	26.470249397995115	25.83654308614813	21.014026774212518	26.678423452128424	7.5728951581003E-4
68.0	23.34654837895763	22.904532332070477	26.98663124609083	26.762062475167415	2.2556771365532158E-4
69.0	22.642897432464505	25.320794922123905	25.18778052689232	26.845562650408496	0.002964468110781529
70.0	25.118856621262548	23.34800436865348	24.88747371142338	26.64532746642068	3.378322399097956E-4
71.0	24.226041892445394	23.323146250708117	26.54134239426978	25.90847476607385	9.946965028556614E-4
72.0	26.701306368052975	26.419386896535684	22.255179311788595	24.62249115492497	0.001636268697778765
73.0	24.903890681033193	23.224906954373598	23.252127301398538	28.614856470815443	0.004218592379233169
74.0	24.294322470340486	26.012946416399224	24.04493715246202	25.646927872486135	8.660883121382277E-4
75.0	24.659455256712423	25.07471969289709	22.3540183445747	27.90932086069901	0.002485845116773777
76.0	26.401488125164686	24.467592559181732	25.829921816977862	23.300003191405594	9.943072701342009E-4
77.0	23.96581391209246	25.391902012068883	24.38636469329861	26.25508549729228	8.338852477681543E-4
78.0	26.69622453287929	26.5436138348004	20.871425206245732	25.88835157194471	3.8485412986164977E-4
79.0	27.361982884800156	21.268942236521234	23.343688786093356	28.02233942794542	0.0030466646398329272
80.0	23.650009636775344	23.513539428842275	28.415467200810195	24.41833802985829	0.0026457037138945625
81.0	25.121158542637307	25.13122803011803	22.05075053758717	27.69634979475402	5.130949034764264E-4
82.0	22.487217951562897	22.909192300242815	24.417865237574222	30.184505951060082	0.0012185595599845565
83.0	24.948545839776624	22.55929634020912	24.551181998699718	27.939949704229765	0.001026117084769296
84.0	23.04867448029476	26.471243666109924	25.22548376122529	25.253411715440116	0.0011863769299066064
85.0	25.027517988091198	27.211755286932537	21.368868009525247	26.391153331544224	7.053839067944182E-4
86.0	25.117169264942007	25.071882197838274	23.325677013599268	26.48334782519481	0.0019236984256452085
87.0	21.570445144498997	22.877239171792574	26.6734196353974	28.878014389946916	8.816583641165687E-4
88.0	25.012815634079743	27.112271366362993	25.431940567516993	22.442315220036182	6.572120040894616E-4
89.0	26.189286992025256	26.43945144946957	23.39065727837997	23.979386076834004	0.001218203291200597
90.0	23.52416854774893	25.80393926915967	25.006279178947864	25.665404633176536	2.083709669999694E-4
91.0	25.968578314674296	25.349254944689648	24.525477928029943	24.156095775217672	5.930373884428554E-4
92.0	24.87570792789489	24.828924103462292	22.856759116675235	27.43857679727458	3.205469299938327E-5
93.0	25.710143427039338	26.555694794389083	21.501667046238957	26.23215816576993	3.3656656268896807E-4
94.0	27.317258063611398	23.967158177480783	23.312196845793924	25.398835342942384	0.004551570171509254
95.0	23.37557231282412	27.066291890478126	24.300039119762083	25.255564549770966	0.002532127164708301
96.0	25.755981942394506	24.967331887827463	23.9709264218281	25.304942444186967	8.17303762962678E-4
97.0	25.193698138103738	25.33175348235191	23.083061883247964	26.391294196339217	1.9229995716518456E-4
98.0	27.3719142128168	23.582421569158456	24.805903918072786	24.23974427550763	1.6024444328356248E-5
99.0	21.842595418746562	22.780732555130697	26.82927689000938	28.54737911382315	1.602229021014035E-5
100.0	22.463531272550625	25.105823717073683	24.67145781342726	27.75918719694843	0.0
101.0	22.93132046258559	22.931865186065526	28.82883330324003	25.307852877878283	1.2817023057343842E-4
102.0	24.915726182561517	24.614572572267495	25.10089863763004	25.368770559694802	3.204784615239168E-5
103.0	25.42304607272563	25.55076504803842	25.413127863502368	23.612900786182315	1.6022955126432332E-4
104.0	25.36536085843979	27.31945862020897	23.599034783988053	23.71556891504529	5.768223178963931E-4
105.0	26.85758997632594	23.705177686839026	21.723456739479275	27.710218239120493	0.003557358235268291
106.0	25.494282497594007	23.570384039385566	24.873691284674607	26.06162615440477	1.6023941049843752E-5
107.0	25.175164139767254	24.818025746396486	22.89795821570531	27.10809877965965	7.531184713041032E-4
108.0	23.608284208925728	24.989284787827586	24.638530829447948	26.76386812830439	3.204549434741514E-5
109.0	25.19803490413252	24.921474994728683	25.743800514121684	24.13588847494538	8.011120717334976E-4
110.0	24.222209369040325	24.464189210515734	23.50150902942259	27.812012281161895	8.010985945686477E-5
111.0	24.4516945467317	24.344534602503582	24.744846212341404	26.458091457038762	8.331813845487794E-4
112.0	25.05143915887482	24.432166481824297	23.805315321002464	26.71096688314747	1.1215515094961766E-4
113.0	28.236912305436952	22.363387299629096	23.180860523427675	26.218022766780685	8.171047255889964E-4
114.0	26.110907988014276	22.504344359766502	27.51831071937727	23.865972295433767	4.646374081820404E-4
115.0	26.364245981927187	23.881833688118554	26.546688640116393	23.20654268278516	6.890070527082384E-4
116.0	26.626532202163354	24.985282462944973	25.101148015960632	23.286989248586814	4.8070344218916194E-5
117.0	25.50992644855581	26.788512117513104	24.162855991906167	23.537872215782524	8.3322624239641E-4
118.0	25.846791974423986	24.713131933352646	25.503809738676537	23.93581769656944	4.486569773851246E-4
119.0	26.403283495177675	21.590240273996354	25.076133688914982	26.92974965656716	5.928853438262288E-4
120.0	25.186661034841467	24.17296454706217	25.03706300743311	25.60327936309954	3.204756371215904E-5
121.0	27.194069838990874	23.67138626807507	24.280730822479747	24.853059942569995	7.53127884319557E-4
122.0	26.260985996379876	24.296117469400734	24.775248562975268	24.66708713420606	5.608370380625676E-4
123.0	23.722904350462333	28.155039400637293	23.778362321780577	24.342876719221145	8.172078986508378E-4
124.0	24.72845276038643	24.878529409078403	23.424856160521447	26.968113599338288	4.807067542984397E-5
125.0	26.352840965627237	23.890446964961633	24.889075541114757	24.866546952159116	0.0010895761372571107
126.0	23.582964423812143	24.53160721919667	25.576902493159658	26.308429724098193	9.613973333401699E-5
127.0	25.645804645236463	23.322112862511524	27.799939560716002	23.23102131173756	0.0011216197984481268
128.0	25.81044402630467	23.49174449904332	25.080417486731417	25.608084386965977	0.009309600954610647
129.0	24.193592322118263	26.702754479811208	22.773922557174554	26.326702225708903	0.003028415187069532
130.0	25.879629288384066	24.752810317471255	23.94774733950417	25.419797030935687	1.602370482797431E-5
131.0	25.43233366438774	24.941120066351893	24.820075293245942	24.80583001878325	6.409572311673145E-4
132.0	25.94525129012073	26.22717501816705	22.166329230959054	25.655315633915777	0.005928826837395515
133.0	26.684902865879973	25.673686337480355	24.706262966291767	22.933273040961264	0.00187478938664102
134.0	26.009723521702465	23.434020596586016	21.366350128502326	29.18985768200998	4.80711992145807E-5
135.0	25.89685099880849	24.3462093860502	26.298976611466795	23.45738615788013	5.768457943775481E-4
136.0	27.69758269593706	26.233737141377468	24.44973796435495	21.61275704826692	0.006185150063598085
137.0	28.09078245837751	21.70360683624549	24.6267672561807	25.57866718626841	1.7626292788426638E-4
138.0	24.806948306706758	24.510566909338248	27.465343790083075	23.21566685814408	0.0014741357278424982
139.0	25.3158309908624	24.52171692076661	25.06190997252487	25.099212183081427	0.0013299327646882663
140.0	26.146570838822647	22.045008151049668	25.458338313907227	26.34976223033998	3.204658804784043E-4
141.0	24.928795403295627	25.620195041708467	25.403652950037486	24.046939992972078	4.166119863434591E-4
142.0	27.914316722458565	23.219721472624048	23.837579804097295	25.028189716269722	1.9228455036901808E-4
143.0	26.256921025399766	25.701412294580507	24.30552595626883	23.735900368640646	2.4035511025409382E-4
144.0	27.47553182625193	25.76223088213615	23.15501637621059	23.606724181029236	4.967343720957062E-4
145.0	27.486112330686446	22.85712958043119	23.216507274401888	26.439033019548177	0.0012177949323066253
146.0	26.968145297362156	21.838957795940058	25.422567777650656	25.765538056657718	0.004791072389418363
147.0	25.88971556822182	24.9817374067422	26.769652897763606	22.3553369474494	0.003557179822971018
148.0	24.339473591442097	24.563996808091296	24.190854348334664	26.90508237752332	5.928746086226401E-4
149.0	27.372257510399507	25.46551016876366	24.03861438176609	23.121470737163257	0.002147201907484441
150.0	25.220652284688562	24.275148431526002	25.322469613440273	25.18169762208305	3.204826211889008E-5
151.0	26.43148319996385	24.132892701516067	25.96617894944149	23.46888429056125	5.608585173496775E-4
152.0	26.875138914461704	24.630713881318535	23.277841262454626	25.216241842806596	6.409895853614645E-5
153.0	24.77797356771718	23.623420094842384	25.4190538581159	26.178735204113686	8.172752108570043E-4
154.0	22.777700411639493	24.856330012857022	25.255117289291363	27.108176076641517	0.002676209570606181
155.0	27.067642541559277	24.177024265397286	24.007650660850352	24.747394045735682	2.884864574039328E-4
156.0	25.415848006181402	23.692337626349115	26.339003734197696	24.55242597837374	3.8465489804321245E-4
157.0	24.830045146061163	23.09015556863394	26.79739599160419	25.2819865805545	4.167131462098978E-4
158.0	25.028433223596693	21.4234723152722	26.205382758631746	27.342583480521476	1.2822197788811993E-4
159.0	26.433366137630586	21.984398190741494	24.78813980400768	26.793502825764303	5.930418559325022E-4
160.0	25.88165655245172	21.645499237126234	26.32612528889266	26.146686864642522	3.205688686916254E-5
161.0	24.20833173714448	21.290071085569238	28.847655301428045	25.649982793217756	0.003959082640480514
162.0	24.866486136966838	23.753109232436746	25.24483552444925	26.135521019036407	4.808711076288919E-5
163.0	24.721948786160283	24.725042474091165	26.770338874240622	23.782589718152206	8.014735572233686E-5
164.0	25.568864819114683	24.115658880680694	24.846060934430525	25.467571928131576	0.0018434376425157633
165.0	26.057208297779262	22.24126988910656	27.100402026177306	24.60052666246777	5.931244690934862E-4
166.0	24.954985427975082	23.385599184351342	25.895658530485832	25.763644641374288	1.1221581345243172E-4
167.0	26.161523940828257	23.790037312984197	26.624156850800162	23.423833017381998	4.4887800537852043E-4
168.0	26.268938832211226	24.425207795091474	23.959301099877113	25.346504176743462	4.809607672286159E-5
169.0	26.441341880224034	22.41198804991536	25.759762511787994	25.386699133820873	2.084242517328873E-4
170.0	30.8174596137847	23.467478669142395	23.286881656849324	22.42803576218465	1.4429803894155143E-4
171.0	25.263962084760955	23.69999054043004	27.196391895553525	23.838789688106754	8.657911487284896E-4
172.0	27.28099666558667	24.554613983823153	24.198584120792365	23.9657250717775	8.015802031492804E-5
173.0	28.42486621513021	20.193712123143158	23.825850502411665	27.554144377203997	0.00142678211097383
174.0	23.95455988303306	26.149389354341213	24.108656130664382	25.786993840638956	4.007913223869207E-4
175.0	25.71502504529605	24.357931213494815	23.23186687057972	26.693573612552484	0.0016032580769336216
176.0	24.23254332172999	24.955792026194658	28.083627425185547	22.72665835818103	0.0013788687087712243
177.0	21.73408159767125	26.431797952594067	24.84591861719365	26.963332022229856	0.024869810311174082
178.0	25.18222036523116	23.520596380588323	24.089691813058366	27.207170778813396	3.206623087590032E-4
179.0	28.076564767379402	24.518363518291363	23.076701060682588	24.327071858639794	0.0012987950068547515
180.0	26.33763664860038	22.423931026488837	25.598067470997517	25.6401719354051	1.9291850816760696E-4
181.0	27.44766184568956	22.53064512571734	26.656119856920995	23.364639445766063	9.337259060481773E-4
182.0	25.334353547739276	23.031243663889235	25.818714014913795	25.815576131488584	1.1264196911035374E-4
183.0	23.421479785784495	24.58184058672784	26.897510846711075	25.09868616849282	4.82612283769588E-4
184.0	26.20430143503419	22.515199343190197	26.68365419941976	24.5925662359355	0.0042787864203544124
185.0	24.73090972080039	25.085214803387135	24.76437964121725	25.418772073702016	7.237608932045769E-4
186.0	27.074482201766394	23.639119923952784	25.11356416644819	24.172833707832638	0.0
187.0	24.231030203850654	22.743388199571935	28.12734901337611	24.89742691944958	8.056637517215021E-4
188.0	26.877441323666563	28.290811683238807	22.929282353528635	21.902255239432943	2.0940013304962302E-4
189.0	24.92592436901027	23.89980957847797	25.18387844976942	25.989453453348982	9.341493933585521E-4
190.0	28.437160606910343	21.99251919848509	25.21160250635681	24.358540517303723	1.7717094402960496E-4
191.0	26.462857199092227	24.053568711886758	25.07811203056755	24.40513939813202	3.22660321443892E-4
192.0	26.7129507955246	23.696125204634804	24.517165122921245	25.073694342439634	6.453447972383115E-5
193.0	27.492446447466545	24.58684173246209	22.19251966763401	25.727901724272016	2.9042816533623674E-4
194.0	27.45711751544192	23.85195052840812	24.511676095351458	24.179255860798502	0.0
195.0	26.139846225471963	21.84084037803779	24.959660208158006	27.05894313699069	7.100513415532535E-4
196.0	27.536587180175488	22.773057604797003	26.668391587131662	23.021931285637127	3.2342258718664395E-5
197.0	24.820480970934398	25.006687789406605	24.41963412050313	25.75245313290991	7.439862459586181E-4
198.0	26.95059782511854	23.51527001349379	24.72062346817944	24.8134924941805	1.6199027734355386E-5
199.0	24.935366227204085	23.299973914366074	26.160628094016715	25.60341492926118	6.168351519419188E-4
200.0	27.40542278879091	23.623357073179125	24.38555271481162	24.585651189365137	1.6233853200836955E-5
201.0	24.51080809345157	21.551101476281644	29.363219704146232	24.574546029553556	3.2469656699943197E-4
202.0	24.962701488676984	24.990465316890003	28.685830852042667	21.360986106233497	1.623615684971797E-5
203.0	25.356754067833577	24.83232757759656	23.578290357623754	26.231832205610395	7.957913357162682E-4
204.0	25.760528900877866	23.56962289305038	24.48848161892733	26.18131786027994	4.872686448474264E-5
205.0	27.019374770566202	24.548376826942757	25.677548461291067	22.753822813759854	8.771274401198091E-4
206.0	24.971343837560497	21.756070427880044	26.192008634537107	27.08047963008208	9.746994027042059E-5
207.0	25.430103272877574	23.584293320123173	27.376597904192444	23.608696803614833	3.0869919197174135E-4
208.0	27.923846271599757	22.456707863842936	22.74049029049063	26.8789068225761	4.875149057682439E-5
209.0	26.850501754813124	21.028338529318212	25.389276273883148	26.73108701867385	7.964233116679103E-4
210.0	24.35783451884835	25.13821796406796	25.189995342474436	25.313708325103413	2.438495058389764E-4
211.0	24.718785572576184	25.82282824340586	25.677236803590592	23.780336292971672	8.130874556867337E-4
212.0	28.23369125756585	22.79947207829797	24.787280809505972	24.17937688709068	1.789675395184732E-4
213.0	29.3113474445287	23.334151669356647	22.9965880597394	24.357587228487994	3.2559788726042914E-4
214.0	27.170360797279187	25.33887167796266	24.944872355103172	22.545878876572402	1.6293082576275253E-5
215.0	25.37109169558198	25.058930406587137	23.533844803964932	26.03580642864096	3.266652249841404E-4
216.0	25.629999121469115	24.48693466042139	26.314493579788767	23.568506583366965	6.605495375822962E-5
217.0	28.411351442015963	23.027533128249136	26.053194081729092	22.507255093639554	6.662543662563484E-4
218.0	24.147938301810093	24.771232423615793	25.849629388362448	25.231098890647896	1.009955637698614E-4
219.0	26.147869767820996	23.307158286576005	24.986838887605796	25.557470756857363	6.623011398372437E-4
220.0	27.73998578651454	22.27030455834096	25.456639390278706	24.532831153118114	2.3911174767971937E-4
221.0	25.159993982690942	23.18006521964383	24.67454723019615	26.98520423566233	1.8933180674523823E-4
222.0	24.876378433813837	25.286862134929862	24.747831167738415	25.088754056625252	1.7420689263507262E-4
223.0	30.013217002106302	22.796096166505688	24.661537819245737	22.52840915596679	7.398561754826109E-4
224.0	28.975656198739653	23.354866913708825	25.361502807010787	22.30786805891904	1.0602162169612331E-4
225.0	30.172683894832492	20.352305926330992	24.094510074959956	25.37955819495418	9.419089223833282E-4
226.0	25.203764628915536	22.60448840245907	25.955540138697803	26.23606304576201	1.437841655890343E-4
227.0	26.619573581040353	23.8107244228583	26.198015679180354	23.370306778489148	0.001379538431853252
228.0	26.660434064316735	28.256846479616815	23.540623020566308	21.541950444424206	1.4599107593050607E-4
229.0	27.635493186917557	25.219632868452198	22.10405803130171	25.0407975070542	1.8406274330793883E-5
230.0	25.33406305102442	23.148455841374027	28.205878410665957	23.311602696935594	0.0
231.0	24.687336394762525	25.156204776266133	24.91216362951362	25.242827339383172	0.0014678600745447095
232.0	24.932724374644742	24.941261001791176	24.98899797221981	25.13684629736574	1.7035397853199161E-4
233.0	22.84981767957178	25.05724882527078	23.108862744827483	28.98362996935039	4.4078097957248464E-4
234.0	26.93951840695486	21.556853366887623	27.01774774618744	24.48471287789198	0.0011676020780981788
235.0	25.267482378599755	22.124637119499084	27.725322006855574	24.882381083515295	1.7741153029075186E-4
236.0	28.297777432101423	23.69288850651219	24.090251920086647	23.918922188229974	1.599530697693297E-4
237.0	27.5661587162497	24.755004393470664	22.95948144920671	24.71921397697611	1.4146409681641112E-4
238.0	26.987952202192872	22.56186886950835	24.57757309056071	25.872544371472607	6.146626546952237E-5
239.0	26.984507624310357	23.92575705989904	24.492903340129494	24.59572967074152	0.001102304919586856
240.0	25.09741533599557	22.172063700224122	26.773249345637673	25.957121128244264	1.5048989836557222E-4
241.0	29.093808443000963	21.58606770519413	23.649202505966997	25.66879027508464	0.0021310707532710862
242.0	26.032847870893043	24.576201728753578	21.855666589883022	27.53420538848642	0.0010784219839341006
243.0	27.53091999871169	23.20859415681898	25.45615603950791	23.80173589067343	0.002593914287993225
244.0	25.933366766569222	22.94803153700095	26.65322838330086	24.46413852191159	0.0012347912173849937
245.0	28.814752460031272	20.97458307755491	23.88958881249061	26.319317399386826	0.0017582505363749478
246.0	24.486176308088307	26.606831732403123	23.980359622769427	24.924305793071987	0.00232654366715901
247.0	25.076590916769568	23.290177943777742	24.98652370422119	26.505132763038443	0.14157467219305597
248.0	25.83228550691303	23.23715297887486	24.39656327482236	26.523108991550902	0.010889247838844368
249.0	25.456473877405944	21.255554195302253	28.80855899607174	24.462111677185757	0.017301254034312985
250.0	26.372359067643497	22.72520263564545	25.146344309924384	25.75501905481451	0.0010749319721623332
