# Position (bp)	A	C	G	T	N
0.0	23.59220883273243	24.68790939898875	24.983488701941294	26.736122389320165	2.7067701735581035E-4
1.0	22.967176628203468	29.571016465707245	23.70807943299192	23.67809758416526	0.07562988893210597
2.0	24.752859917979713	27.532376429958987	21.66252967839413	26.051154759335205	0.0010792143319663286
3.0	25.687793882921355	22.74141538328804	24.49527630386955	27.066886674431643	0.00862775548940943
4.0	25.883316539048064	24.083005081393907	23.466286594927226	26.567122357594343	2.694270364642551E-4
5.0	27.793582907850855	24.123981600854822	22.30317678628623	25.777912951264874	0.0013457537432140369
6.0	25.37939152237651	24.579088385392453	23.9572275865405	26.080530167235942	0.0037623384545926062
7.0	25.72632143815401	25.635363563187553	23.126106788301584	25.511671585725786	5.366246310705661E-4
8.0	27.20037503348513	24.81810875971069	23.319314224484327	24.66220198231985	0.0
9.0	26.64468494198376	25.637590353713225	22.28791780653408	25.429806897768938	0.0
10.0	25.364965941856642	25.025587031984458	22.989580800239438	26.619866225919463	0.0
11.0	26.88307350530919	23.59321314183477	22.585748426402773	26.93796492645326	0.0
12.0	27.339843062649983	25.522083181385813	20.70634558349123	26.431728172472972	0.0
13.0	25.11711138706323	23.299865725737245	25.16279492382712	26.420227963372405	0.0
14.0	26.252306123163226	22.77999710015949	23.34171620560869	27.625730584817838	2.499862507562084E-4
15.0	24.84361852543682	23.99453189195058	24.378730638924736	26.78311894368786	0.0
16.0	26.240710768946627	25.062333231267225	21.327442660717672	27.369513339068476	0.0
17.0	27.850774508586007	26.73034105134404	19.04545758597953	26.372471260523472	9.555935669441074E-4
18.0	24.878826107164198	26.298054578049268	20.265444335891186	28.557437847989604	2.3713090574520757E-4
19.0	24.67338673556466	25.49775814352596	21.578634707049943	28.250220413859434	0.0
20.0	23.401234524586407	25.84268348875993	23.61946329289201	27.136618693761648	0.0
21.0	23.774558720463396	24.571020129680253	23.612110297837578	28.04231085201877	0.0
22.0	22.19975151849807	27.75584391680471	25.98426283821093	24.059911651021533	2.3007546475243879E-4
23.0	24.742289295728188	25.49274286656771	23.200377517547235	26.56459032015687	0.0
24.0	27.421072107188017	22.13340840005721	24.420370626814712	26.02514886594006	0.0
25.0	24.6200922255772	25.811020754127327	20.61315844498054	28.955728575314932	0.0
26.0	26.44084244702284	25.63922534943574	19.55677394397848	28.363158259562944	0.0
27.0	24.89953476956032	24.8381734405855	20.20595093325003	30.05634085660415	0.0
28.0	27.15160998831904	23.969761752584137	22.853899896414166	26.02340599034668	0.0013223723359707315
29.0	26.601863580972136	24.06815481855355	22.74452663336812	26.585454967106198	0.0
30.0	24.036101757917365	24.584323298545975	24.748441959598548	26.63113298393811	0.0
31.0	27.124706615972215	24.94976745797355	22.004235122939818	25.921290803114417	0.0
32.0	24.181162726437343	22.63655855936905	24.746011039924944	28.436053473163813	2.1420110484929883E-4
33.0	24.262498222951194	24.194174674879637	25.3034774988489	26.23984960332027	0.0
34.0	25.31251840199204	27.26165739907296	22.92509653159254	24.50072766734246	0.0
35.0	25.594214962022683	22.375611278743108	25.85620643013214	26.173967329102073	0.0
36.0	23.876267824394624	25.093254488067167	26.89222401037963	24.138045751878607	2.0792527997138947E-4
37.0	25.63140577291217	25.424799785495594	21.894622632293306	27.049171809298933	0.0
38.0	26.180778374424364	25.884233013582485	21.743611910026434	26.191376701966718	0.0
39.0	22.881024903697117	27.95775555066134	21.3451653251443	27.816054220497243	0.0
40.0	26.165496322765613	27.197407238126896	22.305231229484356	24.331865209623135	0.0
41.0	24.05281273953623	24.793154950467283	21.281930373764798	29.86836283415628	0.00373910207540938
42.0	24.181779283442832	26.033719604271344	21.029575794334093	28.754925317951734	0.0
43.0	25.70038817569883	25.446381284489796	23.51443353140194	25.335473941966796	0.0033230664426366044
44.0	28.505807276903173	24.56146908634807	23.21560956160407	23.71690641282024	2.0766232444746245E-4
45.0	24.7380212323747	24.627561391378734	22.463005296673956	28.167674716531394	0.0037373630412168854
46.0	25.363584082646994	24.598318741526754	22.132071593624588	27.906025582201664	0.0
47.0	25.462789003091142	24.479187210270315	23.39510773325251	26.66125526521749	0.0016607881685450875
48.0	22.336073654520288	24.554343246502302	22.928414730073865	30.181168368903542	0.0
49.0	22.043698064966005	26.587209350588974	23.985580634717714	27.381851688900326	0.0016602608269759179
50.0	26.32520419682582	25.45612258450096	20.098031077760808	28.12064214091241	0.0
51.0	24.185416338149736	28.049605364716037	20.931438862653643	26.83146459071632	0.002074843764264551
52.0	23.00061495648717	26.124469677675837	21.536728638544314	29.33818672729268	0.0
53.0	22.63080440003803	25.906030003265716	23.1268628026473	28.334855957041345	0.0014468370076103627
54.0	23.604695144258496	28.361432684536986	22.180195486328564	25.853676684875953	0.0
55.0	23.46727794830355	29.08816926784319	22.289172770206616	25.153937015178286	0.0014429984683601972
56.0	26.446369570639146	25.687037140095185	24.118904368222637	23.747688921043032	0.0
57.0	21.567095891314384	28.5689260040889	22.98976126096419	26.87030106179516	0.0039157818373672755
58.0	25.295672943169382	25.2550752294183	21.515963969013846	27.93308177863324	2.0607976523393144E-4
59.0	26.696862417006333	22.88399638969828	24.184075931733975	26.233004587061437	0.0020606744999773327
60.0	23.93106641288132	22.880395082051546	24.175934976079017	29.01260352898812	0.0
61.0	24.72624470698616	24.09910744046517	23.4003678876091	27.769753383619538	0.004526581320033415
62.0	25.2566270463307	22.83846998852121	25.126822103457215	26.778080861690878	0.0
63.0	27.30696759754472	23.807329636151202	22.22587917784324	26.65756084717034	0.002262741290503069
64.0	25.37737746778385	21.601550152100465	23.544577136077574	29.476495244038116	0.0
65.0	23.681272218254065	26.419300017240953	24.318366542695994	25.576750983144912	0.004310238664072314
66.0	23.997241554827177	24.726259207644834	23.12352867531007	28.152354837848986	6.157243689338323E-4
67.0	26.607669858678562	24.485180335674325	21.191237496357164	27.71509138895616	8.209203337862077E-4
68.0	23.87417986442751	23.384304703581403	26.65253341597112	26.088982016019962	0.0
69.0	23.632878635207877	24.945668123041436	24.997588670238855	26.421401936862154	0.00246263464967996
70.0	25.79665725606533	23.91344432106404	24.19985986535601	26.08983368230411	2.0487521050927877E-4
71.0	24.65551341985681	23.261629997711598	25.918426558566804	26.163612736604662	8.172872601261891E-4
72.0	27.021118804255224	25.780182197442535	21.860219952642556	25.337253227477124	0.001225818182561102
73.0	25.437325973577607	23.493745773826426	22.500709895017252	28.56515406254022	0.00306429503849776
74.0	24.666793310741664	26.70698850602887	22.919105075771967	25.706908842820404	2.042646370932325E-4
75.0	25.98436615949622	24.732065713602914	22.15536205597054	27.12616349965991	0.0020425712704180534
76.0	25.957463322174583	24.7961094850705	25.389041280552938	23.856568920406616	8.169917953598951E-4
77.0	24.519438930144023	25.036966236142767	24.590512135545588	25.85287846481876	2.0423334885506783E-4
78.0	26.909747395636558	26.70348140236369	20.247968484190018	26.138598494054026	2.0422375571571235E-4
79.0	27.526977021540773	21.79788268160988	21.33369820044274	29.339195713083754	0.002246383322850211
80.0	23.34382281288225	23.621545567973666	27.908686391789207	25.124515771997785	0.0014294553570881586
81.0	24.733003067146413	25.02746545886716	22.425087705684636	27.814035359991507	4.0840831029229785E-4
82.0	22.77811810830679	22.626602956791636	24.233031119823572	30.361226823490973	0.001020991587029323
83.0	25.35299558742754	23.097499270016357	23.594092339357655	27.95459603828177	8.16764916679769E-4
84.0	24.247497784656346	25.701865788968608	24.582555751113798	25.46726395870681	8.167165544362002E-4
85.0	25.410543982261313	26.742987114543965	20.857655626948592	26.988609101693218	2.0417455290877278E-4
86.0	25.690176846970818	25.141179497021245	22.137516792499827	27.029901878718338	0.0012249847897721935
87.0	23.10079355195652	21.38323435200062	25.436535238239117	30.079028547046587	4.083107571510525E-4
88.0	23.92995235159379	28.467166695928043	25.521498944549016	22.080565411421734	8.165965074167377E-4
89.0	25.938560282211142	26.79964723607011	22.474206179084856	24.78738215684113	2.0414579275935705E-4
90.0	23.962552260256075	26.154216749412072	24.313879997386987	25.569146851319573	2.0414162529396393E-4
91.0	26.72627431767612	24.667360728356503	23.77324596321473	24.832710719170393	4.0827158225651707E-4
92.0	25.26098121588464	23.965567218228063	23.318472611771814	27.454978954115482	0.0
93.0	26.61216574811186	26.09450908348643	20.405592978158808	26.887528066952438	2.0412329046744232E-4
94.0	27.2890385793019	24.217595427638294	23.440702184119207	25.049806082874053	0.0028577260665441926
95.0	23.940945219404064	26.823060185582076	23.31145212055895	25.922297200756045	0.0022452736988638916
96.0	25.7691075229972	24.67654928758182	23.982398239823983	25.569699827125568	0.0022451224714308167
97.0	25.15378869209198	25.187465048024528	23.809387743439235	25.849154417317404	2.0409912686393528E-4
98.0	28.035529140916477	22.514715366843276	23.6407164608012	25.809039031439045	0.0
99.0	21.99515527012328	23.030017325929506	26.723154502802966	28.251672901144246	0.0
100.0	23.176002448729722	25.391286603407814	24.212835424956637	27.219875522905827	0.0
101.0	23.93731635651322	21.960088148873652	28.43086842964414	25.671727064968984	0.0
102.0	25.395769480347223	23.82595529508752	24.699525362304055	26.0787498622612	0.0
103.0	25.620463723047603	25.827369984716686	25.57251207463317	22.97965421760254	0.0
104.0	25.496505636892312	27.70841197775851	22.469826047033617	24.325256338315565	0.0
105.0	28.345356038731133	23.56252997173729	20.138966829576876	27.949882153679763	0.003265006274933935
106.0	26.32916093591214	23.267203487019586	24.776449557796614	25.627186019271658	0.0
107.0	25.489855971528968	25.27477236645022	23.32187853286045	25.91328906501892	2.0406414144093771E-4
108.0	23.5747721716844	24.395484652962278	24.406911778509656	27.622831396843665	0.0
109.0	25.98755695580046	24.13620011712541	26.169774707033444	23.705856066341138	6.121536995508832E-4
110.0	24.329629742993276	24.174752328772716	23.64482262557008	27.850795302663933	0.0
111.0	24.736407137974307	24.11402801726337	24.95128097866566	26.19807980736856	2.0405872810194776E-4
112.0	25.900948237689946	24.215464416090047	23.90591490551292	25.97767244070709	0.0
113.0	27.496566908054348	22.586174178659533	22.975904081553534	26.941150784663005	2.0404706957801024E-4
114.0	26.055984524470272	23.313077475595023	27.02198080250743	23.608957197427273	0.0
115.0	27.284971471017982	23.86394246859363	25.435893459149273	23.4149885312676	2.0406997151183197E-4
116.0	26.94207151574024	24.979286475190708	24.32380035019122	23.754841658877837	0.0
117.0	25.68165167757432	26.95526536509511	24.265187552421008	23.097691332855806	2.0407205376074184E-4
118.0	26.34715142214622	25.49435345302571	24.698286241362844	23.460208883465228	0.0
119.0	26.940847070923923	21.878788126150468	24.439714459468835	26.740446269320717	2.0407413605214503E-4
120.0	25.382122581250794	23.812001812148743	24.594817417851296	26.21105818874917	0.0
121.0	27.72324507879238	23.950149176975728	24.333193203570453	23.993208468191224	2.0407247021562294E-4
122.0	25.675325443907738	24.514971746224155	24.695167369694893	25.11433136811946	2.0407205376074184E-4
123.0	24.512226727587734	28.095454795901496	23.41332114367808	23.978589197054077	4.0813577861082827E-4
124.0	25.08254394521286	24.86133841589088	23.231682182343555	26.824435456552703	0.0
125.0	26.634370708354844	23.69324825375318	24.15789377024024	25.514079146864304	4.081207874282472E-4
126.0	24.27059654163385	24.128368478833117	24.785229503446534	26.815805476086503	0.0
127.0	25.64716301202705	23.515187874187347	27.465504364753844	23.37132852577837	8.162232533842656E-4
128.0	25.994882238428918	23.68699215194936	25.108456550041012	25.200894587987545	0.008774471593158362
129.0	24.00126512539025	27.26508457975391	22.016242577590955	26.714346930030402	0.0030607872344767073
130.0	25.31184002448605	25.011273784624805	24.2528184461562	25.424067744732948	0.0
131.0	25.48563896212016	25.093046792742353	24.523951387131792	24.89695475803753	4.0809996816820244E-4
132.0	25.953639276021796	24.859509865937518	23.075887118166793	26.105862427816433	0.005101312057461179
133.0	26.446714387156277	26.00657857148687	24.803499865327012	22.741574776157165	0.0016323998726728098
134.0	26.139343175163493	23.78730220267913	21.154901700725386	28.918452921431996	0.0
135.0	26.10356380612699	23.404489750945736	26.71059021330602	23.78115218713145	2.0404248980807762E-4
136.0	27.096558295941247	26.41503273975314	25.13972294149695	21.343584783615636	0.005101239193024769
137.0	28.485903350670604	22.81377976293715	23.31471736304815	25.385599523344098	0.0
138.0	25.157413641835507	24.970516822754078	25.88072065454694	23.990736773377407	6.121074860745547E-4
139.0	25.557670688139	24.249212946243667	24.70644884201592	25.486055427355396	6.120962460137232E-4
140.0	27.131207243748122	21.715942407468994	25.70894022642834	25.443502069846346	4.080525081967548E-4
141.0	25.78111292014021	25.474462085878557	25.394483957448372	23.349737010695033	2.0402583783210308E-4
142.0	28.453823208973798	23.0692172408587	23.67720927575499	24.799342226066944	4.0804834556798286E-4
143.0	25.601256783776066	26.10478638756274	24.030685110376627	24.2630676949443	2.040233402701269E-4
144.0	27.926795678741573	25.519295704244747	22.764748487661564	23.78875207850898	4.0805084313505464E-4
145.0	28.79447845876696	22.64129771724339	22.689853984368145	25.873349749976025	0.0010200896454780446
146.0	27.151746368532727	21.73147543659213	25.14566672107067	25.968051248571893	0.0030602252325771175
147.0	26.0277577733394	24.15167013825844	26.512896572406657	23.3042073244126	0.00346819158290304
148.0	24.60870239348463	24.46956528835247	23.604344668315093	27.317183636497173	2.0401335063366545E-4
149.0	27.831942990858217	24.82133640167535	24.05098670453131	23.29369378191514	0.0020401210199789055
150.0	24.951749858207826	24.638991010988384	24.605532138878804	25.803726991924986	0.0
151.0	26.777152557034956	24.561654064773595	24.993165190211737	23.667824163806927	2.0402417278399143E-4
152.0	27.150720817402448	24.299483002746168	23.12307962247367	25.426512533204935	2.0402417278399143E-4
153.0	24.408341970180437	23.300105274325304	25.668573573696108	26.62277516178787	2.0402001028260852E-4
154.0	23.098816261409958	24.619804056783543	25.19004696598129	27.088680423224293	0.0026522926009197333
155.0	27.294633256548007	23.74237672690472	23.88254905521402	25.08023692592086	2.0403541238617375E-4
156.0	25.819865295820744	23.0608984495349	26.171622346774505	24.94761390786985	0.0
157.0	24.529148805503926	23.150515278817764	26.756344835888136	25.56378704937332	2.0403041685454468E-4
158.0	24.583972642987725	21.445098263254113	25.882655393053017	28.088273700705145	0.0
159.0	26.017913980249734	22.016648983922305	24.649269566636743	27.315963437525504	2.040316657145189E-4
160.0	27.07175895227155	21.734162778218707	25.05330251138991	26.140775758119833	0.0
161.0	25.02733957382909	20.75134861629112	28.914455697648794	25.304407792186595	0.0024483200443962037
162.0	25.59643191607005	23.58877261422133	24.74929762528998	26.065497844418644	0.0
163.0	25.12976625750849	23.997984134238703	27.31069633063463	23.561553277618177	0.0
164.0	25.20250721272541	23.93196573802402	25.06580209179239	25.798092657506743	0.0016322999514390766
165.0	26.87752761760181	22.60337981497125	25.81485698428439	24.70403153732202	2.0404582052945807E-4
166.0	24.280371123839217	23.726174759579578	25.777068595063245	26.21638552151796	0.0
167.0	26.584391362725533	23.533348841575148	26.23239508470357	23.649660655182405	2.040558133460664E-4
168.0	24.8922554525271	24.519230769230766	24.39903846153846	26.18947531670367	0.0
169.0	26.929120361111902	22.46501320294995	25.702898935193307	24.902763436603394	2.0406414144093771E-4
170.0	31.441649558591244	22.112068437743613	23.36670598462926	23.07957601903588	0.0
171.0	25.10677895888219	23.299138217786222	27.037065002010074	24.556813752599325	2.040687221828823E-4
172.0	26.731469239181887	24.657419649707002	24.202618219806407	24.408492891304704	0.0
173.0	27.87065525205455	20.82234989757861	23.113161352451993	28.193221417903747	6.120800110990509E-4
174.0	24.09552275347091	25.929265829499432	24.13755113282804	25.8374562629426	2.0402125901518937E-4
175.0	26.01988770830273	23.640217728378136	23.194845680523592	27.143008699342246	0.0020401834532961204
176.0	24.656927753861222	23.663109787199314	28.66117152592169	23.01736274049742	0.0014281925203517435
177.0	22.43017922434056	26.431101462522854	24.28261295377383	26.83121408984069	0.024892269522068425
178.0	25.251136335816817	23.1053589352309	24.262707784206363	27.380796944745928	0.0
179.0	28.312495919566494	24.19350231768623	23.31784128745838	24.175344388587845	8.160867010511195E-4
180.0	26.53332160529562	22.26377038684114	25.80775155106708	25.39515645679616	0.0
181.0	27.62810137474646	22.303058862095103	26.378331865024897	23.69030301788605	2.0488024749533898E-4
182.0	25.30285091582445	23.36980790423479	25.85836778002188	25.468973399918887	0.0
183.0	24.343041845812245	24.486016915302635	26.174679483896867	24.99605691964514	2.048353431094415E-4
184.0	25.223680652852543	22.213823955952115	26.687641848765658	25.870756827175974	0.004096715253709576
185.0	25.127083410136365	24.41598977598093	23.967460093146713	26.489057104587292	4.096161487070466E-4
186.0	27.240031050239534	23.471195577593853	24.96758772819161	24.321185643975003	0.0
187.0	24.924832476474872	23.31681187082474	27.825631868977617	23.932518548163657	2.052355591129719E-4
188.0	27.108938203492528	27.584090703841447	22.608228040360252	22.69812730392519	6.157483805817591E-4
189.0	25.130237732611366	24.028399830865418	24.92826148534646	25.912485169935096	6.157812416612957E-4
190.0	28.308625807219716	21.66571558770522	25.304926862712097	24.72073174236297	0.0
191.0	26.585551862289837	24.886786673820225	24.101539454561525	24.426122009328406	0.0
192.0	27.111595349936785	23.31692174860467	24.26235237282735	25.30913052863119	0.0
193.0	27.545989819330114	23.850562897296943	22.281933833869232	26.3213078624705	2.055870332146411E-4
194.0	28.06027100984163	23.183861941640984	24.196396814986752	24.559470233530632	0.0
195.0	26.343536610691544	22.00054693459608	25.197235718530187	26.458475121672386	2.0561450980472788E-4
196.0	28.611805160428467	22.201675613718265	25.617635174694275	23.568884051158996	0.0
197.0	25.027060349217674	23.89702016588767	24.472452049061186	26.603261261744194	2.0617408927750414E-4
198.0	27.573322868473234	23.836128552544615	23.884253139458032	24.70608889623265	2.0654329147389293E-4
199.0	25.822414374737416	23.21593771278258	25.567437461324015	25.394003489375617	2.0696178036801944E-4
200.0	27.930909580138056	23.882144742152814	23.84302524139216	24.34392043631697	0.0
201.0	25.16497482943631	21.08986884811552	28.66028846790753	25.084660859773468	2.0699476717228588E-4
202.0	25.049008344356327	24.648454399986754	28.622322136453306	21.68021511920361	0.0
203.0	25.964200304369882	24.632012671725693	23.004772602569545	26.398807366993466	2.0705434141190358E-4
204.0	26.1268592893544	24.473145266331617	23.523698885720616	25.876089481956377	2.070766369925846E-4
205.0	27.312129451500212	25.06341905864373	24.488764731341337	23.13547967587425	2.070826404693321E-4
206.0	25.60412386506727	22.48471568692425	25.549034064550334	26.36212638345815	0.0
207.0	26.640430005074723	23.55914123263979	26.230930952701513	23.569290678045093	2.071315388837681E-4
208.0	28.177680360150575	22.46797614188905	22.071860232407335	27.282483265553036	0.0
209.0	27.20163773419143	21.057233671350843	25.57550692265933	26.165207265373443	4.144064249572125E-4
210.0	24.82524511276949	23.723558803232113	24.957464049090945	26.493524795195356	2.0723971210259194E-4
211.0	25.028554371461798	24.869769264095286	26.216126016504532	23.884928474149746	6.218737886416826E-4
212.0	27.4569494674674	22.74793456982647	25.310436643551544	24.4844719466472	2.073725073824613E-4
213.0	29.667103723558753	22.72640515173896	23.111042878600532	24.495033318672565	4.1492742919263417E-4
214.0	27.612665354624948	25.11397324431379	24.012231882613786	23.26092191690956	2.0760153791219284E-4
215.0	25.854564435728562	25.575064623933418	23.406029626148207	25.164133353020326	2.0796116949043273E-4
216.0	25.803237334454487	25.147782215682152	25.781164599537526	23.267815850325835	0.0
217.0	28.746970940105708	23.44190247222169	25.077117797833704	22.73358477445562	4.240153832781053E-4
218.0	24.527631750677713	24.262108481553515	25.430753200293555	25.779292608354247	2.139591209703474E-4
219.0	25.915426564777217	23.106979600486095	25.002702924780845	25.97445844199091	4.324679649354974E-4
220.0	28.063994442816366	21.525620570262554	24.964996255413368	25.444954576536094	4.341549716171187E-4
221.0	24.93700623927795	22.5247768174219	25.299561830042506	27.23843657462548	2.1853863216670128E-4
222.0	24.76672552654639	25.068364062300468	24.299075709070735	25.865834702082406	0.0
223.0	30.681496569229367	22.859027528619468	23.969487423478995	22.489319929668643	6.685490035277103E-4
224.0	29.913155714550495	22.746101609377128	24.19961010511084	23.14113257096154	0.0
225.0	30.556341475463583	19.703910288365243	24.41471421706659	25.32391127637884	0.00112274272574988
226.0	25.261756353375613	22.539399548164077	26.34031047841984	25.858306794777576	2.2682526289047967E-4
227.0	26.618262057852053	23.477074573159705	26.62352674575906	23.279763226383867	0.0013733968453074463
228.0	27.894644861016577	27.35839511396457	23.305018488198826	21.441941536820032	0.0
229.0	26.611235767533287	26.050513666876828	23.131003597522533	24.20724696806735	0.0
230.0	26.207006175869697	22.803265122933	26.73950546290972	24.25022323828759	0.0
231.0	25.308136701506022	24.347176024717175	24.66442079763048	25.679083609729787	0.0011828664165298485
232.0	25.336425919619742	24.464611874864563	24.62821095947172	25.570751246043976	0.0
233.0	23.851328405552064	24.287025195268754	21.488112871721135	30.373292677933605	2.4084952444261397E-4
234.0	26.67445929490543	21.550602871233732	26.503639677980615	25.26885787563844	0.002440280241782966
235.0	25.007895230293997	22.460449830746	27.249893907842925	25.281761031117078	0.0
236.0	28.11502396749627	23.89194111701542	23.690043731924305	24.302991183564	0.0
237.0	28.326478084231244	24.047288601781524	22.730323752807287	24.895909561179945	0.0
238.0	26.55440282368303	23.045711429387524	24.297139592769412	26.102746154160034	0.0
239.0	28.19411082580966	22.35722272840222	24.940984013915347	24.506647063695848	0.001035368176923714
240.0	25.799640155256455	22.061045471775678	26.657875207551402	25.481439165416464	0.0
241.0	28.726272778533463	21.272524659207217	24.120726561393475	25.87940705663534	0.0010689442305071338
242.0	27.560109121380133	23.019096241523414	21.638748263187065	27.78070778975662	0.0013385841527699322
243.0	28.04034659441479	22.468814550527135	25.552485446790246	23.93593905088929	0.002414357378544411
244.0	26.940717792185808	22.49381329449793	25.561774355198846	25.003157167845792	5.373902716239128E-4
245.0	28.417230361742845	21.035135273359586	24.018659136974538	26.52628348860183	0.002691739321197178
246.0	23.749821412686302	26.80831448619419	24.18301358341847	25.25534616286624	0.003504354834796626
247.0	25.42349084978967	23.73114743475514	25.05278448271207	25.650018629817428	0.14255860292569134
248.0	26.4397948207925	22.95861282424098	23.58209600614024	27.008686063921218	0.010810284905058674
249.0	26.0982324866198	22.019334630971684	27.838132700215763	24.027786425692156	0.01651375650059964
250.0	27.103302972702547	21.783729991946615	24.22143827500278	26.890715287061166	8.134732868930473E-4
