# Position (bp)	A	C	G	T	N
0.0	23.47857133210306	24.329405058771748	25.5055326095501	26.68643905506707	5.194450802837001E-5
1.0	22.538987310072063	30.36403124338841	23.407843662160353	23.610278021252068	0.07885976312710222
2.0	24.24727383754179	27.22976543639362	22.85894565698159	25.66310185398173	9.132151012695241E-4
3.0	26.083810413814845	21.993385807738733	24.71376462338547	27.201584458696935	0.0074546963640191935
4.0	25.711186899781346	23.716799421095832	23.967644129468216	26.60424911666705	1.2043298755875625E-4
5.0	28.3045347276293	24.263981203130292	22.461262394744576	24.96956852796241	6.531465334247738E-4
6.0	25.10724697274107	23.900273401051763	24.620132827158397	26.36512177596216	0.007225023086608806
7.0	25.22312749501468	25.975318860007174	23.562770484171164	25.237875337735876	9.078230711072119E-4
8.0	27.53580277322359	24.228494602964457	23.50993326508463	24.725735148851445	3.4209875878017844E-5
9.0	25.825412277123444	25.66388061546637	22.79486657160318	25.71556733215093	2.732036560796266E-4
10.0	24.478480985013366	24.644443670964257	23.54156898635649	27.33547223354006	3.412412582520667E-5
11.0	27.187793359736016	22.835877843043647	22.818841186802228	27.157256268820255	2.313415978466724E-4
12.0	27.985257961273597	24.59747850160026	20.320705884190428	27.096557652935715	0.0
13.0	25.002680799886473	22.634924497759364	25.35696375494343	27.005158051613904	2.728957968268319E-4
14.0	26.493755952071478	22.254977548564465	23.35019040288312	27.901028543313327	4.7553167611600946E-5
15.0	25.3634194104056	23.900389135242676	24.793487439084718	25.942672735556165	3.1279710837841134E-5
16.0	26.204048242721306	24.912258174312633	21.825957695307544	27.057643729942253	9.215771625806495E-5
17.0	28.156716887882805	26.75853790985131	19.641615277357978	25.44185236282102	0.0012775620868871477
18.0	25.527559958375328	25.51431574415277	20.157202416733895	28.80078779982912	1.3408090888978772E-4
19.0	25.022360204122272	24.81497773159079	21.780830172454507	28.381254472225898	5.774196065344357E-4
20.0	22.483025339004797	26.086340845816476	24.08877839876245	27.341826037689675	2.937872659966065E-5
21.0	23.620993627810876	24.42950355916331	24.138422496278785	27.810759710790112	3.206059569169715E-4
22.0	22.008334465968847	26.859866871320197	26.325854476103412	24.80581433030653	1.2985630101729426E-4
23.0	24.780775473332127	24.568885115822432	23.38542376420147	27.26448485844084	4.3078820312353035E-4
24.0	27.63446719697611	21.7210187441792	24.39490684733327	26.249521977119677	8.523439173612796E-5
25.0	24.37082166079719	25.702548566395382	19.468996071224293	30.45731039183595	3.2330974718442894E-4
26.0	25.981467369496276	25.549663892226587	20.24267112483361	28.226155727375314	4.1886068219001586E-5
27.0	25.436304017192946	25.01573297725254	20.344955352850715	29.202951997688093	5.565501570654112E-5
28.0	27.574903699216126	23.76398374712725	23.06911315673372	25.588594043570122	0.0034053533527832105
29.0	27.187423261568334	23.885586404263528	22.558758111766082	26.36782453621279	4.076861892634211E-4
30.0	23.790089321308983	24.645447877587834	25.472456034267804	26.091844764551958	1.6200228342218482E-4
31.0	25.733388987482243	24.46343322501705	22.94501952389942	26.85763499653101	5.232670702800002E-4
32.0	24.18715423308445	22.58224707461079	24.70639827964623	28.523961282740707	2.3912991782300372E-4
33.0	23.47709685989501	24.647771221672322	25.749729862552805	26.125297046182215	1.0500969764557756E-4
34.0	25.545854225535532	26.361279136552014	23.252925146697816	24.839902481890245	3.900932439881105E-5
35.0	24.847625584118532	22.388642592796607	26.271055166396735	26.49238098996674	2.9566672138643527E-4
36.0	23.644851615693707	25.290859284272017	26.22528185691733	24.838801768265206	2.0547485174026282E-4
37.0	25.428354773376633	25.539152614108872	21.705555027090977	27.326886236638565	5.1348784952957455E-5
38.0	26.016432214388534	25.811404913134822	21.688823843227524	26.48317219431445	1.6683493467064796E-4
39.0	23.20355705006265	27.564315255802185	21.775473917078976	27.45640999585059	2.4378120559814028E-4
40.0	26.199046651033665	26.104050430998043	23.173907739106642	24.522854063612446	1.4111524920888867E-4
41.0	23.911090986985734	24.398824534444323	21.993147820822312	29.691882822861803	0.005053834885826943
42.0	24.279764137785087	26.059645308887795	21.035279934076577	28.625195189129048	1.1543012149020288E-4
43.0	25.660664230605573	25.567740990639194	22.704240690427625	26.06339144947174	0.003962638855866899
44.0	28.356214794669498	24.998313862613784	23.12679112027481	23.51844942036623	2.3080207568000063E-4
45.0	25.293894120168904	24.64000406149264	21.91738093211256	28.144656829512694	0.0040640567132063125
46.0	24.74942099132234	24.660315122756764	22.6862695304463	27.903994355474605	0.0
47.0	24.938214763316495	24.82672511264005	23.668273554944545	26.565017705935727	0.0017688631631810879
48.0	23.095889621060927	24.103984802713985	23.093083376847204	29.707042199377888	0.0
49.0	22.18453657134664	25.92207872746159	24.928603195465865	26.96287238035005	0.0019091253758510502
50.0	27.561595613603867	24.33820276499467	20.23901174892761	27.861087377003834	1.0249547002052342E-4
51.0	24.757436825588037	26.93351444682863	21.9194255880627	26.387266136281156	0.0023570032394703766
52.0	22.84317173950165	26.0616322098351	21.385994905862756	29.709201144800495	0.0
53.0	22.56891280826392	25.273928731830804	24.07532306467418	28.080240486689533	0.0015949085415645926
54.0	22.627743186481435	28.681208705319833	22.632170407434465	26.058775632269672	1.0206849459432495E-4
55.0	23.488077727095366	28.941759402243367	22.659967119923703	24.908668575805017	0.0015271749325434106
56.0	26.084861357706902	25.53946421261492	25.366419818501257	23.009254611176917	0.0
57.0	22.456823002013753	27.603772833496894	23.390857707491275	26.543278913501716	0.005267543496358716
58.0	25.21365221598456	25.325772318967637	21.953988901979958	27.50625578777253	3.3077529530918645E-4
59.0	27.192586539224806	22.861325560899555	24.663691790706054	25.27954657862974	0.0028495305398435608
60.0	23.867291331442743	23.110619766855596	23.89647565623456	29.125562445946134	5.079952096051734E-5
61.0	24.810208174178765	24.199981612567658	22.799235143767373	28.184225817986768	0.006349251499439234
62.0	24.721886082812617	22.169180622624715	25.247169339345326	27.861548092343597	2.158628737443447E-4
63.0	25.630395236656838	23.990742289081773	23.470859452859024	26.905488995231348	0.0025140261710124403
64.0	24.741330161545015	22.321037880372874	23.4246164447982	29.512990168714992	2.5344568918662563E-5
65.0	23.522159341886084	26.323327529059593	23.890170233072297	26.259236385320317	0.005106510661710015
66.0	24.55032734048542	24.236664845891045	23.552625927160612	27.659710340827147	6.715456357706259E-4
67.0	27.085530520224594	25.41838830671707	20.645046769989563	26.85035022377731	6.841792914639257E-4
68.0	23.56475407811044	23.100409157164115	26.79396000661341	26.540686717627075	1.9004048495797888E-4
69.0	23.060044381224483	24.99797299728331	25.073124123004604	26.86597001961632	0.002888478871283807
70.0	24.96638225504203	23.34601390498995	24.68921847834405	26.997942648399054	4.4271322491918903E-4
71.0	24.440699771703898	23.19593103187316	26.372286618821185	25.990098760137737	9.83817464021291E-4
72.0	26.9712258478667	25.920875653363247	21.98237771568633	25.12336418778018	0.0021565953035407887
73.0	25.14964894856071	23.084992834706956	23.068397400620334	28.693051557322597	0.003909258789400915
74.0	24.43415076148904	26.309029554465045	23.474518973611985	25.78120370017777	0.0010970102561632432
75.0	24.807336913933337	24.6648719536436	22.49401814861621	28.03149082097719	0.002282162829670084
76.0	27.031206146970206	23.867660397598282	25.660741046700664	23.439207234304696	0.0011851744261549336
77.0	24.316614227193114	25.35958316039822	24.409507489204056	25.91353866341624	7.564597883627235E-4
78.0	26.974557998376458	26.310794409660765	20.79550521738352	25.91838594883713	7.564257421261439E-4
79.0	27.178507403980223	21.193675919225637	23.17931171853529	28.445731459793095	0.002773498465751076
80.0	24.32532192780003	23.219406584839835	28.049130390276787	24.403216428970147	0.002924668113200792
81.0	25.17353433700706	25.1114497365596	22.016724645909775	27.697749222083107	5.420584404550064E-4
82.0	22.606226281095037	22.53268554287914	24.252535415903505	30.606901433981363	0.0016513261409466108
83.0	25.06775884180091	22.530486121632887	24.46188097183486	27.93895389071005	9.201740212940874E-4
84.0	22.829122843680963	26.256482302053374	25.151792028881292	25.761153315652674	0.0014495097316932278
85.0	25.239201326643652	27.16046255063803	20.96867320636344	26.631007509824485	6.55406530395045E-4
86.0	25.18768094598381	25.007426575836213	22.89224199155494	26.910331454034697	0.0023190325903480603
87.0	21.570863866740854	22.335047132091475	26.50962901161556	29.583552573124216	9.074164278922166E-4
88.0	24.606468578419765	26.859823102577092	25.67350411430241	22.85927161352514	9.325911755954499E-4
89.0	25.83362601940764	26.265881448844585	22.915170943159925	24.984048766477848	0.0012728221100038399
90.0	23.422319682201273	25.988096031712328	24.79622478541239	25.79315787092596	2.016297480497678E-4
91.0	26.54844083211907	24.953301895886952	24.205363537006335	24.292188049544663	7.056854429820654E-4
92.0	25.33713064196711	24.267949932180716	23.264874752324783	27.130044673527394	0.0
93.0	26.072998635077894	25.987287776789874	21.345821765769692	26.593526398238705	3.6542412383895937E-4
94.0	27.345748867868014	23.74863173286032	23.14293371847473	25.757229623041848	0.0054560577550804654
95.0	23.45293117853844	26.16121749716841	24.603800715870918	25.779316352977006	0.0027342554452319183
96.0	25.765853828172958	24.52348804883482	24.129769403444683	25.579842935895226	0.0010457836523099472
97.0	25.46128869155877	24.974760109217257	23.215231349601183	26.34854345702528	1.7639259750825296E-4
98.0	27.572930637072556	23.177645922694058	24.59100951032264	24.658388731996876	2.5197913864711142E-5
99.0	21.64832724496527	22.560228363872163	26.823635338306563	28.967783860477553	2.5192378448978314E-5
100.0	22.750773810138593	24.910199733326145	24.544776444632426	27.794250011902832	0.0
101.0	23.029864112055602	22.680553124012075	28.74054584407586	25.548923564448216	1.1335540824950282E-4
102.0	25.23111197776528	24.578186314522906	24.72613476270807	25.464541751568543	2.5193435195430512E-5
103.0	25.70354551468636	25.739797242248706	25.177567965061293	23.378862547254467	2.2673074917381832E-4
104.0	25.211397736097176	27.294684621193372	23.346301051336166	24.147125342221166	4.912491521228576E-4
105.0	27.26856573335806	23.715461971637954	21.167724969566024	27.844493465764803	0.00375385967316731
106.0	26.233763190931192	23.106082459396482	24.397141661537717	26.262861527942338	1.511601922656872E-4
107.0	25.050270141784285	25.005879493498167	22.87495202245129	27.068054365695556	8.439765707065306E-4
108.0	23.891431372037776	24.785841297408304	24.104012437699083	27.218563742011202	1.5115084362953986E-4
109.0	25.565925551415365	24.633117154250446	25.46207444505785	24.338076727892847	8.061213834907097E-4
110.0	23.847964285570338	24.332646801581575	23.346378780123093	28.472858988259098	1.511444658957627E-4
111.0	24.559966696539853	24.061044587463464	24.598837527860475	26.779319861218788	8.313269174208964E-4
112.0	25.010016576946768	24.66386685339926	23.516680670771205	26.809309943812703	1.259550700631375E-4
113.0	28.600866998657608	21.747010607873925	23.046236485735886	26.604991653204568	8.942545280137197E-4
114.0	26.596348461294884	22.255747267593343	27.45630681046707	23.69120699987833	3.904607663762394E-4
115.0	26.854364632087265	23.9446225038029	25.7360799206316	23.464202343060734	7.306004175003489E-4
116.0	26.99467592633415	24.287316571642208	24.86085179636155	23.857029739787254	1.2596587483677972E-4
117.0	25.254071076540335	26.79107528066888	24.467549481175897	23.486472783385032	8.313782298571856E-4
118.0	26.215389878828205	24.748754384563814	25.373281539446403	23.66210812272017	4.66074441409782E-4
119.0	26.842883159199122	21.299208645753932	24.936873434590296	26.920442702871366	5.920575852843205E-4
120.0	25.088077137029487	23.94192804279299	24.715613637646225	26.254293004619516	8.81779117858093E-5
121.0	27.35398453823889	23.636760097062098	24.26601605885703	24.74249608517964	7.432206623406185E-4
122.0	26.43379451918125	24.219223176125695	24.44375272725807	24.90270050196665	5.290754683325657E-4
123.0	23.888464234193062	28.074481802300593	23.723986820644164	24.312248345904173	8.187969580055416E-4
124.0	25.10078444517758	24.545980293197296	23.098964700659838	27.25408160784493	1.889531203529342E-4
125.0	26.442469631455857	23.768611810433068	24.904498779514178	24.883386856341424	0.0010329222554688825
126.0	23.676281582540405	24.4886159441403	25.284310098388847	26.550628618158633	1.6375677181488984E-4
127.0	26.0824376448525	23.161246348416405	27.600322421400335	23.154708736806214	0.001284848524546716
128.0	26.023562346903066	23.181473605288993	25.037720766311633	25.746951791739548	0.010291489756755538
129.0	24.414225171929566	26.908709166570517	22.202129412363412	26.471698949804985	0.003237299331529179
130.0	26.288312603458845	24.11746084892404	24.007805966409705	25.586395387667487	2.5193539922880054E-5
131.0	25.412866942100248	25.29069042392569	24.568137059404314	24.727537168795067	7.684057746827681E-4
132.0	26.168461871403316	25.856112874935945	21.97444976139237	25.994072473633743	0.006903018634623223
133.0	26.954123232993272	25.154998269854133	25.004594617438734	22.88431880686823	0.001965072845628286
134.0	25.962602980490278	23.409736103656478	21.177750533112157	29.449822207772726	8.817496836093189E-5
135.0	26.615646965433726	24.17685637319254	26.003584378378147	23.20329506855741	6.172144381824471E-4
136.0	27.867468707896364	26.2376516990597	24.032076106749383	21.855787263073353	0.007016223221204764
137.0	28.508197739356493	21.17600170203911	24.3973047016563	25.918294312944678	2.0154400341717858E-4
138.0	25.463622963907	24.17026510051137	27.043511974024266	23.321113647362132	0.0014863141952326598
139.0	25.674098633305636	24.141238981882417	25.308930515022958	24.874333723428762	0.0013981463602282531
140.0	26.637196454505492	21.68601187289727	25.39068079590986	26.28569521191975	4.15664767624501E-4
141.0	25.11124927698047	25.42641777328123	25.5133438670813	23.94846004397571	5.290386812929907E-4
142.0	28.26790976361659	23.356248398704	23.85674708353141	24.51880504081053	2.8971333746993593E-4
143.0	26.72747417410805	25.46426899739159	23.90302625088614	23.905054231475972	1.7634613824630315E-4
144.0	27.145177179797784	25.709678390479908	23.195681826970517	23.948694235596232	7.683671555539152E-4
145.0	27.798102318794722	22.450330975675378	23.151884530854954	26.598485543180004	0.001196631494937871
146.0	26.88977464990271	21.747763176324888	25.20496449398257	26.151942779233895	0.005554900555943517
147.0	26.280200088398033	24.402352863822824	27.031104694479506	22.282488007758065	0.0038543455415739657
148.0	24.46083817455296	24.31245570096674	23.7918448337518	27.434042541935366	8.187487931327886E-4
149.0	27.665391289013176	25.1894581376967	23.965007416084873	23.17777504857457	0.0023681086306852716
150.0	25.787040839308684	23.993301694327705	24.75648479528952	25.463134881625816	3.7789448279093716E-5
151.0	26.97565412149131	24.415916840817736	25.280890242627397	23.32693414759193	6.046474716288069E-4
152.0	27.012551386260668	24.091612346357692	23.337367728483528	25.55827958408779	1.889548103233823E-4
153.0	24.6240533309147	23.77386513083307	25.42552869862289	26.175721433646242	8.314059830997838E-4
154.0	22.997868674631558	24.608613507279248	24.679233579479014	27.71144986182728	0.002834376782901729
155.0	26.837772530109067	24.067962713720632	23.9276011554503	25.166424204884528	2.3939583547004617E-4
156.0	25.85495479149657	23.401045289142903	26.60592246514863	24.137737256443597	3.401977683026399E-4
157.0	24.83712844079005	22.822644192957657	26.77101164702061	25.568774725569643	4.4099366203908917E-4
158.0	24.544273343509175	21.758568003864703	26.078713318278734	27.61834453356074	1.0080078664933902E-4
159.0	26.78117257548455	21.407713537152237	24.68833630131903	27.12214757422138	6.300118228018667E-4
160.0	25.760475569636093	21.709205013803118	25.93641506550133	26.59381614820398	8.820285547924329E-5
161.0	24.189803016513217	20.930013662625758	28.9257305308843	25.949916641980366	0.004536147996364529
162.0	24.941967761015288	23.756512324810178	25.51484317371769	25.786626337904256	5.0402552586873215E-5
163.0	24.970639780602294	24.381079014524865	26.85208800303632	23.796130197073857	6.30047626560187E-5
164.0	25.380293861806248	23.911854311320223	24.588360727647004	26.117626126056308	0.0018649731702187473
165.0	26.55363045349322	22.048538783266608	26.82961775613666	24.56753252153926	6.804855642548494E-4
166.0	24.909464590658466	22.878789730889583	25.898388377089542	26.31316827242548	1.8902893692772276E-4
167.0	26.418512179559645	23.898492474597223	26.710280720100688	22.97222313588926	4.914898531919808E-4
168.0	26.746871885559482	24.26184766570399	23.608511455595924	25.382655568903207	1.1342423739844119E-4
169.0	26.32914203355401	22.332827658469963	25.750562945051747	25.587177493641466	2.8986928281676317E-4
170.0	31.062451477601556	23.250131073491897	23.1211875258366	22.566078684425445	1.5123864449844224E-4
171.0	25.701427689752947	23.610954447797845	26.613600969025786	24.07323550232798	7.813910954435194E-4
172.0	27.159733271854336	25.06555450150989	24.069405757608973	23.70506710407462	2.3936495218370126E-4
173.0	28.874401715415267	19.87269181797762	23.20145509462638	28.0498136598545	0.0016377121262378743
174.0	23.84081632190282	26.248105752578567	24.032883467548956	25.877564564405294	6.298935643648551E-4
175.0	26.114282409976607	23.927877226703448	23.28871118248931	26.66736544285508	0.0017637379755588752
176.0	24.507763292983284	24.492254219293265	27.899525896058464	23.098982536732628	0.001474054932357887
177.0	21.91078444898445	25.914415614768842	25.386687027401944	26.762838382253907	0.025274526590855686
178.0	25.189084208188344	23.06729703344877	24.15205803365526	27.591081990641758	4.787340658720437E-4
179.0	27.992568292296028	24.549784088127172	22.930870276104876	24.525366195935565	0.0014111475363568933
180.0	26.488233127663918	22.55766250716221	25.594262903508046	25.359563501564473	2.779601013543606E-4
181.0	27.563437594191225	22.228864026271175	26.22385011096059	23.98306373710806	7.845314689491302E-4
182.0	24.874868554088646	23.184869579082036	25.870111825513227	26.070023498922488	1.2654239359999192E-4
183.0	23.331019571639818	24.998016323725842	26.43839941685612	25.232020521399978	5.441663782373944E-4
184.0	26.277209125264516	22.32594493561639	26.445275862946133	24.947140606429844	0.004429469743114801
185.0	24.723590744975557	24.958661683879892	24.74106762070244	25.576110464991196	5.694854509122524E-4
186.0	26.749136973964177	23.201098861600443	25.25368080161311	24.796070706625823	1.2656196448468778E-5
187.0	24.244502263484826	23.29404278893589	28.150812593651438	24.309906900468167	7.354534596808564E-4
188.0	26.722820512072648	28.3793851592696	22.642379887586632	22.254970600644178	4.438404269389835E-4
189.0	24.81588441426945	23.91586381889053	25.121061260599518	26.14604913671882	0.0011413695216799336
190.0	28.607089923173177	21.910534180668215	24.84385158398404	24.638207233800657	3.1707837391048703E-4
191.0	26.324378690422062	24.291871533961697	24.5454045380337	24.837964118670776	3.811189117683041E-4
192.0	26.410283285849047	23.86127600916018	24.346752805384305	25.381598965827195	8.893377927271226E-5
193.0	27.327455267121564	24.509152416430563	21.93999310306446	26.223170501445843	2.2871193756875653E-4
194.0	27.765117865107104	23.777569407743545	24.368492875129917	24.088819852019437	0.0
195.0	26.369439865587058	21.918625266735212	24.520079966549275	27.191270276006602	5.846251218498555E-4
196.0	27.54396839664982	22.67493232813512	26.543781737610907	23.237190125290898	1.2741231325336512E-4
197.0	24.804269977384177	24.733505531490945	24.087679607949934	26.373907710062277	6.371731126709392E-4
198.0	26.987468075320482	23.40638931443781	24.575764140269833	25.030250815932703	1.2765403917166314E-4
199.0	25.102992165149768	23.141861680773797	25.73221602090112	26.022456782438024	4.7335073728854975E-4
200.0	27.478080144485716	23.96940630582	24.02300246204544	24.529459909652925	5.1177995918298935E-5
201.0	24.864789338276736	21.639911574549572	28.472539526782835	25.02243967900799	3.1988138286513147E-4
202.0	25.084352766545532	25.447241132210678	28.031862619644777	21.436505092900653	3.83886983672007E-5
203.0	25.439459262545565	24.942841175652887	22.6503825564401	26.966651400419995	6.656049414510854E-4
204.0	25.91845228029377	23.77417976004292	23.571981683248104	26.735207056847294	1.792195679093026E-4
205.0	27.15380877177889	24.35339265304116	25.452502242924034	23.039438593041407	8.57739214505471E-4
206.0	25.187988455983284	21.189923298943096	26.041997820100832	27.57998799813532	1.0242683747024659E-4
207.0	25.227784642767965	23.81798741252473	27.052968556922153	23.901016089687364	2.4329809779303016E-4
208.0	27.852013759513845	22.56424765178153	22.034612928502323	27.54906162195559	6.403824671477391E-5
209.0	26.983984043096243	20.94238577539026	25.29998295016465	26.772840214348836	8.07017000005252E-4
210.0	24.642933740791637	24.90814379355947	24.895767324430302	25.552834839222495	3.203019960964155E-4
211.0	25.053956652440984	25.370257142648434	25.478894525877983	24.09600740636033	8.842726722707341E-4
212.0	28.285679924590152	22.62783876734852	24.28944272410889	24.796705229763095	3.333541893390253E-4
213.0	29.340742053110162	23.76454803914261	22.73870753744269	24.155604668201626	3.977021029076001E-4
214.0	27.15228506100947	25.686116592220724	24.21956295859491	22.94199687169119	3.8516483706949645E-5
215.0	25.543520779375857	24.91533222707639	22.877232243958478	26.663580196079238	3.345535100324877E-4
216.0	25.454326063534904	24.73253555551419	26.343121174139984	23.469939106451182	7.81003597432737E-5
217.0	28.204041718850252	23.067521569034373	25.771576094344866	22.95619074138897	6.698763815379443E-4
218.0	24.63797750226366	24.097848478748855	25.49705807519662	25.766810358285717	3.055855051494479E-4
219.0	26.346616861206947	23.366351988424043	24.881967151095598	25.404379809202194	6.841900712215033E-4
220.0	27.985885742910753	22.27513651644999	24.850406796349198	24.888233566744614	3.373775454461049E-4
221.0	24.88325757074365	23.014753557652572	24.561511752793752	27.54031403750843	1.6308130160079247E-4
222.0	25.744385077854098	24.843297471664446	24.57602421102131	24.83603229747606	2.609419840819896E-4
223.0	30.27461320124666	22.699312666963493	24.391223285841495	22.634113423864648	7.374220837043633E-4
224.0	29.628059423048814	23.431604430414644	24.577597238661696	22.36251555283931	2.2335503553229624E-4
225.0	30.568374811880656	20.06165985773483	23.712468187662296	25.65641494700614	0.0010821957160790671
226.0	25.27695252293268	22.60689648305112	25.36682686528735	26.749053851346016	2.702773828329764E-4
227.0	26.87388713985613	23.8933167197992	25.921111311973032	23.310232294656675	0.0014525337149613993
228.0	26.93852120728511	28.068352494409243	23.347716789034457	21.6452938633962	1.15645874983918E-4
229.0	27.802936388734928	24.8330060771159	22.044086628771385	25.319970905377787	0.0
230.0	25.580176425650354	22.993420148753803	27.847998221431485	23.578361121996956	4.4082167396740826E-5
231.0	25.589776653360108	24.29975919455563	24.504013945587	25.60490056438264	0.001549642114623749
232.0	24.772981540602306	25.21908290152798	24.909656148827263	25.09793438478725	3.450242552051409E-4
233.0	22.80984405033089	25.078827184587567	22.50927291503559	29.601600047889615	4.55802156339228E-4
234.0	26.31457398310502	21.718093983697816	26.987612891632835	24.978468713755923	0.0012504278084029675
235.0	25.100506409264256	22.51118211562607	27.129289059860334	25.258818968899472	2.0344634986731383E-4
236.0	28.380053025916112	23.730136903476296	23.626906645410173	24.26260190714926	3.0151804815624095E-4
237.0	27.743763548303086	24.64246279888104	22.568189414764657	25.04543981909761	1.4441895360765768E-4
238.0	27.26611858282822	22.74685172931528	24.262213819094576	25.724767047009816	4.8821752108530104E-5
239.0	27.304535776341783	23.6323556507377	24.05370189975965	25.007952501464498	0.0014541716963656448
240.0	25.223461277339542	22.19660227694706	26.22949310358585	26.350289895250338	1.5344687720260204E-4
241.0	29.31479712336902	21.126592279905694	23.375485755358007	26.180735216028104	0.0023896253391774464
242.0	26.442059998505517	24.6860945945738	21.336060336046486	27.534776209825313	0.0010088610488837636
243.0	27.97475408836549	22.69967250602255	25.415121994161215	23.90765978304766	0.0027916284030892195
244.0	26.376751210516954	22.74793739786518	26.67912948142667	24.195100823359166	0.0010810868320363437
245.0	28.978742718813827	21.265482191611248	23.35563823422209	26.398417567000664	0.0017192883521652718
246.0	24.450818290347183	26.992741862857006	23.2972237380052	25.25697759053816	0.002238518252447346
247.0	25.2385911164373	23.3274460723674	24.652252369170956	26.640074471492632	0.14163597053171045
248.0	26.051289174143545	23.38447255529573	23.52266005495022	27.029951738892482	0.011626476718023561
249.0	25.595895877060666	21.767504186908155	28.691903508963428	23.926590410013787	0.018106017053962167
250.0	26.575693057034112	22.14836396110367	25.280028304906903	25.994786230593327	0.0011284463619930932
