# Position (bp)	A	C	G	T	N
0.0	23.38650826867562	24.40048077439018	25.3003230202934	26.912634278784758	5.36578560467038E-5
1.0	22.679617283164326	30.15985069825966	23.550588702499585	23.533836679010356	0.07610663706607308
2.0	24.327937391478972	27.120042214712875	22.795758019540326	25.755220892864678	0.0010414814031478375
3.0	25.624799019012634	22.495246507767707	24.57426722832374	27.29850863767915	0.007178607216768586
4.0	26.05000177341515	23.332036384611875	23.366544643259545	27.251337195022597	8.000369083693727E-5
5.0	28.111809821099808	23.96089166075626	22.20005190146395	25.726633817054267	6.12799625712646E-4
6.0	25.344772031791585	23.775680464288477	24.035049395306935	26.838591265908228	0.005906842704769882
7.0	25.23623428280241	26.089824393319027	23.3950872828749	25.278030855642765	8.231853608964116E-4
8.0	27.522402276012375	24.3113983321299	23.491358222423518	24.67484116943421	0.0
9.0	25.819324210892454	25.478509904262282	22.632955300780868	26.069104700007966	1.058840564287902E-4
10.0	24.479978838078235	24.43016896471911	23.432834044241645	27.657018152961015	0.0
11.0	26.863269314013856	22.646070085480112	22.936224452705094	27.554283099343497	1.530484574373515E-4
12.0	27.844299555482905	24.80926003935894	20.087042358015456	27.259297449213765	1.0059792894013795E-4
13.0	25.025312815789935	22.400396767998153	25.37809196572095	27.196124019275704	7.443121526078093E-5
14.0	25.893908953230273	22.315212374309645	23.72044677389142	28.070358440184673	7.345838398901062E-5
15.0	25.421073635343376	23.928870032967513	24.441886025076002	26.208170306613106	0.0
16.0	26.6420145144236	25.04506224419118	21.373905143590118	26.938994352705294	2.3745089812240453E-5
17.0	28.277085896126554	26.530383501772807	19.277310296447446	25.914245661032986	9.746446202053577E-4
18.0	25.501797111371218	25.62974812835406	20.026312544628727	28.841912170667612	2.3004497839417562E-4
19.0	25.217185703590122	25.048518445020175	21.225523620397272	28.508337344588192	4.348864042378994E-4
20.0	22.545477504714906	25.95401920847702	23.604878066506537	27.895420816814504	2.0440348703264279E-4
21.0	23.533760106814995	24.239350821406063	24.08211492972923	28.144481337782157	2.928042675546294E-4
22.0	22.122163512601787	27.033820749360395	26.195883795031428	24.648020609971432	1.1133303496079964E-4
23.0	24.47780824730725	24.515247930583463	23.42115505848402	27.585478979011874	3.0978461339654706E-4
24.0	27.67773328655777	21.277099716809545	24.730610377351063	26.314381648348668	1.7497093295376306E-4
25.0	24.444759674809124	25.49164404071892	19.784628944548192	30.278815971684626	1.5136823913759892E-4
26.0	25.851919441754546	26.157005674302923	19.868918270429813	28.122027612991555	1.2900052116210551E-4
27.0	25.749592482962907	24.770823215478128	20.111921777294857	29.36757683268054	8.569158356546826E-5
28.0	28.03263570561719	23.43654411536138	22.845945521302806	25.682252500618002	0.002622157100621684
29.0	27.66582370660386	23.962170379771468	22.124489541819642	26.247223410922626	2.929608823981778E-4
30.0	23.69019269478011	24.98957594421149	24.91504264556609	26.404814385259378	3.7433018292892155E-4
31.0	26.433986444671692	24.45918095502848	22.39839295228829	26.70808802358945	3.516244220949204E-4
32.0	24.24162050132198	23.16496464255447	24.836822416250037	27.756285455424734	3.0698444878179363E-4
33.0	23.6424253762166	25.125101838849233	25.20750424767208	26.024847059509522	1.2147775256439535E-4
34.0	25.94415928419454	26.431107773736134	22.77654853508527	24.848024041929047	1.6036505501122757E-4
35.0	25.440832602220826	21.783076887404842	26.36085520246581	26.415017311859007	2.1799604951522634E-4
36.0	23.790632832092605	24.677232150105315	26.605602496686487	24.926275122590997	2.5739852459165705E-4
37.0	25.607203790718756	25.327650158144543	21.355510515919356	27.709556363981836	7.91712355067157E-5
38.0	25.802388103766145	25.887178590135058	21.385526016630017	26.924887501724008	1.978774477687636E-5
39.0	23.3519073848176	27.815258682871185	21.416410239771842	27.416186290759413	2.374017799594122E-4
40.0	26.17989152150778	26.066665611684975	23.001989959211773	24.751314441248727	1.3846634674346932E-4
41.0	24.11323867768484	24.19925510446872	21.527385917475257	30.15582837932908	0.004291921042102163
42.0	24.292065001335885	26.508724387050282	20.785164181353654	28.413927772821634	1.1865743854582937E-4
43.0	26.031471518311523	25.63850268056437	22.39863053138293	25.928172106627773	0.0032231631134094657
44.0	29.140459599398632	24.836371415533563	22.828085593013242	23.194846134561377	2.3725749318477852E-4
45.0	25.223959140553585	24.504854391963487	22.168396556141413	28.099350164633396	0.003439746708122863
46.0	25.0650280205093	24.39487223987952	22.337656279248773	28.202423693504592	1.9766857818770725E-5
47.0	24.885955307130068	24.935565736784056	23.284230208205685	26.892608243632672	0.0016405042475224432
48.0	22.850513327060412	23.94047627045434	23.025323924214362	30.18368647827089	0.0
49.0	22.698411820283702	26.184535647800374	24.510290508343168	26.605082601862858	0.001679421709904202
50.0	27.208269528596013	23.920577943985645	20.748441175604796	28.122592813790398	1.1853802314533926E-4
51.0	24.489932172682526	27.315102511337148	21.531686920574998	26.661145088198424	0.00213330720690433
52.0	22.76707503037799	26.24407860794522	21.0914674016504	29.897378960026394	0.0
53.0	22.053667372755918	25.295881819188565	24.1673716740649	28.481721900496687	0.0013572334939261834
54.0	22.885905433042772	28.650820406649167	21.966328533220462	26.496827614095942	1.1801299165687486E-4
55.0	23.155051923415293	29.101004337200415	22.421762777440282	25.320886333807312	0.0012946281367025312
56.0	26.08238077287724	25.82417841047762	25.037332943169595	23.056107873475547	0.0
57.0	22.774886615834426	28.070324755155507	23.232482693066853	25.917854307009826	0.004451628933391669
58.0	25.205581309253468	25.355802680375945	21.454086399740223	27.98413743892661	3.921717037527106E-4
59.0	27.128960736349327	23.35623706420234	24.330377625295384	25.18201289834806	0.0024116758048918978
60.0	24.175296942429636	22.82070937323703	23.84250296462843	29.161431994810282	5.8724894618176606E-5
61.0	25.178873518146304	23.649217458329392	22.81027594720513	28.356113466731724	0.005519609587444415
62.0	25.05140133595522	22.28061244361511	25.013901113322113	27.653850241412574	2.348656949881422E-4
63.0	26.38863962802211	23.643525624854316	22.631049186122222	27.334554445194893	0.002231115806457358
64.0	24.725886367297527	21.677983724914938	23.41970095629549	30.176428951492046	0.0
65.0	23.626880081846465	26.671580318189854	23.68203663371266	26.01510996654487	0.004392999706157131
66.0	24.343081832531723	24.799194062458206	23.10313286743323	27.75388838506946	7.028525073775108E-4
67.0	26.750167311051744	25.467280049416306	20.55686662517405	27.22494414505029	7.418693076172798E-4
68.0	22.81152780554237	23.06749996876484	27.305545490891824	26.81534864689273	7.808790824358429E-5
69.0	22.85348295252459	25.13070271228381	24.618237981811912	27.394980063224544	0.0025962901551410253
70.0	24.923562863954466	22.84407915440292	24.272100810698376	27.96000385814873	2.533127955112973E-4
71.0	24.454610660435346	23.03634193403495	26.393032351517252	26.115179669778442	8.353842340070544E-4
72.0	26.84745757443959	25.513826125959348	22.203019134602293	25.434123707555255	0.001573457443512392
73.0	25.71392221151754	23.11775491810921	22.62866333095068	28.536221524691552	0.003438014731019051
74.0	24.523581962120396	26.04320202020398	23.216769308965393	26.21553387234702	9.128363632055473E-4
75.0	24.794274088362126	24.604842337005962	22.39654664790864	28.202394833721883	0.0019420930013959764
76.0	26.79785628335963	23.680277356352107	25.7686260435626	23.752482915752932	7.574009727358955E-4
77.0	24.426963852693596	25.032988915141928	24.070304888457173	26.469295694672272	4.4664903503417936E-4
78.0	27.21824698057267	25.994610897979125	20.835446744750907	25.95115165063581	5.437260614892035E-4
79.0	27.298401777938302	21.047771897273382	22.35908877749265	29.29246560778751	0.002271939508154224
80.0	23.89457187445449	22.62990504998764	28.68300474585012	24.79007171493909	0.0024466147686599523
81.0	25.27552436472457	25.133662738643935	22.00839635975223	27.582164114057058	2.524228222075386E-4
82.0	22.392361796087776	22.226679424707623	24.30756302259944	31.072172506939516	0.0012232496656450914
83.0	25.259195976972435	22.21720853922549	24.43839739046861	28.084266117836655	9.319754968108964E-4
84.0	23.222165358366546	25.996329822098108	25.210495497314543	25.5700579959555	9.513262653027626E-4
85.0	24.900895709806875	27.09981795368448	21.028339390866076	26.97046159234322	4.853532993443654E-4
86.0	25.6343221068624	24.913004508332058	22.98672776395233	26.464140191402702	0.0018054294505146348
87.0	22.212334819549724	21.914470343227464	26.129376922802162	29.743041416828564	7.764975920809671E-4
88.0	24.21591847248695	27.689988444225484	25.76013721730039	22.333373515515856	5.82350471325354E-4
89.0	26.04380915999121	26.661759556248143	22.63602673132872	24.657531055719772	8.734967121583754E-4
90.0	23.388550530616556	25.67028032913308	24.831259218799044	26.109754637035294	1.5528441602480824E-4
91.0	26.564707576726015	24.64182363318641	24.528916046406046	24.264086905262637	4.658384188978224E-4
92.0	24.664756293498222	24.334316339629776	23.279198761233502	27.7216897874354	3.881820309761497E-5
93.0	26.136191383964086	25.50985254612337	21.192110820691948	27.161515300962304	3.299482582904838E-4
94.0	27.594713095512812	23.552619550895315	22.965071425535413	25.88307378908084	0.0045221389756171316
95.0	23.387239202555932	26.767538168390793	24.17942763231185	25.663291387857146	0.0025036088842793156
96.0	25.769541133989527	24.184599823084625	24.0599478414034	25.984669145345023	0.0012420561774246198
97.0	25.61867625143681	24.67926294664923	23.212359959843948	26.489564996156528	1.358459134735276E-4
98.0	27.631742364966406	22.884744060260566	24.59849317535427	24.885020399418757	0.0
99.0	21.807719010118234	22.247211984633854	26.788425947665218	29.156623653919368	1.940366333402281E-5
100.0	22.656688987610167	24.813617017313476	24.664176903566695	27.865517091509663	0.0
101.0	23.459991680454966	22.287494606265117	28.43324806834444	25.81920743916333	5.8205772150012565E-5
102.0	25.501376727798725	24.395356558818946	24.644194116970148	25.4589755685879	9.702782428105779E-5
103.0	25.777088007426546	25.2389972767525	25.45986091528593	23.523879158754426	1.7464178060102385E-4
104.0	25.462235293113178	27.183145381062268	23.170249907052305	24.18382609195108	5.433268211732909E-4
105.0	27.532345350596604	23.60421256577889	21.07057186808845	27.78962942205785	0.003240793478203917
106.0	26.223591055612598	22.871046748083835	24.76624405628345	26.138943488919647	1.7465110046688118E-4
107.0	25.89608436949729	24.857203624507147	22.936045620322513	26.310181244762905	4.8514091014763424E-4
108.0	23.701647927617937	24.173479587240926	24.122366916402065	28.00229211415318	2.1345458588743063E-4
109.0	25.723238501776407	24.394383262412283	25.574675897366838	24.307120196577667	5.821418668086575E-4
110.0	24.148320372221328	24.32470559288622	23.43090404896252	28.095953560041703	1.1642588822765452E-4
111.0	25.06089878120935	23.57877778625144	24.606717000215205	26.753024272382547	5.821599414579963E-4
112.0	24.949799859198986	24.269196945223438	23.697862292883183	27.082888640680313	2.522620140754442E-4
113.0	28.974346237313604	22.00140796095586	22.468231619667367	26.55539325110138	6.209309617910133E-4
114.0	26.191979120681875	22.40997006844962	27.68651915958804	23.710910705016566	6.209462638924599E-4
115.0	27.144724044057316	23.748613408620038	26.001644891327718	23.10453249456037	4.8516143455638004E-4
116.0	26.868130780507514	24.337952499554618	24.672173492172725	24.121549161458898	1.940663062467227E-4
117.0	25.50986307782056	26.58299652969015	24.263388793860646	23.643091770114193	6.598285144504385E-4
118.0	25.83005507016366	24.490183258646958	25.29914818525792	24.380031287351677	5.821985797847844E-4
119.0	26.759363141603938	21.618613508060093	25.079322013899034	26.54225497119877	4.4636523816205426E-4
120.0	25.227512093903066	23.61394371180113	24.82683696621043	26.331649007346098	5.8220739275303173E-5
121.0	27.74586161604243	23.667251728014012	24.49403578991821	24.092288058227705	5.628077976438148E-4
122.0	26.49312061699512	24.309863829068753	24.54707857896274	24.64918009243671	7.568825366821181E-4
123.0	24.354713534747884	27.58577927409797	23.27277519029015	24.78613038492358	6.016159404159572E-4
124.0	24.891390032917755	24.989995812019853	22.8361164576752	27.282187189127864	3.105082593256304E-4
125.0	26.541156634998064	23.655410456305788	24.57236129687317	25.23017891894116	8.926928818222113E-4
126.0	23.49322922741253	24.707968647904494	24.895938390326176	26.90255323302717	3.1050132962491246E-4
127.0	26.278813697138258	23.028563067313172	27.186107248218423	23.505681524885027	8.344624451146882E-4
128.0	25.97575918471745	22.81922513692125	25.10728780844881	26.08856808957644	0.009159780336047502
129.0	24.621094802177527	26.54723341957429	22.390745281781268	26.437802105335063	0.0031243911318524107
130.0	26.012960884661013	24.180843018353393	23.597577980041876	26.208559897176126	5.8219767590569095E-5
131.0	25.536034876010188	24.855794319413036	24.629862544909326	24.97780368776081	5.045719066394483E-4
132.0	26.422669088594432	25.550561623312607	21.755975252866335	26.26452574462635	0.006268290600281006
133.0	26.728937647900374	25.645618966334315	25.31658490786464	22.306917846473542	0.0019406314271287078
134.0	26.113120183038475	23.60588897955857	21.038440602249363	29.242472610694904	7.762445869068884E-5
135.0	26.30880242865232	24.104323844113868	26.15153927329053	23.43492693589508	4.075180481981298E-4
136.0	27.815727343753338	26.66265996874077	24.31912980265234	21.196117707651293	0.006365177202263985
137.0	28.18934848775353	21.317637351164255	24.645895319926506	25.846827748362312	2.910927933963077E-4
138.0	24.846931132205086	24.20019187943265	27.28687372361755	23.66499419005844	0.001009074686274799
139.0	25.59629961821766	23.89135833709475	25.34185567874551	25.169360851261686	0.0011255146803984633
140.0	26.788773446869286	20.992268791455306	25.63728134690694	26.581462952685158	2.1346208331231057E-4
141.0	25.72179975167969	25.046623127166935	25.37441136482631	23.85683585282578	3.2990350128526524E-4
142.0	29.099114396801077	22.68242581726902	23.746430467001165	24.471621788148035	4.0753078070283536E-4
143.0	26.698591167731518	25.46893639053513	23.993172120812943	23.839164477485017	1.3584343539509386E-4
144.0	27.167908476716885	25.734674542525248	22.831645178054874	24.265073175389222	6.986273137663348E-4
145.0	28.182144381217118	22.035272193286602	22.919784180549975	26.861887156848685	9.120880976190424E-4
146.0	26.909159077135232	21.66260660452731	25.492384011693293	25.931154050588766	0.004696256055404954
147.0	26.410074494501597	24.338382948467068	26.6161045360375	22.63167332022545	0.0037647007683870703
148.0	24.007927805966307	24.278954287229077	23.812818236825834	27.899911546706175	3.8812327260885984E-4
149.0	27.28746735349974	25.222795747503458	24.336134460304688	23.151196038910708	0.0024063997814057487
150.0	25.32335401274921	24.13289191542677	25.24751159032516	25.296242481498854	0.0
151.0	26.93600609086892	24.046336716135894	25.336240844725733	23.68104760461209	3.687436573664988E-4
152.0	27.74942950887886	24.040587061467093	22.707914368302625	25.501758537182745	3.1052416867828104E-4
153.0	24.02130842071943	23.884326825122557	25.089737695188585	27.004006003279564	6.210556898696307E-4
154.0	23.010671341168507	24.286112428704403	24.746802129920823	27.954123946238052	0.0022901539682157685
155.0	27.390898343111726	23.811438920793393	24.156120129495164	24.641464966953656	7.763964606414548E-5
156.0	25.90600962900908	23.718189603434205	26.119851737173548	24.255502595919356	4.4643446380891673E-4
157.0	24.685498975036545	23.34750482880946	26.452170668983488	25.514476140896612	3.493862738943817E-4
158.0	24.27995872500965	21.86749532395355	25.98969522814215	27.862656615528437	1.941073662192621E-4
159.0	26.709459362403326	21.64355630750333	24.328400681877564	27.317981900196013	6.017480197637343E-4
160.0	25.855385399010327	21.491165068068227	26.262230190410897	26.391122285210255	9.705730030072233E-5
161.0	24.24554948688727	20.27058793612932	29.55120518938108	25.928794507800202	0.0038628798021273793
162.0	25.019164280150036	23.7365503053376	25.36106396744567	25.883143799945294	7.764712139797431E-5
163.0	25.100172828582508	23.92176259918037	26.889704770422185	24.088340389416594	1.9412398349402594E-5
164.0	25.648864386620073	23.61282239386062	24.66813517212943	26.068450317776065	0.0017277296138097234
165.0	26.69148862647163	22.0021455678067	26.651050536158994	24.654791108046386	5.241615162944343E-4
166.0	24.56545934991154	23.186670909291756	25.77513168089687	26.472446848598665	2.912113011728632E-4
167.0	26.261346634965786	24.26798502556767	26.26489958735273	23.205380451306496	3.8830080731620846E-4
168.0	26.384565112799592	24.168433822053245	23.662265637529213	25.78454127027828	1.941573396716644E-4
169.0	26.484977034115637	21.61592995133438	25.832134685553005	26.066744747049075	2.1358194789843128E-4
170.0	30.583524056341005	23.55010223995896	23.729378954626274	22.136781162605516	2.1358646824872106E-4
171.0	26.235238906474777	23.424420308103695	26.440256925886928	23.899404284699916	6.795748346837133E-4
172.0	27.218383209226783	24.693590208242377	24.268226231050367	23.81950916584439	2.911856360843452E-4
173.0	28.937515335422574	19.65393580708582	22.973996558653525	28.433309935490282	0.0012423633477965134
174.0	23.58934598300168	26.142315757432925	24.19468432837009	26.073149207564487	5.047236308109705E-4
175.0	25.50794774318572	24.142005217605362	23.147425889464266	27.20116512800761	0.0014560217370455804
176.0	24.329545319965884	24.30842206362954	28.63808775509293	22.72254699875998	0.0013978625516699508
177.0	21.715648517399636	26.221824748767503	24.841946376421298	27.19627113635318	0.02430922105838698
178.0	25.496793017406006	23.41423466927191	23.52921076154479	27.55923734466967	5.24207107627097E-4
179.0	27.86903198822854	25.08713453494527	22.566048462917678	24.476678235414504	0.0011067784940123283
180.0	27.266338132558953	21.891736418173313	25.393923508130463	25.447748783186576	2.5315795069807333E-4
181.0	27.81963071700984	22.382197165514082	26.084976054153703	23.71257181315412	6.242501682549281E-4
182.0	25.511562538530093	22.69728576489739	25.834981185610857	25.956111984243048	5.85267186175833E-5
183.0	23.49633382538231	24.88571860027088	26.568069572057862	25.04931220449259	5.657977963541551E-4
184.0	25.453112594901896	21.952832311023982	26.988069252848838	25.602044501626388	0.003941339598892601
185.0	24.50694552832839	24.366727797721243	24.90211877633838	26.223661620103012	5.462775089745591E-4
186.0	26.317586591341623	23.18758065592412	25.50198374062421	24.99282950054691	1.9511563137662275E-5
187.0	24.433096920426774	23.425351788779874	28.03246044570048	24.108543306309034	5.475387838342304E-4
188.0	27.118032515660285	28.308978758414387	22.50391274868664	22.068411059306182	6.649179325041808E-4
189.0	24.666011228758325	23.725978712414587	25.127255936247156	26.47969801614317	0.0010561064367535992
190.0	28.827413870058805	21.790637477550924	24.858870549742775	24.52282383297064	2.542696768545355E-4
191.0	26.497705105970248	24.336318292173342	24.306306105109655	24.859200331936357	4.701648103972246E-4
192.0	26.7489855444989	23.286749620313874	24.349341799014777	25.6148054862882	1.175498842525473E-4
193.0	28.07786504038309	24.518149026050175	21.608947747005633	25.794783459263325	2.547272977724882E-4
194.0	28.06980793216732	23.383090231612076	24.307108655544766	24.239993180675835	0.0
195.0	26.476124509964176	21.935416600518444	24.486582004783056	27.10144569632812	4.311884062061339E-4
196.0	27.55020463895463	22.780582154885728	26.336048882238565	23.332967801348694	1.9652257238614168E-4
197.0	24.93166172618342	24.840812656914643	23.704078910927617	26.52293565538994	5.110505843765154E-4
198.0	27.00106597484315	23.663322095927494	24.359799692042962	24.975615308525178	1.969286612139746E-4
199.0	24.98296133144982	23.21320965092293	25.384724549913678	26.41868997360462	4.1449410895313195E-4
200.0	27.423203222390125	24.060144439037824	23.98552648591882	24.531027151657042	9.870099618915454E-5
201.0	24.662989978339443	20.89353555119133	29.134379167959747	25.308838660819976	2.5664168950777704E-4
202.0	24.931993620490246	24.79503317495122	28.484199104199316	21.788754356890056	1.974346915655505E-5
203.0	25.754214790703152	24.845057093167977	22.924697214049317	26.475379176131504	6.51725948053887E-4
204.0	26.240452135055875	23.880110892703645	23.405877882135815	26.47342082975173	1.382603529352278E-4
205.0	27.079045281042074	24.663230693986943	25.444126991401113	22.812846418658232	7.506149116368225E-4
206.0	25.307345918102463	20.903651326797956	25.88408747253494	27.90481650515243	9.877741221355044E-5
207.0	25.413504745894393	24.35411062543692	27.220082331457423	23.011966395613836	3.359015974294439E-4
208.0	28.007412774209207	22.682500137354115	21.478942132218055	27.83110542985513	3.952636349155341E-5
209.0	26.78911142387248	21.131495508887344	25.465616895439307	26.61306455183756	7.116199633120375E-4
210.0	24.77662370784973	24.620196542271614	24.478795241941146	26.123989090430992	3.9541750651697475E-4
211.0	24.910969037773416	25.789956346300237	25.177463671194474	24.12083964300992	7.713017219607597E-4
212.0	28.56830217889772	22.49605639220634	23.960593207259244	24.974632688452214	4.155331844801126E-4
213.0	28.845878170265106	23.63715131340827	22.79781266260689	24.718940054536915	2.177991828174661E-4
214.0	27.139922604742004	25.612448239345078	24.548679588070794	22.6988901183916	5.944945052854525E-5
215.0	25.726815352501347	24.797341841622433	23.218941126392227	26.25658387001752	3.178094664713992E-4
216.0	25.57588075880759	24.975306766709423	26.096588516300343	23.352163681779167	6.027640347577853E-5
217.0	29.037336120006525	22.80926758147652	25.72198878245045	22.430758446224157	6.490698423490486E-4
218.0	24.808776808902223	24.170693325852106	25.666583807553184	25.35361817331927	3.278843732152075E-4
219.0	27.145484277026494	23.012976492725297	24.62073468231541	25.220224750278042	5.797976547599007E-4
220.0	27.99808760468949	22.336810529247284	24.503720095927815	25.161007117157734	3.746529776794244E-4
221.0	25.00970713474928	22.92631399401081	24.604700118161972	27.45909016330408	1.8858977386619304E-4
222.0	25.26408141259044	24.918248162198356	24.14888512135611	25.66842530353321	3.6000032188264074E-4
223.0	30.11222859750929	23.029640223333324	24.20927804449508	22.648166799929996	6.86334732312296E-4
224.0	29.710648995105743	23.607912600672368	24.190725443690194	22.490605347096373	1.076134353221731E-4
225.0	30.822562946231518	20.354186136275025	23.33709790861499	25.48533038748282	8.226213956464711E-4
226.0	24.953032600230546	22.777681942095132	25.503402191088654	26.76564215521128	2.411113743852482E-4
227.0	26.964328724516477	23.831897578430542	25.78206540229156	23.420333234713436	0.00137506004798516
228.0	27.425797627925945	28.13548229114326	23.242513131498924	21.196095339224716	1.1161020715524109E-4
229.0	27.586079392689776	24.985237735032282	22.230268787081805	25.19839153878152	2.2546414612782238E-5
230.0	25.682927128815376	22.98569759206638	27.62355232639857	23.707800209330156	2.274338952011903E-5
231.0	25.261161638851554	24.760194390605932	24.30680542397023	25.67043172389744	0.001406822674844996
232.0	24.679805812181506	25.77026829556815	24.74676952837782	24.802947609648157	2.0875422437367932E-4
233.0	22.95777975511106	25.238723812904567	21.912000310313335	29.891167001468112	3.291202029261137E-4
234.0	26.27200216569012	21.582407785388146	27.06677409025351	25.077405007727943	0.0014109509402792295
235.0	25.310751794001003	21.639398045304585	27.5005282174744	25.549031181307498	2.907619125155558E-4
236.0	28.576386518006398	23.75382732072076	23.621783834792378	24.04770758655652	2.9473992394727494E-4
237.0	28.122925288521554	24.60267411674439	22.62471624904091	24.649584958316932	9.938737621302292E-5
238.0	27.19450253506985	22.52235291982889	24.013127221241863	26.26991651583266	1.0080802673832102E-4
239.0	27.6331507456268	23.368534934878866	24.403170213869597	24.59399425534802	0.0011498502767178572
240.0	25.200202863058436	21.62908247346819	26.74208386735763	26.428445508875527	1.8528724022067182E-4
241.0	28.776279686300033	21.544665462846314	23.510007308783102	26.166848017061955	0.0021995250085993477
242.0	26.492492436682518	24.43497803684288	20.915377130439516	28.156223160013116	9.292360219671396E-4
243.0	27.73702189915333	22.87967870144671	25.398891015834916	23.981802512750818	0.0026058708142202903
244.0	26.416830412030766	23.176963838521754	26.26688815592076	24.138171775681908	0.0011458178448072334
245.0	29.08696443759374	20.876756109710772	23.39819141989609	26.636085855498326	0.0020021773010756765
246.0	24.730827132004737	27.06828458282417	22.834704622452062	25.363429497378192	0.002754165340834646
247.0	25.229945260124946	22.865816157950547	24.614882053483594	27.144782373690557	0.14457415475035298
248.0	26.057476457004526	23.45012189992188	23.214852904566097	27.26628158023504	0.011267158272454909
249.0	25.138356444075967	22.202318776798027	28.384235072393516	24.257900231640956	0.017189475091535972
250.0	26.944725126900064	22.414838217747114	24.230911354446107	26.408339381969125	0.0011859189375891292
