# Position (bp)	A	C	G	T	N
0.0	24.47446637210738	23.838886718426792	24.77237128859975	26.91423964635618	3.597450990126436E-5
1.0	23.165062716612205	29.77684412390164	23.7457036411305	23.236456376840824	0.07593314151483029
2.0	24.942210282312878	26.62936239930173	22.676463433828893	25.750944381644654	0.0010195029118434044
3.0	25.90373244430212	21.699371540326638	24.808252607621576	27.58183485635207	0.006808551397593669
4.0	26.161217454523637	23.792379553974232	23.95046038766405	26.095817624638183	1.2497919989030396E-4
5.0	28.020275983619158	23.641239126721153	22.62216178490282	25.715609839775723	7.132649811501898E-4
6.0	26.179598627985712	23.975460341046094	23.83361435009498	26.005062750523848	0.006263930349365377
7.0	25.286128322775507	25.648823570876495	23.284583933845184	25.77962965560553	8.345168972803804E-4
8.0	27.972213914754384	24.431050795938198	23.43731208419054	24.1593522516549	7.095346197905525E-5
9.0	25.968149352920296	25.79882935104329	22.03433679310183	26.19845430422884	2.301987057520459E-4
10.0	24.814973753160128	24.74183001217706	23.459435383386413	26.98372547340893	3.537786746460267E-5
11.0	27.185031062286075	23.033426991313338	22.922674756574207	26.858712723669143	1.544661572372801E-4
12.0	27.893749490594487	24.30063812730588	20.40441671734598	27.401195664753647	0.0
13.0	25.449535260554235	23.353058693266266	24.575778513775603	26.621493464085695	1.3406831819841677E-4
14.0	26.37060257749913	22.25245890763132	23.206564827254482	28.170340515168103	3.3172446965550414E-5
15.0	25.588627254951835	23.970227613996045	24.340598348095458	26.100546782956663	0.0
16.0	26.278973967192226	24.88475151321513	21.346325849576125	27.489868149869253	8.052014726812855E-5
17.0	27.80840949807472	26.720038372737903	19.63061496928853	25.83949849841684	0.0014386614820047162
18.0	25.115951590054376	26.033781482988854	20.03469768241054	28.815349758031793	2.1948651443500094E-4
19.0	25.436993841314955	24.837215356089605	22.039627641685417	27.685570124314516	5.930365955079974E-4
20.0	23.40554182577906	24.810181704493857	24.114336367944777	27.669862561628918	7.754015339303305E-5
21.0	24.247853515925527	24.291060163102017	23.801738729035236	27.65900907831974	3.385136174796123E-4
22.0	22.969029800275738	26.845348461829015	25.84071131134419	24.344834180201538	7.624634951540108E-5
23.0	25.62723331145744	24.401343051068533	22.835634807604304	27.135454692226574	3.341376431419084E-4
24.0	28.280060420096348	21.898868725948333	24.046785994902187	25.77422466168704	6.019736609434523E-5
25.0	25.108681427407543	25.065381757021626	19.921053000287074	29.904585710840482	2.981044432765375E-4
26.0	26.4007475517857	25.334216807220677	20.201056550139267	28.063949430808897	2.9660045456985666E-5
27.0	25.193582028567103	25.00752899161237	20.0750072552101	29.723778131605442	1.0359300498593134E-4
28.0	27.199199107205313	24.06453971347097	22.713816044606954	26.01943051851106	0.0030146162056986785
29.0	27.317354940712153	24.206479455429484	21.62558788103844	26.85020028276067	3.7744005925228254E-4
30.0	23.76007626282163	24.80890648642308	24.670927569509242	26.759873255045726	2.1642620032495674E-4
31.0	26.471878698023154	25.21206962994113	22.053117337086046	26.262431995843507	5.023391061664996E-4
32.0	24.65470065142447	22.56738564795085	24.30405289687306	28.473647436491945	2.1336725967592072E-4
33.0	24.03183930045166	24.863465556533985	24.67905466638964	26.425471214678737	1.692619459792036E-4
34.0	26.18162083986928	26.27861974819447	22.633195166419213	24.906508298057297	5.594745974055764E-5
35.0	25.3424249708657	22.11028994722593	26.176062017290047	26.37098766389429	2.3540072403723872E-4
36.0	24.159005032860872	24.551650362477496	25.74465297444056	25.544539442108814	1.5218811225450502E-4
37.0	25.54542343878929	25.307630962895633	21.662254189133602	27.484608424544977	8.298463650101366E-5
38.0	26.258324475877597	25.233039694906225	21.497891978539677	27.010716196333117	2.7654343384258345E-5
39.0	23.38354462682849	27.42779695807041	21.506800532728903	27.6816090469909	2.48835381294602E-4
40.0	26.400098414993355	26.852627694145	22.340286426333197	24.406863063553693	1.2440097475074883E-4
41.0	24.552086522136022	24.333293484097045	21.50209968620454	29.607309962332106	0.005210345230288275
42.0	24.080188988869473	26.001819964471306	21.178927934519972	28.73899401705681	6.90950824338881E-5
43.0	25.851915790631434	25.996874225793317	22.272488419975165	25.874590158384812	0.004131405215270392
44.0	28.513300866922254	25.066445618761442	22.463841398128	23.956177252789	2.3486339930231753E-4
45.0	25.468435316641386	24.748571018120234	21.520453295982275	28.258354951087245	0.004185418168858831
46.0	25.514586203962658	24.560400066740407	22.26999698342208	27.655016745874857	0.0
47.0	25.714855901860656	24.967776016904384	22.531942588621995	26.783340066084545	0.002085426528420842
48.0	22.707340084594627	23.95124391763855	22.735130571108993	30.606285426657827	0.0
49.0	22.31841504776971	25.89746456786391	24.70609997335774	27.07589455186475	0.0021258591438861533
50.0	26.971290668010887	24.261327607496774	20.627187251805495	28.14018066972522	1.3802961618656745E-5
51.0	24.831574355221157	27.143527286714097	21.15939500776935	26.862825929413525	0.0026774208818679123
52.0	22.79589908834198	26.474180891252352	21.697276319575163	29.03264370083051	0.0
53.0	22.960081642934814	26.001231464100265	23.04802764991659	27.988582969275	0.0020762737733347044
54.0	23.504001676405824	27.848535523660946	22.35642268856884	26.290957611077697	8.250028668849624E-5
55.0	23.609480978617235	28.009082833044985	22.880750023731803	25.498861696541304	0.0018244680646756096
56.0	26.39033133576158	25.190183534105483	24.770013161699072	23.649458252615744	1.3715818123862616E-5
57.0	22.934224921110857	27.59498274786428	22.78599877310222	26.679636911766902	0.005156646155740863
58.0	25.498219235113073	25.240826990175485	21.612748225131686	27.64790386447647	3.016851032832664E-4
59.0	27.187224569334074	22.6691881284344	24.62708710286566	25.513346543950167	0.003153655415703888
60.0	23.926462007478875	22.811065144313506	23.66906589072254	29.59336588582132	4.107166375559841E-5
61.0	25.13468343250387	23.56371096165374	23.574621158142683	27.720769605534112	0.006214842165595976
62.0	25.353124628711317	21.738545418906718	25.084263710921267	27.823792480216643	2.737612440586966E-4
63.0	26.761276660045684	23.550970810001118	22.310713401908334	27.374397486800007	0.0026416412448618024
64.0	25.490812456402512	21.504160904898797	23.644341745855968	29.36060292341241	8.196943032065621E-5
65.0	24.47145212404754	25.83098407229017	23.696424792842237	25.99602999131057	0.0051090195094876814
66.0	24.466817944138068	23.932816301686547	23.06069421169703	28.5389612341007	7.103083776502016E-4
67.0	27.103091727392552	24.599017913852332	20.89268762421204	27.404219282489773	9.834520532976377E-4
68.0	24.38494611701161	22.296593613915594	26.303210825412727	27.015003592836617	2.458508234568456E-4
69.0	23.563911631046317	24.771856849921427	24.829833303696372	26.83129794324945	0.0031002720864339466
70.0	26.453101324653733	23.31112170884994	24.38643318557395	25.8489893110988	3.544698235749154E-4
71.0	24.862589078624435	22.708071770647877	25.858885398591276	26.569406708179464	0.0010470439569450086
72.0	27.37381449993229	25.651124304634433	22.088437937959984	24.88478780235384	0.0018354551194514192
73.0	25.412893935404306	22.955302794776696	22.510575111807242	29.116986830269543	0.0042413277422120995
74.0	24.675589451845667	25.63885826189451	23.725654257840873	25.958851455090315	0.001046573328635986
75.0	25.283575797055967	24.77809401346855	22.600086195027735	27.33574322416973	0.002500770278019058
76.0	26.560561648348425	24.23216132087062	24.949470349233547	24.25681457167491	9.921098724989317E-4
77.0	24.483611492000417	24.644554400279404	23.61109789889529	27.26001595431684	7.202545080457865E-4
78.0	27.107316815973725	26.337988205820338	20.40545821893646	26.14858448645202	6.522728174543857E-4
79.0	27.31211386862028	20.932373521208365	22.344480079269292	29.407988729237267	0.00304380166479645
80.0	24.056542308969018	23.182602123984854	28.15015699780574	24.608035401649833	0.0026631675905548317
81.0	25.17205050836625	25.345378182316203	21.749396199590002	27.732713156218548	4.619535089988543E-4
82.0	23.05928706078155	22.057666898765348	23.814574665013673	31.067180680332186	0.0012906951072465737
83.0	25.765655293822437	22.395020813857773	23.894833128439455	27.943607698213256	8.830656670725599E-4
84.0	23.994795422982598	25.717174601522874	24.563098500206422	25.723858282595547	0.0010731926925630327
85.0	25.4577096931369	26.803043324766158	21.185639360500268	26.55302352666468	5.840949319984455E-4
86.0	25.851535762702355	24.670268646247784	22.90742747675938	26.568798656639725	0.001969457650752136
87.0	22.78972065363846	21.78779932998812	25.82567549526677	29.596084720771117	7.198003355356054E-4
88.0	24.15708524786298	27.29864082258175	25.781946305124702	22.761716514036188	6.11110394376698E-4
89.0	26.31463165436286	26.034489407825735	22.76848979565232	24.881357110615856	0.001032031543229357
90.0	23.991260825523387	25.62633918751205	24.997528698330107	25.384667609925398	2.0367870905718482E-4
91.0	26.809724022398857	25.47392280643442	23.688482499295997	24.027218942302653	6.517295680743754E-4
92.0	25.705790852738208	23.814096632919515	22.803772907086195	27.676339607256082	0.0
93.0	26.360339902882952	26.311926645361755	20.958012292297145	26.369490361539512	2.3079791863721706E-4
94.0	28.002787399304317	23.717968733666524	23.212389455018094	25.06204855114155	0.004805860869513275
95.0	24.15169259653193	26.16620589994088	23.750055149466935	25.929548507434824	0.002497846625429572
96.0	26.53842300833109	24.03711376702862	23.73599505461077	25.68720576006446	0.001262409965057035
97.0	25.623124261360573	25.27963953785248	23.28039448214717	25.816651693107133	1.900255326449613E-4
98.0	28.340783937369054	22.64884547872048	23.992247951541962	25.018122632368506	0.0
99.0	22.405984714161995	22.52791154069642	26.304820594546964	28.761269580552717	1.3570041907003418E-5
100.0	22.77308735050111	24.791237540063126	24.442644261169505	27.993030848266258	0.0
101.0	23.933020751203866	21.762597956669698	28.40618255377076	25.898076625361266	1.2211299441007418E-4
102.0	25.49585456479545	23.92382521127439	24.75306150277708	25.82723158468173	2.7136471349652755E-5
103.0	25.598341179989703	25.535911594715056	25.52450279827525	23.34113590101343	1.0852600656175366E-4
104.0	26.339002966285115	26.583880539029092	22.386316482151624	24.690325233282785	4.747792513870676E-4
105.0	27.50820453572156	23.562173173389482	20.39030434340857	28.535777445974457	0.0035405015059340023
106.0	25.670089220434182	23.381331559432766	25.192218530514733	25.7562386073506	1.2208226771339098E-4
107.0	26.04266844775148	23.79721839331789	23.17544381756215	26.983896175487494	7.731658809764028E-4
108.0	24.269949426558117	24.60998533558695	23.99777694387556	27.122139113785565	1.4918019380677069E-4
109.0	26.25293031570931	24.175579201782543	25.153092384813235	24.41766585776755	7.322399273617992E-4
110.0	24.179869084945093	24.00697801431941	23.39124933357414	28.421808654017727	9.491314362636546E-5
111.0	24.675423813729005	24.20627253403384	24.779095114689937	26.338557710651312	6.508268959095937E-4
112.0	26.24659905658267	23.808658011827493	23.68615829079061	26.258449057267363	1.3558353186151985E-4
113.0	27.997508623422245	21.472640005032645	22.744969320112876	27.784041469434946	8.405819972824798E-4
114.0	26.580720633677995	22.514206192111402	26.685120604337538	24.21941023236315	5.42337509919692E-4
115.0	27.156288902800846	23.225239055825593	26.350900500898245	23.266934248105514	6.372923698069316E-4
116.0	27.177840524191687	24.512624521831285	24.50539741494658	23.80400194603073	1.355929997130852E-4
117.0	26.323935033685324	26.46322953341699	24.426422049995242	22.785748978104746	6.644047977077221E-4
118.0	26.79002537871808	24.655430716180998	24.89051978711544	23.663535987488675	4.8813049680701635E-4
119.0	26.80378220971863	21.41819847407738	24.745082948381466	27.03242110995223	5.152578702927804E-4
120.0	25.486933589912596	23.6308062707704	24.672761780067443	26.209430562446347	6.779680321801594E-5
121.0	27.68287594826311	23.404381681672685	23.965444558057563	24.946687636806363	6.101752002832298E-4
122.0	26.318845343200266	23.779121608648538	24.751984288406028	25.149479263277673	5.694964674947688E-4
123.0	24.459992195239423	28.026534558845263	23.46023436519066	24.052493116597105	7.457641275522421E-4
124.0	25.273126480411083	24.552549585000154	22.838082874681884	27.336078349432402	1.62710474473235E-4
125.0	27.25742520423744	23.54117229597849	23.97450779424923	25.225999804477677	8.949010571628898E-4
126.0	24.312088133205894	23.926439595672417	24.677723407206592	27.08355903621221	1.89827702885476E-4
127.0	25.490302954373256	23.09203393626997	27.52039392366563	23.896225151303632	0.0010440343875097692
128.0	26.70112749076695	23.604466790994284	24.53446972788848	25.15026837463923	0.009667615711055169
129.0	24.30981311230685	26.791208746509458	22.009373197103567	26.8866355673035	0.002969376776626259
130.0	25.6217110084634	24.61178188275228	23.52943409718907	26.23705945258761	1.3559007648771805E-5
131.0	25.96815347596962	24.799345692179735	24.240399006280843	24.991383193389886	7.186321799151255E-4
132.0	26.093347590311293	24.710912472803766	22.780715439596634	26.408502553591802	0.00652194369650752
133.0	26.675008233772147	25.42824767566273	25.091344363130435	22.803637042578195	0.0017626848564896566
134.0	27.175128940169973	22.94702490506603	20.930679692794403	28.947085107427316	8.13545422817183E-5
135.0	26.369392534515825	23.29846587901455	26.147268780860315	24.18433044508274	5.42360526566988E-4
136.0	27.93191251411348	26.468069804628886	24.334264717985974	21.259014017684784	0.006738945586878771
137.0	28.973240363238556	21.69222512633241	23.922249093829034	25.412163382503135	1.2203409686903899E-4
138.0	24.952989889148473	24.289784301924428	26.485324940909422	24.27054503527267	0.001355832745014908
139.0	25.509331921821634	23.834974071065133	25.54866461375595	25.10601251921214	0.0010168741451478018
140.0	26.983609829167253	21.743042319197105	25.374855027131655	25.898235215479104	2.5760902488476065E-4
141.0	26.019395071087192	25.24381458905366	25.203125154653073	23.53333977819987	3.254070062026643E-4
142.0	29.01085279810417	22.71479809792995	23.399987498869542	24.87403619606057	3.254090357682833E-4
143.0	26.706445978622327	25.400109391300056	23.84061899096966	24.05266293514159	1.6270396637017484E-4
144.0	28.078346648544855	25.35367499566796	22.71100707580491	23.85610351561176	8.677643705169463E-4
145.0	28.837357065879726	22.55110320219073	22.282685629273516	26.327674453795456	0.0011796488605676741
146.0	28.164512422553113	21.64412626673649	24.27358497985235	25.912583148543728	0.005193182314326105
147.0	25.86183308400416	24.307065794021334	26.47193816292962	23.3559223351258	0.003240623919085824
148.0	25.000915262428116	24.264461214161372	23.570190594248032	27.163822754210408	6.101749520741474E-4
149.0	27.909240891200177	24.623194142120642	23.699713850604333	23.765952764400048	0.0018983516748004256
150.0	25.536335689536106	24.055425027041707	25.116279006698424	25.291960276723763	0.0
151.0	26.397386032506176	23.921664505853045	25.741833012703037	23.938587602177602	5.288467601423655E-4
152.0	27.709564614603536	24.117518474643198	22.79192485604315	25.380802209580345	1.898451297672824E-4
153.0	25.407208571798577	22.97639880587138	24.728931040631696	26.88677000141706	6.915802812833289E-4
154.0	23.177562894983645	24.9396150660478	24.82105556064828	27.058783166964	0.0029833113562730087
155.0	27.757953013862895	23.95540024851176	23.753867569431804	24.53268423355332	9.493464021263189E-5
156.0	26.16288050833585	23.06512076597572	25.632188600282124	25.139457506198298	3.526192080091214E-4
157.0	25.172740177913532	22.93945620698957	26.509132814266284	25.378372429274755	2.9837155585983426E-4
158.0	25.09917380143431	21.2865923150798	25.77158499190375	27.84256751542451	8.137615762670234E-5
159.0	26.86605464669423	21.749820492768034	24.289017087026895	27.094633066059476	4.747074513607964E-4
160.0	26.624798908760017	21.430653378176856	25.914779495766727	26.02968683815873	8.137913767139294E-5
161.0	24.721509767672753	20.58608749198065	28.76977372202382	25.918682072865224	0.003946945457554061
162.0	25.39854066001795	23.81014257021358	24.643710102530324	26.14751172170433	9.494553381634386E-5
163.0	25.47365491228432	23.95553123680901	27.052274031883	23.5184991270209	4.069200277356691E-5
164.0	25.683344810976976	23.882198005155242	24.419886160403337	26.012604202513106	0.0019668209513363736
165.0	26.62307459101061	22.37482086261307	25.857163494699975	25.1443442096489	5.968420274452381E-4
166.0	25.206447219561955	23.55562910852892	25.411483668979063	25.826222961369318	2.1704156074586333E-4
167.0	26.527331625898032	22.9843400690209	26.653788552948583	23.83421418184186	3.255702906257461E-4
168.0	25.849999972868154	23.48133573323537	23.98183685839294	26.68667821036187	1.4922514166892313E-4
169.0	27.27708946050418	22.344213565313748	25.032664301333963	25.34578847913032	2.441937177910182E-4
170.0	30.767238605228897	23.118417275478524	22.90031132023766	23.213829304041628	2.0349501328686774E-4
171.0	25.50775760474805	23.81284235051076	26.41918645641471	24.25961667731384	5.96911012641897E-4
172.0	27.517939459106387	24.32732792522906	23.851790528095794	24.302643706907727	2.9838066102709135E-4
173.0	28.35136421864002	20.53829999778973	23.107258760775583	28.001354909737547	0.001722113057128999
174.0	24.477620156685816	25.811357369303177	23.518316463373377	26.192055175623086	6.508350145441287E-4
175.0	25.50685022517713	24.222713501339946	23.106068155825422	27.162483449836987	0.0018846678205172531
176.0	24.510256017743714	24.07448661608023	27.936711406056297	23.476973128028124	0.0015728320916321128
177.0	23.258731024876354	25.22388286383474	24.3010135615248	27.190512790749395	0.025859759014709282
178.0	24.398537316517103	23.18926613349156	24.269532842174403	28.142229805864133	4.3390195280285744E-4
179.0	28.317033239661075	23.888879923811	23.21577132885824	24.576945884846182	0.001369622823503216
180.0	26.264422586719053	22.184905480820866	25.612991373977827	25.937395063658546	2.8549482370694636E-4
181.0	27.49944880745629	22.25206855514288	25.806828087437456	24.440987263128495	6.672868348801451E-4
182.0	25.49766373625446	23.47910680414943	25.174578062447345	25.848569692940604	8.1704208161624E-5
183.0	24.21665798768092	24.778004980793657	25.22838169961413	25.776505949281315	4.493826299723507E-4
184.0	26.006346641797958	22.07538890952808	26.21241775948456	25.701829310143843	0.00401737904556879
185.0	24.90759083412182	23.846718495953088	24.89534994708097	26.34986415883252	4.7656401160147424E-4
186.0	27.17075525459179	23.4087596160851	25.031676315375588	24.38880881394752	0.0
187.0	25.27161016423137	22.812088915129504	27.33558958377868	24.58015202611681	5.593107436363738E-4
188.0	27.961143353560995	27.24626771398317	22.019334738110395	22.772763077154785	4.911171906568774E-4
189.0	25.566191252643915	23.23291358073198	25.01527960587348	26.184646942878288	9.686178723367101E-4
190.0	28.507515183035494	22.043704657931812	25.225572824133284	24.22300268419859	2.0465070081950325E-4
191.0	26.496895925619718	23.846726754693208	24.107789541338633	25.54823253511545	3.5524323299214954E-4
192.0	26.78311841363644	23.24716732992878	24.162093289381545	25.807552648209192	6.831884404515875E-5
193.0	27.454049705562543	23.958598239128335	22.458814081124615	26.128346661240663	1.9131294383748895E-4
194.0	27.556443625248438	23.202383138847164	24.220237821929818	25.02093541397458	0.0
195.0	26.558857838725487	21.846321850627096	24.599547197455667	26.99464441059473	6.287025970200863E-4
196.0	28.573150835216715	22.47379668609439	25.7801947923401	23.172706988267333	1.506980814627249E-4
197.0	24.851514179936807	23.89315926635372	24.196392604345647	27.058262563815884	6.713855479465194E-4
198.0	27.48680820894529	23.315211789849748	23.749835141210387	25.44800762062757	1.372393670026332E-4
199.0	25.96355718387845	23.441207585819857	25.246640082807204	25.348127589873858	4.6755762063227263E-4
200.0	27.53775766303456	23.91311553170307	23.491312887205407	25.057758906300265	5.501175670005376E-5
201.0	25.175521227247778	21.291560058332173	28.445421140228145	25.087222500276106	2.7507391579959927E-4
202.0	25.028100937798303	25.015309027787332	27.833394312689297	22.123195721725065	0.0
203.0	26.20299480410047	24.15447956107982	22.457728449923454	27.18410920497866	6.879799175910136E-4
204.0	25.33607470904763	23.91997094776584	24.344924549096582	26.398919706048417	1.1008804153511719E-4
205.0	27.20675409053684	24.387934971965525	24.960941096297038	23.443516621072142	8.532201284536666E-4
206.0	25.640188573868144	21.373026295688383	25.817840197767488	27.168834829407373	1.1010326860820935E-4
207.0	26.477895421034585	23.34271233908898	26.439078147568136	23.7400112625153	3.02829793000695E-4
208.0	28.147717900134133	22.428016200596858	21.76470256204738	27.659563337221627	0.0
209.0	27.368979498094497	20.736530865764827	25.257819399606916	26.63611947277589	5.507637578721352E-4
210.0	25.265756040836457	24.05562633263618	24.091473152824925	26.586772647292488	3.718264099485324E-4
211.0	25.461292326510037	25.20226779046079	25.313260596176544	24.022435478028026	7.43808824602992E-4
212.0	27.940946891747682	22.511954816614733	24.670042927798487	24.87669711548067	3.582483584302384E-4
213.0	29.85323788134523	23.058059702891626	22.254110315310275	24.834219901662323	3.721987905469227E-4
214.0	27.626618813199062	24.514359488600547	24.2546735062918	23.604306812084562	4.13798240254017E-5
215.0	26.084425426777713	24.244322395164282	23.33542729198613	26.335493096848722	3.3178922315424273E-4
216.0	25.835053026310533	24.332126545943243	25.80997329762963	24.02279127325984	5.585685675034303E-5
217.0	28.947116510802385	23.20428074940988	25.07634140133701	22.771641935600123	6.194028506045371E-4
218.0	24.525192887949697	24.370238125315637	25.18296641639043	25.921304498528237	2.980718160039584E-4
219.0	26.33421789557431	23.310501393858544	23.79726360393912	26.557387049344367	6.30057283662672E-4
220.0	27.531819495633492	21.713816513207373	24.72232807550111	26.03160451361577	4.31402042257268E-4
221.0	25.695324728031572	22.479597121119273	24.266030440548185	27.55883060450648	2.1710579449576024E-4
222.0	25.362999267632098	24.205977633814005	24.122511915387943	26.308248528807272	2.6265435868341876E-4
223.0	31.218526677073623	22.30425037115524	23.589894073038394	22.886679735108093	6.491436246498128E-4
224.0	30.372756850279494	23.034285139026387	23.66640939791277	22.926430350952327	1.1826182902857813E-4
225.0	30.297189728850533	20.091341501411442	23.775668624515202	25.834819512277747	9.806329450769776E-4
226.0	25.744836061585847	22.312136193788916	25.623294529339653	26.319477939025614	2.5527625996853793E-4
227.0	26.87239209916865	23.589608131785997	25.35297114673228	24.183634407878646	0.0013942144344232757
228.0	27.454379924533423	27.56737124765832	23.04296912519326	21.93514270653415	1.369960808465627E-4
229.0	27.38104697255238	25.40169473378396	22.405569717025905	24.811688576637756	0.0
230.0	26.136125139447756	22.881929101689643	26.423503905155883	24.558441853706718	0.0
231.0	24.82542786123798	24.835607587351745	24.60452311345125	25.733034102551596	0.0014073354074329828
232.0	25.592089907984356	24.973387054312727	23.988193329514083	25.446109669069024	2.2003911981208657E-4
233.0	23.59373444449286	24.891960293678434	22.23499618159513	29.278895591992704	4.134882408715314E-4
234.0	27.182676208216144	21.28395838953859	26.344294010106704	25.187539437746935	0.0015319543916214027
235.0	25.480991544525043	21.96722697538571	27.594460385047864	24.95715787138727	1.632236541107959E-4
236.0	28.31272044609678	24.130356332392466	23.750159463283403	23.806432835719644	3.309225077109081E-4
237.0	27.737106117055244	24.439420892836125	22.186152082830723	25.637204037354966	1.1686992294098153E-4
238.0	26.30551172803149	22.554234132948938	24.584079564846597	26.556174574172974	0.0
239.0	28.074454540742728	23.13512555599631	24.384279470006774	24.404806196060683	0.001334237193503907
240.0	25.390486085876805	22.186292094200923	26.15554522490948	26.267482748545532	1.9384646725386875E-4
241.0	29.57229801148044	21.710807954078238	23.4652189947821	25.24923990167689	0.0024351379823293684
242.0	27.585583234681366	23.915800721609095	20.693328863939488	27.804014251143162	0.0012729286268918902
243.0	27.84010687584836	23.134952888620415	24.882042297469578	24.1403308498673	0.0025670881943508834
244.0	26.61923651543272	22.39897496655282	25.821986307457873	25.15854256338908	0.0012596471675059289
245.0	28.790581120092533	20.866288973907402	23.77221843723263	26.569044167716356	0.0018673010510770857
246.0	24.17755423118689	26.502223827805473	23.702042700914042	25.615329092313438	0.0028501477801624016
247.0	25.49604005127254	23.173371123121033	25.030777982795744	26.162793707279203	0.1370171355314742
248.0	26.295165641751222	22.321832861170567	24.414740341451054	26.958182949462085	0.010078206165074583
249.0	25.635869386868	21.561574744297452	28.431279195064864	24.355370636666482	0.015906037103207586
250.0	27.47752766586038	22.1414220557738	23.799307050616214	26.580772811081438	9.704166681642233E-4
