# Position (bp)	A	C	G	T	N
0.0	24.4990260570724	23.667665750657495	25.711830947118507	26.121477245151603	0.0
1.0	22.931200644409603	32.28442419622063	22.835873006325098	21.86899707217309	0.07950508087157444
2.0	25.131597676097993	25.723542370468845	21.16375308345336	27.979931599243123	0.0011752707366727562
3.0	26.505366943386772	21.095232254377198	25.144123242662047	27.246273934636296	0.009003624937692306
4.0	26.573975546653312	21.8892140293774	22.634472542146554	28.90220747788349	1.3040393924219662E-4
5.0	28.947529581307712	23.008074677410317	22.646883685294757	25.396469657741566	0.0010423982456437525
6.0	26.212025246488814	23.691408104315393	22.78608763959896	27.305016653682735	0.005462355914105754
7.0	25.877156548691403	26.40905763429918	22.704700146928264	25.007917512499283	0.0011681575818618874
8.0	28.324102058552658	23.133747551658388	23.634960372537066	24.90719001725189	0.0
9.0	26.702464681692174	25.52749466069717	22.60578675645923	25.16399518266172	2.5871848970494447E-4
10.0	23.801786429854836	24.653507581339433	23.258360155633977	28.286345833171755	0.0
11.0	28.10901420122801	24.023304579299605	22.38972388593815	25.477831770068182	1.2556346605391695E-4
12.0	29.477204435093263	25.640614298671572	18.11243220563827	26.76962565789068	1.2340270622134743E-4
13.0	26.654288708003065	23.071148603416997	24.564992772112966	25.709448643194627	1.2127327234096223E-4
14.0	28.17545893441531	21.801559842983647	21.3146939417177	28.708167274499	1.2000638433964688E-4
15.0	24.59556974429571	23.878917678283436	23.72531564568344	27.800196931737414	0.0
16.0	26.013504487750595	26.052881929239085	21.852737661444607	26.08087592156571	0.0
17.0	28.536501794076436	27.143647114833332	17.503355765414184	26.8154775703693	0.0010177553067457954
18.0	26.94257475402935	25.04937326185966	19.314349817957087	28.69325433611436	4.4783003954339246E-4
19.0	25.647126380499184	24.224672486167186	21.509635116427106	28.618120874082447	4.451428240751045E-4
20.0	23.733858038828796	26.709109967936296	23.61890437264367	25.93779729396427	3.303266269687467E-4
21.0	23.613653011468617	24.415690904916527	22.812817737544687	29.157729017022533	1.0932904763466605E-4
22.0	22.068498734448198	26.982796928942047	25.832717946832766	25.115878269161946	1.0812061503330657E-4
23.0	25.452108045813905	24.220327285158643	22.829978133687668	27.497371527352243	2.1500798754673736E-4
24.0	27.353639618265046	21.426327997504334	24.02746505325572	27.19235511452261	2.1221645229268046E-4
25.0	26.503888458526774	25.561098433190736	18.522039839534916	29.41276362008728	2.0964866029264854E-4
26.0	27.38538711830469	24.68150342065743	19.529763891206407	28.40334556983147	0.0
27.0	25.77436352508544	23.433997907251985	20.774628495663315	30.01680225193818	2.0782006107831596E-4
28.0	27.575415928097968	23.42437824547822	22.50471301550047	26.492625577158798	0.0028672337645448114
29.0	29.579123541870988	23.08128958752713	22.42869826160822	24.910484590218907	4.040187747524627E-4
30.0	25.53100704537123	23.410985330323143	25.18394689028091	25.873760249041954	3.004849827621782E-4
31.0	26.374655438585293	23.752398466577045	22.396292499232093	27.475955497225556	6.98098380012845E-4
32.0	23.919254169209868	23.666148181692886	23.202760440252813	29.211443422788395	3.937860560357558E-4
33.0	25.095202309160324	24.317348159972934	25.519274275009018	25.067980816625337	1.9443923239279836E-4
34.0	26.66409700566871	25.67265223792356	23.584657771389047	24.07859298501868	0.0
35.0	26.153721628917907	22.02400620866642	25.21166124678021	26.610420465745204	1.9044989025325074E-4
36.0	24.61336957958846	23.60359811932919	25.29736228594909	26.485479779364557	1.9023576869993825E-4
37.0	24.765079549203747	26.23274405532171	20.371118690093265	28.63105770538128	0.0
38.0	27.193226764053634	26.639246480352618	18.83799118460338	27.329535570990366	0.0
39.0	23.73914002079338	26.291745940634332	22.037276029262788	27.931742975582036	9.503372746987905E-5
40.0	26.218440923918052	25.899085070660217	22.602526911502988	25.279947093918747	0.0
41.0	25.55314978770867	22.809751055281254	21.140302290694237	30.49185654445387	0.004940321861969308
42.0	25.051320852937852	25.053505729601568	20.681852509425845	29.21332090803474	0.0
43.0	27.287251422883152	24.24258542998047	23.527629389281074	24.938829322411266	0.0037044354440383285
44.0	31.33209680620809	23.052398549217486	22.573363002386632	23.042046670826412	9.497136138597405E-5
45.0	24.236890758935818	23.194437718226215	21.428401860044648	31.136756202918452	0.0035134598748638533
46.0	24.558505027141532	24.081000168061962	21.1226349077036	30.237859897092907	0.0
47.0	25.743258574709415	22.66370201870121	22.951938714574467	28.639391778798274	0.0017089132166398778
48.0	21.974067640553958	23.15697050811098	23.09536691630834	31.773594935026722	0.0
49.0	21.53781613101012	26.671747668465585	22.31809475720341	29.47082283755284	0.0015186057680443585
50.0	28.516165892704443	24.703108851071825	18.326723098050714	28.454002158173015	0.0
51.0	25.894838929467173	25.83590894986017	20.62255110823473	27.644423525303356	0.002277487134570072
52.0	23.194991139988186	25.553030124040166	21.05705847607797	30.19492025989368	0.0
53.0	23.35266850874042	23.43176266849931	23.783679829858	29.430474913764744	0.0014140791375248523
54.0	22.43236619346568	29.84993307316705	21.806553173840094	25.911053296382182	9.426314499556963E-5
55.0	24.24394844388557	27.589090073055033	21.01967371567188	27.14606783748657	0.0012199299009510761
56.0	27.140838621787054	25.636678538322684	24.30477630872811	22.917706531162157	0.0
57.0	23.17146274537395	28.4086399774854	22.04713994230634	26.36769154998945	0.005065784844860339
58.0	25.64249027354141	24.584679280110752	21.349248333277057	28.423113142068203	4.689710025849682E-4
59.0	28.665321775144264	21.32909795668399	24.311962313025848	25.690898160574793	0.0027197945711024637
60.0	23.205542794264616	22.161828127381057	24.7353083885154	29.89732068983893	0.0
61.0	24.58644311162297	24.470527528081483	21.768292226925322	29.168006551100078	0.006730582270150616
62.0	26.067908302759797	21.67046012198257	23.990185310681653	28.27107237164957	3.738929264131984E-4
63.0	27.487566490418182	23.460427277171224	21.756234980946658	27.29352803229488	0.0022432191690555394
64.0	25.577851628863524	21.216860153199608	23.165106852254777	30.040181365682095	0.0
65.0	23.69255814733203	26.54697887194083	21.99540297539996	27.76031024328095	0.004749762046234742
66.0	24.165683382955404	25.20779338097176	21.96207241127863	28.663798923991163	6.519008030486606E-4
67.0	27.130737640036134	25.907452762541556	20.762131808573052	26.199305290409097	3.7249844016278184E-4
68.0	23.03813569580837	22.983847688150316	25.054707040307218	28.923216457367616	9.311836648036785E-5
69.0	23.380237887283815	23.29252463327107	25.89058749257417	27.433856571138055	0.002793415732889863
70.0	24.303233930640992	23.060886006359397	24.845379780690024	27.790221687319843	2.785949897477044E-4
71.0	24.530508949088457	22.22040508588741	26.120749633415848	27.12759715750599	7.391741022961519E-4
72.0	26.868465152716116	25.668704605964532	22.654291220232324	24.80687615130637	0.001662869780667476
73.0	24.687566105552726	22.635372625165235	23.039973248324095	29.63283879066906	0.004249230288882998
74.0	24.120846233992715	27.172668090357572	22.138917009657945	26.56701446105417	5.542049375965241E-4
75.0	25.794250785314688	24.218541462121554	20.995356922176033	28.989911211642884	0.0019396187448450014
76.0	27.271224369731602	24.252715069826635	25.100646223099822	23.374675480003287	7.388573386543376E-4
77.0	24.613412534816884	25.339487702344275	23.438596685654336	26.607764257375273	7.388198092367252E-4
78.0	27.59940306446608	25.710523205130098	19.711524254199976	26.97781069460246	7.387816013829992E-4
79.0	28.108937716895653	18.71254250185152	23.136982936464694	30.039135871100957	0.0024009736871752913
80.0	23.766478655777547	22.966047228039848	28.974454158956004	24.29061903231645	0.0024009249101500023
81.0	26.534888252138412	23.914771882551857	22.19111317547134	27.358857321209424	3.6936862896828877E-4
82.0	22.70869576458682	21.69425761151802	24.153803819886903	31.442042394761042	0.0012004092472141271
83.0	25.28813640703457	22.302431961765254	24.129773572152754	28.278642356282674	0.0010157027647429255
84.0	24.35465001934411	25.701073944360985	23.527885527189323	26.415374827911286	0.001015681194293349
85.0	24.767161535925958	28.473279552964918	20.274558721828324	26.484353864606057	6.463246747371074E-4
86.0	28.454210384420787	24.06323055275491	21.478666474622468	26.001769022531956	0.002123565669883407
87.0	20.870702851624316	21.236227058947357	26.758329317091096	31.134186807890668	5.539644465618197E-4
88.0	26.08668356206752	25.63503164425487	25.39895765532459	22.87849621699973	8.309213532939107E-4
89.0	27.263595977798865	25.296716728767304	22.41263751075529	25.026495862214134	5.539204644069174E-4
90.0	22.014204380222434	26.399319785041737	23.82229476535446	27.763811788730848	3.6928065052479396E-4
91.0	27.314303650228023	24.35654806964421	23.39432432931445	24.934177729362457	6.462214508594745E-4
92.0	26.38580787981341	23.45185640605253	22.327922758294722	27.834412955839333	0.0
93.0	26.695966273143597	26.30742801334083	20.994174233885445	26.002246857031032	1.8462259909848784E-4
94.0	27.799650508129425	22.087590823115207	23.154713386203287	26.95379894709343	0.0042463354586550015
95.0	24.211255059607602	26.723312733365024	23.944301624151347	25.119007509219216	0.0021230736568097586
96.0	26.078095651250905	23.0636459713037	24.3529026273404	26.503878938356955	0.0014768117480374557
97.0	26.590292627687173	24.926928447560606	23.17394951856299	25.30873711499575	9.229119348202675E-5
98.0	29.22131075679931	22.718006502381407	23.294416866693798	24.766265874125487	0.0
99.0	20.722418727201273	21.664258788754378	27.47296442060553	30.14035806343882	0.0
100.0	22.829607503258735	24.33346955606457	24.861509452412296	27.975413488264394	0.0
101.0	24.458563591970165	22.10676621403607	27.319351318642905	26.115318875350862	0.0
102.0	24.409728468176766	25.302596318384552	24.037877005816235	26.249798207622447	0.0
103.0	26.953041405621605	25.799185318013766	24.62743426829898	22.620339008065645	0.0
104.0	24.994419467847834	26.6367562442004	23.310943561910697	25.05788072604107	0.0
105.0	28.456280498491793	23.091774516405767	19.918363205328067	28.530445450939514	0.003136328834853838
106.0	27.424502664937396	21.895564710288372	23.976688024293455	26.70315235619577	9.224428500532249E-5
107.0	25.963305291122424	24.32680245000369	22.05953435170836	27.64961995424692	7.379529186037931E-4
108.0	24.353314688823623	24.273067046444012	24.103901326761022	27.269532460632533	1.8447733880370135E-4
109.0	26.815437374443583	24.374039591430897	25.90967870470976	22.90001420436203	8.301250537275382E-4
110.0	25.28290366287494	24.351067097213345	21.957050478554294	28.40888652770745	9.223364997145369E-5
111.0	25.73873598829718	23.10772258926768	23.656430694818127	27.496557315508547	5.534121084724627E-4
112.0	25.479938240291016	23.912610380722413	24.280161814864755	26.327289564121813	0.0
113.0	30.812679913263473	20.870076913640712	21.835302060591975	26.480926542354155	0.0010145701496859906
114.0	27.215456078276556	21.186987850456944	28.678252945148113	22.919118650821467	1.8447529691299037E-4
115.0	27.391964489967602	23.737279630435907	25.986635771265803	22.883658891160128	4.612171705617994E-4
116.0	25.463298630905268	24.94802015360575	25.02965664705546	24.558840079182787	1.8448925073380598E-4
117.0	26.656384361425488	26.782576289385396	22.753290168560312	23.807195707260558	5.534733682452035E-4
118.0	28.204719005352192	22.77208816632566	25.383518350765005	23.639489982860443	1.8449469669994337E-4
119.0	27.311052666051054	20.58958376190823	24.728994602493128	27.370184470936394	1.8449861118670428E-4
120.0	24.60718156869076	23.25813519060907	25.734461843592165	26.400221397107998	0.0
121.0	28.38087910790326	23.33635914126095	22.93894510003616	25.34344764983284	3.6900096678253296E-4
122.0	27.558369411098326	22.379776402420294	23.765014976923453	26.29674695872052	9.225083740697656E-5
123.0	25.90790632884535	26.065470177720584	22.312719959778786	25.713073279182293	8.302544729959732E-4
124.0	26.382583812037417	24.312017586667196	22.443941575807447	26.861272524153527	1.8450133440590108E-4
125.0	28.29614473480292	22.55319070426485	23.546618894046624	25.603215426964717	8.302399208873605E-4
126.0	25.18318372061058	24.798781573419703	24.51917444403752	25.498675763661403	1.84498270789957E-4
127.0	27.119044324523777	22.288916562889167	27.57022277570223	23.02070937687376	0.0011069600110696002
128.0	26.642712840050553	22.452238406686163	25.05779360349806	25.83710782911912	0.01014732064610758
129.0	23.638503802484806	26.63528986336146	22.877637846992883	26.84533978827115	0.0032286988896965763
130.0	27.621443502871767	23.035566355043624	24.459825719878744	24.883072171453556	9.225075230488505E-5
131.0	24.5541690075619	24.080454839403057	25.63960637904329	25.725308513847487	4.612601442637228E-4
132.0	26.08546844542191	27.44628816609916	20.546800260890663	25.91480093249039	0.006642195097875512
133.0	28.31197704775874	22.852517089641047	24.243766086403014	24.58971023717931	0.002029539017887619
134.0	25.833859165531976	23.346211609636935	20.725998988926158	30.093837984642008	9.225126291978937E-5
135.0	26.727994966798956	22.47874081413134	27.18703471026806	23.605952756544728	2.7675225691465514E-4
136.0	27.49409818734323	26.915771285501975	23.57800678789176	22.005389353582	0.006734385681035508
137.0	29.36720701705185	20.73611515994642	23.82369546526345	26.07298235773828	0.0
138.0	26.88250997640348	23.668752040942458	26.85234553870734	22.59519324611783	0.0011991978288984537
139.0	27.29254358897723	23.658107074693255	23.780610988268958	25.267446891140327	0.0012914569202257837
140.0	27.149972003110562	21.199226234238488	25.12829217129484	26.522140604345374	3.6898701073475465E-4
141.0	25.966832990630323	24.51991598010754	24.845460776418342	24.667421259025357	3.689938184310567E-4
142.0	28.631337353520987	21.76113369660775	23.447066453019247	26.160001254578987	4.612422730388209E-4
143.0	27.508927426548794	24.614236466334997	23.6373163201014	24.23942753770921	9.224930559335214E-5
144.0	29.476052627209175	23.82034350490128	22.09488543379071	24.608164929585	5.535045138293103E-4
145.0	28.43500200646682	22.12325702609329	21.976577382737005	27.46405656852661	0.0011070161762738759
146.0	27.33505598304042	21.92826679975535	23.182799825459483	27.548526783943377	0.005350607801370678
147.0	27.17484759922656	23.06869843097315	27.045786653677546	22.70734623389275	0.003321082229996015
148.0	24.622657088216275	23.03523835267136	23.704081604411968	28.6375616834923	4.6127120809697023E-4
149.0	27.24011989250635	25.29800151480067	23.9933540657453	23.466402698965194	0.0021218279824829264
150.0	25.610039614519543	24.309790340109195	23.488254949969832	26.59191509540143	0.0
151.0	27.021384360328177	23.218715720581628	25.37421938643243	24.385219245278495	4.6128737926956064E-4
152.0	26.664790759465646	22.093604694073363	24.38962285039486	26.85170492287254	2.7677319359362313E-4
153.0	24.151706182518677	23.546490440635807	25.44350966084854	26.85764790651631	6.458094806676932E-4
154.0	22.80946489414409	23.51507871266073	24.190892156781338	29.482626750771995	0.0019374856418474756
155.0	27.55517041852275	23.779320171613616	23.4080566852806	25.25736043935153	9.228523150211749E-5
156.0	27.810437369874343	22.41649808779883	25.268095772484976	24.504876482140485	9.22877013717644E-5
157.0	22.804614801067224	22.473760032928585	27.522317699945642	27.199030600143786	2.7686591476036793E-4
158.0	24.33462111381629	20.30386204936143	27.382193927558195	27.979230617304	9.229196007818975E-5
159.0	27.007628022021123	20.334285490145408	24.93038795390884	27.727329361655002	3.691722696249671E-4
160.0	27.274959136339262	20.435706763662676	24.6193518852661	27.66988991962019	9.229511177399511E-5
161.0	25.280072360102263	19.321162561030764	29.303903199904013	26.090800852815494	0.0040610261474706266
162.0	25.586231339632988	21.930396161876086	26.116576183769197	26.36679631472173	0.0
163.0	25.325221937320357	23.4363779681636	27.11391951737748	24.124480577138563	0.0
164.0	26.02165047988082	22.847828213927713	24.387618908725727	26.740964044475046	0.0019383529906940597
165.0	27.702245536756852	21.940205787793225	27.94205745332298	22.415029690339864	4.6153178707877146E-4
166.0	24.946507527715468	21.694405213554504	26.09851107234176	27.260483878411932	9.230797633223488E-5
167.0	27.171444712763364	22.705596295721914	26.308885541056487	23.813888827347853	1.8462311038246524E-4
168.0	24.801569351488574	25.325086545118857	23.561966305100395	26.311285483498732	9.231479344564967E-5
169.0	25.27940207125884	21.815518008578238	25.620149814532045	27.28483778708759	9.231854328724175E-5
170.0	32.751991122460375	21.41078654299412	22.400277700074685	23.43685231396726	9.232050355295458E-5
171.0	25.543695021160623	22.087183236947258	27.18142740023487	25.186863427208202	8.30914449048326E-4
172.0	28.63220363550419	24.103749154088398	23.97421966097063	23.289642902974748	1.8464646203530255E-4
173.0	30.421215120315527	17.81430491750004	23.239397609938404	28.523789828205093	0.0012925240409471617
174.0	24.602126791329603	25.667738248453098	23.69946839449228	26.029835643604578	8.309221204393916E-4
175.0	26.061221022775534	23.77600425448623	22.33272889098987	27.828660907845315	0.0013849239030479406
176.0	24.824361593981436	22.39298498959881	28.7083040564185	24.07268738533529	0.001661974665966175
177.0	21.79362284260069	25.44122168983313	24.348567212609158	28.391933581973095	0.02465467298392645
178.0	25.658123130332015	21.988218783469364	24.532813827233447	27.82047494183255	3.6931713262178235E-4
179.0	28.48619668158917	22.772243399376503	23.126837610626005	25.613060148043083	0.0016621603652320375
180.0	28.713931611002895	21.402580433215075	24.76087422545707	25.12233532639613	2.7840392883624374E-4
181.0	29.028995593533214	20.810227915562567	26.474621877512135	23.685410277786048	7.443356060380504E-4
182.0	26.725554527876668	20.995572709728684	26.204664007935254	26.07411570506319	9.304939620246805E-5
183.0	22.638814314654777	24.279861048427396	27.453357887772317	25.627222299252107	7.444498934040809E-4
184.0	27.602425605098386	20.873195500197294	25.61412553883723	25.905693248062416	0.00456010780467104
185.0	25.674909852274048	25.330696754681863	23.230801442363617	25.763033616377808	5.583343026637199E-4
186.0	26.88887151653228	21.437705210962456	25.139692360382092	26.533730912123175	0.0
187.0	23.518940526001195	22.388019276748356	28.370068738792586	25.72241108786611	5.603705917513449E-4
188.0	28.41755445838634	28.310328272780428	21.450747874623822	21.8207155760045	6.538182049140976E-4
189.0	24.942597882520428	23.08508591168014	24.37707726539862	27.594304813183896	9.341272169174175E-4
190.0	30.42754845128713	19.160971781708795	25.23306598904153	25.178133510213424	2.802677491229955E-4
191.0	26.74603219233675	23.48499759129191	25.207458185015025	24.5609496870554	5.623443009216823E-4
192.0	28.0040008661669	22.973202258408335	23.9879486561758	25.034848219248968	0.0
193.0	28.34012007039579	23.829369897641065	21.351359207006578	26.478588258679224	5.62566277339549E-4
194.0	29.729805760968027	22.7359253125885	23.11260687647808	24.4216620499654	0.0
195.0	27.289967867011068	20.19219766759145	25.52171556020762	26.99527478113739	8.441240524707511E-4
196.0	29.035376136417163	20.599274577229263	27.103207876018654	23.261952988836025	1.884214988930237E-4
197.0	26.46363160057143	23.090833361603323	23.055118941270038	27.389567996863917	8.480996912917124E-4
198.0	28.973370883219037	21.49866367879921	23.70649870619167	25.82137225874655	9.44730435341232E-5
199.0	25.368206392867304	22.183059850137532	25.06098833349142	27.387081475860757	6.639476429858675E-4
200.0	28.214995788339394	21.8200065261768	24.942611381348794	25.022291446914103	9.485722091108464E-5
201.0	24.355718634475444	19.63375543916999	29.608816127358395	26.40133034959622	3.7944939994820516E-4
202.0	25.275556188036617	25.157819837768606	28.84588017646222	20.72064892557279	9.487215976471705E-5
203.0	26.953890416080327	24.85190144032551	22.272239455183286	25.920830016159655	0.0011386722512214632
204.0	26.207575889857694	22.75101445864539	23.485714068804782	27.55560068478331	9.489790882968102E-5
205.0	27.679213731605053	23.165345273639396	24.907325332214718	24.24688189840237	0.0012337641384625021
206.0	25.220941169993953	20.19503379491078	25.381729202200916	29.202200916700598	9.491619374673132E-5
207.0	26.51555857653597	24.010370485696438	26.73409444318922	22.7396916954472	2.8479913117278387E-4
208.0	29.144550055548695	21.474271932240086	21.75600353232744	27.625174479883775	0.0
209.0	27.33381958531823	19.648474004513027	25.18671316451272	27.830138505838825	8.547398171996443E-4
210.0	25.258790518834857	23.41538894092034	25.16893335942294	26.156317262263222	5.699185586379707E-4
211.0	26.175017649613135	26.014722105297167	25.499533936191543	22.30996616405256	7.601448456003292E-4
212.0	30.62538200573567	20.639478789710775	23.411117543224275	25.323736493750555	2.851675787276393E-4
213.0	30.81476253570454	20.66758803314256	23.637615721695326	24.87955812455949	4.7558489808691216E-4
214.0	29.06832522804743	25.0968779181171	24.673385058669325	21.161411795166146	0.0
215.0	25.487806623692034	24.829159131791524	22.84997208716439	26.8326804433608	3.817139912492068E-4
216.0	25.948917197205496	22.632621794735222	26.457634045388428	24.960730119562502	9.684310835388022E-5
217.0	30.275107787494214	21.553796312084376	26.0788736511339	22.09154020412637	6.820451611331694E-4
218.0	25.684173366321307	22.719101633259605	25.74432480990665	25.852005754816798	3.9443569564158416E-4
219.0	27.906842071631683	21.327258858110483	24.750291542860793	26.015008466724176	5.990606728649478E-4
220.0	29.230434699830553	20.523511628303137	24.04692405353759	26.198728797849196	4.008204795215807E-4
221.0	24.689019206254695	21.009614752797436	25.27231353536007	29.02885032384461	2.0218174319077163E-4
222.0	26.012774162201723	24.313550226894623	24.563969728249226	25.109705882654428	0.0
223.0	30.337512274686684	21.4276500840504	25.03672003728176	23.197493467370137	6.241366110214204E-4
224.0	31.53384452091037	20.732423882833885	24.377844641975617	23.35567822109228	2.0873318784630143E-4
225.0	33.30203741662873	17.777933965965428	24.36665107115957	24.55243342361943	9.441226268428748E-4
226.0	26.24982708535067	21.62688742990306	25.81823212062526	26.304840546091064	2.128180299434968E-4
227.0	27.595688197296987	21.703660031106544	26.978407573355295	23.720843002482273	0.0014011957589037908
228.0	27.89661367389223	27.587721057715974	23.44862505380413	21.06682337175427	2.168428333985669E-4
229.0	28.004700866380606	24.089316461231515	21.18199458853754	26.723988083850337	0.0
230.0	26.06758037150475	22.115660048916997	27.334684793865545	24.48207478571271	0.0
231.0	26.313006815916378	24.009155239455087	25.153223416579113	24.522930754240864	0.0016837738085616531
232.0	24.803093987091057	24.659673851989066	25.736059483755326	24.80083362247164	3.390546929125137E-4
233.0	22.285577185784508	25.332393531900827	22.80239144260285	29.57906385675222	5.739829595938956E-4
234.0	27.388248839837964	19.215278801622237	28.33697236907077	25.05832988151487	0.0011701079541598508
235.0	25.721016393287684	20.92660589477863	28.63083677124535	24.72154094068834	0.0
236.0	28.250337266001065	23.587116739085257	24.785537265040023	23.376768469142714	2.4026073094522176E-4
237.0	27.90065629492784	24.391042192466305	23.481393663008195	24.226786627778708	1.2122181895763783E-4
238.0	27.671471050213874	22.257401681369597	24.05126596658994	26.019861301826587	0.0
239.0	27.753416294963895	22.907609617251865	24.90783320416374	24.430135998623307	0.0010048849971926025
240.0	26.824848416696074	20.659275890014698	26.687709311628904	25.828037127084393	1.2925457593512455E-4
241.0	29.259821897636428	19.186764214933994	23.510573048624895	28.040511688452852	0.0023291503518311006
242.0	26.804104985923168	23.870934260544647	22.069099731437394	27.255082579757904	7.784423368838953E-4
243.0	27.63693494251232	23.645452597819947	24.89739211727357	23.81762349626379	0.0025968461303746597
244.0	27.8228828378716	21.840520651178284	25.100185277708388	25.235630568740113	7.806645016237821E-4
245.0	27.59730311529039	21.550956439653227	23.89202030356251	26.95802513563306	0.0016950058608087265
246.0	24.466440525712436	27.25533820607029	23.29643527694433	24.979435796598484	0.002350194674458868
247.0	27.188152598881	21.862814883049047	25.337977525737582	25.466861715769145	0.14419327656322783
248.0	27.228144905553613	23.130425215043836	21.897205969226498	27.732042349914664	0.012181560261392705
249.0	25.53254589283863	19.750750281806763	30.678160270954418	24.018990954626158	0.019552599774029688
250.0	25.611376402646773	20.716155596774406	25.45864740781667	28.212110448978517	0.0017101437836273463
