# Position (bp)	A	C	G	T	N
0.0	23.958056831654993	24.292876880423524	24.908216593567197	26.840825453111254	2.4241243032763734E-5
1.0	22.825685686842455	30.703157656539243	23.221447433919028	23.174110750915002	0.07559847178426657
2.0	24.28613389487006	26.639466025645355	22.8026949518607	26.271222818249427	4.823093744543875E-4
3.0	25.648074655270207	22.083983323622636	24.405852249918194	27.855150115829595	0.006939655359365716
4.0	25.894375568995958	23.9137579701571	23.75171225496605	26.440130127765705	2.4078115184405856E-5
5.0	28.557567769409033	23.91017554324362	22.27262177207639	25.259201979957503	4.3293531345117996E-4
6.0	25.94535835999715	23.93711763896886	24.044596956160774	26.067694688654402	0.005232356218811377
7.0	25.489468545525796	25.90551920458607	23.2418033061763	25.362610102876065	5.988408357710148E-4
8.0	27.783323604232613	24.20762809305323	23.83961947981104	24.16940491847874	2.3904424374289738E-5
9.0	26.147928875503503	25.829294337580837	22.211876222076533	25.81063813747186	2.624273672618519E-4
10.0	24.73655923588891	24.72609620506587	23.409255849704163	27.128088709341053	0.0
11.0	27.264249309859196	22.99252069499066	22.79649508424	26.94664257666109	9.233424905824836E-5
12.0	28.51211800986552	24.448777902063505	19.970945780534947	27.068158307536027	0.0
13.0	25.503707513493083	23.059647837829832	25.168725299325278	26.26780715005713	1.12199294670354E-4
14.0	26.783308692474318	22.2332936639534	23.260823030570563	27.722574613001722	0.0
15.0	25.4508176624905	23.865031400060943	24.314557509570626	26.36959342787793	0.0
16.0	26.445115051736405	24.92037943979768	21.58498260739436	27.049479836743128	4.3064328417181376E-5
17.0	28.494001692552533	26.634894559378274	19.28005541411098	25.589803499756414	0.0012448342017985956
18.0	25.351911396927473	26.035984783002725	20.103577000164492	28.508359185674813	1.6763423049078065E-4
19.0	25.026553056697814	24.81569238737313	21.90177850226165	28.25560074544553	3.7530822187721666E-4
20.0	22.73566347102404	25.843883864432364	23.791392454928857	27.62901882957382	4.138004091658446E-5
21.0	23.89788626840823	24.296207626931718	23.76049586936258	28.045143497664917	2.667376325557795E-4
22.0	22.67688750099464	26.530729894884875	26.143084373036096	24.649277932319045	2.029876534789648E-5
23.0	24.86398025910331	24.248572515101294	23.16764849823618	27.71957645657209	2.2227098712970157E-4
24.0	27.831361761650037	21.777768538776954	24.35538980432729	26.03543991879984	3.9976445878088626E-5
25.0	25.117040333123843	25.294847141301847	19.44843513600125	30.139499464147928	1.7792542512809148E-4
26.0	26.025906680776767	25.787238741424005	19.77646911345677	28.410365816039224	1.964830323147784E-5
27.0	25.84743421276943	24.898311813465128	19.785019475457865	29.46923449830758	0.0
28.0	27.267351071693398	23.971380131461782	23.22324005633356	25.535701228092535	0.0023275124187334493
29.0	27.5220280700055	23.82394918139721	22.220184988508848	26.433434157182962	4.03602905479659E-4
30.0	23.631939958724484	24.621197447902304	25.23069348780006	26.515978280263226	1.9082530992415648E-4
31.0	26.56935398475196	24.472477800054026	22.47948010637674	26.47827046868525	4.176401320274359E-4
32.0	24.110092694840706	22.780089740573217	24.533744425041665	28.575922795142972	1.5034440143759316E-4
33.0	24.04897862238969	24.9674301691472	24.86953919017598	26.114014790305013	3.722798211493284E-5
34.0	26.39079424381816	26.64537755561626	22.643923004791898	24.319849819473262	5.537630042012154E-5
35.0	25.531142016943242	22.33488917162107	25.98721498861871	26.14658953797627	1.6428484070759306E-4
36.0	23.864310733410246	24.744047035016198	26.36343807322467	25.0281312086991	7.294964978696879E-5
37.0	25.12340022731093	25.87238864991382	21.53384559119256	27.47034730003548	1.823154721296161E-5
38.0	26.80609619438063	25.72456741400592	20.751714996679006	26.717621394934444	0.0
39.0	23.17126597401878	27.641257671283103	21.606047219895657	27.581228673668956	2.0046113350201226E-4
40.0	26.07068715412294	26.238943914595392	22.82980393185838	24.860492113670436	7.288575285789592E-5
41.0	23.92302924454359	24.395492396899655	21.548014623547147	30.1285263019428	0.004937433066809117
42.0	24.101170602833953	26.440244821534854	20.598634815892886	28.85989510719459	5.4652543720668666E-5
43.0	26.018907792633613	25.798499034573208	22.828937301905352	25.34992167292069	0.003734197967139058
44.0	28.836035933647004	25.054289691579186	22.913264169641376	23.19624628423192	1.6392090051585905E-4
45.0	25.69503793946985	24.613826331250444	21.544068223483663	28.143425345827644	0.0036421599684006204
46.0	25.086007331450123	24.537705472074773	22.448637330304756	27.927649866170352	0.0
47.0	25.277864364464243	24.210068445561816	23.494805769877836	27.015586331862657	0.001675088233451949
48.0	22.671142705968883	24.135866139632697	22.827454618491	30.365536535907424	0.0
49.0	21.84444921685892	26.375183363848475	24.563712339886507	27.21498068992127	0.0016743894848340354
50.0	27.293450466529123	24.78507048574316	20.358071178562245	27.563316876377748	9.099278772965897E-5
51.0	24.931079877471294	26.89455962720996	21.514996301758323	26.657089752185964	0.00227444137445402
52.0	22.595001985212303	26.195525347811554	21.60973031794078	29.599742349035363	0.0
53.0	22.57691715220326	25.04765356699499	24.11531456428565	28.258664902726554	0.0014498137895414059
54.0	23.195923181081447	28.827100893330897	22.25795835761651	25.718945080881095	7.248709004926222E-5
55.0	24.170190648582068	28.322090289290536	22.36541397195005	25.14094872712562	0.0013563630517300592
56.0	26.71345573209149	25.42314586785296	24.84241149338697	23.02098690666858	0.0
57.0	22.859642216998317	27.498016023335076	23.211053349218407	26.42637028191906	0.0049181285291414484
58.0	25.26852958548697	25.3867149653209	21.873678505031783	27.47089614963712	1.8079452322766678E-4
59.0	27.7490589058161	22.74762441849934	24.30330647970666	25.197298499726934	0.002711696250971465
60.0	23.707934731598137	23.320493844987546	23.738709793870257	29.232843579654165	1.8049889895671637E-5
61.0	25.20734282274289	24.226835475570518	22.985693331694552	27.573757337290957	0.006371032701085043
62.0	25.484005856707736	21.754279960808496	25.081551208203145	27.680036643225037	1.2633105558440116E-4
63.0	26.04240449118238	23.95684659343658	22.77005933755818	27.228361623987812	0.002327953835051297
64.0	25.00417494073566	21.969519960179984	23.539063483779522	29.487205585611324	3.602969351161066E-5
65.0	23.732540211935767	26.371370532004633	23.715013098500034	26.17632059954617	0.004755558013394462
66.0	24.38034571381018	24.17073212907744	23.035248657875037	28.413295232907586	3.7826632975745565E-4
67.0	26.93595064283873	25.268437112686037	21.18539033502112	26.609699561894494	5.223475596192194E-4
68.0	23.42472590244211	22.838734474649275	26.62666879678048	27.109726737257006	1.44088871133938E-4
69.0	23.105465242916594	24.62213044174398	25.22691624617124	27.042786524478966	0.0027015446892224037
70.0	25.56704200937218	23.24976533588437	24.759365885411984	26.42353905853836	2.8771079311076505E-4
71.0	24.353158642819707	23.111393936199036	26.11193382610166	26.422742579741342	7.710151382546691E-4
72.0	26.89028203274701	26.11830989753652	22.00872675065689	24.98115741856276	0.0015239004968274183
73.0	24.8958523614118	22.82354784427519	23.40172655891613	28.87494736374133	0.003925871655547248
74.0	24.567089518771674	25.906696745602964	23.417226225457952	26.108342244570714	6.452655966968137E-4
75.0	25.448544140356717	24.89877018681632	21.86614149519015	27.784590556950373	0.0019536206864413704
76.0	26.93413850411938	24.237118662385118	25.160392235791683	23.667562011132333	7.885865714818777E-4
77.0	24.434269771256236	24.886646064028756	24.245089668787863	26.433331397803677	6.630981234681538E-4
78.0	27.25806662613036	26.698120832237937	20.362235432063787	25.681093254468536	4.838550993757731E-4
79.0	27.556701550049347	20.9137404592464	22.91069300908913	28.6161949235566	0.002670058058530898
80.0	23.934572576503594	23.47760628650292	28.569764679025173	24.015852440492424	0.002204017475887511
81.0	25.031764379350633	25.33001178834307	21.785642805141862	27.852115155573337	4.6587159109662046E-4
82.0	22.59971532432386	22.574218503632267	24.16191968304388	30.66305351214674	0.0010929768532587194
83.0	24.99566857416628	22.71629044328896	24.07066951928609	28.216708535623315	6.629276353568333E-4
84.0	23.390748400037694	26.042989816353245	24.717836556428928	25.847601104610895	8.241225692415242E-4
85.0	24.77771011998718	27.471451607153192	21.27083903244224	26.479479714576087	5.195258413049199E-4
86.0	25.426853975939185	25.563642148097383	22.504878766197915	26.50313828180728	0.0014868279582412724
87.0	22.118683231949788	22.03827497510192	25.8796903323804	29.962437933925155	9.135266427358511E-4
88.0	24.800455089387057	27.06320293873685	25.41746229992447	22.718234866459888	6.448054917367281E-4
89.0	26.176757578123937	26.661183656713906	22.58646666098306	24.574696577727757	8.955264513438986E-4
90.0	23.48895578373352	25.521191154884093	25.17909733510329	25.8105945386775	1.6118760159296333E-4
91.0	26.740757561701916	25.155636009629177	24.07333848866609	24.029694859937443	5.730800653741085E-4
92.0	25.50208822139982	24.345552738469298	22.686203770725076	27.46615526940581	0.0
93.0	26.149097763897057	26.373042919717648	20.994061495919976	26.48352921520886	2.6860525646161285E-4
94.0	27.882138443207786	23.801155537760543	22.820688946324758	25.491880687306097	0.004136385400815745
95.0	23.82112414885228	26.53041857093847	24.005338048979983	25.640934735135218	0.002184496094049361
96.0	26.00388496089704	24.466874253709896	23.99726989198276	25.530842897574217	0.0011279958360839422
97.0	25.48992226161569	25.680521934448823	23.05851424278703	25.770934140705382	1.0742044307710155E-4
98.0	28.22486109629201	22.88644017670256	24.129842295328725	24.758856431676705	0.0
99.0	21.96178858819899	22.36531782223091	26.985444737759696	28.687430952181497	1.7899628904893545E-5
100.0	22.399668661641464	25.37260351549426	24.47905312260271	27.74867470026157	0.0
101.0	23.646003729780617	22.270763459604183	28.36961696370086	25.71349056637542	1.25280538921084E-4
102.0	25.31240704035831	24.360858276795376	24.6043655548082	25.72235122967148	1.7898366630858E-5
103.0	25.7495445957895	25.692814805151066	25.219595292894837	23.337830556168488	2.1474999610765632E-4
104.0	25.480175416808187	27.454741912312354	22.701251346173322	24.363598685912933	2.3263879319878697E-4
105.0	27.257723737574214	23.60369263323821	20.592958841928823	28.542457157358193	0.0031676299005650548
106.0	26.272206948276356	23.2824506030569	24.787958797748082	25.65732996393846	5.368698020936849E-5
107.0	25.407538719175786	24.66132241290266	22.709159425331663	27.221317316319908	6.621262699850288E-4
108.0	23.81774661173007	24.93195548102805	24.510966922813218	26.739259415121307	7.15693073594003E-5
109.0	26.146239946526993	24.71162182732126	25.365649961480397	23.775772619486805	7.156451845487911E-4
110.0	24.693656588382584	24.2180984041554	22.763872892038524	28.324336334956694	3.578046679912596E-5
111.0	25.141546320761755	23.729938547419067	24.49542563010409	26.632373875863603	7.156258514829468E-4
112.0	25.707894966114033	24.165185838361708	23.475802344172227	26.651063181948047	5.366940398516792E-5
113.0	28.55378492398882	21.79132037324288	22.959578235047985	26.694600908438286	7.155592820292831E-4
114.0	26.57276704709406	22.429056049071	27.100965824147337	23.897067965475845	1.431142117600168E-4
115.0	27.179773431517777	23.730150210753056	26.03426436806286	23.055203704101277	6.082855650257269E-4
116.0	26.867176062532998	24.56117249906387	25.023324996864655	23.54825487874848	7.156278999702478E-5
117.0	26.103891294301775	26.666376836330123	24.084167445362063	23.144974028876046	5.903951299915895E-4
118.0	27.03982787964098	24.39708765081866	24.888877995597877	23.674045459969513	1.6101397297147888E-4
119.0	27.287532733478237	21.20129293325421	24.90588985234891	26.60483721060045	4.472703181934716E-4
120.0	25.257826484050945	23.686742051859596	25.034282938680725	26.021130634768845	1.7890639885571467E-5
121.0	27.814506740653766	23.446182383468265	24.194342799452468	24.544395568574544	5.725078509611781E-4
122.0	26.90015479045323	23.992520250498615	24.432721256242964	24.67431745138914	2.862514160499738E-4
123.0	24.25127080414579	28.18515052407421	23.12241851834425	24.44044453500993	7.156184258147898E-4
124.0	25.027640341373424	24.48161389538104	23.06773440082896	27.42286824090785	1.4312150872969643E-4
125.0	26.59908054054112	23.837303119285355	24.615398101472575	24.947395312109222	8.229265917278702E-4
126.0	23.734390589173135	24.372551015534142	24.976130703384385	26.91680246419516	1.2522771317916134E-4
127.0	26.22612737742304	23.074572673884	27.307171035636568	23.39137755470783	7.513583485572846E-4
128.0	26.35567594121664	23.240330222138024	24.614508571216962	25.780325746138555	0.009159519289822397
129.0	24.464310216608716	26.971140007538665	22.40983611542995	26.151994445646025	0.002719214776642446
130.0	26.496725267765935	24.32869330938482	23.50266647822719	25.671897054798322	1.788982373156677E-5
131.0	25.761741136910622	24.45988864930255	24.637392845840235	25.140386999221963	5.903687246264441E-4
132.0	26.038421534149276	25.794476421441836	22.069053855767542	26.092144559483714	0.005903629157630834
133.0	27.169981779328616	25.487293385010744	24.570177313877675	22.770865888881634	0.0016816329013266114
134.0	26.637529430475027	23.11739326986017	20.935159661165585	29.30984608047165	7.155802756737233E-5
135.0	26.22525171589713	23.743450950127666	26.466632068756457	23.564307479177298	3.5778604144271495E-4
136.0	27.946469957152566	26.46753489773308	24.190865809407903	21.389118422679175	0.006010913027276485
137.0	28.77441736527257	21.844108480715757	23.92285050886227	25.458498417570645	1.252275787623329E-4
138.0	25.128150452880256	23.969747280419757	27.04364083061708	23.857566999140804	8.944369421061378E-4
139.0	26.055262933813424	23.745026006802053	25.25033648916401	24.94840857262048	9.659976000326293E-4
140.0	26.73838777591515	21.475081121393814	25.716416530070507	26.069810462428173	3.0411019236043E-4
141.0	25.404378571222846	25.270138785405432	25.258814986841678	24.06627409639039	3.9356013965660447E-4
142.0	28.757637117486702	22.79749673030387	23.68383438262359	24.760817099343484	2.1467024235733687E-4
143.0	26.974559130959637	25.202245731739385	24.064979100111593	23.758162369753606	5.3667435780651886E-5
144.0	27.915841898548376	25.588524415670612	22.820720381469975	23.674501851982708	4.114523283282245E-4
145.0	28.255032680603787	22.466369935096754	22.784759176767565	26.49306897855157	7.692289803261638E-4
146.0	27.447966961037253	21.76325034355956	25.17192289239046	25.612512759378074	0.004347043634657995
147.0	26.37755378582554	24.572209737037138	26.711943674095707	22.33528753362369	0.00300526941793119
148.0	24.71182542140115	24.682863511768392	23.36403224199348	27.240921049548124	3.5777528885435163E-4
149.0	28.164730531402316	24.797880215427472	23.78444587318573	23.250868246558767	0.002075133425712549
150.0	25.48441809987422	24.42975671444552	25.010863438041554	25.074961747638714	0.0
151.0	26.72913280599389	24.41013328992011	25.345604724408037	23.514610367828656	5.188118493048368E-4
152.0	27.862645130149755	23.730266611183048	22.972417891820545	25.434527244877035	1.4312196961592148E-4
153.0	25.097967443894138	23.33441033116431	24.996135688845666	26.570806703577993	6.798325178921184E-4
154.0	23.424535854693783	24.654808281488304	24.575929296950125	27.342096671034916	0.002629895832867436
155.0	27.020879804916415	23.752292230312136	24.494966799898872	24.731753810930744	1.073539418309823E-4
156.0	26.262336909456568	23.502912906250224	26.252084481438274	23.982558347587727	1.0735526720726007E-4
157.0	25.05587437333117	22.74006030191754	26.63356162606549	25.570306879181633	1.9681950416872658E-4
158.0	24.898926577438747	21.52153993399966	26.10915947529675	27.470320334084903	5.367917993958945E-5
159.0	27.08823201542122	21.28280055533855	24.400916641422107	27.227710813838655	3.399739794652138E-4
160.0	26.31444369351355	21.528001819411916	26.176180555518275	25.981338144539823	3.578701643465049E-5
161.0	24.649389643806792	20.281486756827363	28.947685799869017	26.11784115350342	0.0035966459934079383
162.0	25.540233389843063	23.332810824100847	25.256056365146627	25.87084573845407	5.3682455392563684E-5
163.0	25.18075766742665	23.893439183377076	27.536758607250206	23.388990858193832	5.3683752236599326E-5
164.0	25.42110675887778	23.784995895809573	25.114012745806292	25.678291955303607	0.0015926442027482596
165.0	26.9446779786709	21.93765047746565	26.52088046519302	24.596325799751828	4.652789186058955E-4
166.0	24.93697041367595	23.0473176454924	25.72756042930271	26.288026239778723	1.252717502181518E-4
167.0	26.81626283396955	23.320179465290792	26.726440706479043	23.136759065878508	3.579283821100236E-4
168.0	26.03564878249926	24.380332427026556	23.831179243999834	25.752732164154637	1.0738231971582342E-4
169.0	26.387465533725674	22.56341382831849	25.570709241919147	25.478232420186615	1.7897585007264628E-4
170.0	31.046732334093104	23.09655295230476	23.13261723801265	22.72395429232117	1.4318326831918056E-4
171.0	25.551384885110885	23.579387378564494	26.567701686159523	24.300881746906583	6.44303258510038E-4
172.0	27.14417403601989	24.70251812875207	24.196247856470094	23.956934730766918	1.2524799102222402E-4
173.0	28.60355351627572	20.09030766976477	23.07357742072092	28.231309008563986	0.0012523846746045192
174.0	24.539646359376594	25.638229542571594	24.029402661160898	25.792131022008164	5.904148827489717E-4
175.0	25.449282166609915	24.43514199662156	23.29394802728445	26.81982067897651	0.0018071305075657038
176.0	24.608221790993767	23.958569860351766	28.11262398936422	23.319349721803967	0.001234637486278078
177.0	22.179562499138804	26.47041086413408	24.520606018200304	26.804296020023806	0.02512459850301057
178.0	25.256067352280397	23.158966812697763	24.186260146250586	27.39852675833154	1.78930439717977E-4
179.0	28.015101656848167	24.24571794338167	23.079505413222467	24.658654991239672	0.0010199953080215832
180.0	26.63731480730485	22.561837367060697	25.423876928907397	25.37680939929415	1.6149743290858312E-4
181.0	27.699201372177672	22.650564474127354	26.0173707571886	23.632072640302614	7.907562037519944E-4
182.0	25.590922447747193	23.17203909738491	25.300522730274956	25.93638991706588	1.2580752706434426E-4
183.0	23.94990668073885	24.598737961240154	25.8393521141342	25.611661744279342	3.414996074551881E-4
184.0	26.169929222220944	21.968828729853783	26.65366845168935	25.203834826923742	0.003738769312181486
185.0	25.062549615985525	24.24214811583716	24.319934119137315	26.37482896694688	5.391820931156692E-4
186.0	26.935161089823712	23.21830229734942	25.013920987744857	24.832615625082006	0.0
187.0	24.23740049468639	22.936697210376387	27.854070036041023	24.971184103779716	6.481551164824765E-4
188.0	27.57485150696929	28.029459490409803	22.393926604434157	22.00140228413143	3.6011405532360207E-4
189.0	25.024412352407232	23.772400347814123	25.168698673512992	26.033552286730217	9.363395354423421E-4
190.0	29.05979750737022	21.556390846107153	24.982266633123785	24.401364933511804	1.8007988703948845E-4
191.0	26.62178780934319	23.868423563257675	24.48955815420174	25.019815674103533	4.147990938623621E-4
192.0	26.485511866437804	23.41320764007162	24.318825330241502	25.782419091485746	3.607176333027505E-5
193.0	27.565930670383988	24.455723154859378	21.760268899656516	26.217752586773855	3.2468832626414694E-4
194.0	27.74237866860625	23.350387682480996	24.33358335795697	24.573650290955783	0.0
195.0	25.94545198677886	21.486078836078114	25.062948342306196	27.504871324856023	6.495099808033717E-4
196.0	28.595860599730884	22.216350672643955	26.05052879199607	23.137151463621834	1.0847200726183931E-4
197.0	24.997210847119526	24.142509528776916	24.167824368534884	26.691786220517933	6.690350507463086E-4
198.0	27.341937290631996	23.308685127732485	24.095935083941026	25.253370040266404	7.245742809098406E-5
199.0	25.55644771714246	23.304969130261057	25.436305441675355	25.7016786333916	5.990775295277145E-4
200.0	27.61391439363185	23.39596086209138	24.101564514149473	24.888523918700166	3.631142713349606E-5
201.0	25.12429382839517	21.32252410071041	28.63193811218637	24.92093528949722	3.0866921082724436E-4
202.0	25.353742599701	25.31343057006476	28.062710991256466	21.27009768040587	1.8158571908217135E-5
203.0	25.89027255843963	24.669074585916363	22.281627009384636	27.15837191526217	6.539309972011753E-4
204.0	25.673216022277	23.578061702483655	24.04070043642387	26.707949171143447	7.266767202390911E-5
205.0	27.35314711613824	24.2567923807752	25.413040484489795	22.976184290417724	8.35728179046405E-4
206.0	25.275790522577914	21.184044532767345	25.993909741415667	27.546200692899102	5.45103399755394E-5
207.0	25.91204290632487	23.728308404475566	26.60582503663728	23.75349653399707	3.2711856521435714E-4
208.0	28.03753470597056	22.73149052771252	21.762604345119353	27.468352244584505	1.8176613060805314E-5
209.0	27.31558064384178	20.674384041668368	25.212891379537595	26.796434918167645	7.090167846088818E-4
210.0	24.91638969303521	24.62473323161723	24.497960859484678	25.960607103653143	3.091122097322706E-4
211.0	24.909802118479377	25.61014181214942	25.430991913882917	24.048391206631855	6.729488564325454E-4
212.0	28.125243931884487	22.401958260149975	24.478743150119755	24.993799922451267	2.5473539451871297E-4
213.0	29.747826949737433	23.156409553865885	22.321197264446266	24.774347766325526	2.1846562488906044E-4
214.0	27.66617154539961	25.313328320784656	24.01689157245061	23.003608561365127	0.0
215.0	25.97967415100506	24.7252303821413	22.880657759957053	26.414236858586353	2.008483102266482E-4
216.0	25.720576586823142	24.645430861464433	26.14094139412593	23.49301423003281	3.692755367881522E-5
217.0	29.047334111921234	22.67853470377212	25.092746569637864	23.18075181812683	6.327965419530149E-4
218.0	24.438931928675018	24.41576934348254	25.551487439980164	25.593567075690743	2.442121715346293E-4
219.0	26.642638139525705	22.949286059438542	24.165497840335256	26.24198983220694	5.881284935543963E-4
220.0	27.582636377066443	22.283862543544874	24.542963481874374	25.590270728789893	2.6686872441515245E-4
221.0	25.379119689832375	22.74090106022337	23.91693601342723	27.962889589306766	1.5364721025641222E-4
222.0	25.868308393723726	24.469338285394166	24.258339399026323	25.403955768740566	5.815311521392108E-5
223.0	29.952389921763306	22.993674571526917	24.35313457816053	22.700154797367386	6.461311818600824E-4
224.0	29.976302294154642	22.918009706793892	24.449271754894426	22.65637698354431	3.926061273253079E-5
225.0	30.606391040779407	20.034666378570208	23.85808036508721	25.499894432660973	9.677829021992175E-4
226.0	25.0384533136064	22.721192321779967	25.843987470091033	26.39622686424805	1.4003027454535672E-4
227.0	27.115754682870364	23.88059641127561	25.540520974130864	23.46179326210242	0.0013346696207354272
228.0	27.12757947310373	28.354313383233475	22.909763328941615	21.6082828468811	6.0967840074039345E-5
229.0	27.761619267230337	25.482039456828083	21.761701255444528	24.99464002049705	0.0
230.0	25.89552140054651	22.926336169537052	27.31724846335541	23.86087329050357	2.0676057456282543E-5
231.0	25.281512555728252	24.75608672397518	23.825452155440534	26.13541860531403	0.0015299595420013715
232.0	24.910215396660952	25.292509756997404	24.325269627720218	25.471878798528724	1.2642009270385398E-4
233.0	22.58944438323562	25.29883343558877	22.452310571535794	29.658729669939056	6.819397007605971E-4
234.0	26.845591276165358	21.17958041982243	26.559106852093144	25.414250637208845	0.0014708147102235464
235.0	25.391332286147446	22.292671748808456	27.555951745989503	24.75986912875725	1.750902973492861E-4
236.0	28.717452859702007	23.8996751332016	23.41625771730598	23.96630366725404	3.106225363750084E-4
237.0	27.766366415228216	24.55591496678453	22.174858530854493	25.50272561608471	1.3447104804717783E-4
238.0	27.141135540104035	22.865110380174407	24.334309816724257	25.65942155055993	2.2712437376132045E-5
239.0	27.844862790926655	23.07506416741013	24.30931977587582	24.7694158442485	0.0013374215388971761
240.0	25.52147469875849	21.707517381696924	26.386396121878384	26.384469051729226	1.427459369748139E-4
241.0	28.822740838313138	21.372532342827903	23.65748943466431	26.14466439528924	0.0025729889054147835
242.0	26.556801480594416	24.32382941459031	21.26024330872361	27.858027573970034	0.0010982221216314424
243.0	27.666014585090664	23.138462642904575	24.97864881518572	24.21405026412295	0.002823692696088109
244.0	26.42413122024817	22.778905852100024	26.02617729235946	24.769802500136677	9.831351556662635E-4
245.0	28.581754755564937	21.369723854759386	23.19860885317646	26.847845239242783	0.002067297256432119
246.0	24.282173890638944	27.078133134403398	23.234420593293432	25.402695860180124	0.0025765214840956386
247.0	25.85301568030663	23.06181731290255	24.593956933162286	26.35339040017185	0.13781967345667911
248.0	26.292209228003234	22.649604353620507	23.65350342482719	27.39431607971166	0.010366913837413443
249.0	25.486716053739833	21.30710754026294	28.97719697898876	24.212157248104837	0.016822178903630247
250.0	26.922976019277854	22.241196704108205	24.62136596836255	26.213562517004156	8.987912472307513E-4
