# Position (bp)	A	C	G	T	N
0.0	24.455012141075645	23.519315087228847	25.508575373129517	26.517097398565987	0.0
1.0	23.284575854195907	30.465047541397926	24.475216931277373	21.699981580296342	0.07517809283245067
2.0	24.77499490648593	26.19889923105747	21.726223974992624	27.2985283662429	0.0013535212210756076
3.0	25.783257754269563	21.889286756697114	24.124623587786804	28.19400445643585	0.008827444810672665
4.0	25.569793324317846	22.998173901228473	24.861833255200683	26.570057244319496	1.4227493350425297E-4
5.0	28.918823072063066	23.66115243762468	21.734121628584443	25.68512110480731	7.817569205031388E-4
6.0	26.7567337620442	22.97249774891345	23.951135469324957	26.314528193529636	0.005104826187758343
7.0	25.92554057401706	24.78953887532293	22.930388930176594	26.353469936652864	0.0010616838305552605
8.0	28.711567684221617	24.417288275337345	23.02930193387531	23.84177139555949	7.071100623883208E-5
9.0	26.480201184584317	26.80012644597892	21.64935796207467	25.070243845989925	7.056137216466766E-5
10.0	25.120602979644502	23.533198429094192	23.221908072397042	28.124290518864264	0.0
11.0	27.000784446869126	22.95513319853077	22.71630814387276	27.327568858143803	2.053525835408535E-4
12.0	28.544511592281037	25.108769372488283	20.01464430205054	26.332074733180143	0.0
13.0	26.136123673459327	23.745069708542417	24.31422235456265	25.804384420512143	1.9984292346215873E-4
14.0	26.326932428745952	23.171551359450923	23.404419352160456	27.097030966039753	6.589360291724159E-5
15.0	24.954918535408822	24.383378355316562	23.713272151886414	26.948430957388204	0.0
16.0	27.48583542651229	24.92849683606103	21.069022722863533	26.516580986657225	6.402790592251726E-5
17.0	28.094894660265897	26.353652520365518	18.885086658302594	26.664988843729574	0.0013773173364185242
18.0	25.661382893198358	25.82676744645504	20.033524231757067	28.478263300658185	6.212793135112096E-5
19.0	24.222039011526835	24.34431671159446	23.390427138238646	28.042784843740833	4.322948992289712E-4
20.0	22.361217885794	26.006031571872157	24.40034420692047	27.232406335413373	0.0
21.0	24.12396237528768	23.461825733700106	23.54598947042428	28.868100972194387	1.2144839354137444E-4
22.0	22.519182346293395	26.54869170720629	25.95118662886373	24.980939317636583	0.0
23.0	24.731123005395478	24.60060077296904	23.198159415298665	27.469937435426473	1.7937091034324419E-4
24.0	27.215274259353084	21.632371284913884	24.425007925714574	26.72734653001846	0.0
25.0	24.97847981028246	25.316884427351997	19.820314473111335	29.883969700041664	3.5158921253978083E-4
26.0	25.918428305070112	26.437527273406126	19.152348371529715	28.491579372320793	1.166776732605109E-4
27.0	24.774134407572006	23.923145421158594	21.008513966597576	30.29420620467182	0.0
28.0	27.632606836619132	24.146000416021447	22.57580835278619	25.643562068088844	0.0020223264843876394
29.0	28.561927769869982	23.752805168893918	22.48124307113983	25.20385228886329	1.7170123298655408E-4
30.0	24.35075676709415	23.16199315955866	25.35786903284422	27.12926754388205	1.134966209218536E-4
31.0	26.70623111825207	24.699249821790247	22.74601432466989	25.848278437185307	2.262981024904106E-4
32.0	23.911942696208797	23.931771385297196	23.493299695511997	28.66276216999796	2.240529840496681E-4
33.0	24.790463194223445	25.83682815899194	24.07244799971564	25.30020510752733	5.553954165437854E-5
34.0	27.515641350564945	25.824510007373625	22.29692736320165	24.362866087079382	5.5191780398528806E-5
35.0	25.421755246783277	22.748649766054115	26.7341132803817	25.09537247559912	1.0923118178854045E-4
36.0	24.47698950268163	24.247244699498165	26.26501526902516	25.01069595758289	5.457121215759293E-5
37.0	25.565620610176886	26.785592515308977	19.9932354104442	27.655551464069937	0.0
38.0	27.056999995636865	25.508196149097053	20.38216699462898	27.05258232144961	5.453918749700035E-5
39.0	22.880063427287364	27.001255786131388	22.557692276233688	27.560661340708464	3.271696390937183E-4
40.0	26.120721662805668	26.168645690953806	22.439458431221386	25.271119693940474	5.452107866682878E-5
41.0	24.176044030087517	24.61951763591226	21.39249076800797	29.80709579575029	0.00485177024196705
42.0	24.982543583806333	26.069665409150595	20.53490492862356	28.412886078419508	0.0
43.0	27.095955246755455	25.020983533648867	23.05997693446379	24.81937810256533	0.0037061825665532285
44.0	29.23680067400582	24.740558441721223	22.23129276909688	23.79118462734857	1.6348782751380247E-4
45.0	25.33530726214367	24.670441251552237	22.481755961154214	27.50895378685383	0.0035417382960533593
46.0	25.31808674493728	24.451857796578125	22.133977543100325	28.096077915384264	0.0
47.0	25.83654980238123	23.570212545727433	22.84930581470414	27.741916152984984	0.00201568420221126
48.0	21.72567776666102	24.630364796055918	22.448745062135533	31.19521237514753	0.0
49.0	21.122057031944795	26.983567685201876	23.16339351018054	28.729239042173532	0.0017427304992541656
50.0	26.44479671693175	24.32453626279794	20.37971367906984	28.85095334120047	0.0
51.0	24.773779432632608	27.522349797057633	21.203366000864694	26.498108884268945	0.002395885176113896
52.0	22.54905263066395	27.246783247024464	21.02586223756924	29.178301884742346	0.0
53.0	22.476626515174118	23.83241068982633	24.55671070582906	29.132407706265752	0.0018443829047403353
54.0	23.037684379422515	29.25482316987506	22.4066732156292	25.30081923507322	0.0
55.0	23.75483940030092	27.896138805975795	22.6665318671908	25.680868007705193	0.0016219188272878111
56.0	25.983903374842498	25.742491836279086	24.635598850349172	23.63800593852925	0.0
57.0	22.835373005414745	28.49409826531484	22.587769318330455	26.077894898423576	0.004864512516390705
58.0	24.995406190077805	25.397661804794424	22.222582521039648	27.38429543926551	5.4044822614083215E-5
59.0	28.183681101213313	21.40426097614225	24.252891700910258	26.156410162186	0.0027560595481791635
60.0	22.35691762774826	23.678998747354328	24.909561142067297	29.054522482830116	0.0
61.0	25.47587104228135	24.385998536902715	22.987309925576398	27.14488172397131	0.005938771268224604
62.0	26.085740661761132	21.280495376093892	24.983615230547475	27.650040759475903	1.0797212159820335E-4
63.0	27.32095863012737	23.87765292709326	22.51695741011156	26.28189383163242	0.0025372010353939545
64.0	24.957220011982706	21.569734613212873	24.292244429980904	29.180800944823517	0.0
65.0	23.647796844661766	27.150411926583757	22.954590023683355	26.24278347294085	0.004417732130273533
66.0	24.220486948183304	24.717670794152742	22.658524825522356	28.40261709732768	7.003348139129591E-4
67.0	26.174683559305322	25.93965257647934	21.70112225543553	26.183787441060446	7.541677193591082E-4
68.0	23.66401193685747	22.093420992385944	26.86110744518391	27.38129802551665	1.6160005602135276E-4
69.0	22.81173123962081	24.88177889434785	25.313025356063818	26.990501912491332	0.0029625974761901424
70.0	25.69600010324257	23.455367484398003	24.152093511957318	26.696216267372446	3.226330296639562E-4
71.0	24.51554007947335	22.731919222998705	26.277076071102545	26.474606961771208	8.576646541922915E-4
72.0	27.029065164947717	26.44850150581019	22.039390643985094	24.481863549317094	0.001179135939902657
73.0	24.01395120508143	22.685124645485473	23.55042949046375	29.746153664763774	0.004340994205576623
74.0	24.202539676755748	26.813004148127984	23.305234379144576	25.6783108261264	9.109698452905271E-4
75.0	26.47581426452559	25.005411997702314	21.04088255214808	27.475426315383363	0.00246487024065707
76.0	26.601011088755588	24.55091745454253	24.602248828567678	24.245072482793542	7.501453406597528E-4
77.0	23.97777065756804	25.75223884755476	23.128846386713832	27.140661886600775	4.822215625907514E-4
78.0	26.690140920532222	28.348215481649042	19.686387254465984	25.27514918759865	1.0715575410326171E-4
79.0	27.12707280000986	20.519025747161663	22.570247902889744	29.78070685353365	0.002946696405083962
80.0	23.631766964825285	23.583496556246544	28.897259569434386	23.88538751333999	0.0020893961537967005
81.0	24.750725911004917	25.24648830506477	21.911047776194405	28.091362998360676	3.750093752343809E-4
82.0	22.5857015740772	22.53502339178467	23.94945895951156	30.92901250936823	8.035652583381949E-4
83.0	24.084899080426027	23.361871589631946	23.928422581899724	28.62421748358363	5.892644586748836E-4
84.0	24.25561479508616	26.732568784487327	23.583826733211595	25.42750758111837	4.82106096552995E-4
85.0	25.283186234152044	27.703211934772487	20.44811640377721	26.56505690507322	4.2852222503737516E-4
86.0	26.277106407412127	24.94475075977748	22.598358644966186	26.178498698978142	0.001285488866059559
87.0	21.786888757966903	22.829682395158265	26.192062556906432	29.190616464035134	7.498259332654919E-4
88.0	25.47870169737334	27.22261436410356	24.853875081805317	22.44454108153326	2.677751845238797E-4
89.0	26.33085742744989	26.33187492301843	22.979708996267398	24.356648262492435	9.103907718507173E-4
90.0	22.782331911758092	26.149505304667635	25.09140992989228	25.976752853681994	0.0
91.0	26.70944049709317	25.134819493685935	23.387293259373376	24.768018368971944	4.2838087557838114E-4
92.0	26.584732063352334	24.01360686275927	21.712669878297504	27.68899119559089	0.0
93.0	25.48120091814886	26.380395690675712	21.844050692011603	26.294245613922367	1.0708524145847958E-4
94.0	27.907416281391967	23.225438570659872	23.080180862711924	25.78289514192476	0.004069143311479535
95.0	23.50179169827726	27.903592551803452	22.843791643667004	25.74857544862058	0.0022486576317030742
96.0	26.074109845067778	24.341742828247895	23.85856672568286	25.724991688300285	5.889127011873016E-4
97.0	25.231565005765706	25.460587106023635	23.825793306216145	25.481947512288926	1.0706970559043053E-4
98.0	28.24998728596933	23.46073238169929	23.813352676504206	24.475927655827174	0.0
99.0	21.86336221640409	22.415632509272758	27.48407880276665	28.236872941432157	5.353012434512584E-5
100.0	22.617192016340724	25.43239111537424	24.211814907912146	27.73860196037289	0.0
101.0	24.275781007887822	22.078088210657366	27.199740087768546	26.44628364581499	1.0704787127279384E-4
102.0	24.158533602184352	24.919320606980953	25.192525199430253	25.72962059140444	0.0
103.0	26.626955774803925	25.59249239365161	24.511307168030054	23.269084107347854	1.605561665609672E-4
104.0	26.433512168363592	27.019948356367816	22.718167587600178	23.82767617034371	6.957173246993029E-4
105.0	27.071759928242212	23.90211869577224	20.289824822799794	28.733299509555216	0.0029970436305330242
106.0	26.383424857896543	23.437370386286997	24.47615321752412	25.70299802037213	5.351792020799204E-5
107.0	26.082577399587915	24.48979154959728	22.30408605603275	27.123063337882314	4.8165689973508864E-4
108.0	23.627761585832086	25.46103347478917	24.253263552498023	26.657887879441315	5.350743940683793E-5
109.0	26.389998336052184	25.32100549530804	24.778590609448976	23.509924030884154	4.815283066415059E-4
110.0	25.418542952112787	23.857790893571078	22.875479559567573	27.848079594984494	1.0699976406552023E-4
111.0	25.41880955527248	23.42942069916706	24.62481950515925	26.526415242725772	5.349976754351003E-4
112.0	25.48106887193235	23.870934607588286	24.291483680652334	26.356405843497537	1.0699632949091681E-4
113.0	29.056607407280605	22.137264510275525	21.842447638041275	26.9633059718739	3.7447252869529494E-4
114.0	26.381746232573867	22.735251146584694	27.541785542520596	23.340521611108645	6.954672121982809E-4
115.0	26.419461148323307	23.373386975967815	27.317779109332534	22.88899826660104	3.7449977530013484E-4
116.0	26.082806807299498	25.208782507744075	24.948613555749343	23.759743629525403	5.349968167689403E-5
117.0	26.296853675669286	27.536476893553758	23.078252319043955	23.087935621552997	4.8149018000777876E-4
118.0	26.885364650596454	23.203977714697192	25.353704819244882	24.556257335971164	6.954794903098308E-4
119.0	27.566178044083028	21.6152899636208	24.49893002353948	26.319280975818533	3.2099293815536056E-4
120.0	25.77466461516074	24.505562819522407	24.412956158690687	25.30676290768865	5.349893751110103E-5
121.0	27.373876960988085	23.51265042289344	23.532606049711447	25.580438563687075	4.2800271995728533E-4
122.0	27.70518974420431	22.791186144703364	24.907444461326765	24.59527014447224	9.095052933208071E-4
123.0	24.554468264273307	27.605660477291806	22.784753240875233	25.05469002033522	4.2799722443799955E-4
124.0	24.747749810611737	25.906228198949698	22.010875380381513	27.33509311054711	5.349950994448891E-5
125.0	27.175895387324868	23.22520796118593	24.612311345005587	24.98599682541211	5.88481071506335E-4
126.0	24.25293585495959	23.308048236240094	26.35151509963798	26.08744731082587	5.349833646922749E-5
127.0	25.783482261076763	22.548122215796596	27.793003721811573	23.874963822408013	4.279789070595656E-4
128.0	27.138348747145187	22.452467912932246	24.643927304087125	25.756161289442442	0.009094746392996832
129.0	23.667589340072738	26.826631200627432	23.035181783067248	26.467922743667632	0.0026749325649500374
130.0	26.637548744610605	24.561291817111343	23.555824716814477	25.245334721463568	0.0
131.0	25.750489519468427	23.668560545265837	24.594795578809958	25.985779860687575	3.7449576819781935E-4
132.0	25.378509842860904	26.861358933260288	22.520078409049567	25.233900358019483	0.006152456809753195
133.0	27.120589094434226	25.278064000462237	23.229084076709817	24.370871839646817	0.0013909887469010377
134.0	26.747736300774406	22.97682132491607	21.2032581218987	29.072130752872255	5.349953856647986E-5
135.0	25.864049351779084	23.496557070350683	26.65230396219117	23.98682212056219	2.674951168766414E-4
136.0	27.210488021485357	27.056784258337878	23.91754673172193	21.809135556768208	0.006045431686621941
137.0	28.94142848812108	21.32679489244047	23.95242545947331	25.77919065928863	1.605006765103515E-4
138.0	25.125894825592937	24.152814624717596	27.21532361911579	23.504950463268347	0.001016467305329124
139.0	26.568956625387063	24.24063933096655	23.93714115741246	25.25251390431435	7.489819195764614E-4
140.0	26.920120073208064	21.525546051156834	25.470617533876922	26.083555844688057	1.6049707012598486E-4
141.0	25.404897016283616	25.80336072682178	24.417030150670428	24.374444609103783	2.67497120393499E-4
142.0	28.231764372923195	22.5165141290967	23.50342962094677	25.748131376872035	1.6050016130266212E-4
143.0	26.250268837626358	25.42273044868331	24.436029484933858	23.89086422870619	1.0700005029002364E-4
144.0	29.595030409902375	24.101452655997875	22.31548615183123	23.987602775197846	4.280070706768076E-4
145.0	28.571994153410902	22.56714910300226	22.099817882601688	26.759915340020246	0.001123520964901205
146.0	27.74586142584593	22.01900143489831	24.0638117790064	26.166349762080802	0.0049755981685518655
147.0	26.90148742043141	23.96923294217347	26.81133910639213	22.314516500083993	0.0034240309189991986
148.0	24.71933556466731	23.902166562518726	23.81988255536248	27.558080310903005	5.350065484801534E-4
149.0	27.296447923711042	25.323577500235405	23.905143855023585	23.473065169193365	0.0017655518366019227
150.0	25.39332058556963	25.29621429939553	23.268538740325482	26.04192637470935	0.0
151.0	26.084532603124362	23.88818086582838	25.53564530505807	24.491427213980977	2.1401200821378086E-4
152.0	27.342141124767057	24.3235651491391	22.700314120662785	25.6339261016561	5.350377495884222E-5
153.0	25.925262077109227	24.052292897152558	23.96417142542232	26.057738557986017	5.35042329873928E-4
154.0	23.149153830102566	24.699867844473815	24.93673121064093	27.21157190170197	0.0026752130807218793
155.0	26.960051236804887	22.80374901884408	25.27864293094214	24.957503307973543	5.3505435349649997E-5
156.0	26.228503857801748	23.2940597343949	25.73522959538562	24.7416717497619	5.350626558369985E-4
157.0	23.907328742825438	23.093279626994924	26.699409126831462	26.29955445070412	4.28052644054429E-4
158.0	25.157018673156095	21.406763173355678	26.303958614918194	27.132099015135218	1.6052343481624882E-4
159.0	26.513345629408704	21.776520702941692	24.238839224801474	27.471026904219563	2.6753862856488536E-4
160.0	26.387718399873293	20.972113199531055	25.817375889370997	26.82273900315537	5.350806928438843E-5
161.0	25.316860731100586	20.331203538374034	28.64029330920481	25.707682832668315	0.0039595886522469865
162.0	26.12589907655033	22.860703465531433	24.772294583548703	26.240995857372024	1.0701699750971447E-4
163.0	24.977151308636056	23.53468720302052	28.769017388549756	22.719090589977824	5.35098158406178E-5
164.0	25.87431559480644	24.663255521260975	24.2735887019097	25.187288364148515	0.0015518178743733867
165.0	26.789099912827986	21.31454755904981	27.09438925809605	24.801535169279063	4.281007470893163E-4
166.0	24.532984851306487	23.073288253287355	26.43267211651458	25.960894237417293	1.6054147428446665E-4
167.0	26.37166749258016	23.401643335948428	26.373379969796183	23.853041627110226	2.6757456500402964E-4
168.0	25.778927066096685	24.86123271161878	23.850313283342146	25.509419906710708	1.0703223168624999E-4
169.0	26.759405590344993	22.05269025117431	25.894507110620413	25.293236494958904	1.6055290137823963E-4
170.0	32.14447989133664	21.63783908466741	22.510132334469525	23.7072810984933	2.6759103313151616E-4
171.0	25.882967444932103	23.826193153326336	26.652919873463855	23.637544907647985	3.7462062971587167E-4
172.0	27.786400609073286	24.668591689231377	23.667505051980424	23.87744914714224	5.350257267120689E-5
173.0	28.707770731169703	20.11136660564045	23.903213346016514	27.276204804129385	0.0014445130439527869
174.0	24.474587660386987	26.864014731822095	23.205241310092124	25.455567795218258	5.885024805379554E-4
175.0	25.571442711273164	25.183659384137158	22.412463852633778	26.831524516006493	9.095359494084004E-4
176.0	24.59170150189643	24.252061355660697	28.87037549283401	22.284631069368878	0.001230580239984548
177.0	22.803792026086366	25.26811670587933	23.999648985562928	27.903614432044193	0.024827850427183502
178.0	24.265485958673434	23.233418630069856	25.369885205180292	27.130996206319306	2.139997571102757E-4
179.0	26.59847122061573	24.497763975554086	23.644982027264625	25.257712652399057	0.0010701241665070397
180.0	27.17613340561081	21.84500775551608	25.779872154745355	25.19893301273622	5.367139153816841E-5
181.0	27.468552537705506	21.825025389689394	26.13914893868679	24.566627975056008	6.45158862305357E-4
182.0	26.38392314698226	22.720361554996167	25.47680979114672	25.41879797802756	1.075288473015098E-4
183.0	23.637826070359207	23.724550556934652	26.537746658042604	26.09939282106206	4.838936014749077E-4
184.0	26.006084413985338	22.378072451627403	26.884764984401833	24.726776690822945	0.004301459162484394
185.0	25.48997366952621	25.8768671359347	23.23570235920615	25.397026774511584	4.300608213516597E-4
186.0	27.13769835915042	23.000065051210356	25.024447965214268	24.837788624424956	0.0
187.0	25.16506605065706	21.79108850685713	27.353971953178817	25.689388753372285	4.847359347136099E-4
188.0	28.319775242529406	27.172988598923077	22.77947773835641	21.727542970161785	2.1545002932813525E-4
189.0	25.247481020799285	22.975632720820723	25.376648392194802	26.399160573679804	0.0010772925053837694
190.0	29.357348939131782	20.311580884333367	25.67760034992383	24.653254356271585	2.1547033943042568E-4
191.0	26.75319227857847	23.12264258772431	24.960372829671098	25.16341490240394	3.774016221800012E-4
192.0	27.38159168893461	22.64655326729513	24.311580840725426	25.660112450422822	1.6175262201000278E-4
193.0	27.722298704793275	24.607094383087627	22.043049891261738	25.627233475315904	3.235455414615523E-4
194.0	27.711825700297823	22.378146534222072	24.706639826882313	25.203387938597793	0.0
195.0	26.378841396227088	21.076515915174443	25.293739155854205	27.250687795930233	2.1573681403109092E-4
196.0	28.479656808236513	22.241611893101044	26.367282933536355	22.91139425441665	5.4110709429278115E-5
197.0	25.819000298197125	23.628414992983437	24.22708225207561	26.32506950266023	4.3295408359585684E-4
198.0	27.625537736253	22.976710606974624	24.417304470507638	24.980392985810862	5.420045387460074E-5
199.0	25.840561531445445	23.224612034943064	25.265058074567737	25.66944241787505	3.2594116870551923E-4
200.0	27.388722584711	22.464483041501193	24.09530225407053	26.05143779167368	5.432804359282218E-5
201.0	25.304704287565432	19.70862049762164	30.471732711057264	24.51488817231759	5.43314380716686E-5
202.0	25.172500541993198	25.25965413498701	29.57109456545186	19.99669642241021	5.433515772681261E-5
203.0	25.404378076789712	24.29686965009516	23.357840766179745	26.94047672101853	4.3478591684936735E-4
204.0	25.126806434570486	23.496911640972012	24.396188306196503	26.980039264881412	5.4353379584435796E-5
205.0	27.481040922907003	23.349831933869346	25.78385565010936	23.384782296744344	4.891963699455144E-4
206.0	24.80109719981387	21.051298331369132	25.802188746200244	28.345361362736952	5.4359879799433785E-5
207.0	27.008961215545966	23.74257286865999	26.61110781892288	22.637249364048905	1.0873282225282448E-4
208.0	29.351880651033905	21.930524772653616	21.41324514258495	27.304349433727527	0.0
209.0	27.507321490239374	19.601090949631956	25.800360568098696	27.090846301729695	3.806903002830704E-4
210.0	24.087131478849454	24.81692587775767	25.81678282347809	25.2788878536038	2.7196631098912514E-4
211.0	25.583639963416577	26.648552686057762	25.241853741394817	22.525518351286813	4.352578440264397E-4
212.0	29.58160961079293	21.63712867056975	25.169660015968642	23.611492850304597	1.0885236408285624E-4
213.0	30.347361422183887	20.617658478305497	23.94184885865561	25.093022331349545	1.0890950545827213E-4
214.0	29.179306132168257	24.6522024138087	25.128229159798625	21.040207803983346	5.449024107027552E-5
215.0	25.653542782828037	24.09173093263929	23.230491404795675	27.02401658190344	2.1829783355772534E-4
216.0	25.558334827153512	23.58853297665504	26.72649301581611	24.126584023937895	5.5156437445705376E-5
217.0	29.556320318551776	23.216247650036955	25.175567486943418	22.05164258810003	2.219563678172145E-4
218.0	25.010615473696284	24.5315625026224	26.220415835657363	24.23718240992232	2.2377810163441933E-4
219.0	26.757839753733236	22.110226861222984	24.365280634626153	26.76637028257518	2.8246784244847644E-4
220.0	28.23814175277008	21.718910416945242	24.230735235125206	25.81204261693935	1.6997822012406144E-4
221.0	25.293537013126933	22.235196549629087	24.551599814587142	27.91960946702949	5.7155627343023494E-5
222.0	25.841178096563155	23.132823243389538	23.855370515385506	27.170570437827525	5.770683427809039E-5
223.0	29.785342028447747	22.602392765522122	25.10961462296001	22.50235978953527	2.9079353484549853E-4
224.0	30.545768904547533	21.296859417088424	25.009495381632785	23.147701535106116	1.7476162514330453E-4
225.0	30.52727303582704	19.649717441388912	25.380767990618246	24.44165634295365	5.851892121539118E-4
226.0	24.979864896121843	22.129339129712772	26.494653373741926	26.39608329231189	5.930811157041949E-5
227.0	27.36640143245624	22.98219723083994	26.555498104102032	23.094766172584166	0.0011370600176184458
228.0	27.62125058655084	27.16951620083501	24.150794701189945	21.058258034242538	1.8047718166833108E-4
229.0	27.79274171542916	25.355061698450715	22.218779371191218	24.6334172149289	0.0
230.0	26.568485726819603	21.354843203360897	27.930367457564152	24.146303612255345	0.0
231.0	24.242629465486743	25.524221131878992	25.026732186671126	25.2053609761644	0.001056239798742826
232.0	25.69507368615893	24.24755197614728	24.579979201411753	25.477270069605858	1.2506667617173404E-4
233.0	24.27072591159657	24.665034331643742	22.446486940791623	28.617435898736073	3.16917231994189E-4
234.0	27.001750688782394	20.64924219449708	27.683160743363448	24.66481617767785	0.0010301956792305468
235.0	26.153557709836406	21.706639367287583	28.0885179771731	24.05115519580233	1.2974990057913868E-4
236.0	27.720665075622897	24.220544495414657	24.546308730138858	23.512349917175236	1.317816483512139E-4
237.0	28.712487345569386	23.730931884908202	22.618805315326462	24.937708939448967	6.651474698455394E-5
238.0	26.676924342449045	22.215644483880908	25.41424580798413	25.693185365685917	0.0
239.0	27.66745951742334	23.236021047246883	25.28637687264829	23.809390289105576	7.522735759119266E-4
240.0	26.4566151922511	20.828058930625705	26.429721018711867	26.285604858411325	0.0
241.0	28.780576168350773	21.32698315138939	23.66065387044388	26.22953130638759	0.0022555034283652108
242.0	26.313967812662465	24.55372279107615	22.431327840690763	26.700204561379714	7.769941909088855E-4
243.0	27.670638515121237	23.31730310287844	24.687827702246423	24.321826498741693	0.002404181012202633
244.0	26.808838614248554	21.564099221889116	25.953370019211913	25.67262953874403	0.00106260590638867
245.0	27.28801725650297	22.061419115824403	23.963427236949485	26.68557381636768	0.0015625743554558349
246.0	25.087598748650276	26.583997348208406	23.574341924625955	24.751785762553688	0.0022762159616799044
247.0	26.021020710765363	22.12646769834546	25.92012813926595	25.79935631109398	0.13302714052924425
248.0	27.051582419541763	21.685727021485246	23.637835428367655	27.61465632522065	0.010198805384683962
249.0	25.815053006868798	20.689339562873883	29.652384200763965	23.826419487192688	0.01680374230066829
250.0	26.577772107588025	22.589701486011794	23.82478349152924	27.007241198643072	5.017162278680429E-4
