# Position (bp)	A	C	G	T	N
0.0	23.55004759309888	24.67333827584352	25.06413959395018	26.71247453710742	0.0
1.0	22.775870433257452	29.73443855655484	24.65761092659626	22.754879277531067	0.07720080606037989
2.0	24.177759554948818	27.80661333383032	22.10299729297805	25.91123204443057	0.001397773812241703
3.0	26.496962078357427	21.979421281746863	24.308727331983146	27.20697441627674	0.007914891635821868
4.0	25.97091443671145	23.015138263426255	24.107009937102237	26.906472142617886	4.652201421712755E-4
5.0	27.93075403741141	23.229232020448475	22.865574532357382	25.97281282676891	0.0016265830138259556
6.0	25.66423818172119	23.583441768549378	23.932753929761812	26.8135354983265	0.006030621641117706
7.0	25.492498459856687	25.140697302780595	23.088253685921934	26.277855749945573	6.948014952128177E-4
8.0	27.62618267325816	24.33807328408228	23.39448054953804	24.641032050213855	2.314429076635376E-4
9.0	26.496668422560465	25.509209200883493	22.64802646778859	25.34586487011007	2.3103865738815417E-4
10.0	25.30203372065373	23.84086695740707	23.41791585766495	27.43918346427425	0.0
11.0	26.56930852203729	23.45413065218944	23.198532038002714	26.778028787770552	0.0
12.0	27.494200557274723	24.855729233153003	20.91012734563798	26.739942863934292	0.0
13.0	25.182186587840853	22.69729886448108	25.33892264127499	26.78159190640307	0.0
14.0	25.677173880220355	22.902260050300033	24.008774465184697	27.411791604294915	0.0
15.0	24.426196019015435	23.653747121936274	24.846255006022123	27.07380185302617	0.0
16.0	26.532998114393465	24.64131573433899	21.85711292688037	26.96836371254976	2.0951183741881418E-4
17.0	27.536983633957224	26.358570919861762	19.284595418496036	26.81861500999335	0.0012350176916284326
18.0	24.795032122365466	26.078495900642444	20.46244759547282	28.664024381519265	0.0
19.0	24.585767997526002	24.86714464753658	21.759183905988053	28.787496541284852	4.0690766451276873E-4
20.0	23.079142787957057	26.164339333279525	23.67180563403019	27.084712244733232	0.0
21.0	23.70427317573195	23.78615702479339	23.48865238003716	29.02071721442757	2.002050099301685E-4
22.0	21.863770820511803	27.34748168589069	26.163864128168985	24.624684838498343	1.9852693017807866E-4
23.0	24.86550290347646	24.597398437639022	23.217530394070067	27.319370547656757	1.9771715769722778E-4
24.0	27.347452534154463	21.823816021031984	24.672256142322173	26.156475302491383	0.0
25.0	24.35500596005311	25.41793055326737	20.55123222886604	29.6756374349482	1.9382286528341747E-4
26.0	26.83608248416547	25.289938204359437	19.711170453778596	28.162616047585537	1.9281011096221884E-4
27.0	24.638339217515945	24.26258525651509	20.45829284951564	30.640782676453327	0.0
28.0	27.3074356249085	23.31383177961026	23.280558085412622	26.09589288532364	0.002281624744980901
29.0	27.273962417961485	23.70030984990584	22.622817181007445	26.402155740148775	7.548109764612197E-4
30.0	24.644539991828076	24.02114954248464	25.07712723087938	26.25699580532824	1.8742947965827856E-4
31.0	27.548544822601524	24.47981353409297	22.03020732752744	25.940874021586268	5.60294191803643E-4
32.0	24.446661527623586	22.147554467094757	24.83098326614465	28.57406307745079	7.376616862208485E-4
33.0	24.021461821807712	24.047759493185435	26.07395854829549	25.856820136711367	0.0
34.0	25.48019397827429	26.502761420841985	23.27413460093803	24.742909999945695	0.0
35.0	26.00049433662175	21.618450935299215	25.951060674447096	26.429814946160295	1.7910747164728724E-4
36.0	24.307402145165504	24.282171219566315	27.044331273105982	24.366095362162202	0.0
37.0	25.686248555595704	24.729274810662297	21.78108018187867	27.80339645186333	0.0
38.0	26.650345761184262	25.007644836114384	21.978322642484546	26.363686760216808	0.0
39.0	23.115266134237284	28.016191002336754	21.217257291404074	27.651285572021887	0.0
40.0	26.313296343434057	26.85044831185917	22.58129674384018	24.254779848131676	1.7875273491684422E-4
41.0	24.22130795956592	24.462046582119214	21.03826796871649	30.272837105560402	0.005540384037974864
42.0	24.73257397327348	25.213279627730106	21.66606504001115	28.38808135898526	0.0
43.0	26.010853192436002	24.489190584846625	24.040696791393206	25.454792361668254	0.004467069655910558
44.0	29.187621822781463	24.16428008654219	23.255086854841736	23.393011235834614	0.0
45.0	24.118214457960452	24.43956200989586	22.78084418484183	28.657092331600666	0.004287015701195006
46.0	24.762358942483896	23.901278492814505	22.477754082139324	28.85860848256227	0.0
47.0	25.288339613880307	23.749218652331543	23.591163181111924	27.36949261514832	0.001785937527905274
48.0	22.350051060122404	24.45672743892424	23.37839478401211	29.81482671694125	0.0
49.0	22.53455250445407	26.310424484345603	23.813111207115085	27.33994808644642	0.001963717638825911
50.0	26.226461909751542	24.92855345058719	20.271720018778705	28.573264620882565	0.0
51.0	24.313143175336336	28.112317198102467	20.542703451328382	27.02951601446352	0.0023201607692939215
52.0	23.51503334715015	25.928232022870684	21.193452608620625	29.363282021358543	0.0
53.0	22.914962661211483	25.038367845173106	23.66777083263103	28.377301848930937	0.0015968120534470738
54.0	23.8836236414538	28.092056474361932	22.186128369531662	25.837836687045602	3.548276070071356E-4
55.0	24.158102347301575	28.019563794597847	22.60874179682663	25.212353846425984	0.0012382148479649054
56.0	26.3103533656397	25.267411835449753	24.531144989565277	23.891089809345264	0.0
57.0	22.313272101601765	27.87169629815633	22.959246828481596	26.84994924863219	0.005835523128123331
58.0	25.44136810409303	24.824999867390655	21.943133576509403	27.790144827086255	3.5362492065540844E-4
59.0	27.0939226519337	22.278011049723755	23.97100552486188	26.654232044198896	0.0028287292817679556
60.0	23.577634578601526	22.212439036440504	24.621867125907837	29.58788280880557	1.7645024456003895E-4
61.0	24.64880925075778	23.49158236089106	23.522811078608154	28.33044570613953	0.006351603603476444
62.0	25.35711135806389	21.80081494417103	25.056181757245415	27.78571554567744	1.7639484221481364E-4
63.0	27.54984151957767	23.42952692226963	22.23911582564155	26.778869982555687	0.002645749955463209
64.0	25.52011095700416	21.44131601475911	23.45460905762135	29.58396397061538	0.0
65.0	23.986669385287108	26.249042037840386	24.390595448185675	25.367716850993823	0.0059762776930161925
66.0	23.97615900558235	24.09954722499543	23.307366733692366	28.61639973564689	5.273000829618797E-4
67.0	26.244968979032286	24.064537673339544	21.56774522382551	28.122045099038612	7.030247640473136E-4
68.0	23.893764872531204	22.91204600335324	26.907462539674732	26.286726584440828	0.0
69.0	23.340175314039886	24.201632234164446	25.16273135618836	27.292297851102564	0.003163244504741352
70.0	25.731109033601285	23.203426604949424	24.481562879849577	26.583726082083466	1.7539951624813419E-4
71.0	24.81261073002317	22.475355471766683	25.89134392614155	26.81946681855826	0.0012230535103382966
72.0	27.120174830244515	25.35737307425569	22.402483400035987	25.118745862018965	0.0012228334448440975
73.0	25.599263627090696	22.6275727639834	22.195110875124012	29.573336873139855	0.004715860662036973
74.0	24.70488008407557	26.345889968541492	23.715909765405417	25.232621879899025	6.983020784961366E-4
75.0	26.33899660134096	23.849788696622113	22.50690816289125	27.301513599000128	0.0027929401455470933
76.0	26.257195820576644	24.67036247037015	25.029411662029453	24.04250639725468	5.236497690704518E-4
77.0	24.377030095594485	24.438816562263828	24.75525403139241	26.427852082500642	0.001047228248632931
78.0	26.7831088958233	25.929338834321136	20.597464519326756	26.68956417935454	5.235711742654297E-4
79.0	27.25302264540809	21.238097897411553	21.69673023762321	29.808658866891914	0.003490352665233295
80.0	22.561460820036018	22.930714355516464	28.844180592201702	25.661026650472564	0.0026175817732545965
81.0	24.90049191284121	24.28904721769979	22.37950403878067	28.429909836337337	0.001046994340995587
82.0	22.718215193053965	22.3469038778302	24.242545855551523	30.690939166364224	0.0013959072000893382
83.0	25.716010545398078	21.953062160969118	23.51393461643819	28.815945814380754	0.0010468628138625574
84.0	24.07784132345603	25.17071843061173	24.829456038913683	25.921635267967748	3.48939050815994E-4
85.0	24.99097146984471	26.334521435562465	20.893850655026405	27.779609653461463	0.0010467861049612427
86.0	26.08967951167006	24.693354546866033	22.60567078202223	26.609201718714836	0.0020934407268426206
87.0	23.191194299320557	20.62623742946107	25.612587546771564	30.569108527469847	8.721969769652778E-4
88.0	23.994313771661304	27.947289012148644	25.500989857233808	22.557407358956247	0.0
89.0	25.62401346484229	27.01253172173822	22.69366611725924	24.668393375716192	0.0013953204440607314
90.0	24.012605994649256	25.45319143741127	24.46501260948275	26.06918995845672	0.0
91.0	27.22831934956741	24.013826226929403	24.20304742040066	24.55410941344918	6.975896533502616E-4
92.0	25.23451192396565	23.556350002179887	23.67109909752801	27.53803897632646	0.0
93.0	26.22797304013462	25.999529161471457	21.013697913487782	26.758451115625736	3.487692804017822E-4
94.0	27.916417452381907	22.944919428949078	23.65672773942445	25.47670405898139	0.005231320263170284
95.0	23.588370073550184	26.39802889695651	24.01575626955148	25.99505480517397	0.0027899547678583263
96.0	26.169179211956994	23.604325553335357	23.913991093628493	26.310934890030374	0.0015692510487827843
97.0	25.379572479687557	25.010984412595462	24.005300414966698	25.60379398123932	3.4871151096697704E-4
98.0	28.163204106254923	22.539594535221877	23.939961364381308	25.35723999414189	0.0
99.0	21.716285078215027	22.64757823681903	26.821661369813338	28.814475315152606	0.0
100.0	22.9580612433452	24.56288372968695	24.662771116681718	27.81628391028613	0.0
101.0	24.308330021405514	21.642402437578877	28.231395681246124	25.817871859769493	0.0
102.0	25.64129828475805	23.71304560033468	25.014293682889416	25.631362432017852	0.0
103.0	25.421628367449383	25.166978080205254	25.845522616989236	23.565696636733783	1.74298622343689E-4
104.0	25.99397973607749	27.347406179572587	22.547753381823128	24.109814912615537	0.0010457899112647259
105.0	28.266716402040775	23.154315037571706	20.24741024537086	28.32650343470402	0.005054880312635632
106.0	26.861600139445702	23.12811573993376	24.439253965487186	25.570855848004182	1.743071291615827E-4
107.0	25.30581865973164	25.02623294858342	23.616974547939186	26.04992801190854	0.0010458318372127886
108.0	24.24388722054807	23.5355734221979	24.2939083967603	27.926630960493725	0.0
109.0	26.51950455655302	23.34760687290973	26.26784410297165	23.86399878701056	0.0010456805550472386
110.0	24.699680204947676	23.27166894676763	23.923109767255426	28.105541081029266	0.0
111.0	25.69740591315865	23.59146399909377	24.66064255278361	26.049441883566715	0.0010456513972516796
112.0	25.497324078414696	23.50245111280347	24.535177346245607	26.46504746253623	0.0
113.0	28.54952094493568	21.93493634091852	22.848260310401194	26.666062547269437	0.0012198564751724355
114.0	25.934078190871052	22.616028902006097	27.985311980982953	23.46370954390111	8.713822387901031E-4
115.0	27.09801331197747	22.93396819974589	26.395291484900717	23.571681286371344	0.0010457170045784978
116.0	26.68812699120905	25.002962849354798	24.601583904408024	23.707151969771964	1.742852561644695E-4
117.0	26.124587375341168	26.7720638727286	24.49883750518504	22.603639811351666	8.714353935227949E-4
118.0	26.593013589045107	24.155804319144746	25.030543544375718	24.219941405194756	6.971422396740163E-4
119.0	27.342457826957634	21.112402769765428	24.75360207192118	26.790840184255977	6.971470997809215E-4
120.0	25.91293224093429	23.37381902217389	24.689821761885593	26.02342697500623	0.0
121.0	28.228482592267255	23.655902734206162	23.7596031845624	24.354965770137056	0.0010457188271217634
122.0	25.39907175187227	23.81620477927528	25.447871878752597	25.3359801592627	8.714308371487481E-4
123.0	24.64233368015072	27.6878782967258	23.065621683231992	24.603120659336447	0.0010456805550472386
124.0	25.058601068325796	24.745771573471362	23.45489242673777	26.740560653194954	1.7427827011389085E-4
125.0	27.507384526911043	23.016546568264395	24.155375674192058	25.319299101658142	0.0013941289743567402
126.0	23.722852890637796	24.43405400318568	24.77928541802453	27.063633416867365	1.7427128462334747E-4
127.0	26.125969130714367	22.630389360081836	27.817384318598076	23.425037336256338	0.0012198543493906827
128.0	26.129228452775344	23.651103741410648	25.397292884017837	24.810873077144265	0.011501844651903643
129.0	23.959417047001153	26.79088312534744	22.374646458837613	26.87104526198206	0.004008106831730962
130.0	25.624872568342578	24.106845672203082	24.045329945611734	26.222777548328185	1.7426551442308532E-4
131.0	25.513650289107996	24.239936985260545	25.36622089315028	24.879146233928278	0.0010455985528916027
132.0	26.1139215580351	24.54922967808717	23.284092909134948	26.045785404225143	0.0069704505176430825
133.0	26.623880165267654	25.722261817839637	25.131870831931995	22.519721812228482	0.0022653727322312005
134.0	26.71451772545411	23.34542679101669	21.17365787015739	28.766223356056486	1.7425731532209722E-4
135.0	26.504460014950936	22.773869661965893	27.48480946265489	23.236163846956753	6.97013471527871E-4
136.0	27.302128875653235	26.150999092130462	25.1063392295481	21.433214084698477	0.0073187179697179324
137.0	28.996654352826372	21.94953648846449	23.638217048860387	25.415417857391787	1.7425245695964315E-4
138.0	25.01951477896028	24.839177312675545	26.271771175277564	23.86831705940159	0.0012196736850175285
139.0	25.220666896655064	24.72305563976848	24.355248439737814	25.699635154771737	0.0013938690669092
140.0	27.433498798648632	21.840027738236078	25.709616212232355	25.016857250882936	0.0
141.0	26.492603627620092	24.514662066802572	25.56548708030596	23.427247225271376	0.0
142.0	28.351468371853954	22.46369362384242	23.8352775140042	25.349037783024208	5.227072752140923E-4
143.0	25.948356971111963	25.61992542774506	24.408300519218038	24.023242847684426	1.742342405129456E-4
144.0	28.162515725023784	24.395131079616537	23.22459689925182	24.2167108651638	0.0010454309440589902
145.0	28.75883386069333	22.26533641850546	22.720620008084637	26.253467333881602	0.0017423788349758156
146.0	26.981900673236414	21.5379897690367	25.476178860655395	25.998529473258714	0.005401223812776159
147.0	26.79272699396123	23.145421790444598	26.68906087204987	23.36947999679419	0.0033103467501106355
148.0	24.069505281021428	23.78045168327113	23.992668248708057	28.15702631973266	3.484672667273E-4
149.0	27.208463941650102	24.32651411266786	24.91301006940028	23.54974674038232	0.0022651358994419057
150.0	24.549338425672637	24.283454195081664	24.83978994100367	26.32741743824203	0.0
151.0	27.12286711422493	23.480604743792348	25.341636334807966	24.05367214411539	0.0012196630593679706
152.0	27.425708934094178	23.7621640458248	23.7949209391471	25.01703184213965	1.7423879426754367E-4
153.0	24.18516801934758	22.879067190315062	25.41721697373511	27.517328138666926	0.001219677935329191
154.0	22.989172669266342	23.720636049052306	25.319993448541428	27.96845542394558	0.0017424091943448365
155.0	28.183047445128285	23.072781258930377	24.138501857518243	24.605495187180683	1.742512424113584E-4
156.0	26.680235171935497	21.925391808014943	26.542052491993072	24.851449262735283	8.712653212006732E-4
157.0	23.81793755260145	22.96847310726253	27.071517065087274	26.141375278580774	6.969964679703986E-4
158.0	23.84149465224801	21.01305834259766	26.543773502054414	28.60132500182963	3.485012702871302E-4
159.0	26.147613114582697	21.70458208812177	24.584876233957466	27.562057278279735	8.712850583325347E-4
160.0	27.238287090444608	20.885800220962125	25.03511346091515	26.840624967326182	1.7426035193620677E-4
161.0	25.666114838372394	19.955563300514072	29.082338590223927	25.291278208591095	0.004705062298510064
162.0	26.102503602839057	22.257965018915996	25.65325963269339	25.98627174555156	0.0
163.0	24.814717357929645	23.58809660313704	27.876825598193268	23.720360440740052	0.0
164.0	24.876753292242384	23.641410893806558	25.517339927402503	25.96188195849431	0.002613928054244235
165.0	27.420692731822587	21.87022953973554	25.943984776350366	24.764047371759574	0.0010455803319369026
166.0	24.0628822969709	23.206188549301714	26.054747540229407	26.6760073470725	1.742664254819338E-4
167.0	25.919968492081196	23.22611114209235	27.03215620120455	23.82089281730984	8.713473120678118E-4
168.0	24.95255257558039	24.161675029148142	24.466140228270476	26.419457888123414	1.7427887757431686E-4
169.0	27.211506789151997	21.781405165367396	25.669460405763157	25.337104793972635	5.228457448199058E-4
170.0	31.60888789739425	21.697756414166676	23.796336156188293	22.897019532250784	0.0
171.0	25.542416452442158	22.921354189359942	26.937388349091545	24.597621018691996	0.00121999041436103
172.0	27.342102603246303	24.05223222532423	23.750396464408823	24.855094436950832	1.7427006981258998E-4
173.0	28.67040983120907	19.85811524346253	23.471628276575945	27.99810402093942	0.0017426278130369473
174.0	24.90223687604124	24.983270481461602	24.579845112540866	25.534298998320075	3.485316362166194E-4
175.0	24.99289830901331	23.703091806129937	23.47845181393744	27.82364105003947	0.001917020879842874
176.0	24.3495521935458	23.44661962331626	28.908307293345903	23.293952390828114	0.0015684989639192955
177.0	22.115426509929677	25.509554972681403	24.351978528542922	27.996200667497405	0.026839321348588758
178.0	25.294252921623144	23.177687649391284	24.138495738646263	27.38904103861351	5.226517257959986E-4
179.0	28.176705091927907	23.69879148604006	23.470714096541727	24.65152423300484	0.0022650924854685606
180.0	26.315863115955462	21.810079159918427	26.025528461541153	25.848354362190733	1.7490039422548857E-4
181.0	27.350511218777108	22.232015349705183	26.68746002680942	23.72878683009313	0.0012265746151622144
182.0	25.611031775930194	22.349333730495957	26.449103317768063	25.590355957001304	1.75218804482097E-4
183.0	24.32324457115022	23.705232687519384	26.25981030346889	25.710661099244614	0.0010513386168939601
184.0	25.040960697006497	21.863111541015893	27.49982914789484	25.59119209208841	0.004906521994361005
185.0	24.967761152188388	23.792444896099802	23.743035357605915	27.495882538458844	8.760556470547009E-4
186.0	27.412303373641333	23.14886041258899	25.21443378092096	24.224402432848716	0.0
187.0	25.030985469792462	22.346808716366482	27.937730193472394	24.68342079586509	0.001054824503573218
188.0	27.69140427896052	26.978478611350905	23.194961874739576	22.134627793024755	5.274419242487909E-4
189.0	25.70907645999775	22.706446213570384	25.164390401710364	26.418328738606956	0.0017581861145493417
190.0	28.843590762511294	20.73617172416946	25.60248696208719	24.81722305644546	5.274947865931925E-4
191.0	27.370831645145948	23.794810365176954	24.328042700864938	24.505962971444678	3.523173674846302E-4
192.0	27.432717868675425	22.39631320169049	24.93327719515826	25.237691734475824	0.0
193.0	28.061730592022382	23.33221157827413	22.296731816556047	26.309149821253325	1.761918941157193E-4
194.0	28.43082149420568	22.07936370892573	24.26564518033122	25.224169616537367	0.0
195.0	26.888136596816288	20.92744571778004	25.15618088610294	27.027355665951774	8.811333489587648E-4
196.0	28.484337494211182	21.839836251604076	26.1309845761172	23.544841678067545	0.0
197.0	25.23552175427245	23.215930445727903	24.628795793932387	26.918868081299863	8.839247673951975E-4
198.0	27.702932667763346	22.364782460718136	24.90214986669692	25.030135004821602	0.0
199.0	25.827297574611936	22.92888859646159	25.89985115845667	25.343251360824265	7.113096455366209E-4
200.0	27.905735977506392	23.183998378069795	24.06129900247736	24.848966641946458	0.0
201.0	25.17971665060095	20.57484429299594	29.131526622251787	25.11355673568403	3.556984672953044E-4
202.0	25.073411057457157	24.04823519995731	29.467047283657482	21.41130645892805	0.0
203.0	26.206733369388857	24.19978082035809	23.007813611909707	26.584960576129347	7.116222139990322E-4
204.0	26.24657953449644	24.06370872756904	23.45113849460376	26.23857324333076	0.0
205.0	26.975694030527915	24.432116403905038	25.150033004592174	23.441266949325943	8.896116489307757E-4
206.0	26.034029922986036	21.509993309322816	25.591840220934703	26.864136546756445	0.0
207.0	26.541126974126794	23.192986577539536	27.37811758089604	22.887590897927367	1.7796951026350163E-4
208.0	28.47106275876554	21.72776173812126	21.926942232316723	27.874233270796474	0.0
209.0	27.09492382985314	20.425741005477985	26.03760350220668	26.441019542356013	7.121201061771079E-4
210.0	25.475452394221747	22.847889064372364	25.09423581299199	26.582066617642084	3.561107718166813E-4
211.0	24.853952196060273	24.840772272290103	26.491824885120934	23.81256011113882	8.905353898763937E-4
212.0	28.45105306296996	21.96019386336909	25.016749224902888	24.571647482270766	3.563664872955347E-4
213.0	29.995239530086348	22.281317027683826	23.435597260679412	24.287311297290454	5.348842599608821E-4
214.0	28.355008473820355	23.592721434305595	24.553741860672552	23.498528231201497	0.0
215.0	25.994157010247566	24.810370860098814	24.31505686640638	24.87987920914151	5.360541057277381E-4
216.0	26.065979165424793	24.321936997718566	26.216087818077703	23.395996018778938	0.0
217.0	29.120411772527007	22.95456987729514	25.606648683795928	22.31727685181981	0.0010928145621183116
218.0	24.39721074095885	24.304749115285336	25.248261299489442	26.049595388659874	1.834556064950623E-4
219.0	26.323112532834	22.44730770516836	24.64398102222866	26.58485567902748	7.430607415003139E-4
220.0	28.133328860211204	21.412462863767338	25.049483913534548	25.404537982398264	1.8638008864237015E-4
221.0	25.451559317898138	21.421264535020132	25.088735183429844	28.03825326363406	1.877000178315017E-4
222.0	25.145364783324194	23.875007093271794	24.560122571736624	26.41893808992377	5.674617436207842E-4
223.0	30.975446385853445	22.568656345090236	24.319560599391423	22.1353797868065	9.568828584004747E-4
224.0	30.157384895038387	21.953352098848757	24.296484917280893	23.59258634310214	1.9174572982259686E-4
225.0	31.21042435691086	18.950239501913124	24.504949063677632	25.333037770945577	0.0013493065528108947
226.0	25.631716894176336	21.96661892373798	26.359358101195525	26.04211121179348	1.9486909668430232E-4
227.0	26.46094438846202	22.901380841415794	26.739238254188187	23.896665197128105	0.001771318805894949
228.0	27.51818181818182	27.149604743083007	23.67707509881423	21.65494071146245	1.9762845849802369E-4
229.0	26.980559233119976	26.038284275176938	22.78800306592739	24.19315342577569	0.0
230.0	25.91009003041161	22.813324902391777	26.95773488703542	24.31864944345749	2.0073670370258852E-4
231.0	25.143364767536646	23.78035765469267	24.544495423101395	26.529546050531888	0.0022361041374025004
232.0	25.337686670085592	23.876403920454894	25.12049657460776	25.665004198736092	4.086361156685389E-4
233.0	23.637348080456135	23.83511989270311	21.58915954212829	30.937959168490426	4.133162220417408E-4
234.0	25.690512251682684	21.041429687680026	27.886953953280834	25.379637718046855	0.0014663893096029646
235.0	25.253196995946308	21.83445512345339	27.637759921382916	25.274164375786278	4.235834311105087E-4
236.0	28.339740973818166	23.637105607938313	24.342447217508965	23.68049141948925	2.1478124530166024E-4
237.0	28.57548732985747	23.2289561121184	23.107720068360646	25.08783648966349	0.0
238.0	26.631572951990396	21.77562805043681	25.00963872313206	26.583160274440736	0.0
239.0	28.469332006733676	21.735654290498672	25.436734077472828	24.356280842331557	0.0019987829632623693
240.0	25.810199536175976	20.854170971963903	27.49764643751005	25.837753438497398	2.296158526784689E-4
241.0	27.887795986014723	20.83930036848118	24.627553565394493	26.6432812525142	0.002068827595401686
242.0	28.072207586448293	22.423592048783185	21.380409351338407	28.123100163961606	6.908494685064756E-4
243.0	27.513271419252376	22.241815285816696	26.29020323769613	23.951713471037994	0.002996586196801951
244.0	26.863814343497772	22.399940897253572	25.613421864322255	25.121206804203684	0.001616090722715771
245.0	28.701017476159407	20.233848317856033	24.332671673075055	26.731074434465558	0.0013880984439416444
246.0	23.89734677325918	25.717066388599235	24.54501216545012	25.838489166956318	0.0020855057351407717
247.0	25.547980438663664	23.16496090758642	25.254932813187374	25.888046031055133	0.14407980950740534
248.0	26.231272862834643	21.68363661781495	24.29343647335679	27.778839208742053	0.012814837251566905
249.0	25.64902101280654	21.351700186484866	29.29329471377257	23.688245851937083	0.017738234998938042
250.0	28.072810298806694	21.202806298497894	23.437130819455067	27.28584896611902	0.0014036171213216459
