# Position (bp)	A	C	G	T	N
0.0	24.73750766493564	23.763136697030042	24.669809793625383	26.829545844408937	0.0
1.0	23.366132581387014	30.34263409828496	23.452333931063503	22.764458246085695	0.07444114317882719
2.0	24.989686696752344	26.949382596144506	22.281038234708664	25.779171262377165	7.212100173186565E-4
3.0	25.714683792733595	22.360207117471063	23.806786448242853	28.11154844451704	0.006774197035448028
4.0	26.201809416511896	23.68689615512192	23.617196129248423	26.49400229357248	9.600554528029539E-5
5.0	28.10522666827766	23.859442701598386	22.39514036023933	25.63951902243357	6.712474510576702E-4
6.0	26.677352145134925	23.505755706897276	23.821104131016504	25.989495404239353	0.006292612711939024
7.0	25.239622869494905	25.412393955328344	23.451591380501867	25.89581867704392	5.731176309609607E-4
8.0	27.63427706568829	24.48367621486618	23.89552529711343	23.986473767906745	4.7654425356729116E-5
9.0	25.94948812604658	25.667124942913684	22.089739686405846	26.29329045516822	3.567894656720962E-4
10.0	24.91619259376852	24.9545255999365	23.162261500020676	26.967020306274303	0.0
11.0	27.01187353421734	23.400073914348276	22.874476208471805	26.71348371846599	9.262449658586105E-5
12.0	28.30647499338032	24.534823391098353	19.93278199429257	27.225873928885807	4.569234294570767E-5
13.0	25.281387861763832	23.727345203655247	24.4668752451158	26.524278797903563	1.1289156155897827E-4
14.0	26.587262411512263	22.282091337080043	23.196887143541886	27.933692101312126	6.700655368766102E-5
15.0	25.924120966702542	23.354002645995152	24.370738950877243	26.351137436425066	0.0
16.0	26.407406057197218	24.69257883973738	21.720226129344734	27.17970217449422	8.679922644529392E-5
17.0	28.534701845595745	26.657701425443463	19.254481624315545	25.55194089857934	0.001174206065905838
18.0	25.28180084852102	25.976886665284443	20.12159183779792	28.619508867580446	2.117808161736162E-4
19.0	24.95364996521115	24.71608761062096	22.155779918831634	28.173892863821447	5.896415148058984E-4
20.0	23.157410360857355	24.919435889123033	23.962267110788073	27.960823890524424	6.274870711518049E-5
21.0	24.333793383094044	24.13611878091522	23.492741544819953	28.03697237956515	3.739116056345986E-4
22.0	22.952221783876748	27.263771405098925	25.615715899448897	24.168229172776236	6.173879919270347E-5
23.0	25.73735835634558	23.992887135418567	23.071038085664984	27.198306648139397	4.097744314687094E-4
24.0	27.764635313874912	21.821508971304247	24.422905143336727	25.99090998744736	4.058403675615041E-5
25.0	24.963368439332708	24.79139607550865	20.041775053877036	30.203179036576888	2.813947047144467E-4
26.0	26.20921100663595	25.585818566671186	20.052673392579905	28.152197077014545	9.995709841336099E-5
27.0	25.691018864221054	24.608284506659597	19.885377251507588	29.815259534890405	5.9842721359722377E-5
28.0	27.10806138522035	24.15181938908925	22.85138008563387	25.885718719049322	0.003020421007205777
29.0	27.07307448443529	24.110962896896464	22.124550622251515	26.69102012569645	3.9187072028189614E-4
30.0	23.752797286182208	24.469194566524063	24.603678449580713	27.173920872938233	4.088247747813517E-4
31.0	26.344641765807157	25.316147087597102	21.99133548616474	26.34735281519241	5.228452385839647E-4
32.0	24.58883824648312	22.300174485214846	24.335022366600235	28.775619234316014	3.4566738578285404E-4
33.0	24.066032562607383	24.964919179112595	24.289561088543614	26.679373085766045	1.1408397036554787E-4
34.0	26.458268436340106	26.88511780265632	22.201993635632014	24.45443156267937	1.8856269219252403E-4
35.0	25.695436283940502	22.54701894566347	25.706016596348952	26.05128559192836	2.4258211871222484E-4
36.0	23.91518680672059	24.354231915305387	26.146266084306056	25.58412874678985	1.8644687811482816E-4
37.0	25.351469527503433	25.707682472466747	21.620627249395657	27.320202112451607	1.863818255354284E-5
38.0	26.85623035341951	25.352739387818605	21.110512772257117	26.680256619045934	2.608674588341833E-4
39.0	23.41743959738983	27.276134814195757	21.601379193941323	27.704785578674805	2.6081579828357126E-4
40.0	26.80249393968633	26.432392902792458	22.45989314773828	24.304940603896707	2.794058862251781E-4
41.0	24.943749074590563	24.361637436920834	21.444970382241824	29.24426059902277	0.005382507224013805
42.0	24.238473443989662	25.834331345874617	20.777643426553386	29.149514538517824	3.7245064516831886E-5
43.0	26.089754427726703	26.05484132132794	22.293461510674287	25.557902130090515	0.004040610180550104
44.0	28.263990846099112	24.991407978236772	22.55581649154333	24.188393714549765	3.9096957102446314E-4
45.0	25.535643318314616	24.10957552653157	21.871268394517315	28.47930590625602	0.004206854380480195
46.0	25.040128918804825	24.689447583368015	22.5201221586827	27.750282726473397	1.8612671059753373E-5
47.0	25.90594494177368	24.59000192992816	22.52538823287254	26.976934101607274	0.0017307938183489082
48.0	22.71819968688751	23.984770416729845	22.597047663609647	30.699982232773	0.0
49.0	22.355108739368923	26.27828706240929	24.286031066052473	27.078638433459574	0.0019346987097419892
50.0	27.331997517853452	24.44973876449221	20.10655893833175	28.111444362268394	2.6041705419204493E-4
51.0	24.84375557949365	27.251958030304834	21.004394409198575	26.897269618987536	0.002622362015402378
52.0	23.14169882356523	26.148677459949372	21.372489288304582	29.337115864521675	1.8563659149684167E-5
53.0	22.814576232044796	25.485553451515823	23.743582776644207	27.954786272336218	0.0015012674589528455
54.0	23.560907777222393	27.700638348622526	22.70612518512629	26.03229162207048	3.7066958309494646E-5
55.0	24.09976531096713	27.7218258951022	22.784496874172905	25.392487768482567	0.0014241512751979985
56.0	26.91132878389127	25.42116798026705	24.685676284900534	22.981808457775387	1.8493165758128256E-5
57.0	22.869471732318438	27.63406212081484	22.639348754747154	26.851662488271955	0.005454903847611806
58.0	25.330627226584486	25.137598021487626	21.781219515622425	27.750388831818313	1.6640448715246424E-4
59.0	27.883695623638616	22.328006546109883	24.188863256778408	25.59631015930075	0.003124414172342686
60.0	24.24802828693907	22.538644246998317	23.562580201209975	29.65072880657646	1.845827617420478E-5
61.0	25.334698618977153	23.646892541708826	23.33191464700734	27.68016362756494	0.006330564741744335
62.0	25.593656541161337	21.97647132644766	24.912360350983068	27.51732722831709	1.8455309084902726E-4
63.0	27.16267461625807	23.227881540802954	21.947416139813697	27.65940720205964	0.0026205010656396763
64.0	25.633859642173856	21.48463860443566	23.81950809267776	29.061919969491832	7.369122088851348E-5
65.0	24.47658672687235	26.047222603952253	23.73772727724886	25.733176482204485	0.005286909722055919
66.0	25.043568471991378	23.872243848606995	22.957255281128777	28.126306110122457	6.262881503887315E-4
67.0	26.932701630609362	24.879851969079425	21.24522207585148	26.94159807380033	6.262506594051061E-4
68.0	24.47032938373437	22.21520488774843	26.340881848715846	26.973344443192005	2.3943660934185875E-4
69.0	23.727210326450397	24.80376933782983	24.889354066434894	26.576572179677466	0.0030940896074134385
70.0	26.436189952858623	23.37181661464086	24.314221159515277	25.877330908772596	4.4136421264486404E-4
71.0	24.629737953723822	22.982137652389227	25.727386102106355	26.65969275536814	0.0010455364124564107
72.0	27.332169705310623	25.59932742618185	22.049130974544276	25.017427826971435	0.0019440669918149279
73.0	25.328629113594438	22.774982304163014	22.79122946641092	29.10099646816767	0.004162647663966141
74.0	24.5434303586221	25.81384595131464	23.55022201882567	26.091438239749532	0.0010634314880596813
75.0	25.8579024303225	25.03460063922951	21.83628970410747	27.268768818595113	0.0024384077454096976
76.0	26.725147506794183	24.41406106773946	24.672518783925096	24.18691600435884	0.0013566371824185687
77.0	24.41417685950474	24.471537352881974	23.70821565785648	27.405135203210868	9.349265459377075E-4
78.0	27.46819689885278	26.228702228898005	20.277140720782917	26.025171913733065	7.882377332335877E-4
79.0	27.31423384464004	21.096653355168442	22.23911058221949	29.34686772858035	0.003134489391678095
80.0	24.25350674221229	23.09486313221071	28.005035397347694	24.643845348489382	0.0027493797399306716
81.0	25.015780745511012	25.169372670461378	21.66228984665734	28.15195190043431	6.048369359620647E-4
82.0	23.420076052763346	22.28014600605695	23.646185302184005	30.651943142971717	0.0016494960239814727
83.0	25.183083186842346	22.8026168983399	23.70080578594185	28.312229590348164	0.0012645385277399435
84.0	23.906240093003447	25.464256747569454	24.629567663709853	25.99856111469265	0.0013743810245992214
85.0	25.431326717665797	26.918129465080842	21.010443167633802	26.639239425449873	8.612241696882808E-4
86.0	25.72715871019282	24.614495260379115	22.274669893902484	27.381623994657105	0.002052140868477009
87.0	22.93077265114919	21.541495205499654	25.52553179756159	30.001247656521805	9.526892677538683E-4
88.0	24.33561134894382	27.157898285112974	25.86414858739094	22.64146242446715	8.793540851126819E-4
89.0	26.815243639049513	26.017676970294495	22.62222070786286	24.54386946417691	9.892186162150517E-4
90.0	24.246675638728167	25.733916645555393	24.74219061545814	25.27703392219585	1.831780624486987E-4
91.0	26.5012187786424	25.384939163640176	23.428867213572367	24.684223868426123	7.509757189401938E-4
92.0	25.757721169745217	24.103485689544396	22.809145328762817	27.32962949667431	1.8315273252887768E-5
93.0	26.943748292178345	26.01654306860663	20.620559205827217	26.418801459001656	3.479743861548684E-4
94.0	27.802120804002357	23.738925225378004	23.153636503819698	25.300610836384706	0.004706630415234685
95.0	24.537990744340565	25.780441518139114	23.574242595994367	26.104614845937093	0.0027102955888657393
96.0	26.193544653938794	24.301411843724857	23.73079273975909	25.773170391383694	0.0010803711935684587
97.0	25.648956630515663	25.594393225642015	22.984724443819466	25.77174260134878	1.8309867407264183E-4
98.0	28.713499040714392	22.514457941839407	24.02520232513475	24.746804074862908	3.6617448543788156E-5
99.0	23.037163832085387	22.171905607527965	26.050857697306995	28.740072863079657	0.0
100.0	23.039150717852248	25.075713696783485	24.04235720023344	27.842778385130824	0.0
101.0	23.915017184294417	21.748419586727604	27.99339499275873	26.343113322623964	5.4913595288267086E-5
102.0	25.298570066974513	23.848099338052613	24.803596770565115	26.04973382440776	0.0
103.0	25.52030452207968	25.49889281335212	25.471332101092546	23.5093058580239	1.6470545175045295E-4
104.0	26.68123944899145	26.350103622913245	22.525160009332925	24.443112621865577	3.8429689680255833E-4
105.0	27.384567803519356	23.375476154093207	20.33412909666374	28.902185161835202	0.0036417838884918712
106.0	25.963418242786613	23.689168339730042	24.678421389445052	25.668882228965106	1.0979907318602324E-4
107.0	26.141496757481107	24.075595276109553	22.678637730333758	27.103391876602206	8.783594733722581E-4
108.0	24.07284296934655	25.03782242358407	24.23220022779435	26.657024616498003	1.0976277702752886E-4
109.0	26.412714369881456	24.086891356172504	25.137758091212913	24.36181306384787	8.231188852555811E-4
110.0	24.926920987604646	23.695122151967034	23.200057797441914	28.17784419199725	5.487098915932157E-5
111.0	25.22363002091853	23.41523879444731	24.562968767061353	26.797247906272105	9.145113007075939E-4
112.0	26.205387124101815	23.637691433186582	24.265139444271306	25.891690552378112	9.144606218624856E-5
113.0	28.351366713435677	21.602162981473327	22.417103266856962	27.628361187474486	0.0010058507595453407
114.0	26.51045725443965	22.367644501082786	26.49471060828325	24.62687672680447	3.1090938984763795E-4
115.0	27.173271103351265	23.611142356570994	25.99405830238204	23.22066860650675	8.596311889558974E-4
116.0	27.45755575739375	24.589951652721908	23.986351413783858	23.966049727061197	9.144903929126262E-5
117.0	26.22211858090653	26.411672450766567	24.173916224285904	23.191396551487635	8.961925533714672E-4
118.0	26.911656664555473	24.75809205331915	25.260645330495812	23.06927674430046	3.2920732910618933E-4
119.0	27.467786196770316	20.874994421614726	24.751661261424715	26.90495455719326	6.035629969792587E-4
120.0	25.483917753505963	23.257772633139908	25.02731996576934	26.230916489517455	7.315806733212465E-5
121.0	27.867271152366097	23.243039684188656	23.791126146030557	25.097739982383395	8.230350312972789E-4
122.0	26.347345691950512	23.96992319484849	24.698377826330447	24.983987495797972	3.6579107257624094E-4
123.0	24.53068466278045	28.494289828317175	22.68093031456194	24.293107575965685	9.876183747495977E-4
124.0	25.02739226213174	24.834041572592923	23.14547847071529	26.992941383028047	1.463115320006182E-4
125.0	27.14276099768797	23.904419265673504	23.910143560935946	25.041524001256782	0.0011521744457949473
126.0	24.440957439026175	23.92791043029159	24.472651392119854	27.15827956517286	2.0117338951557446E-4
127.0	26.159044797781416	22.60379217680195	27.467550257004667	23.7683691679252	0.001243600486759861
128.0	27.19042592336554	23.485442028174454	24.17180754991101	25.142869369992166	0.009455128556829163
129.0	24.61134177728188	26.73909318232568	21.947743398429292	26.69847488441342	0.003346757549727239
130.0	26.041013992600437	24.566075762314167	23.50014356543383	25.892730102470974	3.657718059434261E-5
131.0	26.03303389473727	24.292566486688948	24.576130612507658	25.097464309417568	8.046966485664787E-4
132.0	26.13259560394583	24.54287704585394	23.12492307444711	26.193203338216943	0.006400937536176728
133.0	26.95116279622669	25.2881181232641	24.555910287211937	23.202815370859785	0.001993422437487461
134.0	26.59721453867797	23.16693291100002	20.93680819526576	29.29897120263495	7.315242129942474E-5
135.0	26.23361190211755	23.403106288527084	26.06852620184566	24.294152103786548	6.035037231607722E-4
136.0	27.537476280140865	25.86519877863757	24.887490691281187	21.703396786242553	0.006437463697825455
137.0	28.606202167364298	21.91707644297099	23.981533365618	25.495060007051904	1.2801699480470457E-4
138.0	25.13917606744016	24.0092911442821	26.704853108742487	24.145198450817627	0.0014812287176234947
139.0	26.110173705256802	23.73106873471788	24.996191756968813	25.161377155771863	0.0011886472846449996
140.0	27.055932692487044	21.67464524319206	25.552767412150622	25.71625234026663	4.0231190364117873E-4
141.0	25.832598961046845	25.254841965339338	25.232093035078524	23.679990578578078	4.75459957219576E-4
142.0	28.636574267948845	23.055601983906815	23.351904267462416	24.95557203000072	3.4745068120449083E-4
143.0	26.838175794478715	25.253835813310555	23.843788225324534	24.063999011044736	2.0115584146505823E-4
144.0	28.273580228671726	25.266866885025742	23.08420271295084	23.374746702075193	6.034712765045041E-4
145.0	28.886551049047217	22.779028784200968	22.234179624854118	26.099179919268334	0.0010606226293712738
146.0	28.21124723778426	21.579808193787034	24.508982092868965	25.6951530565595	0.0048094190002406535
147.0	26.22745174912949	24.414393723007286	26.39158864251694	22.96300007716775	0.003565808178537638
148.0	24.822081464909846	24.7830214935904	23.762762607904083	26.631476119472307	6.583141233614836E-4
149.0	28.029247242298634	24.848086638664636	23.62142361961322	23.498993217959214	0.0022492814642932056
150.0	25.514948294868113	23.942105759798814	25.233563678470667	25.309363979696858	1.8287165555172744E-5
151.0	26.812495988181894	23.99605794866665	25.576206805177335	23.614489470886223	7.497870878982718E-4
152.0	27.778128291206798	23.906375241877125	22.708570272791494	25.60672502989575	2.0116422883052808E-4
153.0	25.529327383257932	23.217747961565173	25.17202294151275	26.079969042636964	9.326710271780337E-4
154.0	23.31456143283355	24.626003684642313	24.946407364017716	27.110375775726204	0.0026517427802188035
155.0	27.479523730709055	23.289974332080877	24.248237216562437	24.98200868155412	2.5603909351187793E-4
156.0	25.9617025315657	22.77984835441737	26.26234916231718	24.99582562239376	2.743293059962351E-4
157.0	25.25989229388852	23.128832179130267	26.236036081510765	25.3750199804603	2.194650101447701E-4
158.0	24.96700198417888	21.301126806569354	26.09512536502655	27.636654398982547	9.144524268012838E-5
159.0	27.14175246796077	21.357023610779873	24.129556418161147	27.370972508958108	6.949941401020398E-4
160.0	26.963564707887766	21.298437546867373	25.87163259050296	25.8663651547419	0.0
161.0	24.845966824636747	20.7247346177616	28.25976302475852	26.165566619131152	0.003968913711975017
162.0	25.55454735507108	23.99546620716624	24.4530888338433	25.996879313646538	1.8290272848803277E-5
163.0	25.511988544172304	23.790943947984193	27.067758426019907	23.629290791129232	1.8290694371459493E-5
164.0	25.50903009641931	23.540732833598128	24.99475962117091	25.953575182151177	0.001902266660472106
165.0	26.49099788494333	21.639446035508	26.49288191881716	25.375869330727145	8.048300043552279E-4
166.0	24.962395809915506	23.657631478388407	25.3597572698233	26.020123980872945	9.146099984067494E-5
167.0	26.90466943900183	22.90683237994297	26.244024884796502	23.944070854608622	4.024416500766194E-4
168.0	25.706159757194502	24.0014466472012	24.434946884010103	25.857355244269893	9.146732430453277E-5
169.0	27.048005764796944	22.579794196456422	25.359911062018213	25.011923097257533	3.65879470887062E-4
170.0	31.37059225249575	22.446749560343484	22.81526889160091	23.36731611856795	7.31769919097347E-5
171.0	25.439087866601735	23.433569608822776	26.790570738305718	24.335783900312794	9.878859569815914E-4
172.0	27.57286842024876	24.656979229525533	23.79079130695162	23.979233000965987	1.280423081052793E-4
173.0	28.20092640826934	20.95513994896048	22.77783102523881	28.06445641740026	0.001646200131110695
174.0	24.82648910974975	25.502826731286028	23.62147920686171	26.04860134052985	6.036115726605662E-4
175.0	25.413513314775706	24.535214802300523	23.355412741401306	26.693847044796954	0.002012096725513789
176.0	24.994448251299765	23.97590815450361	27.775353016218425	23.25251621348422	0.001774364493978685
177.0	22.95075309371028	25.959103239294496	23.967738772380052	27.09642731436458	0.0259775802505995
178.0	24.54614911993655	23.091397205329603	24.08211450089436	28.280083094188473	2.5607965101465157E-4
179.0	28.19668196638063	24.166864994033716	23.023017621165522	24.61200855896158	0.001426859458550739
180.0	26.426699143878736	22.559142936105513	25.67316644931851	25.340771402252287	2.2006844495418818E-4
181.0	27.72214715158665	22.2071856494165	25.97476843086129	24.094962170643655	9.365974919021046E-4
182.0	25.829316887139758	22.96931099741278	25.259309550684332	25.941934048276664	1.285164864620733E-4
183.0	24.481924242304622	23.928821718119124	25.918228221209432	25.67045665062409	5.69167742730305E-4
184.0	26.03153479186428	22.04528871149635	26.568210870421805	25.35099963241113	0.003965993806439672
185.0	25.37473178368804	24.281488705174283	24.056084196056027	26.287181279713078	5.140353685707026E-4
186.0	27.61076650929323	22.972935013003273	25.104039965447	24.312258512256495	0.0
187.0	25.229964589710512	22.83992176817892	27.23328033896778	24.69600574509189	8.275580508984982E-4
188.0	27.675540550258397	27.375587872487834	22.089990953049103	22.85836565241133	5.149717933396123E-4
189.0	25.524830071797023	23.638610924882126	25.134144647962835	25.70149470603869	9.196493193215562E-4
190.0	28.491594112899133	21.529908976997397	25.218194741105744	24.76008143582514	2.2073317259053187E-4
191.0	27.183388938117492	23.60287683371437	24.103283046466686	25.110082734760574	3.6844694087716164E-4
192.0	27.155891095511592	22.839392446518865	24.31835206958544	25.68630911739227	5.5270991830578934E-5
193.0	27.619051830658094	24.035732040284685	22.344501945211263	26.000529925887765	1.8425795819334336E-4
194.0	27.82543514901008	23.202056955815216	24.082093233357575	24.890414661817132	0.0
195.0	26.343195000199955	21.670284542110394	24.78043498171958	27.20525618114895	8.292948211275572E-4
196.0	28.542955012964793	22.25161766772563	25.802647399866558	23.40266911712156	1.1080232145637095E-4
197.0	25.090730634419035	23.948325327390336	24.047806257102977	26.912380499595223	7.572814924282009E-4
198.0	27.80574165423354	23.48979805145974	23.46870875215171	25.23565904522822	9.249692678960742E-5
199.0	26.03057318466504	23.048441364330913	25.57387500335903	25.346535937901056	5.745097439632462E-4
200.0	28.175380001742234	23.40493793752792	23.507414690744103	24.912230301165632	3.706882011799006E-5
201.0	25.610815109049135	21.259266604819793	28.372960744535032	24.75653122448469	4.2631711134939564E-4
202.0	25.715721525411883	24.906958935881235	28.07883572294904	21.29848381575784	0.0
203.0	26.448602844562263	24.146329071298744	22.20797917849552	27.196273015969556	8.158896739148575E-4
204.0	25.419440264151262	23.712230162461186	24.525565313178912	26.342652991776333	1.1126843231124006E-4
205.0	27.33549440373763	24.003719528694024	24.973678993323727	23.686198334186745	9.087400578737596E-4
206.0	26.04939755416003	21.389099404583714	25.708733081308022	26.852751412309917	1.8547638310666266E-5
207.0	26.57996995877819	23.43009386907897	26.061028907209284	23.928610451577406	2.96813356155807E-4
208.0	28.49100212759128	22.662196133598705	21.750673465112754	27.09612827369726	0.0
209.0	27.52527445609816	20.567673191261942	25.017870265214775	26.88845836951923	7.23717905894404E-4
210.0	24.935893676302783	23.997647331328356	24.515936008006054	26.55005898375701	4.640006057991909E-4
211.0	25.160966226192006	25.183874547054785	25.934187030288918	23.720118239608784	8.53956855500661E-4
212.0	28.33673185135662	22.523353204449645	24.812895797351757	24.32670343751741	3.157093245677568E-4
213.0	30.092526272507982	23.088592712164864	22.51978624887057	24.2986116878636	4.8307859298529006E-4
214.0	28.438940518407215	24.210711647002086	24.046806053351865	23.30346741390959	7.436732924238656E-5
215.0	26.608264224439182	24.466607403410425	23.151071182424936	25.77353548426285	5.21705462610208E-4
216.0	26.11754369910777	24.352012002309177	25.74188784061994	23.788518800115536	3.7657847575342995E-5
217.0	29.15994689346712	23.4863356966816	24.610151926820034	22.742787295808892	7.781872223556108E-4
218.0	24.703981962252826	24.29334491997417	24.698270417860805	26.304038541041567	3.641588706321779E-4
219.0	26.447548236792755	22.828648658676283	24.47376638876049	26.249283076271407	7.536394990577574E-4
220.0	27.497731069353083	21.526488005971533	25.423302378809982	25.551993213106698	4.8533275869934705E-4
221.0	26.00806924446793	22.341808567689565	24.36027276891879	27.28949763050959	3.517884141221941E-4
222.0	25.478682941804635	24.767769728865634	24.1530312467447	25.600358548218416	1.575343666143718E-4
223.0	31.070568338240363	22.507963356325654	23.819621797523148	22.600991035243283	8.554726675487983E-4
224.0	30.285385856622078	22.223223445531037	24.622444671004445	22.86876660408135	1.7942276109301155E-4
225.0	30.475383194444223	19.57153898329001	24.561104260637965	25.390851117393236	0.001122444234565189
226.0	25.65341636661244	21.70926137565709	26.313498542834786	26.32354027879989	2.834360957892531E-4
227.0	27.07751160019405	24.041477555104116	25.57441838547705	23.30501830415252	0.0015741550722649616
228.0	27.784366917820723	27.79024066551615	22.63997027801516	21.78521676285442	2.053757935463943E-4
229.0	27.283852958717112	25.299599098800606	22.142688522960704	25.27381800410841	4.1415413160161684E-5
230.0	26.487582127174385	22.369484621929743	26.89734971485858	24.245562676355572	2.0859681718804398E-5
231.0	24.886674642117125	24.86452842477542	24.635937278537824	25.61123559863124	0.0016240559383921761
232.0	25.737604632840554	25.28651293321216	23.901791486951783	25.07381510184309	2.758451524139952E-4
233.0	23.677658538764994	25.12859081140673	22.169670269615363	29.02356481397941	5.155662335051028E-4
234.0	27.655456174613942	21.13633363697786	26.193656779626924	25.01324865790063	0.0013047508806524797
235.0	25.831295104403125	21.59651311703373	28.339982081906573	24.2320118281402	1.9786851637087157E-4
236.0	28.531776337574044	23.855705113268318	23.72726857173437	23.88500469930575	2.452781175127461E-4
237.0	27.750701504571428	24.00937380278279	22.4588382373001	25.780951399115022	1.3505623066163597E-4
238.0	26.876030933356184	22.566222441405152	24.754889113845124	25.802789143334547	6.836805898978445E-5
239.0	28.16736313555095	22.68045379473935	24.17585285108867	24.975221780078407	0.0011084385426250042
240.0	25.41589508694987	21.770864865658673	26.131338382295187	26.68168848881227	2.1317628399628786E-4
241.0	29.38720918789003	21.359544020365888	23.698514651321897	25.552147275635516	0.0025848647866715834
242.0	27.410271395176466	23.604776022958358	21.172506034171466	27.811258718665073	0.0011878290286409334
243.0	28.2335579317765	22.941333083126825	24.96229041831321	23.860294275240175	0.0025242915432899327
244.0	26.155178189182198	22.73640617380209	26.214466424964712	24.892804006691815	0.0011452053591793458
245.0	28.75991098940357	20.974401084272642	23.545627017288965	26.718291409750517	0.001769499284309276
246.0	24.204645347347142	26.598769320683218	24.026606434119856	25.167392028129814	0.002586869719971353
247.0	25.431112916367194	23.02349665619522	24.869923137381427	26.536616210719476	0.1388510793366836
248.0	26.366981220717072	22.044264096597708	24.439453531926368	27.139232281132454	0.010068869626401682
249.0	25.94411300198512	21.617523809156616	28.038923591415067	24.383487305879648	0.015952291563551088
250.0	27.70908758991012	22.027741107147435	24.208644845877505	26.053415673018016	0.0011107840469195183
