# Position (bp)	A	C	G	T	N
0.0	23.814899249266137	24.44053906320217	25.14350768681154	26.601054000720154	0.0
1.0	22.63515895926854	30.426371786358835	22.99774168561759	23.86366393032454	0.07706363843049689
2.0	24.48437505276987	27.191370845815165	22.639709284457457	25.683756786908795	7.880300487115146E-4
3.0	25.3823591445324	22.02404420759572	24.626555491500163	27.959785711272655	0.0072554450990593225
4.0	25.750955009860615	24.029942095238525	23.543121709030682	26.675981185870178	0.0
5.0	27.710522045599888	24.335195756572244	22.54531550303114	25.408629807867772	3.368869289556E-4
6.0	25.6324265069343	23.65150158211709	24.2718506454567	26.438560839491615	0.005660426000298153
7.0	25.408857235706144	26.023003061220496	23.473235155765394	25.093953684007992	9.508632999766759E-4
8.0	27.20498550970465	24.291694053343484	24.158954690068374	24.344254154312438	1.1159257105935944E-4
9.0	25.631850607658475	25.936028033348098	22.611580469135184	25.820373759404568	1.671304536756165E-4
10.0	24.459912236608233	25.471256459371162	23.362062679071332	26.706768624949273	0.0
11.0	27.40986839978013	22.85036807104903	22.6292020995678	27.11045364891519	1.0778068785634991E-4
12.0	27.915590077090442	24.61843015351836	20.465139698263414	27.00084007112779	0.0
13.0	24.507976769947938	23.608541524319254	24.947474131761382	26.93590301887167	1.045550997534068E-4
14.0	26.323979317254114	22.260084701557414	23.524450019457348	27.89148596173112	0.0
15.0	25.477820463940233	23.4779848116203	23.96480101425997	27.0793937101795	0.0
16.0	25.580435083274374	25.569611119017505	21.4256363588986	27.424167105972625	1.5033283690089858E-4
17.0	28.234138095712552	26.936021317229255	19.298934482110404	25.529973549790835	9.325551569563951E-4
18.0	25.35416544926859	26.465211632482127	19.789438828181304	28.3911353941448	4.8695923177311594E-5
19.0	25.222623357023643	24.602435804170877	21.591147954809855	28.583550717828953	2.4216616667425452E-4
20.0	22.562491833016903	25.445821194954533	24.372631574901803	27.619055397126758	0.0
21.0	23.326991468030613	24.93025060217536	24.127191255851372	27.615423696017494	1.4297792516154123E-4
22.0	22.19976069675149	26.73723503859684	26.061943523301895	25.00106074134977	0.0
23.0	24.467095343285795	24.883538789703323	23.411761562808906	27.23736995223438	2.3435196759568475E-4
24.0	27.754947161774822	21.993282093173963	24.342044531530142	25.909726213521072	0.0
25.0	24.65382321911839	26.192514104857572	19.610063758543188	29.54346130911426	1.3760836658868858E-4
26.0	25.749886084024425	25.518636653604304	19.77285154470063	28.958580151280415	4.5566390230565937E-5
27.0	25.624916218125964	25.027275970108896	20.229431691928085	29.118285237804198	9.088203284931078E-5
28.0	27.469308160967632	24.083150328510865	22.624827843787205	25.819975328017065	0.0027383387172364507
29.0	26.951135465495813	23.700171252861796	22.794869780814974	26.55355723568858	2.662651388373E-4
30.0	23.0038719693446	25.38923214962286	25.316008408408937	26.290799463319264	8.800930434365521E-5
31.0	25.512029711246665	24.898486865657794	22.651762026428866	26.93723998063832	4.8141602835277816E-4
32.0	23.478172987795542	23.525018119957373	24.666044089076884	28.330721428047827	4.337512237206399E-5
33.0	23.778762296049173	25.05027837075337	25.029167247723155	26.141620450327718	1.716351465871424E-4
34.0	25.64502594387146	26.80155382662539	22.58536651722974	24.96805371227341	0.0
35.0	24.941342280131714	22.52712617698652	26.068889171661024	26.4624323919121	2.099793086389267E-4
36.0	23.422855706794333	25.217568610208264	26.124973306073713	25.23456042183326	4.195509043209967E-5
37.0	25.106841639510648	25.816546928538774	21.79548476117381	27.281126670776768	0.0
38.0	26.72564523798143	25.81329294647147	20.95148125692367	26.50953862874193	4.192988149776891E-5
39.0	22.971277937270262	27.55606738483003	22.00709834724048	27.465304794612432	2.5153604679241235E-4
40.0	25.749525075828583	26.659048877368125	23.223624312764183	24.367759816636514	4.1917402596531584E-5
41.0	24.146056254793727	24.6425083719975	21.4980741262317	29.708289849241176	0.005071397735893342
42.0	23.77357826355353	26.14405051821994	20.92304378309988	29.15928552659536	4.190853127780369E-5
43.0	25.758930666648787	25.87370683008267	22.83722988420975	25.52665455350019	0.0034780655586024714
44.0	28.680970092190016	25.02927681347601	23.108173164548052	23.181370435592896	2.094941930304634E-4
45.0	25.614675378591272	24.218069577260522	21.67202259838723	28.4917553841043	0.003477061656681635
46.0	24.855221109045054	24.509050330064454	22.804000065346855	27.83172849554364	0.0
47.0	24.93145360248702	24.77178426712529	23.487225196591822	26.808406012480347	0.001130921315521183
48.0	23.00112597287364	24.31699423446616	22.548182552487127	30.133697240173067	0.0
49.0	22.269284218027675	26.43117245918607	24.381463435467076	26.916823784228285	0.0012561030908928759
50.0	26.75301556147366	25.42366069129635	20.112270030860024	27.710969982755064	8.373361490156904E-5
51.0	24.444383048764358	27.170602408831602	22.030653746783006	26.352644507291295	0.001716288329741686
52.0	22.396773126428485	26.182969779595545	21.530242124116178	29.89001496985979	0.0
53.0	22.061644626318472	25.97789588753817	24.27255598440151	27.686819925958435	0.0010835757834148723
54.0	22.77077940777495	28.820971799858892	22.380369131082915	26.027879661283244	0.0
55.0	23.717362882195435	29.136392130860038	22.251747419792153	24.8933328286133	0.00116473853907677
56.0	26.656243332039775	26.075098753400788	24.500409904081195	22.76824801047824	0.0
57.0	22.87584635091747	27.578770940426878	22.940019297632713	26.60045582339339	0.004907587629551995
58.0	25.293281534470612	25.441242640411264	21.749658791210162	27.515692277494857	1.2475641310341558E-4
59.0	27.575325114913994	23.020098617705447	24.76487020768932	24.63754375547333	0.002162304217907039
60.0	23.847542977652868	23.09335314948045	24.278917805887552	28.78018606697913	0.0
61.0	24.955604095631145	24.42700433290743	22.93888018543748	27.672492305955238	0.006019080068708837
62.0	25.156872178179068	22.450705172454587	25.52202519833948	26.870272924590527	1.2452643633980274E-4
63.0	25.94310058715758	24.038387304844612	22.9493689695563	27.067233817885683	0.001909320555828118
64.0	25.40380131128258	22.017660483012556	23.55541473556906	29.023123470135808	0.0
65.0	23.58043680651499	27.050015406176385	23.618662346310966	25.746495509016754	0.004389931980902968
66.0	24.550930441066544	24.420397438206994	23.10831713059305	27.91969238605798	6.626040754291914E-4
67.0	26.545222645072325	25.610746926284666	21.089434867050684	26.75409863220185	4.969293904746918E-4
68.0	23.403465894903437	23.184119610601336	26.695647816910245	26.71664244899278	1.2422859220432455E-4
69.0	22.809467140040233	24.893064447873005	25.221842098943025	27.07322466279587	0.0024016503478666304
70.0	24.997705316306643	23.187964776812034	24.879746170772428	26.9343356621961	2.480739127954044E-4
71.0	24.196615514274097	23.554138824773162	26.214714703570934	26.03366508583261	8.658715491926366E-4
72.0	26.5380888967681	26.079711071073714	22.058494914471595	25.322509492848926	0.001195624837663007
73.0	25.222739093081277	22.64744973426315	23.533459097302725	28.59284794377559	0.00350413157725497
74.0	24.587094545517505	26.340123783007908	23.100898733561486	25.971305822517227	5.771153958723058E-4
75.0	24.798956623106065	24.610866833005698	22.477945925937224	28.110499350980987	0.0017312669700231126
76.0	26.592465972227085	24.357541715219867	25.504063629802232	23.54510429165638	8.243910944327632E-4
77.0	24.33557446429661	25.200729054520814	24.305691802175954	26.157303982101727	7.006969048981187E-4
78.0	27.109122487991737	26.581970665793985	20.491574226191407	25.816673165045916	6.594549769479269E-4
79.0	27.69548505583403	21.106187286145396	22.754542104885715	28.441518725234904	0.0022668278999529324
80.0	23.748778524618473	23.407651515494965	28.72609236270328	24.115128407921464	0.0023491892618146704
81.0	25.39337067533355	25.385746214249004	22.19019032715532	27.03007458371473	6.181995473955047E-4
82.0	22.79444704311434	22.117780877865034	24.516382953732915	30.57056487756831	8.242477194095914E-4
83.0	25.25573808595569	23.191040945293356	24.35147491908118	27.200880607754524	8.654419152476854E-4
84.0	23.266035779573038	26.571805577762795	24.56458240955792	25.596752046866527	8.241862397162163E-4
85.0	24.46264529211715	27.49328422510939	21.214184079194016	26.829185877896727	7.005256827137871E-4
86.0	25.355971453059073	24.973134229957804	23.161466574367086	26.507697125527425	0.001730617088607595
87.0	21.814765675860535	22.321279944622535	26.52263306660953	29.34041483654583	9.064763615686986E-4
88.0	24.797069042877855	26.919639711799103	25.93049936610471	22.352132644597962	6.592346203653231E-4
89.0	26.785732679113007	26.454928138904123	22.469205183277417	24.288856761098472	0.0012772376069841
90.0	23.62097279890836	25.93608555106292	24.672315467072515	25.770461382788767	1.6480016743697013E-4
91.0	26.414269587930423	24.73880012854	24.480566564768505	24.366240122607387	1.2359615368769724E-4
92.0	25.148824114408974	24.791316663933934	22.615333024081284	27.444526197575804	0.0
93.0	26.58185765515991	26.518827641750587	20.74293023648614	26.156013701818605	3.707647847607434E-4
94.0	27.5482208283659	23.821348741368613	22.836746615211343	25.789564313250214	0.0041195018039298405
95.0	24.1412904761944	26.801557792298205	24.131445110231024	24.92307020528618	0.0026364159901925326
96.0	26.00596303216643	24.52533835552787	23.918984158996615	25.54901418012015	7.002731889287633E-4
97.0	25.627014480575518	25.213625045567163	23.54375580530824	25.615398715263403	2.05953285675743E-4
98.0	27.91743879187239	23.46736150040592	24.617445340949484	23.997754366772206	0.0
99.0	22.21068164324483	22.44007467422689	26.552799315692173	28.79644436683611	0.0
100.0	22.61583590755613	25.128107135988557	24.68972396067771	27.566332995777604	0.0
101.0	23.192424153200385	22.539305511687157	28.45567091056516	25.812517064062867	8.236048442789731E-5
102.0	24.78603436629928	24.367823193133333	25.01396233875352	25.832056541293923	1.2356051994266793E-4
103.0	25.817484418768803	26.07087761433992	25.221580056682985	22.889893181981037	1.6472822725247319E-4
104.0	25.17720361737526	27.627909466783073	22.989029271747903	24.205239922908394	6.177211853657733E-4
105.0	27.250184607616667	23.502063116242464	21.142915741912578	28.102077201196153	0.002759333032140464
106.0	26.224750511496737	22.726516451909422	25.262584796439125	25.78602469021913	1.2354993558930024E-4
107.0	25.437368933462267	24.81562140159034	22.90964830925196	26.83666123593377	7.001197616627597E-4
108.0	23.285835115683224	25.39068258578957	24.293065265713572	27.030334675483292	8.235733033772271E-5
109.0	25.37305013365571	24.886808519048614	25.73848279769483	24.0007115128377	9.470367631436349E-4
110.0	24.56644185874157	25.008728805882885	22.825868557358962	27.598878430791274	8.234722531024316E-5
111.0	24.41628685766849	23.72120448005112	24.936538373644762	26.925105604675554	8.646839600713652E-4
112.0	25.697040065547583	25.053627968066138	23.237482347031623	26.01172610004241	1.2351931224446942E-4
113.0	28.891382036164813	21.743396133197194	22.789886696749118	26.57451170910049	8.234247883798294E-4
114.0	26.811258267239335	22.304171826829332	27.045730020289323	23.838510513556955	3.2937208505704727E-4
115.0	26.674813978184254	24.214150216605116	25.83696949658097	23.273366320611803	6.99988017852165E-4
116.0	26.647489668962088	24.82364354172191	25.11409846973817	23.41476831957783	0.0
117.0	25.55754022664779	27.03842603229661	23.87905200250019	23.524158223579374	8.235149760315966E-4
118.0	26.330395884442225	24.801637790399393	25.339099528212934	23.528537394210254	3.294027351956117E-4
119.0	26.88609089801068	21.32318304449371	24.920652829156936	26.86953793346532	5.352948733574682E-4
120.0	24.796464083301903	23.708084283551926	25.126370974781803	26.369039481767825	4.1176596540177654E-5
121.0	27.628960390229924	23.15408951224142	24.6442993810626	24.57182716859713	8.235478689257682E-4
122.0	26.61294672765852	24.083876565201617	24.531927045308645	24.770714356598113	5.353052331027815E-4
123.0	24.011470190516505	28.222779297656714	23.66974449014147	24.095182487041683	8.235346436318537E-4
124.0	24.895564523932762	24.695484887378512	22.66034680195822	27.748439078241887	1.6470848862255527E-4
125.0	26.701123554791312	23.574885672144028	24.979267395828444	24.743858660875535	8.64716360680606E-4
126.0	24.309922116340417	24.341464298449985	24.733023841113052	26.61550738852968	8.235556686572007E-5
127.0	25.830528463084836	23.23865540820436	27.348246705598566	23.581828229114592	7.411939976462972E-4
128.0	25.993486361425823	23.187161485775043	25.403561047140084	25.4073906614238	0.008400444235256911
129.0	24.126063171591934	27.60179784349373	22.2768291904557	25.992097888995723	0.003211905462915875
130.0	26.318294911633245	24.753232784357778	23.83192733328337	25.096544970725603	0.0
131.0	25.47860115739759	24.947464955017317	24.87898305824585	24.69425077387014	7.000554691009929E-4
132.0	26.44945321212141	25.907359852147373	21.970141214414312	25.667857042848603	0.005188678468302116
133.0	26.76678328820014	25.339116641299835	25.250662173113795	22.64133772146561	0.002100175920618292
134.0	26.078228219448174	23.449523180455135	21.38502097281235	29.08722762728434	0.0
135.0	26.24705670157857	23.765750095330336	26.33452177114295	23.6520537407789	6.17691169239968E-4
136.0	27.803451593030264	26.291588286261163	24.22448697210591	21.675243212613783	0.005229935988877944
137.0	28.284119871564418	21.58679800139933	24.683698341925766	25.445219060749935	1.6472436055032762E-4
138.0	25.459183778519467	24.2410902719297	27.229990302196725	23.069035593614686	7.000537394194084E-4
139.0	25.818705924743913	23.339434807227054	25.5580377824677	25.28233901271426	0.0014824728470685129
140.0	25.989303139217316	21.762486534210517	26.037195228416028	26.21072683966569	2.8825849044793726E-4
141.0	25.258645788592197	25.271494172310828	25.723781987636723	23.74566624428978	4.118071704688137E-4
142.0	28.461086418390547	22.941690266940824	23.52193373858405	25.075166032407154	1.23543677425811E-4
143.0	26.27896901680364	25.437922417641428	24.409706607629094	23.8733195952368	8.236268904296203E-5
144.0	27.73800782532098	25.744531808846705	22.87796543301798	23.639206661859404	2.8827095493048346E-4
145.0	27.713304311694216	22.946765704279905	22.94450074805327	26.394811520638072	6.177153345360937E-4
146.0	27.465007109973772	22.100837671453732	24.90203967501263	25.528038582057498	0.004076961502364432
147.0	26.146901198603484	24.69544863416197	26.934027803515676	22.220039648712735	0.0035827150061400327
148.0	24.588495753795065	24.610115941861874	23.6950672202533	27.10590927098373	4.1181310603446216E-4
149.0	27.459016562221894	25.328952651656323	23.586206782945816	23.623394256820895	0.002429746355071601
150.0	24.990249895085988	24.5481490450251	25.31263139990915	25.148969659979763	0.0
151.0	26.205232472181873	24.671493046446663	25.58155625008494	23.5411004854247	6.177458618234293E-4
152.0	27.019156520073885	24.432954238918025	23.266389501493933	25.281417372449454	8.236706470550685E-5
153.0	24.939778933396262	23.493402555127656	25.41092203611246	26.155031614772973	8.648605906503628E-4
154.0	22.966478603973243	24.757515266108232	25.061210638316272	27.21290099918001	0.0018944924222362343
155.0	27.066414318753306	24.268688745049662	24.02559450381302	24.639055301674517	2.4713070949167274E-4
156.0	25.674632023576855	23.533603398955023	26.14464506004395	24.646913570076673	2.0594734750113786E-4
157.0	24.919917373924182	22.909706504435075	26.66198479696681	25.507855861570434	5.354631035029585E-4
158.0	24.885275895972494	21.631193258370505	26.02837735364104	27.455029922385915	1.2356963004488461E-4
159.0	26.192625972624406	21.75296884718521	24.774375852140494	27.279493843992896	5.354840569919801E-4
160.0	25.980967021614454	22.026328829858617	25.852325738019122	26.140378410507804	0.0
161.0	24.15572464496442	20.744351313454526	29.168733142091675	25.928307445407977	0.0028834540814056757
162.0	24.739425320736608	23.526424082896174	25.505197488069562	26.22895310829765	0.0
163.0	24.949578834974492	24.371753931532673	26.858497778832337	23.820045873373672	1.2358128682722348E-4
164.0	25.44231592329085	24.12858129760285	24.688497293725618	25.73916367697395	0.0014418084067316797
165.0	26.49848626100082	22.508674801735	26.420791016683054	24.57122400494679	8.239156343347067E-4
166.0	24.734187071165646	23.44587649570625	25.568260232803887	26.25159380645268	8.239387154383457E-5
167.0	26.423604430753915	23.492907984033334	26.852186394222073	23.230724420108377	5.76770882298778E-4
168.0	25.982864502179844	25.008960787593495	23.621295280816664	25.386838230386587	4.1199023418348894E-5
169.0	25.87064635622001	22.501525425893554	25.94904974515809	25.678366473837457	4.1199889089898567E-4
170.0	31.124380347796283	22.770858877506626	23.046653548497673	23.057983625360915	1.2360083850808843E-4
171.0	25.293985321128133	23.601473655240152	27.144253247208056	23.95934016765259	9.476087710667849E-4
172.0	27.175312171121057	24.60870227844243	24.250058181323897	23.965927369112617	0.0
173.0	28.573176196893957	19.979495704724968	23.439276311236913	28.00685728219644	0.001194504947721873
174.0	24.026775640938506	26.0702080009754	24.205419962442264	25.697431632608087	1.6476303574245726E-4
175.0	25.860623678494534	24.367150005210846	23.064891711212876	26.705480944575967	0.0018536605057856866
176.0	24.281293613823944	24.257318883683837	28.729883059340338	22.730556988180705	9.474549711726526E-4
177.0	21.98730482026285	26.31955138425083	24.982553191138752	26.68632573913087	0.02426486521670708
178.0	24.85253413887723	23.161295664571654	24.402608268304448	27.583438344872587	1.2358337408151807E-4
179.0	28.29603903902048	24.272127844964498	23.081923854135127	24.34929129511415	6.179667657473381E-4
180.0	27.027925751637444	22.20585513836474	25.51527398663609	25.25082119984402	1.2392351770949684E-4
181.0	28.129031937807998	22.54282153223875	26.16528302729732	23.16191207392022	9.514287357125395E-4
182.0	25.264445563790744	23.156449047549334	25.51762184677252	26.061194055774877	2.89486112524079E-4
183.0	23.821102909248808	25.140086429708663	26.064388065256498	24.97400905651014	4.1353927589272787E-4
184.0	25.85331035121616	22.580633155122673	26.348779543710133	25.21413400206442	0.0031429478866156738
185.0	24.750424883493018	24.657426053731736	25.108071339075632	25.483292051060452	7.856726391570973E-4
186.0	26.747779065276166	23.054671261960706	25.28565508993328	24.911894582829845	0.0
187.0	23.602971189408144	23.347705823241167	28.132895459301544	24.91555730520994	8.70222839205611E-4
188.0	26.76808488067178	28.366600695514954	22.384898573498162	22.48004289782428	3.7295249082536875E-4
189.0	24.81016466485216	24.369370414695517	25.12191564200064	25.697803363578803	7.459148728795298E-4
190.0	28.823848274421586	21.879014731942306	25.011852524753543	24.285118699305592	1.657695769726165E-4
191.0	26.126610755874886	24.148356608742755	25.192896382401592	24.531845699497133	2.9055348363249964E-4
192.0	26.547741353008934	23.925490073991053	24.595166194493736	24.931477849382023	1.2452912424893372E-4
193.0	27.38444945566619	24.71284647727348	21.912300482892842	25.990196013311106	2.0757085638753645E-4
194.0	28.005805688777883	23.646723173599394	24.35217414409268	23.995296993530044	0.0
195.0	26.484217344727075	21.74153151133146	24.942491508674024	26.831302889126952	4.5674614049511284E-4
196.0	27.91814084284398	22.441214949966408	26.549564559036725	23.090996449497375	8.319865550972697E-5
197.0	24.954575430581645	24.18863002327918	24.231901424419632	26.624393836321765	4.992853977744354E-4
198.0	27.604144731163338	23.63792773449635	24.381007026727918	24.376878808437745	4.169917464823619E-5
199.0	25.2918525328291	23.622703007636616	25.439654001650595	25.645247223760226	5.432341234604014E-4
200.0	27.636092836035836	23.87911439934774	24.163287582843797	24.321463391598584	4.179017404353784E-5
201.0	24.869616168556337	21.58054584215689	28.966127996195162	24.583417441823048	2.9255126856499E-4
202.0	25.182165996962297	25.228977036677286	28.171343451762475	21.417471719026764	4.179557117409611E-5
203.0	25.682797153212377	24.37901591587235	23.33787228420717	26.599729335265977	5.853114421279583E-4
204.0	25.822642331475343	23.700971671057633	24.41462034835321	26.0617238370282	4.1812085616098994E-5
205.0	27.52283258723048	24.35729643434476	25.359873018952655	22.759287119836692	7.108396354145324E-4
206.0	24.968270224360356	21.635253317564977	25.667809844656876	27.728624794932603	4.1818485192283484E-5
207.0	25.63127310262564	23.53466930883887	26.69816584286994	24.135640800648442	2.509450171102677E-4
208.0	27.600359085653476	22.702546228513008	22.420222244904448	27.276872440929072	0.0
209.0	26.802115491865248	21.28988773634756	25.303314357053893	26.604096684053108	5.857306801964876E-4
210.0	24.978670075549147	24.66375293691824	24.289166406885833	26.068243205074825	1.6737557195371227E-4
211.0	24.939980713467758	25.70311296684458	25.738856670260567	23.617505541529663	5.4410789743315E-4
212.0	28.256785077957996	22.767922383272374	24.84246140833157	24.132705509925067	1.2562051299230156E-4
213.0	29.33705939776855	23.10936446021644	22.83510488983111	24.718219868526347	2.5138365754842276E-4
214.0	27.2685266521561	25.421805009708887	24.76627186805142	22.543396470083596	0.0
215.0	25.601820609766452	25.14780268771887	23.505522589124915	25.74460199793097	2.5211545879550996E-4
216.0	25.63316996070295	24.678369438216777	26.23927774070241	23.449140326498565	4.2533879298208004E-5
217.0	28.668195291475108	23.21286722721965	25.40946073704435	22.708961766784725	5.14977476172636E-4
218.0	24.667779418373243	24.45696964859833	25.392730793321405	25.48234663372366	1.7350598335383595E-4
219.0	26.394998426944365	23.37416276903299	24.887840476843703	25.34251700278424	4.813243947017561E-4
220.0	28.26248848088432	21.99054717723933	24.9383851024569	24.808315316959877	2.63922459581375E-4
221.0	25.095182057316904	23.218165262675853	24.602276559565777	27.084198624763488	1.7749567798024118E-4
222.0	25.38450039526295	25.205790366537368	24.228025198069158	25.181504477177775	1.7956295275115133E-4
223.0	29.966907274947662	22.88113878227495	24.594382414515003	22.557071775412886	4.997528494998836E-4
224.0	29.877181058861257	23.138993761114836	24.900558657182007	22.083220970234105	4.555260779569109E-5
225.0	30.668872505077083	19.890557889731618	24.38897343685734	25.05081666612407	7.795022098887651E-4
226.0	25.21994243768336	22.53329880708085	26.010658588266082	26.23600735446303	9.281250667089891E-5
227.0	27.025594828043033	23.4626525787801	26.249294816272382	23.261285401629976	0.0011723752745116704
228.0	26.842877302874165	27.747631366506077	23.649250213850532	21.76019393518477	4.71815844614057E-5
229.0	27.83285926678236	24.963784046687973	21.802694628891874	25.400662057637792	0.0
230.0	25.922312374199564	23.25435827965047	27.715103738825075	23.10822560732489	0.0
231.0	25.412517774007213	24.745901136074583	24.47067812649538	25.369879648408457	0.0010233150143702666
232.0	25.071447829603667	25.177921027476163	24.831147822250546	24.919385279050957	9.804161866712418E-5
233.0	23.14793570577935	25.210591085300194	22.622612630598258	29.018264636092844	5.959422293602858E-4
234.0	27.139913360035727	21.146593327492813	26.919230462909848	24.793254704759754	0.00100814480185418
235.0	25.571575905484472	22.282117000745423	27.632772053792976	24.51338187090911	1.5316906801727748E-4
236.0	28.414494816251146	23.908895704568266	23.963483288637807	23.712919027035873	2.0716350690527758E-4
237.0	27.82743917313385	25.37023175298486	21.903208770957512	24.89906806748192	5.223544185176731E-5
238.0	26.766597671985938	23.088736061961672	24.94857193728797	25.195988346151932	1.0598261249259446E-4
239.0	27.777921409196576	23.363409752429707	24.016807030470687	24.84105388117229	8.079267307406426E-4
240.0	25.027627134849322	21.473843718245472	27.319122869041824	26.179239514473952	1.6676338943253754E-4
241.0	29.384354159837628	21.04425439697339	23.646180756330068	25.92298458255814	0.0022261043007778566
242.0	26.43809903952985	24.12949204736959	21.8456926016092	27.58604734394799	6.689675433672146E-4
243.0	27.729741329688128	23.01632630707138	25.526410794341288	23.72545381589845	0.002067753000756686
244.0	26.071637167373467	22.72368625153927	26.69020114248979	24.513579456015375	8.95982582098604E-4
245.0	29.25746325200788	20.9677111571338	23.695790046752315	26.07763241344087	0.0014031306651400605
246.0	24.675929152997416	26.380659856588114	24.085687367476666	24.855475082802492	0.0022485401353171453
247.0	25.58133380182396	23.027158942202224	25.068696942873427	26.18412132105347	0.13868899204692114
248.0	26.311360085139196	23.35865788518384	23.358432410616246	26.96174147537029	0.009808143690432437
249.0	26.06403724257528	21.375422658688485	28.328899962581072	24.214965537278186	0.016674598876979897
250.0	26.219638532527657	22.22856256503097	25.363692253346514	26.18697444502187	0.001132204072990932
