# Position (bp)	A	C	G	T	N
0.0	24.358685321254963	23.410385424354917	24.986909810292943	27.24391482719642	1.0461690075570019E-4
1.0	22.724637136569005	30.07381219667874	23.846302788141823	23.278894033074838	0.07635384553559639
2.0	24.392986523993827	25.995246088794488	22.613079708146486	26.998115294835117	5.723842300859721E-4
3.0	26.008486718836103	22.06411725438737	24.02541024686557	27.895175193243897	0.006810586667054853
4.0	25.93284270206332	23.203756046094473	23.660274815156132	27.203022540744094	1.0389594198035016E-4
5.0	28.38219191588955	23.18263198044619	22.84080353297111	25.593905521045773	4.670496473775162E-4
6.0	25.94251184178556	23.999904675115697	24.359600692348778	25.692128599485763	0.005854191264199652
7.0	25.988110352888246	25.390731867512407	23.0347820015877	25.585858611978086	5.171660335692472E-4
8.0	28.183538330633805	24.423875628033745	23.524646373851713	23.86793966748074	0.0
9.0	26.356987072684994	25.614237963922143	21.900646880618503	26.127922135426857	2.0594734750113786E-4
10.0	24.723147194072954	24.42338943867055	23.036231746131367	27.817231621125128	0.0
11.0	27.48682107208447	21.889145503464295	22.78160755170195	27.84242587274928	0.0
12.0	28.33286559733504	23.895127834961038	20.045060485909474	27.72689675989656	4.932189788690193E-5
13.0	25.200083557275292	22.67145103651043	25.3165366290301	26.81192877718418	0.0
14.0	26.433752512440776	21.477593063609515	23.54626394800317	28.542342148160426	4.8327786108951134E-5
15.0	25.66102268959875	23.243183937681717	24.246935723536552	26.848809946883488	4.770229948934688E-5
16.0	26.403039701970833	24.75059657065291	21.306255895791317	27.540060829760804	4.700182414079491E-5
17.0	28.536967840791423	26.846092028945172	19.121920343271988	25.494099782740996	9.20004250419637E-4
18.0	25.852148584740892	25.247360415849514	20.181614530988945	28.718602498695216	2.7396972543210733E-4
19.0	24.586960609664036	24.848633225018464	22.52787283464889	28.036397066505085	1.3626416352426364E-4
20.0	23.5932543070724	24.68083035696987	23.29921497897434	28.42652013061005	1.8022637333622898E-4
21.0	23.86864317696894	24.391905492509807	23.621191721201114	28.11821487839899	4.473092114385912E-5
22.0	23.189565180434755	26.74424987891919	25.72013199800604	24.34583158832347	2.2135431654198516E-4
23.0	25.470280941333034	23.330182630594425	22.95743026040668	28.24210616766586	0.0
24.0	28.829881725959517	21.159086470552513	23.9746648625481	26.036235870007346	1.3107093253036367E-4
25.0	25.549731830743095	24.296558761392976	19.774723976503925	30.378985431360007	0.0
26.0	26.704197356646247	25.229357403455634	19.855957871549528	28.210444345012736	4.3023335857369034E-5
27.0	25.63336534956443	24.527109389457486	19.715829829366513	30.12369543161157	0.0
28.0	27.372553489280026	23.39085609641063	23.02523774549101	26.208715895786224	0.002636773032106114
29.0	28.306188058275435	23.053272153505443	22.20235553319673	26.438057536240517	1.2671878187769356E-4
30.0	23.59873255522204	23.97790027431654	25.126144489040346	27.296970937887316	2.5174353375754914E-4
31.0	26.558429162386748	24.47303245328921	22.336005226545605	26.632324296461096	2.0886131733845517E-4
32.0	24.48567728816478	22.71100726774753	23.801541974595175	29.001442289381867	3.3118011064727496E-4
33.0	24.023760506294042	24.838319779887836	24.23906089193298	26.89881783570855	4.098617659222074E-5
34.0	26.61785371806457	26.158829887605826	22.625622814281122	24.59761227933462	8.130071386091805E-5
35.0	25.646418334423828	22.24954705703625	25.823616695308843	26.280337532935828	8.038029525290052E-5
36.0	24.760066217427806	23.943470263789642	26.27244303843719	25.023779572895183	2.4090745018335064E-4
37.0	26.222674429105535	24.796456731627924	21.28991344519433	27.690915257366587	4.013670561933947E-5
38.0	27.246350061091462	24.740095459169037	21.238481400709823	26.77503295327557	4.012575411339137E-5
39.0	23.629290006462767	27.069799870905157	21.30409858063874	27.996771425511113	4.0116482217767514E-5
40.0	26.307807334422755	25.80441111466764	22.134592505774016	25.75314893388302	4.0111252570128504E-5
41.0	24.556281127700075	24.205348770613767	21.053214179431915	30.181145266744686	0.004010655509557794
42.0	24.39187243697762	26.039465231120158	20.206621811185105	29.361920214562016	1.2030615510350741E-4
43.0	25.96729478241832	25.643426357123783	22.43794292826457	25.948208318330142	0.0031276138631885463
44.0	28.880111170181628	24.638861291463293	22.790328258347188	23.690579000671157	1.2027933673162554E-4
45.0	25.838577091767544	24.169580682390794	21.404716596520498	28.58383846725245	0.003287162068715317
46.0	25.795626359848068	24.245940698198307	22.19753050789574	27.760902434057893	0.0
47.0	26.02932111259586	23.809035212108725	22.439973803544216	27.72010674173966	0.001563130011535098
48.0	22.676843894584906	23.654240863376007	22.520763324151496	31.148151917887596	0.0
49.0	22.413260454845428	25.70809897658376	24.382438159669924	27.494719835746924	0.0014825731539660234
50.0	27.586195843752265	23.990717416903294	20.283253407546987	28.139753199001383	8.013279606964663E-5
51.0	25.171552750192195	26.63699722494973	21.078884419376717	27.110522476224585	0.0020431292567696683
52.0	23.378918288258344	25.38818406930417	21.438807887633107	29.794089754804382	0.0
53.0	22.375614708106998	24.67127043802121	23.783263326296687	29.168373911855827	0.0014776157192753772
54.0	23.677757899108652	27.358271301236382	22.373087121817196	26.590843743011405	3.993482636337497E-5
55.0	24.25540746004628	27.439755232791352	22.773531777155405	25.52995120031452	0.0013543296924436769
56.0	26.901650842228648	24.62195995744747	24.770081317391934	23.706307882931952	0.0
57.0	23.114937292015465	27.540696868662895	23.23624335126507	26.10386124434688	0.0042612437096874395
58.0	25.75406069438969	24.38821791364529	21.794828911268006	28.062613737272375	2.7874342464171515E-4
59.0	28.151136201200643	21.896186436460052	24.02289802479252	25.92743012793636	0.0023492096104174307
60.0	23.878062261172456	23.055839420412024	23.153139898762966	29.912918656481995	3.976317055616747E-5
61.0	25.482181673021003	23.888315237811618	22.67511278969766	27.949181715564404	0.0052085839053166915
62.0	25.85966014360801	21.37047845482232	24.490851549392094	28.27897009359171	3.9758585866617895E-5
63.0	27.052005977799134	23.48623845916224	21.92380492719179	27.535883293768908	0.002067342077925279
64.0	25.93428790458681	21.133774028870572	23.257481349971833	29.674456716570784	0.0
65.0	24.653611283243016	25.877002679170786	23.321727166013712	26.143530352357207	0.00412851921527965
66.0	24.265877198101116	23.41368938810232	23.399518014515138	28.920359659140754	5.557401406737079E-4
67.0	27.602635978679725	24.35231803220905	20.989746325554957	27.05474395187219	5.557116840763199E-4
68.0	23.97646404133717	21.444649653744037	26.85554654539869	27.72322068255709	1.1907696301350452E-4
69.0	23.035724279229417	24.42937879119235	24.727772395297304	27.804822482001324	0.00230205227960727
70.0	26.32181881222448	22.877408489771657	24.07818118777552	26.722314131457725	2.773787706176631E-4
71.0	24.817451603034606	22.62509219316573	25.66072756909645	26.8960962271355	6.324075677051589E-4
72.0	27.4018733547087	25.48836573296653	21.143433240051582	25.965023493010982	0.0013041792622060311
73.0	25.9074177620855	22.27177978475588	22.48236100710697	29.33543822351484	0.0030032225368141737
74.0	24.978091022811412	25.432035547463656	23.132837546415818	26.45640370362468	6.321796844317059E-4
75.0	25.95040682334851	24.977262616580944	21.647569371737056	27.422825251256977	0.0019359370765137645
76.0	26.98421854227451	24.03368449332019	24.908272375831395	24.07323196905736	5.926195165409984E-4
77.0	25.102537461432405	24.404350385379672	23.05245983241614	27.440020227000677	6.320937711109443E-4
78.0	27.56346188336555	25.6981024444548	20.04936472934333	26.688715403012292	3.55539824015688E-4
79.0	27.512365545310573	20.756616124726392	22.35867567291044	29.370169971190187	0.0021726858624121
80.0	24.091473969373318	23.147178886344083	27.73802121888922	25.021429829849122	0.001896095544254475
81.0	25.212969934167546	24.861015540504777	21.642983151220303	28.282715365673113	3.160084342651105E-4
82.0	23.082848075915827	22.263223215252054	23.636835481737968	31.015947727288882	0.001145499805265033
83.0	25.990879007418606	21.730215796080326	23.709643399682907	28.568629820890123	6.31975928036901E-4
84.0	23.080824118792922	25.79474917333763	24.75721483110494	26.36634295310814	8.689236563675515E-4
85.0	25.711688114729498	27.302164922069753	20.85842540781862	26.12720812888427	5.13426497862566E-4
86.0	25.809614830202243	24.197651779332023	22.559505238672582	27.43176693139768	0.0014612203954773254
87.0	22.740365553724963	21.62598903433602	25.368760336583644	30.264292720991616	5.923543637561269E-4
88.0	24.919946627135893	26.294823077011166	25.89610614234159	22.888729266976075	3.9488653527738605E-4
89.0	26.202012966731044	25.754270219598887	22.76609380287552	25.276754297465608	8.687133289450147E-4
90.0	23.887233560323498	25.675264810891107	25.22046844262845	25.216875243330666	1.5794282627631625E-4
91.0	27.575651088965046	24.80858221330764	23.104300582781875	24.51079488920827	6.712257371637949E-4
92.0	26.08343575625227	24.114112489779092	22.178585825405015	27.623865928563617	0.0
93.0	27.07426339284833	25.827374003252444	20.453336797134313	26.644828401694053	1.974050708624983E-4
94.0	28.344299587590932	23.177184295450076	22.768920637903577	25.705015788089803	0.004579690965612049
95.0	23.810911204096627	26.439285103775706	23.55753686028209	26.19013498164832	0.002131850197255361
96.0	26.87669751136938	23.765159171298635	23.3778897170288	25.978871905002528	0.0013816953006568974
97.0	25.689487265826973	24.628743699232164	23.826248222126516	25.855362911200473	1.5790161387292E-4
98.0	28.601090756360904	22.39184806464958	23.823623685897537	25.183437493091983	0.0
99.0	22.716013422469135	21.87651707291659	26.351462823375808	29.05600668123846	0.0
100.0	22.655546701996705	25.00259489521951	24.071668835328147	28.270189567455635	0.0
101.0	24.28577855583461	21.5638994959644	27.973778467435007	26.176385624330095	1.578564358858193E-4
102.0	25.380038534672128	23.514635203262106	24.45830843681995	26.64701782524582	0.0
103.0	25.861257283114618	25.550576828596967	24.793941869252183	23.794105634511457	1.1838452477492143E-4
104.0	26.296362793358917	26.772326845485306	22.706705205733506	24.22425001726366	3.551381586086476E-4
105.0	27.1966928412372	23.654108949824774	20.277932662730812	28.868069194310173	0.0031963518970348505
106.0	26.1979482966332	23.152750763854442	24.40029090197369	26.24881273560317	1.973019354925268E-4
107.0	26.613340783330948	23.825629017740702	22.16208558895033	27.39843163344749	5.129765305345334E-4
108.0	23.592858033449758	24.42326236926044	24.11869660530897	27.86510407871125	7.891326958193328E-5
109.0	26.260305691965296	23.8665958085616	25.3299577100207	24.54266734999761	4.7343945478712385E-4
110.0	24.98438719904181	23.653265235351878	23.0674153446908	28.294813867402247	1.1835351326486451E-4
111.0	24.768797050322984	23.482652973466003	24.222005329049473	27.52599233229156	5.523148699732443E-4
112.0	26.598884686211484	23.81876624329557	23.378747496934782	26.203562124145723	3.944941244045111E-5
113.0	28.739528019758744	21.296665573955444	22.55963461630254	27.40358006910511	5.917208781611209E-4
114.0	26.933887404519176	22.03762387408267	26.161795992241217	24.866416587736246	2.7614142070027094E-4
115.0	27.566413244894118	23.170043234640737	25.956920008221644	23.306110645805365	5.12866438138642E-4
116.0	26.937082016986007	23.859669748050333	24.792172296582915	24.41091813450571	1.578038750319553E-4
117.0	25.734401247284783	26.611713967175138	23.90245172570781	23.750722940713732	7.101191185370283E-4
118.0	27.292635509063395	24.272056468093098	24.79296294952052	23.642029468063114	3.1560525987726115E-4
119.0	27.401353501991117	20.905940527655893	24.552087418207183	27.140302940162336	3.1561198347140044E-4
120.0	25.2255536316413	23.46140447844631	24.573816171373814	26.73914681569835	7.890284022608821E-5
121.0	27.646530168451598	23.574229090705376	23.954071709299672	24.824656157214132	5.128743292195551E-4
122.0	27.27576505844187	23.242611375284497	24.70256329936668	24.778626297519153	4.3396938779938465E-4
123.0	24.946937777146555	27.80495983840679	23.054845429153055	24.192744086225126	5.128690684719658E-4
124.0	25.246451757472848	24.457782462829062	22.59055632529265	27.70501219831654	1.9725608890095218E-4
125.0	27.18660398825332	23.94699634375922	23.691043709198674	25.17464585591855	7.101028702358015E-4
126.0	24.590233780169317	22.908641897382893	24.74109023772516	27.75991573499128	1.1834973134610984E-4
127.0	25.655368952246	23.023754708257655	27.75236813328136	23.56783757043648	6.706357784976812E-4
128.0	26.487386564288524	23.18565980095593	24.39915168786658	25.918886464087965	0.008915482801008002
129.0	24.607919714076072	26.365318311281527	21.685444231421652	27.338043503988256	0.0032742392324867646
130.0	26.58983184575176	24.276344987425418	23.124217170471915	26.009566546673902	3.9449677005769514E-5
131.0	26.104376161302156	24.31461968463866	23.827494112124093	25.75307609463207	4.3394730301751176E-4
132.0	26.40254782397039	25.00330391826954	21.616225532759287	26.971650211509946	0.006272513490835226
133.0	26.34552021890001	25.949166343176888	24.512240537529546	23.191297651622026	0.0017752487715278502
134.0	26.83224815131139	22.977074091534003	20.721210459563576	29.469427848380906	3.9449210128190206E-5
135.0	26.37664007826615	23.20421785131009	25.92507120484114	24.49363693026265	4.339353199681255E-4
136.0	28.072850383487435	26.275181526328122	24.630457920528432	21.015158819264236	0.006351350391771806
137.0	28.59823156592494	21.459995629015445	23.874570101045485	26.06708435605693	1.1834795719591084E-4
138.0	25.254567380424437	23.738464930983866	26.85082803185973	24.155114010446603	0.0010256462853655659
139.0	26.334238940695805	23.444947764193884	24.834049784867297	25.38593509055613	8.284196868810275E-4
140.0	27.38748725312483	21.049652160706287	25.109006739817787	26.453538256404997	3.155899460932923E-4
141.0	26.156617323341585	24.519190561175783	24.91265900085684	24.411335867563587	1.9724706220225558E-4
142.0	29.085193189089477	22.5182001156665	23.03684522386517	25.359366974453167	3.944969256854581E-4
143.0	27.184205958467462	24.88709524711229	23.79946979738686	24.129110648235812	1.1834879757621663E-4
144.0	28.65507342199808	24.742442108402532	22.57242687683417	24.02942639594109	6.311968241331794E-4
145.0	28.72732609125305	21.93106098172438	22.71862439134848	26.622160102915014	8.284327590716346E-4
146.0	27.724111976400113	21.02048698049293	24.97878637136296	26.271762461009722	0.00485221073427361
147.0	26.73764220156705	24.163043332473357	25.833524658002222	23.26196331457957	0.003826493377799553
148.0	24.979417748114262	24.044843470347157	23.533275396644747	27.44206889995112	3.9448494270697933E-4
149.0	27.919644392827898	24.76342560668294	23.52453635837174	23.790145061090396	0.002248581027025577
150.0	26.236809580222246	24.1361258816461	24.523164525152776	25.103900012978876	0.0
151.0	26.76880628333802	23.825217539157443	25.425797617277052	23.97986295733325	3.1560289423634156E-4
152.0	27.81192031869995	23.95713583488704	22.310377394964018	25.920369197072112	1.9725437687736857E-4
153.0	25.27181889050551	23.001953624304473	24.40093325800781	27.324820812568838	4.7341461336228524E-4
154.0	23.411312125973815	24.589693101762737	24.92751747806193	27.06907074428277	0.0024065499187493514
155.0	27.60255533622336	22.987254489218813	23.733290825938926	25.676741524134716	1.5782448418026555E-4
156.0	26.007874789349977	23.329546795180114	25.73633305016499	24.926048081274708	1.9728403021286554E-4
157.0	25.512270340482416	22.601803027457343	26.092840762561924	25.79292804146458	1.5782803373100737E-4
158.0	25.09687961043763	21.052183002141394	25.688357203538132	28.162540725737877	3.9458144970013784E-5
159.0	27.08997318738643	21.3901521354402	23.97864461153278	27.540835472357756	3.9459328283854625E-4
160.0	27.060108539226796	20.763207624973415	25.669649463203164	26.50699491239638	3.946020024473216E-5
161.0	24.66956649728846	19.969607417968245	28.993386791972604	26.363769453600412	0.003669839170284878
162.0	26.03281374488432	23.471018155802348	24.179232167682603	26.31693593163073	0.0
163.0	25.7672817706724	23.412586132121675	27.585443498788297	23.234688598417627	0.0
164.0	26.096549470662588	23.019577216727434	25.063841323874307	25.81841400432594	0.0016179844097336366
165.0	26.773822838321752	21.891296300535057	25.97751164789612	25.357053498630982	3.157146160870804E-4
166.0	25.23112308949757	22.65679173328208	25.881642087864858	26.230324691187977	1.1839816751209537E-4
167.0	27.138001000095908	22.79437215170989	26.220707037020517	23.846722475754383	1.973354193002723E-4
168.0	26.466332605534742	23.71510395205686	23.768386386851002	26.05013758708718	3.9468470217881744E-5
169.0	26.916272956555716	22.039832806413035	25.55583184335271	25.487865045251993	1.973484265409952E-4
170.0	31.310724446395135	22.915318111633518	22.4400215347793	23.333738557675	1.9734951704626188E-4
171.0	25.937180544756295	23.288627689344455	25.90840737130024	24.8652712927404	5.131018586128094E-4
172.0	27.899116888036556	24.18507469754007	23.967571876159134	23.948118158644473	1.1837961976466132E-4
173.0	29.120404144501226	19.72046987637594	23.038943176648694	28.119117519990816	0.0010652824833233972
174.0	24.92347766115853	25.13980763479492	24.016967087700635	25.919392524286323	3.5509205958918216E-4
175.0	25.57504654861593	24.275236373062842	23.044316965397186	27.103979684720176	0.0014204282038645906
176.0	25.437354596563665	23.862420333911004	27.755286608521075	22.94391254802062	0.0010259129836390553
177.0	22.801263726810234	26.000595084945616	23.973715240014965	27.199604434251007	0.024821513978182323
178.0	25.084626988226205	22.92269794665866	24.01149482886586	27.981061863028767	1.1837322050524057E-4
179.0	28.221719305237947	24.208981080105204	23.08570481491493	24.4826477198064	9.47079935519641E-4
180.0	27.35458986886089	21.423541744961135	25.951421168186407	25.27040765868228	3.955930929445972E-5
181.0	28.43529862523471	21.579777554045428	25.89901376825634	24.085474210224145	4.358422393732747E-4
182.0	26.24679351801296	22.75213428671278	25.389235413032917	25.611757536470886	7.924577045511638E-5
183.0	24.861804460691687	23.36729959318942	25.842080467426033	25.92853811684779	2.7736184507439046E-4
184.0	26.013868801141204	21.397261902403265	26.81794226616211	25.767281516850595	0.00364551344283082
185.0	25.437767240477598	24.16606707597316	23.937852820823284	26.45795627795228	3.5658477367168207E-4
186.0	27.444259976146796	22.82022529786787	25.148210811603278	24.587303914382055	0.0
187.0	24.89659206163526	22.823076398070565	27.339852609959227	24.94016148463007	3.174457048802515E-4
188.0	28.21547717923006	27.246035427679367	22.22640651395016	22.31168405484588	3.968242945356898E-4
189.0	25.418736805346114	22.74774202765123	24.84900553977047	26.98360291433197	9.127129002047652E-4
190.0	28.95920544435396	20.979518586779314	25.386586277675388	24.674610318174675	7.937301666674604E-5
191.0	26.576789242686534	23.679776307904092	24.509203136648974	25.233873647030023	3.5766573037726584E-4
192.0	27.023693838171265	22.67446458841321	24.363577107813622	25.938264465601907	0.0
193.0	27.755477644215482	23.843692361508616	21.952474082554218	26.44811740761941	2.3850410227055908E-4
194.0	27.963119249059954	22.421307005537916	24.509066941965767	25.106506803436364	0.0
195.0	26.53975996160913	21.49312514685822	24.284097247872023	27.68254054081993	4.7710284071007217E-4
196.0	29.01220543652511	22.277811391687614	25.707307079408277	23.002596375596777	7.971678221614249E-5
197.0	25.37954408467728	23.850843679341256	23.803246196187736	26.96588767312887	4.783666648595037E-4
198.0	27.92563894549241	22.98534944776968	23.7523714922675	25.336480418021424	1.5969644898976027E-4
199.0	26.04505451884669	23.137742555888316	25.31541761796423	25.501505415898627	2.798914021359712E-4
200.0	27.686821014817564	23.437281952014548	23.863811301848187	25.012045745442705	3.998587698824775E-5
201.0	25.92198648205011	20.56502999212659	28.77964574062219	24.733257811528446	7.997367266695804E-5
202.0	25.480544875447613	25.216544603529734	27.89493572940972	21.407894815765637	7.997584729411717E-5
203.0	26.39283743030613	24.14827495180424	22.25248178160322	27.206005871483306	3.9996480309732746E-4
204.0	25.711329105012542	23.38517933029543	23.890425797450206	27.012905765193796	1.6000204802621472E-4
205.0	27.767864035998286	23.854822818700132	25.00311012813728	23.37356299079522	6.400263690864064E-4
206.0	25.42975260171845	21.297166773213043	25.794077195048676	27.478923420226636	8.000979319868752E-5
207.0	26.57429778163448	23.26841346598158	26.68087726436393	23.47625145876666	1.6002925334751192E-4
208.0	28.18947083697451	22.186730751378846	21.677726241121132	27.946032157593336	4.0012932179680474E-5
209.0	27.40453225185509	20.73297524173584	25.40697502243075	26.45487717714329	6.403068350353489E-4
210.0	25.299379567141916	23.812117833011865	24.1373637787447	26.7506184916289	5.203294726220644E-4
211.0	25.463247657938986	25.076267115061253	25.647569861478104	23.812354872287614	5.604932340459605E-4
212.0	28.378647924014714	22.24822104751323	24.177692580668676	25.195077971108994	3.6047669438064894E-4
213.0	30.687693494574635	21.981464597381	22.475287799697423	24.85527357252352	2.8053582342273744E-4
214.0	27.560475930351107	24.29914338633124	24.715899291944112	23.42448139137354	0.0
215.0	26.36336924071937	24.5987099388252	22.80185337261319	26.235866466167344	2.0098167489284664E-4
216.0	26.291585266440475	24.67279650180622	25.622317858311767	23.413259715680276	4.065776126169165E-5
217.0	29.50581139250102	22.956198921107248	24.850755901027057	22.68670109999529	5.326853693865718E-4
218.0	24.881395225692433	24.066882005831367	25.12774731184575	25.923644505045356	3.3095158509261684E-4
219.0	27.390098494250676	22.221967197516822	24.087315265899424	26.30011826654793	5.007757851538342E-4
220.0	28.111771105591533	21.512640879543305	24.535652060256627	25.8394751361195	4.608184890432026E-4
221.0	25.85397814359346	22.651879159039257	23.700147956641572	27.79395255177744	4.218894826748974E-5
222.0	25.695484026636716	24.27588439298501	23.783879995446135	26.244624144663398	1.2744026874603873E-4
223.0	30.768643628083687	22.067126066131223	23.76817622414806	23.395453746306867	6.00335330162991E-4
224.0	30.494068293252997	21.931847671227224	24.800471924285883	22.773483217128135	1.2889410575847308E-4
225.0	30.872062974595476	20.07937509399	23.54270127688114	25.50499637868419	8.642758491942356E-4
226.0	24.987912160388486	22.35641022393187	25.223423022846564	27.43199252584963	2.6206698344741257E-4
227.0	27.954415698381318	23.584708668576805	24.88277491726843	23.576823178231464	0.0012775375419825268
228.0	28.33674910111957	27.523207518850924	22.907914176786683	21.232040654499183	8.854874364828793E-5
229.0	27.73612838436687	25.16367898904995	21.671384052377277	25.42880857420591	0.0
230.0	26.26692348516324	22.30589279613314	27.573087714259863	23.854096004443758	0.0
231.0	24.810456907622765	25.063241902502693	24.344423093692065	25.78041717513567	0.0014609210468047144
232.0	25.714061389444453	25.14380402981867	24.134420954616328	25.00752996835577	1.8365776477480804E-4
233.0	23.440328048387972	25.32250056546454	21.86664140073578	29.370111982878615	4.180025330953506E-4
234.0	27.88985640705331	20.901977693511757	26.139832111643774	25.06668264345378	0.0016511443373769074
235.0	25.361528969046404	21.44359823841648	28.383981720423957	24.810795707046143	9.53650670130326E-5
236.0	28.778550638366955	22.896606972366424	24.37463037335673	23.95001874707681	1.9326883308143963E-4
237.0	27.56211751573806	24.068182427475744	22.786959160246738	25.582692153025388	4.874351406615957E-5
238.0	26.898151706306745	22.58932565559346	24.313713318395635	26.19876005289285	4.926681131402468E-5
239.0	28.38375190021292	22.83355757301935	23.878655959741696	24.90298617368882	0.0010483933372107245
240.0	25.912741426882146	21.3148526803311	25.800701698199973	26.971447575877022	2.566187097621863E-4
241.0	28.98829185671502	21.988945506568356	23.33879411879572	25.68150191470075	0.002466603220150504
242.0	26.807442219790122	24.303405652481814	20.57101654541943	28.31674499452778	0.0013905877808536664
243.0	28.19399134629135	22.580541907398814	24.944384872685372	24.27855215328247	0.0025297203419975397
244.0	27.065034452153352	22.57591007786259	25.994074705467966	24.363739431862733	0.001241332653358891
245.0	29.267257110626332	20.97743635896117	22.98449306978326	26.768376894300715	0.0024365663285196458
246.0	24.768188533933667	26.19330648448921	23.052718770042507	25.982150971517893	0.0036352400167221043
247.0	25.71279602931242	22.518567673106862	25.03649988619015	26.596710504727145	0.13542590666342338
248.0	26.28448666941291	22.514222247714795	24.045844913623636	27.145434541159787	0.010011628088874057
249.0	25.21431714385422	21.144057221696404	29.001210169188248	24.62445776519997	0.015957700061162462
250.0	27.74820018700445	21.94000343819838	23.92273278070584	26.38822500911961	8.385849717187218E-4
