# Position (bp)	A	C	G	T	N
0.0	22.973636886901378	24.398396177254938	26.172043962930548	26.45583782623948	8.51466736600468E-5
1.0	22.5210089028835	30.56459940420993	23.315551343584726	23.52143689346771	0.07740345585412994
2.0	23.798043107232502	27.394761506871834	22.97484648747409	25.83145909355154	8.898048700291687E-4
3.0	25.445146321636635	22.07775877252405	25.338749830646258	27.131655602221922	0.006689472971142121
4.0	25.487958782792713	24.075580674653388	24.143441161277384	26.292977074239964	4.2307036548625807E-5
5.0	27.846234482059	24.67146558683918	22.554304868100143	24.927445568325435	5.494946762419637E-4
6.0	24.823873673513656	24.376246515243462	24.90667224846662	25.88763701644915	0.005570546327110921
7.0	25.045015371564773	26.402278841322236	23.787112146505606	24.764919726272847	6.739143345369724E-4
8.0	26.97841953374493	24.593645842657722	23.849880206580085	24.578054417017263	0.0
9.0	25.610041544739452	26.083124714757446	22.73064377567183	25.57602217509195	1.67789739321861E-4
10.0	24.038263240227963	24.7054513506399	23.806044723442	27.45024068569014	0.0
11.0	26.42889936789623	23.197750538842225	23.138993537135033	27.234275511986226	8.104414028578595E-5
12.0	27.692614794365227	25.01603917271005	20.664442940668035	26.6268631689892	3.992326747990363E-5
13.0	25.08816234089491	22.599436123639727	25.857747545308957	26.4546539901564	0.0
14.0	25.939793600069105	22.361548898293773	24.248237102727995	27.450342579683966	7.781922516175699E-5
15.0	25.21874522316967	23.892370667438897	25.09292495258696	25.79592075012847	3.840667600204938E-5
16.0	26.22578368880322	25.02701334770525	21.90896586682014	26.838237096671392	0.0
17.0	28.034508056287997	27.08828485917288	19.8012026251183	25.07493319365013	0.0010712657706944536
18.0	25.29682599441286	25.970937787029452	20.258328340455204	28.473798010368583	1.0986773389741869E-4
19.0	24.93974520830942	25.10621785727949	21.63182546058708	28.32181068609394	4.0078773006582024E-4
20.0	22.31312929059717	26.2549669185335	24.20690138737591	27.22493011797719	7.228551622339983E-5
21.0	23.19197367355756	25.068800256787423	24.426222695737714	27.312824253227934	1.7912068937104994E-4
22.0	21.672854675758963	26.98216647694834	26.617659053110494	24.727213410071737	1.063841104692603E-4
23.0	24.59988600690664	24.866728662910422	23.76960690028781	26.763496094060184	2.823358349464709E-4
24.0	26.895455432775766	22.056710270700275	24.88901103621245	26.158753417496257	6.98428152521343E-5
25.0	24.271383532765245	26.10473396470364	19.883812387887556	29.73986285882459	2.0725581896618726E-4
26.0	25.103366642269716	26.2211750909393	20.490660269446728	28.184729338000338	6.865934391877326E-5
27.0	25.046491885690354	25.815545517908483	20.324695565828918	28.81326703057224	0.0
28.0	27.713027704273685	23.75621104419225	23.045648322996943	25.482814576016487	0.0022983525206336287
29.0	26.498085816339888	24.348536377504267	23.016822909292006	26.136254344649235	3.0055221460229594E-4
30.0	23.29553598921226	25.25452984147546	25.696464785891	25.753336660260562	1.327231607224387E-4
31.0	25.571577705485392	24.80923229310994	22.978020579369325	26.640872661277932	2.967607574125891E-4
32.0	23.576059863418923	22.871445871050934	25.211822292898674	28.34050850427764	1.634683538344445E-4
33.0	22.9305934705916	25.140430683194907	26.047535458888966	25.881408054236815	3.23330877096437E-5
34.0	25.47394314156414	26.967859864471393	23.061045555839694	24.497151438124774	0.0
35.0	24.761392851905356	22.484675391972004	26.415243744649096	26.33849796827989	1.900431936505302E-4
36.0	22.933187673148165	25.777960204641587	26.846644762784244	24.442080771779562	1.2658764643817176E-4
37.0	24.637960843616487	25.96729111665451	22.104517204670167	27.290230835058836	0.0
38.0	25.586534541483214	25.9939356349919	22.14366162525868	26.275741686009862	1.265122563492548E-4
39.0	22.915802348584123	28.082990979048926	21.937309955426485	27.063675367187617	2.2134975284719024E-4
40.0	25.387411057414898	26.513229345006334	23.538385414443596	24.560942566130915	3.1617004257229625E-5
41.0	23.11341452465646	25.071035031303467	22.162297501160207	29.648669017851386	0.004583925028483562
42.0	24.035083504607815	26.811279017353357	21.255505702792256	27.898131775246576	0.0
43.0	25.264761854191104	25.990895359212306	22.863249281499527	25.877616762450927	0.003476742646136185
44.0	27.82384372677214	25.486710505690986	23.482825923172996	23.206430229206802	1.8961515707719613E-4
45.0	25.05599097066604	25.145759789888512	22.414082929831814	27.380374596024517	0.003791713589122332
46.0	24.563269832593747	25.036089420247045	22.80772372044088	27.592917026718332	0.0
47.0	24.65249421626661	25.354692998515482	23.94543024247293	26.04592930371211	0.0014532390328631053
48.0	22.66284567953481	24.833721369441115	23.45924610247943	29.044186848544644	0.0
49.0	22.186867225918427	25.876046702279915	25.27243628205792	26.66319713308735	0.0014526566563885944
50.0	26.94340390018059	24.864953792045732	20.735935916718002	27.4556116605655	9.473049017660605E-5
51.0	23.997330276327133	27.41609834534593	22.30428472337767	26.280076618796233	0.002210036153034269
52.0	22.357578877137584	26.647742915878876	21.575343976079335	29.419334230904198	0.0
53.0	22.33031911195861	25.79658456748434	24.055650744988817	27.81618733448232	0.0012582410859123868
54.0	22.098897659590865	29.018619786137467	22.94230052419754	25.940150575076004	3.145499812056386E-5
55.0	23.351498594846674	29.103667520794858	23.014450091558565	24.529222638738297	0.0011611540616070686
56.0	25.483015841338098	25.91507230332629	25.568115494538183	23.033796360797425	0.0
57.0	22.325303242377093	27.990607244056342	23.74999882339542	25.92947840020683	0.0046122899643159364
58.0	25.091752876826824	25.814638168318293	22.24168796429403	26.851607251881333	3.137386795240961E-4
59.0	26.487751179330743	23.658549516519102	24.810853764243024	25.04030445352055	0.0025410863865845696
60.0	23.720525707871587	23.84871429323084	24.109162931356312	28.321471791621043	1.252759202142719E-4
61.0	24.627713760240553	24.635292106088073	23.22922711206463	27.502036289003033	0.005730732603703556
62.0	24.677149401676214	22.72869464741718	25.5949184360131	26.999174887780043	6.262711346936987E-5
63.0	25.195637607008887	24.61288928689967	23.84395959494749	26.345259044481878	0.0022544666620742345
64.0	24.33049040378435	23.11706189076174	23.5842917254559	28.968093465971428	6.251402658471494E-5
65.0	23.02067051904609	26.72159260853218	24.2632082138255	25.99009057748499	0.004438081111245504
66.0	24.096828351445314	24.64487562052227	23.636788673023048	27.62091355379401	5.938012153548244E-4
67.0	26.53197390523067	25.694753701316458	21.087823743114967	26.684917379585137	5.312707527637798E-4
68.0	22.899433432188427	23.371281605765056	27.406725688053324	26.322465523114282	9.375087891448983E-5
69.0	22.515074359339728	25.55619511170775	25.357672298927298	26.568589584942643	0.00246864508258399
70.0	24.691025130881883	23.463333567399296	25.171203645187212	26.67412556858523	3.120879463832908E-4
71.0	24.175563168404977	23.618939704053503	27.03721977770549	25.167343470079274	9.338797567554528E-4
72.0	26.42732328133861	26.23705086153285	22.479131663036352	24.855249159445986	0.0012450346462016173
73.0	24.979987974110728	23.669713806243752	23.351108660009686	27.995641548824985	0.003548010810851187
74.0	24.857815923122885	26.198653156741685	23.57165529774945	25.37097316271659	9.024596693885679E-4
75.0	24.347795510394725	25.33432121784876	22.516454282905688	27.79953080671807	0.0018981821327538797
76.0	26.184830030889334	24.630468449288383	26.127015608960424	23.056907998833754	7.77912028106895E-4
77.0	23.878132926437683	25.715012906325217	24.807556360939014	25.598768858543192	5.289477548968116E-4
78.0	26.22469177747619	27.026042337544187	21.368114113116253	25.380747300777767	4.044710856066164E-4
79.0	27.195146955008592	21.59829653093029	23.276657850434347	27.92750300468522	0.0023956589415480996
80.0	23.65410718857946	23.659582755572867	28.522819581000903	24.161437137224244	0.002053337622527478
81.0	24.58996350115171	25.719026066872658	22.45721371799195	27.23342338788457	3.7332609910314626E-4
82.0	22.12777699658168	23.004413827087983	24.882561338757185	29.98415900230335	0.001088835269800936
83.0	25.043458567839536	22.72002727592862	24.92117107308132	27.31456537076971	7.777123808078005E-4
84.0	22.978182421076568	26.54522390710693	25.429568871152824	25.04621603941529	8.087612483914206E-4
85.0	24.92133601249168	27.338799479928085	21.424972161222293	26.314363565105413	5.287812525272634E-4
86.0	24.450197147404428	25.308146820619033	23.7175932247356	26.52247654588168	0.0015862613592642484
87.0	21.32920222860701	22.92775563698612	27.06126554373769	28.680843546538064	9.330441311213137E-4
88.0	24.160539697813263	27.6816561646984	25.915017871643254	22.24219536491087	5.90900934214377E-4
89.0	25.751641954802434	26.730392871837182	23.26928058759886	24.247502819911013	0.0011817658505122177
90.0	23.216281556181805	26.645611071478108	25.144155983896077	24.993733700624514	2.1768781949574795E-4
91.0	25.97491648104307	25.278964044634243	24.726089229311974	24.019594886024574	4.353589861359931E-4
92.0	24.67581211002145	24.876472457633707	23.506117450826867	26.941566885849667	3.1095668311212915E-5
93.0	25.73155567385336	26.154318313899704	21.919882188651766	26.194119445060295	1.2437853487682948E-4
94.0	27.13769650340692	24.210301787692057	23.712649660987122	24.935403168183097	0.003948879730804558
95.0	23.157720292057228	26.749173486009504	24.83947765994791	25.250892429899828	0.002736132085532733
96.0	25.576831417013413	25.294552378322937	24.342159877698773	24.785772315636407	6.840113284712564E-4
97.0	24.866202091892283	25.085918559092757	23.38007684324612	26.667771415282466	3.109048637335073E-5
98.0	27.266187274021707	23.505100153268856	24.622501608856638	24.6062109638528	0.0
99.0	21.37390058267758	22.86676126693907	27.11960821188389	28.639698854072606	3.1084426857566494E-5
100.0	22.466524784822724	25.094809791401364	24.97759719460617	27.461068229169744	0.0
101.0	22.79703978143367	23.356882881146788	29.010079786655396	24.83584214239758	1.554083665648224E-4
102.0	24.626695854967057	24.76447192781429	25.359315148466777	25.249517068751874	0.0
103.0	25.3738344193125	25.94168102239743	25.758408437999098	22.925858530723335	2.1758956763709542E-4
104.0	24.728713784727898	27.776102691818238	23.484076563792904	24.010578530481972	5.284291789889098E-4
105.0	26.967767888007682	23.914259921064215	22.01295576462513	27.102249694726922	0.0027667315760546533
106.0	25.561187027525754	23.307361691994817	25.159830666224824	25.971465182312343	1.5543194225889863E-4
107.0	24.711971574853816	25.144721421754685	23.550780727850366	26.591873467065813	6.528084753191767E-4
108.0	23.348452803256652	25.085948466977758	24.630126289848693	26.93544135548037	3.108443651998543E-5
109.0	24.99156105290707	24.748276931741817	26.23524116739079	24.024268111721092	6.527362392321832E-4
110.0	23.31514630847117	24.531751971832385	24.226434986721834	27.926635651127402	3.108184720661223E-5
111.0	24.211039356646765	24.833454766090668	24.950701616091788	26.004275842175545	5.28418995233039E-4
112.0	24.859647737734758	24.948978354886858	23.775744717091737	26.415598107956395	3.108233025473213E-5
113.0	27.639911690832125	22.302105501668617	23.911606290054525	26.14578596620244	5.905512422867015E-4
114.0	26.144718033293373	22.788681235715792	27.508511079400378	23.557654500995717	4.351505947420754E-4
115.0	26.559666422339806	24.238996432081795	26.093207278080648	23.10760142517785	5.284423198990862E-4
116.0	26.433360097657143	24.736452231899033	25.42138267418803	23.408773911094574	3.1085161218525886E-5
117.0	25.032608790260507	27.409009351790715	24.632381741066933	22.92534731936471	6.52797517131272E-4
118.0	25.65402677564186	25.267316551228692	25.65862750821526	23.419562874450673	4.662904635206982E-4
119.0	26.388122506623873	21.681449079558924	25.323515212295057	26.60647798274855	4.3521877359701784E-4
120.0	24.67924924801699	24.5538772977604	25.044671334619075	25.722202119603534	0.0
121.0	27.05472659706027	23.83293842177549	24.756447027034085	24.355235122113783	6.528320163742705E-4
122.0	25.973109504935106	24.84504546514339	24.76720292220409	24.414113623999377	5.284837180383928E-4
123.0	23.689825873832827	28.24915100592275	24.362275192212756	23.698157269391324	5.906586403411146E-4
124.0	24.899977679556777	24.864849405399557	23.40516080977822	26.829918844360606	9.326090484216835E-5
125.0	26.011009582713935	24.076902942458332	25.234531840934288	24.676747385783663	8.082481097874493E-4
126.0	23.47985790940808	24.559495228363655	25.662540750635486	26.298012851818616	9.32597741683482E-5
127.0	25.326957337550287	23.608820659420047	28.19090186477049	22.872449723441235	8.704148179418606E-4
128.0	25.5075426498722	23.66917912169148	25.215044637888766	25.599746827100688	0.008486763446857006
129.0	24.35761928684052	27.075955364115217	22.72089142447861	25.84195892543609	0.0035749991295654293
130.0	26.021690363624156	24.71244071615629	24.403337801641918	24.862531118577635	0.0
131.0	24.96156748097493	25.558145875386305	24.882914883900373	24.596781088060755	5.906716776350252E-4
132.0	25.684616369860713	26.15379402193309	22.50206112366369	25.653839410176666	0.005689074365839191
133.0	26.190692321609877	25.847581186181547	25.218062250562834	22.741550301516256	0.0021139401294850506
134.0	25.530881084315816	23.8225862859541	21.773391051596708	28.873141578133378	0.0
135.0	25.66074488377356	24.92800352148579	26.203454090121188	23.207393379308286	4.041253111764896E-4
136.0	27.429349850128983	26.552102328860727	24.319891468636513	21.69293632175918	0.005720030614598637
137.0	28.004115961942894	21.721087621182285	24.7015849873086	25.572962730959404	2.486986068214919E-4
138.0	24.85821595193331	24.63038536910482	27.33127667193888	23.179002904692272	0.0011191023307171206
139.0	24.899194895877987	24.44682703675116	25.773528211284884	24.879237490328272	0.0012123657576928494
140.0	26.34249577927316	21.921200871780986	25.611939333443797	26.12414641220344	2.1760329861731756E-4
141.0	24.43810069158512	25.813530348204882	25.78934491995649	23.95852665355431	4.973866991957568E-4
142.0	28.183812840947386	23.276439859585945	24.53158010577063	24.00791849717667	2.486965193678632E-4
143.0	26.295425860643252	25.858498249802597	24.372073937291326	23.473970865275213	3.108698760872674E-5
144.0	26.59096879289093	26.212106374942294	23.505044711485404	23.69144489676644	4.352239149323771E-4
145.0	27.133608187683535	22.644924945612537	23.614728479258776	26.605743589616047	9.947978291024375E-4
146.0	26.389095707888327	22.17417458494147	25.72326115307076	25.709116287889977	0.004352266209471464
147.0	25.754701613545024	24.933007291791014	26.946487903386256	22.361730780709085	0.004072410568620429
148.0	24.12782112429019	24.83727182460113	23.94443522178223	27.0900366025702	4.352267562487681E-4
149.0	26.951528689053344	25.73858787649865	24.52657971271309	22.780443598842893	0.0028601228920194796
150.0	25.417219140115556	24.281079837530058	25.233577742923806	25.068123279430576	0.0
151.0	26.54771346397003	24.795624316221684	25.689638716332613	22.966619337833666	4.04165642003132E-4
152.0	26.911146698900872	24.781879700627304	23.172905359589535	25.13400606070216	6.218018012976381E-5
153.0	24.248863723628737	23.956209794284156	25.781620412961338	26.01271535153759	5.907175881809225E-4
154.0	22.553253804087436	25.342259827387814	24.84536008752798	27.25654571045439	0.002580570542383073
155.0	26.598095671650285	24.375757360918453	24.41198319494443	24.614039391940825	1.2438054601193992E-4
156.0	25.026283736236604	24.27724778419008	26.551813243520332	24.144375373732807	2.7986232017679835E-4
157.0	24.75948076017109	23.072526590906616	26.992728216912766	25.17514004829198	1.2438371754945417E-4
158.0	24.633924798207353	21.91457120636507	26.17801910006247	27.27345379891355	3.1096451552816855E-5
159.0	26.242927786142843	22.18400412469362	24.97930500902743	26.593234432733347	5.286474027553103E-4
160.0	25.196238246073836	22.179042172020445	26.49130804973297	26.133411532172744	0.0
161.0	23.811715447341562	21.451099392167023	29.382906166833457	25.351169237294936	0.0031097563630279822
162.0	24.536737716750647	24.1933823627737	25.73697319240868	25.532906728066973	0.0
163.0	24.577367024551897	24.96417415837261	26.93030381060072	23.52809280883306	6.219764171421676E-5
164.0	25.227531913557	24.488544955765587	24.671068079041312	25.611362274345723	0.0014927772903790815
165.0	25.847243612550724	22.641327524563284	27.295133869591286	24.215766282428635	5.287108660657194E-4
166.0	25.04140418100586	23.25047313510126	26.019771371166517	25.688320210994153	3.110173221097549E-5
167.0	26.155263969026453	24.498286383976268	26.84627780329946	22.499923020243966	2.4882345384993643E-4
168.0	26.23940330354102	24.519390924204558	24.141136877203515	25.100037791190456	3.110386045564045E-5
169.0	25.948718012523596	22.651654441783563	26.18163415182661	25.217837867597996	1.5552626823117798E-4
170.0	30.665798204473077	23.53395680955856	23.589448806455486	22.21076507413345	3.1105379426528785E-5
171.0	25.362794648664234	23.748659786567412	27.52610986157582	23.362062449669097	3.7325352343550006E-4
172.0	26.444879861161425	24.823645345931876	24.93036770392382	23.801044896466564	6.219251631231962E-5
173.0	28.31357571842033	20.343415318444833	23.774366161888597	27.56755462711848	0.0010881741277584825
174.0	23.13809264128969	26.647755289599633	24.562601860586007	25.65127039310336	2.7981542131186174E-4
175.0	25.852660575845338	24.05659893387308	23.502548724238764	26.586854832315865	0.0013369337269514957
176.0	24.249908275137276	25.35393359741802	28.39447287742449	22.000441523068027	0.0012437269521849172
177.0	21.632517637342406	26.586054807606196	25.313224524115146	26.444259530135227	0.023943500801018935
178.0	24.926611902972557	23.590250491197313	24.645403577788276	26.837423094466907	3.1093357494945E-4
179.0	27.62952374170473	24.862096641032092	23.42735441668566	24.079967933718073	0.0010572668594416574
180.0	25.95717950876143	22.954632599811088	26.03608069056459	25.051888983449764	2.1821741312608915E-4
181.0	27.187220937117544	22.700490635660184	26.650296538207876	23.461523695433208	4.6819358119085347E-4
182.0	24.36072675241605	23.839606801809296	26.212910976980513	25.58672425466113	3.1214133010287866E-5
183.0	23.493839006949184	25.163147541065484	26.411765477087553	24.93102946675898	2.185081388038615E-4
184.0	25.760564998276834	22.522295005818805	26.91986159739877	24.794000639319126	0.0032777591864664134
185.0	24.51417482371016	25.306671436192147	25.13177843057016	25.047094381979683	2.809275478489846E-4
186.0	26.31570732340796	23.797173728183925	25.63426913889489	24.252849809513226	0.0
187.0	23.966901058091693	23.439121655997777	28.429229310112458	24.164310192196382	4.377836016894695E-4
188.0	26.302684831984568	28.716262913018	23.06496271431529	21.915745547952273	3.439927298700145E-4
189.0	24.51046771743621	24.614389636204486	25.09218652905482	25.78226809978631	6.880175181769538E-4
190.0	28.3159800956435	22.259913864554044	24.865370360524068	24.558485467380187	2.502118982012892E-4
191.0	25.68996709109392	24.394756503855557	25.27701592502847	24.638072518635585	1.8796138646584037E-4
192.0	25.93307119546335	24.56196962429655	24.480702916296856	25.024193606496826	6.265744641456861E-5
193.0	27.27360745078416	24.742166935139963	22.168990597846847	25.815109683431288	1.2533279774451096E-4
194.0	26.78535841280863	24.371488161115618	24.950741818190934	23.89241160788482	0.0
195.0	25.914873492996072	22.593377127293003	24.617696031560232	26.873708612530013	3.447356206855162E-4
196.0	27.240384866072425	23.2118305702221	26.63816388565089	22.90955785508563	6.282296895697222E-5
197.0	24.24660456427742	25.443894059200957	24.46152603986839	25.847535503199314	4.398334539210053E-4
198.0	26.570517055858645	24.16152253663816	25.067581598172655	24.200284421623593	9.438770694504748E-5
199.0	24.913392579840107	23.56964144669943	25.706204802466974	25.810603516638054	1.576543554380505E-4
200.0	26.65491689702648	24.056943811125763	24.75634837593965	24.531790915908104	0.0
201.0	24.582350041644368	22.031305337259457	28.9410220514889	24.445227959154774	9.461045249971854E-5
202.0	24.574912027109246	25.541107791352935	28.21342726360075	21.670552917937073	0.0
203.0	25.00696466053945	25.485672675783142	23.321564134979695	26.185419928804286	3.7859989342413E-4
204.0	25.84950943177135	23.958895386885324	23.9401839338984	26.251316585794065	9.466165086132636E-5
205.0	26.79261037140634	24.887298192290142	25.543660393148336	22.775957705029565	4.733381256188896E-4
206.0	24.81369185375856	22.048475938925836	26.304851349564355	26.832949297484237	3.156026701248303E-5
207.0	25.100719485775848	24.096917982156953	27.19348779039614	23.608748477330973	1.262643400778483E-4
208.0	27.46661017238124	22.641242554341545	22.747358776389344	27.144756924075597	3.157281227247842E-5
209.0	26.328087375436795	21.41452962437215	25.78052242729898	26.47645003339581	4.105394962680381E-4
210.0	23.92734442194462	25.508986083486445	25.3058875516393	25.257560840328864	2.2110260076672067E-4
211.0	24.356151407697528	26.05426050184661	25.745160096821763	23.843701293305415	7.267003286897183E-4
212.0	27.419821865706368	22.882916658237068	24.95356344453661	24.743539976531995	1.5805498796253213E-4
213.0	28.76600059972595	24.054482698412496	22.81514396585864	24.364151318195105	2.214178078118733E-4
214.0	26.444100981486557	26.321011511778032	24.66940283245079	22.565484674284622	0.0
215.0	25.059943287113427	25.37267017673909	23.431669095284757	26.135431845529734	2.8559533299146516E-4
216.0	25.386874065256983	25.00654059292601	26.36566777768469	23.240917564132317	0.0
217.0	27.743135019776105	23.561971219513932	26.03996530724103	22.654313333629023	6.15119839913443E-4
218.0	24.23321866720504	24.749101720188253	25.775697870403608	25.241818136008447	1.6360619465406943E-4
219.0	25.81442188650756	23.777212289514736	25.083745350780173	25.323993537947402	6.269352501273669E-4
220.0	27.84648885387049	22.428434736057092	24.84249186613161	24.882484976032345	9.956790846655797E-5
221.0	24.522507564683306	23.69351719841695	24.63653760417941	27.147303951548597	1.3368117174220655E-4
222.0	24.983821747968374	25.36905527465141	24.627917117284124	25.019070548003825	1.3531209226660948E-4
223.0	29.86151029814093	22.99118720571666	24.424768399245842	22.721815132287777	7.1896460879595E-4
224.0	28.75527813790557	24.2215830550094	24.986133887405447	22.03697057636665	3.434331292768157E-5
225.0	30.205299466321595	20.500023323595013	23.927693400113682	25.36615452659149	8.29283378224055E-4
226.0	24.611857792094035	23.15695173263129	25.88741821660715	26.343597423772856	1.7483489466722102E-4
227.0	26.343424146766214	24.246970971017674	26.298005059368222	23.110256690302265	0.001343132545621441
228.0	26.86991927690296	28.123116934796204	23.651547666420328	21.355274003751916	1.4211812858848274E-4
229.0	27.41080001419272	25.40052319523985	22.420374723627255	24.768302066940176	0.0
230.0	24.748378499505712	23.67960430721751	28.32607903799833	23.245938155278452	0.0
231.0	24.838924332953784	25.189871931822182	24.446671518623297	25.52295484158753	0.0015773750132059303
232.0	24.25155941646999	25.93521637768224	24.9418458576726	24.87123077223905	1.475759361202803E-4
233.0	22.567557062471224	25.151700661966526	22.772665028194872	29.507591386661403	4.858607059780301E-4
234.0	26.286894361085828	22.12172478541485	26.622824507041294	24.967683702076172	8.72644381858558E-4
235.0	24.800872055006547	22.782052406382554	27.268796954884845	25.1481631918321	1.1539189395023378E-4
236.0	28.053184318687997	24.2270820395327	23.645549111405053	24.07406757664465	1.1695372959595994E-4
237.0	27.892723568775107	24.782367725618563	22.52649744880261	24.798292999817097	1.1825698662276968E-4
238.0	26.92655250266479	22.796137442832404	24.446968573658722	25.830341480844083	0.0
239.0	26.782419029990272	24.099249452277803	24.260787957493026	24.85628629343958	0.0012572667993150735
240.0	24.984913150033695	22.493529417681117	26.45382753383645	26.067604174699017	1.2572374971921694E-4
241.0	29.060236798458654	21.705630288452056	23.478954441534007	25.752661035161456	0.0025174363938227145
242.0	26.092235254550804	24.634001765670323	21.647454491949382	27.625467692437045	8.407953924412495E-4
243.0	27.549758739122186	23.194715438589096	25.61815461766999	23.634926989612087	0.002444215006637308
244.0	25.98948568533063	23.305506291698336	26.534160966134618	24.16996030740647	8.867494299467951E-4
245.0	28.887369605197303	21.51566599130934	23.702165303612535	25.893191442014107	0.0016076578667141629
246.0	24.469686439500013	27.06095088603132	23.686251343370614	24.780780561893366	0.002330769204690694
247.0	24.943343780639687	23.68168397952775	24.98381099221951	26.25307166518117	0.13808958243187983
248.0	25.94810438638965	23.86886190913655	23.66276566031784	26.50993772475353	0.010330319402422907
249.0	25.454679535435293	21.580621482750185	28.787930456815143	24.16116708966733	0.015601435332050547
250.0	26.086143105980163	22.880742738472236	25.518180195064527	25.51369526570857	0.0012386947745020233
