# Position (bp)	A	C	G	T	N
0.0	24.563149822614815	23.96698361652316	24.788564746173282	26.681301814688744	0.0
1.0	23.286449494896917	29.703537514589744	23.640623174474275	23.29417092646768	0.07521888957138247
2.0	25.06896797274089	26.36316434197966	22.478038216141837	26.089108725353082	7.207437845218254E-4
3.0	25.66595094507804	22.05149450215768	24.310209274380462	27.966093638048463	0.006251640335352969
4.0	25.91144270271531	23.351155566417972	24.383929648382974	26.35332814585732	1.439366264306221E-4
5.0	27.941799372375492	23.69525503104622	22.65363299580711	25.708794996027386	5.176047437899651E-4
6.0	26.554601825802376	23.73167020726876	23.862347132112305	25.84624217718321	0.0051386576333467306
7.0	25.544295789296946	25.150038422901766	23.319750173776956	25.985227955827128	6.876581972008873E-4
8.0	27.610105349874285	24.178782998709945	23.965566066070362	24.24551698098096	2.8604364453928383E-5
9.0	26.053109775333343	25.34920469517478	21.91221456314976	26.685271123076333	1.998432657815513E-4
10.0	24.540694880034	24.514138773484397	23.722361753501712	27.222804592979887	0.0
11.0	26.939840894669608	22.837461519065208	22.758463034749912	27.464040588207585	1.9396330768399497E-4
12.0	28.238792589798674	24.373445503096693	20.042172988515173	27.345561586775773	2.7331813684492475E-5
13.0	25.04870841694405	23.46803388637007	24.8031953153519	26.679927380178377	1.3500115560989204E-4
14.0	26.642267352467908	22.209615494508018	23.302991737593974	27.8451254154301	0.0
15.0	25.853341321761363	23.679430571348405	24.26740805748293	26.199767308905344	5.2740501963001485E-5
16.0	26.639074412368586	24.572822884417864	21.5563599618233	27.23171677791152	2.5963478732276032E-5
17.0	28.663012626015465	26.69690120224463	19.207035455613195	25.431878242145444	0.0011724739812730416
18.0	25.321726635449	25.861534219267423	20.16076845042488	28.65584420512587	1.2648973282838633E-4
19.0	24.748480105615318	24.65004477422938	22.356123923788395	28.24474698972924	6.042066376630697E-4
20.0	22.513763283517644	25.520495997952995	23.706456249350317	28.25923449356714	4.997561190139212E-5
21.0	24.077215364175316	24.245703744778933	23.29285493649122	28.38397784914943	2.4810540510030284E-4
22.0	22.756985696948256	27.082934115554508	25.514610142342637	24.64539634341082	7.370174378325792E-5
23.0	25.6031922950131	23.7707115387858	23.06190728825741	27.563749006317778	4.398716259097095E-4
24.0	27.802788643682685	21.745963515555587	24.496726037202396	25.954425044527298	9.675903203231944E-5
25.0	25.15684156965184	24.823610130235757	19.782184982497565	30.23712375511346	2.3956250137748436E-4
26.0	26.386329963296845	25.395123134665383	19.90444930133884	28.314026105688217	7.149501072067686E-5
27.0	25.47871821880253	24.901907169063012	19.93784640405544	29.681433099286448	9.510879257010113E-5
28.0	27.368096658542783	24.070960092593463	22.768417536298706	25.79007913729992	0.0024465752651240697
29.0	27.435939977312994	24.03158470668614	21.81543088992889	26.716531778114778	5.126479571910992E-4
30.0	23.45760843126305	24.794445379183966	24.901159974458853	26.84667049768438	1.157174097537279E-4
31.0	26.464121895438687	25.242384760121556	22.140057940139577	26.152813432381976	6.219719181982533E-4
32.0	24.338116900891094	22.602019978800747	24.609100246259256	28.450603069211706	1.5980483720110504E-4
33.0	23.872589475760243	25.26393831084457	24.54771607047824	26.3155752044661	1.8093845084569501E-4
34.0	26.81828452390756	26.466004904540075	22.307310340618493	24.408355354549244	4.4876384632800106E-5
35.0	25.266289811884274	22.655216073353206	26.002136048381562	26.076180395482098	1.776708988615071E-4
36.0	23.962182807062778	24.36772203311456	25.89832918371391	25.771566279603064	1.9969650568835498E-4
37.0	25.474486895366784	25.80427927123604	21.11951069706902	27.601678773619536	4.436270861840995E-5
38.0	26.96297837150607	25.18746328407421	20.946766925029987	26.902702713491255	8.870589847654273E-5
39.0	23.543037077702028	27.181497777040686	21.83874609662889	27.436364297490755	3.547511376425545E-4
40.0	26.507138423339537	26.237651857763588	22.680477963997518	24.574643078833024	8.867606632969761E-5
41.0	24.475347453815612	24.11565220725912	21.822243117811	29.581326436902376	0.005430784211890137
42.0	24.62784983401134	25.663566763613442	20.574991455651173	29.133525453737064	6.649298698466273E-5
43.0	26.176564841544543	25.746956172159052	22.392750749848304	25.679561796941037	0.004166439507065882
44.0	29.194439095365787	25.011993877748644	22.28224270112985	23.511058410683226	2.6591507248734076E-4
45.0	26.01633275608723	24.127771977744416	21.530984290279754	28.320701274254528	0.004209701634073236
46.0	25.457711897994844	24.5444924477343	22.40514722481734	27.592648429453515	0.0
47.0	25.827177581173743	24.47272011955148	22.61181700613574	27.086690328265924	0.0015949648731138988
48.0	22.643189541812067	23.916448056960913	22.539882338299314	30.900480062927706	0.0
49.0	22.36542587019024	26.21527254948158	24.33142516514527	27.086237805644963	0.0016386095379475397
50.0	27.172765282076046	24.120590219586468	20.533824526116536	28.172753546943742	6.64252772092881E-5
51.0	24.86837392034735	26.83462911576409	21.305780301007623	26.988869952857698	0.002346710023241285
52.0	23.136692014788984	26.011858589742744	21.52745088939423	29.323998506074044	0.0
53.0	22.60243883765228	24.9447458773706	23.973945780906178	28.47745739911007	0.0014121049608791765
54.0	23.38275560027094	27.845740749320996	22.57130375498911	26.200089577858826	1.1031756012858615E-4
55.0	23.787761658904962	27.528726306178047	23.02250479606618	25.6595760702444	0.0014311686064138812
56.0	26.571187786969407	25.349404794403537	24.83136281739455	23.248044601232504	0.0
57.0	22.868533263477207	27.82872187502064	22.544472744002977	26.75274673264842	0.005525384850759576
58.0	25.272788783683275	25.140128020827763	21.9621906920877	27.624694403705607	1.9809969565283425E-4
59.0	27.789703325676186	22.33219697644992	24.670961624680007	25.20434285095501	0.002795222238876171
60.0	24.30013093827962	22.956826421920244	23.434236710731927	29.308761960539126	4.396852908562167E-5
61.0	25.40168038483411	23.367003899912003	23.120690197154282	28.103854913864946	0.006770604234661229
62.0	25.51579834027468	21.625447568168074	24.928280285326974	27.930275973901082	1.978323291877202E-4
63.0	26.68858532759738	23.723543525642548	21.897450032398822	27.68793735113906	0.0024837632221926223
64.0	25.49207695207898	21.31612177744186	24.118058088452493	29.073633453639538	1.097283871287724E-4
65.0	24.51578472455072	26.190942238248134	23.653540964094425	25.634443580340328	0.005288492766395206
66.0	24.590840928151348	23.955943838356	23.23077348432418	28.221849289728908	5.924594395684789E-4
67.0	26.91962782104604	24.875693502008232	21.317502964902793	26.88660522195904	5.704900838949552E-4
68.0	24.026088860628736	22.05917781384897	26.646559831000772	27.267910201169286	2.63293352237796E-4
69.0	23.239559763509902	24.844229361254268	24.742075328506612	27.171107785449326	0.0030277612798917377
70.0	26.7767612997195	22.758328378541563	24.408652085516238	26.055819920695573	4.383155271303066E-4
71.0	24.867169704370585	22.370926741708274	26.458443405634068	26.302322977498015	0.0011371707890565682
72.0	27.64206255648423	25.575622559274414	21.847865565725723	24.93289678798927	0.0015525305263581416
73.0	25.715594444735967	22.41982386174809	22.763026709345645	29.097685015130047	0.0038699690402476785
74.0	25.0235779243294	25.094606831280004	23.569704302003807	26.311389503812038	7.214385747521859E-4
75.0	25.843033874817706	25.0559144246427	21.945605555787523	27.153238205395635	0.002207939356431585
76.0	27.029279794270657	24.009859759006012	24.611142419567024	24.34884362497415	8.744021821580857E-4
77.0	24.20723023772546	24.525647485198853	24.04628383880004	27.220095238823866	7.431994517811103E-4
78.0	27.50127815576604	25.8202546868808	20.599433742569044	26.078661826104803	3.715886793104451E-4
79.0	27.228809376739044	21.031937025607935	22.35244256585588	29.384035115558987	0.0027759162381482587
80.0	24.160548236948028	23.110331942661904	27.960211118610403	24.766657457694098	0.002251244085566509
81.0	25.127104363490282	24.789033639654377	21.813976300079513	28.26940486176649	4.8083500933475604E-4
82.0	23.09983614858921	22.371279822235316	23.821201983526564	30.706611121395383	0.001070924253527548
83.0	25.604347547674784	22.192363598773245	23.92163102099227	28.28058694341356	0.001070889146145116
84.0	23.9332310145967	25.765112282903218	24.67913941244744	25.621380900837586	0.0011363892150544474
85.0	25.189923043034362	26.778493482608635	21.238142648354568	26.792697829400986	7.429966014461337E-4
86.0	25.803756058749634	25.101366123621766	22.382251952643145	26.710965110386642	0.0016607545988152265
87.0	22.923289819822557	21.869892993079983	25.057528428800335	30.148480268366214	8.084899309134428E-4
88.0	24.793619572169074	27.042068810154916	25.732500025673964	22.43109053600899	7.210559930568864E-4
89.0	26.687886858273284	26.244954687505807	22.831195691811676	24.23497953689204	9.832255171930092E-4
90.0	24.107535743360074	25.708257973569204	24.691725945796904	25.492349245149697	1.3109212411627523E-4
91.0	26.712427680942113	25.218341780069665	23.594173882095546	24.474707091566234	3.4956532644048774E-4
92.0	25.573801793669265	24.091602926690086	22.595531316243715	27.73906396339693	0.0
93.0	26.233371411443922	26.245889344530006	21.127605800019357	26.39289313464555	2.4030936116377892E-4
94.0	28.247900852242193	23.586805406883823	22.672696355185675	25.488315639819536	0.004281745868770606
95.0	24.19984083651052	26.158932368187138	23.69493475192581	25.943889081004517	0.002402962372012217
96.0	26.39815897918148	24.023552309522174	23.697594636836364	25.879776622224842	9.174522351430078E-4
97.0	25.277518086184603	25.448878132317475	23.183255862719744	26.090129486597004	2.1843218117638836E-4
98.0	28.63647572843314	22.673171673601317	24.428134358856298	24.26221823910924	0.0
99.0	22.52478145318127	22.007900535206	26.011680001677433	29.455572485204517	6.552473078072279E-5
100.0	22.593326114276305	24.834262361033517	24.525545022061223	28.04686650262896	0.0
101.0	24.03355489962905	21.74776386208945	28.074273302953962	26.144276895625783	1.3103970175363882E-4
102.0	25.267078265344413	24.02400395260543	24.760508718841233	25.948321693504457	8.736970446760615E-5
103.0	25.896871955933936	25.18372508507004	25.184445832550708	23.734782399783338	1.7472666197816789E-4
104.0	26.815854029290588	26.447581307418393	22.617213025960368	24.118892989058835	4.5864827181331185E-4
105.0	27.2785866940702	23.260074020118008	20.69603809993917	28.76241813613018	0.0028830497424366355
106.0	25.887847589194273	23.145071619476198	25.202961708811895	25.76400987818694	1.0920433069430147E-4
107.0	26.227138675925314	23.83850310103068	22.873587544246227	27.060028100053312	7.425787444696994E-4
108.0	24.024379937065014	24.711711764833062	24.304593284445048	26.95918398099502	1.3103266185645764E-4
109.0	26.337403355890544	24.454617559681093	25.077983530647025	24.1292530614705	7.42492310836981E-4
110.0	25.055494301638742	24.46765323688189	22.650650241445252	27.82611487042012	8.734961399113706E-5
111.0	24.909296185569936	23.941526776569656	24.701901427981802	26.446664148026176	6.114618524236819E-4
112.0	25.82131287334761	23.96043538977736	23.825568940536257	26.392551773233947	1.3102310483267804E-4
113.0	28.5309936877347	21.598136214523123	22.517451152386386	27.3524581411452	9.608042105934342E-4
114.0	26.256859293557998	22.14057345430191	27.262848980787975	24.33932520426932	3.930670827936849E-4
115.0	27.135629446782527	23.45841778566691	26.16806285546689	23.23723474906055	6.551630231231054E-4
116.0	27.423281585702437	24.45161822906134	24.233012405716682	23.892000424545177	8.735497436349889E-5
117.0	26.486481056313586	26.0864390385801	24.036829722698247	23.389551342765778	6.988396422901936E-4
118.0	26.6078948046565	24.553762320754775	24.9974558108189	23.840472131628704	4.149321411240992E-4
119.0	27.24537284748687	21.116216599875518	24.694351325085446	26.94357876805818	4.8045949398879657E-4
120.0	25.368313145448862	23.647167144501925	24.874535486474727	26.10994054576299	4.367781149704826E-5
121.0	27.669411423499728	23.35310222166314	24.05743984597214	24.919369492141364	6.770167236234284E-4
122.0	26.810090307143874	23.780189646967663	24.454168212697773	24.955005853989	5.459792016866826E-4
123.0	24.40043049151858	28.4448930672346	22.588203588943497	24.565730324318753	7.425279845693949E-4
124.0	24.980132085867826	25.04422917625302	22.73413509657477	27.24135076919784	1.5287210654050203E-4
125.0	27.066753758910412	23.895857942679413	24.02381016336784	25.012617237669012	9.608973733215143E-4
126.0	24.431791628030492	23.797859901699965	24.737641628969552	27.032575809525223	1.3103177476860882E-4
127.0	26.473560158029986	22.544474049770578	27.662846946287406	23.318288994134477	8.298517775534266E-4
128.0	26.622258745948677	23.395201157966163	24.77343072152534	25.20026477032528	0.008844604234534445
129.0	24.513677479657396	26.593252763667653	22.142841543897656	26.747214493804407	0.0030137189728896324
130.0	25.656781664470753	24.364478635636893	23.7310811173811	26.247636743476736	2.1839034522490605E-5
131.0	26.531737637481136	24.120962650207986	24.164379181816773	25.182330869350526	5.896611435800862E-4
132.0	26.75267597956183	24.852649684945067	22.46477525964842	25.924286354491617	0.005612721353063324
133.0	26.55715922738092	25.579581149659948	24.918478741575154	22.943077403209134	0.0017034781748410687
134.0	27.039365679913047	22.525605021482296	21.0033355267339	29.43160641439721	8.73574735519789E-5
135.0	26.201076019100594	23.972382103620617	25.74852339473434	24.077516180143114	5.023024013330669E-4
136.0	27.8674801467444	25.837645555233784	24.577218801418525	21.71158409782727	0.0060713987760234785
137.0	28.372314364455185	21.801080664122942	24.3707646306901	25.45557826625064	2.6207448113074657E-4
138.0	25.162935805782094	24.333406710133684	26.48701580047101	24.01561528194162	0.0010264016715933947
139.0	25.758958852630933	24.127809339036343	24.887499776156986	25.224552761655016	0.001179270520726553
140.0	27.006604895187365	21.49615595274805	25.45518393860007	26.041902342593232	1.5287087128534703E-4
141.0	26.04021642398135	25.308546126589466	24.901118700145773	23.749791165053313	3.2758423009516326E-4
142.0	28.69456363738015	22.528054503396415	23.5511288192212	25.22605648813351	1.9655186872781147E-4
143.0	27.293730655901964	25.185000117931843	24.061611962307236	23.45952622847853	1.310353804262843E-4
144.0	28.204940049501392	25.47989554607576	22.946536267425458	23.368169507657036	4.5862934035341977E-4
145.0	28.756131545957658	22.54417115476175	22.31253740079235	26.386613901519617	5.459969686248302E-4
146.0	28.029957396846182	21.81870279981366	24.61901877993845	25.52784383750305	0.004477185898655294
147.0	26.314763014627264	24.522063191440292	26.159855055245334	23.000239361516257	0.0030793771708517077
148.0	24.80248469072078	24.218418134695447	24.040509666483867	26.93806334860603	5.241594938715928E-4
149.0	28.166631321528858	24.27966354340867	23.990452226295954	23.561178065455408	0.0020748433111092133
150.0	25.61021848134563	24.252141372286673	25.160845899385098	24.976750565565155	4.368141744452351E-5
151.0	26.67297145590397	24.039659017195476	25.435915020759936	23.850886638287836	5.678678527824433E-4
152.0	27.763727641153274	23.927250409254672	22.969239556224874	25.339651344506702	1.3104886047555445E-4
153.0	25.284651719093254	23.36911437658816	24.843733686993847	26.501648391731436	8.518255932965258E-4
154.0	23.309725563774286	24.93377993335947	24.66490254559831	27.08901457857128	0.0025773786966545404
155.0	27.781795608451613	23.329677604946745	24.09377653197117	24.794597356211597	1.528984188774504E-4
156.0	25.893671372700634	23.381114485825652	25.640032633161976	25.08485386612322	3.2764218851876245E-4
157.0	25.250883276450516	22.926001365187712	26.150159726962457	25.672671672354948	2.8395904436860067E-4
158.0	25.228701690863463	20.781469527411	25.991062503931833	27.998722590746734	4.368704696532297E-5
159.0	26.843010872008428	21.380837470780836	24.258661662337538	27.516987581431934	5.024134412633907E-4
160.0	27.025150770058843	20.923856532961455	26.10473691476664	25.946190249008698	6.553320436398714E-5
161.0	24.72503131420942	20.508305965711866	28.73027925677739	26.03299755296984	0.0033859103314828054
162.0	25.911300327215507	24.07175891388655	23.97177457671586	26.045056957430962	1.0922475111502087E-4
163.0	25.40956335597174	23.924424466081604	27.02439849187973	23.641569995231144	4.3690835781658546E-5
164.0	25.69411023492693	23.545210091597014	24.960770508072986	25.798467346404223	0.0014418189988489479
165.0	26.672748694079047	21.898641178078222	26.118834164478205	25.309098726116737	6.772372477864719E-4
166.0	24.94169550668161	23.337789416950695	25.801357710928997	25.91893889426935	2.184711693429021E-4
167.0	26.59446960107072	22.85207976575571	26.779084232774363	23.773842051149398	5.243492498091587E-4
168.0	25.951397499412813	24.031899146260862	24.408177979757152	25.60837243345696	1.5294111220961673E-4
169.0	26.94637743255529	22.49213045818027	25.2535219299501	25.307576893404004	3.9328591033561933E-4
170.0	31.037783547029186	22.55174737379374	23.33970757440754	23.070630407489677	1.3109727986254012E-4
171.0	26.24997569214036	23.608885773598452	26.283864672191303	23.85648727065671	7.865914131748381E-4
172.0	27.461853499786553	24.33255367557003	24.433029466344433	23.77243227442322	1.3108387576569368E-4
173.0	28.651466432816914	20.235387776806316	23.097818844217702	28.013863200516987	0.0014637456420796724
174.0	24.71256018119299	25.584661778254436	23.844150782385547	25.858255853608924	3.714045580952102E-4
175.0	25.151916962329313	24.480735991882906	23.109446850310693	27.25634896341649	0.0015512320606020484
176.0	24.604547301814815	24.29428550203418	27.68166702354057	23.41832030379437	0.0011798688160671912
177.0	22.92622050592427	26.17737024442241	23.50824625709477	27.363776255621953	0.02438673693659754
178.0	25.312663596693234	23.048966047049426	23.82286853446204	27.81523963009996	2.621916953402418E-4
179.0	27.92400561477602	24.640926158353466	23.099200785928797	24.334993409805232	8.740311364852061E-4
180.0	27.064920960408497	22.16563773055267	25.177517481330803	25.5917924508678	1.313768402337194E-4
181.0	28.008180245977275	21.84393090190938	26.073416173301972	24.073858941171057	6.137376403102882E-4
182.0	26.239030317905744	22.792131304177275	25.414971472526076	25.55375733184021	1.0957355069803831E-4
183.0	24.409852950844822	24.17404834432732	26.025837698056147	25.389691218689048	5.697880826631018E-4
184.0	26.14888274712778	22.046565224604436	26.19760141119758	25.603509847722943	0.003440769347259756
185.0	25.071494511942998	24.184373121700958	24.131542451776948	26.611976368847916	6.135457311788822E-4
186.0	27.355167106112035	22.79312379035651	25.22788193178312	24.62382717174834	0.0
187.0	24.934198065742457	23.13548383981747	27.052720775283184	24.876960862526026	6.364566308575683E-4
188.0	28.113578920291783	27.24374422224505	21.922503241688155	22.719800503394445	3.7311238057111655E-4
189.0	25.556794205139248	23.348910467584	24.74262171268583	26.350685914095955	9.877004949696412E-4
190.0	28.564492288213984	21.637362333435913	25.607725965888413	24.19019990982832	2.1950263337309258E-4
191.0	26.9262116316196	23.43604455055556	24.318331892190027	25.31901638948006	3.955361547513231E-4
192.0	27.492383261282704	22.64621677071375	24.02100954092118	25.840368451494605	2.1975587759070203E-5
193.0	27.66409971590497	24.06541614449241	22.14903845942514	26.121203915878333	2.4176429914947318E-4
194.0	27.850814436773724	23.23785597953303	24.027390395558456	24.883939188134786	0.0
195.0	26.636415615328325	21.601510471543136	24.47998403180625	27.281496349891615	5.93531430676738E-4
196.0	28.646100077692477	22.377900884487122	25.91904342430204	23.056867501833274	8.811168508531303E-5
197.0	25.342813275296887	23.87186832656714	23.7635622221434	27.021139298261925	6.168777306478295E-4
198.0	27.745371107981516	23.33258158293918	23.61155306482457	25.310361842032673	1.3240222206235881E-4
199.0	26.055733721673572	23.15158178797436	25.26831021594795	25.52397638481052	3.978895935955691E-4
200.0	27.70225444033821	23.549913970968767	23.702252671785594	25.045556809999752	2.2106907679121773E-5
201.0	25.730522118452793	20.728299119489012	28.585268425743106	24.95571136077383	1.989755412632161E-4
202.0	25.370532882368067	24.94667505980331	28.178695981620006	21.504073965732744	2.211047587713916E-5
203.0	26.074736982028718	24.12712006297347	22.66971949689346	27.127737809893638	6.856482107125233E-4
204.0	25.789880225056915	23.54616825472946	24.183376791602925	26.480508368850554	6.635976014928292E-5
205.0	27.31905262049517	24.266888702286156	25.11697572620955	23.296330837792183	7.52113216929803E-4
206.0	25.875764560752145	21.348387937467464	25.639507628074643	27.136317750198614	2.2123507133393024E-5
207.0	26.529845016301145	23.62181516929339	26.073868733174994	23.774271935961963	1.9914526850756554E-4
208.0	28.708512744063512	22.14254477596085	21.559917282210716	27.588958803991414	6.639377350339581E-5
209.0	27.499726078944605	20.40854633692843	25.400749270927292	26.690225722017164	7.525911825088955E-4
210.0	24.970306231584605	24.154222957528116	24.571651478290285	26.303575804952956	2.4352764404051328E-4
211.0	25.21033953949299	25.52852009943142	25.308796580799104	23.951546557269953	7.972230065272633E-4
212.0	28.57303008087338	22.2836366278883	24.905668403418204	24.237443335130127	2.2155268999306317E-4
213.0	29.85928225481798	22.740664187402572	22.505617359814288	24.894125846594203	3.1035137095501323E-4
214.0	27.93279556892301	24.56993414523011	24.203125339689137	23.294100578597355	4.436756039201401E-5
215.0	26.29584074287028	24.47288342936271	23.000425562001983	26.230472284885526	3.7798087950369777E-4
216.0	25.872566731109046	24.563149412717717	25.73957850820461	23.82466041951494	4.492845368393102E-5
217.0	29.37837953459442	23.205837635665205	24.74075663548254	22.674256607075723	7.695871821180533E-4
218.0	24.713923112746762	24.63786586562169	24.7506726955168	25.89726424594493	2.740801698200732E-4
219.0	26.821151997058035	22.703970244880193	24.45953982514581	26.014692765530732	6.451673852218419E-4
220.0	27.42811635393727	21.64864205768831	24.92759229755112	25.995441056497675	2.082343256238816E-4
221.0	26.165620360338902	22.779913062465873	23.997681727900385	27.05657511418329	2.0973511154528867E-4
222.0	25.494900243535696	24.68175783315111	23.910565392898057	25.912517725215228	2.5880519991407664E-4
223.0	31.084914115046708	22.71766245732377	23.816012365113153	22.3805790512885	8.320112278726614E-4
224.0	30.7733544141392	22.09863139157859	24.528785139937906	22.599133752328644	9.530201566145675E-5
225.0	30.657835709808555	19.998510237090258	24.35288124218443	24.989647105824183	0.001125705092570083
226.0	25.88583815938334	22.053624463196236	25.975541451102025	26.084874901909714	1.210244086868416E-4
227.0	27.424114001035893	23.651615244547504	25.556792410104013	23.365986619472732	0.0014917248398596704
228.0	27.677250755130995	27.975221030893056	22.695218237344868	21.65228538553793	2.459109315524136E-5
229.0	27.752659683321006	25.599934117196476	21.477248232066223	25.17013316214388	2.4805272410261348E-5
230.0	25.980257749519414	22.621930629432015	26.793032799689865	24.604778821358703	0.0
231.0	25.03397317301722	25.205982515797874	24.256251177648146	25.50225033543213	0.0015427981046345909
232.0	25.660890308535855	24.944126832344892	23.949955749061573	25.444899952188642	1.2715786903756752E-4
233.0	23.529733939794912	25.093577872192053	22.15645279116237	29.219618272736458	6.17124114201903E-4
234.0	27.49510329376847	21.110372149673594	26.422418177408126	24.97082841054611	0.001277968603701936
235.0	25.720279210810286	21.488325389769592	28.0511890005047	24.73994243467941	2.63964236013591E-4
236.0	28.946545059936046	23.71481000329992	23.817390946242345	23.52104005737687	2.1393314482257722E-4
237.0	27.78717410809241	24.427519653116157	22.09797352376243	25.687143768712435	1.8894631657253541E-4
238.0	26.49978227952246	22.639866260546864	24.67347398732626	26.18687747260442	0.0
239.0	27.964499364297644	23.042172599426564	24.213744589044627	24.77792003069558	0.0016634165355802026
240.0	25.55840698198012	21.831064438846788	26.076825393747328	26.533475045962973	2.2813946279430348E-4
241.0	29.009386079956002	21.85311046140588	23.34552886966995	25.789376148774696	0.002598440193472433
242.0	27.65147981518693	23.799290210664697	20.83988876418706	27.7082538049161	0.0010874050452160187
243.0	28.01400077871304	23.04746880990514	25.09870101720107	23.83704827619426	0.002781117986493515
244.0	26.721428881274832	22.914895737964123	26.039323881804854	24.323346037577252	0.001005461378935699
245.0	28.722280978178755	20.9729698617916	23.55450993934946	26.74831106602491	0.0019281546552704094
246.0	24.529197224438068	26.925770237463396	23.29620033770548	25.245978107667334	0.0028540927257248603
247.0	25.774983346748453	22.752504926586916	24.735542896000446	26.600909452570615	0.13605937809357277
248.0	25.91965804989686	22.42510651932109	24.33650640939367	27.308511965388206	0.010217056000175976
249.0	25.391325666438057	21.59508835345915	28.391331766491128	24.6062778841414	0.01597632947025687
250.0	27.388795013898804	22.460571533712898	24.054450470300115	26.09548425714475	6.987249434323931E-4
