# Position (bp)	A	C	G	T	N
0.0	24.210069354722012	24.4302266690095	25.03591768390371	26.32378629236478	0.0
1.0	23.381039225989923	29.70747941846208	23.798336991128558	23.015259703461	0.09788466095844539
2.0	24.645822401925983	26.62016317376051	22.57682850293733	26.157185921376175	0.0
3.0	26.008595163678237	21.607172232275047	25.288904425069912	27.089159401217305	0.006168777759499918
4.0	26.136527044516118	23.56252182666037	23.097228784486123	27.203722344337393	0.0
5.0	27.7047616116224	24.0265936163009	23.226322755394133	25.04027004011614	0.0020519765664276115
6.0	25.613765555384855	24.848671070825013	23.179187791263377	26.35120602243048	0.007169560096276949
7.0	25.577377240244136	25.70108267817161	23.151319354278062	25.568176009323913	0.0020447179822722953
8.0	27.313769751693002	25.19126073766892	23.859330153315017	23.635639357323065	0.0
9.0	26.226717098086393	25.55180604973136	22.804245210884215	25.41723164129803	0.0
10.0	24.357682875952662	24.934623564007854	23.6800065122053	27.02768704783418	0.0
11.0	26.86530240658645	24.118310639645347	23.343492716909438	25.672894236858774	0.0
12.0	28.14216698484435	25.50064284879417	20.06857053804496	26.288619628316518	0.0
13.0	25.990820656409664	23.651723772960388	24.74670207545536	25.610753495174592	0.0
14.0	26.550579798596274	22.160131217577053	23.106118400976502	28.18317058285017	0.0
15.0	24.910136929733177	23.52300776154142	24.704601552308283	26.862253756417115	0.0
16.0	26.435667331412954	25.086786320998595	22.138821183248396	26.338725164340055	0.0
17.0	27.982221415937232	26.360379155517254	19.34146673318518	26.315932695360335	0.0
18.0	25.316831149220732	26.226428661309747	20.93782020169336	27.518919987776158	0.0
19.0	25.290388346910124	25.15804816109735	21.83165970688437	27.71990378510815	0.0
20.0	23.228098219439634	25.425158740730875	24.715598774477154	26.631144265352336	0.0
21.0	23.103557646561292	24.756391957850962	24.13966273722049	28.000387658367252	0.0
22.0	22.107297112980223	27.856855579065172	26.020773952121985	24.01507335583262	0.0
23.0	25.205190916766036	25.198227916409184	23.36608844751203	26.230492719312753	0.0
24.0	27.329610674307613	21.98210016657029	24.368456937695807	26.319832221426292	0.0
25.0	24.845123858188998	24.945099078006304	21.28446795238787	28.92530911141683	0.0
26.0	26.28285250278465	25.111173464615806	20.403200435340832	28.202773597258712	0.0
27.0	24.575308558253088	24.98135087481351	20.84463583344636	29.598704733487047	0.0
28.0	27.061812589843882	24.095710894928626	22.667402132851937	26.170895597231976	0.004178785143583058
29.0	27.029063509149626	24.068063260743564	23.10673180425602	25.796141425850788	0.0
30.0	24.369713360350513	24.647557356700727	24.969790630574348	26.012938652374416	0.0
31.0	26.73550878800772	24.33148954276176	23.13111642064609	25.801885248584426	0.0
32.0	24.26644236679499	22.503315971660573	24.82045226618356	28.409789395360875	0.0
33.0	24.55744936835773	24.01844796470824	25.900942450370962	25.523160216563063	0.0
34.0	25.894684859056767	26.831385855496347	22.968290759635835	24.30563852581105	0.0
35.0	26.457818816756067	22.555095877050857	25.368485630240205	25.61859967595287	0.0
36.0	23.833655462845112	24.550982887851788	26.516758591429785	25.098603057873316	0.0
37.0	24.587473002159825	25.421559002552524	21.956410759866483	28.034557235421165	0.0
38.0	26.707079590426535	25.884948803316792	20.634933098812738	26.773038507443935	0.0
39.0	23.238507912584776	26.661799799045465	22.93393619693544	27.16575609143431	0.0
40.0	25.555276500227603	27.549562842387807	22.55639097744361	24.33876967994098	0.0
41.0	25.097697631715242	24.529560399893278	21.399312585338294	28.968721063452453	0.0047083196007344985
42.0	24.440974783058987	25.26323222495959	21.407723570856938	28.888069421124484	0.0
43.0	25.82664564260667	25.082174264354016	23.89839416974575	25.190432483741652	0.0023534395519051094
44.0	28.73209832002635	24.338441749933335	23.371398095716145	23.558061834324167	0.0
45.0	23.851232670472367	24.640863182987268	21.934790791041966	29.56997678941095	0.003136566087447463
46.0	24.988043060662847	24.591307893148084	22.250099967853473	28.170549078335593	0.0
47.0	25.536068491324905	24.768520333362083	22.71989588315079	26.973947267324718	0.0015680248375134261
48.0	22.41799584590665	24.527961750989537	23.5615472038249	29.492495199278913	0.0
49.0	22.163966802247668	26.258042774629896	23.671815609840202	27.90303999247643	0.0031348208058056878
50.0	26.4974611334002	25.17474297893681	20.187123871614844	28.140672016048146	0.0
51.0	25.07384106738536	27.419519112496964	20.878414904535447	26.62587453677951	0.002350378802717038
52.0	23.833533663227236	26.59808619909149	21.15093426577793	28.41744587190334	0.0
53.0	23.17175679462034	25.407054574888704	23.679991282961304	27.738862426449984	0.002334921079667507
54.0	23.416012265641417	28.478702457019665	22.8719968246309	25.233288452708013	0.0
55.0	24.04060929453372	28.405565551901717	22.113296519203328	25.43820189861637	0.00232673574486567
56.0	26.680211233201767	25.784563846863684	24.405809688500817	23.129415231433732	0.0
57.0	22.098342352959417	28.2714881607716	23.204732590054117	26.4207849400673	0.004651956147560049
58.0	24.70832655022985	24.968022512151443	21.794305293921564	28.52934564369714	0.0
59.0	26.88426241706455	22.056954176226203	25.21470205245861	25.84175606126372	0.0023252929869163512
60.0	23.379626049705386	22.09136883128934	25.05838140455607	29.470623714449207	0.0
61.0	24.62384214514358	24.677965577497023	23.32333338487946	27.369446549244593	0.005412343235344148
62.0	25.027833616823873	22.118447502706047	25.316993969383024	27.536724911087056	0.0
63.0	27.36662260052106	23.373611336595772	22.13666689859375	27.12155298374191	0.0015461805475025319
64.0	25.374352970175007	21.92198668967217	23.81531920138033	28.888341138772493	0.0
65.0	24.312021996811385	26.02647935488343	23.810624090205412	25.846253379237044	0.004621178862727882
66.0	23.81432818348454	24.877158392507816	23.67338765576624	27.6351257682414	0.0
67.0	26.133799508667625	25.446088208793157	21.497716613657193	26.92085544200661	0.0015402268754187492
68.0	23.84487432232627	23.29580458353869	25.5013245441104	27.357996550024644	0.0
69.0	24.69564547799638	24.356832094867748	25.163053940630654	25.781388364840414	0.00308012166480576
70.0	25.28521053723294	23.63194972612106	24.38866993938556	26.694169797260443	0.0
71.0	24.560826067986806	22.82097012469095	25.994504106611142	26.62293425594942	7.654447616787734E-4
72.0	27.099484934526224	25.569595065167643	22.950644023174117	24.377214666738098	0.0030613103939141147
73.0	24.937831406425744	22.921656094817628	22.827542408545217	29.309909482527758	0.00306060768365559
74.0	23.837356080021422	26.918104272654247	23.65069043338561	25.593849213938725	0.0
75.0	25.874767684647683	24.943211802767134	22.29156628348974	26.887394932274816	0.003059296820625779
76.0	25.493824800214128	25.12981302336252	25.031927503536878	24.34366994226284	7.647306236378236E-4
77.0	23.919292933926634	25.014908940777097	24.647919629340795	26.41711393488998	7.645610654923009E-4
78.0	26.513849092645653	26.241833810888256	20.388920725883477	26.853868194842406	0.001528175740210124
79.0	27.143009670235806	20.752112504194503	22.09130288886855	30.010524389127845	0.0030505475732894053
80.0	22.781964627260326	23.654471885453894	28.70739383225	24.853121594745144	0.003048060290632549
81.0	24.665996374327804	24.80919519217586	23.32617339244093	27.19787334521579	7.61695839617324E-4
82.0	22.793200960865995	21.88934837473774	24.94602730562228	30.369142822391826	0.0022805363821570834
83.0	25.090997515140923	21.80672811690236	24.771081407630874	28.330433064583538	7.598957423041559E-4
84.0	24.117794467183547	25.40721559455375	24.82097701367637	25.652494171786127	0.0015187528002004755
85.0	25.173180373143957	27.663335837145958	21.448569412514512	25.714155646097463	7.587310981115183E-4
86.0	27.047185901080162	24.009854083759713	22.97214326321774	25.968542732613226	0.0022740193291642978
87.0	22.038179947963936	20.60038119440915	27.232710110727897	30.127216070672237	0.0015126762267804199
88.0	23.684608406410646	27.484880556395524	26.395524644693076	22.43423042032053	7.559721802237677E-4
89.0	25.47298777218039	26.321155865048375	23.77816212623581	24.426938966639728	7.552698956972274E-4
90.0	23.19003077756624	26.19629916697394	24.827487602435113	25.786182453024704	0.0
91.0	26.969123662386803	24.442334008838902	24.29726233296193	24.29053220366867	7.477921436957383E-4
92.0	25.32059825262846	23.00755219902266	24.736413445875908	26.935436102472977	0.0
93.0	25.245338386333305	25.846979628250594	23.365946810785303	25.540260563743743	0.001474610887052179
94.0	25.943385819243524	22.611842056878938	26.745750994682766	24.69387304832577	0.005148080868996051
95.0	23.14506059493206	25.804627249357324	26.787366874770473	24.25927286081528	0.0036724201248622846
96.0	25.537600948901368	23.18365195234992	26.325423381339736	24.953323717408974	0.0
97.0	25.20372568582186	23.688982427521722	26.0950938339754	25.01146981072992	7.282419511058354E-4
98.0	26.836688130608934	21.429657904839168	27.704420509774664	24.029233454777234	0.0
99.0	20.382128880208146	21.546821959077185	30.937880633373933	27.13316852734074	0.0
100.0	21.387826561143438	23.79725763979077	28.80482747239343	26.01008832667236	0.0
101.0	22.58573004886577	20.809509479386097	31.886705931244	24.718054540504134	0.0
102.0	22.888892071083873	22.797244855584037	29.07364712958057	25.240215943751522	0.0
103.0	23.947692219646893	24.33542221077632	30.764443299854065	20.952442269722724	0.0
104.0	23.51944402736964	25.507103379735884	28.034576692906633	22.938160914609295	7.149853785490087E-4
105.0	25.95854181558256	21.77483917083631	25.676912080057186	26.58613295210865	0.0035739814152966403
106.0	24.049782807498858	21.521347736625515	30.3054983996342	24.123371056241428	0.0
107.0	24.634627198308497	22.94812634827207	27.801905795962682	24.614626341128908	7.143163278426219E-4
108.0	22.72104083060796	22.73175190300053	29.034860970280345	25.512346296111165	0.0
109.0	24.004311852597464	23.230462810271348	30.92826190935115	21.83553566201929	0.0014277657607492916
110.0	22.594897857214235	22.649859384145383	28.19098059929478	26.564262159345603	0.0
111.0	22.972664335165227	21.982014131753623	30.292627221468848	24.751980586681892	7.137249304118193E-4
112.0	24.0746158951267	21.92662580014415	29.808536298178133	24.190222006551014	0.0
113.0	26.934960219772382	20.328945021228016	27.724142852046096	25.011238360269722	7.135466837917871E-4
114.0	24.555119514805565	20.889047449161612	33.00749197288619	21.54834106314663	0.0
115.0	24.394055068389545	22.617425242413645	31.15880502022789	21.829001163014706	7.135059542071879E-4
116.0	24.521799930080405	23.58359315358766	29.29131498776407	22.603291928567863	0.0
117.0	23.89700636397363	25.239005736137663	29.00174081789903	21.861533632031048	7.134499586199024E-4
118.0	25.28519958620198	22.604787215067958	30.010344950593943	22.099668248136126	0.0
119.0	25.307127059998574	19.844474566597704	29.756723978026685	25.090960975957767	7.134194192765927E-4
120.0	22.696305385334256	22.356734699701093	30.689057405993854	24.2579025089708	0.0
121.0	26.177805045086178	22.38971007875813	28.499172468896244	22.932599018376898	7.133888825476544E-4
122.0	24.015009380863038	22.136696652137626	29.847552058439568	24.00074190855977	0.0
123.0	23.38930578936856	25.573515564812965	28.5316860216281	22.504779296373442	7.13327816931549E-4
124.0	23.391825379841645	22.94528853698552	29.150438690348814	24.512447392824026	0.0
125.0	26.217546362339515	21.05848787446505	28.778174037089872	23.944365192582026	0.0014265335235378032
126.0	22.79496726152266	22.47257528423275	30.099427968217285	24.633029486027304	0.0
127.0	23.75371798255312	21.282195767384465	32.88158805109953	22.08107163491373	0.001426564049159397
128.0	24.64122681883024	21.479315263908703	30.90442225392297	22.96148359486448	0.01355206847360913
129.0	22.25915279986876	25.51942540459191	28.2255015941171	23.99378044692339	0.002139754498833834
130.0	23.885536582930346	23.15944137744112	29.32911085433874	23.625911185289798	0.0
131.0	23.505834022765526	23.386015462299945	30.241348814652095	22.866088494565375	7.13205717057028E-4
132.0	23.933135554541305	23.805482656321313	27.651471930625288	24.599212688270196	0.010697170241898675
133.0	24.86878886416795	23.26501797022078	29.996006617605108	21.8680472360089	0.0021393119972616804
134.0	24.06483079248727	21.9078450107671	26.60543916943569	27.421885027309933	0.0
135.0	23.805381664694057	21.935916266202746	32.18090036647796	22.07708871048241	7.12992142826586E-4
136.0	25.50385331042497	25.0753908561407	29.659440075854253	19.749909103223093	0.011406654356985506
137.0	26.97818648417451	21.13344739093242	28.27131451382948	23.61633875106929	7.1285999429712E-4
138.0	24.02970925135253	22.79301176822792	31.53899339240019	21.63828558801936	0.0
139.0	24.179442769474203	22.43390995074875	29.396084133398908	23.988424886494037	0.002138259884106314
140.0	25.074107855432676	20.534289134648272	30.459753733895795	23.93184927602326	0.0
141.0	24.192709631919758	23.444723850773276	30.70517249976848	21.656681650127872	7.123674106156992E-4
142.0	26.83557283544466	21.206554015081924	28.642128274693267	23.315744874780144	0.0
143.0	24.246393939825428	24.499850489114184	28.83210639479417	22.42093721966709	7.119565991257173E-4
144.0	26.56761682376057	23.29498533473816	28.007802488823074	22.12959535267819	0.0
145.0	26.725794741112995	20.8419344276298	28.04834645445098	24.381788932705035	0.002135444101191578
146.0	25.75853552643753	20.367826563512004	29.306552978270616	24.56067928342147	0.006405648358374674
147.0	24.09393346379648	22.533357053904997	30.794520547945204	22.57676570005337	0.0014232342999466287
148.0	22.182612531841922	22.386116210562268	29.64536282002021	25.7859084375756	0.0
149.0	25.060835906704042	23.442814247698195	29.75978710990309	21.734428142476983	0.0021345932176858166
150.0	22.99460674796864	22.52572111621818	30.08623511163605	24.393437024177135	0.0
151.0	24.582885683996327	21.897701157603397	31.170623768223184	22.34807789454212	7.114956349742795E-4
152.0	25.132339129692348	21.99390955403136	29.312405726157614	23.56134559011868	0.0
153.0	22.853748248066648	21.57172432928521	30.664703078422583	24.909112899209585	7.114450159719406E-4
154.0	21.23984462814621	22.64772420073133	30.014370473656506	26.095926468705095	0.0021342287608667816
155.0	25.570077765366307	21.839047747792616	29.200076840435145	23.390797646405932	0.0
156.0	24.70918029754324	20.948979374035048	31.45263996698707	22.88920036143464	0.0
157.0	22.125939996727354	21.56745565918938	32.34869343122816	23.95719946783913	7.114450159719406E-4
158.0	23.060614684120658	19.431559476380194	32.08665338645418	25.421172453044967	0.0
159.0	24.581136746846518	19.76821121379634	30.622016377464266	25.0279242168769	7.114450159719406E-4
160.0	25.574843483210017	19.51835515082527	30.281730221969266	24.62507114399545	0.0
161.0	23.440945890186814	19.10703868645334	33.762787587325526	23.683536559338673	0.0056912766956447505
162.0	23.853733148365524	22.031800234766834	30.548856400953294	23.565610215914347	0.0
163.0	23.823311801030137	22.179220853134517	31.528698671067986	22.468768674767368	0.0
164.0	24.31684464396241	22.09147629854654	29.614188857506708	23.975355895305242	0.0021343046791072913
165.0	25.137490662018426	20.825299704741916	32.30692611433247	21.729572053644482	7.114652627085483E-4
166.0	22.486179590617063	21.669405846904727	31.196061272260284	24.648353290217926	0.0
167.0	24.4226089678824	21.441378623368863	31.10796465214236	23.027336245784298	7.115108220796039E-4
168.0	22.519388118107436	23.257203842049094	29.874777659196017	24.348630380647457	0.0
169.0	24.810564287188097	20.67606315235256	30.631310076912676	23.88135098791169	7.114956349742795E-4
170.0	29.301610791735445	20.25086800614719	28.512578974329784	21.93494222778758	0.0
171.0	23.270887733103756	21.171975609929632	32.12829689289856	23.428128268433074	7.114956349742795E-4
172.0	25.696074665300838	22.359042212642454	29.617141149857012	22.327741972199696	0.0
173.0	26.183108910750235	19.66240583854378	29.034805061778453	25.118257541808042	0.0014226471194952448
174.0	23.01875786912883	23.987594340629244	28.749261991307502	24.244385798934424	0.0
175.0	23.6191234946401	22.310980858010684	28.281204430186158	25.78797988348354	7.11333679515724E-4
176.0	22.66089047283695	21.887648761888503	33.32550844021426	22.123106909380624	0.0028454156796631027
177.0	20.88215416355423	23.835236367516806	29.407747305517017	25.851385480027034	0.023476683384910896
178.0	22.59911925613426	21.43380548223928	30.21420999836372	25.752865263262738	0.0
179.0	26.00977581091561	22.11652709692567	28.58891078683183	23.2819403632845	0.0028459420423903067
180.0	24.872759460057534	20.385612003797586	30.744027011399893	23.997601524744983	0.0
181.0	25.619438642671167	20.4421904952648	31.62785041915825	22.309805155789533	7.152871162484621E-4
182.0	23.958288632364933	21.512966856913987	30.772861863279406	23.755882647441673	0.0
183.0	22.272847568433626	22.857224602487715	31.477679944494913	23.391532612816242	7.152717675080647E-4
184.0	24.044837724349573	20.506749264984656	31.732633250591945	23.712203043070826	0.0035767170029972887
185.0	23.335479256080113	22.954220314735334	29.411301859799714	24.298283261802574	7.15307582260372E-4
186.0	25.31672735336829	21.44660881757506	29.723368791535815	23.513295037520834	0.0
187.0	22.46047636475848	20.931918161137304	33.278793228415395	23.328094612729373	7.176329594465614E-4
188.0	26.14973876098065	25.620083826146868	27.905207555836252	20.32496985703623	0.0
189.0	23.252158559955213	22.11384564591722	30.52200188044126	24.111276188015417	7.177256708940709E-4
190.0	27.13712485015541	19.0595143240663	30.859731105225002	22.943629720553293	0.0
191.0	25.166901671894333	22.405110644298006	30.045178556012775	22.382809127794882	0.0
192.0	25.325918038448258	21.269569471624266	30.144180960055255	23.26033152987222	0.0
193.0	25.846908818788854	22.5153983421598	27.52633548238545	24.1113573566659	0.0
194.0	26.902844642098977	21.33301670228766	28.88538675762613	22.878751897987236	0.0
195.0	24.04401868418969	19.64215026522049	31.748727877300436	24.565103173289383	0.0
196.0	25.980402775671713	20.547480305295004	31.015459711601643	22.456657207431636	0.0
197.0	23.431530444956415	22.067267067736505	29.397023031423558	25.104179455883518	0.0
198.0	25.871295230233383	21.085598013019645	29.044381204787868	23.9987255519591	0.0
199.0	23.686275649596	21.055920478986224	31.440737080741734	23.817066790676044	0.0
200.0	25.764820439780838	21.643146772857413	29.846527242867733	22.74550554449402	0.0
201.0	22.841031305409413	19.286835450396765	33.71653634857425	24.155596895619567	0.0
202.0	23.158652064271852	22.801828448507663	33.94402738312392	20.095492104096568	0.0
203.0	24.43959877889228	22.727867422590492	28.732373891554	24.100159906963224	0.0
204.0	23.940539361779457	22.059315257686997	29.92294831722032	24.07719706331322	0.0
205.0	25.81890347625071	21.845422427705323	30.370305753042263	21.9653683430017	0.0
206.0	23.51790867918493	20.028496863164168	30.930727905844037	25.52286655180686	0.0
207.0	25.344975499105754	21.376848472511014	31.607607636717898	21.670568391665334	0.0
208.0	25.898485498447695	20.59591237267063	28.196049063161187	25.309553065720497	0.0
209.0	24.379726585223967	19.480802792321118	31.068208260616636	25.071262361838276	0.0
210.0	23.591362343717044	21.59195874639067	30.358350728411317	24.458328181480972	0.0
211.0	23.62711716430941	23.756620685641114	30.971712938711367	21.643821663465456	7.275478726500203E-4
212.0	26.215273987059394	20.620537566322408	30.19061551562261	22.97357293099558	0.0
213.0	27.687524120906726	20.61035906472777	28.447014104813988	23.255102709551515	0.0
214.0	26.313603474281717	22.345285892288523	30.224356405342583	21.116754228087178	0.0
215.0	22.988572888905114	23.435434996896788	29.941221569128544	23.634770545069546	0.0
216.0	24.581042738074128	22.757433351066975	31.001359579121594	21.660164331737306	0.0
217.0	27.083906362669957	20.68778388183082	31.579182122971478	20.648384243118073	7.433894096744698E-4
218.0	22.488260449510573	21.951274312290767	31.04633658620612	24.51412865199254	0.0
219.0	24.07213998123089	21.09481427663246	30.951624133442312	23.881421608694335	0.0
220.0	25.456879395992527	19.803424126878028	30.807267534598264	23.932428942531182	0.0
221.0	23.40419021976089	19.727995226912867	31.85806185125408	25.009752702072163	0.0
222.0	23.037630882477757	22.77605882670658	30.928002098749236	23.25830819206642	0.0
223.0	29.285261997639168	20.529076539426676	30.11624361910867	20.069417843825484	0.0
224.0	27.981910240935527	20.33451946138291	30.4821845657047	21.201385731976863	0.0
225.0	28.02009195691881	18.258329659255526	30.700856584997165	23.019934496441394	7.873023871008377E-4
226.0	24.053531811350464	19.851777634644595	32.3966061531366	23.698084400868343	0.0
227.0	23.328818612404532	21.304407062198962	33.024515736073155	22.340655729822004	0.0016028595013504092
228.0	25.71863252541677	25.151937148330905	29.537386600552207	19.59204372570012	0.0
229.0	23.859191655801826	23.279373537295424	29.402285260796685	23.45914954610607	0.0
230.0	23.272667918060883	21.083000081612667	32.95356239288337	22.690769607443077	0.0
231.0	22.526987687511856	22.92695799899389	31.757642731673524	22.786762219711527	0.0016493621092042653
232.0	22.538340379673382	22.79117964022217	31.79308629694106	22.87739368316339	0.0
233.0	21.00543569439318	23.04298225010905	29.11871288125357	26.832869174244205	0.0
234.0	24.998726028095327	18.611880212668378	33.22433795926687	23.165055799969426	0.0
235.0	22.82668406234979	20.510025406852982	34.31470164114537	22.348588889651857	0.0
236.0	26.284693477408393	21.1354625070803	31.184697834517017	21.395146180994292	0.0
237.0	25.365626700844494	22.220271432835297	30.38783643801464	22.02538757308145	8.778552241164388E-4
238.0	24.637192035099563	20.324351208767784	31.49546156988827	23.542995186244383	0.0
239.0	24.846890986382302	20.81381943944088	32.27177750558398	22.066611427336262	9.006412565746812E-4
240.0	23.551741973621017	19.901540621420917	33.338567259023904	23.207226511988768	9.236339453947612E-4
241.0	26.41994726372762	18.61590414951196	31.238377203127172	23.72484618587223	9.251977610214183E-4
242.0	24.434846280041896	21.104633379985355	29.352772705786396	25.107747634186357	0.0
243.0	25.323150871788208	20.897862982174505	32.622231295294476	21.153971067209813	0.0027837835329924746
244.0	24.558533774489756	20.029555002044685	32.48540837949366	22.926502843971893	0.0
245.0	24.73557781833079	19.029086439983615	31.513723883654237	24.718818665971472	0.002793192059886038
246.0	21.88706338697947	23.95986796710367	31.39138056431009	22.75795833877254	0.00372974283423158
247.0	23.348626853677455	20.934991636842746	32.28178700580281	23.297233149873385	0.1373613538036013
248.0	24.24296268586926	20.95857102777518	30.349761526232115	24.434676891424296	0.014027868699148977
249.0	23.56120499082019	19.069654164637118	35.580201581175764	21.767394806849264	0.021544456517666455
250.0	24.689040131424548	20.040366111241493	31.647031213330205	23.622623797230695	9.387467730579675E-4
