# Position (bp)	A	C	G	T	N
0.0	24.244933251652757	22.331661434004644	26.317099318477677	27.10625281840536	5.317745956385975E-5
1.0	24.0345761388139	30.037012512945893	24.4260301533133	21.43022377289937	0.07215742202753866
2.0	24.802406228406944	25.269937928133036	22.893956293677686	27.033066109520764	6.334402615685987E-4
3.0	26.398551706717445	21.091377370997535	25.832502329535238	26.67029126705096	0.0072773256988210204
4.0	25.577632440674552	22.837431498928062	24.01311300589105	27.57161230224193	2.107522644013608E-4
5.0	29.103066793682203	23.226475371441506	23.41436714157145	24.255353862833744	7.368304710978248E-4
6.0	26.821155768909133	23.328504565832983	24.24528880591029	25.599231172132193	0.005819687215405499
7.0	26.123576539603565	25.15700787146055	22.96562340198464	25.753216443443932	5.757435073142979E-4
8.0	28.37899968025546	23.453523145951888	24.98495319817683	23.182471729776157	5.2245839663787575E-5
9.0	28.280469587785877	24.128598371839754	21.200507391814135	26.390111701306452	3.1294725378353227E-4
10.0	25.625584576304306	23.800742525890705	23.82424281899303	26.749430078811958	0.0
11.0	26.340867328562094	21.21538326919907	23.72068935344117	28.7228056823431	2.5436645455895906E-4
12.0	28.96870721237929	25.825565637905353	19.85124599560609	25.3544309265281	5.022758117028256E-5
13.0	28.521146341221215	22.958154176141722	24.50115686722342	24.01909575682949	4.468585841534016E-4
14.0	27.155959509650568	22.85545953278397	22.535381804543402	27.453051492990575	1.4766003148111872E-4
15.0	24.188875441440217	23.80564725365985	23.286064828270298	28.719412476629635	0.0
16.0	26.20868961780321	23.40578642419518	21.34479464230544	29.040634253691973	9.506200419223439E-5
17.0	28.576409765926968	26.587241708317567	19.293857643298054	25.540773000466615	0.0017178819907930811
18.0	26.85497156998089	23.855259311056415	21.052578099994413	28.237052459862895	1.3855910538851742E-4
19.0	25.16414118743333	25.501286104500654	22.93934384039505	26.394630358327543	5.985093434214385E-4
20.0	22.119893766404857	25.61853112960444	26.026728328684623	26.234801095225606	4.568008047002976E-5
21.0	24.64679281532634	23.775623946495568	22.588720932340095	28.98845449767096	4.078081670382252E-4
22.0	23.861865697568067	25.654206720559742	26.066562008572497	24.417275686588408	8.988671128343393E-5
23.0	24.874391861612345	23.986212399180292	23.52479200973916	27.614156486675295	4.472427929060137E-4
24.0	29.481285041643225	21.75697308473744	23.719637595097595	25.042015614602768	8.866391897181773E-5
25.0	26.111945528310265	25.422284008539254	20.768734175717306	27.696641844520247	3.944429129346159E-4
26.0	27.356074514475214	24.43818641897815	20.125565286217302	28.080130099369814	4.368095951342906E-5
27.0	25.013462726669804	24.013580021357225	21.689357447493187	29.283556200506766	4.360397301960565E-5
28.0	27.754006273945553	24.08976062131713	21.996382114190656	26.156864221931624	0.002986768615035393
29.0	28.166793272305124	22.28203444531709	23.052483401786212	26.49804512310789	6.437574836807478E-4
30.0	24.320938644458508	23.43450641173629	25.437977004130808	26.806407562040885	1.703776335057839E-4
31.0	26.722279600871097	23.234700568388366	23.767246153271206	26.275136661219474	6.370162498598565E-4
32.0	24.464015462012327	21.747458575015077	24.55197125063691	29.236428278523576	1.264338121100834E-4
33.0	24.945691921736117	25.192588662749344	24.221193706622575	25.640232830195625	2.9287869633834684E-4
34.0	28.04043505844292	27.027275022171438	21.50177039357211	23.43047800626447	4.1519549064481523E-5
35.0	26.197119493554684	22.79678437495116	23.59583742223546	27.409765161978108	4.935472805956128E-4
36.0	25.511711617673228	22.529694623016063	25.80727087274226	26.151199599893644	1.232866748063269E-4
37.0	24.835760313381357	25.908725830339407	21.075964578210794	28.17954927806844	0.0
38.0	26.620360387224657	25.044000001642942	20.92046565864049	27.415091805464336	8.21470275714176E-5
39.0	24.523806395022223	26.340495674999097	20.881229200408683	28.25405807623697	4.106533330267122E-4
40.0	25.447742134692593	25.471967716743	23.686870802096706	25.393378286159145	4.1060308560006766E-5
41.0	24.21292614563622	24.224011259190895	21.999598472553465	29.558167901698855	0.005296220920565308
42.0	24.87422735261047	25.899333440889215	20.983331711784718	28.243025390988212	8.210372738606773E-5
43.0	26.1891519248538	26.031817441100134	23.293795159778856	24.48067921867195	0.004556255595266585
44.0	29.86279893456786	24.34848988537165	22.882576736970414	22.90588819529092	2.4624779916029496E-4
45.0	26.913149633763517	23.07068261556454	23.244178173536593	26.76735263341472	0.0046369437206343995
46.0	27.304937039138764	24.615647217301856	22.80332470439846	25.27609103916092	0.0
47.0	27.21494136910855	23.706031959897707	22.457594609264834	26.619544779263855	0.0018872824650534776
48.0	23.03664105353489	23.89507476376357	21.13181820419294	31.9364659785086	0.0
49.0	21.58033117716789	23.899801884354606	25.530707925035994	28.987108126843236	0.002050886598276435
50.0	27.844752592850224	22.89230304817552	22.232498696756185	27.03044566221807	0.0
51.0	24.244067118211447	27.768650828151063	21.225174742581746	26.759441676741396	0.0026656343143414405
52.0	22.50807645919195	26.227358000939848	22.092096378466213	29.172469161401988	0.0
53.0	24.811026959745377	23.57811824913977	24.601002465735746	27.008218846911213	0.0016334784678952057
54.0	23.303993936651732	30.024395502798907	21.29845002392997	25.373038028235733	1.2250838365705492E-4
55.0	24.876413645678216	27.171999349406047	23.467812516433	24.4821439271987	0.0016305612840344002
56.0	28.988412966000283	23.25138825938522	24.46593180491654	23.294266969697958	0.0
57.0	24.28022684525738	28.137696619940456	21.994127128712066	25.582447410088214	0.005501996001882905
58.0	25.278331996687726	24.470802443779384	23.496844212324525	26.753899093037052	1.2225417131232516E-4
59.0	27.898591177398206	21.179647496888887	25.73592990685814	25.18244933185445	0.0033820870003170196
60.0	23.331943141846324	22.188107149178396	25.257853395152775	29.222014936759848	8.137706265423495E-5
61.0	25.40698244481992	23.570094393319195	23.514152488275595	27.502912030438907	0.0058586431463843016
62.0	27.0138426125948	20.596225807160277	24.673909771193728	27.715818396769485	2.034122817081099E-4
63.0	28.509989663130327	22.725207276407733	23.70145362992542	25.060745889965425	0.00260354057109476
64.0	24.445123725991895	20.635815647318104	25.19401133480042	29.724968102860004	8.118902957594564E-5
65.0	23.706570602262925	26.249977167791368	23.7993606981582	26.238490029935562	0.005601501851945812
66.0	24.037602932772238	24.074863297485454	22.96496713944306	28.921795446280136	7.711840191188694E-4
67.0	27.353476924675423	26.112083394890263	20.989031773115503	25.54451499364408	8.929136747294066E-4
68.0	23.889267003276405	22.421439126356898	25.783883885468274	27.905085307070145	3.246778282787083E-4
69.0	23.40421473664389	23.507131969436504	26.37517876593472	26.710268510086376	0.003206017898508025
70.0	27.431480878766518	22.978877940492804	24.406308124371005	25.18288721242559	4.458439440814419E-4
71.0	23.961313244185988	22.476984105165617	25.111784558610683	28.448341383977738	0.0015767080599698889
72.0	26.0109679252658	26.298484887068852	21.79769040571299	25.890956979168056	0.0018998027843024551
73.0	25.41881333930387	22.175081192318697	22.994319366691833	29.407259700643234	0.004526401042365498
74.0	25.616063881881225	24.54732556842883	24.207536924238042	25.628144358054	9.292673979058352E-4
75.0	26.286686653849124	24.099071892852972	21.57036068636216	28.041456772297618	0.0024239946381238602
76.0	26.540985487386905	23.582430705140737	25.995449558125593	23.87988190827692	0.0012523410698386177
77.0	25.042142882245937	23.97767406838276	23.548953810269975	27.43001736613954	0.0012118729617811624
78.0	26.750895629521825	26.690264671702145	20.099586651171638	26.458727929382103	5.251182222890064E-4
79.0	27.501807503867454	20.343122801206885	24.174627088727235	27.977170923220466	0.0032716829779585507
80.0	24.20931595415004	24.488719457154293	28.533406246958286	22.765811964431183	0.002746377306199664
81.0	25.548628841855802	24.50161182061014	21.96663923084938	27.982312378992297	8.077276923785237E-4
82.0	23.097758486445272	23.0933565518556	23.43121512779341	30.37637752283352	0.0012923110721981888
83.0	25.263568098436984	21.95202125747838	24.567894504109955	28.21502197831043	0.0014941616642537975
84.0	23.56533579275	25.7684734872407	24.660201545103753	26.00453549167605	0.0014536832295026626
85.0	26.043740624917984	26.325694639320535	21.649489531200476	25.98006577446505	0.001009430095956425
86.0	26.661035740500438	22.841144090071133	23.795602225130995	26.700401082365214	0.0018168619322205526
87.0	22.213663785864693	23.576836995698176	25.267249286258703	28.941119572659506	0.0011303595189189888
88.0	25.600781194179152	26.821861326730268	24.897496521320363	22.678972870133734	8.880876364879687E-4
89.0	25.09209333416217	25.231151645005323	23.886746390740534	25.788716941863534	0.0012916882284415216
90.0	22.694206156264215	24.562171116230054	26.745937148966963	25.997564489170372	1.2108936839381816E-4
91.0	27.211760213945357	24.998042493629022	24.29733593473149	23.492013777615973	8.475800781549555E-4
92.0	25.520639316547012	24.11816911248053	22.579447414631943	27.781744156340515	0.0
93.0	25.766214059280873	27.21827056760558	21.09808242176228	25.916989020790076	4.439305611887653E-4
94.0	27.780954660082784	22.972222031654123	22.98618506834826	26.256239479800207	0.0043987601146260385
95.0	23.5393103359219	26.06514085927954	23.984050529523714	26.408834918703057	0.002663356571791987
96.0	25.976070795774557	24.963653450632247	22.96181907468525	26.097528596048708	9.280828592376728E-4
97.0	24.600052695521164	26.181806003819418	24.185307471910182	25.0325917360027	2.4209274653817458E-4
98.0	26.900003429445217	22.2054963920219	25.90518189172233	24.989277940396242	4.034641431329394E-5
99.0	21.379423837771405	21.895302119537753	27.274351653129735	29.45088205505901	4.033450209275564E-5
100.0	21.517212729615657	24.289600571102458	25.04477870788069	29.1484079914012	0.0
101.0	23.01222325867261	21.233964761493407	30.385902338949926	25.367869312075214	4.0328808844269093E-5
102.0	24.559020604109207	23.224477960809807	25.585858655109128	26.63060245171599	4.0328255871491595E-5
103.0	26.123715779313617	24.662681661639045	26.474802624523342	22.738598345843926	2.0158868006989484E-4
104.0	25.426530348964715	28.52645455718248	22.24597658517706	23.800514416564535	5.240921112042831E-4
105.0	27.076309161784103	22.903351565438637	21.04967580126454	28.96711568954166	0.0035477819710589688
106.0	25.8442516548816	22.946374579728605	25.139001991501853	26.070170204874742	2.01569013198739E-4
107.0	26.150645916185095	23.442615350814425	22.635587976223352	27.770021990780403	0.00112876599673061
108.0	23.633602096806435	24.93914941357766	25.83860973738338	25.588477558626117	1.611936064167951E-4
109.0	25.092440489357408	25.08325385687468	25.644283114284526	24.178813772051445	0.0012087674319373278
110.0	24.585877533523817	24.64594724823497	22.18715805385405	28.580896299770036	1.2086461712506587E-4
111.0	25.365749307176237	22.916382144625423	26.09863779911072	25.618062446192603	0.0011683028950142875
112.0	25.91611299394972	22.801459738160776	24.69372932161815	26.5885770936805	1.208525908579849E-4
113.0	27.236183697984185	22.76023115724445	23.887175091219778	26.115362707888046	0.001047345663545845
114.0	26.259071782651873	22.24821082188387	26.581315199503685	24.910959055869895	4.4314009068257675E-4
115.0	26.439164118493093	22.684868482013723	27.45807096210171	23.416929541489907	9.668959015699972E-4
116.0	27.10053150067057	25.421306839812956	24.82305132871139	22.654949184539465	1.6114626561658388E-4
117.0	25.72637510811881	25.659298137193957	23.97729776897563	24.635860678109903	0.0011683076016941268
118.0	27.587405769683222	23.28395272611247	25.596201136403923	23.53199721539141	4.4315240897649524E-4
119.0	26.382585623357542	21.02322193524319	24.810982608425903	27.782323514943926	8.863180294410677E-4
120.0	24.919034660296063	23.82723634144229	25.730722514185807	25.52288562525305	1.208588227947797E-4
121.0	27.46538309535617	23.458801945500056	24.74074838019354	24.33405942452808	0.0010071544221532075
122.0	28.06273665534763	21.874155251950953	24.731644569098428	25.33098009103841	4.834325645815549E-4
123.0	24.961526995560497	27.17281831879014	22.625994053805805	25.238492341656393	0.0011682901871681451
124.0	24.457171126152875	24.97536533033823	22.844134048054325	27.723128067248016	2.0142820655576297E-4
125.0	26.94982919204615	22.67846208385704	25.08161719681588	25.28876212575333	0.0013294015276032098
126.0	24.615854397909704	24.434854876090057	25.96092295656455	24.988206630310994	1.6113912470033158E-4
127.0	25.534006239203855	22.046006071621935	27.414629901771214	25.004108979812823	0.001248807590171965
128.0	26.409737256187903	23.440081987091222	24.568331035771866	25.572141147351978	0.009708573597030546
129.0	23.05602217200221	27.147812005269074	23.5490511237064	26.244053158019824	0.003061541002493544
130.0	26.90721894511336	23.84913455724386	24.51321740384495	24.730388809730698	4.02840671277581E-5
131.0	26.889229242165207	23.480455110160054	24.831694320146568	24.797412813790594	0.0012085137375784931
132.0	25.698232203195925	26.562150037946964	22.526437996593636	25.207338669004177	0.005841093259297812
133.0	27.90625540041741	25.50777519117226	23.24690114230032	23.3369735587507	0.0020947073593111957
134.0	26.621633488635897	21.98946531392575	21.4874241983576	29.901315868978667	1.6113010208397617E-4
135.0	25.91942405934715	22.12184760549741	27.377161046341598	24.580681077536237	8.8621127760246E-4
136.0	26.768629507752955	26.678840011552996	26.01127988098964	20.5350068258547	0.006243773849705516
137.0	29.20276305008633	21.599017754063084	23.75150756865933	25.446429650421315	2.8197676994804377E-4
138.0	25.75520362373683	23.671216610995668	26.828050126855764	23.743999071993414	0.0015305664183255523
139.0	27.16985767826467	24.578663621662226	24.934276640264542	23.316195113895652	0.0010069459129072342
140.0	27.162103433289875	21.15371525214286	26.035180739002545	25.648597801093047	4.0277447167065615E-4
141.0	26.367182701196068	22.918055435279523	26.938371903339693	23.77610801078658	2.8194939813873116E-4
142.0	27.470759633269935	22.357652843801382	23.794839323993493	26.376587083890186	1.6111504500345995E-4
143.0	26.10782417881628	24.94329823617337	24.893997608275097	24.05463830699066	2.4166974459938608E-4
144.0	28.721562176642667	24.20554540324585	23.851098443212564	23.221189805944316	6.041709546021917E-4
145.0	29.701761558275212	21.82334472529398	22.431502228380282	26.04230398208435	0.0010875059661785644
146.0	27.085061091654598	22.148871511170096	24.502314977978003	26.259120449341356	0.004631969855945738
147.0	26.23969588512075	24.170213143027922	26.0224767253678	23.56471423174179	0.002900014741741604
148.0	25.68426581341376	24.60996627105441	24.508424986325558	25.196456809307804	8.861198984667709E-4
149.0	27.696443409902255	24.860806054085753	22.69738392314456	24.74331238694205	0.002054225925378431
150.0	25.30252870211229	24.69551774570551	25.031407882764313	24.970545669417884	0.0
151.0	26.044511077821277	24.122875742223897	25.18242162466119	24.64922481634981	9.667389438296477E-4
152.0	27.59819121759285	23.97655801243397	23.845563883001137	24.5795257625816	1.6112439044629038E-4
153.0	26.744407125944704	21.737627762600635	25.141609339489406	26.375107047879304	0.0012487240859541098
154.0	24.52223834387238	24.45142303326386	25.344348511226926	25.67941207985131	0.0025780317855206457
155.0	27.18645747715515	23.605819594191686	24.413487727441215	24.793993456784154	2.417444277909394E-4
156.0	26.4889137801129	24.217235919110685	24.880998908099006	24.412609643379493	2.4174929791974728E-4
157.0	25.6375130443892	22.274175937080717	27.10323903767663	24.984669065356925	4.0291549653291217E-4
158.0	26.664144365860942	19.77753790401638	25.903465181974333	27.654691378767787	1.6116938055757353E-4
159.0	27.076513091439626	21.205017629716718	25.09137193484479	26.626412381859137	6.84962139725024E-4
160.0	26.662744900528836	21.912263913371945	25.19679677663057	26.228073533115083	1.2087635356333417E-4
161.0	25.823564134229706	20.55998211022759	28.41185962975424	25.200806651449614	0.003787474338854047
162.0	27.310086836902077	21.357058787265103	24.941141012152976	26.39171336367984	0.0
163.0	24.761860630041827	23.634788495168713	28.280964162241006	23.322346418238816	4.029430963759298E-5
164.0	27.511514238166423	23.526520020469757	23.779168395985025	25.18098407952581	0.0018132658529804047
165.0	27.81061202253172	21.00721413152583	25.92223663463565	25.25897011553168	9.670957751212194E-4
166.0	25.287509172609468	24.000986471081045	25.53098377521032	25.18039969003531	1.2089106385345101E-4
167.0	25.389201335325684	22.506056839997875	26.532344250958694	25.57171250199477	6.850717229795623E-4
168.0	24.7372680063802	22.835337422917306	25.13510376694691	27.292169905530127	1.2089822545584676E-4
169.0	27.54601447041295	21.2898761515456	26.298824948948933	24.864881420878003	4.0300821451643646E-4
170.0	30.443044530144526	23.638082702236723	22.104307362822883	23.814323592460777	2.4181233508902523E-4
171.0	24.976342168814543	24.664921280279607	26.357121208701567	24.000406253728023	0.0012090884762583386
172.0	29.12381500495318	24.873873242104533	22.667027777307585	23.335001857946487	2.821176882148157E-4
173.0	28.422991014751865	20.15462010383777	23.65694843336512	27.763264062473553	0.0021763855716921557
174.0	26.07314438640614	25.43931772747791	22.282074224543756	26.204738182756177	7.254788160185723E-4
175.0	25.00660012664182	24.770527199978396	23.543407471061215	26.677812651525805	0.0016525507927608602
176.0	23.434532274344015	24.08346151489647	27.41130480769541	25.068847204352046	0.001854198712057451
177.0	24.058040773183595	25.158580521413963	24.24356033074243	26.516033815998625	0.023784558661388913
178.0	25.013724537053832	22.313678828903996	25.123359605442737	27.548793651484626	4.4337711480807007E-4
179.0	28.54828449966824	23.104169975499186	25.159932503847653	23.186161837585168	0.0014511833997518477
180.0	26.02442431376067	22.404659069374087	26.06200266765906	25.508590694549	3.232546571904564E-4
181.0	27.763954728716538	21.57978640995842	26.01699190047081	24.638174780421167	0.001092180433061677
182.0	27.44853826062737	22.089265162622777	24.694398865519332	25.76763601216139	1.6169906913888373E-4
183.0	23.801200416523837	23.57490961303383	27.251912840446792	25.371249506833188	7.2762316234728E-4
184.0	26.110551691269237	21.93202907438092	26.197058525106993	25.75668214761704	0.003678561625811052
185.0	25.652567548450982	25.097629488915384	22.31259220338298	26.9362407291393	9.700301113513732E-4
186.0	27.129697371452593	24.633486796632162	23.907453142494514	24.329362689420734	0.0
187.0	24.334405024880578	22.419131030695095	26.064178365763546	27.18119201585747	0.0010935628033117942
188.0	30.04764169170536	26.117667930685023	23.054293382414293	20.780113461917026	2.8353327830087414E-4
189.0	26.28569299076002	22.005065768713997	25.87507650704189	25.832949532289312	0.0012152011947858146
190.0	29.49054287809245	21.713948900348793	24.594715030524487	24.200550129430304	2.4306160396352455E-4
191.0	26.03458669676275	23.990484358176936	24.5618447752814	25.412840761478527	2.4340830038531536E-4
192.0	25.938531658593604	22.497333434491747	24.559058188131118	27.00495500411598	1.2171466755058563E-4
193.0	26.412698850656795	23.017620341013203	23.162150472015444	27.407124580753067	4.0575556148860354E-4
194.0	27.071369675800433	22.52622130751077	25.306280453561257	25.096128563127536	0.0
195.0	27.46917600994452	21.84665133431626	25.099885514662525	25.583516059399265	7.71081677435431E-4
196.0	29.71590126004554	22.67061515900691	25.26636670809494	22.346954249609603	1.626232430083186E-4
197.0	25.792409942787902	23.414143221362437	22.275593977074497	28.516917621895928	9.352368792365214E-4
198.0	28.505020756587175	22.28773671346299	22.985690701195548	26.221388936172985	1.6289258130172348E-4
199.0	26.080574624272668	23.338517374977698	25.645531591555226	24.934804790005483	5.716191889295328E-4
200.0	27.65280992886313	23.562919645675418	23.826829637790375	24.957318285740655	1.2250193042625363E-4
201.0	24.77262332571055	20.792265599477293	30.442910813459655	23.991791898072528	4.0836327997386475E-4
202.0	26.177892871567828	24.922497509833043	27.160278539314415	21.73933107928471	0.0
203.0	24.49628462941057	24.011644435440125	24.562414631436543	26.928798533457943	8.577702548149504E-4
204.0	25.60723427653558	22.086545948326364	24.845234817406904	27.46082155249679	1.6340523435987226E-4
205.0	28.178884527093857	22.76975482572089	25.883120506877894	23.167300509157524	9.396311498348087E-4
206.0	25.437148188506608	20.724523812150384	26.194611587036793	27.643593838801948	1.2257350426617082E-4
207.0	25.173042266528817	23.462316465679645	28.329240036124542	23.03507431275515	3.269189118504019E-4
208.0	28.275912242884388	23.39162499764986	21.286838966722822	27.045582920730364	4.087201256242178E-5
209.0	26.283712134528862	22.167003375812374	25.17927615845797	26.368863710875445	0.0011446203253501516
210.0	25.056505491090775	24.321279918880684	24.36580559167219	26.256163677845105	2.4532051124794544E-4
211.0	27.440112383215315	25.07462564488458	24.590003701121173	22.894276757981437	9.815127974955066E-4
212.0	27.618076661717783	21.448720156869612	25.249118058456265	25.683921478462544	1.6364449379235068E-4
213.0	32.16174321018177	20.681464392826456	23.475450393015567	23.680891743991996	4.502599842081544E-4
214.0	28.98777591832154	24.591308721341232	23.662973147649836	22.757901255501576	4.095718581537975E-5
215.0	25.32324876236862	23.838993665280146	22.943780130534368	27.893444112640765	5.333291761007811E-4
216.0	25.275913641008053	24.074057967232886	27.10607417973495	23.543829959249233	1.242527748750949E-4
217.0	29.382081214758216	22.48643736402941	25.201634943325246	22.92892853298218	9.179449049468051E-4
218.0	24.018833491189127	24.15903463657116	26.839026992290616	24.982852870700352	2.520092487394287E-4
219.0	27.60565311449436	22.850712817856504	23.101705616889603	26.44112439357161	8.040571879327098E-4
220.0	27.06310772293392	21.607888826001695	25.718236333844445	25.610554979011045	2.1213820889164574E-4
221.0	25.17860746893077	21.78750286490314	23.300984158368422	29.732563429810728	3.420779869394625E-4
222.0	24.668447140459023	24.494928582642796	24.799912356522626	26.036582525477854	1.2939489770039388E-4
223.0	31.433750135224198	20.525404119417846	25.331000598244884	22.708889345549636	9.558015634306846E-4
224.0	29.42183613649272	22.405791866231738	25.34929418702575	22.82281668012212	2.611301276708716E-4
225.0	31.907400241605604	19.26761008733964	23.735916166524433	25.08789430147942	0.001179203050904012
226.0	24.638777657621986	22.22778562694145	26.84166496155432	26.291550788999306	2.2096488293501469E-4
227.0	27.986057679019922	24.356489402391716	23.687725176329614	23.968167500430184	0.0015602418285677604
228.0	27.14595505215241	28.56885551453457	21.735322054553926	22.549822574285816	4.4804473278612136E-5
229.0	28.1532427054416	25.21131890345697	22.070950076430897	24.56444318275672	4.5131913814292105E-5
230.0	25.446511056399242	22.79606984713544	27.85443507465743	23.90298402180789	0.0
231.0	23.91589547047958	25.472045769668384	25.227305181793476	25.383233450183567	0.001520127874999424
232.0	25.241719620498692	24.641922974310745	23.54229578963284	26.573737951009207	3.236645485133856E-4
233.0	22.56037699717131	23.897516707257356	24.468240252760314	29.073586481926622	2.795608844001765E-4
234.0	27.066695179033907	20.280276569962222	27.4337443866277	25.21819089029867	0.0010929740775061183
235.0	26.373983864852647	22.12655456604296	27.435180464448905	24.06394473551054	3.363691449544388E-4
236.0	28.591430957973397	21.941839818532852	26.1665359582335	23.299898803208066	2.944620521845649E-4
237.0	26.577555177596707	24.70670833003718	23.095927932916698	25.619709674867497	9.888458191598767E-5
238.0	27.61899379423756	21.118747724353717	25.776470517627004	25.48573794957768	5.001420403394564E-5
239.0	26.413311985477243	23.5900563293675	25.73893989761336	24.25662810916987	0.0010636783720250561
240.0	25.215659047932128	21.689464452098726	26.469921804313234	26.62479914425992	1.5555139599600335E-4
241.0	28.07251533882475	21.74172627582992	23.01130021524714	27.17238149726035	0.002076672837846116
242.0	27.25815603058183	22.77369787725558	22.28759424206162	27.6799797799194	5.720701815698751E-4
243.0	26.870692471585357	24.13164239313995	24.185207243343342	24.810269444744055	0.0021884471872982525
244.0	26.39391951108877	22.631614387344598	25.538596290676267	25.435086834672482	7.829762178803582E-4
245.0	27.97697488307312	21.82477774846995	22.918927025775567	27.27785203787597	0.001468304805394552
246.0	22.92562127609948	26.723093620343118	24.48940996500282	25.860089032150967	0.0017861064036117172
247.0	26.30824890241563	22.379392181700535	24.76493884510729	26.413739248099382	0.1336808226771574
248.0	26.30754597637784	22.61767162043751	25.36836757679523	25.696497085608566	0.009917740780853274
249.0	25.151254249839926	20.752533989435943	29.88041299240188	24.199937296791475	0.015861471530780536
250.0	29.130082190849	22.918524454780155	22.06961935847986	25.880657994449752	0.001116001441236147
