# Position (bp)	A	C	G	T	N
0.0	22.9150796631082	25.117751193605493	26.390215117214744	25.57695402607156	0.0
1.0	22.20984414332387	29.466016817524505	23.289593487226178	24.94135290021959	0.093192651705854
2.0	23.86103443110569	27.93648755644005	22.57067043290321	25.631807579551047	0.0
3.0	24.93130472901453	22.485004650963873	25.50438901303339	27.061125426338357	0.01817618064985192
4.0	25.853152979891874	24.552855952304633	23.89576254888134	25.69822851892215	0.0
5.0	27.85724961035079	24.962102611183465	21.746695988214444	25.433951790251296	0.0
6.0	24.189834555688215	24.928577520040935	23.921200750469044	26.95825515947467	0.0021320143271362784
7.0	24.061742053529635	26.160588911110167	23.6958001787158	26.08080507212459	0.0010637845198076677
8.0	26.29667774439124	25.558752641134813	24.012826093881063	24.131743520592888	0.0
9.0	25.67179367586419	25.328344127966755	23.585655681227937	25.414206514941117	0.0
10.0	24.390786573995594	26.231140871334123	23.623707408035262	25.75436514663502	0.0
11.0	26.80392357208542	23.689588229283746	23.40451619495249	26.10197200367835	0.0
12.0	27.744923120101035	26.01988653449071	20.687408535974182	25.547781809434078	0.0
13.0	24.381527769551226	24.35586092519102	24.919544314793974	26.343066990463782	0.0
14.0	25.788497217068645	23.07977736549165	23.233082706766915	27.89864271067279	0.0
15.0	24.540018179208726	24.735205472898627	24.480696550734343	26.244079797158303	0.0
16.0	25.86948575927123	25.86948575927123	21.473088349687444	26.78794013177009	0.0
17.0	26.885739738985887	26.54041494080802	20.312629152392937	26.261216167813156	0.0
18.0	25.090182181636457	26.52219344873018	20.65603561855436	27.73068011448821	9.086365907955114E-4
19.0	24.968871244247946	24.66570423170622	21.749526301542904	28.615898222502935	0.0
20.0	22.830890904861594	25.853955302664307	24.277560076583104	27.037593715890996	0.0
21.0	22.165958692124192	25.638729015723243	25.142999033370877	27.05231325878169	0.0
22.0	21.063626229911087	27.727308634173315	26.084208863259338	25.123978548419657	8.777242365993452E-4
23.0	23.72964112579779	26.548495099919784	23.434938792592334	26.286924981690092	0.0
24.0	25.92317780231916	22.497929320817228	24.62296383213694	26.955929044726673	0.0
25.0	23.41378134061061	27.211325260105745	20.135596111205867	29.239297288077776	0.0
26.0	24.095905957281026	26.76880600301506	20.413469519115132	28.721818520588783	0.0
27.0	24.182498585053093	25.704728034533154	20.421696415749416	29.691076964664344	0.0
28.0	26.961924380357498	25.249185992424746	23.028108179945512	24.760781447272244	0.0
29.0	25.403851681517676	23.866464090666447	23.92395187451238	26.805732353303497	0.0
30.0	22.42813425790279	26.2680274766416	25.97584399518182	25.32799427027379	0.0
31.0	25.342682028321363	25.424456121317128	23.10320538251654	26.12965646784497	0.0
32.0	23.33886310997844	23.16976414300483	25.253448096234145	28.237123233877497	8.014169050881959E-4
33.0	24.7897695779555	23.969435426399556	26.36709161453797	24.873703381106978	0.0
34.0	24.486114705628623	27.446690037565975	23.28227811370178	24.784917143103623	0.0
35.0	24.99264352862829	23.522123619693662	25.547863525840576	25.93736932583748	0.0
36.0	22.512376237623762	27.126392326732674	26.488242574257427	23.872215346534652	7.735148514851486E-4
37.0	25.098008892325534	26.298086216895417	21.63232167021071	26.971583220568334	0.0
38.0	25.85153918703712	27.16730831671228	21.514603336580237	25.46654915967036	0.0
39.0	22.691894482188264	27.180188744869803	22.872755659640905	27.255161113301025	0.0
40.0	24.273030052470112	29.163801030856135	23.0281205808032	23.53504833587055	0.0
41.0	23.17861861676235	25.07475602877431	21.582277991979662	30.159711329691476	0.004636032792205284
42.0	23.426200630446875	26.78240311514927	21.815316150565547	27.975307497373137	7.726064651709005E-4
43.0	26.111677636661412	25.546954667655513	23.106517103921387	25.232532987237725	0.0023176045239640306
44.0	28.225152364841378	24.834889810673648	23.480020701534848	23.459937122950123	0.0
45.0	23.94908984190975	24.740699551292447	22.495617185267562	28.812276515063758	0.002316906466485948
46.0	23.83236030025021	25.537484941154666	23.189849565996354	27.440305192598768	0.0
47.0	23.826731526523048	25.574859084240597	24.122461585977916	26.47440352096363	0.0015442822948034901
48.0	23.25294135812	24.756816848346354	23.055306796776087	28.934934996757555	0.0
49.0	21.37144709823841	27.564033286501676	24.239242871037963	26.823732843402137	0.0015439008198113353
50.0	25.276532022138	26.828816450664217	20.709990660048938	27.184660867148846	0.0
51.0	23.67265345816321	28.198636956538518	22.046417572918195	26.080748361800822	0.0015436505792548797
52.0	22.12503750201934	27.236081942873845	20.991899563822667	29.646980991284146	0.0
53.0	21.40843772321257	27.063540218585107	24.13806345573383	27.3884225159561	0.0015360865123923778
54.0	22.630293534860144	29.05319263321199	22.44443420426094	25.872079627666928	0.0
55.0	22.861278981594246	30.77582971422444	21.726142604379696	24.63521680185666	0.0015318979449589069
56.0	25.093245716824054	27.19481653378673	24.19487014528717	23.517067604102046	0.0
57.0	21.188173401640288	29.110095185585088	23.13706571098195	26.560071063735286	0.004594638057387029
58.0	25.046708934423716	26.085025575055898	20.802321663756928	28.065178106527	7.65720236454409E-4
59.0	26.075371728710778	23.58390885564216	24.979709967382817	25.35871246343966	0.0022969848245869254
60.0	22.43537300537507	22.95911735696427	25.49985090489261	29.10565873276805	0.0
61.0	23.166675587023175	25.507886869490086	24.1728918011729	27.147193528408785	0.005352213905051725
62.0	24.041990335800353	23.312587925867025	25.635359960853876	27.010061777478743	0.0
63.0	25.882262996941897	24.61238532110092	23.035932721712538	26.467125382262996	0.0022935779816513763
64.0	24.516242210679664	22.822231883394732	23.78326430679816	28.87826159912744	0.0
65.0	22.628126906650397	27.5549115314216	24.019981696156194	25.79240390482001	0.004575960951799878
66.0	23.769141602098713	24.960344091269597	23.959795009456407	27.309194069916416	0.0015252272588615703
67.0	25.818653244871502	26.004728132387704	20.4911156867231	27.684740334019676	7.626019980172348E-4
68.0	23.12226891076726	24.37218311738822	26.6523804802904	25.852404883740437	7.626078136796589E-4
69.0	23.759084288470483	25.293404406213536	24.919737975948085	26.024722991161646	0.0030503382062486177
70.0	22.741489920321452	25.328188854135753	25.21936333264842	26.710196875261598	7.610176327785515E-4
71.0	24.496203990929015	23.0771564441141	26.707824860256807	25.71805626132925	7.584433708257173E-4
72.0	25.51230906912191	26.77734463876712	23.033810123318215	24.675019339572557	0.001516829220198098
73.0	24.118267094357364	23.85968105193712	23.69512629766969	28.323892288676056	0.0030332673597682582
74.0	23.70929218637449	28.558971831519887	22.72131023239944	25.008151040679376	0.0022747090268036545
75.0	24.015043523096054	24.889296654635892	22.81777926056231	28.27636407752267	0.0015164841830699704
76.0	26.30222154825991	25.214193646220334	25.756312078247024	22.725756312078246	0.0015164151944802487
77.0	23.41751518230134	26.437295768667973	25.09079054110404	25.05439850792664	0.0
78.0	26.767546586205327	27.44075326368778	20.312950131154004	25.477991903325098	7.581156277955514E-4
79.0	27.277482545049313	21.88293622214978	21.807127532957825	29.030937526059237	0.0015161737838391037
80.0	23.227430200207714	23.87785889184538	28.247405486949734	24.64578927020081	0.001516150796358206
81.0	24.19724075197089	25.44345057610673	23.204972710733777	27.154335961188597	0.0
82.0	22.59490024862046	22.434206536898916	25.228912740282578	29.739706506579346	0.00227396761870111
83.0	23.422010004547523	23.927542822495074	24.749886311959983	27.899802940730634	7.579202667879339E-4
84.0	23.470478124786855	27.214993217281915	24.40338605412533	24.91038475820936	7.578455965381614E-4
85.0	24.24883109403536	27.808216063837044	21.153219511825462	26.789733330302134	0.0
86.0	24.988634297144934	25.93350306116264	22.60486755167606	26.472995090016365	0.0
87.0	21.977497442891238	21.506989430617114	26.681819903776944	29.833693222714704	0.0
88.0	23.47432779507694	28.238288974248242	25.803274465683266	22.484108764991554	0.0
89.0	25.736558610292505	27.092629489617348	22.789566587625664	24.38048773096766	7.575814968295214E-4
90.0	23.035665585891337	26.696918275203778	23.776552225690132	26.490863913214753	0.0
91.0	25.528353053464027	25.460935961337434	24.035329586256	24.975381398942538	0.0
92.0	24.693219003757118	24.524300084838202	23.407011271361046	27.375469640043633	0.0
93.0	26.04773410693591	26.257546033645653	20.686547041045877	27.008172818372557	0.0
94.0	26.29709299683396	24.689833820611092	24.15509066396013	24.85571023889234	0.0022722797024828443
95.0	23.593165396791736	27.89205810624536	24.07485950588485	24.43764484905403	0.002272142024024115
96.0	24.532917307240822	25.412176336496444	24.708617647281567	25.344774050877366	0.0015146581037995199
97.0	25.290620621757736	24.913476466356165	23.080767920027263	26.715134991858836	0.0
98.0	27.090701179107757	23.523843421760105	24.273565115979675	25.111890283152466	0.0
99.0	21.20459484632102	23.73600078751486	27.158661527627387	27.900742838536736	0.0
100.0	22.899329875440124	26.15605951614735	24.625752470374437	26.318858138038088	0.0
101.0	22.537365416357495	22.804639823129456	28.64984781258991	26.008146947923134	0.0
102.0	24.303856901604707	25.829048307825126	24.15239797347954	25.714696817090626	0.0
103.0	25.85987550547503	26.827661411240854	25.18363699698608	22.12882608629803	0.0
104.0	23.92206454739584	27.721910069817806	23.666116403398508	24.689908979387845	0.0
105.0	27.763809581509474	23.145721945382668	21.47054814231404	27.61992033079381	0.0
106.0	24.86065250976947	23.407349065463027	25.149950016661116	26.58204840810639	0.0
107.0	24.980499958349426	25.790035668037348	22.759388418111186	26.470075955502043	0.0
108.0	22.81772473952023	25.0734492367337	24.40256239399079	27.706263629755266	0.0
109.0	24.800660300921543	25.59877632306283	26.225759308198484	23.374804067817145	0.0
110.0	24.012206387908712	26.030197937332467	23.024791385864216	26.932804288894612	0.0
111.0	24.025777333515077	24.312023869023278	25.634967513290018	26.027231284171627	0.0
112.0	24.609058484093506	25.759354198692947	23.596586219169577	26.03424382634245	7.572717015137861E-4
113.0	28.221263062244432	22.811600787520824	22.793427230046948	26.173708920187792	0.0
114.0	26.389719746476953	22.423310792903173	27.600542181903542	23.586427278716332	0.0
115.0	25.404770920106017	25.597879591063993	25.91139719803105	23.08595229079894	0.0
116.0	26.772178259058727	25.307636969444548	24.37772140396047	23.541706107303774	7.572602324788913E-4
117.0	25.05584878798664	26.74380741066087	24.176656342529135	24.02368745882335	0.0
118.0	25.805547772485287	25.765412372305057	25.56019174119482	22.86809084231331	7.572717015137861E-4
119.0	26.11622694090207	22.273043952382395	25.025747432829494	26.584981673886045	0.0
120.0	24.64122623005445	23.921785424886593	25.823381068861845	25.613607276197108	0.0
121.0	27.159886098573203	23.306625064372483	25.469540456211565	24.06394838084275	0.0
122.0	25.810506864979892	24.543533741773764	25.02820965262369	24.61623512840125	0.0015146122214060144
123.0	23.320762718281916	27.5925000378633	25.796265164250986	23.2904720796038	0.0
124.0	24.753315007080598	24.91991730467774	23.665856373673808	26.66015403139696	7.572831708960932E-4
125.0	26.603156332353922	23.358979795838003	25.389997879623177	24.647865992184897	0.0
126.0	24.437342864931995	24.616817617302274	25.239299669827037	25.706539847938693	0.0
127.0	24.974630821658465	23.62287012495267	27.37750851950019	24.02499053388868	0.0
128.0	25.495467522927445	22.354161775731367	26.58598832233977	25.55832393011579	0.006058448885624058
129.0	23.21521882360069	28.58451914848501	23.043310336471105	25.153922467000385	0.003029224442812029
130.0	24.624554122520696	25.95593859576047	24.07170391463387	25.347803367084964	0.0
131.0	24.412889545230794	26.09867848082093	24.975576508008636	24.512855465939644	0.0
132.0	25.969511779539722	26.378444691823617	22.565523926361784	25.083490469591297	0.0030291326835843726
133.0	26.319535947415453	25.29646962606207	25.851545579838554	22.530934314750027	0.0015145319339058263
134.0	25.468369000560376	23.921274630075576	22.269677556151272	28.340678813212776	0.0
135.0	25.329789328607994	24.561164372150788	27.38273736501734	22.72630893422388	0.0
136.0	27.314103098092374	26.575740823482192	24.618134177464427	21.489750017039132	0.0022718839218774847
137.0	27.70802411171357	22.69181837457971	24.412352709538666	25.18704752673189	7.572774361615122E-4
138.0	25.7057398152355	24.108738452218688	27.367863092533696	22.816144176889292	0.0015144631228229592
139.0	24.853477911889872	24.03492299071648	25.32371159001075	25.78637306719571	0.001514440187184807
140.0	25.2290590783117	22.478835698384092	26.725325983250293	25.566779240053915	0.0
141.0	24.880361037072934	25.88214804943058	26.30315604555367	22.933577659316697	7.572086261206688E-4
142.0	28.09068742522225	24.113647033879055	23.78121734389435	24.01369095397477	7.572430295779127E-4
143.0	25.33355545122745	27.031242901061624	23.865305689751786	23.769895957959143	0.0
144.0	27.513383763809696	26.50401702217881	22.786851729856206	23.19574748415529	0.0
145.0	27.36902679659875	23.496808486472982	23.125033126623205	26.009131590305067	0.0
146.0	26.914457046807094	22.333691718279148	25.253267107833487	25.496312673198357	0.002271453881914684
147.0	25.746172600208972	25.22828111513243	27.19460302557657	21.826400351318203	0.004542907763829368
148.0	24.14578932624677	24.464533127399097	23.89139997425822	27.497520460929277	7.571111666325966E-4
149.0	27.507286974296854	26.40723776356134	23.629481016012416	22.45448006965212	0.0015141764772684256
150.0	24.26298017957997	24.72782883878685	24.963281498417697	26.04590948321548	0.0
151.0	25.429631311984252	25.46899841017488	26.08978726625785	23.01158301158301	0.0
152.0	27.004867856250613	23.838111604878456	23.81994231249669	25.336321172525	7.570538492402965E-4
153.0	23.62707245060186	24.08130819895526	27.24960254372019	25.04201680672269	0.0
154.0	22.302305333686643	25.246621493735095	25.40031040617784	27.04924858992316	0.0015141764772684256
155.0	26.671562800487596	24.558401538496483	24.646229093634776	24.12380656738115	0.0
156.0	25.19022706107708	23.451116377319632	27.61907646181452	23.739580099788764	0.0
157.0	24.117985524363284	24.10662911480573	27.272039005481357	24.503346355349624	0.0
158.0	24.196125046373762	23.100568599095997	25.987477191680735	26.71582916284951	0.0
159.0	25.600975188715676	21.93493189578806	25.226193811185897	27.237899104310365	0.0
160.0	25.22429757947895	22.92264478077514	25.83605266545022	26.017004974295688	0.0
161.0	24.31914716415424	21.47080869492796	29.267018481643287	24.941511391082475	0.0015142681920394922
162.0	24.32350580717455	24.138009358106576	26.534320628719392	25.004164205999484	0.0
163.0	24.591703073300373	24.38348489093153	27.07214949308337	23.952662542684727	0.0
164.0	25.34279246197294	24.401674780620393	24.65758610507507	25.597946652331593	0.0
165.0	26.80542726047519	23.40354649666096	27.17491709193331	22.616109150930537	0.0
166.0	23.47164382524419	23.629893238434164	26.502612251078972	26.39585068524267	0.0
167.0	26.44112458070525	24.498928574132826	26.460054366344355	22.59989247881757	0.0
168.0	24.987695080303798	26.28406569691279	24.677989716873263	24.05024950591015	0.0
169.0	25.105822309387328	23.454312779700288	25.542741611830895	25.897123299081485	0.0
170.0	31.974375672032835	21.751904408535385	23.831230785540125	22.44248913389166	0.0
171.0	24.828677656537508	23.169595868575886	28.02719955172231	23.974526923164298	0.0
172.0	26.1392630279904	25.432878309522188	25.27918474269577	23.148673919791644	0.0
173.0	27.666984660579352	21.311649177001467	23.74733112251851	27.274035039900664	0.0
174.0	23.55671312946236	26.974416438895492	24.11547809232493	25.353392339317217	0.0
175.0	26.1096388278943	23.83054440826834	23.11880063602635	26.939501779359432	0.0015143484515787082
176.0	24.084954948133568	24.158400848035132	29.897024305292646	21.859619898538654	0.0
177.0	21.149637661954127	26.230699914432186	25.964152386433337	26.63279291831681	0.022717118863538267
178.0	23.729018874495583	22.928764488995558	25.85419773930029	27.488018897208573	0.0
179.0	27.48665530948325	24.64660230929396	23.652470187393526	24.214272193829263	0.0
180.0	26.89558248186273	22.487940137501425	25.855585520568237	24.76089186006761	0.0
181.0	27.922572198456315	22.93300044148766	26.32636594759998	22.818061412456043	0.0
182.0	24.45274919320465	23.80883517018815	25.79994519880655	25.93847043780065	0.0
183.0	22.772804774083546	25.463554987212277	27.167823651199612	24.59581658750457	0.0
184.0	24.967077468809233	22.96660551576095	27.398396882065022	24.66563648958278	0.002283643782018589
185.0	24.07827437130853	26.166047616148084	25.46733239968337	24.288345612860013	0.0
186.0	25.897199747299837	23.775127301512395	24.945768414002025	25.38190453718574	0.0
187.0	23.13003013311973	23.714383796773085	28.58069191745814	24.574894152649044	0.0
188.0	26.14593505859375	28.729248046875	22.7996826171875	22.324371337890625	7.62939453125E-4
189.0	24.189130418195827	26.029466745000494	25.36947880027163	24.41192403653205	0.0
190.0	27.877909194963756	22.437237695536055	24.761541396413584	24.92331171308661	0.0
191.0	25.631542752349663	25.436692901352487	25.026362038664324	23.90540230763353	0.0
192.0	26.33018759790624	24.426699270240324	25.081572612998126	24.16154051885531	0.0
193.0	27.005854389263384	25.704284556946543	22.498891793155103	24.790969260634967	0.0
194.0	28.470757283927973	23.835182977162248	23.806138983154483	23.887920755755296	0.0
195.0	25.043381211922	22.48943180167715	26.38877210148528	26.078414884915567	0.0
196.0	27.21063927640656	22.63912310286678	26.668710715928256	23.481526904798404	0.0
197.0	24.038210895932043	25.718754312525878	24.73664841989052	25.506386371651562	0.0
198.0	27.641552178287014	23.610588479230824	24.744848982851703	24.002242410745144	7.679488853221929E-4
199.0	24.906398779717424	22.545953191686056	26.58274656025145	25.96490146834507	0.0
200.0	26.872789749832428	24.57066251646853	25.193962694444235	23.362585039254814	0.0
201.0	23.690394557403827	21.80967863719364	29.014338436409304	25.485588368993227	0.0
202.0	24.440951192072372	25.200733582998136	29.20692896882272	21.15138625610677	0.0
203.0	25.391723893423357	25.459548197646185	23.85334535673272	25.295382552197736	0.0
204.0	26.116647782890528	24.49264303496967	24.33463592850371	25.05607325363609	0.0
205.0	27.949803050975497	25.203308435276618	24.793993632880852	22.05289488086704	0.0
206.0	24.674483683711465	22.566047626756706	26.011239852910567	26.748228836621262	0.0
207.0	25.78277396124874	23.819767307380936	26.82287450173093	23.574584229639395	0.0
208.0	27.949659150498164	22.738209074925198	22.792960917980196	26.519170856596443	0.0
209.0	26.15582753009586	20.94718089905837	26.393355389491706	26.50363618135406	0.0
210.0	24.261824689148746	23.779735275060936	26.44781092838851	25.509857764339266	7.713430625404955E-4
211.0	24.405749245855095	25.326924708950216	26.6546826419374	23.612643403257287	0.0
212.0	27.191120510663257	22.972899959091365	26.164545335257838	23.670662333953395	7.718610341394136E-4
213.0	28.861258060779242	23.0520909757887	23.85527281152257	24.23137815190949	0.0
214.0	27.150961479008224	25.914332529524515	25.15535151177889	21.77935447968837	0.0
215.0	24.305028573198495	25.79873317743259	24.71620386860975	25.180034380759164	0.0
216.0	25.773511211500903	25.15156506121425	26.08409213900849	22.990831588276354	0.0
217.0	27.22954894479363	23.301616452670075	26.543229422288366	22.925605180247928	0.0
218.0	24.03614313064236	24.808350088515425	26.40483190079864	24.750674880043576	0.0
219.0	25.054616069261264	23.752730803463063	25.816813658062948	25.375839469212718	0.0
220.0	28.023783572741618	22.23731515674058	25.217582274568496	24.52050560426868	8.133916806298905E-4
221.0	23.498838154513134	22.811583968995556	26.74297350335416	26.946604373137145	0.0
222.0	24.130828391554957	25.739605654391124	25.934785136459524	24.194780817594392	0.0
223.0	30.06273801180454	23.150579672208664	24.87059757322953	21.916084742757263	0.0
224.0	29.488199641079472	23.249415907628755	25.739003826228284	21.52338062506349	0.0
225.0	29.675472470142957	20.495443657349394	25.67663180148156	24.152452071026094	0.0
226.0	25.944406077348063	22.35928867403315	26.600483425414367	25.095821823204417	0.0
227.0	25.31967970971512	23.48359297315214	28.58364007466462	22.61308724246812	0.0
228.0	27.564434687156968	26.804829857299673	24.461031833150386	21.169703622392973	0.0
229.0	26.925872093023255	24.619788712422007	23.83011911514464	24.624220079410097	0.0
230.0	25.316738842561108	23.473569306753518	28.204967610321752	23.004724240363622	0.0
231.0	25.352010385554635	24.415131680480787	25.783228781785333	24.44872132397665	9.078282025909416E-4
232.0	24.393324972767132	24.804335289217615	26.535338648700602	24.267001089314647	0.0
233.0	23.147511110284682	24.76617266962941	22.87695940794734	29.209356812138566	0.0
234.0	26.171731362140655	21.63660534975156	26.951471323106514	25.239249111360447	9.428536408293342E-4
235.0	24.4832733675266	22.884291510372808	28.061126846819263	24.57130827528133	0.0
236.0	27.507429420505204	24.429107687495115	24.23946195354657	23.824000938453118	0.0
237.0	28.004226158737684	24.66378339949049	24.165136165254655	23.16685427651717	0.0
238.0	26.35382317861546	23.262806570915977	25.71838072424403	24.664989526224527	0.0
239.0	28.053499412935835	23.458063198733985	24.984430037265813	23.504007351064374	0.0
240.0	25.39716117022402	22.18814122226218	28.065703467095382	24.34899414041842	0.0
241.0	29.703085622313054	19.41591308583409	24.846989559287575	26.032952836781803	0.0010588957834769901
242.0	25.86307472026303	24.15230418412261	22.70138410139471	27.282176380124092	0.00106061409556133
243.0	27.844200010627556	22.6802699399543	26.19799139167862	23.275413146288326	0.0021255114511929433
244.0	25.698460882995157	21.902327315332588	27.860680619907335	24.5374660488896	0.0010651328753261968
245.0	27.53187176614925	21.62159278817944	24.85837734037446	25.98815810529685	0.0
246.0	23.89611222102328	27.554192797085502	24.50401170927661	24.04354654330616	0.0021367293084475596
247.0	25.022997111990584	23.439940100545513	25.53962990694192	25.872285805968552	0.1251470745534282
248.0	26.576436701609364	23.764602584831515	23.957340643102654	25.6941247015237	0.007495368932766541
249.0	26.36655258612366	22.030061474750294	27.86640775032454	23.724103895546566	0.012874293254943193
250.0	24.678030913328822	22.379402571456193	26.88321034597579	26.057207918452402	0.0021482507867968507
