# Position (bp)	A	C	G	T	N
0.0	24.09932433623225	23.99324448724136	24.421688585710754	27.485630098929114	1.1249188652268456E-4
1.0	23.39232496557647	29.930943468357853	23.90049515265118	22.701759649154965	0.07447676425953226
2.0	24.934464309173205	26.814024936405	22.453251704823664	25.79751262942926	7.46420168870099E-4
3.0	25.640639350968446	22.24960164554975	24.481617149396808	27.622436426433357	0.005705427651634792
4.0	26.250966437826612	23.158104570901607	23.608730077408175	26.982049872849384	1.490410142241018E-4
5.0	27.92233096433098	24.121878006613855	22.299662980104472	25.655867514520143	2.60534430555478E-4
6.0	26.144296839041925	23.60404422540349	24.001007452997598	26.244224883420376	0.006426599136606838
7.0	25.531196989219403	25.661824822254566	23.215157723004477	25.590967658209664	8.528073118957351E-4
8.0	27.472342788394798	24.381731525611958	23.76186201471473	24.384026653093333	3.701818518347138E-5
9.0	25.971122954339354	25.17384835855665	22.25207254441272	26.602660513640693	2.9562905057991336E-4
10.0	24.531063262939444	25.027644238313083	23.35200650096492	27.08924907726394	3.692051861514088E-5
11.0	27.252579660310218	22.73667473003887	23.04840450901489	26.962091202737167	2.498978988584664E-4
12.0	27.94615795728022	24.419833211846882	20.240969458341894	27.39296891156479	7.046096621009135E-5
13.0	25.188196179584466	23.342734725408068	24.568735228332624	26.900229380963957	1.0448571088246542E-4
14.0	26.234811620686376	21.958775531016197	23.63357987533712	28.17279852047236	3.445248795196496E-5
15.0	25.434268214285837	22.94414502344604	24.638984716086615	26.98260204618151	0.0
16.0	26.35898659069804	24.493181449683963	21.87319519800395	27.274569762003985	6.699961006226943E-5
17.0	28.197802414776934	26.8118231269683	19.218076931936725	25.770619226731696	0.0016782995863485136
18.0	25.646663425024713	26.0467456977667	19.86115003297777	28.4453754445949	6.539963592022684E-5
19.0	24.75584815216818	24.892712525564402	21.96266246133191	28.388060634433437	7.162265020734757E-4
20.0	23.08366225924806	25.09188635036957	24.21213821518142	27.612280835086437	3.23401145163455E-5
21.0	23.815848530321095	24.74346354552932	23.34419130578837	28.096111356180664	3.852621805454157E-4
22.0	22.768360089988136	26.720310421525884	26.033404802485204	24.477829238253804	9.544774697184067E-5
23.0	25.788576205565324	24.031193643430353	22.76332624492484	27.416460418582506	4.434874969787414E-4
24.0	27.745810087433465	21.745479841833703	24.861654718807802	25.646992567590477	6.278433455511648E-5
25.0	25.211390040945304	24.8933758181674	20.239171576837368	29.655720446059657	3.421179902745186E-4
26.0	26.20794710632533	24.869889591383863	20.099911924309975	28.8222204416654	3.093631542914702E-5
27.0	26.129416253715327	24.481953419335877	19.956539778543654	29.431936193306917	1.5435509822541032E-4
28.0	27.510237385096815	23.671309651867787	22.465773518482298	26.349501271269315	0.0031781732837864265
29.0	27.190286690242193	23.851873781946377	22.24741828634878	26.710057982228147	3.6325923450381513E-4
30.0	23.702903533015483	24.83365504541331	24.402134583471874	27.061066118226556	2.4071987277954725E-4
31.0	26.33904656273478	24.698560498556844	22.352891504536977	26.608902552702318	5.98881469080199E-4
32.0	24.667788319466123	22.519649961167847	24.80535660985639	28.007116010875972	8.909863367245264E-5
33.0	23.667815184255456	24.92786103672462	24.81336221538896	26.590785094859314	1.7646877164499778E-4
34.0	26.321039012564658	26.57002745144944	22.395656778115853	24.71313089469554	1.4586317450778472E-4
35.0	25.417319231953524	22.19915897790223	25.963336566552414	26.41992525660186	2.5996698996931815E-4
36.0	23.895310932038516	24.23861197285108	26.38502993891002	25.480729685712877	3.1747048751056673E-4
37.0	24.909303888954607	25.239139403976374	21.95795116518608	27.893461282123045	1.4425975989405563E-4
38.0	26.802034966650695	25.00752136919784	21.499981683338675	26.690375445404957	8.653540783705036E-5
39.0	23.495410960168332	27.744800703237477	21.425411375466055	27.333973199453652	4.0376167448041644E-4
40.0	26.410410351525552	26.01662237417009	22.6824297202652	24.8903933727352	1.4418130395264393E-4
41.0	24.365953807708287	24.655120563997716	21.476073894518862	29.498036612795943	0.0048151209791937755
42.0	24.345224829806746	25.670502171364056	20.862796834533786	29.121418503429524	5.7660865887456944E-5
43.0	26.098704452530946	25.690157719449008	22.664657565364738	25.54261734547827	0.003862917177037783
44.0	28.795552554004146	24.758533163732228	22.71579679804411	23.729713946577956	4.0353764155884287E-4
45.0	25.387764512619516	24.401374709099162	21.9894951474498	28.217244385523767	0.004121245307760478
46.0	25.359522175901255	24.376014161593275	22.45029221397653	27.814171448528928	0.0
47.0	25.65612343453576	24.384821249513045	22.83039276930134	27.12684726509104	0.00181528155881397
48.0	22.498983926889977	23.809811852928494	22.73981701754674	30.951387202634788	0.0
49.0	23.026997570811954	25.787844382193022	23.904345176273107	27.278998324280764	0.0018145464411559872
50.0	27.2124724672141	24.735443335453013	20.036840941137438	28.015156856239688	8.639995576322266E-5
51.0	24.578948414143888	27.45674735004361	20.838616064936783	27.123269368488128	0.0024188023875883185
52.0	23.148051810689676	25.735510947373623	21.43077221104814	29.685665030888558	0.0
53.0	22.696956634786417	25.158143296394485	24.269808735720325	27.87351291348137	0.0015784196174025641
54.0	23.479906617823254	27.966211378334126	22.60632123296615	25.94756077087647	0.0
55.0	23.87647404149914	27.45556229464887	23.264774905537408	25.401728992466747	0.0014597658478334356
56.0	26.719902510977672	25.16017545963424	25.28358218352629	22.836339845861797	0.0
57.0	22.731064433537686	27.639220722805096	23.062445252769447	26.562233060301864	0.005036530585905899
58.0	25.47477871320304	25.074668377405658	21.619320896901844	27.831031714102096	2.0029838736906923E-4
59.0	27.49289143189365	22.670309503822235	24.50134160095998	25.33273935517319	0.0027181081509482763
60.0	24.449026192804197	22.812222299346416	23.57260971416346	29.16608466465401	5.71290319171332E-5
61.0	25.5129749332852	23.157970201911002	22.91099046955854	28.412209087608826	0.005855307636435094
62.0	25.28152257393047	21.756531777841438	25.366864035457265	27.59465319177923	4.284209916003781E-4
63.0	26.881290496151127	23.66447488485363	22.335868405126728	27.115995742290327	0.002370471578188577
64.0	25.871973451632662	21.10469211379289	24.065700481990145	28.95760544763741	2.8504946891008202E-5
65.0	24.601627096112566	26.11274636528459	23.605577263408236	25.675118335428742	0.0049309397658630185
66.0	24.764406918786797	23.648204179910344	23.216464040275987	28.37049733910355	4.275219233242281E-4
67.0	26.795923921949743	24.69239176747374	21.55767057639939	26.953272732713646	7.410014634778904E-4
68.0	23.914104121294542	22.313937005585153	26.889043034575057	26.88274484702814	1.7099151711083614E-4
69.0	22.9915405539035	25.01157705904229	24.75424575282231	27.239815393997596	0.0028212402343054262
70.0	26.29238717261616	23.09026389856581	24.227606147343817	26.389429832410087	3.129490641258237E-4
71.0	24.489780859069683	23.15871270667742	25.711071365119658	26.639583639611452	8.514295217860949E-4
72.0	27.270080466019593	25.713853572048812	22.156106802210687	24.858313289662913	0.0016458700579913802
73.0	25.249047178732614	22.36889255966677	23.007501986788036	29.370500999706913	0.004057275105666482
74.0	24.961890395244964	25.126781450281076	24.00244173783202	25.908120536978092	7.658796638525789E-4
75.0	25.76256437194875	24.406938499048675	22.4730287349345	27.355227643263397	0.002240750804684814
76.0	26.476888897838858	24.252100177748257	25.073622153212927	24.196452806235683	9.359649642787554E-4
77.0	24.181283547734424	24.08097004321677	24.11310326363478	27.623792309921935	8.508354920920512E-4
78.0	27.619772557563234	25.62568790999861	20.197930902852715	26.55609814754576	5.104820396820377E-4
79.0	27.378701899762635	20.92033134537452	22.729260428276092	28.96895551339533	0.0027508131914254033
80.0	23.81082284349895	23.255303522259055	28.24468371696021	24.686694475716234	0.002495441565549295
81.0	25.34618937893197	24.90119204727129	21.566760375189492	28.185347783009853	5.104155973932508E-4
82.0	23.46031177127095	22.21614160368028	23.48027384333403	30.842053507426797	0.001219274287943816
83.0	25.567015921613706	22.48958770752637	23.930367147257275	28.01203683409601	9.923895066434806E-4
84.0	23.4785288544876	25.251840803100766	24.942552427200706	26.325887145040628	0.0011907701702999806
85.0	25.713847507657277	26.576389621258258	21.49959573211044	26.20940169486336	7.654441106730125E-4
86.0	25.691269680856944	24.350670979699245	23.06316782245621	26.89299221029124	0.0018993066963601062
87.0	22.833624111897073	21.978720961709353	25.58240985746417	29.604451392264767	7.936766646305081E-4
88.0	24.632349189756685	26.88286760262534	25.641227683303875	22.8428185787381	7.36945576002331E-4
89.0	26.483073125176254	26.035289299414867	22.5982175375149	24.882484733998155	9.353038958241515E-4
90.0	24.23061902470351	25.670244971922802	24.89810077183245	25.200836846171416	1.9838536981583603E-4
91.0	26.51723163657685	24.969670245214047	24.240565894704385	24.27227717300897	2.5505049574731635E-4
92.0	25.866776388963274	24.335679950942346	22.737650645001047	27.059864677723343	2.8337369991688647E-5
93.0	26.98912726232003	26.36093408633016	20.843494351106965	25.806189271212038	2.5502903080467325E-4
94.0	28.067549677881498	23.425733663990282	23.24872150010654	25.253064772794247	0.004930385227432437
95.0	24.123985743384896	26.160616709956535	24.098683339996583	25.613994127462348	0.002720079199639363
96.0	26.515083475677493	23.89191835541285	23.70892264854483	25.88325389542301	8.216249418133716E-4
97.0	25.427790019281076	25.279229980798245	23.160238036015894	26.132656975324416	8.498858036775125E-5
98.0	28.559203056694336	22.688952796644163	24.143760722112308	24.60808342454919	0.0
99.0	22.56003004582498	22.31738055240926	26.330033334211368	28.79252774381289	2.832374149827494E-5
100.0	22.751480245177202	25.01573282686187	24.53958469868592	27.69320222927501	0.0
101.0	23.458126700543495	22.209324585469513	28.299875623863002	26.032503177368525	1.6991275546382784E-4
102.0	25.500649823093486	23.654098700042283	24.81168724321792	26.033507591842557	5.664180374691196E-5
103.0	25.660265278305516	25.472657579424652	25.264012675553072	23.60280964189184	2.5482482492118834E-4
104.0	26.43157500147226	26.59924280517692	22.923461714435852	24.045239163031315	4.813158836506621E-4
105.0	27.043375171691675	23.450159650962252	20.909561700984238	28.594156975814087	0.0027465005477428153
106.0	26.184629523769885	23.461328617494075	25.018212437573027	25.33577279485108	5.662631192547298E-5
107.0	26.359590262795795	23.871382381753218	22.834383723761473	26.9339075090175	7.361226720120497E-4
108.0	23.727273679285787	24.40787810877614	24.705598323098464	27.159080070293555	1.6981854605323303E-4
109.0	26.10272424854293	23.84804882224678	25.668242475524494	24.380248667448676	7.357862371184347E-4
110.0	24.686129007429678	23.326398667095273	23.366608789746053	28.6207503474879	1.131882411000086E-4
111.0	24.641032969334077	23.847884342749776	24.55741406778366	26.952904589559946	7.64030572541873E-4
112.0	25.944251105728	23.812730663589594	23.887120245992115	26.355699914292106	1.9807039818092145E-4
113.0	28.131946236413103	21.892499988682303	22.66156578071736	27.31316746116898	8.205330182486543E-4
114.0	26.124965799093047	22.468475039916385	26.8663650667763	24.539769677582	4.244166322653408E-4
115.0	27.358994573199	23.255729720521728	25.831776526043722	23.552876645966457	6.225342690966631E-4
116.0	27.112515641084993	24.51647753993959	24.774686315246175	23.5961790194688	1.4148426044196288E-4
117.0	26.576841190232837	26.230940666062246	24.072910759702136	23.118543369428775	7.640145740024517E-4
118.0	26.29998070183084	24.88201801124727	25.058672659474468	23.758904180911564	4.244465358654494E-4
119.0	27.154864805058608	20.989837388021396	24.747575930959663	27.107099340281966	6.225356783686396E-4
120.0	25.561206703354166	23.635311002401814	24.802772615218142	26.000596492578364	1.1318644750752124E-4
121.0	27.71351418192972	23.373238418333607	23.791436766989186	25.120990025662365	8.206070851215729E-4
122.0	26.504785164899374	24.178290368576967	24.50763920074546	24.808691028689484	5.94237088713655E-4
123.0	23.864945090082827	28.148060113696495	23.012419460267065	24.973783025888732	7.923100648845349E-4
124.0	24.943081010874455	24.973301980492195	22.820765314929105	27.262766803340156	8.489036409477161E-5
125.0	26.704069075327453	23.749963568163754	24.197813410707482	25.347050379499475	0.0011035663018389658
126.0	24.01721233125956	24.239002053776225	24.557651462459585	27.18599266888475	1.4148361987539255E-4
127.0	26.17452380116966	23.09418601097671	27.5437829015503	23.186516914976337	9.903713269957114E-4
128.0	26.590547983774552	23.947305497664797	24.384605916034584	25.067551793953236	0.00998880857283129
129.0	24.468537258561724	26.049668272623705	22.139682607955006	27.33922555254411	0.002886308315454257
130.0	25.690600230346284	24.692017963614344	24.102682373981622	25.514699432057753	0.0
131.0	26.104325502449782	24.345956433128663	24.240036040665732	25.30900286548195	6.791582738739697E-4
132.0	26.31141957814184	24.997375307287136	22.582969295764524	26.102010132587306	0.006225686219188867
133.0	26.8730816968624	25.867116881294	24.00253896599676	23.255366437993708	0.0018960178531304951
134.0	26.75055125668413	22.776833862328456	21.28634671894738	29.186211564844537	5.659719549576879E-5
135.0	26.476093076324897	23.179177698265995	25.90387425618062	24.440289004320576	5.659649079118498E-4
136.0	27.84996933835654	25.696947503927152	25.008241996914876	21.43793627754914	0.006904883252290568
137.0	28.364160969671175	21.490440423642525	24.484666927391817	25.660590185905335	1.4149338914587231E-4
138.0	25.135599666320687	24.264077520450307	26.532740301737554	24.066195953968553	0.0013865575228951773
139.0	25.61288710539578	23.670211486552066	25.320036933814276	25.395732576773067	0.0011318974648043558
140.0	26.903644081681627	21.692157627890353	25.516778079084467	25.88696744953899	4.527618045614054E-4
141.0	26.114439880945305	25.294226843448964	24.786223929902842	23.80474147371781	3.6787198507684846E-4
142.0	28.6789079509677	22.993241901006105	23.167783206568277	25.159840558441626	2.2638301629335165E-4
143.0	27.000088289126516	24.97122114049177	23.70797918640438	24.320598192789493	1.1319118783964429E-4
144.0	27.77555324581537	25.55883465715781	22.812378761042915	23.852667377322092	5.659586618133825E-4
145.0	28.502394543316274	22.532335672979293	22.591902131036022	26.372575319734636	7.923329337711538E-4
146.0	27.77237135246689	20.94437217536287	25.37601224269998	25.902009162216622	0.005235067253635613
147.0	26.298200681447298	24.59735553625703	26.24180484777794	22.859469675425423	0.003169259092307218
148.0	24.369547679340656	24.845844471779444	23.478302207937844	27.30576799603614	5.376449059135563E-4
149.0	27.76004142778718	24.646392330199838	23.894976031874492	23.696326396631445	0.0022638135070432897
150.0	25.41993496557975	23.71766991027559	25.38512844878108	25.47726667536358	0.0
151.0	26.512093322432662	23.799404990821305	25.9971412619028	23.690737852697733	6.225721454996382E-4
152.0	27.581519009192952	24.058228166913576	23.225612922487432	25.134498406054867	1.414953511702373E-4
153.0	25.025893773835005	22.753722194614774	25.17814350414357	27.041334952802583	9.055746040658035E-4
154.0	22.969725766845645	24.536655121308332	24.85327282467535	27.637459711755636	0.00288657541503719
155.0	27.527595549617086	23.58951441285676	23.629675521450533	25.252931492054525	2.8302402109774263E-4
156.0	25.696783345352532	23.165081528660977	26.15667337251177	24.98117872681021	2.8302666450811663E-4
157.0	25.053938463027634	22.71163788675003	26.314554568629568	25.91964265750555	2.2642408722082263E-4
158.0	25.008844908700727	20.95538599747644	26.24277335579516	27.792882523196305	1.1321483136933904E-4
159.0	26.90811795198241	21.855580403832782	23.914880199445403	27.321025180604458	3.962641349539782E-4
160.0	27.00265273011556	21.444600058194762	25.690157046604494	25.86256186023973	2.8304845449882875E-5
161.0	24.81714780005593	20.468435634327303	28.71235254357034	25.99810128087117	0.003962741175258456
162.0	25.517754200994435	23.40614698484568	24.58726004527784	26.488810463155282	2.8305726758026227E-5
163.0	25.451869724742593	23.96988648554702	26.97495390297574	23.603233273870956	5.661286368811294E-5
164.0	25.35406266241082	23.92716861965382	24.712826534205487	26.004526838900922	0.0014153448289527467
165.0	26.504113831333626	21.999096981114448	26.365037599838082	25.131100508266584	6.510794472618572E-4
166.0	24.750565394541923	23.601687082394314	25.715522397946604	25.932111890511194	1.132346059676336E-4
167.0	27.01157527723706	23.07309908740795	26.234218748053706	23.68062562210604	4.812651952407968E-4
168.0	25.77133087540226	23.62328823162872	24.318258192608145	26.28698114708546	1.4155327541539518E-4
169.0	26.70006690050228	22.20335091394353	25.728947929439368	25.367407762666577	2.264934482523341E-4
170.0	30.997836643204113	22.96131014314508	23.048342714674444	22.992368936563334	1.4156241302759249E-4
171.0	25.66780873793527	23.28908031315838	26.80148034181162	24.240752889319506	8.777177752289358E-4
172.0	27.31872931507175	24.286190360373954	23.917942364063798	24.477024705686155	1.1325480433958433E-4
173.0	28.51854158939235	20.23302631243647	22.925938405171316	28.320540009456963	0.001953683542906005
174.0	24.392726622002993	25.353559120759268	23.933065079455417	26.320167827146417	4.8135063590666214E-4
175.0	25.789149690818796	24.3552047153885	22.8774267425457	26.976803056756935	0.0014157944900676353
176.0	24.431930322638376	24.17489905781632	28.015388462108064	23.376621170122302	0.0011609873149393299
177.0	22.840509592669097	26.025945206270844	23.906201237336223	27.203187417979606	0.02415654574422834
178.0	25.21637436836241	23.23169082782221	23.498744865842937	28.05290677177796	2.831661944870374E-4
179.0	28.57398128878406	23.781090610664606	23.32040401546081	24.323646209232933	8.778758575926774E-4
180.0	26.09702823875708	22.21354273849381	25.84406165776562	25.845197055346375	1.703096371127407E-4
181.0	27.65851595024284	22.237520056493643	26.07540331888773	24.027849955253124	7.10719122665572E-4
182.0	25.854607786061873	22.950866249743935	25.584377984183988	25.61009115532261	5.682468759917683E-5
183.0	24.190517428998913	23.679464165469085	26.26325650060774	25.866335719404	4.26185520261712E-4
184.0	26.230632148048638	21.52188440831802	26.680242489541108	25.563490412820943	0.003750541271297108
185.0	24.930846133107806	23.91077510568745	24.387245745726833	26.770508024178074	6.249912998370193E-4
186.0	27.441149806510378	22.945843645156426	25.540374569545605	24.07263197878759	0.0
187.0	25.019827544487434	22.719291503334958	27.458088869531057	24.802137332433762	6.547502127938192E-4
188.0	27.50444706118154	27.534654051665626	22.494015542507302	22.466484760416712	3.9858422881923407E-4
189.0	25.535652103102368	23.294499249883476	24.62987465409079	26.53914828105296	8.25711870405376E-4
190.0	28.504739428261615	21.556710260446447	25.340792342195606	24.59761559261647	1.4237647986113167E-4
191.0	27.0279344269777	23.687184621660094	24.599810024217632	24.684728628437604	3.422987069666344E-4
192.0	27.028725700896317	23.06794719380426	24.305708308334182	25.597590267263392	2.8529701844644933E-5
193.0	27.43791140231962	24.411371360563415	22.028979386976484	26.121509580614667	2.282695258185674E-4
194.0	28.016698721058308	22.834901810835337	23.991485136083735	25.156914332022623	0.0
195.0	26.36550286911002	21.37145913351907	24.758624311262334	27.503643110454313	7.705756542615403E-4
196.0	28.72888371050965	22.17857415705807	25.66614008577708	23.426316206626105	8.584002909404719E-5
197.0	24.770775320033085	24.218884599203815	24.03320387960517	26.97639210456274	7.440965951856951E-4
198.0	27.613886077665434	23.162885774139287	23.606710364113866	25.61643179933683	8.598474458661545E-5
199.0	26.07302253020687	23.359106452736473	25.498791265872985	25.068505462490474	5.742886932032071E-4
200.0	27.88445440711983	23.633020525619187	23.710439932332683	24.772085134928297	0.0
201.0	25.437997940319818	21.191932210905275	28.623925718260335	24.745856946997986	2.8718351658513523E-4
202.0	25.272850874837406	24.758526150057712	28.217581071195834	21.751041903909048	0.0
203.0	26.289848360615704	24.046859908100476	22.62234260468553	27.04011597473884	8.331518594513034E-4
204.0	25.793349907756525	23.545028348239875	24.795637821749576	25.865897726825427	8.619542859671256E-5
205.0	27.01063972529965	24.405888094259158	25.30278438373002	23.27971091069624	9.768860149285423E-4
206.0	26.095443401420436	21.4721216809404	25.584818847534464	26.847558599699084	5.747040561462874E-5
207.0	26.4355738472902	22.908424129378258	26.42468119594989	24.231004681828242	3.161455534127913E-4
208.0	28.49810725887565	22.343227597197554	22.05485370457831	27.103782693944524	2.874540396922287E-5
209.0	27.598424721454112	20.99759016192663	24.935757776485936	26.467537336390052	6.900037432703072E-4
210.0	25.117784995118946	24.31053544907821	24.301046514469906	26.270374252207258	2.587891256809389E-4
211.0	25.215863683389	25.418202181459236	25.39021705585549	23.974825466866964	8.916124293073581E-4
212.0	28.002621916076244	22.505460646656815	25.020940511682234	24.47077550534181	2.0142024290705805E-4
213.0	29.963848196397258	22.97762803056018	22.44224621978005	24.615989651664975	2.879015975371746E-4
214.0	28.0420280359776	24.336166664649856	24.223340495893485	23.398407180308087	5.7623170968524494E-5
215.0	26.55982854771751	24.849925832796487	23.08126109367822	25.5085513904943	4.3313531349323345E-4
216.0	26.506449274052002	24.09496383238479	25.6375923876809	23.760994505882305	0.0
217.0	29.11577269923116	23.032714684884304	25.21871951615572	22.632146500561216	6.465991675917444E-4
218.0	24.45115305177356	24.631021652465265	24.559169145311163	26.358478150845173	1.7799960484087725E-4
219.0	26.20268771431844	23.026162137850996	24.341132005056174	26.4293901581654	6.279846089943545E-4
220.0	27.41001894179999	21.77024590703051	25.179289377665615	25.640235542649382	2.102308545013279E-4
221.0	26.308403644791227	22.496684410260254	23.949378168246987	27.245231535157338	3.0224154418831824E-4
222.0	25.39429342063711	24.799958504261703	23.94117979096522	25.864324191557753	2.440925782126016E-4
223.0	30.852150900463656	22.510913356913456	23.792812931226283	22.843290789268515	8.320221280907311E-4
224.0	29.833559821415612	22.72668183997868	24.845788942749927	22.59390764041412	6.1755441657936E-5
225.0	30.29341614976247	19.518039674524974	24.169137489945708	26.01835119849028	0.0010554872765665372
226.0	25.342823318691416	22.504288229163468	25.62910217610787	26.52366093503137	1.2534100587410625E-4
227.0	27.171426782664128	23.745572469216764	25.249968538524342	23.831198274330156	0.001833935264614725
228.0	27.364831275544997	27.611232223920233	23.161466792413634	21.862406178161514	6.352995961718118E-5
229.0	27.336492660343957	25.937176117485727	21.939947599271143	24.786351604856367	3.201804280748287E-5
230.0	26.058102292095153	22.804949588362504	27.074337401414482	24.062578450549612	3.226757824726387E-5
231.0	24.519998395183464	25.2911257885863	24.140517996941064	26.046596435284957	0.0017613840042194932
232.0	25.88348696138956	24.554552927279808	24.361081212890337	25.200780572988297	9.832545200210287E-5
233.0	23.2429302555169	25.230493583523444	22.25672990942477	29.269250340083353	5.959114515310455E-4
234.0	27.416123312109438	21.223291362257186	26.400350754922087	24.95926099751638	9.735731949113679E-4
235.0	26.109055448525186	21.771607392230617	27.258187823002356	24.86077557940804	3.7375683380392715E-4
236.0	28.887291283660122	23.605122003429077	23.816290388190538	23.691193080725103	1.0324399515716833E-4
237.0	27.6875418358482	24.46051512238907	22.18968178181895	25.662018104001966	2.4315594181069893E-4
238.0	27.124956050910626	22.652134167780044	24.05055903241685	26.172315589620982	3.515927149989452E-5
239.0	28.247223477519846	22.886301373277796	24.129313104701794	24.735844427137362	0.0013176173632054994
240.0	25.37343365405102	21.745939634619553	26.394794430720896	26.485501100071353	3.3118053718219086E-4
241.0	29.340041116178995	21.7275426819833	23.77075151238275	25.158275183659633	0.003389505795318061
242.0	27.407191933033186	23.738835050374245	20.87928638824862	27.97394832782315	7.383005207971874E-4
243.0	27.928607303183373	22.783078426339806	24.97564594642774	24.309672609031082	0.002995715018000179
244.0	26.339492657093512	22.8548867669831	26.133654867646854	24.670965236572652	0.0010004717038811263
245.0	29.18503024768226	20.41622920274545	23.640024169920334	26.756785162907416	0.001931216744540506
246.0	24.034544735491988	26.47304917598536	23.698443046314992	25.791358756371665	0.0026042858359962154
247.0	25.82339779959728	23.035703761066735	24.73438720492752	26.27270699370557	0.1338042407028994
248.0	25.639675510110337	22.94436894723025	24.356197972741086	27.04844232380052	0.011315246117806276
249.0	26.28163335768673	21.345520766356813	27.743511180530568	24.611996475435713	0.01733821999018125
250.0	27.41666935537726	22.38171486711892	24.524417118807744	25.67622321950458	9.75439191495971E-4
