# Position (bp)	A	C	G	T	N
0.0	23.91505537021069	22.577186480007587	26.313829234929507	27.193703190389556	2.2572446266291664E-4
1.0	23.51305168963734	31.065494525260245	24.43217842930054	20.910807833262133	0.07846752253973964
2.0	23.707943076144463	23.62612005020857	21.787220001382295	30.877602117142928	0.0011147551217424068
3.0	25.039250138628148	21.20086495057266	24.48674180423701	29.264680665326036	0.008462441236139968
4.0	25.96219311946814	22.9845007809684	24.73066602587208	26.32241757557149	2.2249811989088694E-4
5.0	29.41958253324799	23.23647855771282	23.86476779745395	23.478282127871417	8.889837138183629E-4
6.0	28.92125780716658	22.92208409094424	24.265568489866975	23.885345393247007	0.0057442187751999985
7.0	27.546624609853204	24.432508740391086	21.790649711594668	26.22955520508211	6.617330789337274E-4
8.0	29.001388490952767	24.202940074493643	25.630881801952704	21.164789632600886	0.0
9.0	27.315478215073348	25.16189201347363	20.91067686332167	26.611733467923326	2.1944020802931721E-4
10.0	26.09065516046849	22.513823662250985	23.220902342019986	28.174618835260535	0.0
11.0	25.692554421900326	20.976133046121568	23.374652271681693	29.956445281428834	2.1497886757731714E-4
12.0	29.826803860164887	25.61364265780448	18.938880722609234	25.620672759421403	0.0
13.0	27.2084500151827	24.17212119167313	24.834466412497047	23.78496238064712	0.0
14.0	23.519484408076437	23.943700310100567	23.00586071228907	29.53095456953393	0.0
15.0	23.666055135438572	27.134291444122184	20.732535766441174	28.46711765399807	0.0
16.0	27.10793478479384	23.926783668053798	17.74701968116117	31.21826186599119	0.0
17.0	24.827615785461827	27.55730057139738	19.712722218214925	27.90041192857825	0.0019494963476185928
18.0	25.824300456959175	24.054431844839385	21.476887404250864	28.64399254751348	3.8774643709492613E-4
19.0	24.50728181141703	24.42745730935377	24.583240720160035	26.481633599737144	3.865593320254743E-4
20.0	21.47415498408876	24.487065546668198	24.88193190179945	29.15646531540571	3.8225203788117695E-4
21.0	24.448459993051465	23.13918974033625	22.671485324995093	29.740864941617197	0.0
22.0	23.515921909699962	25.193320882000393	24.79766583967515	26.493091368624498	0.0
23.0	23.104196842877307	25.895335080328614	23.798387899293463	27.20189589529822	1.8428220239345724E-4
24.0	29.52017579781788	21.370513645537777	20.79865884693012	28.310651709714218	0.0
25.0	26.15236165215399	25.210171287809345	18.734425126031166	29.90286291246563	1.7902153987167736E-4
26.0	26.02844146755973	25.413625912226333	20.61631510546836	27.941617514745577	0.0
27.0	24.431094574395598	24.692047274712024	21.08026926465919	29.796410518016973	1.7836821621081695E-4
28.0	27.718896548781746	25.51242075921824	22.200396070581625	24.566508925809654	0.0017776956087363072
29.0	28.22159647620645	22.012234413480805	23.217315314201983	26.54867725334769	1.7654276307078483E-4
30.0	23.757045923096662	22.170065759039467	26.697436846359164	27.375276905432322	1.7456607238556756E-4
31.0	27.84715480595444	21.034340321773854	22.628394947686914	28.489935634772213	1.7428981258616453E-4
32.0	21.820088083241078	23.667456449838422	24.208751073449836	30.303531951730108	1.724417405579525E-4
33.0	26.748810824022467	24.82254229842976	23.386643284809143	25.041832672727487	1.709200111439847E-4
34.0	30.076575658788375	26.424884542243955	20.521427601195327	22.977112197772346	0.0
35.0	26.97498005070656	23.18074228206449	24.34217836183473	25.501930956926362	1.68348467860594E-4
36.0	23.98516846144658	23.0551690839136	26.50834694629455	26.450810805354564	5.047029907016885E-4
37.0	24.04880633035932	26.65209091902892	20.26051345874082	29.038421110167423	1.6818170351247486E-4
38.0	25.2961522487393	24.281373641987454	20.528290211548132	29.894183897725114	0.0
39.0	22.530991839740164	24.92325589996537	22.12415564678549	30.42075604286238	8.405706466005641E-4
40.0	25.57424555941981	24.86540003462703	23.827261556770676	25.733092849182484	0.0
41.0	22.373248846570807	25.382669568798168	21.324111502357283	30.915432000201694	0.004538082072054659
42.0	24.31861036512199	25.573496640528106	19.709630037947413	30.39826295640249	0.0
43.0	24.564227776162717	25.91275649352286	25.547099360940223	23.972891632064233	0.0030247373099666778
44.0	30.374623209299045	24.308670974766365	21.517647414636112	23.798890378689354	1.680226091222835E-4
45.0	27.040031180909757	24.216949243661336	22.619767621582028	26.120227943202362	0.0030240106445174686
46.0	25.28884693044492	25.296742135871447	23.49949101122463	25.914919922459	0.0
47.0	27.50772641762967	21.358169846815372	22.323636119322764	28.8086199946251	0.001847621607094867
48.0	20.12806755034284	24.51403688197667	24.22031783457354	31.13757773310696	0.0
49.0	18.333879079452238	25.662157964115096	24.574863773372627	31.42775580799812	0.0013433750619211943
50.0	25.03819921351597	23.67545276562306	22.169480255624098	29.11686776523687	0.0
51.0	24.58466461720307	28.6413936800184	21.348448547102684	25.423478390807297	0.002014764868544987
52.0	20.164258228434395	27.189200709525736	22.318846903208808	30.327694158831058	0.0
53.0	23.640123610676564	22.69982582740349	24.003359640478315	29.654850480940564	0.0018404405010682922
54.0	22.164041274642326	33.61343834901431	20.04895006624821	24.173570310095158	0.0
55.0	26.14273373890349	27.739227634465554	21.17229936892125	24.944068411141874	0.0016708465678305225
56.0	27.529554066064783	23.762538341764625	24.562118670685173	24.145788921485423	0.0
57.0	24.297808648471666	29.620664655394187	23.329257332625044	22.74759198564713	0.004677377861970579
58.0	25.383951134858503	25.921942045300806	23.688302664566592	25.005637129223047	1.6702605105318276E-4
59.0	28.974719124580588	22.139513288451166	24.468019366917577	24.415744054727075	0.0020041653235975438
60.0	20.529741608194264	24.271196176723027	25.723961272956192	29.475100942126513	0.0
61.0	27.014526632158958	25.83887126398397	22.404408081482718	24.735348138253464	0.006845884120888295
62.0	26.270234169553785	20.250615686438202	24.899611804483033	28.579538339524984	0.0
63.0	26.51704114785245	23.07926045391861	25.044159729665655	25.357201291567744	0.00233737699553561
64.0	21.606955128739965	22.574632469504564	24.6831978907671	31.13521451098837	0.0
65.0	20.85299516102119	27.416819622893374	24.35441348239613	27.37143333889538	0.004338394793926247
66.0	23.661382441422184	24.07984903167031	22.55681751819946	29.700616187048563	0.0013348216594836575
67.0	24.93643304280509	27.952776925027695	21.70970088493213	25.400088092791073	0.0010010544440143617
68.0	23.50374876125713	20.494896546201353	27.017774500415413	28.983413358069264	1.6683405683702647E-4
69.0	23.09775083330275	22.963287967408604	26.85103316194601	27.08509197193296	0.00283606540967799
70.0	26.313797478695967	23.021696686557657	24.86040458910014	25.803434322214052	6.66923432188059E-4
71.0	22.748966591449168	23.555890595150135	26.084330131597337	27.609647809040744	0.0011648727626122437
72.0	24.897875647064893	27.695292545712608	21.423401327491792	25.982099327268827	0.0013311524618832811
73.0	23.539619238710344	23.60783217620899	24.207939653178805	28.640449606444623	0.004159325457234647
74.0	24.753662825420435	25.53239273540318	24.072752438417787	25.64019384236084	9.9815839775614E-4
75.0	24.552178223751188	24.742153137746783	21.25007485876646	29.453597545963284	0.0019962337722829594
76.0	27.25627445239933	23.100364623532858	24.79689537699944	24.845633832805472	8.317142629015517E-4
77.0	25.643669920708717	24.547364359008053	22.479503527106576	27.328963192010658	4.990011659993912E-4
78.0	24.204169140773786	31.991743551104655	18.669154911539234	25.13493239658232	0.0
79.0	26.21719482601761	21.290535045131804	24.22597336500127	28.26396823891996	0.0023285249293542166
80.0	22.427124236814837	25.36610435034253	31.264854148683686	20.940087781885797	0.0018294822731483563
81.0	24.186321892223617	26.32076130667474	22.348581863418495	27.144002315053502	3.3262262964798547E-4
82.0	21.22616642136686	24.45830319056053	24.63076142722911	29.683604826169745	0.0011641346737512577
83.0	22.657819463846206	23.78001729528371	25.42656156455797	28.13460387148274	9.97804829375374E-4
84.0	22.448232969927563	27.78890093589735	22.62217551234892	27.14002540957981	6.651722463531932E-4
85.0	26.34862672127522	28.326939609658595	20.428154999160252	24.895779809801272	4.988601046608499E-4
86.0	26.200595267787367	22.54102858283035	24.623301907184782	26.633910310769693	0.00116393142781131
87.0	20.849959432318478	25.7794315204235	24.81744543314313	28.552332309165635	8.313049492571459E-4
88.0	27.719294162241603	27.1229497022434	22.838646180037173	22.318777452294107	3.325031837179841E-4
89.0	26.022619401880903	25.676828163366412	24.480689720524207	23.819363976865233	4.987373632420588E-4
90.0	20.39930844166639	24.73900322505569	26.502476975762214	28.35921135751571	0.0
91.0	28.213976993151142	23.891049936830907	25.611576567590934	22.283230267969945	1.6623445707826317E-4
92.0	27.339474856546342	22.96521872111811	22.53070207517437	27.16460434716118	0.0
93.0	23.99416236018836	28.05042444229097	21.604420117251454	26.350826860456806	1.662198124043197E-4
94.0	27.44515307606515	23.29458852548664	20.70860945865309	28.546994908822548	0.004654030972576122
95.0	23.174791538897505	28.479850283626767	22.592081054263875	25.751282677742488	0.0019944454693678107
96.0	25.861521662896774	24.89758134077451	23.258051810130347	25.98184800655479	9.971796435747562E-4
97.0	25.298271446543808	25.925310403395617	24.788729585502818	23.98735618239139	3.3238216636724576E-4
98.0	28.289250649773663	21.4186004772762	25.446532435504565	24.845616437445575	0.0
99.0	20.089681032577904	21.78029642256081	30.478260074994473	27.65176246986681	0.0
100.0	20.81512159708413	25.814398942099555	23.417177924302308	29.95330153651401	0.0
101.0	23.048605654462786	20.547305749318483	30.76630446519494	25.637618008960622	1.6612206316957574E-4
102.0	23.57095156933688	25.67552751447737	25.66290238448837	25.090618531697384	0.0
103.0	27.79952858787318	24.745980621938436	24.418085083410713	23.036239599615296	1.6610716237473443E-4
104.0	24.612691204390412	28.836005640830574	23.52571843352341	23.02541861905956	1.661021960371338E-4
105.0	27.26958642076816	23.385605868077874	20.38329870091041	28.95934967452167	0.0021593357218908475
106.0	26.83041075548513	23.318998666194936	24.97637188412008	24.87421869419986	0.0
107.0	25.10572422338789	25.030479803600436	22.30656536630578	27.557064504233953	1.6610247193698738E-4
108.0	22.65100782609851	26.601427033921954	25.089687886156177	25.657711165145297	1.6608867806699353E-4
109.0	24.77035880657992	26.729221852242436	24.37177709317678	24.128310096573028	3.321514278359504E-4
110.0	26.42617059577662	25.95404635220502	20.703553137641737	26.916229914376622	0.0
111.0	27.10153110365671	21.79448005579727	25.27682752665316	25.826829187286194	3.321266066624597E-4
112.0	25.930729388945995	23.642245208730152	24.45976263266184	25.967262769662014	0.0
113.0	28.87792176737451	21.57607720971631	23.17321040710457	26.3726245591195	1.6605668511002916E-4
114.0	25.781259081270207	23.33905124700889	26.76016811662551	24.119355497583033	1.6605751235883036E-4
115.0	26.01718360284423	22.41374156844381	28.131922511051112	23.43698626042424	1.6605723660831416E-4
116.0	25.090003321155763	25.599634672866156	26.06459647957489	23.24576552640319	0.0
117.0	25.31559387443997	27.314936283415086	22.237702549659748	25.13126911746635	4.981750188476215E-4
118.0	29.52222963929766	21.24643399190321	26.098363704596707	23.132640556347077	3.321078553471025E-4
119.0	27.241614650014697	21.11153731831534	23.62128888379654	28.02522703836363	3.3210950978975807E-4
120.0	25.364739874794505	22.862456618123243	26.165291177496226	25.607512329586022	0.0
121.0	27.78557302243868	22.499954335549027	26.11060096078005	23.603539576134263	3.3210509797930655E-4
122.0	30.328984948921985	20.881378110179735	23.875818643144655	24.912988030872643	8.302668809862242E-4
123.0	26.025452407916017	27.345397544427136	22.447369906778565	24.1814480374347	3.3210344358060653E-4
124.0	22.59823587236643	25.091826297191744	21.075048486941736	31.234889343500093	0.0
125.0	25.96067309384724	23.40502196820505	26.11393577911576	24.519871013592724	4.981452392259487E-4
126.0	25.81698261089044	23.552678773064812	26.886864513729293	23.74330804893925	1.6605337619724484E-4
127.0	27.028566304910935	21.104594784872678	25.58945816341441	26.277048657695833	3.320891061489619E-4
128.0	26.672865539800085	20.4572775877528	24.867997210507088	27.99272739348454	0.009132268455484342
129.0	21.77042549588053	29.49430646462835	24.343724159917112	24.389219309868462	0.0023245697055434343
130.0	27.465650502685694	25.173470150183057	22.757590097382383	24.603289249748865	0.0
131.0	27.12584553976735	23.05114913710944	24.12822650005479	25.694280714221673	4.981088467451907E-4
132.0	23.264412931333627	28.71777502162583	22.13057186832235	25.881262981724717	0.005977196993469912
133.0	28.786135421388288	24.891620716507024	23.244886540048448	23.07619507772924	0.0011622443270024223
134.0	25.192099513192932	23.539412776526998	21.5055155970858	29.762972113194262	0.0
135.0	26.432508716586415	22.15175161879462	28.437987713763906	22.977419890420055	3.3206043499916984E-4
136.0	27.265285927283717	27.943369097073482	24.766473070933078	20.019392780174204	0.00547912453551967
137.0	28.985569810669144	21.414493947157382	24.204396965525945	25.395373240640968	1.6603600656838442E-4
138.0	26.00518343757212	21.944768662948714	27.877662903887245	24.171554848639307	8.301469526135517E-4
139.0	28.555205235868087	23.694727107604592	24.806452523380933	22.942951019994787	6.641131515987694E-4
140.0	27.973136756819578	19.0509870332553	27.199282761368732	25.77659344855639	0.0
141.0	23.56186627394399	23.167870680451806	27.673500019093762	25.59659699381196	1.6603269847963856E-4
142.0	27.29168499926116	21.76999055283357	24.461187752886033	26.47663860188578	4.980931334540933E-4
143.0	25.902657291571547	23.78064269763658	25.900664945501035	24.41570300761242	3.3205767841874135E-4
144.0	29.08931221920792	24.26176379762051	23.31890010858124	23.32935976915695	6.641054333786032E-4
145.0	29.789395914098105	21.62406714094784	21.563799672928617	27.021907141611944	8.301304134879589E-4
146.0	26.00752426459113	24.243671947376637	23.560311994660626	26.184175136721798	0.004316656649809569
147.0	26.763991479513145	23.117880570401102	26.064853323770198	24.04978806700171	0.003486559313845127
148.0	25.9797679272004	23.70619165182107	25.29938852187657	25.013987790360794	6.641087411652784E-4
149.0	26.804383883698573	26.1205020114661	21.769492459700114	25.304293396779332	0.001328248355877582
150.0	23.605073967689982	27.222600408441117	24.06847199853891	25.103853625329993	0.0
151.0	27.223913010993172	24.573497840716072	22.93074850195008	25.27167461143682	1.6603490385748893E-4
152.0	27.51892807332138	24.206515242080094	21.700205884306303	26.574350800292223	0.0
153.0	27.334281961834584	21.3529412741398	23.77592885618316	27.536681870181795	1.6603766066219139E-4
154.0	26.583545867538056	23.84849632050158	25.65105204431338	23.914747217130255	0.0021585505167237853
155.0	24.17386220767336	23.174043238018367	27.8876416064201	24.764120782117523	3.3216577064950037E-4
156.0	29.036592414448293	24.331165336858817	25.364894401520033	21.2671817595982	1.660875746563648E-4
157.0	24.102136536366295	23.69024208764051	27.14583720868433	25.061451994366347	3.3217294252079404E-4
158.0	28.081848228670133	21.642611569698882	25.36946303708748	24.906077164543508	0.0
159.0	27.702449086699595	20.810759638732307	25.616257710487595	25.87036747926431	1.660848161939339E-4
160.0	25.98209940824078	22.836292129419718	26.237703515843634	24.943904946495866	0.0
161.0	24.983183772714362	19.708784464961624	27.875076607257636	27.430297775939756	0.002657379126619133
162.0	27.879563977484683	18.64888162516879	25.545484894839383	27.926069502507143	0.0
163.0	23.115698910443793	22.39586101514749	31.622541854903	22.865898219505716	0.0
164.0	26.7935177080444	24.18767886179537	24.27869802730907	24.739441029380256	6.643734709029334E-4
165.0	27.582466863767728	20.364249410357772	26.85064611500515	25.202305418064647	3.3219280470385014E-4
166.0	25.884641193783924	23.542484702318074	23.80292732189246	26.769946782005544	0.0
167.0	23.451050350725954	23.870958097259802	26.81629202191892	25.861367324599648	3.32205495675515E-4
168.0	25.394080732981863	24.00130225203228	25.041442842098622	25.563174172887244	0.0
169.0	27.669003825498784	20.10355258109044	26.166876795019377	26.0605667983914	0.0
170.0	30.460875573893574	22.89195851355751	21.691183798760193	24.95581600855774	1.661052309859342E-4
171.0	26.634099021807923	25.21041345184368	25.508904056116897	22.64608515536627	4.983148652307447E-4
172.0	27.796897319204067	25.066770753745477	24.59356210344484	22.54260372720327	1.6609640235192507E-4
173.0	27.926018687987668	20.541506532159218	22.94061764031769	28.590362366259313	0.0014947732761111977
174.0	26.597039662150156	26.60833232308303	21.996276743263017	24.7983512715038	0.0
175.0	25.176878079073344	25.351223991325877	23.122253014108736	26.34848260941036	0.0011623060816835507
176.0	23.54928688837603	24.332464427435287	28.955320526656593	23.161931959687195	9.961978448919957E-4
177.0	24.467583444858814	24.279124754671617	25.357739425557984	25.86549861022094	0.030053764690645475
178.0	23.720942583906766	21.35535439840402	27.537783354411683	27.385919663277537	0.0
179.0	23.74296668824379	24.740161662434232	26.525087553320386	24.991452140284487	3.319557171073379E-4
180.0	28.84468604134899	20.92542182919306	25.911545157798287	24.31834697165966	0.0
181.0	27.74244105662989	22.551131948962055	25.37805115440992	24.32787670765652	4.991323416128297E-4
182.0	28.206561429600463	22.627632798164758	22.910272342082017	26.255533430152767	0.0
183.0	21.913179749261356	23.29896324096995	27.538329473768265	27.249361175437198	1.6636056323032287E-4
184.0	24.63237434847202	21.64528595694134	27.55358209377345	26.165596660716332	0.0031609400968578595
185.0	26.03959473932798	26.733434005441616	20.73684665686555	26.48962567271808	4.989256467739468E-4
186.0	27.216182460131748	24.861091015528203	21.546567147796498	26.37615937654355	0.0
187.0	24.86081577099577	23.102418960336237	25.800246920975304	26.236185570097938	3.3277759475010065E-4
188.0	33.41303436295749	25.972053058589406	22.059215036372954	18.55519837070463	4.991713755166424E-4
189.0	24.463668568557075	22.986749997088094	26.49684432619334	26.052071529715583	6.655784459076077E-4
190.0	32.451517899483356	20.823800530786446	23.559929783109677	23.16475178662052	0.0
191.0	24.603528554264585	25.090110928799884	23.685611872343685	26.62024941506941	4.992295224370388E-4
192.0	25.090614380477216	21.357534889448793	25.840658481139894	27.711192248934097	0.0
193.0	24.565406616304596	23.937961118350866	24.792252296334023	26.70388067551082	4.992934996979275E-4
194.0	25.41262144000639	22.75250701431486	26.377484964570634	25.45738658110811	0.0
195.0	26.868866073404906	22.045604709257912	24.389748676478177	26.69544768406565	3.328567933575098E-4
196.0	31.12478274707677	21.419013609239684	26.96719085096491	20.48901279271863	0.0
197.0	28.846926275614372	22.921975650202913	20.320497329188925	27.910267414438213	3.333305555787035E-4
198.0	28.67551052820757	22.72287283396444	23.84365256497062	24.75796407285737	0.0
199.0	25.43789515940187	24.6035861238417	24.23075636436624	25.727260562673536	5.017897166560733E-4
200.0	27.88204201793122	22.35263615683126	23.54509567777332	26.220226147464203	0.0
201.0	23.13225360735757	20.595142905892548	32.12898498844107	24.143283941613166	3.345566956504284E-4
202.0	24.989251485135263	26.580198977176344	27.410469471708403	21.020080065979986	0.0
203.0	23.869638910221983	23.718215783811278	24.914207504898243	27.497435845953323	5.019551151736012E-4
204.0	24.460568900253357	21.606361722564905	23.848092453821618	30.084976923360117	0.0
205.0	26.877416115806206	24.107271358045352	25.65760187432014	23.356706551752993	0.0010041000753075056
206.0	23.997844304562275	20.188556403737653	24.191488685109466	31.622110606590603	0.0
207.0	25.003473471881616	25.724616453375965	27.799660185642427	21.471747700394218	5.021887057760071E-4
208.0	29.5392141761708	21.92725738509654	20.23995285324904	28.293575585483623	0.0
209.0	25.661571025005987	19.815398114796785	26.30057755070942	28.22161603678641	8.372727013933892E-4
210.0	25.142987299880588	25.012686720897165	24.33874130980554	25.505082225024744	5.02444391966919E-4
211.0	29.228073584444214	26.06914203968682	24.051801250975753	20.650480590444474	5.025344487364609E-4
212.0	28.25787188839871	20.441861205450714	25.28118973458504	26.018574523447697	5.026481178341227E-4
213.0	33.22683224066341	18.59589540542217	22.957299543542796	25.219972810371623	0.0
214.0	29.65999788683144	25.255383129200133	22.881087309081092	22.20353167488734	0.0
215.0	25.258547166390212	21.998670328858562	24.13672108468931	28.60589353229153	1.678877703832542E-4
216.0	24.088206757234996	25.451642235343325	26.593934303813114	23.86621670360857	0.0
217.0	30.037520063521704	21.184523058992717	24.924772443029823	23.85267326192821	5.111725275436797E-4
218.0	24.38825700939398	23.677779267248937	29.10793280881034	22.82551532837683	5.155861699165782E-4
219.0	28.29380140525799	24.123537637116875	21.4384352825715	26.143530862696394	6.948123572377734E-4
220.0	26.645190579976102	23.223222004407702	23.994830432264223	26.136409098578365	3.4788477360528646E-4
221.0	23.86158860215962	20.76188565555884	24.214251523982487	31.162274218299054	0.0
222.0	24.777377870164116	22.243782972441817	24.859426862095667	28.119235083652754	1.772116456405049E-4
223.0	28.92630029021795	21.803334661127867	26.023231662209074	23.246422067945144	7.113184999715473E-4
224.0	29.947834629903518	24.281725034572236	22.268437192431662	23.50182516503016	1.779780624240256E-4
225.0	31.40999898264608	20.541089496802474	22.057660764229123	25.990536823749682	7.139325726381772E-4
226.0	24.892850015653693	21.39466163307378	25.824748213556646	27.887557053590555	1.8308412532474548E-4
227.0	28.860396547461338	23.741923103889825	23.459439313034846	23.936580451605046	0.0016605840089450124
228.0	27.534592435340937	26.796136736170933	22.657510237723567	23.01157453490687	1.8605585768959558E-4
229.0	30.541458345882777	24.89232576350822	22.70665170772845	21.85956418288055	0.0
230.0	27.794296475037072	20.78515909411464	26.410728512669206	25.00981591817908	0.0
231.0	23.999110710670887	24.738624994880738	25.95437711718142	25.306912079318366	9.750979485889357E-4
232.0	25.022312341464943	25.44565966241819	22.68988976920427	26.841746782325494	3.914445871042495E-4
233.0	23.77259199400832	23.577862309557126	25.741766363797623	26.90718804816997	5.912844669570531E-4
234.0	27.001667972910514	19.209220071943893	26.962882578726312	26.825023612869515	0.0012057635497678904
235.0	25.53392679952355	21.60787807090345	28.58560381160323	24.272185482872743	4.058350970250258E-4
236.0	30.47480336679511	22.111518819114167	24.44374326097677	22.969725591153388	2.089619605646988E-4
237.0	28.6423524115458	24.76149604824985	22.837897252392402	23.757833553167185	4.207346447632211E-4
238.0	27.887803490539202	20.055741644060095	28.3208307330472	23.735411864097372	2.1226825613136858E-4
239.0	27.113517774369605	24.439865310633778	26.337897235098062	22.10786287731444	8.568025841165937E-4
240.0	26.245850078630088	20.715096977109905	26.52061855670103	26.517779136816355	6.552507426175083E-4
241.0	28.604267641861036	21.616200941365854	23.881909327920773	25.895434900526677	0.002187188325663593
242.0	23.669884398905065	23.214685864679492	24.151445782603158	28.96266581133866	0.001318142473626166
243.0	24.652729675587835	26.223664738181157	22.765144768350847	26.355822069174796	0.0026387487053639164
244.0	28.097430925836157	22.467280659234127	24.67985722469484	24.753668532146477	0.001762658088397303
245.0	24.527468821484277	22.671956087160066	23.533040018992217	29.265094484048536	0.0024405883149068914
246.0	24.39092684899786	26.825663852511294	23.840688731007784	24.93983159513497	0.002888972348090056
247.0	27.881861535346076	19.257584490320916	25.50231323338622	27.21314904611112	0.1450916948356703
248.0	28.69815301196499	20.934833022568853	26.024464627427918	24.332524677373005	0.010024660665236482
249.0	23.43051469183447	19.771547761667044	32.84147023984788	23.93871078674869	0.017756519901912085
250.0	26.704059792916958	26.1138438013789	19.578616905391783	27.60325396879095	2.255315214130903E-4
