# Position (bp)	A	C	G	T	N
0.0	24.73735775584371	23.751570603289636	25.277413923820845	26.233479745001652	1.779720441513047E-4
1.0	23.240001597437	30.642214047683495	24.741237392450337	21.298006309876154	0.07854065255301494
2.0	24.674864583116797	26.02909975802539	21.632999127369935	27.662063502523903	9.730289639762563E-4
3.0	26.13569071242839	21.21826792030588	24.809046283186	27.828024104095185	0.00897097998455047
4.0	25.745485665231804	22.63870661195709	25.271707931416376	26.343967315562733	1.3247583199238352E-4
5.0	29.495565953084068	23.74740711265064	21.349554301303435	25.40667855431807	7.940786437842612E-4
6.0	26.408507899670596	23.15963052845981	23.504661974391606	26.922489420811146	0.00471017666684128
7.0	25.527465643234393	24.844196318349994	23.685893803085936	25.941785260220485	6.589751091921756E-4
8.0	28.32051682213738	24.97505400757972	22.2965151118059	24.40787015879831	4.3899678698251606E-5
9.0	25.75211701578396	27.125084463860855	22.329814352484608	24.792765207764674	2.1896010590662405E-4
10.0	25.00521758762375	22.673207501600277	23.839453188066358	28.482121722709607	0.0
11.0	26.124631893931173	23.040725762675063	23.29229318206492	27.542179527195742	1.696341331017262E-4
12.0	28.32020182547571	25.074420223273187	20.23654239511693	26.368752102000983	8.34541331911275E-5
13.0	26.1415950203905	23.8714402841409	24.206375762462677	25.78042470869687	1.642243090570117E-4
14.0	26.321826134446564	22.833973192364475	23.112267304959136	27.73193336822982	0.0
15.0	24.814016264838767	23.86423157459524	23.401985764979973	27.91976639558602	0.0
16.0	26.143533107525002	24.654731457800512	21.767792235364887	27.433864566111843	7.863319775659488E-5
17.0	28.18788640682966	26.822593498572218	19.01924862522188	25.968924685131462	0.001346784244779191
18.0	26.381176729182705	26.094895594392064	19.952177083695062	27.571559789521167	1.9080320900469031E-4
19.0	24.435258334694947	24.42786580781932	23.744530951751823	27.39185207060887	4.928351250417488E-4
20.0	22.04171341622735	26.730264812753717	25.191231163191546	26.036715633590408	7.49742369778185E-5
21.0	23.50889431461458	23.841051467421387	23.544667375675584	29.10520071814141	1.8612414703956517E-4
22.0	22.36893332621223	25.75383941051996	26.692351750594394	25.184838679379062	3.683329435143014E-5
23.0	24.38471668622272	25.09602243013654	23.525605248933207	26.993326038265415	3.295964421162728E-4
24.0	26.31316269300228	22.031666719259547	24.952276492032905	26.70285782475108	3.6270954183618806E-5
25.0	25.443904758086227	25.661632882173357	19.812650712825125	29.081632653061224	1.7899385406702675E-4
26.0	25.609755662799905	26.301872680272524	19.082914649002127	29.0053857071098	7.130081564568058E-5
27.0	24.575140352086994	23.473615513837576	21.757790367264995	30.193418221138156	3.554567227885438E-5
28.0	27.379903954931883	25.008745007580185	21.915218431052104	25.694120636982472	0.0020119694533620187
29.0	28.510536788211905	23.197943250793966	23.229761253217163	25.06126973737749	4.889703994783385E-4
30.0	24.012247262791387	23.608441581787158	25.807300237008114	26.571872640635412	1.3827777793141974E-4
31.0	26.32255944853579	25.321797658701623	23.510032758340426	24.845024672072206	5.854623499494437E-4
32.0	24.312810360201905	23.84827561758442	23.141247467351675	28.697359773772806	3.0678108919557904E-4
33.0	24.83878945690798	26.71549649612616	24.84461857676479	23.600994387197773	1.0108300329732756E-4
34.0	27.784033250385992	26.033431240224665	21.825053670168764	24.35738136464568	1.0047457490881932E-4
35.0	25.20677200021315	23.151877505318037	25.977262278809647	25.663724136744072	3.640789150977899E-4
36.0	24.0184083971283	24.541145769957197	26.107241676674587	25.33297269557765	2.314606622684732E-4
37.0	25.208008659797223	27.58856047397516	18.989613201232864	28.21381766499475	0.0
38.0	27.685009230594353	25.941390104049468	19.874046251770697	26.499422241122883	1.32172462594367E-4
39.0	23.033718629952705	27.024888567037515	22.783894715837686	27.157233793160863	2.6429401122985254E-4
40.0	25.324237966867823	26.466300821615356	23.226183873639105	24.983178240620692	9.909725702095808E-5
41.0	23.99422795991279	24.575230232595775	21.76497729794144	29.660445110296628	0.00511939925336039
42.0	24.958314027391705	25.83414052259629	21.053950846054338	28.15356157882587	3.302513179504471E-5
43.0	26.74873148241709	25.428733516536134	23.47191759968669	24.34625857483544	0.004358826524648173
44.0	29.30477067152323	24.295882533951232	22.663760302909843	23.73532235676958	2.64134846121642E-4
45.0	25.638220397566826	24.689398856303765	22.486090047096095	27.182032044886874	0.004258654146443561
46.0	25.519491472552964	24.450585633776132	22.513008123908836	27.516914769762067	0.0
47.0	25.501515794129247	23.648764838197025	22.95640090898139	27.891404118801294	0.0019143398910476553
48.0	21.78994515310079	25.1601488541281	22.089125056341643	30.960780936429465	0.0
49.0	21.05590324428337	27.4610268944783	22.142115237916755	29.3389089642102	0.002045659111365682
50.0	26.182917840913067	25.529573853307564	20.090583308204295	28.196892005402795	3.299217227720551E-5
51.0	24.77993143599109	28.12674840861827	20.903577573921396	26.18700450759535	0.0027380738738928944
52.0	22.858293319367373	27.80517749357518	20.185987633283023	29.150541553774428	0.0
53.0	22.324107724058287	24.06022442019749	25.21364168597126	28.40018789766996	0.0018382721030062643
54.0	22.84235651541997	29.697430016208052	22.86936993416341	24.59081071109953	3.28231090442764E-5
55.0	24.068983678202656	27.998874697206862	22.305071549957393	25.62543446010818	0.0016356145249112272
56.0	25.85855116832823	26.3260132925138	24.24264725122328	23.57278828793469	0.0
57.0	22.86019654219692	28.37061233673811	22.638000774447423	26.125565137307433	0.005625209310113864
58.0	24.093770683074474	25.718659174325126	23.134697337131822	27.05257850085152	2.943046170508323E-4
59.0	28.199947749415617	21.6132024605513	24.790319189599323	25.393424339159264	0.0031062612745022707
60.0	21.877774799102912	23.924898162012305	25.746310620574214	28.450983725537633	3.2692772935614857E-5
61.0	25.19430062400471	25.157619464683922	23.168336770966043	26.473433457859656	0.0063096824856618185
62.0	25.56674412431233	21.57939713803371	24.702537794928595	28.151124792243948	1.9615048141866489E-4
63.0	26.498365478914675	24.89486760379209	22.89650212487741	25.707518796992478	0.002745995423340961
64.0	24.48467885741339	22.7219298780458	24.08558802805765	28.70770542010342	9.781637974405367E-5
65.0	23.436561143625077	27.822343881073113	21.931228480168908	26.804617457646625	0.005249037486278331
66.0	23.590798542059243	25.700574439090545	23.11582674238917	27.592278651861225	5.216245998161273E-4
67.0	25.825071426429147	26.69490254579311	21.78336569418926	25.695682335927856	9.779976606295957E-4
68.0	23.07638896133023	21.527107695356914	27.615516414049218	27.780823936242342	1.629930212908004E-4
69.0	22.500583495995066	24.829743040098887	25.690252943883984	26.97629115602618	0.0031293639958848867
70.0	24.993103654672662	24.18053851348626	24.008097350372076	26.817870122299524	3.90359169471831E-4
71.0	23.57554948127101	22.973307182144588	26.680144188086295	26.769929503940993	0.0010696445571136712
72.0	26.544937401980434	27.15780781019232	22.34695335994615	23.948940213859686	0.0013612140214118965
73.0	23.02928291042205	22.900077873013515	23.71834403668684	30.347661038831834	0.004634141045753879
74.0	23.854560324388814	27.043590881003755	23.633347838893023	25.46765848836083	8.42467353579984E-4
75.0	26.053220250237825	25.226027947629948	20.965323372896865	27.75293356800149	0.002494861233874124
76.0	25.349353198432617	25.444998052758894	25.06744063830628	24.137268509968514	9.396005336931031E-4
77.0	23.04454698935158	27.217638012014017	23.12638564408738	26.610586993096845	8.423614501705944E-4
78.0	27.227468244976716	27.859247987398746	19.28987062786291	25.62305676946438	3.5637029724846494E-4
79.0	26.7016695650371	20.407238323800243	23.372744260060283	29.5153026183818	0.003045232720572037
80.0	23.21173052296303	25.02263632249414	29.055189864888288	22.708143212520973	0.0023000771335726063
81.0	25.551322250143105	24.88476291887938	21.853142492282704	27.710124438878264	6.47899816547167E-4
82.0	22.15052195955522	23.061979154012487	24.916899503551267	29.869530357880414	0.0010690250006074006
83.0	23.910228086974435	23.848227509079813	24.235812103912192	28.00466332455262	0.0010689754809417868
84.0	23.446318258779	27.45766587942926	23.967670035343083	25.127406453878265	9.39372570385729E-4
85.0	24.518437804073795	28.543063003766466	20.788994974158182	26.14879160830825	7.126096933057445E-4
86.0	26.1610148794659	24.89306335352546	23.542257385155256	25.40220681738531	0.001457564468076423
87.0	20.803082360379126	22.997605833061268	27.491397581995038	28.707007343148383	9.068814161860196E-4
88.0	26.18973668212941	26.63182232885537	24.523478634308372	22.65428222294266	6.801317641937831E-4
89.0	26.0493998687066	26.960810508394324	23.479041797871	23.509873399355712	8.744256723604733E-4
90.0	22.504922534846365	27.00926861495414	24.156627286387895	26.329084408518575	9.715529302036374E-5
91.0	26.49135794792877	25.735672251000995	23.49070119601389	24.281653304938853	6.153001174899383E-4
92.0	26.45711491505884	24.079798705966933	21.560125905920298	27.902960473053927	0.0
93.0	25.280617804427774	27.794560857382393	21.90093122074857	25.023533911013807	3.5620642745354177E-4
94.0	27.47778758591747	23.530489893910183	23.583952530618774	25.404434646379144	0.0033353431744306767
95.0	23.049909721340736	28.698413582469616	22.729239146484574	25.519911819639557	0.0025257300655135524
96.0	25.732389905948683	24.25747511425328	23.828406049384874	26.180498485581456	0.0012304448317107652
97.0	25.070765301397692	26.451425311279902	24.094492319269207	24.38315517077249	1.618972807085143E-4
98.0	27.568345174660518	24.08025055715163	24.372303889587005	23.979100378600844	0.0
99.0	20.83083759147366	23.844992252138027	27.16737777772022	28.156727624284706	6.475438338609736E-5
100.0	22.038447442341138	25.651766253847917	24.657038402115596	27.652747901695353	0.0
101.0	23.509640039575444	22.936663748581967	26.97886935441261	26.57456785582935	2.590016006298919E-4
102.0	23.90744943508753	25.71485197764703	25.16843096564928	25.20920285293104	6.476868511796968E-5
103.0	27.292698525780622	25.985379241112994	23.860107024602705	22.86155614743813	2.5906106555054524E-4
104.0	24.99998380861524	27.86265301668166	23.51756538566907	23.619473961338862	3.2382769516933274E-4
105.0	27.113349675631614	22.969058128512128	20.50109904061058	29.413545971053466	0.0029471841922108187
106.0	25.801139166181137	23.877990618898163	24.295129994944453	26.025707833378732	3.238659751912185E-5
107.0	25.51056231972676	24.556251728647517	22.233402878671775	27.698973401984794	8.096709691502405E-4
108.0	23.401654288539994	25.88162983237553	24.807495140826962	25.90915597087281	6.476738469948258E-5
109.0	25.70485955269033	26.796806540801317	24.88891090917216	22.608645810867785	7.771864684063985E-4
110.0	25.67650665553606	24.940215615600252	21.925884525550803	27.45736082179121	3.2381521678943046E-5
111.0	25.889618868002735	23.560522061718927	24.59670524963213	25.9523442519326	8.095687136017906E-4
112.0	24.893543299947215	23.913073044677812	24.11002198755873	27.083264521017707	9.714679852725453E-5
113.0	28.857093822251294	23.03453814220674	21.67891767966893	26.42854367297243	9.066829006081251E-4
114.0	26.591170504620308	22.38716701250994	27.765580433819586	23.255725843430145	3.5620562001797865E-4
115.0	25.535514589839593	24.006657315679377	27.63151971463835	22.82553111006108	7.772697815969072E-4
116.0	25.825509354768712	25.76193514329297	24.7715311895794	23.64095953985614	6.477250277712105E-5
117.0	25.609560989133062	28.59173485627231	22.817916426197506	22.97984852224008	9.392061570469287E-4
118.0	27.378065743889724	23.100104316825192	25.16785098595755	24.35368747508266	2.914782448734644E-4
119.0	27.871508264088074	21.31348345757319	24.84003632623132	25.974453746239767	5.182058676450394E-4
120.0	25.13376933667704	25.028153016380735	24.923573102784662	24.9144397687388	6.477541876498539E-5
121.0	27.424208955978003	23.299418105640093	24.029393341283665	25.2460727150946	9.068820036391879E-4
122.0	26.83786949131462	22.65100301604411	25.42413120310103	25.086575235272168	4.2105426806517143E-4
123.0	24.317221651467904	27.362890489879945	22.790597797852783	25.528545129248865	7.449315505070068E-4
124.0	24.06929494367284	26.51318316643444	22.267058958418758	27.15036576541912	9.716605484440798E-5
125.0	27.155677509750614	23.194962393497907	24.96895544547721	24.67930343598603	0.001101215288236624
126.0	24.658339104066894	23.40075104828695	26.825684115335207	25.115160953262567	6.477904838282345E-5
127.0	25.11790531622528	22.852173406079803	27.697198483530826	24.331653945751082	0.0010688484130030268
128.0	27.970126899459274	21.795754643338604	24.95632142507788	25.270185267121125	0.007611765003112727
129.0	23.25181563712004	27.46232524634427	23.587832397146286	25.69504681367103	0.002979905718374293
130.0	26.676546041124112	24.871147043961596	23.680147963877122	24.772094168253844	6.478278332750288E-5
131.0	25.62603491569081	23.80238066239787	25.14278273443189	25.42815385293119	6.478345482390562E-4
132.0	25.2663578647318	27.95779346981083	22.139770665975643	24.63115444415652	0.004923555325213786
133.0	27.47103885035824	24.910848279952436	22.38677512905904	25.229620948492027	0.00171679213825813
134.0	26.7738396370255	22.525694335795468	21.687998577332753	29.01243505760474	3.239224153987533E-5
135.0	24.972628493835096	24.51132953609022	26.79693128164729	23.71846284212763	6.478462997610744E-4
136.0	27.619799758217184	27.003875522016358	23.57136285951589	21.79990852161339	0.005053338637179356
137.0	29.06320931138063	20.87503291966048	24.41701022428776	25.644456005242528	2.915394286021559E-4
138.0	25.709058587868842	24.488920676135464	27.368333424030638	22.43265077131581	0.0010365406492372357
139.0	26.642400433021727	25.25357587905711	23.075445484708677	25.027412076473293	0.0011661267391889522
140.0	26.050656988593886	22.464008479111246	24.929805034861015	26.555302748584765	2.2674884908762742E-4
141.0	25.782596597477927	25.797853817690147	23.88989145994105	24.529301799153437	3.5632573744040854E-4
142.0	27.294333807683696	23.3801496519793	23.286629312520226	26.03866047257736	2.267552394227589E-4
143.0	25.16568626784049	25.952596834022835	25.158138508828447	23.72338402641521	1.9436289301391735E-4
144.0	30.397632391609065	23.852760465915583	21.984472288116898	23.764551763412793	5.830909456666139E-4
145.0	28.414534593680557	23.230535993106532	21.860102754148066	26.493984411949544	8.422471153036301E-4
146.0	27.38138931748262	22.077286814347666	23.231104685534582	27.30655863405172	0.0036605485834162897
147.0	27.544053958709448	24.064830271144395	26.63587686628206	21.752096646758147	0.00314225710595529
148.0	24.815898253252474	23.433110454569015	24.46107396465039	27.289301819312705	6.155082154149173E-4
149.0	26.51242588751943	25.445581953453058	23.722310877518982	24.31760797858796	0.002073302920571117
150.0	25.25487840672082	25.84254847954137	23.307630056829705	25.594910660542457	3.239636564611636E-5
151.0	25.828547251328914	23.983583911507587	26.257577603209615	23.929643298664477	6.479352894067763E-4
152.0	26.099177366432198	24.243910593675	24.15520664327146	25.501608204564658	9.719205668759105E-5
153.0	26.81551666827575	23.61414119292098	24.67302654470457	24.896440857086763	8.747370119372445E-4
154.0	22.55511332066565	25.209235419612874	25.17259310016377	27.05994793615619	0.003110223401515262
155.0	26.86814119610801	23.17161200358718	24.669144518918245	25.290648699645946	4.5358174061344985E-4
156.0	25.72389896047808	23.3053783960227	25.418279191904137	25.552313855594416	1.295960006674194E-4
157.0	22.834470661343655	23.531933202742028	26.61781696524902	27.015455176359822	3.2399430547608695E-4
158.0	25.205766616932106	21.068531631666172	26.830936516345172	26.89473283469172	3.2400364828107965E-5
159.0	25.807737208255695	21.834153245286355	24.766460368330176	27.591163160372574	4.8601775520063303E-4
160.0	26.16872607327027	20.933432050922722	26.272897971483143	26.624911502489272	3.240183459187459E-5
161.0	25.15524820757783	20.931751705259597	28.116442717178185	25.79321991830048	0.0033374516839063863
162.0	25.793570814299148	22.626837505030597	25.2409340678925	26.338657612777755	0.0
163.0	24.990238226166607	24.350125096524096	28.24190534271198	22.41756931345485	1.6202114246292228E-4
164.0	25.97099546295753	25.90699532815218	23.019438866261105	25.100820465525636	0.0017498771035386078
165.0	26.358923639342635	21.391593804351032	28.093392956154933	24.15534426087134	7.453392800605864E-4
166.0	24.392896528860483	22.75119346650208	26.79483394523033	26.06097883859368	9.722081342062035E-5
167.0	26.133861970378565	24.305053908858074	25.75530573414988	23.805162637235142	6.157493783361869E-4
168.0	25.60544336739489	25.090663373941453	24.00905499434468	25.294773446893466	6.48174255166759E-5
169.0	26.622524283172417	21.817259607126303	25.867533957549416	25.692455282339484	2.268698123786652E-4
170.0	32.58780827170141	21.349347747948634	22.073665313297813	23.989113845362027	6.482169011537288E-5
171.0	25.689829859146162	24.010493542659674	26.645936280315276	23.652735561817455	0.0010047560614340268
172.0	28.166119527159978	24.307935235190044	23.548789297866982	23.977058708949546	9.723083345298127E-5
173.0	28.24042115606614	20.11144016629494	25.065287097947177	26.58116633318231	0.0016852465094331674
174.0	24.29567034552583	26.906737776441087	23.198624041421358	25.598416882781006	5.509538307171669E-4
175.0	25.088837867165186	25.80167991402076	23.148795162760308	25.95874241102277	0.0019446450309781953
176.0	23.609997374570938	25.263531493804315	28.911905510483887	22.213009811325648	0.0015558098152151716
177.0	22.472086765319414	25.41743831987985	23.42079474797128	28.664492368615807	0.025187798213643746
178.0	24.13849774922032	22.78913207459097	26.00518455680208	27.066926294299616	2.593250870116706E-4
179.0	26.482256494248567	24.540636082497958	23.60814605238971	25.367664579805655	0.001296791058106938
180.0	27.53719563217284	21.440469420394905	25.551801904385137	25.47024024090459	2.928021425308776E-4
181.0	27.102170335617025	21.719721053715936	26.55903224208031	24.618065788135393	0.0010105804513317494
182.0	26.874114691916862	23.238699434543843	25.781671005253575	24.105384466174506	1.304021112101805E-4
183.0	22.319227565340857	24.342613829945048	27.32270795534016	26.014961601598863	4.890477750771473E-4
184.0	26.73493662416831	21.740580682647405	26.95068899248828	24.570337489264553	0.0034562114314519153
185.0	25.477834503713265	26.811969824410408	23.116307728419695	24.593235921209633	6.520222469990676E-4
186.0	26.89619757916616	23.213726209398054	25.034551901210417	24.855524310225373	0.0
187.0	24.421239885733677	21.874437142897303	27.967300923878348	25.736106766249268	9.152812414090231E-4
188.0	28.106984247888576	27.815937141932455	23.008445694689854	21.06810986104732	5.230544417946651E-4
189.0	25.147867571597786	22.976909086331908	25.36482610459716	26.50935102393246	0.0010462135406841386
190.0	29.633175282931145	20.133280235722005	25.465208967218768	24.768139340687224	1.961734408625354E-4
191.0	26.73602832551183	23.008722208976526	25.272885864291467	24.981905725313048	4.578759071257592E-4
192.0	27.64786484591936	23.035209786424076	24.322396179688617	24.994431056810416	9.813115752569483E-5
193.0	27.9428930738599	24.972747960840817	21.457136762706387	25.626927762794065	2.9443979883872945E-4
194.0	28.415165023925404	22.332338145679113	24.644947036931004	24.607549793464482	0.0
195.0	26.511724257097192	20.967197213353597	25.570930020983624	26.94939582081581	7.526877497777935E-4
196.0	27.39879006466035	22.606463671074113	27.290398929288656	22.704281663280195	6.567169668082111E-5
197.0	25.054016818369167	24.87699863870064	23.874267829491096	26.193928506331112	7.882071079860159E-4
198.0	27.939506565370316	22.212655198086768	24.981288349010306	24.866484059384888	6.58281477209966E-5
199.0	24.656243554308816	23.497017449775175	25.88163854626459	25.96437440699641	7.260426550059816E-4
200.0	27.35806617170185	21.92976868453667	24.15110343928485	26.561028699487927	3.300498870404262E-5
201.0	24.752155958472777	19.66723956447444	31.26906381544659	24.311012543788394	5.281178178039739E-4
202.0	24.16591348277294	25.360587476835057	30.235772416766306	20.2377266236257	0.0
203.0	25.18649496450388	24.245666171371965	24.18943371305927	26.377447581310882	9.575697540036322E-4
204.0	24.738804713304365	23.202344367632985	24.970229780522647	27.08855509257333	6.60459666718843E-5
205.0	27.6787949361002	23.17407205099567	25.806087274134732	23.339955918418028	0.0010898203513712912
206.0	24.631145185614812	21.845486247586383	25.24760421903188	28.275698289147822	6.605861909741466E-5
207.0	26.680649435640337	23.005332899028396	27.562759761207168	22.750894515105255	3.633890188463456E-4
208.0	29.509371117396704	22.574215548917497	21.590677786883077	26.32570250337043	3.304343228739856E-5
209.0	27.67198776635105	19.220537829756758	25.20625444310887	27.900294571301753	9.253894815604579E-4
210.0	23.676293791197185	25.137237181748073	26.405600619058937	24.780570910642705	2.9749735309993896E-4
211.0	26.068437111896742	27.514578464476692	25.499582716666602	20.9164428149894	9.588919705692909E-4
212.0	30.22424755453363	21.35546864533518	25.827485748631428	22.592500338235347	2.9771326441602056E-4
213.0	30.706763621967013	19.602464289745708	24.645644972658907	25.044663679267607	4.634363607534284E-4
214.0	29.681295227644846	24.529294559728488	25.97247097910045	19.816872971982633	6.626154358916253E-5
215.0	25.76461164682751	23.99998406626839	23.49690968594947	26.73819584348694	2.987574676918695E-4
216.0	25.342423182609686	22.68235888576778	27.582162581845093	24.392988156923533	6.719285390560144E-5
217.0	29.172402395165864	22.72578717064695	25.799270175372186	22.301762914810194	7.77344004801958E-4
218.0	24.88837145549676	24.345841176585196	26.906863014864552	23.85868508188714	2.3927116635464566E-4
219.0	25.917325096175354	22.40896136139564	25.22790728502426	26.4450467965943	7.594608104413434E-4
220.0	28.38827318498234	21.603342401434634	24.52811688842632	25.479955708122624	3.1181703407952304E-4
221.0	24.63025435167371	22.37580464166858	24.55010967810832	28.443551224840995	2.801037083980344E-4
222.0	24.94541488579414	23.174344677836356	24.322985340402326	27.557148933670504	1.0616229667266131E-4
223.0	29.306030600814793	21.80130747186348	26.196374532988486	22.69536076650654	9.266278267049151E-4
224.0	30.22237897476689	20.784851415025233	25.94432092439215	23.04834148422743	1.0720158829873224E-4
225.0	30.331309671876895	19.278012902725735	26.764543556567666	23.624949671618527	0.0011841972111796828
226.0	25.007329506572155	22.118429529844477	26.805635325271666	26.06845995867797	1.4567963373226487E-4
227.0	26.81318939915115	22.95040315567814	27.260596785858866	22.974192815375694	0.001617843936155466
228.0	26.913852099396557	27.01718207718783	24.63866879319983	21.430260034162156	3.699605363095919E-5
229.0	27.711596128410793	25.655317619727153	22.23233710441988	24.400711869006557	3.727843561790498E-5
230.0	26.232316407436883	21.1793355810389	28.625458063590514	23.962852390193373	3.755774033104144E-5
231.0	24.016677940540482	26.091210928761992	25.19181199384672	24.698922564355723	0.001376572495087357
232.0	26.482027556052675	23.513389012397603	24.357202612324887	25.647188238067287	1.9258115755141532E-4
233.0	23.45779423713982	24.798542096381023	23.515493155822238	28.227623601475095	5.469091818238641E-4
234.0	27.397371146086673	20.382822387710327	28.099258477518262	24.119397418755877	0.0011505699288630385
235.0	26.161866209394013	21.656912866226975	28.821801102376547	23.359140152683466	2.796693189972177E-4
236.0	26.454288561937943	24.87313895126032	25.527158263731152	23.145251632812666	1.6259025791692615E-4
237.0	28.400673767331654	23.695274382664174	23.455823160320545	24.44802322270032	2.0546698330498574E-4
238.0	26.425033401425544	21.96147388625325	26.340479182391647	25.272971712808374	4.1817121183926334E-5
239.0	27.362410351195198	24.60596581121787	25.509346244998504	22.520960711489618	0.001316881098805589
240.0	26.586962024318662	21.022643171883335	26.48702832564197	25.903147517378915	2.1896077711807327E-4
241.0	29.23018023608432	20.830141118201347	24.287951472775138	25.64944675823701	0.002280414702184418
242.0	25.870779971599028	25.273040618666386	22.8293699468471	26.02588621145975	9.232514277423865E-4
243.0	27.087314686920948	23.66749054925848	24.902566386206296	24.339768183464294	0.0028601941499789008
244.0	25.733254836070813	21.50313437805252	25.948152117110862	26.814841274566227	6.173941995814949E-4
245.0	26.11103349855965	22.51753798053713	23.960099878511794	27.409737093867765	0.0015915485236619056
246.0	25.072663700921833	26.072838634104002	24.061815629283373	24.790024822797115	0.0026572128936826977
247.0	26.344144729599684	22.41109761684085	25.909753516500295	25.193092354075446	0.1419117829837252
248.0	26.63641045763368	21.40012806970689	23.905841658382723	28.0482434408713	0.009376373405405501
249.0	25.954459318156676	19.587917676322487	30.130687232121506	24.310965665159472	0.015970108239862103
250.0	24.633063670833852	22.90298631215859	25.14025087149753	27.322581697725013	0.0011174477850173494
