# Position (bp)	A	C	G	T	N
0.0	24.26955428430092	24.045825127744852	25.212720707688675	26.471899880265553	0.0
1.0	23.469189514328786	31.08546087300891	23.839247853157264	21.535396519097887	0.07070524040715757
2.0	25.028066301634084	26.166915834607103	21.473094516877946	27.33108554683209	8.378000487785807E-4
3.0	26.19900084812594	21.864258931361316	24.343911348520244	27.5872490960763	0.005579775916199205
4.0	26.06592361155628	23.73158969013357	23.75305077171634	26.44943592659381	0.0
5.0	28.701691348011604	23.798396810696342	22.477686567025675	25.021854079706607	3.7119455977253197E-4
6.0	26.794137832984	23.32279615326549	24.40016338340732	25.477715855507565	0.005186774835620917
7.0	26.664732203089102	25.634260705315278	22.794480494877675	24.905972132635203	5.544640827408268E-4
8.0	28.026695783074153	24.000823283034926	23.520697907735077	24.451783026155848	0.0
9.0	26.21422721950833	25.605420945920425	22.141148358415464	26.039111358396124	9.211775965923798E-5
10.0	23.958839465818574	24.48843809355537	23.677613852201954	27.87510858842411	0.0
11.0	27.251452253935692	23.10074897015485	22.35115236159624	27.29646742753944	1.7898677377235208E-4
12.0	28.37257236394941	24.983228728326612	19.380695934855872	27.263414586719627	8.838614847635537E-5
13.0	26.56403614789491	22.9479358104831	24.361639746255133	26.126126126126124	2.621692407316619E-4
14.0	26.91325539596293	21.874001826711073	22.54045785183612	28.672112268488544	1.7265700132773233E-4
15.0	24.953188981976375	23.456258200975306	24.53169823305969	27.05885458398863	0.0
16.0	25.523879715001375	24.66691961077945	22.04130935512682	27.767891319092357	0.0
17.0	28.087850853337525	27.554314330688968	18.694431850254304	25.66167497883216	0.00172798688704808
18.0	26.0559223497543	26.1361753057654	19.577067738230042	28.230589683698852	2.449225514072025E-4
19.0	25.331578348689447	25.055005768699523	22.282780025674775	27.3299858626237	6.499943125497652E-4
20.0	22.49131994082016	26.57334378188829	24.11667159295093	26.818584145633313	8.053870730542452E-5
21.0	24.35496628573668	24.03601839788669	22.918980998287694	28.689554456672912	4.798614160230526E-4
22.0	22.763744333714587	26.971954512776737	25.921645745302303	24.342576145602234	7.926260414115402E-5
23.0	25.878242330925026	24.059299617039756	22.967586560859093	27.094397725926804	4.737652493189624E-4
24.0	27.646778625381014	22.133785736018652	23.891304466850787	26.328052955517645	7.821623190174164E-5
25.0	26.01112893949984	24.545511541882135	20.060807447983546	29.382319862966515	2.3220766796161143E-4
26.0	26.526796906521128	25.571788482920265	19.645392582919342	28.255945029459507	7.69981797630304E-5
27.0	24.97161975541529	24.943354721566376	20.275553357164032	29.809395358697106	7.680715719813634E-5
28.0	27.356938780010935	23.76775598697774	22.19404264250608	26.678448857358177	0.0028137331470692688
29.0	28.202451541616135	23.77164770941476	22.128769623977863	25.89675426622961	3.768587616270349E-4
30.0	24.240429842807277	24.304373153393563	24.950619890712346	26.50450223801587	7.487507094412973E-5
31.0	26.818729888560828	24.507153300772487	23.115020664759914	25.558499975407965	5.961704988009521E-4
32.0	24.06646999415298	22.869085797645834	24.042624190128574	29.021524713998005	2.953040746056214E-4
33.0	23.919528396246807	25.312283607079916	24.937110950718285	25.83100377004554	7.327590944563111E-5
34.0	26.71046330006128	26.77305764648169	22.513876293191917	24.00260276026511	0.0
35.0	25.94224898852595	22.830558212751807	25.46841631343351	25.758272637692553	5.038475961791078E-4
36.0	24.05614690060969	23.61558025438823	25.874931419872887	26.45326951936027	7.190576892793532E-5
37.0	24.767931822200627	26.01377529676118	21.433941974689223	27.78435090634897	0.0
38.0	27.600560267168962	24.85276457639677	20.346480255900374	27.200051168576746	1.4373195714775428E-4
39.0	23.460563745619652	27.389854475770033	21.64871415155415	27.500652067539104	2.1555951706045797E-4
40.0	26.555714325740382	25.249775674252433	22.874976022828424	25.31953397717876	0.0
41.0	24.96826725187577	23.674318203858213	22.020623592499074	29.33090054917229	0.005890402594650509
42.0	24.325966616699695	25.625802206926473	21.088121196363016	28.960109980010817	0.0
43.0	25.60001953443411	25.91917771523248	22.87417598083327	25.602102249835358	0.004524519664783366
44.0	29.224123012051738	24.60039969007144	23.061959141994816	23.113446346670457	7.180921154203819E-5
45.0	25.291012204814578	24.240618432795262	21.39586778105572	29.067762962814047	0.004738618520387906
46.0	25.29040946999419	25.12005122951555	21.587971401639834	28.00156789885042	0.0
47.0	26.389858966471962	23.801193476580192	22.20637396604485	27.600420078488348	0.0021535124146401514
48.0	22.010847335025925	24.245472981409694	22.224693976844286	31.518985706720095	0.0
49.0	22.055648397760404	26.19307814124564	23.369542989129926	28.379577840235985	0.0021526316280424756
50.0	27.797408885154795	24.210357141063437	20.01925721948423	27.972905006087835	7.174820970279738E-5
51.0	25.192541664753687	27.260642876819247	20.822548895826635	26.721325352371334	0.0029412102290987557
52.0	22.81597655070352	26.4236101668959	21.74648883138519	29.013924451015388	0.0
53.0	22.888183515261147	24.542572822920974	24.1162766274377	28.451323861513387	0.0016431728667865469
54.0	22.974863228702755	27.912274911379058	22.999795682470555	26.11299473775202	7.143969560974494E-5
55.0	24.210380774748717	27.526934751513245	23.085025938751905	25.17587678255422	0.0017817524319138944
56.0	27.213113352222518	24.33092087635184	24.320231573066376	24.135734198359263	0.0
57.0	22.154949619177845	28.070964243546616	23.541571214704746	26.22617323079269	0.006341691778103491
58.0	25.35343927783893	25.22590688710534	22.122594963539274	27.29784513007948	2.1374143698368083E-4
59.0	27.546477035044425	22.24956258584431	24.687754683323547	25.51278617144355	0.003419524344163727
60.0	24.084729502641576	23.21570166886057	23.58336729084484	29.116130422445668	7.11152073470543E-5
61.0	25.128089162145766	24.17114489844245	22.83467982509474	27.858761654247083	0.00732446006995926
62.0	25.92138553060287	21.3655491763528	24.573812527287803	28.13903944091826	2.1332483826421846E-4
63.0	26.980496163937456	24.07895391747666	22.09408485555216	26.843763109805955	0.0027019532277675466
64.0	25.545060125353714	21.536537605759655	23.626286664116343	29.292115604770284	0.0
65.0	23.995134462285694	26.16766518060541	22.52958283833442	27.30144333876945	0.006174180005024505
66.0	24.2552237238388	24.306957111673153	22.446187341570937	28.991064103983398	5.677189337102987E-4
67.0	26.960124096842087	25.693964471176294	21.654501561854698	25.69048737530354	9.224948233848181E-4
68.0	23.541270042879717	22.022634076283747	25.90657287955433	28.52945204361626	7.095766594691941E-5
69.0	22.537990459546734	24.423092068992673	25.01811096754784	28.017613581132522	0.003192922780226868
70.0	26.123982378355002	23.468543662480997	24.776911817347326	25.630207724178018	3.5441763865704066E-4
71.0	24.48853296820265	22.888728735581783	25.599838180721296	27.021697786937477	0.0012023285567884531
72.0	27.485122498967623	26.277739751211982	21.982002749226424	24.25365007891298	0.0014849216809879114
73.0	25.061648445497685	22.90946727824941	22.91187100204175	29.11312489748825	0.0038883767229043772
74.0	24.95107224062633	26.2451399132482	22.86242765088091	25.94051204340276	8.481518417970641E-4
75.0	26.10736580687611	25.108890234826927	21.180572978542813	27.60083875340381	0.0023322263503413885
76.0	26.330276850232327	24.88606208370877	24.78507446864896	23.99787989611491	7.067012950301232E-4
77.0	24.70726657291659	24.68444149218082	23.196147295969922	27.41115531654783	9.893223848322745E-4
78.0	27.124080246525377	26.457314182063314	20.358552815207016	26.059346136805754	7.066193985397003E-4
79.0	27.192613047005054	20.213502612962213	23.896450950078147	28.694324403003847	0.003108986950733862
80.0	23.691322444555766	23.73081822684427	28.185716375064384	24.38938743384103	0.002755519694547109
81.0	25.609603592515683	24.236763514148425	22.784510526096398	27.36841584669069	7.065205487969015E-4
82.0	23.039153002549725	22.461314340982035	23.860660271984752	30.637459403283913	0.001412981199578649
83.0	25.734748692704716	22.90518382669807	23.52757082566241	27.83157826322237	9.18391712433187E-4
84.0	23.826026513784214	25.562342430036995	24.374823843050603	26.23553570432052	0.0012715088076708713
85.0	25.04833260460645	28.269046436737444	20.896425894833058	25.785347433197874	8.476306251770312E-4
86.0	26.78958762267669	24.494089976444663	22.020602974258644	26.69338861362537	0.0023308129946355985
87.0	21.87495806628176	21.6783374825644	26.21085156346558	30.234934759962567	9.181277256916857E-4
88.0	25.46017339129993	26.565761856738902	25.613776387935488	22.359440899216658	8.474648090238053E-4
89.0	26.364526787738235	26.336985912489226	22.60046593511511	24.696750247338244	0.0012711173191853268
90.0	23.39023169139449	25.86277875735003	25.27887209767885	25.468046839637864	7.061393876782913E-5
91.0	26.95843374727532	25.19550267931347	23.360054680731327	24.485655840437335	3.530522425525395E-4
92.0	25.738397220317776	24.29256423708074	22.563241512783165	27.40579702981832	0.0
93.0	26.435472574149493	26.868493738738486	20.863669997345248	25.83179884885422	5.648409125569783E-4
94.0	28.307345813461737	22.830727521118906	23.24191515724891	25.615845974081907	0.00416553408854231
95.0	23.40825093808796	27.114007250546262	23.64341714644762	25.831571292919953	0.002753371998206778
96.0	26.83020151947918	23.598096203561074	23.27166655606839	26.29876501724627	0.0012707036450840005
97.0	25.304435787008245	25.647501794743466	23.144108194265716	25.90353068570142	4.2353828115459363E-4
98.0	28.211099025283065	23.156109291962625	23.821096491259027	24.81169519149528	0.0
99.0	21.252371782613817	22.65536631472435	26.81806089968621	29.27413044045829	7.056251733191832E-5
100.0	22.71305862049015	24.672013976007666	24.74772205468762	27.867205348814565	0.0
101.0	23.813985318343605	22.269765735511477	27.860929932306345	26.05524846287079	7.055096778290056E-5
102.0	24.690915530669972	24.628050892840132	24.214103833190695	26.4669297432992	0.0
103.0	26.375182174868122	25.102391799062357	25.505751294094075	23.016604189916155	7.054205929201168E-5
104.0	25.699504671829214	27.70148542019658	22.526215994684147	24.072723373818288	7.053947177221958E-5
105.0	26.84741678388571	23.821401916231533	20.47956579339068	28.847876724601324	0.003738781890751382
106.0	26.095967280579053	23.38933529153255	24.867084406427917	25.64754248114281	7.05403176712666E-5
107.0	26.7031779487657	23.482482202866166	22.77271303655925	27.04056871823956	0.001058093569330523
108.0	24.301790826045224	24.006293597301454	25.395835816379858	26.296009235875196	7.052439826820287E-5
109.0	25.72173832102582	24.748396450471898	26.02404337058495	23.504764107568977	0.0010577503483524481
110.0	25.53745680285036	23.62694585487168	22.670385916865452	28.165140913844027	7.051156848048274E-5
111.0	25.07051171763724	23.646880138541423	24.809688874097098	26.471861593959684	0.0010576757645585544
112.0	26.486539462198948	23.522062421472558	24.360182021499067	25.631216094829423	0.0
113.0	28.891870435730432	21.29080610341283	22.842322861570523	26.97394303537763	0.001057563908586996
114.0	25.83343850982654	22.82776461994386	27.0976012003517	24.240843122973295	3.525469046029229E-4
115.0	27.309849769595	23.85931016003187	26.244169360894965	22.585471968860947	0.0011987406172103896
116.0	26.4965889259083	24.92492111340279	24.411162233151764	24.16725721437763	7.051315951839512E-5
117.0	25.69157446496453	26.964546738524177	23.572868548848273	23.769882038701798	0.0011282089612227528
118.0	27.293381800745347	23.816491377760226	24.85327560493183	24.036498640820515	3.5257574208379317E-4
119.0	26.90316921024313	20.93059498674971	24.485325954352426	27.68027518859981	6.3466005491925E-4
120.0	25.040494351945807	23.658291839991424	25.208536216441868	26.092677591620895	0.0
121.0	27.525451792679224	24.44091383165747	23.390756329187568	24.642031827698574	8.46218777171556E-4
122.0	26.99426824177188	23.110945627277754	24.577028963431836	25.317404574123593	3.525933949384513E-4
123.0	24.83684005283174	28.020495216443	22.436493670698624	24.704760709321782	0.0014103507048580236
124.0	25.108754748434347	24.948681297991186	22.879925872594225	27.06256756404172	7.051693852121749E-5
125.0	26.377412508021123	23.85754479490597	24.071841086501237	25.69200284882204	0.0011987617496280313
126.0	24.002205763615194	24.122930421838188	25.446529624434895	26.428263673372104	7.05167396162338E-5
127.0	25.596313455042907	23.13941599148174	27.773053246176303	23.489806999358308	0.0014103079407388603
128.0	26.29286788655581	23.879791863378433	24.337444212601728	25.481786635282106	0.008109402181922803
129.0	24.11510555973562	27.021092202492476	22.39570074754585	26.46499876243471	0.003102727791344377
130.0	26.57140519949057	24.238926083626808	23.76750804971856	25.422090148385614	7.051877844551225E-5
131.0	26.228298987574032	24.335527146230923	24.376145475675195	25.059252693256155	7.756972636926433E-4
132.0	25.680332672116705	25.871011280642385	22.34105943686345	26.102166783137637	0.005429827239821366
133.0	27.272137496359573	24.45710925087952	24.37453414878891	23.89403308504389	0.002186018928103248
134.0	26.64713369508115	22.63060471118351	21.033273042031148	29.6889885517042	0.0
135.0	25.545260307588162	23.759105300642393	26.370643029905576	24.32414517709942	8.461847644433162E-4
136.0	27.40170961868536	26.32089269117562	24.849057960896808	21.42276887145704	0.0055708577851679795
137.0	28.45841942330882	21.870544182668237	23.691796712479462	25.979028129385302	2.115521581846004E-4
138.0	25.676913411632313	24.19810765322347	26.71961495911479	23.403883266501627	0.0014807095278017315
139.0	26.067339516557773	24.270754156895208	25.06003894951934	24.600598203696677	0.001269173331001815
140.0	27.3125529269997	21.590972390174493	25.701597840120094	25.394594800409244	2.8204229647299056E-4
141.0	25.703444735587706	24.872299677611334	25.260900713880762	24.162790763268564	5.641096516340846E-4
142.0	28.597075630820957	22.94471960692507	22.904808511358443	25.553114193683047	2.8205721248498046E-4
143.0	27.181687217987854	25.0733169881755	23.828884954204646	23.915899297468474	2.1154216352632324E-4
144.0	28.658262266367494	24.750484082739014	22.595628376767976	23.99484961350947	7.756606160437641E-4
145.0	28.297449703804045	22.39292204133698	22.525136639379927	26.783292869790127	0.001198745688922673
146.0	27.231931313040143	21.53674097975946	25.023058307195882	26.20389748854841	0.0043719114561003684
147.0	26.192257492220616	23.9741892902901	26.730626983628913	23.099682619373826	0.003243614486546404
148.0	24.61393310148165	24.32235563566003	24.361350155272934	26.701655962565262	7.051450201248389E-4
149.0	27.611797160151863	25.163880787304738	23.62069354574841	23.601371972718503	0.002256534076485223
150.0	25.468596621873203	24.279651694140743	24.526396551918673	25.725355132067385	0.0
151.0	26.414096431676775	23.872668383094943	25.490299782590455	24.222089176699733	8.462259380943415E-4
152.0	27.8625090179004	23.58130708251617	22.64817036233095	25.907943016037226	7.052121524978967E-5
153.0	25.372252272583022	23.72477944132187	24.5546160410158	26.347364932051708	9.873130275953991E-4
154.0	23.8520192275143	24.8546511627907	24.692447220247566	26.597426740236735	0.003455649210701511
155.0	27.89932872649908	22.486180908067414	23.880223249934396	25.734126032375755	1.410831233546181E-4
156.0	26.145683946774945	23.325712487910934	25.551511953628765	24.976809445239606	2.821664457538535E-4
157.0	24.2259750703659	22.807370255151348	26.858964862901118	26.107196015773248	4.937958083790095E-4
158.0	25.695486918440597	20.54836170116707	26.255530598884853	27.500620781507486	0.0
159.0	26.839142773900587	21.87860878177756	24.71385468862099	26.56740613551983	9.876201810307792E-4
160.0	27.190708922267714	20.937093483603896	25.599563184464262	26.27263440966412	0.0
161.0	25.035484608286605	20.213528453999814	28.99720355890163	25.749973898001855	0.0038094808100931484
162.0	26.4695860502818	22.96063960899928	24.25482772024655	26.31494662047237	0.0
163.0	24.838406086457155	24.1391182143608	27.487967761643862	23.534437387914284	7.054962389995499E-5
164.0	26.098192672906745	23.45609592795808	25.05854040893271	25.385266089881664	0.0019049003207993246
165.0	27.28111691544395	21.991107235284325	26.325306985237052	24.401481092644488	9.877713901894544E-4
166.0	25.742556792885622	23.124972218282807	25.523195881744076	25.60913399360333	1.4111348416953655E-4
167.0	26.606361660692613	22.751898055375236	26.36885777991025	24.272176907228133	7.055967937681691E-4
168.0	25.54570485436345	23.521512774157856	24.395938914362407	26.536772893354165	7.056376212109024E-5
169.0	26.569498103554736	22.620164064567348	25.425138925641704	25.384634382993738	5.64523242480374E-4
170.0	31.28388133892418	22.71970914797915	22.9101714937357	23.086167451615225	7.056774574158939E-5
171.0	25.11435664595239	23.009643924243044	26.408234525333473	25.46684751082877	9.173936423209213E-4
172.0	27.605503040273838	24.320920851290783	24.078517302999497	23.99498825725535	7.054818052715012E-5
173.0	28.910524667232917	19.67861909774054	23.52198365018046	27.886826741013103	0.0020458438329801314
174.0	25.25511841798009	24.969399899398862	23.931218734104704	25.843839661822148	4.232866941944113E-4
175.0	25.073144025471827	24.622744740579467	23.896560555210247	26.40543414074554	0.0021165379929152417
176.0	25.014428660328875	24.08055214143897	27.256339085512217	23.647198440999126	0.0014816717208135364
177.0	23.177710694593216	25.335780505325495	23.78745732620351	27.672025324137383	0.02702614974039372
178.0	25.22344659896178	22.31403675764467	24.848771793408122	27.613533169304326	2.1168068110375953E-4
179.0	27.816275262504238	23.99585073952806	23.67477701253246	24.512038500620978	0.001058484814271198
180.0	27.370532071218147	22.426163291456113	25.07287145348319	25.130150325216704	2.8285862584450977E-4
181.0	28.214632792874923	21.333255002608272	26.289112571869026	24.161796359461583	0.0012032731861895381
182.0	26.24487877526636	22.558304807368334	25.854858757542036	25.341886875791015	7.078403225486782E-5
183.0	23.50743865068674	24.075433446427343	26.09675590310394	26.31952255591995	8.494438620248334E-4
184.0	25.913267303462494	22.172062299614964	26.016481746688534	25.89479064387265	0.0033980063613510757
185.0	25.351355024291912	24.77640400448466	23.34451195343201	26.52687965028709	8.493675043317742E-4
186.0	27.337469014246015	22.99033230318826	24.597415246618993	25.074783435946728	0.0
187.0	24.75603780288294	22.556495482417915	27.811016787492456	24.875598958130194	8.509690764929012E-4
188.0	28.256162694132225	27.232728889683184	22.537032190897246	21.973508872336367	5.673529509799958E-4
189.0	25.814681212932765	22.750220222449496	24.6232103823005	26.810682455540597	0.0012057267766384053
190.0	29.397228190209223	20.2536889016248	25.637431844957963	24.711651063208016	0.0
191.0	26.443526239310472	23.968422585951462	24.795304600539318	24.79203601132637	7.105628723793554E-4
192.0	27.554563492063494	22.775887456224133	23.933034292991312	25.736443694001	7.106472006185473E-5
193.0	27.41675829467425	22.937232623314003	23.1269328060488	26.518791974452665	2.84301510280698E-4
194.0	28.42253633252918	23.06161354386274	24.161433995846085	24.35441612776199	0.0
195.0	27.176352575764362	20.896169642216048	24.84574845855096	27.081018404969036	7.109184995922883E-4
196.0	28.730141990026638	21.820972566837067	26.322881586617054	23.125932597848845	7.125867039872076E-5
197.0	24.92988614293605	23.808919694243002	23.831869287101544	27.42846961138927	8.552643301320313E-4
198.0	27.933869429388952	22.66124288235395	23.5612645851062	25.843551712518494	7.139063240677811E-5
199.0	25.923564463278897	23.387568258793408	25.395383984560326	25.292767698625845	7.155947415236014E-4
200.0	27.175352139891253	22.795663680461228	23.952025099583913	26.076959080063606	0.0
201.0	25.182059898153813	20.497206923822915	29.60947033541964	24.710833413851223	4.2942875240211705E-4
202.0	24.876063108679375	25.74773706911978	28.36912937107485	21.00707045112599	0.0
203.0	25.941484307819206	24.235761117129474	22.30349600580245	27.518470970915427	7.875983334419264E-4
204.0	25.198100980300893	23.24258329693307	24.89319804369464	26.666046071993755	7.160707764355429E-5
205.0	27.571062540191317	23.50380895501867	25.148054418144344	23.775999931254056	0.0010741553916155727
206.0	25.66056492060616	21.20497010958506	25.919183078881048	27.215210271387924	7.161953981580887E-5
207.0	25.957024338739554	23.20869083110442	26.70470743800706	24.129219237761507	3.581543874628773E-4
208.0	28.731564098118472	22.07071018253567	21.76622137267854	27.431432702241466	7.164442584873569E-5
209.0	26.721708405377964	20.83713411300372	24.93688854621163	27.503480714013932	7.882213927585383E-4
210.0	24.81344513724647	24.615494875653983	24.728158818891995	25.842686160682295	2.1500752526338424E-4
211.0	26.075183636131623	25.4458812885428	25.577075557862404	22.901070918030108	7.885994330686984E-4
212.0	28.703177097415733	21.679840323942155	24.587487978036656	25.029279442424745	2.151581807084872E-4
213.0	30.516520533513987	21.44497437347414	22.939508194603718	25.09849455822051	5.023401876455889E-4
214.0	28.117589266349043	24.087801977296852	25.262387550757463	22.53214938746314	7.181813350416474E-5
215.0	25.419463087248324	24.180444738888728	23.53890025059769	26.860687847452258	5.040758130022755E-4
216.0	25.965325967510662	23.72550319001973	26.521913589462194	23.787111606632443	1.4564637497096176E-4
217.0	30.110713060711152	22.655134605856812	25.068233721383613	22.165112413406938	8.061986414819983E-4
218.0	24.54821167274268	23.938395252586552	24.96031763609759	26.552927783265634	1.4765530754385733E-4
219.0	26.739970406309745	22.41260101119226	24.768547837917176	26.077986675388807	8.9406919201477E-4
220.0	27.807283451169045	21.27938694016818	24.984162670873	25.92886776746388	2.9917032589371525E-4
221.0	25.134846506191415	22.141562848789658	24.446643560881633	28.276495210896773	4.518732405185697E-4
222.0	26.264476725543624	24.025703643705008	24.641016717854107	25.068802912897258	0.0
223.0	30.812964527318638	22.325546422616952	24.703051618877943	22.157593446381263	8.439848052044706E-4
224.0	30.564632792954644	21.46684396440407	24.865623132586457	23.102515571873646	3.845381811805476E-4
225.0	30.90499192855066	19.041121096480108	24.496384856600343	25.556419740105518	0.001082378263370464
226.0	25.427889308868806	22.52058875065709	25.81275501264112	26.23861047835991	1.564494730781747E-4
227.0	27.777058293981078	23.504035251196363	25.38070344457255	23.336623655574332	0.0015793546756795174
228.0	27.70486148282958	28.1688454325217	22.790089093482734	21.33588679140547	3.171997605141808E-4
229.0	27.82324646994382	24.72133236664676	22.092195070537247	25.363226092872175	0.0
230.0	25.25736370745333	22.539879709216823	27.713541884555603	24.489134247474635	8.045129961029391E-5
231.0	24.433750547588613	25.38021208504612	24.495504674795587	25.68873798874068	0.0017947038290006192
232.0	25.148711034346444	25.103931646643062	23.965911896144625	25.781035355212907	4.100676529613856E-4
233.0	22.541175728742573	25.247477517317822	23.10968329681289	29.10099970047981	6.637566469005468E-4
234.0	27.38010506836519	20.5170536047445	26.992900262544566	25.108340696429583	0.0016003679161609363
235.0	25.482313402675853	22.279029204688065	27.953629847063578	24.284857379873653	1.7016569884925446E-4
236.0	28.218293402735828	23.53690401814222	24.34762573737276	23.897004255965427	1.7258578376381982E-4
237.0	27.39393759799611	24.295975045473682	23.015216578479247	25.294783621979715	8.715607124834512E-5
238.0	27.496828066187977	22.494348752137416	24.486711406079877	25.522023543777983	8.823181674604589E-5
239.0	27.13109746294093	23.15606789786024	24.686753057440217	25.024831094961968	0.001250486796645837
240.0	25.99476821696393	21.806038663078496	26.044865613275626	26.15414399973575	1.835069461966809E-4
241.0	29.17871102543511	21.723398429532	23.545442684166133	25.549599481043572	0.002848379823179931
242.0	26.176434570192907	24.547790769729396	21.654664534181908	27.619636906718526	0.0014732191772623352
243.0	28.064405757378175	23.631368433284486	24.360124797913517	23.941518731215066	0.00258228020875891
244.0	27.499724992581733	22.174009903964638	25.912262003033863	24.41261650839489	0.0013865920248773097
245.0	28.149980543665578	21.394648581540572	23.612578056960736	26.840383938332685	0.0024088795004354514
246.0	23.995227749614692	26.320632091062706	23.80638033164355	25.874603086179043	0.0031567415000092846
247.0	26.08502510297762	23.058325890757576	25.417102433745555	25.29948024589836	0.14006632662089055
248.0	26.917492229312906	22.72500487270808	23.78916701405112	26.55938315712315	0.008952726804743827
249.0	25.761255685659123	20.43738144148429	29.55278744763763	24.23425009222518	0.014325332993769885
250.0	26.710609414721258	22.6029884697207	24.1625368678968	26.52283299347146	0.0010322541897789944
