# Position (bp)	A	C	G	T	N
0.0	23.268757021902893	24.6833567749496	25.963172273506217	26.08465346115565	6.046848563933935E-5
1.0	22.49080541988683	30.331077258597794	23.14941358542184	23.95072018682277	0.07798354927076637
2.0	23.75493947375711	27.323043089192957	22.744161454701366	26.177494667596452	3.613147521200143E-4
3.0	25.39274955378259	22.435197677623414	25.204513806562495	26.960197286468567	0.007341675562932001
4.0	25.563839236583654	24.306533216344796	23.746948746151915	26.38261866287877	6.013804085898772E-5
5.0	28.193997234928347	24.59387634565919	22.290130640923422	24.92157518958045	4.205889085898074E-4
6.0	24.953793718828024	24.146880130278294	24.589487665715122	26.304013911723484	0.005824573455076926
7.0	25.682348293612232	26.01624651639848	23.684294134960822	24.61657154263976	5.395123887030901E-4
8.0	27.231339675510124	24.474835289726524	23.582640912132753	24.711184122630595	0.0
9.0	25.722296516565514	26.150638625668947	22.62372400462193	25.503281045532734	5.9807610877329805E-5
10.0	24.233953486148167	25.240506450163046	23.812170678295132	26.713369385393655	0.0
11.0	27.418514752409596	23.083926784530245	23.039009673076265	26.458548789983887	0.0
12.0	28.13848157229139	25.232381043443812	20.650097778749117	25.97898269122632	5.691428935680023E-5
13.0	25.034011008168815	23.203340069094423	25.214804151055475	26.547844771681277	0.0
14.0	26.260696393909893	22.495355175965827	23.88772187242512	27.35622655769916	0.0
15.0	24.698252192689793	24.66773283860622	24.664068328348872	25.96994664035512	0.0
16.0	26.149827273798053	25.099432528676097	22.143375386771698	26.60720345979484	1.613509593121286E-4
17.0	28.237869717207033	26.62016529726082	19.927842339617914	25.212911946914534	0.0012106989996994307
18.0	25.21270403115709	26.309675768942625	20.49215460556369	27.98520455975212	2.610345844720967E-4
19.0	24.86756928064506	25.131495547543096	21.818389634140008	28.18233772171365	2.0781595818742922E-4
20.0	22.07260553342499	26.166447822210042	24.401508919220895	27.359334699115056	1.030260290110995E-4
21.0	23.277096887566614	25.02687007552228	24.414324304443063	27.281555481086738	1.532513813057835E-4
22.0	21.94131067069979	27.276787001218334	26.448432275843793	24.33341947804397	5.057419411286036E-5
23.0	24.249996481216733	24.921279791527173	23.831261272673533	26.997311649585487	1.5080499707438306E-4
24.0	26.80213075869974	22.095776688210385	24.87035961030278	26.231633449011433	9.949377566939412E-5
25.0	24.031684119407952	26.652375743027147	19.988346795048766	29.327445709007467	1.4763350867273047E-4
26.0	25.63597931303917	26.365117915383347	20.066909419490862	27.931895559892094	9.779219452040997E-5
27.0	24.747575663944964	25.890953856470727	20.57832196664363	28.783099777669698	4.8735270982727245E-5
28.0	27.949177282377917	23.813425028462415	22.981620588325793	25.252844318286716	0.0029327825471552973
29.0	26.808067089617442	24.07248413934582	23.173270523876457	25.945988299206018	1.8994795426053262E-4
30.0	23.515072362984302	25.094063870145217	25.94075648741528	25.449636135602738	4.7114385246789856E-4
31.0	25.818529863966432	24.931468380912712	23.04347317356273	26.206388171889515	1.4040966860978047E-4
32.0	23.566891090725036	23.051097550966087	25.324567826409943	28.056933442090664	5.100898082665154E-4
33.0	23.175482860822672	25.284298442769543	25.913251496277383	25.6269672001304	0.0
34.0	24.830485045579877	27.142217954034532	23.58849699165521	24.43875453798081	4.547074957621261E-5
35.0	24.34541048791093	22.98476899895726	26.274589682956144	26.395140900136738	8.993003892621735E-5
36.0	22.760031016026446	25.261664029585624	26.863095510852464	25.11485004577829	3.593977571782963E-4
37.0	24.899909149168266	26.36039352825919	21.791670016126808	26.948027306445738	0.0
38.0	26.145897450747725	26.079855110918356	21.49303278007721	26.281169762036566	4.4896220142329996E-5
39.0	22.359431838176942	28.03772842999601	22.47721535351214	27.12553460429407	8.977402083475475E-5
40.0	25.23311048557354	27.305298438868864	23.427514038690774	24.033942394691866	1.3464217495583736E-4
41.0	23.497265552604286	24.80873228173671	22.07096414905442	29.61814666079704	0.00489135580754265
42.0	23.72602933957684	26.50137167502295	21.528028924978305	28.244570060421903	0.0
43.0	25.50584492028512	25.85215240939207	23.04898642585906	25.589427100905183	0.0035891435585640556
44.0	28.079948251468434	25.477404427155058	23.129655730512884	23.31281215767512	1.7943318850084468E-4
45.0	24.713861919930675	25.022673062069916	22.430632988834358	27.8292886623925	0.0035433667725490443
46.0	24.322592190115948	24.60531915990982	23.027089136583946	28.04499951339029	0.0
47.0	24.49373857865175	25.060035651423252	24.01973160532305	26.42443131495454	0.002062849647409666
48.0	22.396700328398023	24.97241680770222	23.224756503513746	29.406126360386008	0.0
49.0	21.814199380195394	26.5271530992696	24.96217560114457	26.69449944703531	0.0019724723551275093
50.0	26.370122602008088	25.219364402430077	20.963011407621305	27.44745676251985	4.4825420675366685E-5
51.0	24.41796000173894	27.922054348980634	21.992186432071392	25.665379045887793	0.0024201713212387514
52.0	22.498868751978566	26.57171933602448	21.714909401788894	29.214502510208064	0.0
53.0	21.978580125469975	25.685951932930333	24.452497081055604	27.88114094127477	0.001829919269317699
54.0	22.36893900646167	29.365330148469294	22.73321675731211	25.532380194930106	1.3389282682569565E-4
55.0	23.28784320708729	29.232262300920414	22.7016282512159	24.776530033054726	0.0017362077216725466
56.0	25.6811139791781	26.057019189638282	25.581673808643107	22.680193022540514	0.0
57.0	22.069592300971724	28.310565690579924	23.230606334527458	26.384206363724168	0.005029310196726142
58.0	24.878398067541696	26.069852244195374	22.379517294843186	26.67192087886267	3.115145570752521E-4
59.0	26.71791731783117	23.227349265059257	25.194637371087232	24.857604118088904	0.002491927933444165
60.0	23.425088679065077	23.91787108051859	24.413763079745635	28.243277160670694	0.0
61.0	24.425007062485676	24.855107998287238	23.308379217281146	27.4052871810999	0.006218540846041366
62.0	24.598837374570056	22.728625387304927	25.47960075613292	27.192669987776796	2.664942152988999E-4
63.0	25.60840201922761	24.177079474887123	23.58935206528469	26.62227954559384	0.002886895006737569
64.0	24.651313727428654	22.906519139896112	23.76501819184539	28.677148940829845	0.0
65.0	23.45380749903363	26.87196568587468	24.242862158357063	25.426532805169106	0.004831851565519907
66.0	24.094034104761104	24.76225515184021	23.67616877734387	27.467054375241023	4.875908137890682E-4
67.0	26.26461774132709	26.203449616302986	21.008502812625633	26.52267630936355	7.53520380731686E-4
68.0	22.719024609048464	23.470344771341775	27.258547923420394	26.551949727014286	1.3296917508583158E-4
69.0	22.94544727666306	25.588096201568906	25.253909080715054	26.209400586201443	0.0031468548515415817
70.0	24.499646533304002	23.34447221911128	25.149697683055688	27.006006499183506	1.7706534552310195E-4
71.0	24.80585625217696	23.314599177203984	26.86642212640545	25.012592690368145	5.297538454610911E-4
72.0	26.270760739348493	26.494292093328752	22.45836816814643	24.774857489933584	0.001721509242738983
73.0	25.085164551419613	23.50877069085908	23.401691550281733	28.00084215581295	0.0035310516266230697
74.0	24.113636062723153	27.116288512377363	23.342307233993726	25.426708976401585	0.0010592145041772773
75.0	24.49985259928365	25.576716335706458	22.582010404548768	27.33916993095998	0.002250729501150079
76.0	26.417489888547856	24.97821045500983	25.452086169651743	23.151242610861893	9.708759286759239E-4
77.0	23.47388069580873	25.880439866910255	24.394653463598896	26.25076120628028	2.6476740183748577E-4
78.0	26.59860022230881	27.16699239304974	21.13994379179046	25.09362519123279	8.384016182033759E-4
79.0	26.987335538726086	22.047970601823355	22.886046323837967	28.07600000529506	0.0026475303175315487
80.0	23.756971654488336	23.399519926577007	28.76381093579018	24.07678527304176	0.0029122101027215927
81.0	24.872726663025034	25.794018837071597	22.492854249636647	26.840223757513076	1.7649275364876708E-4
82.0	22.550568614257823	22.57840920371943	24.61130169095181	30.25848509248944	0.0012353985814977002
83.0	24.80963266019248	23.208513067721313	24.504233106070533	27.477135844563012	4.8532145266417213E-4
84.0	23.298968890237898	26.73089852842302	24.87347155580575	25.095161037003834	0.0014999885294994803
85.0	24.359312576760733	27.890791535496984	21.30661765743891	26.443101768849615	1.7646145376004065E-4
86.0	25.319367718307944	25.6585091276593	23.09483299006	25.92534918816481	0.001940975807942208
87.0	21.592166781872297	22.25177230662548	26.891949177775885	29.263670614536373	4.4111918996400906E-4
88.0	24.341222184532334	27.549459890191567	25.924212155150393	22.184400003705274	7.057664204277033E-4
89.0	26.153601856119835	26.666504932523782	23.257384450144347	23.922023558783376	4.8520242865870197E-4
90.0	23.09176357465315	26.456288304659743	24.801504949970997	25.650310848034014	1.323226820925509E-4
91.0	25.830002941888658	25.5012788614935	24.42301271451639	24.245087994227372	6.174878740818728E-4
92.0	24.878227779767375	24.93340237140483	23.305377030786627	26.882992818041163	0.0
93.0	25.41659904172518	26.760909373169717	21.794930599168744	26.027472779490946	8.820644542137984E-5
94.0	26.815027744382984	24.212586097554738	23.36834714745758	25.599717043456938	0.004321967147757472
95.0	23.34632237761251	26.920308773514346	24.412361877478446	25.319022452406827	0.001984518987877676
96.0	25.642217431165555	24.69321778351254	24.321467456852925	25.34177437356983	0.0013229548991445332
97.0	25.24963311296593	25.215987102509647	23.407701452731544	26.126590137794302	8.819399857478498E-5
98.0	27.37768401965981	23.82552229631348	24.69950709374038	24.097286590286334	0.0
99.0	21.797060527524817	22.562968854854397	27.041180303929497	28.598702131280685	8.81824106072858E-5
100.0	22.41411921353194	25.462377348591232	24.93815348868995	27.185349949186882	0.0
101.0	23.19675123358599	23.255344363596603	28.21402496446496	25.333747173950616	1.322644018298339E-4
102.0	24.73670842762326	24.84853348666654	24.997707057148954	25.41705102856125	0.0
103.0	25.28408539757846	26.455921128052275	25.465127558444077	22.79473363962645	1.3227629873279308E-4
104.0	25.355276692764306	27.881708326333836	23.021039046816586	23.741711386270232	2.645478150334587E-4
105.0	27.263707960937637	23.867556256754714	21.43817456184484	27.427695083605215	0.0028661368575940063
106.0	25.84230623385098	23.514070037126203	24.951012813390125	25.692434544123742	1.763715089464448E-4
107.0	25.092053402657967	25.115157693398128	23.45063464047475	26.341845618363855	3.086451053075053E-4
108.0	23.293449448962207	25.43825537325778	24.541110470335315	26.72692016697794	2.6454046675519955E-4
109.0	25.2568842691507	24.864139899530098	26.095147481947777	23.78356381566939	2.645337020345287E-4
110.0	24.137818535959113	25.15209002265644	23.4079539587934	27.302049308072508	8.817451853406336E-5
111.0	24.48649282580172	24.507126581921302	24.88162043764726	26.1244074408499	3.5271377982195007E-4
112.0	24.756249771294723	24.988812729724806	24.40760372859043	25.847201507096145	1.3226329389388867E-4
113.0	28.317958281256544	22.162779368553775	23.19355812871839	26.325395618275483	3.086031958065234E-4
114.0	26.110496838110553	22.32804470731802	27.91509277579682	23.646189332458654	1.7634631594911352E-4
115.0	26.128645255331563	24.415632629072274	26.37568555557172	23.079727924989342	3.0863503510282617E-4
116.0	26.295206114840198	25.146204502887056	25.01093447428106	23.54730218301488	3.527249768083328E-4
117.0	25.081876429640943	27.722380262886386	24.0013897388596	23.193912661614462	4.409069986049702E-4
118.0	25.60375397744633	25.147645541358166	25.520203906263433	23.728132036448113	2.645384839564023E-4
119.0	26.574197078473638	22.09027887697906	25.000385792092892	26.3349177998299	2.2045262451054007E-4
120.0	24.97451580020387	24.406588503363206	24.914112074043505	25.704607261145153	1.7636124426385053E-4
121.0	27.10865259634327	24.057642824011612	24.95917172390562	23.874224218663194	3.0863707630743076E-4
122.0	26.50065033839642	24.490509468486145	24.526619783514473	24.48191177443178	3.0863517118229314E-4
123.0	23.70904386863351	28.11006024072481	24.00903500646145	24.171464070505856	3.968136743755806E-4
124.0	24.803765307584626	25.254984954201248	23.78911632110931	26.15178069508283	3.52722021978991E-4
125.0	26.355360466849078	23.71817990231652	24.864713055884508	25.06143795229752	3.086226523736168E-4
126.0	23.529751512265666	24.591908717351814	25.32895084916142	26.5490362061972	3.5271502389644285E-4
127.0	25.530352095506366	23.511052777071136	28.012801549095016	22.945264515821833	5.290625056488445E-4
128.0	25.79489612275688	23.60060454342246	25.50267662129358	25.091946857317698	0.009875855209381357
129.0	23.496591981236055	27.414314560572794	23.072948355068824	26.013764339690855	0.002380763431473693
130.0	25.220148995446895	25.110190232187584	24.347268644601723	25.32239212776379	0.0
131.0	25.105836831834733	25.008751764682025	25.42279620865618	24.46208612089163	5.290739354371077E-4
132.0	26.159383772396822	25.872450479978376	22.619937278533836	25.34236458957473	0.005863879516234349
133.0	26.337112536180925	25.445931974348746	25.480365854465052	22.735443308650574	0.0011463263547042367
134.0	25.73394064633776	23.81421195317911	21.59533854496187	28.856420677270687	8.817825056996217E-5
135.0	25.877196656501315	24.828859301558133	26.08198793472956	23.211735664500303	2.204427106870185E-4
136.0	27.23405662436263	26.688887860129935	24.48528617502276	21.58599359377101	0.005775746713666255
137.0	28.142292978072653	21.878098709878525	24.999503985968754	24.979883875399512	2.2045068055329592E-4
138.0	24.487636434820796	24.771748887623033	27.795183315139084	22.944417304935023	0.0010140574820688185
139.0	25.37374763459236	24.16979262010451	25.46558629483252	24.9899475686343	9.258818363146729E-4
140.0	26.284646060715616	21.825877435667945	25.97513794494547	25.9140299323447	3.086263262665253E-4
141.0	24.70603900315378	25.77073136534847	25.64758718083589	23.875333818620476	3.086320413849114E-4
142.0	27.836626069795813	22.99573250067348	24.7105803031913	24.456576133131517	4.8499320789057495E-4
143.0	25.735266237230448	26.01863241758484	24.618070711479703	23.627898363821544	1.3226988347023264E-4
144.0	27.298596420373727	25.88659549270786	23.61637136263711	23.19751082203365	9.259022476497514E-4
145.0	27.528255350593856	22.842236513399524	23.699971693945415	25.928478271796322	0.0010581702648864715
146.0	26.9505234684497	22.24960263134109	25.24363493669658	25.551653516574845	0.004585446937781217
147.0	25.928631737206775	24.756149984899224	27.407053055537794	21.904990752151036	0.0031744702051721817
148.0	24.12191863566821	24.768194985163596	23.7074693461842	27.401887948784648	5.290841993412902E-4
149.0	26.994740362438367	25.793387821220826	24.22881209086135	22.981472442788377	0.0015872826910790746
150.0	25.39074901056107	24.550828236223694	24.751008839693256	25.30741391352198	0.0
151.0	25.940209003924338	25.263415494510337	25.892058732748357	22.90409630054235	2.2046827461528286E-4
152.0	26.692685137988143	24.312925398037635	23.37887962128441	25.615201183838977	3.086588508366418E-4
153.0	24.660643759394716	24.164236735618946	25.60380828582603	25.57100256316755	3.08655992754521E-4
154.0	22.58516839663824	25.181536779166265	25.000925983085377	27.229679080719265	0.002689760390853051
155.0	26.459526095275727	24.383563576903352	24.462455091589565	24.69432294190824	1.3229432311830067E-4
156.0	25.302462964686086	23.948363778442104	26.789431975985533	23.959608984346232	1.322965400485881E-4
157.0	24.103797985268105	23.63572539565011	26.872499831319235	25.38757989184145	3.968959211006188E-4
158.0	24.483726246909104	21.52828585250934	26.44059858516714	27.547168812818434	2.2050259597706246E-4
159.0	25.820396189286715	22.15464418553986	24.87847860773662	27.145951800704033	5.292167327746568E-4
160.0	25.86803641408898	22.25075127653062	25.93471854583559	25.94636145772785	1.3230581695754836E-4
161.0	24.283941998254427	21.677135847377382	28.995933315368944	25.03932833770462	0.003660501294626693
162.0	24.733904379342494	24.35144291877369	25.276548038341407	25.63810466354241	0.0
163.0	25.13796913143288	24.390931283367625	27.02210284670905	23.448820321475907	1.7641701453896723E-4
164.0	25.081440551705157	24.293101303842725	25.146716488084053	25.476889231146497	0.001852425221563288
165.0	26.173334162552546	22.518726901503314	27.2362785170914	24.07139577442238	2.6464443035947974E-4
166.0	24.796204851561793	23.579719510124146	26.274521912306664	25.349421398656	1.32327351401898E-4
167.0	25.969750155819032	24.147693062314822	27.26579396247022	22.616542268751548	2.205506443828177E-4
168.0	25.809923581961037	25.04265541657624	23.95011213037119	25.197176537844662	1.3233324687561204E-4
169.0	25.61745046081882	22.773973584690925	26.279178611901578	25.329176781242403	2.2056134627116783E-4
170.0	30.766991177808258	23.019837248891324	23.95609504975303	22.256988297218623	8.822632876570926E-5
171.0	25.300071726075206	24.398378796607613	26.968960166002194	23.33205996758652	5.293437284678411E-4
172.0	26.521604327084013	24.905475142597687	24.762667962721945	23.810164360567402	8.820702895351622E-5
173.0	29.296058263208476	20.0424431632505	23.664974202900723	26.99528953214174	0.0012348384985598696
174.0	23.398394414187866	26.472231691951208	24.411246245246332	25.7173779106921	7.497379224938577E-4
175.0	25.873038065293226	23.991053837953796	23.420341272000993	26.71402316634331	0.0015436584086822404
176.0	24.331880772386054	24.767869587078675	28.691724813210662	22.207333962580382	0.0011908647442287167
177.0	21.65210471898852	26.404748629965386	25.230603379830406	26.688856581282838	0.023686689932848014
178.0	25.093698866969223	23.45558951560619	24.526786541234998	26.923484036571004	4.410396185889379E-4
179.0	27.29923208228761	24.729640917972624	23.602200099683746	24.367471340922826	0.0014555591331924824
180.0	26.589840270794028	22.94722010682814	25.511519979196905	24.9509774005153	4.422426656265119E-4
181.0	27.29956412159254	22.77296420341937	26.622943038254927	23.304218686626275	3.0995010688850827E-4
182.0	25.217304669338237	23.521066265193618	26.03732813779972	25.22425664755242	4.428011601390396E-5
183.0	23.333754021446236	25.265598118859888	26.813066129957203	24.58709461718489	4.8711255178338547E-4
184.0	25.625798245940352	23.148113703878877	26.518062279568976	24.704040076596183	0.0039856940156132925
185.0	24.227473579009686	25.781360354986877	24.94025470954955	25.050557113486605	3.542429672807911E-4
186.0	26.51028764304877	23.177509337305914	25.467175284503305	24.845027735142015	0.0
187.0	23.826677485312533	23.812880606423846	28.217589645331486	24.14258608520438	2.6617772775608183E-4
188.0	26.71375940997129	28.21372036812908	22.885795513027553	22.186325417304054	3.992915680268608E-4
189.0	24.60235768065273	24.322754679645595	25.38819207510504	25.68580821771943	8.873468772045024E-4
190.0	28.420110093827343	22.267066717427323	25.58070811114454	23.731671365576997	4.437120237971632E-4
191.0	26.148570239996303	24.445809386962537	25.229456269419504	24.17563076862906	5.333349925977547E-4
192.0	26.361864937133756	24.143856317915457	24.76998527905786	24.724160124025715	1.3334186721283497E-4
193.0	27.502148181635928	25.015058386532225	22.079706540385146	25.40290908024042	1.7781120628455925E-4
194.0	27.25942706960314	24.300796682571274	24.364056506181726	24.07571974164386	0.0
195.0	26.070714153279358	22.107899085983043	25.06372597187387	26.75730508834045	3.557005232799323E-4
196.0	27.231640785367457	23.053130027284684	26.990576285903924	22.724385448227075	2.674532168604291E-4
197.0	25.001883648902112	24.793946643471408	24.335985897377025	25.86782714300172	3.566672477370578E-4
198.0	26.824369231428907	24.046611305059372	24.540613599088108	24.58818253608093	2.2332834268930205E-4
199.0	25.301251744253978	23.59386380739586	25.324083172655293	25.780577438161522	2.2383753334619653E-4
200.0	26.84019916285696	24.14117621775927	25.18780649092543	23.830773356662423	4.4771795917618104E-5
201.0	24.24815144163821	21.90195767636415	28.791078204070814	25.058588800203456	2.2387772336056582E-4
202.0	24.32152622231855	25.878323856537826	28.793591542799618	21.006558378344007	0.0
203.0	24.947696425620084	25.341938396668695	23.45462029463787	26.255431352762358	3.1353031099071545E-4
204.0	25.725618783330084	24.485521220387877	23.69077295562409	26.09790786170072	1.791789572232637E-4
205.0	26.82450230257853	24.99180210367875	25.52242550217715	22.660866916336662	4.031752289139356E-4
206.0	24.898924550043997	21.62261939537526	26.732485183665204	26.74592606796786	4.480294767553347E-5
207.0	25.24240042515856	24.238026059782097	27.004155691917774	23.51519377246668	2.2405067488544288E-4
208.0	27.481441209993218	22.53310283965286	22.550627411029186	27.434828539324734	0.0
209.0	26.842348279046412	20.94255717833544	25.930767368675866	26.283878892206175	4.4828173610550763E-4
210.0	24.226157009489942	25.206266964734876	25.270606296197656	25.296431700324877	5.380292526504666E-4
211.0	24.611671777999234	26.297783634108118	25.76129553668095	23.328890256296177	3.587949155172522E-4
212.0	28.056221115448466	22.677435276169962	25.471261273388073	23.79458877372459	4.935612689011531E-4
213.0	28.801799767351966	23.71806757567908	23.010650539036785	24.469437222518284	4.489541388857587E-5
214.0	26.978482883805775	25.98188410680829	24.861412518477582	22.178130630327047	8.986058130810048E-5
215.0	25.3342174970783	25.5966754722893	23.339581903995306	25.72934505255462	1.8007408247753127E-4
216.0	25.2795670972415	25.26864072776905	26.22956939633174	23.222177252118236	4.552653946855049E-5
217.0	28.25567154336292	23.759015990386008	25.76982024315313	22.215216487170235	2.7573592770203974E-4
218.0	24.35043845404352	24.978564468983436	25.632858534774744	25.037535377905627	6.031642926738737E-4
219.0	25.744844822629688	23.581173266960512	25.55849900787241	25.115248799755037	2.341027823583889E-4
220.0	27.924904650851495	21.98695748078406	25.412739739715207	24.67478540550018	6.127231490576318E-4
221.0	24.973872427105377	23.778396358726468	25.04511432209226	26.202569365795053	4.752628084515034E-5
222.0	25.48676058371329	25.24615329090625	24.26096266977852	25.006027212684817	9.6242917122818E-5
223.0	29.974972829942498	22.928944387804606	24.773290309809354	22.322451170689394	3.413017541447441E-4
224.0	28.99660017833045	23.68234288847401	25.414681888502873	21.906179399653414	1.9564503924884047E-4
225.0	30.109903957714025	20.307349098031455	24.404172087535276	25.178082609853504	4.922468657411441E-4
226.0	24.78445720480377	22.607208440569174	26.306234674366724	26.301701126611526	3.98553648808474E-4
227.0	26.734541792547834	23.49375629405841	26.733282980866065	23.03756294058409	8.559919436052365E-4
228.0	26.702195894768092	28.10848658458365	23.85217355178455	21.336991975778382	1.519930853279048E-4
229.0	27.52235411202243	25.504429950984953	22.57098599234274	24.402229944649882	0.0
230.0	25.56448171580178	23.1526662007747	27.859051188333734	23.423800895089787	0.0
231.0	25.573602589901412	25.08598219521241	24.7341548218292	24.60542345609978	8.369369572006133E-4
232.0	24.668716984129237	25.33299249040985	25.1844523027674	24.81341742896081	4.207937326981452E-4
233.0	22.94122471936444	25.343217982832712	22.813237007889114	28.90178767355304	5.326163606963213E-4
234.0	26.579917708027388	21.886559969450172	27.01609653485563	24.515694919306377	0.0017308683604295367
235.0	24.56290632650714	22.84580542334635	27.877270909897522	24.714017340248986	0.0
236.0	28.242380837379216	24.344067754265872	23.94172822233881	23.471379041369296	4.441446468078491E-4
237.0	27.640058449799408	24.88391782196407	22.574521527942025	24.901502200294495	0.0
238.0	26.49943032926968	23.32619346018002	24.877577760054688	25.29674148342258	5.696707303178763E-5
239.0	26.995314127039222	23.423059122989702	24.985884530834202	24.595048015735276	6.942034015966678E-4
240.0	25.794370742201504	21.53071590773276	26.58802438149874	26.08676945141628	1.1951715071112704E-4
241.0	29.001999160137395	20.854853317158202	24.097536522657748	26.043218229086285	0.0023927709603745167
242.0	26.428796571391587	24.501642515319556	21.875595494198762	27.192707016254968	0.0012584028351216637
243.0	28.154415843365367	22.895581907860215	25.440115137250196	23.50766832076518	0.002218790759036325
244.0	26.417701435168695	23.08231148128946	26.69928022285997	23.79956540624063	0.0011414544412490396
245.0	28.25281649569843	21.515477345957198	23.875596704997708	26.354185083487586	0.0019243698590759898
246.0	24.672171629565383	27.17578539076804	23.709646333236968	24.43962609617423	0.0027705502553724585
247.0	25.024377410588	23.442017966875685	25.127679704960926	26.260263855299552	0.14566106227583642
248.0	25.966010538955718	23.427431727523782	23.842454450788004	26.75395573252024	0.010147550212252925
249.0	25.496300555294972	21.730825679744594	28.642326489234538	24.113843034603804	0.01670424112208924
250.0	25.606625439606724	22.76324399590762	25.873345959802705	25.756299437752173	4.851669307794146E-4
