# Position (bp)	A	C	G	T	N
0.0	24.315795623091226	23.263630374176046	25.390874245822204	27.029699756910524	0.0
1.0	23.094629230528664	30.86759081831093	23.797082897496736	22.16571859054734	0.07497846311632636
2.0	24.288043611149362	25.789139423639952	22.576504184420802	27.345669320724948	6.434600649379897E-4
3.0	26.382040194054447	21.46389887984204	24.45184374863419	27.692222653568592	0.009994523900730917
4.0	25.84347877460344	23.16567307324914	24.158720648537642	26.8318706366736	2.568669361842994E-4
5.0	29.63077119463019	22.37686092171051	23.406696287249304	24.584388672163783	0.0012829242462098409
6.0	26.811375143193768	23.53972749278713	24.441548312880737	25.200823158218675	0.006525892919694088
7.0	26.057138880055987	24.670809404679353	23.887916205333713	25.383433134497235	7.023754337168303E-4
8.0	28.340547218578017	23.504944456323305	24.623561378782032	23.530787617333846	1.5932898280234824E-4
9.0	27.19231123959635	25.170449666542634	21.741801910104854	25.895246364090283	1.9081966587476508E-4
10.0	25.032042829682116	24.458449171525253	22.828474748598026	27.68103325019461	0.0
11.0	27.095793302574418	21.306566775102947	23.794660223516157	27.802824716032816	1.5498277366470718E-4
12.0	29.476438076017736	23.87342843737576	19.647398258354045	27.002674016923095	6.121132936010594E-5
13.0	25.863791684462267	23.43419643135509	25.17913902483837	25.522721514753528	1.513445907475787E-4
14.0	26.323394733074938	21.82895281425964	23.117233316023288	28.730269395783658	1.4974085847033124E-4
15.0	25.079748614026116	24.369271650881554	23.22683527634232	27.32408566876547	5.878998453823407E-5
16.0	26.52524193991958	24.391451986903544	20.650248815268775	28.432912513714513	1.4474419358667426E-4
17.0	27.70555615149286	26.046145925642683	20.208293767970694	26.038673909616346	0.001330245277416992
18.0	26.268745515359683	24.35859802552112	20.189063438400442	29.1832837351796	3.092855391577986E-4
19.0	24.946665375402425	24.28050737727998	23.01903364545728	27.753205815391386	5.877864689315666E-4
20.0	22.8800869631081	24.746198069132674	24.03673736303463	28.336811136294088	1.6646843051066688E-4
21.0	24.22095482534892	23.763287472048116	23.47344157918507	28.542040735396174	2.7538802172260717E-4
22.0	23.45819201591544	25.549135970871088	25.34360152137983	25.648879829079014	1.906627546301088E-4
23.0	24.717375759451844	23.781583628205123	24.14109499850102	27.359484806083962	4.608077580509892E-4
24.0	29.541537910605697	21.108107773863942	23.186172795428284	26.1640202109601	1.613091419805429E-4
25.0	25.335013913654077	24.821172762488427	19.902819539986286	29.940701647595482	2.921362757299025E-4
26.0	26.050948187839808	24.926937875178076	20.355659362702045	28.66629590167164	1.5867260842694357E-4
27.0	25.48614236559764	24.477760077289688	19.858038272649402	30.17800649096109	5.27935021757522E-5
28.0	26.734995684386643	24.76769381842381	22.65708793353458	25.83702872180093	0.0031938418540409033
29.0	28.14536161672358	22.811536066782008	22.09975445497193	26.94300989589359	3.379656288955413E-4
30.0	23.736833818986142	23.648719450975737	25.3453210857631	27.268944976267967	1.806680070512142E-4
31.0	26.362021211951266	23.309478077742167	22.641131304067297	27.686906330604106	4.6307563517254967E-4
32.0	24.475469709295666	22.162375756722334	24.189732173036386	29.172116240917482	3.061200281324306E-4
33.0	24.485028647027853	24.746338900231272	24.625950075429504	26.142606517938464	7.585937290596523E-5
34.0	27.844075767026137	26.481397224473724	21.705657015500723	23.96881977359082	5.0219408596156605E-5
35.0	26.144478305930225	21.572705394052647	25.49827884821671	26.784388294427703	1.4915737271220558E-4
36.0	24.52549153436512	23.724342863614723	25.76524029120125	25.98467693883517	2.48371983739583E-4
37.0	25.497863744435907	25.216431191913415	20.874126776985246	28.411578286665435	0.0
38.0	26.267591334441757	24.896451474055404	21.14725759616497	27.688575481079276	1.2411425859354714E-4
39.0	23.89258043909124	26.29392736544759	21.260921812652352	28.552421474382044	1.489084267775075E-4
40.0	26.482014820520433	24.928520345087545	23.416814357372964	25.172625662002602	2.4815016459800417E-5
41.0	23.773665148064346	24.626616621685898	21.61915379253995	29.975378643609652	0.005185794100154309
42.0	24.953183613520434	25.57360617668658	19.968367306432725	29.504818093404523	2.4809955739038962E-5
43.0	25.931676594908627	26.00183126511842	23.259498106344857	24.803024886798692	0.003969146829408302
44.0	29.929412219935823	23.701946831710476	22.73860147991753	23.62991544745777	1.2402097839653772E-4
45.0	26.430160434703893	24.66706512870241	21.568039045972764	27.3306433012497	0.0040920893712318674
46.0	26.22046814515029	24.54833342012791	22.26804149276753	26.963107345053082	4.959690118561392E-5
47.0	26.476375194927922	23.68947316088344	22.00349078740093	27.82862758098947	0.0020332757982405225
48.0	22.736324735154113	23.898441181815183	21.895595698406524	31.469638384624176	0.0
49.0	21.79289788720436	25.155557494610242	24.635483196865472	28.413979141004837	0.002082280315088674
50.0	26.95496252950272	24.26502847777623	20.629743300943343	28.150216117791754	4.957398595172386E-5
51.0	25.007013887993907	26.500030236548948	21.549464515674924	26.94064119328293	0.0028501664992916717
52.0	22.206491388956163	26.174075262430456	21.6269711197239	29.992437490553048	2.473833643098536E-5
53.0	24.089809599502402	23.961115252279424	23.43323147704778	28.51404185157943	0.0018018195909622705
54.0	23.24959720571336	29.261203209717614	21.572151513835195	25.91697402766644	7.404306739696166E-5
55.0	24.607793120216506	27.1026685956869	22.931930104958838	25.35593305514779	0.0016751239899679782
56.0	27.638244052383847	24.594448809491556	24.24585532619217	23.521451811932423	0.0
57.0	23.877888674735114	27.784375334016676	22.550811171044614	25.78158055337051	0.005344266833085987
58.0	25.58928512064459	24.808767525385413	22.460664459435666	27.141085893626897	1.970009074354299E-4
59.0	28.74828162130738	22.19562936550675	23.87218586633987	25.180603662772043	0.0032994840739567046
60.0	23.273915511461258	22.541421578087327	23.54126252198084	30.643326637571118	7.375089945367792E-5
61.0	24.939057110192266	24.673015002139792	23.01619432700786	27.36561284691112	0.006120713748966669
62.0	25.736596444398565	20.909178052898973	24.415768917859364	28.938235373638015	2.2121120508490822E-4
63.0	26.244560975082237	23.567297426429384	23.12986513774275	27.055376302859063	0.0029001578865615533
64.0	24.664289812712408	21.524758350456814	23.804331301401103	30.0065469739249	7.356150477414166E-5
65.0	23.668331778063386	25.752205532968865	23.827798027071015	26.74651584389372	0.0051488180030137744
66.0	24.02234280759055	23.430748255556097	22.889756735241455	29.656514760320853	6.374412910441705E-4
67.0	26.622131252235537	25.552384027363562	21.189060752865714	26.635786556561275	6.37410973912485E-4
68.0	24.369302925565623	21.465334796700414	25.920792355909043	28.244398318582398	1.716032425168116E-4
69.0	23.618112009083607	23.535036820031785	25.409462139015755	27.43415329125073	0.0032357406181294135
70.0	25.89643813940372	23.10927928527785	24.4771185511288	26.516821311629514	3.4271256012157484E-4
71.0	23.915025103577744	23.12649854110865	25.43821071963427	27.51950865799333	7.569776860071209E-4
72.0	26.947525135853972	26.420540134601517	21.67989683447666	24.950231228860172	0.0018066662076757923
73.0	25.154094582949877	22.530202538258177	22.919094546333344	29.391921416034624	0.004686916423980413
74.0	24.89684000669753	25.07689709189623	23.49958530976311	26.525872130912266	8.054607308604225E-4
75.0	25.37416960012184	24.391247544403313	21.941252145024265	28.290475152619805	0.0028555578307815953
76.0	27.182856223826946	23.54494352270062	25.141824733061995	24.129399312310206	9.762081002331429E-4
77.0	25.180301880732927	24.482351244389854	23.207786005406433	27.128877561155484	6.833083153009083E-4
78.0	26.915535490955676	26.925345453436233	19.189189518957996	26.969563493273952	3.6604337614007257E-4
79.0	26.588623661754756	21.019000257930887	23.44855303700808	28.940626359658143	0.0031966836481334662
80.0	24.2471912799194	23.69033963289907	28.33682143389604	23.722743952921988	0.002903700363499364
81.0	25.358327373715266	24.803113006802384	21.837089783689652	28.000981842501627	4.879932910682344E-4
82.0	22.695075260358973	22.56002822446452	24.07936227544618	30.66431430264004	0.0012199370902841282
83.0	24.97957926951851	21.78916339902449	24.5113419225642	28.71911029048672	8.051184060802542E-4
84.0	23.11119015433678	26.476601863419646	24.217892897892987	26.19309528148537	0.0012198028652193463
85.0	26.3540910951529	26.85385715379973	20.852078321320768	25.939363572184448	6.098575421570124E-4
86.0	25.33626363976745	24.240667270778122	23.608350397652504	26.81254779330607	0.002170898495860048
87.0	22.64268424293789	22.79396862367309	25.196787981147377	29.36580309617155	7.560560700937144E-4
88.0	25.763742735695143	26.430851621619645	24.94721414061109	22.85741111514853	7.803869255925454E-4
89.0	26.159586129031076	25.499323911582998	23.17614023622249	25.163876760481806	0.0010729626816263675
90.0	22.72368609064632	25.309759717069785	25.572348955714613	26.394107701333454	9.753523582313155E-5
91.0	27.400483344321387	25.033207978497224	24.141883404398083	23.423669437736745	7.558350465594389E-4
92.0	26.19101140031792	23.580957860758136	22.876483552920295	27.35152280551194	2.4380491705756722E-5
93.0	26.42105578806712	26.214562437664974	21.092576551863353	26.27146391108157	3.4131132297876045E-4
94.0	27.942220436645115	23.08191313319051	22.647613215394234	26.32318252249388	0.005070692276263017
95.0	23.481021838202047	27.15118539618231	23.406525499029183	25.958853936227133	0.0024133303593302643
96.0	26.13709379408923	24.175814800622845	23.975643001933467	25.7103271292751	0.0011212740793608543
97.0	25.44856280025446	25.319064924429107	23.62652549375178	25.605627417573977	2.1936399066971828E-4
98.0	28.422537298372845	22.436640170568126	23.752313554443415	25.38848460416954	2.43724460723072E-5
99.0	21.792835470480615	21.69157588998668	27.079238545497255	29.436350094035458	0.0
100.0	21.845316579300505	24.9486668986036	24.154209801576975	29.051806720518915	0.0
101.0	23.49419338870678	20.885895557002037	29.64884569361672	25.970943557282673	1.2180339178596904E-4
102.0	25.299009262344757	24.321888403653492	23.966049112058197	26.413004503530136	4.871841341666131E-5
103.0	26.32495508740331	25.303137196932816	25.014215929682837	23.35749696381836	1.948221626769929E-4
104.0	26.02113869602824	27.364661500338965	22.903687534578552	23.710147002672777	3.65266381466676E-4
105.0	27.460282943770427	22.60920257604141	20.901030070780994	29.025588252697904	0.0038961567092670817
106.0	26.090198247968722	23.395821929416165	24.61317588297974	25.900706539631084	9.740000428560018E-5
107.0	26.093688556224215	23.752704287048275	22.44040220068397	27.712425780484327	7.791755592106464E-4
108.0	23.90274501174709	25.371131079592974	24.31306550815286	26.41298537674904	7.302375803626457E-5
109.0	26.214291172875768	24.64078826768898	24.58327837077845	24.56086338345107	7.788052057286964E-4
110.0	24.626457235957545	24.30403712613175	22.282833666120336	28.786623300930707	4.867085966122648E-5
111.0	25.359902351848717	22.889229891703216	24.64990431804953	27.100209079175595	7.543592229418646E-4
112.0	25.844785390421105	23.43847861982577	23.82772446542873	26.88884119733064	1.703269937626255E-4
113.0	28.627974918142833	21.934824252543187	22.453181985073613	26.983167242633222	8.516016071425529E-4
114.0	27.01957458819636	22.318364148902646	25.923645844612636	24.737928760616743	4.866576716107031E-4
115.0	26.794187934608548	22.781450894481175	26.44252259775856	23.98118157314515	6.570000065700001E-4
116.0	26.7952007288258	24.524579377578096	24.80319367416581	23.876977553177614	4.866625267907721E-5
117.0	25.56217717380487	26.573175073115333	23.348167694057064	24.515677061750246	8.029972724859311E-4
118.0	28.329051958300212	23.67399646832184	24.638114919941085	23.358349995291583	4.866581452825428E-4
119.0	27.327146475430318	20.714561891573528	24.14624110544887	27.811636869935587	4.136576117015465E-4
120.0	25.313382673848423	23.279351734152993	24.938413576557934	26.46880334975638	4.866568426872023E-5
121.0	27.512936032187696	22.694320312338416	25.30785505804029	24.48413427437163	7.543230619676395E-4
122.0	27.32329777640648	22.276181887818293	24.249267699908554	26.150644312148906	6.083237177631013E-4
123.0	25.120963375805864	27.482246335816473	23.0218397139461	24.374342259743074	6.083146884881312E-4
124.0	24.44777528505453	24.5576362494951	22.22196537980505	28.772525755887234	9.732975808688626E-5
125.0	27.161212380756567	23.502414371624656	24.437552998772436	24.897895621769127	9.246270772173105E-4
126.0	25.253299216208035	23.253233032359034	25.191397851555465	26.30197257068776	9.732918970529694E-5
127.0	25.701688646649473	22.167623728648596	27.511168426687433	24.618302593800184	0.0012166042143169984
128.0	26.51060413946011	22.864700470562415	24.097593948848147	26.51685754142027	0.01024389970905865
129.0	24.281462433993234	27.1078488862978	22.436679492900637	26.171332661444357	0.0026765253639709514
130.0	27.142445579626674	24.404090159877715	23.59676925644915	24.856670671760874	2.4332285585116038E-5
131.0	27.218802739998015	23.68049026420853	24.274755072286037	24.825294954674018	6.569688333985435E-4
132.0	25.780610706748785	26.419017349662255	21.576426669859064	26.217034899579367	0.0069103741505288745
133.0	28.358970515739752	25.071451408905475	23.48898458459881	23.078841574719462	0.0017519160365040904
134.0	26.39158501244583	23.205014343728784	21.169591781615207	29.233614206009523	1.9465620065161165E-4
135.0	26.873836186099272	22.670273592528815	26.78935664890699	23.666144265841922	3.8930662300592887E-4
136.0	27.794488349911433	26.605561287057405	24.721303019095632	20.87176143110194	0.006885912833589629
137.0	28.922935273532797	21.153102156835168	23.68297087608259	26.240797037727702	1.946558217419847E-4
138.0	26.15493573174719	23.074288027653644	27.036142620245084	23.733368497267335	0.0012651230867446242
139.0	27.63571912554878	23.77876204158643	24.66051211183789	23.92393622262474	0.0010704984021594872
140.0	27.610398994697345	20.912217273834273	25.63850221582622	25.838589559401537	2.919562406254676E-4
141.0	26.207170727327888	23.81960460102571	26.018076813684832	23.954734245438157	4.1361252340864406E-4
142.0	28.533414304382532	22.08239631484405	23.769139081645243	25.614782666453532	2.676326746406605E-4
143.0	26.96638371473735	24.97447155448708	24.12948426579169	23.929441493328298	2.1897165557899632E-4
144.0	28.880659311302605	24.70935671504416	22.673448647443973	23.735756757670785	7.785685384833046E-4
145.0	28.679650177551075	21.81463400391963	22.66223204629588	26.842242921983367	0.0012408502500556558
146.0	27.504799786086835	22.08765330301437	24.27671098292758	26.12562921539951	0.005206712571704826
147.0	26.789362968340868	24.01487654540261	25.866707671406054	23.326133173596517	0.00291964125394699
148.0	24.961709720876943	24.076246255825048	24.107778711261734	26.853681377676335	5.839343599385994E-4
149.0	27.87873405555995	24.89117330397387	23.59505836410197	23.63311212355306	0.0019221528111484862
150.0	25.83844028221453	24.13823811297681	25.184535087397013	24.838762186055554	2.4331356086233245E-5
151.0	27.3084203065314	23.96318936899711	25.148724107868258	23.579106577439095	5.596391641326773E-4
152.0	28.046664752514754	23.576357628463114	23.09292072004555	25.283910904339447	1.459946371303294E-4
153.0	25.93589406680682	22.148227633730436	24.59194697500584	27.32322568714475	7.05637312154481E-4
154.0	24.134678859882566	24.674302391137882	24.27081962091307	26.917254886407022	0.0029442416594621964
155.0	27.194463475806913	23.39118191454019	24.61170950041558	24.802426062649758	2.190465875583972E-4
156.0	26.74723433006083	23.435999745903732	25.757135079182387	24.059192747839393	4.380970136630289E-4
157.0	25.859731601449234	22.352364490080234	26.28071982487747	25.506697307593267	4.8677599980139543E-4
158.0	25.316396850902716	21.35505327110947	26.062781391060618	27.26564679115009	1.2169577710785604E-4
159.0	27.168941714114364	21.050056723050588	24.632285918250172	27.148034140437073	6.815041478046195E-4
160.0	26.768750416816555	21.094106347732836	26.01125173480877	26.125818481682707	7.30189591293414E-5
161.0	25.295180579198938	19.759829738430213	28.80675243677623	26.133783067405105	0.004454178189520171
162.0	25.71214447541595	21.829353067688047	25.578273581479667	26.88018019509127	4.868032506773867E-5
163.0	24.627214616940364	23.229395698348405	28.489076702474414	23.654288641440353	2.4340796464937447E-5
164.0	26.643334651012896	23.506462147220507	24.028170755692475	25.819744357183332	0.002288088890792925
165.0	26.56076714633598	21.47728345992851	26.908202023900053	25.053065790870154	6.815789653047096E-4
166.0	25.236787571199365	23.03564721286989	25.36636378662451	26.36103103037556	1.703989306736819E-4
167.0	26.05959146075468	23.210936769700556	26.429707218084943	24.29930202847973	4.6252298008911597E-4
168.0	26.125548444611933	23.658822718892786	24.42537319064705	25.79006089217146	1.9475367676683578E-4
169.0	27.27521263151847	21.57980160640048	25.47159683062975	25.673023762973525	3.6516847778059365E-4
170.0	30.69064691456124	23.130529535405824	22.479267057054116	23.699166981927174	3.895110516457572E-4
171.0	26.19735261067953	23.236469472450132	26.309112986307348	24.256261599612063	8.033309509296243E-4
172.0	28.09831737800857	24.086107648675576	23.82530148336092	23.990078804005275	1.946859496610274E-4
173.0	28.965069854451237	19.893213304756955	23.866264300355645	27.273676249875905	0.0017762905602566423
174.0	25.663568682789155	25.015619677874557	23.220938153861127	26.099313901999903	5.595834752566785E-4
175.0	25.34629297021439	24.304306247565748	23.497369854442493	26.85020638061173	0.00182454716563896
176.0	24.470483832634237	23.684234212428244	27.85730983966307	23.986196297005364	0.0017758182690831743
177.0	23.819635151994053	24.77503537347972	25.03367049238716	26.346625068362776	0.025033913776291692
178.0	23.937473484273497	23.02316744705612	25.12961081724875	27.90918874526609	5.595061555407651E-4
179.0	27.74243821645328	23.069312061315106	24.11014979178623	25.076396949328284	0.0017029811171020907
180.0	27.18017074208035	21.766469431471013	25.63786857229811	25.415198620329075	2.926338214465475E-4
181.0	28.19747531143499	22.352921641963245	25.584881463388548	23.863891366651227	8.302165619901951E-4
182.0	26.831210229961222	22.092157352015537	25.042812838919716	26.033770747807356	4.8831296173042485E-5
183.0	23.293611610033665	23.636842655290256	26.76130242715649	26.307559628977423	6.83678542162944E-4
184.0	26.19526861723494	21.561169266548006	26.419650468310735	25.81963840555805	0.004273242348271205
185.0	25.357217325742255	24.961215288476705	23.29536492787777	26.385567643613307	6.348142899626583E-4
186.0	27.382865704500382	24.06661030995702	23.892607748022023	24.657867401550345	4.8835970231545986E-5
187.0	24.474828605740463	22.62176622050603	27.48852374923734	25.41414721857091	7.342059452571152E-4
188.0	29.329484098040464	26.439082057733632	22.51068370838494	21.72028509469706	4.650411439033106E-4
189.0	25.692233657528597	22.664841956646576	25.377307180353053	26.264270947408306	0.0013462580634738648
190.0	30.00778940503829	21.285785486345777	24.385464412063936	24.320593502725558	3.6719382644363475E-4
191.0	25.639474087468205	24.021379754206382	24.63259064022802	25.706065156762385	4.903613350087345E-4
192.0	26.807990078116685	22.03318181439232	25.19801346555319	25.96076560139157	4.9040546233220166E-5
193.0	27.159022439399056	23.482343224247096	22.97157548599325	26.38678909593767	2.6975442293030306E-4
194.0	28.10261350420869	22.867708118230865	24.585200688458702	24.444477689101742	0.0
195.0	27.882125194332957	21.317608123694125	24.13704882742841	26.662580094123626	6.37760420882631E-4
196.0	29.50586042570384	22.308250552398544	26.043695947455355	22.142070196332185	1.2287811007568556E-4
197.0	25.8708837586115	23.108615778798328	22.906103535644025	28.113733274735303	6.636522108467317E-4
198.0	27.947858052777043	22.572770628496507	23.763342133859478	25.7159060087056	1.2317616137259632E-4
199.0	25.69767186451487	22.99565953390892	25.0978499058089	26.208251056487757	5.676392795522264E-4
200.0	27.760597834068317	23.329513404593147	23.71452569245567	25.19526434145473	9.872742813321983E-5
201.0	24.966078764405573	20.793538464348575	29.496257618239298	24.743828951567856	2.9620143869975464E-4
202.0	26.1083854500303	24.691280311922597	27.320726585131343	21.879558282450898	4.93704648599545E-5
203.0	25.61221249801859	23.41140294695549	23.60571692971068	27.369976292212677	6.913331025597595E-4
204.0	25.121131532225604	22.704130892676798	24.712289461272725	27.462324648803747	1.234650211248651E-4
205.0	27.451171168412518	23.61116907432838	25.256852507579325	23.679992334861833	8.149148179418561E-4
206.0	25.10619675344176	20.87240385983214	25.23363285757188	28.787667741476596	9.878767762024435E-5
207.0	26.147749011684418	23.440437390624556	27.264073231066394	23.147394564233412	3.458023912235353E-4
208.0	28.689708567477318	22.408601396130983	21.621971485962725	27.279693846267485	2.4704161490115496E-5
209.0	27.86006688989654	20.901684304989466	24.732534304791802	26.504899131459204	8.15368862990358E-4
210.0	25.506942386850596	24.128423839593268	23.883209449366056	26.481078360120424	3.4596406965442885E-4
211.0	26.99152568556425	25.111060852671503	24.23582248554349	23.660824740993956	7.662352267994479E-4
212.0	28.587895826070188	21.776065117360098	24.222416730335105	25.413350344551343	2.7198168326991214E-4
213.0	31.446483936188557	21.170028203912235	22.34135268446771	25.04168988956168	4.452858698177074E-4
214.0	28.831184390279645	24.065167072494248	23.675924090068722	23.427674940895713	4.95062616757424E-5
215.0	26.16068682981024	24.185679142157106	22.679742290027875	26.97339576038329	4.959776214897184E-4
216.0	25.85296702261653	24.15369639083475	25.786458140236295	24.20682834545941	5.010085301712347E-5
217.0	29.408084069358026	22.2991712455679	25.01470956521476	23.277253299847896	7.818200114145722E-4
218.0	24.700297330688244	23.437945541349674	26.68136574218334	25.18018789142457	2.0349435417632735E-4
219.0	27.601540110616895	23.020375352587198	23.007653101138565	26.369815842845313	6.155928120305303E-4
220.0	28.1633312353729	21.618569187554318	24.659128584226508	25.558533739139065	4.3725370720411495E-4
221.0	25.670830217019812	21.39382272801956	23.55580572448005	29.379230347010903	3.109834696736695E-4
222.0	25.682973971330725	23.79435957635492	25.229336967579385	25.29291191529186	4.175694431032926E-4
223.0	30.814205921870798	21.586156373134383	24.61250907184798	22.98626026191129	8.683712355449083E-4
224.0	29.73431586850183	23.20962542823792	23.89085192062533	23.16507497656488	1.3180607003858227E-4
225.0	31.075253672244287	19.300614913275147	23.635745560504066	25.98732684549437	0.0010590084821284376
226.0	25.726719774705114	21.437249166631958	25.506261848874534	27.329634849765338	1.3436002305617997E-4
227.0	28.39603095654511	23.16528723226728	24.405694582604607	24.03144308559862	0.001544142984389527
228.0	27.514086004611972	27.301049905285524	22.40576678700774	22.779042846014164	5.445708060492014E-5
229.0	29.331839593175474	24.168523544941948	22.07668323784654	24.422953624036037	0.0
230.0	26.571082501600184	22.334771126833644	26.834943944317622	24.259202427248542	0.0
231.0	25.10725390640375	24.29341744963424	24.797918458917394	25.79989204325017	0.001518141794443601
232.0	25.779396520231124	24.89926888180477	23.65732574667886	25.663811076142583	1.9777514265944843E-4
233.0	22.984668440251667	24.721048488961518	23.522166292714584	28.771574542795776	5.422352764572288E-4
234.0	27.729377340477868	20.0949222592437	26.60017875836861	25.574159065957087	0.0013625759527377485
235.0	25.771570688625502	21.87830835972203	28.236896953179354	24.11287218176493	3.518167081859246E-4
236.0	28.982012668817976	22.765268316003347	24.700250986016492	23.55225887414844	2.0915501374447234E-4
237.0	28.015656988471598	23.982451004834626	22.791566039504836	25.210205380401575	1.2058678736600169E-4
238.0	27.46765854356844	21.672736174357407	25.618358757504474	25.24124652456968	0.0
239.0	27.93833582128762	23.785615606427264	23.846377322219443	24.428373186961267	0.0012980631044106328
240.0	25.253394264059466	21.606828361918886	26.23973994671517	26.899879105367052	1.5832193943109227E-4
241.0	29.267551063114706	20.937620880549407	23.14669904944292	26.64546567150929	0.002663335383678827
242.0	26.327890862959485	23.283439167677248	21.36676103699124	29.020924032788898	9.848995831333086E-4
243.0	26.85233142065848	23.86422926631278	24.0788839104518	25.20156303470669	0.0029923678702458356
244.0	26.098848689982102	22.948872137276734	25.31306125964609	25.63822897958012	9.889335149568218E-4
245.0	27.721278590919734	21.51260821340893	22.88975057344951	27.874475643907363	0.001886978314461418
246.0	24.085521053014325	26.006150293594988	23.621574017684576	26.284031565826048	0.002723069880059985
247.0	25.940530024964335	21.680503988064387	25.09677133449067	27.147835514100322	0.13435913838027877
248.0	26.643194224120137	22.3417314136129	24.77470120380129	26.228766613274416	0.011606545191257218
249.0	25.06913250880361	21.025119466607453	29.47707241345044	24.409610155122895	0.01906545601560454
250.0	28.28352610464432	22.639106872207233	21.972264413413782	27.104129590582733	9.730191519359676E-4
