# Position (bp)	A	C	G	T	N
0.0	23.71650115029828	23.56654287896919	25.65050361427695	27.06640819913187	4.415732371292441E-5
1.0	22.6266879244585	30.434081760286098	23.296880918195672	23.567565424964986	0.07478397209474398
2.0	24.212841655798474	26.823933499400216	22.336655110556674	26.62573456463707	8.351696075625927E-4
3.0	26.080747595239412	21.89305107870501	24.745203876432775	27.27221213375116	0.008785315871639506
4.0	26.167090781311796	23.26723524513417	23.218114911730453	27.347295682019805	2.6337980377326686E-4
5.0	28.569517590796018	23.569552677653533	22.223840116207672	25.636475595336254	6.140200065261555E-4
6.0	25.33862595098987	23.671810418505597	24.345603379429196	26.6382245386911	0.005735712384234934
7.0	25.76241051835218	26.120140434669164	22.921025384619757	25.195549551384396	8.741109745069904E-4
8.0	27.34350456230496	24.32080299359811	23.742224533821098	24.593337010171812	1.3090010402194935E-4
9.0	26.126886491298208	25.499326276438318	22.561551854939086	25.811974075361228	2.613019631616492E-4
10.0	24.308310543934077	24.80264177153272	23.271080992161373	27.61792317346809	4.351890374140719E-5
11.0	26.98240394762515	22.639260995172467	23.321913137980157	27.056296038318145	1.258809040766531E-4
12.0	28.84084395473029	24.310529372598346	19.9674557397648	26.881088375168776	8.255773778589228E-5
13.0	25.0001628423149	22.723098042472532	25.415044350104466	26.8615319227932	1.6284231490121173E-4
14.0	26.835674363655027	21.647301760452116	22.972340352734467	28.54456276503892	1.2075811947405813E-4
15.0	25.18486775189137	23.235212466355637	24.221279718938266	27.358640062814725	0.0
16.0	26.16974748147577	25.3085683968934	21.386012189259958	27.13551611925624	1.5581311463404562E-4
17.0	28.662424502077073	26.567621102967863	19.010142994226506	25.75855579712185	0.0012556036067023358
18.0	26.25953039758825	25.59225152999885	19.24713634963117	28.90089292726691	1.8879551482271344E-4
19.0	25.211566088983677	24.33782464127548	21.113758167011103	29.33606174715212	7.893555776240999E-4
20.0	23.021866966150217	25.640957850867917	23.7957231246779	27.54130311091516	1.489473888033269E-4
21.0	23.607170411715416	24.569845435987165	23.540058547533878	28.28263028302897	2.95321734572208E-4
22.0	21.994314003107355	26.868978865112357	26.129332546224703	25.007301660111274	7.292544430738512E-5
23.0	24.821256717819686	23.92583729976984	23.029040982323508	28.223393955556585	4.7104453037585006E-4
24.0	28.064178943602787	21.556116648230823	24.542293882295393	25.83737471652426	3.580934674083021E-5
25.0	24.848420678386958	25.64465033531237	19.370707672346448	30.13600884439934	2.1246955488336483E-4
26.0	26.269048339893025	24.95053418161014	19.569792428169514	29.21048439756488	1.4065276243783586E-4
27.0	25.636941112131645	23.907009191808	20.655521044402533	29.80052865165782	0.0
28.0	28.06788024289964	23.25272404670466	22.741865890744947	25.93479851250939	0.002731307141365543
29.0	28.071994977570156	23.256276844403516	22.453560587831515	26.217724514815416	4.4307537939181427E-4
30.0	24.161381048315526	24.784092872267163	25.12014561834889	25.934211420451685	1.6904061674130936E-4
31.0	26.29146984787718	24.192263760273704	22.685128504562876	26.8306333674613	5.045198249383477E-4
32.0	24.173999159973782	23.013392864565894	23.98231621766057	28.829959205852646	3.325519471082779E-4
33.0	23.976748623273746	24.69271206847774	25.388378259239037	25.941963668901447	1.9738010803271248E-4
34.0	25.79175238938514	26.47096929607542	23.06873225865257	24.66854605588687	0.0
35.0	25.07308701595442	22.137375587922804	25.755307599536902	27.033972306273142	2.574903127316407E-4
36.0	23.888198825667093	25.003914764562683	25.644424909027947	25.46323642187625	2.2507886602694967E-4
37.0	25.439362820253216	25.678723069159588	21.088579684431462	27.79333442615574	0.0
38.0	26.833350150357045	25.73583047925947	21.127044794766974	26.303742441176304	3.213444021483801E-5
39.0	23.372294117779347	27.636712130017926	21.64336312498454	27.347437863379913	1.9276383827499495E-4
40.0	26.183338815620406	25.85803146490137	23.186926287223873	24.771510695599435	1.9273665491401375E-4
41.0	24.214422197661793	23.73648948788932	21.610202835541365	30.433810655779563	0.00507482312796038
42.0	24.882697410382747	25.696926720325575	20.354576583416353	29.065702938779125	9.634709619486778E-5
43.0	26.52238960778729	25.392496903600748	22.351683519577563	25.729351745495734	0.004078223538671354
44.0	29.261154570802194	24.37502167276501	22.93444100962335	23.429029561009315	3.5318580013279786E-4
45.0	25.399909916533144	23.785951923166444	21.908806381222572	28.901254587242114	0.004077191835728336
46.0	24.821977436404463	24.428422618808774	22.073353353481885	28.676246591304878	0.0
47.0	24.82510602771534	24.024646127585054	23.529887570338754	27.6185948844135	0.0017653899473560716
48.0	23.077290872450487	23.903564506398656	22.91764539771779	30.10149922343307	0.0
49.0	22.28070648302523	25.697671881477604	24.09950495875512	27.92057649138074	0.0015401853613082337
50.0	27.32681927036677	24.615207408757346	19.887100127569028	28.170841108541477	3.2084765383361615E-5
51.0	24.759818729664108	26.80977617726435	21.45997877031424	26.96792418390977	0.002502138847534094
52.0	22.664733590316015	25.326606603070545	21.420990303793978	30.58766950281946	0.0
53.0	22.337829839711944	24.857696161461558	24.17387754763078	28.62896747509663	0.0016289760990877416
54.0	23.098329293103504	28.74216307197997	21.676455840128263	26.482955979061067	9.581572719346154E-5
55.0	23.87416592204424	28.713999389866046	21.844419662617575	25.566045726928756	0.0013692985433847913
56.0	26.71976489467383	25.95589546346061	24.422743829440382	22.901595812425178	0.0
57.0	22.991020120202915	27.999326333912975	22.6940785515033	26.309971722579466	0.005603271801343639
58.0	25.916957198265216	25.216975534225856	21.356491821397558	27.50938444652139	1.9099958998754682E-4
59.0	27.767535309988144	22.291574622390346	24.587312723054847	25.350553411569376	0.00302393299728419
60.0	24.190660426430274	22.53313603018395	24.165557975064687	29.11055024255641	9.532576467945281E-5
61.0	24.993311859264995	23.954981981735816	22.248155757107064	28.797227646517943	0.006322755374183205
62.0	25.50374910763899	22.00127781966222	24.757231738092084	27.737264773320447	4.7656128625797405E-4
63.0	26.57218757981978	23.294731799183914	23.063516530716242	27.06708610306648	0.002477987213585978
64.0	25.516239852172756	21.652132371192454	23.20404578485354	29.62755029096593	3.1700815313269045E-5
65.0	24.110888309732097	26.94649195601085	23.347855221508453	25.589249069189655	0.00551544355894456
66.0	24.9435322473183	23.863243756216523	22.989903318585895	28.2026233494712	6.973284080816559E-4
67.0	27.231768172240407	25.310044398915764	20.490695498492567	26.96704819475682	4.437355944408805E-4
68.0	22.970623760565598	22.85196133709478	26.81875360717603	27.35847113102341	1.901641401775943E-4
69.0	22.599492092830445	24.193159384794033	25.370004319714663	27.834396781796727	0.0029474208641267503
70.0	24.725507611644197	22.609531256326168	25.01622661848658	27.64838657435524	3.479391878213693E-4
71.0	24.737763918951085	22.785193265997513	26.297417917718295	26.178805138625926	8.197587071774604E-4
72.0	26.897422058343224	25.723394918265768	22.214049990100847	25.1635252087965	0.0016078244936613883
73.0	26.29877519419921	22.108857476283454	23.31304704724521	28.275064638500396	0.004255643771723485
74.0	25.63421888415805	25.95988607322027	22.495968560445117	25.90907543551525	8.510466613124275E-4
75.0	25.55013719941729	24.075393175770955	22.16843789338852	28.203793927925076	0.002237803498159643
76.0	27.689282518659013	23.632914500247885	25.16871985963466	23.50823215499692	8.509664615207149E-4
77.0	24.466403049944834	24.801412903268506	24.651619692276274	26.079807982310975	7.563721994137485E-4
78.0	27.504721638418772	25.98733690138874	20.112777275123797	26.394533897944537	6.3028712414797E-4
79.0	28.030198701709196	20.180074113314145	22.45102732246981	29.33576911235141	0.002930750155440055
80.0	24.190114547717712	22.68545858477634	28.416184788945436	24.70578410827674	0.002457970283769518
81.0	25.647026644284793	25.11630266707548	21.734883174234835	27.50118878767606	5.987267288313074E-4
82.0	22.99413070016279	21.666432432466497	24.475919358731886	30.862477634835393	0.0010398738034361212
83.0	24.975162033659895	22.44907862409798	24.5112364029268	28.06332554924755	0.001197390067775429
84.0	23.672114515097377	25.935697113491063	24.826970158141997	25.564020883944128	0.0011973293254309598
85.0	24.926193553428305	26.671302478195198	21.39737894955073	27.004337329961604	7.876888641589595E-4
86.0	25.907417629504163	24.839128001935755	22.5764913899139	26.675198616740264	0.0017643619059141413
87.0	22.122256090357034	21.951938753810165	26.048281782881627	29.87664122618401	8.821467671683876E-4
88.0	25.313198012721355	26.671371278971957	25.657285795746315	22.357294301853386	8.50610706983514E-4
89.0	26.760133433344286	26.00677499646381	22.47096148811761	24.76105898619515	0.0010710958791476219
90.0	23.1104970304559	25.775069438472176	24.53615541616933	26.578057600303428	2.20514599169038E-4
91.0	27.057571264360213	24.31117129938954	24.41616477391752	24.214557142060613	5.355202721199011E-4
92.0	25.699013507609354	23.90280796111361	22.53257989007053	27.86556714098648	3.15002200290369E-5
93.0	26.944570354175063	25.676943735622537	21.128223284728854	26.24988463378748	3.7799168607286485E-4
94.0	27.78703661997207	22.717555405272176	23.251803374320378	26.239415284953775	0.004189315481599613
95.0	23.889655685067464	26.57682657254287	23.925594662510637	25.60571823463711	0.00220484524191247
96.0	26.00267407049278	24.65672525579264	24.055925554381428	25.283446747728693	0.001228371604458044
97.0	26.31051142984926	24.661073001114953	22.856202480614296	26.171992617369337	2.2047105215085256E-4
98.0	28.051823217017912	23.05403102010581	24.295691917928934	24.59842234989616	3.1495051182607675E-5
99.0	22.017180165668133	21.975681268317135	26.78864025934607	29.218498306668668	0.0
100.0	22.893171622042416	24.69691726963115	24.239250933452304	28.17066017487413	0.0
101.0	23.466134630303152	22.040510996705525	28.481303585641314	26.01195633557331	9.44517767008876E-5
102.0	25.25472152325628	24.425178140536815	24.55072435473749	25.769375981469416	0.0
103.0	26.442669041241334	25.59886796266972	25.094942577885032	22.86326851848645	2.518997174629794E-4
104.0	25.367931835786212	27.18073214814255	23.15196513700226	24.298835590989526	5.35288079449346E-4
105.0	27.656109919571893	22.787534193991682	21.307796781175142	28.245284165572134	0.0032749396891515415
106.0	26.827690751632566	22.403810970521533	24.287411113357354	26.480961206975273	1.259575132711985E-4
107.0	26.06201028497978	24.404579905085463	22.534881296999494	26.99764681728338	8.816956518864035E-4
108.0	23.50148605276739	24.473442336775864	24.51339997978502	27.51151419315002	1.574375217066983E-4
109.0	25.866381019042862	24.273278376393012	25.717448781321817	24.141915734580714	9.760886615966731E-4
110.0	24.442193543349333	24.779723754192364	22.618648796037295	28.159307962312486	1.2594410852351945E-4
111.0	24.764460319569455	23.54864671346498	24.116643544597466	27.56936778196277	8.81640405327879E-4
112.0	25.567890750870507	24.299851983953435	22.851744344392188	27.280386976477068	1.2594430679781245E-4
113.0	29.116152282096795	21.67511817737027	22.73158325247044	26.476201750668576	9.445373939205796E-4
114.0	27.0526504703971	21.44913162302742	27.79936650671906	23.698316142114077	5.352577423458143E-4
115.0	27.18775456352599	23.151390572202914	26.514030100961055	23.14600606654304	8.186967669979554E-4
116.0	26.862749790443996	24.006018083219082	24.92038131320924	24.210724859104683	1.2595402300298323E-4
117.0	26.195997178628105	26.276544827065017	23.554991561075145	23.971584754515455	8.816787162757892E-4
118.0	27.227587935473736	23.950106791216008	24.719324723071782	24.10247674382357	5.038064149041052E-4
119.0	27.36705809966537	20.826685333023487	24.54068576189626	27.264972524747566	5.982806673159586E-4
120.0	24.779434014724448	23.5324753676782	25.183835163786718	26.504129501572354	1.2595223828148247E-4
121.0	27.9624706329491	23.116470330028815	24.38051699864568	24.539754823501703	7.87214874708455E-4
122.0	27.303185111292482	23.370508499340005	24.305209183519242	25.020498926876456	5.98278971816652E-4
123.0	24.786943246057604	27.272051708594724	23.234577021138318	24.705609332082624	8.186921267322818E-4
124.0	25.59114425072187	24.39367842332144	22.475226636521935	27.539761760066	1.8892936875549075E-4
125.0	26.798661390992102	23.668774879291547	24.4921491488535	25.039281020355595	0.0011335605072557318
126.0	24.299127808393052	24.44781508114666	24.276519281955718	26.976411875711044	1.2595279352275163E-4
127.0	26.552511005753125	22.77045530330725	27.419651940794225	23.256342654649682	0.0010390954957099525
128.0	25.967485813734754	22.799479687371587	25.00567576563008	26.218227126979393	0.009131606284182515
129.0	24.311704309399364	26.58462695294603	22.285146416044693	26.815121581193154	0.003400740416760738
130.0	26.55945687650459	23.706295137615115	24.024114330518735	25.710039188148777	9.446721279212018E-5
131.0	25.313124576268255	24.531773465173934	24.741242194912353	25.413135503154784	7.242604906770356E-4
132.0	26.793538930009277	26.1370088187087	21.244349555285794	25.819434538289194	0.005668157707041269
133.0	27.11810767738163	24.883638105296768	24.93912275679994	23.057147616568937	0.001983843952724054
134.0	26.397605791294605	22.598462116414744	21.13495670038036	29.86884943396072	1.2595794956832637E-4
135.0	26.759675471591173	23.328321291311955	26.469344409158968	23.442029042553024	6.297853848854657E-4
136.0	28.26863457944367	26.343810568976405	23.641814262749104	21.7398834556456	0.005857133185225539
137.0	28.686695841196673	20.738877459731246	24.522728138705084	26.051509619753865	1.8894061313118367E-4
138.0	25.37293317841027	23.777823960803207	27.633235404327138	23.214716430975795	0.0012910254835835089
139.0	26.178197095355983	23.023753189018503	25.163442118408863	25.633474003870592	0.0011335933460589682
140.0	26.414759249643467	21.14505165290232	25.772479096846475	26.6673951110883	3.148895194376577E-4
141.0	26.07605420026892	25.077984525905094	25.22967096292704	23.615975412752746	3.1489814619461336E-4
142.0	29.148070460948677	22.17027758192696	23.45138860241661	25.230042924131258	2.204305764920867E-4
143.0	27.281037757713776	24.706985983191924	24.022961214454142	23.988889084826376	1.259598137810113E-4
144.0	28.039237852794756	24.95774823521928	22.65771551706493	24.34463710402452	6.612908965120684E-4
145.0	27.818690353904106	21.975585132412522	23.013843656927214	27.190841685020118	0.0010391717360403022
146.0	27.189890892784714	21.374912142365897	24.937240048469704	26.49364276015307	0.004314156226618533
147.0	26.758064170759265	24.23996709966961	26.64555184258225	22.352512177026952	0.00390470996192278
148.0	24.743511744611386	23.603910335862633	23.14412089240908	28.507921692513882	5.353346030210506E-4
149.0	28.53011734045106	24.617939718083125	24.028560757740557	22.821083366451	0.002298817274257718
150.0	25.65059496554534	24.277132450610587	24.603697459091197	25.468543633430933	3.1491321936413983E-5
151.0	26.148718355686057	24.11388992811102	25.75749846006175	23.9791689498062	7.243063349721551E-4
152.0	27.46768491910404	23.37991575798134	23.669771286855884	25.482502066685036	1.2596937369602015E-4
153.0	24.489479062839038	23.198906572062477	25.4008789623772	26.90988509873761	8.503039836741636E-4
154.0	22.622015108574576	23.807830672100724	24.833849455308393	28.733596344010913	0.0027084200053979443
155.0	27.88247086752283	23.50992167496623	23.549518910909054	25.05786803693474	2.205096671438076E-4
156.0	26.303402709327408	23.31695564667921	26.499468725359836	23.87982640093169	3.465177018567993E-4
157.0	24.691911058691886	22.649955519265326	26.933903896411554	25.723914506263846	3.1501936739070714E-4
158.0	24.43398345416187	21.19355467747083	25.845209056516754	28.52718980648848	6.300536207133908E-5
159.0	26.37019045233809	21.385666378412775	24.588529385357646	27.65495221758601	6.615663054829671E-4
160.0	25.894985623208022	21.104916399750113	25.307942472669602	27.69206099275631	9.451161595015835E-5
161.0	24.427611501358296	20.253865620901525	29.42818014875564	25.886499239650696	0.0038434893338445387
162.0	25.30391457280891	22.550781071557402	25.568362073175148	26.57687927376176	6.300869677537242E-5
163.0	25.097335106862257	24.132143867557467	27.099391761911935	23.67100324313834	1.2602053000454304E-4
164.0	25.958772325303485	23.219512840603738	24.397918988239883	26.42184249502132	0.0019533508315761052
165.0	27.03134260030883	22.241938446521857	26.399191158701708	24.326834645957067	6.931485105341245E-4
166.0	24.941348391499723	22.618662774833904	25.525438382570435	26.914392912528918	1.5753856701659132E-4
167.0	26.523699542173308	23.49671833102792	26.749115383039936	23.229868071550783	5.986722080606486E-4
168.0	26.31036475503075	24.735236083390944	23.30420326306363	25.650069857971214	1.260405434616153E-4
169.0	25.887196390082813	21.660858111599886	26.055623479587076	26.39610144068972	2.2057804051073268E-4
170.0	32.18087855297158	21.996029495178675	23.125575092960233	22.69723325140228	2.836074872376631E-4
171.0	25.892591537507435	22.919576320751865	27.115969778252847	24.07085396351609	0.0010083999717648009
172.0	27.378137470159846	24.731785216424626	24.570988689100247	23.318868052947213	2.2057136807185335E-4
173.0	29.595759047928443	18.550699247265037	23.405113455361956	28.446726726234683	0.001701523209879422
174.0	24.26551380238818	25.66650228687477	24.30234958067398	25.765067141004778	5.671890582928554E-4
175.0	26.461684193211205	23.83936733643686	22.32353735468556	27.373614921895506	0.001796193770863027
176.0	24.492805140994783	23.810631285771823	28.63875952575886	23.056417451196538	0.0013865962779974273
177.0	21.93393327521751	26.281526416541706	24.622073802054476	27.13605595255429	0.026410553632018417
178.0	26.01748587934724	22.66196561251158	24.008907127813693	27.31129472590508	3.4665442241227986E-4
179.0	28.696372965545063	23.66305896294802	22.79765131554065	24.841656055773377	0.0012607001928871295
180.0	27.06630729467186	21.82315420062126	25.82536734193824	25.284918232332416	2.529304362259617E-4
181.0	28.67378346710726	21.778093554429077	26.06537400263483	23.481925394281745	8.235815470852656E-4
182.0	25.509763270694098	22.626388543145314	25.841170363642007	26.022582809017162	9.501350141855157E-5
183.0	23.4518221495854	24.81572629431849	26.621976017179456	25.109968770389514	5.06768527140622E-4
184.0	26.245011938405554	21.712757337732395	26.17941247460436	25.85914391907858	0.0036743301791109266
185.0	24.895656781841986	24.61372341770007	24.228753402220814	26.2611062139051	7.601843320307785E-4
186.0	26.81643137507076	22.27838205205611	25.112334618258696	25.792851954614438	0.0
187.0	23.473692531230586	23.106141292943544	27.871196433565704	25.548207846447518	7.618958126523593E-4
188.0	27.58627367872966	28.095748345485227	21.84245241236112	22.475239823285598	2.857401383934737E-4
189.0	25.07683119236867	23.49997793256382	24.827326280855914	26.59472153276919	0.001143061442410183
190.0	29.04819894987036	21.69586251462703	24.59840559391706	24.657247148820232	2.857927653149198E-4
191.0	26.517975074631046	24.039212792002708	24.509331107338912	24.93325834175292	2.2268427441828504E-4
192.0	26.87390015516741	23.550702389425325	24.155591196723446	25.419710810208024	9.544847579919804E-5
193.0	27.986216166505756	24.734592152417708	20.94009206618124	26.338813220718897	2.86394176397174E-4
194.0	28.814981200937694	22.715135807073946	23.897882296929073	24.572000695059288	0.0
195.0	27.02017219882474	21.217016419335238	24.77322868180905	26.98900974375804	5.729562729321769E-4
196.0	28.461819638715568	22.253167264444436	26.41852105470664	22.8663004978555	1.9154427785412947E-4
197.0	25.492011744101205	23.877628892149367	23.52045239376266	27.10933221788852	5.74752098244292E-4
198.0	27.39132089848492	22.97877199980679	24.727880395648647	24.901866762717976	1.599433416706466E-4
199.0	25.540944378651925	22.346346142190725	25.22764158031599	26.884522745558687	5.451532826725594E-4
200.0	27.374007482805133	23.348776587658694	24.674431268965986	24.60268844757771	9.621299247421973E-5
201.0	24.296948267965345	20.80875966535764	29.29121352117302	25.60288610433647	1.9244116752773396E-4
202.0	25.366136870298796	25.29941781206396	27.998203717662907	21.33624159997434	0.0
203.0	26.216699130799707	24.509965916670865	22.58217072593994	26.69052253725247	6.416893370162024E-4
204.0	26.646057621683266	23.389351472886773	23.652184181199583	26.31224628429123	1.604399391483399E-4
205.0	27.85711374671757	24.215096978287427	25.205850819568493	22.721039928913715	8.985265127897225E-4
206.0	25.419963431624616	21.05146435578327	25.487971495025207	28.04044024549659	1.6047207031757744E-4
207.0	25.740951117722382	24.044986885352202	26.580892065694258	23.632752625096344	4.173061348174879E-4
208.0	28.616167735998747	22.205055543943434	21.443728345664123	27.735048374393696	0.0
209.0	27.276896249409905	20.222292872947516	25.50003050826774	26.999945406257726	8.3496311711E-4
210.0	25.025960906873173	24.255854252754684	24.605479333255175	26.112255828556837	4.4967856012925045E-4
211.0	25.097521863500553	25.394368744937555	25.47058054305083	24.036918383011837	6.10465499221014E-4
212.0	29.109605884805507	21.780376759480145	24.316516281550253	24.793147466351805	3.5360781228954306E-4
213.0	29.56628422099587	22.594220725664606	22.810029966893595	25.02917558232146	2.8950412446875995E-4
214.0	27.392121645466645	25.623630363333806	24.49489039204406	22.489325405550886	3.219360461166947E-5
215.0	25.56561940079627	25.077753610352048	22.783945472608693	26.572294321171213	3.871950717811264E-4
216.0	25.680970934752512	24.544654029753904	25.842005735110483	23.93233666260435	3.2637778751108866E-5
217.0	28.589122170937316	22.53182175269114	25.89565900228161	22.98280367682134	5.933972685923727E-4
218.0	24.62051571952858	24.127861559817223	25.503355704697988	25.74790058173099	3.6643422522313345E-4
219.0	26.53044656944712	22.804206319584893	24.808635229981313	25.855903439782583	8.084412040923293E-4
220.0	29.43837077415314	21.437050329264785	24.15980768905216	24.964331059233803	4.401482961182306E-4
221.0	25.07073170648416	22.30924977777353	24.38317000299489	28.23660946775266	2.3904499475637728E-4
222.0	26.00043370602491	24.837117753264227	24.247423051821634	24.914886924664017	1.3856422521120652E-4
223.0	29.90063998454907	22.682667743549676	24.23959476424163	23.176360076903492	7.374307561298931E-4
224.0	29.957118033177178	23.008872932589803	24.538268703982713	22.495423364332602	3.1696591771142156E-4
225.0	31.499596534631518	19.354171654562705	23.717379159905295	25.428001383309834	8.512675906466973E-4
226.0	25.110001541800585	22.54658735558198	25.431587360972895	26.91150028697617	3.234546683673194E-4
227.0	27.213745065698568	23.225069596558136	25.990096489773595	23.569816183636007	0.0012726643336911337
228.0	27.68544846135631	27.85614657785778	23.011709144170737	21.446586019370432	1.0979724474794029E-4
229.0	28.267492258230963	24.55476973550465	21.317974728086302	25.859763278178082	0.0
230.0	25.55890413718317	23.117262155892206	27.62516427385454	23.69859482672116	7.460634892568722E-5
231.0	25.853178012471034	24.22596553036036	24.284379647762872	25.635149215828406	0.0013275935773298603
232.0	24.775442680741047	24.95128348152585	25.273340559632796	24.999628263701723	3.0501439858595324E-4
233.0	22.530585671737924	25.610371576862583	22.331874859297994	29.526665902097278	5.019900042205775E-4
234.0	26.849624151675993	21.122624761499374	26.801600069738978	25.224658854278132	0.0014921628075278829
235.0	25.844855523463373	21.568321367458744	27.68200786167717	24.9044966706741	3.185767266161696E-4
236.0	28.94162265493415	23.583208522938126	23.664212454818905	23.810714082367994	2.4228494081988418E-4
237.0	28.336018483291923	24.728294222299425	21.97667813717059	24.958886826943818	1.2233029424105673E-4
238.0	27.57170305040633	22.681648969414812	24.239302385838446	25.50726281308904	8.278125137106447E-5
239.0	28.27437361875606	22.867594913068388	23.979362207062714	24.877617685979477	0.0010515751333607585
240.0	25.383993391787246	21.371901582963364	26.988926012863345	26.25496106341661	2.1794896942829806E-4
241.0	29.263489012799383	21.1982514044668	22.83416665248344	26.701343566204468	0.002749364045911761
242.0	26.590976968193797	23.849426358433167	21.396434707359063	28.161850135621396	0.0013118303925739906
243.0	27.471045794494465	22.852872466575462	25.6899224602456	23.983881403293893	0.00227787539057897
244.0	27.09609544630399	22.020364371172462	26.184092194886656	24.697999597084085	0.0014483905528067833
245.0	29.476282164872163	20.924090000303394	23.331995168536213	26.265873851658938	0.0017588146292924422
246.0	25.12444921067293	26.537420643396803	23.208836411441002	25.126563184701872	0.0027305497873914663
247.0	25.775331193798586	23.153150369268396	24.639670858918723	26.28603843216542	0.14580914584887586
248.0	26.00631754594981	24.162447898806136	22.40744636095919	27.413491690323582	0.01029650396128161
249.0	26.070820673810047	21.052421723609047	28.656464619345968	24.20239465460213	0.017898328632806926
250.0	26.815154376520756	21.25392383922947	25.224576118818582	26.705590974248604	7.54691182587765E-4
