# Position (bp)	A	C	G	T	N
0.0	24.36978887922288	23.51472596866147	25.057599996693813	27.05784382806995	4.132735188793675E-5
1.0	23.03661296391622	30.101785333795476	23.984567963563844	22.800335149343816	0.0766985893806455
2.0	24.522721647992675	26.79595533370224	22.636959297626497	26.04370594440639	6.577762722009769E-4
3.0	25.97532180731325	21.772355626246725	24.523450773422017	27.721066918175335	0.007804874842670155
4.0	25.510554629560843	23.51208884842878	24.428885179437525	26.548307167199077	1.6417537377602128E-4
5.0	28.407595004171387	23.964767642314087	22.437034562065566	25.189741865789887	8.609256590693393E-4
6.0	25.818352770967607	23.627527356165327	24.258936783772548	26.288595678658755	0.006587410435767429
7.0	25.815336568027814	25.322087856175063	23.265870815307984	25.595724715031366	9.800454577751497E-4
8.0	27.713087934893714	24.305995953680895	23.58676354791432	24.39411180687222	4.07566388489021E-5
9.0	26.131342101293072	25.715919243032538	22.193811679579504	25.95868299242715	2.4398366773328194E-4
10.0	24.50241691916545	24.62746780488162	23.215871630674926	27.65420301795971	4.0627318296350285E-5
11.0	27.165482486852394	22.702519939368106	22.91892747198766	27.21291265724282	1.5744454901386575E-4
12.0	28.339994991623584	24.26969912858133	19.98198537476438	27.40828168040735	3.88246233526227E-5
13.0	25.26394788805258	22.763695742127773	25.24113011995243	26.731111202296965	1.1504757025284005E-4
14.0	26.12914209619491	21.96456088623568	24.07637018297418	27.82981308241118	1.1375218404193361E-4
15.0	25.441689622819386	23.37775375435711	24.652977565132186	26.52750408862543	7.496906588918748E-5
16.0	26.662658526377324	24.66578531869144	21.81993189852245	26.85151353430134	1.1072210744030417E-4
17.0	28.18487704232017	26.88962857637635	19.273450461364703	25.65085087560416	0.00119304433461206
18.0	25.384086778879745	26.146566702983787	19.646592387198698	28.822538599064373	2.155318733922669E-4
19.0	24.774674533857493	24.72716227297511	21.878108153361563	28.619446825622845	6.082141829823102E-4
20.0	22.332803819882106	25.518654519812728	24.062800247974202	28.08570590628819	3.550604277341961E-5
21.0	23.768746875740884	24.472843472988963	23.71889964078286	28.039192960936326	3.170495509697665E-4
22.0	22.525002728965433	26.62148499661887	25.856677176816383	24.996765347684146	6.974991516666567E-5
23.0	25.20939035193686	23.612997197946086	23.553082120452217	27.624044344099996	4.8598556484019407E-4
24.0	27.9727331258645	21.328313586230923	24.72402957702057	25.974889354155344	3.4356728662238316E-5
25.0	24.89239168745348	25.036402432635086	20.028788540650293	30.042145171540508	2.721677206361648E-4
26.0	26.01323544939881	25.651551784355718	19.492911853017063	28.842233226568908	6.768665950090564E-5
27.0	25.622554407265284	25.37428201853047	20.215279671841625	28.78771512439611	1.6877796650905055E-4
28.0	27.672562775920674	23.249678886145926	23.030746735064028	26.043904049442844	0.0031075534265287493
29.0	27.33719319245178	23.56361327782719	22.74454500064478	26.354218676119025	4.298529572230177E-4
30.0	23.317781836785187	24.49723782683854	25.35919094103147	26.825592249814928	1.971455298729693E-4
31.0	26.363200428339862	24.686058982372494	22.335615916696003	26.614601669100267	5.230034913751822E-4
32.0	24.24604820744883	22.941882993974474	24.555242194940526	28.256470389364868	3.562142713037993E-4
33.0	23.24154637247629	25.410930983864237	24.88587967662407	26.461418462780884	2.2450425451598328E-4
34.0	26.296523434727714	26.514590473474716	22.64084530575055	24.547881659486347	1.5912656067352545E-4
35.0	25.21906818348596	22.066369715097196	26.485243388271368	26.22897227314715	3.464399983244902E-4
36.0	23.94927824683508	24.495616112215444	26.30807829227408	25.24674414162618	2.832070492122596E-4
37.0	25.20488193415089	25.085752825502123	21.78376572554566	27.92544222788735	1.572869139804159E-4
38.0	26.629507522352252	25.024460185485413	21.60667015341592	26.739204889080803	1.5724966560858608E-4
39.0	23.246749571588033	27.739462637759992	21.754366657757792	27.25904381593221	3.773169619695945E-4
40.0	26.41667932071198	25.76385633681579	22.945069496645658	24.874237652717035	1.5719310953435942E-4
41.0	23.85849783460922	24.62701745043743	21.59295557216015	29.916688173354487	0.004840969438708455
42.0	24.855879044321142	25.844806066517073	20.370991432107015	28.928103437058095	2.2001999667455488E-4
43.0	25.574319079354684	25.865304898706516	22.648212946684758	25.90867463957545	0.0034884356785887362
44.0	28.65599191050525	25.164035056572104	22.92751474595109	23.252112635781998	3.4565118955856886E-4
45.0	26.090554554197286	24.56427301023375	21.87295292750414	27.468543613856422	0.0036758942083930405
46.0	24.982132439541672	24.576495620837644	22.71160924909751	27.729762690523174	0.0
47.0	25.660139690996104	23.985512595591896	23.52572912134772	26.82692232181702	0.0016962702472628009
48.0	22.61874109010067	24.101348338598154	23.110065124691488	30.169845446609685	0.0
49.0	22.3224666792888	25.747680996558426	24.755556016064652	27.17263219567701	0.0016641124111073538
50.0	27.33244211082848	24.16297190263028	20.414688468757085	28.089771934528425	1.2558325573334655E-4
51.0	24.66163062708989	27.07924981761517	21.484744341047698	26.771958065929763	0.002417148317476422
52.0	22.712742590755532	26.090542148704397	21.61908277210052	29.577632488439555	0.0
53.0	22.478364349854342	24.755707356871852	24.196108586187222	28.568318100367396	0.0015016067191895327
54.0	23.249078116416975	28.54751563792342	22.391948487134922	25.811426476421428	3.1282103258469005E-5
55.0	24.090498635822087	27.650658085918394	22.98492303264819	25.272484433139674	0.0014358124716544087
56.0	26.42607309126874	25.37424343761226	25.264322838236016	22.935360632882986	0.0
57.0	22.858588178607853	27.73977134140633	22.796049716205204	26.600441638882195	0.005149124898421809
58.0	25.179343610187654	25.259880514562482	22.25654982522774	27.303851604902984	3.7444511913907577E-4
59.0	27.398288624893723	22.630931115981934	24.793847161878613	25.174187408834563	0.0027456884111668398
60.0	23.98937277301205	23.356375401465403	23.73017287471039	28.924078950812156	0.0
61.0	25.449607172031175	23.636629299875818	23.067591085057586	27.84009730195196	0.0060751410834687
62.0	25.31098343976189	21.79581916137743	25.0327572338502	27.860035177811188	4.049871992892163E-4
63.0	26.008822632441507	23.939045895943277	23.0145105233302	27.03506655290262	0.0025543953824007765
64.0	25.184885404333972	21.857290305080358	23.691306233190467	29.266362521596147	1.5553579905272478E-4
65.0	23.88724187902829	26.28584190509428	23.975300139941407	25.846608170599737	0.0050079053362808434
66.0	24.23258795561761	23.85169292383126	23.310583102829526	28.604638359669295	4.976580523094599E-4
67.0	26.607959960089477	25.08969915326985	21.306037088920352	26.99537072747133	9.330702489929062E-4
68.0	23.326201888013603	22.46473697780357	27.22237202507855	26.986440301592022	2.488075122452172E-4
69.0	22.777571830376193	24.766629803463978	25.017446785748493	27.43508613922846	0.0032654411828734143
70.0	25.973315414434566	22.81982936471956	24.900013538539504	26.306438010256993	4.03672049374681E-4
71.0	24.295683559108056	23.020408795532525	26.460363563135598	26.222583668316414	9.604139074130013E-4
72.0	27.222743165752668	25.7294267834778	22.329642946646604	24.71595670169328	0.0022304024296517133
73.0	25.405773408670086	22.50813529146118	23.17992792995937	28.90216773846641	0.003995631442955702
74.0	25.203336628340526	25.244710026979423	23.74495529443243	25.805945134414	0.0010529158336244336
75.0	25.727743318342938	24.74195679012919	22.251340109202914	27.276637370211997	0.0023224121129584094
76.0	26.924709674522727	23.821722120471335	25.469002791397603	23.783203001023356	0.0013624125849766146
77.0	24.66969490841122	24.46593723421482	24.271437050458278	26.592063884734024	8.669221816592085E-4
78.0	26.829774981733518	26.55760442853781	20.404184571945162	26.20772393466173	7.120831217724058E-4
79.0	27.184645162728433	21.029992161097496	23.06922134806832	28.713354988353103	0.0027863397526473326
80.0	23.59052704899002	23.35500348270258	28.51259190465134	24.53887470010061	0.0030028635554523644
81.0	24.957821751160406	25.17420777639987	22.094746741672232	27.772666513535114	5.572172323763025E-4
82.0	22.907033795339697	22.425308971590866	24.035381793699067	30.630603858565692	0.001671580804680426
83.0	25.670689617814478	22.166481460272454	24.005967876234667	28.155808619371452	0.0010524263069432277
84.0	23.185769985152564	25.979638245037467	25.018315551179697	25.814604837534024	0.0016713810962464804
85.0	25.218048514924106	26.88800255768486	21.69887965108524	26.194264583585447	8.046927203473053E-4
86.0	25.066135683063695	25.571453152911143	22.917205676094223	26.443101030070228	0.002104457860707172
87.0	22.51591933892154	22.18792386197267	25.86971099943771	29.425424585332827	0.0010212143352498122
88.0	24.704653323125882	27.427152770772363	25.557351005345296	22.309728910461793	0.0011139902946689993
89.0	26.5626537466373	26.391664278920146	22.44977841918597	24.594882445514514	0.001021109742067679
90.0	24.00890496471895	25.401458273061863	25.150429854837935	25.438897492345845	3.094150354048154E-4
91.0	26.633821006000456	25.313033130925355	24.34591777570275	23.706330834018647	8.972533527882613E-4
92.0	25.166415656127523	24.318930237220428	22.80206963036481	27.712553538258582	3.0938028653564616E-5
93.0	26.436394010642246	25.899424576166314	21.212659324341047	26.45121272119787	3.093676525182527E-4
94.0	28.079769886941925	23.367934025017185	23.357477715376778	25.18986864028995	0.0049497323741576945
95.0	23.622774820926157	27.02337588415535	23.869696421307275	25.481616219736097	0.0025366538751254793
96.0	26.147609011913413	24.786442968092423	23.768545782946557	25.29607209728704	0.0013301397605686564
97.0	24.9875345969066	25.374518860185812	23.444113545902997	26.193523681791355	3.0931521323572167E-4
98.0	27.931944022600785	23.021426083815165	24.199684395647356	24.846945497936694	0.0
99.0	21.68927651075992	22.38796692624151	26.656525300893335	29.26610756177054	1.2370033470218063E-4
100.0	22.56267280265222	24.964569754831672	24.443390307249725	28.02936713526638	0.0
101.0	23.55162033923461	22.299535102325414	28.654270426045404	25.49448136930686	9.27630877121376E-5
102.0	25.127428075768798	24.135278010133636	24.701271111097366	26.035991879484875	3.092351532337493E-5
103.0	25.331633591685403	25.236278208914243	25.419290047637492	24.01255079668433	2.4735507852441564E-4
104.0	26.011566412572485	27.180914955485854	22.804414467754878	24.002794984486908	3.091796998792653E-4
105.0	27.140863713620412	23.58266982499829	20.81379087297403	28.458686963100888	0.003988625306374349
106.0	26.258840101945818	23.650552041621793	25.00786113205867	25.082653967653258	9.275672045628886E-5
107.0	25.826338257532775	24.471670677324514	22.55351159555749	27.147644667360687	8.348022245314983E-4
108.0	23.54392373584546	24.777595858843547	24.958820917984376	26.71953582641966	1.236609069538238E-4
109.0	26.227135531751518	24.46737674856844	25.342603801254555	23.96201836700122	8.655514242648687E-4
110.0	24.6936381522312	23.902761700016537	23.32992802486442	28.073579391341035	9.273154680856654E-5
111.0	24.67292007584211	24.003243134304462	24.60924435465275	26.71385058213828	7.418530624003521E-4
112.0	25.550163662832926	24.076178171488976	23.94095156260142	26.432613876259154	9.27268175228958E-5
113.0	28.282296609310364	21.996242869611873	23.118158598129224	26.60243650956529	8.654133832470805E-4
114.0	26.270650259274746	22.253491176127866	27.5970205580751	23.87868346474021	1.5454178207074243E-4
115.0	27.266126429775177	23.135341952889597	26.287369510411345	23.310296606868857	8.65500055021075E-4
116.0	26.621939081461697	24.36512793882181	25.399488121070497	23.613352126955867	9.273169012778427E-5
117.0	26.210506272692257	26.813912499451337	23.731999972798654	23.24277757891945	8.036761382990627E-4
118.0	26.50442123640068	24.50304944298325	24.893630371840093	24.098744397917766	1.5455085820546054E-4
119.0	27.05682810858799	21.34054021973049	24.628398784069756	26.97352192575456	7.109618572054748E-4
120.0	24.94767528663062	24.293751605443685	25.14544431108035	25.612974241496445	1.5455534889788125E-4
121.0	27.50925886141275	23.583736552201245	23.835853316018596	25.0704402986205	7.109717469101323E-4
122.0	27.100329642882752	23.973729959913644	24.54658647747028	24.37895206700678	4.018527265398378E-4
123.0	24.17898802855737	28.30537688653466	22.594490564544646	24.92012443771808	0.0010200826452412216
124.0	24.77430191705043	24.676900744774308	22.93085104081081	27.61776083020048	1.8546716396595565E-4
125.0	26.296483135905003	24.100073629917855	24.637646216590657	24.964591489964135	0.0012055276223471437
126.0	23.876581799163052	24.129032896229525	25.138991840083186	26.855269820054023	1.2364447021744735E-4
127.0	26.052528841900667	23.015130425697585	27.606280661375393	23.325009110897003	0.0010509601293546456
128.0	26.17513913853886	23.333049981685182	24.526496212618834	25.955855873956946	0.009458793200178667
129.0	24.493890645821285	26.489426516040666	22.509637197495856	26.503800012426122	0.003245628216069816
130.0	26.33648216725501	24.325576650819457	23.64404369625293	25.69383566301707	6.182265553034564E-5
131.0	25.8266427988747	24.353277529850452	24.45509997857834	25.364237816931645	7.418757648661857E-4
132.0	26.178115343110996	25.619671468327798	22.373828499678986	25.82152237623958	0.0068623126426364135
133.0	26.611739314961913	25.659856182000894	24.763706155772642	22.962689111580893	0.002009235683654806
134.0	26.792787952843312	22.99731042781848	21.207312199022777	29.002527598175874	6.18221395591525E-5
135.0	26.233119193201837	23.735150809447227	25.754680908742177	24.276399960557743	6.491280510177555E-4
136.0	27.843150346811036	26.46857990007564	24.02734797979751	21.654275811139684	0.006645962176129125
137.0	28.169755090900043	21.672147799236917	24.353631813175554	25.80403253502201	4.327616654770873E-4
138.0	24.787020926521176	23.893035836988208	27.234213151243345	24.083937293075465	0.001792792171803892
139.0	25.769937545689324	23.857917602347946	25.320532337608746	25.050159729101917	0.0014527852520659688
140.0	26.96595941193235	21.479516484304533	25.631982314201124	25.92201630965974	5.25479902248374E-4
141.0	25.25301264406366	25.347723342137762	25.33344255150126	24.065172335450207	6.491268471136265E-4
142.0	28.88716819288281	22.52002627410069	23.7188053011862	24.873598392643252	4.0183918704841395E-4
143.0	26.96048960116818	25.30305648347837	24.148942714079187	23.587140272564596	3.7092870966575305E-4
144.0	27.471514535538788	25.45455725701229	23.06035941715035	24.012703276064112	8.655142344634785E-4
145.0	27.949487087387105	22.481943114396234	22.77989795533552	26.787528121632594	0.0011437212485479378
146.0	27.642602629163765	21.338686827689834	25.480792860386376	25.532662693688852	0.005254989071168317
147.0	26.172200529688	24.408150320607138	26.623962323406424	22.791822972434957	0.0038638538634829336
148.0	24.096387404291097	24.644165350363362	23.8974427137589	27.36129357324571	7.109583409323447E-4
149.0	27.771815233955998	24.792349946368017	24.334453371086955	23.099124886785514	0.0022565618035183814
150.0	25.534469450255138	24.355312019986787	25.4365386404743	24.67364897678069	3.091250308738624E-5
151.0	26.86887827889313	23.815548881802965	25.570412640904884	23.744418288692522	7.419097064974288E-4
152.0	27.629133553517487	23.910187370860264	22.98628568460908	25.474238825200906	1.5456581226807402E-4
153.0	24.641920793958505	23.20237020256712	24.84338430253964	27.31133546780989	9.892331248421476E-4
154.0	22.945023066390956	24.88650742103127	24.880355559072868	27.285640843169872	0.0024731103350353486
155.0	27.290021051303782	23.618610601583747	24.323762806931192	24.767265454498236	3.400856830419984E-4
156.0	26.007197581019163	23.521682403645787	26.01838969583418	24.452544814835424	1.8550466544233588E-4
157.0	25.212234764515102	22.43959448304008	26.612158706896814	25.73551736185185	4.946836961529067E-4
158.0	25.09981198584808	21.557348335714558	25.944283377304302	27.398525382838056	3.091829500443832E-5
159.0	26.931393007244687	21.72542918212757	24.25332374012633	27.089235685864317	6.183846370994298E-4
160.0	26.277666792304764	20.940078048159073	26.56070809178404	26.22151614779369	3.0919958431207886E-5
161.0	24.649758435434624	20.740323889769257	29.1861631816952	25.41920921423878	0.004545278862134271
162.0	25.533508963964803	23.344804981973123	24.692862841134673	26.42879229204158	3.0920885821537015E-5
163.0	25.05172411127448	24.196958241921347	27.137324384621447	23.61380773256524	1.8552961748431117E-4
164.0	25.22403456409584	23.76092960892749	25.064999400100685	25.94784091907049	0.0021955078054940883
165.0	26.552125611707677	21.873074038855517	26.54668305618047	25.027375126593533	7.421666628012153E-4
166.0	24.989856619607153	23.289819880778172	25.80828516258478	25.911945562209226	9.277482066627165E-5
167.0	26.758201248665547	23.036821655081813	26.524710440471903	23.679709988953256	5.56666827481528E-4
168.0	26.250209145236948	24.011481416305255	24.14035508763379	25.597892496410125	6.185441388458399E-5
169.0	26.511160389817245	22.245129604028072	25.64461805394472	25.598658959394555	4.3299281541207E-4
170.0	31.127724715895294	22.964487182619717	23.421801191193815	22.485894123734585	9.278655658881978E-5
171.0	26.019042352113708	23.591533721875756	26.57346226186621	23.815064694694797	8.969694495298487E-4
172.0	27.16954683811087	24.344163140878226	24.40020871719037	24.08595758290152	1.237209190113585E-4
173.0	28.31515854087403	19.999653587641244	23.561700525897262	28.12194086184302	0.0015464837444454167
174.0	24.27091139593641	25.616461955141716	24.281272490921673	25.830828371090504	5.257869096998097E-4
175.0	25.60247167868177	24.375755776373694	23.099092913717012	26.920824016601564	0.0018556146259544816
176.0	24.853938157541144	24.57355013540079	27.84911432081746	22.721789337586003	0.0016080486546044463
177.0	22.36705700720229	26.23705084653506	24.229421763237394	27.14175967459801	0.02471070842724846
178.0	25.36468789544191	23.36167217734105	23.77821978622789	27.495018127706633	4.0201328251885445E-4
179.0	27.87414992283975	24.12379040862463	23.425080330165486	24.57543304067072	0.001546297699418283
180.0	26.568839243374253	22.43151098892584	25.452899954438806	25.54656384920795	1.8596405314852638E-4
181.0	27.600395195942006	22.16825128899619	26.618364940421074	23.61218154554143	8.0702909929655E-4
182.0	25.635797732497505	22.70552596296249	25.99485981467904	25.66359929019148	2.1719966948416012E-4
183.0	24.068140034597512	24.471984547478492	26.04376662969025	25.41551923420034	5.895540334028904E-4
184.0	25.951322806488392	22.04077554336257	26.680419460202852	25.32341717200115	0.004065017945037234
185.0	24.843895487466494	24.097572417756	24.35785778533733	26.699898634843738	7.756745964397777E-4
186.0	26.928810084100363	23.211688163394996	25.720736151241645	24.138765601262996	0.0
187.0	24.320033257697755	22.714286735168493	27.760390467245177	25.20448171090721	8.078289813618319E-4
188.0	27.13192554010272	27.976433689222617	22.618954032892287	22.27194100778573	7.457299966473222E-4
189.0	24.998151173709505	23.39914947776095	24.702867203313097	26.89889996389351	9.321813229393044E-4
190.0	28.844088594331286	21.67979456098722	25.162021873885205	24.313877450060346	2.1752073594101333E-4
191.0	26.697256498446446	23.555487656514376	24.543159417061148	25.203598593867554	4.978341104731229E-4
192.0	26.86171238955126	23.443884758665067	24.062640414125987	25.631731320953865	3.1116703820011025E-5
193.0	27.462248934368557	24.564465839887497	22.108464273921975	25.86444751012416	3.7344169781533494E-4
194.0	27.526611801934248	23.130545033106813	24.613038071277675	24.72980509368126	0.0
195.0	26.478152700918862	21.52072801815999	24.403000892996932	27.597464747786727	6.53640137488534E-4
196.0	28.423315987505017	22.507413204831543	25.782543080187388	23.28657175851263	1.559689634240303E-4
197.0	25.33406879269749	24.066961328793703	24.024811769928924	26.57350293408976	6.551744901260525E-4
198.0	27.25564831969891	23.229725468897797	24.520368199728072	24.9940705181789	1.874934963193464E-4
199.0	25.608863897549146	23.141320412190144	25.498387622399665	25.751021099434595	4.0696842645031805E-4
200.0	27.100492789740954	23.551342178919622	24.303832739522736	25.044332291816684	0.0
201.0	25.087190379830382	21.40927331800607	29.030427947510752	24.472732635267587	3.7571938521036995E-4
202.0	25.18342101365571	25.128561448818566	27.966103552438636	21.721851360013076	6.262507401500935E-5
203.0	25.986838086664143	24.202283365487894	22.64223107869238	27.167958330944842	6.891382107403443E-4
204.0	25.594902811185595	23.307239208604923	24.575552766668526	26.52211724561831	1.8796792264744048E-4
205.0	26.972211073901303	24.537041823591686	25.52914317295103	22.960664024279634	9.399052763462498E-4
206.0	25.542759632871142	21.1554682672676	25.83773360723028	27.46391315845874	1.2533417223672616E-4
207.0	26.118485029776856	23.290976435809196	26.98403993104142	23.606122534042893	3.7606932963448256E-4
208.0	28.26912419631483	22.235122420935436	21.984362618734764	27.511265384113866	1.25379901100334E-4
209.0	27.092609068855662	20.957284121069392	25.289879471084788	26.6595376349547	6.897040354583114E-4
210.0	24.691376993232712	24.726088262573978	24.624274810404977	25.957726879064936	5.33054723397904E-4
211.0	24.847937587369433	25.573646885249296	25.40970520921774	24.1679575727599	7.527454036267901E-4
212.0	28.621135108320043	22.37260789252307	24.72215955426294	24.283564026380997	5.334185129484206E-4
213.0	29.782019154636675	23.381045160261383	22.291957200004774	24.54475872102332	2.1976407384826356E-4
214.0	27.699261622796133	25.173378206090874	24.022173308458946	23.10509260975593	9.425289811952902E-5
215.0	25.84676371914501	24.879681480630175	23.095299194413002	26.177972225589546	2.833802222645543E-4
216.0	25.96696438343612	24.82809592775384	25.437475660445074	23.76736857912996	9.544923500619784E-5
217.0	28.967506924160176	22.9835646941864	25.455430586295773	22.592856817789947	6.409775677080629E-4
218.0	24.19742000885637	24.581756594807608	25.717170063925636	25.503232832863397	4.204995469926034E-4
219.0	26.549114572485706	22.88730394291583	24.63181454042842	25.93111404624998	6.528979200630961E-4
220.0	27.618763684832647	22.16368929313125	24.62656559733106	25.590456661799493	5.247629055597318E-4
221.0	25.764479066614587	22.872347275055958	24.045748722772764	27.31725984446438	1.65091092312005E-4
222.0	25.630241305684677	24.540813824017256	24.094765843161817	25.73407892660195	1.0010053430328526E-4
223.0	30.54964971006595	22.73374763555558	24.034213127388664	22.681850334248953	5.3919274084813E-4
224.0	29.92952238671841	22.563714823272175	24.73767266778763	22.768954984666955	1.3513755482783983E-4
225.0	30.20262217734527	19.817874727401357	24.13818751662083	25.84039856715258	9.170114799648275E-4
226.0	25.304356782366877	22.733340199814606	25.881106876780997	26.080990146599376	2.0599443815016996E-4
227.0	27.179436480474546	24.05702838410906	25.165300795240697	23.596881477049024	0.0013528631266748186
228.0	27.087032880916574	28.260464882796242	22.813336428926505	21.8390263662268	1.3944113387952427E-4
229.0	27.559865242768016	25.653136910239322	21.668754740360956	25.118207944009853	3.51626218516707E-5
230.0	25.5227526546241	23.085852050132065	27.527326230699682	23.86406906454415	0.0
231.0	24.94123973290363	24.94123973290363	24.056501874325818	26.059293323992556	0.0017253358743696684
232.0	25.27947633250806	24.933158893026068	24.60222050381191	25.18481936114125	3.2490951270071285E-4
233.0	23.073387551273893	25.348863082981172	22.430724391324887	29.14676963090094	2.553435191079027E-4
234.0	26.964653216351103	21.637368662470184	26.56041813286262	24.835968074350525	0.00159191396556505
235.0	25.84876520092636	21.9185449054614	27.475739935705963	24.756875058047388	7.489985888866585E-5
236.0	28.758464207115033	23.98019260891431	23.58835766242163	23.672530736815695	4.547847333312868E-4
237.0	28.049439858389036	24.622315282603946	21.986395276267267	25.341734787860975	1.1479487877086827E-4
238.0	27.208955328054152	22.613529466050704	24.195927464603592	25.981510189869145	7.755142240941412E-5
239.0	27.627895533820478	23.345132736406942	24.212933178069065	24.812663024532725	0.0013755271707882046
240.0	25.007296666234275	21.6824490854845	26.732106952912183	26.57806622129978	8.107406926968479E-5
241.0	28.81398516700112	22.056739143141037	23.311682934907555	25.815847409745356	0.0017453452049278808
242.0	26.813838030131603	24.16484299320857	21.189275132010362	27.8308640001367	0.0011798445127669348
243.0	27.63040402516544	22.854719742963503	25.225905886478266	24.286197743591416	0.0027726018013756997
244.0	26.69252072130443	22.84623646206068	25.9657584248663	24.494299675265122	0.001184716503468564
245.0	29.274232471087565	21.001495410812236	23.349531911444497	26.372775254041763	0.0019649526139396195
246.0	24.24389575682608	26.848867740509274	23.38851835476835	25.51605227087607	0.0026658770202221127
247.0	25.211337581608756	23.18980117774895	25.16922223986168	26.29161254872671	0.13802645205390435
248.0	26.22165911843146	22.69638141762981	24.009605522187037	27.062554069150043	0.00979987260165618
249.0	25.372710199465782	21.193151755987007	29.089713549572366	24.32860535034036	0.015819144634480697
250.0	26.989701014004336	22.348617488822274	24.47128808931914	26.189193059836107	0.0012003480181426395
