# Position (bp)	A	C	G	T	N
0.0	24.549650663598864	22.96586760446577	24.59579237477046	27.888689357164903	0.0
1.0	23.138839241386158	29.831632906364806	23.47202052924238	23.48218275245755	0.07532457054910138
2.0	23.784030451244618	26.807848958603692	22.083815299844506	27.32337557593868	9.297143685031366E-4
3.0	27.60713873747497	21.547510940897862	23.7639475642035	27.076448096442473	0.0049546609811931906
4.0	27.142831722984397	21.96805296705728	21.976795192858916	28.9122427522693	7.736483010296485E-5
5.0	29.31378596528657	22.1794758819428	21.838896541488687	26.66745511634271	3.8649493923526566E-4
6.0	26.263956422558003	23.473096206259974	22.942032775655015	27.315514473484242	0.005400122042758166
7.0	25.570815986004586	25.744295690111198	21.837960870432298	26.84615745920378	7.699942481429663E-4
8.0	28.916872159737295	23.653046729431733	22.72925032438183	24.700830786449142	0.0
9.0	26.52082943455732	23.648287964363398	22.83529729381483	26.995431912798313	1.533944661412395E-4
10.0	23.643162221215697	24.25121683730362	23.350860695407864	28.75476024607282	0.0
11.0	27.521911912774105	23.542349170896586	21.60539845376594	27.33019195756321	1.485050001633555E-4
12.0	29.299442251123033	23.646987234528062	19.50906981880841	27.544500695540496	0.0
13.0	26.04784576959101	21.778844486072085	24.34682184526081	27.826415628866457	7.227020964142413E-5
14.0	27.28726127190392	21.578263437684583	22.062753942257782	29.071721348153716	0.0
15.0	25.56213109705273	23.56846584407255	24.103542881038422	26.7658601778363	0.0
16.0	27.184030309062823	25.421990024145423	20.629667728159003	26.76431193863275	0.0
17.0	28.983244684450582	26.620718123621206	17.32713467863088	27.06795512065722	9.473926401126044E-4
18.0	26.686813201579117	24.614559790597866	19.37567688863687	29.32254700932796	4.031098581859519E-4
19.0	25.985666913389572	24.519491554862	20.272606542877682	29.221834175486787	4.008133839605172E-4
20.0	25.36554616000048	25.438857561779436	21.878680898535297	27.316849094511387	6.628517339869936E-5
21.0	23.954962327732673	23.665089972473922	22.657744224339186	29.722072430085657	1.3104536856182295E-4
22.0	22.369328314877027	27.21741373232135	25.31080212351209	25.102391024843435	6.480444610343827E-5
23.0	25.314795771991864	23.176679550121367	22.54176914869269	28.96649764519675	2.5788399733090063E-4
24.0	29.11813559149318	20.698376183343015	22.693181702383498	27.490306522780305	0.0
25.0	25.60059003787422	24.54392255311256	18.446128444279843	31.40910659609598	2.5236863739232533E-4
26.0	28.13280037620503	23.742675758288268	19.414499568931735	28.709898894897716	1.2540167724743318E-4
27.0	25.955933510822838	22.57196420121284	19.884679746880547	31.587235008148305	1.8753293547179223E-4
28.0	27.8346399199966	22.465588493903933	22.326703969546458	27.37047970616126	0.0025879103917541783
29.0	29.98846562267329	23.399223718097378	20.647755983839666	25.964310561583808	2.441138058562902E-4
30.0	26.141430116968994	22.671717857783943	24.04899016606589	27.137619285572207	2.425736089616394E-4
31.0	27.517304695521922	23.187385994370686	21.209395875865233	28.085551032241696	3.6240200045904253E-4
32.0	25.601918716287436	22.297224951877435	22.547176769827807	29.553441625959774	2.3793604754913976E-4
33.0	25.508169579690833	22.92126321722334	24.69085934702073	26.8795904348694	1.174211957000358E-4
34.0	27.17223608574628	24.783624467338623	22.5697978094083	25.47422546272416	1.1617478263698167E-4
35.0	26.79128493746539	20.954396568822464	24.44834374143725	27.805860104535807	1.146477390892613E-4
36.0	26.080523577896813	23.302193885292695	24.97387550137565	25.643177998734572	2.290367002682592E-4
37.0	26.67826634424142	23.744101191924106	20.47407958561678	29.103495642966504	5.7235251191208665E-5
38.0	27.1809161965142	25.26509733014431	20.69172493505602	26.862147099550253	1.1443873522309832E-4
39.0	24.03095320635814	27.235080300539227	20.376211773293562	28.357525894449726	2.288253593416237E-4
40.0	27.297150747175287	25.583332094046963	21.449873535592495	25.669586425352826	5.71978324309422E-5
41.0	25.38319221519729	22.29901031434887	20.29670552777039	32.01611634882916	0.004975593854283728
42.0	25.585247943383433	24.0619278042666	20.386551277315288	29.96627297503468	0.0
43.0	27.241070938466322	23.90988372093023	22.798039448886612	26.04757515598412	0.003430735732713666
44.0	30.833589179343196	23.080454565464848	21.57499375392702	24.510848156679526	1.1434458541226082E-4
45.0	25.16764846271033	22.922236608559203	20.774518462624584	31.1319951181728	0.0036013479330835253
46.0	26.00126894848755	23.13115897295196	21.10249902828269	29.765073050277795	0.0
47.0	26.362030327225632	22.639740885171825	22.70758306380308	28.28950263738613	0.0011430864133320454
48.0	23.83875207131021	22.5825952802697	22.786240786240786	30.792411862179303	0.0
49.0	22.76356663777524	25.082517679094927	22.98867977998333	29.164150332156158	0.0010855709903435603
50.0	28.547139801458894	23.282189802372987	18.768681785773047	29.40198861039507	0.0
51.0	25.459455816041736	25.61642536691918	19.66911869708418	29.252772386154234	0.0022277338006623797
52.0	24.354201320458916	24.95830159700614	19.668097790013103	31.019399292521836	0.0
53.0	23.667695493692214	23.361318109645296	22.560831266501776	30.409133304532986	0.001021825627727352
54.0	23.996918923644024	27.357097203758595	20.944167127390134	27.701816745207246	0.0
55.0	24.528198422645346	27.615182448410348	21.31028638523928	26.54531516848502	0.0010175752200082423
56.0	27.283877834445814	24.973815449365325	24.026932357660897	23.715374358527967	0.0
57.0	23.94597677048605	27.396945947946943	22.079680702977925	26.572479621473427	0.004916957115656439
58.0	27.152942479513882	22.788428882473173	20.23883188019075	29.819740248291577	5.6509530614885855E-5
59.0	28.118076426923515	21.60762223770447	24.18954112090335	26.082217509742794	0.0025427047258710037
60.0	25.646386385991416	20.32975302344065	23.649323160781375	30.374537429786564	0.0
61.0	25.8318303762653	22.220844511576527	21.303289221543388	30.637667110039	0.006368780575782853
62.0	25.88554276619822	21.083109031149824	24.382999923354028	28.64806649263522	2.8178666269911045E-4
63.0	29.088841401012573	21.484901560337406	22.0810735265609	27.342760277894246	0.0024232341948776212
64.0	25.9576836853514	19.831608771532682	22.464090899133215	31.746560472380704	5.617160199723748E-5
65.0	25.60834370548773	24.98781178246784	22.648516519808943	26.75066613944669	0.0046618527887989725
66.0	26.2980388236424	22.99814716320521	21.54513895714325	29.15805725653225	6.177994768923338E-4
67.0	27.861231293158834	23.636663836210964	19.617192098086523	28.88463197336676	2.807991769214526E-4
68.0	24.12921312033299	22.347290445365548	25.868737143521404	27.654590819316038	1.6847146402263806E-4
69.0	23.623596136567834	22.089622641509436	25.697046271338724	28.58687106918239	0.0028638814016172507
70.0	26.340378173076438	21.788052132523568	23.334395669700392	28.536781949766237	3.92074933361264E-4
71.0	25.381508416795125	21.789673502496186	25.024432260060713	27.80388407429191	5.017463560670891E-4
72.0	28.110437244977593	24.21765256750429	20.6854110459542	26.984715378269303	0.001783763294610805
73.0	26.54849598244941	21.917276805222368	21.420433770611684	30.11050493610266	0.0032885056138692442
74.0	25.642803283832126	24.949411129384348	22.496512697792593	26.91060412947853	6.687595124074395E-4
75.0	26.24836445421252	23.114469258426265	21.792881391445455	28.84239022617899	0.001894669736774648
76.0	27.763689098036593	22.36517077764497	24.833206563077255	25.036930543830465	0.0010030174107105543
77.0	24.943138065568693	23.617065378130473	24.414246853788214	27.024881066340967	6.686361716567356E-4
78.0	27.96859103151706	24.75409160150526	19.70860955195473	27.56826207645085	4.4573857209877124E-4
79.0	27.55604907703374	19.268992668308808	21.46192551750574	31.710636941716984	0.002395795434728225
80.0	24.774777786320527	21.719611297380233	27.471260141267393	26.03123081363022	0.003119961401620374
81.0	26.02298912050346	23.571258250990564	20.52190161654789	29.883516738201248	3.342737568358983E-4
82.0	23.06874227371562	20.98117613894972	23.094424596199797	32.854264240457844	0.001392750677016104
83.0	26.23029631841417	21.08332924812935	23.46565309041968	29.220052855111927	6.684879248797836E-4
84.0	24.558325144885394	24.086124647116886	23.924026800177362	27.430353629543475	0.001169778276883176
85.0	26.082885444163644	26.1837057650842	19.56777604297508	28.16513143126421	5.013165128646172E-4
86.0	27.208389635938907	23.5741283911064	21.23247842491581	27.98349966970376	0.001503878335128704
87.0	22.97008053120856	19.57583963489994	24.571904694804044	32.881673872833204	5.012662542544973E-4
88.0	25.02816712363404	26.40380321609238	25.222426989645975	23.344767264093726	8.354065338815827E-4
89.0	26.20241011092659	25.6579687480856	21.57833417427693	26.560618667165663	6.682995452221595E-4
90.0	23.322421802864028	24.633364779629037	24.412052656023935	27.63204938145099	1.113800320106212E-4
91.0	28.544435757101905	23.43182329499765	22.87388428905239	25.149244089822666	6.12569025391543E-4
92.0	26.32493072694388	22.741163787342856	22.23414515712287	28.699704642853963	5.568573643272718E-5
93.0	27.580275676355914	25.164404629723464	20.013764885509786	27.241165026054166	3.89782356668675E-4
94.0	28.31190424088338	21.825824381112106	23.151939142156984	26.706211791930944	0.00412044391658217
95.0	24.02070833277654	24.972104552804243	23.618757767295175	27.386647601993776	0.0017817451302678407
96.0	26.986249810695483	22.869934433823595	22.813087400782162	27.329781832111394	9.465225873696025E-4
97.0	26.724510867779937	23.76797586311146	23.246565175779153	26.260669710688056	2.783826413947193E-4
98.0	29.434250721961263	21.51469616384832	23.05087161477138	26.000181499419035	0.0
99.0	22.29568337796655	20.70886676149834	26.26436666466318	30.731027543481215	5.565239071540035E-5
100.0	22.752123053635625	23.68081293754939	23.906975191158303	29.660088817656682	0.0
101.0	24.797523425179104	20.864686549456373	28.19908536347842	26.13864901352144	5.5648364661507696E-5
102.0	26.26851900288157	23.224396167257858	23.769879650828244	26.737093878586798	1.1130044553568348E-4
103.0	26.118343623317035	24.768969230212765	24.669361816972767	24.44321403629828	1.1129319915083289E-4
104.0	25.47003610269012	26.303324919759437	22.362355711659255	25.863893748581045	3.89517310149263E-4
105.0	28.483690027044172	22.34427342437092	20.169721656483368	28.99919869119562	0.00311620090592412
106.0	28.213300984650143	21.162660642095393	22.979547433760786	27.64443529382305	5.5645670627710984E-5
107.0	26.57134748931624	23.906695156695157	22.174312232905983	27.346921741452988	7.233796296296297E-4
108.0	24.571315696492015	22.443877508436806	22.959072104429985	30.025679048066838	5.564257435934531E-5
109.0	26.74964598396982	23.41430030018334	24.541198006938437	25.2941323755658	7.233333426068377E-4
110.0	25.172706959022157	22.80076827889503	22.237189416802426	29.789279705151834	5.5640128550953E-5
111.0	26.2254135530789	22.667382583197476	23.47134200964818	27.635082877539325	7.789765361139086E-4
112.0	26.312456948785883	22.78451079910843	23.271302491879386	27.631618480836018	1.112793902779648E-4
113.0	30.22273731040511	20.607638376938095	21.223500113224198	27.945233984618202	8.902148143985569E-4
114.0	27.62138831407082	21.046947257018886	27.013104368104152	24.318393133268827	1.6692753731247778E-4
115.0	28.056433048077935	22.08465513662823	26.117868591839198	23.74020854675553	8.346766991096226E-4
116.0	27.82859387728756	22.54444909387951	23.7783733011632	25.848583727669727	0.0
117.0	26.594528783371562	25.556531193903115	23.89353151775569	23.954406899061496	0.0010016059081393836
118.0	28.214440722481278	23.151785614921486	23.652692611593977	24.980914119100348	1.6693190291240526E-4
119.0	27.940153600121082	20.046362708623843	24.577799985977673	27.435071619589856	6.12085687544724E-4
120.0	25.788243673351285	22.26251418905384	23.87177546796056	28.077466669634312	0.0
121.0	29.018993363952116	21.78794916851867	23.730464946242783	25.46186915534228	7.233659441539233E-4
122.0	26.55442021860569	22.11019093358974	24.477816413733773	26.8571829213123	3.895127584904044E-4
123.0	26.454649609298276	26.321716984271216	21.687047999862003	25.535917683043884	6.677235246231396E-4
124.0	26.586288308209532	23.234902488193917	21.98087322992243	28.19793597367412	0.0
125.0	28.422832590419667	23.01904681886242	22.71947019897029	25.83753755140627	0.0011128403413526464
126.0	24.707554261670147	24.39166890629773	23.067921750350965	27.83279943867334	5.56430078161733E-5
127.0	27.124278107954265	21.198016678286677	26.98027528576603	24.696484005281587	9.45922711437374E-4
128.0	26.875020518404803	22.124822011532597	24.38248643559558	26.608935062796057	0.008735971670968809
129.0	25.201955959745693	25.40466309884296	21.326983363881293	28.063559788868524	0.002837788661531938
130.0	26.975715179181513	22.951726378999897	23.156882034663347	26.915676407155242	0.0
131.0	25.55382810795892	23.804258795144253	24.781762901696485	25.859482463130064	6.677320702810262E-4
132.0	27.129305240853103	25.029769986511692	20.766318404195175	27.0690975298145	0.00550883862552807
133.0	27.396466002453934	24.567932491799358	24.646335932870183	23.3870954279498	0.0021701449267297864
134.0	27.121590422829584	22.80682229828274	19.80221544960873	30.269371829278946	0.0
135.0	28.569942045356534	21.13583310843333	26.01943692459219	24.274175822647106	6.120989708390485E-4
136.0	28.607240355818895	26.610572401888827	23.467998891543793	21.308401229985744	0.0057871207627425165
137.0	30.717274690052754	20.150744541144526	23.05111625525853	26.080586284416945	2.7822912725087364E-4
138.0	26.936603947014813	22.824615511304174	25.970464991929372	24.26709146215594	0.001224087595708349
139.0	26.61154495655827	23.00444850005703	23.662904405934672	26.71987803487023	0.0012241025797961869
140.0	28.903569268536145	20.318885591892986	24.070320415699683	26.706946522454473	2.782014167128945E-4
141.0	28.16963239970377	23.990917239717767	24.028585879212198	23.81064191924222	2.2256212404388702E-4
142.0	30.334774245635394	21.589758969442606	22.892811815443785	25.18243240611582	2.2256336239825374E-4
143.0	28.254450298485622	23.230076801137745	23.653782273809995	24.861356781151535	3.338454151061712E-4
144.0	29.661206977615034	22.813736449308465	22.40527522029698	25.11933622407334	4.451287061833385E-4
145.0	28.77649606509508	21.268405918381884	22.06473452745531	27.889306317213876	0.001057171853856563
146.0	28.24654802496283	20.139970799540627	23.88990403019755	27.719682266952738	0.003894878346256911
147.0	28.5689167835125	21.864303042442856	26.015390265073112	23.548107097549575	0.003282811421958114
148.0	24.961189930637087	22.549123254103296	22.728345094129025	29.76100787107156	3.338500590358188E-4
149.0	28.9557763209291	23.426842690389734	24.562954670144705	23.052311897181255	0.0021144213552105463
150.0	26.189725004854886	23.544939540686162	23.692004992323994	26.573330462134958	0.0
151.0	28.168879283385955	22.29369468226349	24.41397838094104	25.12277991762366	6.677357858526819E-4
152.0	27.48692323101921	22.947837603223007	23.110935517617467	26.454192356489415	1.1129165090034945E-4
153.0	24.272609657359876	22.046158340636868	24.573543118678963	29.10685419362019	8.346897041024998E-4
154.0	22.899769789761347	22.61769686258558	24.00741658704557	30.47294654080876	0.002170219798748284
155.0	29.166256115815976	22.891146408278487	22.35923950952116	25.583135294736543	2.2267164783142866E-4
156.0	28.33432979394976	21.98347990767987	25.17549397169161	24.506584990297036	1.1133638172346492E-4
157.0	24.96305001205224	21.321103328031835	26.74394201120385	26.97173764311684	1.6700559524412598E-4
158.0	24.569434632614467	20.174013152584116	25.80191181767421	29.454640397127207	0.0
159.0	27.468974286458693	20.24593431211211	23.37272275827668	28.91181192839312	5.567147593990153E-4
160.0	27.008379801182926	19.575175479227536	24.097217273569445	29.319171773676334	5.5672343761134465E-5
161.0	24.98786326689678	19.03769068032513	29.07064914820176	26.900901904019598	0.0028950005567308762
162.0	26.885648764947867	21.10186236296453	24.805710407597545	27.20672279013161	5.5674358450448986E-5
163.0	26.352201537992148	22.563565219908824	27.305930378351412	23.778302863747612	0.0
164.0	26.09445606251935	21.81456884321835	24.48247600848973	27.60688443319013	0.0016146525824419337
165.0	28.200092871706754	21.438999212706275	25.052588325558762	25.30759576977171	7.238202564996275E-4
166.0	24.725581271040067	21.593527314922568	25.516682275618074	28.164097778480585	1.1135993870748974E-4
167.0	27.482284707551507	22.57055770179508	25.876799787962174	24.069800980674934	5.568220162970668E-4
168.0	26.30319600631461	23.634353935634397	22.340860936555977	27.72153343709194	5.5684403077120114E-5
169.0	27.84143873642804	20.524468787692157	24.877853745243062	26.755848931784087	3.8979885265492E-4
170.0	33.359301607489996	21.472885613557555	22.283396472064243	22.8842492486556	1.6705823260185958E-4
171.0	26.67041995009358	22.081557623759508	26.003070564512758	25.244172247865947	7.796137682018932E-4
172.0	29.650540912398863	23.42764012523755	23.09728516487402	23.824422435628666	1.113618609012404E-4
173.0	30.12368981500814	18.389220640024497	21.759608023273618	29.726200915911527	0.0012806057822134992
174.0	25.85618335622651	23.52737130871932	23.702369067656708	26.913630838803286	4.454285941772461E-4
175.0	26.039797903533124	23.13875367906217	21.774981152288397	29.044629822035283	0.0018374430810245582
176.0	25.787263138963112	21.94503482026374	27.516833831030823	24.749643222451567	0.0012249872907568583
177.0	23.16413345762708	24.737574244909915	23.496363071392057	28.577204125750523	0.024725100320423937
178.0	25.872772720767856	22.008099754045006	23.47642379098113	28.64242531560141	2.78418604599364E-4
179.0	29.812579150140508	23.076032028727393	21.68460458065601	25.425726120743715	0.0010581197323736745
180.0	27.82202052378563	20.049880083043963	25.30899525423122	26.81899225001357	1.1188892562575281E-4
181.0	29.494824864207015	20.586692988679477	25.642201963495033	24.275495009940858	7.851736776132964E-4
182.0	26.548955472998436	21.334060194906584	25.54649221988909	26.57032385721208	1.6825499380821623E-4
183.0	24.160233241122768	24.47433248302181	25.316062362160913	26.048923200491792	4.4871320271292007E-4
184.0	27.206093938875505	20.16508157318308	25.87203513662842	26.754152982322303	0.0026363689906913736
185.0	26.4624506926446	22.59217734214495	22.723308406465918	28.22139051649823	6.730422463009318E-4
186.0	27.97544291656033	21.552963481294714	24.848200988902196	25.623392613242764	0.0
187.0	25.15807248630001	23.270374427959627	26.713560894692804	24.857373236753958	6.189542936015319E-4
188.0	28.720637210930366	27.336220606259786	20.933047607363896	23.009813201395165	2.8137405078463966E-4
189.0	25.69873683440403	21.699716076167	23.739577969311462	28.861181224446153	7.878956713574599E-4
190.0	29.136408817824766	20.05911045020077	24.712524638735076	26.091843523347556	1.1256989183159094E-4
191.0	27.746916714622614	23.06833440528982	22.995892714080995	26.188630490956072	2.2567505049479253E-4
192.0	28.17866158410322	22.061868699692045	23.453028605217753	26.306441110986984	0.0
193.0	29.423386766818005	23.804941915422535	20.48053454177095	26.29085460655705	2.821694314568126E-4
194.0	30.08211390969784	21.084689246627878	23.095461300243198	25.737735543431086	0.0
195.0	28.176961497123347	20.195212655461123	23.505789430901654	28.121302576793504	7.33839720373197E-4
196.0	30.04749516830179	20.869082232386262	25.209789218936855	23.873633380375086	0.0
197.0	25.823772468905343	22.581742343891808	22.97436182328269	28.619386422939495	7.369409806643693E-4
198.0	28.203218752007388	21.82239051257753	23.372589503100684	26.601801232314404	0.0
199.0	26.50804985273686	21.932854395422638	24.535168628274068	27.023413812849196	5.133107172433617E-4
200.0	29.178626187586133	22.877004408100685	22.82133274315284	25.12303666116034	0.0
201.0	25.05375111167396	19.36386293794535	28.178988206986133	27.40294137948542	4.5636390914479113E-4
202.0	25.24564407153872	24.701270679998927	28.059818317805206	21.993266930657143	0.0
203.0	28.120120887850042	23.96037818540398	20.426360216575514	27.492341791221936	7.989189485313586E-4
204.0	26.515161891977655	23.291533402276965	22.0907270813786	28.10257762436678	0.0
205.0	28.464475696901896	23.37966028172873	24.4507545489829	23.704196251227142	9.132211593342618E-4
206.0	27.229168474265126	20.153105492207157	23.937474598484815	28.6802514350429	0.0
207.0	26.967978633391148	24.0409176497187	26.295019520210467	22.695855823348662	2.2837333101915025E-4
208.0	29.17146108851983	21.700043456734853	20.084435122406944	29.04406033233838	0.0
209.0	27.450848239835228	20.271966790076775	24.611635124931315	27.66486444498007	6.854001766047788E-4
210.0	26.726986979793	22.046030896355358	23.61341450943852	27.613339099525657	2.2851488745927434E-4
211.0	26.614789505475443	24.112650815502345	25.395236193091847	23.876694879659045	6.286062713190388E-4
212.0	29.750064036299435	20.823461070503964	22.433802475460375	26.992386541399465	2.858763367577507E-4
213.0	31.26373123398023	21.801251830831198	22.229952398388868	24.704664042475283	4.004943244232882E-4
214.0	28.585539991273006	23.903256359423835	23.70586827279984	23.805278112770615	5.7263732702057945E-5
215.0	26.98350923899348	23.71078572342889	22.283335256270064	27.021910572535756	4.5920877180595905E-4
216.0	26.01446492575525	24.15729879439557	25.846425080296047	23.981811199553135	0.0
217.0	30.240760277052104	21.369392031078736	25.50095945600461	22.888241741772628	6.464940919255827E-4
218.0	25.610758369343145	22.243203563111745	25.37610194194113	26.76987661344891	5.951215506011025E-5
219.0	27.506389466607146	21.680391963799767	23.317702220350974	27.49479147475111	7.248744910021934E-4
220.0	29.403410813603475	20.483315828920848	22.955379514258617	27.157590649005403	3.031942116586664E-4
221.0	26.006954788987603	20.911863678321474	24.033154905226347	29.047721378650166	3.052488144136048E-4
222.0	26.247490533834416	23.74902687879425	23.53409268120395	26.469266628738307	1.2327742907387217E-4
223.0	31.520409228651257	21.158839310108117	23.664564547479614	23.655561717214848	6.251965461642004E-4
224.0	32.0435345489654	21.419951036171167	21.994790148302094	24.54166157279843	6.269376291099679E-5
225.0	32.98728324282987	18.664052729679625	22.224732117730646	26.123111636646772	8.202731130878992E-4
226.0	26.51371645534408	21.972359733078296	24.197068812282634	27.31679119737698	6.380191801325932E-5
227.0	28.255450667279725	22.749440435614254	24.36639746442746	24.626838684013055	0.001872748665505132
228.0	29.04053127499766	27.249010482136736	22.219091201861644	21.491302112010306	6.492899365254158E-5
229.0	27.98544010762572	24.691762725154494	21.432505117073124	25.890292050146662	0.0
230.0	26.19271333075873	21.612035890555305	26.857399938687188	25.337850839998776	0.0
231.0	25.8939869426141	23.58994022932833	24.03460442713326	26.479921157875975	0.001547243048337891
232.0	25.106867841344076	24.564167419288886	24.664569705455033	25.66412422531817	2.7080859383991695E-4
233.0	22.83474264881975	24.68966092950503	20.80691579550944	31.668133230605434	5.473955603483078E-4
234.0	26.290176597824704	20.442979807629282	27.371477422171026	25.893971575322883	0.0013945970521007513
235.0	25.878963718256305	21.50274715947671	27.417769114118872	25.20016635734009	3.5365080802136613E-4
236.0	29.704781830035635	22.730673039475505	23.607197238385748	23.957204446526	1.4344557710665968E-4
237.0	29.128611076753486	23.300617641591387	22.08826365245418	25.482218301836433	2.893273645098035E-4
238.0	28.3332600957947	21.289053917475943	22.862489197463052	27.515123551727672	7.323753863280163E-5
239.0	28.38112225938313	20.91668524712003	24.8826458565589	25.818060200668896	0.0014864362690449647
240.0	26.630779702173452	20.469443192514174	26.07262319760365	26.826923961332216	2.2994637650499905E-4
241.0	29.175507485375718	21.265542255212598	22.118865111296476	27.43770628044087	0.0023788676743345502
242.0	28.041413154676288	22.548555077803503	19.749782704008247	29.658941441614683	0.0013076218972824542
243.0	28.070205179932174	21.406538602908597	25.3217326442374	25.198210117750953	0.0033134551708779653
244.0	28.23938964395898	20.84340865504878	25.185293272927726	25.730904756169494	0.0010036718950251844
245.0	29.049103397894466	20.4262148935314	22.68629296121689	27.83614453355951	0.002244213797735975
246.0	25.011765052483376	26.2451767161277	21.58226194472635	27.157229944558885	0.0035663421036921717
247.0	26.95112713316215	22.201512685346685	23.95481367243797	26.744074927259803	0.14847158179339065
248.0	26.185665310287327	22.578660668732343	22.40662448202486	28.818627816975894	0.010421721979567204
249.0	26.407307604191182	21.065936446535634	28.933907701131332	23.575159008342776	0.01768923979907517
250.0	28.843722116695226	19.88118242025326	23.502405051115645	27.771673807660036	0.0010166042758375843
