# Position (bp)	A	C	G	T	N
0.0	23.399707058311233	24.95744428169906	26.71311507857963	24.92973358141008	0.0
1.0	22.590212555610478	29.097380128521998	24.296589223924865	23.93475037073653	0.08106772120612951
2.0	24.210172972119107	26.71195008293184	23.351236079298634	25.724666298080724	0.0019745675697022355
3.0	24.547140771143297	22.700185484825763	25.626504597655785	27.118276175066104	0.007892971309049292
4.0	25.240536277602523	25.019716088328074	24.97042586750789	24.769321766561514	0.0
5.0	26.92247084777813	25.537740308855973	22.827371572644182	24.712417270721716	0.0
6.0	23.67257072087126	25.30421278185142	24.70463347028642	26.31268552556567	0.005897501425229511
7.0	25.067184526962084	25.67527805566998	24.971066517585673	24.286470899782266	0.0
8.0	26.54080413622922	25.618378018448524	24.457021993302128	23.383795852020135	0.0
9.0	26.007626870049865	25.577393174929107	23.527916299990224	24.8870636550308	0.0
10.0	24.514956722221136	25.96666731795002	23.887770852464783	25.63060510736406	0.0
11.0	26.492734978053576	23.06076888148933	24.59701831390949	25.849477826547602	0.0
12.0	27.19000129997957	27.030289524021768	21.393949523650342	24.38575965234832	0.0
13.0	24.701144164759725	24.60411899313501	25.078260869565216	25.616475972540048	0.0
14.0	25.881607530774804	22.81679942070963	24.18718320057929	27.114409847936276	0.0
15.0	25.073699165334755	24.72740188243651	24.69366009589771	25.505238856331026	0.0
16.0	26.02790014684288	25.20802741067058	22.334102510313965	26.429969932172575	0.0
17.0	26.679264731145853	26.06940388249442	21.118364542174884	26.132966844184846	0.0
18.0	25.394530984286785	26.545813209985713	21.148221209441534	26.911434596285964	0.0
19.0	25.670964903374283	24.38995498696991	22.932954276237858	27.006125833417943	0.0
20.0	22.154994201583218	25.563454847980637	25.788668717121293	26.492882233314845	0.0
21.0	23.13807182734772	26.15448712607283	25.02458128489293	25.682859761686526	0.0
22.0	21.3385527641511	26.754538096889814	27.164164312967642	24.742744825991444	0.0
23.0	24.087063655030803	27.29199178644764	23.51375770020534	25.107186858316222	0.0
24.0	26.170996447081063	22.69630692004303	25.14912480850093	25.98357182437498	0.0
25.0	23.380245361190372	26.847866389385956	22.263062017378406	27.50882623204527	0.0
26.0	24.168695540748335	26.001089185033315	21.44893644284982	28.38127883136853	0.0
27.0	23.97999137007975	26.179022901251336	21.625940901027597	28.215044827641318	0.0
28.0	26.949302354946653	25.4387903276722	23.21011427489109	24.395479512595493	0.006313529894564051
29.0	23.92840393934657	24.411442863842424	25.782397999062063	25.877755197748947	0.0
30.0	22.227903805627864	25.751518532292057	26.327940994173794	25.69263666790628	0.0
31.0	25.96640854719276	25.69699955355081	23.624859522453313	24.711732376803116	0.0
32.0	23.227226859921107	23.24710271228939	25.930342782007763	27.59532764578173	0.0
33.0	24.43716741711011	24.89501372022862	25.325571170843375	25.342247691817892	0.0
34.0	25.307694622491045	27.35096747013331	22.86720231109506	24.47413559628058	0.0
35.0	24.292203440315735	24.176036934991437	26.508302926502346	25.023456698190483	0.0
36.0	21.811281440690582	27.276380413752044	27.44158356898348	23.470754576573896	0.0
37.0	24.23070055353848	27.263258139396463	22.610261293970595	25.89578001309446	0.0
38.0	25.47642779571252	26.687394932980258	22.24519853017748	25.59097874112974	0.0
39.0	22.043554577098146	27.42391336685211	23.706601612471363	26.82593044357838	0.0
40.0	23.942823994883312	29.972780413797206	23.04145409111868	23.0429415002008	0.0
41.0	23.47972219330468	26.222096637468212	22.10258621971714	28.19113338588064	0.004461563629333294
42.0	23.046723968711895	26.508639919102993	22.597626624631946	27.847009487553166	0.0
43.0	25.491420584649237	25.97020251583549	23.61495227049692	24.920450828203528	0.0029738008148214234
44.0	26.09762262299469	25.57873295767109	24.529059308047994	23.793098321414234	0.001486789871987392
45.0	24.24557752341311	25.20440017838561	23.164858034785194	27.382191169912296	0.0029730935037906945
46.0	24.5024154589372	25.160906726124114	24.154589371980677	26.18208844295801	0.0
47.0	24.026871572313958	26.68281735356628	24.500988362587876	24.789322711531888	0.0
48.0	23.017040305447846	24.826551380903567	23.56375629540491	28.592652018243676	0.0
49.0	21.445761654336394	26.319933446237037	25.262203999168076	26.97210090025849	0.0
50.0	25.11994771319499	27.258953372647465	21.961943524308907	25.659155389848635	0.0
51.0	23.732010515215872	28.29603006044764	22.569098929170814	25.402860495165676	0.0
52.0	21.90230370996692	26.629878510079656	22.403690682805987	29.064127097147434	0.0
53.0	22.236713400717314	27.105255357619228	25.12375137089842	25.534279870765037	0.0
54.0	23.35521927939411	29.572705310429665	23.549376769278656	23.52269864089757	0.0
55.0	23.487181005388123	30.709337438569484	21.86334300432234	23.940138551720054	0.0
56.0	25.54800704527626	26.554475082515577	24.661427112472804	23.236090759735358	0.0
57.0	21.039157072246724	28.747743214845944	24.27116938467458	25.937490750880514	0.004439577352236067
58.0	24.250765883763265	27.117465109739676	21.579422516242655	27.052346490254408	0.0
59.0	26.158376866499932	23.6825359241117	25.609341008982877	24.549746200405487	0.0
60.0	21.786643795102332	23.94268307109902	25.764521471666864	28.50615166213179	0.0
61.0	23.724602963357288	25.948599651021798	25.339366515837103	24.982994706178097	0.0044361636057137785
62.0	24.478388809203423	23.66658287370429	26.348943469324382	25.5060848477679	0.0
63.0	26.181393423231608	24.693931866572036	23.22125621007807	25.903418500118285	0.0
64.0	24.227565428014415	23.604300821173275	24.685413835883498	27.48271991492881	0.0
65.0	21.783114025371788	27.078995170794386	25.41904804099656	25.715889120257557	0.0029536425797114293
66.0	23.76247858703999	25.626144485793606	24.46836788942052	26.141532281883155	0.001476755862720775
67.0	25.115921911456336	26.645795800230367	21.831713872234857	26.40656841607844	0.0
68.0	22.783389450056116	24.744521235749307	27.04383011400555	25.428259200189025	0.0
69.0	24.452155936207916	25.540460720614295	25.64235085646781	24.365032486709982	0.0
70.0	24.20849193001092	25.530376796199583	25.01549083827565	25.245640435513856	0.0
71.0	24.438520787617264	23.952519108702376	26.650564792860195	24.958395310820165	0.0
72.0	25.649747463592053	26.4743561425984	24.187539573854014	23.68393927346085	0.004417546494676856
73.0	23.960541813898704	24.771790341578328	24.335983510011776	26.930212014134273	0.0014723203769140165
74.0	23.182667824499948	28.940435364938256	23.59330615368765	24.28211883490573	0.0014718219684147005
75.0	24.113214212122106	25.682199523122662	22.765005445821433	27.439580818933795	0.0
76.0	24.991905336590822	25.630647867424134	26.550495982103435	22.825479056898125	0.0014717569834868866
77.0	22.485982133659068	27.05558580700231	25.26306494576815	25.195367113570473	0.0
78.0	26.334456724896615	28.415429218973053	20.747913876583908	24.502200179546424	0.0
79.0	27.183623011376177	22.970168803072895	22.792094070552913	27.05411411499801	0.0
80.0	23.119149938188027	24.91611232118679	28.17448637193148	23.785836227703538	0.004415140990168953
81.0	23.613993259452222	26.56335084698368	24.058457327034304	25.764198566529796	0.0
82.0	22.469942460229863	22.714228952364135	25.798713816902858	29.01564316512884	0.001471605374302827
83.0	23.099561493863856	24.257629712469466	25.456899849907295	27.18590894375938	0.0
84.0	23.38659839321974	27.48300520879315	25.140519702186516	23.988405285306495	0.0014714104940996438
85.0	24.546845574387945	28.24858757062147	21.758768832391713	25.44579802259887	0.0
86.0	24.321023981168164	26.52640870972488	23.267618066794174	25.88053553038105	0.004413711931734589
87.0	22.255568305528584	23.094124223967988	26.561626504251624	28.0886809662518	0.0
88.0	23.2738077726457	28.96502015239328	26.27313112294431	21.48656997440499	0.0014709776117207496
89.0	25.719244572571633	27.935812202153322	23.032005648055538	23.31146672942284	0.0014708477966700005
90.0	23.630373714941243	26.817466503904814	24.46722456723486	25.08493521391908	0.0
91.0	24.75735294117647	26.051470588235293	24.569117647058825	24.62205882352941	0.0
92.0	23.994941622797988	25.599211834249918	24.219921771608387	26.185924771343704	0.0
93.0	24.694153628984825	27.417362663216092	21.77243853664275	26.116045171156333	0.0
94.0	25.72268784002353	25.555065431554187	24.1758564916924	24.541979120717542	0.004411116012351125
95.0	23.341125961213297	28.904768206078252	24.04687339185156	23.707232440856895	0.0
96.0	24.82578141080302	26.75615278308683	24.816960216413303	23.601105589696843	0.0
97.0	24.33147611837173	25.717771930082474	23.855166634814694	26.095585316731107	0.0
98.0	26.422250316055624	24.87725281510011	24.500926116484873	24.199570752359392	0.0
99.0	21.825583446005524	23.55975545235436	28.00834753982717	26.606313561812943	0.0
100.0	23.379085351516576	26.531272043263577	24.901540089348696	25.18810251587115	0.0
101.0	22.642174871418074	22.465833945628212	29.62968405584129	25.262307127112415	0.0
102.0	23.525088920897147	25.43137658367383	25.754725300567333	25.288809194861695	0.0
103.0	25.138515350587127	26.91239363343768	25.86011786664315	22.088973149332038	0.0
104.0	24.635529951208042	27.876080183410735	23.65381223913938	23.833107988948328	0.0014696372935159602
105.0	27.126565163717594	23.383398977132444	21.64187878431603	27.845217800246896	0.0029392745870319204
106.0	23.47382652911266	24.51135996237839	26.75836933838874	25.25644417012021	0.0
107.0	25.340563417537364	25.725580096695026	23.42723625622713	25.506620229540477	0.0
108.0	22.25977575641798	25.375086332309593	26.289106699387226	26.076031211885205	0.0
109.0	24.555139225626334	25.499963265006244	27.363162148262433	22.581735361104986	0.0
110.0	23.965144813601164	25.580062598269	23.81085330551188	26.64393928261796	0.0
111.0	23.416605437178546	25.119764878765615	26.499632623071275	24.963997060984568	0.0
112.0	24.6006671466988	25.042982469030576	24.278849686264714	26.077500698005906	0.0
113.0	26.06459576218885	23.776706732888588	24.08675463602433	26.07194286889823	0.0
114.0	25.35265075819913	23.612907017750086	27.785940989773128	23.24703185611849	0.0014693781591630423
115.0	24.72078532800376	25.74359275805314	26.520985186926875	23.014636727016224	0.0
116.0	26.155067011521275	25.96696449565013	25.155772395955793	22.722196096872796	0.0
117.0	25.619810419575277	26.722022191197002	24.23249320302741	23.42567418620031	0.0
118.0	24.92872468624166	25.415160332716102	27.047879375716427	22.6067660112277	0.001469594098110102
119.0	26.20944039501528	22.413590406771693	25.123442276040443	26.253526922172583	0.0
120.0	23.882790342253376	23.70203823715264	27.014357301356373	25.40081411923761	0.0
121.0	26.565554134885293	23.998060050262335	25.961524330202963	23.474861484649413	0.0
122.0	26.15660454999706	25.767150667215333	24.535594615248957	23.53771089295162	0.0029392745870319204
123.0	23.437775556992534	27.811416142496032	25.934689318676153	22.816118981835285	0.0
124.0	24.18911570624458	25.066502064870743	24.388989315579853	26.35539291330482	0.0
125.0	26.293280818294047	23.09094115572277	26.403503615307745	24.212274410675445	0.0
126.0	24.8607580054962	23.682160859405997	26.43173100944935	25.025350125648448	0.0
127.0	24.183285082369537	24.42723411759519	27.375196555322056	24.014284244713213	0.0
128.0	25.05657937277724	22.76548217382359	27.068453693089968	25.10213678981865	0.00734797049055051
129.0	22.427475531258267	28.878993621961612	24.18804926079417	24.504011991887843	0.001469594098110102
130.0	24.954441243901005	27.548351066956677	23.86103109752513	23.63617659161719	0.0
131.0	24.350778184383405	26.212836000764224	25.120879443881076	24.3155063709713	0.0
132.0	25.1873842626613	25.869316010699272	23.90435319361571	25.033067811057876	0.005878721965844626
133.0	25.437204244187754	25.397525203538784	26.091173617846753	23.07409693442671	0.0
134.0	25.40706560075241	23.640665412649895	23.304138255349166	27.648130731248532	0.0
135.0	24.356732450662	25.154663414204055	27.204596552585556	23.284007582548384	0.0
136.0	27.288090759463905	25.864095932283092	25.930225723019046	20.91170938161298	0.005878203620973431
137.0	27.524283971843815	23.832826345721468	24.36332642654558	24.27956325588914	0.0
138.0	24.79391062848074	24.746888454586866	27.98407123859345	22.472190792470574	0.0029388858683673017
139.0	24.88575416942179	24.584527220630374	25.764455220042613	24.765263389905222	0.0
140.0	24.606952893120575	22.761468159511004	27.426606717799523	25.204972229568895	0.0
141.0	23.429579016971566	26.607890676658585	27.242671368745867	22.71985893762398	0.0
142.0	27.212213830193672	24.393863696476327	24.160225703118112	24.23369677021189	0.0
143.0	23.683437169389915	27.891736217232864	24.510697072998706	23.91412954037851	0.0
144.0	27.542173631928524	27.286486804208547	23.12496326338682	22.04490683594898	0.0014694645271263152
145.0	26.965351044758574	23.57098774502601	23.767890204837336	25.694301584036204	0.0014694213418755694
146.0	26.826257549706828	22.974621228820407	25.180384722773297	25.014327910770177	0.00440858792928625
147.0	24.60326789702598	25.903667567885268	26.733866227812392	22.757728929117196	0.0014693781591630423
148.0	23.838072147527736	26.165601351847773	24.430240246859157	25.56461685401514	0.0014693997502020423
149.0	26.73572845492616	26.59025787965616	23.479538608478435	23.19447505693924	0.0
150.0	23.934989934020074	24.82549852316645	25.818871140762074	25.420640402051404	0.0
151.0	24.975017634610865	25.584881260286856	26.426933928991303	23.01316717611098	0.0
152.0	26.73407006818716	24.37397131436633	24.271102750999294	24.620855866447215	0.0
153.0	24.54443921937456	23.736186221490712	27.574653185986364	24.144721373148364	0.0
154.0	22.722196096872796	26.369621443686807	26.182988478720905	24.723724429814247	0.0014695509052433577
155.0	25.990652007760595	24.30771944264801	25.921570933035454	23.78005761655594	0.0
156.0	24.218772966457948	23.99241555692742	28.14328130052621	23.644060322779787	0.0014698533086397977
157.0	24.02104891815616	24.563440733772342	27.604656632173096	23.8108537158984	0.0
158.0	25.259429108974924	23.151659464385453	25.862068965517242	25.72537260781374	0.0014698533086397977
159.0	26.025605220995697	22.590507547807682	25.509679126306352	25.872738229976626	0.0014698749136448487
160.0	25.375196601549295	22.979230056885832	26.267436903764462	25.378136437800414	0.0
161.0	23.4668979303857	22.89216839134525	28.4983537158984	25.13964016933208	0.0029397930385700846
162.0	23.853831341594272	25.50454939659861	25.8279313842219	24.81368787758522	0.0
163.0	24.47374610454519	24.99412006820721	27.26083377432822	23.271300052919386	0.0
164.0	25.246957135297233	25.533603810195803	25.160228141353556	24.05774093020521	0.001469982948197801
165.0	25.553089214576563	23.423052611463095	28.106487130110104	22.917371043850235	0.0
166.0	24.101078999206184	24.993384882250904	26.090024402434363	24.815511716108546	0.0
167.0	25.61192537818091	25.1679578965938	25.935345397880127	23.28477132734516	0.0
168.0	24.662206866132472	25.24296111151952	25.661986326545616	24.432845695802396	0.0
169.0	25.064694465682525	23.961947891548547	26.138034464506266	24.83532317826266	0.0
170.0	30.425960506388673	22.711032038934878	23.9211304053756	22.94187704930085	0.0
171.0	23.431503727338225	24.06963579420976	28.604196379997354	23.894664098454662	0.0
172.0	25.363501374615915	25.078286949234773	25.957453064584897	23.600758611564416	0.0
173.0	26.58287394340316	23.46931275266446	23.77949283351709	26.168320470415292	0.0
174.0	22.908887778202452	27.92314703201717	23.5939199717755	25.574045218004883	0.0
175.0	26.199961777634034	24.74016141599165	23.49205415815239	25.567822648221927	0.0
176.0	23.675815532981492	24.831307057906884	29.86636872822428	21.626508680887348	0.0
177.0	21.825105119233143	26.859066717633567	26.373901026198947	24.919874150960037	0.02205298597430092
178.0	23.312315357820008	22.864029866102268	26.98678660140806	26.835398386172233	0.001469788497435219
179.0	27.757933883082714	24.288927106760152	24.252179153621142	23.69948993841043	0.0014699181255604064
180.0	26.044258602158454	22.98914883905829	26.667059291214535	24.298060925514214	0.001472342054506103
181.0	27.11559714138363	23.213733146688277	26.769321446990347	22.90134826493774	0.0
182.0	24.893563736538944	24.843476083145504	25.107172846599195	25.155787333716358	0.0
183.0	23.356363154250694	25.141788076543463	26.81525566047464	24.68511998585802	0.0014731228731788518
184.0	24.649765036901726	23.44916989526096	27.431021021463398	24.46709780062755	0.0029462457463577036
185.0	23.83933305838685	26.8441053437813	25.995699051434634	23.32086254639722	0.0
186.0	26.170275445573722	24.03888643393725	24.99484460156135	24.795993518927677	0.0
187.0	23.6773032912587	23.091895717824702	28.991683378553734	24.239117612362865	0.0
188.0	26.64808835021601	28.69170315978827	21.856062281594195	22.804146208401527	0.0
189.0	23.762201055704637	26.722892276842323	26.433900504261153	23.079531715372593	0.0014744478192916751
190.0	28.323895475727014	22.754084822745238	24.938064059458505	23.982480976818263	0.0014746652509880257
191.0	24.775639133258544	25.431009033477004	26.35797366711932	23.4339021078113	0.0014760583338253527
192.0	26.306777083979156	24.523567010613643	24.86308548484714	24.306570420560057	0.0
193.0	26.091385546615488	25.183435446962427	23.729238945892078	24.995940060530007	0.0
194.0	27.183863918256453	24.7489811588211	24.416750339613728	23.650404583308724	0.0
195.0	24.49383445322307	22.571069925422726	27.835782322971276	25.09931329838293	0.0
196.0	26.767415381430492	22.79710766409866	27.311576737102044	23.123900217368803	0.0
197.0	23.984028393966284	25.221827861579417	25.813368825791187	24.98077491866312	0.0
198.0	27.861815813623043	23.84920517450638	24.531541399011278	23.7574376128593	0.0
199.0	25.750277880696554	22.85142645424231	26.915153760652093	24.483141904409038	0.0
200.0	26.625263095485135	24.818427059555926	25.298668959179437	23.257640885779505	0.0
201.0	23.84050989401912	22.214481583043057	28.851997331949903	25.09301119098792	0.0
202.0	24.837318233698472	25.062626921423597	29.115218712479436	20.9848361323985	0.0
203.0	24.092937740017494	25.799564076331123	24.80464985246801	25.30284833118337	0.0
204.0	25.307369451406707	24.5124356711703	25.72263336645557	24.457561510967416	0.0
205.0	28.57503077767395	24.39371690473012	24.87726011955087	22.15399219804506	0.0
206.0	23.797727475005193	23.28744771115792	27.6277924466728	25.28703236716409	0.0
207.0	25.77735580346546	22.97056729171612	26.916686446712557	24.335390458105863	0.0
208.0	27.429215884133672	22.566332284679767	23.56502641419837	26.43942541698819	0.0
209.0	25.004452888440305	21.449563616932853	27.03942290565814	26.506560588968707	0.0
210.0	22.49157549396553	24.60549559847394	27.467600908510608	25.43532799904992	0.0
211.0	24.722337708617925	26.0468016867613	26.591732493912218	22.63912811070856	0.0
212.0	26.632307509505704	23.147873098859314	27.156606463878326	23.063212927756656	0.0
213.0	28.125046431808386	23.14458493677845	25.181641234417484	23.548727396995677	0.0
214.0	27.47881670878549	25.183588523859076	25.82726326742976	21.510331499925673	0.0
215.0	23.26080157276261	25.645264584543437	26.163561354124777	24.930372488569173	0.0
216.0	26.97533743623697	24.041109288713002	26.064974344312862	22.91857893073717	0.0
217.0	27.8635846911709	22.98749526335733	27.116331943918148	22.032588101553618	0.0
218.0	24.18652279570221	24.880404713506245	26.827553531308745	24.105518959482797	0.0
219.0	24.169333005168596	24.901550578390353	26.20754368693084	24.721572729510214	0.0
220.0	26.82443928847641	21.87935034802784	26.846094354215005	24.45011600928074	0.0
221.0	23.60176701059894	23.57210870549303	27.636857468429515	25.18926681547851	0.0
222.0	23.5236639296465	25.476351830546406	26.486580195741595	24.5134040440655	0.0
223.0	30.02232854864434	23.216905901116426	25.32535885167464	21.435406698564595	0.0
224.0	29.404712426867867	23.61968093609131	26.482624124812176	20.492982512228654	0.0
225.0	28.213377947942476	20.478749074997587	26.685113091599373	24.62275988546057	0.0
226.0	25.281740603218033	22.109308839814997	27.830434499381145	24.778516057585826	0.0
227.0	25.29062130566137	24.070668593195848	28.17548929462761	22.46322080651517	0.0
228.0	27.376626808482524	25.96122084957389	25.211402523617625	21.450749818325956	0.0
229.0	25.531560632045156	25.15526399040943	25.593166719392595	23.720008658152818	0.0
230.0	25.015118935626933	23.90135734444295	28.408480043004975	22.675043676925142	0.0
231.0	24.321201617562103	25.801135012063753	26.275189451863934	23.60247391851021	0.0
232.0	24.27717019822283	25.14866712235133	26.609706083390293	23.964456596035543	0.0
233.0	23.689909051537462	24.786487656994368	23.958423559982677	27.5634473798181	0.0017323516673884798
234.0	26.71401017008592	21.569349465193756	26.300192880939854	25.41644748378047	0.0
235.0	23.633494672269208	22.482846657092708	29.25376309770757	24.62989557293052	0.0
236.0	27.38200843637417	23.6037438673353	25.21679309158716	23.79745460470337	0.0
237.0	26.68202427965482	24.952464531227147	24.625201111598656	23.740310077519382	0.0
238.0	25.38216087859899	23.215345799940636	26.478554467200947	24.923938854259426	0.0
239.0	27.47464445577653	23.60473681228398	25.542523655731202	23.378095076208282	0.0
240.0	24.516908212560388	22.276764843384758	28.755649057191835	24.45067788686302	0.0
241.0	29.115948813982524	20.142790262172287	25.8290418227216	24.9083177278402	0.0039013732833957553
242.0	24.999511613823284	23.56756334368712	24.175115747523883	27.257809294965718	0.0
243.0	27.81455656534002	23.162801629583203	26.018489501723597	23.00415230335318	0.0
244.0	25.419169906153062	22.336749518985354	27.810499862567244	24.431617387206973	0.0019633250873679663
245.0	26.818566397103673	21.726383723904533	25.57897015130945	25.87607972768235	0.0
246.0	23.511904761904763	26.594528539892774	25.90074109113844	23.992825607064017	0.0
247.0	23.74434634907468	24.145286484564792	26.793861468270425	25.18615077719184	0.13035492089826392
248.0	27.20945865791451	22.727272727272727	24.96539997627427	25.0899600616869	0.007908576851595555
249.0	26.56788558298007	21.44922942831108	28.17241789152569	23.79461986450616	0.01584723267699378
250.0	24.9167327517843	23.852101506740684	26.96669310071372	24.2644726407613	0.0
