# Position (bp)	A	C	G	T	N
0.0	23.573035153180548	24.7821238562454	25.670002737336556	25.974807182447986	3.107078951186858E-5
1.0	22.85392991580136	30.635475416768855	22.972490728910266	23.457616524599352	0.08048741392016802
2.0	24.329658374480896	27.014148246258834	22.979496778754406	25.675830715836135	8.658846697283935E-4
3.0	25.72768928851626	22.03179186196808	24.73715614771106	27.496101181711968	0.0072615200926260965
4.0	25.845815411912454	24.164173956435235	23.62558179964878	26.364336194893657	9.263710987039142E-5
5.0	28.28777266977261	24.287494986270094	22.28268180555984	25.14118663416741	8.63904230045355E-4
6.0	25.26472167300216	23.94062817358756	24.439007516657053	26.350221452304513	0.005421184448716365
7.0	25.296429562986035	25.992733497947246	23.81585747891057	24.894426032734003	5.534274221442914E-4
8.0	27.281224481532224	24.186768036015895	23.88973383797142	24.642242968636406	3.0675844061187264E-5
9.0	25.776184912767985	25.604121201433333	23.047474888495366	25.572004683072112	2.143142311997433E-4
10.0	24.533452524740785	25.186557803549555	23.689812316363852	26.590177355345805	0.0
11.0	27.28667518511918	23.39901675035369	22.558192704238994	26.75599674642164	1.1861386649475564E-4
12.0	28.581981966760882	24.77541471701774	20.124950369703832	26.517594686448682	5.8260068869227407E-5
13.0	24.828062832153794	23.123801935959555	25.110676076201965	26.93734435392006	1.1480176461792395E-4
14.0	26.693871213426302	22.34744335439882	23.343104831763245	27.61546726387466	1.1333653697944528E-4
15.0	25.102635249768586	24.147536670210275	24.420793072029863	26.329035007991276	0.0
16.0	26.033129129451954	25.12486565955093	21.891288650902407	26.95063428985287	8.227024183886057E-5
17.0	28.411069302859183	26.825203987465756	19.63221324320073	25.130332408708263	0.001181057766072183
18.0	25.49823194703138	25.772800799365537	20.24371381137253	28.48498712908571	2.663131448439911E-4
19.0	24.566543139734367	24.89944985262163	22.191727511413927	28.341777175109932	5.023211201443724E-4
20.0	22.27354771104853	25.97828279520597	24.157050232497216	27.591066867509333	5.2393738948195695E-5
21.0	23.12999767023214	24.8050929712436	24.485990095499705	27.578633561280036	2.8570174452082495E-4
22.0	22.014551849567198	27.396712531118883	26.20016035180838	24.38852390561945	5.136188609063627E-5
23.0	24.911817175487588	24.806639022806312	23.333352919581504	26.94773103108056	4.5985104402792724E-4
24.0	27.376300027535194	22.084616414513324	24.698439082800103	25.840568690208837	7.578494254238273E-5
25.0	24.72927536202937	25.951165826814627	19.304845692012197	30.014463448023093	2.4967112071623657E-4
26.0	25.937711273707592	25.73047555131669	20.194735632520167	28.13695358281781	1.239596377502714E-4
27.0	25.438194839638467	24.98760158116597	20.472328483597394	29.101751543840983	1.235517571901563E-4
28.0	27.32445531506688	24.217335916461195	23.190491370725272	25.26503443100007	0.0026829667465784247
29.0	27.171391674813233	23.818675549440602	22.653221815899684	26.35622820039345	4.8275945303353975E-4
30.0	23.394366693321683	25.093857691921517	25.78735143142715	25.724112662299458	3.1152103018566895E-4
31.0	25.63727107197679	25.11765105170835	22.693630921404406	26.5508277075104	6.19247400054065E-4
32.0	23.914052549648567	23.12844945516298	24.321831218453703	28.635289400443416	3.773762913344969E-4
33.0	23.75922634921892	24.819409280734895	25.736628926657367	25.684549111312453	1.8633207636820152E-4
34.0	25.32667975529475	26.785284951973402	23.399968235066044	24.48792874880968	1.383088561235209E-4
35.0	24.877263827091276	22.847328908348338	26.015172418190684	26.26005266075262	1.8218561708318093E-4
36.0	23.47292052470891	25.12262318055865	26.401612528949535	25.002593514394007	2.502513888952084E-4
37.0	25.461259395687826	26.043471962628512	21.492790110800495	27.002410308177875	6.822270528951101E-5
38.0	26.37914434429928	26.49145242309227	20.95457320088255	26.174579953007935	2.500787179600852E-4
39.0	22.974353332766608	27.509263430553705	22.129336628815896	27.386773853191613	2.727546721738866E-4
40.0	25.89127788180019	26.659851866733238	23.369544343962254	24.07907592040138	2.4998710293809844E-4
41.0	23.923482377150876	24.181074013512198	22.09030068415393	29.800575536429584	0.004567388753407363
42.0	23.732553251917068	26.358057370065325	21.457017892644135	28.452280602101677	9.088327179778472E-5
43.0	25.85007910565626	26.007313524659065	22.763436375152555	25.375308857379906	0.0038621371522145494
44.0	28.52712586621816	24.833980058071205	23.448121863203294	23.190340608361947	4.3160414539880447E-4
45.0	25.07878528814349	24.400351686169834	21.923171880369466	28.593852669296666	0.0038384760205406165
46.0	24.486761994327395	25.02231864553358	22.700611750042977	27.790307610096043	0.0
47.0	24.80500222543169	24.800551362055025	23.55101688603065	26.841680973013233	0.001748553469402585
48.0	22.493966240003232	24.745465116569452	23.1747010476528	29.585867595774516	0.0
49.0	21.68964558326949	26.437887687636557	24.53056383190034	27.340132232343013	0.0017706648506001534
50.0	27.358892724013153	25.064862428095203	20.170864546367046	27.405289505474773	9.079604982705622E-5
51.0	24.603057884101073	27.4580453290194	21.72131259157584	26.215155790134954	0.002428405168735577
52.0	22.538203819226943	26.351542623998508	21.28088271328984	29.82937084348471	0.0
53.0	22.073293004761858	25.502540049056083	24.23491136725068	28.18774122329197	0.0015143556394151966
54.0	22.372631133107667	28.98894820716591	22.627912427328457	26.010508232397967	0.0
55.0	23.321088611732616	29.218640982433204	22.65223149624937	24.806596143983498	0.0014427656013120149
56.0	26.281721119898695	25.83900098209441	25.095386229985913	22.78389166802098	0.0
57.0	22.476344853295494	27.897859711265443	23.16532029954396	26.455787154841758	0.0046879810533442656
58.0	25.120623904469024	25.582025832558468	21.91830431974428	27.37884311928797	2.0282394025618016E-4
59.0	27.111293786636036	23.427933266046846	24.729113303367637	24.72868515760609	0.002974486343389576
60.0	23.782203830689642	23.0880456762543	24.19347184559389	28.93625615659402	2.249086814526132E-5
61.0	24.548326454919007	24.631560103532674	23.167920793771486	27.646390356141517	0.005802291635321922
62.0	24.988558928769407	22.300812355412408	25.321120228735968	27.38930608975332	2.023973288949848E-4
63.0	25.85368738621399	23.974486748652556	23.181222880252147	26.98806191397958	0.00254107090172487
64.0	24.73839406566617	22.065202198429905	23.846238238922762	29.350120625570288	4.487141087606718E-5
65.0	23.7662799449474	26.637270880561204	23.589501419500152	26.002169350686643	0.0047784043046019626
66.0	24.542678549636403	24.48399352490614	23.327342196506894	27.645267869320833	7.17859629728003E-4
67.0	26.96050875402371	25.6123778866968	20.927937729225317	26.498592402337394	5.83227716775648E-4
68.0	23.547875091798744	23.209257171517514	26.88587257145498	26.35679328650046	2.0187872830756986E-4
69.0	23.068794746686567	24.513384164470196	25.66579884534231	26.749083897843366	0.0029383456575625055
70.0	24.45159432801443	23.524151790271937	25.05876974439527	26.96510353325942	3.8060405894079234E-4
71.0	24.39035658821991	23.322663169364564	26.094376268579232	26.191688878195414	9.150956408861161E-4
72.0	26.2781786000977	26.5997192098867	21.927739505687104	25.19264428989805	0.0017183944304381658
73.0	24.969891663544445	22.92375210233956	23.34911812755045	28.75333300456094	0.0039051020046115908
74.0	24.400683040265505	26.456810064513075	23.231557834736474	25.910034234570734	9.148259142067332E-4
75.0	24.6568432006415	25.11554579897452	22.39516875208752	27.830166472965463	0.0022757753309970196
76.0	27.064078642913987	24.442670487466568	25.496923005185256	22.99512308090813	0.0012047835260577944
77.0	24.190631211165748	25.349933550496157	24.41995283278797	26.038656945875054	8.254596750678384E-4
78.0	26.88619063479716	26.580400567809793	20.73975897754974	25.793002857565455	6.469622778604824E-4
79.0	27.380945741521828	21.109227035476515	22.99480725355982	28.512186791635834	0.002833177806000492
80.0	24.125396999257813	23.29234827919212	28.40119919039702	24.178333951637534	0.0027215795155186915
81.0	25.167664863012725	25.374078244792486	22.623424182288023	26.834319632225917	5.130776808531901E-4
82.0	22.630397961307402	22.243168610843984	24.68617781498606	30.438939492597715	0.0013161202648390889
83.0	24.69022618412685	23.07390828834701	24.44650703798704	27.78842162296965	9.36866569455607E-4
84.0	22.91999333532441	26.452382922638684	24.95095731105767	25.675484276339578	0.0011821546396558458
85.0	24.70420509636196	27.57081948258419	20.997624183898694	26.72657059911962	7.806380355399963E-4
86.0	25.319848303450193	25.417491136760628	22.626708192006223	26.63398969776666	0.001962670016290161
87.0	21.772737065456756	22.129060632323235	26.844945165378114	29.25249885923825	7.582776036465124E-4
88.0	24.801918460521517	26.857376831284125	25.726626066121145	22.613253488170862	8.251539023535173E-4
89.0	26.272245720898173	26.504997461072566	22.997352691474934	24.224333696016014	0.0010704305383128275
90.0	23.172162987202245	26.096117947426833	24.894258929425597	25.837214835839596	2.4530010572434556E-4
91.0	26.579714927929217	24.97937330526616	24.10908288140431	24.33109301412873	7.358712715855572E-4
92.0	25.358992506411894	24.396037669963704	22.90044181977838	27.34450570548232	2.2298363701474857E-5
93.0	26.11325357352697	26.19446274735407	21.049119063307256	26.642807848436302	3.567673754073559E-4
94.0	27.1891952275592	24.19998693373867	22.99621858829526	25.610652615158692	0.00394663524817981
95.0	23.637519007888553	26.450195987496045	24.242583021551937	25.667293945569437	0.002408037494035648
96.0	25.4075734040141	24.47696762399772	24.209573696981344	25.90485966668175	0.001025608325085733
97.0	25.383676588883482	25.478029504459915	23.379568937379272	25.758479723041194	2.4524623613912867E-4
98.0	27.825782396763937	23.140163479768354	24.542386847423046	24.49166727604467	0.0
99.0	22.03310829878608	22.63295770114348	26.76418361856087	28.569750381509568	0.0
100.0	22.42630931364682	25.27586083917331	24.73445942331354	27.563370423866328	0.0
101.0	23.165383152023097	22.353749875459965	28.812268068558428	25.668487458734617	1.1144522389234034E-4
102.0	25.155045775844158	24.334161433082198	24.881625726853706	25.62914477151313	2.2292706807211778E-5
103.0	25.6329070187867	26.09712428272024	25.19802516514543	23.071832076621597	1.114567260344633E-4
104.0	25.01275060966639	27.75651685443351	23.025037560799454	24.205271440863473	4.2353423717025635E-4
105.0	27.40997564631783	23.664850172687316	21.05414168653039	27.86768843338318	0.003344061081282086
106.0	26.125836510538843	23.00277465791629	24.7801073569232	26.09117000676387	1.114678577973327E-4
107.0	24.917268666605434	24.992888360185162	22.851950372792604	27.237067739372446	8.248610443543389E-4
108.0	23.70123573368929	25.13407512130182	24.20608223333552	26.9584731597858	1.3375188757351337E-4
109.0	25.300799814535758	24.991618442992035	25.80904316501859	23.897646922452765	8.916550008470723E-4
110.0	24.409086369821118	24.67700258397933	22.89182328363319	28.022020889395343	6.687317101877264E-5
111.0	24.29473506809885	24.04334357595202	24.863258365449266	26.797771294154575	8.916963452933592E-4
112.0	25.150959076091222	24.975077931619907	23.567471484517107	26.306402341158595	8.916661316669876E-5
113.0	28.936963774572273	21.4783744376801	22.868132987584104	26.715570284498597	9.585156649323477E-4
114.0	26.73016884997219	22.236233917789715	27.251888402306317	23.7813967433768	3.1208655497683315E-4
115.0	26.790181147239096	24.442392359943746	25.86351042000155	22.903158059950794	7.580128648159856E-4
116.0	26.579721104772535	24.888103924455546	24.817787083995853	23.714231825303898	1.5606147216799707E-4
117.0	25.276058300588023	27.027506061366108	24.318546386868434	23.377108937379816	7.80313797620043E-4
118.0	26.467293220091477	24.654762077279877	25.567348176354983	23.31026210682026	3.344194534025507E-4
119.0	26.982363532751336	21.24678836328483	25.10777543825854	26.662359216382935	7.134493223569155E-4
120.0	24.78528720748294	23.786891115721733	25.223697710785515	26.204057080762155	6.68852476560065E-5
121.0	27.258792538562982	23.665459361298673	24.620757848878366	24.45429908844543	6.911628145487542E-4
122.0	26.31862453834123	24.13891511721367	24.406707861548632	25.13530657040902	4.459124874447765E-4
123.0	23.95273168634879	27.906390849372436	23.798984591401933	24.341112543943666	7.803289331699548E-4
124.0	24.850537774173866	24.629546600220678	23.401007792881863	27.118796356142706	1.1147658088841037E-4
125.0	26.450958298423355	23.724279018831545	24.946392095503892	24.87721125638914	0.0011593308520680455
126.0	23.605845473129325	24.740926895468036	25.05165186763834	26.60146428892317	1.1147484113163016E-4
127.0	26.25313408930488	22.853424724113193	27.552474119099628	23.33971855956074	0.0012485079215598144
128.0	26.10405118639881	23.046030392035767	25.326101933134666	25.514809194752402	0.009007293678351328
129.0	24.21634629962241	27.538597436231292	22.254324821326332	25.987454049609475	0.0032773932104897987
130.0	26.091171433661287	24.70986782712847	23.8733890866915	25.325549356526516	2.229599222850895E-5
131.0	25.51685219649224	25.101542156521965	24.891713263723325	24.48900053800565	8.918452568213341E-4
132.0	26.342942683691422	26.00981566421617	21.988724382819825	25.6529655238841	0.0055517453884839415
133.0	26.841230908220552	25.300756213168413	25.089011174974264	22.7671511362818	0.0018505673549662428
134.0	26.114735314951226	23.22984230309849	21.349470237494046	29.305840664793365	1.114796628765811E-4
135.0	26.105793563203015	24.35593012496795	26.532780397534083	23.00480474454589	6.911697490607895E-4
136.0	27.654996198532476	26.296501089159463	24.458106936061768	21.58462111297159	0.005774663274702293
137.0	28.235438650393608	21.602366622735445	24.755804907915	25.406144559213615	2.452597423301147E-4
138.0	25.52259081171213	24.06366847056059	27.304969994183214	23.107299249079826	0.0014714744642328034
139.0	25.67182674134963	24.056651203461286	25.471080788652458	24.799259621102046	0.0011816454345790924
140.0	26.237150810275118	21.761056629518606	25.468757838270488	26.53272258458643	3.121373493519248E-4
141.0	24.904255392678305	25.30975278415753	25.847019548465823	23.93863783466578	3.344400325610816E-4
142.0	28.269624211160938	23.19690742980269	23.804746055358756	24.728432453258275	2.898504193466682E-4
143.0	26.42437960595243	25.589993340160394	24.184938863029153	23.80044293395923	2.4525689879786216E-4
144.0	27.44471294162869	25.638332360470773	23.32535719812015	23.591062388211846	5.351115685324075E-4
145.0	27.960623055071043	22.813089944596072	22.952798189366877	26.27244088764902	0.0010479233169849863
146.0	27.276225785241238	21.854848904899708	25.12399601964137	25.74060378285685	0.004325507360831818
147.0	26.15470918006061	24.686250867313905	27.325739022793634	21.82988964378147	0.0034112860503817963
148.0	24.88707375484587	24.282704575488957	23.745291813368407	27.08432785054739	6.020057493778717E-4
149.0	27.840320253148754	25.25710420089223	23.54205797520241	23.358466266751574	0.002051304005037289
150.0	25.335086181581673	24.22301902097509	25.491032000554753	24.95084049980256	2.229708592694895E-5
151.0	26.66972145666658	24.64816400431684	25.486135266993102	23.195354935381157	6.243366423175377E-4
152.0	26.66668896470221	24.054540994938346	23.774433072446318	25.504136285593237	2.006823198876179E-4
153.0	24.55021296958221	23.7893333701996	25.871221969559464	25.788317466716677	9.142239420533647E-4
154.0	22.778731911898955	24.69735167946683	24.89547511493835	27.62594384577546	0.0024974479204063348
155.0	26.654396391441853	24.261826531492925	24.033682373823233	25.04996089435186	1.338088901288513E-4
156.0	26.11377394543732	23.25885425866157	26.753835462708725	23.87329101344709	2.4531974529565936E-4
157.0	24.831919897838343	23.13602032528122	26.60567625227649	25.426048992456078	3.345321478703461E-4
158.0	24.514607549986696	21.751648120777663	26.14197557710154	27.591679540954956	8.921117914206948E-5
159.0	26.609905933068312	21.516115563866308	24.702628414208533	27.170747896340814	6.021925160406244E-4
160.0	26.03485561803617	21.97200238027052	25.671034659343857	26.322085038465275	2.2303884176821626E-5
161.0	24.071307954106217	21.024368777577614	28.901548193669967	25.999050291927055	0.0037247827191493753
162.0	25.07019176380951	23.759365593143826	25.492769824545125	25.677650514159687	2.2304341852402355E-5
163.0	24.898529460638667	24.127694626371834	27.191829449642352	23.781924158453073	2.2304894072942802E-5
164.0	25.035053071443137	23.65586025345278	25.392052376850295	25.915428303252895	0.0016059950008944501
165.0	26.508940282127462	22.241360850129823	27.078704819008358	24.170257947660982	7.361010733692015E-4
166.0	24.566218683246397	23.301681231630212	25.84978397931341	26.282271491872233	4.461393775106493E-5
167.0	26.350924039069636	23.65468633756175	27.14641521471681	22.847416717137747	5.576915140543838E-4
168.0	26.115443406656652	24.87870910977796	23.823163816096507	25.182661359046914	2.23084219646938E-5
169.0	25.732037604686752	22.378291190919192	26.333966919655005	25.55534733469867	3.569500403799733E-4
170.0	31.198713882894364	23.000765896479265	23.472150304004906	22.328325296960575	4.461966089503916E-5
171.0	25.362061630179213	23.492247424713604	26.955612465606514	24.18925301356419	8.254659364788345E-4
172.0	27.137028897435595	25.17991612947404	24.281367079312986	23.40162097936382	6.691441356542524E-5
173.0	28.864714825522338	19.809766966876154	23.07872955253599	28.245138294629037	0.0016503604364891125
174.0	23.70669178858514	26.37888420677944	24.332197226686507	25.5817584183183	4.683596306114502E-4
175.0	25.706960254361384	24.232092492614395	23.462183149562215	26.596957432832557	0.0018066706294462779
176.0	24.509452707908494	24.325515597179958	28.179160902367002	22.9843093569696	0.0015614355749451155
177.0	21.777548945750375	26.279913274842855	25.254340775257226	26.664951913671036	0.023245090478503087
178.0	24.703693971538026	23.06036492250561	24.580585380347326	27.655021130778845	3.3459483019758496E-4
179.0	27.715769560251285	24.782133423757852	23.085089770131354	24.41573565105654	0.0012715948029697317
180.0	26.756269381867913	22.758069312546862	25.402069920280795	25.083322872522885	2.685127815440425E-4
181.0	27.820045733227914	22.78026732934492	26.28255118873441	23.116261522690984	8.742260017677298E-4
182.0	25.001995132772727	23.34224642086631	25.60851549568065	26.04708603012516	1.5692055515802348E-4
183.0	23.4564566133188	24.992685956610742	26.53265919337703	25.017637773598466	5.604630949624008E-4
184.0	26.071674067417906	22.261284856507032	26.91687528220829	24.74653379840811	0.0036319954586604935
185.0	24.89174087752826	24.960427723571314	24.876003878206383	25.271177416733455	6.501039605902496E-4
186.0	26.756618847809772	23.289407960283775	25.098913919780188	24.855059272126272	0.0
187.0	23.845811934928175	23.65725428968081	28.03913531791884	24.457079372184612	7.190852875599594E-4
188.0	26.562039647069213	28.8924157096944	22.465009525337713	22.080018230397435	5.168875012332262E-4
189.0	24.615575483226287	24.457618513240135	25.224838081744306	25.701136332732716	8.315890565577203E-4
190.0	28.524845963031126	22.142774940142935	24.939356232012535	24.39286552368074	1.5734113265835487E-4
191.0	26.091309075414195	24.531392027155704	24.7329833168625	24.64393271251654	3.828680510574815E-4
192.0	26.357886485780313	23.938670426748235	24.601227132051843	25.102170906519028	4.504890058158131E-5
193.0	27.212172875594952	24.869001555310856	21.948761248069378	25.96990662728228	1.5769374253207493E-4
194.0	27.778412348674554	23.997841707979482	24.28409701500103	23.93964892834493	0.0
195.0	25.8920204032014	22.233829232586086	24.737608583819803	27.135865789711467	6.759906812431288E-4
196.0	27.87644536436296	22.362514314424626	26.663133384344533	23.097793980271906	1.1295659597616978E-4
197.0	24.597578250211324	24.637504651866408	24.45387031895704	26.310346315778293	7.004631869312549E-4
198.0	27.398164971444423	23.64282035172324	24.55691588414755	24.40198558919586	1.1320348893152887E-4
199.0	25.042455010167647	22.966680105553873	25.87537863516416	26.11494173595786	5.445131564588222E-4
200.0	27.661112127151593	23.850476255739053	24.34268357821926	24.14570534815976	2.269073033746108E-5
201.0	24.715857646303302	21.59490965037885	28.68822289341173	25.00066942454451	3.40385361614062E-4
202.0	25.211981965278145	25.489465410339395	28.451981883578593	20.84654804648432	2.2694319543735246E-5
203.0	25.85040283284871	25.224412095132614	22.59629976275641	26.32802268785113	8.626214111260457E-4
204.0	25.98920285523385	24.0312185916671	23.499806910054595	26.479635424388086	1.362186563709579E-4
205.0	27.14316754483614	24.37461217997256	25.65400675275127	22.827259936423058	9.53586016977918E-4
206.0	24.937145820787478	21.708693586784637	26.15190274678213	27.202144308472327	1.1353717343302805E-4
207.0	25.451392264079125	24.06805382821521	26.676045027031297	23.804236341948886	2.725387254817349E-4
208.0	27.743247329156056	23.083874347381336	22.211648920860693	26.961206686031787	2.271657012502973E-5
209.0	27.47736008490437	20.760944717868156	25.414598379937047	26.34639246185177	7.043554386577985E-4
210.0	24.597873551659603	24.733909885587217	24.969303194444915	25.69848157907595	4.3178923231283354E-4
211.0	24.66238188452366	25.4337199609273	25.970253552017414	23.93278076571859	8.638368130422992E-4
212.0	28.190293767869097	22.53795679553832	24.88474284309402	24.386597214814866	4.093786836974264E-4
213.0	29.450521089959107	23.416719712933403	22.841680733315233	24.290828120309616	2.5034348263742773E-4
214.0	27.2370805790663	25.83478748306782	24.50558719215436	22.42254474571152	0.0
215.0	25.569103760878715	24.975208717035127	22.89449870930098	26.560846391749752	3.4242103542642376E-4
216.0	24.86671308493781	25.166898950597353	26.751852590483853	23.21448915598781	4.621799317314023E-5
217.0	28.27639097772438	23.482105098065574	25.559084403890697	22.68171935199889	7.001683204642396E-4
218.0	24.50387525844506	24.285307280307524	25.835694144683874	25.37488707793607	2.362386274724735E-4
219.0	26.072533258782197	23.41846204416248	25.305609153759562	25.202703782571493	6.91760724259166E-4
220.0	28.06320639262832	22.209224197921916	24.95349506874955	24.77366640270679	4.0793799342499936E-4
221.0	24.852273474709722	23.37539513036884	24.53437972753899	27.23773403131638	2.1763606606850603E-4
222.0	25.374728644774475	25.378443245182442	24.52909497426784	24.717708697614665	2.4438160578754292E-5
223.0	29.565949049227857	23.001145639835393	25.067282823521957	22.36490460592762	7.178814871731906E-4
224.0	29.57643057610428	23.36001315118348	24.657500569901174	22.40598120592578	7.449688528522623E-5
225.0	30.644576079321666	20.290519713266132	24.019725393831475	25.04420359635109	9.752172296379018E-4
226.0	24.936118183765892	22.683451608606177	25.9360173910489	26.444235542956186	1.772736228498609E-4
227.0	26.929810812001403	24.10799810269035	26.1587726496462	22.801958572674028	0.00145986298801683
228.0	26.89820482040349	28.11717459649473	23.43759778736253	21.546997041042943	2.575469630448438E-5
229.0	27.779460682816836	24.806057834093416	21.954656211102684	25.459825271987068	0.0
230.0	25.44411612062935	22.892714727185997	28.182672583841956	23.480496568342694	0.0
231.0	25.48692662194098	24.358599002530042	24.772510940547413	25.38055149363414	0.00141194134742362
232.0	24.85078020596815	25.449350638194147	24.828874412691185	24.870806825802234	1.8791734428766173E-4
233.0	22.842638903916534	24.874633197096784	22.738653645084312	29.543503354442112	5.708994602553389E-4
234.0	26.409693412623852	21.831337029003063	27.057047907713038	24.7007615171563	0.0011601335037440545
235.0	25.186697719248187	22.53057631063633	27.579934402028254	24.70259555263337	1.960154538583822E-4
236.0	28.376377011243413	23.581416997422153	23.888047792462867	24.15395929093298	1.989079385863215E-4
237.0	27.640241997574964	24.561270903990444	22.66918117601211	25.129133485786483	1.7243663600264287E-4
238.0	27.057567105778542	23.125816147416437	24.61453908430376	25.201990100865167	8.756163609500788E-5
239.0	27.428853855905373	22.97094036590973	24.62913590983779	24.96994117737913	0.0011286909679772551
240.0	25.520094226080747	21.89504152701606	26.48896098110733	26.095658331871384	2.449339244813601E-4
241.0	28.949274595976824	21.256059083130022	23.88120963101858	25.91109635647288	0.002360333401691041
242.0	26.617239601073884	24.5455782392322	21.40427004881381	27.432052118024192	8.599928559164898E-4
243.0	27.637094105242095	22.67934025506238	25.794887977279902	23.886276350930125	0.0024013114855036214
244.0	26.019882204661844	22.809937647560346	26.740448638974623	24.428836969993466	8.945388097204906E-4
245.0	28.59546757112888	21.278466774583112	23.588480408899677	26.53585429610793	0.0017309492804042012
246.0	24.26393041578974	27.483490961005142	23.81325756391497	24.436844664747255	0.0024763945428931656
247.0	25.65262442722989	23.047804006366007	24.6386855992331	26.521249499747157	0.13963646742384525
248.0	25.62094840386562	23.301850725168354	23.744601106938067	27.322257741221474	0.010342022806489572
249.0	25.70926824526905	21.531573293855814	28.501729633811102	24.240543713130013	0.016885113934019706
250.0	26.02614688289512	22.158163239831836	25.826054013840483	25.988481241449556	0.0011546219830039645
