# Position (bp)	A	C	G	T	N
0.0	23.326422153904815	24.496556326112344	25.579466647601347	26.59707823931746	4.766330640356522E-4
1.0	23.392001671264225	29.067652965781814	25.042375094364704	22.417255803132672	0.08071446545658274
2.0	24.568672926801675	25.146132669608175	23.205867933778332	27.078383678394992	9.427914168269412E-4
3.0	26.284113117803575	21.166497916127057	25.53862817584591	27.003225882408344	0.0075349078151121995
4.0	26.07490576781	22.9870074868122	24.421783753005784	26.516302992372015	0.0
5.0	28.69543965521293	22.590226959754474	23.667921548721853	25.04641183631074	0.0
6.0	27.28781146296192	24.0381911243602	23.209029379230177	25.458405984588563	0.006562048859140934
7.0	25.410568364134733	24.640182609956547	24.99894756044511	24.949365963637042	9.355018265673164E-4
8.0	27.971142479335754	24.71112107916661	24.844288070573832	22.473448370923805	0.0
9.0	26.17560779960918	25.377178541280937	21.9325532480494	26.51419403883015	4.663722303319171E-4
10.0	24.698012214608152	23.552019230321296	23.241762593111932	28.508205961958623	0.0
11.0	26.37783283704226	22.675880253676723	24.48662287182052	26.459664037460506	0.0
12.0	27.986236497475346	25.438734044507367	20.27966075116824	26.295368706849043	0.0
13.0	24.482302509632866	26.15494870581157	24.23191431946171	25.13039208313242	4.423819614331406E-4
14.0	24.515008965483982	23.739023310258357	23.088422907797998	28.657544816459662	0.0
15.0	23.672889298609512	26.161515283432774	22.195761098734135	27.96983431922358	0.0
16.0	26.558371163357954	24.595162273866794	19.22259299410529	29.62387356866996	0.0
17.0	25.63144052797856	26.24096465256298	21.00004962204542	27.125064095142005	0.002481102271035612
18.0	25.84032578531667	24.318543818453506	21.753230759125767	28.08789963710406	0.0
19.0	23.995385110867414	24.7956525461387	25.782227784730914	25.4255115311077	0.0012230271552796043
20.0	23.31088578380145	24.46446656471794	24.92807772850704	27.296569922973568	0.0
21.0	22.905527634159746	25.089145685509262	23.082816241561744	28.922109333322638	4.011054466108595E-4
22.0	22.818066587462102	25.563339147848964	24.443614430064887	27.174979834624054	0.0
23.0	23.91167192429022	24.023659305993693	24.736593059936908	27.326892744479498	0.0011829652996845426
24.0	28.348804808941626	20.49044316776506	22.476557974984736	28.684194048308576	0.0
25.0	24.310103080075805	25.491903052341257	20.87756737184327	29.32004129366266	3.852020770095992E-4
26.0	25.19194152693324	26.392727719427555	20.434478840366072	27.980468030219274	3.8388305386647016E-4
27.0	23.39630889339658	25.304364831338745	20.543044376871723	30.756281898392956	0.0
28.0	26.208323647435872	26.561970054380758	22.661951381240737	24.56394407204021	0.003810844902423316
29.0	28.19813146278043	22.676800507951867	22.545277257059926	26.57903489145552	7.558807522525246E-4
30.0	21.502309865893224	24.0756798780032	26.652040007774307	27.769970248329273	0.0
31.0	26.812731332212625	23.594115169429298	22.608215951066597	26.983446584390364	0.001490962901115613
32.0	23.406840187019107	22.458491330118175	25.93527960829069	28.19938887457203	0.0
33.0	25.540679711637488	24.2884644077542	25.238998082192776	24.931857798415535	0.0
34.0	28.654939048197477	26.865790348936414	21.48026839038075	22.999002212485358	0.0
35.0	27.03637340978319	22.527504031535567	24.875828704533237	25.560293854148004	0.0
36.0	25.21178703140105	23.4752407891439	25.814744530774465	25.497869597908984	3.580507715994128E-4
37.0	24.876156114881308	26.79000944936002	19.678650173238267	28.6551842625204	0.0
38.0	26.391254562370285	25.663064481500037	20.50848064123667	27.437200314893005	0.0
39.0	22.27628373229535	25.264295194925534	22.174322134253018	30.28474117853297	3.577599931310082E-4
40.0	23.770210330519387	26.93876091000143	23.95085133781657	25.340177421662613	0.0
41.0	22.600904880273255	25.81913124340564	21.16168028755879	30.414706986891755	0.003576601870562778
42.0	24.5327620859589	25.723297880710387	20.52485140654169	29.219088626789024	0.0
43.0	25.354540188372944	25.97243776326799	24.67335102160496	23.99573765098799	0.003933375766114326
44.0	30.759880592746185	24.14636326260658	21.581252346138033	23.512503798509197	0.0
45.0	25.517776332063168	24.197330511806804	24.22807180594379	26.053246781100537	0.0035745690856967193
46.0	24.540285139370894	25.670763743195863	23.77686360988302	26.012087507550223	0.0
47.0	25.888176116362597	23.71674141843718	22.122473777317158	28.27046441398781	0.00214427389525222
48.0	21.391619983994513	24.458028466902938	23.101849205441866	31.048502343660683	0.0
49.0	20.36202166271327	26.20852504929839	24.515589723071646	28.911720156611697	0.0021434083049927124
50.0	24.999910699295953	24.683786206970456	22.77382274881855	27.542480344915038	0.0
51.0	23.139811061306855	29.086915370466276	20.779327463971285	26.991445970319837	0.002500133935746558
52.0	21.727055295755545	27.581837004248026	20.923499803662583	29.767607896333846	0.0
53.0	23.564247201807927	24.0738829474883	23.900919977934766	28.459170418349732	0.0017794544192750504
54.0	21.979210778225763	32.153545590742	21.40592361153122	24.460964161545277	3.5585795573838747E-4
55.0	22.448408212158046	27.373860160826744	23.774927613789	26.401032012956865	0.0017720002693440411
56.0	25.976649008734476	25.15493506723597	24.847722481087114	24.020693442942438	0.0
57.0	23.63193157620615	28.958939346161618	23.06291431790562	24.341608766975742	0.004605992750876024
58.0	23.89656393907191	25.961034360609283	22.934112646121147	27.20793482111229	3.5423308537017357E-4
59.0	29.315388701965645	20.811758455817248	25.284575880998762	24.585797768726756	0.002479192491588454
60.0	21.837802624218437	22.59369932659694	25.371575451590743	30.19692259759388	0.0
61.0	25.625657165717282	25.586714012100696	23.39350640614877	25.388457957325382	0.005664458707866163
62.0	24.40702926974327	21.33455585607273	25.66412721788754	28.593933643920195	3.540123762726745E-4
63.0	25.49229914230392	23.606642100381944	24.046640542865337	26.85229432816167	0.0021238862871281873
64.0	23.595561280095115	22.116813633211134	25.333682467339457	28.953588767321058	3.5385203323378295E-4
65.0	23.09257339386241	27.302127599347532	23.484974470930826	26.115370870323652	0.004953665535579703
66.0	22.557316727993207	24.09071610529295	23.860741579394283	29.490517973393715	7.076139258420606E-4
67.0	24.608526446134796	25.906952060852646	22.048823633468956	27.434636476207324	0.0010613833362816203
68.0	22.598242461120467	21.106740062546876	28.516139074815683	27.778170857684632	7.075438323404135E-4
69.0	23.960337899026488	25.195975775413178	24.264560221870045	26.576649875481095	0.002476228209191759
70.0	24.451760189409576	23.98670463326594	25.207916529937513	26.352207249644504	0.0014113977424693109
71.0	23.198251148297995	23.333695922971927	25.944692214030816	27.52160624870608	0.0017544659931856541
72.0	25.539669288134643	26.212808946197935	22.68154425744172	25.56282052181478	0.003156986410927382
73.0	23.583248914236037	24.097825667845612	23.128262111657545	29.18680748589997	0.00385582036083468
74.0	24.446593369631483	24.951824367410147	24.974247934579243	25.625582487194045	0.0017518411850855249
75.0	25.008932887739878	23.36002690375602	23.34986793338518	28.279070419180137	0.002101855938793955
76.0	25.300263748734668	23.859277965947342	26.17031933561939	24.667687102231532	0.0024518474670664346
77.0	23.590162039874347	25.592984692537478	23.82444921501539	26.992404052572784	0.0
78.0	25.790942547894264	28.99183057459109	19.46200149171677	25.75452504928618	7.003365116938689E-4
79.0	24.989584172143	22.30247564096729	23.128389520451783	29.576399659691273	0.0031510067466555564
80.0	23.134367530908698	25.20602881428886	28.975962430142673	22.679791854031865	0.0038493706279023377
81.0	24.594293871895534	25.381563201981823	22.544594433830888	27.479548492291762	0.0
82.0	21.454960186960356	23.040834604458503	25.96209014959627	29.540015953203934	0.002099105780937321
83.0	24.241046287519193	21.63477178045871	25.823139911923242	28.29964286588757	0.0013991542112792815
84.0	23.3051099383422	27.206373521069622	23.493965369509638	25.991753312839023	0.0027978582395176495
85.0	26.559178135839765	28.24004140091753	21.242097459997762	23.957983663421732	6.993398232068926E-4
86.0	25.89062838683513	23.92827426110183	25.245949782193726	24.93165148199165	0.0034960878776648927
87.0	22.04787150390891	24.009491823960914	25.097067529644473	28.844171230267595	0.0013979122181022644
88.0	25.70063905689318	26.573446120411038	24.546563103810932	23.177604707148422	0.0017470117364248453
89.0	25.507416490249916	25.321567558881274	24.942184214019715	24.22778371655942	0.001048020289672808
90.0	21.386259648632603	25.850651391847997	25.986867381509555	26.776221578009853	0.0
91.0	27.150120828618924	25.018159214404445	25.259467236586623	22.57120507340513	0.0010476469848719775
92.0	26.7991270187691	22.405936272370145	23.870798777826277	26.92413793103448	0.0
93.0	24.19710756209803	27.05218538976683	22.145795071263468	26.60491197687167	0.0
94.0	26.73521402136722	23.00956637106347	23.961664688220097	26.287968717268345	0.005586202080860275
95.0	23.04367861032759	27.24606920434552	24.415617058117128	25.290446002178346	0.0041891250314184374
96.0	24.32362622211518	23.932688984994293	25.42488245704054	26.317755182536274	0.0010471533137166613
97.0	24.9342100670813	26.389616010163408	24.927229702845892	23.748944219909397	0.0
98.0	28.25391286140532	22.245642197832876	24.73451867878767	24.76592626197414	0.0
99.0	20.936025033227633	22.303154619251444	29.45450866709226	27.306311680428664	0.0
100.0	21.064949651027735	26.012647410699024	25.144140719011926	27.778262219261318	0.0
101.0	23.564468994762134	20.524274824067682	29.582784089720253	26.32812336534639	3.487261035437547E-4
102.0	24.653948180243237	25.162873545989772	24.54205431558253	25.64112395818446	0.0
103.0	26.70848970554445	25.03707675061446	25.665118610788117	22.588966794549545	3.481385034222015E-4
104.0	24.883936215380974	25.816970717820574	25.53403261618559	23.764712433267672	3.48017345184484E-4
105.0	27.879747386001846	22.657666278118967	21.787435411193652	27.672019346196002	0.0031315784895353084
106.0	26.651544038854947	24.55884604144342	24.698707154487384	24.090554851997716	3.479132165272694E-4
107.0	26.68512842635532	25.17281807396996	22.354848473251902	25.786857128941243	3.4789748157013095E-4
108.0	22.951406507399195	24.781221544899108	25.78596898524331	26.481055419241383	3.4754321699903383E-4
109.0	25.590124657106152	25.19254140768777	25.332824056390844	23.884162644536268	3.472342789680197E-4
110.0	25.30161032327908	23.567069045082807	24.067063840418037	27.064256791220075	0.0
111.0	25.240263726506875	21.79593450537407	27.52862181743772	25.43483312465968	3.468260216627533E-4
112.0	24.242308665818335	23.02840757396614	26.369842827373624	26.359094203024174	3.467298177241348E-4
113.0	28.39998752075541	21.594986116840396	23.94385726517355	26.060475805864552	6.932913660959723E-4
114.0	26.682034838374207	22.127740705433744	27.54138140220123	23.647803102521884	0.0010399514689314498
115.0	26.206683811755244	23.035304556388166	27.747315592094772	23.010349440936096	3.4659882572317846E-4
116.0	25.15483068264129	24.69943612866109	26.35916559518405	23.786221022315722	3.4657119785403117E-4
117.0	25.558924951047494	26.81245559618084	23.515916061619503	24.111663691971792	0.0010396991803704795
118.0	25.940622195114344	23.45274276664391	27.517076230510916	23.08851915899348	0.0010396487373466085
119.0	26.749996534660326	22.06658996714858	24.62712945122881	26.55628404696228	0.0
120.0	25.536611567384	22.217832761548326	26.87770731538275	25.367501819315937	3.465363689919257E-4
121.0	27.274176444903418	22.692902143703694	26.932833389935055	23.099394939112717	6.93082345113423E-4
122.0	27.149233456239084	21.218915472263035	26.078082115827115	25.55272933935849	0.001039616312273017
123.0	25.346431727220747	25.965313512483323	24.593100819515914	24.095153940780012	0.0
124.0	23.51453242595185	24.426533978294916	23.180154957102665	28.8784321335015	3.4650514906651514E-4
125.0	27.147707979626485	22.648903364401786	26.76171996812307	23.44097571116732	6.929766813346731E-4
126.0	25.045476437142035	22.674811424373985	27.622994272567574	24.656371378776278	3.464871401297941E-4
127.0	24.29039679569803	20.779454769725444	29.082643826313525	25.846811636383794	6.92971879201142E-4
128.0	26.922623832358568	19.607021093771653	28.121795049477505	25.3388585525404	0.009701471851872383
129.0	23.394473162686918	26.807863408955473	24.937635988192415	24.85725570630708	0.002771733858114944
130.0	25.334682225117106	24.93313284736273	25.463219601430193	24.26896532608997	0.0
131.0	26.2707695292471	23.002383558986157	25.57059907706379	25.156247834702956	0.0
132.0	24.01707240181117	28.15214115217926	22.91505717938147	24.90949340557694	0.006235861051158312
133.0	27.69037827950209	25.818901156768252	24.27550415903052	22.21313775554393	0.0020786491552023394
134.0	26.576454855986754	23.006090336527468	22.257789602777027	28.159318769183866	3.464355248844638E-4
135.0	26.177014695794966	22.862666029225302	28.19084440194835	22.76947487303138	0.0
136.0	28.357376458523873	26.530930406585185	25.454186413902054	19.65127075191929	0.006235969069593415
137.0	29.400373445852086	20.365963078052953	26.022385965641597	24.210584661006088	6.928494472793535E-4
138.0	27.044073079920338	21.72066845614339	28.22928392068577	23.003896441250323	0.0020781020001731754
139.0	26.368670968278213	23.95256451551455	26.002930083226833	23.674102705304975	0.0017317276754326722
140.0	27.52602741623778	21.035970824357367	27.074054319893047	24.36290842089951	0.0010390186122867413
141.0	25.52592387351505	23.372354795137326	27.40414920513975	23.6968794375368	6.926886710767845E-4
142.0	28.98090936798648	21.54969382948658	24.92484275858247	24.54420769720983	3.4634673464298575E-4
143.0	26.590634383539346	24.27226160831483	26.259537225918393	22.877566782227422	0.0
144.0	28.691062485713694	23.95112524156848	23.635614293927368	23.721505309311556	6.92669478904751E-4
145.0	29.74825363731761	22.636046588142396	22.44868273862916	25.16632437842649	6.926574843372826E-4
146.0	27.42495186113843	23.228212836106223	23.720337456882817	25.621303004696138	0.005194841176389101
147.0	27.02337662337662	23.881558441558443	26.094545454545454	22.996017316017316	0.004502164502164502
148.0	23.76232480337458	23.853061676831274	25.925810484611095	26.457764063349575	0.0010389718334735947
149.0	26.90095138482425	26.61834125865407	23.596560191454508	22.88206914943357	0.0020780156336042835
150.0	23.793179881828948	25.443141438140294	24.69193098145698	26.071747698573773	0.0
151.0	26.144451871889274	25.05723558200188	25.853857903359323	22.944454642749523	0.0
152.0	27.80571776914178	22.71452025187556	24.018578939711965	25.460836675741387	3.4636352930581823E-4
153.0	25.69098088113051	20.747090606816293	26.55721806594625	27.00401773344417	6.927126627874758E-4
154.0	24.324605153782212	24.320448877805486	26.102105846494872	25.25006927126628	0.002770850651149903
155.0	25.991560304327944	23.872628500949293	26.579151595781536	23.55631314181183	3.4645712939480866E-4
156.0	28.0591068149534	23.084571943318437	25.786300800332608	23.069673977064063	3.464643314970724E-4
157.0	24.342761717342498	23.83380914105158	27.01779428476399	24.80528839491117	3.4646193076304775E-4
158.0	26.34899626501098	21.115161006437486	28.197434706986996	24.33806154762977	3.4647393476588755E-4
159.0	26.682928012362318	19.609242634753777	27.489181238934375	26.217955158877277	6.929550722578902E-4
160.0	25.349609158443286	22.999708947776913	28.28507872269653	23.3652566803415	3.4649074176737997E-4
161.0	25.611813907397206	19.9726966241524	29.045525260820003	25.366152822677044	0.0038113849533451833
162.0	27.27735774526857	20.60346082147733	25.330385790812258	26.788795642441844	0.0
163.0	24.14537466303542	23.276023367497555	30.452242850113997	22.12635911935303	0.0
164.0	26.053556206989754	24.347699536372897	24.69316756412122	24.903497647213733	0.0020790453023971393
165.0	26.196333899303507	21.155965210159742	28.79621608510343	23.851138293080147	3.4651235316539037E-4
166.0	23.9104070077687	23.63285445989868	26.620789066993773	25.83560295778845	3.4650755039952323E-4
167.0	26.26030909972971	23.35435581121353	26.013237230577307	24.372097858479453	0.0
168.0	23.33850834817685	23.363459312600927	27.677203828586876	25.620481969462794	3.465411725567115E-4
169.0	28.00313282990882	20.79658438367463	26.610340418010995	24.589595816424485	3.4655198106439976E-4
170.0	30.08178825160284	21.60145555363022	24.350719112805404	23.966037081961534	0.0
171.0	26.90920180341901	23.70539535560692	26.809743452902836	22.5749662985206	6.930895506353899E-4
172.0	27.183840343704524	24.77790866883792	24.75261589633428	23.28528861478761	3.46476335666274E-4
173.0	27.852035089178067	19.73177289042254	26.036946188278666	26.376127717956184	0.0031181141645532785
174.0	24.83439578713969	26.25866130820399	23.952674611973393	24.953228935698448	0.0010393569844789356
175.0	24.834033234931326	24.131359749421367	24.877690463321	26.155184122628306	0.001732429698002855
176.0	22.606664957347878	24.79990575647751	29.87727553063954	22.71442133784224	0.0017324176928354134
177.0	23.43799270237398	24.77173261442823	25.358730642752448	26.408673987393747	0.02287005305159276
178.0	22.955897485647366	22.005176302650863	26.723095525997582	28.315137740235528	6.929454686563441E-4
179.0	25.495455222768587	24.028928555339547	25.2057538300534	25.26916932630565	6.93065532811455E-4
180.0	28.119284432754448	20.388440836802594	26.47041404657806	25.02151230643279	3.4837743210994795E-4
181.0	27.712278153003712	22.1026310826762	26.473566943487945	23.71117459297493	3.4922785720771374E-4
182.0	27.345975534826568	22.165628665586773	25.560660224543376	24.927386471541084	3.4910350220633416E-4
183.0	21.445553472491333	23.607983605469965	29.21165910828559	25.734454696844335	3.491169087792429E-4
184.0	25.141133466698783	21.172638436482085	28.740953318600294	24.9431800328875	0.0020947453313363428
185.0	25.363887046668292	24.54082166916821	24.549198924918844	25.54609235924465	0.0
186.0	26.019694013257332	24.1888698456802	25.206033167762136	24.585402973300337	0.0
187.0	24.9756445040383	22.68710084048285	28.060324809782706	24.27692984569615	0.0
188.0	31.00822024961064	25.258585167233537	23.091079248234777	20.64106772452037	0.001047610400676058
189.0	24.772138372247326	22.753336732342035	26.17422946102431	26.299946221163715	3.492132226094609E-4
190.0	31.06284157776187	20.699132196050357	24.9700546524419	23.26762235686473	3.4921688114403454E-4
191.0	24.83458284133228	24.157892162685243	25.81276244908226	25.194413197040312	3.4934985991070616E-4
192.0	26.660214595423685	20.50535789778941	27.063410816419943	25.771016690366967	0.0
193.0	25.80892013529757	25.175761048835714	24.658611243116315	24.3567075727504	0.0
194.0	27.21268856205382	21.725213939527357	25.86353296363465	25.198564534784175	0.0
195.0	25.838899199284214	20.668672824943467	26.78081497558708	26.710913990332696	6.990098525438717E-4
196.0	28.982369207877706	22.585241230225016	27.558640632237957	20.873397998287455	3.5093137186091887E-4
197.0	24.94928080532955	24.92857192999698	22.375764297898925	27.746031968887547	3.509978869927203E-4
198.0	27.111638436378872	22.36148616533994	25.44035376171079	25.085817493037784	7.041435326176888E-4
199.0	24.90507020225859	23.504547471943756	27.273559849803096	24.3164702318471	3.5224414746348986E-4
200.0	28.159026620684312	23.99736505599256	23.4985574738355	24.344698584245993	3.522652416363425E-4
201.0	24.008638304468526	19.703225624621282	32.6849907698378	23.603145301072388	0.0
202.0	24.803757152118155	24.600115561317963	30.626920149947857	19.969207136616028	0.0
203.0	25.41973272435084	23.544503651075587	26.332854041557418	24.70220474216922	7.048408469367617E-4
204.0	24.264874333426146	22.89806750855576	25.368399905543004	27.46830580099885	3.5245147624300824E-4
205.0	26.533252034526143	24.285668970524483	26.024664554307485	23.15606198916564	3.5245147624300824E-4
206.0	24.791069659895594	19.971660903678796	26.777273736636744	28.459643223466465	3.524763224030426E-4
207.0	26.05530525766581	23.50226678229724	28.697886921758997	21.74454103827795	0.0
208.0	28.389694552865308	22.636865914243504	22.33857631947309	26.634863213418097	0.0
209.0	26.379597925093183	19.908032682250802	26.894093004065887	26.817571117748496	7.052708416349588E-4
210.0	24.76043352978313	24.708235020262194	25.402334119837906	25.128644637484875	3.5269263189822704E-4
211.0	27.873166842471047	24.365781294649313	25.857355031944657	21.901932907404596	0.0017639235303871107
212.0	27.953179641542658	20.892367519346745	27.370571774395604	23.783528182905698	3.528818092956126E-4
213.0	31.57452457789296	20.004095727026854	23.688837731532157	24.73254196354803	0.0
214.0	29.837763739913232	24.028066307711875	24.543887169486016	21.590282782888877	0.0
215.0	25.42995934801145	23.188969831200488	25.66948411954303	25.711232898037455	3.538032075798799E-4
216.0	25.65511185358906	22.9447103800559	27.999985721577907	23.399835084224843	3.569605522893665E-4
217.0	28.522426872018848	22.813344060686166	26.3059594276191	22.356473765875524	0.0017958738003563011
218.0	24.75032865827529	24.32143868798164	28.12915362323051	22.798715872197324	3.63158315235944E-4
219.0	25.764656139125318	24.912035590197988	23.29466698531169	26.027538283361213	0.0011030020037869736
220.0	26.291597245772085	22.406484525898293	25.290830544210667	26.010719077599042	3.686065199121242E-4
221.0	25.297839891714922	19.945484579444482	26.659233875628775	28.097441653211824	0.0
222.0	23.57478769834557	22.248536725648744	27.153936085830395	27.02236356869777	3.7592147752177525E-4
223.0	28.315622281889347	22.542827969594978	26.548046742048935	22.59236849071588	0.0011345157508603411
224.0	30.159054682856095	22.873812579745042	24.606717324882727	22.360036801035882	3.7861148025730435E-4
225.0	29.6579709263889	20.328730898120778	25.067440747129492	24.94395768900507	0.0018997393557603896
226.0	25.498157407299992	20.90308310421766	27.145856776603523	26.452516018762353	3.866931164758336E-4
227.0	28.6343698140256	22.692850075184456	26.870067237497175	21.80037553271887	0.002337340573895022
228.0	27.680983040201006	25.379239949748744	23.826947236180903	23.11243718592965	3.925879396984925E-4
229.0	27.642607821565107	24.477810405008587	24.99426165280229	22.885320120624016	0.0
230.0	26.770182872435328	19.910077099528483	28.680546705747417	24.639193322288772	0.0
231.0	23.39247152818011	25.5077525190116	27.088642468489567	24.008702592546076	0.0024308917726467956
232.0	24.975103666699315	24.18331864041532	25.313040781010223	25.52812877526366	4.081366114865968E-4
233.0	22.106904909856336	24.84351916247258	26.27972724392081	26.76943716281003	4.1152094024304425E-4
234.0	27.75237322243652	20.32248212500157	27.526870023972787	24.397437882027102	8.367465620175633E-4
235.0	26.463047550887236	21.5702949039089	28.211842465320903	23.754815079882967	0.0
236.0	28.21355520287831	22.55942779798224	26.81072619320467	22.41585836789234	4.324380424394695E-4
237.0	27.80757758124444	22.872730127165212	25.706473389502328	23.613218902088022	0.0
238.0	25.085563126818904	22.067558436855517	28.48954032176152	24.357338114564058	0.0
239.0	26.25342045510527	24.491130328856325	28.154544110995168	21.09866585456516	0.0022392504780799774
240.0	25.873930232344822	20.84911804364377	26.60683000210972	26.66966308625102	4.586356506663976E-4
241.0	28.158702162450165	20.70403645115655	25.836410736923334	25.298094765658014	0.002755883811938489
242.0	24.85904829408164	24.001141421161396	23.510054171480117	27.62929586280854	4.6025046830485154E-4
243.0	25.664312142616886	24.537734588465135	25.168065097291148	24.626662796216173	0.003225375410659405
244.0	25.52728783821221	21.82980884661557	26.364391910610397	26.278049681411026	4.6172315079878105E-4
245.0	24.146268034552236	23.253282693777354	26.181885551515716	26.416711053472593	0.0018526666821055558
246.0	23.715688276015666	26.935283309515412	24.18199365267905	25.165178819992207	0.0018559417976652252
247.0	25.322303295069016	20.804015429660268	26.94845935771715	26.79834549426035	0.12687642329321003
248.0	25.82275182743266	21.757499336959505	26.8040517590348	25.604995370348828	0.010701706224205397
249.0	25.178257506504465	20.388158357358837	30.608255396948174	23.809389869441905	0.01593886974661885
250.0	26.031062355115225	24.06744753584208	23.892057610653175	26.008021855559576	0.0014106428299376025
