# Position (bp)	A	C	G	T	N
0.0	23.98803429288616	23.324321306287814	25.22266627032621	27.464978130499812	0.0
1.0	22.63918606037409	29.532762764081745	23.648924221794157	24.09394941426716	0.08517753948284841
2.0	24.275708946401757	27.033831825747384	22.494946442467732	26.194729894983084	7.828904000413365E-4
3.0	26.486175241391503	22.116327938827148	24.026023811349273	27.36318018735517	0.008292821076908876
4.0	26.806177285015377	22.393987200755507	23.380745470777978	27.41909004345114	0.0
5.0	28.70076335639387	23.17560633490524	21.784007785079325	26.33899771789709	6.248057244700476E-4
6.0	25.57951730406165	23.779502025913608	23.030405073592345	27.606522210217964	0.004053386214433485
7.0	25.158959694946738	25.56952454443482	22.975918403542153	26.294663901564004	9.334555122881641E-4
8.0	27.74999767061213	23.554148950377826	23.753544551872363	24.94230882713768	0.0
9.0	25.9901926140837	24.4381830918683	22.630450011468813	26.94086431462987	3.09967949314041E-4
10.0	24.261876781536586	24.79976341658654	23.2035995361231	27.734760265753778	0.0
11.0	27.051426199424533	22.419917666715943	23.006284744153128	27.522371389706397	0.0
12.0	29.011151695665777	23.58305318241166	19.726884060844522	27.678911061078043	0.0
13.0	24.871049558928	22.41806130879091	25.026875225165917	27.68401390711517	0.0
14.0	27.04757462019149	21.28973912446214	22.683050030121386	28.97963622522498	0.0
15.0	25.55212887337468	23.34982659481931	24.65431931406107	26.44372521774494	0.0
16.0	26.972157612197883	25.25230176092662	20.862016035578073	26.91352459129742	0.0
17.0	29.66159498098962	26.05441763406876	18.751595453716646	25.53117634744086	0.00121558378411232
18.0	26.01399500637598	24.986203238354463	19.7572305746954	29.24243723143197	1.339491421896934E-4
19.0	25.00684754831178	23.804072363295013	20.976766202097078	30.212047962089844	2.659242062827253E-4
20.0	23.609099069766827	25.51662411171762	23.259783793616627	27.614361207813587	1.3181708533969923E-4
21.0	23.98346634546925	24.09202724081576	23.38344204664069	28.541064367074302	0.0
22.0	22.233372337210476	26.89356074401833	25.447963403514485	25.425103515256716	0.0
23.0	25.525965618931167	23.14017529618479	22.265877868086026	29.067852775865433	1.284409325839233E-4
24.0	28.917713070833738	20.75341100029338	23.947679579973556	26.381196348899323	0.0
25.0	24.840471096117344	24.635313089231783	18.82195781870875	31.702132209303933	1.2578663818857178E-4
26.0	26.532885036275356	24.230639097979044	19.882340749877958	29.354135115867642	0.0
27.0	26.304098122984758	23.629261178028358	19.545947237491024	30.520693461495863	0.0
28.0	28.00345870102473	23.486664990464043	22.394598539250737	26.11380598159039	0.0014717876700987937
29.0	29.140056582398877	23.062113419236805	21.509065905772736	26.28864293113789	1.2116145369512143E-4
30.0	24.589358779747037	24.098334803957563	24.38820627581367	26.924100140481734	0.0
31.0	26.980414138038828	23.437161277650223	22.02472276417798	27.557462281675665	2.3953845730047342E-4
32.0	24.983747875974682	22.64865216902209	23.63941006862008	28.727953061260735	2.3682512240898515E-4
33.0	24.521051732729436	24.40442908711489	24.661887906570872	26.412631273584797	0.0
34.0	26.644277068388465	26.204269438198352	22.27379665543333	24.877541229038656	1.1560894119551205E-4
35.0	25.81675109675311	21.29923675811323	25.212808385033192	27.671089485225973	1.1427487449761908E-4
36.0	25.16778178721422	24.196422557817506	24.84905632376662	25.78662517451703	1.141566846159027E-4
37.0	26.254839471603297	24.624395386969454	20.433552756944135	28.687212384483114	0.0
38.0	27.493748802234002	25.324309402348987	20.657470865768076	26.52447092964893	0.0
39.0	24.00519598417483	27.119935312506062	20.820887947620463	28.053866708635987	1.1404706266087764E-4
40.0	26.936449273792324	26.013822861658493	22.456049526029332	24.593678338519855	0.0
41.0	24.99253198703872	23.133395813808185	21.079635241724187	30.788736184176024	0.005700773252884021
42.0	25.621054815618738	24.955738693558995	19.72406937254397	29.699137118278294	0.0
43.0	26.778640920567433	24.878232273434516	22.025339541882055	26.31345571849513	0.004331545620864371
44.0	30.09157582215941	23.748739194109973	21.93899124131682	24.22046580010599	2.2794230780189535E-4
45.0	25.963471277046708	23.116587431457365	20.829439944573338	30.085943233252348	0.004558113670238708
46.0	25.225285787369412	23.597781836536345	21.934045299847433	29.242887076246802	0.0
47.0	25.281398104265403	23.936041742617572	23.08136620488516	27.698687568355812	0.0025063798760481225
48.0	24.619693157836593	22.63231443634181	22.036670269383777	30.71132213643782	0.0
49.0	22.380973530440052	25.709740201320347	23.654514333739893	28.252494297366027	0.0022776371336847728
50.0	28.042388292887345	24.292987552481478	19.00082786075997	28.663796293871215	0.0
51.0	25.3273478477185	25.784911885621515	20.59937587308888	28.28506273716424	0.0033016564068642576
52.0	23.717843906692828	24.681391250635855	20.310342634982923	31.290422207688394	0.0
53.0	23.35690579438363	23.917001972744174	23.47021677523747	29.2537225489985	0.0021529086362230276
54.0	24.012830652160613	27.524830779062153	21.07585312959593	27.386485439181303	0.0
55.0	24.38138248327641	28.031499618956225	21.60331931468571	25.981540545880495	0.0022580372011628894
56.0	27.07367237556837	25.615554461838556	24.156081944488346	23.154691218104727	0.0
57.0	23.685529309784375	27.24823473110124	22.302772962039946	26.757819554303463	0.0056434427709755475
58.0	25.999652412572733	24.423208006247545	20.731332975212954	28.845693752905966	1.1285306080071503E-4
59.0	28.372469343239487	21.69642161946235	23.96818715773153	25.959762261293662	0.003159618272975221
60.0	25.038465391277725	20.97694777823675	23.8190533968289	30.165533433656627	0.0
61.0	25.304191837800367	23.100686035310112	21.786910410270725	29.801459400574398	0.00675231604440323
62.0	25.658113137055654	21.810318925908046	24.187324661645505	28.344130743755336	1.1253163545601758E-4
63.0	27.48132661489055	22.657978300840107	22.055073827104373	27.802695628886305	0.002925628278672845
64.0	25.788384282516674	21.052070031682497	22.984691098465067	30.17485458733576	0.0
65.0	25.10384836958902	26.146430973822017	22.80172176610169	25.942833142986764	0.005165747500508152
66.0	26.094890306033648	23.776028244076794	22.219751763851132	27.908655924664494	6.737613739341938E-4
67.0	27.980407965271525	24.413350610735197	19.671983884406096	27.933808387025778	4.4915256140476954E-4
68.0	23.714763073564978	22.64909377126342	26.493183354404938	27.14262295450105	3.3684626561001734E-4
69.0	23.382619269232798	23.80702697908164	24.543340672517804	28.263644764010227	0.0033683151575304862
70.0	25.220859782181343	22.009361968096723	24.15159264349585	28.617737557980245	4.480482458351115E-4
71.0	24.879094140823376	22.182388427861085	25.84578294426555	27.09206480308501	6.696839649755286E-4
72.0	27.81488586890409	24.98351061514613	21.51811711871576	25.682147157855027	0.0013392393789946999
73.0	26.61249914909905	21.401637524006567	22.474721267167276	29.506231942765893	0.004910116961217888
74.0	25.146004378457633	25.452072402996635	22.810045904624605	26.591096243497585	7.810704235410162E-4
75.0	25.559350324625697	23.819793966726284	21.618431197092818	28.99996987491395	0.002454636641253739
76.0	27.51227828244624	22.908787032884153	25.04814247047299	24.529899653909748	8.925602868688762E-4
77.0	24.637729664722137	24.026480402427147	24.388276598379445	26.94717864788852	3.3468658274958416E-4
78.0	27.908227240882294	24.986389822264464	19.91961070429323	27.185325997224417	4.4623533559128416E-4
79.0	27.92481244945199	19.730038765094683	21.855816158630116	30.48643221686142	0.0029004099617926764
80.0	24.445175719919014	21.91164085202269	27.558884718139787	26.0820676999961	0.00223100992241663
81.0	26.32747262063319	24.103324342594018	20.96125058283639	28.60772935866803	2.2309526837245306E-4
82.0	23.065966498093797	21.46894860944112	23.59343525039429	31.87086886785508	7.807742157123004E-4
83.0	25.688170603850185	21.420732115371745	23.802449307367997	29.087867228802782	7.807446072854625E-4
84.0	24.190952677827582	24.93762832616398	24.690595232651642	26.179708489796923	0.0011152735598751338
85.0	24.91008467932154	26.30590502488633	20.939647163917442	27.843917040361244	4.460915134435254E-4
86.0	26.28477054562324	24.78243317988795	21.400501373871464	27.531291260750095	0.0010036398672519002
87.0	22.89561951659017	20.713183377267516	24.763379854504258	31.62692518699905	8.920646390037422E-4
88.0	24.9614202692999	25.74862517896089	25.84284446347414	23.446664079817673	4.4600844739999375E-4
89.0	26.61557192807193	26.157770800627944	22.035330740687883	25.190323069787357	0.0010034608248893962
90.0	24.4896958020595	25.178054578132176	23.339532353085463	26.992605773561852	1.1149316100950367E-4
91.0	26.96404481855176	24.09911366296895	23.55861530743074	25.377780255309663	4.459557388929149E-4
92.0	25.815061071051115	23.26664347795065	22.529844323446913	28.388451127551317	0.0
93.0	27.498868483187778	24.65279713185571	20.738975235946338	27.109247669521285	1.1147948888883933E-4
94.0	28.551968153711183	22.520815241806837	22.71299881055761	26.211765335390425	0.0024524585339425835
95.0	24.40831832206745	25.992304125274217	23.505412973300754	26.091400774046264	0.0025638053113128468
96.0	26.091148643225935	23.931144719594084	23.383508261920262	26.593306640746917	8.917345128008489E-4
97.0	26.502712445146408	24.2088097899931	22.316618756276743	26.971747545869697	1.114627140502095E-4
98.0	28.700977059281175	22.244873392466637	23.90172785454902	25.152421693703175	0.0
99.0	22.460238734772577	20.99528548978523	26.08517325546404	30.45919106583596	1.1145414219319462E-4
100.0	22.532632245294625	23.838479301705615	24.33710179299031	29.29178666000945	0.0
101.0	23.62981677396922	21.246463027704007	28.47821314221331	26.64550705611346	0.0
102.0	25.98924712008274	23.813260102000786	23.91947376867934	26.278019009237134	0.0
103.0	25.25261756036131	25.405408417427743	24.638779456260693	24.70297167629736	2.22889652905088E-4
104.0	25.76935164279171	26.291799749028765	22.6802434822147	25.25815935113015	4.457748346732582E-4
105.0	27.833996817061262	22.057007591799252	21.050748703866333	29.055906491144384	0.002340396128761908
106.0	26.55691372223857	21.74385481584508	24.06585176665686	27.633379695259492	0.0
107.0	26.391297370309776	23.470954828528505	22.09826901387731	28.03892155507906	5.572322053467544E-4
108.0	24.23475158889274	23.510820518364067	23.620145700043352	28.63428219269984	0.0
109.0	26.514931169631506	23.758819012850044	24.835097971696694	24.89070608936748	4.457564542748601E-4
110.0	24.926507788280023	23.72689647794565	22.096806905481994	29.249788828292328	0.0
111.0	25.245414599953865	22.97497434137285	23.8669250545211	27.912128813551767	5.571906004174471E-4
112.0	25.844170316139024	23.166293361860507	22.888376291244608	28.101048596485363	1.1143427049554819E-4
113.0	30.124580737901297	20.91719503905684	21.590800191662673	27.366866872444035	5.571589351578432E-4
114.0	27.468900198695493	20.456498167387863	27.445163720408804	24.628992158047055	4.457554607829917E-4
115.0	26.846566530779636	23.021707005574417	26.492955643175076	23.63799071451019	7.801059606782018E-4
116.0	27.867454814141183	23.0949945057027	23.940982554213	25.09645667975045	1.1144619266372002E-4
117.0	26.3857715051187	25.049203274720327	23.91981259291785	24.644432507372134	7.801198709904626E-4
118.0	27.19067339496982	23.69698563697476	24.59333737507021	24.518446368231945	5.572247532608793E-4
119.0	27.538646538110484	20.30393436301612	24.60060693258323	27.556254938431895	5.572278582724376E-4
120.0	25.675067255978373	22.725388323871805	24.2626359885793	27.33690843157052	0.0
121.0	28.629189540997714	21.989002489707943	23.948560895314134	25.43268984301689	5.572309633186002E-4
122.0	26.730681573759234	22.783578571500215	24.225474232996877	26.259708388917307	5.57232826362908E-4
123.0	25.04956552847051	26.251397251968967	22.697612941980193	26.000867048480046	5.572291002867501E-4
124.0	25.747652146584954	23.890432392854635	22.567030978180313	27.794884482380095	0.0
125.0	27.244501652151136	23.468124348751555	23.82340649604654	25.462964510790524	0.0010029922602430585
126.0	24.969993079183723	24.00999450569658	23.38478066807609	27.63523174704361	0.0
127.0	27.016626490717183	21.69166936920973	27.296353628595917	23.994681841028058	6.686704491125072E-4
128.0	26.20804482796666	22.383670066878636	25.008442020869342	26.3929334434418	0.006909640843555701
129.0	25.39487600119023	25.46631197572291	21.632507046083447	27.503853196286222	0.0024517807171904374
130.0	26.76783099257093	22.895932846383428	23.362896556950627	26.973228156908725	1.1144718629288766E-4
131.0	25.577357296177993	24.17767960431438	23.948542146358207	26.295863712249716	5.57240899698867E-4
132.0	27.654504806717146	24.84302663810647	20.797047986929474	26.701185575167784	0.004234993079129732
133.0	27.358623041585588	24.849378456271275	24.72823482472623	23.062203409853314	0.0015602675635976203
134.0	27.461469620931727	22.07819418486335	20.398560536912154	30.06177565729277	0.0
135.0	27.650604155196895	22.641053131331592	26.00174303399362	23.706153890732722	4.457887451715506E-4
136.0	28.580121432583518	25.836409268818926	23.491008461051525	22.08800296003067	0.0044578775153573886
137.0	29.322252449344184	20.476974325768627	23.646772861567335	26.553777467705213	2.2289561464022974E-4
138.0	26.134836419072073	23.03995970375125	26.789427583762933	24.03488478348567	8.915099280774366E-4
139.0	26.117655711781506	22.528631621880947	24.723323307483057	26.629052083530674	0.0013372753238156477
140.0	26.744853394313633	20.823122588007433	25.67569224117084	26.755886014092777	4.457624153190711E-4
141.0	27.024789151792877	24.192602927803435	24.55657240161903	24.225366866965032	6.686518196244852E-4
142.0	29.387352549493777	22.37414120701856	23.07287690773234	25.165517894654727	1.1144110059230944E-4
143.0	27.86090166071934	24.039865288045988	23.57960687467821	24.519514733841362	1.1144271510115656E-4
144.0	29.023378556988717	23.88818679665403	22.474641097136132	24.613236333161712	5.572160594126051E-4
145.0	28.353885845792075	21.436094038192568	22.584099989412625	27.625028558055043	8.915685476905587E-4
146.0	27.677047983639536	20.75037474158155	24.62183141365341	26.947402441810574	0.0033434193149333826
147.0	27.74266670084285	23.937408546200817	26.1152487821948	22.201778424648754	0.0028975461127747236
148.0	24.94555829219093	22.948545063468888	22.862731112572302	29.24249685163102	6.686801368565347E-4
149.0	29.16007734443349	23.311322489510022	24.33217985366968	23.194525708108348	0.0018946042784622498
150.0	25.657388811740606	23.24683314349655	25.043967090994602	26.05181095376824	0.0
151.0	27.390492197199862	22.75127557559722	25.06525552749426	24.792419436450814	5.572632578501674E-4
152.0	27.090763592916883	22.883379103732366	23.75896089305776	26.26689641029299	0.0
153.0	24.407625195600712	22.59929383127739	25.666602766719127	27.32569803262464	7.8017377813641E-4
154.0	22.66686877310617	23.461659776843284	24.631833770425658	29.236294006912487	0.00334367271239845
155.0	28.757187903701322	23.289978342939495	23.31528020981601	24.637442081574555	1.1146196861899736E-4
156.0	27.294685721100954	22.512202543836086	25.911526401968903	24.281139476274287	4.4585681977018306E-4
157.0	25.685511737298526	22.08997480883697	26.370466147981364	25.85393584056	1.1146532313797179E-4
158.0	24.811176900715164	20.40225785165237	25.714050043694602	29.072515203937865	0.0
159.0	27.062790516213177	20.999097100689994	23.684275061029307	28.253502914915675	3.3440715185428766E-4
160.0	26.46127058865495	20.286792049011478	24.78954314811347	28.462394214220105	0.0
161.0	24.55065723764001	19.52327976742527	29.27973621316972	26.64342851537419	0.0028982663908111578
162.0	26.06872764891065	22.141290098188726	25.50186835041157	26.28811390248905	0.0
163.0	25.645824949193507	23.57399019654839	26.427403289295466	24.35267008609513	1.1147886750848075E-4
164.0	26.279276396833485	22.22915883974667	24.605160917759093	26.884843106717753	0.0015607389430006991
165.0	28.106044136746995	21.258437989487003	25.31625389499267	25.31848358668205	7.803920912835777E-4
166.0	24.38138749809079	22.128684778815717	26.09493994762349	27.394987775470003	0.0
167.0	27.307461608271698	22.73401283031826	26.57965210527372	23.378538984857368	3.3447127895127644E-4
168.0	27.591908546912297	23.4957860267121	22.982460639293027	25.929733291559675	1.1149552289727806E-4
169.0	27.510191065758022	21.158614907053913	25.031777393227962	26.298970635458662	4.459985014450351E-4
170.0	33.074314793939216	21.466203265439923	22.59326284193402	22.865884593470234	3.34505216608853E-4
171.0	26.36045546992079	22.006128238064655	26.380303111396557	25.252332655391424	7.80525226575323E-4
172.0	28.298705961319325	23.869695233040687	24.306096008170528	23.525502797469457	0.0
173.0	30.265056318335184	18.38368273521351	22.063942662560514	29.28531129510986	0.0020069887809327147
174.0	25.75629521269479	24.253405168184536	23.77351506123505	26.216561560624037	2.2299726159362765E-4
175.0	26.510752981921698	23.407123606606	22.057244422242565	28.02331791962945	0.0015610696002881289
176.0	25.044995015422085	22.695106638744107	28.520372092608326	23.738857182364185	6.690708612949197E-4
177.0	22.08495973947762	25.53297794035643	24.260700823054446	28.096045323757053	0.02531617335444873
178.0	26.130508678720073	21.77430866890605	24.12131026145453	27.973760867916614	1.1152300273454403E-4
179.0	29.61418864961566	23.4942070300824	22.080874053651335	24.809614947066933	0.0011153195836735058
180.0	27.06920826496968	21.12968463558163	25.58192110629364	26.219185993155055	0.0
181.0	29.508443130295888	20.95336592282169	25.543413640473183	23.99410427888466	6.730275245823302E-4
182.0	26.183684983270876	21.546414763352733	25.405497561013906	26.86429052928634	1.1216307613966097E-4
183.0	24.115040773519087	24.28385548114996	26.12814214086213	25.47251292750502	4.48676963802986E-4
184.0	27.204861227960365	20.896011271372195	25.929876988587285	25.9665583053456	0.0026922067345551467
185.0	25.921509726875748	22.787350294279634	24.223695147162253	27.0666596373075	7.851943748674985E-4
186.0	27.592484985001832	21.59489905120019	25.626681264737357	25.185934699060624	0.0
187.0	24.142178347785826	23.04082210624267	27.025146884959966	25.790953594691914	8.990663196270673E-4
188.0	28.058924483196947	28.061397090640167	21.14506450695646	22.73416435421675	4.4956498967686396E-4
189.0	25.616632816723634	23.054452513231823	24.166836197371953	27.161066908243235	0.0010115644293484064
190.0	28.98950340706502	20.88325153829379	24.403510704546424	25.723621942802673	1.1240729208585219E-4
191.0	27.51266884753773	23.517347616047996	23.709479126404503	25.260053661598374	4.507484113935676E-4
192.0	28.09084997740471	22.07419144354051	23.649212883711442	26.185745695343343	0.0
193.0	29.544427324667243	23.868338268262526	20.3398732886015	26.24702298095271	3.381375160192648E-4
194.0	29.455654251961406	22.27984940030661	23.276783298764542	24.987713048967443	0.0
195.0	27.290674050640046	20.843527260345944	23.910161156120978	27.954735581747215	9.019511458161868E-4
196.0	29.331820254364715	21.289156858241622	26.10140419913356	23.277618688260098	0.0
197.0	25.763017580069885	23.68805786395814	23.071918056234498	27.47598808683215	0.0010184129053283364
198.0	28.04432354098465	21.944847308984567	24.228153748983704	25.782675401047083	0.0
199.0	26.227676033599074	21.29662053691214	25.502644540150165	26.972149331247415	9.095580912013898E-4
200.0	28.679481275548202	23.03047875697157	23.424240873712996	24.865799093767233	0.0
201.0	24.767078361514397	19.983783900574615	28.52600659788281	26.722676270479077	4.548695490991877E-4
202.0	26.163761338513186	24.074609008943437	27.68576055607617	22.07586909646721	0.0
203.0	27.196609880265065	23.933448991780665	21.646142032365404	27.222661471516734	0.001137624072125366
204.0	26.841009420652618	23.137600691758067	23.399285486733717	26.621990624857776	1.1377599781550083E-4
205.0	28.614959236734162	23.436630615971918	24.6818872282686	23.26515750607324	0.0013654129520796947
206.0	26.819098428189708	20.697095360132558	24.608299231164906	27.87539318017325	1.1380033958021332E-4
207.0	26.580370802068913	23.530496466817223	26.122673380928095	23.766117869891453	3.4148029431048296E-4
208.0	29.30254587435374	22.107812274072295	20.332497270366368	28.257030727875737	1.1385333186083023E-4
209.0	28.14842651270576	19.23235912064636	25.411293123572985	27.206782478975565	0.001138764099323005
210.0	25.408331093302234	23.06791622435544	24.385282312258816	27.138356470196957	1.1389988655571299E-4
211.0	25.545422642730507	24.641664046085765	24.79115109585857	25.02073677062397	0.0010254447011854141
212.0	30.293899700172144	21.133759704504257	23.260827433678763	25.311399158657956	1.1400298687825621E-4
213.0	30.353086929589097	22.763959602228198	22.242160753744937	24.640336397123832	4.5631731393376324E-4
214.0	27.924361553691607	24.4283499163049	24.04926706843359	23.598021461569903	0.0
215.0	26.09007857567418	24.581782949731494	22.531669054515095	26.79589679455685	5.726255223776328E-4
216.0	26.07897078864178	24.136104905023686	25.692274888985718	24.09264941734882	0.0
217.0	29.72288000449935	21.789029792947975	25.643471200072177	22.843564467805642	0.0010545346748576671
218.0	24.875808872522402	23.60828873518302	25.050328528510015	26.465455304235658	1.1855954890462833E-4
219.0	27.31232010626093	21.901332217657487	24.02055688688078	26.764951634732842	8.391544679580854E-4
220.0	28.87618575207292	21.147110912591156	23.824842792662093	26.15174014647402	1.2039619981434906E-4
221.0	26.06759937000695	22.127475384076305	23.51113218093265	28.293308081879697	4.8498310440110037E-4
222.0	25.882703828578652	24.77683091927373	23.826835767440205	25.51338400792399	2.454767834195161E-4
223.0	31.082406964698382	22.41911706112041	23.35457506574229	23.14290481313252	9.960953063989162E-4
224.0	31.037316312602325	22.005772095875237	23.868278324418764	23.088633267103674	0.0
225.0	32.21461816342477	18.80236703068005	23.335233299486255	25.646523250678516	0.0012582557304111602
226.0	26.4372891579297	21.97758568252704	24.661857357187305	26.92326780235596	0.0
227.0	27.60834092582012	23.115905101636375	25.0927827622239	24.181426975719482	0.0015442346001204503
228.0	28.76688924640859	27.462345021466284	22.114218483653396	21.656547248471732	0.0
229.0	27.89250715978443	24.962583509032896	20.651811611725968	26.493097719456703	0.0
230.0	26.15373450416631	23.177610788201065	26.487039248414955	24.18161545921767	0.0
231.0	26.468114963953255	23.863161615837004	23.5816970359182	26.085151739135092	0.0018746451564525288
232.0	25.009818489531664	24.448106414881458	25.369627329276373	25.1724477663105	0.0
233.0	23.095756591493497	25.792093351979666	20.820602834407136	30.290863705398824	6.835167208695427E-4
234.0	26.857589017302423	21.29261585053555	26.53734384394415	25.311616229095684	8.350591221858508E-4
235.0	26.031851595056	20.72999724075476	27.980020234465098	25.257847930212318	2.829995118258421E-4
236.0	29.61010184795852	23.005985738128622	23.16111839017943	24.222794023733428	0.0
237.0	28.07793148402984	24.648221916419207	22.20091258057507	25.072789164916347	1.4485405953501847E-4
238.0	27.82212908855726	22.01415939100786	23.285738040965406	26.877973479469468	0.0
239.0	28.754887209048402	22.424025773951435	23.62447687792971	25.194665725371006	0.0019444136994415044
240.0	25.69098611365052	21.05869082186984	27.141289964703073	26.10887815278393	1.5494699263381997E-4
241.0	29.220518247597532	20.99400876108131	22.788121798582026	26.994247727875788	0.003103464863346683
242.0	27.652120094361187	23.534625797552643	19.89111452879276	28.921673060565016	4.6651872839435137E-4
243.0	27.56792464294673	22.47749088184018	25.88124035017473	24.07038393645877	0.00296018857959246
244.0	26.61564307215748	22.102834089007132	26.3155593859682	24.965182798116437	7.806547507525513E-4
245.0	29.445898976367722	20.391894197017525	22.755747661576937	27.404581227826647	0.0018779372111693447
246.0	25.580221602566816	26.145121624354022	22.207279435852342	26.06580991208312	0.0015674251436937003
247.0	25.990861206339627	22.35797852524957	24.322331885650332	27.18248822283944	0.14634015992102975
248.0	25.577413633838635	23.12880529629577	23.155400078368054	28.129411153757182	0.008969837740356245
249.0	25.84542434481388	21.307942997939875	28.457177470494145	24.373838616151005	0.015616570601096
250.0	27.636978073392175	20.7599390506057	24.397144735843806	27.204831693685033	0.0011064464732808983
