# Position (bp)	A	C	G	T	N
0.0	23.643660496793117	24.009048060090247	25.662491728917164	26.684735306026848	6.440817262420793E-5
1.0	22.498219563971002	30.334837669655627	23.26710654077777	23.82152703563186	0.07830918996373995
2.0	24.20970405625111	27.3040668603277	22.433600938060337	26.051879510923538	7.486344373124537E-4
3.0	25.401306400533315	22.27143387514836	24.55249444445276	27.76743411624319	0.00733116362238138
4.0	25.71446573791763	24.10651601638215	23.563448795100307	26.615355863240016	2.135873599000411E-4
5.0	27.988058605869977	24.658445399490418	22.23282304287891	25.119819385346826	8.53566413868747E-4
6.0	25.29423747564979	23.82834524261567	24.0059510187348	26.864711490230725	0.006754772769017882
7.0	25.25618385643453	25.83500485665168	23.542924740083528	25.365120882453716	7.656643765503375E-4
8.0	27.334461011719966	24.62098046842058	23.545147247848007	24.49934754536647	6.372664498119746E-5
9.0	25.750431126255314	26.066321765662416	22.429401750292012	25.75354846809157	2.9688969869088607E-4
10.0	24.717614366155217	25.073275842886762	23.240908253834174	26.968201537123846	0.0
11.0	26.997570215609585	23.20937502047341	22.939514993088174	26.853273616488792	2.661543400355091E-4
12.0	28.281292840668996	24.66072206183572	20.313896101801525	26.744088995693755	0.0
13.0	24.808625875477166	23.126368415040556	25.042378328723693	27.0224084741533	2.1890660528790795E-4
14.0	26.226698577578322	22.468736418360706	23.874697885344904	27.429808121549893	5.899716616945166E-5
15.0	25.49870369471282	23.661387580715637	24.232791183182016	26.607098121085592	1.942030392775647E-5
16.0	26.29251503315081	25.216621671558105	21.555755505538368	26.93499326600355	1.1452374917161155E-4
17.0	28.667025581770655	26.50719566190197	19.327073450000064	25.497564607056216	0.0011406992710931657
18.0	25.391924258878483	26.119288117328054	20.16712568748934	28.32149523293184	1.6670337227956303E-4
19.0	24.85971595855925	25.004215016514575	21.656671933517906	28.478678465641856	7.186257664189865E-4
20.0	22.44356436802591	25.945081231679385	23.963647218449218	27.647652309170212	5.4872675273384816E-5
21.0	23.56694335563611	25.095597593375725	23.99529533187616	27.341855251979542	3.0846713246413345E-4
22.0	22.259130962862034	27.31498398902063	25.9008678591867	24.52494536263391	7.182629672053699E-5
23.0	25.049347593097394	24.67717425629223	23.068295281699918	27.20477182512911	4.110437813454392E-4
24.0	27.507106064590424	21.766336078966138	24.678757071358806	26.047765416132524	3.5368952108139865E-5
25.0	24.27961667262066	25.964275354991393	19.771121826350836	29.984688738070002	2.974079671045795E-4
26.0	25.694557060130087	25.881387568931665	20.048882884263982	28.37512034307706	5.214359720948325E-5
27.0	25.541184790589423	25.232404109591418	19.885749588794845	29.340592211651373	6.92993729446239E-5
28.0	27.540303258488503	23.765197152245346	23.03903682913472	25.652365142387733	0.003097617743702081
29.0	26.92393855534241	24.283261652866507	22.608869841829975	26.18350662345124	4.233265098744295E-4
30.0	23.297018257986252	24.901432031235025	25.4426603984961	26.35853617275451	3.5313952811814636E-4
31.0	25.687852266877055	24.959332606791605	22.49271229616159	26.85960138265794	5.014475118174464E-4
32.0	23.863137335614898	23.171923642521	24.709559665507655	28.255064497921765	3.1485843467632055E-4
33.0	23.468739700212783	25.238856726282442	25.378937929784357	25.91335091710002	1.1472662039468908E-4
34.0	25.461445788220054	26.965893045595795	23.0168590731164	24.555688406467922	1.1368659982544235E-4
35.0	24.810804915723324	22.38240046026482	26.34531008045158	26.461259679398314	2.248641619690134E-4
36.0	23.297419025911807	25.431864745794968	26.569617423480764	24.700842040970844	2.5676384161715E-4
37.0	25.171256087585842	25.748063819250977	21.658098047208178	27.42256600435722	1.604159778805616E-5
38.0	26.282700783282447	25.720922310992737	21.467587322634042	26.528693360686155	9.622240461713586E-5
39.0	23.107065202490418	27.85393875093937	21.838414600416908	27.200373008033047	2.084381202537237E-4
40.0	25.997387538803768	26.827167800934816	22.95759592009742	24.217672395826987	1.763443370062118E-4
41.0	23.906046378920944	24.857364060263425	21.501760808898133	29.729939842368736	0.004888909548761663
42.0	24.011855236864324	26.56321222297231	20.773590748145455	28.651261654412025	8.013760588581866E-5
43.0	25.698377470384553	25.724995757259812	22.57722708603796	25.995809983572304	0.0035897027453694035
44.0	28.143139769288293	25.39193959123845	22.913342185619527	23.551306059382956	2.7239447077680016E-4
45.0	25.27523441385003	24.474122838496676	21.900008202562276	28.346757552765546	0.003876992325477671
46.0	24.55525163894707	24.686751861211118	22.70814527658859	28.049851223253224	0.0
47.0	24.520534648555454	25.129853197172476	23.623399139288097	26.724387029480372	0.0018259855035971915
48.0	22.767272394209048	24.332655676846247	22.97964852814676	29.920423400797947	0.0
49.0	22.36275488858179	26.22494545292684	24.71203772686451	26.69851668146927	0.001745250157592887
50.0	26.92211693466723	24.955520023874218	20.35737997771078	27.764870993259922	1.1207048785404068E-4
51.0	24.36645316863058	27.28952792453144	22.019378100262333	26.322319711761644	0.002321094814001868
52.0	22.76671529936265	26.288205993467255	21.380084407786835	29.56499429938326	0.0
53.0	22.292289077628414	25.749348780606034	24.099901264679545	27.85675469503032	0.0017061820556846796
54.0	22.90961356440721	28.884112055351597	22.38283133529098	25.823395209290577	4.78356596346121E-5
55.0	23.171912667290197	29.30433146046055	22.43734159503725	25.084887003200436	0.001527274011571328
56.0	26.270087481217324	25.711116957968482	25.160625084905806	22.858154568497156	1.5907411231077737E-5
57.0	22.625769900097296	27.850537067101932	23.18302940806427	26.335510147340145	0.00515347739635506
58.0	25.147341054004034	25.866818032824167	21.64721071858157	27.338343917884387	2.862767058393927E-4
59.0	27.12505357371465	23.191824511992163	24.634287336406352	25.046131043492714	0.002703534394126015
60.0	23.732093092972455	23.570182468208944	23.683156293372463	29.01453638892466	3.175652147955539E-5
61.0	25.09286199108493	24.228854497028973	23.21031385328639	27.461888676751357	0.0060809818483485685
62.0	24.968814899500387	22.42563165208716	25.36943845862332	27.235829215672297	2.857741168349374E-4
63.0	25.845401002985714	23.86560835993944	23.027553769308838	27.25905553474976	0.0023813330162456123
64.0	24.769610496892255	22.426891426248346	23.575436590227433	29.228045643318534	1.5843313432547332E-5
65.0	23.54201179251149	26.807361044156412	23.75887373103131	25.88662060535357	0.005132826947214736
66.0	24.39365251961489	24.700358903974177	23.421795178875357	27.483623105203726	5.70292331849306E-4
67.0	26.44058302890021	25.703892361360825	21.00623397508501	26.848593640946227	6.969937077308958E-4
68.0	23.170607303251185	23.149587265944184	27.136456316339046	26.543111510426698	2.3760403888849462E-4
69.0	23.218856641774874	25.185452937278	25.11079973490431	26.482245431471117	0.002645254571696853
70.0	24.812510765357825	23.617957399788654	24.52203392940266	27.04724483551482	2.53069936034992E-4
71.0	24.567713876360514	23.603048705369684	26.247659753148817	25.580662782199976	9.14882921012952E-4
72.0	26.42252398849442	26.056574945975907	22.20448889290557	25.314661446664292	0.001750725959811849
73.0	24.913732140029612	23.346306631616997	23.2712520163338	28.464892608342655	0.0038166036769349074
74.0	24.14822998906029	26.48829015825125	23.640717040635888	25.721753526467488	0.001009285585083642
75.0	24.77160876087552	25.233666082097372	22.270150491506556	27.72246157446415	0.002113091056405181
76.0	26.599018550406516	24.477832232671677	25.416422250395797	23.505906989359218	8.199771667896632E-4
77.0	24.108373607486655	25.59097753845426	24.1765545297582	26.123368995340552	7.253289603355434E-4
78.0	27.382249821669475	26.366286165146363	20.529816674329677	25.720937800962325	7.09537892161593E-4
79.0	27.459161076550366	21.277707832890144	22.75438149754939	28.506163778253775	0.0025858147563303188
80.0	24.084571841571435	23.102189976668292	28.697148511566994	24.11340931458262	0.0026803556106622657
81.0	24.937596293743294	25.60086034498308	21.75257923757113	27.708522662415184	4.41461287313727E-4
82.0	22.284663916884735	22.413155943915044	24.251017609556403	31.049932789998625	0.0012297396451980403
83.0	24.665260178723397	22.902541484404978	24.596380947396067	27.835029117201266	7.882722742884819E-4
84.0	22.990681815888774	26.554097428213975	25.074519618822773	25.379581845148014	0.001119291926468511
85.0	24.815906277725194	27.270100392401176	21.29440051151508	26.61888343169111	7.093866674401609E-4
86.0	25.066304990186467	25.34615342781627	23.126329351014245	26.459115692808922	0.0020965381740981064
87.0	21.8826114891044	22.40601712350576	26.45029309454498	29.26025862433142	8.196685134428789E-4
88.0	24.809628057729384	27.112643477419308	25.784756720648534	22.29227820728904	6.935369137386668E-4
89.0	26.336195802269135	26.25308474726942	23.126041153921264	24.28379564547248	8.826510677004402E-4
90.0	23.74671478027741	25.964138600612635	24.635187924418865	25.653738038253948	2.206564371393154E-4
91.0	26.28689444132209	25.00109536344474	24.343010462218157	24.36836930801084	6.304250041686854E-4
92.0	24.7977496994535	24.953113485223575	23.09604501609744	27.153060278879416	3.1520346068183546E-5
93.0	26.35617145596617	26.031381208782655	21.261949346652955	26.35030887301929	1.8911557893164197E-4
94.0	27.223825021113395	24.075513706806575	23.415013827916077	25.28090392289209	0.004743521271856247
95.0	23.91487800577055	26.774655280633137	24.031114765046837	25.276956614030766	0.0023953345187087446
96.0	25.787212691655114	24.689690362456407	24.285913966616548	25.236064135884952	0.001118843386981611
97.0	25.470317799865267	25.07772249339148	23.080960766470085	26.37088863413424	1.1030613893058199E-4
98.0	27.592045865672976	23.459940650948667	24.557702707642893	24.390295018234582	1.575750088557155E-5
99.0	22.015645802970024	22.33278449600189	27.112175522905424	28.539378422027024	1.575609563950053E-5
100.0	22.53618277957924	25.41389955051283	24.652832648312724	27.397085021595203	0.0
101.0	23.160243716415376	22.975942354542063	28.228625697609328	25.635077946809098	1.1028462413345827E-4
102.0	25.12467917300416	24.4540248947095	24.819171671139745	25.602092747659377	3.151348722104458E-5
103.0	25.415441890130612	26.053785756962316	25.172923531087477	23.35770701664604	1.4180517355692754E-4
104.0	25.528362413696392	27.364758192343203	22.99175329852303	24.114747950929445	3.7814450792370306E-4
105.0	27.295837130125	23.728315743479694	21.286540787823963	27.6857767601527	0.003529578418644872
106.0	25.772633662180667	23.462256614369384	24.774305473488162	25.99074122220279	6.30277590007579E-5
107.0	25.449135432904363	25.09427680359683	22.802735567530362	26.653127383706632	7.24812261806601E-4
108.0	23.395602890986442	24.910202227561427	24.50046567059954	27.19360316230594	1.2604854665237907E-4
109.0	25.587462015046352	24.767536889146722	25.590944018367328	24.05331656089622	7.40516543375914E-4
110.0	24.21070144956033	24.46411139197747	23.63191087230118	27.69319750913341	7.877702761040285E-5
111.0	24.787807885169123	24.425242940256588	24.395668632247343	26.390461222126373	8.193202005758876E-4
112.0	25.33742244294101	24.59845216750119	23.831169035787326	26.23283030877872	1.2604499175980868E-4
113.0	28.417930793048896	21.917551173072205	22.870059366924018	26.7935133588577	9.453080971783026E-4
114.0	26.007620569740315	22.705037567165252	27.571926531960134	23.715068712431258	3.4661870304104344E-4
115.0	26.529889038876338	24.499338764920335	25.75794652039713	23.212132375591608	6.933002145921732E-4
116.0	26.66896823722333	25.092985919083777	24.748853324669092	23.48905070614149	1.4181288231374334E-4
117.0	25.572450462525193	27.378935663405006	24.094027486950388	22.953767019409717	8.193677096954994E-4
118.0	26.095148055795192	25.268635491635056	24.995678669487155	23.640065076007357	4.727070752431487E-4
119.0	26.980530832891215	21.76531142363311	24.86926615876896	26.38434008147436	5.515032323604449E-4
120.0	24.926205277041614	23.90695333564123	25.187522030480338	25.979303599676097	1.5757160723512094E-5
121.0	27.334105129767533	23.620516296833095	24.50855491753927	24.536130331174416	6.933246856836174E-4
122.0	26.398842660946993	24.61589321117467	24.58176299130735	24.402902360783845	5.987757871459226E-4
123.0	24.063470733923296	28.03043887533606	23.592996171977692	24.31235363652665	7.405822362999377E-4
124.0	24.928762763141307	24.874133366948193	23.28784822891718	26.909113828312115	1.4181268120509264E-4
125.0	26.659269428739847	24.101518424369413	24.4383490587666	24.799712850190332	0.001150237933807116
126.0	24.02748054267785	24.497396498895288	24.981950550653956	26.493030596298343	1.4181147456516664E-4
127.0	26.004216803778707	23.454375654788702	27.475812308270697	23.064571048700287	0.0010241844616090756
128.0	25.926791977979263	23.641599834614404	25.01803783920316	25.403548888728867	0.01002145947430512
129.0	24.321135867683793	27.199267991339305	22.122368162098258	26.354281413966685	0.002946564911958374
130.0	25.970372114182055	24.591920489750564	23.62237169629755	25.815335699769832	0.0
131.0	25.387935958677733	24.942316010409353	24.782126038906654	24.8869601802019	6.618118043589761E-4
132.0	26.198516219571268	25.8173130407351	22.057375238370167	25.920240420205907	0.006555081117553089
133.0	26.500536378568558	25.80048671155187	24.721552711957777	22.97567513737216	0.001749060549639914
134.0	26.055165452394746	23.60795464841317	21.145947884500753	29.190868986108025	6.302858330495735E-5
135.0	25.97081546308696	24.48423471226323	26.14037501006469	23.404070595134943	5.042194501707492E-4
136.0	27.50538266730704	26.73132485468689	24.18919634382008	21.567446586166167	0.006649548019821326
137.0	28.38662344777641	21.819362749848377	24.459184794161132	25.334639921629915	1.8908658416503857E-4
138.0	24.771451868950876	24.36599844795733	27.55892050311393	23.302557719048764	0.0010714609290984366
139.0	25.67022484347462	23.793732367013504	25.43513148761939	25.099808316978955	0.001102984913529922
140.0	26.380573420779747	21.836702440533976	25.7914241356452	25.990984865686094	3.1513735497969804E-4
141.0	25.14108656707763	25.690778583551534	25.280869220887002	23.886934726023004	3.309024608270576E-4
142.0	28.22692954593228	23.29083673876507	23.82630391504631	24.65555162321465	3.781770416911825E-4
143.0	26.163872636997798	25.970010730712684	23.881634408873243	23.98440343697952	7.878643675733935E-5
144.0	27.460960360477905	25.896774815709833	23.058228791149155	23.58335846631755	6.775663455632484E-4
145.0	27.686741527992954	22.52421563894117	23.217610479913372	26.570376621886854	0.0010557312656547613
146.0	27.05976210626731	22.185315205965576	25.126582049103103	25.623219527537316	0.005121111126693295
147.0	26.153749430584217	25.034881886897757	26.718650854490022	22.08936160356308	0.0033562244649224912
148.0	24.462414684473384	25.035410424507525	23.37853818645367	27.123163987807057	4.7271675836058676E-4
149.0	27.285911882969483	25.483742977339972	23.884260953175122	23.343925428623745	0.0021587578916782563
150.0	25.281710925377705	24.269834874245465	24.94879952878391	25.4996389139654	1.5757627518994638E-5
151.0	26.482610191290966	24.30986700729138	25.69467917283789	23.512276340937984	5.672876417805457E-4
152.0	27.324110655119643	24.322241252945414	23.17243994094435	25.18100329363355	2.0485735703438407E-4
153.0	24.719212671906547	23.64597025095429	25.21935315815127	26.414518414256193	9.455047316996377E-4
154.0	23.05179302456854	24.945435990467963	24.624260805407328	27.3757681903407	0.002741989215472762
155.0	26.89389802499126	24.273407614628628	24.050661438262004	24.781891085724496	1.4183639361112148E-4
156.0	25.32507228600278	23.78526656266287	26.25075233074784	24.63864090494968	2.679156368331048E-4
157.0	24.414510208671285	23.71964320357786	26.221706560331892	25.643840590502208	2.9943691675795556E-4
158.0	24.695332887216352	21.844150514363633	25.704281178517924	27.75610933879601	1.2608110608432747E-4
159.0	26.595906476896214	21.836031810249303	24.270043226169143	27.2975141524845	5.043342008406936E-4
160.0	25.990256421814255	22.326430200521774	25.656224206634086	26.027057649635605	3.1521394279528885E-5
161.0	24.18284449817135	21.386669020283396	28.413932885673333	26.012408498552762	0.004145097319162249
162.0	24.854403728676733	24.193985882232788	25.280628725607272	25.670934380452813	4.72830303883308E-5
163.0	25.133038226966057	24.26584476102137	26.615667957264478	23.98537024763559	7.88071124995173E-5
164.0	25.177815710955493	23.944414759894016	24.803175668966297	26.072670931784902	0.0019229283992882012
165.0	26.151874181055064	22.359109946249315	26.86029061403394	24.62804748395053	6.77774711153697E-4
166.0	24.89490983399316	23.533687175248215	25.57247107380176	25.99885310327304	7.881368382093783E-5
167.0	26.363054412148816	24.236982568496558	26.58960421409114	22.80999624991665	3.6255534683226725E-4
168.0	26.14164338637383	24.703225527790853	23.477900772829006	25.677167258381772	6.30546245365091E-5
169.0	26.07816625545698	22.269798638885696	25.824646065668382	25.82723139778661	1.5764220233092913E-4
170.0	30.889796407393305	23.35039856983071	23.326452062450095	22.43322684310466	1.2611722122773538E-4
171.0	25.36524658558764	23.641959971698434	26.90753371531198	24.084534531315228	7.25196086715795E-4
172.0	26.618019894445744	24.900832030379245	24.2545100498512	24.226543437005283	9.458831853183796E-5
173.0	28.793070179144703	20.283113456630765	23.120664290177974	27.80167018431555	0.0014818897310086372
174.0	23.65302643199447	26.45996166570973	24.10065919970942	25.78595857639096	3.9412619542416336E-4
175.0	25.711933056039776	24.48887959076629	23.134121407030168	26.663568226717516	0.0014977194462474008
176.0	24.34932014922773	24.778327010405043	28.268337477409382	22.602375705702965	0.0016396572548763642
177.0	21.57506065924287	26.264659875438262	24.967579292182435	27.167678087637842	0.025022085498589888
178.0	25.054464685332935	23.5086434852606	24.17973480163724	27.25695208069365	2.049470755707658E-4
179.0	27.866504545162147	24.72697178808331	22.760465477074902	24.64473380498246	0.0013243846971762857
180.0	26.37520859008594	22.509944980906774	25.707514807603904	25.407220963532858	1.1065787052523284E-4
181.0	27.57360698900927	22.834079414199223	26.19399980972682	23.397522301298686	7.914857659991328E-4
182.0	25.2688163536541	23.501669224562125	25.443918801322724	25.785516510292233	7.911016882110025E-5
183.0	23.93916596458336	24.927414474386815	26.040337158204093	25.092607754955125	4.746478706109905E-4
184.0	25.969360196164615	22.179556186738637	26.713995904693466	25.132879122005768	0.004208590397515603
185.0	24.61281477881639	24.767673047668946	24.92083861708671	25.698167328559606	5.062278683503806E-4
186.0	26.890861596988614	23.116376400552525	25.32014493714333	24.67261706531553	0.0
187.0	24.233051904755413	22.92429646290282	28.308017020780103	24.533952943332444	6.81668229219344E-4
188.0	27.05934406826441	28.47134160850851	22.28404727182855	22.18485487265817	4.121787403595752E-4
189.0	24.65932289618066	24.374415294168568	24.954329332007326	26.010870276912563	0.0010622007308892254
190.0	28.822454171899437	21.804027168268195	24.84527630358331	24.527877694277233	3.6466197182875284E-4
191.0	26.552900937175405	24.289226206611154	24.882890788424994	24.27453743469253	4.446330959151399E-4
192.0	26.63940824254471	24.091291899067603	24.259870419257876	25.009350033326616	7.9405803198434E-5
193.0	27.67539889538495	24.86362262464324	21.712675880951387	25.748064350584798	2.3824843562106365E-4
194.0	27.625369579644154	23.93052617467318	24.241549662895075	24.202554582787588	0.0
195.0	26.000483261164533	22.19720836451681	24.673755026623052	27.1276796013429	8.737463527047136E-4
196.0	27.60505490841644	22.48379878892753	26.596082603606785	23.314984088174455	7.961087478180649E-5
197.0	24.769798037610087	24.739047113091743	24.434388419689128	26.055922411483994	8.440181250503623E-4
198.0	27.056738414647963	23.52992792868108	24.409432864738402	25.003757204499454	1.435874331002218E-4
199.0	25.450581114192406	23.230243867970753	25.294010161924803	26.024653290619764	5.115652922772345E-4
200.0	27.38411188954297	23.96459325247732	24.172275746074178	24.47898713615594	3.19757495915098E-5
201.0	25.1375129070745	21.824827695152248	28.113359049949775	24.92402853578693	2.718120365404915E-4
202.0	25.032615767786925	25.43610947257197	28.004692129378306	21.526566640181763	1.5990081032933653E-5
203.0	25.658381306148666	25.090432862156902	22.970586767564193	26.27962340007089	9.756640593510843E-4
204.0	25.85927242573383	24.17284751601518	23.59943937265019	26.368296721718455	1.4396388234119825E-4
205.0	27.439105836756756	24.85541800365588	25.02491882884464	22.67945355979727	0.0011037709454533996
206.0	25.466548897223333	21.50563679090959	25.857549421810372	27.170152901363075	1.1198869362149197E-4
207.0	25.52750349652923	24.029672136682173	26.735868157687108	23.70670019963938	2.560094621097196E-4
208.0	27.676240334231778	22.44961189694072	22.265250541001357	27.608801206286593	9.602153955175224E-5
209.0	26.91910488670548	21.03432368865608	25.385872990923442	26.659834091020407	8.643426945915516E-4
210.0	24.51607832012624	24.90515914708949	24.76695412819656	25.811424190472863	3.8421411484191914E-4
211.0	24.7039984627456	25.892712453361945	25.527102115326105	23.87519415843328	9.92810133068584E-4
212.0	28.11613115304542	22.841952621734485	24.57378271921691	24.467733016188117	4.0048981506341516E-4
213.0	29.13472960169823	23.539408712633815	22.662964983122997	24.66251202323207	3.846793128922226E-4
214.0	27.491449557965847	25.582322675870117	24.441761156075263	22.48441849054443	4.811954434641068E-5
215.0	25.571887586215652	25.522468823188987	22.94088085610333	25.964296671361048	4.660631309831859E-4
216.0	25.77533523365563	24.785945610221376	25.814401205910016	23.624285449404123	3.25008088638806E-5
217.0	28.645086264017106	23.01142613404815	25.582035813099385	22.760648539906555	8.032489288101785E-4
218.0	24.58560217046078	24.568550159839813	25.28407174836469	25.561378206801283	3.9771453343362363E-4
219.0	26.632031162260883	23.22840514682682	24.747662295643057	25.39104907240533	8.523228639117808E-4
220.0	27.929603256435193	22.381486757116477	24.829662795032913	24.858810149196128	4.370422192869421E-4
221.0	25.26850112805355	23.160774892528433	24.410625038521793	27.159844951054463	2.53989841760942E-4
222.0	25.326039442736896	25.394004619098915	24.058833778504383	25.220951005853802	1.7115380599853013E-4
223.0	30.20100432004166	22.852498960220938	24.23316618917379	22.71241244159525	9.180889683642132E-4
224.0	29.496279996427514	23.7010742815679	24.575428897698075	22.227164696646557	5.2127659944167806E-5
225.0	30.280934769077184	20.119372485563773	23.73370704788069	25.864813904391827	0.0011717930865257262
226.0	25.056847311545567	22.66620748751076	25.74910236197062	26.52763047451246	2.1236446059515494E-4
227.0	26.751232592305364	23.52522651331715	26.144228055421316	23.57772101257328	0.0015918263828946985
228.0	26.971309076091458	27.9925556274341	23.456352296986896	21.57965717708084	1.2582240670583098E-4
229.0	27.51859737188578	25.42689627907483	22.010601680745417	25.043904668293976	0.0
230.0	26.01268407387772	23.233299506941787	27.21792529311278	23.53605455040556	3.657566215207173E-5
231.0	25.400968715802836	24.888140979065774	24.130187218823306	25.5789237216006	0.0017793647074872702
232.0	24.88483506838119	25.65450912025719	24.46836019567365	24.992183755298687	1.1186038928534076E-4
233.0	22.982041604879004	25.500974012407383	22.224820933164956	29.291558414179608	6.050353690441595E-4
234.0	26.68602542924075	21.687896072799692	26.320530456955055	25.304243387035193	0.0013046539693137712
235.0	25.33820998646655	22.31412681655394	27.284882051489284	25.062567438976103	2.1370651412425207E-4
236.0	28.3552614615091	24.25181494356516	23.279639387055624	24.112929909313348	3.54298556764829E-4
237.0	27.925014655832125	24.84061596070347	22.235906082523424	24.99830416058535	1.591403556269742E-4
238.0	26.858495831162482	23.09521063557634	24.287490906627397	25.758762301256375	4.0325377405207134E-5
239.0	27.8578084461002	23.28069367204565	23.974742295153632	24.885343421243018	0.001412165457491466
240.0	25.206974504703854	21.66912826735418	26.87758883513612	26.246160209877832	1.481829280142154E-4
241.0	29.510026306672444	21.052203329494514	23.346509624767048	26.088802765643887	0.0024579734221029026
242.0	26.677760255378942	24.487384934085828	21.00048180700976	27.833417879497308	9.551240281613014E-4
243.0	27.983985323421994	23.13803243401321	25.33962540040942	23.53544516006175	0.0029116820936226934
244.0	26.513549486237554	23.384315604536017	25.923696960017033	24.177096310493532	0.001341638715860086
245.0	29.371753036188498	20.96026074698088	23.411249086924762	26.254454441812356	0.0022826880934989045
246.0	24.626291715714654	26.763153228408026	23.681728938918432	24.925920624509963	0.00290549244892422
247.0	25.585228003311062	23.368833724537247	24.437675129807598	26.464661246508104	0.1436018958359943
248.0	26.097055160279524	23.138188518397325	23.66170320661848	27.091852992723993	0.011200121980678398
249.0	25.432160440616418	22.023760857524767	28.32506834202536	24.201864499635946	0.017145860197505716
250.0	26.65435024423272	22.457502431579908	24.58450344720113	26.302827081083112	8.167959031237069E-4
