# Position (bp)	A	C	G	T	N
0.0	23.865438696472832	23.73329584840281	25.324175493831497	27.077089961292856	0.0
1.0	22.614933646815604	30.02627271944181	23.967754902805293	23.3165529111119	0.07448581982538903
2.0	24.317441847737772	26.673253621913258	23.18213927579416	25.826365389942417	7.998646123898187E-4
3.0	26.289745010223736	21.737795349451545	24.48064220457483	27.48475062791532	0.007066807834566029
4.0	25.43222817696904	23.64413693274452	24.623398806594203	26.300025932639866	2.1015105237342496E-4
5.0	28.2951344134552	23.88806086076672	22.514831033281133	25.30142789367839	5.457988185554805E-4
6.0	25.415299103381493	24.076365572196863	24.109606267526818	26.39399236260443	0.004736694290397086
7.0	25.334483308146265	25.85289217689479	23.522687394098238	25.289184227554472	7.528933062347513E-4
8.0	27.651418477191626	24.388567972327614	23.581094656624384	24.37879358114896	1.253127074186376E-4
9.0	25.61614719657924	25.86550784771031	22.32180156712392	26.196460004319306	8.338426722322886E-5
10.0	24.369934134637617	24.817173734004918	23.33390126985886	27.47899086149861	0.0
11.0	26.96026752317483	22.48877766708415	23.20745816324763	27.343335507368693	1.6113912470033158E-4
12.0	28.081695351200302	24.32415375333418	20.14995871967484	27.444192175790675	0.0
13.0	24.981368480683397	23.017855287685947	25.164841411565458	26.835817209212067	1.1761085312952679E-4
14.0	26.2542432142452	21.827128925178876	23.63639250027007	28.282157920556884	7.743974897130974E-5
15.0	25.256757283289062	23.838910064090957	24.541549871993805	26.362744581223772	3.819940240854872E-5
16.0	26.681650212550583	24.62211352101063	21.47553133891474	27.220554741631453	1.501858925885515E-4
17.0	28.22808842490339	26.522400360678013	19.77809630646755	25.470165615730206	0.0012492922208410602
18.0	25.693394922298022	25.728582371961938	19.72048925853924	28.85735131754415	1.821296566455287E-4
19.0	25.00739656770252	24.649641991620125	21.909431203943676	28.433058886831063	4.713499026118586E-4
20.0	22.427178038344238	25.505029425268166	24.18067647173116	27.887116064656432	0.0
21.0	23.726700759779167	24.621198873713926	23.910775017575915	27.741039851827004	2.8549710398875143E-4
22.0	22.295421358707777	26.565108160550423	26.104942142084465	25.03445772855783	7.061009950375222E-5
23.0	24.773829371143712	24.335296443977654	23.223997790667113	27.66666584787536	2.1054633616038578E-4
24.0	27.848928684308326	21.442881108097126	24.521754533424563	26.186400941938125	3.4732231858487E-5
25.0	24.657077186711717	25.10883261408225	19.657666492681095	30.576217535340316	2.0617118462182876E-4
26.0	25.56307671710008	25.595045163969782	20.142444021917512	28.69939994268905	3.4154323578744676E-5
27.0	25.46182042750881	25.09608173100656	19.98683844549309	29.455191307246036	6.808874550912168E-5
28.0	27.52664847575364	24.196708266093605	22.60156985828996	25.672851711743373	0.0022216881194217957
29.0	27.43061942340155	23.998968874992723	22.140748563493183	26.429363779239463	2.993588730801533E-4
30.0	23.680507289847068	24.448636770850126	25.195162300510304	26.675462403839294	2.312349532112589E-4
31.0	25.83402542517655	24.54407354746129	22.889459353621262	26.73201459174904	4.270819918578461E-4
32.0	24.217514770487593	22.9261526056484	24.83117699562246	28.024927851817772	2.277764237734809E-4
33.0	23.79037791609782	24.928372023500806	25.088024936264468	26.193096267871557	1.2885626534597585E-4
34.0	26.198827944650176	26.594462079979976	22.56790851914504	24.638769527071773	3.19291530409006E-5
35.0	24.986558655751853	22.356477717062702	25.959137049904506	26.697605450583556	2.2112669738432388E-4
36.0	23.576641022719777	24.781570947113423	26.0847446340696	25.55694871852326	9.467757394397423E-5
37.0	25.55828024603608	25.561308848345575	20.95625594087159	27.924154964746755	0.0
38.0	26.447293428422824	25.35932176981013	21.37983849168913	26.81345168739061	9.462268730324394E-5
39.0	23.408370856299364	27.545583347970414	21.785278551852645	27.260672641540072	9.460233749762312E-5
40.0	26.505215710064284	25.90090970660606	23.04724597139841	24.546502491508942	1.2612042230162202E-4
41.0	24.081614251660756	24.36586055600166	21.653099076041876	29.894665558181742	0.004760558113961456
42.0	24.49184047704688	26.10587094124141	20.499668524798224	28.90255700884848	6.304806500759887E-5
43.0	25.73424166422122	26.05042175732587	22.284313703858622	25.927208918730905	0.003813955863389775
44.0	28.932706441795908	25.20467054786404	22.413568138210298	23.448865770915226	1.8910121453406722E-4
45.0	25.59881890632238	24.501454308250324	21.825842254035983	28.069882426347085	0.004002105044227988
46.0	25.126990643922365	24.40473283361571	22.283742519281372	28.184534003180556	0.0
47.0	25.084808135279644	24.685744388106983	23.283476095401	26.944301526593694	0.001669854618676095
48.0	22.91136589460026	23.973929570789025	22.85987380501347	30.25483072959724	0.0
49.0	22.408891870060792	25.944351807676625	24.601501817832553	27.04349099428906	0.001763510140970592
50.0	27.238971286314058	24.152439767448964	20.50565963826304	28.10283484159405	9.446637988772986E-5
51.0	24.76037101405471	27.00531459372324	21.435160697194096	26.796792353030074	0.0023613419978842374
52.0	22.85157238040027	25.911025436789792	21.340855496850843	29.8965466859591	0.0
53.0	22.46065615322455	24.976159046763403	23.845062664063402	28.71655365218308	0.0015684837655656329
54.0	22.88924084284503	28.718031241089403	22.12679941165344	26.26586576752155	6.273689057776598E-5
55.0	23.83449263425631	28.307731496142825	22.420487644902185	25.435942626182715	0.0013455985159613018
56.0	26.192544996074783	25.88769527919422	24.976462773322037	22.943265662307365	3.128910159915469E-5
57.0	22.706888018006126	28.055475079202292	22.955523448445458	26.277076295128722	0.00503715921740692
58.0	25.45797584032365	25.508717792781376	21.354009271199157	27.679078110697542	2.1898499827627523E-4
59.0	27.589539957451375	22.807652496408142	24.341273637213064	25.258687323906653	0.002846585020769122
60.0	24.020466343010835	22.929431971836134	23.647740515606664	29.402298699785632	6.246976073144594E-5
61.0	25.073199891687587	23.88085759197264	23.020823280548207	28.018997772849374	0.006121462942193714
62.0	25.078997057480628	22.44631354352162	24.765476021683824	27.709088456092378	1.2492122155465709E-4
63.0	25.91985479814738	24.000776974813586	22.723546552752	27.35338582077177	0.002435853515264526
64.0	25.22945902964842	22.008242633403547	23.47395640792744	29.28834192902059	0.0
65.0	24.074703775239144	26.3529625904523	23.686978702236804	25.880742125737	0.004612806334754472
66.0	24.126425310992527	24.459873128388164	23.255297173407204	28.1579992258301	4.051613820117073E-4
67.0	26.449822218884094	25.58496048737176	20.76291456938762	27.201430102523716	8.726218328112664E-4
68.0	23.422875388846958	22.669271133610028	26.939373220154533	26.96835560198277	1.246554057128326E-4
69.0	22.80489906423174	24.97325508309232	24.965277572194136	27.253794848958606	0.002773431523196638
70.0	25.301579628003314	23.025356113922857	24.638830844447845	27.03392232238323	3.1109124275040744E-4
71.0	24.44984117574947	23.04297022297466	26.469073884699956	26.03718365111115	9.310654647646034E-4
72.0	27.312922151310698	26.083000618777703	22.12319572304826	24.47976435554954	0.001117151313800977
73.0	25.431149632030003	22.803000850462293	23.037196012476755	28.72483712917936	0.003816375851587038
74.0	24.901614102666322	25.67210326633423	23.595055590940525	25.8305755291897	6.515108692178797E-4
75.0	25.082535280303524	24.68954263573106	22.34464722798723	27.88107226063838	0.0022025953398046205
76.0	26.909928601031897	23.72024112352245	25.441993612063126	23.927340320190993	4.963431915363559E-4
77.0	24.28504027721469	25.068064444784277	23.821051230805548	26.825192638586405	6.514086090782165E-4
78.0	26.877987243468116	26.286532810863307	20.810647420513618	26.024429288967426	4.032361875321232E-4
79.0	27.249303584450292	20.93713137897568	22.841902736623872	28.968932779033807	0.0027295209163497995
80.0	24.110676717847877	23.326256565653434	28.319549402713573	24.241563319495125	0.0019539942899944635
81.0	25.557871674860273	25.07208624110378	21.599044494819434	27.770594396300798	4.0319291571438184E-4
82.0	22.45257025606417	22.274952951728537	24.433497873058368	30.838110526531253	8.68392617670301E-4
83.0	25.42944882309779	22.166506124084425	24.467681940851275	27.935432729970273	9.303819962400162E-4
84.0	23.339486970838085	26.17337504120601	24.95603400181911	25.53023567511647	8.6831102032437E-4
85.0	25.09171770019049	27.12037585729033	21.55994667644079	26.22733958046304	6.201856153528189E-4
86.0	25.48889012917589	25.221515258630845	22.835513137740072	26.452593130050296	0.0014883444028948299
87.0	22.08514906434625	22.25942823657444	26.05140320932879	29.603244364451513	7.751252990045841E-4
88.0	24.73149283226464	26.773362650390986	25.902500940960977	22.592240528847974	4.0304753542632813E-4
89.0	26.602967232097324	26.114990707054424	23.263769293131592	24.01734269810095	9.300696157107359E-4
90.0	23.765877213323527	25.76315407670664	24.811327305892814	25.659424396377585	2.170076994331759E-4
91.0	26.405009532371317	25.31122029852597	24.16981570748795	24.113396469147666	5.579924671016941E-4
92.0	25.266309221544788	24.343010927008724	22.815039973118772	27.575577882873848	6.199545387336747E-5
93.0	26.090716545588734	26.13572362676483	21.312805723462482	26.460506131284912	2.4797289904186375E-4
94.0	28.02053758508251	23.535279021039713	22.87089155312	25.569510395873884	0.003781444883891045
95.0	23.4371590661139	27.089118878067165	24.042781623787516	25.428553894828713	0.002386537202705651
96.0	26.10183684930199	24.3838118744987	24.07860009198503	25.43469744735345	0.0010537368608311132
97.0	25.722089151951028	25.132244715557263	22.81529312631187	26.330249043707	1.2396247284059698E-4
98.0	28.062392757412425	22.825220264692604	24.263188998277922	24.849197979617053	0.0
99.0	21.640899412273594	22.1449968890905	27.07011816498479	29.143923563342334	6.197030878565462E-5
100.0	22.744930726225135	24.93087494779215	24.15432578441907	28.16986854156365	0.0
101.0	23.32170771160733	22.26548739466378	28.626077063713097	25.78663488287576	9.29471400319924E-5
102.0	25.17926783243175	24.46377677397845	24.64296714213208	25.713926280035228	6.197142249822916E-5
103.0	25.722744920282654	25.486748475875658	25.062283294258787	23.728099378143018	1.2393143988813948E-4
104.0	25.872714558756055	26.96514718562277	23.16827768980552	23.993550743743373	3.0982207228210913E-4
105.0	27.22235803682114	23.319232369690024	21.1927785467053	28.262780489422106	0.0028505573614249565
106.0	25.770311855155843	23.362738743383474	24.953183926750043	25.91364154069807	1.239340125743449E-4
107.0	25.725584797722373	24.54590436331493	22.50012315770786	27.227737036760484	6.506444943547295E-4
108.0	23.721687850663585	24.718872783564493	24.457719315474318	27.101689071238518	3.097905908543002E-5
109.0	25.751636011616654	24.508282671829623	25.377734753146175	24.36166505324298	6.815101645692159E-4
110.0	24.479832825368366	24.656895194627662	23.11741905266676	27.745729020850675	1.2390648653554676E-4
111.0	24.87073035336801	23.658885499247866	24.597941350674198	26.87188519938441	5.575973255154058E-4
112.0	25.342934009035865	24.22136485923466	23.68577973480947	26.749735537420488	1.858594995113444E-4
113.0	28.46043025520984	21.78732688982001	23.148945766012062	26.60261562903552	6.814599225675675E-4
114.0	26.465737707355512	22.046624324096605	27.589218008891443	23.898203125387205	2.168342692313411E-4
115.0	27.0715277924067	23.383769041178386	26.487141899452414	23.057034625731568	5.266412309278427E-4
116.0	27.071362630962632	24.41778551557921	24.959479804957837	23.551279112273157	9.293622716092217E-5
117.0	26.018101019363414	26.4559269763429	24.025873646024852	23.499540736587264	5.576216815701387E-4
118.0	26.656340467188244	24.399704464170927	24.97510095150765	23.968575309747262	2.7880738591743896E-4
119.0	26.826958435191163	21.437031029319876	24.995329848972116	26.74018501542931	4.956710875364434E-4
120.0	25.421122367201043	23.88331901581825	24.765201529996613	25.930295128750757	6.195823333532633E-5
121.0	27.53824644580596	23.351467666600474	24.36957608040033	24.740183156662734	5.266505305074711E-4
122.0	26.711210961267035	24.045957369821323	24.549280223844995	24.693086753566043	4.646915006065773E-4
123.0	24.303100240863078	28.101673649888863	23.332832503349625	24.261743043239182	6.505626592523177E-4
124.0	25.172987655422467	24.782836055782322	22.619622946391175	27.424398446580767	1.5489582326510482E-4
125.0	26.377678095686548	23.812437268435335	24.641113493017436	25.167934721998485	8.364208621950161E-4
126.0	24.093838164575214	24.280827996925634	24.87922024372495	26.7459896783843	1.2391638989424665E-4
127.0	26.224188479858835	22.87553717205863	27.496301133575546	23.40316776620686	8.054483001323413E-4
128.0	25.99754768172899	23.231285583553234	24.832200834829116	25.93097325064762	0.007992649241039094
129.0	24.355046369498734	26.720082875255883	22.46755250335813	26.454189364011715	0.0031288878755285033
130.0	26.113167613235923	24.344968189015212	23.912498648532686	25.629365549216182	0.0
131.0	25.41167147572227	24.659829278009678	24.87665500390652	25.05125563130395	5.886110575853687E-4
132.0	26.550174103768327	25.661098650540897	21.93475135999207	25.848709401603486	0.005266484095218032
133.0	27.104313320695905	25.31892265651211	24.863807889585335	22.71097346728307	0.0019826659235800004
134.0	26.744386689330874	22.967121716655868	21.096054302404866	29.192375333682158	6.19579262310343E-5
135.0	26.55090630622593	23.945368842099	26.050325150059727	23.452996981457524	4.027201578167363E-4
136.0	27.85266658219668	26.395094627553966	24.031039931895297	21.715963371418145	0.005235486935911134
137.0	28.36028180105584	21.317640819206986	24.427632265793378	25.894197278707143	2.478352366563185E-4
138.0	24.96401146057245	24.272027820604684	27.305287829321855	23.457867464904396	8.054245966139331E-4
139.0	25.659154026420993	23.90041866538212	25.016333061244723	25.422855133723548	0.0012391132286179395
140.0	26.430590556852344	21.646161543096383	25.68218323417662	26.24081683862264	2.478272520139837E-4
141.0	25.39457179739857	25.30903877424765	25.375116984454426	23.9208077588768	4.6468502255116417E-4
142.0	28.63700701708841	22.62441770805678	23.700292783994435	25.038034657619928	2.4783324044750006E-4
143.0	26.58179614718325	25.581943608006995	24.123351598648814	23.71281570866698	9.29374939590629E-5
144.0	27.93568447698098	25.504087564874546	22.93416803982452	23.625502290764974	5.576275549797534E-4
145.0	28.099889155243996	22.391446180193054	22.945019390087417	26.562839806712518	8.054677630115572E-4
146.0	27.251404848123983	21.772690787188935	25.29151043904621	25.68045951444409	0.003934411196776633
147.0	26.47047980939346	24.51918534354437	26.431043760383716	22.575914394343762	0.003376692334691548
148.0	24.41117928334988	24.185926916124394	23.920958755365273	27.48156329046279	3.7175469766274725E-4
149.0	27.80125048716457	24.833651500590793	24.14012742800033	23.222801966131144	0.0021686181131659286
150.0	25.299794627474565	24.043921032110795	25.36953268068925	25.286751659725393	0.0
151.0	26.843259899638106	23.814247770639266	25.585467632095604	23.756559973157515	4.647244695092727E-4
152.0	27.418066587724567	23.655769062751535	23.364383480156967	25.56165694142112	1.2392794581374497E-4
153.0	25.026745589262728	23.22824606871595	25.064513180703518	26.679782565252886	7.125960649205997E-4
154.0	22.838785915409172	24.669567081755268	24.80830862961274	27.680425978069046	0.002912395153774464
155.0	27.387497486241337	23.80849388595019	24.07506850282858	24.728816180022616	1.239449572839198E-4
156.0	25.66368418198579	23.771843795269856	26.121638894698922	24.442678193776292	1.549342691363189E-4
157.0	25.10727805032834	22.975630343760766	26.55878539679864	25.357934361450802	3.718476614500571E-4
158.0	24.855083826096873	21.378366167364625	25.966908353728712	27.7993937474551	2.4790535469368505E-4
159.0	26.66679475550578	21.512138328508826	24.660241771815723	27.16029832717009	5.268169995788563E-4
160.0	26.11455217254815	21.32881338283834	26.227850501986595	26.328752952930678	3.098969623589852E-5
161.0	24.345721725106745	20.64206508042858	29.283279792787866	25.72564845213798	0.0032849495388364704
162.0	25.110931639829648	23.513540818938612	25.277135406949753	26.098392134281983	0.0
163.0	25.17704681176277	24.186402842046444	26.94037138379311	23.69611697935562	6.198304205952293E-5
164.0	25.591137714826395	23.91923181462194	24.64572026986779	25.842484558904882	0.0014256417789901932
165.0	26.25784516396974	22.252929636046378	26.58826409959988	24.900372228816895	5.88871567111213E-4
166.0	25.000286700891007	22.961765879122563	25.87644462380039	26.16122384396777	2.7895221827453176E-4
167.0	26.482584657463082	23.403334008016223	26.811081867964454	23.302596516590533	4.029499657027587E-4
168.0	26.62570080725929	24.33950455983864	23.66137947943973	25.3732601676141	1.54985848242197E-4
169.0	26.57418592677115	21.720047526805125	25.61041349126418	26.09501207234167	3.409828178758072E-4
170.0	30.861314176347353	23.194686155969393	23.283252289792607	22.660561379709705	1.8599818093779043E-4
171.0	26.134489523115118	23.210596670312313	26.646336624332562	24.007895174110473	6.820081295369041E-4
172.0	27.3647249616263	24.460908421384133	24.275797168653337	23.898476458758502	9.298957772812822E-5
173.0	28.89350455162136	19.914525172392523	23.545903509780665	27.644578953714465	0.0014878124909917603
174.0	23.97970570293553	25.63112808915207	24.06032866643853	26.328372587820446	4.649536534198271E-4
175.0	25.65596998871043	24.38562969585113	23.045760272983205	26.911152125272707	0.0014879171825296204
176.0	24.67014007828661	24.463279165513217	27.91419534576896	22.950804426383336	0.0015809840478709569
177.0	21.8812879446943	25.950558966310723	24.765007202167286	27.37868394112019	0.024461945707502097
178.0	25.331849387794964	23.027248898278945	24.14479629592313	27.495702396582377	4.030214205885042E-4
179.0	28.171744233382555	24.175627245699744	23.065818671013922	24.58553866254347	0.0012711873603050354
180.0	26.646571213262998	21.992029148765916	25.659459753416357	25.701691281007466	2.4860354726186497E-4
181.0	27.812100139471664	22.1218679180625	26.44296835291155	23.622503337391013	5.602521632736654E-4
182.0	25.467746874012043	22.87926952824529	25.869775187758425	25.783146176499145	6.2233485100059E-5
183.0	23.832728564951687	24.64253007583021	26.464023360520684	25.06018900139935	5.289972980685064E-4
184.0	26.20597049295621	22.138467139883055	26.58307063703722	25.069006401180033	0.003485328943478545
185.0	24.912619153931242	24.281933720309727	24.85586399921588	25.94917862160274	4.0450494040553174E-4
186.0	26.667907247690092	23.363740015708494	25.437802702806987	24.530550033794423	0.0
187.0	24.395871871654688	23.13680270187534	27.7780167751195	24.688747527156853	5.611241936177734E-4
188.0	27.706370249825028	27.871662855459377	22.21302544390043	22.20847381801914	4.6763279602325073E-4
189.0	25.126788894892186	23.671853785054203	24.996687448187792	26.203890447910005	7.794239558135207E-4
190.0	28.861498878167353	21.781668543662924	24.923860052156797	24.432723091294353	2.494347185690429E-4
191.0	26.471223747160906	23.662792113672428	24.640214875011164	25.225363344726137	4.0591942936471113E-4
192.0	26.729610613953298	23.542932764098218	24.412461052964222	25.3148706636781	1.2490530616476384E-4
193.0	27.833284613904773	24.566147242605265	21.90150680448019	25.698842726189312	2.1861282045516437E-4
194.0	27.65215115421998	23.511688366851814	24.495317657229524	24.340842821698686	0.0
195.0	26.60916736065253	21.567362651711143	24.630136250302222	27.192833942562334	4.997947717718412E-4
196.0	28.218964987633242	22.30083324905132	26.4610978747468	23.019041264161334	6.262440729912516E-5
197.0	25.163220099959883	24.10252041836709	24.025353569170342	26.708342193636803	5.637188658853315E-4
198.0	27.06538112377512	23.21054048136337	24.701947574895023	25.022036713007022	9.410695946060401E-5
199.0	25.237999898793667	22.92848389452037	25.610420355171374	26.22262439342989	4.7145808470467395E-4
200.0	27.4693191655492	23.554506928295396	24.115503652278218	24.86060738653545	6.286734173618223E-5
201.0	24.490497128186526	21.473953432957433	28.91089880798757	25.12446201633339	1.8861453507617353E-4
202.0	25.082116673583077	24.950076080532185	28.14957684133751	21.818230404547226	0.0
203.0	25.620110494874375	24.266318688956865	23.205276026461906	26.9079488248833	3.4596482355479487E-4
204.0	25.66355536458979	23.797245940911473	24.110598956580382	26.428536828258515	6.290965984117827E-5
205.0	27.589484992379404	24.507806982636993	25.058314471898164	22.843795859239954	5.976938454835579E-4
206.0	25.38638909889579	21.321567913085143	25.829401406401264	27.462578658202208	6.292341559626071E-5
207.0	25.731077327595457	23.538561215778614	26.9096684117136	23.820504243777506	1.888011348206877E-4
208.0	28.1527856153935	22.263112457869646	22.141186608550985	27.442915318185868	0.0
209.0	26.95422626100336	20.69069830984816	25.567434200171498	26.787137570527925	5.036584490593548E-4
210.0	24.87878612330946	24.86219399005857	24.665575636829374	25.59319237681207	2.5187299052579744E-4
211.0	25.304449342633806	25.318810086406955	25.32359700099801	24.052608191355652	5.353786055780781E-4
212.0	28.873567375868646	22.419858747734644	24.428084600125523	24.278237220123156	2.520561480275346E-4
213.0	29.376202677857616	23.429583290249198	22.56564130629415	24.628383575739388	1.8914985965080416E-4
214.0	27.23295991791949	25.325320051199355	24.485269457601675	22.95641902326845	3.1550011026728854E-5
215.0	25.698822554710016	25.086209486284744	22.82877792025247	26.385905440723768	2.8459802900053917E-4
216.0	25.767062362913272	24.521319203425033	25.88165424002731	23.829900265111583	6.392852279723087E-5
217.0	29.098943933135857	22.663160734853108	25.640527230768388	22.59688456890352	4.8353233912637315E-4
218.0	24.479288906481475	24.531404774933343	25.6792885158566	25.309789938219424	2.2786450915868845E-4
219.0	26.752508606263408	23.075628987492045	24.60584677187496	25.565588483756613	4.271506129775585E-4
220.0	27.95008757232602	22.005738191937798	24.9055497041895	25.13839333928488	2.3119226179683285E-4
221.0	25.646775289294748	22.56855009618206	24.327773559947275	27.456734707185344	1.6634739057502302E-4
222.0	25.46858132974536	24.39784613872014	24.73839380293489	25.395077715845737	1.0101275387030367E-4
223.0	30.485828636327117	22.60963350414594	24.11583028408093	22.788094774441568	6.128010044489353E-4
224.0	29.840815697888257	23.304058648178206	24.517415062489732	22.33753984047078	1.7075097302441978E-4
225.0	30.683845759245088	20.077569107319622	23.670156749656496	25.567535047142403	8.933366363882812E-4
226.0	25.535565946180704	22.25431284930576	25.517797490370786	26.692254170284397	6.954385835585106E-5
227.0	27.011804186605854	23.697785560028713	25.886824695233884	23.4023559187637	0.0012296393678529406
228.0	27.41944265510617	28.03121957290165	23.24914919027238	21.300188581719805	0.0
229.0	28.047744911386335	25.10011674340143	21.602274640992633	25.24982802469594	3.5679523664087274E-5
230.0	25.960359473278295	22.78597908818799	27.44606047388255	23.807564975576014	3.598907515634554E-5
231.0	25.2653474560035	24.688617018364944	24.578701042778555	25.46576529727856	0.0015691855744405215
232.0	25.104991339842485	25.180751667185795	24.607504638256362	25.106495540046396	2.568146689603885E-4
233.0	23.051306488879902	25.423490036665548	22.43304002878528	29.091531537425325	6.319082439492927E-4
234.0	26.980868333293056	21.298270945603054	26.663165160339286	25.056525035644377	0.0011705251202242574
235.0	25.688368406382168	21.80093608850208	27.73811239867995	24.772353691722447	2.294147133596982E-4
236.0	28.891668990240216	23.77424870367864	23.53237730077409	23.801472324784783	2.326805222747003E-4
237.0	27.594626254756342	24.775796747989784	22.541504496606237	25.087837353243525	2.3514740410982796E-4
238.0	27.33094165629527	22.213637326051575	24.58693518279804	25.868406385944535	7.944891057667595E-5
239.0	27.820049151218583	23.739925733137415	23.828426943379377	24.61002642945978	0.0015717428048435472
240.0	25.17490030235131	21.94747390288864	26.562984720869487	26.314266309835766	3.7476405479716727E-4
241.0	29.66175469961176	21.396408415940655	23.18999072752258	25.749052739716888	0.002793417208117087
242.0	26.32885185211488	24.77640983266194	21.120304857135817	27.77347263341573	9.608246716381685E-4
243.0	27.723773994165583	23.10691075484235	25.31644934048995	23.849685935640654	0.003179974861461885
244.0	26.410690578567014	22.788597901502627	26.264428112920662	24.53506734866573	0.0012160583439633605
245.0	28.92368732983361	21.16582197770626	23.398514254703752	26.50991826972754	0.0020581680288378743
246.0	24.784195743875117	26.871863921820268	23.288093159273323	25.053364610837026	0.0024825641942711673
247.0	25.563291883798506	23.186159445008283	24.572120799160412	26.53928359248604	0.1391442795467607
248.0	25.923450994959772	22.922699604042315	23.99811730140907	27.146191967715517	0.00954013187332731
249.0	25.294336952791703	21.81686077300785	28.574091569613497	24.29895059714708	0.015760107439872224
250.0	26.81101675234808	22.476311129470574	24.763535845456733	25.94807489584709	0.0010613768775226276
