# Position (bp)	A	C	G	T	N
0.0	24.992087701931947	23.92544258365151	24.177962734759568	26.90450697965698	0.0
1.0	22.892312924104697	29.697452407426876	24.193739638589527	23.1381901734117	0.0783048564671981
2.0	23.69728183758058	27.34831134299344	22.60085577986571	26.352880715905663	6.703236546045649E-4
3.0	27.032838460318985	21.90131268993143	23.77221402271697	27.288275997579596	0.005358829453019812
4.0	26.341413348089176	22.663459650500688	23.495483997643827	27.499643003766312	0.0
5.0	29.398953635859037	22.935972055345395	22.291747009034754	25.372658554037997	6.687457228138145E-4
6.0	25.827151261009206	24.053658829735376	23.129074547668175	26.983660632607954	0.006454728979284771
7.0	25.0446551555599	25.43522114299425	22.796567995805525	26.722667045828185	8.886598121373157E-4
8.0	27.800870349802587	24.75664123897376	23.077349401329688	24.365139009893966	0.0
9.0	26.524707225243	24.656125153189663	21.985205307330542	26.833519889216774	4.424250200197321E-4
10.0	24.18661402876664	23.92401397881074	23.761546776186506	28.127825216236108	0.0
11.0	27.118549307919416	23.04283222986064	22.621154420951	27.217464041268947	0.0
12.0	29.145938298823115	24.226405663953713	19.67029452813446	26.957361509088713	0.0
13.0	26.031236646082434	21.89162693657989	24.99120212489631	27.085934292441365	0.0
14.0	27.149620603343337	22.033624145346558	23.022813569936936	27.79394168137317	0.0
15.0	25.31480677377334	23.80733907372664	24.499217591492638	26.37863656100738	0.0
16.0	26.871851410728944	25.253899019812977	21.066375883214498	26.807873686243582	0.0
17.0	29.552074853617633	25.616179052364185	18.91191557390716	25.91865357643759	0.001176943673437362
18.0	26.437701391119806	24.78529637958393	19.892721201678302	28.884281027617963	0.0
19.0	24.709233095634094	24.610681169999168	21.368923034624835	29.310388224884264	7.744748576418403E-4
20.0	23.86070565100751	25.880143411574704	23.167844159934248	27.09130677748354	0.0
21.0	23.84564838534574	23.271972344700828	23.384726732503548	29.497462073956974	1.904634929099965E-4
22.0	22.833549595900642	26.488103670041873	25.950374823637407	24.72797191042008	0.0
23.0	25.940340146399247	23.36511762817444	22.92411757748478	27.770049168971166	3.7547897036156746E-4
24.0	28.365980567534866	21.100146225959932	23.74000727418481	26.793865932320394	0.0
25.0	25.018789911333673	25.31409932466578	19.067395598842285	30.599347636330226	3.6752882804244954E-4
26.0	27.20852190061194	25.271061655102834	18.889689055908523	28.6307273883767	0.0
27.0	25.45355482018164	24.221358076883828	19.58923130749158	30.73585579544295	0.0
28.0	27.360355018954706	23.155644190517258	23.218347437072172	26.263497367900968	0.002155985554896782
29.0	29.18753364328085	23.01760021034268	21.07583883913582	26.718849652952347	1.7765428830803832E-4
30.0	25.567646030451048	23.259271816714524	24.47879693299852	26.694285219835912	0.0
31.0	27.01289470119094	23.338547045690067	22.22589743003274	27.422133000687925	5.278223983194135E-4
32.0	24.99804331832341	22.38983012524502	24.01639786208612	28.59572869434545	0.0
33.0	24.41181084850606	24.061836794858312	25.576552083207627	25.949800273428004	0.0
34.0	26.297643345661392	26.054151384476874	22.977933967299098	24.670271302562632	0.0
35.0	26.624037473251445	21.861193954405298	24.518189017506614	26.996411060001012	1.6849483563328784E-4
36.0	26.06237301601997	23.68841434777998	24.673313459165655	25.575730846986307	1.6833004809189473E-4
37.0	26.365231788636628	24.567021081484	20.001076873633927	29.066670256245448	0.0
38.0	27.451405885964693	25.437494217489675	20.52013154685305	26.590968349692577	0.0
39.0	24.32118344906921	26.522827913172026	21.269052692477814	27.886263225255252	6.72720025697905E-4
40.0	27.121893144866345	26.004509889976845	22.034562370836717	24.839034594320093	0.0
41.0	25.14703360335731	23.02147749856245	20.553095187654893	31.27334967600486	0.005044034420490885
42.0	25.77243849995881	24.900434909059122	20.62783586091652	28.699290730065545	0.0
43.0	26.458999418383776	24.33122539477621	22.946608975716682	26.259131878956588	0.004034332166738949
44.0	31.112661142578617	22.996789754105247	22.141620585911895	23.748928517404238	0.0
45.0	25.709753203846297	23.724259157807705	21.242853733871534	29.31910073840549	0.004033166068973862
46.0	26.158801853074763	23.439849845157017	21.81278030108264	28.588568000685576	0.0
47.0	25.79194795506554	23.16785902704737	23.26799713699095	27.769843643414237	0.0023522374818961723
48.0	24.01519655759677	23.511499870674744	22.36722326914098	30.10608030258751	0.0
49.0	22.467436064516562	25.335547927261004	23.703992314978404	28.49050456466099	0.002519128583040555
50.0	28.2716279507163	23.170123477936695	19.801306820757997	28.75694175058901	0.0
51.0	25.629845042588524	26.176368365114516	20.286844990538683	27.903919352970114	0.0030222487881621874
52.0	23.61869955126962	25.83175620097236	20.550313308767965	29.999230938990056	0.0
53.0	24.332676922666828	23.926002192478265	22.58569158028369	29.15296367749911	0.0026656270721085442
54.0	24.403530340739852	27.404286651940257	21.003461706331358	27.188721300988533	0.0
55.0	24.775037825498366	28.195093302895973	21.798104743450217	25.229607411143256	0.002156717012183792
56.0	27.500850107403814	24.133927164456388	24.15781310907085	24.207409619068944	0.0
57.0	23.206135229805753	27.219111559282457	22.49329954357287	27.076643933764995	0.00480973357393058
58.0	25.85291108299352	24.41598413327518	21.199025576138887	28.53191337643838	1.6583115403558406E-4
59.0	28.214902782706165	21.224808566662574	24.013649885090253	26.54332246692821	0.00331629861279229
60.0	24.52718998975337	21.505013234541906	23.936394741938848	30.031236498532532	1.655352333467417E-4
61.0	25.3504481465849	22.848772252153836	22.463937234650047	29.331545712606864	0.0052966540043531875
62.0	26.348665155000912	21.156755325311575	24.48104073222	28.013538787467517	0.0
63.0	28.07953924829949	22.459824901113816	22.22266355526869	27.23515879714678	0.002813498171226189
64.0	25.79027180273286	21.07221150834858	23.297070991775044	29.840445697143515	0.0
65.0	25.175645764971712	25.5365786528798	23.045482488162556	26.237678426925925	0.004614667060012097
66.0	24.343102743609013	24.149626231064353	22.35560126039895	29.150845759337628	8.240055900539229E-4
67.0	27.254330687900442	24.1254581169088	19.938961689561527	28.680095973844487	0.0011535317847443773
68.0	23.8495406071631	22.752468330235562	25.891268240597938	27.5065580469543	1.6477504910296465E-4
69.0	23.941580342681643	23.10934408051157	24.945832969473685	27.99994727467751	0.0032953326555932505
70.0	25.68861311133825	22.78035041131097	24.083136414577794	27.447407081187492	4.929815854945098E-4
71.0	24.970892964600612	22.07948509981424	25.21470526673818	27.733444964809923	0.0014717040370476962
72.0	27.953460766857475	24.41494866852078	21.75526027079215	25.875349281326592	9.810125030043507E-4
73.0	25.554607369043996	22.243147717649673	22.24020506985519	29.95811631305849	0.003923530392647304
74.0	26.02256065566803	25.00061297245874	22.65595245295232	26.320056622309256	8.172966116517075E-4
75.0	27.394125627237216	23.362972164560894	21.488860920874128	27.751099197463265	0.0029420898645004167
76.0	27.393760899303913	23.0444993960948	25.35290454702207	24.208017965158184	8.171924210306103E-4
77.0	25.246529627680616	23.31743733391731	24.15385671374454	27.28135918966357	8.171349939695438E-4
78.0	27.495318061334213	25.222821060062817	20.29461078627154	26.98692325542631	3.268369051159781E-4
79.0	28.07080328589474	20.14448916494675	21.319260265152813	30.46234245010614	0.0031048338995569896
80.0	23.934318007644055	22.84392111494022	27.623987097596487	25.595976332521214	0.0017974472980282004
81.0	26.18002258166245	23.87005903585125	21.03934470695309	28.91008348025575	4.90195277458697E-4
82.0	22.773230070421384	21.825073934284266	23.799323562570464	31.601392088623108	9.803441007793735E-4
83.0	26.280585036858888	20.73819077743504	23.57792649134731	29.402154023108697	0.0011436712500653525
84.0	24.586430543529758	24.422734475829508	24.92378820800183	26.066393295322737	6.534773161686625E-4
85.0	25.52528661650401	26.348951713818035	20.448686742618545	27.676584844692897	4.900823665097314E-4
86.0	26.727725942188073	24.326028435523494	21.863075636401653	27.081373163974703	0.0017968219120798703
87.0	22.902405441030186	20.00026133670458	25.996468687779405	31.099394515522583	0.001470018963244626
88.0	24.974153010908818	26.352005775352506	25.635966595726956	23.037384627697193	4.899903145247829E-4
89.0	25.635811905508522	26.238632800250862	21.823063656318595	26.301185063238215	0.0013065746838089266
90.0	23.723241640155994	24.875557703990644	24.58241607493974	26.818784580913622	0.0
91.0	28.32535603882011	24.384719520937743	22.826656737915258	24.462777796829656	4.899054972295844E-4
92.0	24.66268127360578	22.761482226573023	23.234700025963296	29.340973182691787	1.6329116611120455E-4
93.0	26.545771019987622	25.263336648003275	20.83849719722613	27.35174199784791	6.531369350569617E-4
94.0	28.970859328949793	22.20516848098517	23.44103859461207	25.37770861941438	0.005224976038586448
95.0	24.375397978676506	25.93220892451875	23.197054549610595	26.491583261220956	0.0037552859731905235
96.0	26.83061822242685	23.381464102739926	22.86538078491685	26.9222103582379	3.2653167847078684E-4
97.0	25.80107457540231	24.1996600932866	23.839019396885984	26.160082674716456	1.6325970864672395E-4
98.0	28.659654461424438	21.889279423264348	23.572241331742173	25.878824783569044	0.0
99.0	21.747986720680547	21.026568431910846	26.203805563081662	31.02163928432694	0.0
100.0	22.847667527855346	23.41138433768171	24.935084435116263	28.805863699346684	0.0
101.0	24.20476966839495	21.40214476774264	27.896995007727497	26.496090556134916	0.0
102.0	25.378934397466967	23.944149305130527	24.3107204935491	26.366032593172896	1.6321068050693238E-4
103.0	25.85403270555211	25.240395600091393	24.748833110291475	24.156575382707185	1.632013578352972E-4
104.0	26.019329064097292	26.443315120537374	21.76298559296033	25.773717434019417	6.527883855890436E-4
105.0	28.26209003551285	22.764453206601214	20.484515354083975	28.485024545644457	0.003916858157509922
106.0	27.77730631642165	22.001723372587932	23.627503459801027	26.59330365302765	1.631981617359062E-4
107.0	26.86226159216532	23.6358918537836	22.338000172986945	27.163030404903694	8.159761604404965E-4
108.0	24.342984518830498	22.86927900863075	24.122687493166715	28.664885796390067	1.6318298197317597E-4
109.0	26.797547734167072	23.20481837273853	25.75776613399345	24.239051860167976	8.158989329673756E-4
110.0	24.77384277993891	23.674712163538103	22.599894264156855	28.95138761976869	1.631725974466752E-4
111.0	25.420100190917545	23.451364978868526	24.381476102671215	26.74640601798215	6.527095605632883E-4
112.0	25.610114288325097	22.50520530778218	23.854016408957698	28.03017446755739	4.895273776344732E-4
113.0	30.204174206465105	20.68175550983179	22.56147009344727	26.551621172243532	9.790180122997297E-4
114.0	27.27969986406414	21.305212724118743	27.677226582069846	23.73737126482362	4.895649236523502E-4
115.0	27.858859932142316	22.852438094958327	25.814153500676458	23.473895680641302	6.527915815997637E-4
116.0	27.70156249489994	23.505315485574584	23.750444725151695	25.04251409248325	1.632018905306999E-4
117.0	26.180260312538252	25.917173283283688	24.014362071075933	23.887551511689583	6.528214125423314E-4
118.0	27.109388387939127	23.22771226896242	24.313843894079724	25.34856583295932	4.896160594067485E-4
119.0	27.96319991643763	20.49040664843092	24.49013898772025	27.055275200908742	9.792465024579089E-4
120.0	25.90791286125564	23.241296244312284	24.613692298653227	26.237098595778853	0.0
121.0	28.44125788298581	22.973762550757943	23.365953335335362	25.21821018684145	8.16044079436995E-4
122.0	26.470693842377397	23.00311406486656	25.04896328406539	25.476739175850007	4.896328406538883E-4
123.0	26.126886304361307	26.961217941394406	21.873622912130777	25.037293579628727	9.79262484780629E-4
124.0	26.282288771415	23.82045101050573	22.647634373679033	27.24946263585072	1.6320854951665787E-4
125.0	27.80032739100703	22.78909066576577	23.14030973213018	26.269292975781877	9.792353151424052E-4
126.0	23.697459791593566	25.105060016809606	23.503578160572506	27.69373883099821	1.6320002611200417E-4
127.0	27.02087831563417	21.451151465301	27.528433710164652	23.998883704534215	6.528043659555995E-4
128.0	26.358875265002098	22.71110813717602	25.02501097545252	25.894723785804864	0.010281836564495675
129.0	25.64889283476081	25.49727778358053	21.267560580739502	27.583004752454563	0.0032640484645916025
130.0	26.85306376909042	22.399313250927797	24.581797885570108	26.165825094411677	0.0
131.0	26.353884292934815	23.82066041384803	24.30308598958444	25.52155329284832	8.160107843985266E-4
132.0	27.8374642384441	24.654869365259923	21.52433581018998	25.976639319514504	0.006691266591485119
133.0	27.1688432074628	24.93822889092707	24.864462599511054	23.025690906182987	0.0027743959160892112
134.0	28.060970534716155	22.332416708145995	19.959200659317343	29.647412097820496	0.0
135.0	27.76607324408876	22.37582269453778	26.760970212460407	23.096481078637606	6.52770275452737E-4
136.0	27.954402656853066	26.539155127253146	23.947091415002735	21.551354130117257	0.007996670773800296
137.0	30.38609925188986	20.5655216534148	22.874968991944435	26.172757301581086	6.528011698196963E-4
138.0	25.4271970132108	24.01065871233878	26.448684141820273	24.112481071484517	9.79061145632082E-4
139.0	26.466935911557133	23.666136335821808	24.078652143760454	25.787133357810145	0.0011422510504630198
140.0	27.895728796964875	20.803002488475503	25.144209195120958	26.156733161995678	3.263574429894342E-4
141.0	27.24123357391473	24.2359514442227	24.60636955978989	23.91611906249949	3.263595731869502E-4
142.0	30.297096589434936	22.480912355934997	23.045831558782112	24.175996318724085	1.6317712387265004E-4
143.0	27.379891714070315	24.37004546181436	23.641285724076486	24.60861392051852	1.6317952031748206E-4
144.0	28.564365160178586	23.359213858645987	23.61051278034516	24.465092295240336	8.159055899323777E-4
145.0	28.95375818753243	21.592240487449864	22.19698378974645	27.255875278629034	0.0011422566422223746
146.0	26.77446094701012	21.47090402947617	24.63619838324897	27.11321499786239	0.005221642402347128
147.0	28.094863569165096	22.58655631667749	25.87323240399584	23.441594679181122	0.0037530309804548675
148.0	24.27031745902241	23.551037391793876	23.124005645891636	29.05398679905684	6.527042352346064E-4
149.0	28.759031662217467	23.420315773671604	24.37781882501909	23.439896613167463	0.002937125924378798
150.0	26.289922280765023	23.72990322217454	24.23280198809817	25.74737250896227	0.0
151.0	27.62286601982305	22.304519093635673	24.972830609867138	25.09913155859287	6.527180812699282E-4
152.0	28.15024779659302	22.383775483395098	24.15661854337705	25.30919499152253	1.6318511229583503E-4
153.0	24.17478231354682	23.1734899022206	24.911065129698045	27.739683555044977	9.790994895627996E-4
154.0	23.160397448470892	23.181448053145434	24.222555478134296	29.432988092537805	0.0026109277115708156
155.0	28.493740033915287	23.561007535461716	23.1229486390633	24.822303791559698	0.0
156.0	28.07580760197745	22.057453048674002	25.014321643716674	24.852091286401865	3.2641923000967834E-4
157.0	24.76718186417718	22.184393922083856	26.291393971046663	26.756867033343667	1.632093486314896E-4
158.0	24.851354417095507	20.308014212525237	25.732863934819544	29.107604223280926	1.6321227878615766E-4
159.0	27.226908312224168	20.688343822630767	24.16091061029431	27.923021178805524	8.160760452301987E-4
160.0	27.82414109973836	20.056049475005427	24.526133843012506	27.593349143833663	3.2643841004908E-4
161.0	25.888251961923665	19.28642779729183	29.333696773435356	25.487706148884214	0.0039173184649334706
162.0	26.884072282824263	22.084913221110295	25.272709169524475	25.758142100941978	1.6322559899714192E-4
163.0	25.656875627412735	22.93225166697952	26.809601149134476	24.601271556473268	0.0
164.0	25.939836737492104	22.267001614343336	24.581601056423665	27.209275373673965	0.002285218066934037
165.0	28.319975188129483	21.636277566477858	25.30092554806484	24.74216875336674	6.529439610845399E-4
166.0	24.918541783657425	21.88010134120382	25.97929426821464	27.221572878168544	4.897287555665835E-4
167.0	27.33936387129846	22.14386114416969	26.645215321549788	23.87090665399829	6.530089837710943E-4
168.0	26.476772927489478	23.875379988832982	23.03899640500361	26.608687418165673	1.6326050826261432E-4
169.0	27.407270750307344	21.334053866963586	24.868042755290126	26.390306101624628	3.265258143145652E-4
170.0	32.247383630753156	21.992195790951687	22.83678100866953	22.923476301653906	1.6326797172198728E-4
171.0	26.95764051254588	22.622748468501417	25.535697958437282	24.882933423895295	9.796366201230424E-4
172.0	28.5362098550365	24.13293735989773	23.510568996847343	23.82012052264575	1.6326557267848602E-4
173.0	29.907507938969935	18.8843808419798	22.336710286782534	28.86976823922219	0.0016326930455439726
174.0	24.970487820409204	24.162597006493495	24.143003858217448	26.723258209937317	6.531049425349288E-4
175.0	25.352694520825303	23.26657174394378	22.192323015930036	29.18677787429706	0.0016328450038208572
176.0	25.244731835958227	23.306308733599497	27.254023072966422	24.19346674178036	0.001469615695495628
177.0	22.324359280029	25.227399658369777	23.571668860372526	28.849463875706693	0.02710832552199857
178.0	25.739827574946116	22.253608516752664	23.83792698060218	28.16831036509699	3.2656260205081314E-4
179.0	29.708448050060582	23.77730748002051	21.74898510397173	24.764116281120486	0.0011430848266920104
180.0	26.859647194141672	21.409057570919686	25.072810715111977	26.658320439341903	1.6408048475938418E-4
181.0	28.61290598515555	21.798014160130545	25.723469495183448	23.86462336158341	9.869979470442701E-4
182.0	26.352163510947047	21.544178704442125	25.717950193618407	26.38570759099243	0.0
183.0	24.366251841717535	24.417063512944644	26.06605846137655	25.149639549568516	9.86634392759419E-4
184.0	27.517904274825476	21.16922520329883	25.878193374390513	25.431223739711722	0.00345340777345645
185.0	26.20092936986356	23.255129457341397	23.170775823228983	27.372507621424834	6.577281412273864E-4
186.0	27.349208776716015	22.573749114056856	24.57618617714916	25.500855932077965	0.0
187.0	24.461823699073637	22.40371931458157	26.693445467498094	26.440020934352315	9.905844943809096E-4
188.0	27.830529014831434	27.644455011202414	22.284632136482887	22.2400536262967	3.3021118656436727E-4
189.0	25.43804321982406	22.783365915515283	24.333936543999155	27.443828758618867	8.255620426386283E-4
190.0	29.792915090398402	20.5394016152656	24.534632767335374	25.13272027437388	3.3025262674682995E-4
191.0	27.106760853636953	23.655296859313314	23.816887827420185	25.42039287941212	6.615802174283385E-4
192.0	27.968699086808595	22.360866911573762	23.838910455636363	25.831523545981277	0.0
193.0	29.49483185325375	23.508615783692214	21.229436599213862	25.766950330205535	1.6543363464312656E-4
194.0	29.899670421304812	21.667813794655267	23.1222948736615	25.310220910378423	0.0
195.0	27.486542347133806	20.046235084055517	24.605537288413263	27.86135432059745	3.309597999678969E-4
196.0	29.553582111378475	21.62876723255474	25.427739593996357	23.389744885071988	1.6617699844458328E-4
197.0	25.465805473650622	22.699228449952297	23.091651901616565	28.742981753389866	3.3242139065164564E-4
198.0	27.875026478147813	21.895051463511862	23.931408670821998	26.298346596036033	1.667914822925823E-4
199.0	26.517052287428438	21.583429082516258	25.208275409264946	26.69074074694412	5.024738462363035E-4
200.0	28.86433191117275	22.44869585027279	23.74153864708809	24.94543359146637	0.0
201.0	25.398537856908327	19.376578906810156	28.39921465091501	26.825501062097523	1.675232689820616E-4
202.0	25.619812556754024	24.132061373087115	28.202602224255035	22.045523845903826	0.0
203.0	27.035162404049206	23.671102470418663	21.538899875976266	27.75450005027989	3.351992759695639E-4
204.0	25.873045139878307	22.471211384703064	23.200187733619405	28.45538812249619	1.6761930303893797E-4
205.0	27.836076346166095	23.475976705903655	25.123460722224273	23.564150962373397	3.3526333258457856E-4
206.0	26.385046891922247	20.509893072334602	24.95481811567233	28.149906618517363	3.353015534520972E-4
207.0	26.344726058175333	23.609331929363318	27.22734924648393	22.818425094399096	1.676715783261011E-4
208.0	29.46972110885643	21.81304398866323	20.432675376075398	28.28455952640494	0.0
209.0	27.22469531729605	19.819723110262764	25.326152225617836	27.629093885547324	3.3546127602760177E-4
210.0	25.801300062906268	22.92136716292724	24.26538058293143	27.01178444118264	1.6775005242189138E-4
211.0	26.540272431648788	23.756556582086898	25.1599923485568	24.542843048093346	3.355896141726206E-4
212.0	28.780230682327506	21.51412345919414	23.886582587865593	25.818895403979447	1.678666333171622E-4
213.0	30.551244583291343	22.0408814538614	22.53485169135678	24.87285431153213	1.6795995834593033E-4
214.0	28.274411849740133	24.012465625399216	24.175850035971465	23.537272488889187	0.0
215.0	26.060083466099897	24.266134926756642	22.80716232101776	26.86645087188055	1.6841424515051182E-4
216.0	25.917666975240767	24.311888285947603	26.030697155833327	23.739747582978303	0.0
217.0	29.545560226574057	22.01157670124292	25.16528918503261	23.277401666066762	1.7222108364950254E-4
218.0	25.213622548960053	23.248798454523524	25.563888893710306	25.973516531773043	1.7357103307743177E-4
219.0	27.18677907658599	21.837417615022947	23.460186592975198	27.515441148069986	1.7556734587820543E-4
220.0	28.615297879650104	20.704199297033977	24.21427250063866	26.466054140716533	1.7618196072904094E-4
221.0	25.33053865032415	21.364074846434296	23.92823197287597	29.37697720276347	1.7732760210523328E-4
222.0	25.944530626518773	23.46966042270066	24.745294608190385	25.840155665749055	3.5867684113306017E-4
223.0	30.541193757876762	21.958547093259035	24.42528056274403	23.074796727268097	1.8185885207055397E-4
224.0	30.972274902258274	21.46853299877458	23.48354437766237	24.07546536733384	1.823539709400712E-4
225.0	32.478718664689026	18.962985235529334	23.434861604859275	25.123251153674804	1.8334124756385316E-4
226.0	26.043935470357184	21.863744802798287	25.88211087487233	26.2102088519722	0.0
227.0	27.065918117075256	22.89751696049863	25.348866862429638	24.68638547303759	0.0013125869588860263
228.0	28.36866449892525	27.97971658322183	22.502363693665302	21.149255224187616	0.0
229.0	27.942761448375624	24.309847000165373	20.838505243509054	26.90888630794995	0.0
230.0	25.79048276390966	22.413819548295564	27.007362245484874	24.788335442309904	0.0
231.0	25.831599821140422	23.75935610552715	23.77510352470012	26.632579660555635	0.0013608880766763224
232.0	24.337762269221667	24.577758044357164	25.445615627304356	25.638864059116806	0.0
233.0	23.399596053909594	24.3008587316251	20.637451460199838	31.661698116566733	3.956376987337615E-4
234.0	26.02603471025692	20.70106487291333	27.690125613845368	25.581766018489006	0.0010087844953858196
235.0	25.42566636264361	21.715426238962124	27.971484545949068	24.887218352631297	2.0449981390516936E-4
236.0	28.73299839436474	23.110374475578805	24.06961205780287	24.086807893510127	2.0717874346092092E-4
237.0	28.572712546376128	23.506296702722473	22.83994356482207	25.081047186079324	0.0
238.0	27.895516803267423	21.63168320180622	23.658391697830808	26.81440829709555	0.0
239.0	27.861714045351338	22.29430726110713	25.20377198140621	24.639348273035143	8.584391001841352E-4
240.0	25.801258372055585	20.92236510432403	26.80689744907298	26.469038004776785	4.410697706216658E-4
241.0	28.488630116116553	20.930345523473914	23.168553367468377	27.4107046258945	0.0017663670466563776
242.0	27.9092765441549	23.308946021225147	20.184907004475555	28.596427963036298	4.424671081013515E-4
243.0	27.44882368203379	22.122406257137854	26.404562902907475	24.021767814414748	0.002439343506134949
244.0	26.989934533369762	21.932987228786658	25.59751906573987	25.478670585334317	8.885867693872972E-4
245.0	29.011919810564923	21.110037922623604	23.337992059394306	26.539605106201154	4.4510121601652215E-4
246.0	24.908507366215705	26.665032206298616	22.656518153654133	25.768159226157312	0.0017830476742371898
247.0	25.910556417606102	22.660725225487084	24.565906621293493	26.72038707311729	0.14242466249603133
248.0	25.58573641190005	22.28551348738104	23.061944367350957	29.054271824668522	0.012533908699427916
249.0	24.950834303192575	21.610706349046175	29.75236634442673	23.667704920606088	0.018388082728432686
250.0	28.464456532249176	20.4695654911414	23.652995554396245	27.4123078237679	6.745984452754499E-4
