# Position (bp)	A	C	G	T	N
0.0	25.14242457200442	23.349063640852343	24.838758733400642	26.66970492920399	4.8124538605986114E-5
1.0	22.803620361172296	30.386462997355757	23.34787428554975	23.38775392677695	0.07428842914525115
2.0	24.989101639784046	26.302366022026664	22.249948502253925	26.457529928573827	0.0010539073615429204
3.0	25.370773564347527	22.465431169681686	23.451415976821984	28.703953705246267	0.008425583902538973
4.0	26.149542268798744	23.259834511645753	23.495815910590174	27.09480730896533	0.0
5.0	28.87619313435176	23.118083261804216	22.294622221117688	25.710288913910805	8.124688155351685E-4
6.0	27.001924565064517	23.086908854621388	23.8956651008703	26.010062698646696	0.005438780797096264
7.0	26.304637212481158	25.45058807560326	22.29281616654244	25.951529901483344	4.2864388980041866E-4
8.0	28.19815929381796	24.249187511550137	23.69506587558012	23.857587319051778	0.0
9.0	26.82500770525617	25.79771924417364	21.709760781431516	25.667275184333437	2.370848052348325E-4
10.0	25.37250631860556	24.153136274339783	22.714711760708937	27.759645646345728	0.0
11.0	27.60559853106018	22.263965601525122	22.77688397353025	27.353459484484926	9.240939951448102E-5
12.0	28.879864620794738	24.414856182370183	19.75133409100744	26.953945105827636	0.0
13.0	25.267313399762585	23.45701208590526	24.338295675655996	26.937243996488707	1.3484218744592264E-4
14.0	26.335224918674307	22.749989085294196	23.015105061839606	27.899680934191895	0.0
15.0	26.41597190014705	23.599788108117615	23.684237134272195	26.300002857463145	0.0
16.0	27.066975014893945	25.506469739694015	20.57636867687764	26.850143366372908	4.320216149054369E-5
17.0	29.08516382404133	26.215396108991506	18.95371837198129	25.744707553201245	0.0010141417846275542
18.0	25.694628530395715	25.256611155664572	20.435777584650644	28.612814954751208	1.6777453786503545E-4
19.0	25.33135141830794	23.886663822251585	22.227268765110956	28.554173803771228	5.421905582936178E-4
20.0	22.54813689683484	25.18221136146048	23.621881312938278	28.64772910865495	4.1320111448604595E-5
21.0	24.002318407152632	23.77281413474143	23.496048132362358	28.728614374616228	2.049511273541711E-4
22.0	22.621580257447377	27.41791847364575	24.675149296281848	25.285351972625026	0.0
23.0	25.75697563076933	24.02340362541615	22.013783067139816	28.205434332792585	4.0334388212033036E-4
24.0	28.457537333109617	21.828423500083893	23.16638302292321	26.547616194060257	3.994982302228401E-5
25.0	25.25067514540225	24.84965813972052	19.194954804577318	30.704474809192885	2.371011070250687E-4
26.0	26.410950720969623	25.64140554688759	19.65128571933865	28.29635801280414	0.0
27.0	25.810265353793955	23.94644238228461	19.662985433039847	30.580150032516062	1.5679836553383767E-4
28.0	27.998364115562108	23.45653215802364	23.021655661084512	25.520807036322697	0.002641029007043003
29.0	27.63543955895822	23.469552818943782	22.33182277909627	26.56272266424485	4.621787568777976E-4
30.0	23.89152348916788	23.797465836684704	25.013827507674936	27.297030165004433	1.5300146804908592E-4
31.0	26.5467813554901	24.4926941551716	21.674845287543228	27.285145316067975	5.338857270989717E-4
32.0	24.026172957628724	22.784417560012706	23.771015671629968	29.418129711807712	2.6409892089180925E-4
33.0	25.028338667963286	24.358203746073603	23.81089457717216	26.802413857906938	1.4915088401728957E-4
34.0	26.6015341001122	25.808893520494237	22.717284623571533	24.87228775582203	0.0
35.0	25.654551851416592	22.537634786518073	25.42782237559625	26.37966149102546	3.294954436271737E-4
36.0	24.333787656315273	24.888595761554324	25.781512346830603	24.99599449544909	1.0973985070990709E-4
37.0	25.906102946473204	26.06384982088014	20.647179040508476	27.38279505960484	7.313253333655117E-5
38.0	27.501019011184447	25.691401373426014	20.60734894415819	26.20008444541116	1.4622582018976457E-4
39.0	23.43129877150003	26.927734027362295	21.622995642339227	28.01760607521433	3.6548358412207736E-4
40.0	27.605324262713715	25.986477390082204	21.91683105215728	24.491257664115675	1.0963093112473296E-4
41.0	24.22670015616904	24.093295108335422	20.881160254869048	30.793765515507655	0.005078965118836822
42.0	24.64326790565671	25.696292529085866	19.659796541408543	30.00060648840292	3.653544595896046E-5
43.0	26.350142362508944	24.81042077491673	22.8638500053701	25.971678007202513	0.003908850001716971
44.0	29.20556659691192	24.46430143402076	22.510206608717507	23.819560088498065	3.6527185174930517E-4
45.0	25.864090264645107	23.82967347216044	21.586351321837697	28.715648399134867	0.00423654222189109
46.0	25.437690241555423	24.372027119064967	22.068878627028862	28.121404012350755	0.0
47.0	25.69132463309923	23.47916614175327	22.762910404678102	28.06528425475261	0.0013145657167833891
48.0	22.721325598969074	23.769735953476996	22.7706449481435	30.738293499410428	0.0
49.0	22.044593150741438	25.737010577558728	23.959300290310676	28.25767235302771	0.0014236283614512102
50.0	27.21799648208502	24.16217741343823	19.89801039606291	28.721815708413835	0.0
51.0	25.08123814820816	26.07496390632139	21.707482814445648	27.133979443026	0.0023356879987971205
52.0	22.531162072675713	25.09446063098207	21.67728828440243	30.697089011939795	0.0
53.0	22.729721465907602	24.637199516605758	23.847607052896723	28.78416155850963	0.0013104060802842125
54.0	23.389774737900357	28.672534417924584	21.940041487508065	25.99750376092014	1.455957468570428E-4
55.0	24.49100500826967	27.944627327523992	21.949732887443897	25.61343679981878	0.0011979769436631376
56.0	27.507236960313325	25.24157381881011	24.224715104239454	23.026474116637115	0.0
57.0	23.705865272938446	27.666085946573755	22.20847851335656	26.41445267131243	0.005117595818815331
58.0	25.72837466744425	24.81099075212852	21.28908426003782	28.171259997539515	2.9032284989619143E-4
59.0	28.85288447197937	21.747763694614903	23.880595390113772	25.516252608614714	0.002503834677239381
60.0	24.101382087719923	22.0920609130287	23.87001954533365	29.936428747946366	1.0870597136394833E-4
61.0	25.749326156295503	23.60342518043141	22.6574533327681	27.983200919739136	0.006594410765846605
62.0	25.78768022869275	21.57505249027639	24.58715197452206	28.050079075084195	3.623142460149962E-5
63.0	27.386587396043353	22.939280803864985	22.25616946812962	27.41557117056408	0.0023911613979599048
64.0	25.428863425971166	21.720708416297715	23.55240272810772	29.29798924014398	3.618947942881421E-5
65.0	24.043070208927787	26.475585285491217	23.21336616734126	26.262984481045958	0.004993857193777943
66.0	25.77857306987373	23.320336459217256	22.457693817769954	28.442781487867673	6.151652713873967E-4
67.0	27.522975283884698	25.00548193638638	20.713035284854442	26.757819991301268	6.875035732093608E-4
68.0	24.509207615029606	21.776936728967396	26.535588485913138	27.178086256148816	1.8091394104738316E-4
69.0	23.593581928033856	24.161116805595604	25.513778984132106	26.728844889599163	0.002677392639268739
70.0	25.83550943555756	22.727287508902236	24.441322564292122	26.995446896782475	4.335944656002411E-4
71.0	24.589789425779063	22.78643754857721	25.907522319844077	26.715313843474085	9.368623255589375E-4
72.0	27.248921827542848	25.178146155869328	21.74251404236308	25.82865254563993	0.001765428584810829
73.0	25.356669754123846	22.627530535023546	23.463665816805353	28.547918812485435	0.004215081561828221
74.0	24.847819618426918	25.57664278802961	22.85911796258045	26.71533893231296	0.001080698650063293
75.0	26.12650062299696	24.354660517986222	21.131970532729945	28.384887127503113	0.0019811987837600777
76.0	27.437427395607266	23.352382324601294	24.58386088773222	24.62528478932344	0.0010446027357785442
77.0	25.060115375416736	24.314634293930688	23.6481424385015	26.97642353497137	6.843571796992286E-4
78.0	27.95425772351135	27.233078509233998	19.432687718919116	25.379255697524695	7.203508108448815E-4
79.0	27.619629029353504	20.924653340536647	21.75436700882406	29.698793444984695	0.002557176301098505
80.0	24.784815515252447	22.287634639992998	28.261045728706378	24.663838958196997	0.0026651578511768656
81.0	25.674454083675958	24.4023660455749	21.700624069010622	28.222087605920297	4.6819581821901194E-4
82.0	23.102997109167724	22.028667750203567	23.85939614125931	31.007642500528505	0.0012964988408940223
83.0	25.04079375591739	22.607573611526764	23.75242772815783	28.59830457873222	9.003256657998331E-4
84.0	24.22335353686674	25.273298673668222	24.38392787370985	26.118339577090627	0.0010803386645645678
85.0	25.47591937620047	26.474498441869525	21.104223696690656	26.94463829551257	7.201897267816233E-4
86.0	26.498383979213536	24.60708514211477	21.581007002756742	27.311435435504638	0.002088440410313727
87.0	22.643613391974682	21.79272576048622	25.0671236995177	30.495709016017152	8.281320042414761E-4
88.0	25.690790243516048	26.331021248022008	25.709440544963247	22.26802787463973	7.200888589651963E-4
89.0	26.850926435305063	25.878010950744688	22.35955857150675	24.91067596798304	8.280744604554842E-4
90.0	24.325413140574	25.32659184497841	24.258773499384006	26.089113509162143	1.0800590144245481E-4
91.0	27.881257967418588	23.88999751234736	23.615923712945765	24.612172793576313	6.480137119701453E-4
92.0	25.96164126733503	23.915474998641027	23.091702189011635	27.03114554567614	3.599933617224098E-5
93.0	27.320401854046406	25.61416367042439	20.521763734357023	26.543382756331706	2.8798484047799723E-4
94.0	28.071069680915016	22.92781225094546	22.099772282709253	26.896954146247342	0.004391639182924731
95.0	24.736139802979107	25.8216733061419	23.10346602564864	26.336489108848877	0.0022317563814733985
96.0	26.355681458231345	23.744204797419872	23.86043280444611	26.03849310334898	0.0011878365536902122
97.0	26.059970830915773	24.84479628432514	23.27465442697723	25.820398490579077	1.799672027769659E-4
98.0	28.59265375286454	22.648991081464644	23.81985703133239	24.93846214202495	3.5992313481532884E-5
99.0	22.977172262928196	21.912554499575666	26.73396289026087	28.37631034723527	0.0
100.0	22.809668163003682	24.930008785116623	24.285502974019305	27.97482007786039	0.0
101.0	24.472597831982025	21.062509469468633	28.41304841494141	26.051592364252357	2.5191935557589303E-4
102.0	25.802559913736168	23.92334871239499	24.508350510157992	25.765704872459605	3.599125124664696E-5
103.0	26.11638399657967	25.402556104856945	24.562013415717747	23.918614623269097	4.318595765400922E-4
104.0	26.465871720884635	26.397818853415345	22.82016696884395	24.31585455471976	2.879021363058269E-4
105.0	28.084583846782827	22.822134375971714	20.367869770013016	28.722496861719893	0.002915145512547362
106.0	27.278668701235137	22.66360521694066	23.625982495033544	26.431671609132522	7.197765813491493E-5
107.0	26.300998448201902	24.274915860297867	22.1332401486732	27.290053809102922	7.91733724113906E-4
108.0	23.99023084961525	25.123031991916378	24.014052779609006	26.87257642449384	1.079543655306029E-4
109.0	26.866034157236417	24.545921343289116	24.925290265982845	23.66196260717091	7.916263207115714E-4
110.0	25.652378543274928	24.234924642101255	22.334119428398303	27.778541403845363	3.598238014808908E-5
111.0	25.328158458822003	23.510751262383195	23.5816383112474	27.578552385709028	8.995818383782482E-4
112.0	26.333892131453208	24.036523016329642	23.101102879663383	26.528410008855136	7.196369863186215E-5
113.0	29.466002178261213	20.846794548662047	22.161451109117788	27.524960592325858	7.915716330950343E-4
114.0	27.682842537751917	21.729357746999835	26.569094036800404	24.018345870829787	3.598076180627742E-4
115.0	27.77795769265645	23.637828470593995	25.504949098482527	23.07854507875234	7.196595146904096E-4
116.0	26.890724250631585	23.818586330069337	24.66288631564024	24.627731138095797	7.196556303877468E-5
117.0	26.766717414090703	26.39458563007107	23.52475942950348	23.31314590969885	7.916166358955684E-4
118.0	27.451630894338198	23.933756724178256	24.955867801306155	23.658528686828706	2.1589334868574923E-4
119.0	27.779359033638766	20.99464392057098	24.34938118121612	26.876112101644967	5.037629291655347E-4
120.0	25.7621401599521	22.90450587640091	24.641734212952336	26.691583767589442	3.598310521244065E-5
121.0	28.124910041395353	22.89047072099303	23.785450886919875	25.19826876464526	8.995860464848496E-4
122.0	27.333038749101313	23.38072828994573	24.354151658583593	24.931613517961843	4.6778440752226117E-4
123.0	25.04827133564249	27.544995073912897	22.48224413673292	24.92380577471266	6.836789990363725E-4
124.0	25.039797228443287	24.358602534356592	22.544914014957428	28.05654229013259	1.4393211010230695E-4
125.0	27.375913473803827	23.384389632717774	24.2542070441069	24.984626257021635	8.635923498671687E-4
126.0	24.534719118670463	23.570764938249216	24.460485758925454	27.433886251319684	1.4393283518179077E-4
127.0	27.366367386416957	22.02685606049702	26.5246236927479	24.081181326985025	9.71533353099839E-4
128.0	26.730978487721046	22.19121258092653	25.19114349291704	25.877957470572827	0.008707967862560919
129.0	25.106079644654784	26.61933384286107	21.846973275702002	26.42480651619766	0.0028067205844887664
130.0	27.160159754215424	23.23355831680172	23.436399679167362	26.16988224981549	0.0
131.0	25.41071532026169	24.03942723137482	24.50088935092676	26.048212428026986	7.55669409746624E-4
132.0	26.127656266980065	25.692282890859065	22.03196552421488	26.142229886066687	0.005865431879305965
133.0	27.691455697341272	25.054534044285028	24.27788720970652	22.9742158864454	0.001907162221779217
134.0	26.736428097207803	22.71303114975018	20.902160673193006	29.648200158690464	1.7992115854832411E-4
135.0	26.65676149982314	22.644269330818297	26.155901664650973	24.54259971407197	4.677906356231205E-4
136.0	28.128338666803888	25.58263053028959	24.299071137689904	21.983950289871395	0.00600937534522422
137.0	28.689812660738568	21.333919162106522	24.18213373376961	25.793954520543412	1.7992284188848455E-4
138.0	25.740714152831856	22.84133267555247	27.53021635880867	23.886585336452395	0.0011514763546129762
139.0	26.59556246446589	23.28799360925794	24.787191168109622	25.32795733747868	0.0012954206878683853
140.0	27.53715443166971	20.671541545925184	25.71992390093015	26.07112823312195	2.518883530064134E-4
141.0	25.636381759605147	24.606317559167067	25.27279158733523	24.484149246136944	3.5984775561155585E-4
142.0	28.707432173241525	22.693220886690433	23.129361859543895	25.469661213465095	3.238670590496013E-4
143.0	27.20377008281242	24.59985512414666	24.16008170048123	24.036185137378364	1.0795518132692032E-4
144.0	28.64735803259929	24.39027023331216	22.386488154464274	24.57545175330482	4.318263194543155E-4
145.0	28.768443905302064	22.289906901978085	22.24089468526924	26.699890856054864	8.636513957506192E-4
146.0	27.874758178740457	22.15489371379878	24.15981506431294	25.8061428357573	0.004390207390518304
147.0	26.93843695797678	23.845459059929325	26.473043678524906	22.739677718842437	0.0033825847265504115
148.0	25.705170095836344	23.71521290408017	23.212172856637007	27.367084289345726	3.5985410075339055E-4
149.0	28.56502306701309	24.43815089641076	23.143015481168536	23.851831326515192	0.001979228892423512
150.0	25.729113174256273	24.28436376434466	24.314664384643702	25.67182269027044	3.598648491572505E-5
151.0	27.5664398981989	23.779847931733382	24.7762304804459	23.87679792943019	6.83760191625593E-4
152.0	27.899910570173624	23.72783822738208	22.548947984949876	25.823087290348234	2.1592714618087855E-4
153.0	25.802999053146515	22.871460050952304	25.027666043948255	26.29701113155649	8.637203964332665E-4
154.0	23.7304251344279	23.96910416547453	24.962688406900245	27.335407019366038	0.0023752738312843
155.0	27.112050039948464	23.061707778793483	24.662057597765767	25.163788697824067	3.958856682190183E-4
156.0	27.115961286254546	22.800325925627345	26.093304848431625	23.990120019520987	2.8792016549651113E-4
157.0	24.971639659560747	22.68085835377581	26.546682272051964	25.800603772933005	2.1594167847147845E-4
158.0	25.43978388082349	21.598385008711638	25.63913841697598	27.3226207113491	7.198213979147493E-5
159.0	27.301147744013026	20.9949442252341	23.88591736199916	27.81745079104681	5.398777069018326E-4
160.0	27.0546293496883	21.01585107761413	25.064174549014528	26.865309031227053	3.599245598122633E-5
161.0	25.093013671759007	19.499272051267745	28.624959733367405	26.77962319430022	0.0031313493056142933
162.0	26.095178654791738	22.162437268090347	25.08732886511888	26.65505521199903	0.0
163.0	25.306986459301058	23.1645692183152	27.693733066927457	23.834603272530547	1.0798292573978202E-4
164.0	25.89644603542266	23.021526799164196	24.868825285755168	26.211870065312898	0.001331814345080296
165.0	27.2927737684241	21.77995145580394	25.761360245377485	25.16530259851473	6.11931879743147E-4
166.0	25.032451100169688	22.802738347301286	25.26455835906503	26.900216196680667	3.599678332744186E-5
167.0	27.019781775194108	22.516190832052718	26.76509857409805	23.698460849522366	4.6796913275600345E-4
168.0	26.39351125705895	24.506517074133047	23.65539334818171	25.44450632267968	7.199794661856244E-5
169.0	26.822641601812116	21.85042303962122	25.4755100703662	25.851137285735167	2.8800246530110297E-4
170.0	31.379130213765414	21.996809557359384	22.786211901985514	23.837776324121897	7.200276778639371E-5
171.0	26.128399437073853	22.911267127467347	26.2702110325029	24.689366362462373	7.560404935288334E-4
172.0	27.716246681533015	24.783107085948565	23.89429436089224	23.60617186256812	1.8000905805580137E-4
173.0	29.092028427214668	19.848035368408926	22.321663870507845	28.73683225207192	0.0014400817966460494
174.0	25.14166164728941	25.682350285447452	23.781767437640614	25.394004613386745	2.1601623578028126E-4
175.0	25.63291184815012	24.26336103230266	22.594474127626484	27.50770482595734	0.0015481659633912754
176.0	25.280361431945092	23.355249537606614	28.173249989108506	23.189878868595308	0.0012601727444798132
177.0	22.55131247814757	25.884008467670643	24.005932698654124	27.534224822488945	0.024521533038714852
178.0	25.320903325038017	22.258010161758605	24.35401689017927	28.066853599244208	2.1602377989769113E-4
179.0	27.767061606681516	24.276514421821858	22.729424981501253	25.226278844093812	7.20145901559656E-4
180.0	27.461271963457655	21.74106117780599	25.605127827431883	25.192358514680336	1.8051662413695003E-4
181.0	28.753501496755433	21.77154678946773	25.744301900324512	23.729854532217384	7.95281234941621E-4
182.0	26.275572415661834	22.02014180553674	24.965686672989207	26.738490719414713	1.0838639750711285E-4
183.0	24.207053002108843	23.632929424817846	26.36423446034877	25.795530210764877	2.5290195966502777E-4
184.0	26.262410212368682	21.57443092499009	26.27357439045936	25.886188249720625	0.003396222461242418
185.0	25.657002073564577	24.467628550166534	23.358921746418222	26.51579738311815	6.502467325101691E-4
186.0	27.621159156824465	22.38743907179593	24.765029920390518	25.226335723978078	3.612701101006787E-5
187.0	24.499624756996248	23.12657895926579	26.732854107328542	25.640146480401466	7.956960079569602E-4
188.0	28.89556581327905	27.169946172270436	21.115863808103892	22.818117830715735	5.063756308897816E-4
189.0	25.173308485668162	23.25417360111612	25.363717224213882	26.207751704689937	0.0010489843118970375
190.0	29.002611094510915	21.30103987978402	24.81961453617802	24.8765536157039	1.8087382314446973E-4
191.0	27.382051676825125	23.73540306293415	23.61534908573861	25.266906364056258	2.898104458552578E-4
192.0	27.539915244074532	22.504882867339983	23.892229475019754	26.06297241356573	0.0
193.0	27.917162932249283	24.252123086667446	21.550566186640307	26.279749211802827	3.985826401316917E-4
194.0	27.91303560105082	22.56280460186611	23.83165141770088	25.69250837938219	0.0
195.0	26.358980157405664	20.851738822708253	24.694467970371466	28.09416072599259	6.523235220251601E-4
196.0	29.06999855022806	21.76372932212806	25.85633741098346	23.30982571125121	1.0900540921175644E-4
197.0	26.34424193265871	23.656811932956703	23.215569301839466	26.78272270905968	6.541234854315798E-4
198.0	28.231090324738933	22.739588198313932	23.431081297033707	25.59816737583902	7.280407440722012E-5
199.0	25.917708893160018	22.77272023392026	25.06346271212687	26.24556161813064	5.465426622093076E-4
200.0	28.488347305925988	23.02396858070598	23.052245362298084	25.43540231191841	3.643915153621997E-5
201.0	26.207285603969872	20.245482165353714	28.91381375614097	24.633017609979923	4.008645555195587E-4
202.0	25.74670844749807	25.27729366341065	28.077892240150852	20.898105648940426	0.0
203.0	27.036582031606	23.926252665731003	21.50305305943897	27.533273791079598	8.384521444324954E-4
204.0	26.18806647076409	23.06147597762919	23.452709945093808	27.297601773331486	1.4583318142376934E-4
205.0	27.842693155251947	23.823684260419235	24.917599926496216	23.415001771966182	0.0010208858664185426
206.0	25.997856663359407	20.634628925272374	25.40783743604722	27.959604047908933	7.292741206503813E-5
207.0	26.704647816132532	23.67440998781209	26.002439040400983	23.618138466599223	3.646890551708897E-4
208.0	28.893943726910347	22.20265053139025	20.7511395271473	28.152266214552096	0.0
209.0	27.34642667039282	19.753030568915502	25.373378275781683	27.526179438282632	9.850466273645224E-4
210.0	25.19999051269748	23.566605424912563	24.802034661494872	26.431077483894395	2.919170006987763E-4
211.0	25.21162313999393	25.673704711626062	25.500186876591368	23.6137552851036	7.299866850428647E-4
212.0	29.129828948348564	21.603906830819387	24.084783837510425	25.181151746812592	3.286365090331222E-4
213.0	30.55555149573524	21.967094993949242	22.67447808573951	24.802436963981926	4.3846059408487423E-4
214.0	28.4619522114115	24.64914728007556	23.68634766898356	23.202479709028363	7.313050101340592E-5
215.0	25.976310427015868	24.921772110732014	22.29516818263722	26.80627317354725	4.761060676422202E-4
216.0	26.39356944160292	24.675458727051623	25.02130065124683	23.909597187389124	7.399270949833312E-5
217.0	29.698465760678054	22.538383949496325	25.090415525480232	22.671951703809217	7.830605361727358E-4
218.0	25.270783450186258	23.28843284313947	25.69059398098066	25.75003885039054	1.5087530307076504E-4
219.0	27.42239685059059	22.588123542963608	23.888040142162538	26.100791469028113	6.479952551500376E-4
220.0	28.19900311073807	20.968095337334404	24.53372388041153	26.298871759966502	3.059115494993566E-4
221.0	25.848366051337596	22.06098390509917	24.22866884469996	27.861750094175157	2.3110468811266815E-4
222.0	25.684521266265293	24.021518741503204	24.176888716255583	26.116993590988542	7.768498737618955E-5
223.0	30.085140930015402	22.696590717094477	23.7865780825709	23.430867046630134	8.232236890848771E-4
224.0	31.46663984169073	21.540049636683992	24.15069087411175	22.842344586725094	2.7506078843424393E-4
225.0	31.181773497890873	19.27363618116502	24.120276201268478	25.423247308870966	0.0010668108046598297
226.0	25.517366665893054	21.770694866707906	25.826838323267037	26.88482004307154	2.801010604626149E-4
227.0	28.00002585610994	23.365681750878807	25.3358769281487	23.296799457991295	0.0016160068712612167
228.0	28.154443442988676	26.803372151709443	23.258151005623233	21.783748946507362	2.844531712871344E-4
229.0	28.03925130256117	24.78214108376533	21.52154561434513	25.657061999328374	0.0
230.0	26.720338856879124	22.27821863580495	26.9054496007464	24.095951550281804	4.135628772727348E-5
231.0	26.48984904746529	24.449021566569797	23.806094271337855	25.253647683241848	0.001387431385211495
232.0	25.325962214059977	25.137848926459842	24.234507515013743	25.301342935134123	3.384093323141572E-4
233.0	23.45943283070596	25.226010966415352	22.070767649074707	29.243231665524334	5.568882796435916E-4
234.0	27.08447594140394	21.045329264670002	26.368487460198093	25.500533011714076	0.0011743220138839656
235.0	26.198931035074892	20.95594823634877	27.886123841950994	24.958732705492192	2.641811331521344E-4
236.0	29.23197656588635	23.313496890614168	23.4883510188813	23.96595232557776	2.231990404226854E-4
237.0	28.561941497534615	24.17513395510519	22.056463387254322	25.206281188514396	1.799715914842842E-4
238.0	27.45285892515796	22.29547577008945	24.62845281697334	25.623121288176154	9.11996030993273E-5
239.0	28.56025100636071	22.36860663261649	24.253235267595993	24.8165660498637	0.0013410435631065042
240.0	25.875131396485163	20.855477610228498	26.31019712553305	26.958814725505754	3.791422475362863E-4
241.0	28.95770903038596	20.959451227034034	23.369395032651955	26.71140455590117	0.0020401540268844857
242.0	27.263408822290497	23.630686988495516	21.327318178490167	27.777682691548833	9.033191749938432E-4
243.0	28.20601557234122	23.009292494787452	24.91035941085564	23.87142474433007	0.0029077776856187036
244.0	26.92614607464331	22.8112752436798	26.29927140803013	23.962543200007257	7.640736395071917E-4
245.0	28.996916667703697	20.980539875115948	23.505167764483573	26.515939803704402	0.0014358889923792584
246.0	25.061152710616074	26.249830997016915	23.672451602819496	25.013927763570344	0.002636925977172851
247.0	26.670458213566565	21.869091719568992	24.90469895629986	26.421637948260756	0.13411316230382586
248.0	26.79699841072532	22.137562422910563	23.570025462055767	27.485652047423383	0.009761656884973541
249.0	25.38323284892926	21.52808269587711	29.354057749653816	23.719107010227095	0.01551969531271463
250.0	27.43137314567542	21.537382574939755	23.575720779399553	27.454509185104254	0.0010143148810136194
