# Position (bp)	A	C	G	T	N
0.0	23.98271901575701	23.951015890496294	25.916540132263215	26.149724961483482	0.0
1.0	23.700449025354114	30.754039285555702	23.485961713511834	21.983509835264865	0.0760401403134852
2.0	26.27215911922866	24.453740675309714	22.348347446128628	26.924922051957978	8.307073750200754E-4
3.0	25.709842115927334	22.11331333878723	25.309547799159233	26.860035641649972	0.007261104476228872
4.0	25.81508118253141	23.932653786669974	24.02830895548632	26.223921530289253	3.4545023046712124E-5
5.0	28.170255074881695	24.38302941483917	22.902713997845193	24.543173537649913	8.279747840279525E-4
6.0	26.112228113121333	23.98520300416342	24.141051470970552	25.7553881525552	0.006129259189498444
7.0	25.926905824203576	25.75479623619799	24.10393233815119	24.213128638946106	0.0012369625011381773
8.0	27.32053636445097	24.100523187768413	24.34812671725167	24.230813730528943	0.0
9.0	26.944709436362192	27.093972987272164	21.33793733946287	24.623106107332692	2.7412957008259524E-4
10.0	24.226877704973816	24.581624440862253	23.578591138896886	27.612906715267048	0.0
11.0	27.537891761219246	23.3692904404288	23.307481361583775	25.785103446164026	2.3299060415462187E-4
12.0	28.305643190905766	25.629570056208177	19.788604152026554	26.2761826008595	0.0
13.0	25.90833996721776	24.016249209846855	24.94006824071977	25.13518058259599	1.6199961962489313E-4
14.0	28.064705035772906	21.880532171898434	23.077845221149047	26.976821411754976	9.615942463328803E-5
15.0	24.666579570290097	23.899066476573026	24.795073086618615	26.639249233451718	3.16330665505944E-5
16.0	26.245121637581683	25.328813487376806	21.985902375322418	26.440162499719094	0.0
17.0	28.615865616986863	27.27340069380737	18.612685232885845	25.49654856391424	0.0014998924056774294
18.0	26.107375267204453	26.523232085631527	19.480068336439352	27.88911212341299	2.1218731168376088E-4
19.0	25.815380316692448	24.321566220598438	22.81667811785338	27.045922728780074	4.5261607565568227E-4
20.0	22.17008688712104	26.656119097850322	25.29256471295973	25.88113942503866	8.987703024721576E-5
21.0	24.597219979009488	24.584942735000457	23.680330365140733	27.13717913035394	3.2779049538679577E-4
22.0	22.969364558149604	26.665209498057667	26.19573106780093	24.169606144479747	8.87315120500351E-5
23.0	25.67921147059014	24.6959069048771	23.372252613689064	26.25230489630987	3.24114533826066E-4
24.0	27.067722557735703	21.916615850228887	25.376974207650722	25.638628946698695	5.843768599619746E-5
25.0	25.69082821828453	25.25792289950195	20.77277028728198	28.278218139829665	2.60455101881354E-4
26.0	26.316947716712612	25.395723054207426	19.978897842919412	28.308402581687325	2.8804473219473092E-5
27.0	24.97540156849654	25.069198799280535	21.15855811392011	28.79678406211244	5.745619037304294E-5
28.0	27.101725929671623	23.890130467155117	23.36987156917228	25.63477387380572	0.003498160195259908
29.0	27.67131404808176	24.37459371354698	22.79026682836374	25.163402562007843	4.228479996752527E-4
30.0	23.8715509113589	24.4191332740616	25.105899702372287	26.603136176435676	2.7993577153657864E-4
31.0	26.24934360840248	24.635636536969812	23.731138660532363	25.383435710932655	4.4548316268543933E-4
32.0	23.87777568790591	23.132143212772313	24.722182268789485	28.267511589568834	3.8724096345551704E-4
33.0	24.064364610170795	26.239188949909202	24.660353557883813	25.035900716092662	1.9216594352791964E-4
34.0	26.583332445229257	26.580709122413808	22.83258199728322	24.00323980367708	1.3663139663793854E-4
35.0	25.172944481718222	22.580609395210153	26.671025941199012	25.57504158482886	3.785970437520265E-4
36.0	23.543647284474876	23.97388833456132	26.636795120260263	25.84531802146396	3.5123923958325736E-4
37.0	24.57504564754692	26.74716661084521	21.525519409661072	27.152187300798424	8.103114837343476E-5
38.0	26.718745232064933	25.577627316186906	20.355008461776723	27.348483968801467	1.3502116996923948E-4
39.0	22.637519172726385	27.454939199406887	22.70129101532495	27.205845626242464	4.049862993134942E-4
40.0	25.926081894456154	26.478363460604555	23.073945370042686	24.52142031302344	1.8896187316285194E-4
41.0	25.162495360842136	24.94194810891056	21.883167448294476	28.00669388305948	0.005695198893349978
42.0	24.197528331935775	26.38935181799118	21.401187659418163	28.011878213496395	5.3977158485843544E-5
43.0	26.665090734816005	25.579073999715035	23.219898622246976	24.53188887305761	0.00404777016437185
44.0	28.243734348857146	24.805278939420145	23.832152563853153	23.11856432965418	2.698182153737562E-4
45.0	25.125469126663656	24.44519499914753	22.199969354347907	28.225077207619975	0.004289312220924938
46.0	25.382820963224155	24.26618788870139	22.28200353041204	28.068987617662415	0.0
47.0	25.72574400375013	24.636794225065266	22.61422388391009	27.021161077125445	0.0020768101490745115
48.0	21.35787341357075	24.18612916656779	22.73391134764778	31.722086072213678	0.0
49.0	21.662003193110948	27.00095911971308	23.833518173525437	27.50136237063546	0.0021571430150765423
50.0	27.29814266636721	25.28049277970212	20.048968446062045	27.372288259732823	1.0784813580452956E-4
51.0	25.33570282057766	26.64875173276842	21.42386521528384	26.589011323179978	0.002668908190097434
52.0	22.661748418413556	26.703396525018068	23.071823739743742	27.56303131682463	0.0
53.0	23.13089866132113	24.87245556377652	24.186742906550577	27.808047774317323	0.001855094034447752
54.0	22.29316864705147	29.513724678341504	23.501214579252807	24.691811437075113	8.065827910184317E-5
55.0	23.949940254249572	28.08485077519172	22.80352505295524	25.15993932021897	0.001744597384499601
56.0	27.221398182556438	25.253695229727256	24.67825999678495	22.846619754104893	2.683682645939333E-5
57.0	22.537735213638104	28.203605524560327	22.97500187169987	26.277726986208993	0.005930403892706382
58.0	24.071761556125228	25.89553027745863	23.23795821618944	26.7943474707384	4.0247948830367773E-4
59.0	27.29073232819172	21.735409295252566	24.740719396356976	26.23002675440997	0.003112225788761431
60.0	22.27500506365198	24.320666880286694	24.70888019881666	28.695447857244666	0.0
61.0	25.21941968346127	24.991889220821353	23.20438333029263	26.57742264486682	0.0068851205579251624
62.0	25.202767648473923	22.206580291059577	24.906291288893936	27.68409287931668	2.6789225587782396E-4
63.0	26.10648260136624	25.497726641384205	21.539701201948127	26.85314288178776	0.002946673513664395
64.0	24.723943688336416	21.715663269194515	24.261775162486344	29.298564397540343	5.348244238269629E-5
65.0	22.790204677971648	27.19706745714908	22.718864460539073	27.28827490904657	0.005588495293631308
66.0	23.250919597609702	25.616779471174887	23.376883814787945	27.75477539678996	6.417196375032721E-4
67.0	26.38325928999677	26.12198648611073	22.060467061231737	25.43356526686616	7.21895794609417E-4
68.0	23.234263556192207	22.34604162021434	26.28891501804355	28.13053918918702	2.4061636287514093E-4
69.0	22.774784360325775	25.624636590507176	25.49078159607444	26.106482490178756	0.003314962913852401
70.0	25.646019470597263	23.936797293600325	24.874482040742794	25.54240760140658	2.9359365303902794E-4
71.0	23.97789537520519	23.271272559990926	26.06794738890584	26.681739937885986	0.0011447380120639414
72.0	27.296550967801014	26.762527536997265	22.71939360577348	23.21942501578486	0.0021028736433803138
73.0	24.02373941259885	23.17129126904029	23.688870932713314	29.111254476623614	0.004843909023936363
74.0	23.95081414475216	27.538176465845094	22.693651275618077	25.816426704618483	9.314091661838863E-4
75.0	25.894608942137715	26.147784210793823	21.157591625683796	26.797700080710595	0.0023151406740678435
76.0	26.450539417828423	25.715979609545737	24.782459334444376	23.049850812911966	0.001170825269496037
77.0	23.560084325516932	26.66090695962236	23.26878186453265	26.50932218430016	9.046660279014968E-4
78.0	27.1956221511405	26.876180082639372	20.419204196298708	25.508222034984584	7.715349368312422E-4
79.0	27.526369794045717	20.389918330721336	23.928760786615165	28.151705493648343	0.00324559496943421
80.0	23.648681181784976	24.023685072280756	28.24196675800797	24.082474786262146	0.003192201664147931
81.0	24.946752380681307	25.08558056862898	23.016857024522768	26.950198213880533	6.118122864143358E-4
82.0	22.922103968481117	22.33484877340855	24.912249529461707	29.8291751828157	0.0016225458329299136
83.0	25.14735620584999	22.988951177027726	23.945632801181564	27.916969322833037	0.0010904931076845985
84.0	23.758683986147112	26.94502407128355	24.610181373704084	24.68435528799638	0.001755280868874668
85.0	24.807996289701155	28.357538565620594	21.53026425241946	25.303509466155223	6.914261035692479E-4
86.0	26.223645404294594	25.414011163682694	22.769583578308385	25.589967736419872	0.0027921172944542967
87.0	21.13951511499939	23.229076402052364	26.611348832856102	29.019102440803916	9.5720928822715E-4
88.0	25.257919711755246	26.75183875139315	25.691180161478318	22.297864963969406	0.0011964114038744587
89.0	26.985776111534555	25.70229502199794	23.220405536211857	24.0903269955063	0.0011963347493505897
90.0	22.91480413103425	27.087708049051578	25.291353076144578	24.706001824188334	1.3291958126078476E-4
91.0	26.01135494874377	25.47688870789211	23.13590743361571	25.37529067881944	5.582309289706966E-4
92.0	26.050443845019462	24.342286431813516	22.35338335472196	27.25388636844506	0.0
93.0	25.53409440972723	27.072673306748552	21.714811380157315	25.67804879086028	3.7211250662160916E-4
94.0	27.465290346998188	23.77736812086013	23.169447531932246	25.582791007463655	0.005102992745776875
95.0	24.3000012756241	27.159817628274634	23.571088405002147	24.966142810369973	0.002949880729146735
96.0	25.753861680222506	24.099658732455335	25.10060922222196	25.04446203528105	0.0014083298191518508
97.0	25.273552827370082	25.83430059023703	23.33044905250445	25.56145842770121	2.3910218722710805E-4
98.0	27.849654050886542	24.30053783020695	24.0249951455292	23.824812973377313	0.0
99.0	21.797360964939188	22.620270170862476	27.232274335998817	28.350041415009734	5.311318978431531E-5
100.0	23.068724173402845	25.065387991764165	25.537376439929876	26.32851139490311	0.0
101.0	23.88505363238157	22.75968025792605	27.48596170454416	25.86917166158569	1.3274356253456312E-4
102.0	24.31518911978918	25.161177641929093	24.858159162738918	25.665394445599077	7.962994372551877E-5
103.0	26.41550091528092	25.65084726511726	25.28160346389643	22.6518095175416	2.3883816379096672E-4
104.0	25.476029996338028	27.40604915535789	22.920397191425675	24.197019472145122	5.041847332862761E-4
105.0	26.4802748112265	24.045159689576888	20.5548235924748	28.91576144283855	0.003980463883260956
106.0	25.43855156783728	23.759784471629906	25.49615918276261	25.30537210247097	1.326752992292361E-4
107.0	25.56424494435628	24.305882996007387	22.90776496672999	27.221231461489865	8.75631416487715E-4
108.0	23.744838632151975	25.74261890576614	25.246522791189214	25.26594009179184	7.957910083043443E-5
109.0	26.26994591087774	25.22182163082165	25.818146710875833	22.689263522744724	8.222246800551369E-4
110.0	24.177301501717654	24.748305883307708	23.381157491919613	27.693182080381394	5.3042673626572686E-5
111.0	24.19076968774366	24.38750125973978	25.541449416806785	25.879430968912274	8.48666797502798E-4
112.0	25.870324834994175	23.376222825222182	24.81417618018148	25.93911704116076	1.5911844140304276E-4
113.0	27.60120289905036	22.031960624680117	23.121332099318728	27.2446557709188	8.486060319977511E-4
114.0	25.40074725005456	22.9245433376126	28.44302397336652	23.23139373087489	2.9170809142555886E-4
115.0	26.83546566426515	24.132264807549202	26.46136848598581	22.57018499060381	7.160515960259667E-4
116.0	25.39007626360576	26.276640349088254	25.372069173745082	22.96105509347377	1.591200871341597E-4
117.0	26.26589412034898	26.805497285143954	23.861985491418913	23.065827502019502	7.956010686513555E-4
118.0	26.55301365761472	24.85596240714962	25.77427582075239	22.816456392776228	2.917217070387409E-4
119.0	26.64037431985062	22.062021190347945	24.55149324564621	26.745448233594004	6.630105612278319E-4
120.0	24.262021708730458	25.17290368126583	25.74170434935733	24.82323766071443	1.3259993194971495E-4
121.0	27.216010650429357	24.432976020621947	23.15192773832192	25.19826347083066	8.221197961142905E-4
122.0	27.46690697354945	23.30997094995298	24.363691525310458	24.858926670510304	5.03880676812525E-4
123.0	24.264046004616585	27.553124681761094	23.570046505312465	24.611881131402967	9.016769068875386E-4
124.0	25.098308677046848	25.50297339327502	23.345459926550927	26.053045845205336	2.1215792187072367E-4
125.0	26.610903360781833	23.161599641881512	24.474364852834356	25.75209788642733	0.0010342580749699204
126.0	24.513999441502122	23.592292304954693	27.0100288292044	24.88344075003136	2.3867430742682843E-4
127.0	25.232697857819282	23.96179986777612	28.13364106015656	22.670853491110954	0.0010077231370845562
128.0	25.820355438516934	24.109779398992533	24.918114953319357	25.141566788257773	0.010183420913405121
129.0	23.48646333604712	26.96730462731412	23.386751598437495	26.156085996069873	0.0033944421313914295
130.0	26.361735390017227	24.966512366755552	24.158884267110782	24.512867976116443	0.0
131.0	25.460872083433	24.751948267549523	24.986116952805066	24.800240586445373	8.221097670353078E-4
132.0	24.918466053290235	26.94725447130626	23.04441843184324	25.08299251462944	0.006868528930827284
133.0	27.25264018512522	24.59361316922192	24.030610580682936	24.12090845227857	0.002227612691345963
134.0	25.469573583588712	23.485653700951612	21.388550328465488	29.656169348807754	5.303818643346837E-5
135.0	24.28656933001918	24.300279588501308	26.644415562442802	24.768072547156528	6.629718801802965E-4
136.0	26.581757496248198	27.20615202979273	24.513525189128295	21.691617254769678	0.006948030061102886
137.0	28.403206374774157	22.345786627623436	24.38463025572661	24.865978954950098	3.977869256984409E-4
138.0	24.69883320074251	25.11259612834792	27.05178997613365	23.135348713869	0.001431980906921241
139.0	26.239756372508854	24.578951541539478	24.860680301765868	24.31912676813039	0.0014850160554101919
140.0	25.98960711654763	22.255360719928337	25.742858339949542	26.011749537660943	4.2428591354856296E-4
141.0	24.177153291678533	25.83287059061881	25.596487292209957	24.392958461349977	5.303641427167479E-4
142.0	27.422938212675685	22.66929196499602	23.892787059135507	26.014638027048527	3.447361442588173E-4
143.0	25.963873329392744	26.47797976615808	24.34966344551286	23.208297832224744	1.8562671157772363E-4
144.0	28.20568236692717	25.37210961869786	22.906211324903563	23.515439807859934	5.56881611477489E-4
145.0	27.90560767663557	22.450833685359452	23.217627452680663	26.42473787644586	0.0011933088784567174
146.0	27.21089193033594	22.162591898408174	24.534262951165363	26.086737459334525	0.005515760755998655
147.0	25.09205707724415	24.563050413282316	27.544039692073518	22.797113785888737	0.003739031511284715
148.0	24.218255895018405	25.324958240774453	24.69054153209885	25.765528346021753	7.159860865340783E-4
149.0	26.57479255265971	25.350196249917463	24.05895903877981	24.013665496583496	0.002386662059524943
150.0	24.917274961110348	24.67529195746615	24.673568242919643	25.733811801133193	5.3037370661741975E-5
151.0	25.92668417635852	24.472136889582867	26.132923383076132	23.467539534706106	7.16016276375918E-4
152.0	27.241241684556115	23.97462637684657	23.526053179061986	25.25781356698565	2.6519254968050926E-4
153.0	25.231489339132278	23.973931261270817	25.183860188819352	25.609817545348466	9.016654290866659E-4
154.0	23.328808134855333	25.785807920308418	24.9374061357236	25.945140167558755	0.002837641553892515
155.0	26.604852673437087	23.484746406488057	24.615769013678047	25.2942605662195	3.713401773096298E-4
156.0	25.449484098565023	24.006418927879896	25.415877562929367	25.127954165672	2.652449537147556E-4
157.0	23.645490973299598	23.555838012484042	26.829338162215095	25.969041082010442	2.917699908198551E-4
158.0	24.99393238488441	21.050579374352623	26.709655001372674	27.245806714296894	2.6525093401485142E-5
159.0	26.459950678247047	21.387693540929973	25.536434409150914	26.615417384737526	5.039869345366065E-4
160.0	26.50230630254965	21.686379459119067	26.436017843505656	25.375243342837596	5.3051988030410455E-5
161.0	24.806657225111074	21.28766619653414	28.816541944937462	25.084572128559717	0.004562504857608733
162.0	24.842603296643247	24.747398650423076	24.970037991667404	25.439933534477134	2.652678913908367E-5
163.0	24.564904194963667	24.404201197606064	27.334709751764535	23.696025691257656	1.5916440807950367E-4
164.0	25.87967239329358	24.34024238906506	24.67364274909925	25.10424066794672	0.0022018005953881033
165.0	26.24995888118626	22.202620780546503	28.346222533958837	23.200428484567446	7.693197409567791E-4
166.0	24.335770563449294	24.068250932564837	26.018406432992887	25.577439425400517	1.326455924655181E-4
167.0	26.770244124124222	23.095342887758193	26.301781764668895	23.83207409865831	5.571247903817976E-4
168.0	24.089629834799414	24.76393093985094	25.45415039015864	25.69210312116302	1.8571402798869585E-4
169.0	25.896374175976224	23.26973909550597	25.97716147138471	24.856539539212612	1.857179204793008E-4
170.0	30.95593112414104	22.572948449231912	22.94653896155581	23.52436921280942	2.1225226181316494E-4
171.0	23.986590101338336	23.578965688870397	27.78202865575211	24.651380839636246	0.0010347144029061149
172.0	27.017577927592022	24.093043293946742	24.736142735074704	24.15312993012176	1.0611326476824732E-4
173.0	28.316120810581964	20.398165813202834	24.712711977708786	26.571277139831544	0.0017242586748780285
174.0	23.708350365575356	27.8320849506779	23.18564511589573	25.273229878102644	6.896897483720006E-4
175.0	25.924525899458057	24.31278300798192	23.43458619491375	26.326009279080687	0.0020956185655888818
176.0	23.61549493280616	24.05878486033582	28.796097775273495	23.527685856796396	0.0019365747881307596
177.0	22.295017944378394	26.493447987037914	24.175788314968877	27.009904362976556	0.02584139063825316
178.0	24.727377006952757	23.29703312010904	25.23873330286135	26.736538232478235	3.1833759861501923E-4
179.0	26.917037268535775	23.49275824094485	24.28168059004823	25.30714434092737	0.001379559543779659
180.0	26.95378770893855	22.849417968057057	25.82115985113897	24.375421706869943	2.1276499547741407E-4
181.0	26.361614396599027	22.24616564825716	27.198512607146093	24.192641880337327	0.001065467660392838
182.0	26.341191985384192	23.2908956711134	25.431805898903413	24.935866718909107	2.3972568988392216E-4
183.0	23.40467299701968	24.014801188932246	26.429743229950354	26.150489586188396	2.929979093267361E-4
184.0	25.632390542130466	22.875909612868973	26.539639396548992	24.947745289484573	0.004315158966993562
185.0	24.446129357081546	26.224768588612246	24.43813978187927	24.890349738328098	6.125340988411654E-4
186.0	27.40704420713519	23.01799776705814	25.571019482843848	24.003938542962825	0.0
187.0	24.177484464425618	22.146492301058192	29.034152646758077	24.641070060050254	8.005277078650246E-4
188.0	27.63710777699001	27.624112727650186	22.809140082629302	21.929132419019094	5.06993711410107E-4
189.0	24.951679096362408	23.240413274151848	25.453020980465357	26.35403271064325	8.539383771381482E-4
190.0	28.80653933501816	20.956054836049606	25.99994128902612	24.237384479487186	8.006041892948545E-5
191.0	26.078772120949058	24.081619125714024	25.782712491006222	24.05657553329221	3.207290384864155E-4
192.0	27.206646564444732	23.884647462629115	23.697124740702723	25.211554500545326	2.6731678107824895E-5
193.0	26.541643764129176	24.31688057814916	22.898776844090932	26.24229779643726	4.0101719347849797E-4
194.0	27.4007034815036	23.878777898051588	24.392233311830193	24.328285308614614	0.0
195.0	25.665472030870156	21.901994945524823	26.051830295407658	26.380007550697155	6.951775002058795E-4
196.0	27.971325389174755	21.905558812870684	27.166740279905298	22.95616124058083	2.1427746842956312E-4
197.0	24.640501357253207	23.979461583157576	24.849828833131927	26.529431352026716	7.768744305711339E-4
198.0	27.407361718047085	22.99708894213686	24.12774864336122	25.467612972778724	1.877236761122963E-4
199.0	25.642013960889308	23.226551260659495	26.105380325181066	25.025490387786963	5.640654831677487E-4
200.0	26.053433697575446	23.188744104760325	25.02313504662064	25.734579702351006	1.074486925777398E-4
201.0	24.888314604930546	21.10073579385952	29.15205063250334	24.858603469164624	2.9549954197570993E-4
202.0	25.364089439908483	25.305737338708962	28.365515197740283	20.964631158033985	2.6865608287072996E-5
203.0	25.141006497947004	24.47245660981982	24.06161589644557	26.32427611827806	6.44877509547546E-4
204.0	24.697522132264734	23.55508773363029	25.932478856646558	25.81472316933171	1.8810812670103493E-4
205.0	27.143834189929123	23.506547079176325	25.444536262555005	23.904303134132824	7.793342067251168E-4
206.0	24.34598890755905	21.649879647338214	26.86627255067014	27.137751388705233	1.075057273676255E-4
207.0	26.664032321798665	23.129359773553865	26.463499538989648	23.742678268536512	4.30097121306205E-4
208.0	27.60846145759875	21.874574035603164	23.261641817007174	27.255322689790916	0.0
209.0	26.86620420837405	20.87472700745315	25.51572130533057	26.742648359786024	6.991190562107855E-4
210.0	23.64761143550532	24.56384278761957	26.26329071983959	25.524824762585034	4.30294450492472E-4
211.0	25.022715816394875	26.45780668235031	25.85353099814561	22.665247141088756	6.993620204461177E-4
212.0	28.889430602933114	21.96799331001093	25.265821054631143	23.876351437524317	4.0359490049771325E-4
213.0	29.450531170070786	21.638726828435807	24.007094470372323	24.903351434694855	2.9609642622380693E-4
214.0	28.25601106627646	25.326523565663734	25.17755653125237	21.239908836807437	0.0
215.0	24.660958588855618	25.555044743450996	23.712476794118036	26.071141938606623	3.7793496872993065E-4
216.0	26.15270385167966	23.402548437525148	26.48587251920412	23.95876608117106	1.0911042001783409E-4
217.0	29.334621154517993	23.1451333374434	25.687374557311465	21.832268140810918	6.028099162231218E-4
218.0	24.792215589524172	24.289596632276318	25.871239777785444	25.046589144611985	3.5885580207722304E-4
219.0	26.601117969042352	21.78442216457942	26.03343794788423	25.58049407664208	5.278418519136906E-4
220.0	27.594340280586838	21.178252706694973	25.754010874204592	25.472921891520183	4.742469934135462E-4
221.0	25.395731844718135	22.301215306557665	25.751580033390447	26.55127613650859	1.9667882516432515E-4
222.0	25.09900545199756	24.915892497755383	24.82386824485709	25.161063705107345	1.701002826216196E-4
223.0	31.173923041655055	22.340469097272837	24.540477631208546	21.944385658291477	7.445715720855536E-4
224.0	29.173187485196273	21.71655792654479	26.186774617256305	22.923278999160225	2.0097184240936528E-4
225.0	30.418559765389872	19.33854964771275	25.611019154077972	24.630948497620125	9.229351992775725E-4
226.0	24.51761197231705	22.52055468502248	27.40188431548119	25.559686701363628	2.623258156584028E-4
227.0	27.079893653450753	23.308912034825703	26.76561579149257	22.844314589435598	0.0012639307953798919
228.0	26.780194803470174	27.7858472085901	23.74069170990419	21.693236767723747	2.9510311788248167E-5
229.0	26.314700935655438	25.685005893098133	22.63089146610549	25.36940170514094	0.0
230.0	25.18862572197967	22.507411175572265	27.635858122060487	24.668104980387582	0.0
231.0	24.321278083624357	25.563849307211896	25.677376520637313	24.43622627681835	0.001269811708087219
232.0	24.726923206657712	25.54740710374958	24.707413922882417	25.018073436955383	1.8232975490930462E-4
233.0	23.166495650179197	25.195630939842484	23.527850199423312	28.10971488756077	3.083229942355933E-4
234.0	27.831438381390267	20.47667373873612	27.2461636680717	24.444098448709365	0.0016257630925515664
235.0	25.620536032212097	21.717768521862215	28.02585564174943	24.63574527031328	9.45338629750563E-5
236.0	27.35563814705055	24.34555182839876	24.94129009448199	23.35716861280462	3.5131726408167425E-4
237.0	26.991610268814366	24.39968359612218	23.417916143947004	25.190693290664797	9.670045165557619E-5
238.0	26.129460039070523	23.474895290732594	25.330418091249168	25.065226578947712	0.0
239.0	26.95245693399605	24.202872237576837	24.79993532727645	24.04367529256787	0.001060208582786056
240.0	25.77753410102861	21.563053912913183	26.10053822669543	26.558771596750546	1.0216261222988631E-4
241.0	29.05104187622967	20.953834193181002	24.42215167644722	25.570960449280356	0.002011804861748088
242.0	25.903914131147072	24.212967929694468	22.804882465367584	27.07717632620652	0.0010591475843576886
243.0	27.67471366084815	24.319235785834767	24.56850298405709	23.43494782902877	0.002599740231219528
244.0	26.71106095891397	22.955107765904717	25.65540824490238	24.677326141398577	0.001096888880357531
245.0	26.79493264988312	22.23409085757111	24.5157654021876	26.453218991434664	0.0019920989235109572
246.0	24.036293739422838	26.459144772083835	24.908407265215885	24.59360830821536	0.0025459150620807626
247.0	25.56060322331119	22.98822390952961	26.22939908383278	25.085690224020574	0.1360835593058428
248.0	27.022045814892202	22.595967800675982	23.968122406864605	26.402679341666808	0.011184635900402888
249.0	25.2840996592223	20.633541288366043	29.466144927596417	24.598529814328582	0.017684310486657688
250.0	25.448610662381043	22.801249634275365	25.14518054663873	26.60398851312657	9.706435782914178E-4
