# Position (bp)	A	C	G	T	N
0.0	23.87792574932101	24.22879815811464	25.246289186649967	26.646954441775893	3.246413848941767E-5
1.0	23.02052971103874	30.44376390233224	23.64652123128397	22.814121871297232	0.0750632840478216
2.0	24.639012601460095	26.232020056936484	22.64907723625542	26.47914739936657	7.427059814310588E-4
3.0	26.078118704273567	21.785516002375623	24.62622841770541	27.503200991283045	0.006935884362355116
4.0	25.914297013058462	23.94284533761944	23.920574692231604	26.222089579561803	1.9337752869319656E-4
5.0	28.267141425674	24.10359033816923	22.449519570450825	25.179265838113057	4.828275928887865E-4
6.0	25.498544653126267	24.077637776050068	23.983698829939666	26.43472142797479	0.005397312909215911
7.0	25.729857235114167	25.400836173727992	23.481899194433627	25.386702305807546	7.05090916666266E-4
8.0	27.274896944238712	24.320871730968875	23.9602205561252	24.44394678371647	6.398495073958606E-5
9.0	26.03920592286172	25.556305648519206	22.098632436892444	26.3056006409305	2.553507961359041E-4
10.0	24.69625843443174	24.54746428238943	23.37952424129967	27.37675304187916	0.0
11.0	27.206047689646653	22.6584815913022	22.97278848529775	27.162589572522855	9.266123054114158E-5
12.0	27.97277917349398	24.646992645667442	20.385379925172845	26.994848255665733	0.0
13.0	25.713958605155153	23.09350109710342	25.00641554587431	26.185974504891142	1.5024697597911449E-4
14.0	26.92954644536758	22.025956947887725	23.225326882208368	27.81914002687045	2.969766588225232E-5
15.0	25.084137259514193	23.493021052696335	24.529529988426273	26.8933116993632	0.0
16.0	26.047785595196572	24.63268758126716	21.85052699057842	27.46885558239578	1.4425056207231513E-4
17.0	28.24063625765924	26.744620786747237	19.297434392009336	25.71606419365111	0.0012443699330811787
18.0	26.168067000592448	25.31086739914903	19.964492334069405	28.55651716306709	5.6103122026534535E-5
19.0	24.983074818511263	24.79599086682045	22.104035867431598	28.116451946158666	4.4650107802104023E-4
20.0	23.012261773880475	26.006815695757172	24.075840327002783	26.905082203359566	0.0
21.0	23.881705084799783	24.82375394077341	23.504182151792794	27.790084060674037	2.747619599759748E-4
22.0	22.682921449707646	26.44856807618483	26.398682945412	24.469800298820648	2.7229874876001956E-5
23.0	25.34036326556832	24.495773936287716	23.030129558810494	27.133407980284964	3.2525904850344247E-4
24.0	27.924148139878636	21.83607080022199	24.13163564228047	26.108145417618907	0.0
25.0	24.94852790061278	25.166099415897218	20.25212699124138	29.633033271926156	2.1242032246467053E-4
26.0	26.362092874812397	25.199619392797885	19.935847140203787	28.502361365041445	7.922714448733568E-5
27.0	25.118502513881268	24.875781126107118	20.461697490228186	29.543966184437696	5.268534572914147E-5
28.0	27.50808639942645	23.900911387234327	22.688863277325986	25.899559833103385	0.0025791029098533196
29.0	27.48563171297545	23.79311937840528	22.429754826141725	26.291132762223658	3.6132025388425725E-4
30.0	23.67994752229918	24.733601359090454	25.01169730001204	26.57447195594743	2.818626508926078E-4
31.0	26.205524114816214	24.581630251976584	22.75302246219102	26.45936428550123	4.588855149473034E-4
32.0	23.864836618607026	22.67462682345192	24.776871969542754	28.683487793309364	1.7679508893550665E-4
33.0	23.7168967950741	25.244536961504778	25.14748240839336	25.890933789338856	1.500456889122738E-4
34.0	26.380101578155664	26.652046809016344	22.49704819963127	24.47072898242466	7.443077206295552E-5
35.0	25.57672142178302	22.316536798237752	25.7381626543748	26.36833355025822	2.455753461998443E-4
36.0	23.902488089455424	24.68613077802474	26.060296058603317	25.350864281123197	2.2079279332322594E-4
37.0	25.23383325665597	25.519730278794967	21.496277796361273	27.75015866818779	0.0
38.0	26.863188430527707	25.3800076200115	20.832297472696183	26.924383889706956	1.2258705765073183E-4
39.0	23.258840275127465	27.371584590959795	21.711940729105926	27.657413800837265	2.2060396954782802E-4
40.0	25.847799490629185	26.288327801098344	22.877817665638645	24.985932503465406	1.225391684197937E-4
41.0	24.664406341066076	24.560040266338106	21.576381067763702	29.194197844163	0.004974480669119111
42.0	24.50799245042436	25.835783743812314	20.86634884224077	28.789801457333702	7.350618885357053E-5
43.0	26.220941072074737	25.683058904405932	22.570937115437527	25.521069521913276	0.003993386168527266
44.0	28.630792807199075	24.787693420186248	23.13357848901013	23.447763811808233	1.7147179631894148E-4
45.0	25.58342877128495	24.310446512457222	21.601829273669022	28.500450166693938	0.003845275894871627
46.0	25.332428180427147	24.632624492810695	22.16157665097343	27.873370675788728	0.0
47.0	25.56262096742597	24.46201328976547	22.9070431447221	27.06653502276343	0.0017875753230368995
48.0	22.43522127615512	24.10994201119728	22.74390412570173	30.710932586945873	0.0
49.0	22.339982077787106	26.326315962102427	24.03544495773153	27.29637225723687	0.0018847451420693966
50.0	27.355795317791564	24.82486323999151	20.13005019571409	27.689193346626507	9.789987632798124E-5
51.0	24.999639048978484	26.958244941118487	21.02379413605088	27.01589921953824	0.0024226543139030748
52.0	22.91007263717962	25.929097381286713	21.502060401493225	29.65876958004044	0.0
53.0	22.89938304256787	24.996502039055283	23.797786168550527	28.304866187758844	0.0014625620674777386
54.0	22.74053153239014	28.773694477465583	22.638644700385683	25.84698304071744	1.4624904115472393E-4
55.0	24.209322369425834	28.119616256752327	22.34245543926481	25.327195399906028	0.00141053465099968
56.0	26.680912723529797	25.221186324660792	24.50259368853318	23.595307263276226	0.0
57.0	22.639089543551233	27.863593947471948	22.957014057631962	26.535075029310036	0.00522742203482387
58.0	25.10920587008294	25.573330817935435	22.002114101171507	27.315130410090894	2.1880071922227527E-4
59.0	27.479722307370125	22.436838150624844	24.398208255859547	25.682362861977502	0.0028684241679807535
60.0	23.673007366187957	23.20932900000558	23.828238291605516	29.289352532198404	7.281000254106908E-5
61.0	25.0104352012829	24.582543412864126	22.92786024013582	27.473409651056574	0.00575149466057445
62.0	25.652185518528313	22.087362502699595	24.402049022200973	27.858208828461123	1.941281099929871E-4
63.0	26.016709550241725	24.32520243926822	22.690911173249965	26.964726116145737	0.002450721094351306
64.0	25.171713698718033	21.784897523840886	23.61797924205536	29.42531268273371	9.685265200721069E-5
65.0	23.725489673880016	26.411484157157588	23.388036513119587	26.47000218625487	0.004987469587935747
66.0	24.163463293679136	24.320585530906115	22.939435066875	28.57586244129705	6.536672427008368E-4
67.0	26.84596870598568	25.163323535293035	21.503535186520246	26.48656735640287	6.052157981658572E-4
68.0	23.521672772781134	22.962548761166808	26.26212599292441	27.253434613741362	2.1785938629010883E-4
69.0	23.029073413679583	25.117170603739343	24.944080279442478	26.90665007168326	0.0030256314553359915
70.0	25.883612615682832	23.69307703648919	24.392213448575067	26.030686012196096	4.1088705681601204E-4
71.0	24.369051108402882	22.95018743347269	25.7715722043102	26.908249193958934	9.400598552982738E-4
72.0	27.082232227274556	26.18944157684895	22.000936557733386	24.725485673631077	0.0019039645120295613
73.0	25.105559660184884	23.035573400652467	22.743823416436413	29.110850535425197	0.004192987301031908
74.0	24.724611079936093	26.135365650034466	23.38266910466285	25.756486779717534	8.673856490562482E-4
75.0	25.564069001556128	25.007245784976906	21.629324673566245	27.796903116566913	0.002457423333812772
76.0	26.351681629339286	24.465698278800787	25.51210163615711	23.66953071453437	9.877411684496198E-4
77.0	24.16951791001594	25.020639043071096	23.97932795373193	26.829816485361878	6.986078191559709E-4
78.0	27.226140085311883	26.467592757643526	20.351880204925813	25.953905181824926	4.81770293850973E-4
79.0	27.31494807603231	20.868754834036725	23.372734671933454	28.440647844624817	0.002914573372698541
80.0	24.034490341591578	23.594533513529527	27.992030388959314	24.376127681415955	0.002818074503627488
81.0	25.069871355778872	25.02102643695104	22.113669929738464	27.794926486952047	5.057905795781996E-4
82.0	22.77152084136641	22.648619265947882	24.15674659323239	30.421981342948378	0.0011319565049325608
83.0	25.26469692912066	22.72369310858378	23.9654398434023	28.045230879494138	9.39239399117982E-4
84.0	23.203656731352048	26.05103212210489	24.83819021562838	25.90608542535558	0.0010355055590995533
85.0	24.980735926149247	27.653433532202786	21.26486464098509	26.1002916580781	6.74242584776373E-4
86.0	25.78783721927539	24.83704133374845	22.490330593417315	26.883201658926563	0.001589194632278421
87.0	22.092151716356838	22.185258335353815	26.02234895937041	29.699470517802336	7.704711166028581E-4
88.0	24.493640699714437	27.08878703693226	25.423429700521698	22.99354066415426	6.018986773396945E-4
89.0	26.30411964099996	26.26940410615924	22.619963599245022	24.805381148646045	0.0011315049497322908
90.0	23.571271405591514	25.67197680851279	25.041562969885444	25.71509252184313	9.629416712526763E-5
91.0	26.559567314508943	25.311393500810876	23.856679189889434	24.271854476091253	5.055186994977792E-4
92.0	25.486524576865815	24.16311321810652	22.651420236062116	27.69891789818783	2.4070777714792575E-5
93.0	26.223079965137213	26.52859872723382	21.09032625013449	26.157609939697775	3.8511779670257325E-4
94.0	27.865302892308165	23.50505831406219	23.027604107497357	25.597894840211577	0.00413984592071136
95.0	23.934928809130877	26.612333172160383	23.836347764850515	25.61400755771961	0.002382696138612265
96.0	26.064463308339324	24.25673176403034	24.1182086428705	25.559537386682862	0.0010588980769688945
97.0	25.379890167722706	25.221598085864187	23.44395249889968	25.954270481173758	2.887663396628509E-4
98.0	28.409884419017516	22.900958979988324	24.179703234506146	24.50942930416081	2.406232720241278E-5
99.0	21.5295165578637	22.54339389720363	27.008144165953645	28.91892132437893	2.4054600093476176E-5
100.0	22.65151509684887	25.191000171499066	24.36296995976146	27.794514771890604	0.0
101.0	23.359477913317622	22.350958216373797	28.349885046744934	25.939606669621774	7.215394187807571E-5
102.0	25.024834648146555	24.490715329267747	24.476740578107314	26.007709444478387	0.0
103.0	25.95401710079997	25.54836909928011	25.389289093941375	23.108180415724274	1.442902542755006E-4
104.0	25.059895726247856	27.29037577940193	23.14900383000796	24.500315860830778	4.0880351147788E-4
105.0	27.502271327027323	23.511324891868483	20.431193821028568	28.552300160495886	0.0029097995797383682
106.0	25.573682265213204	23.44064833881335	24.943614713487715	26.04193444517575	1.2023730997394939E-4
107.0	25.870365258108485	24.24275288783124	22.576640910485647	27.309495479602663	7.454639719667071E-4
108.0	23.823608897745558	24.66639224673942	24.77466148731112	26.73524119299575	9.617520814719424E-5
109.0	25.887304785494536	24.772123028441978	25.409469344461993	23.93040565767163	6.97183929862335E-4
110.0	24.665875811738065	24.255592774614758	22.841404741043085	28.237054558172908	7.211443117939547E-5
111.0	24.798136978161462	23.642185579609066	24.731937012439296	26.826923146262743	8.172835274341648E-4
112.0	25.58025726397199	23.863665862576543	24.060498087201314	26.49550667772972	7.210852043891975E-5
113.0	28.15822800478686	21.85156636629794	23.014344487379443	26.97497183667652	8.893048592338567E-4
114.0	26.053311540818903	22.527947697965363	27.283875542309126	24.134528716845534	3.365020610751241E-4
115.0	26.51913900613172	23.90263472469508	26.233525609175974	23.344003572931772	6.970870654533505E-4
116.0	26.664205228201066	25.0955670310509	24.571501782740075	23.66862980806789	9.61499400625311E-5
117.0	26.022599627850585	26.67447406432017	23.735834969689844	23.566370211508843	7.211266305574525E-4
118.0	26.78227522410045	24.514396945522655	24.984183407096026	23.718783862652362	3.605606285100577E-4
119.0	26.698427243296045	21.36901562564602	24.712217349457365	27.21978690814897	5.528734515937659E-4
120.0	25.14170909546317	23.812680779604946	25.12839213029857	25.917145881103536	7.211352977219095E-5
121.0	27.56998697134176	23.78263775041706	23.755066032701453	24.891419835290836	8.894102488906409E-4
122.0	26.5506037079923	23.756112019088274	24.65598295786027	25.03682055056669	4.807644924653387E-4
123.0	24.350100069661753	27.872273324067535	23.250824138446603	24.52605729378751	7.451740365981411E-4
124.0	25.441782325918595	24.43994031927314	22.89417391783011	27.223983248628592	1.2018834956637245E-4
125.0	26.500919190112743	23.42841085875048	24.471657984358384	25.59797835864952	0.0010336081288712228
126.0	24.030864271720972	24.06610338569523	25.246998305349567	26.655913849260244	1.2018797399132243E-4
127.0	25.741825996240514	23.220300278356017	27.719475786872554	23.317436432427755	9.615061031599898E-4
128.0	26.069015946930264	23.3386320701539	24.697321778192936	25.88625640037009	0.008773804352816548
129.0	24.025364500516208	26.9149272441225	22.628562225595502	26.427900950567828	0.003245079197960648
130.0	26.627071293306237	24.409615002781194	23.834626336692402	25.128663329232452	2.40379877127422E-5
131.0	25.777544021926467	24.71095549467006	24.447138833187584	25.063592435348692	7.692148671926493E-4
132.0	26.171754716885886	25.742583063368325	22.250341157090432	25.829840434392676	0.005480628262686513
133.0	26.97250762955826	25.25727524292475	24.42622068124696	23.341929206160568	0.0020672401094579598
134.0	26.394605799952505	23.084862837401914	21.232223090776053	29.288236159466486	7.211240304487412E-5
135.0	25.951780081442593	23.99520603543409	26.32272102198171	23.729715970098773	5.768910428291121E-4
136.0	27.73427002402301	26.295581583288026	24.576448411582387	21.388123296647404	0.005576684459174583
137.0	28.798224859325007	21.429520920184775	24.077616973160158	25.69434879418171	2.884531483579444E-4
138.0	25.03113292104797	24.19772487511378	27.023976375274707	23.746012089740688	0.0011537388228547007
139.0	26.144695743302606	23.918074889703718	25.187717002152443	24.748358625463748	0.001153739377485497
140.0	26.76727299997981	21.728896033659044	25.230175265869736	26.27339129699051	2.644035008946453E-4
141.0	25.309272576669745	25.40515632969781	25.40496403337687	23.880198430573575	4.086296819947667E-4
142.0	28.496277958577643	22.81763186872223	23.291934050555536	25.393867675652498	2.884464920940422E-4
143.0	26.7376756124125	25.60857857035205	23.808580637546942	23.84494884533945	2.163343490631641E-4
144.0	28.208460129512382	25.366350817985587	22.574286936748535	23.850445409137016	4.567066164770132E-4
145.0	27.878602715398525	22.421195896470444	22.751474354382538	26.94800590174432	7.211320041748735E-4
146.0	27.050272483461214	21.71314946939582	24.512478038224845	26.719989500174158	0.004110508743965544
147.0	26.26712491761146	24.543972524173313	26.23604442707334	22.949084243272985	0.003773887868897539
148.0	24.317754160733294	24.60036864640233	24.275735778412166	26.805516427072146	6.249873800625179E-4
149.0	27.798014355429945	25.152146932217363	23.560112010719337	23.48753918007365	0.00218752155970768
150.0	25.390955632999194	24.107478332861763	24.798701690509155	25.702864343629887	0.0
151.0	26.404656988246945	24.314012553578685	25.3968128045541	23.88384453948175	6.731141385220818E-4
152.0	27.054114816570618	24.000901016119244	23.25345189179729	25.691363996088224	1.6827942461899133E-4
153.0	24.928943107607648	23.353923785277527	25.127539398922277	26.58880038079715	7.933273953979798E-4
154.0	23.186204509065732	24.79454854049168	24.736370149196322	27.280040003654182	0.0028367975920877385
155.0	27.28606911995029	23.83326988869253	23.740591817060125	25.139852749116802	2.164251802521161E-4
156.0	25.807789746814592	23.592739060435285	25.956091443494696	24.643115225392368	2.6452386305840086E-4
157.0	24.74613826680961	22.81506726440145	26.696976649001076	25.74157734071508	2.4047907278964864E-4
158.0	25.41366684157797	20.93512778545453	26.199228626712177	27.451928649654256	4.8096601061299604E-5
159.0	26.862072962564472	21.5895323071625	24.398411636455982	27.149478072704763	5.05021112287356E-4
160.0	26.5153519235357	21.257349376264976	25.82074448027212	26.40645802390279	9.619602441070315E-5
161.0	24.903040023241054	20.742689252623578	28.393190351787894	25.958194479816672	0.002885892530805099
162.0	25.46744654790481	23.729115606306678	24.712552870094267	26.090836876444328	4.809924991624718E-5
163.0	24.973334118979736	24.09975143911581	27.250498143910377	23.67636819719404	4.810080003655661E-5
164.0	25.729886541996105	23.47739378013285	24.70139529245728	26.089881327747737	0.0014430576660273923
165.0	26.641120448287065	21.907798387230613	27.07251353094132	24.377918234944236	6.493985967698913E-4
166.0	25.020895684653272	23.199730033767427	25.869446889122628	25.90983118211007	9.621034660498942E-5
167.0	26.57840648192803	23.373065650327547	26.35052394462411	23.69749880033338	5.051227869307897E-4
168.0	25.55118330890632	24.12012845889972	24.2355884841133	26.093027585564897	7.216251575848939E-5
169.0	26.355514138471193	22.671660130165534	25.39356119358178	25.578999934570845	2.646032106472483E-4
170.0	31.209446297480337	22.853681688044333	22.625496073985445	23.311279720538774	9.621995111064283E-5
171.0	25.109643742031707	23.641673281855137	26.694546679175385	24.553318419090232	8.178778475379471E-4
172.0	27.23053307472359	24.43164544296539	24.20666074019342	24.131016428645648	1.443134719512336E-4
173.0	28.392634117915012	20.070939196383197	23.672493528626166	27.86246607985181	0.0014670772238185039
174.0	24.111009383692974	25.853963196799747	23.6542941596197	26.38027632822219	4.5693166538846047E-4
175.0	25.689068429840468	24.04763628239607	23.48990286559832	26.771733073865768	0.0016593482993724055
176.0	24.42841057376107	24.04790408793158	28.044136058845513	23.478346819324592	0.0012024601372439903
177.0	22.54591451162661	26.26826225978433	24.404887606316887	26.756907440750933	0.02402818152124606
178.0	24.688829015783316	23.10441250677661	24.235499492265163	27.9710665702668	1.924149081146658E-4
179.0	28.17681777366399	23.817711363898226	22.883498580928908	25.12101011787226	9.621636366129242E-4
180.0	26.462879779081476	22.52032824247979	25.284293922931756	25.732377466792883	1.2058871410224717E-4
181.0	27.696968818754637	22.285787428483104	26.267693563539847	23.74868075631003	8.694329123828984E-4
182.0	25.9139921018872	22.926286534567765	25.286519111578233	25.873105650782858	9.660118394411042E-5
183.0	23.327585499035187	24.408202497651356	26.341068759071558	25.92282928690629	3.139573356131466E-4
184.0	26.16076086326487	22.148163533435092	26.251521533319167	25.436414398052438	0.0031396719284348014
185.0	25.159588829047607	24.58249958825913	24.198602544244636	26.058512120636934	7.969178116926679E-4
186.0	27.173477801161273	23.376874295697604	24.995423392910535	24.45422451023059	0.0
187.0	24.533127711552527	22.478991291569073	27.832902292382748	25.15418003232444	7.986721712120794E-4
188.0	27.626895017145408	27.600681314228716	22.481239532974925	22.290724246126096	4.5988952485424524E-4
189.0	25.16438159526459	23.570685598882037	24.84383657674768	26.419934307878624	0.0011619212270662772
190.0	29.05929853493066	21.364791564485273	25.07336482739354	24.50242402909319	1.210440973330112E-4
191.0	26.51372767632523	24.104900993952292	24.56464424092777	24.816436112056113	2.909767385920751E-4
192.0	26.81538504816679	23.56445406282102	23.990927318636103	25.62923357037609	0.0
193.0	27.462492605482385	23.930029369483822	22.30567304723493	26.30136840111308	4.365766857863001E-4
194.0	27.982539716420778	23.451704793525064	24.21331215641682	24.35244333363734	0.0
195.0	26.377663554031855	21.462115161989303	24.86599141607579	27.293574865773085	6.550021299698894E-4
196.0	28.29654992652072	22.553154551581873	25.929821694818322	23.220376567938914	9.72591401708454E-5
197.0	24.937334489973153	24.303857744002727	23.903995003782914	26.854131813650632	6.809485905701753E-4
198.0	27.84948455165287	22.723819124024043	24.194659916634734	25.231963327273345	7.308041500906075E-5
199.0	25.731706126195625	22.91981797674907	25.810047410025927	25.537769336308465	6.591507209155848E-4
200.0	27.600308803990035	23.241089290937403	24.135932352198665	25.02262072238843	4.883048545803728E-5
201.0	25.1674753536052	21.154024584864274	28.621681990698143	25.056378567061437	4.3950377094235466E-4
202.0	25.37301187108464	25.13727505924554	27.94184474921525	21.547843901891095	2.4418563480329016E-5
203.0	26.002446011991665	24.357286778174263	22.614570405404383	27.024915174873737	7.816295559538067E-4
204.0	25.492928707634416	23.280740591275052	24.59689456257753	26.629362853277584	7.328523541904742E-5
205.0	27.594929967513448	24.110162100520206	25.011811737275693	23.282021289954084	0.0010749047365677218
206.0	25.60806100925826	21.45803194664304	25.594623061912042	27.33921068429204	7.32978946157077E-5
207.0	26.031020921234173	23.514945239804643	26.5610528893218	23.892638835874834	3.4211376455632977E-4
208.0	28.303605034828305	22.43150433826225	21.7788341683979	27.485983135769278	7.332274227056092E-5
209.0	27.031201073011257	20.82122419007768	24.995471675421427	27.15127195198534	8.311095042994027E-4
210.0	24.80165861076679	24.4762687125474	24.84847818061352	25.87332555859536	2.689374769263869E-4
211.0	25.39976621000993	25.262769188631353	25.442048939385785	23.894804286475885	6.113754970482791E-4
212.0	28.461279507409028	22.073063681788735	24.618172512531046	24.847239646840766	2.4465143042798343E-4
213.0	29.75027984254894	22.55395092639939	22.91357889307922	24.78184764864945	3.4268932300010797E-4
214.0	27.840014069606834	24.90636387618648	24.563466198528914	22.69008237235518	7.348332259252102E-5
215.0	25.517645059943018	24.610839339747812	23.553451769121907	26.317646434895508	4.173962917531332E-4
216.0	25.982665820322527	24.102204240303195	26.162749596485835	23.752281123177056	9.921971138474254E-5
217.0	29.4170252948466	22.638140375626048	25.31806641215688	22.626168051440505	5.998659299646529E-4
218.0	24.763191626448844	24.513089478270768	25.443514896724974	25.279951625045648	2.5237350976597153E-4
219.0	26.47773398967101	22.788827249339125	24.64182571020401	26.090976307812756	6.367429730955718E-4
220.0	27.51997707768643	21.65056007449752	25.11446446593696	25.71466580366885	3.32578210243153E-4
221.0	25.252124288091228	22.3692787924326	24.674297306249333	27.704016074091353	2.835391354891759E-4
222.0	25.828990041112192	24.700128730939845	24.312660832355988	25.158012219420804	2.0817617116661145E-4
223.0	30.574218074859306	22.445611241023116	24.038149144593245	22.9413375613706	6.839781537377696E-4
224.0	29.706258837577394	22.564098642263307	24.721693776921484	23.00784325928536	1.0548395246260199E-4
225.0	30.95632912667799	19.62792365021302	23.99482537908155	25.420073371648932	8.484723785120127E-4
226.0	25.178140388143284	22.447378584532203	25.88877087959834	26.48557604625964	1.3410146653363802E-4
227.0	27.486281835676763	23.26529152724562	25.68219694342828	23.564983572877477	0.001246120771858042
228.0	27.438905212772152	27.79079877415712	23.039786539138937	21.730455030741346	5.44431904362914E-5
229.0	27.454842826765276	25.233032568889612	22.055315720394923	25.256726612963824	8.227098636879451E-5
230.0	25.6857145305605	22.831644888319914	27.40447571771238	24.078137219479792	2.7643927416998418E-5
231.0	24.86108917290925	24.99095399251002	24.508742980242175	25.638009587087566	0.0012042672509883392
232.0	25.13963411903258	24.81626941350149	24.63030654016384	25.413536418386606	2.5350891548604277E-4
233.0	22.764504020500436	25.009282242578408	22.72971163926256	29.495932197884017	5.698997745761441E-4
234.0	27.13160958380973	21.07784878096199	26.695908226134215	25.09330258157394	0.0013308275201244265
235.0	25.348664742683034	22.45490754785702	27.67435431236113	24.52169308609217	3.8031100663935257E-4
236.0	28.18010609032781	23.442745969241106	24.19161538057539	24.185235836893764	2.967229619360817E-4
237.0	27.452579894108858	24.249023697091516	23.034515166072637	25.263611525094376	2.6971763261042015E-4
238.0	27.10904415983389	22.57591441850299	24.59165738258803	25.723323325754286	6.071332080615147E-5
239.0	27.359912903428533	23.970010338712996	24.266986480808068	24.401981237515606	0.001109039534794883
240.0	25.549324230069054	21.772174986804906	26.31255832930569	26.365720019968204	2.2243385214440532E-4
241.0	29.11199358912749	21.33553266827108	23.830693643421313	25.71977511025848	0.0020049889216405773
242.0	26.550770093554537	24.116284908297285	21.458496358081618	27.873491625645308	9.570144212503139E-4
243.0	27.819463058067683	23.188038374186686	24.84766312354217	24.142565576789295	0.002269867414167042
244.0	26.7889928834403	22.465610771286396	25.722854698499464	25.021324045384493	0.0012176013893472695
245.0	28.344616638036747	21.461292101965135	23.4245003792514	26.768209448291213	0.001381432455502615
246.0	24.54513590160278	26.739626452846988	23.35234574982209	25.360606672144765	0.0022852235833786356
247.0	25.78396077292816	23.35285009193845	24.97590244846608	25.749701603277526	0.13758508338978678
248.0	26.409956800553946	22.738068478356354	23.898407666351456	26.943845887526418	0.00972116721182714
249.0	25.71472178134598	21.036990615114714	28.812168141162775	24.42030624498951	0.015813217387021367
250.0	27.09054826909727	22.247403921894595	24.53866079969141	26.122347993628235	0.0010390156884875113
