# Position (bp)	A	C	G	T	N
0.0	24.749027444395832	22.92511617457521	24.86313275236192	27.462723628667035	0.0
1.0	23.144467901918926	29.2538950546664	23.611520634059467	23.90814629601236	0.08197011334284737
2.0	25.00927578225764	27.322626430384517	21.512747575045495	26.154172335200272	0.0011778771120808966
3.0	26.946911248035875	22.16121419701865	23.486520365106546	27.398292167628867	0.00706202221005985
4.0	26.27899045020464	23.231758949992944	23.691607470480314	26.797643129322108	0.0
5.0	28.57713429855217	22.712401985257408	22.710639922469237	25.999823793721184	0.0
6.0	25.161415175665454	24.152753587492594	23.746356796443884	26.937715146930323	0.0017592934677433541
7.0	26.363316936050595	24.611735769501053	23.20859686109159	25.81459358163504	0.0017568517217146874
8.0	27.533249539621757	23.94726842243723	23.863669579959662	24.655227850691297	5.846072900529069E-4
9.0	27.086481849956527	24.800877597343867	22.128990471300117	25.98365008139949	0.0
10.0	25.21645337142524	24.45092265982567	22.639419292773226	27.693204675975863	0.0
11.0	27.660853537501772	22.486885013469447	22.253225577768326	27.599035871260458	0.0
12.0	28.009786740869718	24.054218992324014	20.633898627728726	27.301535756876756	5.598822007849548E-4
13.0	24.49111953701856	22.68564713186545	25.579835473070357	27.243397858045633	0.0
14.0	26.355996524072996	22.046837016422653	22.975767508882313	28.620848962171795	5.499884502425449E-4
15.0	25.348477026329373	24.211069749748663	24.463223106811945	25.977230117110018	0.0
16.0	26.9320016681459	24.609963963771293	21.554904455874333	26.903129912208474	0.0
17.0	28.85388387314014	26.12117768377633	19.157880337563398	25.866005850537704	0.0010522549824273418
18.0	25.740265431325902	25.490380201160217	20.075852426860312	28.69193689745837	0.0015650431951921874
19.0	24.85733554679394	23.878916787715294	21.788752853289065	29.4749948122017	0.0
20.0	23.764315386914888	25.564626691818454	23.276741812784117	27.39380070301306	5.154054694828422E-4
21.0	24.663438677581155	23.894959121796084	23.471605115016285	27.969997085606472	0.0
22.0	23.04516521695027	27.040296198615373	25.25143914995055	24.662592245073924	5.071894098851215E-4
23.0	25.502406602120235	23.567528800941428	22.779133017166927	28.15093157977141	0.0
24.0	28.45601391276456	21.395887314625945	24.047632173769227	26.09996541856071	5.011802795583599E-4
25.0	24.641048347777634	24.80323578869862	19.71671923662451	30.838996626899235	0.0
26.0	26.734557347803463	24.996159468767807	19.47818330483907	28.790604326172602	4.955524170569142E-4
27.0	25.8993481765759	24.174835065924174	19.387543149919388	30.53827360758054	0.0
28.0	27.590185332753205	23.102307004121222	23.25239182404388	26.05462696344677	4.888756349272309E-4
29.0	27.74241784276885	23.676915383756437	21.2237288629313	27.35645241944489	4.8549109852070863E-4
30.0	24.161440000772533	23.155216284987276	24.86975583141407	27.81213938419495	0.0014484986311687935
31.0	27.31372520707895	24.09431537606307	21.845204576192057	26.746273541543335	4.8129912259169957E-4
32.0	25.223461957893434	21.667119067007633	24.488192351100764	28.620274202227712	9.524217704568291E-4
33.0	24.50688262932968	24.274077397114727	23.697967086156822	27.521072887398766	0.0
34.0	26.38836895893385	26.76926964399356	22.103002283532362	24.739359113540225	0.0
35.0	26.107356748820038	21.92480673654567	24.898446944607848	27.068926386193414	4.6318383303149186E-4
36.0	24.718939909375766	24.740230587298722	25.542333736004853	24.997570085671835	9.256816488241529E-4
37.0	26.418935174047416	24.516072320817216	20.85746803116383	28.20752447397154	0.0
38.0	27.20014801794718	25.225958647486006	21.37610435265276	26.197788981914055	0.0
39.0	23.750202307461098	27.02087812998543	20.987260410163927	28.24165915238954	0.0
40.0	27.13234206243527	26.808699511762097	21.842173398431722	24.216785027370914	0.0
41.0	24.865819437574256	24.761341204643273	20.425032244941356	29.94410876831258	0.003698344528530417
42.0	25.926199841916237	25.154732574962672	19.75723510568963	29.16183247743146	0.0
43.0	26.350989092253652	25.070253281567755	21.859863190978	26.714734701423552	0.004159733777038269
44.0	29.489999630300566	23.27766276017598	22.47171799327147	24.760619616251986	0.0
45.0	25.23874866591819	24.23385587758327	21.504705670367443	29.01760756973032	0.005082216400774345
46.0	26.143014870626928	24.120073729483018	21.48964969256284	28.247261707327215	0.0
47.0	25.626209578708643	23.816518168507304	22.76940984106309	27.78601484519702	0.0018475665239421528
48.0	24.221715320041003	22.789357516877075	22.28789375986997	30.70103340321195	0.0
49.0	22.517984282798807	26.362326736787672	23.699083009354595	27.418297333985908	0.0023086370730175734
50.0	27.337279199253917	24.571787366457677	19.471555600698068	28.619377833590338	0.0
51.0	25.43184231177584	25.472926187508655	20.894151317915338	28.198772099893826	0.0023080829063379955
52.0	23.816058501722264	25.052957321004254	21.19950634566855	29.93147783160493	0.0
53.0	23.38626577853016	24.58828616641519	22.39033231516579	29.63327567806278	0.001840061826077356
54.0	24.27452892683645	27.045764021787132	22.503404239658472	26.176302811717946	0.0
55.0	24.537618632799962	27.416899729494293	21.781669799642383	26.261977901059097	0.0018339370042639036
56.0	27.643129902219204	24.82981191064495	23.374789700239752	24.15226848689609	0.0
57.0	22.865262530653403	28.05766277817248	22.36930763413013	26.70364173905072	0.004125317993261981
58.0	26.352503345738537	24.286853539149725	21.203732560910773	28.15599391350578	9.166406951803032E-4
59.0	27.60182032327695	21.82783921394298	23.476304175469632	27.09128655426369	0.0027497330467500447
60.0	24.410933081998117	21.254906984617918	23.399339329996433	30.934820603387536	0.0
61.0	24.994852883986294	23.391240294826805	23.119472569303056	28.49031655907288	0.0041176928109658735
62.0	25.35616576233656	21.75607792184026	24.534491119874826	28.353265195948357	0.0
63.0	27.57516423591414	23.498545208337145	21.203359745274213	27.720643402199574	0.002287408274928175
64.0	26.209182252696834	21.099459948049102	22.680812406130023	30.010545393124037	0.0
65.0	24.674648858132752	25.131578346746032	23.759876934874995	26.429331130090244	0.004564730155976829
66.0	24.40456084936234	23.742708209711434	23.12011027834327	28.730338412101403	0.0022822504815548515
67.0	27.28542413108469	23.992332093384146	20.282982267965952	28.43789223852667	0.0013692690385449233
68.0	24.538928113404744	22.871721380682676	26.22393420626264	26.364959905800312	4.5639384963648235E-4
69.0	24.89206728794531	24.493195447201966	23.714163144972115	26.89829224436149	0.0022818755191266805
70.0	27.095622230016257	23.131442418500416	23.8278954728274	25.94458438287154	4.554957843865155E-4
71.0	25.404010107069496	21.961971242115215	25.797113304611806	26.835541982512588	0.001363363690898184
72.0	29.02384382228241	24.530008134256125	21.572592555565148	24.870828921597585	0.0027265662987316923
73.0	26.390548676587528	22.235147108940133	22.054299670566852	29.31682381006475	0.003180733840736113
74.0	25.47944334140546	25.576672315639783	22.21863797654692	26.723429002403464	0.0018173640043798473
75.0	26.704708079105544	24.79021948017137	21.496426802840386	27.006374056725925	0.0022715811567799882
76.0	27.295979792197645	23.35527660792411	24.41609536919673	24.931739606474856	9.086242066574895E-4
77.0	24.94991482112436	24.135831913685408	23.874162407722885	27.039182282793867	9.085746734809766E-4
78.0	27.98132004415593	25.63587714476511	19.785671129201514	26.59667740279563	4.5427908181111987E-4
79.0	27.866208763752986	20.438005941835428	21.25568971626373	30.437824234329998	0.0022713438178563966
80.0	24.522019578005406	23.264212223761614	26.646528424447524	25.564060051329808	0.003179722455654228
81.0	25.368958014417643	24.10071452256901	21.35845594080319	29.171417280271818	4.542419383411993E-4
82.0	23.467988081828423	22.054976199992733	23.98123251335344	30.49307801315359	0.002725191671814251
83.0	26.375932200310658	21.528036406907137	23.043174159089464	29.05104052175967	0.0018167119330723322
84.0	24.643604870317134	25.01873373571127	24.77621701159448	25.560536080039604	9.083023375160656E-4
85.0	25.660192278872486	25.963097351964798	20.592549534289127	27.78325257378486	9.08261088732567E-4
86.0	25.581796633412495	25.390626773770226	21.24165050880244	27.784563828482945	0.0013622555318926724
87.0	23.915925788025465	20.77880799513245	24.6297120335643	30.675100120780623	4.540624971621094E-4
88.0	24.09269845305824	26.627648802902275	26.067807538105985	23.211391157867972	4.5404806552821683E-4
89.0	26.23215055960408	26.031464959476946	21.911053599400667	25.823968762060435	0.001362119457876456
90.0	25.405775979878054	24.80011985998175	23.9729043798835	25.8211997802567	0.0
91.0	27.267609725980137	24.743503604568815	22.99388040458334	24.995006264867712	0.0
92.0	26.09607510236692	23.041409803618933	22.923381422332785	27.93913367168136	0.0
93.0	27.55059423829455	24.686992128271942	20.710725342969464	27.051688290464043	0.0
94.0	28.173515152615618	22.98812485246854	23.115682820983057	25.719499573293632	0.0031776006391516713
95.0	24.47355639381023	25.67192769826463	22.613357300759425	27.237073250445988	0.004085356719730911
96.0	26.43490338657625	24.173100753026404	23.48316697759077	25.90519765240955	0.003631230397029653
97.0	25.463177291831197	24.888120330782566	23.29003385891815	26.358668518468086	0.0
98.0	29.204319034889053	21.94692434427011	23.042568545843224	25.806188074997614	0.0
99.0	22.65587772125129	21.269440750808943	25.959727523156445	30.11495400478332	0.0
100.0	23.822057241914475	24.166942726319753	24.196439511170205	27.81456052059556	0.0
101.0	24.60805445263755	20.912989222915485	28.380714690867837	26.09824163357913	0.0
102.0	25.797098818928006	23.546573620759283	23.720354094730776	26.935973465581935	0.0
103.0	26.145721324640327	25.152558675541158	24.335433992568294	24.366286007250224	0.0
104.0	26.501279422173024	26.259913253361887	21.93074787216667	25.30805945229842	0.0
105.0	28.39441757483916	22.168634247706507	19.98039980762774	29.454733537199534	0.0018148326270609695
106.0	25.704057604094356	23.034831965372206	24.77801824855604	26.483092181977398	0.0
107.0	26.81971824595631	23.481772192100905	22.602028084662326	27.09557405684989	9.074204305709944E-4
108.0	23.701247147529976	24.398996474959507	23.768844449081993	28.13045825526374	4.5367316477863017E-4
109.0	27.01360093636867	23.606108172357164	25.19439630533603	24.18453358496729	0.0013610009708473591
110.0	24.3779063173415	24.325734376772147	22.623568107065893	28.67233752977203	4.5366904842917096E-4
111.0	25.99647954415541	23.07304945877528	23.90870405487556	27.020405941222904	0.0013610009708473591
112.0	26.0560888421129	22.996243807726504	23.256636846975994	27.690576856774758	4.5364640984231247E-4
113.0	28.219411732684947	21.459418264956177	22.700549799495565	27.61971294296964	9.072598936691405E-4
114.0	26.398138235134006	21.535048721624417	27.143025640095086	24.922880110326805	9.072928196846249E-4
115.0	27.725835499485115	22.955765139246136	25.201758325507967	24.115733747056982	9.072887038019933E-4
116.0	27.72769957311292	23.78591227266335	23.37444937917644	25.111485122463517	4.536525837782909E-4
117.0	26.346112842567514	25.51093085818238	24.546003057646157	23.59604592820429	9.073133996579428E-4
118.0	26.6521802246457	25.35157596762779	24.34085176649912	23.6544847484077	9.072928196846249E-4
119.0	27.1441792101037	21.353783899035538	23.920992224429988	27.580591015904986	4.5365052578095935E-4
120.0	25.785336157897365	23.24413577866789	24.206271802292616	26.763802637368617	4.536237735147224E-4
121.0	27.905594817966563	23.08236638936014	24.53391637257659	24.4772152013572	9.072187395102833E-4
122.0	26.19706426679247	23.508999528250534	24.773197372718368	25.52028522698407	4.5360525456326884E-4
123.0	25.205483180317163	27.17412998512175	23.337083136771057	24.281942882026346	0.0013608157636898067
124.0	25.66056564831825	24.317434397042483	22.635912090902906	27.385180649112062	9.072146242997437E-4
125.0	27.140316976476246	23.161327781255387	23.45707572417422	26.239465113536365	0.0018144045577842493
126.0	24.898279483073797	23.328812421469948	23.79375569839016	27.9782451906721	9.072063939906649E-4
127.0	26.14610028802758	22.4806658653301	27.495520830970904	23.876805842197175	9.07173474247613E-4
128.0	26.215164380579143	23.348936787865593	24.45660062413818	25.97249437549895	0.006803831918136294
129.0	24.985712341815216	26.611330339728763	20.956592733705264	27.442282396697966	0.004082188052796299
130.0	25.92810976301168	23.348678988547455	23.77367048418188	26.949540764258987	0.0
131.0	26.051262512870053	24.338127571176514	23.513536804960246	26.0952588298794	0.001814281113787176
132.0	27.02907425046492	23.839524651880076	22.30734340273053	26.819975506871685	0.004082188052796299
133.0	26.740689336109185	25.571385158273348	23.854168084073788	23.831943140429892	0.001814281113787176
134.0	27.665191044667804	22.023204760695236	20.487408831960522	29.823741790340723	4.535723357161E-4
135.0	26.749428498856997	23.023785333284952	26.423763561812834	23.802569033709496	4.535723357161E-4
136.0	27.103376015458096	26.02883878312854	24.874924591889037	21.987417618056217	0.005442991468110874
137.0	29.153191238439103	21.7582995786141	22.628740423563137	26.45976875938366	0.0
138.0	25.788996235315466	23.749716514718557	25.684673651744	24.775706445321358	9.071529006213997E-4
139.0	26.01657360832037	23.76140172630414	24.70347574057359	25.517188201622886	0.0013607231790122058
140.0	27.24967796948421	21.52524537818175	25.220885719987663	26.004190932346376	0.0
141.0	26.725267946641996	24.66832673388578	24.81573707438099	23.79021467481279	4.53570278446794E-4
142.0	29.579770949087198	22.063272479873	23.434402993536683	24.92073931284726	0.001814264655856673
143.0	27.106182247017735	25.578536762371296	23.327890415929605	23.987390574681363	0.0
144.0	28.642185855800285	24.578177727784027	22.205540839653107	24.57409557676258	0.0
145.0	29.125504603800973	21.903206785503695	22.002086451671428	26.968295006123284	9.071529006213997E-4
146.0	27.00140608699596	21.50315235632966	24.479974599718783	27.012745498253732	0.002721458701864199
147.0	26.93992887985776	23.607079357015856	26.202420261983384	23.246035777785842	0.004535723357161001
148.0	24.23607425852599	24.013824822087056	23.225973248424978	28.523674100683532	4.53570278446794E-4
149.0	28.63706667029523	24.001578424568994	23.74032194418364	23.6187651095599	0.0022678513922339697
150.0	25.979916363537402	23.782871760447755	24.22554631301082	26.011665563004016	0.0
151.0	27.467513323506065	23.82673772536569	24.9860528404581	23.71924254450618	4.535661639641682E-4
152.0	27.910700273505356	23.457506882991414	22.723169940717828	25.907262179606388	0.0013607231790122058
153.0	24.626709967705647	23.070049711527997	24.300137885990058	28.001741717769153	0.0013607170071483
154.0	23.01966725329753	23.820690531052126	25.029482736723697	28.126077253841824	0.004082225084819566
155.0	28.472603392198582	23.15023565755034	23.3185300775243	25.058630872726777	0.0
156.0	26.31266188551547	22.592527069753096	25.57008650526879	25.524270919804582	4.5361965806150177E-4
157.0	26.08884997663753	22.253321780628653	25.771755451621537	25.88607279111228	0.0
158.0	24.976069174828854	20.396321684730093	25.49823751173858	29.129371628702472	0.0
159.0	26.809417955813636	21.081068820033572	23.941840947239488	28.167672276913308	0.0
160.0	27.18752268273209	20.73882194962619	25.44276693039123	26.6304347826087	4.5365464179429485E-4
161.0	25.896891501987046	19.57283103779919	28.961384216161285	25.566624929682252	0.002268314370225198
162.0	25.907577283574234	23.186433296131963	24.578762555461797	26.327226864832003	0.0
163.0	26.658560818811615	23.480040105799464	25.926766084285696	23.93463299110323	0.0
164.0	26.094984892066748	22.886930957198725	24.199914705962417	26.817715753082833	4.5369168927563585E-4
165.0	27.81115023048165	21.7959420710682	25.24318536532249	25.148361221008315	0.0013611121193423106
166.0	24.2784033682071	23.326558204106817	25.60590525102761	26.788225793279917	9.073833785512717E-4
167.0	27.391020289644658	22.884378062502268	26.110213785343543	23.614387862509528	0.0
168.0	25.943939820150085	24.239811983339838	23.680843534205056	26.134950954148255	4.537081567652424E-4
169.0	28.024717683942125	22.08621245048977	24.770767073939812	25.118302791628288	0.0
170.0	32.557221604700224	21.728557493818478	22.391851734228617	23.32236916725268	0.0
171.0	25.935234500467274	22.853474635478573	25.516499868436572	25.693429994646728	0.0013610009708473591
172.0	27.074802167652994	24.45638618688071	23.723102736775274	24.745255424801034	4.534838899848083E-4
173.0	28.93158188273382	20.413891294589213	22.281571227118768	28.370688443418686	0.002267152139511474
174.0	24.979372002139872	25.298992628324278	23.139626610570602	26.581102033784582	9.067251806649922E-4
175.0	26.332419139146403	22.880391667988846	22.849112627212765	27.934903329631222	0.0031732360207620295
176.0	25.691982701565745	23.062765754902586	27.594991795029873	23.648446495435135	0.0018132530666642491
177.0	23.154062716759075	25.918605125601257	23.265134033611538	27.63409028057975	0.02810784344837904
178.0	25.730707861908908	21.897211343196982	23.84093051929214	28.531150275601973	0.0
179.0	28.629712234129357	23.95238354276596	22.164046492230142	25.25385773087454	0.0
180.0	26.66566715279387	22.103794972445222	25.175028508861597	26.055509365899315	0.0
181.0	28.7564920138557	21.322481826913013	25.826949424879263	24.093166373075157	9.10361276872727E-4
182.0	26.743101101912075	22.130181285245484	25.058145091917034	26.068117373434863	4.551474905443109E-4
183.0	25.059286738432828	24.348301053733586	25.387468991101297	25.20494321673229	0.0
184.0	26.599691373479057	21.749520900570367	25.72160795327813	25.927358967239154	0.001820805433283413
185.0	25.8514516664922	23.50611934660216	23.424194289823543	27.2182346970821	0.0
186.0	27.638394523391202	22.445356807981867	25.390308514415246	24.52594015421169	0.0
187.0	25.418711572494573	22.486818339384428	26.949426210067323	25.14458776522961	4.5611282406816153E-4
188.0	28.12547037707707	27.159857507104118	21.162749328358547	23.549642171329005	0.00228061613125402
189.0	25.617293805850665	23.160434808391457	23.796316992286393	27.425498236955065	4.561565164239154E-4
190.0	28.81646655231561	21.103244407138426	24.81022590416408	25.270063136381882	0.0
191.0	27.517431712465847	24.306158443528563	22.725652718250522	25.450757125755068	0.0
192.0	27.905170128956197	22.880356800131608	23.546158275222314	25.668314795689884	0.0
193.0	28.703767178066915	23.363085036858294	21.287321021338048	26.64582676373674	0.0
194.0	28.943255150728508	22.11294126249977	23.599202939617193	25.34460064715453	0.0
195.0	26.868612071014574	21.36653685115097	24.17631141096667	27.58762547309528	9.141937725120216E-4
196.0	29.315880237763263	22.149042342408453	25.512768767887284	23.021850003669186	4.5864827181331185E-4
197.0	25.947927083237772	23.176851588517536	23.488775332336402	27.385069861744388	0.0013761341639067532
198.0	28.52275492820638	23.012071981889733	23.077276296394935	25.38743760819554	4.591853134169357E-4
199.0	27.036866571546923	21.702029732590784	25.514797256869333	25.74584618216965	4.602568233074055E-4
200.0	27.960488462760008	23.253533898266078	23.667797452739432	25.118180186234483	0.0
201.0	25.832036752317734	20.579732827590018	27.933878971450664	25.65389112402066	4.603246209226747E-4
202.0	26.177870671319532	23.881057390407616	27.293360464795086	22.64771147347777	0.0
203.0	27.04101602972937	23.506739301617706	21.650956211807937	27.80036747268131	9.209841636773056E-4
204.0	26.29613083587025	23.392760918724985	23.69212488543571	26.618522800020266	4.605599487857337E-4
205.0	28.555177384664276	23.94681453711422	23.595867856139492	23.900297982286865	0.0018422397951429349
206.0	26.984975081296692	21.62353873223218	24.25312980755944	27.13789577441434	4.6060449734231206E-4
207.0	27.415959127826895	22.97216988303151	25.790654498380682	23.820755803507673	4.6068725324439E-4
208.0	29.51438326813287	21.884316408859892	20.901932053284675	27.699368269722562	0.0
209.0	28.064701951657874	19.535012327472984	25.567870227424592	26.83103297310998	0.001382520334569921
210.0	25.593978863339924	22.63042185750038	24.80630873534929	26.96836875313985	9.217906705566233E-4
211.0	25.362365611226878	24.603518542423515	25.368358935585594	24.664373835912	0.0013830748520109908
212.0	29.029907533377912	21.93188369036364	24.153849701385845	24.882514354232484	0.001844720640118062
213.0	30.406957966132975	22.838554883956995	22.199972315784617	24.55405343053569	4.61403589719928E-4
214.0	28.50296194033641	24.10830128219927	23.665972546068215	23.722764231396106	0.0
215.0	26.42887202467663	24.773281168347694	22.583091700310305	26.213830195572452	9.249110929211929E-4
216.0	27.22235200672803	24.305471195626783	24.95304396579919	23.519132831846004	0.0
217.0	30.490086574578086	22.525413903773558	24.55098568715331	22.432099987275375	0.0014138472196694426
218.0	25.34533963743496	24.092755826938156	24.351730856043147	26.209223312504452	9.503670792843737E-4
219.0	26.94641828308047	21.524390243902438	24.558767044363357	26.969464182830805	9.602458229306703E-4
220.0	28.15644771433799	20.914746299702436	25.009870670146277	25.917972323603898	9.629922093930259E-4
221.0	26.123251388478653	22.200647876002925	24.17671810614901	27.498898417110123	4.842122592859806E-4
222.0	25.696523477497685	24.758398751767515	23.602808523087425	25.941781656833584	4.875908137890682E-4
223.0	32.19490543239711	21.953492959830346	22.6740315143146	23.17609054817153	0.0014795452864153084
224.0	31.34317295766853	21.477524842004357	23.762841006230882	23.41596707168234	4.941224138868164E-4
225.0	31.45530124904511	19.14392293421431	24.74279988491721	24.655991745786086	0.001984186037282856
226.0	25.923850783153323	21.80773098145545	25.891834294661752	26.376083683096795	5.002576326808306E-4
227.0	27.029956542343488	22.6625124776914	25.748409409439688	24.55710497393549	0.0020165965899351665
228.0	28.50096721593729	27.684657220697407	21.822113290863605	21.991755876723012	5.063957786847888E-4
229.0	27.238695594520436	26.10749002927466	21.705070534594082	24.94874384161082	0.0
230.0	27.02512278536347	23.128391061739823	25.211242253593564	24.635243899303145	0.0
231.0	26.230684068547195	23.652627694354784	23.733711725478578	26.38089743389832	0.00207907772112291
232.0	25.369473585122737	24.54162265058729	24.38577958142016	25.70260121955046	5.229633193527806E-4
233.0	24.186619830076285	24.48604953815877	21.065356088580405	30.26144551543174	5.290277527959117E-4
234.0	27.266981607052948	21.135285106747652	26.223072061359815	25.371983160330362	0.002678064509217898
235.0	25.716532443938284	21.163805960031453	27.82288022994116	25.296239052035034	5.423140540687112E-4
236.0	29.582244283863034	22.703661402622505	23.610775549649674	24.10276966329153	5.491005732609984E-4
237.0	28.14317623902515	24.443240374195547	22.29028905057832	25.123294336200985	0.0
238.0	27.813615267329055	22.681500594809243	23.64604102787505	25.85884310998665	0.0
239.0	29.05618320783431	22.037666679867165	22.933791956370467	25.971226684619346	0.0011314713087162893
240.0	25.709485775406044	21.270040575261877	26.001883436224755	27.01859021310732	0.0
241.0	28.514568021926223	21.443825684176225	23.41299629325745	26.624536657181597	0.004073343458501359
242.0	28.168398222968484	22.66822914844743	20.504075278972962	28.656382271661947	0.002915077949184361
243.0	29.00095803346107	22.074492943265724	24.547854939713993	24.37318908309188	0.003505000467333396
244.0	26.719165018780057	22.24880942630144	26.196716707815078	24.832968653101343	0.0023401940020827726
245.0	28.871423380337824	21.041249076906844	22.80538265874272	27.279014429557733	0.002930454454876862
246.0	24.919276245494146	26.66760599762819	22.60089001608604	25.80870524968591	0.003522491105709958
247.0	25.478501264631493	23.39862361037586	24.686783130404095	26.28492441621081	0.15116757837774247
248.0	26.133319201804124	22.560986380738726	23.669133796140915	27.630083670429183	0.006476950887047865
249.0	25.290867383343457	22.381898702079855	28.034721280347213	24.28248780804227	0.010024826187204783
250.0	28.694840341298544	20.699496561015387	23.374459334893285	27.228840199484743	0.002363563308043206
