# Position (bp)	A	C	G	T	N
0.0	23.559018152231044	24.227216105874813	26.113003218582815	26.10076252331132	0.0
1.0	22.690917452948828	29.09663186185388	24.00526024562185	24.13389193500866	0.07329850456678427
2.0	23.72232909357145	27.576157799534872	23.06770220218783	25.63309311206179	7.177926440609837E-4
3.0	25.847129371933548	22.18173471437179	24.674346541187273	27.291768283935387	0.00502108857200241
4.0	25.730277491113405	24.054724228872836	24.263272560486183	25.95172571952758	0.0
5.0	27.96016837523624	23.862464921825783	22.9003207147357	25.276330107095813	7.158811064658381E-4
6.0	24.446906608527826	24.289645805782907	24.66564208870939	26.594946209657245	0.002859287322634833
7.0	24.606141903076658	25.235458644899822	24.601147325760603	25.55653861521776	7.13511045150979E-4
8.0	26.973979602745292	24.805256818683944	24.27857718101673	23.942186397554043	0.0
9.0	25.83531286004865	25.7435671308479	23.341820405957073	25.07929960314638	0.0
10.0	24.616084308667503	24.91241534667889	24.148492406961292	26.32300793769231	0.0
11.0	26.675025144321516	23.10728703104118	23.683195326600625	26.534492498036677	0.0
12.0	28.125826063970393	25.079810488216513	21.136392904830654	25.65797054298244	0.0
13.0	24.58987853708837	23.39935451903633	25.434226561139905	26.57654038273539	0.0
14.0	26.13709415530622	22.68621304402574	23.94342861308644	27.2332641875816	0.0
15.0	25.105930128552494	24.60255799225682	24.489609380610705	25.80190249857998	0.0
16.0	26.315654410962768	25.25453413997293	21.80942177285354	26.62038967621076	0.0
17.0	27.547438091403258	26.09157942419972	20.63682806523052	25.722896114354743	0.0012583048117576002
18.0	25.21744009875989	25.983078640056362	20.573730118649035	28.225751142534712	0.0
19.0	24.65564823715464	24.342460231325003	22.52410927470619	28.475921734007255	0.0018605228069087415
20.0	22.780735497768887	26.011386367133404	24.203723649792273	27.00415448530543	0.0
21.0	22.934039321421817	25.032483178898442	24.557893259969134	27.474974226961347	6.100127492664597E-4
22.0	22.007278530752398	26.59202746980377	26.518879444800447	24.881814554643388	0.0
23.0	24.076534999368622	25.352519196887606	23.8612652808428	26.70847789877513	0.0012026241258425885
24.0	26.65776484894728	22.414697536898828	24.77765325830373	26.149884355850162	0.0
25.0	23.503884939659446	26.445929669603004	20.432539026521503	29.617055947854425	5.904163616182132E-4
26.0	25.020252897044838	26.070468340906157	20.784755732450424	28.12452302959858	0.0
27.0	24.667271715900107	25.390988669965157	20.40167462013643	29.539479462482067	5.855315162338612E-4
28.0	26.755736880731824	24.42053314995348	23.606881367489756	25.214537091079304	0.002311510745635579
29.0	25.90558441335311	23.958398955392273	23.619932306670254	26.515511622979076	5.727016052825995E-4
30.0	23.192526170344635	24.48782318456561	26.09983680849733	26.219813836592426	0.0
31.0	26.010245379673393	25.21099255653355	22.80191322559647	25.975716752044832	0.0011320861517561487
32.0	23.73598263220783	23.007275848334746	25.370664362928512	27.88607715652891	0.0
33.0	24.377653308439466	24.64548465248605	25.65513102620524	25.321175346180347	5.556666888933342E-4
34.0	25.415874590186515	26.588974295396312	23.32589470204149	24.668705402650357	5.510097253216519E-4
35.0	25.128526645768023	22.45549952296579	26.704102494207444	25.711326155104263	5.451819544773068E-4
36.0	23.123559884300494	25.749132526051454	27.15397730677256	23.973330282875494	0.0
37.0	25.59818773892114	25.766998115858375	22.057526220063387	26.5772879251571	0.0
38.0	25.524547859888287	25.926873618536384	22.172014677540535	26.376563844034802	0.0
39.0	22.428151534944483	27.37480949270629	22.735140431090787	27.460809928151537	0.001088613106901807
40.0	25.576079502781074	28.07305896311132	22.81351024806522	23.537351286042384	0.0
41.0	23.76106700332486	25.539405878095632	21.171374621123487	29.524343326059633	0.0038091713963878168
42.0	24.018804990722654	26.205646938475684	21.403191842464672	28.372356228336987	0.0
43.0	25.673587533733787	25.45268564464177	23.421585270305563	25.448876991381564	0.0032645599373204493
44.0	28.169780321411864	24.49160564483663	23.75172728954269	23.586886744208822	0.0
45.0	24.62658152108876	24.92847118721511	22.555237649720954	27.886445969908948	0.0032636720662307848
46.0	24.917462130483262	24.539990753582984	23.1100595578037	27.43248755813005	0.0
47.0	24.4110033066481	25.13650800556909	23.93404107205012	26.51627218934911	0.0021754263835711803
48.0	23.181425286356543	24.120272466825043	23.03681998814889	29.661482258669526	0.0
49.0	21.682856692451118	27.087263061192317	24.70469284250466	26.5241002168938	0.0010871869581052507
50.0	26.106288491120882	25.60729680221339	20.790233243282906	27.49618146338282	0.0
51.0	24.134482646173243	27.40415448329837	22.371925171472984	26.087807211104707	0.0016304879506940442
52.0	22.691911246134648	26.294688873216515	21.865133185048556	29.148266695600284	0.0
53.0	22.402521786698877	26.341730261982004	23.67478917408236	27.57825067296391	0.002708104272846922
54.0	23.33230430944373	28.405933676702354	22.850287855893328	25.411474157960583	0.0
55.0	23.2602772311485	29.55095906407456	22.05306749129598	25.133533724023096	0.002162489457863893
56.0	25.831247668830713	26.000443260015242	24.645256847556393	23.52305222359765	0.0
57.0	21.643315820198485	28.57019307690645	23.344360121943307	26.43834727897775	0.003783701974011373
58.0	25.002297160709364	25.754684856576095	21.693845230824113	27.549172751890428	0.0
59.0	26.549925685718144	23.004458856911228	24.77394946628834	25.669504121064723	0.002161870017565194
60.0	22.702711456348414	23.295960615597217	24.793928237904247	29.207399690150122	0.0
61.0	23.75213195448952	24.587642220255187	24.474837539670546	27.179451197132927	0.0059370884518232265
62.0	24.52734465655241	22.541193741465758	25.848027072100514	27.083434529881316	0.0
63.0	26.067926320504725	24.102348223585857	22.830821041724008	26.997285321848572	0.0016190923368359699
64.0	24.54987585568021	22.593189027904195	24.084536626613744	28.772398489801855	0.0
65.0	22.6268566689286	26.892752124600122	24.28237524369621	26.193707521461423	0.0043084413136437565
66.0	23.465293747004367	25.010905448415883	23.856812808651117	27.666449455266118	5.385406625127231E-4
67.0	25.776521270866994	25.784598815293485	21.29456112008616	27.14324178782983	0.0010770059235325794
68.0	23.517754633867895	23.929175327682582	26.654029661062584	25.89904037738694	0.0
69.0	24.027785256582845	25.02826988315115	25.064886112756447	25.876904851650423	0.0021538958591352107
70.0	24.336299841368	24.39975264162611	24.993412738956255	26.27053477804963	0.0
71.0	24.686026362519513	23.429595334788978	26.33891449080209	25.54439085627223	0.001072955617190895
72.0	26.2278988927989	26.112029010385374	23.069371727748692	24.589627499785426	0.001072869281606729
73.0	24.890307353966637	23.583114305637505	23.263959663144345	28.260473099822992	0.0021455774285254517
74.0	24.400027886971955	27.299200394707913	23.212150139166717	25.088085291231156	5.362879222597028E-4
75.0	25.08003753854404	24.833891942619655	22.749966483442822	27.333958975734014	0.002145059659471779
76.0	26.11582125409568	24.608933005142724	25.967277465853698	23.30743201574457	5.362591633284534E-4
77.0	23.673500029492672	25.726726259739287	25.09987291339343	25.499364566967138	5.362304074814867E-4
78.0	26.929263898421414	26.874571036376118	20.851385552505146	25.344779512697325	0.0
79.0	27.033301699131933	21.88657798366817	22.217932838981916	28.85950661369278	0.0026808645251920836
80.0	23.269765870867086	23.698135866738866	28.573190150170756	24.456763581580628	0.0021445306426622203
81.0	24.44551668677121	25.393378903632218	22.739579144886747	27.420989143546443	5.361211633829245E-4
82.0	22.341531929493502	22.332954496719132	24.758759703220825	30.56621778101814	5.360895483981645E-4
83.0	23.890598363907323	23.250528031220853	24.611615614714115	28.245649773241414	0.0016082169162976703
84.0	23.67155714461842	26.684105857316688	24.99611370495248	24.647151211719994	0.0010720813924193124
85.0	24.46919708185702	27.48382531880337	21.271246857528798	26.775730741810815	0.0
86.0	24.74526304505132	26.057942272130358	22.59855814327446	26.597164527108514	0.00107201243534425
87.0	22.601098753852337	21.93487873509313	26.081736567064183	29.380678011523514	0.001607932466836393
88.0	23.770171122937334	27.942398079221398	26.116479358597143	22.170415507714733	5.359315293878054E-4
89.0	25.72561629153269	26.889067524115756	22.984994640943192	24.39817792068596	0.0021436227224008574
90.0	23.664453482950982	26.215777374081632	24.310724563123966	25.809044579843416	0.0
91.0	25.907904678716687	25.220914094024465	24.226331781084717	24.644313572083103	5.358740910235731E-4
92.0	24.65290243758674	24.433203478745465	24.289059527700825	26.62483455596697	0.0
93.0	26.031625255193624	26.068598189933716	21.366069562701277	26.533706992171386	0.0
94.0	26.95207222653843	24.521124119270233	23.715273126691137	24.808315696412784	0.0032148310874166156
95.0	23.604011958723117	27.440768958755264	23.751888642427748	25.201187299750323	0.002143140343545397
96.0	25.644528738588146	25.322532253225322	24.465839441086963	24.566028031374564	0.0010715357250010715
97.0	24.70815140231979	24.835123623797916	23.903993999624976	26.552195226487367	5.357477699499076E-4
98.0	27.482335042240543	23.30970862864214	24.558978727051624	24.64897760206569	0.0
99.0	21.552610717116963	22.920103700212113	27.228804662224416	28.29848092044651	0.0
100.0	23.028183347080436	25.55997129176352	24.55732542071492	26.854519940441122	0.0
101.0	23.209991591552992	22.21115377817767	28.8468645061778	25.731990124091542	0.0
102.0	24.773713245139522	24.9151089925553	24.757645546569545	25.55353221573563	0.0
103.0	25.258946646814984	26.566801272507202	25.08060283422059	23.093649246457222	0.0
104.0	25.0626620107543	27.436320401036866	22.86413590693888	24.63634610852846	5.355727414897492E-4
105.0	27.590657619203185	23.34363401689169	20.722583132943086	28.33937628200665	0.003748948955382152
106.0	25.172982583920657	23.458687688781303	25.48199481587798	25.88633491142006	0.0
107.0	25.373821765209943	25.521636675235648	23.0719794344473	26.032026563838905	5.355612682090831E-4
108.0	22.844534417291925	24.838932536430967	24.972820702323766	27.343712343953342	0.0
109.0	25.835439784070946	24.43393599245962	26.330277194636047	23.39981149051026	5.355383231224026E-4
110.0	23.989332362249844	25.15677464615253	23.693723123390082	27.160169868207547	0.0
111.0	24.372232010410585	24.378658298211885	25.18676398922526	26.06181017816883	5.355239834415984E-4
112.0	25.176192108307273	24.361638318838096	23.64241035088471	26.819223683646804	5.355383231224026E-4
113.0	27.52500910395647	22.58584495426601	23.301308827624617	26.58730158730159	5.35526851316325E-4
114.0	25.674684147667325	22.638002967057098	27.70020940782039	23.986567907582064	5.355698731234971E-4
115.0	26.25405700697323	24.643036944203434	25.71794295018049	23.383891941686215	0.0010711569566288549
116.0	26.69280247647509	24.912032648339466	24.70851609655254	23.686648778632904	0.0
117.0	25.473203860615083	26.73400961940163	24.493053249493858	23.29919766906259	5.356014268422011E-4
118.0	25.742595468909002	25.303947297948692	25.640297788013495	23.312623855176476	5.355899523324942E-4
119.0	26.96520290716669	21.723947705277137	24.677174885250466	26.63260332813814	0.001071174167563775
120.0	24.707835681002624	23.884633924267582	25.7013550425794	25.706175352150396	0.0
121.0	27.15835814820369	23.42166713082971	24.98179052678935	24.437648621435766	5.355727414897492E-4
122.0	25.629572501258608	24.81174416487248	25.19254046295404	24.365071713958248	0.0010711569566288549
123.0	24.13584412523967	27.77081525755969	24.61358012789614	23.479224910826183	5.355784783144274E-4
124.0	24.59725792630677	24.808269065981147	23.601649528706083	26.992823479006	0.0
125.0	26.371007476275143	23.627921424134016	25.23831965896189	24.761680341038108	0.0010710995908399564
126.0	24.572358907895158	23.940403380426517	25.26965221023768	26.217585501440645	0.0
127.0	25.136568123393317	23.173736075407025	27.924164524421595	23.763389031705227	0.0021422450728363325
128.0	25.533156953266424	23.297700275281443	25.881275506378604	25.280904894011293	0.006962371062243597
129.0	23.614599791125514	27.962402592185953	22.64360121040088	25.778325255067884	0.0010711512197734516
130.0	25.108718937446444	25.23886032562125	23.99582262210797	25.656598114824337	0.0
131.0	25.06426872897877	25.342230981811948	24.9319822618308	24.6604468818955	0.0010711454829794983
132.0	26.257357233519528	25.349050187177664	23.032760107325903	25.357083563177145	0.0037489087997600702
133.0	26.070959967867186	25.41652162270719	25.87173651091177	22.638639710804657	0.0021421877091980183
134.0	26.066000449857007	23.507170934952818	21.897861037027518	28.528967578162657	0.0
135.0	25.68053167959985	24.111412796084164	27.203058978519675	23.003925474886064	0.001071070910249613
136.0	27.03032704799953	26.399473038756287	24.79556152968709	21.77035414580332	0.004284237753774145
137.0	28.24452417929631	22.512718898945	23.770684946178974	25.472071975579713	0.0
138.0	24.612979057227157	24.26919843424526	27.247559532415515	23.869727492275647	5.354838364203976E-4
139.0	25.525978998323932	24.380043588384286	25.2309274044563	24.861443557326222	0.001606451509261193
140.0	26.018441174580737	21.985906744629354	26.57210477842747	25.42301184433164	5.354580307995459E-4
141.0	24.93293424075135	25.588866816237143	25.913888100579896	23.563775387267945	5.354551636618707E-4
142.0	28.01884771899764	23.407581923324052	23.945705718569286	24.627329192546586	5.354465624330692E-4
143.0	24.909111352647955	26.961936530543408	24.233938543747023	23.89501357306162	0.0
144.0	27.9326887039952	25.832824697227665	23.04710505744911	23.186846134901003	5.3540642701875E-4
145.0	27.858917252013022	22.696804865513105	23.31248929244475	26.129111701216377	0.002676888812746274
146.0	26.210094066376488	22.38533485381432	25.545686705963604	25.856207470701293	0.0026769031442904333
147.0	25.777439922055258	24.803130637744314	26.885047564494457	22.532240536619575	0.002141339086397679
148.0	24.294042386899566	24.706241334453942	23.867925033323875	27.131255922014102	5.35323308512176E-4
149.0	27.29574494280377	25.540513775807895	23.946941594000418	23.2151938034291	0.0016058839588251354
150.0	24.72832778390416	24.39054420093573	25.144267314754345	25.736860700405767	0.0
151.0	26.364025695931474	24.5203426124197	25.66113490364026	23.453961456102785	5.353319057815846E-4
152.0	26.955032119914346	23.57066381156317	24.430406852248392	25.04389721627409	0.0
153.0	24.218139380507285	23.34982173256673	26.467092795426073	25.96441075386246	5.353376374479385E-4
154.0	22.788449184119234	25.220566191271576	25.429889931046297	26.558417919396977	0.00267677416591717
155.0	27.081649151172194	23.95937618785033	25.00709364142044	23.951881019557035	0.0
156.0	25.089139442998942	23.014572826657247	27.40676496097138	24.488987397342413	5.353720300236635E-4
157.0	24.04477779740777	23.63629549919963	27.286938738362537	25.0314526015986	5.353634314654502E-4
158.0	24.39036141998276	22.41756829825848	25.824049338565562	27.368020943193194	0.0
159.0	25.533224832430353	21.58382765488147	25.18630747157205	27.69610467481851	5.353662976208322E-4
160.0	25.636577792054826	22.199914337723527	26.105043366527465	26.058464503694186	0.0
161.0	24.600599635935325	21.214262769033088	29.296498554449084	24.88542670521469	0.0032123353678123997
162.0	24.815290716350788	24.09519220473284	25.768283542135134	25.32123353678124	0.0
163.0	24.70418794907214	24.112028440789405	27.236660348870828	23.947123261267627	0.0
164.0	25.15325926917414	23.87792798822112	25.374916343193682	25.590683978048457	0.0032124213626020613
165.0	26.155048804124924	22.788822436511804	27.14880037694025	23.906792955929046	5.354264939737748E-4
166.0	23.944612221294097	23.771123819315044	26.157124804557817	26.127139154833046	0.0
167.0	26.11726907630522	24.063721552878178	26.48567603748327	23.332797858099063	5.354752342704149E-4
168.0	25.056493847257773	25.049532520107526	24.754479346277833	25.139494286356868	0.0
169.0	25.861727363759524	22.788050142706442	25.844591880994074	25.50509512870354	5.354838364203976E-4
170.0	31.12054747574271	22.348298241480496	23.707348940818644	22.82326986098914	5.354809690063614E-4
171.0	25.1176687924692	23.36455103800207	27.45658704277843	24.060657660117908	5.354666323968022E-4
172.0	26.123454146367582	24.762567589271374	25.237967771293967	23.875475132501737	5.35360565340757E-4
173.0	27.821291859624704	21.294536499183554	23.60574992638595	27.277886339909525	5.353748962711139E-4
174.0	23.986401477634715	26.27673528388254	24.05278796477233	25.683004523917873	0.0010707497925422278
175.0	25.58249100565359	24.004732739420938	23.064609388384444	27.346025355490834	0.0021415110501970193
176.0	24.670075220172926	24.01852397141098	28.87330353079744	22.43649115292984	0.0016061246888133417
177.0	21.518133438982343	25.883115075328455	25.54903577432515	27.03151267252733	0.01820303883671874
178.0	24.375582129818966	22.665324868585866	25.781793655721735	27.176764054085883	5.352917875533954E-4
179.0	27.65816211817861	24.494384428432245	23.44996306249398	24.39588441237246	0.0016059785227138896
180.0	26.15756886394609	22.64918286100589	26.10391561416875	25.089332660879272	0.0
181.0	27.20152140278494	22.586814509197183	26.75885336083892	23.45227350868145	5.372184975073062E-4
182.0	25.456664536192108	23.60959680321397	25.75099228195309	25.18274637864083	0.0
183.0	24.018691588785046	24.57621656461489	26.344397894510692	25.060693952089373	0.0
184.0	25.26224762191225	22.415524844370204	27.191573700578473	25.1268940106027	0.003759822536376283
185.0	24.326399965628543	25.005773330970293	25.227039596994643	25.440250052362767	5.370540437484223E-4
186.0	26.173519807510527	23.534308670619573	25.422144882701726	24.87002663916817	0.0
187.0	23.904000860978826	22.94454758253289	28.230957569887266	24.920493986601016	0.0
188.0	26.88772654871066	27.638942700934177	22.721059882044	22.75173274785828	5.381204528821732E-4
189.0	24.450973744679246	25.10533877920023	25.847956992719112	24.595730483401407	0.0
190.0	28.382225522960763	22.329496224780296	24.858328355317326	24.429949896941615	0.0
191.0	25.765624999999996	24.757004310344826	25.035560344827584	24.44127155172414	5.387931034482759E-4
192.0	26.62341860815966	23.90999806030302	24.782322894889976	24.684260436647342	0.0
193.0	27.203936553790765	24.647116840840127	22.72411246988569	25.424834135483422	0.0
194.0	27.904582765181118	23.274389225139185	24.58944826805646	24.231579741623236	0.0
195.0	25.70262723832728	22.03883181146843	26.20608242865921	26.051919490292047	5.390312530320509E-4
196.0	27.885285301504144	22.38394858361913	26.430828225000674	23.29993788987605	0.0
197.0	24.484162993691125	24.354528562786275	25.159882464782648	26.00088583527785	5.401434621035348E-4
198.0	27.33883009803285	23.309853058927914	24.956718388192776	24.39459845484646	0.0
199.0	25.703538288092965	22.221619980920995	25.850966958633247	26.22387477235279	0.0
200.0	26.79152211621856	24.219969644405897	25.116543798785777	23.871964440589764	0.0
201.0	24.540156669286855	21.329249451115388	28.492667985796764	25.637925893800993	0.0
202.0	24.953644969259294	24.550274877199833	28.746082864361384	21.74999728917949	0.0
203.0	25.04501572838703	24.95498427161297	23.526955201214882	26.473044798785118	0.0
204.0	25.725738213534093	24.1332364235968	24.476578941658893	25.66444642121021	0.0
205.0	27.652084293889505	24.53255946407746	24.88188549266361	22.932928317648017	5.424317214070679E-4
206.0	25.24020073240201	21.994303539943036	26.12125322121253	26.644242506442424	0.0
207.0	26.16686019381654	23.225970981779508	27.206480808256195	23.400145416662145	5.425994856156877E-4
208.0	27.98400138929591	22.238503033657864	22.784452910466392	26.993042666579836	0.0
209.0	26.633086730678418	20.504567486444092	26.391007235245905	26.471338547631586	0.0
210.0	24.2618358694295	23.760769134723436	26.054927337180455	25.92246765866661	0.0
211.0	24.787540794882513	25.141051191129115	26.57464173811993	23.496766275868435	0.0
212.0	27.518156583900527	22.888974594362633	25.766867833106094	23.826000988630746	0.0
213.0	28.981490538763353	22.980316715032554	24.10957861901812	23.928614127185973	0.0
214.0	27.37855736920517	24.942636232151987	24.963841795621867	22.714964603020977	0.0
215.0	24.887932677905173	25.497971077643726	24.51918625234892	25.09490999210218	0.0
216.0	26.03955598625672	24.254470971720554	26.16729803541538	23.53867500660735	0.0
217.0	28.05837633871594	22.930470007213806	26.21053215692803	22.800621497142224	0.0
218.0	24.24754308343728	24.47351787941672	26.416677387418126	24.86226164972788	0.0
219.0	25.528289217539484	23.196763399784455	25.57343008525981	25.70151729741625	0.0
220.0	27.667869954267516	21.856387530389153	25.619825343843683	24.855350474042424	5.666974572285094E-4
221.0	24.574175902610047	22.32785743243629	26.137006012641965	26.960960652311698	0.0
222.0	24.602104438221023	24.411368115340732	25.966070831748667	25.02045661468958	0.0
223.0	30.356538286421426	22.51129504885765	25.150892513162965	21.981274151557958	0.0
224.0	29.63294538943599	23.02678158700066	25.22044926594929	22.119823757614057	0.0
225.0	30.009475437429746	19.957860787579527	25.151106742862524	24.881557032128207	0.0
226.0	25.21619578738119	22.138567661990606	27.227277867384046	25.41795868324416	0.0
227.0	25.79727198501513	23.0314346092887	27.76943950818885	23.401853897507323	0.0
228.0	27.082289446835738	27.024938574196938	24.374120871491787	21.518651107475538	0.0
229.0	26.696273764258553	25.227680608365016	23.737794676806086	24.33825095057034	0.0
230.0	25.939752674043053	22.930456460070488	27.515933735309652	23.613857130576807	0.0
231.0	25.32172549410066	24.164882759994025	24.96390700453029	25.548240155324336	0.001244586050679544
232.0	24.8965331563492	24.395634669688754	25.99099634970228	24.716835824259768	0.0
233.0	23.71199471782923	24.619867818755516	22.57429639834678	29.09320618877412	6.348762943540451E-4
234.0	26.571671300586964	20.92086293893523	26.879312120275976	25.62686644011945	0.0012872000823808051
235.0	24.739581636840974	21.948756701823417	28.353191794297178	24.95846986703843	0.0
236.0	27.534246575342465	23.553702600754416	24.406723578849846	24.50466547548144	6.61769571835087E-4
237.0	27.19100223074149	24.220242309284963	24.104697914857805	24.484057545115746	0.0
238.0	26.484632866186896	22.466993128077483	25.693279584438073	25.355094421297547	0.0
239.0	28.121950213742767	22.878723316517984	24.884881307473435	24.113757886489534	6.872757762779894E-4
240.0	24.823770288556226	21.7929734822991	27.987757791301515	25.395498437843163	0.0
241.0	28.632527129583657	20.415632314348535	25.090431945528053	25.859280800056744	0.00212781048301298
242.0	26.327010681467687	23.288868674090867	22.57748150464427	27.80592846330422	7.106764929536426E-4
243.0	27.534633528528634	22.816504557324095	26.011967867485396	23.635470994642212	0.0014230520196665789
244.0	25.625160388925323	22.621254027544126	26.73647743149611	25.01568247269824	0.0014256793362037012
245.0	27.750403473442166	21.634031735150035	24.42192610366054	26.192924575460246	7.141122870160104E-4
246.0	23.635063123636492	26.526232967347376	25.01412681949859	24.821715961517828	0.0028611279997138874
247.0	24.608836701883327	23.16619774919614	25.94238056959118	26.1397565457051	0.14282843362425357
248.0	26.49334415701037	22.425126256276894	24.282871531095324	26.790037427892038	0.008620627725375536
249.0	25.42594925319417	22.40201547597625	28.58664747165737	23.56955191650171	0.01583588267050567
250.0	26.287901725853196	21.798809060368814	25.394697002465506	26.517150395778366	0.0014418155341205646
