# Position (bp)	A	C	G	T	N
0.0	23.565183981456986	23.81408278010825	25.18092664676316	27.4398065916716	0.0
1.0	22.646620856048404	29.905617699848996	23.431063117705083	23.937845700175718	0.07885262622179684
2.0	24.55364093368902	27.216330676129363	22.1025452941994	26.1265949232044	8.881727778178326E-4
3.0	25.784153477588788	22.22201920401433	24.59378231796097	27.394720122868936	0.005324877566969471
4.0	25.523626988739217	23.17172669879463	24.128001302090127	27.176540676231326	1.0433414470519865E-4
5.0	28.69217311363455	23.255519439402253	22.615487002614643	25.435830246783294	9.901975652605339E-4
6.0	25.037665410459333	23.555812438741683	24.747631345112964	26.65353232878366	0.005358476902363348
7.0	25.833367955296122	25.949438085543946	22.824165437586988	25.39224952741021	7.78994162737074E-4
8.0	27.79190920337441	23.99243223305075	23.013512981455655	25.202145582119183	0.0
9.0	25.951630091661148	25.45043333121334	22.279548142138637	26.31818160665284	2.0682833403396433E-4
10.0	24.49664498876841	24.650653126763007	23.236681731669364	27.61602015279922	0.0
11.0	26.216307073984694	22.78573644278228	22.83483878895532	28.162867936667464	2.497576102392628E-4
12.0	28.100010620179127	24.39386310982445	20.190779717817907	27.315346552178514	0.0
13.0	25.22621706454701	22.669742251559104	25.310061364517463	26.793882277362574	9.704201385468832E-5
14.0	26.2691817883218	21.906519455024963	23.894904256729113	27.929394499924125	0.0
15.0	25.14441186796087	23.738673346427184	24.57478200639511	26.542132779216836	0.0
16.0	26.375337041470637	24.921288877409616	21.464444898010658	27.23892918310909	0.0
17.0	28.76885646550205	26.34013776024519	19.262685716194493	25.62735913161535	9.609264429111312E-4
18.0	25.63204745347812	25.387983340761572	20.107757122587696	28.872212083172617	0.0
19.0	25.00862486429686	24.848697498540666	21.647392035463454	28.494878661837042	4.0693986197504195E-4
20.0	22.623762731766174	26.08627348183844	23.914803769662086	27.375160016733307	0.0
21.0	24.085182896594493	24.316356956984876	23.720311909005897	27.87801458503833	1.336523764060787E-4
22.0	22.046830697831883	26.96913218885331	26.223048412351357	24.760988700963452	0.0
23.0	24.833972225208836	24.317841211049355	23.01063990854374	27.8372394604783	3.071947197616169E-4
24.0	28.080472245660896	21.111190286046487	24.61583983412658	26.192497634166035	0.0
25.0	24.679565176006033	25.24814074797342	19.96518169135835	30.10694010208604	1.7228257615858956E-4
26.0	26.50012187144854	24.970281786494073	19.82572168673512	28.70374614412873	1.2851119353914257E-4
27.0	25.877708610652117	24.18705369119489	20.738674713824103	29.19643482673948	1.281575894070063E-4
28.0	28.006335802611087	23.4874053307316	22.465594410560684	26.038212650976238	0.0024518051203836315
29.0	27.693383672452317	23.446261315308412	22.48341049625074	26.376818877588416	1.2563840012061288E-4
30.0	23.925039856483377	24.536449960559555	24.986853185023946	26.551324167174233	3.3283075888741336E-4
31.0	26.020698946427352	24.43373833071544	22.69090442517068	26.854285791152144	3.7250653438545737E-4
32.0	24.07981965420062	22.69407315217066	24.211816977371946	29.014167275564596	1.2294069218068512E-4
33.0	23.576244948083847	24.87764129121129	24.59738989746722	26.948642642720692	8.12205169523463E-5
34.0	25.988715358907342	26.52100138902765	22.792864071881375	24.69725804008521	1.611400984243721E-4
35.0	25.346943406417367	22.23669734006726	25.807643661216723	26.608635692844125	7.989945452642395E-5
36.0	24.30681716116284	24.821971398061933	25.764537987884594	25.106553695997125	1.1975689350618245E-4
37.0	25.334436849567567	25.28267959706759	21.854569702493567	27.52831385087127	0.0
38.0	26.84268628740979	25.26855572972751	21.127700668232485	26.760897727195655	1.5958743456416472E-4
39.0	23.71884392694665	27.064124119691975	21.48216846467898	27.73466404194764	1.9944673475778192E-4
40.0	26.147831646439496	25.96919120430141	22.9221332676045	24.960684345649113	1.5953600548165715E-4
41.0	23.804364211203	24.585636020095887	21.450459367565035	30.15471502780771	0.004825373328367054
42.0	25.084127220214935	25.77233752650222	20.1834748978092	28.960060355473644	0.0
43.0	25.864874380053916	25.63800770389792	22.583162186548204	25.910247715285113	0.003708014214851913
44.0	28.539512365479514	24.871648898042302	22.70221826743753	23.886261668010178	3.5880103047655954E-4
45.0	25.55124307470805	24.196458858414527	21.785048185562548	28.463383396997454	0.003866484317420027
46.0	25.210498688082495	24.198590391175813	22.391560043891342	28.199350876850342	0.0
47.0	25.31799942928289	24.203267754004983	23.47229551030559	27.00472356089217	0.0017137455143707526
48.0	22.756119095658384	23.739844006489637	23.026414348598003	30.47762254925398	0.0
49.0	22.607914084667527	25.738504210746903	24.345479652239877	27.30630922794607	0.001792824399622949
50.0	27.228529189259604	24.54147838388136	19.87445556844968	28.355457183070428	7.967533892893239E-5
51.0	24.650253133800433	26.642143292452193	21.544175930978717	27.160918212488994	0.0025094302796620635
52.0	22.885499905925425	25.42097874948836	21.63361195053388	30.059909394052337	0.0
53.0	22.18772979958596	24.528840083920674	24.357455031287508	28.924346251835914	0.0016288333699489778
54.0	23.326541387106374	28.34672852383028	22.238029045799752	26.088701043263598	0.0
55.0	23.95678598754027	28.024443985702575	22.72369048236972	25.293494639654078	0.0015849047333576088
56.0	26.68013409853913	25.23681576981072	24.5626386129945	23.520411518655653	0.0
57.0	22.580063723763864	27.869262890434822	22.939525015122808	26.60615695314366	0.0049914175348498
58.0	25.73139188059749	24.658773573321398	21.93569597990945	27.674059344759698	7.922141196322542E-5
59.0	27.31065360504858	22.316814608648535	24.654233229336278	25.715684437792085	0.0026141191745245374
60.0	24.19678337604314	22.662987782714332	23.55951798498835	29.58071085625418	0.0
61.0	25.558488318472218	23.48015955566137	22.824242778983137	28.130821088367036	0.006288258516239922
62.0	25.108743667082827	21.882440967582344	24.914569140170677	28.0941671316705	7.909349365057206E-5
63.0	26.299374326259866	24.008756743332988	22.682630534555205	27.006668000635877	0.002570395216059513
64.0	25.034304954958337	21.537509580707564	23.551106781502217	29.877039195113948	3.948771793765126E-5
65.0	23.758796358814838	25.844454394763922	24.20506029024924	26.18687173801283	0.004817218159175103
66.0	24.580667221012718	23.874349808150466	23.162939044834907	28.381570125959744	4.7380004216820374E-4
67.0	27.59000668032211	24.974613196715744	20.48896641361459	26.945742518591985	6.711907555712781E-4
68.0	23.620460261122584	22.72334982293094	26.874938312060042	26.78113316304172	1.1844084472010454E-4
69.0	23.378664494792517	24.80658226308918	24.743850052250522	27.06790278204919	0.0030004078185890265
70.0	26.46930338148937	22.90451824638514	24.35854369567463	26.26735868799821	2.759884526431414E-4
71.0	24.841904528043205	23.04864736386868	26.044571314339056	26.06416846307197	7.083306770932943E-4
72.0	27.210488997035498	25.54432467697015	21.683902532692535	25.56002464777371	0.0012591455281053085
73.0	25.573014804448064	22.572976639527607	23.106459275078976	28.744047551130176	0.0035017298151834215
74.0	25.13226014571433	25.5419046719854	23.211891611197657	26.11323545610474	7.08114997875655E-4
75.0	25.586943754182055	24.87080609053349	21.779317881333963	27.76092606571945	0.0020062082310396603
76.0	27.109326137494545	23.70850559159157	25.442154660708592	23.739226893136287	7.867170690068877E-4
77.0	24.28130887807641	24.797174245672277	24.44737701242561	26.473510519877436	6.293439482679274E-4
78.0	27.040637123003236	26.27027146087462	20.52832153818258	26.160258555892806	5.113220467513547E-4
79.0	27.195609371226652	21.12345064279101	22.72600339979532	28.952340722106456	0.002595864080556742
80.0	24.537944352347296	23.231410305572435	27.301566700293595	24.926797516720058	0.002281125066614751
81.0	25.22068363651237	24.885956359995234	21.56121898777937	28.33182638544489	3.1463026813971317E-4
82.0	22.84853912045585	22.465803742327694	24.208051994121323	30.476661282729832	9.43860365297558E-4
83.0	25.839296873187294	21.936807779415947	23.991815363536368	28.23109682072571	9.831631346858775E-4
84.0	23.656604051078716	25.664133022044634	24.966446806243233	25.71206896483924	7.471557941735219E-4
85.0	25.072273996303725	26.268845110298457	21.615272698674843	27.0429397192403	6.684754826786206E-4
86.0	25.433243721785043	24.476102735177232	22.744739990854036	27.344301409366707	0.0016121428169797174
87.0	21.984634378415784	22.23509243750344	25.76175422869141	30.017771906233538	7.470491558344539E-4
88.0	24.40964633233901	26.923964578583355	25.77351162778811	22.892484291899965	3.9316938956127404E-4
89.0	26.202497306902977	26.055811978581033	22.517672220605927	25.223310818780124	7.076751299370169E-4
90.0	23.94314148150274	26.03623851894544	24.67799187544498	25.34247086958214	1.5725452470409613E-4
91.0	26.86670139264268	24.701884048000473	23.79848450599023	24.632340366981495	5.896863851241781E-4
92.0	25.346840578342807	24.346101532341123	22.205187473956492	28.101870415359574	0.0
93.0	26.260919676231577	25.943692345308435	21.08386397826659	26.711288143441784	2.3585675161571704E-4
94.0	28.366099344417723	23.16342229828797	22.575921836416537	25.89066500838444	0.003891512493327432
95.0	23.985759836985746	26.321306944143092	24.149748906477488	25.54047212500275	0.0027121873909228987
96.0	25.967975485972666	24.279020004905323	24.14836866631868	25.60396765003679	6.681927665381641E-4
97.0	25.58267591506649	24.787053078729834	23.754154390841318	25.875762882935007	3.537324273590809E-4
98.0	28.22150098805064	22.628088935562122	24.07164899913693	25.078761077250313	0.0
99.0	22.080746647344537	21.8530383826937	26.672830572869984	29.39334510317208	3.929391969815983E-5
100.0	23.058881959072565	25.043290068804392	24.287231522006913	27.610596450116127	0.0
101.0	23.685017008713775	22.33056704356415	28.373630639416053	25.610706727969806	7.858033621382652E-5
102.0	25.2735896542226	23.981782039096082	24.642656606525602	26.10197170015572	0.0
103.0	26.16443813708757	25.151895193102558	24.558301665582263	24.125286424200134	7.858002747157761E-5
104.0	25.51507315081873	26.96834577429622	22.85432188403286	24.662062744256787	1.964465954036997E-4
105.0	27.79516210910794	22.957271217048138	21.11771907793716	28.126861437536636	0.0029861583701233283
106.0	26.10254292594628	22.93214633856933	25.172377618668374	25.79293311681602	0.0
107.0	25.472492439610196	24.403095585250984	23.00708046172107	27.116624292336905	7.072210808459779E-4
108.0	23.74141447157774	24.282465309220456	24.2693436871051	27.706776532096704	0.0
109.0	25.879418206102745	24.578494053406402	25.423489781287135	24.117969417518637	6.285416850809739E-4
110.0	24.454741651916155	24.429797373897834	22.846994548398577	28.268466425787437	0.0
111.0	24.604828869825102	23.72861314751772	24.92263138914663	26.743101642595125	8.249509154205325E-4
112.0	25.432980611424792	23.896051656776887	23.435122240178245	27.23584549162007	0.0
113.0	28.066986852530018	22.058140169761096	23.11477708692665	26.759310287126354	7.856036558851732E-4
114.0	26.502294785236067	22.14617019905946	27.198979327292466	24.152398565150374	1.5712326162751417E-4
115.0	27.11299322948073	23.44371355223435	25.725969763454128	23.71665563453731	6.678202934873772E-4
116.0	27.439613640434818	23.764145932916616	24.735858781084914	24.060342362217593	3.928334606113746E-5
117.0	26.110726352711673	26.1196043854339	24.37974567186084	23.389216490042266	7.070999513279534E-4
118.0	26.188461544505042	24.885883493528553	24.66197158754327	24.263486960470512	1.9641395261866938E-4
119.0	26.699470969723848	21.373930949901418	24.615405163652905	27.310525098002397	6.678187194301071E-4
120.0	25.333506704310693	23.661602898490376	24.726380921440555	26.278509475758376	0.0
121.0	27.311147034155482	23.38054616558603	24.63614168170917	24.671615142414353	5.499761349641435E-4
122.0	26.936308006940664	23.96661034680126	24.15312979876091	24.94359829335487	3.5355414229925686E-4
123.0	23.995183875016448	27.572315530824575	23.232146259351865	25.199765086236532	5.892485705811758E-4
124.0	25.288032711732377	24.737442308017147	22.293647429654968	27.68087755059551	0.0
125.0	26.36471128954326	23.929989825701302	24.442318797311472	25.262155144306124	8.249431378479983E-4
126.0	24.1528354963135	23.99216856749916	25.048838425244114	26.806118228075544	3.928286768076699E-5
127.0	26.336700249405553	23.332127355927927	27.384054307480245	22.946018172940303	0.0010999142459714659
128.0	25.995681207596267	23.01695579739152	24.8011976654794	26.177640880273128	0.0085244492596889
129.0	24.33063826143114	26.569883966037537	22.31840869504414	26.777612178341425	0.0034568991457530813
130.0	26.77350203233109	24.045538987091053	23.51725468151111	25.663665015581792	3.928348494794349E-5
131.0	25.964703455997174	24.49041964978443	23.822554825530577	25.721693527002742	6.285416850809739E-4
132.0	26.343337729186384	25.049369868804018	22.447684831085713	26.154107844142455	0.005499726781430251
133.0	26.9307961399987	25.572135394671974	24.36982316511464	23.125320406427573	0.0019248937871106755
134.0	26.725245992313035	22.67116539545759	20.829012165266608	29.77453716361671	3.928334606113746E-5
135.0	26.063265406334395	24.134623127915543	25.91638595629757	23.885254112447825	4.7139700466486623E-4
136.0	27.993860781795732	26.2413473281948	24.0396275771419	21.719782479658043	0.005381833209524981
137.0	28.7952677152301	21.20779642187354	24.160996048834487	25.83574339501677	1.9641904510488386E-4
138.0	25.3460788338142	23.902723574920408	26.826555002779156	23.923739116600903	9.03471885329777E-4
139.0	25.56302993045231	23.63140703961724	25.288335195925733	25.51604939241516	0.0011784415895605786
140.0	26.70325116225171	20.66280264209718	25.53874074175916	27.095126890193484	7.856369846466893E-5
141.0	25.66970265728398	25.408672410772436	25.464138883018382	23.457053944679657	4.321042455420591E-4
142.0	28.740888851352015	22.870981617625397	23.104831977750237	25.283140422171986	1.571311003694545E-4
143.0	26.940355144504313	25.279415854699046	23.805264472822067	23.974728833453536	2.3569452104516377E-4
144.0	28.054646495953328	25.159967647036872	22.382428837033537	24.402446349115813	5.106708604529022E-4
145.0	28.31883297377051	22.154281521194306	22.62676750138666	26.89905738497001	0.0010606186785162652
146.0	27.021969138086675	21.444598693777888	25.081648702773577	26.44769808403472	0.0040853813271361245
147.0	26.301443475371123	24.369738986562208	26.644488361103353	22.68087240953581	0.0034567674275090333
148.0	24.53589513640022	24.19728586204147	23.988424433762408	27.27804103143056	3.535363653397661E-4
149.0	27.83823989824294	24.45932722649549	24.2007706416108	23.49946242071344	0.0021998129373355787
150.0	25.70345712397894	24.121420058279995	24.52732945166681	25.647793366074257	0.0
151.0	26.438209362365434	24.273647507302808	25.571693230190494	23.716017781297584	4.3211884368140116E-4
152.0	27.630395780602985	23.89399338538964	22.991997492120646	25.48357405806228	3.9283824453159344E-5
153.0	24.558843807195917	23.35202101568752	25.024287701525065	27.064179637458174	6.67838133321705E-4
154.0	22.859570710036973	24.454175062336496	24.981741996237222	27.70184080749287	0.0026714238964367525
155.0	26.97159804885409	23.751633617109228	23.978473582751203	25.29805899175077	2.3575953470498232E-4
156.0	25.829458936104665	23.600698177382952	25.95516072854386	24.614485687520826	1.9647044770113858E-4
157.0	25.276722390337614	22.960070007257713	26.19696260608068	25.566048523328615	1.9647299537620453E-4
158.0	24.937470847563258	21.089329549951213	26.00870869490214	27.964412316347016	7.859123636982364E-5
159.0	26.78735769945654	21.963580491906995	24.19928559920465	27.049304657751723	4.715516800993402E-4
160.0	25.918993762493773	21.198011448592347	26.01794191766869	26.865052871245187	0.0
161.0	24.491706222131228	20.69803622296825	28.942103689219206	25.86465645396247	0.0034974117188442512
162.0	25.514743705871744	23.115062484453063	24.875811142553207	26.49438266712199	0.0
163.0	25.37618140019256	24.159039553573184	26.966301848977263	23.498320004715776	1.571925412139194E-4
164.0	26.161582697567017	23.398204881223407	24.499610346278956	25.93895149941031	0.0016505755203144582
165.0	26.673104138885904	21.630417567146413	26.383064181755227	25.31294250252606	4.7160968639134876E-4
166.0	24.709803768984344	23.147155772345453	26.103767530171172	26.03927292849903	0.0
167.0	26.466207022323747	23.567358386596478	26.425724152080388	23.540278097666693	4.323413326960884E-4
168.0	26.123482779913125	24.05124736214674	23.940682546127302	25.88458731181283	0.0
169.0	26.915900487281046	21.959760498436196	25.979229728821434	25.144834140882672	2.7514457864948825E-4
170.0	31.507147082697045	22.633797751219024	22.851207427541574	23.007651201138344	1.9653740401604533E-4
171.0	25.627993345849177	23.705962634867625	26.316286002698135	24.349050462740216	7.075538448475929E-4
172.0	27.553988988168594	24.56042493861024	23.6943841389376	24.191084009338084	1.1792494548919395E-4
173.0	28.33558179282411	20.070252566467136	22.984877144487896	28.607991308053098	0.0012971881677570909
174.0	24.263697714715196	25.783001720174468	23.683413995993597	26.26965071338497	2.3585573176599338E-4
175.0	26.247453674766945	23.86410898075446	23.422929388465256	26.46448588799235	0.0010220680209854151
176.0	24.520259048517545	24.07405878711047	28.11466533014928	23.289758935503208	0.0012578987194984128
177.0	21.947093649508204	26.16297263085064	24.616863358676593	27.248932673936803	0.02413768702776227
178.0	25.739950008981715	22.944493775100163	23.837712755649736	27.477450387314434	3.9307295394717967E-4
179.0	28.078102986313773	24.056163203180034	23.053714966790782	24.810878849250276	0.001139994465130321
180.0	26.196559855954405	22.29032339370415	25.76039817328005	25.75248228179313	2.3629526826601807E-4
181.0	28.24934079232681	21.54547379553383	26.33202931073711	23.872643482903584	5.126184986666004E-4
182.0	25.5544477590766	22.460897630410194	25.433505282612895	26.55110992012043	3.940777988390468E-5
183.0	23.74707784172503	24.409578216108088	26.33520761313856	25.507781650343563	3.546786847568559E-4
184.0	25.977612899106706	22.135657854599714	26.214237351193407	25.66898430412154	0.0035075909786336477
185.0	25.40050149135158	23.918174076530434	24.17715578033213	26.503695769794746	4.728819911169118E-4
186.0	26.69004393286642	23.31980825282127	25.7838793020554	24.206268512256905	0.0
187.0	24.78763384740577	22.433758532630293	27.710897101717517	25.067315877312446	3.9464093397302E-4
188.0	27.1985608608944	27.639885276175075	22.400272798636955	22.76092585773504	3.5520655853389676E-4
189.0	25.573080095832395	23.444243149049374	24.65402847343098	26.327701009239853	9.472724473967769E-4
190.0	28.413136437038094	21.669737003632694	25.007726828297837	24.909083947499408	3.157835319677538E-4
191.0	26.63619795361868	23.92551541940066	24.25057123896306	25.187320135318714	3.9525269888424113E-4
192.0	26.702099653496695	23.677291028781987	23.861491964333005	25.75907782529055	3.952809775772912E-5
193.0	27.76099553303691	24.230517276619228	22.0187004414778	25.98966814642973	1.1860243633124712E-4
194.0	27.892866179586935	23.10319606540785	24.239926305468575	24.764011449536643	0.0
195.0	27.035493536078974	21.687084772209705	24.608216354809613	26.66865173280061	5.536041010991809E-4
196.0	27.750019129085445	22.710407055044588	26.25339120030353	23.286182615566435	0.0
197.0	25.867693258096836	23.978758153737324	23.47951211794752	26.67340205384371	6.344163746038367E-4
198.0	27.290203321301014	23.240769708413463	24.338923888307477	25.130103081978046	0.0
199.0	25.8645741939049	23.18960304584228	25.518231681355346	25.42719353239547	3.9754650200820614E-4
200.0	27.353624669260235	23.51102002031652	23.838946880858146	25.296408429565105	0.0
201.0	24.90749554475641	21.601390688083644	28.60675924666821	24.884076192021197	2.7832847053734097E-4
202.0	25.446120394847764	25.087005207587744	27.48199453473687	21.984879862827622	0.0
203.0	25.782472815764528	24.431982033763063	22.434487155978264	27.35038179446781	6.762000263320246E-4
204.0	26.126917446375153	23.49333269683661	23.84933326968366	26.530416587104575	0.0
205.0	27.48979543121763	24.34038303933036	24.98233595111355	23.18665011656681	8.354617716563626E-4
206.0	25.867571396911405	21.53260900271316	25.338985377444633	27.260834222930807	0.0
207.0	25.71393097092065	23.265508183230178	26.78942871594101	24.230853565406747	2.7856450141132714E-4
208.0	28.22698191446087	22.265058744766943	21.732658173837383	27.775221561586278	7.960534852415665E-5
209.0	27.064230227352258	20.802916656879987	25.412185195609567	26.719792095041356	8.758251168330801E-4
210.0	24.796224027547336	24.760746641693135	24.719774441868253	25.723215071398737	3.981749254118821E-5
211.0	25.266278411195525	25.175786368680193	25.158261501291662	24.39875764621913	9.160726134914395E-4
212.0	28.917755817660186	22.23892253745617	24.539488364679627	24.303713739241314	1.1954096270321964E-4
213.0	29.598609670271138	23.110244790848512	22.638468819248363	24.652158415936324	5.183036956648282E-4
214.0	27.280692374843802	25.356090118529135	24.586097603403783	22.777119903223284	0.0
215.0	25.766207387385947	24.885926541970875	22.60573685936138	26.74164940704193	4.79804239870133E-4
216.0	25.945460960733907	24.783829830132568	25.704319774182167	23.56638943495136	0.0
217.0	29.081913764548517	23.002337189099404	25.093495690502856	22.82152196843982	7.313874094095428E-4
218.0	24.530148689925188	24.429234974021483	25.19264600517767	25.847929342363923	4.098851173992953E-5
219.0	26.499531474019157	22.602984659499157	24.744421560804078	26.15235868892193	7.036167556810844E-4
220.0	28.004747314457184	21.606851169862036	24.445633768143423	25.942684578047913	8.316948943913823E-5
221.0	25.55853283402154	23.14986849306579	24.050338199571456	27.24092547717064	3.349961705750251E-4
222.0	25.725122722505738	24.784260746171434	23.72981731011881	25.760672409004847	1.268121991644767E-4
223.0	31.17574797687664	22.708401140962128	23.745996680309347	22.369042645979683	8.11555872204724E-4
224.0	30.456393899788107	22.68775384003988	24.29468655305139	22.561037234725916	1.284723947083077E-4
225.0	30.905099029383727	19.944437794356112	23.82268319294949	25.326746588289396	0.00103339502127502
226.0	25.131265300513057	23.052852739751348	25.507849823711126	26.30785817389342	1.739621310535016E-4
227.0	26.8769258814305	23.786730388679388	25.389722629147986	23.944951911989826	0.0016691887523033707
228.0	27.613963619030386	28.417099011583385	22.927866992975822	21.04080556285019	2.6481356021970697E-4
229.0	27.50960096590861	25.547320748196157	21.66471373912362	25.278364546771613	0.0
230.0	25.636116495440504	23.11364670878564	27.069460392932847	24.180686622452818	8.978038819244246E-5
231.0	24.99631760602567	24.601755910924254	24.401951941576318	25.997928767043575	0.0020457744301836285
232.0	25.171683284618318	24.46680485123829	24.655022293117355	25.706123922765943	3.656482600856074E-4
233.0	23.133129966308196	24.958121941700938	22.45716938040795	29.450932124523433	6.465870594837002E-4
234.0	26.859832496629576	21.542627797078307	26.869683428574646	24.726965002922444	8.912747950302517E-4
235.0	25.563292545584726	22.191656205428956	27.29547409822865	24.94919731761837	3.798331393019047E-4
236.0	29.10737704090245	23.175264534043535	23.188681794989062	24.528628539523933	4.809054102339557E-5
237.0	27.803647755844757	24.788381746764422	22.240376214540085	25.167400237802205	1.9404504852824108E-4
238.0	27.22846241243399	22.09369839388369	24.16155654985627	26.516184317197773	9.832662827667342E-5
239.0	27.95632354923586	23.116615324702558	24.075070772026702	24.850692242786746	0.001298111248133965
240.0	25.421433663725907	21.88241229567986	26.157259574661257	26.538636534808834	2.579311241360597E-4
241.0	29.001967581651538	22.125969649962627	23.339991807339196	25.529849747840643	0.002221213205990664
242.0	26.620130962548856	24.29515749152367	21.106814711287107	27.977327432254057	5.694023863136372E-4
243.0	27.97505983853456	22.688146261363094	24.886135520527784	24.44785588099138	0.002802498583181272
244.0	26.860067638350582	22.414808691606034	26.36497154874146	24.3594762576912	6.758636107233561E-4
245.0	29.067990932248843	21.318858430803665	23.072203714775544	26.53943528280948	0.0015116393624634925
246.0	24.824563739535048	26.180066346993836	23.271054048310177	25.722592702248413	0.0017231629125212852
247.0	25.8010511645968	23.206580585535207	25.15745750675229	25.699734095025573	0.13517664809012614
248.0	26.11987216430031	23.012259653167078	23.6061717399277	27.2522659401687	0.009430502436213128
249.0	25.42375463789482	21.827658928348136	28.876155730289142	23.85703672802891	0.015393975438990995
250.0	27.179443989714624	22.519706177277953	24.364651789544606	25.935092655221514	0.0011053882413009893
