# Position (bp)	A	C	G	T	N
0.0	24.831111260783135	23.058843127239243	25.243066365003276	26.866953539947563	2.5707026784408275E-5
1.0	23.567025330787065	30.35976082448213	23.335819936746756	22.6621290642054	0.07526484377864905
2.0	25.182397362796564	26.831723789363405	21.548901727953478	26.43641440189728	5.627179892756183E-4
3.0	25.87997497178191	21.434808035203087	23.919098943253015	28.759421365591926	0.006696684170061017
4.0	25.617599557058814	23.74490632958461	24.516605697555754	26.120760722884924	1.2769291590348868E-4
5.0	28.40903583201152	23.900405242076403	22.482542652965744	25.20745506649531	5.612064510171357E-4
6.0	26.89578866417793	23.27655575983825	24.159082459473087	25.662996368747805	0.005576747762934745
7.0	26.182089027310763	25.233968090686204	23.04487857139953	25.53863230696044	4.3200364306130996E-4
8.0	28.138957942201426	24.484593258734627	23.527596746120587	23.848775992180954	7.606076240772879E-5
9.0	26.196849624710744	25.26213067544981	22.138144295466724	26.402672996631427	2.0240774128647325E-4
10.0	24.9423279634175	24.057669508770243	23.507769230963678	27.49223329684858	0.0
11.0	27.692869922160508	22.242210513622528	22.70425176387785	27.36049553462664	1.7226571247868212E-4
12.0	28.823278585502145	24.394061028315114	19.696325101003996	27.086335285178748	0.0
13.0	25.950549798868128	23.253399263092785	24.56039623170699	26.235342538910466	3.1216742163156947E-4
14.0	26.0272101507027	22.09512886849567	23.95546073703007	27.9221289794305	7.126434105783363E-5
15.0	25.609099866222557	23.42909935998695	24.574832403203533	26.38696837058696	0.0
16.0	26.644940539729618	24.244165046246877	21.73678227905071	27.373973653993733	1.3848097906052196E-4
17.0	28.931851273545238	26.60038438626432	19.30520984061404	25.161129674049675	0.0014248255267218111
18.0	25.645836877735732	26.11439378262066	19.703001897480394	28.536587884046753	1.795581164533142E-4
19.0	24.91649177204091	24.581073851140566	22.030378610098726	28.4713632621878	6.925045319953847E-4
20.0	22.404937686744596	25.729102348457427	24.24188792130645	27.62404986479869	2.217869284107281E-5
21.0	23.72091179734705	24.23489879683619	23.24497507354625	28.798773935561155	4.4039670935578767E-4
22.0	23.09310257085102	26.5300773515899	25.413060547849764	24.96367216380234	8.736590698370299E-5
23.0	25.88339391662035	23.782158504667045	22.439540662997747	27.894385020923636	5.218947912290361E-4
24.0	27.680576634363252	21.97940536196066	24.335987953340293	26.00396545929505	6.459104074898049E-5
25.0	25.240432264918557	24.89950738937278	19.99388477473204	29.86574882811075	4.2674286587279694E-4
26.0	26.58188862125266	26.0490524290606	19.33879322568074	28.03020204601626	6.367798974529652E-5
27.0	25.68238216026234	25.058692540431636	19.68825893016874	29.57056051190862	1.0585722866198792E-4
28.0	27.569190953916838	23.71730592024901	22.739537286870657	25.97128397843952	0.002681860523976881
29.0	27.231955936596552	23.880345927624365	22.114715216163226	26.772318313228986	6.646063868673777E-4
30.0	23.840281164725038	24.228992057567105	24.97838488384597	26.952094215280987	2.4767858090080287E-4
31.0	26.5302970525589	24.753839079364422	22.62517839645386	26.090048799863464	6.366717593561482E-4
32.0	24.204031704988974	22.62224287738022	24.828510957853094	28.344970180642388	2.4427913532514467E-4
33.0	23.975188938805395	25.01537879862379	24.359694211579587	26.649596822273143	1.4122871809315406E-4
34.0	26.33453040355469	26.622071529484124	22.408245528606347	24.63497233710608	1.8020124875460915E-4
35.0	25.386932286899345	22.568509699718426	25.935414229530735	26.10878700895386	3.567748976353356E-4
36.0	23.951854827737066	24.340627054150247	25.98325407700859	25.724125406076848	1.386350272487146E-4
37.0	25.29030970526237	25.884837530902914	21.34089396758874	27.48391919933461	3.959691136171996E-5
38.0	27.52052080384942	25.242894665481703	20.83981402124623	26.39655278206085	2.1772736179755708E-4
39.0	23.486450223817684	27.422494963607363	21.419411781003003	27.671484716675703	1.583148962443749E-4
40.0	26.96506135474312	26.127666461939796	22.505227658388947	24.401945591196323	9.893373181202275E-5
41.0	24.941937452109155	24.247185111454968	21.542486313580692	29.263207585058986	0.0051835377962011
42.0	24.742144451333164	25.59348616270508	20.375721914427842	29.288588123906766	5.934762714338901E-5
43.0	25.862866316397042	25.657823683907576	22.399335065296764	26.075801290229677	0.004173644168944369
44.0	28.98667241010695	24.704783411583755	22.352919770032965	23.955268409911547	3.559983647808445E-4
45.0	26.128016104346035	23.79844256103397	21.74381355027269	28.3255949155827	0.004132868764608406
46.0	25.137536677765564	24.839052823891365	22.309987424766092	27.713403301196628	1.977238035732646E-5
47.0	26.010986890543116	23.86643569391075	22.518439992819335	27.6023383025954	0.0017991201314029894
48.0	22.35533738897609	23.921856083049107	22.762772567138068	30.960033960836736	0.0
49.0	21.82762202274617	26.26474991542117	24.184584994609086	27.721304063261805	0.0017390039617672074
50.0	27.297687527182113	24.34570766165564	20.238410219150317	28.118036513394294	1.580786176341045E-4
51.0	24.976024960120625	26.85558115615209	21.288867323097396	26.87703718689704	0.002489373732839621
52.0	23.221070157879087	26.109322019861676	21.58602347718889	29.083564626944895	1.9718125453023932E-5
53.0	22.870197067118543	25.287059068964634	23.69796556196504	28.14326285521973	0.0015154467320473686
54.0	23.662540628145823	27.643041086211866	22.291806275947646	26.402533287280722	7.872241394410117E-5
55.0	24.09686317229658	27.606640282305854	22.857965849034226	25.437136603077686	0.001394093285654034
56.0	27.310108123718834	24.832782535132406	24.324430447566975	23.53267889358178	0.0
57.0	22.731870838354777	27.162347621873543	22.84818439929886	27.251963048997553	0.00563409147526624
58.0	25.23763853660279	25.530169582816924	21.75880979141828	27.47318579912227	1.9629003973302983E-4
59.0	27.943326249147187	22.184919241063053	24.34709424061162	25.52148062892499	0.00317964025314647
60.0	24.25084197848188	23.286539984816365	23.29567211498175	29.166945921720007	0.0
61.0	25.940198942349667	23.60079225800586	23.24159950213466	27.21092341009541	0.006485887414400003
62.0	25.791512887654388	21.70897891780853	24.441497095016814	28.057736785716248	2.7431380401924586E-4
63.0	27.1646303233593	23.57803413846612	21.838508440571168	27.416280035737238	0.0025470618661734513
64.0	25.202375636173933	21.834211296888213	23.799785580116108	29.163627486821746	0.0
65.0	24.35527199791113	25.879246559869664	23.01831769778488	26.741902454909866	0.005261289524459618
66.0	24.706207013089475	23.848615275572904	23.213298392599782	28.231449046252138	4.3027248569784033E-4
67.0	26.92843704407756	25.097022251948854	21.14316502583479	26.830788968290285	5.867098485115172E-4
68.0	24.264069877842847	22.335584565937776	25.844495790061394	27.55567376129242	1.7600486555672783E-4
69.0	23.530198573058637	24.808305475352164	24.815052011885637	26.843588883663312	0.002855056040252379
70.0	26.61587112633233	22.998963858461423	24.606213490461286	25.778600025542275	3.514992026826419E-4
71.0	24.2377293516738	23.027650644420266	25.911978541543796	26.821530493749535	0.001110968612602906
72.0	27.920609310020446	25.43352105489945	21.928596944835895	24.71567461759778	0.0015980726464336378
73.0	25.266857244186703	22.701407116842727	22.904261102894324	29.12328494846807	0.0041895876081741775
74.0	24.854591321287568	25.56386963323558	23.47701080557314	26.103651433023938	8.768068797775014E-4
75.0	26.536860512126097	25.028382716109515	21.20059814613665	27.231976463826285	0.0021821618014525013
76.0	26.72512971240678	24.343576608105558	24.855841008467085	24.07445904213006	9.936288905198257E-4
77.0	24.667294630133092	24.345494199780052	23.548279318409623	27.438035688715846	8.961629613899876E-4
78.0	27.470173703767344	26.282011570900305	20.179392202402312	26.067740689960416	6.818329696241464E-4
79.0	27.445788324142534	20.821576983345917	22.472647736508154	29.257181795443017	0.0028051605603775743
80.0	24.0738363530006	23.12635735035471	28.00587421398104	24.79155559338892	0.0023764892747285887
81.0	25.256841260092642	24.67240236448036	21.804085968850053	28.266183439092927	4.8696748401237054E-4
82.0	23.269018720560126	22.459490987598123	23.306981463312777	30.963301188687687	0.00120763984128496
83.0	25.34463586932069	22.5679158160776	23.641269786238794	28.445379959865114	7.985684977972169E-4
84.0	24.054898421482438	25.47850316905187	24.641381898649936	25.824028469368297	0.0011880414474551664
85.0	25.064789253562754	27.486924810968453	20.914966234803227	26.53261859203755	7.011086280180536E-4
86.0	26.211126588670414	24.848934758549753	21.65285013747721	27.285160582220215	0.001927933082416413
87.0	22.80886405016211	21.954822942934758	25.15906413389545	30.076547849708398	7.010232992882666E-4
88.0	25.015689497684885	27.00805611650905	25.498047842891218	22.477427666206935	7.788767079062412E-4
89.0	26.51505607756327	26.12481753203424	22.836587560382124	24.522662633306027	8.761967143402055E-4
90.0	24.46735559781872	25.493236854935052	24.93938947896369	25.09982336696214	1.9470132038647435E-4
91.0	26.86770254913219	25.053613527410896	23.714613855078863	24.363680682795408	3.893855826483554E-4
92.0	25.634334053399076	24.136154724321766	22.68430983489365	27.54520138738551	0.0
93.0	26.791942922120636	26.228994056691253	20.817349501168163	26.161479907045397	2.336129745531227E-4
94.0	28.0675388244675	23.587136678244477	22.95937695523978	25.38150901391089	0.004438528137348306
95.0	24.705287595468363	26.453511573391847	23.023658362146932	25.815128628498655	0.0024138404941988012
96.0	26.8372482062037	24.326293498380178	22.716748074714115	26.11875641023894	9.538104630671936E-4
97.0	25.45641264807024	25.38902593103937	22.92874896034286	26.225715137154936	9.732339259224944E-5
98.0	28.524845811565353	22.737478022783318	23.989690342403723	24.7479468953757	3.892787190861604E-5
99.0	22.341433869195374	22.1704339458787	26.435097296348353	29.053015425804603	1.94627729702566E-5
100.0	22.642003689170817	24.790854219367485	24.14900544578908	28.41813664567262	0.0
101.0	23.99621295050272	22.179752518456027	27.955294912100946	25.868700697568293	3.892137201728498E-5
102.0	25.181550043157852	24.604762641552398	24.35893318853315	25.85471520197582	3.8924780780500246E-5
103.0	26.16623855917682	25.765519050572472	24.731405445200327	23.33675910142771	7.784362267094313E-5
104.0	26.82451516931272	26.875929971560335	22.25686850771358	24.04243336411994	2.529872934212795E-4
105.0	27.420997135660848	23.748423134394294	20.27089198533851	28.556359833238552	0.003327911367794926
106.0	25.835810067085884	23.497768215085838	24.951873002330647	25.714451410609502	9.730488813051621E-5
107.0	26.42179285461992	23.796254401763917	22.457923564263563	27.323095066424187	9.341129284148395E-4
108.0	24.33776970374837	24.60657105869089	24.577071793156442	26.47854852716744	3.891723685283311E-5
109.0	26.172024352368002	24.72525366401414	25.424443468537138	23.67738346496083	8.95050119888072E-4
110.0	26.090238818016008	23.885848638463745	22.509875355137265	27.514017731472055	1.945691091964646E-5
111.0	25.362632838252203	23.791660043035925	24.343433616237764	26.50145629074992	8.172117241863733E-4
112.0	25.882095654395364	23.739986345259474	23.944593429030665	26.433246744352246	7.782696225606355E-5
113.0	28.85487741217732	21.15439355153401	22.69417123907743	27.29548769646806	0.001070100743175238
114.0	26.37348867797507	21.978601197772562	27.17659557080984	24.47111998350047	1.9456994205707125E-4
115.0	27.365472806577856	23.871532912618036	25.653158166743985	23.10909669706319	7.39416996939592E-4
116.0	26.93230395688948	24.772107831567126	24.091821956221278	24.203688421635974	7.78336861469465E-5
117.0	25.920629614336697	26.52804571031841	23.758305368246006	23.792221509176816	7.977979220672072E-4
118.0	26.77621264679711	24.417690781998814	25.061123909377248	23.744797535624073	1.7512620275216665E-4
119.0	27.324439999182733	21.104775099702184	24.67850606774981	26.891675609620837	6.032237444432878E-4
120.0	25.554156913848754	23.76844019580811	24.768262538691015	25.90914035165212	0.0
121.0	27.587526741282158	23.79560612081047	23.673696619108014	24.942431083673313	7.394351260483925E-4
122.0	27.16517743776869	23.780402968429932	24.537007398113218	24.517061933877184	3.5026181097420845E-4
123.0	24.511860433258402	28.41886445574949	22.502346712578692	24.566111135326313	8.172630871062349E-4
124.0	24.900809904882585	25.08383727804088	22.962210276385733	27.053025789230144	1.1675146065806572E-4
125.0	27.026754610503716	23.45169636687812	24.14830433362151	25.37215502290342	0.001089666093229885
126.0	24.20109760786554	24.197283766891815	24.742098733337794	26.859422600043274	9.729186157469601E-5
127.0	26.50845517106381	22.764799200510733	27.368867357126415	23.356944288510398	9.339827886430028E-4
128.0	26.560378426866592	23.749107346127875	24.318459984783537	25.363103380506967	0.008950861715024022
129.0	24.60486392865475	26.87678323716687	21.641627972094376	26.873864483023457	0.0028603790605464413
130.0	26.366741810037432	24.208061194010973	23.458197162324275	25.96698037483472	1.9458792601377877E-5
131.0	26.241833613735132	23.93064949307791	24.35366509089027	25.473092907760847	7.588945358425889E-4
132.0	26.329379994010544	25.404633675103344	22.43590279957447	25.824382067358613	0.005701463953029277
133.0	27.415861651874007	24.988616542090774	23.938127695544456	23.655467679152274	0.001926431338484494
134.0	26.906568501656515	22.6578106447391	20.881099460567235	29.554463017079634	5.837595751164308E-5
135.0	26.28355195219761	23.908823956925232	26.051626755127348	23.7555303330877	4.670026621097585E-4
136.0	27.714197538551588	25.9198130096235	24.508979025072154	21.85117281509871	0.005837611654052237
137.0	28.557254203350617	21.750730435848613	23.97964217156656	25.712236977420943	1.3621181326138756E-4
138.0	24.810562685689234	24.194175119992046	26.56280554993979	24.431133506729225	0.0013231376497067013
139.0	26.058235727343394	24.129543311958766	24.568359217284115	25.242733181755828	0.0011285616578959915
140.0	26.656549639816852	21.77963418755987	25.718503165186895	25.844943299441486	3.6970799489647303E-4
141.0	25.574267552015268	25.272695360326036	25.159970640590863	23.992677271442993	3.891756248409244E-4
142.0	28.984092390616944	23.003609616563374	22.917037195590627	25.095007832186884	2.529650421770561E-4
143.0	26.91891797227311	25.422728497749098	23.732553942310407	23.925682834684586	1.1675298279547504E-4
144.0	28.574389098677074	24.994113693475402	22.709545701673033	23.72132882250908	6.226836654118293E-4
145.0	28.568381889365412	22.35557726285639	22.55427041415973	26.521031001657885	7.394319605843847E-4
146.0	27.505550181639656	22.157002277281997	24.539985339620134	25.792869887085494	0.004592314372718073
147.0	26.754149731238453	24.085798213237734	26.370621630751366	22.78598626070415	0.0034441640683010814
148.0	24.996302845952435	24.746258480103865	23.628881233401724	26.627895844554523	6.615959874592535E-4
149.0	28.592977907538337	24.454907708407685	23.226934690889617	23.723233803680767	0.0019458894835959572
150.0	25.399982097614703	24.280226815438084	24.554483574561488	25.765307512385725	0.0
151.0	26.873792906840865	23.926700195275444	25.074651262576875	24.12411617672671	7.394585801033101E-4
152.0	27.806681915285708	23.3796007103568	22.94041479513025	25.873185821041616	1.1675818562449868E-4
153.0	25.53663824432061	23.72934754963078	24.50057863737369	26.232559877340943	8.756913339834206E-4
154.0	23.575687673035993	25.07157878882054	24.58934023359409	26.760571602821937	0.0028217017274457974
155.0	27.43358113104737	23.175144981123264	24.223815825322074	25.16724399641926	2.1406608803954382E-4
156.0	26.383390709866756	22.894151485724628	25.61531710183962	25.106965556565346	1.751460036547133E-4
157.0	25.120010026215674	22.791191798275342	26.69226932454794	25.396217477803475	3.113731575709702E-4
158.0	25.66348241812947	20.75469531672978	26.069035255598124	27.5126313196007	1.5568994192375943E-4
159.0	27.002108276224863	21.428886984678456	23.85452368584991	27.71383882011264	6.422331341307793E-4
160.0	27.448090880588154	20.971519730710344	25.573993058738374	26.006396329963128	0.0
161.0	25.010300325776385	20.221899280816366	28.943535920354783	25.82070290551901	0.003561567533451001
162.0	26.012788404722997	23.720848128059988	24.15456943939501	26.111774565344493	1.946247751110724E-5
163.0	25.352510161179474	23.495188827733777	27.063605489907722	24.088656595049727	3.892612930053444E-5
164.0	25.99522134931096	23.321672169614853	24.726500490866613	25.95518516298251	0.0014208272250738248
165.0	27.451566980956898	21.519687549754618	25.738373136379334	25.289652168260048	7.201646491026944E-4
166.0	24.805034438433392	23.78145794104377	25.123200171909932	26.290190661973924	1.1678663898563798E-4
167.0	26.94613412647278	22.906125483951968	26.10072429774652	24.046509998267602	5.060935611273429E-4
168.0	25.831257804523634	24.036112741362345	23.923970922157693	26.20861960058358	3.8931372749401675E-5
169.0	26.898909558382535	22.216786809193447	25.4095068942688	25.474504744220127	2.9199393509130554E-4
170.0	31.490883168366175	22.352501916494937	22.924997595864653	23.231481052493468	1.3626678076738443E-4
171.0	25.480154446768523	23.281224906536735	26.16167465926423	25.076069997440165	8.759899903543769E-4
172.0	27.726398143288367	24.623847947678595	23.62673728585143	24.022899858656544	1.1676452506905161E-4
173.0	28.664197192115974	20.679718491577223	22.624921065357398	28.02952861058488	0.0016346403645248013
174.0	25.101618343142302	25.27875962572069	23.33378609474986	26.28552458183137	3.1135455577877946E-4
175.0	25.18315155532143	24.447509592262907	22.932421469155013	27.435263293192136	0.0016540900685124106
176.0	25.296866583428557	23.905359205646906	27.347007164496972	23.44946320761473	0.0013038388128294625
177.0	23.144736171178412	25.466416566988787	23.914847521066644	27.448932684444294	0.025067056321861004
178.0	25.41320605239616	22.57532558591648	24.363399089139794	27.647777367597264	2.9190495029929016E-4
179.0	28.026657672828915	24.288655484181348	23.00489283197488	24.67870416339307	0.001089847621787066
180.0	27.093802753300654	22.47986186312423	24.64938369911555	25.776776205704778	1.7547875478715792E-4
181.0	28.452372654780987	22.14850048702031	25.62644439251123	23.771862467573467	8.199981140043378E-4
182.0	26.091828302263153	22.60587458490792	25.17166767963382	26.130512327166137	1.1710602896968944E-4
183.0	24.51329544394334	23.81004244501725	26.161050597130696	25.51510403186675	5.074820419672034E-4
184.0	26.106166102199772	22.382538931819518	26.05178520991981	25.456074351523476	0.003435404537427659
185.0	25.491767811231426	24.381280609539335	23.676894031880273	26.449452504846683	6.050425022840354E-4
186.0	27.69836241434676	22.967832678869023	24.88088671423781	24.45291819254641	0.0
187.0	24.942714547484513	22.629615850724893	27.221327607101458	25.205501358409578	8.406362795549633E-4
188.0	27.678730628945374	27.833515287257804	22.047009021577963	22.440256289140947	4.887730779096466E-4
189.0	25.623195852503926	23.329626301469283	24.926269951691275	26.11991074968854	9.971446469756015E-4
190.0	29.036210352764876	21.235795510094583	25.140236219425493	24.587484171609088	2.737461059616427E-4
191.0	27.491182283846744	23.317466568464663	24.017870623625154	25.173167196744682	3.1332731875434374E-4
192.0	27.668649899924404	22.922383640088206	24.033242331780954	25.375645791145562	7.833706087181314E-5
193.0	27.816750509835934	23.751518931111235	22.10942806710483	26.322106627201226	1.9586474677430347E-4
194.0	28.220653046833682	23.325818267290856	23.659667404462027	24.79386128141343	0.0
195.0	26.49216641284123	21.203226606495605	24.529939712703822	27.773824883564846	8.423843944960562E-4
196.0	28.797699817370088	22.11070777584019	25.717123326538793	23.374390538195687	7.854205524530352E-5
197.0	25.328884511639373	23.57993984664134	24.128095428403658	26.96221611022028	8.641030953547586E-4
198.0	28.1611140318016	22.844864901450308	23.644194052075036	25.349748313432414	7.870124064635754E-5
199.0	26.248602850874164	22.910407011470916	25.559736872712076	25.280523889032352	7.293759104878342E-4
200.0	28.122509256227314	22.70610076113877	23.69243283086885	25.478957151765062	0.0
201.0	25.816945078555385	20.803323002018224	28.501476948930865	24.877900100566194	3.548699293276536E-4
202.0	25.78587249305305	24.865960332065853	27.922443309412486	21.42570414940361	1.971606500465496E-5
203.0	26.2433473814757	24.39014047616418	22.029752766369032	27.335852111087096	9.072649039955946E-4
204.0	25.216247243404883	23.44184817127776	24.31871170847749	27.023133701273856	5.917556601428893E-5
205.0	27.62335730714756	23.803926287425387	24.88866576452533	23.683084060898484	9.66580003235084E-4
206.0	26.111472351681375	21.29523025666844	25.627368339648903	26.96588959611375	3.945588752862525E-5
207.0	26.83625461236411	23.36364902666342	25.903502496427894	23.896199265967727	3.9459857684077276E-4
208.0	28.977791722288494	22.02736741779563	21.673143957669204	27.3216771694485	1.9732798179846694E-5
209.0	27.49396082827438	20.03201155731687	25.428011494162135	27.045128006757558	8.881134890623891E-4
210.0	24.87366596968536	23.987664753373036	24.835806718852428	26.302507257507845	3.553005813309678E-4
211.0	25.397406426144787	25.492077538306262	25.57784423512158	23.531645127261076	0.0010266731662975578
212.0	28.564682050521366	22.455113415619067	24.461897238494647	24.518011024057824	2.962713070917278E-4
213.0	30.440674281648946	22.479111497569264	22.431603493933046	24.64813643729497	4.742895537725781E-4
214.0	28.418538694261127	24.137107980622762	24.505162392242934	22.939052507078998	1.384257941833877E-4
215.0	26.098848836352133	24.558455064351183	23.089379855468444	26.25288028706564	4.3595676260093394E-4
216.0	26.072887056091602	24.203146895143533	25.802218040597353	23.921687952916685	6.00552508307643E-5
217.0	29.982938426088456	22.992653702881793	24.629060492263008	22.394520615345897	8.26763420840528E-4
218.0	24.509930553959354	24.209372662697604	24.848302273040247	26.432089396038517	3.0511426427492344E-4
219.0	26.39346926113723	22.854816253725335	24.38746112582165	26.363432687916312	8.206713994786274E-4
220.0	27.62846842754863	21.441874181715814	25.23918679888772	25.690140856680816	3.2973516701807504E-4
221.0	25.637205326960398	22.49278843909771	24.022998163009802	27.84669689246813	3.111784639608662E-4
222.0	25.78239574771702	24.093458636371913	24.247565383392597	25.87647558309091	1.0464942755716631E-4
223.0	30.73264713276461	22.608357167670892	24.25106051965939	22.407025996924425	9.091829806866276E-4
224.0	30.278883617736085	22.113831890707615	24.63728767289943	22.96984845488671	1.4836377016078182E-4
225.0	30.76820647710226	19.594313451320534	24.211997725448704	25.424331861209758	0.001150484918740611
226.0	25.51891745061583	22.105041797946672	26.082766779123713	26.293080254037843	1.937182759417829E-4
227.0	27.430812115947433	23.866882574124713	25.22517352268496	23.47563182604624	0.0014999611966559996
228.0	27.620754154532563	28.45127848990017	22.564142881633355	21.363584248646276	2.4022528764248361E-4
229.0	27.625106974836267	25.433180763896505	21.5930561817661	25.348612113475433	4.396602569330575E-5
230.0	26.123935363111784	22.570014065943802	27.048433363975676	24.25759505587613	2.2151092602642627E-5
231.0	25.487163555735997	24.798500741890514	24.0956842496027	25.616991591907507	0.001659860863284663
232.0	25.26919173268802	24.90018454868086	24.073480404158452	25.756917870200912	2.254442717541323E-4
233.0	23.76416618001314	25.17122600189795	22.082063471786263	28.981928425432514	6.159208701365063E-4
234.0	27.875768381036387	20.964520009987968	26.36941958132991	24.789087541583722	0.0012044860620115752
235.0	25.663768854793435	21.754463978213227	28.187456393421424	24.393935915139547	3.748584323701502E-4
236.0	28.838894907728847	23.57220276161427	23.273432877371565	24.315184412848765	2.850404365489299E-4
237.0	27.814716428976677	23.976195351964545	22.622712442671688	25.586135984219755	2.3979216733272936E-4
238.0	27.163003969437515	22.69722915317858	24.506608858853397	25.633036777311403	1.2124121910470634E-4
239.0	28.085456196905888	23.037902595148356	23.655088423337244	25.220127810362463	0.0014249742460473549
240.0	25.744557280416853	21.764220648755984	25.683351982413626	26.807542247921557	3.2784049198266075E-4
241.0	29.048655124224936	21.608896377115723	23.52574271577179	25.814003758591554	0.002702024295996408
242.0	27.506479109932275	23.857576002996588	21.18294374310329	27.45198878304093	0.0010123609269176647
243.0	28.544835335969122	23.124360472919573	24.703778287299226	23.624336496600566	0.0026894072115185787
244.0	26.49033191028924	22.972594367348766	26.009825716081348	24.526332756386918	9.152498937293178E-4
245.0	28.85273125970389	20.855833446322386	23.42268133723307	26.866867974077422	0.0018859826632317996
246.0	24.597012318842246	26.567123251996648	23.409757695478547	25.423451425606817	0.002655308075736535
247.0	26.04687608796268	22.743104620539096	25.070730373665263	26.00136084931742	0.13792806851553766
248.0	26.068118817767672	22.630836723078275	24.320571081369	26.970632802787957	0.0098405749970978
249.0	25.720477447158302	21.585316420426373	28.550799253863506	24.127290453704347	0.01611642484746588
250.0	27.617897790924605	22.2966781715702	23.957334852440727	26.127033295544503	0.0010558895199617201
