# Position (bp)	A	C	G	T	N
0.0	23.380769273959	24.357748592188337	25.481351007245063	26.780104390083743	2.673652385619814E-5
1.0	22.815245401506672	30.189831098189952	23.491418298131894	23.4298898197317	0.07361538243978294
2.0	24.295371051479624	27.146571225087136	22.911457510572557	25.64585557280638	7.446400542948977E-4
3.0	25.61516401893695	22.06379423600615	24.979379383209714	27.334434516786672	0.007227845060511944
4.0	25.743135305538917	24.04876237939253	23.654305330733184	26.55379698433537	0.0
5.0	27.847883000309576	24.35647225698082	22.51654065588565	25.278759227313085	3.448595108671864E-4
6.0	25.591809654723075	23.713676928435124	24.11938029459711	26.570498177142305	0.004634945102385937
7.0	25.210663094469048	26.048637007135582	23.622654555873563	25.117490270378283	5.550721435194535E-4
8.0	27.19363657648702	24.59288232687089	23.762558398648927	24.450922697993164	0.0
9.0	25.6414479014693	25.465251792855348	22.671514540855917	26.221495925250903	2.898395685290088E-4
10.0	24.317461136567804	24.972223480137288	23.509809455706588	27.200479599133477	2.632845484617337E-5
11.0	26.774149471889828	22.919864602243695	23.28035300129323	27.02550593838224	1.269861910136444E-4
12.0	28.073609945237237	24.45557021225567	20.308515209657433	27.162279649838112	2.498301155214454E-5
13.0	24.746846003746814	23.595098529494766	24.912078511073705	26.745927661977277	4.9293707436424054E-5
14.0	26.092512612145175	22.222295300803623	23.711466273016708	27.973701454507367	2.4359527132859296E-5
15.0	25.17579429821802	23.40310673587174	24.51512183970096	26.90595311223507	2.4013974211873375E-5
16.0	26.0321166160111	24.875186638732334	21.5825548112957	27.510094721000915	4.7212959957508335E-5
17.0	27.91563378622205	26.99730392213487	19.66383351314887	25.422050543951613	0.0011782345426024198
18.0	25.397692674592342	26.16189856986878	19.678519440996606	28.76177476842211	1.1454612016254553E-4
19.0	24.692937301872547	25.28638358089473	21.4284592452953	28.59183292092702	3.8695101040875455E-4
20.0	22.197999429130945	25.717244581260317	24.18721162983116	27.897476614240652	6.774553692402744E-5
21.0	23.255792056934293	24.858201174204797	23.948684528801508	27.937187732655776	1.3450740362376396E-4
22.0	21.90867531473843	27.244932219145333	26.03877052903662	24.807599746225392	2.219085421696131E-5
23.0	24.9479021866176	24.541873790024557	23.232676773175054	27.277348508921605	1.9874126118112813E-4
24.0	27.559200341946383	21.83828523328313	24.731958438479808	25.870512281486906	4.370480376980155E-5
25.0	24.75041510091617	25.768042105363303	19.678237597947923	29.803153837188763	1.5135858383719526E-4
26.0	25.40062685225643	25.43437018499299	19.980093582942292	29.18480191696518	1.0746284311005205E-4
27.0	25.43943178688579	24.931786349983014	20.195826917038783	29.432890649195052	6.429689735321823E-5
28.0	27.417634689888644	23.901363751326766	22.84718937275058	25.83171687476917	0.00209531126483782
29.0	26.867429787948726	24.045000715151346	22.478285261830205	26.60907482032739	2.0941474233714808E-4
30.0	23.229066650040526	25.619074339630483	25.082818962113183	26.068915352162435	1.2469605336991083E-4
31.0	25.688352233692953	24.90033275790287	22.753346949443735	26.657637470544053	3.3058841638850754E-4
32.0	23.936361125037088	23.102241684486234	24.998291367826557	27.962921658703284	1.8416394683800735E-4
33.0	23.47027617573948	25.184500408427912	25.443815224340078	25.901327294653992	8.089683853132599E-5
34.0	25.77873981940749	26.894214800859988	22.841572139331394	24.485433170174048	4.007022707998037E-5
35.0	25.00198196884028	22.65816507739192	25.695433226676982	26.644221530206792	1.9819688402786804E-4
36.0	23.766613241326105	25.253552547525388	25.869448903156766	25.110306100666964	7.920732477656604E-5
37.0	25.254397998309493	25.658220055307783	21.213208148495664	27.87415400268819	1.979519887246547E-5
38.0	26.65440179666624	25.567504216378907	21.265214488115173	26.512780546037394	9.8952802283989E-5
39.0	23.154341234930122	27.83702716708552	21.76435775097633	27.244095765762218	1.7808124580890735E-4
40.0	25.945125280736157	26.605676291228054	23.250532983234176	24.198606092548363	5.9352253248942335E-5
41.0	24.120830361060435	24.80001202756687	21.808649324023047	29.265720999221767	0.004787288127881522
42.0	24.21623946061783	26.115059018166527	20.729940607987796	28.938760913227846	0.0
43.0	25.69407511206882	26.243496646093934	22.36554461046134	25.692987305294952	0.003896326080958536
44.0	28.29289535182893	24.954855949393572	23.060674671928183	23.691455369833154	1.1865701615970126E-4
45.0	25.57654905788269	24.414810022359614	21.831985718952208	28.172700546454138	0.00395465435134573
46.0	24.729962711207595	25.010933564262867	22.71688197682005	27.54222174770949	0.0
47.0	24.778825270085235	25.407287704879465	23.337724866741606	26.4743037963172	0.001858361976490535
48.0	22.763314160286356	24.576284753247567	22.665482408368707	29.994918678097367	0.0
49.0	22.26832789373364	26.237605271816943	24.361284279112233	27.13080631566674	0.0019762396704422723
50.0	27.087314772310272	25.050227637363477	20.310916337464118	27.551501730771164	3.9522090971553775E-5
51.0	24.57867918604543	27.56619174984742	21.350155013655943	26.502425231176918	0.002548819274289902
52.0	22.56589062611523	26.453217724467027	21.359064035076997	29.621827614340745	0.0
53.0	22.015345187996267	25.656796091661715	24.19227150511178	28.133855074974118	0.0017321402561205571
54.0	22.67278595285667	28.942679226201733	22.451786214442574	25.93261082611348	1.37780385544948E-4
55.0	23.339554355939608	28.71181246934808	22.62210801962194	25.32491525443695	0.0016099006534233359
56.0	26.244605039628148	26.129511242993374	24.761067005672828	22.864816711705647	0.0
57.0	22.628807355944964	27.996076588571384	22.834380139074216	26.535887594301826	0.004848322107602915
58.0	24.634671102913092	26.087311516118355	21.87066609250877	27.40717464462204	1.7664383774046623E-4
59.0	27.674361736034026	22.95047831527516	24.488497824697806	24.88362015502659	0.0030419689664213725
60.0	23.91832022161794	23.14012177072529	24.274371536117457	28.667127684861075	5.878667823327221E-5
61.0	24.85530965604876	24.36985706825826	22.794012326870757	27.9747270737545	0.006093875067723331
62.0	25.04400245077437	22.42734819668816	24.895580513953327	27.632872902033878	1.9593655025880279E-4
63.0	25.750432025956826	24.39488935825042	22.804269709592347	27.047685477266224	0.002723428934179229
64.0	24.849718438330704	22.138981170184607	23.65853057767939	29.35273071616324	3.909764206030498E-5
65.0	23.5622420366727	26.976002752260403	23.73984884069827	25.717097733587842	0.0048086367807936015
66.0	24.19207703534937	24.498782151408065	23.544401678736996	27.76427001699965	4.691175059211425E-4
67.0	26.684093632609613	25.583532650835807	20.888532896134617	26.843137174419574	7.03646000388178E-4
68.0	23.54276991813748	23.058572208959045	26.70606204821455	26.69238083418271	2.1499050621469148E-4
69.0	22.916707383332096	25.12195455629258	24.867628492024092	27.090562984446887	0.003146583904343849
70.0	24.7927470340999	23.616300322339296	24.853905246531603	26.736696137353462	3.5125967574048465E-4
71.0	24.157083782014	23.486165063095594	26.17361625325756	26.182181090241457	9.538113913889129E-4
72.0	27.07630209732282	26.33695668252563	21.948511694137633	24.637120099155513	0.0011094268584067697
73.0	25.111936478700052	22.538789011366276	23.563704049408916	28.78117201765138	0.00439844287337428
74.0	24.422379752412464	26.056979811922528	23.736807516871725	25.783015579842633	8.173389506574421E-4
75.0	24.798290975508472	25.064537936397297	22.321194013121254	27.813486239496164	0.002490835476814019
76.0	26.67901672998993	24.449914623052262	25.49187337941905	23.378358524803097	8.367427356622672E-4
77.0	24.084591260869626	25.63597846905174	24.27209100548003	26.00667768393061	6.615806679902172E-4
78.0	26.944618534322988	26.42845204338927	20.42484502649809	26.20169524734956	3.8914844008874916E-4
79.0	27.394984078385008	20.971313853303226	23.038866796613092	28.591780531929423	0.00305473976924846
80.0	23.880580171914463	23.28384681522026	28.23786215751309	24.595745740613808	0.0019651147383799943
81.0	25.25750189502717	25.531502589221926	21.965077022931776	27.24550991406616	4.085787529709512E-4
82.0	22.386007577931586	22.85700666838524	24.27724139943676	30.478615933111865	0.0011284211345496287
83.0	25.237526595040986	22.68967497630376	24.575510461364622	27.49643194548853	8.560218020970978E-4
84.0	22.814314433685617	26.7269449834234	24.948807266702953	25.509057894185993	8.754220020395387E-4
85.0	25.090359594224143	27.219733523817975	21.38623872985341	26.303045653285277	6.224988191975523E-4
86.0	25.215745974142383	25.111111802750095	23.17182957877111	26.4999315277406	0.0013811165958082527
87.0	21.978459961975812	22.542909484611563	26.555659687006532	28.92213444316971	8.364232363821543E-4
88.0	24.86844331888126	27.06494486620646	25.732611313077086	22.333416972533275	5.835293019238961E-4
89.0	26.313852626927236	26.66469828984621	22.907724361891912	24.112713302415035	0.0010114189196023101
90.0	23.797831648778605	26.238986987636487	24.56721083560994	25.395892728426283	7.779954868481808E-5
91.0	26.353598015853567	25.33003627695585	24.09124786348724	24.22472885640067	3.8898730267646607E-4
92.0	25.367614382154812	24.502944824245056	22.67120832606438	27.458213018840144	1.9448695605158805E-5
93.0	26.17132801852094	26.53465985823018	21.105958626612647	26.18768398025927	3.695163769658271E-4
94.0	27.469260653169307	23.79959797306233	23.064311863373074	25.663076066172643	0.003753444222651978
95.0	23.57072707790023	26.772382435935583	24.003488853754018	25.65087347751595	0.002528154894216165
96.0	25.55446156646489	24.745281288838854	24.302633812767624	25.396573206117722	0.0010501258109061789
97.0	25.529364568058078	25.214669537159313	23.221393583861666	26.03433895861477	2.3335230617222682E-4
98.0	27.66215575827733	23.514133300250013	24.6117749273661	24.21189712305382	3.8891052743851276E-5
99.0	21.852265699080757	22.814653855822986	26.609474520667586	28.723547595516997	5.8328911677778654E-5
100.0	22.538140189316177	25.181633604933957	24.606573125206207	27.67363363837449	1.9442169170591233E-5
101.0	22.78533947134051	22.577550858926347	28.869124863497774	25.767848717136673	1.360890986993965E-4
102.0	25.180602809148027	24.719359353411416	24.79419815541505	25.305839682025503	0.0
103.0	25.461165723360253	25.779649506467763	25.535124108742156	23.223866238755324	1.9442267450552967E-4
104.0	25.237834344578086	27.502480802940255	23.36543082759275	23.893981836478535	2.7218841037302254E-4
105.0	27.134506221387888	23.42135016609487	21.38166433184365	28.059834984236296	0.0026442964372966346
106.0	25.627637231299406	23.132448458910034	25.131620954981532	26.108157252189212	1.361026198198857E-4
107.0	25.37329625679096	24.590267524285302	23.02298514903269	27.012790007221138	6.610626699076885E-4
108.0	23.946929246772314	25.048662188371466	24.504707186995006	26.499604170133743	9.720772746997058E-5
109.0	25.593829792445838	24.7831278502683	25.5524597118014	24.069921657353863	6.609881305972572E-4
110.0	24.158014908790822	24.560293704539998	23.308336306084144	27.97331619992049	3.888066454831846E-5
111.0	24.17904667699371	24.332086000634554	24.744876137685623	26.743252427788455	7.387568976565076E-4
112.0	25.378430152017472	24.56138338659265	23.445717682727924	26.614391018375922	7.776028603343614E-5
113.0	28.545738007344205	22.17198431628692	22.734619055672518	26.546919923253228	7.386974431348764E-4
114.0	26.296084326692448	22.532219127782806	27.338601094791326	23.832745528085763	3.499226476547212E-4
115.0	26.643325360428378	24.117405642779254	26.178385048343877	23.060281266045205	6.026824032874576E-4
116.0	27.221020313892485	24.505431139466126	24.808833067116254	23.464598831340723	1.1664818440989238E-4
117.0	25.680718634353656	26.609087524508396	24.29395885602525	23.415476767934024	7.582171786738782E-4
118.0	26.436961497888863	24.806081887898632	25.44490641499662	23.311758578414697	2.916208011951009E-4
119.0	26.900419028599437	21.377554819489912	24.797771505860823	26.923768601648312	4.8604440151700295E-4
120.0	25.09515660742052	23.978026396164882	24.864016162916975	26.06276195042175	3.8883075869046465E-5
121.0	27.35970622704413	23.77563494884092	24.25804364444576	24.605934717639364	6.804620298299001E-4
122.0	26.546040346119398	24.057386124700425	24.268271889629386	25.127873918814323	4.2772073646511755E-4
123.0	23.86486693514364	28.16311667627735	23.386328826875904	24.58500710205456	6.80459648548424E-4
124.0	24.639801164488016	24.726472854924268	23.088926165362896	27.544702606061026	9.720916379121961E-5
125.0	26.00011509430734	24.07868173468896	24.797690648276465	25.12261820885262	8.943138746187501E-4
126.0	24.018709231763154	24.135087839018794	25.298971120568897	26.54709571605797	1.3609259117766169E-4
127.0	25.870056839877037	23.046027157780625	27.841643900386735	23.241436107047786	8.359949078189243E-4
128.0	25.965320157738514	23.27210787936266	25.107024488820635	25.64782891791092	0.007718556167272194
129.0	24.317767082896047	27.168484049120067	22.426595389345497	26.084178837743643	0.002974640894740874
130.0	26.04303006972069	24.79083793147697	23.78247378183218	25.38363877450237	1.9442467793552102E-5
131.0	25.783853504398337	25.041063066804476	24.110397432936157	25.064122156402068	5.638394589629864E-4
132.0	26.020045496082282	25.922267804716814	22.087822993020044	25.964886357008147	0.004977349172710127
133.0	27.199846634802427	25.768911233475766	24.278325169604837	22.751031005706672	0.0018859564102977888
134.0	26.23651841459355	22.97698448003932	21.172932927265546	29.613466964477364	9.72136242172359E-5
135.0	26.10352323682133	24.145156276034747	26.179349052867508	23.571427043802238	5.443904741777128E-4
136.0	27.905717477127855	26.01036501133035	24.316091043335312	21.762654656137688	0.005171812068792877
137.0	28.113521972775583	21.50264492244302	24.697336373433846	25.68634118770404	1.5554364350485716E-4
138.0	25.3056352130338	24.48565679345977	27.040934762955548	23.166684488339765	0.0010887422111187798
139.0	25.558247623313747	23.82466356605786	25.34580498204921	25.270136751079907	0.0011470774992777299
140.0	26.049149889665497	21.765643682742127	25.863476849196548	26.321418503144777	3.110752510474487E-4
141.0	25.244214019030835	25.774531204157924	25.462632528259377	23.518272281205764	3.4996734610234564E-4
142.0	28.228295139747615	23.262895681970544	23.341930973123723	25.16664489064549	2.3331451262931455E-4
143.0	26.70636138133563	25.311485685910128	23.846965364728245	24.134993138585028	1.9442944097258273E-4
144.0	27.45795976332097	25.590550415619322	23.111164169632413	23.83972291008188	6.027413454120107E-4
145.0	27.753642124518198	22.49548525884516	23.234545663826385	26.515626992941293	6.999598689675125E-4
146.0	27.247293417269592	21.62509097123938	25.0992347235884	26.024433858975183	0.003947028927444469
147.0	26.217337185125157	25.172216547020803	26.430588225229496	22.17639718511738	0.003460857507163781
148.0	24.651971627708654	24.137174090695126	24.07563637098943	27.134712387474924	5.055231318635702E-4
149.0	27.756208266592935	25.009848218823727	23.79160507884214	23.440296850397683	0.00204158534351715
150.0	25.085840761134705	24.159485805139578	25.455006102525147	25.299667331200578	0.0
151.0	26.19111554358899	24.61609299285007	25.588764355618594	23.603579884838105	4.472231042455667E-4
152.0	26.866232348027363	24.519072219474026	23.32168202026613	25.29289674354355	1.1666868892394133E-4
153.0	24.87148714015816	23.562810490102816	25.214810343875442	26.35019200120715	7.000246564240096E-4
154.0	22.834632654533532	24.68631849875461	24.963943034564323	27.512363985464816	0.0027418266827183443
155.0	27.062412436590673	24.24035217507314	23.675570615878527	25.021431399684325	2.3337277333202643E-4
156.0	25.79045089691432	23.746073198134464	26.075345197803074	24.38793622677345	1.9448037469366913E-4
157.0	25.135457662138833	23.03896590862238	26.44779249714304	25.37747275871538	3.1117338036200354E-4
158.0	25.104303861673984	21.46022294537146	25.947078286048136	27.48827821416541	1.1669274101135265E-4
159.0	26.3429291155302	22.11942740381754	24.532843061174717	27.004178049234934	6.2237024261159E-4
160.0	26.141700490687363	21.67893304040036	25.91309296414339	26.266195707414262	7.779735461765226E-5
161.0	24.130992940037878	20.838100883997736	28.950006894836143	26.077592871692445	0.0033064094357923486
162.0	24.877014051119133	23.570123628764776	25.31875791242183	26.234104407694264	0.0
163.0	24.674425918876985	24.371117594119625	27.014007927562332	23.940390208474387	5.8350966671289357E-5
164.0	25.31545607869903	24.123148513568896	24.533382919614013	26.026825996307874	0.0011864918101916534
165.0	26.289466722686463	22.177069231128332	26.833072685682275	24.699807820985637	5.835395172961113E-4
166.0	24.839350777759126	23.356874794659806	25.927884814580597	25.875733996983776	1.5561601670071093E-4
167.0	26.508106951455556	23.78955968603192	26.63474463346075	23.067121862021338	4.668670304338946E-4
168.0	26.469042839548706	24.49170869721605	23.85194689940117	25.187204297163685	9.726667038873793E-5
169.0	26.49699998871664	22.205666813350312	25.881862469880247	25.415178917085612	2.9181096718994205E-4
170.0	31.16789457199053	22.9766020322206	23.007340195595884	22.847968654855173	1.9454533781825185E-4
171.0	25.382163163933964	23.578009066781426	27.15608428036751	23.883043110985387	7.003779317139299E-4
172.0	27.322772328837836	24.741921749604725	24.095245486268535	23.83986593448785	1.945008010515491E-4
173.0	28.623157193869048	19.813876410623088	23.48786980332706	28.0735798192979	0.0015167728829010498
174.0	23.75280052411927	26.162150662509546	24.251386673890355	25.833156533182066	5.056062987654844E-4
175.0	25.813212488336283	24.414558186733835	23.251959251764	26.518733710176594	0.001536362989287855
176.0	24.106435407675654	24.576901458853186	28.246497760472682	23.06899844604227	0.0011669269562071761
177.0	22.055278046469162	26.30950174211216	24.91727082515994	26.694316647193162	0.023632739065579004
178.0	25.26967111210694	23.26008159569055	23.957861676321535	27.512016070181005	3.695456999662352E-4
179.0	28.363061724399053	24.184053750554618	23.01899285596603	24.432860727809526	0.001030941270777114
180.0	26.5098210196124	22.33016713272791	25.474008757830603	25.68576910050017	2.3398932891665475E-4
181.0	28.021550667795363	22.177621166364478	26.08825892826631	23.711924826521617	6.444110522353741E-4
182.0	25.443177075735324	23.02853014978958	25.574177784053102	25.95407593236942	3.905805256940469E-5
183.0	23.642595509447194	24.493814333325847	26.657240144874184	25.20582270001494	5.273123378392498E-4
184.0	26.287208936453375	22.200546760695808	26.430022189570142	25.078979908683113	0.0032422045975633073
185.0	24.843764280921196	24.840288036171692	24.834995551187898	25.48026860044824	6.835312709697629E-4
186.0	27.265541487946088	23.15800699107434	25.55138646672228	24.025045522843257	1.9531414033360046E-5
187.0	23.818479079205506	23.145966943449473	28.279296805415644	24.755630759810497	6.26412118882058E-4
188.0	27.07010758615937	28.403795389746307	22.47661161936786	22.049113445881556	3.7195884490725693E-4
189.0	25.102853506925747	23.84682100729284	25.057510645587588	25.991738045127505	0.0010767950663207872
190.0	28.544721690412427	21.989729207107164	24.948475691060125	24.516740554398822	3.328570214622291E-4
191.0	26.47481371052858	24.129639195171436	24.65068885628325	24.744466029013267	3.922090034714419E-4
192.0	26.626649812647774	23.81341463534225	24.499924980656775	25.05993211975245	7.845160075588118E-5
193.0	27.55753171315785	24.70878113350559	21.560180655346414	26.173114178353213	3.923196369317152E-4
194.0	27.86136799362361	23.677066231582096	24.304583002864316	24.156982771929982	0.0
195.0	26.14656992395049	22.189699961543592	24.6490460456611	27.014115070987387	5.689978574287576E-4
196.0	27.881005500218535	22.558705125577376	26.353899191116565	23.2062918314221	9.835166542809137E-5
197.0	24.738215028331307	24.494613598987822	24.071272009857378	26.695230452421487	6.689104020092494E-4
198.0	27.092394506756197	23.673897474846804	24.69385961351168	24.53978928350005	5.9121385269236814E-5
199.0	25.389304779675527	23.07408249230889	25.742328686050826	25.79379035747299	4.936844917705757E-4
200.0	27.480050384061954	24.101344009466956	24.00552107571315	24.41304503243405	3.9498323888625786E-5
201.0	24.881886840077712	21.761913969417872	28.76427001119658	24.59161317068633	3.160086215052162E-4
202.0	25.13975650310682	24.797885885373397	28.4760566128894	21.586300998630385	0.0
203.0	25.75089657892236	24.350433485609983	23.5052358312276	26.392801840992515	6.322632475450898E-4
204.0	25.981386861962935	23.667025713652816	24.38962506365328	25.96190307944542	5.928128555024593E-5
205.0	27.125683289043838	24.708775248420686	25.26925950745287	22.89545195935313	8.299957294743538E-4
206.0	24.999920941554464	22.03036713951523	25.618612571715893	27.351059817991647	3.952922276851608E-5
207.0	25.59341098143404	23.571278900591455	27.048996584116143	23.786056551855015	2.5698200335262677E-4
208.0	28.014653312496442	22.526521957824276	22.177153391583836	27.28165156624677	1.9771848683669403E-5
209.0	27.24942514097592	20.973969782229876	25.109494131968805	26.666359495120716	7.51449704680266E-4
210.0	24.48350965022484	24.685347132780386	24.90344237238254	25.927384391920327	3.164526919048237E-4
211.0	24.964992602844987	25.35097413350015	25.476700049815555	24.206680349128305	6.52864711000533E-4
212.0	28.69765541713956	22.781766985825303	24.582413114811207	23.93786758433187	2.968978920645527E-4
213.0	29.67284504331888	23.374965067014884	22.48725626877493	24.46467614176642	2.5747912487995037E-4
214.0	27.374804669574164	25.354350157007698	24.484043216416897	22.786762311094687	3.964590655023721E-5
215.0	25.671356311826298	25.42277941950242	22.73542675744459	26.17017919790933	2.583133173629469E-4
216.0	25.646691296403727	24.666208943519266	26.185252529797538	23.501746793661404	1.0043661806605675E-4
217.0	28.44338926658743	23.132540571741735	25.71390699914227	22.70953486599854	6.282965300196028E-4
218.0	24.009603570812803	24.76550242539161	25.483084582316216	25.741563407369227	2.4601411013928703E-4
219.0	26.200527322246046	23.243590592637357	24.99486750718135	25.560414407404036	6.001705312130068E-4
220.0	27.79327251921883	22.308848497359214	24.99294048805418	24.904605548599513	3.3294676826259843E-4
221.0	25.436016203368638	22.855413674686538	24.38078335861176	27.3276608956326	1.2586770046004646E-4
222.0	25.02888243170039	25.262761752006508	24.72217422323803	24.986054381023358	1.272120317139595E-4
223.0	30.272398462571047	22.9850221520013	24.24738894861865	22.49452505040302	6.653864059840131E-4
224.0	29.495052714087894	23.582651118525234	24.80093130445899	22.121257252410796	1.076105170771434E-4
225.0	30.572269753843866	20.03785351801485	24.0949702803763	25.293997027929365	9.094198356158689E-4
226.0	25.40692298021336	22.694227228543156	25.69128829776376	26.2074081731976	1.5332028212684142E-4
227.0	26.38377502644847	23.949741269792085	26.085759436238163	23.579484841375585	0.0012394261456945435
228.0	27.295833855257445	27.952801892587686	23.17830314553929	21.57301660864502	4.449797055880774E-5
229.0	27.748001764486013	25.29269478096016	21.50582942628388	25.453451579338456	2.244893148698355E-5
230.0	25.48667661334748	23.375476643210146	27.605613728681845	23.53223301476053	0.0
231.0	25.01462054692542	25.120255431848527	24.67143330897722	25.192429331729777	0.0012613805190557902
232.0	25.286735590230098	25.02946756050638	24.63310202000907	25.050533141679658	1.616875747949397E-4
233.0	22.783065443726105	25.708279130436207	22.788492556317404	28.719741800439923	4.210690803593965E-4
234.0	27.05629532453694	21.727462339459937	26.540199177736255	24.674806885941752	0.001236272325116798
235.0	25.84580567108661	21.99921753209623	27.565934958860243	24.588897382343912	1.4445561300341277E-4
236.0	28.41317385754304	23.83801908314127	23.920586608177874	23.827951660733728	2.687904040848322E-4
237.0	27.48953900551701	25.472854718774705	22.500565125675067	24.53691776014783	1.2338988538560325E-4
238.0	27.144204950287797	22.804415256893957	24.28388787787434	25.767491914943907	0.0
239.0	27.27219528974869	23.932972827743495	24.079217261524636	24.714495143758686	0.0011194772244902944
240.0	25.23232449916187	22.34017102034127	26.592414167064966	25.83495857285965	1.317405722494281E-4
241.0	29.802288057609832	21.33683369634958	23.296725677911727	25.561857334616555	0.0022952335123087833
242.0	26.22002004060456	24.607309084959528	21.413499628236476	27.75800824619864	0.0011630000007929544
243.0	27.65058288783645	23.138523760304324	25.3619750408784	23.84632369760999	0.002594613370836969
244.0	26.272446134185877	22.89367071212414	26.079206497138944	24.753695071354613	9.8158519642183E-4
245.0	28.93994194266406	21.03792971186901	23.63147812297406	26.38878958083199	0.0018606416608831723
246.0	24.714970530535563	26.70288134040799	23.541011227578394	25.038287938074717	0.0028489634033344053
247.0	25.48544537470821	23.225061798506594	24.64786121283787	26.503350203274206	0.13828141067311622
248.0	25.944964732658033	23.39996351884508	23.799840775515644	26.845723439195453	0.009507533785795799
249.0	25.512865782592364	21.533593027143446	28.16423073014821	24.773706310055534	0.015604150060445974
250.0	26.432144746417187	22.714639785393782	25.108336936061203	25.743911837444916	9.666946829107177E-4
