# Position (bp)	A	C	G	T	N
0.0	24.225515456518952	24.399157688453172	24.57815846097611	26.7971046019019	6.379214986562184E-5
1.0	23.137143947100714	30.285732451678538	23.509219226856562	22.990017802644964	0.07788657171922686
2.0	24.47775528017132	26.818309837712757	22.524459803712613	26.178840747394165	6.343310091445158E-4
3.0	25.555001334145437	22.087047127340856	24.426206545995694	27.925723908583468	0.006021083934543846
4.0	25.885879876487234	23.666588985680523	23.72256995721635	26.72477119994326	1.8998067263290415E-4
5.0	28.083980536775638	23.77780855934063	22.585803079379115	25.551332578130882	0.0010752463737316047
6.0	26.051528594935284	23.70708107759976	24.178433103371635	26.056895630727734	0.006061593365586061
7.0	25.580851636354012	25.492941681355084	23.030580690940738	25.894680723016844	9.4526833332178E-4
8.0	27.99840314843804	23.94372041266668	23.721418557426933	24.33639501329662	6.28681717306979E-5
9.0	25.97555006087382	25.309515143147614	22.468339337040153	26.246407189386616	1.8826955179295372E-4
10.0	24.54535593067301	24.484722090720012	23.525365574400606	27.44455640420637	0.0
11.0	27.311643939975696	22.991805226956085	22.501069598891274	27.19523745095386	2.4378322308237068E-4
12.0	27.96001253367222	24.651279438943753	20.28181516923164	27.106892858152392	0.0
13.0	25.69751798167842	23.145854824984667	24.423647392716052	26.732860952779376	1.1884784148550294E-4
14.0	26.48879217921228	22.18346781777828	23.422100120377685	27.905522326298765	1.1755633299477109E-4
15.0	25.96068864223136	23.647166897726752	24.4528112245875	25.939333235454388	0.0
16.0	26.397472584235764	24.726413757479623	21.6215413167795	27.254400921553657	1.7141995145386976E-4
17.0	28.308841251175654	26.56803320864026	19.49101907165125	25.630873363473412	0.001233105059430059
18.0	25.146440370394078	25.87431427831881	20.348462118660816	28.63061623800074	1.6699462555630086E-4
19.0	25.185636611109913	24.707395740445836	21.764166363614727	28.34241382116116	3.8746366836209695E-4
20.0	23.09298218322916	25.35079189618088	23.80151942485905	27.754596559774104	1.0993595680836128E-4
21.0	23.988947240462387	24.14474121737348	23.722167771252142	28.143925724758162	2.1804615382938104E-4
22.0	22.425789698625877	27.110449881064934	26.09712742672866	24.36657903030146	5.39632790678599E-5
23.0	25.097153981943382	24.12792415489197	23.56342648153779	27.211226777861462	2.6860376539502483E-4
24.0	27.554062168102885	22.03437875773352	23.828943316692275	26.582615757471324	0.0
25.0	25.111298811952036	25.115250716743798	19.731755241147862	30.04143176983685	2.634603194509065E-4
26.0	26.390571977787943	25.48414019436337	20.011232817430567	28.11400261854578	5.2391872344059524E-5
27.0	25.63319924910043	24.925403780935028	19.70343333310693	29.737911389462013	5.224739559794793E-5
28.0	27.409818098160304	23.790237736424572	22.87015615589223	25.926996280279273	0.0027917292436223204
29.0	27.406918082993215	23.799257107598454	22.480387353609814	26.313232463413982	2.049923845329146E-4
30.0	24.063060655800285	24.182260055222606	24.89755824458271	26.856866562329017	2.544820653764426E-4
31.0	26.285022119233197	24.72462364894427	22.558933982596297	26.431167052875498	2.531963507316362E-4
32.0	24.456210933972773	22.452920107152533	24.51460304401481	28.575964924601944	3.0099025794865105E-4
33.0	23.825614414800636	24.586912695565534	24.542404805462812	27.044919228351276	1.4885581974155652E-4
34.0	25.906730148181428	26.504941510953117	22.684892533319438	24.903435807546014	0.0
35.0	25.40013377055678	22.63024778639844	25.72571984248687	26.24375288099715	1.457195607623853E-4
36.0	23.99452469829797	24.114278727016618	26.393098907220224	25.497855053954822	2.4261351037002928E-4
37.0	25.63523230410437	25.42267977229425	21.54371733132584	27.398370592275544	0.0
38.0	26.458887356535875	25.765885554566314	21.349071956582037	26.42605814794771	9.698436805955616E-5
39.0	23.223991393691584	27.594970215831594	21.38157623627206	27.799074307948956	3.878462558049676E-4
40.0	26.551601953065735	26.553783228704813	22.27678642839381	24.617682971459708	1.4541837593849385E-4
41.0	24.617692317012587	24.211406346552288	21.388583960355252	29.77659845152848	0.005718924551391565
42.0	24.311566268213056	26.1886127911896	20.55509868620312	28.94472225439422	0.0
43.0	26.017632650687933	25.284562103126053	22.719130141947925	25.97436263951914	0.00431246471895086
44.0	28.8892872369288	24.736056741986744	22.88511104220767	23.489399635673035	1.4534320375179257E-4
45.0	25.382971065915346	24.395105526844667	21.750867421895702	28.466793350871487	0.0042626344727968845
46.0	24.926331125365923	24.27294971917677	22.736123031379744	28.064596124077568	0.0
47.0	25.63061817410461	24.386404944889165	23.13768773255445	26.842819222225074	0.0024699262266937036
48.0	23.053189949443187	24.022498096192045	22.43114218310735	30.49316977125741	0.0
49.0	22.505206210469346	26.091464719271258	24.070506273108457	27.330644466410625	0.0021783307403129633
50.0	27.501974861178873	24.16039357821612	20.303121829573353	28.03441292411112	9.680692053313506E-5
51.0	24.748513536664802	27.088090193455592	21.30392573442371	26.856373232722614	0.0030973027332728714
52.0	23.082972714721453	25.950240911589745	21.169979140640777	29.79675892512949	4.830791853739081E-5
53.0	22.442606896478566	25.129622995141037	24.102041613405476	28.323221140470196	0.0025073545047275686
54.0	23.2841057252409	28.147300935819597	22.426785424976277	26.14171147748401	9.643647921986745E-5
55.0	24.0801658736993	28.113379099336598	22.613761551746535	25.19057675747706	0.0021167177405000265
56.0	26.731665552354244	25.294394928355324	24.786845662118026	23.187093857172403	0.0
57.0	22.77411005041729	27.575030768350274	23.043245944325037	26.601938105477608	0.005675131429791651
58.0	25.55089996878999	24.81157376839479	21.903656764902056	27.733580961604954	2.885363082067901E-4
59.0	27.634126860859475	22.73577298127492	24.230375112340397	25.396647555775896	0.003077489749314417
60.0	24.58226545072888	22.73920170233851	23.512014219443035	29.166422602077414	9.602541216507536E-5
61.0	25.457616247585175	23.69868380119138	22.854119698430317	27.982811065748493	0.006769187044640148
62.0	25.380973594919844	22.00223322727264	24.961835432464557	27.654765722361653	1.9202298131040324E-4
63.0	26.928493869545306	23.64979747562171	22.324868495962473	27.09386397696627	0.002976181904237987
64.0	25.64592508428234	21.403259012869164	23.38268444635198	29.567939851295204	1.9160520131479488E-4
65.0	24.779244690185802	25.800878614754442	23.619620735768013	25.794747853275553	0.005508106016192874
66.0	24.81735743726646	23.85579594991853	23.04313592514792	28.28313596346287	5.747242042224988E-4
67.0	26.801441325467728	24.817272151710807	20.914975398428602	27.465257523904757	0.0010536004881043716
68.0	23.79082907804713	22.708502638892014	26.649528993332495	26.850899847571124	2.394421572397491E-4
69.0	23.131711792643017	24.670713335523313	25.034022856847333	27.160056352002726	0.0034956629836106084
70.0	26.348104095975284	23.11685330387311	24.149921925627286	26.384833724303007	2.8695022131035823E-4
71.0	24.588843631355935	22.741036099743745	25.912507259908047	26.756754694740536	8.583142517359406E-4
72.0	27.13181879510444	25.578011464162216	21.99034752440175	25.297867501822413	0.001954714509178338
73.0	25.451629909917123	23.055791511865028	22.55556413578499	28.932867331539114	0.004147110893745299
74.0	24.801874177354897	25.6722934559148	23.32113682047489	26.203790100523538	9.054457318717851E-4
75.0	25.702550027280026	24.679918326697972	21.954012308176146	27.6607555971705	0.0027637406753533893
76.0	26.94829157750641	23.91548489123759	25.01828470198199	24.117081175500264	8.576537737480756E-4
77.0	24.682509696824454	24.4982211967032	23.819002774332823	26.999742243850655	5.240882888660302E-4
78.0	27.151195281856115	26.34584444398919	20.79343065450001	25.70876733774472	7.622819099544965E-4
79.0	27.629909649818607	21.089204427706754	22.425948819826065	28.851792830583285	0.003144272065286522
80.0	24.204779256067916	23.180435185454247	28.238035782253878	24.374082089484695	0.00266768673926268
81.0	25.253227748731007	25.10503521180434	21.658355944087923	27.983095285276587	2.858101001478591E-4
82.0	23.486444183416737	22.050315471988583	24.011024133630944	30.451120656722846	0.0010955542408904665
83.0	25.67482991123567	22.436856153774343	23.812427006151964	28.07502957858377	8.573502542519809E-4
84.0	24.002787095348474	25.567408701433603	24.517580561200603	25.911175861811124	0.0010477802061936194
85.0	25.279008157253212	27.158905235566937	20.61586333112524	26.945747051335594	4.7622471901551014E-4
86.0	25.728824309794255	24.650790037837627	22.431198470876073	27.187520535460035	0.0016666460320015086
87.0	22.646154871670348	21.79930532244894	25.58665495380323	29.966837360225306	0.0010474918521798542
88.0	24.425286125025174	27.32212495471086	25.826500088316806	22.425231849468172	8.56982478993217E-4
89.0	26.171365076281912	26.616973689096586	22.368981070203354	24.841870832535903	8.093318822488762E-4
90.0	23.76450336636623	25.90557227273874	25.008699758596574	25.32108178820384	1.428140946086251E-4
91.0	26.94939853550261	25.10713831803194	23.384880632943148	24.557725692585024	8.568209372764232E-4
92.0	25.29923781046503	24.172446274752836	22.875538870809518	27.65277704397262	0.0
93.0	26.731952727497728	26.1755060661301	20.61341926026054	26.478883965330958	2.3798078067215292E-4
94.0	28.1113880046909	23.5624114744361	22.7727729633409	25.54876330739122	0.0046642501408793915
95.0	23.88592309365361	26.178017198915466	23.73110525090913	26.202098916846207	0.0028555396755821374
96.0	26.557213840377937	24.085126309843282	23.71207171176333	25.644398398896683	0.0011897391187649937
97.0	25.036926005234356	25.630787532714727	23.342041399000713	25.990054722817035	1.9034023316678563E-4
98.0	28.395270270270267	22.62047963456414	23.88237533307956	25.10177959649791	9.516558812333461E-5
99.0	22.488959767976713	22.38390985499496	26.121460155728883	29.005622644346097	4.757695334318493E-5
100.0	22.86394317042213	24.78644189069098	24.296861471243634	28.05275346764326	0.0
101.0	23.966925636912677	21.821858534886772	28.14217866092784	26.068942027579094	9.513969361213069E-5
102.0	25.324325661399822	24.172869668462873	24.688042286966848	25.814714814138277	4.756903217949889E-5
103.0	25.701827056877597	25.451913373401958	25.428610289690624	23.41750660808874	1.4267194108980437E-4
104.0	25.979103766429358	26.777347307271455	22.84119727971384	24.402066321835854	2.8532474949675843E-4
105.0	27.462974596409666	23.433182123184515	20.84678951480707	28.253487114641196	0.0035666509575506718
106.0	26.020188109776832	23.313762143228395	24.773969160039773	25.89198548114741	9.51058075885875E-5
107.0	25.664026111679355	24.411557575558724	22.743438199458193	27.180407490940183	5.706223635463609E-4
108.0	23.708327193036666	24.422439733978578	24.335445595386933	27.533549788694568	2.3768890325586258E-4
109.0	26.11830588535015	23.742976797110536	25.641196262783883	24.496950690592175	5.703641632591369E-4
110.0	24.70438723561193	23.957988768616	23.11634786113234	28.221181082303914	9.505233581610035E-5
111.0	24.95071611340712	23.558030469513376	24.458114874703917	27.032473186143864	6.653562317264663E-4
112.0	25.79670199116096	24.136625005940218	23.809105165613268	26.25742527206197	1.4256522358979234E-4
113.0	28.53502869935084	21.811221519832465	22.56801572702567	27.085163820808088	5.702329829410051E-4
114.0	26.41755731031084	22.375505909825094	26.8776934931336	24.328910646713968	3.3264001649894483E-4
115.0	27.38489964732926	23.257782304112336	25.94180576353619	23.41503705157566	4.752334465497814E-4
116.0	26.969416874775753	24.46497945838571	24.62912228260224	23.93629129410982	1.900901264812179E-4
117.0	25.718216487863995	26.586116358365707	24.43140749189151	23.263641871903626	6.177899751695952E-4
118.0	26.42240994223301	24.502118503114552	25.26768793280097	23.807498493572258	2.8512827921281785E-4
119.0	27.309669034047033	21.066532971850428	24.484922503736406	27.138352749970895	5.227403952392606E-4
120.0	25.657475482334025	23.272405679991294	24.616701333793344	26.453322460353778	9.504352755953408E-5
121.0	27.571448937889087	23.576581285938317	24.064629568027375	24.78686499073326	4.7521741196597446E-4
122.0	26.587517885935846	24.007000879624503	24.639180499803498	24.76577799722189	5.227374142651238E-4
123.0	24.267693747935816	28.73155304857331	22.680168888656567	24.320109107584546	4.7520724976180234E-4
124.0	25.180600369706845	24.51203923264445	22.975474845203077	27.33179051212477	9.50403208561232E-5
125.0	26.72207372560201	23.6894163488839	24.415743017688918	25.171911567292724	8.553405324494814E-4
126.0	24.048946875219777	24.11210014807043	24.732370780515527	27.106439638016273	1.4255817799243873E-4
127.0	26.226257477005888	22.987552103825603	27.277029839597194	23.508352768321632	8.078112496744996E-4
128.0	26.427038606215085	23.01656317060978	24.851170959519642	25.695390861554777	0.009836402100713354
129.0	24.64360097374472	26.385051127300063	21.997972869909663	26.970286340440957	0.003088688604592262
130.0	25.98480236950362	24.051003441824705	23.988895684152354	25.975250985194403	4.751932492146244E-5
131.0	25.98833194971058	24.289350920152692	24.703772466841762	25.017926903851446	6.177594435222933E-4
132.0	26.19061196171794	24.912040601032135	22.5967743468385	26.293540140088766	0.007032950322660356
133.0	26.508321643496082	25.452624796140643	25.044335846173148	22.992579329326475	0.002138384863656581
134.0	26.63682167466804	23.444506799706712	21.10615278538739	28.812376183753408	1.4255648444304846E-4
135.0	26.670784933794895	23.269508112590255	25.962569703651084	24.096757102228853	3.8014773491348077E-4
136.0	27.825801016051443	26.00335199088015	24.813000820653283	21.350670802087603	0.007175370327515264
137.0	28.628017110701602	21.64179671870649	24.419909770605976	25.3099912849848	2.8511500113570813E-4
138.0	25.587827769457093	23.972928846753288	26.768472550614675	23.669725468133475	0.001045365041472482
139.0	25.79300421906042	23.6557239093237	25.308612936963083	25.241613554212716	0.0010453804400766549
140.0	26.93610757108794	21.319445038408062	25.47842581584467	26.26568895503268	3.326196266487242E-4
141.0	25.72441111007628	25.107533115257635	25.271042372704173	23.896348150696518	6.652512654029426E-4
142.0	28.37503540114006	22.955762355235475	23.932976375797598	24.73594075797405	2.85109852826294E-4
143.0	27.06410923493256	24.890862479834446	24.112703764157466	23.932181966352335	1.4255472319436624E-4
144.0	27.83247673499179	25.211694468098045	23.31908414938264	23.636079389939784	6.652575877379722E-4
145.0	28.518866983135897	22.561927706263337	22.616525776086142	26.301586622760126	0.0010929117545035092
146.0	27.857627530995366	21.572833175259966	24.77187067000933	25.792299197722222	0.005369426013110903
147.0	26.873291208890414	23.784234029188074	26.681992133265037	22.6571089986591	0.0033736299973676186
148.0	24.580939488122997	24.207506762795855	24.026753729694388	27.18422982054417	5.701988425913827E-4
149.0	28.01714777985953	24.982597056158408	24.024235351472942	22.973786533708967	0.002233278800149582
150.0	25.806891531273994	24.106484402916422	24.95414579072614	25.13238324045282	9.503463061939771E-5
151.0	27.12260743950885	24.061413012487883	25.13343217197924	23.682119708806145	4.276672178821919E-4
152.0	27.531741660730724	24.001252607024007	22.771454815622995	25.695360839683882	1.9007693839273793E-4
153.0	24.84526563939683	23.504369151872755	25.268994251603655	26.380753207664085	6.177494626767654E-4
154.0	23.31793858288146	24.447478303761123	24.550310611543356	27.68085109416141	0.0034214076526434887
155.0	27.563867381679724	23.08768541453205	24.14247858097409	25.20592109890486	4.752390927875815E-5
156.0	26.30563925139484	23.044796547823857	26.017498502979784	24.631970648898857	9.504890266041878E-5
157.0	25.033921012397865	22.509437289018432	26.719587406429095	25.73676914178769	2.851503669172346E-4
158.0	24.97784080836731	21.237416787185737	26.161723840153456	27.622875985044388	1.425792491111372E-4
159.0	26.76385346791771	21.179121488095863	24.132462127945143	27.924135171178744	4.2774486254656475E-4
160.0	26.666904306993278	21.441050940580414	25.739489168353913	26.152460527941752	9.505613064514595E-5
161.0	24.866599524810564	20.147547318135953	28.987506196521583	25.994164456989843	0.0041825035420576875
162.0	25.774086179780674	23.48349356011439	24.807212177583903	25.93516055393615	4.752858487916095E-5
163.0	25.07357638255156	23.79012479467056	27.51138817910811	23.62481558374399	9.505992577720995E-5
164.0	25.464342021521073	23.431346966168874	25.18371911852848	25.918643123621898	0.0019487701596708196
165.0	27.236707141207127	21.46582922741571	26.356331225158918	24.94065709258254	4.753136357025183E-4
166.0	25.01849038594997	23.027327744705282	26.007131870200347	25.946954932892734	9.506625167078938E-5
167.0	26.644956063836965	22.852508919853936	26.676423920514665	23.8256832850541	4.2781074033123966E-4
168.0	25.890048709949294	23.896158963567128	24.2792025581874	25.934447160852166	1.4260744401350587E-4
169.0	26.71183939753635	22.724206597265965	25.62642937514172	24.93728694555932	2.376844966484109E-4
170.0	31.13379488954216	22.90707204003788	23.193009343946212	22.766028651725986	9.507474776669418E-5
171.0	25.440947457088907	23.622585864962456	26.55814745024367	24.377606182011093	7.130456938695184E-4
172.0	27.46402033224284	24.454008185362532	24.201756070113543	23.88012036626931	9.504601177429994E-5
173.0	28.40762987522058	20.388288162442258	22.959945340703598	28.24214106317653	0.001995558457034201
174.0	24.53773671410253	25.33282148909615	24.23039262032101	25.898479052948797	5.701235315161913E-4
175.0	25.272135845349215	24.187583108740796	23.31562722246847	27.223133577807836	0.0015202456336882633
176.0	24.85948150087202	23.970738516107545	27.72144580007535	23.44638633121176	0.0019478517333267455
177.0	22.886056487124957	26.03121976992358	24.093596592755613	26.96385029258438	0.02527685761146999
178.0	25.16134303917316	23.175867594431697	23.834874039602145	27.82748777070832	4.275560846694065E-4
179.0	28.004952567196273	24.284113158368598	23.158667919061827	24.550888530654465	0.0013778247188406128
180.0	26.99250019059236	22.1254860105207	25.26821110009911	25.613755050697566	4.76480902645422E-5
181.0	27.97282495654016	22.12568719981223	26.18290916654422	23.71805391501144	5.247620919497679E-4
182.0	25.503985467319833	22.844796948442475	25.841446665722117	25.809723214077007	4.7704438564077316E-5
183.0	24.1594293336692	24.39506010278253	25.99299834547984	25.452273677099495	2.3854096893433254E-4
184.0	26.04488015641356	22.244704391545348	26.630715340112655	25.075978705924	0.0037214060044408774
185.0	25.268463019102843	24.22528425285684	24.21631600664986	26.289555093892293	3.8162749816938064E-4
186.0	27.76997513543839	23.069370791105243	25.042506378342072	24.118099988741296	4.770637299895619E-5
187.0	25.034658548758127	23.313108675823536	27.3220749618995	24.32972756946529	4.3024405354913104E-4
188.0	27.24339927800457	27.558118910763145	22.591543828162987	22.60645990372438	4.7807934491655844E-4
189.0	25.333835022150485	23.636714824330824	24.976262214321846	26.05242297530792	7.649638889234185E-4
190.0	28.363808144955616	21.80822528250681	25.02402634722064	24.803748970811693	1.9125450523893903E-4
191.0	26.53732391027762	23.74569816501329	24.35766367084492	25.35921848461443	9.576924973890909E-5
192.0	26.725252139250877	23.033036096102393	24.413055835297914	25.828560154503982	9.577484483277951E-5
193.0	27.470672327464207	24.154412380959222	22.24425239877493	26.13047132604901	1.9156675263224692E-4
194.0	27.836527800992034	22.98623060798252	24.186305127734805	24.99093646329064	0.0
195.0	26.343319113551644	21.532958247872543	24.65950600229343	27.463785540273467	4.3109600891314947E-4
196.0	28.380385117101735	22.25170643835097	26.204133092829192	23.16367932930263	9.602241547266794E-5
197.0	24.757551951781217	24.19765014107989	24.216857750366387	26.827459966540346	4.801902321623735E-4
198.0	27.788072881638058	23.22585052471354	23.68302048725668	25.302911782505827	1.4432388589176285E-4
199.0	25.511480202235465	23.243825201553538	25.593504021914143	25.650805033428803	3.8554086805490294E-4
200.0	28.13226271321229	23.478969158621755	23.427542762951788	24.96112897084552	9.639436864098399E-5
201.0	24.98864884092857	20.924789292603478	29.079018527212412	25.007350538252197	1.9280100333642135E-4
202.0	25.184657084695694	25.310469260132823	28.22068323241847	21.28419042275301	0.0
203.0	26.122008696100835	24.72920523309109	21.880140013299236	27.268115631041134	5.304264677020913E-4
204.0	25.61044302210288	23.269848802262374	24.115248247472	27.00421879882869	2.411293340586504E-4
205.0	26.89894845277297	24.271816566643327	25.301323934804458	23.527235864107148	6.751816720970565E-4
206.0	25.32899433170886	21.512158465201168	25.81686673534984	27.34183577004256	1.4469769757023625E-4
207.0	26.37614070362425	23.49127066556743	26.471174213790665	23.66112497485471	2.8944216294339527E-4
208.0	28.174223687295964	22.45104349512727	21.664863738170393	27.709772580111302	9.64992950726495E-5
209.0	26.853189169991104	21.060918920666573	25.311746150011654	26.773518430674635	6.273286560352153E-4
210.0	25.10981301983512	24.18125893188528	24.558443307233688	26.15014689195731	3.378490886038193E-4
211.0	25.155502900532216	24.98170270124132	25.90173336732093	23.960192029909084	8.69000996454476E-4
212.0	28.05716932352789	22.243885806241913	24.54525389618512	25.15340119610674	2.8977793833622064E-4
213.0	29.85507862652557	22.92353538374857	22.663081846678395	24.55796589170062	3.382513468443807E-4
214.0	27.44086660000116	24.793378838666253	24.327429503161454	23.438228348055837	9.671011529779945E-5
215.0	26.57755034296943	24.297161022390537	23.141750198076657	25.983102304473505	4.36132089872286E-4
216.0	26.01307843431505	24.384257229478756	26.073546821559894	23.5290684729697	4.9041676597606176E-5
217.0	28.920198759559028	23.430458155530694	25.125684590690607	22.522965676316463	6.928179032064107E-4
218.0	24.85173191129318	24.35062077573464	24.87143431498643	25.925862955280543	3.500427052100356E-4
219.0	26.83993761640144	22.77263802875904	24.20428104921541	26.18253763961863	6.056660054812774E-4
220.0	27.79616695150311	21.550872329563287	25.072789188416394	25.579816646784725	3.548837324845866E-4
221.0	25.61535554897415	22.305119537576974	24.61764315403548	27.461575383735536	3.0637567785618726E-4
222.0	25.478250073283682	24.442181107801968	24.40204895504426	25.67731379376607	2.0607010401903678E-4
223.0	30.41101495508477	22.579429366272556	24.274161978019233	22.734664895322737	7.288053007050671E-4
224.0	30.005365193256555	22.396967935141703	24.462462957724572	23.135151723281286	5.219059588090941E-5
225.0	30.794514105513553	19.777165061304014	24.078760136197317	25.348668391440793	8.923055443142554E-4
226.0	25.40346223131234	22.271560485140736	26.005965123220193	26.318800104755454	2.120555712830104E-4
227.0	27.434782375844176	23.69390695208359	25.37738122653585	23.492697661216468	0.0012317843199211658
228.0	27.514579749710933	27.732811929164935	22.97759945678696	21.774847450003254	1.6141433391568037E-4
229.0	27.71503885024552	24.97261429528358	22.351891920647137	24.960454933823762	0.0
230.0	26.038691206364785	22.63198995864293	27.28827500700967	24.041043827982616	0.0
231.0	24.99757447202493	24.58293392972677	24.48763147054633	25.930640433634505	0.0012196940674634965
232.0	25.207321820349716	25.46062530603322	24.356507646508348	24.975433688805904	1.1153830281087677E-4
233.0	23.27026899033908	25.129274574008427	21.895944397838697	29.704004636520263	5.07401293535031E-4
234.0	27.0117108097275	21.386565360910335	26.625696081587424	24.974483917577764	0.0015438301969755795
235.0	25.264961773209492	22.138398390304815	27.844915886023497	24.751492605939887	2.313445223111549E-4
236.0	28.769626774151398	23.37078072329537	23.964454569478065	23.894962151241515	1.7578183365061955E-4
237.0	28.16100659894152	23.703939956259525	22.427406909479945	25.707469017164826	1.775181541899018E-4
238.0	26.93258603279482	22.605042721426116	24.527656628259507	25.934714617519557	0.0
239.0	27.79775089970081	23.02129544778701	24.10451701390364	25.07528356506066	0.0011530735478859305
240.0	25.874257229260767	21.37563449876002	25.90726926211554	26.842714200665736	1.2480919793865129E-4
241.0	28.800723218396833	21.521744970552092	23.985785534757404	25.689434676372887	0.002311599920780846
242.0	27.11831942809178	23.748387423877958	21.580697033485873	27.551344235944065	0.0012518786003246122
243.0	28.33631302935623	22.19021149461929	25.498772248100636	23.972067624562065	0.0026356033617748404
244.0	26.51580831479196	22.791208528675263	26.255275568076442	24.436827410257976	8.801781983632458E-4
245.0	28.902742340709636	21.222310512946706	23.530038205868063	26.34276643756589	0.0021425029097079957
246.0	24.248043306343657	26.547604095597606	23.461010973641674	25.739996579217927	0.003345045199134327
247.0	25.444131404308735	23.159810117572476	24.897994820813167	26.358745682692874	0.13931797461274728
248.0	26.339437816723642	22.523111880627564	24.282451942867205	26.84454909192696	0.01044926785463232
249.0	25.92481107512542	21.409411316441226	28.738934400203213	23.91109417666857	0.015749031561567282
250.0	27.277595627719382	21.889548081778408	24.833119911056716	25.998653879583987	0.0010824998615036941
