# Position (bp)	A	C	G	T	N
0.0	23.8817710181487	24.29077463776387	25.64233961150387	26.185066974103922	4.775847963745583E-5
1.0	23.152721331067045	29.743918169701804	23.729966877713434	23.29615117219348	0.07724244932423578
2.0	24.82945219532212	25.887978920652287	23.49584530160033	25.78601118558033	7.123968449368531E-4
3.0	26.077423824029	22.289264668203945	24.48097854451941	27.14440933375087	0.007923629496778356
4.0	26.24280311522552	24.1410544387129	24.421369753152835	25.194725294309748	4.739859899221099E-5
5.0	28.028984190183543	24.401842537976787	22.577243368557767	24.991551247717418	3.78655564485516E-4
6.0	25.590677637856274	24.45551850207363	24.082028851331565	25.8653982409568	0.006376767781735048
7.0	25.339118621329003	25.222907253247513	24.287610652818657	25.14993951544523	4.239571596000859E-4
8.0	27.29465011679223	24.754689313863263	24.070244535204516	23.88041603413999	0.0
9.0	26.00906977365901	26.145693264551014	22.39579351608269	25.449208939200435	2.3450650685204563E-4
10.0	24.81584071961366	24.97258398248748	23.43794283133797	26.773632466560894	0.0
11.0	27.586051763978798	22.802507537836874	23.286610484125667	26.324648442559067	1.817714995921502E-4
12.0	27.682309687226127	25.19602638691075	20.5778246464632	26.543794519407488	4.475999244451328E-5
13.0	24.815605817359724	23.679876409166614	25.091042625315353	26.413430958072006	4.419008630765756E-5
14.0	26.56907897611578	22.10562192489535	23.776643624319433	27.548524386726907	1.31087942531046E-4
15.0	25.193999633305186	23.837271859443984	24.194498028369786	26.774230478881044	0.0
16.0	26.232072823848394	25.050045839148883	21.514391543047896	27.203405024377613	8.476957721597211E-5
17.0	28.15834691699453	26.69476639155243	19.71548404176497	25.430320396803857	0.0010822528842039365
18.0	25.46428951754505	26.11751847293182	20.393076582076283	28.02486777335027	2.476540965702384E-4
19.0	24.945581997456934	24.68055605752455	22.747505396623044	27.625945846489486	4.1070190598540527E-4
20.0	22.963735141045408	25.70616470803107	24.467874326612847	26.862144288103295	8.15362073759284E-5
21.0	23.713426708534286	25.11696856650626	23.958837101162583	27.210484333435993	2.832903608835907E-4
22.0	23.07829295684261	26.80555109898925	25.994625381036418	24.121410235841488	1.2032729022942403E-4
23.0	24.95994960416676	24.719667189494164	23.413024272955074	26.907119409461757	2.3952392225213168E-4
24.0	27.61653564480157	22.17894370541434	24.588388351971656	25.61609275398997	3.954382246405466E-5
25.0	24.68333635523816	25.69145163823139	20.390691175554917	29.234325027206932	1.9580376859597341E-4
26.0	26.11759858781692	25.929743658241104	20.31002294057608	27.64259587163091	3.8941734986695555E-5
27.0	25.163895774794504	25.501941734751032	20.396799070266795	28.937285735260645	7.768492702666379E-5
28.0	27.520230257462014	24.16822185368031	23.388678751592064	24.920021702073626	0.002847435191990242
29.0	26.66922948557443	23.952895439274528	22.874987522450066	26.50246845942072	4.190932802583443E-4
30.0	22.87660838356695	25.027764664584694	25.57189913331881	26.52346303289999	2.6478562955431284E-4
31.0	26.233269569693256	25.175563224583968	22.56961951016882	26.02102093062807	5.267649258841749E-4
32.0	23.944053563958004	22.96210240251862	24.994971194929917	28.098574282448297	2.985561451624761E-4
33.0	23.67271285382549	25.382149655153537	25.29518901640157	25.649800519470528	1.4795514887616968E-4
34.0	26.13247348827377	27.045227008490798	22.662608190156313	24.159617914058554	7.33990205634696E-5
35.0	25.161193527774255	23.286484373609344	25.938199187938448	25.614050255980665	7.265469728965284E-5
36.0	23.733307879054916	25.06475778935399	26.174668371522614	25.027048195329165	2.1776473931564528E-4
37.0	24.856421459300034	26.11266339326824	21.630843235708273	27.40007191172346	0.0
38.0	26.77233016487931	25.46497561541824	21.092146332881732	26.670475340649613	7.254617110377186E-5
39.0	22.902696216115064	27.402421869135225	22.1668370531254	27.527827269835942	2.175917883760291E-4
40.0	25.685286034875553	27.12110790129894	23.16467496753827	24.028894836327982	3.62599592510578E-5
41.0	24.132420174099682	24.99109923536812	21.68853487250697	29.183123715190035	0.004822002835192645
42.0	24.19331392450859	26.03251213776568	21.467631960251424	28.30650572640082	3.625107348491357E-5
43.0	26.126950653579726	26.025134085062685	22.64104711943203	25.203170993478157	0.003697148447397008
44.0	28.519313149177677	25.26528851938563	22.806984481346447	23.40801519247914	3.9865761109862793E-4
45.0	25.757433561844618	24.65544848857522	22.068580924265884	27.514732328724335	0.003804696589941034
46.0	25.32065995389149	25.314899107286166	22.211904227917934	27.152536710904414	0.0
47.0	25.267088791943536	25.06859716887692	23.073247357731972	26.58929152365778	0.0017751577897908864
48.0	22.455928768939085	24.58942000720713	22.85166895737472	30.10298226647906	0.0
49.0	21.996190352030304	26.719538206930515	24.546662755621224	26.73554452254464	0.0020641628733147196
50.0	26.939812731085272	25.094389427949555	20.929957196607738	27.035732015496265	1.0862886116760818E-4
51.0	24.462181165325735	27.358642554348478	21.775304484330746	26.40140992690783	0.0024618690872149707
52.0	22.657193816282902	26.768152541135255	21.594317735712103	28.98033590686974	0.0
53.0	22.71550252339127	25.29296388565439	24.167923369180336	27.821805479054518	0.0018047427194873952
54.0	22.658851166188757	28.58891449296706	23.142537229388477	25.60958882353111	1.0828792459695235E-4
55.0	23.942769559947337	28.54994966041039	22.73263824476027	24.772949539739457	0.001692995142544788
56.0	26.253422025363598	25.473771105266017	24.839375054700184	23.433431814670204	0.0
57.0	22.60857007758208	27.672094615350538	23.533051162110645	26.180918258096277	0.005365886860455611
58.0	24.911402232066017	26.173267779506965	22.294230288662007	26.62081163549211	2.880642729005696E-4
59.0	27.526271277061117	22.664100295845525	24.477193755596385	25.329698361418316	0.0027363100786581135
60.0	22.925398080554295	24.03740937758796	23.92122426244387	29.115932319922962	3.595949091429523E-5
61.0	24.84361454369462	24.788816259988373	23.37998978105497	26.98132291830345	0.006256496958587383
62.0	25.178857398033845	22.284563935991738	24.999442699835257	27.536992146741806	1.4381939735357927E-4
63.0	25.596692668626552	24.53447959109201	22.794348429618	27.071962644038717	0.002516666624722223
64.0	24.824944694336793	22.296342124189895	24.182605457782955	28.69600000287256	1.0772081780208597E-4
65.0	23.709744131806012	26.586932856141644	23.52774538414697	26.17019198731574	0.005385640589634293
66.0	23.72883120650589	24.61193462370718	23.659646334979	27.998905679873303	6.821549346190397E-4
67.0	26.522975537971128	25.300358761105603	21.618650551317415	26.557404828501564	6.103211042934654E-4
68.0	23.094878582726803	22.920117550846918	26.88207363944516	27.10282252708473	1.0769989639269966E-4
69.0	23.397922014704495	25.61167313247506	24.922254143424276	26.06520708236663	0.0029436270295321175
70.0	25.701334138316874	23.808021464952922	25.015783580845458	25.474609856053025	2.5095983172784765E-4
71.0	24.46307263013403	22.81750871422839	26.100625106848995	26.61768482282917	0.001108725959423491
72.0	26.63972779823026	26.507703503185283	22.453105807173728	24.397603394297423	0.0018594971133095294
73.0	24.943073769744526	23.222898770522136	22.954186227516864	28.875693992329754	0.004147239886723148
74.0	24.550646483544885	25.89601714948138	23.766058425340454	25.786169816898475	0.0011081247348096654
75.0	25.16486910197543	25.303877435326633	22.388705760571103	27.14029583146571	0.0022518706611277797
76.0	26.194620615113635	25.086318067962164	25.261527661813314	23.456389896032302	0.0011437590785876863
77.0	23.593994485986585	25.55220549814472	24.08756802272511	26.765445706553553	7.862865900251683E-4
78.0	27.089783447703546	26.8041229744571	20.38435682792146	25.72098623447461	7.505154432847988E-4
79.0	27.36158284159005	21.34927067608984	22.98656854672705	28.29982617446594	0.0027517611271213574
80.0	23.68387951624684	24.481570525419052	27.834066834092564	23.997660134960327	0.0028229892812169015
81.0	24.516803562348784	25.547496375870388	22.580944849984082	27.354397890661875	3.5732113486621717E-4
82.0	22.73787490084824	22.507449780972866	24.493414893845085	30.25990267048743	0.0013577538463737252
83.0	24.57568166934093	22.864938774183152	24.400505769943273	28.157873393878525	0.001000392654116741
84.0	23.120890223277478	26.466122542886723	24.956396979334205	25.45526840954901	0.0013218449525886368
85.0	24.931342332417422	27.652036367845064	21.470702965925508	25.945203893982843	7.144398291631481E-4
86.0	25.394485542703592	25.730455030416206	22.825565542089233	26.04738648528267	0.0021073995082972604
87.0	22.150981710755588	22.697684086168124	25.977291209012947	29.173293010402272	7.499836610702409E-4
88.0	24.744909528722296	27.023359441427488	25.32535127724682	22.905486985056143	8.927675472568645E-4
89.0	26.241022055552026	26.495121897221686	23.259133989460356	24.003436561096443	0.0012854966694923788
90.0	23.38396708538327	26.188300714713925	25.296059807883815	25.131529570632495	1.428213865028791E-4
91.0	26.356405102518053	25.646758087376874	23.811750929142402	24.184621756034517	4.6412492814989093E-4
92.0	25.617631361461118	24.163297508697337	23.067174316217116	27.151896813624425	0.0
93.0	25.66163716398735	26.924278300814166	21.240965261840074	26.1729050848704	2.1418848801133488E-4
94.0	27.684796623407404	24.122904086665116	23.265869542557947	24.921539342415446	0.0048904049540873075
95.0	23.81767905119491	26.75547823430077	24.076318172521503	25.34806165219927	0.0024628897835405434
96.0	25.53702478312358	24.712776596405345	24.41336471286939	25.33551334022884	0.001320567372848992
97.0	25.100753820222995	25.926162518686695	23.127574160628694	25.845331064580584	1.7843588102894694E-4
98.0	27.66019780555449	23.286187154486164	24.394721854673296	24.658857500924224	3.568436182800994E-5
99.0	22.142127035604005	22.616240592383285	26.637090314904306	28.604506379965144	3.5677143259784905E-5
100.0	22.27363970495117	25.426040338941576	25.088853905023445	27.211466051083814	0.0
101.0	23.643897494137864	22.3388189269029	28.33934824899254	25.67772131834015	2.1401162653829776E-4
102.0	24.71697325890808	24.65220602684773	24.778281007758157	25.852325717833853	2.1398865218177478E-4
103.0	25.772833468991646	26.25721030176042	25.156506197677516	22.813307420991066	1.4261057935191336E-4
104.0	25.646518456091716	27.329724858229564	22.810967169008325	24.21218346967608	6.060469943099316E-4
105.0	26.789008683153142	24.03091241020332	20.80256334295514	28.374057560425044	0.003458003263356894
106.0	25.459502371078933	23.821830609108666	25.451695616418142	25.26672187242337	2.495309708929252E-4
107.0	26.341882297836754	24.47175398316585	22.461679729119414	26.723935425250655	7.485646273271003E-4
108.0	23.307058223287605	25.231302677296423	25.086756318425262	26.37466900772149	2.1377326922035467E-4
109.0	25.824151161175173	24.700809028631276	25.67876825301827	23.7955234461556	7.481110196753198E-4
110.0	24.40243556662473	24.636210922862325	23.30077409813222	27.660365691195683	2.1372118504122683E-4
111.0	24.05675347309414	24.35089301520101	25.34536819268028	26.246237325517157	7.479935074163556E-4
112.0	25.50243278368794	24.36049719181861	24.014340619634154	26.122373240056145	3.5616480315305574E-4
113.0	27.65124831455632	21.75232008934899	23.581004221711435	27.014608246974745	8.191274085016878E-4
114.0	25.89012657813095	22.744388818272895	27.283550897472104	24.081114568505015	8.19137619037613E-4
115.0	26.22521382163568	24.236157956259078	26.19483323443912	23.343189512891982	6.054747741401011E-4
116.0	25.895352125417322	25.323832582205576	25.00165611383806	23.77901671713362	1.4246140542450292E-4
117.0	25.771540688035543	26.800712731111396	23.776983400830048	23.64980156998865	9.616100343650933E-4
118.0	26.02268587060385	25.012189141282565	25.87157257195689	23.092768892100544	7.835240561473338E-4
119.0	26.33831664729826	21.962884597645804	24.889336524876622	26.80885678192858	6.054482507353525E-4
120.0	24.702514505667644	24.124531495070283	25.540944232421182	25.631902924211538	1.0684262935437136E-4
121.0	27.026870134509153	23.70443813608185	24.787021535211384	24.480851080500003	8.191136976110015E-4
122.0	26.681837931009923	23.718170616181258	25.000071226593164	24.59906550709773	8.547191179298703E-4
123.0	24.181939783132666	28.118821189864327	23.95900403990906	23.739487119584727	7.478675092165767E-4
124.0	25.117475973292226	24.845932420021075	23.187255365967705	26.84915817937259	1.7806134640730963E-4
125.0	26.498432374144787	23.998386078969595	24.57237502795516	24.92977378040703	0.0010327385234260708
126.0	24.2273509587803	23.606788791990596	25.65415250673142	26.51149407481716	2.1366768051981074E-4
127.0	25.020146780378905	23.22486655762656	28.249614246578076	23.504339703739948	0.001032711676514819
128.0	25.827388651164913	23.684845903582193	25.41775399271824	25.060147173617008	0.009864278917650007
129.0	23.890980777023877	27.212928414693817	22.632453078517855	26.260575272006786	0.00306245775766843
130.0	25.764218108629844	25.228928027485253	23.759657887249364	25.247160366598216	3.561003733000213E-5
131.0	25.66464614523397	25.262251147181846	24.23995419106854	24.83243631297927	7.122035363754395E-4
132.0	26.12505621942651	25.896973605446632	22.720482530937154	25.251149048516254	0.006338595673445521
133.0	26.43758138991632	25.670588813424487	24.72772101824594	23.16229269496457	0.001816083448678372
134.0	26.76144808612798	23.024898461196617	21.58416201198881	28.62934900505148	1.424356351169361E-4
135.0	25.47332332977488	24.469845823182002	26.586296359336174	23.470107188105118	4.272996018279877E-4
136.0	27.631526471941353	26.335490248303977	24.76345389362796	21.26301306255813	0.006516323568580924
137.0	28.36470137893584	21.996278920708964	24.50599556675242	25.13284609153143	1.78042071341458E-4
138.0	24.64120667499611	24.3355286840607	27.380166928311834	23.641673470390536	0.0014242422408172872
139.0	25.586009269044414	24.20451858793771	25.736410481369337	24.471957864872486	0.0011037967760588615
140.0	26.227494378601833	22.389561557648037	25.706498033623348	25.676054357095424	3.9167303135342614E-4
141.0	24.987288135593218	25.480593932488247	25.56929212362911	23.9625053411195	3.20467169918815E-4
142.0	28.529126799561173	22.817105725587552	23.756326126720868	24.897085272609637	3.56075520769351E-4
143.0	26.38031938379324	26.219053641778544	24.136948762430528	23.26350017518822	1.780368094664308E-4
144.0	28.00227739821141	25.641737773049222	23.16241452635387	23.19285817036192	7.121320235801156E-4
145.0	27.946540953282973	22.83296629345506	23.037843977489803	26.18143816728117	0.0012106084909943192
146.0	27.542525865881252	21.913808168412896	25.072618163406712	25.465956163482197	0.005091638816945259
147.0	25.812463126502312	24.908023210231185	26.666343847390984	22.609680519292784	0.0034892965827324684
148.0	24.363059422625895	25.15884570754302	24.072446104617235	26.40511468045887	5.340847549779369E-4
149.0	27.59436548707731	25.441865333973286	23.655639853760732	23.306099806732874	0.0020295184557999365
150.0	24.94634153983758	24.81847987398273	25.263770320426822	24.971372659608104	3.560614476603915E-5
151.0	26.19608761926872	24.559964877661102	25.958449247614983	23.284999763216184	4.984922390099374E-4
152.0	27.511057748114787	23.908450177643232	23.323356257108045	25.256886568263216	2.492488707245807E-4
153.0	25.29489158436906	23.0536550105843	25.557638588451454	26.093031453796726	7.833627984567753E-4
154.0	23.27520363199359	25.458850758890815	25.421177727333422	25.842346552721768	0.0024213290603996972
155.0	26.935023550553026	24.11636458948391	24.62330867285707	24.325125124554756	1.780625512374991E-4
156.0	25.681860755319306	24.018065668605665	25.99240449889565	24.307312949033076	3.5612814630314054E-4
157.0	24.8777056816644	23.68766871558914	26.329318584890203	25.104950889963607	3.5612789264880803E-4
158.0	25.33194109730469	21.448649603465586	26.417286899032856	26.80183749514326	2.849050536102278E-4
159.0	26.3305391959765	21.82596763492186	25.049120286562605	26.79376744851941	6.054340196224728E-4
160.0	26.300780911943605	22.064938168455743	26.46838120412227	25.165721644619715	1.7807085866836475E-4
161.0	24.731968220818867	21.29631080574783	28.72498643102473	25.242496463519043	0.004238078889523611
162.0	25.449930426526173	24.074843749053983	24.74361809843427	25.731465266863328	1.4245912224524125E-4
163.0	25.21146644993507	24.0044248575562	27.290622393397758	23.493343837502593	1.4246160837731243E-4
164.0	25.462906736255082	23.882030681539327	25.365711369293603	25.2874635784492	0.0018876344627916973
165.0	25.981227924397395	21.989357053027035	27.622689329735106	24.406155827531688	5.698653087726134E-4
166.0	24.479219721799364	23.915217690181056	25.61135540711793	25.99385100658424	3.5617431740972937E-4
167.0	26.3928885507505	23.61143909822481	26.698709078338993	23.296607087584846	3.5618510084846854E-4
168.0	24.919339154544684	24.428784434469343	25.039413215056882	25.612142618490765	3.205774383298058E-4
169.0	26.26547120406726	23.092278138472242	25.170042099556422	25.47188797578394	3.205821201377933E-4
170.0	30.502365373538805	23.139625964289113	23.237047794401825	23.12053342281181	4.27444958447007E-4
171.0	25.110081005087125	23.74259032483959	27.302155172720855	23.8444967333671	6.767639853277568E-4
172.0	26.805810673080554	24.40217031317551	24.735245581134972	24.05648853983193	2.8489277704220046E-4
173.0	28.36589530434597	20.933112791486465	23.777212377169292	26.92249758300142	0.0012819439968521152
174.0	24.08081159143668	26.4253647606964	23.723929576516863	25.769217484013847	6.765873362079986E-4
175.0	25.161425645204023	24.19988718366556	23.733095355442675	26.903846866070484	0.001744949617250643
176.0	24.044581847526977	24.58422647909033	28.468969810456635	22.90076172764631	0.0014601352797530163
177.0	22.60324348505285	26.381622554590855	24.637286793018667	26.352594812974083	0.025252354363546288
178.0	24.659854012518913	22.903851687659728	24.801525119020823	27.634234976024892	5.342047756482397E-4
179.0	27.520438393478518	24.360100380880333	23.552430347052006	24.565855541855168	0.0011753367339742836
180.0	26.970615292842155	22.995453050975307	25.25232764735638	24.781282720130058	3.212886960998051E-4
181.0	27.363532970045558	22.591181157073713	26.30001193802805	23.744773538467257	5.003963854224525E-4
182.0	25.967328893074594	23.443887078990024	25.32802456140978	25.260652242676162	1.0722384944341886E-4
183.0	23.559232982468682	24.41342459388459	26.428078703290026	25.5987633361331	5.003842236002645E-4
184.0	25.855044304786045	22.626054452478197	26.618185353453576	24.896534000719857	0.0041818885623203265
185.0	24.350318082094162	24.8417809166468	25.122678086482736	25.684615376368257	6.075384080420932E-4
186.0	26.756681897539174	23.74354236618782	25.261137687206602	24.23860230982704	3.5739239361768665E-5
187.0	24.54236048413618	22.781975900544747	27.69369007655386	24.98143677068874	5.367680764701273E-4
188.0	27.53799205018944	27.570877699736485	22.628010700897324	22.2624754341693	6.441150074502635E-4
189.0	25.095314335118545	23.92262773409179	25.1011473505585	25.879765448365642	0.001145131865512851
190.0	28.62881132775692	21.58747064080087	25.45570952546086	24.327579055559788	4.294504215592701E-4
191.0	26.140997361333866	24.376129602795466	25.082736014424516	24.39974286979666	3.9415164948882115E-4
192.0	26.862892582329273	23.53324185934674	24.539479601647393	25.06420678328943	1.791733871617968E-4
193.0	26.90060470568756	24.40985376752107	22.894451924768923	25.79487457007049	2.1503195195612777E-4
194.0	27.29446246786964	23.83567319285097	24.375312702046738	24.494551637232654	0.0
195.0	25.632044195330337	22.29208791894177	25.23527697534982	26.839981547044463	6.093633336045598E-4
196.0	28.577072955043665	22.647309304371284	26.21268170874375	22.56279235662201	1.4367521929328314E-4
197.0	24.374320812025914	24.766934120787237	24.329739137931963	26.528359297398563	6.466318563184015E-4
198.0	27.115707991823186	23.38102423184051	24.228782478991327	25.27430541314723	1.798841977488572E-4
199.0	25.807343065767068	23.667411047241867	25.975170980543062	24.549606515960225	4.68390487781854E-4
200.0	27.19396479970944	23.958731936304236	24.23282665265746	24.61444057942189	3.6031906974263855E-5
201.0	25.307501579171728	21.490031850083003	28.7100446131777	24.492169722494577	2.522350729986318E-4
202.0	25.094927141144414	24.92851410600921	28.680735258770827	21.295787458338182	3.6035737361456103E-5
203.0	25.412221948667224	24.689520084003412	23.583208401206413	26.314220490214563	8.29075908387833E-4
204.0	24.94172443752276	23.847160485815948	25.306555054454215	25.90437976992599	1.8025228109261722E-4
205.0	27.294522103596435	24.13820452937881	25.538052103214287	23.028428128611917	7.931351985469763E-4
206.0	24.945250118802015	21.984538071087954	26.289894221138322	26.780065202295134	2.5238667657945387E-4
207.0	26.110952444831014	23.107183399468322	26.83075644870247	23.95081922285256	2.8848414563256643E-4
208.0	27.78430181645587	22.608535077608007	22.674068004206802	26.93309510172932	0.0
209.0	27.130858230153937	20.44367892795628	25.93440405443183	26.49030128684925	7.575006087058463E-4
210.0	24.092708804955436	24.527103201588798	25.607118570080868	25.772492203015616	5.772203592835974E-4
211.0	25.191056750683888	25.775367995563087	25.400886299808356	23.631822933449573	8.660204950967002E-4
212.0	27.858173630497195	22.577747072866654	25.42077880263841	24.14293954284815	3.6095114959331634E-4
213.0	29.52328022724466	22.781125346402934	22.999999277762974	24.695342365629607	2.5278295982845425E-4
214.0	27.479342500954786	25.08842374312546	24.915785620884805	22.516412003155036	3.613187991641973E-5
215.0	25.07955913304083	24.82512924285199	23.949906354156557	26.14489829322665	5.069767239743499E-4
216.0	25.69482093458327	24.4913816377193	26.44793534636971	23.36564258910104	2.19492226682792E-4
217.0	28.986465043572746	23.129512220383784	25.45140172551251	22.43195755034281	6.634601881499375E-4
218.0	24.383596786876836	25.183754431429268	25.685168213058102	24.74714594576507	3.3462287072960796E-4
219.0	25.77680164310451	23.418287033566706	24.8132392845899	25.990997406413502	6.746323253826664E-4
220.0	27.328321575654453	21.971563231717877	25.456780177833327	25.242807989700424	5.270250939234006E-4
221.0	25.559101675019956	23.11068633530361	24.979965373186406	26.350056984433106	1.896320569199582E-4
222.0	25.422982124537523	24.702860947427858	24.871111410767877	25.002624124940525	4.213923262158893E-4
223.0	30.28579846560605	22.78059218233939	24.6202100454008	22.312587335256804	8.119713969542567E-4
224.0	30.05616834300869	22.827774317295514	25.085438596423227	22.0303474173454	2.713259271691442E-4
225.0	30.075993889930665	20.319917243562035	24.604098610812827	24.99897684791984	0.0010134077746305837
226.0	25.111280744322862	22.22233607001534	26.761526399398463	25.904659742006015	1.9704425732246017E-4
227.0	27.061463867215863	23.64605749846926	26.126470214955837	23.164695505418155	0.0013129139408782917
228.0	26.87140445141359	27.417266149657983	23.66252289416648	22.048566618276233	2.398864857149597E-4
229.0	27.012126206639326	25.46817565559092	22.701615404382768	24.818082733386984	0.0
230.0	25.703907900029915	22.67958921809119	27.691001856304272	23.92550102557462	0.0
231.0	24.51783255505204	25.278751770439335	24.878246353141442	25.32369053213409	0.0014787892330999036
232.0	24.94811682130091	25.003789278921907	24.90537127705927	25.142227022204967	4.956005129465309E-4
233.0	23.0577362881331	25.179255660617084	23.30402997151302	28.45860193123002	3.7614850677401666E-4
234.0	27.354441319009048	21.684176636052463	26.526968177042736	24.43314298302098	0.001270884874775477
235.0	25.43720061355476	22.287719478649837	27.718921651799107	24.555944025981816	2.14230014481949E-4
236.0	28.208161057446475	23.66251463828265	24.344655345959573	23.78445136956882	2.1758874248067704E-4
237.0	27.010068743395337	24.14525529965661	23.36713015548003	25.47741398287677	1.3181859125471526E-4
238.0	26.302960568647194	22.947023067116522	25.36817305213267	25.3817542550354	8.905706821459726E-5
239.0	27.418098204424133	23.68052379549271	24.66856052046935	24.23164248282245	0.001174996791354916
240.0	25.602746417842404	21.948431087386062	26.435715353461127	26.012827730922204	2.794103881988228E-4
241.0	28.729159894657464	21.49327291729529	24.487289920032385	25.288131988771795	0.0021452792430708646
242.0	26.5988206325732	24.196055812422994	21.8251215731879	27.379160644875416	8.413369404875642E-4
243.0	27.868797918730397	23.26991184031354	24.995009563831193	23.863516022345905	0.0027646547789635075
244.0	26.46302877692772	22.82568712519643	25.818290296742248	24.891725370722277	0.001268430411323795
245.0	27.848404678642368	21.476773021423842	24.443165646506134	26.229725898766294	0.00193075466135976
246.0	24.218172828975984	27.09672153884911	23.785708826756817	24.896707763405818	0.002689042012271467
247.0	25.225085913090524	23.078429063711646	25.43765194688261	26.120889779191415	0.13794329712380896
248.0	25.792726368983516	22.669491224540515	24.775554161686212	26.75129294531167	0.01093529947808798
249.0	25.439685569285608	21.32047976151616	28.795668975387112	24.425967712124084	0.018197981687033675
250.0	26.64951928295183	22.43731826724783	25.083689896087424	25.82847284505658	9.997086563344397E-4
