# Position (bp)	A	C	G	T	N
0.0	24.082810505180056	24.334677143432504	24.60462851992547	26.977834953791053	4.8877670920327446E-5
1.0	22.835878517501715	31.780744992824612	23.580666609471518	21.729493588943658	0.07321629125850128
2.0	24.54125406763804	24.87532069423616	22.083797719983117	28.498898115027842	7.294031148430616E-4
3.0	25.771647442576683	21.641783432064763	24.919909745144185	27.658498553639216	0.008160826575148826
4.0	26.47332199837596	23.33357439936941	23.196555053091963	26.996451475591094	9.707357157452847E-5
5.0	29.059629735935705	23.322010658764388	22.93088869581407	24.68703455177336	4.3635771247711546E-4
6.0	26.38391991297917	24.415842704726508	23.659005267584693	25.535476513034023	0.005755601675605584
7.0	26.47487565420062	26.05025786573792	22.31488639277194	25.15949723785984	4.8284942968239615E-4
8.0	28.28627743319172	24.818495224447357	24.059231810319247	22.83589903186195	9.650017973158475E-5
9.0	26.683024356529618	27.68686607133403	20.769517326220402	24.860447856735128	1.4438918082242152E-4
10.0	24.620429573888554	23.968576396903806	23.356637505193667	28.054356524013972	0.0
11.0	28.00503737039089	22.63561136301104	22.71283031241873	26.646379613820447	1.413403588914393E-4
12.0	29.116968856323012	24.99989537710972	19.34012250642966	26.542966761075267	4.6499062346407784E-5
13.0	26.013641417852057	23.482182314800752	25.43330982208702	25.07059110210229	2.7534315788314346E-4
14.0	28.28279113021911	21.73662110807327	22.002943394821315	27.977598958141765	4.540874454357174E-5
15.0	25.85892902643237	23.81385140118818	23.60106927488679	26.726105595365286	4.470212737424174E-5
16.0	26.58938559788593	24.96780444835939	21.46174851354327	26.98097335388681	8.808632459810615E-5
17.0	28.13809148703142	26.71049894460569	19.26528534408094	25.88478909987204	0.0013351244099073123
18.0	26.32000441016406	25.10349142261551	20.150432747348454	28.425985951576227	8.546829574936252E-5
19.0	25.86627016786232	23.538981625616728	23.505958971906065	27.08832112998755	4.6810462734190624E-4
20.0	22.88307754621199	26.35701344834947	23.877104291337538	26.882804714101	0.0
21.0	24.671355796700986	23.207470367322625	23.685266306078063	28.43548918129597	4.183486023600718E-4
22.0	23.023519169898975	27.38352187148964	25.446746551431946	24.146212407179434	0.0
23.0	25.38137308324217	24.82570806998222	22.828759879015802	26.963788002318122	3.709654416838204E-4
24.0	28.11834042259655	21.83184221385833	23.327016195030996	26.722760351337925	4.081717619427996E-5
25.0	25.860212495332057	24.89206259845028	20.06780719109497	29.17967574822215	2.4196690054111865E-4
26.0	26.07554663666579	24.97400218582394	20.692453286244163	28.257957740201732	4.015106436456524E-5
27.0	24.739374996745067	24.06911915699434	21.48416139501028	29.707264329818273	8.012143204240347E-5
28.0	27.39008453293032	24.48179556752657	21.755046098391464	26.37013228095811	0.002941520193536129
29.0	28.538359319212525	23.07777793541126	22.752383024135263	25.630888595690614	5.911255503378873E-4
30.0	24.47407366805525	22.53461020452908	25.377462649168415	27.613618567356784	2.3491089046888213E-4
31.0	26.673778093841204	24.538361549012315	22.694458935016996	26.092816600815787	5.848213136958134E-4
32.0	23.92664110714483	23.687788496051514	22.50098234028422	29.88443350937541	1.5454714402673357E-4
33.0	24.900760602179492	25.640010258411532	24.14460526774799	25.31443219730498	1.9167435600291497E-4
34.0	27.407177991515507	25.688298468890192	22.60478380388141	24.299701640823095	3.809488979910279E-5
35.0	25.78836144719964	22.865685005117324	25.938376595677333	25.407237806982767	3.391450229337401E-4
36.0	24.971300882340206	23.843780414570006	25.5795075686981	25.6052981827971	1.1295159459413669E-4
37.0	24.509015358384257	26.90873231696875	20.96674451560209	27.615507809044903	0.0
38.0	27.13479575699219	25.344863851164355	20.00991103771274	27.5103164721522	1.1288197850501365E-4
39.0	22.755804351547233	25.987130074281406	23.243589960630292	28.013174650647915	3.009628931562919E-4
40.0	26.325874195842893	25.42206611250056	22.597383741159113	25.654563106138774	1.1284435866601417E-4
41.0	24.6981152583476	24.57073074780763	21.405863147589642	29.320627226737283	0.0046636195178494395
42.0	24.408325078803493	25.845741452330934	20.753354648447285	28.992503608301313	7.52121169728928E-5
43.0	26.8462760507243	25.205463484334313	23.458502147980333	24.485998176331794	0.003760140629259534
44.0	29.37413951138157	25.064534296604364	22.996090721723903	22.564859505847377	3.75964442786859E-4
45.0	25.274832262572932	24.882652403393806	21.365776790906448	28.472904329991927	0.0038342131348864904
46.0	26.737406313193958	24.512791021101616	21.733384452312755	27.016418213391667	0.0
47.0	26.035706003706583	23.76688153711486	22.35017230602934	27.845173006979813	0.002067146169409018
48.0	22.276892321740256	24.31426998570202	22.820967114645	30.587870577912717	0.0
49.0	22.01468632709185	26.487391724690923	22.645560378855087	28.850069531413506	0.002292037948633551
50.0	27.69431864207077	24.114793382281665	19.769821106394616	28.42091658269405	1.502865588961753E-4
51.0	25.27033890791496	26.65768542408947	20.785853716446194	27.28368003534392	0.00244191620545757
52.0	22.877426121350766	26.825604892744437	21.401371248904056	28.895597737000745	0.0
53.0	23.402114830968355	24.70389449331645	23.475454003511008	28.41655453240574	0.0019821397984500417
54.0	22.434345496796272	29.100279199453716	22.851948001439006	25.61338990618809	3.73961229195602E-5
55.0	23.981821112102644	28.125867384550183	22.724094860905094	25.166500526772893	0.0017161156691806517
56.0	26.59492482885808	25.554532649760368	24.296557466084952	23.553985055296597	0.0
57.0	23.622958835624843	28.35525631179999	22.32503546080774	25.691863390385173	0.0048860013822535206
58.0	25.24717988191455	24.846612725661657	22.392714682514818	27.513306243492323	1.8646641665249523E-4
59.0	27.750496049318173	22.093874420188172	24.040558021455883	26.11212560442318	0.0029459046145917742
60.0	22.642156937551853	23.42539680294611	24.39660232533989	29.535806713239964	3.72209221781237E-5
61.0	24.595190181619643	24.69244056021875	23.23230781884856	27.47410657495183	0.005954864361216118
62.0	26.21878512255212	21.392583605630026	24.084822591569843	28.303473736704603	3.3494354340496163E-4
63.0	27.423782098896833	23.604662759697582	22.727753125600074	26.241197038960035	0.002604976845477239
64.0	25.537546762167818	21.668160728914227	23.839143341594617	28.955074897451876	7.426987146113346E-5
65.0	23.446500441684794	27.15115719931365	22.82342596646166	26.57438629206449	0.004530100475400626
66.0	23.752458545862716	25.095714806080743	22.674467177368417	28.47687676581796	4.827048701579596E-4
67.0	27.265601852298776	25.738480125882653	21.308824632365774	25.68597951510822	0.001113874344577771
68.0	23.867619557150224	21.279125156538957	26.45719065618829	28.395916119994695	1.4851012783380528E-4
69.0	22.001987753448773	24.527741486612364	26.36929073140342	27.0981584136287	0.002821614906740058
70.0	25.631144845494408	23.048544070862473	24.06983180469517	27.25003438648031	4.4489246763685357E-4
71.0	24.244984519563154	23.267852397536583	25.276040378863225	27.209903044455114	0.001219659581922871
72.0	27.523454161328264	25.868959724289116	22.651174805240014	23.954600533698347	0.0018107754442589735
73.0	23.7071978929103	23.172591871091516	23.296857840912956	29.81891828376243	0.00443411132279887
74.0	23.892793658570287	27.517153953103602	22.890620756772815	25.698470988010797	9.606435424986856E-4
75.0	25.896299383335236	24.81566744511772	21.499436389612722	27.785862782022253	0.0027339999120686515
76.0	26.177644891247283	24.85919392981291	24.73025639358386	24.231759494919526	0.0011452904364184625
77.0	24.120085072081114	25.58457501456473	23.001491384364513	27.293035785466742	8.127435228959085E-4
78.0	27.070195931533682	27.370273583044636	19.50833516194884	26.050678139289523	5.171841833255386E-4
79.0	26.858736780434324	20.548549407901614	23.47466834031075	29.115164124124004	0.0028813472293075866
80.0	23.68081892674703	24.121983500747834	28.871511879823565	23.322730558634845	0.0029551340467273185
81.0	25.676753371623434	25.084006623751904	22.227024183786583	27.011624810184	5.910106540751846E-4
82.0	22.420081828701953	22.59600947490233	23.947102771220557	31.035476218002533	0.0013297071726251705
83.0	24.4520005806225	22.82843676256418	24.35486081126851	28.363446046245176	0.0012557992996333435
84.0	24.460864227533577	26.06126369953323	23.30739621520963	26.169183187606322	0.0012926701172340997
85.0	25.185396652814852	28.282480976530707	20.646576366432424	25.8847335089308	8.124952912204713E-4
86.0	26.450842862086144	24.684612222875877	22.952467578605518	25.909787702969545	0.0022896334629192014
87.0	21.156362857543776	22.98220866598229	26.65627792589529	29.20404274646795	0.0011078041106917867
88.0	26.306842015088943	26.07436356439387	25.294216692366316	22.323876157222784	7.015709280823334E-4
89.0	25.67930061879301	26.550794823539313	23.133568680707018	24.63530203220648	0.0010338447541794098
90.0	22.658236260591853	25.549927080064244	25.297421034170835	26.494231017740777	1.846074322952242E-4
91.0	26.752047860135225	25.261292074494225	23.362828721840653	24.623351383521644	4.7996000825531216E-4
92.0	26.484443414016802	24.168196310248636	21.786640932228543	27.560682425318202	3.691818781906544E-5
93.0	25.597247449017264	27.92303489419513	20.392688905624716	26.086659578552545	3.691726103456932E-4
94.0	27.34962024363178	23.857279235924427	22.004236496628447	26.78436025430793	0.004503769507413131
95.0	23.044281879893287	27.62282382672786	23.232215098077074	26.097947500517733	0.0027316947840502984
96.0	26.325233448908865	23.332820238526335	24.03491111832151	26.30618618844754	8.490057957565213E-4
97.0	24.773635482439722	25.44488517699066	24.12552978340616	25.65572808352214	2.2147364131457897E-4
98.0	28.251893055076227	23.397625537742066	23.68896131579093	24.661483180738543	3.691065222968022E-5
99.0	21.200965152874296	23.179130026638013	26.710151927815005	28.909715992807477	3.689986520479241E-5
100.0	22.276220694062598	25.573444214896618	24.656966620777602	27.493368470263185	0.0
101.0	24.067048051964825	21.598497580521677	27.980939344241122	26.35336743786193	1.4758541044425054E-4
102.0	24.008964112184987	24.2797104117949	24.91766352991623	26.793661946103885	0.0
103.0	25.542005445051213	25.525365533836762	25.482492857936112	23.449914789634256	2.2137354165567487E-4
104.0	25.437456003518243	27.903029909490844	22.499487168891886	24.159694869180104	3.320489189225086E-4
105.0	27.29417746253546	23.143044154586807	19.71958044434999	29.840246231407935	0.0029517071198127435
106.0	27.06742366495299	23.574632686357575	24.347742029269977	25.010090932771146	1.1068664831236067E-4
107.0	26.307495913902322	24.309716980087885	22.17432049025793	27.207654930434877	8.116853169815636E-4
108.0	24.249419054996128	25.717420973036774	24.71185127807901	25.321124266902732	1.8442698535649736E-4
109.0	26.988663606843733	24.539956950032234	25.11485400926799	23.35567712229112	8.483115649209152E-4
110.0	25.1904097862756	23.826791360442932	22.508795307497376	28.473929782853	7.376293110284065E-5
111.0	24.298441867103946	23.52203095021543	24.737194623139562	27.44148426487153	8.482946695375908E-4
112.0	27.00365093128438	23.300937572726337	23.867958661381746	25.82734218914989	1.1064545765358604E-4
113.0	28.94343089450684	21.76820545048788	22.3275787989129	26.959752189529716	0.0010326665626623913
114.0	26.316026293786553	23.34268779208096	26.67695177665255	23.664112846564624	2.212909153071721E-4
115.0	26.518921905620452	23.822837597934726	26.348217358380328	23.309174779251503	8.483588129911028E-4
116.0	24.88885610217161	25.659052976163032	25.472599013324725	23.97941813822675	7.377011388261331E-5
117.0	25.69399695995379	28.362207378954192	22.47177666393842	23.471059992040257	9.590051133414948E-4
118.0	28.12947111431926	22.726050503236078	24.779789263092123	24.36443092662052	2.581927320221323E-4
119.0	27.65070702242052	21.128823557184422	24.688759641885472	26.531008952863207	7.008256463825593E-4
120.0	24.636190778298886	24.05591078176611	25.155978835198194	26.151772063420637	1.475413161791963E-4
121.0	27.200359715149276	23.985055148699722	23.330839819788316	25.482860045281612	8.852710810709125E-4
122.0	27.381732699726786	22.16030668661964	24.290927359637866	26.166516847218467	5.164067972413549E-4
123.0	25.008677356875253	27.313884988227933	23.042744235782138	24.633918819776184	7.745993384921649E-4
124.0	24.97586763105158	25.160479792437652	22.563774188158337	27.299804617258967	7.377109346096716E-5
125.0	27.877479253261257	22.863073921794783	24.067397254817052	25.191090567135927	9.5900299098279E-4
126.0	25.162767176635448	23.11882234429735	26.263066282416496	25.45527042533956	7.377131114857874E-5
127.0	25.622482819824583	23.54171838270471	26.86754067232017	23.967262226409094	9.958987414421868E-4
128.0	27.456673090932565	22.856837232463135	24.27074131110353	25.407080217256993	0.008668148243777837
129.0	23.47129563133529	26.910191165735863	24.020260388483948	25.594859361669403	0.0033934527754939593
130.0	27.366576344159	24.322230771670945	23.87693810387654	24.434254780293514	0.0
131.0	25.95486271208823	24.36276704913062	24.772945070818416	24.908650551195162	7.746167675758699E-4
132.0	25.013279134790594	26.995817072540962	21.52488731178671	26.4600777567115	0.0059387241702385084
133.0	27.582622564904224	24.078349470478596	23.481713428054913	24.85528578958648	0.0020287469757837694
134.0	26.067374948682563	23.169549111106438	21.513411509195457	29.24962754516949	3.6885846052495197E-5
135.0	25.225509011323492	23.272087342023813	26.999814465699945	24.501962126658327	6.270542944182209E-4
136.0	26.269927923807273	27.08360690810101	24.609630323642023	22.030822347308394	0.006012497141297372
137.0	29.332058055863353	22.818773874566403	22.177950634515707	25.671106776577584	1.1065847695574104E-4
138.0	25.474190968830868	23.85435816024527	27.163994240069872	23.50609189331146	0.0013647375425281728
139.0	27.45160020758971	24.545639306603146	23.944669300513404	24.056652663828228	0.0014385214655066529
140.0	27.623941762642048	21.607923243303855	25.090700789934168	25.67710223701566	3.319671042730806E-4
141.0	25.47336807754631	24.467927752004666	24.561065062958978	25.49704893047014	5.901770199085153E-4
142.0	27.732485439113546	22.303736956064668	23.959196320217778	26.004396852856665	1.844317473432607E-4
143.0	26.36021261448685	25.953500724822113	23.644877739292735	24.041261374911933	1.4754648636486033E-4
144.0	29.406750245206258	24.181339388701442	22.140271628409323	24.271048545859564	5.901918234087045E-4
145.0	28.455904132474064	22.318960114585405	22.640466161636095	26.583931853702207	7.377376022273774E-4
146.0	27.286663863252404	22.12236903260076	23.83960781709935	26.746490199116185	0.004869087931301596
147.0	26.600688674495252	23.770778733347967	26.110427682722825	23.51463756060944	0.0034673488245134188
148.0	25.222345711755267	23.275891642176763	24.656757092727688	26.844489135113818	5.164182264648849E-4
149.0	26.14480586069777	25.240433207669668	24.755250946166274	23.857038518004824	0.002471467461470929
150.0	24.977701148916488	24.481261218590713	24.533974300804676	26.007063331688123	0.0
151.0	26.638279317936338	23.582796720711574	25.865011184758036	23.91317499572087	7.377808731784191E-4
152.0	27.244198301535228	24.03953665355738	23.05746530269098	25.65868907381988	1.1066839653666942E-4
153.0	26.021302920685464	23.52469859473322	24.041999378781632	26.411076869502086	9.222362975975376E-4
154.0	23.350032278889607	24.78919118325187	24.74540256386609	27.112717882504846	0.002656091487595684
155.0	26.48489862306851	22.810067879814795	25.24209581695623	25.462716284808884	2.2139535158319815E-4
156.0	26.153233614953624	22.73522969470471	25.10579210872787	26.005560081947372	1.844996664246031E-4
157.0	24.004730592394154	22.375665124242623	26.832126700171955	26.787071682127806	4.059010634607863E-4
158.0	25.01040608837352	21.515251930661503	26.631062099992914	26.84320607892686	7.380204520227665E-5
159.0	27.098742835550137	21.47681766318266	24.63334548626743	26.790355982564723	7.380324350494556E-4
160.0	27.714717264655985	20.90458777687612	25.40962886615438	25.97102918964319	3.69026703141266E-5
161.0	25.51500862237892	19.65415274655889	28.233207580312857	26.59408836563758	0.003542685111755109
162.0	25.81048246624035	22.88433888957776	24.88412189490963	26.421056749272253	0.0
163.0	25.58507210851817	23.941327086068913	27.52154693604304	22.95194315461758	1.107147522978847E-4
164.0	26.28185752672993	24.67531221363425	23.606520955283855	25.434722356005658	0.0015869483463075587
165.0	26.434013599416577	22.17054040408514	27.253123053166455	24.141510993796704	8.119495351219843E-4
166.0	25.345706310461928	22.230575691846287	25.704782478234538	26.718861703819925	7.381563732605806E-5
167.0	26.728493461829327	22.897788696156375	25.930603746885378	24.442486649243357	6.27445885560514E-4
168.0	25.304550700748045	24.860859869214366	24.004076301092635	25.830365490368614	1.4763857633597226E-4
169.0	26.84279199555596	22.30060404282374	24.83961398839898	26.016620866699025	3.691065222968023E-4
170.0	30.386542723376238	23.03735130274812	21.85622597995863	24.719843082597198	3.691131981591587E-5
171.0	25.184181453290318	23.444114738613493	26.361857542719136	25.00896037833283	8.858870442341858E-4
172.0	28.012838517915938	23.279077947564485	24.384621091355225	24.323351715376436	1.1072778791347142E-4
173.0	28.403072713227335	20.542504476088222	24.070891050665516	26.981649422362246	0.0018823376566815422
174.0	24.407206677847594	26.586675308262862	23.119899194500874	25.885812821845327	4.059975433457741E-4
175.0	24.89738880342057	25.429453695036567	22.31760306150471	27.35404110944112	0.0015133305970347578
176.0	24.189746459408703	23.662348956426218	29.032479536031943	23.113874747522473	0.0015503006106707931
177.0	23.019662361402943	24.924767399107843	24.759203996261256	27.273036015669643	0.023330227558314494
178.0	23.475457055614385	22.647694855561458	25.488373054378666	28.38814285181739	3.3218262810346235E-4
179.0	26.760746387109872	23.285247596020746	24.46518152119747	25.48768018309001	0.0011443125819014044
180.0	28.488702740488858	21.197727218871815	25.873878863994506	24.439506048506534	1.8512813829220034E-4
181.0	27.588804783712597	21.9912707923024	26.02671262131315	24.39228489903424	9.269036376147878E-4
182.0	26.581261123795773	23.150692701307108	24.965013681272506	25.302921278836603	1.1121478800793184E-4
183.0	23.58292649742738	23.345071610410304	26.029317394287848	27.042165487834218	5.190100402492286E-4
184.0	25.901884033577304	21.71602841065392	26.526620343766243	25.85239005849558	0.0030771535069539957
185.0	25.097609806166737	25.920783058058788	23.146303319345034	25.83467365723269	6.301591967471924E-4
186.0	26.969545992402068	23.509810288940887	24.126734520176633	25.393909198480415	0.0
187.0	25.360120064787434	21.610212936683656	27.13211584468847	25.896733881153693	8.17272686746809E-4
188.0	28.919348271260393	26.67304931655863	22.91378741540574	21.493554935371026	2.600614042126975E-4
189.0	25.151624360955893	22.47306354773511	25.64628908572108	26.727796932588276	0.0012260729996433242
190.0	30.739379274699573	20.045695881239755	25.43697754704004	23.777724354031978	2.2294298864737147E-4
191.0	25.773142531466416	24.041824428381734	24.637183730493913	25.54755149971503	2.978099429061113E-4
192.0	27.53039858822478	22.543131371045206	24.341357716736535	25.584888941838734	2.2338215474426468E-4
193.0	27.168770993466403	23.373573021424555	22.457521567348323	26.99987377390337	2.6064385735036157E-4
194.0	27.550747211803166	22.856157678391163	24.77280910900955	24.82028600079612	0.0
195.0	26.9880428054604	20.64528479247158	25.06150659310456	27.304681651706208	4.8415725725658624E-4
196.0	28.03083784150042	22.328764003752628	26.222506278332762	23.417854544273492	3.733214069587857E-5
197.0	25.461872852503138	23.772365519368453	23.312826395252188	27.452375138063374	5.600948128499192E-4
198.0	28.50338488852828	21.788547478820355	23.942795402584483	25.765234805239327	3.742482755575083E-5
199.0	24.95086603305103	23.586517039359684	25.066612156718598	26.39559219557569	4.1257529499133587E-4
200.0	27.525190482924334	22.223626746867108	24.38350224513473	25.86764301551358	3.7509560249168505E-5
201.0	26.037326187000055	19.920916679295793	29.368901446322226	24.672668126143186	1.8756123874445006E-4
202.0	25.037505782024162	25.34498004005869	28.620203639795932	20.99731053812122	0.0
203.0	25.92332850037073	24.365598611949125	23.286286993927277	26.424223048728873	5.628450239997118E-4
204.0	25.459519400178998	22.9340343253421	24.700586724307122	26.90574697115538	1.1257901639713374E-4
205.0	27.424959900804684	23.73564628944526	25.1944163606218	23.644301936245093	6.755128831565366E-4
206.0	25.00844490618272	21.649173825444915	25.209058344167833	28.13324785837179	7.506583273530886E-5
207.0	26.199311306089644	22.92814661905196	27.06729236982255	23.804949391546103	3.003134897441066E-4
208.0	28.57318250373676	21.704751402622886	21.715902550233668	28.006125997455133	3.7545951551455036E-5
209.0	26.638497966393583	21.234072961990655	24.701399134736235	27.425391559829258	6.383770502699397E-4
210.0	25.1783138240677	24.695586725812284	24.207676686643524	25.918197418219393	2.2534525710203747E-4
211.0	26.305239364789333	26.587209610279256	25.278110341050265	21.828839628201983	6.010556791684996E-4
212.0	29.363507641155064	21.523676532702822	24.959227632316665	24.153400302730134	1.8789109531489796E-4
213.0	29.71487764893441	21.0751778489675	23.13856427378965	26.07115462708117	2.2560122727067637E-4
214.0	29.098381011006474	24.863867663415242	24.47364420771582	21.564069491456547	3.7626405910656854E-5
215.0	25.332104830406653	24.96411944577126	22.2979690117174	27.405467416083614	3.3929602107556084E-4
216.0	26.833504462703328	23.77368083648341	25.74955807460021	23.64318039932219	7.622689086519808E-5
217.0	29.97339689244415	22.322568622443697	25.234301367425804	22.469081268697522	6.518489888288421E-4
218.0	24.71917449104059	23.709156999937793	26.769501111401752	24.801935573858472	2.3182376139462083E-4
219.0	27.086478864564096	22.5412812599044	23.823079145171796	26.548653936791926	5.067935677760378E-4
220.0	28.176833624555638	21.53610439243568	24.199516881373015	26.087388600622717	1.5650101295280636E-4
221.0	25.32897574819503	22.268988173300677	24.0455340333256	28.35622628189547	2.757632832218921E-4
222.0	25.720939382077507	23.914661601098423	24.237154432935203	26.127085622542307	1.5896134656156671E-4
223.0	31.05116693317571	21.413310875290986	24.613501816706655	22.921539817572455	4.80557254191961E-4
224.0	30.855367109649883	21.193482114584334	25.168491616255302	22.7824986244149	1.605350955805892E-4
225.0	31.451891513174257	18.988056677469018	24.927306860789162	24.632140264198693	6.046843688687525E-4
226.0	24.92962613219014	21.84477558782397	26.402576100168602	26.822858804616327	1.6337520095149717E-4
227.0	28.021907328092794	22.095497541796878	25.93534195869427	23.945768599826305	0.001484571589753487
228.0	27.356885568578704	26.898451666031566	23.64765937896636	22.096961921707152	4.146471622170188E-5
229.0	27.857920135864976	25.015211261013537	21.853525585842494	25.27330122810038	4.178917860862094E-5
230.0	25.641977319178967	22.680905196120634	26.926037160053845	24.75108032464655	0.0
231.0	24.944652355102264	26.083263077808848	24.14720931348358	24.823504414103198	0.0013708395021110927
232.0	25.178049219320997	25.761072711573608	23.69038159737676	25.370324297939856	1.7217378877891766E-4
233.0	23.165170045701636	26.231701015630726	22.289585682714026	28.313237763727074	3.054922265320872E-4
234.0	27.566106759824955	19.910678995606176	26.898259662779754	25.62397975189693	9.748298921838139E-4
235.0	25.289776643392813	21.456805200501897	29.167014709830276	24.086180103068422	2.233432065920194E-4
236.0	27.65957253684957	24.448515896666	24.915789922747294	22.97594010759647	1.8153614066872468E-4
237.0	27.510250288858245	25.17135716892815	21.944113313949416	25.37414184027547	1.3738798871769836E-4
238.0	27.023024720042077	21.938497690286205	25.589289204205993	25.449141963723264	4.642174245867188E-5
239.0	27.10279670727791	23.401893310500384	25.146855461687807	24.34732603863828	0.0011284818956238882
240.0	27.276216907682667	21.153028606195306	25.213641995034774	26.35682459620343	2.8789488382001963E-4
241.0	29.586151273615336	21.259458984287747	22.96854907239146	26.183823137349275	0.002017532356175162
242.0	26.19723465018951	24.447628358561172	21.6040666342389	27.750540596510326	5.297605000939121E-4
243.0	27.60001735240813	24.112665329888557	23.76952145914472	24.51533760074037	0.0024582578182238846
244.0	27.989174128968862	22.06222702942831	25.11312359214183	24.83489580944149	5.79440019507814E-4
245.0	27.613777716015818	22.15170168456822	23.289660418432977	26.94331075202019	0.0015494289627977266
246.0	24.74588436702062	26.73753791911075	23.693921545329555	24.82032828068508	0.0023278878540026336
247.0	26.67806254520584	23.08768074441415	24.619420889237986	25.48280684471634	0.1320289764256871
248.0	28.324956918516676	21.405564999552652	23.461563147924114	26.79853036709703	0.00938456690953083
249.0	25.152479092796337	20.056432016049865	29.977094609455047	24.799364481478428	0.014629800220324791
250.0	27.481172709629398	21.755545552781168	23.168771403534237	27.593532864245574	9.774698096230924E-4
