# Position (bp)	A	C	G	T	N
0.0	24.817426640671826	22.932728614303365	24.045154854666194	28.204689890358615	0.0
1.0	22.632097668490438	29.8377583347531	23.732183717173722	23.72549823050264	0.07246204908009861
2.0	23.876318038100692	26.807802656415795	22.52012974294625	26.794673393440966	0.001076169096297763
3.0	27.248033756798783	21.384897617711136	23.008002615205612	28.350033227735803	0.009032782548664117
4.0	27.438666623682263	21.566136883845385	22.33426824419442	28.660713326240906	2.1492203703106697E-4
5.0	28.715711365705353	22.783369690307286	22.439195108126214	26.06107971624384	6.441196173070647E-4
6.0	25.067896950848606	23.454219891878925	22.793456190402754	28.677144644065766	0.007282322803951303
7.0	24.96902768284347	25.848855092276146	22.168916609706084	27.01255980861244	6.408065618591935E-4
8.0	28.954138130771067	24.04468636069372	22.673259736277217	24.32770281781321	2.1295444478517154E-4
9.0	26.654914246269847	22.301704454946105	23.205862050655764	27.83709446184888	4.2478627940317526E-4
10.0	23.869976464695984	23.424100236201927	23.56565161383426	29.14005946431186	2.1222095597051827E-4
11.0	28.132300300945385	22.013628261188373	22.873501727802438	26.980156607269368	4.131027944338529E-4
12.0	29.503819428933443	22.549859690303403	19.488834109673046	28.457486771090114	0.0
13.0	25.168451130649995	21.551732768926097	25.144422440393832	28.13479294277367	6.007172564041466E-4
14.0	27.81633225705738	21.207115277453926	21.683535349144183	29.29301711634451	0.0
15.0	25.40548952477289	23.285155718092867	24.70247242593421	26.60668780516272	1.9452603731009397E-4
16.0	27.47855911108732	24.299801554679522	20.738683072499455	27.482765081270816	1.9118046288613672E-4
17.0	29.09203903498704	25.210375736944947	18.801964066760355	26.893941514705304	0.0016796466023548645
18.0	26.730772074043408	23.425949198651605	20.1549470696079	29.68796203205394	3.6962564314861905E-4
19.0	26.126474285009728	23.45219626830377	21.06205569020186	29.35853764913075	7.361073538964924E-4
20.0	24.85637595673177	24.156265884581487	23.330541913353837	27.656633401229442	1.8284410346050748E-4
21.0	24.744247611104058	23.54535729179888	23.46775217131149	28.24228028503563	3.626407499410709E-4
22.0	23.220989255346282	26.104910353449174	24.543325274543683	26.130595500249665	1.7961641119225782E-4
23.0	26.533676954493977	22.475855857462612	21.94401590882744	29.045916228965833	5.350502501359919E-4
24.0	29.27715097904197	19.294983844483287	22.788459840740153	28.639228772710418	1.7656302417147802E-4
25.0	25.83839838384403	23.19903813554879	18.730842225569795	32.23119698298912	5.242720482609896E-4
26.0	26.811931303354637	22.96623143978976	20.459539869952682	29.762297386902926	0.0
27.0	26.203557916822934	23.61107990535727	19.89951555227559	30.28550096180934	3.4566373486208884E-4
28.0	28.772651575265723	22.508028729740868	21.715883432720435	27.00020093109426	0.003235331178716289
29.0	29.73194426217372	22.181225330358675	21.435037031802594	26.65128862597038	5.047496946264347E-4
30.0	25.933304562227555	22.53463405495281	24.48437829320433	27.04751581574449	1.6727387081773504E-4
31.0	26.71410586056674	22.633258283262947	21.500512916161522	29.151623346344973	4.99593663820093E-4
32.0	24.749787900220387	22.029987708879307	22.916129921576413	30.303602168094613	4.923012292761694E-4
33.0	24.930044690290607	22.47783734680801	25.043919768356677	27.54787376412286	3.24430421840656E-4
34.0	26.812393574889608	25.717758202149188	22.345505212625746	25.12434301033546	0.0
35.0	28.421957361513723	20.550297809718938	23.077874545673673	27.94955312684347	3.171562501982227E-4
36.0	26.105670372564738	22.820897082912207	24.593264749400394	26.48000937827725	1.584168454136739E-4
37.0	26.653249175790243	23.36955316905088	20.15600604262138	29.821033262920537	1.583496169522766E-4
38.0	27.328453101648982	24.547544264039107	20.085203525925174	28.038482484358774	3.1662402796423417E-4
39.0	24.05504645236852	25.598341325989587	21.16502856781096	29.18126711298925	3.16540841682098E-4
40.0	27.302161518047463	25.472016103380668	21.473547950126363	25.752116179814756	1.5824863075372239E-4
41.0	26.271560556266703	22.426934219832624	20.04765830325681	31.24894184959153	0.004905071052327615
42.0	25.079420829140798	24.210537973281692	20.399920262753213	30.309804517178314	3.1641764597928096E-4
43.0	26.85267207451184	24.079358651497703	21.95476518900039	27.108616696827426	0.0045873881626403105
44.0	30.759375948982694	23.005871039578903	21.758116965279886	24.476319718595	3.163275635185748E-4
45.0	25.7064510058496	22.946591370931653	20.269755246690522	31.07293259597913	0.004269780549093778
46.0	25.32933800333647	22.88565080921245	21.15985800238771	30.62515318506337	0.0
47.0	25.581443149010717	23.19511508700698	21.79443395659612	29.426952399925373	0.002055407460812866
48.0	24.02788205448381	22.726245327305918	22.94405412026902	30.301818497941248	0.0
49.0	23.574911294974832	23.77990090325028	22.979856649518347	29.663276514702513	0.0020546375540330167
50.0	28.423980466681943	22.72707877332027	18.639937417524674	30.208845305919258	1.5803655385490664E-4
51.0	26.31311990114764	24.923403643442576	20.101190937059048	28.659441300881866	0.00284421746886767
52.0	24.67186769932179	24.42156996930667	18.933898430408263	31.972663900963276	0.0
53.0	24.615235045717053	23.65087255204813	21.763230975009684	29.968309323582034	0.0023521036430949292
54.0	23.32413490333809	26.684175041941703	21.117766035842518	28.873924018877688	0.0
55.0	24.58837419308553	27.370601253631992	20.76446909355763	27.274683901637147	0.0018715580877043314
56.0	26.892910493143763	24.61337192077516	24.377294118013953	24.116423468067126	0.0
57.0	24.39879204947795	26.484798500819277	21.6611034631137	27.449381603543404	0.005924383045662962
58.0	26.838008925634778	24.06476463041855	19.122619142259904	29.97445142263021	1.5587905655759809E-4
59.0	28.843279336514016	21.30876693667674	22.710304700419744	27.134531727092913	0.003117299296581414
60.0	24.95701778772456	20.277198382905894	23.17094573291855	31.594838096450996	0.0
61.0	25.220984694131094	22.678806589474732	21.840524524176317	30.253006509963726	0.006677682254137058
62.0	25.28471292675882	21.630573525346982	23.254376675124462	29.830336872769735	0.0
63.0	28.54274743139651	21.32721143678759	22.042398843526747	28.08438155543168	0.0032607328574733667
64.0	26.400645649058198	20.486525013489672	22.38652052981566	30.72630880763647	0.0
65.0	25.60371014492754	24.808966183574878	22.124830917874398	27.457082125603865	0.005410628019323672
66.0	25.716480757815592	23.13915957657301	21.97485902255639	29.169036901464185	4.6374159081915314E-4
67.0	26.976457331521765	24.30501133776333	19.005553726468538	29.712513892044708	4.637122016591622E-4
68.0	23.39408702533602	22.309979844942067	25.072644764012715	29.222979239053824	3.091266553732395E-4
69.0	24.020543509675942	22.377155468867123	24.40955956334996	29.18903212744024	0.003709330666736732
70.0	25.351993345246164	22.335017561155958	22.72737075605398	29.58546429231622	1.540452276788465E-4
71.0	25.221579931944127	21.804078143217623	24.644437941532008	28.32913793341188	7.660498943617195E-4
72.0	28.356661244420756	24.181225550112888	21.56889775237185	25.8913774036326	0.0018380494619110199
73.0	26.92771840838992	21.937626919295408	20.94539751965622	30.18512222538723	0.004134927271223663
74.0	25.372535569261302	25.67953672683175	22.29027457081085	26.65688754417448	7.655889216220685E-4
75.0	26.500353672838845	22.7828081317194	21.004951419743826	29.70882467319711	0.0030621025008191124
76.0	28.046799526615622	22.010536323677332	24.22512397250941	25.716621578795074	9.185984025573779E-4
77.0	24.294637252950814	24.063164985226805	23.97467889346458	27.666753417737024	7.654506207804535E-4
78.0	27.968202017913534	24.648181627526412	18.915758003456567	28.46724602716575	6.123239377327787E-4
79.0	27.06953477657244	19.670778617447755	21.031105206038887	32.225366945303755	0.0032144546371569525
80.0	24.54564934567996	21.810668095201653	27.301599448993645	26.339328078365348	0.002755031759393893
81.0	27.07591670314399	23.871167202857784	19.87406906304812	29.178540927554508	3.0610339560496747E-4
82.0	23.921477402638743	20.030394066882252	23.24503341663899	32.80202382245947	0.0010712913805425938
83.0	26.096611038419454	20.636319812685077	23.46318358851931	29.80312038503623	7.651753399291448E-4
84.0	24.753747913150328	23.815870616085462	23.668815618128317	27.75988260083826	0.0016832517976364085
85.0	26.55380717184143	25.57531412763405	19.473159147800647	28.397107516417876	6.120363059936715E-4
86.0	26.89691573343125	23.49075943944679	21.364665565142893	28.24521143136895	0.0024478306101217797
87.0	22.899741640802702	19.432619340075043	25.1156038859426	32.551117338517855	9.177946618003155E-4
88.0	25.61777301927195	25.46405628632609	24.556745182012847	24.360660752523707	7.647598654022637E-4
89.0	26.695511467567183	25.5279546803213	21.059610549305336	26.715546827683667	0.001376475122506286
90.0	23.975843548900144	24.20599965744207	23.17710244928919	28.64090141672172	1.5292764687171206E-4
91.0	27.943139644592197	23.892695652439855	22.705913116080207	25.45763992213508	6.116647526657115E-4
92.0	25.873484304041344	22.20936099940366	22.163488738359913	29.75366595819508	0.0
93.0	27.48559292619939	24.642709156767616	19.88856592851278	27.982826187006797	3.0580151341168987E-4
94.0	27.84398086990557	21.69871324428788	23.09188316453838	27.36053011399775	0.004892607270414404
95.0	24.970186768429166	25.817799875243093	23.030339167553418	26.178769309800753	0.0029048789735686593
96.0	26.645915634211075	22.935190734195174	22.896358988784655	27.521005833934666	0.001528808874429754
97.0	27.431544962027175	22.86441071799826	22.56662060193961	27.136812239357212	6.114786777385072E-4
98.0	28.270144099883982	21.122777625768304	23.695236464745438	26.911841809602276	0.0
99.0	21.455134943529067	20.750470591111327	26.800011000831176	30.99423067520657	1.5278932185987387E-4
100.0	23.194350867704642	23.72051950750371	22.9182803879959	30.166849236795752	0.0
101.0	24.84539988267501	20.06715633554947	27.5432635901447	27.543874657802114	3.0553382870551424E-4
102.0	25.17101472300045	24.796752935281734	22.825997293094336	27.20623504862348	0.0
103.0	27.17736934867539	24.514858924976863	23.600628018290728	24.706838251689938	3.054563670852437E-4
104.0	25.926440650528182	25.537461571707613	22.269548604058397	26.266091012246655	4.581614591526151E-4
105.0	29.342726589655406	21.698361016255443	19.893829528586	29.062486637059482	0.0025962284436679517
106.0	26.836013676853042	21.301897136504337	23.745435831339172	28.116653355303445	0.0
107.0	27.68646027077626	23.70040527870164	20.600802005931058	28.01187433000742	4.5811458361965496E-4
108.0	25.375239677092367	22.432401900318755	22.705053675455844	29.487304747133038	0.0
109.0	27.31788256377144	23.33811113502556	23.790704809704586	25.552843555233984	4.5793626443071657E-4
110.0	25.603371431362493	22.68755952817056	21.527370747551714	30.181545656580454	1.5263633477422033E-4
111.0	26.35929043070526	21.847706965342713	23.37848274767308	28.413756681594364	7.631746845799028E-4
112.0	25.777865962545217	22.425861200567773	23.01790320365085	28.77806437827195	3.052549642088555E-4
113.0	30.879949208752333	19.882453669011387	22.163786511932432	27.07320013857708	6.104717267650645E-4
114.0	27.840904755000345	20.62453735853664	27.369144008363794	24.164803382147575	6.104959516487206E-4
115.0	27.525156555967133	22.518723376328037	25.50393240506291	24.451577159236077	6.105034058458753E-4
116.0	27.562486263400814	22.960725536643142	23.25392561478913	26.222709956287087	1.5262887982612518E-4
117.0	26.748709902424206	25.05681618723318	23.031275231500207	25.162435533278487	7.631455639111515E-4
118.0	27.567717721613654	22.882461846537534	24.09494751847957	25.454109767805335	7.631455639111515E-4
119.0	28.27554206974025	20.06901983289935	24.274009652397684	27.380817920125033	6.105248376767088E-4
120.0	26.025691120445444	21.757014994627333	25.22803311517046	26.98926076975676	0.0
121.0	28.67476352779741	21.901668470322107	23.349731588595606	26.072920593878358	9.158194065184973E-4
122.0	27.096539818267573	22.375404303514216	23.820441158288546	26.706393605021223	0.0012211149084392777
123.0	26.169182934256497	25.8014735849143	22.278088399830875	25.7506445216802	6.105593181273536E-4
124.0	26.432158502892555	23.277212156365913	21.697525681925725	28.592951017355333	1.526414604734938E-4
125.0	27.816310207769845	22.520865514357062	22.96229248963593	26.69976860190369	7.631863334696893E-4
126.0	24.71445514087592	24.513280144577358	22.86266830089552	27.909596413651204	0.0
127.0	27.377043925802802	21.720675302553676	26.319918555862344	24.581599058569264	7.631572119119683E-4
128.0	27.258948795125555	21.48290830499472	24.863699913915735	26.38467455874183	0.00976842722216456
129.0	25.871437249497088	25.300908755124528	21.18357952446801	27.639953478575418	0.004120992334954257
130.0	28.394422949243342	22.133137968665338	23.235727313659503	26.23671176843182	0.0
131.0	25.409622132645072	24.095931328480702	24.781852842819575	25.711830543501986	7.631525526689735E-4
132.0	27.643427985322937	25.329379155397362	19.80701250969211	27.214075082573736	0.0061052670138528504
133.0	28.17671884181847	23.455312783802555	24.262590339838056	24.10308853494921	0.002289499591705906
134.0	27.80641409385012	22.820387971627916	20.207555204830644	29.16564272969132	0.0
135.0	28.982505517584535	21.289329006773734	26.28476536147429	23.44294222333473	4.5789083272026836E-4
136.0	28.312971646274455	27.068527608860233	22.758077514836252	21.85416514030332	0.006258089725743034
137.0	30.352776327719315	19.918460923214063	22.763017709029743	26.965287126838906	4.5791319797419206E-4
138.0	27.715490137422847	22.533592591009825	26.213515180005004	23.53633372201635	0.0010683695459734678
139.0	27.06218492012253	22.816400103176022	23.758568112199345	26.361778473758037	0.0010683907440731022
140.0	28.508089133089133	21.220238095238095	23.833333333333336	26.438034188034187	3.0525030525030525E-4
141.0	27.90246165868907	24.220047377161276	23.705675490866465	24.171204942854352	6.105304288365732E-4
142.0	31.200021979263177	21.86585628309291	22.10778081179798	24.826035658301826	3.0526754410734427E-4
143.0	27.785672311555103	24.196652751596925	22.533407614875642	25.4839620553601	3.052666122274541E-4
144.0	29.23064477724933	23.205814656303993	22.41640363141282	25.14652640833247	6.10526701385285E-4
145.0	29.593546811563236	20.509630941115418	21.712201227143684	28.183705241307734	9.157788699288745E-4
146.0	27.736593481230493	20.821752634752016	23.663240153544418	27.772919099185728	0.005494631287346322
147.0	29.055147193494424	22.065592986483352	24.603780265937313	24.271358624647434	0.004120929437477869
148.0	24.08466784294811	23.33036210338659	22.66671957898079	29.91779257965847	4.578950260389638E-4
149.0	28.95861506854751	23.4636718022608	24.07939361932701	23.495724747621214	0.0025947622434619624
150.0	26.603413879896028	22.47504002906209	23.1002413191503	27.821304771891587	0.0
151.0	28.456295934487784	22.042295980279174	24.059406696227555	25.441543475108563	4.5791389692358185E-4
152.0	28.43913042150928	21.359533033541844	23.007012434325212	27.19417146729922	1.5264332444949187E-4
153.0	24.373233115761064	21.70145991195345	25.04686250206073	28.87783388387869	6.105863460681292E-4
154.0	22.99329406143574	22.95467347284576	23.792877630741376	30.255949173473606	0.0032056615035163057
155.0	28.625270491290067	23.59264355318275	22.44715016332558	25.3344776559305	4.5813627110671975E-4
156.0	28.430953333598037	21.595618935337757	25.48662376416042	24.486193110146637	6.108567571447334E-4
157.0	24.928529104536874	22.126808916146924	25.390646475629648	27.553557356920766	4.581467657892647E-4
158.0	24.137151653614495	21.400929738182796	26.140334265922228	28.321431625759004	1.5271652148416025E-4
159.0	28.737822859350686	19.583911742741822	23.717458266711258	27.96050170048548	3.054307107525355E-4
160.0	26.841496807456245	20.010934519637082	24.331444227077597	28.81612444582908	0.0
161.0	25.893244390687904	18.938033365709433	28.6461292234012	26.5186223663875	0.003970653813965706
162.0	26.76445883413003	21.363948746926496	25.322927961636555	26.548664457306927	0.0
163.0	26.922084209593887	22.313297320742674	25.773743797449793	24.990569221911173	3.0545030247216203E-4
164.0	27.071891551765216	21.85367552278378	23.554746442993203	27.517548307481782	0.002138174976021895
165.0	27.43723719962671	21.22029487099203	26.006106361888236	25.335903361248274	4.5820624474017415E-4
166.0	25.07713645056241	21.20916350483592	24.518240861239924	29.195459183361745	0.0
167.0	27.133362559744846	22.550671418249806	25.791442567810112	24.524065200356215	4.5825383902153643E-4
168.0	26.562578764784867	23.516319681534405	22.411283165225417	27.509818388455315	0.0
169.0	28.07042468683165	19.57225786739994	24.112435074854872	28.24457684081882	3.0553009471432935E-4
170.0	32.888718464222535	20.95622496463349	22.693996400712525	23.4609073993162	1.5277111525969562E-4
171.0	27.022650260785074	21.38193173450338	25.775404010620846	25.819402898426734	6.110956639707163E-4
172.0	28.855190154959182	23.110976682798064	23.293524221537858	24.740308940704896	0.0
173.0	30.581982939824996	18.786051229408027	21.484088576037543	29.146349660262988	0.0015275944664418048
174.0	25.316861766237974	23.948135033446732	23.158825766891784	27.575719154383517	4.58279039997067E-4
175.0	26.47424576669946	23.165213299682847	20.65425957725048	29.70444809738272	0.0018332589844967397
176.0	25.29628628045939	22.842881566463312	27.352147149280615	24.50730994822152	0.0013750555751628295
177.0	22.595979011896723	24.14762569789722	24.188727909471233	29.040622431111778	0.027044949623051467
178.0	25.24114748462508	21.119064899346803	23.563008518278007	30.07616792085259	6.111768975132739E-4
179.0	30.132543948260025	22.767513971901845	20.96832118640053	26.130703951561017	9.169418765826799E-4
180.0	28.308133336201042	20.382347609405677	25.023581789635074	26.285783637464167	1.5362729403956823E-4
181.0	29.484371797262583	20.857073724799996	25.201314923581243	24.456777204292457	4.6235006372725046E-4
182.0	26.3169654207494	21.11212639046617	24.354942347370383	28.215811751798608	1.5408961543854675E-4
183.0	23.426472129247802	24.36387003716922	26.05682637720288	26.152677355129416	1.5410125068575055E-4
184.0	27.57232087954765	20.216249870931254	25.732686679642892	26.474735659498922	0.00400691037928489
185.0	26.60613373647525	23.214717762130856	23.428771326376978	26.749914856303636	4.6231871327455723E-4
186.0	27.68924179980457	22.08203740294008	23.90455992823962	26.324160869015728	0.0
187.0	25.005571444489842	21.839752875484404	26.944588889301592	26.209622503683345	4.642870408201166E-4
188.0	29.119366991818076	26.95717721938278	20.623844917948546	23.298991731392537	6.191394580672324E-4
189.0	26.293653250773996	21.58343653250774	24.36424148606811	27.757739938080494	9.287925696594427E-4
190.0	30.82927705322087	19.80114938257843	23.547325332243403	25.822093412105673	1.548198516206542E-4
191.0	28.05879117976952	22.39219390339008	23.193341018048724	26.355207844623756	4.660541679224237E-4
192.0	28.413416570595786	21.621541836668108	23.94200322549571	26.022882996541448	1.553706989506263E-4
193.0	29.616967316036153	24.30768800427664	19.943247510474034	26.131786366970424	3.1080224274898367E-4
194.0	31.091379039690892	21.70759266829034	22.225002603369305	24.976025688649464	0.0
195.0	27.620902859505957	19.818632107371783	24.033810980017815	28.526343118949416	3.1093415502866033E-4
196.0	29.786725265382163	21.07021843233849	24.47689393465785	24.6661623676215	0.0
197.0	26.5293520859029	22.397565104838367	22.70833626439935	28.364277574296658	4.689705627177782E-4
198.0	28.80871567403429	20.368464969791265	23.481407356751635	27.341255152423916	1.5684699888952324E-4
199.0	26.263334320477355	20.27242024611391	24.93131997958502	28.532610407858506	3.150459652063236E-4
200.0	29.796425071760087	22.765669850052145	22.537392438645522	24.900512639542246	0.0
201.0	25.028438184367662	19.162137038962676	28.292763624332373	27.516188495533395	4.7265680389469203E-4
202.0	26.136240091135555	23.95112966175537	27.18105313246956	22.731419549710946	1.5756492856793965E-4
203.0	28.43453701835788	23.38485979423038	20.545440790800885	27.634847185797863	3.152108129917289E-4
204.0	26.95183018805472	22.66602358289082	22.69502540023296	27.686963210248987	1.5761857251163618E-4
205.0	29.30073160004603	22.34919123593274	24.37358420967175	23.975704762099934	7.881922495479716E-4
206.0	27.33852875005715	19.555336233223024	24.004338798348357	29.10179621837147	0.0
207.0	26.080792980995454	23.33292334474994	26.64641953816363	23.93939107234091	4.730637500709595E-4
208.0	29.241661461980556	20.994284308344533	19.85619294559999	29.907861284074922	0.0
209.0	26.535405992074512	19.48544259067619	24.720304651808476	29.258058002473557	7.887629672631818E-4
210.0	26.40359112317269	22.53634907736851	23.835843385375167	27.223900849657216	3.155644264222094E-4
211.0	27.110434192458843	24.172256506573653	23.840022727631432	24.876813081014536	4.734923215328524E-4
212.0	29.528788701792504	20.859650341700036	22.946799641246542	26.66460341321072	1.579020502002198E-4
213.0	30.49356050251939	20.999824614349073	22.920376494530654	25.58608038350996	1.5800509092402955E-4
214.0	28.86042841465073	22.860377812004845	24.14995461575197	24.12923915759245	0.0
215.0	25.639192498830916	24.190636220247764	23.129820000475558	27.040192760389008	1.585200567501803E-4
216.0	27.165820154680826	23.351706491207818	25.311189349340108	24.17128400477125	0.0
217.0	30.01572174138546	20.932120976368765	25.57035884469513	23.481312198126357	4.862394242925216E-4
218.0	25.64673184513177	22.532291526690287	25.14380012520034	26.67701262819105	1.638747865530905E-4
219.0	27.76119055614479	21.61457207738881	23.02463368654141	27.59910495499839	4.98724926604315E-4
220.0	29.371025088887777	20.62747258250288	23.319645450448196	26.681689952760113	1.66925401038276E-4
221.0	25.703592462313246	20.965493144655987	24.021757024165886	29.30898938689942	1.6798196545618862E-4
222.0	25.99842557438481	23.459961812527734	24.052496722780376	26.488435792849113	6.800974579657265E-4
223.0	31.797373384248246	20.88937740820563	23.013688702377273	24.299042843412497	5.176617563573178E-4
224.0	32.032082319212144	21.57865105280937	22.784336483244264	23.604930144734222	0.0
225.0	32.5305176931101	18.4833081563092	22.324577776072175	26.66089862788126	6.977466272672405E-4
226.0	26.516413055570766	21.056990536600697	24.286978157718615	28.139618250109926	0.0
227.0	28.177556177320785	21.659899174169755	24.47335712209484	25.687760914030555	0.001426612384065453
228.0	28.103835647437243	26.835703112231794	22.41331314666049	22.646968496936978	1.795967334946112E-4
229.0	27.586724787790946	23.743528777375467	21.540463123304725	27.12910236157781	1.8094995105303823E-4
230.0	26.71341313100879	22.08405233412766	26.592164489121405	24.610370045742147	0.0
231.0	26.289234346995304	23.32786508865222	23.54468160744175	26.837293181851845	9.257750588792937E-4
232.0	23.901657583972284	24.12492627481771	25.311413309418775	26.661816774548857	1.8605724237118792E-4
233.0	22.613045421879686	24.13521879120195	21.362675252705298	31.888306049271637	7.544849414236754E-4
234.0	25.558343115366615	20.67250519790396	27.24238727645177	26.52522997368441	0.0015344365932438756
235.0	25.368422688543447	21.67525963454956	27.329134629207285	25.62698878316581	1.942645339011038E-4
236.0	29.591580760425785	22.642113184887876	23.12703325702344	24.639272797662905	0.0
237.0	29.405805672999303	22.50537488311128	23.194518818085182	24.894100816023148	1.9980978108840385E-4
238.0	27.873972947263592	21.88943223328067	23.17168894018096	27.064905879274782	0.0
239.0	28.875028875028875	22.292141042141044	23.715061215061215	25.116531366531365	0.0012375012375012377
240.0	26.085400207569947	20.77923453286171	26.32092855781247	26.814013089615145	4.236121407239532E-4
241.0	28.84680232866399	19.849421545443942	23.374017793707516	27.927001261889867	0.002757070294688398
242.0	27.463587846314137	23.760073143245943	19.47311347834407	29.30237502923604	8.505028598158661E-4
243.0	27.809330845107972	22.294001599573445	25.26835510530525	24.625753132498	0.0025593175153292456
244.0	27.06740866530073	20.798988805858425	25.772832070766484	26.359487216777953	0.001283241296415907
245.0	29.202091959593186	20.35779456510785	22.86124149524935	27.576727700023802	0.0021442800258171316
246.0	25.515136807880545	26.285452901624172	22.08490012949557	26.11171838257243	0.002791778427283836
247.0	25.735004741966076	21.912399434835063	24.422523156063374	27.77738351000114	0.1526891571343471
248.0	26.18399752006337	23.604174559983466	22.488418351531017	27.712430682327003	0.010978886095133126
249.0	25.60536606842255	21.16385673218864	29.000595654313315	24.21399528656152	0.016186258513971978
250.0	28.606423634404226	20.24210895335702	23.831112342189886	27.318840266086138	0.0015148039627271665
