# Position (bp)	A	C	G	T	N
0.0	24.10661008944214	23.709675899212392	24.933842556279643	27.24980862251144	6.283255438419385E-5
1.0	22.876057481617803	29.677286979966848	23.789844457301342	23.58184268881619	0.07496839229781257
2.0	24.772470403183384	26.71922998796856	22.601019807601162	25.90634228659823	9.375146486663854E-4
3.0	26.234091538737413	22.21188885001154	24.152032675843618	27.39561761869565	0.0063693167117757216
4.0	25.90569040357909	23.46361848574238	23.99525328302113	26.635229857232464	2.0797042494180988E-4
5.0	28.081505370224708	24.098331679683664	22.71807249735856	25.101321957386723	7.684953463452751E-4
6.0	25.69792314360395	24.035832619941562	24.088225189775343	26.17240037377651	0.005618672902633375
7.0	25.49609995887726	25.31952866883947	23.62820076834161	25.555260442652806	9.101612888545785E-4
8.0	27.33183890309123	24.611791347905715	23.646911009384837	24.409396775773292	6.196384492267222E-5
9.0	26.1549542536961	25.475629422676967	22.090054551717557	26.279093785540404	2.679863689764137E-4
10.0	24.494449821858847	24.671005210371316	23.631999505735525	27.202545462034312	0.0
11.0	27.383734790374614	22.81664432467486	22.817083577418096	26.982377579262156	1.5972827026662244E-4
12.0	27.892206274938076	24.405606647383422	20.336118435808316	27.36604895035355	1.9691516638642354E-5
13.0	25.12371984496103	22.955027833922863	25.13300722994689	26.78814773912534	9.735204387695558E-5
14.0	26.620446023242362	22.075390423353685	23.621358733707577	27.682766324948794	3.849474758416588E-5
15.0	25.49083427472879	23.477040153827375	24.526371303604883	26.505754267838956	0.0
16.0	26.489005502583936	24.358696437603875	21.771916641675343	27.380269097582975	1.1232055387511527E-4
17.0	28.359003858254066	26.5345738133989	19.59545230845369	25.510069202962693	9.008169306519875E-4
18.0	25.499836770509543	25.86395428043136	20.254510410869862	28.38162562719405	7.291099517857817E-5
19.0	25.219168347132754	24.8319352436204	21.778495696119464	28.169965171160733	4.355419666461962E-4
20.0	22.780553300949926	25.622816404684794	23.85357134037852	27.74304092915828	1.8024828480238388E-5
21.0	24.054180523427497	24.472677200397595	23.64346193039169	27.82950153925599	1.7880652722499245E-4
22.0	22.85658024286183	26.93756375344823	25.861361197101267	24.34449480658867	0.0
23.0	25.519578311922448	23.774960688941434	23.340847153974778	27.364331127131408	2.82718029935952E-4
24.0	28.014783761745264	21.515825849555895	24.63478775044733	25.834550109251563	5.2528999947646104E-5
25.0	24.989228384452016	24.87799833102862	20.018581145273913	30.113966555673766	2.255835716855136E-4
26.0	26.023481912629805	25.36193643176641	20.188720513175067	28.425774828368805	8.631405992163719E-5
27.0	25.203547832040172	25.230030358480082	19.94556101717008	29.620791917078353	6.887523131315966E-5
28.0	27.57549035395116	23.784737576180483	22.572410332173746	26.064805703024557	0.0025560346700542647
29.0	27.186952294300713	24.131238832734002	22.13627107735721	26.545233895711345	3.038998967246851E-4
30.0	23.67813429478787	24.46210244324934	24.82154007291478	27.038021767008413	2.0142203959957298E-4
31.0	26.142645184321633	24.826140808496582	22.80069166320757	26.230088217781745	4.3412619246951354E-4
32.0	24.382706489828198	22.50026293886982	24.697487795081592	28.419310893122596	2.3188309779255574E-4
33.0	23.446529803511478	25.0899062943853	24.959176816670677	26.504321367459582	6.571797296198298E-5
34.0	26.196306350514533	26.701457026257046	22.375228386091177	24.726959345279354	4.889185789222963E-5
35.0	25.557139075755032	22.25676914535101	25.74910906813692	26.436805169987217	1.775407698167779E-4
36.0	24.0519326291087	24.57173949117854	25.939060696598926	25.437138170769447	1.2901234438490706E-4
37.0	25.692968547852097	25.18214420155685	21.461635376270674	27.663251874320384	0.0
38.0	27.170696249353295	24.752849933838664	21.375462766720442	26.70089434655002	9.670353757657711E-5
39.0	23.498872441239243	27.445432843180306	21.49509699261266	27.560404358121364	1.93364846432056E-4
40.0	26.235969393509173	26.46795733960947	22.756504652648037	24.53945583448315	1.1277975017029742E-4
41.0	24.136051248130922	24.90386787039504	21.534547479042633	29.42071672765103	0.004816674780374129
42.0	24.625800044940238	25.979564272995027	20.612556366573806	28.782014885044	6.443044692984894E-5
43.0	25.74189414930523	25.952234927134477	22.18639414060814	26.115804677489287	0.003672105462868894
44.0	28.405814231740266	24.961746356523633	22.565913660616832	24.06633251023452	1.9324088474694946E-4
45.0	25.570121494215105	24.576773173283865	21.883465442198272	27.96580792550145	0.00383196480131021
46.0	25.354747058183346	24.58916314146672	22.256493956018126	27.799595844331808	0.0
47.0	25.33911732988758	24.588161491081173	23.06812384831304	27.002923174078646	0.0016741566395684024
48.0	22.914420736216204	23.959203845113393	22.869667076868314	30.256708341802092	0.0
49.0	22.554491117209707	25.698100182716516	24.68520221512597	27.060484717706608	0.001721767241205913
50.0	26.980179580068075	24.686780728408678	20.599479811522183	27.73352770007667	3.217992439326764E-5
51.0	24.709382809992608	26.887682502962118	21.20445721079248	27.196128697014714	0.0023487792380785374
52.0	23.059837267298178	26.246356820433604	21.608747806063214	29.08504204811325	1.6058091752724655E-5
53.0	23.07811439120603	25.29801016600521	23.61782169169958	28.004482597469643	0.001571153619545151
54.0	23.07724494364946	28.018175431745057	22.858252249123908	26.046279280453493	4.809502808028214E-5
55.0	24.18532794317195	27.59234853930776	22.883695807126642	25.337235744468977	0.001391965924674164
56.0	26.299144350225458	25.275711327065032	24.91010126186185	23.515043060847663	0.0
57.0	22.763834890694145	27.58893672633506	22.907752465610226	26.734517103508843	0.004958813851726667
58.0	25.42874261304276	25.47261491728719	21.80367151847755	27.294699048468416	2.7190272408143264E-4
59.0	27.41794462252583	22.49856423380463	24.306358201235646	25.774302192040345	0.002830750393546273
60.0	24.10966044348941	23.401630240460708	23.23812072811637	29.250524710792252	6.387714126158313E-5
61.0	25.477171625300056	23.966611838349664	22.982288926015944	27.56793966191883	0.005987948415501026
62.0	25.133502677557964	22.17462509478311	24.734842805736502	27.956773952603736	2.55469318693664E-4
63.0	26.424748612280396	23.899016705642186	22.429351912152843	27.24440804919681	0.0024747207277658716
64.0	25.194073895534697	21.97663493448083	23.807699701871122	29.021575527097653	1.5941015691379388E-5
65.0	24.056949939269128	25.94811893687496	24.002722528444682	25.98760197526771	0.004606620143522518
66.0	24.528459773398016	24.024579257458033	23.26334718328672	28.183087797908417	5.259879488191411E-4
67.0	26.618702169383816	25.01176241077781	21.211037412754152	27.157940169174704	5.578379095167786E-4
68.0	23.89823209688915	22.627543767268165	26.594297090852066	26.879799545848055	1.2749914256826624E-4
69.0	23.13661775205263	25.342365112958337	24.585872558519046	26.93235567851497	0.0027888979550206535
70.0	26.39917404999277	23.139810055053253	24.421499973978182	26.039261273216514	2.546477592827464E-4
71.0	24.77972408801477	22.936769733366383	26.044300837657442	26.238379608993682	8.257319677208671E-4
72.0	27.82177831098499	25.684041487698938	21.860874833840256	24.631812867131266	0.0014925003445452924
73.0	25.542647042481143	22.85721769859804	22.637279073127132	28.95887144528602	0.003984740507665466
74.0	24.520147015544445	25.623969997501483	24.00722124810826	25.847899802880814	7.619359649966618E-4
75.0	25.40575769345602	25.017765514885653	21.968080960907614	27.606237144108363	0.002158686642348638
76.0	26.5191432195248	24.201758085270136	25.100926500112614	24.17726748732655	9.04707765900358E-4
77.0	24.13286371221401	25.29588066815624	23.67445301953027	26.89608839170109	7.142083983924279E-4
78.0	27.20275702707035	26.065364331636776	20.59157370508444	26.139797079506554	5.078567018833548E-4
79.0	27.02989177613527	21.318390566365316	22.5584404743352	29.09065863348525	0.0026185496789658093
80.0	23.93384682547504	23.61570323016994	27.6107793677023	24.83757585625267	0.0020947204000535107
81.0	24.959507543173043	25.069634965678805	21.938302936419184	28.03215784211187	3.967126170956796E-4
82.0	23.04379106394066	22.68574952134714	23.731248597681205	30.538131805113945	0.001079011917051911
83.0	25.67600159432542	22.160964668428548	23.869850493910842	28.292374021635098	8.092217000891096E-4
84.0	23.629719254756143	25.844085704185886	24.870866834338283	25.654122392665098	0.0012058140545878368
85.0	25.177201278790594	27.04165207738425	21.370132329220517	26.41049076627327	5.235483313642099E-4
86.0	25.20116144648727	25.11728766106678	22.61863571760472	27.061090797061134	0.0018243777800939444
87.0	22.531935441296657	22.152650521068633	25.637281153711438	29.67737145873837	7.614251848994157E-4
88.0	24.57402009552863	27.083328045926834	25.598624301427854	22.743297895020024	7.296620966554827E-4
89.0	26.315503131461092	26.074883834174127	22.982093134102037	24.626536485863816	9.834143989315678E-4
90.0	24.273204842567697	25.42130748185877	24.90606815053268	25.399292638334664	1.2688670619081824E-4
91.0	26.42818183879983	25.497453120591413	23.731171593075963	24.342733507296476	4.599402363172934E-4
92.0	25.59534250094758	24.202580909138486	22.827708376615448	27.374336495108263	3.171819022350222E-5
93.0	25.847734276764218	26.16759959395976	21.233030843611868	26.751333974755536	3.0131090861256E-4
94.0	27.868851939082507	24.0348514075229	22.957174564048174	25.134983155649916	0.004138933696502299
95.0	23.900525556894788	26.685201679663535	23.705402074096817	25.706523816085692	0.002346873259171081
96.0	26.10145819858729	24.582894442456233	23.74409291066827	25.570492072057014	0.0010623762311870216
97.0	25.283141702371697	24.89387586905409	23.187074173604856	26.63571799021437	1.9026475499211114E-4
98.0	27.920358009083408	23.044012629123657	24.152675793196675	24.88292185943774	3.170915852454749E-5
99.0	22.182106009738014	22.21514309783258	26.193068489180988	29.409666550519002	1.5852729411981048E-5
100.0	22.882985848290183	24.910829565224283	24.352512711175926	27.853671875309605	0.0
101.0	23.649611803961992	22.32611066737446	28.196706915755886	25.827459656730117	1.1095617754066267E-4
102.0	24.8190188235641	24.32191403098884	24.567169303652246	26.291850287127154	4.755466765707188E-5
103.0	25.475862458108633	25.53336600532304	25.143774717966338	23.846854169229072	1.4264937291335667E-4
104.0	26.13690089671436	26.874296581574665	22.85514537353747	24.133308460262338	3.486879111644639E-4
105.0	27.1840648498341	23.671397202380895	20.71109559942573	28.430193136332814	0.0032492120264590468
106.0	25.692597003996415	23.416376029118435	25.07726164353057	25.813638528514176	1.2679484040095697E-4
107.0	26.155204040587183	24.13077388059867	22.77420138082135	26.939170892253017	6.498057397816463E-4
108.0	23.834688233076456	24.611259008476132	24.594334316856532	26.959623359053687	9.508253718876119E-5
109.0	25.820236477075337	24.541619274380658	25.194072005428154	24.443375025868345	6.972172475067352E-4
110.0	24.61645989256345	24.232642494763965	22.995943321216007	28.15492260112938	3.169032719312117E-5
111.0	24.47552480794318	24.3876468204917	24.645164500271985	26.4909508331692	7.130381239301457E-4
112.0	25.88409323788755	23.67280449644503	23.808973020917886	26.633970798712213	1.5844603732006272E-4
113.0	27.960305436399054	21.78126129883036	22.957512119951314	27.300255692233883	6.65452585394203E-4
114.0	25.807197833877932	22.53480266015102	27.30832967987463	24.349242026811606	4.277992848146623E-4
115.0	26.810600317918272	23.409141037569626	26.06121701344434	23.718455358342567	5.862727251984454E-4
116.0	26.929752591230617	24.51668442903877	24.743222015073773	23.810214203749776	1.2676090706302266E-4
117.0	26.212668903903452	26.29298822907534	23.97117504368126	23.522502324887153	6.654984527953232E-4
118.0	26.245191847579115	24.967422766922574	24.768980516406184	24.017977055233622	4.278138585070628E-4
119.0	26.73861222854832	21.58732880076716	24.549505725496857	27.12404619947052	5.07045717143279E-4
120.0	25.18802812226031	23.88275240181792	24.816891736332973	26.112296049678367	3.16899104237147E-5
121.0	27.455857252504945	23.777728059506433	23.90279310347013	24.863035317367007	5.862671514831924E-4
122.0	26.608705848053287	24.104554471761134	24.30654586478555	24.97967093212658	5.228832734394311E-4
123.0	24.2401550880134	27.984751051890633	23.22761479293738	24.546829434082447	6.496330761472957E-4
124.0	25.2109701298619	24.566398154427283	23.13973938890755	27.082749725889354	1.4260091391341272E-4
125.0	26.51654028764919	23.749357911778585	24.221453177548444	25.511808877786645	8.397452371393016E-4
126.0	24.073021308365252	23.752665407361707	25.124987760278277	27.049151236695145	1.742872996210994E-4
127.0	25.513690898037545	23.21271121466763	27.72694223539177	23.545784230730778	8.714211722706178E-4
128.0	26.103048008180668	23.91937150576427	24.445128912997394	25.523816495248493	0.008635077809180942
129.0	24.657735659706802	26.422035471686993	22.013432793018662	26.903627291407258	0.0031687841802886096
130.0	25.83241345119866	24.535843081284835	23.829924976594302	25.801739270413975	7.922050822491082E-5
131.0	26.409718118168236	24.460802565471653	23.923244992085888	25.205616405582816	6.179186914066523E-4
132.0	26.484831517374285	24.97596070436681	22.566469900140078	25.96730338914062	0.005434488978206749
133.0	26.742427927329143	25.591480169548642	24.32938751796103	23.33472389881394	0.001980486347240097
134.0	26.845611319412484	23.02984884265329	20.965771943402938	29.158704519510398	6.33750208939522E-5
135.0	25.83883690956866	24.042013338498258	25.912017243878733	24.20672058151353	4.119265408231085E-4
136.0	27.75976801175088	26.01054010972323	24.463650753941213	21.760242368972285	0.005798755612395331
137.0	28.84541376841479	21.642924806237048	23.74183402366428	25.76960559164106	2.2181004282993493E-4
138.0	24.98676319474216	24.29067042081792	26.637094170324016	24.08423646209901	0.0012357520168898783
139.0	25.534357077097326	24.09668293268732	25.194476935822017	25.17337404353755	0.001109010855790407
140.0	26.77272126676158	21.626589496104664	25.453040650478638	26.147331725155603	3.168614995216976E-4
141.0	25.541641105849667	25.313067196641686	24.989939389176747	24.15492453432839	4.2777400350838056E-4
142.0	28.609801514289483	22.752509252996678	23.41232741087678	25.225076638942134	2.8518289492008463E-4
143.0	26.55694958719049	25.670364902026364	23.646741972787574	24.125864320650265	7.921734530317983E-5
144.0	27.86002013699813	25.64258967182714	22.94599054305729	23.550765910961513	6.337371559302351E-4
145.0	28.19492515492318	22.32546209202454	22.786056929851494	26.692573541969868	9.82281230918791E-4
146.0	27.72979222903445	21.66987702820756	24.745566041293095	25.85028107430875	0.004483627156141444
147.0	26.177336862472416	24.83462903561316	25.968687366534425	23.01568705173826	0.003659683641736933
148.0	24.44527426989927	24.79689564304141	23.74773503331721	27.00960391818442	4.911355576915552E-4
149.0	27.68767877167639	24.65912378390899	24.12449210386478	23.52643975067738	0.002265589872464718
150.0	25.71208572010257	24.04914361491863	24.7198815533996	25.51887326799969	1.5843579508231137E-5
151.0	26.62328042747197	24.01896530553234	25.482890426640154	23.874277611195392	5.86229160147508E-4
152.0	27.484613294398834	24.326736069575084	23.078434370521535	25.110057823433742	1.5844207080617701E-4
153.0	25.237160052634454	23.121403860124172	24.759821625916686	26.88088562779898	7.288335257084143E-4
154.0	23.398593146230272	24.644800795007374	24.91599312227358	27.037935237066712	0.0026776994220605674
155.0	27.334332779417732	23.84905374555387	24.00545158171771	24.81092420662959	2.3768668110005833E-4
156.0	25.72067069912664	23.79042046730139	25.592572591568597	24.89600347848795	3.3276351542786735E-4
157.0	25.17318384941067	23.09988988681112	26.111451533954842	25.615237041259093	2.3768856428025762E-4
158.0	25.247212300312377	21.12446398313713	25.809624938338548	27.8185878549485	1.1092326344481068E-4
159.0	27.00260881374325	21.742576020940234	24.305006979602826	26.94926940379502	5.387819186689678E-4
160.0	26.892649261294043	21.173480019656356	25.887788575955316	26.046018755941557	6.338715272357956E-5
161.0	24.66134989702628	21.01346867082449	28.495306439518075	25.826198491747203	0.003676500883944911
162.0	25.3915527518396	24.113478549084917	24.138755097503296	26.356166059474845	4.754209733864093E-5
163.0	25.38913123474465	24.06838770082544	26.760666501639758	23.78173532451718	7.923827297331477E-5
164.0	25.691134088911888	23.948063021051656	24.432804988308156	25.926254624636787	0.0017432770915165006
165.0	26.367357004160535	21.73610613645772	26.428547882297977	25.467402584312186	5.8639277158385E-4
166.0	25.02730766402349	23.35103233430286	25.78090726742048	25.84057839629364	1.743379595231635E-4
167.0	26.520660749655395	23.50684591938446	26.387446371505025	23.584571476844236	4.7548261088769595E-4
168.0	25.86182739201897	23.768918771129822	23.974475409758114	26.394667478178725	1.1094891436487294E-4
169.0	26.948725634044635	22.395051306383408	25.25208592913777	25.403962777967365	1.7435246682587688E-4
170.0	30.799930891499656	23.178975165321482	22.89247604978348	23.128443537087172	1.7435630821123108E-4
171.0	25.565452141393706	23.67398623748657	26.538091006815318	24.221614697174935	8.55917129469512E-4
172.0	27.31918518667589	24.177582919921523	24.085548711972706	24.417556412548407	1.2676888147220505E-4
173.0	28.61215279576859	20.423837970328744	23.40623831917493	27.556376544087225	0.0013943706405120763
174.0	24.301270690612704	25.671975009249525	23.589370216292316	26.43692457854253	4.595053029288709E-4
175.0	25.4631419560439	24.086645843844043	23.38558687148076	27.06289819211589	0.0017271365154054238
176.0	24.66352790845373	24.576264472071262	27.3682507507793	23.39062581210298	0.0013310565927233038
177.0	22.701205437129033	26.09589299427819	24.020568466312387	27.15672394180762	0.025609160472767924
178.0	25.13146514909842	23.33156599212968	23.90513846267936	27.631465941391248	3.644547012913422E-4
179.0	28.543119043906323	24.116941960691843	22.68155270140582	24.657292851229666	0.0010934427663531496
180.0	26.602347151949296	22.443739218185645	25.314358081226946	25.639380847908406	1.747007297090661E-4
181.0	27.483094019119164	22.21036804747748	25.992537117622692	24.31325341439193	7.474013887353889E-4
182.0	25.930648472153223	23.202123470706066	25.144858716235944	25.72233753528039	3.180562437939275E-5
183.0	24.28806844313994	24.644765777921123	25.57799313100393	25.488711449365802	4.6119856920300435E-4
184.0	26.347360053794205	22.356705970069022	26.05935175309885	25.232812938855215	0.0037692841827158124
185.0	24.680210636862597	24.093889056570887	24.610844357143787	26.614547072542628	5.088768801012919E-4
186.0	27.485432012533217	23.21431326138916	25.114461338713802	24.185777483881424	1.5903482401444925E-5
187.0	25.05417342855646	22.65623967200806	27.530693497930297	24.758112953728844	7.804477763370465E-4
188.0	27.506101000164225	27.386127804584497	22.46270310186142	22.6446380248449	4.300685449618346E-4
189.0	25.56402032053328	23.6460517621812	24.43022924635238	26.358742920277017	9.557506561228255E-4
190.0	28.734438131911528	21.369133747833256	25.427481921716765	24.468691311193076	2.5488734536900756E-4
191.0	26.720520406053538	23.675820823899677	24.38056926112448	25.222722585387892	3.669235344116844E-4
192.0	26.92414094141545	23.58171693975366	24.105411548180065	25.388666754095347	6.381655548227288E-5
193.0	27.71761477185242	23.94260709313782	22.155544829731983	26.18399396871871	2.393365590582904E-4
194.0	27.676459512761763	23.442468358873874	24.06933922223144	24.81173290613292	0.0
195.0	26.559263469869887	21.89350557165919	24.26314432183553	27.283448307118203	6.383295171867031E-4
196.0	28.546237191869317	22.436407071495275	25.869002085118904	23.14825771046269	9.594105381653511E-5
197.0	24.84720696002184	23.923003982734606	24.246286307488607	26.982767072158296	7.35677596650044E-4
198.0	27.29917445077653	23.370334820312973	24.036816522261763	25.293546055573994	1.281510747389883E-4
199.0	26.023100520127585	23.30103210309862	25.47981657206203	25.195505193894036	5.456108177293988E-4
200.0	27.466062556882036	23.794558165279724	23.658610995784528	25.080752233515224	1.60485384836731E-5
201.0	25.42368964200079	21.613243370771368	27.942234790731117	25.0204630589625	3.6913753422546916E-4
202.0	25.299546396928445	24.781083270455515	27.980348414540018	21.939021918076023	0.0
203.0	25.839984329818783	24.31387565646981	22.749570916400547	27.095814488174312	7.546091365505372E-4
204.0	25.6382127521961	23.63719890175301	24.342301857992535	26.382206202150606	8.028590775181314E-5
205.0	27.468000340430454	24.466126367141396	24.855983466641828	23.20902269161658	8.671341697431196E-4
206.0	25.697589863796694	21.587883346812557	25.808126974909378	26.906287398416023	1.1241606534777996E-4
207.0	26.24957357097289	23.174948009387542	26.73740516571787	23.83773596542568	3.3728849602095943E-4
208.0	27.893558789049383	22.173346068548483	22.15588494484887	27.77714594318822	6.425436503997103E-5
209.0	27.193565624378447	20.82138155537683	25.251971380639617	26.732374534848635	7.06904756472918E-4
210.0	24.822290816711845	24.252535201988636	24.7902181615427	26.134570176608495	3.8564314832638906E-4
211.0	25.287646173629657	25.39287013254812	25.017040431104824	24.3016396583267	8.036043907015257E-4
212.0	28.49847961569238	22.39248825807995	24.456667399272227	24.652043173673018	3.2155328242394586E-4
213.0	29.78026616155507	23.12764276394183	22.467756028011046	24.623965091710183	3.699547818746606E-4
214.0	27.616142082046874	24.686259942987956	24.316013199807387	23.381568680972038	1.6094185750079183E-5
215.0	25.63407086874091	24.926470339233823	23.151099320635762	26.288004703576174	3.5476781333536734E-4
216.0	26.16752243971933	24.602884991624645	25.65852025432686	23.570990897427567	8.141690159513622E-5
217.0	29.2063845792319	23.26320422304083	24.868965349745185	22.66069098337197	7.548646101091469E-4
218.0	24.49801601512225	24.614612033324395	25.191505114163693	25.695635266350532	2.3157103913037797E-4
219.0	26.323078977673347	22.80802873182524	24.728963526514434	26.13936189031695	5.668736700351746E-4
220.0	27.659906276047458	21.661218196973067	25.0743734539032	25.60416705751815	3.350155581225192E-4
221.0	25.872873225820154	22.75059310681451	24.362296407110946	27.01403500729122	2.0225296317445462E-4
222.0	25.522437547964287	24.679456917073644	23.977066626109146	25.820817747863202	2.211609897192463E-4
223.0	31.210390010414557	22.56677287485224	23.518796304938327	22.703301701204524	7.391085903497513E-4
224.0	29.73835364076014	22.99065713633923	24.460714278329945	22.81017156381315	1.033807575328389E-4
225.0	30.32548734081193	19.978912321951483	23.841753741088482	25.852928686377595	9.179097705087022E-4
226.0	25.729636235803532	22.2789811783882	25.798335652164482	26.192942022343658	1.0491130011853228E-4
227.0	27.013166915334875	23.563775674514346	25.532204370854732	23.889653079177076	0.0011999601189725166
228.0	27.524104314642194	27.438092153153388	23.00242336695616	22.035291565988373	8.85992598772227E-5
229.0	27.243582423198205	25.86335554010709	22.02938602814698	24.86364032163897	3.5686908757139164E-5
230.0	26.004357154194523	23.07054839460859	26.827235201026195	24.09782325847901	3.599169167789308E-5
231.0	24.936889024787554	24.99778861326941	24.269814662131047	25.794288251985243	0.0012194478267437648
232.0	25.065773362140405	25.14339370247377	24.352796517838872	25.437871812678196	1.646048687559658E-4
233.0	23.35930347023511	24.990347456418327	22.193986617976282	29.455844446323255	5.180090470280063E-4
234.0	27.37882876859161	21.55037358117084	26.17131299475803	24.898265548814624	0.001219106664893648
235.0	25.379837853076776	22.10773914108263	27.506751375666948	25.005405846667593	2.657835060451509E-4
236.0	28.39951654670062	23.948839012204772	23.53704616648298	24.114406000789092	1.922738225343382E-4
237.0	27.442750967778025	24.32455580872682	22.76873076776668	25.463748818196013	2.1363753246319414E-4
238.0	26.9136792933055	22.768181609134857	24.306518873920847	26.011561261675944	5.896196285160493E-5
239.0	27.545797325230993	23.670340945882	24.012033970064504	24.77073195029014	0.0010958085323637089
240.0	25.579328570512917	22.076958664701056	25.997739385961022	26.345726856029046	2.465227959629427E-4
241.0	29.437018121243426	21.486570186519643	23.416522826867073	25.657708383602696	0.002180481767161163
242.0	27.19120001071963	24.169213437052598	20.610482764591833	28.028073054258833	0.0010307333771051442
243.0	28.021296365330272	23.03184272957627	24.806477881962092	24.138131865385724	0.0022511577456451977
244.0	26.63926655969903	22.84918060474797	25.7724934221529	24.737776132971035	0.0012832804290627416
245.0	28.695038559115577	21.002734057948917	23.485103522290526	26.815298527972914	0.0018253326720650879
246.0	24.47634548358627	26.751422312564717	23.352020489943673	25.417614736537686	0.002596977367653878
247.0	25.364575689541574	23.236960406850084	24.80263794734722	26.459931698980064	0.13589425728105317
248.0	26.18205151021883	22.48278279469414	24.226353707781715	27.09907986653449	0.009732120770825645
249.0	25.192860643549036	21.724296259373315	28.12286209878546	24.944926828370754	0.015054169921433961
250.0	27.540088353814163	22.437012395764413	24.10098967501501	25.920610624330358	0.0012989510760552615
