# Position (bp)	A	C	G	T	N
0.0	24.644760490837754	23.06302069588296	24.675028235302946	27.6170655046521	1.2507332423633354E-4
1.0	23.22768558091506	30.109172946958708	23.55443120695095	23.029705168192933	0.07900509698234202
2.0	24.64377579299756	26.579507002501273	21.955173785134644	26.82092105779063	6.223615758941935E-4
3.0	26.601829454086424	21.874786242405776	24.006641254127466	27.51046246261185	0.006280586768482648
4.0	26.68256952789753	22.300749244728006	23.14823214780589	27.86838694283545	6.213673312397397E-5
5.0	28.781759192188538	23.078899786415107	21.822529016448087	26.31625336965704	5.58635291225888E-4
6.0	26.14774514498306	23.520761465372367	23.481984512757677	26.844119747689643	0.005389129197248942
7.0	25.8957967897047	25.228474321409163	22.201069768678444	26.673978999096676	6.801211110211153E-4
8.0	28.1653765896198	23.88076641000826	23.23076249320728	24.72309450716466	0.0
9.0	26.68896020468029	24.231233074384367	22.291855327578958	26.787828269987386	1.2312336900012128E-4
10.0	24.388875905585415	24.312370081548814	22.695231300968008	28.60352271189776	0.0
11.0	27.580623397652136	22.46428543830251	22.685649442399292	27.269203951502025	2.37770144035209E-4
12.0	28.774207623865678	23.377962375072798	19.79716062408326	28.050669376978266	0.0
13.0	25.20671368457934	22.27890308037325	25.012558864237803	27.501708353588008	1.1601722159637376E-4
14.0	27.26907409193407	21.532896579913015	22.58172478564179	28.616189728257623	1.1481425350068659E-4
15.0	26.03234398005413	22.464115809461585	24.1715499111828	27.331990299301484	0.0
16.0	26.337140705409816	24.812239376316192	21.30923392326681	27.541385995007182	0.0
17.0	29.174712899502282	26.73149475549271	17.737388416479558	26.35498560951714	0.0014183190083113494
18.0	26.615827702812478	24.85697141161256	19.327706061899264	29.19938650971251	1.083139631862502E-4
19.0	25.415255725556822	24.32633061218773	20.725777692064863	29.532258881252538	3.7708893804213266E-4
20.0	24.08099282074094	25.384519147898725	22.875627944576205	27.65886008678413	0.0
21.0	24.326755591010254	24.038639020488525	22.648869068203854	28.985471117268535	2.6520302883075163E-4
22.0	23.181531739696677	26.90790026467252	25.025469478637145	24.885046002604714	5.251438894257027E-5
23.0	25.807657975983233	23.22197203667229	22.216529064614203	28.753579768711557	2.611540187163862E-4
24.0	28.942511467505078	20.785701563504293	23.724790203382042	26.546996765608583	0.0
25.0	25.712821242096034	23.993886047840448	19.40023725326402	30.892799685708482	2.557710910120504E-4
26.0	27.299011625127527	24.11575693525468	19.333525915724184	29.251603807842102	1.0171605150493984E-4
27.0	26.26939471008411	23.204884715738654	20.229427470947556	30.29619167640787	1.0142682181589511E-4
28.0	28.129226333782142	22.44843309691725	22.362792746347395	27.057345499501974	0.0022023234512410592
29.0	29.328639070028377	23.229070335645773	21.032995635802084	26.409047161685457	2.477968383105806E-4
30.0	25.223961393966647	23.477242310786057	24.15261145856782	27.145938549338005	2.4628734147099545E-4
31.0	27.009268415187332	23.740454944985952	21.568194660262748	27.681738632261304	3.433473026635903E-4
32.0	25.111033915065295	21.95542751993814	23.97092260741111	28.962422159980893	1.9379760456470876E-4
33.0	24.449349864214724	24.109994457450515	24.489493826787903	26.951113947056914	4.790448994412899E-5
34.0	26.989848539333945	26.040882899072713	22.005205244715768	24.964063316877574	0.0
35.0	26.575470765013364	21.351456885935903	24.9274943830706	27.145296709344237	2.8125663589875327E-4
36.0	25.444134715205447	23.857101449411093	25.242828920042875	25.455794436767547	1.4047857303738556E-4
37.0	25.91077104685838	24.580392134836192	20.913577091814073	28.595259726491356	0.0
38.0	27.463062024354546	25.03153812463268	20.851332836709254	26.653926636894177	1.4037740934426905E-4
39.0	23.883459082777566	27.427740851353676	20.529064588806804	28.159361222763646	3.742542983106161E-4
40.0	26.995039559570888	25.389129128145882	21.42419132659624	26.19159321114263	4.677454435746978E-5
41.0	25.085772759245124	23.26247025546626	20.704720962600458	30.941283542106284	0.005752480581870426
42.0	25.019815615406376	25.056243613994152	20.013233791528034	29.91070697907144	0.0
43.0	26.730923349265023	24.637282030229382	22.271046993660676	26.35593164864493	0.004815978199983729
44.0	29.717080368137736	24.198847863142372	22.082888028043246	24.00099673583041	1.8700484623059005E-4
45.0	25.923242401323076	23.287557251266094	21.19467814481123	29.589941166406607	0.00458103619299064
46.0	25.989682390185507	23.700635070057757	21.347318865745336	28.962363674011392	0.0
47.0	26.085058612280303	23.179168220656237	22.59435404041962	28.139456192449806	0.001962934194033241
48.0	23.554262097243292	22.855402148160366	22.118884683436253	31.47145107116009	0.0
49.0	23.059339291695807	25.13000339636939	23.43083763252031	28.377577234701274	0.0022424447132263596
50.0	28.252556621242615	23.63634410169308	19.017749201668973	29.093350075395335	0.0
51.0	25.006912567234057	25.82278232699432	20.600991673158873	28.566370920884733	0.0029425117280110305
52.0	23.709145499936167	24.593959409453113	20.965476881615718	30.731418208995002	0.0
53.0	23.3643851667244	23.858409219302505	23.307799070537335	29.467639680941833	0.0017668624939264103
54.0	23.686826373475142	27.421289550495665	21.890752434609816	27.001038655271525	9.298614785355425E-5
55.0	24.969092207898765	27.040737095793993	21.64022912791121	26.348226400330425	0.0017151680656102776
56.0	27.508454057020387	24.537761454691072	24.250351325395915	23.703433162892622	0.0
57.0	23.559837704693912	27.078012508139093	22.220090416374124	27.136312763724078	0.005746607068790131
58.0	26.207229545411366	23.736446745481242	20.63375409684898	29.422430598579002	1.3901367940943283E-4
59.0	27.964927253797857	21.99005957121881	23.863562124436523	26.178439361021415	0.0030116895253901647
60.0	25.3311272055499	21.241515515476642	23.049319808087223	30.37799124021181	4.623067442232461E-5
61.0	25.758292250550657	22.79617161624636	22.008075569207445	29.430896563838367	0.006564000157166201
62.0	26.152724731344822	21.59655293069762	23.82072059537935	28.42981685364331	1.8488893490569048E-4
63.0	28.261177018685213	22.08587766149204	22.04580622618592	27.604365983927053	0.002773109709766338
64.0	26.01792769556103	20.40132669371922	22.84568981251878	30.73505579820096	0.0
65.0	25.373168721852192	25.407181135922457	22.960545599678493	26.253758417842043	0.0053461247048109594
66.0	25.44839520624175	22.901186918321308	22.357752989186164	29.292250121549102	4.147647016804883E-4
67.0	27.97278172987904	23.603545232217503	20.62688103711821	27.795824264647262	9.6773613798627E-4
68.0	23.720729193690865	22.093908962763862	26.14146755736887	28.043802125501642	9.216067476359634E-5
69.0	23.152144162475842	23.413822943132903	24.882569400862035	28.548284089432492	0.0031794040967312964
70.0	26.68661207198186	22.26004707262785	23.715997290956015	27.337159651061153	1.839133731229916E-4
71.0	24.81012298521363	21.940804113287747	25.70910259248412	27.53900780408166	9.625049328377809E-4
72.0	28.451149596484072	24.668090391234013	21.02306525455187	25.85636574445366	0.0013290132763843507
73.0	26.665896844784204	21.5664225689781	22.023687602614277	29.740006406017805	0.003986577605606503
74.0	25.66520997962715	24.67089394527322	23.13974620752087	26.523462679018344	6.871885604178474E-4
75.0	26.75000125977644	23.801528864684894	21.313264254828493	28.13254863767776	0.002656983032414735
76.0	27.53913568472675	22.498426510481227	24.79251467903104	25.169236012434006	6.871133269752447E-4
77.0	25.3461244958029	23.416915005400394	24.36347263204857	26.872938208315052	5.496584330887048E-4
78.0	28.007749789880844	25.05715012011716	19.765307781622646	27.169471690594676	3.2061778466851553E-4
79.0	27.8829599400922	19.60789702086926	22.09517004793082	30.410904319270117	0.0030686718376077182
80.0	24.316692130418375	22.092735686257267	28.134468760190078	25.453492930603034	0.0026104925312434735
81.0	26.040446848880062	23.602269141588703	21.030914237640694	29.32595760037407	4.121715164751825E-4
82.0	23.569619986508723	21.46679409955794	22.975243550541688	31.987472253808217	8.701095834327472E-4
83.0	26.302533514980137	21.390284948883213	23.56468877720409	28.741622686006707	8.700729258491798E-4
84.0	23.948743309019143	24.400730799346128	24.242253572720486	27.407448109125376	8.242097888649256E-4
85.0	25.64157390674085	26.377640000677644	20.423315841308987	27.556875024896488	5.952263760374681E-4
86.0	26.675316731557412	23.96542598975178	21.6897935338781	27.66799866677899	0.001465078033718771
87.0	23.10582459423689	21.171465444269003	24.100724200113444	31.62129905541305	6.867059676121998E-4
88.0	25.102291194579873	26.524525624299024	25.142713268786192	23.229829018746138	6.408935887752066E-4
89.0	26.57242493101472	25.86778630035651	21.57746950823154	25.98158683539297	7.324250042572203E-4
90.0	24.267367200077267	24.318726222992453	24.874749441665166	26.539111360734886	4.577453022743991E-5
91.0	27.82999026441697	23.813135393261256	23.624236704200765	24.73227146668595	3.66171435057894E-4
92.0	26.18411543589389	23.39057925278994	22.120590360844723	28.304669181807323	4.5768664117962324E-5
93.0	27.77107284033507	25.01719713477199	20.39367365124348	26.817827536194077	2.2883745538241715E-4
94.0	28.36061612363479	22.174894829145416	23.321980250945533	26.138344067045733	0.004164729228527388
95.0	24.519530658280182	25.203571639414708	23.596690865373393	26.677094855482785	0.0031119814489294095
96.0	27.15331252977412	23.533511531880563	23.134509700014142	26.17743065518398	0.0012355831471950202
97.0	26.817121626809893	24.282621518585923	22.771238324738718	26.128972769201976	4.5760663493012114E-5
98.0	29.076190659224505	21.864329688210688	23.761019792384502	25.298459860180305	0.0
99.0	22.541795953133455	21.136650477553673	26.160490421708328	30.161063147604544	0.0
100.0	22.792126525952163	23.983018750548904	24.053781580257034	29.171073143241898	0.0
101.0	24.319746715711073	21.103929071617213	28.33293235476266	26.243346118908594	4.573900045647522E-5
102.0	25.39394363549287	23.628979174928862	24.122583723171605	26.85449346640667	0.0
103.0	26.116902772206675	24.8659314181746	25.13267358250918	23.88440075174455	9.147536499814076E-5
104.0	26.266262054329953	26.32617639055	22.43709566398577	24.970100002058125	3.658890761529508E-4
105.0	28.087858228144526	22.274474863999313	20.403442027162633	29.23175505148679	0.0024698292067365964
106.0	27.216653745972287	22.289318359048945	23.826766647685822	26.667261247292945	0.0
107.0	26.94346823072265	23.181940422199983	22.250842918115744	27.62319959459435	5.488343672762996E-4
108.0	24.254076034763138	23.250547404197405	23.94831626334669	28.54701456634795	4.573134481251063E-5
109.0	26.81823752462516	23.452113327858026	24.792389568627595	24.93684801636007	4.1156252915234583E-4
110.0	24.95374634063362	23.066103178355757	22.654278703562287	29.325780321868766	9.145557956772606E-5
111.0	25.574131971357534	23.073152239573115	23.72716036002914	27.625006687784058	5.487412561510466E-4
112.0	26.23654714261675	23.09908655921452	22.771270330184883	27.892913060337577	1.8290764627124472E-4
113.0	29.11332441387156	21.105013402055256	22.08554452765414	27.695477503660303	6.401527587383138E-4
114.0	27.081302255479567	21.327094837693632	26.810456308886017	24.780963686614367	1.8291132641806577E-4
115.0	27.81568795307004	22.38273454462974	26.05956424791517	23.741510224314826	5.030300702229978E-4
116.0	27.40133081699689	23.655955774182736	24.18284992022506	24.759863488595315	0.0
117.0	26.636031143422358	25.35209206570739	24.029557533293154	23.981816236248083	5.030213290189346E-4
118.0	27.921981119478474	23.499499726541565	24.24894960865263	24.329295172315398	2.7437301193888435E-4
119.0	27.880773654233536	20.094065891853948	24.759587792926997	27.265161094127627	4.1156685789282344E-4
120.0	25.618431841140016	22.813669955976387	24.28459914367282	27.283253329894492	4.57293162872734E-5
121.0	28.744384960221993	22.71898940945078	23.214699731703647	25.321422871543803	5.030270797768938E-4
122.0	27.19489068018323	22.949501748943295	24.0932086855876	25.7620330454021	3.6583988377266894E-4
123.0	25.16744963020921	27.070798714272193	22.120316794990984	25.641023295928207	4.1156459940817013E-4
124.0	26.017824242487986	23.97264126482705	21.563318405869406	28.446124628852154	9.14579634049251E-5
125.0	27.389220949007548	23.459784448245948	23.55233753709097	25.597925420684426	7.316449711068828E-4
126.0	24.25043910250694	23.852331690328587	23.740069607064417	28.157022416291582	1.3718380846945396E-4
127.0	27.10331014993758	22.02207681157432	27.35398347439995	23.519760758330246	8.688057578958439E-4
128.0	26.47278986065581	22.930540078202487	24.340809561719468	26.24767534856625	0.008185150855988444
129.0	24.632975293907844	25.650392563022713	21.575419198778185	28.13796635435386	0.003246589937400259
130.0	27.10869817706928	23.036574759547452	23.540663161581733	26.313972448898404	9.14529031266833E-5
131.0	26.563406674357893	23.968005955443004	24.17949185767845	25.288592519023446	5.029934972086147E-4
132.0	27.82422052546913	24.47554142305944	20.969380709508613	26.725735988754973	0.005121353207841889
133.0	27.714794585066176	24.704298063710752	24.057130706954773	23.521810404153797	0.001966240114499192
134.0	27.456676473466313	22.38053735896819	20.06988830856941	30.09271495318983	1.829058062533666E-4
135.0	28.07576444852524	21.87453130772917	26.04849890440324	24.000702352515116	5.029868272322555E-4
136.0	28.678553856340415	25.735747352864248	24.029307345767418	21.55108711358403	0.005304331443893892
137.0	29.849818760971626	20.236582435978747	23.464635411641456	26.44887193737594	9.145403223114457E-5
138.0	26.210673542105127	23.606185151265898	25.90419590427363	24.278351010397746	5.943919576024789E-4
139.0	26.597579905857287	23.03154169552902	24.18544148543394	26.183973791838984	0.0014631213407678186
140.0	28.277638957790852	20.402270602194246	24.88622984474769	26.43358625750714	2.743377600779119E-4
141.0	27.380822286103328	24.471148108707215	24.499313915691875	23.64862424207231	9.144742527487953E-5
142.0	29.874808532040873	21.748199629638094	23.001668914748176	25.375048581422465	2.743421503852221E-4
143.0	28.113516308813303	23.77236383488587	23.96188689062851	24.152141519083305	9.144658901936793E-5
144.0	29.09273553787782	23.732383869106354	22.62921239400144	24.544982346147197	6.858528671850495E-4
145.0	28.9119039737219	20.9548582851562	22.28344066119572	27.84892833693328	8.687429929019125E-4
146.0	28.359362961858825	20.708586279565388	24.369392869602514	26.558497050148166	0.0041608388251071415
147.0	27.786927370623438	23.035118586038887	25.633989055847366	23.540215737340336	0.0037492501499700056
148.0	25.203594399627992	23.20077693022031	23.02012419361255	28.57513869018307	3.657863560774717E-4
149.0	28.90570416893763	23.68012905160967	24.18076187271151	23.231072979270536	0.002331927470654293
150.0	26.53047226942092	23.269936697863532	24.195600126567694	26.003990906147862	0.0
151.0	27.440624799948786	22.818321490301518	24.894098603528217	24.846497846305798	4.5725991568127154E-4
152.0	27.874291692730914	23.228363019135728	22.959215402230733	25.937901252181167	2.2863372146193886E-4
153.0	24.919211350970947	22.793533615714452	24.39673159786161	27.889928980981573	5.944544714179431E-4
154.0	23.211546120967768	23.142588393243788	24.494397641901788	29.1482668883557	0.0032009555309539263
155.0	28.722579476579547	22.63152863343233	22.890965583895515	25.754789086266904	1.372198257033774E-4
156.0	27.54466203133855	22.21764818618888	25.406025743589606	24.831526817801965	1.372210810002319E-4
157.0	25.591657244061928	21.658680323039825	26.277769239495168	26.471573007805212	3.2018559786884467E-4
158.0	24.80618062972713	20.548809913159225	25.903800456045577	28.74111751750195	9.148356612089096E-5
159.0	27.69135062689544	21.174016659271693	23.296998861021788	27.837084947648172	5.489051629104782E-4
160.0	27.440234351056347	19.802417248442676	24.600868570006615	28.156479830494362	0.0
161.0	25.066041995161264	19.532923564195563	28.623915824874242	26.773413402533908	0.0037052132350216755
162.0	26.069424475734642	22.15850532853871	24.83807619099027	26.933994004736377	0.0
163.0	26.040888996237904	23.115018371320247	27.142847993793275	23.701244638648575	0.0
164.0	26.051091371046027	22.50515332809385	24.605323230095983	26.83678520159966	0.001646869164479228
165.0	27.8467832656342	21.62398319774445	25.33266663525317	25.19601792765167	5.489737165108877E-4
166.0	25.41592591609839	22.31804070369093	25.341766986329322	26.92408339837299	1.829955083752469E-4
167.0	27.677494238811718	22.437180515402744	26.142092383061716	23.742729602282424	5.032604413960078E-4
168.0	26.52559809411475	23.267301138196352	22.92612132495078	27.28088793682065	9.150591745891728E-5
169.0	27.086510414879378	21.32477723253606	25.43930087048031	26.149136954805947	2.745272983082255E-4
170.0	32.553069215782635	21.816785035474037	22.06793555099833	23.562118687263844	9.151048115295885E-5
171.0	26.184361337789884	22.431109860469586	26.203670022808957	25.180263961620557	5.948173110139576E-4
172.0	28.18607906782045	23.8974401204111	23.733064329812954	24.183324984159444	9.149779604683772E-5
173.0	29.315817860676784	18.923050953062578	22.137575693530465	29.622137346960344	0.0014181457698312818
174.0	25.385488425626246	23.9300857779508	23.934568866414484	26.74939947200197	4.574580064986484E-4
175.0	26.16364365813234	23.301464758913372	22.120883439152735	28.412544254072703	0.0014638897288464503
176.0	25.485450883981287	22.713328020509575	28.072616114325132	23.72741554302884	0.0011894381551631223
177.0	23.270248037486997	26.096641927275154	23.128143703808085	27.47875068970471	0.02621564172505328
178.0	25.99741975624931	22.326565530871427	23.09048237748417	28.585257841379057	2.7449401603045053E-4
179.0	29.771010877532365	23.069162511449914	22.029496624734744	25.129277646565757	0.0010523397172225919
180.0	27.368438444282077	20.97109372418427	25.60562558056711	26.054566883166952	2.7536779959098706E-4
181.0	29.621083799031705	21.234419934757003	25.12968344775156	24.014214933959057	5.978845006721601E-4
182.0	26.615798386110207	22.01861317326274	25.089198086437754	26.276344363941067	4.599024822776579E-5
183.0	24.20485078505376	23.943380831791803	25.854710092602218	25.996414389172156	6.439013800646293E-4
184.0	26.568813061621	20.8298835728847	25.931205337101392	26.66660227113829	0.0034957572546162395
185.0	25.56728313495997	23.38544438194573	23.22332077891078	27.823445786557034	5.059176264920546E-4
186.0	27.978144489413303	21.776765250124537	24.834310520643744	25.410779739818416	0.0
187.0	24.849841643640772	22.47456543666645	27.109400330502893	25.565546895574276	6.456936156121337E-4
188.0	27.97106322447449	27.488506884338225	21.407014732682146	23.13295391176442	4.6124674071521844E-4
189.0	26.38954429986194	22.2223298556958	23.963132152532623	27.423978862015886	0.001014829893751923
190.0	29.098385991070497	20.536240696128427	25.066131646957114	25.298964867879718	2.76797964243239E-4
191.0	27.704820483134853	22.92192693564413	23.625772308819034	25.74692544454426	5.548278577217936E-4
192.0	27.68648351709328	22.292846956724393	23.896376775405944	26.12420026967489	9.248110148691114E-5
193.0	28.866459972029627	23.505934454614742	20.988924694582774	26.63858838415604	9.249461681330147E-5
194.0	29.602892761897536	21.88409711732096	23.521543546371422	24.991466574410083	0.0
195.0	27.769790429244427	20.061783220276887	24.011542489610278	28.156375014340217	5.088465281863969E-4
196.0	29.635253775536576	21.804648720022232	25.139638366902677	23.420412742201062	4.63953374541672E-5
197.0	25.522895864442894	23.24964339044964	23.179435160170357	28.04751514836535	5.104365717594934E-4
198.0	28.793833848729335	21.85835522797554	23.321397846962263	26.02636657443791	4.65018949522193E-5
199.0	26.26902417606184	22.49266812962262	25.345572072332423	25.89231612526731	4.194967158068227E-4
200.0	28.531039472236674	22.840811410010424	23.449285009724015	25.178864108028886	0.0
201.0	25.425236428937055	19.75080208219699	28.613332512836582	26.210349261226582	2.797148027870783E-4
202.0	26.003263631489382	24.76849196913537	27.56845467048978	21.65978972888547	0.0
203.0	27.5378858720315	23.86004252526774	21.09566692799947	27.505891647781834	5.130269194552401E-4
204.0	26.34445642180759	22.81558628622498	23.418144570141973	27.421766076966815	4.664485864042365E-5
205.0	28.293128469130192	23.169066612430957	24.92148028038992	23.615718218114324	6.06419934609272E-4
206.0	26.68971041666764	20.51506466883668	25.188212137484317	27.607012777011363	0.0
207.0	26.85271163015106	23.550628948132193	25.965353025660935	23.631026428046823	2.799680089888395E-4
208.0	29.278598780513416	21.865119090122064	20.61669711882877	28.23958501053575	0.0
209.0	27.738648102256118	20.127740795320186	24.72796849377797	27.40522250079004	4.201078556901508E-4
210.0	26.3173620824564	22.64609707497717	23.87461413340853	27.16169327504328	2.334341146217527E-4
211.0	25.68792386673877	24.63669232400161	25.19327062370581	24.481459376509015	6.538090447943257E-4
212.0	29.358868933036796	21.181107144859553	23.624899545853815	25.834797316238994	3.270600108397032E-4
213.0	30.742139834965755	22.155777367399892	22.269337759180907	24.83255803080951	1.8700764393744595E-4
214.0	28.191959512605287	23.682187427327587	24.093247156622414	24.0325591123543	4.679109041489192E-5
215.0	26.834930815391374	23.80535988381039	22.466890088981124	26.892584655915876	2.3455590123883045E-4
216.0	26.759180246674386	23.737316897238316	25.842307131599405	23.66119572448789	0.0
217.0	29.903075466951012	22.033761845999017	25.163046473456575	22.89944528975523	6.709238381635857E-4
218.0	24.97762157009389	23.473907331987398	24.42174524627898	27.126483660839877	2.4219079984964795E-4
219.0	27.40008588016384	21.638124910541496	23.693660749824026	27.267540239170373	5.88220300266856E-4
220.0	28.32471857697085	20.96540056648748	23.733178097129574	26.97645671724637	2.460421657221928E-4
221.0	26.31113862918705	21.348176583493284	23.36692464862857	28.973611541081045	1.4859761005510494E-4
222.0	26.623914563829498	23.86708928516043	23.296344209956548	26.212601915190152	5.0025863371363E-5
223.0	30.989292875751445	22.00886914139799	22.988518561498438	24.01260997112031	7.094502318128633E-4
224.0	31.317950143261523	21.69338730813143	23.31308854979907	23.675573998807977	0.0
225.0	32.260135375154164	18.43128175011462	23.16010976805901	26.14755309127728	9.200153949242751E-4
226.0	25.865474049730263	21.882918914449885	24.914222525371528	27.33733283727083	5.1673177487030035E-5
227.0	28.615244054781	22.693806978608816	24.44342463848866	24.246322165064306	0.001202163057215644
228.0	28.47946414352157	27.905670086024433	22.07312208195211	21.541743688501885	0.0
229.0	27.90385973425753	24.812395734939873	21.138981053889637	26.144710500064367	5.297684858739882E-5
230.0	26.206939296516886	22.418094298218662	27.171315251929794	24.203597722343716	5.343099093650101E-5
231.0	25.749990665195465	24.04109911506053	23.36542161118185	26.84235219757533	0.0011364109868214206
232.0	25.072720969707262	24.49160627220745	24.351035073140018	26.084256733186283	3.809517589903255E-4
233.0	22.599800920604718	25.157751172753617	21.176603221566566	31.065239747686114	6.049373889802405E-4
234.0	27.339358665845882	20.779170630701213	26.527002070625105	25.35306956181096	0.001399071016844815
235.0	26.162143778253295	21.33167061090878	27.526350843878866	24.979721399521022	1.1336743803760964E-4
236.0	29.419467656858895	22.905658470942956	23.458508144055518	24.21613609172597	2.2963641666149984E-4
237.0	29.096238923957152	23.443503927658337	21.67527573540059	25.78498141298392	0.0
238.0	27.78855232826998	21.734505307467376	23.457065809547757	27.019876554714887	0.0
239.0	28.788024558065285	22.3001390863535	23.707868771847306	25.203136153781287	8.314299526203702E-4
240.0	25.92564393355614	20.7045461104258	26.063244839352016	27.306565116666043	0.0
241.0	29.059834840420134	21.26016107701114	22.77679846682329	26.90062326805937	0.002582347686062762
242.0	27.82393858552003	23.291108824634797	19.87431226009969	29.00959293191298	0.001047397832502603
243.0	28.149939958786526	22.187019732062996	25.321702304297766	24.3386818606352	0.002656144217512268
244.0	27.895253779727703	21.974747971736445	25.18029868962013	24.949204445376907	4.951135388178298E-4
245.0	29.953915049599168	20.502374966114008	22.503028802938914	27.038820165717237	0.001861015630670282
246.0	25.161889613092836	25.8293308811194	22.403646011320777	26.602523874912237	0.0026096195547491968
247.0	26.14492088798916	22.769898917624534	24.29604458643983	26.647652692475976	0.14148291547050237
248.0	26.478770209448626	22.542144693504206	23.008203305664416	27.96126976161542	0.009612029767332705
249.0	26.392728514829557	21.01118386850368	28.334030878412577	24.246354153959146	0.015702584295038423
250.0	29.184014627466127	20.42440218509062	23.355664130102184	27.034539580940155	0.0013794764009209886
