# Position (bp)	A	C	G	T	N
0.0	24.92491656154126	23.41437703008942	24.651917133327213	27.00865174384402	1.3753119809271734E-4
1.0	23.699965937897428	29.39357475775683	24.036684370972242	22.798843600175957	0.07093133319754137
2.0	23.405311939439944	25.199512578669868	23.072286080921472	28.321698077885298	0.0011913230834164424
3.0	27.47987708309675	20.956223603227826	24.170484303206816	27.385425003757003	0.007990006711605638
4.0	27.15304560613544	22.044595926691592	24.89790913284415	25.904347430285746	1.019040430768771E-4
5.0	29.139733400100354	23.31749991433601	22.473277076690135	25.068946787566542	5.42821306957646E-4
6.0	27.89477209166395	23.220449173376487	22.832201988659044	26.04699556617521	0.005581180125316098
7.0	25.758605924429762	24.045974746484628	23.50596077036685	26.688749967522902	7.085911958556188E-4
8.0	28.853280622071985	25.21308891452241	23.162190276956597	22.771372769249126	6.741719988053672E-5
9.0	26.225448923172586	26.79227272345324	22.157856260556102	24.824254035476905	1.6805734116480544E-4
10.0	25.44406789221101	23.516276390085434	22.52741829238076	28.5122374253228	0.0
11.0	27.189752880810325	22.769655190555184	23.042438211982265	26.998120835381563	3.2881270663823533E-5
12.0	28.9701405021281	24.120261290459553	19.494909322045707	27.41465647202129	3.241334535220179E-5
13.0	25.259100113249268	24.447629735711164	24.534343208660978	25.75886292357243	6.401880616449888E-5
14.0	26.61357453991676	22.366945466498763	23.20359904275372	27.8158491908347	3.175999606176049E-5
15.0	25.111237068253107	24.502969901327003	22.340511956642523	28.045281073777375	0.0
16.0	26.963689836460645	25.29926491799019	19.095169060857845	28.641722253709663	1.5393098165789208E-4
17.0	28.023953249267414	25.955403085413508	19.12822741621299	26.89115213010072	0.0012641190053670882
18.0	26.578952248715154	23.429991283794738	20.26646342813079	29.724413570479523	1.794688797971284E-4
19.0	24.28262791918834	23.989631235694333	26.03626688804458	25.690968482786218	5.054742865230446E-4
20.0	23.16154477713071	24.586304399652306	25.364560383110657	26.88753164834176	5.879176456720296E-5
21.0	25.00059856985602	23.62607779072246	22.782181889320054	28.59087896333541	2.6278676605846134E-4
22.0	24.120500439045024	24.546390014812168	24.719058891015926	26.61402174205317	2.8913073711279253E-5
23.0	24.64307902941887	23.500063278760198	23.478174580346767	28.378251665381914	4.3144609224892713E-4
24.0	29.67819651892185	21.7798171684662	21.958937835851252	26.582934296255594	1.1418050510600946E-4
25.0	25.120177819983237	25.97991959822259	19.612195935083513	29.287480814880283	2.2583183037545388E-4
26.0	26.615784313587586	25.997037645533048	19.93141291367114	27.455680729645067	8.439756316102633E-5
27.0	24.45670540828841	23.994623144993458	21.84762053641467	29.701022794558817	2.8115744648308582E-5
28.0	28.11603864590742	24.11116403372756	22.88838993981867	24.881716083276586	0.0026912972697630227
29.0	29.023323340414116	22.46117396105422	22.74682584381777	25.76826109901416	4.157556997334729E-4
30.0	23.80263669024486	21.59223587557912	25.80654541783442	28.79836254820069	2.194681409073252E-4
31.0	27.222540679536483	23.178373191012582	22.872727203013294	26.72594811193764	4.108144999990414E-4
32.0	23.46361296288367	23.318675136007943	23.71944936634418	29.49799152162495	2.710131392590176E-4
33.0	25.06050893091391	25.245772170300253	24.60124856455935	25.09238969149316	8.064273333706083E-5
34.0	28.835653570971026	25.50487267288648	22.044669132445712	23.61472438647275	8.023722402741118E-5
35.0	26.976268807042814	23.008521103766284	25.201829249014796	24.813274568810577	1.0627136552594096E-4
36.0	26.099049176758598	23.352017014452194	25.444704357961985	25.104070139477088	1.5931135013714053E-4
37.0	25.85533184032549	26.463453381816716	18.88699158743081	28.794223190426983	0.0
38.0	28.279960288342092	24.67608221831168	19.667036696660947	27.37673502977446	1.857669108263098E-4
39.0	22.42116270597385	25.12171830236235	23.282165963558672	29.174793823829326	1.5920427580230333E-4
40.0	25.622217894724	25.590460307260628	23.074739372881833	25.71244977021515	1.326549183933473E-4
41.0	23.547483440019313	23.946408533463494	21.371938359998197	31.129553828890366	0.004615837628626682
42.0	25.585899681009145	25.41632471391353	20.404009109780493	28.593713445095958	5.305020087458562E-5
43.0	27.578838263965526	25.30232131315197	23.032461465055913	24.082692355126458	0.0036866027001314712
44.0	30.597323454184078	24.24685851274429	21.720594923499796	23.43498444007473	2.3866949711011018E-4
45.0	26.96953321956636	24.41412485164865	22.406410051089075	26.205981144662587	0.003950733033325096
46.0	26.66075255404029	24.442085398124856	21.40088642756224	27.496222594755938	5.3025516674006274E-5
47.0	26.626191759438967	21.788078574801123	22.104829497177793	29.479070924052152	0.0018292445299623625
48.0	21.750806339822837	23.977176256118284	23.126374766659076	31.1456426373998	0.0
49.0	20.733508216672295	25.68754965967716	23.872953915289536	29.704159513111218	0.0018286952497918202
50.0	26.23560420596486	23.119079432399328	21.99995865904792	28.645304701367273	5.300122061811084E-5
51.0	24.42037695371707	27.559520402604036	20.982545062949278	27.03509324209451	0.0024643386351061733
52.0	22.546122391449373	27.192936439934783	20.425501812996664	29.835412861440215	2.6494178963939836E-5
53.0	24.383538679417903	22.956163925722148	23.622547137582405	29.036031548096886	0.0017187091806569593
54.0	21.613441299014653	29.875317034840847	23.05332742160683	25.457808489144078	1.0575539359117028E-4
55.0	23.82131439404216	27.18817851913294	23.161348968802375	25.82749865596744	0.001659462055083077
56.0	26.580695285751908	25.269265209375824	24.072662628390834	24.07737687648143	0.0
57.0	23.409523869716605	28.27563740973244	22.248205445837883	26.06184042332991	0.004792851383158974
58.0	25.19389693675096	25.458921233936277	22.97485494758101	26.37208990024396	2.3698148779611168E-4
59.0	28.997430321157196	19.460867687868273	25.072324874807144	26.466586276440573	0.0027908397268136508
60.0	21.556195783341863	23.0379334963387	25.22047317887838	30.185318565974	7.89754670609122E-5
61.0	25.50469858655439	24.84325321509255	23.548055413259235	26.098280457891725	0.005712327202102137
62.0	25.93139029092991	20.32984778989346	25.03181737419469	28.70673396463566	2.1058034627305692E-4
63.0	26.316085937876316	23.168050436372432	24.25855379197997	26.25475663981777	0.0025531939535102864
64.0	25.385809861193724	20.611468756744237	24.368107718302742	29.634534706832934	7.895692636477048E-5
65.0	23.341239212317593	27.429794531363495	21.602840642323716	27.621362085046623	0.004763528948570731
66.0	22.908661317441982	22.90847709736531	23.358579378983595	30.82357164305623	7.105631528792414E-4
67.0	26.119754323923683	25.619433662906715	21.788448992792826	26.471678803188347	6.842171884305189E-4
68.0	22.664918302665914	20.98397315456022	27.383474855031047	28.967475798158166	1.578895846556586E-4
69.0	23.22542922754961	23.846702999297154	25.77709875937338	27.14771658864124	0.003052425138615625
70.0	26.033165496077526	23.67973248278517	23.901499295965866	26.385392644116916	2.1008105452286128E-4
71.0	24.81916525167712	22.4028890645578	25.781358143994254	26.99551468592989	0.0010728538409345027
72.0	25.33234712817022	26.692347421206065	22.763076855453264	25.210737252024956	0.0014913431454991002
73.0	23.216415817714566	22.705475008580205	23.366255514351963	30.70772051129657	0.004133148056687957
74.0	25.31521651855128	24.765220611677886	23.685289041431595	26.23346304926686	8.107790723798171E-4
75.0	27.27877560776852	22.63298622135071	22.179686809413397	27.90609303661178	0.0024583248555995673
76.0	26.430096588479728	23.040255442336534	25.2228909597524	25.306103236047495	6.537733838395065E-4
77.0	23.507739891934126	24.650503942184258	23.706633815784897	28.134337861835405	7.84488261309902E-4
78.0	27.846533002987496	28.04547267129064	18.645442600231416	25.46205489929464	4.968261958148931E-4
79.0	25.992654614712418	20.595056742918313	23.768277829811513	29.64118687118278	0.0028239413749770554
80.0	23.50563421747154	25.404858881795167	28.318315900002773	22.768759415854873	0.0024315848756466577
81.0	24.317643167803766	24.89009214872954	21.372622585001288	29.419171485007695	4.706134577147272E-4
82.0	22.712818621062343	22.39268447060478	24.307763821782142	30.58558274742291	0.0011503391278181022
83.0	22.94426039908563	23.11826692014732	24.736271366515876	29.20039088724503	8.104270061466968E-4
84.0	25.064733975710478	26.09514463158297	22.4217316890751	26.417239458328574	0.0011502453028818089
85.0	26.659021344773258	27.28248017936793	21.048649917538746	25.009273460024	5.750982960621712E-4
86.0	26.73669225796721	24.006018325256708	23.88765932264042	25.367617363746646	0.0020127303890137335
87.0	21.048329846550175	23.712896079224734	26.324115052343565	28.914005576762026	6.534451194968159E-4
88.0	26.558844131268884	25.55597955065812	24.268146699982225	23.61637620098065	6.534171101190788E-4
89.0	25.653777035764726	24.628798911094687	24.261099965814896	25.45527867131807	0.0010454160076189918
90.0	21.21058639787745	26.483348073252174	25.968679240549204	26.337177211458247	2.0907686292711788E-4
91.0	27.587155819447638	25.138325562919444	23.83739102255859	23.436657188852415	4.70406221906295E-4
92.0	28.19039819121352	22.927053242859166	21.043710771864923	27.838837794062382	0.0
93.0	25.44564310451652	27.1738616322421	21.64319650002757	25.737141973145523	1.5679006828991425E-4
94.0	26.89844020090733	23.544732349597147	23.825538518866356	25.727055671795966	0.004233258833204114
95.0	23.23684272413946	27.820965411278376	22.830542178276808	26.10890600135355	0.002743684951802601
96.0	25.35283178651655	24.35852982422493	24.204758320057422	26.082939410891832	9.406583092659808E-4
97.0	25.638778605610014	26.2349745836779	23.425030668114175	24.70108550100398	1.3064159393195925E-4
98.0	28.113962218995848	22.47910439221221	24.13870853373722	25.26819872819681	2.61268579135248E-5
99.0	21.316577900486102	22.700755666190403	28.149388388391007	27.83327804493249	0.0
100.0	21.63617742572892	25.471639220385793	24.716697805856015	28.175485548029272	0.0
101.0	24.828499095122964	20.545188088793655	28.2771397162011	26.349042507150607	1.305927316786886E-4
102.0	24.162735470243174	25.69731889922844	23.846568296001006	26.293298984822876	7.834970450408946E-5
103.0	28.27642590187897	25.729515557227867	22.987524607025254	23.00640337530443	1.3055856347979306E-4
104.0	25.952232805995614	26.259188635010037	23.015551192769877	24.77247904431146	5.483219130063786E-4
105.0	27.26558030735939	23.69532574460591	19.567966299554122	29.46768115438753	0.003446494093048552
106.0	27.08962129171462	25.17044066012336	22.78983267155291	24.949948721590612	1.5665501849573585E-4
107.0	27.407218070789636	24.81258503285914	19.846626896113637	27.932838955891132	7.310443464554923E-4
108.0	22.977064962592866	25.239896419043443	25.0019839094502	26.78089808448322	1.5662443027863486E-4
109.0	26.614138618399398	25.207773079249108	23.86031823258526	24.316908726012556	8.613437536786557E-4
110.0	25.835734020402228	24.146570754020182	21.17090195018089	28.846688878785613	1.0439661107721122E-4
111.0	24.13704821360205	23.960471438589202	25.554229504397586	26.347467913578114	7.829298330454327E-4
112.0	25.616921177098135	23.077732068314365	24.250221559255227	27.054916423360332	2.0877197194522242E-4
113.0	28.555752577265782	21.505480726449054	22.91973126760637	27.018252560956036	7.828677227552247E-4
114.0	27.16570026511562	22.09619581655429	26.595358506312643	24.142223479499663	5.219325177789788E-4
115.0	26.595486215768418	22.960314471662084	26.76156349598416	23.68203560014207	6.002164432687161E-4
116.0	24.42370012521053	25.109591836628177	25.764481023479973	24.702096532675565	1.3048200574851526E-4
117.0	26.994252311145033	27.730086965598677	21.80557023467011	23.46930760247653	7.828861096431996E-4
118.0	27.13969059708885	22.59444481848505	25.708698218644656	24.55659225694189	5.741088395538026E-4
119.0	26.692235246592748	22.15985346735048	23.94694010798928	27.20047535951412	4.95818553373693E-4
120.0	25.328645211393454	23.75710316234249	25.02732186250031	25.886851477624777	7.828613896937864E-5
121.0	27.259814801042246	21.836723776419948	24.67749364251147	26.22521101381881	7.567662075183418E-4
122.0	28.295334862179427	21.39673869361945	25.059862988389607	25.247280591970323	7.82863841189285E-4
123.0	25.994996541105266	26.947021110087316	23.08936839355672	23.96780500966951	8.089455811869528E-4
124.0	26.190903644262225	25.297243161658944	20.613034338356712	27.898688382909526	1.3047281259720225E-4
125.0	27.585109145066195	23.383281775755197	25.255350267529685	23.775449894775573	8.089168733536258E-4
126.0	24.602036396277917	22.68040268666531	25.94656938725452	26.770834964224765	1.5656557749213257E-4
127.0	23.584158048978544	22.284661737203805	28.009297735503537	26.12094310225291	9.393760612013941E-4
128.0	27.606861381064558	21.487114426977925	25.270513011866353	25.62703073937962	0.008480440711542896
129.0	24.078747171823945	26.39851039174495	22.735391268747634	26.784141704830137	0.0032094628533377244
130.0	27.125977964997826	23.554344377275306	23.89331831769146	25.426307154069672	5.2185965732607465E-5
131.0	26.744666638834385	23.44236630067215	23.577709472717405	26.234657454181104	6.001335949567904E-4
132.0	25.281051181647847	28.45322110681654	21.599029559656692	24.661166495802856	0.005531656076067577
133.0	26.93897434653019	25.626620514060917	22.502865620718364	24.92955648045155	0.0019830382389785474
134.0	28.627929853125742	22.163609939126374	21.23555458143837	27.97280125661117	1.0436969834547936E-4
135.0	26.155574666697284	22.934222418899992	27.050252677589242	23.85950666814175	4.4356867173622175E-4
136.0	27.3027307114169	27.776170220093928	23.58420191457946	21.33118300387388	0.005714150035837375
137.0	30.085124647270856	19.573398319424204	24.08520031362399	26.25604189306779	2.3482661316098798E-4
138.0	26.097356138940654	22.91090571489025	27.248150690453247	23.74262213348215	9.653222336930333E-4
139.0	27.00059093559585	24.727432587032553	23.99008063074874	24.280591353033795	0.0013044935890662566
140.0	27.389308922206883	22.524163837431583	24.329482373254486	25.756888327549632	1.5653955741570932E-4
141.0	25.66052336754858	24.880883240789878	24.59182518027319	24.866455123860035	3.130875283148533E-4
142.0	28.776130368954117	22.263422662509168	23.39047154877969	25.569662328879527	3.1309087749719326E-4
143.0	27.985256485184472	24.323590249889374	24.85944766349678	22.831575146318453	1.304551109181535E-4
144.0	30.42625879853118	22.69203092720564	22.375103776878277	24.505980313832758	6.261835521409998E-4
145.0	30.171024889132177	23.020014261423423	20.256491674183092	26.551529893806403	9.392814549052278E-4
146.0	28.603516809797704	22.417438200136456	22.477682386076783	26.496874947002595	0.004487656986460061
147.0	27.17472783369318	23.802879190121782	25.52319202645672	23.495391599861716	0.003809349866607526
148.0	24.282087542790347	24.075885029640144	23.360816565083077	28.280897762377894	3.1310010854137095E-4
149.0	28.129321564587723	26.518320563680746	21.75007906017027	23.599852212275774	0.0024265992854839266
150.0	24.8259997609894	26.5014745075364	22.03239376422387	26.64013196725033	0.0
151.0	25.706285451263366	24.836954848352484	25.30121016372619	24.15505376041065	4.957762473078045E-4
152.0	29.08561489059902	23.465030618496765	22.716633562297968	24.732538271816264	1.826567899791354E-4
153.0	27.548680207509474	22.19219389260829	22.936627989354715	27.32176728012657	7.306304009569171E-4
154.0	23.880051374197148	24.69048403115226	25.385058584015653	26.041979253049234	0.0024267575857049887
155.0	26.8419773766084	23.20963398086556	25.597693448633063	24.35046030023064	2.3489366233409655E-4
156.0	26.463403907804363	23.20882295291535	25.81393886039816	24.51344278331425	3.9149556787867605E-4
157.0	24.736884689669573	22.7750430651981	25.75930469280159	26.72848045101007	2.87101320666075E-4
158.0	26.04008133928457	21.770708513610966	27.46109148216077	24.727988162946883	1.305019968110532E-4
159.0	26.836272918664484	20.804376412392145	24.93384693205849	27.425007817259363	4.959196255232605E-4
160.0	26.07456640051284	21.533977354085867	27.24483933804251	25.146590806169172	2.6101189613919035E-5
161.0	26.326323452297455	20.52426765323027	27.96118511875227	25.18415195613084	0.004071819589158624
162.0	28.241233653436808	20.338399078920546	24.058476329735377	27.361786530805183	1.0440710208430508E-4
163.0	25.823446683086704	22.64471852933837	30.589372429584046	20.94246235799088	0.0
164.0	26.84044675868161	25.220414035915688	23.07876434492343	24.8586781631398	0.0016966973394741598
165.0	26.22428624306499	21.526074896774304	27.2948368096904	24.9542799834818	5.220669885035628E-4
166.0	24.046051506705705	23.062794827558754	24.715643379612988	28.17535366255086	1.566235716909159E-4
167.0	26.67998707290599	23.287408039336793	25.312278598715537	24.720039136307225	2.87152734451071E-4
168.0	23.933276388500207	25.95648001570508	24.55620622104898	25.553802425098056	2.3494964767995055E-4
169.0	27.711137147774075	22.63338742554489	23.745932641621344	25.909386147381436	1.5663767825367786E-4
170.0	31.74697947486631	21.702302410441582	21.57471705787707	24.975713878816627	2.8717799840590104E-4
171.0	26.47309984771996	23.646351087850675	26.330296521838335	23.549521556645015	7.309859460119887E-4
172.0	28.254978303450983	25.05719097557207	23.205518942194043	23.482102957329424	2.0882145348084482E-4
173.0	28.47043094532958	20.421887798330804	24.31485127116056	26.79134214863435	0.0014878365447110542
174.0	24.561572034163763	26.96128385574373	21.76545826633533	26.71124209075532	4.43753001858542E-4
175.0	24.410189420726716	25.48608223241885	21.470031814203175	28.63233907095844	0.001357461692822604
176.0	23.349457622897344	25.300532339125425	28.740856499218236	22.607822103547544	0.0013314352114488807
177.0	23.818452468765578	24.656792770643285	23.88819448596791	27.612381649415678	0.024178625207548432
178.0	23.216983839076395	23.36664281139549	25.159077931541724	28.256877667889196	4.17750097192171E-4
179.0	25.451482284472547	24.40760453334928	23.51650784938518	26.62323029467606	0.0011750381169309152
180.0	28.70434007257429	21.144592313958615	25.351506339704173	24.79924684979941	3.144239635079548E-4
181.0	27.463398010893304	22.294566528378194	25.7258832233379	24.515548395802934	6.038415876728103E-4
182.0	28.26296648687704	22.199529732499915	24.300689753671406	25.23678777262493	2.6254326713042308E-5
183.0	22.823851827424654	22.13564667444525	27.740585620261566	27.2993120048898	6.038729787321188E-4
184.0	25.694147239296022	21.996413408495968	26.793151343133882	25.512349585021386	0.003938424052743375
185.0	25.362319030802333	25.06773342601588	23.25042217724015	26.319000351497166	5.250144444599032E-4
186.0	26.233114520160722	23.76714799264334	24.909236197995558	25.09050128920038	0.0
187.0	25.10007770986915	21.689297040724174	25.109502656837417	28.100545019217442	5.775733518156806E-4
188.0	31.002422250892263	25.628758676494297	21.58993229984662	21.778361680442465	5.250923243579303E-4
189.0	24.756874211022684	23.077468383145238	24.598212316552928	27.566421125373093	0.0010239639060599759
190.0	30.04631291292442	20.632889756152892	24.915396687073684	24.40521685202947	1.8379181953113657E-4
191.0	25.28279472111269	23.750108648527853	24.87091504512295	26.0957614338297	4.20151406811337E-4
192.0	27.045152242905857	22.337695761043832	24.216975520596023	26.400097691769336	7.878368494929614E-5
193.0	26.4503850577475	25.417252047420895	22.96961850903686	25.162481735989147	2.626498055997464E-4
194.0	27.11152399855752	22.0193505532613	24.352532336940317	26.51659311124086	0.0
195.0	26.312151811545377	20.946696939868918	25.417379560649778	27.323114945436522	6.567424994095884E-4
196.0	29.92764333574663	23.362602224484945	25.201337875882114	21.50828473786924	1.3182601707726954E-4
197.0	27.33107779395909	23.518124606289195	21.83746563229329	27.312699129663454	6.32837794971629E-4
198.0	27.803718132135963	21.88968722299942	24.097924287278747	26.208538255968023	1.3210161784851378E-4
199.0	25.91278198667657	23.73095755897376	25.010213222489703	25.345598008619802	4.492232401679566E-4
200.0	27.589586764934783	23.387681355704665	22.00372139091544	27.01898406186568	2.6426579430766193E-5
201.0	25.980485174917213	19.564035001942496	30.819046511566444	23.636195454821753	2.378567520924787E-4
202.0	25.184618979201094	25.535513978180862	29.93198303778438	19.34788400483366	0.0
203.0	25.683250511484506	22.687123755854742	22.978482886319178	28.650429054805176	7.137915363886959E-4
204.0	23.53515235113564	22.81527099261769	25.042707179062916	28.606737277279514	1.3219990423438938E-4
205.0	27.02709777313131	23.752710808491194	24.85445847022883	24.364939734252193	7.932138964728951E-4
206.0	24.666168124655247	20.41177842522425	25.46678816424597	29.45521239952254	5.288635198934657E-5
207.0	27.082414309999926	22.604112781485608	26.5436947329781	23.769487261675433	2.9091386093471155E-4
208.0	28.542172508665058	22.624829615176967	21.355259332776605	27.477712091245053	2.6452136314206942E-5
209.0	28.74306073849643	19.483427655875595	24.368762998507048	27.403954906143536	7.937009773898403E-4
210.0	24.620831046685716	25.60966832540129	24.35415986405538	25.41499677443767	3.439894199438715E-4
211.0	28.123607210270624	25.55155796598973	24.712575839220325	21.611438528811757	8.204557075662955E-4
212.0	27.683992597671814	20.820530606085477	26.23487301406601	25.260312560395427	2.912217812712625E-4
213.0	30.316697972589413	19.719367192116998	23.29343428577332	26.67015618878491	3.443607353532121E-4
214.0	29.937602164164012	25.343710265810383	23.243081198295027	21.47550034762653	1.0602410404993524E-4
215.0	24.628246548624425	23.5527839880056	23.915694222387337	27.902824124136743	4.5111684589715863E-4
216.0	25.761884619834586	23.71379489924149	26.445258109432213	24.078955490007516	1.0688148419904218E-4
217.0	29.589348795636678	24.37962797143992	23.604302216217537	22.425942388493056	7.786282128146631E-4
218.0	25.652777811602217	24.02300819390224	26.946467822271796	23.377448517177264	2.976550464842474E-4
219.0	25.97857735626667	23.321302480994277	21.758968196782615	28.940468601880838	6.833640756052145E-4
220.0	27.472674909874712	22.800644444432276	23.206790104864602	26.519561966168858	3.285746595555809E-4
221.0	25.79493449085617	21.733135124335377	24.406853485657614	28.06482784651938	2.490526314624315E-4
222.0	26.32357241906212	21.988909302836483	23.355838427880386	28.33142797973282	2.5187048819497014E-4
223.0	29.396732679742048	21.60704758178615	24.686715983049027	24.308689830229238	8.139251935387812E-4
224.0	31.20015976401664	20.500577066055172	25.658078601761503	22.64107221653754	1.123516291407544E-4
225.0	30.52982840959026	19.812678754690573	25.024317825452275	24.63221667231804	9.583379488580135E-4
226.0	24.271921810845452	21.546437959425884	27.243261753699134	26.938264137654254	1.1433837527455502E-4
227.0	30.088945354816747	22.331826530065708	25.43290598019866	22.145112699247328	0.0012094356715564342
228.0	26.370334503116368	27.100324291889343	23.20143686965366	23.32778849612315	1.1583921748291807E-4
229.0	28.657753798501723	25.164089205707878	21.769683410534622	24.40841523205318	5.835320259881823E-5
230.0	26.979305821416837	19.4717521611902	27.958974853261225	25.589937778174814	2.938595692136259E-5
231.0	23.71256312813845	25.45060739506182	25.207942711139523	25.627479927107803	0.0014068385524050354
232.0	25.995133646972207	23.93954082039952	23.145572760472945	26.919572023621424	1.8074853390345438E-4
233.0	24.03456191851129	23.89583037516934	24.207206971130553	27.86173038729654	6.703478922738749E-4
234.0	27.399845774891396	20.42560186333154	27.784820373564045	24.3886794684032	0.0010525198098158615
235.0	28.035313150448697	21.326175525812264	26.739184484170163	23.89917125309656	1.555864723163434E-4
236.0	27.26746165219468	23.42763201349477	25.73783641656971	23.566815874644973	2.540430958707835E-4
237.0	27.548262424734933	23.572315252653876	24.02326578406844	24.856124544890292	3.199365245935206E-5
238.0	25.929073633035344	21.934244794196076	26.342908982124335	25.793772590644252	0.0
239.0	27.22517301109077	24.224409545779185	25.667835124329912	22.881531527833644	0.0010507909664814099
240.0	26.413451755804772	21.400084810960394	24.411276170299068	27.77505317446084	1.3408847492796936E-4
241.0	28.258702992824848	21.661043311475677	24.126510717058377	25.951761820462742	0.001981158178355276
242.0	25.715655025246132	24.34203790422098	22.609296611037166	27.332202152252755	8.083072429717685E-4
243.0	26.398091641660205	24.44674466435146	23.156242624498464	25.996560908998955	0.002360160490913382
244.0	27.328430336826052	20.631867899684085	25.095408976506523	26.94327860705768	0.0010141799256606116
245.0	25.25659751926898	23.92691728160293	24.24716808197552	26.567587131894754	0.001729985257811901
246.0	24.949579726239925	27.093796836125694	23.14379797489473	24.810411952247847	0.002413510491802053
247.0	25.69749422272698	23.50189216755658	25.728304075888243	24.938039853311057	0.13426968051714255
248.0	25.775588154492514	21.659341790514677	24.769738479084396	27.785480997928314	0.009850577980106605
249.0	24.71001149800637	20.744777188394423	31.269912269388133	23.258696910905545	0.016602133305525905
250.0	25.99693541869876	22.102948454871424	23.69306139419175	28.20609102742635	9.637048117092889E-4
