# Position (bp)	A	C	G	T	N
0.0	23.56558132607861	23.826933518219825	25.76202418899487	26.845388670111358	7.229659533643582E-5
1.0	22.553132263296316	30.4319450544141	23.607304059116696	23.33160979345646	0.0760088297164236
2.0	24.303385519745866	26.95771015022605	22.660931295007003	26.077325322812566	6.477122085115142E-4
3.0	25.651191204738787	21.822824790175517	24.686620637480967	27.83166866465262	0.007694702952105149
4.0	25.811715724703966	23.6723862520129	24.280441001371752	26.235241450622322	2.1557128906600864E-4
5.0	28.517848554672636	23.9116796232889	22.32896181923897	25.241007529915084	5.024728844097021E-4
6.0	25.20055325034578	23.97344111682039	24.345595138276753	26.47510731766746	0.00530317688961509
7.0	26.20758762851204	25.547271403415163	22.855152426333113	25.389559393413148	4.2914832653610064E-4
8.0	27.37031266838282	24.4363925986139	23.591043943142896	24.60217942230821	7.136755217146482E-5
9.0	25.678261055238828	25.636552573327926	22.26528302692546	26.419476295204948	4.2704930284201317E-4
10.0	24.038451282029403	25.17864927000733	23.320511972647765	27.462387475315502	0.0
11.0	26.859758490628394	22.467683765662375	23.094316446405383	27.57803473780025	2.0655950359620097E-4
12.0	28.279687442779	24.448813397479633	20.352162631752417	26.919336527988953	0.0
13.0	25.223828440370653	22.64827839210378	25.33241217905204	26.795347099769845	1.3388870367618213E-4
14.0	26.009250845633712	21.679328284569724	23.827578744365475	28.483842125431092	0.0
15.0	25.124853075617082	23.68754081232859	24.47512080449262	26.712485307561707	0.0
16.0	26.30868492216443	24.92292220681701	21.537407373395588	27.230985497622967	0.0
17.0	28.531960544875595	26.658237263855987	19.12671637756449	25.681768719514757	0.0013170941891685938
18.0	25.671900911299932	26.127644216558966	19.372575130130144	28.827693063977673	1.8667803328469332E-4
19.0	24.668919236584177	25.060933212250486	21.663458136099432	28.605947081515648	7.42333550259693E-4
20.0	22.10611884304264	25.964790655014063	23.971066863398907	27.957962287533782	6.135101060452219E-5
21.0	23.478700343424993	24.578451908322577	23.850987651314025	28.09155564215603	3.0445478237572156E-4
22.0	22.148955925140644	26.948561154763606	26.000678436270675	24.901804483825078	0.0
23.0	25.098314337477596	24.137218297370616	23.179177730274823	27.58481034499286	4.7928988410770603E-4
24.0	27.728919637928673	21.47627012223791	24.739880554644795	26.054929685188622	0.0
25.0	24.748361804666164	25.05976425489785	19.98413333168912	30.20750572098505	2.3488776181911178E-4
26.0	25.883739152876277	25.629165289671192	19.812152515435	28.67494304201753	0.0
27.0	25.664654414632587	25.095383074961724	20.36115752033112	28.87874677641881	5.821365575936804E-5
28.0	27.973673055143827	23.792202802371335	22.565582978018508	25.665952873549337	0.0025882909169969615
29.0	27.63676619332436	23.760562595073313	22.43320548805532	26.169124398271983	3.4132527502284035E-4
30.0	23.559038030082167	24.981792848343744	25.219247979711866	26.2396953167254	2.2582513682180478E-4
31.0	25.87372886257593	24.68784868712541	22.454173351445174	26.98391216917015	3.3692968333663714E-4
32.0	23.94275679483456	22.77892958611687	24.67468369785007	28.60346299245371	1.669287447959964E-4
33.0	23.81061151880989	24.997509407833505	25.1401198896764	26.051649102258484	1.1008142172357786E-4
34.0	26.081710256775153	26.550026526471676	22.827378372174305	24.540884844578866	0.0
35.0	24.886888086408756	22.532616499063472	25.744390286031987	26.83599717152743	1.0795696835241471E-4
36.0	23.76299292214358	24.732376137512638	26.052335692618804	25.452295247724976	0.0
37.0	24.98610553325912	25.46145532073173	21.525992490788685	28.026446655220465	0.0
38.0	26.545571543364606	25.46225810571859	21.414747743344016	26.577368714063134	5.389350965852534E-5
39.0	23.63733155737462	27.434790363053164	21.57391108029047	27.353751470311693	2.1552897005709903E-4
40.0	26.38514310712104	26.0069433594697	22.843318632748648	24.764487151444754	1.0774921585508161E-4
41.0	24.1092038387261	24.550447249837717	21.558923583708847	29.77673869889487	0.004686628832463793
42.0	24.62381472552049	26.01059394613182	20.4410696933853	28.924521634962392	0.0
43.0	25.62433788058234	25.767331438601364	22.478587320591554	26.126404150960266	0.0033392092644745296
44.0	29.208764815802084	24.972778235512692	22.620720851710043	23.197251436479856	4.8466049532302623E-4
45.0	25.79449477659596	24.118601047373005	21.854892640497777	28.228727053043855	0.0032844824894008133
46.0	25.210041957243778	24.475507532975442	22.569368358541958	27.745082151238826	0.0
47.0	25.389480801728308	24.318385044281758	23.09256827724024	27.19800466962435	0.00156120712534932
48.0	22.643092343349515	23.841826880906293	23.149578672469843	30.36550210327435	0.0
49.0	22.345005485698174	25.844498885910934	24.34815969488864	27.460990740227576	0.0013451932746793194
50.0	27.542969054748053	24.27869289063572	20.04142892115323	28.136747722081886	1.614113811164825E-4
51.0	24.51218567499989	27.266658202898054	21.340693225685673	26.87820350055732	0.002259395859065342
52.0	23.05884828693566	25.76787402437119	21.411250860947632	29.76202682774552	0.0
53.0	22.57222925785372	24.81902825394086	24.129923431011	28.477425627003388	0.0013934301910232011
54.0	23.039726123569164	28.38263169826003	22.457770863222024	26.119817722973433	5.3591975351978696E-5
55.0	24.107794555730056	28.113916110951585	22.494843894459855	25.28205514853915	0.0013902903193550335
56.0	26.45526238404577	25.689095623813724	25.03814794022509	22.817494051915414	0.0
57.0	23.109784587881453	27.85784318442558	22.617577466354888	26.41035757321093	0.0044371881271537735
58.0	25.41005076055302	25.35210590011247	21.582482691378406	27.65536064795611	0.0
59.0	27.79170757858964	22.54366774298208	24.86138942502735	24.800883430283676	0.002351823117245331
60.0	23.844050715058415	22.98118812251069	24.235775815831566	28.938985346599328	0.0
61.0	25.70480840193623	23.72972797018489	22.890110670034243	27.670123359813953	0.0052295980306827985
62.0	25.347682269391527	22.164154375569957	24.66387023205854	27.824239762696145	5.336028383402177E-5
63.0	26.075099565029948	23.70805569665641	22.94120220771848	27.27324144466404	0.0024010859311304525
64.0	24.751789289822348	21.83785626038427	24.007157159289395	29.403197290503986	0.0
65.0	23.94129878566655	26.24978367771841	23.56680165177038	26.23769625422993	0.004419630614728019
66.0	24.60804489679647	23.880282308841185	23.554524954940803	27.956828365063345	3.1947435818932584E-4
67.0	26.990761963632455	25.484170325729828	20.60841874696853	26.916116542692443	5.324209767475787E-4
68.0	23.661495526028997	22.749345288767717	26.81113703868746	26.77796890713935	5.3239376481718396E-5
69.0	22.898071437621713	24.79836498625954	25.06822317362598	27.23246560625726	0.0028747962355075663
70.0	25.496913145508714	22.87392398604205	24.65263253010447	26.976264573859936	2.657644848288344E-4
71.0	24.33344323785069	22.776156303306784	26.713900871779593	26.176022509576008	4.770774869254264E-4
72.0	27.44744273611547	25.3836849871522	22.175497587326895	24.992261637225553	0.0011130521798861932
73.0	25.30709952520736	23.01066971783252	23.251749270905265	28.42682475069279	0.0036567353620618475
74.0	24.865300239513346	25.65256787977702	23.369083702494752	26.112359312405943	6.888658089404184E-4
75.0	25.38767062753206	24.932575565702926	22.280530154750338	27.397422134713224	0.0018015173014542484
76.0	27.193074015105555	23.684250960985704	25.451140069461186	23.670687220678346	8.477337692097796E-4
77.0	24.354084603301164	24.683247550350593	24.487381557232656	26.475021390558485	2.6489855709755945E-4
78.0	26.95814791269337	26.352723034541214	20.492106378470016	26.19659885568976	4.238186056367875E-4
79.0	27.09759480245934	20.788626353658653	23.136875139723106	28.97457277838935	0.002330925769549845
80.0	23.892785685263753	23.017344084147492	28.46218188695117	24.625357505537064	0.002330838100515274
81.0	25.176145028766427	25.003297504861504	21.927586263521757	27.892706343022084	2.648598282331042E-4
82.0	22.64944905113479	22.574760280829775	24.053439020591853	30.72150411529827	8.475321453051487E-4
83.0	25.404368064987043	21.99345934390037	24.276491564100336	28.325257272162908	4.237548493445572E-4
84.0	23.38825089696098	26.0589541969935	25.06437886445323	25.487462672970203	9.533686220963304E-4
85.0	24.946614467479314	27.184993581025257	21.464797325639037	26.40338277850512	2.1184735127256703E-4
86.0	25.62327353918113	24.56631939736985	23.026062144116054	26.78259727494577	0.0017476443872017355
87.0	21.704073300126144	22.477342605645365	26.033046909835377	29.785007620425496	5.295639676203408E-4
88.0	24.741905010029377	26.822868677625905	26.12303622226035	22.31155464899293	6.354410914336186E-4
89.0	26.436354952282564	25.673267803822377	23.454432137877788	24.435256733737074	6.883722802014071E-4
90.0	23.436601521754096	25.600468069109027	25.065471431370163	25.897247181789783	2.1179597693541812E-4
91.0	26.18542487442494	25.184689452224298	24.311183659119898	24.3184372834171	2.6473081376663765E-4
92.0	25.402134907247692	24.368777113862073	22.507854218088365	27.721233760801866	0.0
93.0	26.465188181293577	25.98543044253972	21.310254279013378	26.239021213741548	1.0588341177529423E-4
94.0	28.03811691835303	23.39727622854269	22.912132562171607	25.64860965893299	0.003864631999682359
95.0	23.787839405231225	26.60408691780797	24.28609165787455	25.3198644999505	0.00211751913575574
96.0	26.39827601539771	24.361022533338414	23.967768983522415	25.271979639110864	9.528286305946921E-4
97.0	25.892686056322674	24.652151773303423	23.49932722347085	25.955676148351724	1.5879855133374903E-4
98.0	28.262951104627742	22.825427054447754	24.583822717555215	24.327799123369285	0.0
99.0	21.647522656611763	22.163286366342525	26.95746510551035	29.23167295098234	5.2920553019779054E-5
100.0	22.4847903403249	24.743233639528555	24.663117349198547	28.108858670948	0.0
101.0	23.39101078409584	22.348477632790427	28.652199680392844	25.60820607253601	1.05830184885333E-4
102.0	24.882898187177677	24.563200050804536	25.06992239077686	25.483979371240927	0.0
103.0	25.517723103137165	25.54751516722979	25.068355060020693	23.86635375297987	5.291663249134152E-5
104.0	25.646204473069982	27.23670696454679	22.745169836859464	24.371707067729965	2.1165779379556926E-4
105.0	27.83343237741245	23.19113143616737	21.251649044229044	27.72135293330109	0.002434208890048372
106.0	26.1400822108017	23.228731870867236	24.807702076859904	25.823483841471155	0.0
107.0	25.992565252477146	24.13911709065894	22.60300829463825	27.264780198700905	5.291635247582384E-4
108.0	23.70147547879644	24.21827667674659	25.05583643535752	27.024411409099447	0.0
109.0	26.04212135882519	24.384092189744525	25.845456252992697	23.728012740639628	3.174577979539845E-4
110.0	24.562470008184757	24.41898546054995	23.269521861024213	27.74902267024108	0.0
111.0	24.459544757826208	23.854209490128977	24.661446635418436	27.02437584224987	4.232743765036161E-4
112.0	25.37485259051828	23.730479651539593	23.87803462489346	27.01652732094873	1.0581209993106342E-4
113.0	28.740720049560082	21.955782123983788	23.037766283591793	26.265308314169012	4.23228695328772E-4
114.0	26.444308183271158	21.84935568980632	27.518237864393562	24.187886640344395	2.1162218456523014E-4
115.0	26.856603476090175	23.735593231100367	26.40861334700531	22.998819574845886	3.703709582607803E-4
116.0	26.952279264083103	24.343014482570332	24.664020452953338	24.040685800393227	0.0
117.0	25.576840150370767	26.366842240323386	24.042391646538746	24.013396860838256	5.291019288410816E-4
118.0	26.766538414327012	24.343659128138057	25.29100159574693	23.59858922426382	2.1163752417958714E-4
119.0	27.109651004857753	21.113573820522983	24.804269276374374	26.972188432720323	3.1746552456680504E-4
120.0	24.726546027516562	23.887334794012027	25.18422064890325	26.20189852956816	0.0
121.0	27.772618973921848	23.201812935951995	24.515112120649345	24.510032683006582	4.23286470229998E-4
122.0	26.649706979785943	24.28533332768951	24.609412202932106	24.45528293540857	2.645541838715071E-4
123.0	24.410154985111017	27.936685312287697	22.749192058362276	24.90354436112822	4.232831107922378E-4
124.0	24.628941013631774	24.631903982865573	23.19221839622941	27.546936607273242	0.0
125.0	26.494059633816303	23.895218871608197	24.874883269357444	24.735097498194477	7.407270235736376E-4
126.0	24.024852949502037	24.15247219969132	25.09871708791072	26.723904852759023	5.2910136894397185E-5
127.0	26.276987219678148	23.018917839276405	27.503749970238335	23.199710055211202	6.34915595907969E-4
128.0	25.989038054638296	23.01341856821692	24.680514689736945	26.308827598832373	0.008201088575460333
129.0	24.179870328453983	26.28393772294903	22.787599616085874	26.745999748148947	0.002592584362166046
130.0	26.363621933087465	24.18280042117962	24.004592762694916	25.448984883037994	0.0
131.0	25.85379456018151	24.35393954017004	24.517121395871563	25.27482702934945	3.174744274348701E-4
132.0	26.565811989328616	25.54158549013341	22.258102749648927	25.629790561898584	0.004709208990462
133.0	27.361090240283776	25.313503342977416	24.4209844587001	22.902940423253323	0.0014815347853785214
134.0	26.727293026169658	22.96007750522901	20.789264404051565	29.523259240916495	1.058236332745483E-4
135.0	26.222348738179697	23.978977421839947	26.177744808377707	23.620717387807623	2.1164379502721742E-4
136.0	27.86729286071063	26.07352841577704	24.323786625578855	21.730048001625452	0.005344096308023129
137.0	28.197968817958724	21.36101049031342	24.542973458332405	25.89788849769357	1.58735701881653E-4
138.0	24.55110952149918	24.31524262069396	27.735206865007207	23.39743572785679	0.0010052649428665605
139.0	25.83952326707869	23.84167243817694	25.171915169645366	25.145936759767434	9.523653315739266E-4
140.0	26.855343915343916	21.066402116402116	25.688994708994713	26.389047619047616	2.1164021164021165E-4
141.0	25.296231882831066	25.32914212728222	25.450624315802894	23.92336674975357	6.349243302474247E-4
142.0	28.262384423074376	22.88564663553751	23.82502414053096	25.026680247093214	2.645537639386764E-4
143.0	26.803416777426918	25.15561110029376	23.96913598537118	24.071677404061866	1.5873284627041304E-4
144.0	27.666752382857183	25.40352748579598	22.875111510414516	24.054185331102595	4.2328982972108376E-4
145.0	27.926572262901946	22.378062685750596	22.793784230095024	26.900734245624395	8.465756280400663E-4
146.0	27.108703071220898	21.945009563669167	24.93379507027908	26.00831232324408	0.004179971586775417
147.0	26.389977211796957	24.572423575922496	26.47055866811498	22.564236330649578	0.002804213515991689
148.0	24.472727215006024	24.065470134039803	24.079438676247815	27.382152330127447	2.1164457890930023E-4
149.0	27.89254514765253	24.961929404045698	23.744093634088394	23.399579874173902	0.001851940039472779
150.0	25.559090723895828	24.24351777528852	25.112717663748167	25.084673837067484	0.0
151.0	26.488149727753292	24.029092563881406	25.49552076112666	23.986972373176425	2.6457406221723647E-4
152.0	26.984929967927435	23.932929652546306	23.474304111014156	25.607677519622683	1.5874888941922778E-4
153.0	24.903427299012364	23.623217241481495	24.80442043679436	26.66856460687238	3.704158394046253E-4
154.0	22.65652616583656	24.668521619121602	25.21267746052846	27.459999280315138	0.002275474198239312
155.0	27.199959353121873	23.858711875027787	24.098147391507766	24.843022603474886	1.5877686769229468E-4
156.0	25.8318390539359	23.04311146018795	26.28721496664599	24.837675741017918	1.5877821224201185E-4
157.0	24.98131662238406	22.509870962961394	26.9931406069716	25.515460098021574	2.1170966137039666E-4
158.0	25.277770132512444	21.293293079247057	25.72057213872416	27.708258791996325	1.0585752001236416E-4
159.0	26.825266264610015	21.751444725679438	24.38243865672005	27.040532772698256	3.175802922373849E-4
160.0	25.800900675824458	21.27624324598994	26.223396822439405	26.699406324632868	5.293111333186538E-5
161.0	24.568193667740303	20.642118551885307	28.89480551445971	25.892182731981272	0.002699533933406203
162.0	25.07151235665769	23.16518666260142	25.23618662872436	26.527061419110048	5.2932906482375464E-5
163.0	24.99812081616924	24.12236821627871	27.026210114984877	23.85324791781138	5.293475579609109E-5
164.0	25.62835750418729	23.54784304508293	24.729652757044274	26.093035024975492	0.001111668710019629
165.0	26.649796981455697	22.03558515397117	26.540267550384065	24.77403268413279	3.176300562734583E-4
166.0	25.111384277876247	23.13055465558753	25.817700359351935	25.940201889297583	1.5881788670567236E-4
167.0	26.411175687680466	23.26323557906618	26.635064265392405	23.690259761573753	2.64706287197851E-4
168.0	26.644518800097416	23.99524570896115	23.825563049946528	25.5345136116729	1.5882932201056744E-4
169.0	26.24871011140296	22.12434923167908	26.01431968270726	25.612462137236204	1.588369744944881E-4
170.0	31.4839239149139	22.89192158523833	22.791269011343932	22.832726646987965	1.588415158775332E-4
171.0	25.82430557761752	23.54518113755017	26.75450858298652	23.875475214707034	5.294871387573996E-4
172.0	26.98417152823593	24.44877799792653	24.704678861095548	23.86226571542638	1.0589731560894663E-4
173.0	28.884207003801222	19.410378994420743	23.452731992906926	28.251623025061377	0.001058983809726025
174.0	24.22630327926577	25.324280948001203	24.354813686384833	26.094390285100367	2.1180124782705156E-4
175.0	25.80761483571297	24.322433816038345	22.89973545477844	26.968945059739774	0.0012708337304688743
176.0	24.56799001110936	24.35485766995782	28.199976912869378	22.876539980450072	6.354256133710494E-4
177.0	21.928670193245132	26.155056830729002	24.842784115251227	27.04971119938443	0.023777661390214724
178.0	25.32025500723622	22.914324537430026	24.030656364563548	27.734552273147294	2.1181762290849954E-4
179.0	28.143914579514778	23.881204855901654	23.12627663895684	24.848127296096564	4.766295301650886E-4
180.0	26.599487501340718	21.957795852222826	25.809978325533283	25.6325790279092	1.5929299397553895E-4
181.0	27.949756306386554	22.188004371328972	26.351615450680292	23.510038900573537	5.849710306391873E-4
182.0	25.314901035660338	22.796224430822793	25.647679826289366	26.241141539182987	5.316804451654031E-5
183.0	23.67813781757818	24.465124489689575	26.504186167197847	25.352232498439424	3.190270949711759E-4
184.0	25.963284555595084	22.033627020729345	26.676525374474032	25.323744756246906	0.0028182929546398407
185.0	25.01931450392963	24.464311635333658	24.477763994574392	26.037865466836745	7.44399325574211E-4
186.0	26.85150768265414	22.73741249165796	25.600055303410997	24.811024522276906	0.0
187.0	23.984255500745082	22.946947025876238	28.120596300532824	24.94766840013149	5.327727143650974E-4
188.0	27.23494063851032	28.40160357543614	22.195314806112087	22.16766144183256	4.795381088935138E-4
189.0	24.9581174374266	23.457592040394825	24.94884572510119	26.634592225829074	8.525712483135076E-4
190.0	28.477209055944968	21.81203100077859	25.00206504876979	24.708428436600872	2.664579057794187E-4
191.0	26.939437088778924	23.551413042085983	24.631208611038762	24.877567663346298	3.735947500330898E-4
192.0	27.00735303536887	23.270787697116432	24.415055788273573	25.306803479241125	0.0
193.0	27.6844479440537	24.517930307357634	21.671448971693202	26.12574570593495	4.2707096050928207E-4
194.0	27.816006778180626	23.575105882378065	24.10471797888919	24.50416936055212	0.0
195.0	26.663281260012045	21.24679080536368	24.643517747220123	27.446089801916333	3.203854878189438E-4
196.0	27.67467958752161	22.544333827284174	26.651725055081137	23.129261530113073	0.0
197.0	25.81199920783176	24.08052283103801	23.642903403647185	26.464092833553675	4.81723929368567E-4
198.0	27.315136252922656	23.047859954931745	24.488800222606937	25.148203569538662	0.0
199.0	25.237318566128476	23.0958912057556	25.49421893584582	26.172302680423893	2.686118462121969E-4
200.0	27.244915722308065	23.296554747725693	24.40286735424139	25.055608447756	5.372796884637455E-5
201.0	24.667144879761647	20.957823216977104	29.386839468162563	24.98803123967342	1.611954252738307E-4
202.0	25.465079850417833	25.310639861960528	27.896246850343136	21.328033437278503	0.0
203.0	26.149505770712235	24.50223608715122	22.72438687022523	26.623279927791504	5.913441198084691E-4
204.0	25.81051866420137	23.514221611214488	24.133700296405657	26.54145189846399	1.0752971449247856E-4
205.0	27.660726518383417	24.53658347734725	25.273447203800032	22.528382480882087	8.603195872186622E-4
206.0	25.406358580760557	21.503487759901436	25.58361024424268	27.506489637284805	5.377781052248907E-5
207.0	25.53664470191605	23.857312131997197	26.838339901602364	23.767380543472942	3.2272101145067937E-4
208.0	28.163557789712492	22.231505306869906	21.737965598550048	27.86680991189558	1.6139297198164207E-4
209.0	26.82270367532479	20.55397837335239	25.670451903954266	26.951951305605537	9.147417630194657E-4
210.0	24.713494266656188	24.633250057317294	24.687768758900326	25.96521782185678	2.690952694128018E-4
211.0	24.644451024198542	25.65766735754085	25.518182552286618	24.179106888105302	5.921778686980161E-4
212.0	28.955541096908604	22.3578558209579	24.297654467542372	24.38884089288369	1.0772170743215148E-4
213.0	29.750906749015105	23.02177814424989	22.441566560497538	24.78547908144843	2.6946478903601667E-4
214.0	27.717754502015367	25.12029376435745	24.54801853071435	22.613933202912833	0.0
215.0	25.975329309327723	24.7214638685715	22.870972817685296	26.43190957504619	3.2442936929308466E-4
216.0	25.805001444793852	24.711054885233114	25.98678873945697	23.49710030692993	5.4623586136752336E-5
217.0	28.74013708324423	22.744453728342368	25.616632090883236	22.898060596173224	7.165013569433391E-4
218.0	24.260857894364595	24.120127264596416	25.799984295196836	25.818863473468074	1.6707237408172847E-4
219.0	26.46047105915828	22.88757758181841	24.806459841751632	25.84476107103646	7.304462352239155E-4
220.0	28.185963515417434	21.81846929642523	24.98434398619899	25.010940857254987	2.8234470335453745E-4
221.0	25.525360895638283	22.610301024364084	24.09065912483306	27.773508170889023	1.7078427555018155E-4
222.0	25.49295880033406	24.709899811041332	24.415900155230435	25.381126119981555	1.1511341261194061E-4
223.0	30.29484699148678	22.50930933309417	24.259300888594336	22.93590216959584	6.406172288762293E-4
224.0	29.774554400622407	22.523824876933034	24.62075281704784	23.080867905396723	0.0
225.0	30.598240286592304	20.013993581281735	23.70737083401627	25.679572837413033	8.224606966594584E-4
226.0	25.02494998122811	22.47238868744089	25.69960935457963	26.802992572034164	5.940471720978419E-5
227.0	26.835431486770194	23.69525554566298	25.77339702738416	23.694715222874144	0.0012007173085201099
228.0	27.50712092404106	28.25460655535718	23.080793194836698	21.15747932576506	0.0
229.0	27.787022238903546	25.372420444997417	21.785887719097282	25.054669597001748	0.0
230.0	25.987441193940374	22.886252695757612	27.248849984121826	23.877456126180192	0.0
231.0	25.487641750519085	24.869604496086886	24.09184834690944	25.549470432039612	0.0014349744449768408
232.0	24.844572320406712	25.038499858431013	24.891531788986246	25.225333252137816	6.278003820793125E-5
233.0	22.857589379874312	25.7012403530216	22.15152077292722	29.28920478657847	4.447075984010856E-4
234.0	27.336088499485182	21.171910224129622	26.577168982806263	24.913282028160573	0.0015502654183585014
235.0	25.3773249870666	21.75865458633723	28.081206707447482	24.782682913589195	1.3080555949788978E-4
236.0	28.696424959295403	23.809087984931836	23.65449342260158	23.839860990904057	1.3264226712162965E-4
237.0	28.1847773669828	24.84427744735573	22.208246262658736	24.762631945560734	6.697744199753523E-5
238.0	27.556384441099922	21.80710028307679	24.75658656118751	25.879928714635774	0.0
239.0	27.78525729183685	23.512627970349413	24.316830836830093	24.38390518871469	0.0013787122689536747
240.0	25.450291349298322	21.75974833908491	26.738545394788794	26.05134377794424	7.113888373131982E-5
241.0	28.89976584700057	21.89960983998239	23.106135349979308	26.09228064451557	0.0022083185221647506
242.0	26.648061612396766	24.378454518571004	20.97547247171027	27.99651137375016	0.0015000235717989854
243.0	27.463769257314524	23.345471103467926	25.334528495599045	23.8537253121908	0.0025058314277081953
244.0	26.868710492729335	22.646423065251252	26.437255764268176	24.04653455189043	0.0010761258608110115
245.0	29.118851324982376	21.193393307493224	23.734329372988057	25.951629213362015	0.0017967811743330529
246.0	25.067878581040652	26.455690460710347	23.503089186443436	24.97038974653623	0.0029520252693363055
247.0	25.865640465604063	22.853919469796118	24.88703698888571	26.255449526335404	0.13795354937870344
248.0	26.208546706947942	23.17638772992649	23.823269522510707	26.780877289141554	0.010918751473308353
249.0	25.438717320036364	21.2107481574815	28.650927022782994	24.683440605149336	0.01616689454979911
250.0	26.93236039493783	21.87549710435578	24.89440504734794	26.29672054581786	0.0010169075405873221
