# Position (bp)	A	C	G	T	N
0.0	23.438212700087906	23.986049895574073	25.314397948036216	27.26127498590516	6.44703966444448E-5
1.0	22.633661360673056	30.206157224827614	24.043176779458552	23.04028450115032	0.07672013389045998
2.0	24.811385030916124	26.576972405266286	22.646390918023393	25.96454660300771	7.050427864829197E-4
3.0	25.583056747024795	22.111662415803284	24.690327404539698	27.60765251473393	0.007300917898296292
4.0	25.749708281914053	23.744492391333214	23.948751043450077	26.556824315482352	2.2396782030357877E-4
5.0	28.258341781975176	24.11762299326112	22.417080788619455	25.206251270492487	7.031656517642426E-4
6.0	25.829306766928806	23.615397181531144	24.007173797071264	26.54221960165708	0.005902652811704738
7.0	25.51427644335102	25.586496933654274	23.43456196266506	25.46351830334071	0.001146356988940521
8.0	27.656895710386266	24.042474241476942	23.662227864444343	24.638402183692452	0.0
9.0	25.911465803806983	25.772090043651207	22.12283515083931	26.19351390793846	9.50937640362358E-5
10.0	24.456333089254358	24.66745295567813	23.374193335883916	27.502020619183593	0.0
11.0	27.041847783521305	22.32950540413534	22.964332217261905	27.664039248511905	2.7534656954887214E-4
12.0	28.220364543105052	24.660148468508385	20.28733490539061	26.83212198233332	3.010066263598727E-5
13.0	25.266734828356967	23.346933006046356	24.742931144715506	26.64328223780194	1.1878307923158037E-4
14.0	26.127896321008365	22.185614122968175	23.79269369415132	27.89373713753504	5.872433709766121E-5
15.0	25.068274900589778	23.807930942086564	24.31234631275026	26.81138997222706	5.78723463358992E-5
16.0	26.578472759546674	24.47900072823267	21.56131946656957	27.381121705885032	8.533976605525465E-5
17.0	28.216561431722393	26.571939439465915	19.448631630177363	25.761753803130933	0.0011136955033987203
18.0	25.57164767874723	25.853254462066666	20.125518376693833	28.44941370141889	1.6578107338271583E-4
19.0	24.50388709570051	25.03819427061184	21.740200838320916	28.71711262867357	6.051666931656325E-4
20.0	22.160096902767133	26.187181662679066	24.078264261921195	27.574402610263725	5.4562368879807285E-5
21.0	23.772155448566117	24.842876934296058	23.454309115980074	27.93038780933984	2.706918179066969E-4
22.0	21.85873902719199	26.7100006858005	26.12042656791139	25.310753351849947	8.036724616808971E-5
23.0	25.000166471916717	24.147670445268428	23.351535150744983	27.50030830598977	3.1962608010309006E-4
24.0	27.71443079560666	21.552765262042204	24.53460114098466	26.1981500171021	5.278426437737793E-5
25.0	24.87436713717866	25.39613636529745	19.73367816896041	29.995505094748008	3.1323381546978285E-4
26.0	25.906377644206817	25.651348670009632	19.890366079434134	28.551725998738085	1.8160761133065453E-4
27.0	25.67087100198439	24.912471470458605	20.188672608122566	29.227907323220304	7.759621413244328E-5
28.0	27.67516359344168	24.485395201088533	22.39889305074754	25.437862626267794	0.0026855284544527983
29.0	27.63885533902367	23.65763370798169	22.55369629579978	26.14938465682809	4.300003667650187E-4
30.0	23.621529954324103	25.01802995909194	25.200738563334717	26.159425490472604	2.760327766337753E-4
31.0	26.12562744216726	24.36356094908263	22.8190168914307	26.69129558369061	4.991336288038038E-4
32.0	23.973190258342303	22.829190543278667	24.7139753371747	28.4833965206104	2.473405939340214E-4
33.0	23.90835834147903	25.185964177207943	25.231314130536404	25.67421650797038	1.468428062443435E-4
34.0	26.35242391823428	26.57643029014355	22.58268481192657	24.488291204402906	1.69775292698668E-4
35.0	24.843850118200244	22.64794476578298	25.849398459543632	26.658542575495346	2.640809777910298E-4
36.0	23.791433316670616	24.714391118420107	26.008518134376974	25.485465537439783	1.918930925202951E-4
37.0	25.15147024689866	25.870288524804003	20.936607411755453	28.041609838348613	2.3978193271910794E-5
38.0	26.8132319654875	25.32409407322208	21.0531097640786	26.809420363161802	1.4383405002644148E-4
39.0	23.4121202432514	27.48394234463459	21.522686838390925	27.580986930737872	2.6364298521514104E-4
40.0	25.937290312685725	26.087522286765974	23.294750867506377	24.680388604512952	4.792852897758862E-5
41.0	23.904276695862954	24.71022163905264	21.743237226964734	29.637687792240403	0.00457664587926952
42.0	24.83743721506589	25.783296260552806	20.420066069732606	28.959176495505744	2.3959142952705614E-5
43.0	25.9998184075782	25.956552455893767	22.672125299729313	25.3678624056492	0.0036414311495207565
44.0	29.16113834782094	24.790422919685334	22.6676203440856	23.380578851213148	2.3953719497633015E-4
45.0	25.857520104882127	24.29267075318644	21.60621590408861	28.239689377236036	0.0039038606067892685
46.0	24.916678979921294	24.329977342813223	22.65244507709694	28.100898600168545	0.0
47.0	24.993582559888125	24.902852408455693	23.033126442726743	27.06897790293382	0.0014606859956131529
48.0	22.575950170081462	24.363134095049325	22.61528076008819	30.445634974781026	0.0
49.0	22.371086196900986	26.111768301994825	24.116131453708896	27.399506045650803	0.0015080017444947167
50.0	27.02211584490187	24.831402584968885	20.29980852082336	27.84660124461465	7.180469123982767E-5
51.0	24.67814142512566	27.39726814181042	21.329955504459484	26.59245717666187	0.002177751942566698
52.0	22.952585795222287	26.08160908781809	21.20196403534576	29.76384108161386	0.0
53.0	22.523636863015867	24.74610757085337	24.327062276958994	28.40176277496867	0.0014305142030986845
54.0	23.014905759609164	29.152821108474313	21.929528433281217	25.902649335341682	9.53632936192897E-5
55.0	23.8841274638799	28.487277796313	22.458846853436704	25.168297303795033	0.0014505825753643043
56.0	26.13209027619265	25.767233508331433	25.061938864794946	23.03873735068097	0.0
57.0	22.744603431408095	27.916916796734302	22.63604797266856	26.697439103977633	0.004992695211410924
58.0	25.18065274853437	25.65945355232826	21.593010520970743	27.566645453722067	2.377244445627784E-4
59.0	27.959036830198762	22.326482130195124	24.402333213926354	25.309580615279515	0.002567210400244741
60.0	23.684327286436964	23.151023247614464	24.37671855132633	28.787883461310958	4.7453311280197806E-5
61.0	25.288924021653465	24.10985969089388	22.61716268236127	27.97831237150431	0.005741233587070552
62.0	25.304736941616095	22.34878327031376	24.70801405432565	27.63825222869617	2.135050483268677E-4
63.0	25.989647826850177	24.22453588389625	22.768565830237645	27.01494944894367	0.0023010100722564604
64.0	25.028647216863693	22.01827455682045	23.86831655695493	29.08473799397509	2.3675385837762998E-5
65.0	23.98096658499343	26.585443225264253	23.494691239657683	25.934045902725995	0.0048530473586402
66.0	24.532041650796415	24.31480169426808	23.181825606286964	27.970573537630898	7.575110176426682E-4
67.0	26.528551889737944	25.788805161444262	20.943938697434096	26.738065130662314	6.391207213826595E-4
68.0	23.510648269567433	22.870511777810812	26.710975675570758	26.90765124538313	2.1303166786753406E-4
69.0	22.679369710993274	24.9398390833055	25.116552530356202	27.261682413319637	0.002556262025378475
70.0	25.157857131380794	23.345961588806862	24.66035080622677	26.83552331257555	3.071610100210098E-4
71.0	24.581438240876697	23.03470351737956	26.094292198282115	26.288505796956667	0.001060246504956299
72.0	27.242930492848334	25.965348313177373	22.16607790916683	24.62373507443787	0.0019082103695920788
73.0	25.26219534601494	22.320924653758926	23.632937822179215	28.78029108842044	0.0036510896264770423
74.0	24.729998299461528	25.642565655623528	23.641677230260917	25.98491090073425	8.47913919778864E-4
75.0	25.30715181022086	24.43052737835102	22.177437018746822	28.08285833121759	0.002025461463711503
76.0	27.289266521874904	23.85262893131529	25.22480639872184	23.632309004643794	9.891434441692112E-4
77.0	24.21840337535572	25.202387579987136	23.99623390484157	26.582197994116303	7.771456992757002E-4
78.0	26.920590723837574	26.657504652634312	20.352834874870453	26.068198446774876	8.713018827891739E-4
79.0	27.343435963262053	20.79690727937085	23.043260082084164	28.81373573364398	0.002660941638956374
80.0	23.68149145498994	23.18031480599773	28.5098024256347	24.625801131485638	0.002590181891991299
81.0	25.557229979514467	24.894534837175353	22.007370081706657	27.54044126303892	4.238385646000612E-4
82.0	22.545673994425712	22.653867988258067	24.438021088292654	30.361188989595245	0.0012479394283165933
83.0	25.254283540716564	22.541344988579343	24.177579725033073	28.025897023612895	8.947220581244413E-4
84.0	23.465143332867946	26.248289816405567	24.730896975550174	25.55446912675689	0.0012007484194266026
85.0	24.784810180224785	27.146230196427148	21.515874288321516	26.55235549892655	7.298361000007298E-4
86.0	25.7761473972021	24.879704892954482	22.94323558818828	26.39886394428581	0.002048177369335112
87.0	21.91833805964141	22.633946458611806	26.080722171713056	29.36605165808429	9.41651949431407E-4
88.0	24.955920868955626	26.636459809013186	25.77895887093395	22.62790716287645	7.532882207850111E-4
89.0	26.627730676439658	26.398526047339455	23.088770715101024	23.883701425249328	0.001271135870536224
90.0	23.66117907148468	25.86584450424863	24.350535707266115	26.122252406781143	1.8831021943083707E-4
91.0	26.429222420149966	25.029163481201678	24.175490247769545	24.365582478749968	5.413721288446837E-4
92.0	25.434102188599024	24.480388377118963	22.344794374877313	27.74069152253867	2.3536866028629302E-5
93.0	26.125609818094865	26.606144593966118	20.967151257482097	26.300788362288905	3.059681680132404E-4
94.0	27.978072473243703	23.35158744392086	22.70273806951719	25.963247951355008	0.004354061963244186
95.0	23.625483840372862	27.06474841477337	24.109118286159557	25.198366609972002	0.002282848722204846
96.0	25.964701638074246	24.447211423759903	24.27118321782855	25.31572706120675	0.0011766591305571552
97.0	25.52572445292018	25.34360963846009	23.111473609824362	26.0189569779342	2.353208611708107E-4
98.0	27.73952600960744	23.291789246196483	24.348118491479948	24.620566252716124	0.0
99.0	21.640763523153776	22.25219472437951	26.941300534187633	29.165694161581406	4.7056697673893326E-5
100.0	22.601148888755045	24.66617008221406	24.781171889116425	27.95150913991447	0.0
101.0	23.231054256726953	22.44286428466402	28.33693868548743	25.988978091457138	1.6468166446110866E-4
102.0	25.10850847115464	24.43431717013766	24.696285689210846	25.760794554706457	9.411479039812675E-5
103.0	25.759609756281183	25.540951687247908	25.00465830618341	23.694615562695155	1.646875923426857E-4
104.0	25.499980825843842	27.35211020410948	23.071121062328242	24.076482062282835	3.05845435598009E-4
105.0	27.49567256371278	23.11287426706511	21.129206177487355	28.258764808396393	0.003482183338364461
106.0	25.964311124328514	23.03175690682608	24.76928622248657	26.23452810727179	1.176390870453955E-4
107.0	25.598458850527983	24.532025012622537	22.61881066287967	27.249882009272685	8.234646971273315E-4
108.0	24.270145155830264	24.728034250405393	24.34721280245111	26.654490166699958	1.1762461327967769E-4
109.0	26.053185320578642	24.737819587695558	25.471273128463167	23.736922148631436	7.998146311972402E-4
110.0	24.796208851877346	24.32767857100852	22.85603526185522	28.019889131593544	1.881836653755699E-4
111.0	24.691680967105658	23.79587559264979	24.626002844013282	26.88549964890903	9.409473222403486E-4
112.0	25.257592882925582	24.08937743241002	23.534426283495073	27.118415218345003	1.881828243183959E-4
113.0	28.805143997493488	21.96887369675894	22.61841252278114	26.606746510028405	8.232729380305994E-4
114.0	26.512800451831854	22.017511071738657	27.463745598532537	24.00559003128338	3.5284661357814926E-4
115.0	26.496506228988032	23.876795493420023	26.32915150401649	23.296888081939358	6.586916360982778E-4
116.0	26.771486462357775	24.420286667304968	24.907765527420274	23.90032019470925	1.4114820773534524E-4
117.0	25.937025312063394	26.391878835584386	23.52309049150293	24.147158465227527	8.468956217613594E-4
118.0	26.670770985368193	24.194488246584708	25.15124775130934	23.98314014256587	3.528741718925371E-4
119.0	26.95814541299501	21.154832870781306	24.750505388180233	27.135857611923512	6.58716119936208E-4
120.0	25.501420935747355	23.66072100726465	24.949232130086195	25.888555350622955	7.057627884217261E-5
121.0	27.72046536565099	23.220643101960885	24.429602894031753	24.6285593431073	7.292952490649141E-4
122.0	26.9973154965555	23.748221760545867	24.55371394734929	24.700231232883674	5.175626656641634E-4
123.0	24.175733176308846	27.64314820299728	23.023409932959545	25.156932348119156	7.763396151755104E-4
124.0	24.88126254921173	24.757214289663153	22.88983277127764	27.471572763961312	1.1762588616401989E-4
125.0	26.48747987730301	23.755733336595465	24.669632541850387	25.086072094244916	0.0010821500062223625
126.0	24.014737098158005	24.389892746465407	25.115408529609585	26.479891050301724	7.057546528639877E-5
127.0	26.34118777087529	22.853164449164076	27.36068926271107	23.443829318836933	0.0011291984126293314
128.0	25.983584921728664	23.093349230225613	24.926753688664007	25.987372510013586	0.008939649368131467
129.0	24.618572475111407	26.490951462121203	22.73732444829632	26.150163900796613	0.002987713674459659
130.0	26.45323950706391	24.43580376188071	23.64546204583582	25.465447634068138	4.705115142401486E-5
131.0	25.907406784410032	24.458689562578208	24.277470518086968	25.35568031012618	7.528247986134849E-4
132.0	26.385920733549206	25.854311173093407	21.993795810360517	25.759902660188637	0.006069622808230973
133.0	27.557743973876995	25.536434341961012	24.03236203319014	22.871601116061978	0.00185853490987282
134.0	26.73734228435491	22.863522328620682	20.962088960657663	29.436928798349822	1.1762801692337804E-4
135.0	26.298986274680015	23.994879029782222	26.299692031325243	23.405948634560854	4.940296516596926E-4
136.0	27.82661556597948	26.073724919677804	24.51245008755043	21.580951623652897	0.006257803139393976
137.0	28.49978567963552	21.33082830233334	24.278544955284445	25.89072343356751	1.1762917918829279E-4
138.0	25.31331386621607	24.12103330824862	27.301985048444706	23.262491563608805	0.001176213481805977
139.0	25.715935095828122	24.043153708917362	24.692797646828563	25.547054960027705	0.0010585883982475422
140.0	26.299211968629304	21.393388516074214	25.71659853121002	26.590495162609983	3.0582147647785875E-4
141.0	25.359779294431945	25.330137334025604	25.36716625916813	23.942493655797083	4.234565772334217E-4
142.0	28.19755357653278	23.08963593012437	23.165905810696838	25.546645901434946	2.5878121107254223E-4
143.0	26.618837389082294	25.283355063220565	23.90851427326584	24.189175646026957	1.1762840434246427E-4
144.0	28.086541157959914	25.37878930459544	22.688399509910017	23.84561130444111	6.587230935142124E-4
145.0	27.7901563320834	22.79529792164975	22.838632664185624	26.574783837976057	0.0011292441051693265
146.0	27.27779820623266	21.804697540845343	25.05392759198863	25.858730294285024	0.004846366648339873
147.0	26.830829586495952	24.543674729973635	26.38600831487361	22.23591148367232	0.003575884984482541
148.0	24.3187747273158	24.30821154501715	23.905846050910775	27.466579526294204	5.88150462062766E-4
149.0	27.92502822016955	24.57429774243349	23.784180048210732	23.714588333718385	0.0019056554678431226
150.0	25.256171514278154	23.992706525894775	25.224550774931625	25.526571184895452	0.0
151.0	26.36047851613507	24.199222361872298	25.443226911191807	23.99638990698552	6.823038153017689E-4
152.0	27.19351865053764	23.84962587871798	23.455835054418284	25.500808662880516	2.11753445581482E-4
153.0	25.005152727792918	23.134689010525683	25.168816538420995	26.69049469951362	8.470237467813097E-4
154.0	22.654382395127072	24.947154134871308	24.797557513994978	27.59852953909747	0.002376416909170993
155.0	27.25293943514088	23.957025865334973	23.955449256005117	24.834467786106355	1.1765741267584487E-4
156.0	26.044221592247467	23.26265844901805	26.239912762589384	24.453018941050978	1.8825509412401727E-4
157.0	24.592190032302874	22.965374245758348	26.707325883457855	25.734850982487924	2.5885599299865135E-4
158.0	25.360028653564846	21.087291710986815	26.105830868662377	27.44673110267276	1.1766411319852476E-4
159.0	26.491752538743924	21.730320689759854	24.57658968753758	27.200866412331408	4.7067162723183655E-4
160.0	25.989465221864815	21.650964754478764	25.849414143582127	26.510108811992193	4.706808209803152E-5
161.0	24.74730002282831	20.548985552268594	28.8052086201581	25.89464617296328	0.0038596317817142884
162.0	25.378186582481117	23.18980321847802	25.175269538178974	26.25667005646234	7.060439954841425E-5
163.0	24.81189806380156	24.272628188095112	26.722066194653525	24.193407553449806	0.0
164.0	25.71297038770159	23.87756192382383	24.613579946756843	25.7940990051565	0.0017887365612339835
165.0	26.43256145332461	22.28647298388587	26.296588242189074	24.983788895764306	5.884248361413359E-4
166.0	24.647395845224896	23.295094388297315	25.83479052767579	26.222554473255137	1.647655468650883E-4
167.0	26.28233223815377	23.68367780724306	26.58986600331332	23.443676715045076	4.4723624477851684E-4
168.0	26.52839085827922	24.47442732422375	23.541781226931015	25.455235812103588	1.6477846241921148E-4
169.0	26.699879682659777	22.077655179589698	25.789601672154433	25.432651597847705	2.1186774838492038E-4
170.0	31.5811887441703	22.80491287261989	23.001152815499378	22.612533696370953	2.1187133948121184E-4
171.0	25.539460123196207	23.501068067717895	26.859160546327114	24.09951085935547	8.004034033152708E-4
172.0	27.410414827890556	24.45253309796999	24.1514327743454	23.985454545454544	1.6475433951162108E-4
173.0	29.01011135576515	19.316586822006816	23.74490596090828	27.926842585366636	0.0015532759531230733
174.0	24.268633827618295	26.04139454163672	23.718570588703226	25.970859733874075	5.413081676812664E-4
175.0	25.80994189003662	24.505486306417374	22.88005961396381	26.80284107799407	0.0016711115881232453
176.0	24.172944498124593	24.230118761938275	28.42424763117539	23.171370970114737	0.0013181386470012934
177.0	21.902561172635092	26.21844438841725	24.955690256234966	26.898868792074836	0.024435390637855506
178.0	25.05268678474438	23.2252150842506	24.028728274130877	27.693040307008655	3.295498654848067E-4
179.0	28.48307001993978	23.782790580513634	23.273113783873498	24.459848533001864	0.0011770826712243308
180.0	26.722067945094757	21.885377707233104	25.714406441177612	25.67777021342491	3.7769306961544233E-4
181.0	27.734289376668354	22.346827230493886	26.272818996584853	23.645355024961592	7.093712913182176E-4
182.0	25.661876124409066	22.894434659891676	25.482656433558894	25.96091454774872	1.1823439164149063E-4
183.0	23.67059565789872	24.341197937161365	26.64261850349608	25.34513859460605	4.4930683778793474E-4
184.0	26.386600171409434	22.04860289958169	26.552664886985177	25.008371818472487	0.00376022355120242
185.0	25.05982711147139	24.699540206183617	24.761590143140502	25.478475009293298	5.675299111910277E-4
186.0	27.14108685524284	23.123875200128648	25.177212884855965	24.557825059772544	0.0
187.0	24.15860819790012	22.986792522120066	27.933181937183626	24.920706562750624	7.107800455610009E-4
188.0	27.535524159650926	28.320713999357423	22.311105677326047	21.832300756212287	3.5540745332078507E-4
189.0	25.226166422564823	23.537871013282917	24.85336710082121	26.381718734486938	8.767288441183223E-4
190.0	28.704393573155123	21.754395942935684	25.03967012654628	24.50125598369591	2.8437366699843596E-4
191.0	26.55312790666205	23.83677729015888	25.122889932497785	24.486825031229927	3.798394513598965E-4
192.0	26.903749379155386	23.089246828825424	24.53404602654698	25.47288654046862	7.122500358499184E-5
193.0	27.755771549548207	24.55441543189327	21.59606442841085	26.093582375979295	1.6621416838065136E-4
194.0	28.1891710261665	23.47656556109909	23.745995711344513	24.588267701389896	0.0
195.0	26.547754284054463	21.627792256341916	24.766039835751094	27.057843612031906	5.7001182062013E-4
196.0	28.41386111927281	22.062752956426372	26.370304159640597	23.152938901870883	1.4286278933881672E-4
197.0	25.736645597082425	24.29962406247812	23.773773535389235	26.189289995813393	6.668092368320655E-4
198.0	27.60523930148689	23.061049897098606	24.345904181142703	24.987639669351317	1.6695092048390009E-4
199.0	25.389769544409564	23.045320016655406	25.81155676917583	25.752875615554544	4.7805420465404886E-4
200.0	27.655571178663923	23.71226091026572	23.999787725464003	24.632308471236083	7.171437026894323E-5
201.0	24.678965978067797	21.134765676362516	29.356449727341623	24.829555642151718	2.6297607634912705E-4
202.0	25.825684881804555	24.883052631755124	28.122192874632663	21.16906961180766	0.0
203.0	25.817704174018154	24.37727914028921	23.243230832261254	26.56111617752821	6.696759031715612E-4
204.0	26.143859795159862	23.33430447975973	24.156836799082242	26.36480756709641	1.9135890175299105E-4
205.0	27.417671440733937	24.39699800946967	25.45661273025599	22.727808792350203	9.090271901993472E-4
206.0	25.143149438371875	21.73361727559458	25.629042881549807	27.49411862939243	7.177509131585993E-5
207.0	25.780727287694155	23.608732774273953	26.815467330824873	23.794857240763413	2.1536644361084338E-4
208.0	28.531768703265918	22.405551711369984	21.718169844282958	27.344509741081136	0.0
209.0	27.346944735835404	20.575484250285232	25.291301856087284	26.785574926471327	6.942313207487548E-4
210.0	24.73880343288285	24.676120087689643	24.7711267774248	25.81356661051184	3.8309149086757777E-4
211.0	25.356749219584884	25.5162092111257	25.26094868396409	23.865326481040356	7.664042849663572E-4
212.0	29.12384276010401	22.309965370264052	24.338268206490223	24.227636120357744	2.8754278397006487E-4
213.0	29.798793697302184	22.63067979508919	22.817008124739996	24.753302586321617	2.157965470154738E-4
214.0	27.767080731927496	25.30246217093186	24.522220393166027	22.408236703974612	0.0
215.0	25.471924163027165	25.084646352183675	23.022677090946534	26.42036747366785	3.8492017477300533E-4
216.0	25.730448316186134	24.46703189993979	26.046460414143326	23.75598644947124	7.292025950861954E-5
217.0	28.7491759588113	22.891122615612762	25.502312708829628	22.856628723385217	7.599933610902521E-4
218.0	24.417877116005478	24.520026969146482	25.670624684497152	25.391273073506778	1.9815684411446927E-4
219.0	26.563894119907523	23.003867025493584	24.677229423773976	25.754359804522448	6.496263024695045E-4
220.0	28.070671434873578	22.12832328462936	24.85054995657544	24.950154026005524	3.012979160980715E-4
221.0	25.59583490311891	22.672387775522687	24.258175038181236	27.473374411077216	2.278720999477413E-4
222.0	25.12714815345855	24.776120931566332	24.5211845312468	25.575392761311733	1.536224165830278E-4
223.0	30.309902501623853	22.99173822872988	24.128602276472268	22.56913567110938	6.213220646221546E-4
224.0	29.937793984311146	22.861762332411416	24.772575969856124	22.42776385497622	1.0385844509367513E-4
225.0	30.54895762579027	19.97847327446575	24.004127697371857	25.46744866502952	9.927373425988818E-4
226.0	25.367396157487942	22.843091915737716	25.63281458019177	26.15656513975716	1.3220682541533436E-4
227.0	27.191087755591102	23.629130780771405	25.73932016009419	23.4390736355354	0.001387668007901168
228.0	27.417197846409696	27.667723343171602	23.428255227246307	21.48663564206455	1.8794110784839383E-4
229.0	27.867542190297424	25.278631530121682	21.672217261066148	25.181581924822588	2.7093692154967245E-5
230.0	25.87327914306782	22.949977228723338	27.455930681337907	23.720785626802954	2.7320067983257166E-5
231.0	24.99361890168619	24.868408034447125	24.666623987442332	25.46985253219441	0.0014965442299490093
232.0	25.155526810774948	24.7469442654859	24.863511035683917	25.233767206829	2.5068122623228626E-4
233.0	23.23187815003572	25.26109458155798	22.507782233897217	28.998822163621714	4.228708873691849E-4
234.0	27.00044501743701	21.16682197412484	26.85133267544827	24.980054398656588	0.0013459343332957235
235.0	25.798882726921086	21.927571522932627	27.69220419896577	24.581051591386338	2.899597941749397E-4
236.0	28.67777581165586	23.449507584601555	24.01018601639785	23.862383373557048	1.4721378769004195E-4
237.0	27.675682038346515	25.07522552796089	22.236526359625433	25.01238772647543	1.78347591727882E-4
238.0	27.40946186370262	22.235720509451095	24.363872269876737	25.990885036917376	6.032005216478111E-5
239.0	27.487524418738268	23.81853142835255	24.26821925154173	24.424529819588617	0.001195081778833263
240.0	25.827544229241234	21.90365202431915	26.55117299678088	25.71737720068623	2.535489725086357E-4
241.0	29.285063898245212	21.464745122694723	23.27615016682699	25.971850940169205	0.0021898720638655555
242.0	26.452274633217066	24.64820143060934	21.244586857787862	27.653982660129113	9.544182566214358E-4
243.0	26.98023322637041	23.521574045194864	25.247012915278606	24.248437174112293	0.002742639043826734
244.0	26.42405053178401	22.496083761174305	26.435650651683872	24.64319245525645	0.001022600101365235
245.0	28.54689086070915	21.15799788016869	23.603104816372014	26.69014918873223	0.0018572540179128947
246.0	24.645212250243347	26.56828793936606	23.384646578977932	25.399511186313216	0.002342045099447085
247.0	25.718656115073692	22.904747991844918	24.690303289192652	26.547117516807884	0.13917508708085558
248.0	26.05043260726366	23.17453636349887	23.6874479695117	27.076963771816605	0.010619287909168404
249.0	25.548418530160475	21.109666905429084	28.68528496568962	24.6400228488201	0.016606749900731053
250.0	26.559066167509116	22.518188336481394	24.85529448515071	26.066350404068363	0.001100606790420189
