# Position (bp)	A	C	G	T	N
0.0	23.78026273865253	24.015325389481024	25.665550450479195	26.53886142138725	0.0
1.0	22.977973848816617	30.19034077138102	23.7862995704834	22.96932458775816	0.07606122156080193
2.0	24.449979352619376	26.521442020639803	23.28070303383897	25.74718892542697	6.866674748821774E-4
3.0	26.29671587037963	21.7005476900528	24.94706545952338	27.047770125829384	0.007900854214810033
4.0	25.39168630209415	24.150240387740308	24.33188138712743	26.12612101568636	7.090735174513629E-5
5.0	28.12555255612908	24.423093039533804	22.553874591447816	24.896936847187025	5.429657022730196E-4
6.0	25.34852656852274	24.20366074264981	24.310888809914566	26.131503559029166	0.005420319883712929
7.0	25.4264044525087	25.668582854286427	23.88812486436246	25.016464604450956	4.2322439145622815E-4
8.0	27.25627221925763	24.714517094228786	23.568594427046882	24.460592782736715	2.347672998262487E-5
9.0	26.017741376878188	25.8475730034507	22.130535217261098	26.004056671551606	9.373085840126087E-5
10.0	24.612833088562887	24.49959017631198	23.594255585296356	27.293321149828774	0.0
11.0	26.633126103325438	22.779111378765222	23.225836789501578	27.36192572840776	0.0
12.0	27.927221016920466	24.835168672969857	20.149730043997558	27.087857878916168	2.2387195956693313E-5
13.0	25.44889462316543	22.989380611942487	25.260733149061505	26.300814813881697	1.768019488878826E-4
14.0	26.486915994490666	21.94874350305018	23.58299787258506	27.981277177665874	6.545220821569208E-5
15.0	25.35307666429853	23.72357473664751	24.268948965345274	26.654399633708685	0.0
16.0	25.71979757333931	24.753363020266963	21.82729083736886	27.699506314054574	4.225497029369951E-5
17.0	28.08648893431163	26.34410171107285	19.8734924136635	25.69471652213003	0.0012004188219876162
18.0	25.73322583681873	25.743890716161005	20.200019812064316	28.32263803173909	2.2560321685575975E-4
19.0	24.731919009898768	24.819162038364485	22.28407350454735	28.16447810812217	3.673390672240697E-4
20.0	22.44463087622057	25.5951523958272	24.84553060866195	27.114625370340782	6.0748949498790785E-5
21.0	23.752685935813762	24.70699612004728	24.070039891566882	27.469997012950305	2.810396217688473E-4
22.0	22.605597316597535	26.431295489509132	26.445257456077982	24.51779007129155	5.966652379849024E-5
23.0	25.07897404709995	24.389058513745752	23.706586545399908	26.82504434959178	3.3654416261180443E-4
24.0	27.780455825263385	22.036858173548072	24.28940020957438	25.89324655282316	3.923879099791505E-5
25.0	24.69572798774349	25.584519356144714	20.1548180892306	29.56468213553039	2.524313508087027E-4
26.0	25.75609882345034	25.840925819448675	19.980774865251195	28.422065293996425	1.3519785336711218E-4
27.0	25.31826112760216	25.1952286121412	20.188816854972895	29.297616329314785	7.707596896536109E-5
28.0	27.67671043414735	24.008885307938186	22.680484958326094	25.63150253845552	0.0024167611328482176
29.0	27.379806343841146	23.475547888655427	22.595684507394346	26.548603599720046	3.576603890366173E-4
30.0	23.35676106146406	24.892568413712226	25.418580516605882	26.331921839807254	1.681684105730843E-4
31.0	25.797057712387826	24.648176665849643	23.175880726728355	26.378513239216456	3.716558177236341E-4
32.0	24.191063883973236	22.782542323000968	24.710271239082132	28.315846134766144	2.7641917752026566E-4
33.0	23.523236005637404	25.290925708297905	25.107585618468214	26.078106317494836	1.4635010164014558E-4
34.0	25.980133656073168	26.92136952139578	22.807252651759413	24.29117163409891	7.253667272831462E-5
35.0	24.940779969211505	22.833837054252744	25.60239704525198	26.62278854613456	1.973851492079203E-4
36.0	23.765008155056872	25.076665422523014	25.932596814633712	25.225496554941135	2.3305284527047935E-4
37.0	25.13119152116215	25.89642312468974	21.38659249714606	27.58579285700205	0.0
38.0	26.98584586453031	24.765768488804742	21.392490723996776	26.855823255252282	7.166741588977695E-5
39.0	23.202790290588393	27.28440174036691	22.437577709345685	27.075051128517487	1.791311815259863E-4
40.0	25.94802153273899	26.107890800299177	23.265903821960872	24.678058471387594	1.2537361336783614E-4
41.0	23.888603648753605	24.729221350543494	22.08100696473435	29.296816308198316	0.00435172777023737
42.0	24.18417889285879	26.458301661000117	20.66201846638041	28.69542935328274	7.162647794522258E-5
43.0	26.02016060446004	26.157668102020537	22.09693562393132	25.72181588677117	0.0034197828169341914
44.0	28.31454349959594	25.163727021734672	22.740878603005967	23.78051072877009	3.4014689333100844E-4
45.0	25.530125323421775	24.415522813373443	21.846889378341057	28.204097376916256	0.003365107947472097
46.0	25.254411414641652	24.79310783020506	22.63102693473129	27.321453820421997	0.0
47.0	24.94065107449071	25.122281604454916	23.240421803752767	26.695070634393257	0.001574882908350584
48.0	22.795959475964906	24.374265695531584	22.766743841503484	30.063030987000026	0.0
49.0	22.274316177391366	26.1391974811714	24.492191273546933	27.092667131791266	0.001627936099035761
50.0	27.001885748201275	24.370174053378374	20.83088119285469	27.796969565791365	8.943977429694077E-5
51.0	24.61860998007962	27.43636584110409	21.626081286179247	26.31681457017365	0.0021283224633883826
52.0	22.892849341003423	26.317993155173667	21.549976941187893	29.239180562635013	0.0
53.0	22.72783485828515	25.30406670845984	24.193114390809875	27.773594104668014	0.0013899377771188443
54.0	22.92305433301626	28.377525916268898	22.858225793632833	25.841122677764382	7.127931762883647E-5
55.0	23.63030283736291	28.8110863050114	22.698369703920932	24.859031774829305	0.0012093788754590526
56.0	26.22824823794167	25.399442863252535	24.73747620432141	23.63483269448438	0.0
57.0	22.697310339198868	27.77465122320595	23.20196291912205	26.321381241277138	0.004694277196001542
58.0	25.266437972073753	25.646906168957823	22.007735599939267	27.078742461843834	1.777971853283185E-4
59.0	26.945015223473767	22.586884736454167	24.87086803490074	25.59481416979533	0.002417835375989401
60.0	23.47392482317642	23.57774344570618	23.928479636711145	29.019798844984546	5.324942171128022E-5
61.0	25.052742999827665	24.515418420107775	22.90023226975309	27.525944657431843	0.005661652879624918
62.0	24.97742093778756	22.110816209361904	25.222281084256416	27.689304295124185	1.7747346993466314E-4
63.0	25.767736929847317	24.440197922319644	22.955248132277585	26.834705191077525	0.00211182447792682
64.0	25.26369174287736	22.10171219107048	23.707545864191065	28.92701476120886	3.5440652235587486E-5
65.0	23.93666992815627	26.5832960937608	23.53061978815792	25.94501986130223	0.004394328622778427
66.0	24.262018559943304	24.51117361741711	23.305424021616354	27.920869969657367	5.138313658612213E-4
67.0	26.3807373405465	25.97535985224983	21.1609529347523	26.48232975828659	6.201141647894924E-4
68.0	23.50188612924326	22.68214806840948	26.831632403579924	26.98419166446388	1.4173430345739574E-4
69.0	22.434935212023152	25.32142422470296	25.07864536340031	27.162337813037958	0.0026573868356245026
70.0	25.376518026674567	23.27440699947688	24.553311357803622	26.795445181384803	3.184346601267264E-4
71.0	24.511830422639484	23.26688309179153	26.06345353167657	26.157074248497896	7.587053945188652E-4
72.0	27.15162703455401	26.21012067730874	22.223392482027542	24.41325437431648	0.0016054317932302645
73.0	25.213585505820856	23.124723492500518	22.988136725770183	28.669744029025612	0.003810246882829969
74.0	24.88636487906613	26.308228188142014	23.595113610427234	25.209587788047617	7.05534317012796E-4
75.0	24.928916506062624	25.238136980154824	22.287049796454546	27.543850768491897	0.002045948836110856
76.0	26.622136882876333	24.786235697090945	25.18491906313201	23.40577359828978	9.347586109345946E-4
77.0	24.1407558371674	25.525835347365955	23.607795540769523	26.725031286286093	5.819884110234955E-4
78.0	26.993815262035724	26.22581083202096	20.84657017746512	25.933239395387638	5.64333090552535E-4
79.0	27.21973922931286	20.82412791928016	23.25908338059485	28.694651125388322	0.0023983454238158523
80.0	23.7274802338155	24.00484870201644	28.127444542177148	24.13789880644622	0.002327715544696018
81.0	24.99991183051144	25.150999066108774	22.230402391438673	27.618210596702887	4.761152382269045E-4
82.0	22.80722852687633	22.564468436162667	24.426951642479118	30.200258118849995	0.0010932756318912734
83.0	25.189739050396653	22.57031568219128	24.345104483875573	27.894012036232123	8.287473043671456E-4
84.0	22.96094576486353	26.661806192256154	24.999241836518795	25.37703646237393	9.697439875872768E-4
85.0	24.769511561270466	27.590469312755516	21.362062727834992	26.277356948363394	5.994497756294751E-4
86.0	25.57575787493195	24.992577804355857	22.831960785419916	26.59820499222873	0.0014985430635438674
87.0	21.59654779892741	22.75310496948491	26.347273192360465	29.302474649793503	5.99389433716255E-4
88.0	24.646944955126298	26.514539199065563	25.733958385593876	23.103869956787765	6.875034264994494E-4
89.0	26.00443471643674	26.390317447642474	23.45746061981323	24.146941098018022	8.461180895288128E-4
90.0	23.361971607795773	26.21534635707647	24.864533576160238	25.557989817698267	1.5864126925706708E-4
91.0	26.207366258785324	25.332808543475476	23.929782976009726	24.529531062777018	5.111589524555195E-4
92.0	25.010460741462996	24.46629067924141	22.969408808596455	27.55380451967483	3.525102430663879E-5
93.0	25.952478225267186	26.697889836366528	21.434923960718944	25.914496478360626	2.1149928671865552E-4
94.0	27.420224976537405	24.106346136052203	23.094330644130824	25.374991738523157	0.004106504756407602
95.0	23.630268682031573	26.98792169811753	24.09023249682507	25.289162661068403	0.00241446195742017
96.0	25.690752273781857	24.762964332346378	24.040309765494133	25.504986732417436	9.868959601942564E-4
97.0	25.188299383552028	25.257026609948497	22.999055264972533	26.555548252063975	7.048946297073965E-5
98.0	27.363572460579594	23.51756162211494	24.348147569892024	24.770700725612883	1.7621800563862374E-5
99.0	21.88395474156346	22.696376904406236	26.18871400199397	29.23095435203633	0.0
100.0	22.70197898490151	25.08451226526695	24.69000131245271	27.52350743737883	0.0
101.0	23.481802700806394	22.64736383447639	28.047778755058573	25.822984246793368	7.046286527729163E-5
102.0	24.753738495581455	24.75745584981184	24.446836549167735	26.041951487646404	1.7617792561063268E-5
103.0	25.57460411189507	25.792146149352675	25.3048829899003	23.32815535485653	2.1139399542402466E-4
104.0	25.444342663871616	27.379058255676714	23.34590519139641	23.83034157168778	3.523173674846302E-4
105.0	27.02749744467515	23.543235814643907	21.04123718241655	28.38491137488633	0.0031181833780742738
106.0	25.487105244892355	23.64940401592955	24.8053287821673	26.05807387447252	8.808253827098206E-5
107.0	26.03875354331222	24.097165544004895	22.47159757028006	27.39191961862677	5.637237760543881E-4
108.0	23.881379663600562	24.929459548911012	24.497031039207613	26.692076905693067	5.2842587743795886E-5
109.0	25.208663580834017	24.81426880561368	25.56191392076878	24.414502004382165	6.516884013555119E-4
110.0	24.577079570860594	24.709913131571447	22.799748211537533	27.913223861007697	3.522502272894591E-5
111.0	24.36054552128239	23.906343678689712	24.772194562118287	26.960317398812045	5.988390975706154E-4
112.0	25.855460136529835	24.197464546626556	23.766352934545992	26.180651933468123	7.044882949269799E-5
113.0	27.98318454556182	22.22278187636379	22.963644593007178	26.82979019427239	5.987907948243341E-4
114.0	26.262222082894066	22.43164104809369	27.390392674094343	23.915391960820298	3.522340975991372E-4
115.0	26.42556422575265	23.884190371249332	26.46817056414561	23.221475989945677	5.988489067220614E-4
116.0	26.812681491835367	24.661295967290386	24.970335161160612	23.55561692737262	7.045234101680694E-5
117.0	25.66205102661238	27.076263036529408	23.55341463191245	23.707619610575627	6.516943701356299E-4
118.0	26.37129330205229	24.451965280860087	25.175991094766058	24.000468511120975	2.818112005861673E-4
119.0	26.850606506176376	21.407040079359767	24.67083732868147	27.071058132579566	4.57953202819019E-4
120.0	25.018925550109117	24.0648981683872	24.97897846062799	25.93714498081025	5.284006545122774E-5
121.0	27.25440594859865	23.68785004785609	24.271722562183857	24.7853697389562	6.517024052046011E-4
122.0	26.690823149289283	23.65802325595732	24.760529725877586	24.890201142172323	4.227267034873368E-4
123.0	24.252182667730054	27.844390163481673	23.836556373136137	24.06628954940382	5.8124624831967E-4
124.0	25.22235217032909	24.665414937613168	23.11039404806358	27.001750776753063	8.806724109992461E-5
125.0	26.74803167496926	23.52647967615569	24.528532853031674	25.196233652479606	7.221433637754923E-4
126.0	24.51567403695796	23.92541195227881	25.26132201657144	26.297433473101968	1.5852108982192446E-4
127.0	25.02819444417535	23.301952941918298	27.85302852275555	23.81597865412414	8.454370266543397E-4
128.0	26.03640865023368	23.149069598597396	25.258470275874238	25.546733898822744	0.0093175764719393
129.0	24.383977415455472	27.041022025320604	22.50169132213042	26.070314967245327	0.0029942698481781895
130.0	26.166553614956854	24.426373393328536	24.006247288564385	25.400825703150225	0.0
131.0	25.82827323659306	25.055541728470214	24.387719927718692	24.727936683574463	5.284236435761388E-4
132.0	26.25222819539072	25.969379487215623	21.85643023722795	25.915902797838385	0.0060592823273280675
133.0	26.59687929620793	25.601149853494082	24.68875308358191	23.111421120631572	0.0017966460845004928
134.0	26.702399646310436	22.911051830140938	21.170504615314158	29.215955838123612	8.807011085384854E-5
135.0	25.659758343129646	24.221928499186056	26.282078154674064	23.835777039321115	4.5796368911592923E-4
136.0	27.567527768613413	26.48764360775406	24.359281707142433	21.57948757332642	0.006059343163678183
137.0	28.68286542770993	21.288740003332663	24.376807907922686	25.651410516066008	1.7614496871841499E-4
138.0	25.182667724665492	24.443242795758962	26.984166125777975	23.388936984192547	9.863696050206215E-4
139.0	25.59811814936089	24.336869582677956	25.11650600011625	24.947378989289092	0.0011272785558152601
140.0	26.410821139225256	21.947826901791192	25.25504937882794	26.386020757637567	2.818225180419253E-4
141.0	25.088969601318954	25.512768573351043	25.35820348691789	24.03975889607942	2.9944233269100015E-4
142.0	28.453432030499737	22.753173943891703	23.689468896794246	25.103696141242356	2.289875719637481E-4
143.0	26.211313643804136	25.773084197159747	24.242178707921543	23.773335378956002	8.807215857638753E-5
144.0	27.621847960913115	25.56694341116868	23.13828053909693	23.672188287250155	7.398015711271652E-4
145.0	27.778745590896882	22.687657153425782	22.990888954453577	26.541845195894087	8.631053296754107E-4
146.0	27.19459108979134	22.0568204016416	24.813660936621204	25.930453496833184	0.004474075112675354
147.0	26.257658380945653	24.646093540970433	26.14258560926303	22.950245337685654	0.0034171311352255668
148.0	24.410168230462418	24.6018820505558	24.25289032715354	26.734513349158	5.460426702402518E-4
149.0	27.40107471082754	25.44962517583919	23.566626540277348	23.580436500429272	0.002237072626650898
150.0	25.651648833253716	24.50251753395817	24.58391638940677	25.261917243381344	0.0
151.0	26.286792747970445	24.541146470605433	25.90527942706416	23.266358585881715	4.2276847824133945E-4
152.0	27.166287402766283	24.048044086918196	23.484802844426405	25.300742356678583	1.2330921052863364E-4
153.0	25.33534176093135	23.558602058291843	24.973144826278997	26.13225957264954	6.517818482630718E-4
154.0	23.022005520537657	24.759764655769693	25.06181053834667	27.154199655041268	0.002219630304718247
155.0	27.233408169960782	23.44105531978474	24.10263882805207	25.222791964160173	1.0571804222871958E-4
156.0	25.22671497802449	23.80528413111445	26.26257002139758	24.705184191162996	2.4667830048518097E-4
157.0	25.163936852595683	23.11953646608248	26.518565531395737	25.19764398920526	3.1716072084288634E-4
158.0	25.20569982696828	21.756694847460732	25.812491410085176	27.225025813795316	8.810169049523722E-5
159.0	26.45423678878424	21.857273073758815	24.565109100908007	27.122834796346673	5.462402022568882E-4
160.0	26.21281160700236	21.326023685753288	26.073094948649857	26.38799927472094	7.048387355404537E-5
161.0	24.41981662291609	20.955412475090192	29.048948779139565	25.57220977086587	0.0036123519882825875
162.0	25.146407814619533	24.026317987517672	24.90210403633402	25.925170161528783	0.0
163.0	24.89198250150887	24.702089510156792	26.937015123947646	23.468807133322468	1.0573106422721607E-4
164.0	26.058462874499266	24.361633963293556	24.269963014419936	25.30824841170653	0.0016917360807127283
165.0	25.97897480822306	22.336318830910095	27.054501147339703	24.629729394894394	4.758186327404457E-4
166.0	24.89343467356477	23.326434880289252	25.941067836824764	25.83893924432596	1.2336499525309122E-4
167.0	26.119906986220297	23.79926817034479	26.55825751084156	23.52216197467817	4.053579151772701E-4
168.0	26.29586578905857	24.35848921922078	24.003997352723196	25.34155951393742	8.812506003519715E-5
169.0	26.501470762676238	22.44409048455589	25.702875447225892	25.351334173601288	2.291319406928985E-4
170.0	30.915649148485652	23.077617279204592	22.70559807295955	23.30104736820119	8.813114902043109E-5
171.0	25.473160972471327	23.355087759499753	26.994037730195174	24.176955584835653	7.579529981007108E-4
172.0	27.139685811012093	24.640437598468292	24.220511864140285	23.999258964955246	1.0576142408462606E-4
173.0	28.605456434438985	20.432632561983063	23.875805073855798	27.084607625978258	0.0014983037438908867
174.0	23.980613329525806	26.12319472868709	23.81792958538473	26.077768787777835	4.935686245476355E-4
175.0	25.5589596161362	24.234831172874273	23.69582259538201	26.509064479183138	0.0013221364243825226
176.0	24.485208316915955	24.72837062215737	28.02771271060301	22.75735088657368	0.0013574637499883205
177.0	22.28885541361475	25.917478747667428	24.553743330216182	27.216702563256277	0.023219945245359183
178.0	24.51336465471814	22.91630194689398	24.655426862732966	27.914483416643705	4.231190112131827E-4
179.0	27.78375096047955	24.20937413935919	23.47741731412715	24.528170481726118	0.0012871043079910136
180.0	26.687769940844134	22.29465228561257	25.648078981018717	25.369233646406087	2.651461184906186E-4
181.0	28.056529585130658	22.029894153486293	25.983722673780207	23.929145631521603	7.079560812365444E-4
182.0	25.62435717401757	23.4080470933386	25.540203800824163	25.427356550960646	3.538085902602864E-5
183.0	23.933612906101615	24.5756526882641	26.240671965200335	25.249478719663326	5.837207706246237E-4
184.0	25.727700693098814	22.90979456434357	26.536708059208348	24.822011481190287	0.003785202158980259
185.0	24.900035495379854	25.400826315464613	24.680271873033007	25.018318056642986	5.482594795390446E-4
186.0	26.929952325238972	23.53212408702965	24.825364989162416	24.71255859856896	0.0
187.0	24.44441650050848	22.914934683804724	27.65387003637474	24.986212029061537	5.667502505213217E-4
188.0	27.214436403204278	27.717425184824158	22.380937538077035	22.686811248416706	3.896254778225178E-4
189.0	25.21815085997575	23.967106374733856	24.875910371388667	25.93784059782634	9.917960753920872E-4
190.0	28.54801080289116	21.796487218326373	25.2618716320669	24.393453226910307	1.771198052532317E-4
191.0	25.934066206975338	23.947321225680344	25.224129235811503	24.894093071085408	3.902604474052204E-4
192.0	26.60656263504514	23.727746157355927	24.618964258318783	25.046638249680147	8.869960000028383E-5
193.0	27.43426042478903	24.28779132946387	22.255038415171267	26.022590480347098	3.1935022873460134E-4
194.0	27.801651484881496	23.436394411778274	24.67979858555678	24.082155517783445	0.0
195.0	26.40115811301965	21.90835958713654	24.79294187040647	26.89715003831157	3.9039112577088944E-4
196.0	27.845582625538434	22.850323581584714	26.227950287257666	23.076107946226376	3.555939280914403E-5
197.0	24.67526393668756	24.509652767812003	24.12264580246907	26.691975140364043	4.623526673214292E-4
198.0	27.533749035799083	23.163013582253754	24.41402141821733	24.88916253306245	5.3430667386437125E-5
199.0	25.24766522764142	23.403226295791967	25.74977736453145	25.598992027954804	3.3908408035935775E-4
200.0	26.979002017554006	23.882028062991093	24.252680434009708	24.886271637302904	1.7848142293957476E-5
201.0	25.214499561710312	21.185607962503607	28.946575066412798	24.65315676562738	1.6064374589800658E-4
202.0	25.26672127802722	24.85406574677049	28.398615568093515	21.48059740710877	0.0
203.0	25.272014059342222	24.05348178353084	23.778887487763967	26.895116692754733	4.999766082372575E-4
204.0	25.447909872982965	23.777101217166194	24.686636316684655	26.088299017566367	5.3575599814556986E-5
205.0	27.7796916955317	24.049838061126902	25.114803811524045	23.054969920535207	6.96511282143326E-4
206.0	25.338339458817615	21.56213334390714	25.944850815567282	27.154604937074247	7.14446337131866E-5
207.0	25.77648877817069	23.430815169187152	27.012475447921908	23.7799526420671	2.6796265315182137E-4
208.0	27.67990131193376	22.393428609819065	22.41249367475821	27.51412279974499	5.3603743971365594E-5
209.0	26.78849610866466	20.805942201039844	25.53317879626573	26.871739535641787	6.433583879726294E-4
210.0	24.475923333170677	24.697545815653495	25.05796163441174	25.768247480762422	3.217360016687374E-4
211.0	25.441813812782936	25.562838364550476	25.607572214236164	23.387185593626413	5.900148040078097E-4
212.0	28.553347795228717	22.027822931452906	24.901999433353176	24.516597314437476	2.3252552772562844E-4
213.0	29.446095497986818	22.628290320236776	23.019705144068787	24.905694279448458	2.147582591552341E-4
214.0	27.18063694504783	25.030252982450673	25.012128952117635	22.776963211262974	1.790912088244686E-5
215.0	24.97051380381175	24.89963205750378	23.669692857133885	26.45994589007029	2.153914802976926E-4
216.0	25.84519540676911	24.526647762809805	26.15485610962689	23.473228162489967	7.25583042253603E-5
217.0	28.92514846558882	23.35359824978438	25.054442717846324	22.66637154948411	4.3901729636685753E-4
218.0	24.45643412086751	24.52434818801547	25.533607237435945	25.485334080646023	2.76373035056814E-4
219.0	25.947921442280613	23.12394069606996	25.282022836753693	25.64566919772658	4.458271691535154E-4
220.0	28.087915764444237	21.71493019888287	25.01005373567693	25.18685759242809	2.4270856787382442E-4
221.0	25.250562544949968	22.76859051582521	24.82894079720118	27.15179323786911	1.1290415453417439E-4
222.0	25.268322582928025	24.84013266506181	24.69265940029822	25.19871413662127	1.7121509066980484E-4
223.0	30.123043128167726	22.364098191840508	24.64232869264678	22.869971479508443	5.585078365390078E-4
224.0	29.254847173304988	22.992574703187906	25.39484709223647	22.357615219107927	1.1581216270913988E-4
225.0	30.292472378773017	20.177322319643586	24.438037516043735	25.091391554058116	7.762314815425739E-4
226.0	25.310226181983143	22.205256676798903	25.984184763030445	26.50021465273739	1.1772545012325855E-4
227.0	27.213976036825482	23.491312398820217	26.028647937120425	23.26491520698493	0.0011484202489458295
228.0	26.974281421933917	27.81719413795505	23.652973306404274	21.55547154042841	7.959327834764354E-5
229.0	27.719039853767814	25.12370738396722	22.32173288031633	24.835479761177094	4.01207715465093E-5
230.0	25.833864040029525	22.608854252488992	28.06615203299464	23.491129674486846	0.0
231.0	24.941031480724913	24.890758188954937	24.922974135109573	25.243861374578497	0.0013748206320768636
232.0	25.04866413769294	25.022374256882678	24.67088639201514	25.257745042221675	3.301711875700453E-4
233.0	23.202346276490317	24.815285921086634	23.0918523424714	28.890139132456405	3.7632749523945717E-4
234.0	27.140368944666786	21.26381547333013	26.764470907062552	24.830177289730575	0.0011673852099510463
235.0	25.51241904605511	22.256571802073342	27.867050145825107	24.3638085490117	1.5045703473687535E-4
236.0	28.245937748816157	23.460613711603738	24.39697003031192	23.896325727416222	1.5278185196049672E-4
237.0	27.184649831338533	24.57446270945323	23.03955176010551	25.201291567103034	4.413199969372392E-5
238.0	27.167025317305153	22.58445439619189	24.881488705860246	25.367031580642706	0.0
239.0	27.474634335736493	23.742983355658463	24.057948059415775	24.723367726056953	0.0010665231323194406
240.0	25.182992051200614	21.79821458743621	26.594836984527497	26.423862897290984	9.347954468918167E-5
241.0	29.103294832274806	21.431608496207577	23.666696385468303	25.796107024190874	0.0022932618584453695
242.0	26.223598464507564	24.31394113633006	21.899925664156758	27.56166709267124	8.676423343799757E-4
243.0	27.822613042896037	23.16597636124861	25.156781164176788	23.85263251867114	0.0019969130074214687
244.0	26.348841179483255	22.43895662002343	26.456805458259502	24.75445485103402	9.418911997927839E-4
245.0	28.379442946345506	21.44230347147258	23.77883434004638	26.398121221876032	0.0012980202595002102
246.0	24.669908887311202	26.4919026047699	23.795946727718952	25.04004310351961	0.002198676680338653
247.0	25.268237065149478	23.249572852812683	25.11921515760275	26.225060975349805	0.13791394908528684
248.0	26.42013200913194	23.03508608858213	23.9601127170947	26.574852440575498	0.009816744615728986
249.0	25.182421969490626	21.64226437519404	28.817242804546122	24.342642837687777	0.01542801308143134
250.0	26.680696418835804	22.573058773754507	24.85732152252066	25.888088559153672	8.347257353575988E-4
