# Position (bp)	A	C	G	T	N
0.0	23.366120928852002	24.401498261033623	25.629565968929953	26.602766341215712	4.849996871752018E-5
1.0	22.275979273568673	30.82420508930545	23.094267915877122	23.727371283414257	0.07817643783449332
2.0	24.062099043113978	27.155553880876194	22.84357657406978	25.93775603271035	0.0010144692296990216
3.0	25.617596100140045	22.116006157978507	24.898296321578172	27.361198073435194	0.006903346868077041
4.0	26.03756490057343	23.64643528082494	23.101468265416692	27.214483308937826	4.8244247114752795E-5
5.0	28.1261734704453	24.180083094361123	22.369148555152087	25.32406463408932	5.302459521747073E-4
6.0	25.5585132878973	23.851894774888546	23.664965663085784	26.917695843618684	0.006930430509680223
7.0	25.23013818377433	26.269470367577487	22.964010739621806	25.535468129355763	9.125796706067694E-4
8.0	27.460718319642208	24.02392830724315	23.83873449937909	24.676618873735553	0.0
9.0	26.052169496966084	25.496649874115757	22.80002012231493	25.651064686055953	9.582054727905577E-5
10.0	24.67175930691576	24.95931553382951	23.514783578748798	26.85414158050593	0.0
11.0	27.29484409510259	23.31667364672404	22.817668882719317	26.570628473271928	1.8490218212310232E-4
12.0	28.52967360398252	24.562503974346164	19.932322562476724	26.975409016996576	9.084219801782324E-5
13.0	25.125853494358967	22.753389809268405	25.12016949941459	27.000497685226627	8.951173140751827E-5
14.0	26.58828976290404	22.134740051362087	23.027645408617182	28.249236252320458	8.852479623805026E-5
15.0	25.45793359335261	23.88131384687796	24.034740648016477	26.626011911752954	0.0
16.0	26.52689124915985	25.265701723968164	21.38765095959142	26.819713257045496	4.2810235071000776E-5
17.0	28.239169866463797	26.38809018848307	19.37552618382735	25.99646094978873	7.528114370459344E-4
18.0	25.284202306149687	25.767191661711596	20.129784717038362	28.818655339376786	1.6597572356079338E-4
19.0	24.937220297133877	24.680159798378746	21.577402442858713	28.804557274151925	6.601874767387069E-4
20.0	22.541907493769333	25.953266423096505	24.10903001964781	27.395673392447144	1.2267103920770865E-4
21.0	23.333541092630426	24.44499936862759	24.122635186546262	28.098662461834344	1.6189036137166464E-4
22.0	21.83652577278362	27.060623025552843	26.112528492022236	24.990242732035032	7.997760627024433E-5
23.0	24.788341407495853	24.54142625695393	22.95726603080318	27.7127278161921	2.384885549342487E-4
24.0	27.29581621445315	22.19990136381231	24.23903753087293	26.26524489086161	0.0
25.0	24.515413439842472	26.295517826666938	19.034483990241494	30.154351806270974	2.3293697812411195E-4
26.0	26.12281292603773	25.485119458185974	19.626732184156964	28.76525836430797	7.70673113604153E-5
27.0	25.650946885960753	24.614463898640317	20.346265138824496	29.388247251685634	7.682488880557656E-5
28.0	27.784008136010968	23.599276479411493	22.827839116211806	25.785772654207044	0.0031036141586877923
29.0	27.769329645698786	23.17716405168763	22.62047115182812	26.432736395623536	2.987551619290322E-4
30.0	23.833133584093936	24.74911594295221	25.678135087768677	25.739393167242703	2.2221794246925615E-4
31.0	26.01540062005939	24.720763449037992	22.771758216596712	26.491709595459472	3.681188464333333E-4
32.0	23.971428404949265	23.19013060717917	24.15300530527935	28.68518076115172	2.54921440495509E-4
33.0	24.125412505626915	24.47869831917563	25.789864389056273	25.605988802660473	3.5983480703678554E-5
34.0	25.48541070227277	26.343464330090317	23.449180425949873	24.721873316184606	7.122550243359735E-5
35.0	25.005906317368932	22.631847988266117	25.450989519099203	26.911010078708706	2.460965570388537E-4
36.0	23.44435999275058	24.71683706083753	26.574044544600095	25.264512539671614	2.4586214018075786E-4
37.0	25.410017948379448	25.93712870869977	21.09770210184231	27.555151241078473	0.0
38.0	26.629839606429222	26.026573609192305	20.941617245678472	26.401794038031696	1.755006683065449E-4
39.0	23.10594442919878	27.57144270862211	22.160978317856447	27.16142399037628	2.1055394637752462E-4
40.0	25.976990603332638	27.163214157771804	22.745471750876213	24.11418313975214	1.4034826720766246E-4
41.0	24.18747004825257	23.645830190519426	21.584483398575227	30.577971371216435	0.004244991436343722
42.0	24.210321750520393	25.940903309271558	21.237632063220563	28.6111077981056	3.507888188168735E-5
43.0	26.378026495315794	25.157572420179093	22.698355354305576	25.762713647858522	0.0033320823410158294
44.0	28.832374053286685	24.83489067293624	22.830748210380424	23.501706503792462	2.8055960418651044E-4
45.0	25.152594625849932	24.216566374585923	21.60838785666923	29.018699175303496	0.0037519675914156384
46.0	24.438040729775707	24.315572316318416	22.601259955598625	28.64509193720978	3.5061097468448516E-5
47.0	25.34733944523148	23.80621840237352	23.621536290140227	27.22346851096366	0.0014373512911095617
48.0	22.63877566327235	24.348714181470502	23.169687950590248	29.842822204666895	0.0
49.0	21.635455129121702	26.48582478923626	24.15046161955147	27.726926732440095	0.0013317296504700305
50.0	27.06077025131883	24.84365724650327	19.83553786602917	28.259894465575158	1.4017057357097854E-4
51.0	24.44344159968999	27.44501512384101	21.729068642582273	26.380197210822452	0.002277423064269229
52.0	23.044958573643694	25.53742134860701	21.021618413638997	30.395966733163544	3.493094675790164E-5
53.0	22.165996453803064	25.542516893581674	24.020343054643988	28.269853945065666	0.001289652905605424
54.0	22.768864442565505	28.899734214776483	21.90584664757214	26.425519842578193	3.4852507672779565E-5
55.0	23.624417725261164	28.935958376714083	22.100159766218148	25.338352472971927	0.001111658834682783
56.0	26.067825516107128	26.19557798614452	24.96299936957386	22.77359712817449	0.0
57.0	23.029583168364972	27.73420297707113	22.619489188494583	26.61207082178555	0.004653844283759472
58.0	25.408068195353238	25.533496751601803	21.458770223705233	27.599387025228435	2.7780411129249403E-4
59.0	27.53669536182849	22.828452655760838	24.61769877580273	25.014340636293685	0.0028125703142578566
60.0	23.739866629534646	22.42427769210626	24.6936608156021	29.142090948515342	1.0391424165464724E-4
61.0	24.70848285705676	24.147112987115992	22.705346971813402	28.433550162214694	0.005507021799147485
62.0	25.232689024115707	22.00153775287203	24.95970325525659	27.80586216331351	2.0780444216629204E-4
63.0	26.2155229109588	23.295206411445903	23.46587538325193	27.020936386673274	0.002458907670094938
64.0	25.061022104713516	22.176026842819212	23.29676841852254	29.466148099646645	3.45342980834846E-5
65.0	23.86662288166759	27.052361403039882	23.271485295595358	25.80493782909969	0.004592590597482225
66.0	24.837374048838026	24.61949204834287	22.997393357810243	27.54504995229731	6.905927115535815E-4
67.0	26.71623702619276	25.88922802825752	20.476655778911823	26.917223139126172	6.560275117221758E-4
68.0	23.160711295554318	22.96760984737977	26.71404724132157	27.157458987952303	1.726277920387515E-4
69.0	23.103734944084934	24.220413625102534	25.763981528280677	26.90914250677361	0.0027273957582436403
70.0	23.949620367958477	22.905718392824408	24.924404365665108	28.219946772955367	3.101005966335479E-4
71.0	25.05990552435357	22.734987572607555	26.196325336775466	26.007888991115447	8.925751479614956E-4
72.0	26.291598572169526	25.972605673906397	22.063715510373193	25.67026095767895	0.0018192858719408107
73.0	25.117978968526245	22.38451207042664	23.71925587698129	28.774786395340495	0.0034666887253328796
74.0	24.398100940640493	26.610890178068562	23.103059973167703	25.886781988109085	0.0011669200141540535
75.0	24.67637073979658	24.483806182108207	22.319917304659025	28.517983902962012	0.0019218704741666287
76.0	26.814980454413018	24.349329794502804	25.048310596209895	23.786315309388574	0.0010638454857089517
77.0	24.18449400177275	25.0366921507108	24.279136930611084	26.49892196968475	7.549472206103337E-4
78.0	27.22008251962106	26.60520016361176	20.249734405411264	25.924227991336263	7.549200196553721E-4
79.0	27.826812322254064	20.65321974064192	22.46739494460366	29.050068078751746	0.002504913748613719
80.0	23.792161375928256	22.70422991430644	28.82139957685073	24.678915074366802	0.0032940585477731136
81.0	25.71455335011433	25.340583748054495	22.076558944389394	26.86778927315599	5.146842857966352E-4
82.0	22.984869170252455	21.765866201317337	24.252490896420774	30.995161112679888	0.0016126193295415048
83.0	24.503027007182816	23.038775541713346	24.28299643689775	28.174377572184127	8.23442021961885E-4
84.0	23.359183303782668	26.13508176293962	24.69884395601983	25.805347115104873	0.0015438621530084041
85.0	24.493092861703197	27.479284760314567	20.9647865797701	27.062149664326153	6.861338859913074E-4
86.0	26.06839439383466	25.29409040464768	22.36953281383737	26.26571824062051	0.002264147059782059
87.0	22.001558099941374	21.181823265087274	26.60169209241982	30.214137544342556	7.889982089740657E-4
88.0	25.111228199444426	26.568600613753258	25.5453354820872	22.774012427371503	8.232773436133231E-4
89.0	26.499430242234524	26.114423549896166	22.677182316310578	24.708140641325652	8.232502330827222E-4
90.0	22.884950282246738	26.002304349004255	24.345594724762694	26.76691053617104	2.401078152692792E-4
91.0	26.344650125657658	24.720858896757665	24.284735758770225	24.649137820742588	6.173980718658216E-4
92.0	25.51891492357373	24.19014561550031	22.857706337215383	27.433198824923554	3.4298787023396916E-5
93.0	26.50659558392036	26.250324540250364	20.873605763080302	26.36916543510001	3.086776489601165E-4
94.0	27.531463123110456	23.525516039804987	23.080890964994865	25.85705393016807	0.005075941921621283
95.0	23.809579336284383	26.529007334872762	24.173322079692106	25.485656237385523	0.002435011765222339
96.0	26.04125334160984	24.03904817919774	23.765512014362706	26.15336338710203	8.230777276881633E-4
97.0	25.978018797330265	24.974056446861496	22.886603524207924	26.161184054848754	1.3717675155849938E-4
98.0	27.69819822909308	22.999773664103813	24.791187989108444	24.510805824377062	3.429331760413166E-5
99.0	21.706719632440212	22.36708861193575	26.682788672667613	29.243403082956434	0.0
100.0	22.56194223696731	24.840298673799175	24.783718677399722	27.81404041183379	0.0
101.0	23.103684874844284	22.342076180071714	28.53349435780007	26.02071029757637	3.4289707567086956E-5
102.0	25.302403452433698	24.47430908115716	24.82513549512821	25.398117677398822	3.429388210860735E-5
103.0	25.66264556186761	26.21989400963062	24.871421350468466	23.24593620139679	1.0287663651009529E-4
104.0	25.032620500385615	27.3959393178106	23.098880666751025	24.47211371583592	4.457992168336528E-4
105.0	27.890272278798122	23.363437924926565	20.968742551728514	27.773774882585233	0.0037723619615596315
106.0	26.310450441243592	22.69133730434851	24.283161343268073	26.71498232316391	6.85879759105311E-5
107.0	25.510923547853665	24.877280268752266	22.367535735670238	27.243437400762826	8.230469610019773E-4
108.0	23.714588362051966	24.624721423704475	23.865128437431736	27.795493193633973	6.858317784955388E-5
109.0	25.311643266060518	24.99064718721228	25.322204829171863	24.374613157032954	8.915605223858844E-4
110.0	24.66113844589171	24.81348855693961	22.412748443323395	28.11259026392608	3.428991920952135E-5
111.0	24.924275546822624	23.85972673014044	24.207409388700572	27.007833918862616	7.544154737471988E-4
112.0	25.240462263626878	24.97460787077138	23.321256212584757	26.463570781460348	1.0287155663182064E-4
113.0	29.26697129235494	21.56481731031016	22.419682577563997	26.74760301004744	9.258097234709224E-4
114.0	26.7778049430324	21.733754368110077	27.876488997900427	23.611540211644385	4.11479312706104E-4
115.0	26.40395399533424	24.12957681372527	26.08037545535381	23.38547648105937	6.172545273047683E-4
116.0	26.57981289322788	24.565882591374955	24.959972072182982	23.89426385820186	6.858501232301209E-5
117.0	25.774642526097473	27.041991545519732	23.490177076335513	23.69240012386462	7.887281826639604E-4
118.0	26.51162328147274	24.33432198696404	25.194412923894244	23.959264589842483	3.7721782649145926E-4
119.0	27.31447791402922	21.123526841777853	24.7872952598993	26.774185583471134	5.144008224926218E-4
120.0	25.211347107188615	23.937709015190382	24.680218761230925	26.170656530601605	6.858578847594147E-5
121.0	27.762046654734867	23.353910488176165	24.208466548720395	24.67495902801664	6.172803519321047E-4
122.0	26.625848207870984	23.34841448956979	24.64892844686953	25.376191571950763	6.172837389287589E-4
123.0	24.029452331488592	27.69233829235187	23.666973704696172	24.610378342639354	8.5732882401234E-4
124.0	25.47572915416402	24.549784811645893	22.890622588775912	27.08369198059018	1.714648239913582E-4
125.0	27.00544799440626	23.14559179512222	24.635002892543138	25.212928553327213	0.001028764601170254
126.0	23.972095396625193	25.082388056835242	24.13937487268859	26.806038795944414	1.0287790655805502E-4
127.0	26.27558954940583	22.52384448590798	27.309819370710642	23.889786401827383	9.601921481658787E-4
128.0	26.128546732559933	22.491751625241037	25.72525856224338	25.643709304674267	0.010733775281384375
129.0	24.01012873187495	27.533889037300657	22.286707994105747	26.166770859731674	0.002503376986969751
130.0	26.036900652458844	24.26844432495235	23.835220706394892	25.859434316193912	0.0
131.0	25.147537666728965	24.74819403745154	25.36979151484807	24.733825211288615	6.515696828055906E-4
132.0	26.31565771569036	25.860793022847485	21.63446766016285	26.182188672826634	0.006892928472664223
133.0	26.90961029341161	25.06793459623325	25.35020095746286	22.67047091260751	0.0017832402847697561
134.0	26.37173009353025	23.63927790287038	21.24694193744852	28.74205006615086	0.0
135.0	26.966989540160746	23.64721995702488	25.88887372406902	23.496505271070394	4.115076749610611E-4
136.0	27.772197556080087	26.57489421488567	23.793943388546094	21.8516604465008	0.007304393987352082
137.0	28.430568010548495	21.23241845575615	24.456706063500175	25.880101712759192	2.0575743598800434E-4
138.0	25.357557294209954	23.98761254464751	27.695756360384284	22.957599266985255	0.0014745337729958686
139.0	25.787801330108078	23.48929446112928	25.19698891073654	25.524612211837923	0.0013030861881779907
140.0	26.309181951172338	21.71148513751426	25.452396906315006	26.526455917320675	4.8008767772674373E-4
141.0	25.614851002001636	25.10125636420811	25.091654541507825	24.192100923386715	1.3716889571837578E-4
142.0	28.427183800142313	22.82763646339686	23.983093713296125	24.761880267139905	2.0575602479360098E-4
143.0	26.826762429666047	24.878295853897413	23.97036714941387	24.324471689468904	1.028775537638096E-4
144.0	28.032889538775557	24.740472088404093	23.372566582900784	23.853488812316876	5.829776026863608E-4
145.0	27.940655521716124	22.53750695716376	22.876594746539762	26.64407681737578	0.0011659572045695922
146.0	27.70755538393849	21.669222061464588	24.679558293350635	25.938177392523386	0.0054868687228935824
147.0	26.31949664484766	24.346321403293153	27.115522311900232	22.215641923218314	0.0030177167406464497
148.0	24.57262451244044	23.746782466991352	23.319904226739286	28.360071521309276	6.172725196446979E-4
149.0	27.93518976715188	24.979929842754906	23.802332013383992	23.28055936497028	0.001989011738941523
150.0	24.792065979206082	24.296892709714747	25.01792726827527	25.893114042803905	0.0
151.0	26.432791938441554	24.296134626352472	25.596915904485222	23.673574512931506	5.830177892445564E-4
152.0	26.98215634878201	23.72572172491715	23.532397498205484	25.75948435898289	2.4006911246792075E-4
153.0	24.54857798206041	23.345334671337334	25.72338985096986	26.3819086860284	7.888096039970012E-4
154.0	22.86058915766614	24.064393591233284	24.76064526661353	28.312348495553124	0.002023488933916281
155.0	27.54862102387271	23.895896511111857	24.0296544860024	24.525725088263115	1.0289074991580106E-4
156.0	26.009054429468055	23.465342799327775	26.973659841547487	23.55170285008746	2.4007956922865865E-4
157.0	24.363970728197312	22.962698240941222	26.69767572667624	25.975346631194423	3.086729908046316E-4
158.0	24.421709420881125	21.208703880719668	26.098368819794356	28.271046388434158	1.714901706978861E-4
159.0	26.099241545199455	21.591352250171752	24.441054174313926	27.867768946535676	5.830837791923467E-4
160.0	25.91778166278566	21.9149430231238	25.24362189292264	26.923619121510313	3.429965758651831E-5
161.0	24.695336014474734	20.444429199859368	29.08536491249132	25.7700335285593	0.004836344615279076
162.0	25.310630164878212	22.96608588155716	25.856153811325104	25.867095841205423	3.4301034107576276E-5
163.0	25.56407689927671	23.81142347907278	26.8541697681263	23.77032985352421	0.0
164.0	25.3744378244376	23.627169935068746	24.870979615036447	26.12559459145174	0.001818034005468509
165.0	27.024500617635244	22.139779380210495	26.584214677044173	24.250922164923875	5.831601862133385E-4
166.0	24.46941606007184	22.895065355811216	26.02064532152699	26.614804652967383	6.860962256817481E-5
167.0	26.189340014278084	23.491770204500444	26.977413388945358	23.341133334042322	3.4305823379212794E-4
168.0	26.465707613566074	24.79037795264245	23.198825066752114	25.545020753792	6.86132473655086E-5
169.0	25.485265188188	21.857775393011796	26.00248799402223	26.65423127091483	2.4015386314935034E-4
170.0	32.00026348960417	22.20304755918738	23.515863926832232	22.280584864580753	2.4015979546619477E-4
171.0	25.61910316670669	23.202525131231344	27.131917521528802	24.04576800356812	6.861769650392835E-4
172.0	27.699993516866613	24.569977878451198	24.224759600954567	23.505097492262262	1.715114653699485E-4
173.0	30.036795640641017	19.070892065320407	22.769596585726777	28.121480840163127	0.0012348681486685207
174.0	24.116282627651493	25.738069086545817	24.489699311412224	25.65540013487731	5.488395131519098E-4
175.0	25.99597821567796	24.07105152302269	22.728604340672987	27.202993766302907	0.00137215432345245
176.0	24.626347753626742	23.748423211019904	28.74567358607012	22.87797737382858	0.0015780754546486843
177.0	21.580751816550915	25.588434182686747	25.201022256972948	27.60646194309107	0.023329800698315827
178.0	25.4308623696607	22.909254072952958	24.363929135489748	27.295542769951055	4.1165194553570325E-4
179.0	28.2387915300059	24.443041622637885	22.96689950459043	24.34996363336947	0.0013037093963139334
180.0	27.16723460179639	22.057849848212065	25.383653177733912	25.39091806481312	3.44307444512273E-4
181.0	28.030981983865306	22.228121121301374	26.30681312494696	23.433428336655346	6.554332310167564E-4
182.0	25.470282985515297	22.553198827978814	25.957268480114788	26.019146231889806	1.0347450129601813E-4
183.0	23.535801072385134	24.90586017601741	26.499743890008954	25.05807746766719	5.173939213112832E-4
184.0	26.241163374857795	21.884199248434122	26.559306026117845	25.31046762795902	0.004863722631211854
185.0	24.920786471509	24.84045191550833	24.720105300700972	25.518380367048554	2.759452331495768E-4
186.0	26.701232038166793	22.628900031219224	25.09439071633455	25.57547721427943	0.0
187.0	23.542899684633383	23.527920116349385	27.518677757313004	25.409845139631713	6.573020725080294E-4
188.0	27.53566528021213	28.205515879413745	22.164232240707513	22.094171424459216	4.151752073973151E-4
189.0	24.943332783182974	23.940778909103745	25.175433952719594	25.939658540011674	7.958149820128514E-4
190.0	28.58728217606963	21.92150137343529	24.876999855355013	24.613939762629965	2.768325101026564E-4
191.0	26.65265846989417	24.209376402814407	24.399552070736192	24.737996765417865	4.1629113736983095E-4
192.0	26.678622690979793	23.727157002444983	24.414298794439997	25.179852121396323	6.939073890381368E-5
193.0	28.07839038483827	24.73986581913552	21.264932600731075	25.916776494544003	3.470075113245901E-5
194.0	28.41231049853063	23.079581941122495	23.834950310740073	24.673157249606803	0.0
195.0	26.232844308706472	21.705487703923687	24.777745266381146	27.28340207584689	5.206451418081173E-4
196.0	28.26284383479215	22.290272616348066	26.424682281887424	23.02209680025406	1.0446671829644032E-4
197.0	25.24976603753082	24.329171175545167	23.901369015671918	26.51906685283822	6.269184138824813E-4
198.0	27.41041783600991	22.977629591155715	24.586227021532668	25.02562083399654	1.0471730516298201E-4
199.0	25.303894676219702	22.665758743284663	25.197324543514675	26.832671937990465	3.5009899048956094E-4
200.0	27.90242259383608	23.740131110185985	24.058575574626822	24.298765681945582	1.0503940553298569E-4
201.0	24.52468866700632	21.201562398782855	28.844115530671093	25.429493340896713	1.4006264301708938E-4
202.0	24.78827893112727	25.43955058823859	28.330807341531365	21.441363139102773	0.0
203.0	25.726918352356932	24.59296320127441	22.73801797081083	26.94146999453233	6.30481025498404E-4
204.0	26.54043012764127	23.905387752785725	23.084654077342826	26.469457980880957	7.006134922044489E-5
205.0	27.614524368549127	24.38932364743149	25.257439415819043	22.73794184395076	7.707242495773277E-4
206.0	25.18925233153687	21.182596703859605	25.673323462243786	27.954757428368616	7.007399112723125E-5
207.0	25.704167358761783	24.245160765811132	26.612721794583365	23.437879995262215	7.008558150357402E-5
208.0	27.863704711065623	22.610310998328117	21.844714640720348	27.681199549958468	7.00999274465751E-5
209.0	27.224668738707596	20.353630500367736	25.559826150484017	26.861418882962873	4.557274777727687E-4
210.0	24.988508302247602	24.01920857878466	24.902009390408825	26.089817917511525	4.558110473871684E-4
211.0	25.150854200401717	25.636673993244397	25.762057025255125	23.449573048855893	8.417322428692126E-4
212.0	28.605935224535855	22.109757021833225	24.49497678570426	24.789015174907227	3.1579301943039363E-4
213.0	29.556171851876815	22.740667165929885	22.87759589663215	24.825108656458806	4.564291023408844E-4
214.0	27.355628226674394	25.6851450964739	24.57847022648957	22.380686176367348	7.027399479199425E-5
215.0	25.685310568977464	25.383317655143667	22.68910994823381	26.241804155940716	4.576717043412625E-4
216.0	25.182907951074263	25.079112682426423	25.972251351478604	23.765656678066314	7.133695439713853E-5
217.0	28.62804238789667	22.704883600449328	25.70668711077358	22.959738415346337	6.484855340890831E-4
218.0	24.749793810638167	24.304650750026333	25.364152462409393	25.58103852378986	3.64453136246796E-4
219.0	26.697374556453184	23.090216519351788	24.608017691044644	25.603617765592183	7.734675581923843E-4
220.0	28.760091846969637	22.00143987947401	24.520302634060524	24.71775805652583	4.075829699978176E-4
221.0	25.152625243908822	22.729423814472298	24.48773540472043	27.629953872262803	2.616646356506852E-4
222.0	25.792732209730023	24.756685027939778	24.297924760587918	25.15239275668806	2.652450542217729E-4
223.0	30.03133542748828	22.57615662330971	24.70273637101146	22.68907950739939	6.920707911522594E-4
224.0	29.87574092505392	23.054545118002352	24.517634700762876	22.55173219610745	3.4706007339934926E-4
225.0	31.120501058505905	19.752470073751578	23.794257066386525	25.331800516801085	9.712845549049677E-4
226.0	25.308104399229407	22.159135444619984	25.8414601050641	26.69098494543355	3.151056529560258E-4
227.0	26.618375984436277	23.05745279068535	26.22569711853555	24.09707965014289	0.001394456199931552
228.0	27.13179289001491	27.456063691612016	23.79860654554784	21.613256257716916	2.806151083174318E-4
229.0	28.435621864839266	24.650568910058475	21.65843042620975	25.255378798892515	0.0
230.0	25.806735527311194	22.921326604465026	27.264770706498425	24.00716716172536	0.0
231.0	26.29153712580454	23.97005396525012	24.590144843147247	25.146350846911297	0.00191321888679775
232.0	24.88067532430574	25.076407549898743	25.293566950925488	24.749015375253872	3.3479961615224006E-4
233.0	23.145367363352236	25.088273421089248	22.231116020374575	29.534819007672702	4.2418751124096907E-4
234.0	26.363228525457146	21.363724597857832	26.88224966676876	25.38984820184539	9.490080708822755E-4
235.0	25.26417415284043	22.028467291224114	27.60381488649129	25.10323745664902	3.0621279514538984E-4
236.0	28.587534324554444	23.780920938499538	23.77856940980623	23.85266474787841	3.105792613804006E-4
237.0	27.88892717763774	25.122502835433714	22.33743700094238	24.65095374086802	1.7924511814717907E-4
238.0	27.292719784532597	22.64528191820229	24.152306950953317	25.909600339636913	9.10066748845694E-5
239.0	27.813273067978134	22.73935480764958	24.47102707867332	24.974724843349577	0.0016202023493859894
240.0	25.904540627168615	21.00164671060451	27.054698013595424	26.038827097303535	2.875513279120323E-4
241.0	28.71631669740051	20.33518759798212	23.84791256109191	27.098232532078654	0.0023506114468061427
242.0	26.454813584284594	24.12771750102384	21.605274744713046	27.8111847506542	0.0010094193243235447
243.0	27.936088140488337	22.32099950790408	25.575567028707518	24.164362923386488	0.00298239951358026
244.0	26.148929247158918	22.705069957459116	26.604803625013556	24.53970281637523	0.001494353993178997
245.0	28.89323075749242	20.93434737320437	23.404125859030817	26.765881476323322	0.0024145339490716845
246.0	24.97636695696828	26.731038804610463	23.433050671661963	24.856884093886162	0.0026594728731349237
247.0	25.957029452648605	22.753466655688317	24.350235146536733	26.794257677982436	0.14501106714390194
248.0	25.994386080582526	23.140449792265592	23.258400275363233	27.593238087389043	0.013525764399606347
249.0	26.02634339666628	21.21561370789136	28.816538446594397	23.921931460543185	0.019572988304775225
250.0	26.295619230065377	21.49642560945695	25.4149193815292	26.792111031939786	9.247470086867813E-4
