# Position (bp)	A	C	G	T	N
0.0	24.34621971247511	23.767803815664088	25.091044704433152	26.7948510450919	8.07223357492183E-5
1.0	22.727395302429684	30.593734667814555	23.094743900431506	23.505721936390373	0.07840419293388248
2.0	24.63111894856643	27.025490126735296	22.188603146841906	26.1538634653841	9.243124722706258E-4
3.0	25.96818389741032	21.751632632489116	24.08071174382941	28.192001837753217	0.007469888517937973
4.0	26.515966989594546	23.007507691912515	23.24137554593916	27.234989231723834	1.6054082994792858E-4
5.0	28.917431413396315	23.426653487024534	21.918038933411395	25.73719446054027	6.817056274799548E-4
6.0	25.843156345631247	23.745133865732328	23.337747750488816	27.068557446406466	0.0054045917411432755
7.0	25.21638790521165	25.598280643615922	22.949044608891572	26.235687512810667	5.993294701887527E-4
8.0	27.80099411963512	24.02199081694257	23.448478674549715	24.728536388872595	0.0
9.0	26.12713603712131	25.545362704042933	22.544871917445867	25.782310648794386	3.1869259549623623E-4
10.0	24.892365428922172	24.462623258302273	23.103696992760142	27.541314320015413	0.0
11.0	27.168844504244323	23.12250028480204	22.76815266620893	26.940310110934245	1.9243381046655194E-4
12.0	29.12318323332806	24.461791980452606	19.40088426512209	27.01414052109724	0.0
13.0	25.28011813219509	22.796558855120548	24.538396880748937	27.384776899753653	1.4923218177076666E-4
14.0	26.808515507995335	22.07839143148142	22.735449499112736	28.377569730513535	7.38308969752589E-5
15.0	25.852610428327615	23.62647515426283	23.997382515084368	26.52349552816015	3.637416503104172E-5
16.0	26.57131052435531	25.33816714690826	21.1483268611324	26.94212410926959	7.135833443938751E-5
17.0	29.09593759314093	26.0130947439965	18.80384764302965	26.085692439254704	0.0014275805782188807
18.0	25.81189400688318	25.38040947712745	19.98849236523314	28.818893506746324	3.1064400990333103E-4
19.0	25.30334623351662	24.203677580413654	21.24331856872398	29.249040711662396	6.169056833464254E-4
20.0	23.1654989474056	25.67355683856948	23.688688795770197	27.472153537848058	1.0188040666583125E-4
21.0	23.766634127675456	24.266205327097705	23.62142130044133	28.345436086482305	3.0315830320276643E-4
22.0	22.576217648902393	26.73313822840865	25.32963506586373	25.360942445379447	6.661144577811661E-5
23.0	25.328169958191367	23.765910066395715	22.879132510584633	28.026390044352123	3.974204761627198E-4
24.0	28.123999143315796	21.36883464095566	24.013716116600744	26.493417351260824	3.274786696768506E-5
25.0	24.943941032832225	25.14751507536061	18.721881456820668	31.18643573783446	2.2669715203606425E-4
26.0	26.664174425162457	24.881085012995797	19.701555152264266	28.753088894200808	9.651537666895195E-5
27.0	26.238041417739893	23.70868467294884	19.813182311523512	30.23999543549658	9.616229117557118E-5
28.0	27.48999981359735	23.560568698697804	23.289368635257716	25.65737739049555	0.0026854619515852282
29.0	28.319277210187472	23.237051861370194	21.9970872201157	26.44623962994683	3.440783798037252E-4
30.0	24.045837200557315	24.221868992476498	24.951769027906426	26.7802453142287	2.794648310588519E-4
31.0	26.442054628982074	24.188324927036973	21.709126494784474	27.660092374529537	4.015746669401493E-4
32.0	24.696379044637034	22.37191435098442	23.503657756050565	29.427773760131654	2.7508819633227964E-4
33.0	24.683281712835655	24.01137098252622	25.231146457483046	26.074110390675504	9.045647957854517E-5
34.0	26.32112359295719	26.10947403353565	22.795660288729152	24.773682397931015	5.968684698858967E-5
35.0	25.34263091548383	21.946589274704177	25.696396321146736	27.014235914242736	1.4757442251914853E-4
36.0	24.568882388154773	24.42429675589121	25.453087078709668	25.553527352723478	2.0642452087394242E-4
37.0	25.815646319661727	25.351983976678344	21.00240084538055	27.829939381970227	2.9476309153425662E-5
38.0	26.835250193748767	26.078053495286674	20.711964096806607	26.37470274666502	2.9467492935168565E-5
39.0	23.679154984431708	27.096402043483987	21.219072949290876	28.005193261016164	1.7676177726896574E-4
40.0	26.913637557924304	26.58777100562365	22.06555151949308	24.432951550362482	8.836659648395203E-5
41.0	24.703225489136404	23.607338467107045	20.913358954097912	30.7708936412341	0.005183448424540918
42.0	24.77764830636372	25.321869959854045	20.42405176422225	29.476371074299614	5.889526037447373E-5
43.0	26.526710027706702	24.7410851252396	22.770640905223054	25.957412352890945	0.004151588939695962
44.0	29.700850045837825	23.923076062527855	22.35755387931669	24.018255053789524	2.6495852810238466E-4
45.0	25.433625036426093	23.729737526086968	21.283493608140606	29.548757980625734	0.004385848720597888
46.0	24.85956668308955	23.679709026523252	22.16962778916784	29.291096501219354	0.0
47.0	25.058414859092178	23.74162327977804	23.593540876275856	27.604155018027676	0.002265966826245664
48.0	23.811843657856162	23.44887985156669	22.476573419270267	30.262703071306884	0.0
49.0	22.185508385482148	25.8243846420396	23.987973759003356	27.99998588055064	0.0021473329242615085
50.0	27.751618365466317	24.799662105820765	19.080020741902437	28.36861054842802	8.823838246103319E-5
51.0	24.97479059801789	26.526760489654954	21.23377121772954	27.2617075579978	0.0029701365998170276
52.0	23.191917320672	25.370081916036796	20.888003137584118	30.549997625707086	0.0
53.0	23.071543458441298	24.719886910564753	23.65366272708048	28.55283020468357	0.002076699229895577
54.0	23.664010505703995	28.328051721288823	21.526339572313727	26.4815104581768	8.774251666011035E-5
55.0	24.134697145824187	28.44056608039065	21.68989844332268	25.732913085394827	0.0019252450676534034
56.0	27.129947731111407	25.519385804830346	24.395550742471382	22.955115721586868	0.0
57.0	23.430052070346733	27.22026587810202	22.24440546337651	27.09993977862447	0.005336809550264434
58.0	25.794784898875513	24.819975115086166	21.13115259374343	28.25379579499193	2.9159730295822545E-4
59.0	28.275806971741336	22.206454607639092	24.10412768093994	25.410374280470972	0.0032364592086594817
60.0	23.992612921509817	21.891741532559823	24.02281533002096	30.092742925711384	8.729019800908516E-5
61.0	25.104179607592812	23.70302461993318	22.519437210456626	28.66672504933675	0.006633512680628659
62.0	25.70645145805483	21.66887528965448	24.837917135180817	27.786668838923745	8.727818612655045E-5
63.0	27.08323757469901	22.604584428860594	22.69866546888373	27.610632495719223	0.0028800318374428576
64.0	25.384475210199124	21.6044600285063	22.909035196456674	30.102000547840902	2.901699699616047E-5
65.0	24.151324858502157	26.649729770820933	23.05062006041458	26.142957575455117	0.005367734807206924
66.0	25.4808589208741	23.932477963685233	22.511987563745812	28.07424035243017	4.351992646873224E-4
67.0	27.751356222172387	24.94819244356726	20.01418089518932	27.285371077878583	8.993611924484993E-4
68.0	23.9619161340333	22.42525726539763	26.38650035508891	27.226181192820242	1.450526599176565E-4
69.0	23.78864964060541	23.607864501654394	25.26208333405856	27.3381534967942	0.003249026887438044
70.0	24.837128717027994	22.70382688522008	24.564298869564286	27.894513899324252	2.3162886338848126E-4
71.0	24.684549842033395	22.461683544796617	25.847057177999744	27.00578658141805	9.228537521935801E-4
72.0	27.229851054424408	25.215843197821396	21.632562081322156	25.920359547866134	0.0013841185659032196
73.0	25.77122836882868	21.982318787175252	22.955157443296972	29.286710891323775	0.004584509375321673
74.0	24.501516087654863	26.194713687632028	22.72857144092765	26.574189692449142	0.0010090913363165917
75.0	25.174605828747044	24.284927652385495	21.699440996116667	28.838344379834346	0.0026811429164492443
76.0	27.480037096305963	23.496277829076202	24.847116113916908	24.1757041105463	8.648501546207935E-4
77.0	24.98230751513338	24.593260222652898	24.20917114996395	26.214626921346202	6.341909035692552E-4
78.0	27.785368542181203	25.944185397598474	19.60507078435849	26.66445285385838	9.224220034544704E-4
79.0	27.925842931762112	20.121289127186976	22.091841102538286	29.857942581511583	0.0030842570010472066
80.0	24.24524459635167	22.302528211902512	28.347546772914612	25.101942168734432	0.002738250096775523
81.0	25.88791242365461	24.49817405164537	21.34091190771971	28.272655738838942	3.45878141366161E-4
82.0	22.706299525100885	21.966728528158605	23.852346350954974	31.473357430397176	0.0012681653883655625
83.0	25.0120111214194	22.441847294622793	23.79686318792311	28.74847141007251	8.069859621909784E-4
84.0	23.820067477001654	25.642932134228914	24.452098792970332	26.083835289716806	0.0010663060822963507
85.0	25.091627027422692	26.810220959606873	20.51269637347747	27.584908096319182	5.475431737792525E-4
86.0	26.483900630188963	24.707043829096005	21.630820329148307	27.17633331978956	0.0019018917771709012
87.0	22.42014837593873	21.326980896007175	25.190426161560687	31.06183944439418	6.05122099231956E-4
88.0	25.221493674737676	26.228026398288673	25.4805896970144	23.069227506592657	6.627233665885998E-4
89.0	26.740471133045123	25.784270900924678	21.947454800478994	25.52690995132847	8.932142227365087E-4
90.0	23.342980832258856	25.213769655758604	24.325095262448947	27.11786612114358	2.8812839001058873E-4
91.0	26.904314840227972	24.228842490857268	24.171967814810984	24.69432742814386	5.474259599186237E-4
92.0	26.00921188458149	23.816498705974244	22.42503567466092	27.74925373478335	0.0
93.0	27.11511857109685	25.46200291436503	20.77994700211634	26.64270103673725	2.3047568452718776E-4
94.0	28.15121789608631	22.79374270774815	22.761534361810927	26.289529406680785	0.003975627673825677
95.0	24.6519344433443	25.447669244887372	24.020088400253854	25.87768638277143	0.002621528743046107
96.0	26.13008900135046	23.81195180745104	23.9689486225762	26.087771878154342	0.0012386904679599748
97.0	26.444595004107747	24.850122080073927	22.748777758957818	25.95633232051233	1.7283634817536665E-4
98.0	28.84512571279112	22.355629912051167	24.104207786461664	24.695036588696045	0.0
99.0	22.216704611442424	21.540957314431612	26.637520623830547	29.60473103759759	8.641269782746955E-5
100.0	22.713722332056793	24.640627808270313	24.27059859073795	28.375051268934943	0.0
101.0	23.57471504381449	21.678876160165895	28.307486265219868	26.438807324256018	1.1520654373168397E-4
102.0	25.59498795003043	24.15748865211722	24.818876010176876	25.428618584114894	2.8803560580944774E-5
103.0	25.789253275330527	25.652963580812994	24.72623974083069	23.831399394472836	1.4400855295597717E-4
104.0	25.871239275387907	26.35291616996017	22.533400421712095	25.242242522185105	2.016107547241E-4
105.0	28.18075954748475	22.523915696467885	20.512557594826784	28.779627654503336	0.003139506717248248
106.0	26.762400246318542	22.16282197177533	23.452941262877935	27.621778914130395	5.760489779883044E-5
107.0	25.720891302644738	24.62672295008687	22.2677617662917	27.38396152942207	6.624515546297875E-4
108.0	24.347109332654412	24.547012908915278	23.04867209995812	28.05706165647229	1.440019998997746E-4
109.0	26.695427912328118	24.26606264210825	24.662633756352122	24.375184497726988	6.911914845209108E-4
110.0	24.804689018723415	24.170610517633502	22.325570813208486	28.699043251946915	8.639848768087163E-5
111.0	25.602556330128323	23.18827014269195	23.74213207033652	27.46635024545204	6.912113911637264E-4
112.0	25.537481816582126	23.843165986849478	23.24741515388982	27.37182184383241	1.1519884616835678E-4
113.0	30.028044537190258	20.918120203874395	22.013060955541718	27.04002552749822	7.48775895406375E-4
114.0	27.444334875490757	21.123457458573718	27.400990498221294	24.03098676570881	2.3040200541905515E-4
115.0	26.928348809164127	23.48462963277652	25.827821817738787	23.758537292772726	6.624475478351935E-4
116.0	27.50886678537051	23.964284006721304	24.19977154022557	24.326991260808782	8.640687383962769E-5
117.0	26.370158042372555	26.336631895290125	23.69290510113001	23.59955609537901	7.488658283017711E-4
118.0	27.640306397980392	23.892821191518898	24.623274207182984	23.843396587801397	2.0161551633013675E-4
119.0	27.872999085230273	20.28239771054105	24.597311222173836	27.246859943454787	4.3203860005668347E-4
120.0	25.496413495304015	23.23857456888209	24.796912587444815	26.467984137810262	1.152105588172945E-4
121.0	28.606539504984802	22.299993692129245	23.830559646390558	25.262244686050938	6.624704444571819E-4
122.0	26.943958800775363	23.09884184785896	24.203392369041822	25.753432548654775	3.7443366907552325E-4
123.0	25.062976717768105	27.19286573012381	22.663121652066668	25.080344639475932	6.912605654857056E-4
124.0	25.824517340599268	24.174877805012226	22.30452402280013	27.695994423818586	8.640776978665922E-5
125.0	27.733143929902297	23.518485555972227	23.81765426615675	24.929650565646895	0.0010656823218279966
126.0	24.6435605294734	24.291887794219893	23.972041297496702	27.09233756665509	1.7281215491572814E-4
127.0	27.402995804422194	21.91035167450127	27.03669280058203	23.649153266326593	8.064541679135504E-4
128.0	26.92539662332291	22.45745454838715	24.882731065740305	25.724740159231136	0.00967760331849626
129.0	24.370395588405565	26.700705253716794	22.07173967767895	26.854192840779024	0.002966639419667725
130.0	26.86250247703843	23.387361573875655	23.501132525012327	26.248974621301148	2.880277243966395E-5
131.0	25.616064629036288	24.619744483961988	24.514268366727382	25.24937526570649	5.472545678474692E-4
132.0	26.980521126403566	25.551404087256874	21.33545553627677	26.12668583792453	0.00593341213826348
133.0	28.018799939860468	24.632581454789072	24.18288869059997	23.163627335375235	0.0021025793752516616
134.0	26.727287285395985	22.83500807609269	20.43487627794662	30.00279955852229	2.8802042410431408E-5
135.0	27.59430708503803	22.53649516781945	26.423120734670015	23.445702592283777	3.744201887365767E-4
136.0	28.302224260094448	26.091299300035054	23.6704107768623	21.929758115638943	0.0063075473692487186
137.0	29.167924341362482	20.588845212694874	24.028633508601345	26.21430892023539	2.8801710591195434E-4
138.0	25.630829063294875	23.55359167066023	27.092846840785935	23.72178203450437	9.503907545987394E-4
139.0	26.807698732237796	23.207565101691692	24.331098477648563	25.65260089970221	0.0010367887197387292
140.0	27.13146436214684	21.084115799298957	25.44964373234754	26.33445930864981	3.167975568572415E-4
141.0	26.35773224083061	24.855233788862808	24.80137666863471	23.985196492087034	4.6080958483936467E-4
142.0	28.912511916316497	22.658454608554404	23.42400774164562	25.004708925069053	3.168084144314873E-4
143.0	27.109678240641404	24.505685128634333	23.95798082386916	24.426540603762128	1.1520309297264013E-4
144.0	28.310083681466093	24.24196342553991	23.047410857133805	24.39996601475478	5.760211054133023E-4
145.0	28.238761745726094	21.719361749066994	22.68580467115999	27.355121404423933	9.504296229904893E-4
146.0	27.655701656487924	21.438694970342198	24.245896941480744	26.655127077090125	0.004579354599011262
147.0	27.139291632802003	24.011866985162523	26.652130061051437	22.19331285421096	0.0033984667730751574
148.0	25.357644098076754	23.53681363164681	22.53848322785913	28.566655827875774	4.032145415292257E-4
149.0	28.62415982705333	24.11846823766803	23.63918407927529	23.615941346517463	0.002246509485886304
150.0	25.753106652246483	24.053732951035215	24.358428967867084	25.83473142885122	0.0
151.0	27.146009772080788	23.573157538799723	24.99230975721875	24.28797568615975	5.472457409880148E-4
152.0	27.239965390548765	23.051691819196723	23.485577283111994	26.222563887503153	2.0161963936583132E-4
153.0	24.729510670949487	23.39183998414681	25.397568332327147	26.48030333055288	7.776820236784015E-4
154.0	23.092935479522602	23.947240473894443	23.950091997645046	29.00656368921502	0.003168359722889498
155.0	28.153068493063877	23.722626580865633	23.16685547618163	24.957276626534203	1.728233546568549E-4
156.0	26.956135262138226	22.30662167837365	26.621747503685494	24.11538033907132	1.1521673131285433E-4
157.0	24.857944521239837	22.42464585865109	26.674860522503774	26.042174642042088	3.74455563214292E-4
158.0	24.56391103491304	21.258022832920563	25.704577702731896	28.47337321057917	1.152188553352379E-4
159.0	27.084109877410217	21.00756485955378	23.64103586322992	28.266799708950803	4.896908552825257E-4
160.0	26.447540840520688	20.950767263979657	24.866260635559765	27.735402453873565	2.880606632711996E-5
161.0	24.825368915278034	19.926134846394643	28.527844616430947	26.717137251433908	0.0035143704624652273
162.0	25.689990773140536	22.24315525753827	25.799399490751103	26.267368057782093	8.642078800202916E-5
163.0	25.191910200401292	23.740343993650768	26.94062861447562	24.127088383696528	2.8807775794842542E-5
164.0	25.677290107838076	22.649337135643545	24.539333831332648	27.13236804434633	0.0016708808394044403
165.0	27.669892423863978	21.464984098806063	25.871022144706483	24.993467531977405	6.338006460733313E-4
166.0	24.474131523298624	22.697218684997495	25.69040224487327	27.138103496954784	1.4404987582900705E-4
167.0	26.96040214973094	23.275758251496853	26.594968633911332	23.16843880602003	4.3215884084627074E-4
168.0	27.03115717342187	24.47570540276255	22.904391829791745	25.588659159964667	8.643405916814709E-5
169.0	26.239361476841232	21.81522831173239	25.490361042066016	26.454818672227027	2.3049713333596485E-4
170.0	32.666498591772495	21.850677461877012	22.414746411000742	23.067962283993747	1.1525135600423549E-4
171.0	26.077817585428132	22.944362581679478	26.529730782595866	24.44742633647767	6.627138188509234E-4
172.0	27.935288814307295	24.692727900856937	23.95761450184275	23.41422471655649	1.4406643652533653E-4
173.0	29.845982208458505	19.20220432093465	21.901563919947858	29.048578388181078	0.0016711624779075203
174.0	25.207005557318002	25.048068625256047	23.871543460289825	25.873007777709585	3.74579426541949E-4
175.0	26.102982916479604	24.206638961583835	22.322599198585046	27.366049997089643	0.0017289262618712402
176.0	24.9634455948844	23.182553016134655	28.316019099928823	23.536858424803395	0.0011238642487255669
177.0	22.131965095881426	25.387705863146092	24.816719947734313	27.637902767262933	0.02570632597523374
178.0	25.29709168713844	22.353910769474602	24.44680099993516	27.901937194274147	2.5934917764698255E-4
179.0	28.705960130538884	23.534722950704396	22.63029391998211	25.128043150224617	9.798485499970604E-4
180.0	26.989729095899477	21.626471916522757	25.66285245929148	25.720772940430724	1.735878555621744E-4
181.0	28.616540050194438	21.721543465955286	25.78657421939648	23.874617665207904	7.245992458950729E-4
182.0	25.82657959998273	22.25299966592308	25.374170493967345	26.54610536722239	1.4487290444965538E-4
183.0	23.696407140866203	24.43994314102382	26.308286680037295	25.554899450822955	4.635872497280771E-4
184.0	26.795611166098375	21.222297427291252	26.34856274613885	25.629385299005826	0.004143361465695285
185.0	25.53048054103163	24.39060356176067	23.642582832721473	26.435753652612455	5.794118737716469E-4
186.0	27.521477024776914	21.73071312327266	24.9451611903187	25.80264866163172	0.0
187.0	23.953305313423126	22.943136235436956	27.52747045274327	25.575419935575503	6.68062821142155E-4
188.0	27.695523777075053	28.4107574348835	21.594223988618534	22.298971967801705	5.228316212050049E-4
189.0	25.136792656985858	23.555670842460348	24.573965344407846	26.732728774226832	8.423819191144881E-4
190.0	29.337839455175242	20.88746663692022	24.498725899278067	25.27579371304207	1.7429558439566493E-4
191.0	27.329365045863735	23.788007628381045	23.956039285405495	24.92623870218543	3.49338164291992E-4
192.0	27.698608018125377	22.878713196300275	23.848101590133528	25.574548081181035	2.9114259785957787E-5
193.0	28.413189902874624	24.10151168031904	20.92831078255866	26.55690028081218	8.735343549414674E-5
194.0	28.987588258538587	22.767099377505577	23.302816731201045	24.94249563275479	0.0
195.0	26.79099609158847	20.949289670959512	24.355257716346014	27.90384492168615	6.115994198542645E-4
196.0	28.874490527118645	21.56030249213197	25.967275766231445	23.597814413169584	1.168013483547654E-4
197.0	25.8243541012907	23.972074454492486	23.324956448473397	26.87794328736998	6.717083734289691E-4
198.0	28.091065246334317	22.28535872737878	23.83495587485099	25.78853234893067	8.780250523961449E-5
199.0	25.294803478538647	22.316072078176983	25.624318648186257	26.7643066631473	4.991319508161248E-4
200.0	28.639658923742324	23.52838925445358	23.43348924887468	24.398403847678445	5.872525097704136E-5
201.0	25.09061779843971	20.51142383289209	28.23126155479705	26.16643253642918	2.642774419822923E-4
202.0	25.54782872733648	24.899634599758553	27.94056453647204	21.61194277050498	2.9365927947171872E-5
203.0	26.476104645885577	24.491192119569448	21.911587204464027	27.120322911064036	7.931190169084162E-4
204.0	26.421551965493727	23.45404672224796	23.028006379735263	27.096277420361275	1.1751216177429262E-4
205.0	27.58892400405321	23.881569611610352	25.01744414421746	23.511268990613505	7.932495054676925E-4
206.0	25.790598409885636	20.690085775913108	25.223372019123214	28.29585564800877	8.814706927154969E-5
207.0	26.126898096804773	24.063256865825412	26.044441780139604	23.765080014363736	3.232428664707227E-4
208.0	28.44526021567319	22.539700267754537	20.744010792477006	28.271028724095267	0.0
209.0	27.905223272945335	19.65398646046756	24.830961612515395	27.60918195473693	6.466993347815479E-4
210.0	25.584612987348994	23.24768986067133	24.500560078322764	26.66675486797734	3.822056795763985E-4
211.0	25.236025502282033	25.281372041594132	25.320248906036795	24.161588952147934	7.645979391144779E-4
212.0	29.26393669284853	21.799899979407524	23.883240667196187	25.05254022887065	3.824316771099932E-4
213.0	30.330911840531734	22.9056677412832	22.581457905260088	24.181550444136573	4.120687884088582E-4
214.0	28.221341708197862	24.809092968123895	23.940288150554352	23.029129908086	1.472650378957122E-4
215.0	26.26160790835563	24.81938662727639	21.99881061825716	26.9198702009701	3.246451407262902E-4
216.0	25.698356872323526	24.3482514923482	25.86923928522498	24.084062804734085	8.954536920600419E-5
217.0	28.94026764690721	22.24173954512747	25.68356434079597	23.133765273427244	6.631937421038495E-4
218.0	24.670797677322305	23.673972158295733	25.384880232157787	26.270013878998235	3.360532259429424E-4
219.0	27.265458290523988	22.26618069825338	23.95093431399668	26.516716638346637	7.10058879317158E-4
220.0	28.686686972326818	21.31895808390663	24.276502298344322	25.717449427119842	4.032183023889134E-4
221.0	25.580556525359388	22.10732868515125	23.91533128064845	28.396564716928584	2.187919123257049E-4
222.0	26.16227803622139	24.564754464532363	24.00579011922784	25.267082667053938	9.471296446843137E-5
223.0	30.519506723872215	22.51798989721706	24.02482394433861	22.936814689646248	8.647449258689405E-4
224.0	30.945603489109708	22.332088844785133	23.67180465407439	23.05031020092845	1.9281110232035307E-4
225.0	31.777353840619398	18.857220128956122	23.880562732904387	25.48373102513677	0.0011322723833266097
226.0	26.096365731046582	21.878417816146044	25.259905702298806	26.765081188044782	2.2956246378242202E-4
227.0	27.521758497181953	23.118683103877277	25.5027397746423	23.855226599810482	0.0015920244879899996
228.0	27.814217875427232	27.42486752315072	22.80969997041431	21.951114566666366	1.0006434137150186E-4
229.0	28.068639208516323	24.688282657364063	21.22177387478155	26.021304259338063	0.0
230.0	26.470431542402785	22.89292524010491	26.7754257720124	23.861217445479905	0.0
231.0	26.694732107160586	23.35806307066137	24.125999201776928	25.81961883295923	0.0015867874418882216
232.0	24.650002485271724	24.989876428118816	24.981464739208096	25.37841303408576	2.4331331559926855E-4
233.0	23.279062018086993	25.26303776119729	21.3362987531288	30.121037878142097	5.635894448150827E-4
234.0	26.63448896815827	20.686047361863622	26.830730872955677	25.847334909481408	0.0013978875410226228
235.0	25.71503696971614	21.318130126272738	27.87103095156787	25.095511009814587	2.909426286593764E-4
236.0	28.65062490353008	23.648368707484	23.470605568926974	24.229994630918085	4.061891408656555E-4
237.0	28.213308022071796	24.635718778065545	21.93184525285227	25.219053385163757	7.456184662851834E-5
238.0	27.164029993926285	22.353232785942286	24.000287602623995	26.482411775056907	3.7842450525726244E-5
239.0	28.418176095450125	22.28416329150259	24.222070533297728	25.074358782955464	0.0012312967940879284
240.0	25.588361572433982	20.796634307194672	27.35866887533957	26.25609649826133	2.3874677045254055E-4
241.0	29.22571311809078	20.621056212195203	22.95349228110957	27.1971493598726	0.0025890287318459295
242.0	27.383947558460108	23.747391687712703	20.5440849661468	28.323538447420816	0.0010373402595744512
243.0	27.803131522673734	22.603571668302163	25.34153638633087	24.24924324998162	0.0025171727116103195
244.0	26.657692279972032	22.560919455546756	25.76294966362066	25.01751767182734	9.20929033208701E-4
245.0	29.280350636362794	20.910736714244283	22.969152841398905	26.837754062737307	0.0020057452567133296
246.0	24.946878120533846	26.373476737637763	23.044893912895382	25.632341162567812	0.002410066365194143
247.0	25.93438605879785	22.487873672944257	24.60444333570059	26.82707686612656	0.14622006643074564
248.0	26.119001755510084	22.542900051106727	23.350700492420778	27.975799010808934	0.01159869015347725
249.0	26.023717201225	21.399347151555258	28.858766043811052	23.69977041361863	0.01839918979006363
250.0	27.48728041809293	21.11513289480656	23.869818785140893	27.52655449085472	0.0012134111048957498
