# Position (bp)	A	C	G	T	N
0.0	24.45410769967994	19.2212581851235	29.13732333932443	27.18731077587213	0.0
1.0	24.51682536571556	31.673118068825843	24.59005014127754	19.145148382249662	0.07485804193139192
2.0	21.949487543992074	22.65458039318785	20.268268653520654	35.125495143762784	0.0021682655366389446
3.0	24.494885559745192	21.159634170282768	23.17806104834178	31.15225529552732	0.015163926102938687
4.0	26.392866661165055	20.214779410073636	24.510908753924973	28.881039318052377	4.058567839637868E-4
5.0	32.50249333084676	20.985737336717236	24.08030552424815	22.431058388537974	4.054196498795903E-4
6.0	28.667089182083554	21.545197960109892	26.277952483128473	23.504657963923272	0.005102410754807679
7.0	31.896689385125516	24.62114655083339	18.781174140408933	24.69991639929201	0.0010735243401515547
8.0	32.02026527774239	22.118949885276965	26.876972116469023	18.983678619944243	1.3410056737950057E-4
9.0	31.656133096017136	22.805002824346936	17.917816833107743	27.620647574791906	3.996717362806016E-4
10.0	26.151923133241574	22.076163903613047	24.74860959876042	27.023303364384958	0.0
11.0	23.685127909414973	20.536538058293143	23.86755609142378	31.91077794086811	0.0
12.0	34.74361886263422	28.262231655453828	16.29869231391776	20.695457167994196	0.0
13.0	31.048165399338153	22.18339263670031	24.831815305455564	21.93649698642074	1.2967208523086818E-4
14.0	23.69277416488892	25.42149413472316	22.82912441825028	28.056478147905185	1.2913423245194914E-4
15.0	22.980097609729334	29.497373929136895	17.10920009994513	30.413328361188647	0.0
16.0	29.24239733436329	25.990578866905693	15.228430808819054	29.538344607810874	2.4838210108903136E-4
17.0	27.95689105097089	27.213080205827083	17.15471569987648	27.674610561809594	7.024815159551115E-4
18.0	26.462378300599852	23.716666978117466	20.909989161512154	28.91049838357035	4.671762001756582E-4
19.0	23.886852671436937	25.351646069892936	23.87483756272937	26.886313741318208	3.499546225506093E-4
20.0	18.906821160080007	26.289629169827805	24.649286157666044	30.154033611513437	2.2990091270662342E-4
21.0	24.4542947447755	20.113209298009558	21.693205518330878	33.73906411081927	2.2632806479319837E-4
22.0	24.39404956339743	23.999549142375976	25.191227725091775	26.415063064815204	1.105043196138537E-4
23.0	20.16921119174528	24.549981312016975	23.74875459116064	31.53172408426143	3.2882081567291535E-4
24.0	31.18210338003094	20.864409855758844	20.07028407470465	27.88320268950557	0.0
25.0	27.594346587912668	25.099778504377174	17.12382660056956	30.18194283303449	1.0547410610695075E-4
26.0	26.277074140196042	25.733380772728804	20.317079024488834	27.672466062586317	0.0
27.0	23.303227625028793	23.127894391966013	23.164707008385914	30.404170974619277	0.0
28.0	28.35175709418966	21.801876376792258	22.0324578939241	27.81107232486047	0.002836310233512371
29.0	28.94771421777817	22.62244442497737	24.930961409304984	23.49846279633407	4.1715160540795347E-4
30.0	28.172692444033803	18.20992917476666	27.04525559816989	26.57160603683574	5.167461939059088E-4
31.0	28.622734951652806	19.582884144351784	21.10351792418929	30.690449932466763	4.130473393555635E-4
32.0	19.670722889964505	25.672222114274433	22.34437366478531	32.31206773303172	6.135979440378221E-4
33.0	28.16007912981625	25.438567033924265	21.907032642066817	24.49432119419267	0.0
34.0	31.835820504184053	24.21023333487962	21.382038720399507	22.571705750780037	2.0168975678232231E-4
35.0	26.47704947401396	22.792595061305825	24.83608911787872	25.89416626383272	1.0008296878111954E-4
36.0	26.588638966833226	19.39468511321519	27.33860520484772	26.677770608566043	3.0010653782092643E-4
37.0	23.93945363475186	26.110695011234696	21.079730847267122	28.870120506746318	0.0
38.0	23.997916502122987	24.295244845992116	19.813424964583533	31.893213735489745	1.9995181161340118E-4
39.0	21.465812111046915	24.130834171296286	22.155307354149468	32.2479464076878	9.995581952776873E-5
40.0	25.519015579462454	23.020084993423602	22.830488892087136	28.630110699336765	2.998356900418571E-4
41.0	21.261282508414414	24.66852010265184	20.3631788492441	33.70372072943565	0.00329781025399135
42.0	23.395355762130446	28.441285533995426	16.938608087596812	31.22465069291853	9.992335878381281E-5
43.0	24.508909614990735	25.231570060496463	26.40862836389795	23.848494082736778	0.0023978778780779013
44.0	32.58864040262168	25.23877691078969	20.96192056453345	21.210062744808145	5.99377247040325E-4
45.0	29.33707308497547	22.95332502277413	23.05930462994039	24.64789998561634	0.002397276693675984
46.0	28.256485603473504	23.080288340047083	21.86252408410484	26.80070197237457	0.0
47.0	28.36015572098858	18.539806127768713	23.783804298107018	29.31553474659385	6.991065418395291E-4
48.0	19.62785839325819	23.30313872775224	24.660747578622978	32.40825530036659	0.0
49.0	16.606272173632586	23.774427816681662	25.966403420568344	33.65239732353707	4.992655803313326E-4
50.0	26.853211787787867	20.383008252250274	22.669176122890132	30.094304299856724	2.995372150028206E-4
51.0	23.340308616338138	27.943895562442094	24.65995495351586	24.054742659978913	0.0010982077249928118
52.0	19.197917384113065	26.20528499716016	23.378022133782917	31.218775484943855	0.0
53.0	25.5906016715695	18.681434483800768	25.264618776972625	30.462847990965138	4.970766919744979E-4
54.0	22.735708669283692	35.67169030703485	18.388989012671264	23.20361201101019	0.0
55.0	27.764007132023938	26.711795071588583	19.704998976312062	25.81880127136079	3.9754871462561846E-4
56.0	30.95632314591019	23.35640344739855	24.014617256074292	21.67265615061697	0.0
57.0	26.426998493502985	30.518787488522403	21.753479054126572	21.29755502291545	0.003179940932597177
58.0	25.87031259315196	22.473619363685142	24.919616064863575	26.736054529917926	3.974483813914668E-4
59.0	30.047630780969943	22.04379170425597	26.058229971028084	21.8489565739221	0.0013909698239032203
60.0	21.451171477248458	23.725580771580564	25.969492417807842	28.853556651616525	1.9868174661123448E-4
61.0	27.491536603197815	24.963643154582154	24.7833489621412	22.75739851870689	0.004072761371944436
62.0	29.499229186036345	20.059241423701337	24.283619805945598	26.157611589227674	2.9799508904093257E-4
63.0	30.407515415421777	19.862353791875915	26.097951497044054	23.630987381603205	0.0011919140550505371
64.0	19.663699130794043	23.9736775198233	24.86364033624128	31.498883698018464	9.931512291239613E-5
65.0	18.626381920526907	26.257085880675156	26.23861392824938	28.874442365522203	0.003475905026357291
66.0	25.026738498969685	23.047940614215847	20.512028600511435	31.41210059832667	0.0011916879763648552
67.0	29.424358486762596	29.135887304586838	19.053298154082338	22.386058848121163	3.972064470578422E-4
68.0	22.52453618566078	20.574748481755243	25.647413721199026	31.253103018218937	1.985931660119712E-4
69.0	22.265392283801066	20.058820725866028	31.399385182419714	26.27481313199514	0.0015886759180560963
70.0	27.742251900477243	22.008305807810796	22.347944446595523	27.90100144254587	4.964025705710715E-4
71.0	23.616922223247954	23.28508083608544	26.732141563158557	26.365160525665342	6.948518426974546E-4
72.0	23.106578709668455	24.588222682344345	20.80604529004568	31.497465909384175	0.0016874085573450907
73.0	23.829568034428615	23.05688939529584	27.045439657619497	26.06502609341223	0.003076819243817082
74.0	26.306894584067287	26.397697670379834	23.20649018780857	24.087627459250253	0.001290098494058104
75.0	28.825251976966076	23.99807091376568	18.515159303425218	28.660823176026142	6.94629816885657E-4
76.0	29.638479376763172	20.320687934064384	26.571115858662335	23.468327626018212	0.0013892044918934956
77.0	30.25072086714414	21.743595544415932	23.247841367553935	24.75724687293489	5.953479511100262E-4
78.0	23.1358603603112	35.41485795023272	20.44240666527096	21.006378919106098	4.96105079024578E-4
79.0	29.97093879883676	19.159159933840872	24.547537239314874	26.321074182957577	0.0012898450499219643
80.0	23.174481282722123	23.248098309487172	33.821269367875786	19.753273824583125	0.0028772153317875742
81.0	25.01150862154493	27.254499275750543	19.99484096275572	27.73865507867532	4.960612734885013E-4
82.0	20.346018426934634	25.23043589115271	23.359071252335113	31.062887098070302	0.0015873315072407117
83.0	22.118342666951058	22.960997217275708	26.809688444005737	28.110078819053474	8.928527140242361E-4
84.0	23.334196405453426	28.613023262273728	19.920200550183676	28.131389337785595	0.001190444303575202
85.0	25.541159466583075	29.281684649929023	18.635269282696488	26.54139060201356	4.959987778590114E-4
86.0	28.338446857538507	20.36402737396973	23.699771156152448	27.595969094673105	0.0017855176662093758
87.0	19.504949218312156	27.857666452741142	23.226063072651687	29.410825292940757	4.959633542596805E-4
88.0	30.284187336895553	28.747149546754375	23.585337040369065	17.382631750701517	6.943252794907223E-4
89.0	26.67682322042102	26.575951978544282	22.65774397549731	24.088389789489554	0.0010910360478310203
90.0	20.312506198945485	22.494138277149396	28.394840096961428	28.79821787756041	2.975493832793116E-4
91.0	29.563744344227988	22.27704703737719	26.540224663827455	21.61838887114659	5.95083420777536E-4
92.0	27.88415381624727	24.802433479987464	21.32895222302007	25.984262120785345	1.9835995985194413E-4
93.0	23.282211083584084	27.087618590461986	23.08365945916997	26.546213336877244	2.975299067144566E-4
94.0	28.948373206073786	21.476139330955153	19.23719644204841	30.334522424635512	0.003768596287139269
95.0	23.511012822674214	28.0829457441217	22.162400706090025	26.241756498110814	0.0018842290032428572
96.0	27.34816601282819	26.389621619906308	21.281748188226146	24.978877513377576	0.0015866656617784143
97.0	25.681255652339473	23.21148079394545	28.591119678867788	22.51594554714646	1.9832770082662984E-4
98.0	29.8122652323778	19.380054817124204	28.979199638254578	21.828480312243418	0.0
99.0	19.842422428038816	17.632113468540496	33.97404569709935	28.551418406321343	0.0
100.0	18.37952931053966	25.488343784508206	25.180458715050687	30.951668189901447	0.0
101.0	25.343836516701906	19.966753796698576	32.65076518803335	22.03864449856617	0.0
102.0	21.84651130056907	24.801183137514958	28.549932942985183	24.802174372028155	1.982469026399549E-4
103.0	28.031044172527096	23.708946014659748	25.276815494332855	22.982896960505904	2.9735797439747844E-4
104.0	26.438057592676472	29.652903669592916	21.99119250123648	21.917053303902318	7.929325918092046E-4
105.0	28.665375527292337	22.83473151701608	19.83947318341844	28.658041009863933	0.0023787624092105678
106.0	30.193965944456558	20.32955378912522	23.49059408884572	25.985687949729417	1.9822784308283945E-4
107.0	24.463146251390082	26.14462392981107	21.2429157903292	28.14881845591486	4.955725547954574E-4
108.0	22.07793494980891	25.40309472081701	25.954859734534324	26.56411059483975	0.0
109.0	24.80152869979246	28.417621278105614	25.875602847282654	20.90465250425685	5.946705624195956E-4
110.0	27.321777222767324	24.78191062349478	21.58108603653158	26.315127008196313	9.91090100000991E-5
111.0	27.07205153617443	21.62398414271556	24.29167492566898	27.01169474727453	5.946481665014866E-4
112.0	23.774227788035283	21.183488484336735	27.09657022626973	27.945416182284344	2.9731907391054857E-4
113.0	30.730679045502928	21.686583405514583	23.895527801838192	23.68651601432657	6.937328177246753E-4
114.0	26.3788766815388	20.991411689853585	26.834356411897968	25.794562388632432	7.928280772135264E-4
115.0	25.367668919588525	23.177214437198977	29.671773730006144	21.78294650466771	3.964085386399223E-4
116.0	25.28964703247436	24.366027036696057	27.44439698614471	22.899928944684873	0.0
117.0	26.194338764390686	25.77246641224173	22.499759680419555	25.533038739516368	3.9640343166450794E-4
118.0	33.69138224917747	16.429916359456136	25.819062908788204	24.058647480873667	9.910017045229318E-4
119.0	28.13513601899539	20.549466993430695	24.121012360678513	27.193988228963413	3.963979319919888E-4
120.0	22.70663771669126	23.134445945236187	26.435813405450613	27.72310293262194	0.0
121.0	27.297096422554752	22.787533445644634	26.587355068873254	23.32751957189575	4.954910316123278E-4
122.0	35.648251374730336	20.470078990632313	21.68788840033812	22.192592064072493	0.001189170226745033
123.0	27.859477286105296	23.986491173480207	20.35579585340862	27.79764110837385	5.945786320331219E-4
124.0	19.872583188076053	26.171678744739275	20.98304577511894	32.972494101348786	1.98190716945009E-4
125.0	26.45445915226659	23.576953796210233	26.726077107392648	23.241717188333013	7.927557975222418E-4
126.0	24.492261163317746	25.687844293753738	27.843758639859445	21.976036807907	9.909516207509233E-5
127.0	30.9495261386743	19.87393425793435	23.20751201994538	25.968333934495757	6.936489502118602E-4
128.0	27.806024620500835	20.70803510645993	23.703004184672583	27.77411686364587	0.008819224720782354
129.0	19.71071190397625	29.9679834952986	25.340602695094073	24.977630065192383	0.003071840438698451
130.0	32.107944416533144	23.32638688637654	21.467592991718764	23.098075705371556	0.0
131.0	27.207010986375785	19.565598681674544	26.208159467437735	27.018834494861565	3.963696503722407E-4
132.0	22.68575726376476	30.087112657842763	21.51943263310915	25.702742795195576	0.004954650087746853
133.0	31.298932296182524	23.606510268288453	23.403076770629475	21.689895211435083	0.001585453464463547
134.0	24.200804199753865	24.802170427724082	20.447442632892127	30.549582739629926	0.0
135.0	27.61879282412568	19.197495082811887	28.561703898574635	24.621710933745536	2.9726074226007343E-4
136.0	26.496178735876484	29.68705565976134	24.436372211834673	19.375042730977654	0.005350661549848844
137.0	30.266812391065894	21.90691540223006	21.500756531587548	26.325416587809684	9.908730681690945E-5
138.0	24.52336433781308	20.847515232226428	28.851308301848277	25.776821253080385	9.908750318318605E-4
139.0	32.94375623009589	22.60105388946249	24.28553309803471	20.16886408630875	7.926960981516309E-4
140.0	30.364935296565665	15.225520699153803	30.11404847307822	24.29519827193278	2.972592695348883E-4
141.0	23.449785423885675	21.87853931682453	27.04382386427256	27.62745504107713	3.9635394010497434E-4
142.0	24.528103704716635	21.06516920290178	27.033620598252234	27.372611038939805	4.954551895462919E-4
143.0	25.614913701016484	21.4801132816603	26.063303757756408	26.841669259566807	0.0
144.0	29.42277545794878	23.678275500557884	24.09703381181045	22.801419774984293	4.954546985950887E-4
145.0	30.35991212519682	19.54134267705019	22.160741129034655	27.93721133255975	7.927361585789413E-4
146.0	25.130923255438333	25.476848012096966	24.802834779558435	24.585430334955443	0.003963617950829337
147.0	28.28539266164865	20.235660408020898	26.930707001042446	24.544672620109317	0.0035673091786865164
148.0	30.3418473112398	20.519261487726475	23.986190549801616	25.152106099702326	5.945515297810861E-4
149.0	28.078386217407203	25.458476728596246	21.296091688409234	25.165162606016704	0.0018827595706119068
150.0	26.862221059505654	28.11171195811049	22.676738698939978	22.349328283443874	0.0
151.0	27.687009775989612	24.64421442763637	19.24378533452911	28.424693168698994	2.9729314590652115E-4
152.0	28.282005468233606	23.29102835097775	21.72418816352377	26.702381624832398	3.963924324720717E-4
153.0	28.493861221690715	22.50175160072026	20.97491073525608	28.028980940007553	4.95502325392413E-4
154.0	29.050288187865192	21.811599660675636	24.4766437014897	24.659783720358668	0.0016847296108076395
155.0	24.245809723582525	24.286255258910906	29.33570190847413	22.13223310903244	0.0
156.0	31.112862453531598	22.992912019826516	24.00703841387856	21.886691449814126	4.956629491945477E-4
157.0	22.58867171119872	22.846813231041615	29.84468881753538	24.719727107536166	9.913268811171065E-5
158.0	27.966037006379214	22.36283699051792	22.89934522599864	26.771780777104226	0.0
159.0	28.6274941314554	20.287519033117622	23.43274172059383	27.65204685319122	1.9826164192361374E-4
160.0	24.664816902050703	22.105678460155218	25.78448953534825	27.445015102445836	0.0
161.0	24.878466095411053	19.124836930446126	27.591864167522495	28.402057154639504	0.00277565198082421
162.0	29.45290962386979	16.63654756818432	25.16274721865078	28.747795589295116	0.0
163.0	23.52246671405162	19.580692712530944	35.57182637280064	21.3250142006168	0.0
164.0	29.43344565089165	20.264645148882725	25.981836872872982	24.318684466967436	0.0013878603852105632
165.0	32.60994561456729	18.439893489411396	24.615108562682035	24.3348540634424	1.9826989687982664E-4
166.0	30.79749261177021	21.894241988938226	22.059107821064558	25.248959303023007	1.982752040004005E-4
167.0	23.627466337259907	23.232792892110695	26.050132747486327	27.089409744597404	1.9827854566652325E-4
168.0	26.020714180201672	21.927447825427464	23.373593831944888	28.678145023054864	9.913937111931325E-5
169.0	26.753204521277386	17.96286730917372	28.287726304288984	26.9961027231367	9.91421232078822E-5
170.0	31.794572333036236	23.130788075511056	19.7143301868741	25.360111119152684	1.9828542592205203E-4
171.0	28.243013206722235	27.90711969329393	23.08980392662293	20.75956746274487	4.95710616039411E-4
172.0	30.0338055536279	26.126636991801412	23.531441147604365	20.308116306966323	0.0
173.0	29.73117128263697	18.62468671679198	19.207234859300147	32.43611401922528	7.931220456203801E-4
174.0	27.456196097132484	24.632997006869626	21.197093520700587	26.71331680287277	3.965724245347462E-4
175.0	24.7863730864293	26.98515145476483	19.672116519985604	28.554871804023396	0.001487134796872258
176.0	25.400446548961753	21.614794016402545	29.171128190485256	23.81263979441298	9.914497374641095E-4
177.0	24.54233046595835	24.034690081579395	26.727067940526755	24.673107354043474	0.022804157892023304
178.0	25.53550419314329	19.54705528447065	28.9422534638902	25.974790590628093	3.9646786776607206E-4
179.0	26.27987329125567	22.395156046814044	27.843314884709315	23.480961971518287	6.938057026864157E-4
180.0	28.889816294404767	20.054263135564657	27.09945003310904	23.956173150354683	2.9738656685051766E-4
181.0	29.867615452332046	20.838124846341135	26.74913356226852	22.54463046529887	4.956737594277149E-4
182.0	31.025496660514374	20.42032516618129	22.538009075788185	26.01616909751615	0.0
183.0	21.525770498043272	23.572601077686187	27.76905478436364	27.13247451498174	9.91249251606815E-5
184.0	25.711218411632863	21.07906744369779	26.9473442129586	26.259594348516103	0.00277558319463678
185.0	24.91943188079486	27.55241387238327	16.131065401889238	31.396593346044533	4.954988881004951E-4
186.0	26.99433439272361	23.85055164601896	20.347428476291558	28.807685484965873	0.0
187.0	23.20467395775004	23.170778844295562	25.499135278172837	28.125015485706072	3.9643407549095884E-4
188.0	36.78299901781706	25.912285413839957	21.492561277412666	15.811559629208594	5.94661721724083E-4
189.0	23.65878509637876	22.478531839482386	27.268231087006512	26.59365906261646	7.929145158860423E-4
190.0	33.36686704297105	20.064127025031343	23.4258896757472	23.143017141837678	9.911441272232601E-5
191.0	23.510258052109993	24.59860873495588	23.18514054393745	28.70589354780516	9.912119151601896E-5
192.0	24.669191736459638	21.639702740933192	24.20815668253013	29.48294884007704	0.0
193.0	23.103726871242277	22.792154685726466	24.28379537152232	29.819926543115027	3.9652839391130646E-4
194.0	23.29425712580715	24.053080993419893	25.490038640044887	27.162623240728074	0.0
195.0	28.496779585237146	20.46780031346626	23.133354019595114	27.901669539942166	3.9654175931699647E-4
196.0	30.174765368197164	20.844029965443557	26.949166827797853	22.031839523249992	1.9831531142940718E-4
197.0	30.952510822296166	19.57147178269127	19.94456207510401	29.530860279569787	5.950403387762996E-4
198.0	29.72409995688595	22.38007473765649	21.626823510200506	26.26890222470485	9.957055220832548E-5
199.0	24.815163007106662	24.240933426814113	21.905673380286178	29.03773224130788	4.979444851652379E-4
200.0	25.575431268443626	20.826872149734132	26.692083145348995	26.905613436473246	0.0
201.0	21.42978796302475	19.4020455706692	34.24114786215057	24.926819405531546	1.9919862393590586E-4
202.0	26.10960596039683	29.429957368819476	24.51990119128252	19.940535479501175	0.0
203.0	23.296057887512227	26.645668099111646	22.222122608524145	27.83555372266351	5.976821884731014E-4
204.0	25.2314540384533	19.650256086347078	21.00844522063475	34.10964540434346	1.9925022141680854E-4
205.0	27.475011756828927	23.719900525271203	24.60833818219498	24.195852828414065	8.967072908280792E-4
206.0	23.433777378317757	17.648770348463547	24.314327649995963	34.60312462322273	0.0
207.0	23.115545337036718	28.756925155993528	27.980769518251318	20.146361346891144	3.98641827294408E-4
208.0	29.049794863820676	22.276612880717998	17.611509156369987	31.062083099091343	0.0
209.0	23.796596583822758	21.704180545156724	26.539228812891867	27.959196491504418	7.975666242294758E-4
210.0	25.722300112281342	25.323332382697906	23.00531092758751	25.948757426423807	2.9915100943522284E-4
211.0	29.489704833666615	27.70873331305384	22.815624516907608	19.985438660356753	4.986760151796979E-4
212.0	28.569590110046878	19.364100435857864	24.406344430466753	27.659565977747206	3.990458812978169E-4
213.0	34.63354649775873	16.974169741697416	24.084951696149364	24.307132441083677	1.9962331081249682E-4
214.0	29.554179065565073	25.95722492425809	22.75134177806946	21.73715434168717	9.989042020903069E-5
215.0	24.543312462948652	21.30408746967163	19.901909525232906	34.250490602328696	1.9993981811474747E-4
216.0	22.25579540235442	25.905367948624974	27.64227642276423	24.19645950671598	1.0071954039659327E-4
217.0	29.057163781746233	19.076026397504485	27.030626102731674	24.835675839294982	5.078787226240672E-4
218.0	22.90739230339711	23.081846457886524	32.06873636598419	21.94171863372488	3.0623900729563397E-4
219.0	31.631821856336824	23.833602798033457	17.36026330550698	27.173899594153166	4.1244596957798534E-4
220.0	27.779962045341268	24.79157443725872	19.84075141556017	27.587299326867214	4.1277497262785963E-4
221.0	22.531429345165556	19.847097667926967	20.528179649824494	37.09318918018102	1.041569019571082E-4
222.0	25.89412832389955	20.83618794819202	24.337161052736494	28.932312841307894	2.0983386403814781E-4
223.0	28.38307621169448	19.62230442641557	27.182626423977467	24.811467484972045	5.254529404346547E-4
224.0	31.235324069787996	23.586692140013636	20.14253010932779	25.03534847706978	1.0520380080291541E-4
225.0	33.4316237964164	20.334208666856497	19.181826810516657	27.051602493118615	7.382330918256504E-4
226.0	23.062111855418323	24.870255041518384	24.993349208010606	27.07406583629893	2.1805875375061054E-4
227.0	30.103439432995387	25.344650728873287	20.708667335776912	23.842026608185844	0.0012158941685715674
228.0	28.360618658014396	28.06089420395302	22.020276526449848	21.557987768122466	2.2284346026868235E-4
229.0	30.46666923123921	24.52711922320606	22.229752511206804	22.776459034347923	0.0
230.0	28.296951161344673	19.252266199577274	28.333499986782655	24.117282652295394	0.0
231.0	24.911634431973127	25.45214660035621	24.00250990422043	25.632277559142004	0.0014315043082315077
232.0	23.110891155389155	26.693659059067677	21.407668804062485	28.787541899174208	2.3908230647482702E-4
233.0	22.476653600911686	24.794576852882635	23.929744504773534	28.79866554343515	3.594979969969934E-4
234.0	24.296815814320315	17.83116613321159	28.06628858323205	29.804236707265648	0.0014927619703960422
235.0	24.579495142898782	19.260052164211732	30.80992728168172	25.350274138511566	2.512726962062848E-4
236.0	31.20207707433081	21.03308884760332	24.784810812974225	22.97976505097792	2.582141137252421E-4
237.0	30.39669325109653	26.151174919501656	19.963200756716834	23.488671923084397	2.591496005856781E-4
238.0	28.529611270545264	15.981085311766241	28.873597704148185	26.61557526741456	1.3044612575006522E-4
239.0	25.9394176049814	20.587583976602517	28.51738628516469	24.95364661885662	0.001965514394772256
240.0	25.486147603685104	18.42312169488143	29.12881231915389	26.96151927362224	3.9910865733195863E-4
241.0	26.6476129565229	22.920147632942932	20.148432399301807	30.28127539939508	0.0025316118372839804
242.0	25.895274687694876	23.658077018500265	21.354495651532524	29.090945665949185	0.0012069763231477943
243.0	23.5632716111516	26.567111297212637	22.441159931446638	27.425370380063157	0.0030867801259674707
244.0	31.923798314630897	22.097360161657853	23.40854615417688	22.56828002063717	0.0020153488972010835
245.0	24.11803998669454	23.77418037552769	22.271501705100157	29.833844006998888	0.002433925678727219
246.0	24.54889745549971	27.511697761295185	23.218632920726318	24.718332004966463	0.00243985751232128
247.0	28.978599116168468	18.74287451546705	24.848396833841843	27.287348396833842	0.14278113768879142
248.0	31.52673944685067	22.497529976638404	22.0338315056746	23.931026890977858	0.010872179858471399
249.0	21.65397037045133	19.337215084730015	36.0060220882766	22.98421251086107	0.01857994568098233
250.0	28.06028022605085	24.639129896737114	15.702558884595819	31.597068489006837	9.625036093885353E-4
