# Position (bp)	A	C	G	T	N
0.0	22.38932106582586	25.477218101465382	25.349804874266663	26.783655958442093	0.0
1.0	25.044137474878525	25.351191839019055	27.154595639675392	22.378590144750564	0.07148490167646086
2.0	22.536668754898255	23.99124464520776	23.13447788714926	30.335833293175035	0.0017754195696890224
3.0	26.918633228776585	19.129324367465454	22.0851216929072	31.858052812137366	0.008867898713394582
4.0	28.12017397732624	20.933482533911906	24.485435221800838	26.46090826696102	0.0
5.0	29.417595282706376	21.273082651252526	20.464447091010694	28.842852121846562	0.0020228531838444833
6.0	28.915252356063203	21.498446108207375	25.354166246241398	24.223558614009242	0.008576675478780296
7.0	27.618474128309074	23.571369182743304	19.784026747224118	29.02537408572919	7.558559943159629E-4
8.0	27.828800825541443	25.998766721618864	24.655751733511195	21.516680719328495	0.0
9.0	29.20397085628493	21.306696928461317	22.267525646368835	27.221806568884915	0.0
10.0	25.587468017859834	21.768675061455877	23.69211859730096	28.951738323383335	0.0
11.0	23.98600742120528	27.0614596354617	22.910377335184517	26.042155608148505	0.0
12.0	32.07444500819896	28.033795857139705	17.487664806276793	22.40409432838455	0.0
13.0	30.79424342065232	21.446008338424168	21.92134232565611	25.838405915267398	0.0
14.0	21.504336870669185	30.06687018461986	24.17332945680089	24.255463487910063	0.0
15.0	26.7945272009161	24.528319854490395	16.68360945717204	31.993543487421466	0.0
16.0	30.430991088077025	27.882431624446696	17.097137833488127	24.589439453988152	0.0
17.0	27.598142245359092	30.939919917969277	18.592393599005238	22.868384300952542	0.0011599367138528922
18.0	23.18314876982046	29.626198238078842	19.768357966189413	27.422295025911286	0.0
19.0	24.155477064389398	27.79202095283767	18.79507350093144	29.256967371857534	4.611099839533725E-4
20.0	22.082631988561293	25.995230855550126	24.205444245353025	27.716692910535556	0.0
21.0	21.64282459123901	20.660464392499474	20.71759645203241	36.97889226049551	2.2230373359120563E-4
22.0	19.02398567124146	31.022997480997187	25.77566316829674	24.177353679464613	0.0
23.0	23.163957085499902	24.489128765440224	23.103183483621844	29.24373066543803	0.0
24.0	27.519711013292092	22.971847589794617	20.500967975687047	29.007473421226248	0.0
25.0	25.161124055938693	21.906907994223815	19.393244929863645	33.53851003377961	2.129861942348897E-4
26.0	26.400683083902926	30.849224521352742	17.931802058597384	24.818290336146948	0.0
27.0	24.364221143054753	22.07229856306659	19.12290416271526	34.440151818920505	4.243122428933003E-4
28.0	30.350316184328918	21.687245753583213	20.451655690684284	27.50761419175513	0.0031681796484587864
29.0	24.473147518694766	24.98269291937707	23.118725533609	27.425434028319167	0.0
30.0	31.90461394740145	18.704152202854832	22.30715889238924	27.083869188839937	2.057685145365167E-4
31.0	30.66235413391564	21.551649831097027	21.028933099646597	26.756857706942057	2.052283986848964E-4
32.0	24.76976945772386	21.495960532481664	22.872818617148578	30.86104915540235	4.0223724354861737E-4
33.0	29.038617719892322	21.68881935894545	27.024222627074508	22.248340294087715	0.0
34.0	25.382205476955992	25.330480629632458	22.871199252340844	26.41591871361872	1.9592745198307972E-4
35.0	26.573286141024678	20.963310104058657	23.637283468596067	28.82573409721538	3.861891052191526E-4
36.0	27.146271962402256	20.477341611216044	25.4859365383762	26.890256960347582	1.9292765791611118E-4
37.0	23.13518599933668	25.94253033142822	20.18264417551735	30.739639493717753	0.0
38.0	29.15518886564949	19.835953388401077	20.55671752561421	30.452140220335227	0.0
39.0	20.33593558793546	30.70769633982066	20.993468989745796	27.962706370481143	1.927120169432405E-4
40.0	28.64599691321748	27.502422989400504	20.028440018728794	23.823140078653225	0.0
41.0	24.131705954319074	24.810465575539222	15.92224031134702	35.13057886269712	0.005009296097565675
42.0	23.32679004521226	26.102711001778054	19.203170059351926	31.367328893657763	0.0
43.0	24.983339047494308	25.152452530731274	23.193008948761314	26.666962005323803	0.004237467689308869
44.0	27.936311080470038	26.146504542881022	22.90447817529859	23.012128471673915	5.777296764328659E-4
45.0	24.565379379660776	22.555601980125576	25.269898972005983	27.60449860501655	0.004621063191113696
46.0	23.61241605569589	27.50542942517405	21.573878688928595	27.308275830201467	0.0
47.0	28.983378445497703	20.93384105373802	24.323413790846402	25.756864043615696	0.00250266630217578
48.0	20.763770464667772	27.029721645873188	24.475800398033698	27.73070749142534	0.0
49.0	19.246306300411277	26.9083392834117	22.111196860668088	31.731655635766675	0.0025019197422637756
50.0	27.314767594697003	21.863206775577286	22.681672186609344	28.140353443116368	0.0
51.0	24.392571739745346	29.34513008691703	19.622429482134578	26.636405094565806	0.0034635966372325096
52.0	22.64110301428772	29.279151929871123	18.868868002546364	29.210877053294794	0.0
53.0	25.347011294410688	20.312229232166697	24.84484705604549	29.49343682575834	0.0024755916187893597
54.0	24.102099541724396	32.57601132747674	22.67265266972184	20.649236461077024	0.0
55.0	28.939965420630077	26.671954381099656	21.63968600866957	22.74611172293898	0.002282466661721322
56.0	28.85537792079848	20.94968029547469	27.052404155207892	23.142537628518937	0.0
57.0	28.16745802805546	24.266049550568848	23.41700783628422	24.14454055719194	0.004944027899529747
58.0	27.70433149305714	22.183883134857265	26.195989414609667	23.915605846298917	1.9011117701631916E-4
59.0	27.599939171593135	20.09371376432794	26.28148345277245	26.020681658334443	0.0041819529720379415
60.0	19.743327620213044	22.275278657125376	26.775025937059404	31.20636778560218	0.0
61.0	25.19637163736134	23.2803468757244	24.345522878673297	27.170728370618928	0.007030237622031624
62.0	30.329745494618244	18.70229805344708	24.768057152085728	26.19989929984895	0.0
63.0	29.50702566323933	19.52043863848802	23.532362127533457	27.436753832007234	0.0034197387319608785
64.0	24.315301320592045	24.901344899749706	22.277062261907925	28.50629151775032	0.0
65.0	23.45789902450233	26.498519757768186	25.604867423846805	24.43339669542331	0.005317098459370721
66.0	23.059424027101034	23.694794368636327	20.075500074056915	33.16952197211662	7.595580891037594E-4
67.0	27.38600005696437	25.470478215875968	21.478035488801755	25.664726713440743	7.595249171643137E-4
68.0	25.05639311890024	19.860061519766074	25.868492006227928	29.214863479284546	1.8987582121292673E-4
69.0	22.760629380056468	20.518078442764732	31.38773859500225	25.32994605802038	0.0036075241561716194
70.0	27.959966898478545	21.130120866105866	24.01891190136354	26.89081053175013	1.8980230192231772E-4
71.0	25.9559592027967	20.636465203445418	27.15286432103613	26.25376285345215	9.484192696033522E-4
72.0	25.337946129670406	24.35089875556921	22.55168057902733	27.75738815581085	0.002086379922196996
73.0	22.242325621972636	21.99406760052648	22.551462806813916	33.20721294810668	0.004931022580290323
74.0	27.06639739833698	25.960500990793676	25.350096234984026	21.621109120042476	0.0018962558428383158
75.0	28.499048110252346	25.532451476377204	18.57512344227604	27.3903430595481	0.0030339115463088673
76.0	26.850143627762346	22.765616556536248	25.56024307695225	24.82191105507153	0.0020856836776291464
77.0	27.95117724789984	21.490011545921107	26.247916899702155	24.310135953694978	7.583527819223863E-4
78.0	24.955023099832605	30.944865619069827	21.77261120052778	22.326552200692714	9.478798770789375E-4
79.0	30.87214735648874	18.278717890877797	21.490246181784407	29.355286927741563	0.003601643107497673
80.0	22.050796057619408	21.085291887793783	33.89082638362396	22.969863532979527	0.003222137983320698
81.0	23.879666359003323	24.195605657720424	21.885287690496995	30.039250767105163	1.8952567409544132E-4
82.0	23.69959066100667	25.507504548211035	25.058179199514857	25.73188295936931	0.0028426318981200726
83.0	25.75097780607604	22.16512036868595	24.802543811776122	27.28060002425565	7.579892062337032E-4
84.0	20.518811168272556	26.97704383745938	22.530199243953046	29.97224038124473	0.0017053690702896287
85.0	26.679311279158558	26.713417626539286	17.257432815232654	29.349459319654166	3.7895941534141404E-4
86.0	26.148881907786286	24.054235335579243	23.056080822473255	26.738338758635326	0.002463175525887975
87.0	23.009062505328934	18.991092862732316	26.791895850346453	31.20700141536514	9.47366227151895E-4
88.0	26.286451593345067	33.010161257623786	24.611729308492595	16.090521022605625	0.0011368179329239525
89.0	26.023068295492436	33.13775046227531	19.997006577950227	20.841227378823245	9.472854587892934E-4
90.0	21.30877028790976	24.86364213330201	24.53001767584434	29.297380451236076	1.8945170781242007E-4
91.0	30.561875659506267	24.11997946413517	20.27083092579998	25.045798388578728	0.0015155619798543924
92.0	25.124605723054188	23.15914106826556	25.016055241396952	26.7001979672833	0.0
93.0	22.984743264797366	28.181769963136816	18.544112688436023	30.289374083629795	0.0
94.0	28.24759335800907	21.4733839223813	23.08406293449312	27.188708766958253	0.006251018158260626
95.0	25.816576251666866	24.939386592314218	20.789830585525518	28.450986483210084	0.0032200872833070674
96.0	24.678143698397395	27.16283457050154	23.9981589270257	24.159158106876937	0.0017046971984248597
97.0	23.71087157866027	26.160428658283664	27.890251963642083	22.238447799413986	0.0
98.0	27.368078151219123	21.710334430551402	26.008424210514352	24.913163207715122	0.0
99.0	22.72637761729297	20.023214333051833	28.64981954927081	28.600588500384383	0.0
100.0	20.21251618864409	23.304073858085232	25.56972666752501	30.913683285745662	0.0
101.0	27.19202085664465	21.98429693076374	28.856614354657623	21.96706785793399	0.0
102.0	23.698963411748	21.74582288067402	26.939934680740286	27.615089695650113	1.893311875798741E-4
103.0	28.747553000957975	21.24468475836713	28.821010302954576	21.186562614777035	1.8932294329020556E-4
104.0	25.67955926620094	25.89178546411465	23.9881865167263	24.440279434315897	1.893186422066981E-4
105.0	22.984145013961854	20.940318992853424	20.062094751289695	36.00832978370959	0.005111458185432344
106.0	33.13178086185452	18.7303708780027	23.180111806721655	24.95754714302211	1.89310399009528E-4
107.0	25.65406371394604	28.53118681801316	20.903914159580186	24.910078071165163	7.572372954512755E-4
108.0	23.513031560455534	23.51984643809062	26.502491216379937	26.464630785073908	0.0
109.0	25.36671796648286	25.54390109546877	27.883816327728212	21.205186013890703	3.785964294570738E-4
110.0	29.292544975467926	20.981169362166092	23.702412320552426	26.02368405112363	1.8929068992670664E-4
111.0	27.788598588310116	22.218878181649547	25.36669297732551	24.62526239676852	5.678559463035417E-4
112.0	25.971914376515436	20.827236884195543	26.629100552134815	26.571558905421593	1.892817326092676E-4
113.0	31.295155352393934	18.53042219130632	22.399515440598886	27.773960610620556	9.464050803024712E-4
114.0	24.784598611437094	20.86932820508938	30.13329143921441	24.21259246360133	1.8928065778814194E-4
115.0	27.531093903493915	20.05246830040184	29.507172749796993	22.90888648714129	3.7855916595844555E-4
116.0	24.728956254447994	22.696885268242458	28.968178858587844	23.605979618721705	0.0
117.0	26.77402320127647	22.75553486153619	25.45667221241149	25.013391175641118	3.785491347313153E-4
118.0	26.013007071364758	19.68909465332142	26.732446510501052	27.565262488454138	1.892763586257022E-4
119.0	30.930582501301284	20.774712534898025	22.815880376662093	25.4786353097052	1.8927743339800312E-4
120.0	24.585630653394734	20.84121188719993	24.74973170330076	29.823425756104577	0.0
121.0	29.379019771883268	25.20337821723708	21.93475240665801	23.482471050071357	3.7855415027842655E-4
122.0	32.282401930629824	20.56669663559362	23.160743860313254	23.98958974116311	5.678323001940093E-4
123.0	27.60374472853368	26.628381498951388	20.03990036266174	25.727594848537617	3.785613155762839E-4
124.0	22.81596032632356	24.190153508356836	21.754840907800343	31.238855974711814	1.8928280744259999E-4
125.0	25.562554892637575	22.285464429570855	26.573715133710895	25.577129834337804	0.0011357097428753142
126.0	20.250919463862182	27.181490714503393	24.95376653662618	27.613633997543047	1.8928746519476734E-4
127.0	26.58581965956432	20.809618358466317	25.787444423203233	26.816171168016535	9.463907495982571E-4
128.0	29.936060993799167	20.73664246397989	24.628820630077453	24.685415546756108	0.013060365387381794
129.0	22.25383143394148	27.50966730831474	23.6279803985032	26.6041674947523	0.004353364488280932
130.0	27.367211662584563	26.108888140187236	21.835168703934343	24.68873149329386	0.0
131.0	25.18530576397459	18.28678291022797	28.28515509657099	28.24218838725308	5.678419733644259E-4
132.0	25.57795289302974	23.53928830351684	25.481414458428848	25.39282624785391	0.008518097170666702
133.0	26.861244508214256	25.165581717582615	25.435888311132732	22.534635398427756	0.0026500646426482477
134.0	27.528912948836858	22.38950616115538	18.486873237303854	31.594707652703907	0.0
135.0	22.648034160855836	18.97774850281267	31.39058607975409	26.983441978785745	1.8927779165814915E-4
136.0	27.299707757302283	28.71435926167078	24.218856467951728	19.75912690601293	0.007949607062279493
137.0	32.7404014498377	22.517152942735198	23.35790738830477	21.384538219122337	0.0
138.0	27.793918081282783	23.087027044419166	23.464615512734856	25.652168152731225	0.002271208831974078
139.0	25.000331212939635	25.23066615439065	22.41743807737513	27.349482645388285	0.0020819099062951278
140.0	34.655916420622304	16.564842153077446	25.412218941630705	23.366833219774396	1.8926489514724807E-4
141.0	24.587355993345458	23.777871568870527	26.530913523140427	25.103480385569714	3.785290738718414E-4
142.0	29.379399367456365	20.282089475965424	24.31488635223709	26.02305699138628	5.678129548418357E-4
143.0	25.5763774669107	22.776113244615715	22.855228516323674	28.79228077214991	0.0
144.0	30.82838691116125	22.623824593812934	22.98193546433276	23.5647173725413	0.0011356581517542135
145.0	32.01185638331096	22.73552353389877	21.6551238541574	23.595414168983748	0.0020820596491161656
146.0	28.64197577599897	23.054253206869333	24.022796832974016	24.27472795791936	0.0062462262383143514
147.0	29.05209601126605	20.354032552672376	24.289389055351656	26.2999396191273	0.004542761582622423
148.0	28.16031253903899	19.49431970896316	23.766746542801872	28.578053369372235	5.678398237425186E-4
149.0	28.516807271447043	20.37352857113113	26.020749063528626	25.08607586790406	0.002839225989139014
150.0	24.561639272275766	29.754775406373263	21.565606474716656	24.117978846634315	0.0
151.0	30.77626314056094	21.491276219606835	20.385898100793828	27.3465625390384	0.0
152.0	27.02490914597214	22.718617504542703	23.519079345850997	26.737204724409448	1.8927922471229558E-4
153.0	26.176113747305184	19.817007962841334	22.226112895563183	31.780197566289186	5.678280011129429E-4
154.0	25.761286805623907	21.590866072577775	24.57203643274101	28.072214356559332	0.0035963324979746973
155.0	25.155616977774415	25.584226269357462	26.53534512135095	22.724811631517174	0.0
156.0	33.035661885117875	21.955809326197297	21.44843632563502	23.55990314476601	1.8931828379189377E-4
157.0	21.002213130737527	25.28591793809671	29.131540236761445	24.579950057836736	3.7863656758378754E-4
158.0	27.375475663088544	21.99522917021639	26.479241210882037	24.15005395581303	0.0
159.0	26.189822589164518	24.092168062263234	23.586497011599576	26.131133698971432	3.78638001245719E-4
160.0	27.903872840139567	19.84449572808145	22.43434043205728	29.817290999721706	0.0
161.0	25.798958386578295	22.662380565636603	23.493285928753036	28.039695656536402	0.00567946249566941
162.0	29.0334916635272	21.353372925347536	21.975650343322208	27.63729575310334	1.8931469971848904E-4
163.0	25.72067919055994	21.55799605086546	29.68969192585623	23.031632832718373	0.0
164.0	23.32726897541379	22.35836001082876	27.042366576237686	27.26935404175888	0.0026503957608812944
165.0	28.388332825335045	23.6213525880462	22.12878419286013	25.861151761491964	3.7863226666313277E-4
166.0	31.28558040912146	22.585359850815497	19.982961160912904	26.14590925871584	1.8932043430107629E-4
167.0	23.773885681938232	22.01240834316244	26.810843763548554	27.402862211350776	0.0
168.0	20.938435410856588	26.422013832484186	23.646807793599496	28.992364302118418	3.78660941313234E-4
169.0	29.616543972855887	22.568087491290253	23.97319670392923	23.842171831924627	0.0
170.0	33.46846420388919	20.806051540340448	19.9598583682048	25.765247192925983	3.786946395773768E-4
171.0	25.861886152261505	26.990555606046833	23.836680905207672	23.31011996728165	7.573692023387561E-4
172.0	30.815115741967723	23.68356289896336	23.48441250634177	22.016719546270284	1.8930645686463074E-4
173.0	25.650115742274227	18.545073240348344	21.522384726183873	34.28129063519133	0.0011356560022258858
174.0	26.74124550444823	23.46053378762067	24.71758470565966	25.079878856710202	7.571455612341472E-4
175.0	20.837891963308866	22.711062990486504	22.28933450942832	34.15962839436534	0.0020821424109694836
176.0	24.363573038854742	24.406730254154354	28.194722326855338	23.033270805847426	0.001703574288142555
177.0	22.122022643338084	26.082051340295564	22.270618366431375	29.4969135627197	0.028394087215278287
178.0	27.00048237441713	21.212935201036633	23.64088643392889	28.145506824179257	1.8916643809055398E-4
179.0	28.006756820662403	25.289463180813048	22.635916701188496	24.065971690207718	0.0018916071283323025
180.0	30.836016330795136	17.98280231750412	24.930961317517372	26.249841480749613	3.785534337635593E-4
181.0	27.56449215680706	20.380941561822535	27.97421260401579	24.079407003493227	9.466738613880131E-4
182.0	25.58843130424246	22.440096632991533	26.99154082668161	24.979931236084397	0.0
183.0	25.22686781364369	23.216912704408234	26.299058448873563	25.256025037345857	0.0011359957286560603
184.0	27.888258382609386	23.957155867589893	24.10559938804916	24.04292744254914	0.006058919202419024
185.0	23.839529510607015	22.230548128468733	17.62670042443199	36.302843486208324	3.784502839323255E-4
186.0	32.805205962105774	23.169104832620903	18.4884317209459	25.53725748432743	0.0
187.0	25.878609368552162	22.94738754973707	25.942401538583855	25.231222954580733	3.785885461821238E-4
188.0	33.24808377803817	28.72354723967493	19.86964579472336	18.157965974637154	7.572129263818662E-4
189.0	26.864945498877418	22.698894075866168	23.242769467255787	27.192065817819728	0.0013251401809005654
190.0	31.516319429984136	17.993586564344476	26.573355090049333	23.91617101990285	5.678957192020686E-4
191.0	29.26195160468767	22.86876383473866	22.64267414492084	25.22547428655827	0.0011361290945619182
192.0	23.36935114908573	23.440932297111	26.12427850747625	27.065438046327017	0.0
193.0	28.85201009022112	24.071086062313935	19.368565779605937	27.70795930580491	3.787620541023718E-4
194.0	26.751568236512597	21.165749298009434	22.52996832285318	29.552714142624794	0.0
195.0	26.457126517534373	19.454738608195395	24.121482283833608	29.96551639249579	0.0011361979408305986
196.0	31.76093419304964	19.218562596277554	25.224387092128975	23.79611611854384	0.0
197.0	24.405695313255503	22.407140188971542	20.615266761601195	32.57057042252186	0.0013273136499039593
198.0	29.288607570693966	25.457487862566914	20.01704507368643	25.236859493052695	0.0
199.0	25.345570905746424	29.626549656057787	21.106363409913968	23.92094119450459	5.748337772327501E-4
200.0	28.917253352444533	19.38918249792089	23.327226946793957	28.36633720284062	0.0
201.0	22.963860085506283	19.936454766179985	28.863257019008	28.236428129305736	0.0
202.0	25.459695331469316	25.241992821183068	30.057511024064176	19.240800823283436	0.0
203.0	28.360986585760863	23.037264330850064	22.110016310212185	26.490582816971052	0.0011499562058344944
204.0	27.1063668286998	19.217410638983022	20.263981108061277	33.4122414242559	0.0
205.0	27.35878172822372	24.165112324765122	24.066388450648606	24.407992224776052	0.001725271586502242
206.0	24.596867732739266	20.142138753036313	24.209983454849763	31.051010059374658	0.0
207.0	24.334922284561607	23.990159495933025	29.79552000122719	21.87882297447068	5.752438075004123E-4
208.0	28.70380313885522	21.34356350582207	19.604037862632893	30.34859549268981	0.0
209.0	24.146826081786553	18.180074644327068	26.038442212019042	31.632930959751132	0.0017261021162011945
210.0	28.636319168567304	21.661484279238927	21.628299096327186	28.07370563400004	1.9182186654185455E-4
211.0	27.522657682892206	21.777467404400312	27.058184776185833	23.639963471440957	0.001726665080692815
212.0	29.413288757276074	19.585957006623076	22.397357678718453	28.603204639799486	1.919175829131938E-4
213.0	32.70045070563181	19.664169574393313	23.16112294258736	24.473872707824842	3.840695626791924E-4
214.0	27.9666180390981	23.998377799689013	23.82808520780117	24.2067267495834	1.922038283158524E-4
215.0	26.896048627538537	21.528233575405984	25.72347514440631	25.851857697467572	3.8495518159298303E-4
216.0	25.37645411565748	23.076232080471645	28.91085589975024	22.63645790412064	0.0
217.0	30.43828863452643	21.80400054818355	25.81845193761036	21.937868559091605	0.0013903205880658855
218.0	24.083340004803457	23.485709710991916	27.320270594828276	25.110479545272597	2.001441037547034E-4
219.0	24.33165249610463	26.462962281358248	20.300301405605246	28.903447965614404	0.001635851317473755
220.0	26.436211630670876	23.89512724888324	23.295151838039423	26.373304372771607	2.049096348510307E-4
221.0	22.657755859621666	20.09010184075245	22.725663496953473	34.526478802672415	0.0
222.0	27.664408633820003	19.620061429713466	22.10754407371566	30.60756511128876	4.207514621113308E-4
223.0	30.39904466003001	23.023481918288844	25.44586054572739	21.12992200875024	0.0016908672035170038
224.0	34.70923810692657	20.205211326615686	20.521979068360043	24.5635714980977	0.0
225.0	34.04473355908038	21.40141388938395	23.798278890953995	20.753876314382463	0.0016973461992175233
226.0	28.985935927939444	23.69733529663231	24.37441435683966	22.942314418588584	0.0
227.0	25.751492037358954	28.314556066888812	21.228965885654986	24.70235879831333	0.002627211783920588
228.0	33.66356905559188	26.122306102095678	19.266612508008215	20.94751233430423	0.0
229.0	26.270964883128396	25.138584247258226	24.92566744211809	23.66478342749529	0.0
230.0	25.72785416972172	18.550270160517083	27.68970457186044	28.031945494128664	2.256037720950694E-4
231.0	23.762360225487477	22.48521393586545	27.655253673412812	26.094168745956935	0.0030034192773311153
232.0	23.023285983005774	27.114548874618926	21.771652813684337	28.090512328690963	0.0
233.0	21.036858687021336	26.88642010380695	20.941155102677605	31.135566106494107	0.0
234.0	24.374541448350865	19.353651545569715	28.865103836145785	27.404815883403437	0.001887286530200123
235.0	26.09272340294272	18.496513203320937	27.517101794531694	27.893424321444925	2.3727775971830388E-4
236.0	32.01501405756355	20.867994164420356	25.83161840719593	21.285131831927576	2.4153889259248527E-4
237.0	33.42741651935859	22.078025998967025	19.956304664634665	24.538252817039726	0.0
238.0	27.82136729817917	20.422103832271322	27.411612248234928	24.34491662131458	0.0
239.0	25.95630498461599	19.11134284821848	29.825549507982224	25.10434318516642	0.0024594740168867486
240.0	25.909288400361568	21.1834357942259	25.059304131562783	27.847721972243168	2.497016065801367E-4
241.0	27.18403636372728	26.259941644018514	22.898847131831012	23.654674604146926	0.0025002562762683174
242.0	29.24126556833021	20.736552145916832	19.799131256469835	30.22129649820662	0.0017545310765050743
243.0	27.24740180048137	22.131816116993644	27.718478399995984	22.898790058451645	0.003513624077359963
244.0	32.33023740998153	18.95836213505599	24.401573516658917	24.308570135860343	0.0012568024432239497
245.0	25.840378002971754	16.833796250747355	27.07322672357902	30.249319498787834	0.0032795239140361097
246.0	24.88189294999545	26.2797037966232	23.825505053059658	25.0083458943258	0.004552305995892809
247.0	32.04218216453374	19.39893202014368	22.14588969612224	26.272659107720052	0.14033701148027683
248.0	30.909505876982767	20.49196748957105	20.62941407686358	27.953897067214424	0.015215489368176804
249.0	25.513160641813613	20.912155452920597	32.265595958875856	21.286682520203072	0.02240542618685107
250.0	27.12223813024804	23.041700524964853	20.372247804047518	29.46149182886404	0.0023217118755562436
