# Position (bp)	A	C	G	T	N
0.0	23.898031819426276	24.72850059319198	26.4350682931281	24.938399294253642	0.0
1.0	23.46969789070573	29.271776791684395	23.46969789070573	23.712844203999754	0.07598322290438271
2.0	25.201698513800423	26.390658174097663	22.559902942068547	25.844707309675464	0.0030330603579011226
3.0	24.23709809388163	23.05524409830601	25.891693687687507	26.812933725264404	0.0030303948604503165
4.0	25.65034372066261	24.82056872899064	24.47836225432301	25.05072529602374	0.0
5.0	27.585268505079824	25.087687469762944	22.644533139816158	24.682510885341074	0.0
6.0	24.472484680170254	24.83774564554593	24.94038095813083	25.740332659160202	0.009056056992785342
7.0	25.2219446868699	24.839748412531222	24.987209967197327	24.948087513918566	0.003009419482981733
8.0	26.14926987560844	25.686557298239286	25.091641127336096	23.072531698816174	0.0
9.0	26.054478910421793	25.475490490190193	22.976540469190613	25.493490130197394	0.0
10.0	25.00899064972429	25.950011987532967	23.72932150563414	25.311675857108607	0.0
11.0	26.6038229903116	23.013587035582322	24.724331558581362	25.658258415524713	0.0
12.0	27.500214733587196	25.77948292152203	21.942909496950783	24.77739284793999	0.0
13.0	24.850197851893725	24.697569248162804	24.844544940644433	25.607687959299042	0.0
14.0	26.230883216372636	22.445270780328237	24.15075348785193	27.173092515447202	0.0
15.0	25.856201975850713	24.099890230515918	24.827113062568607	25.216794731064763	0.0
16.0	25.74790370570733	24.99594265620774	22.291046794698406	26.965106843386526	0.0
17.0	27.019684095570412	25.693205124790243	21.27693578030525	26.010174999334097	0.0
18.0	25.332313535183037	26.403101592995043	21.624116467981853	26.640468403840067	0.0
19.0	25.974264705882355	24.262079831932773	22.84926470588235	26.91439075630252	0.0
20.0	21.95994464318354	25.148183930856206	25.699140924876623	27.192730501083634	0.0
21.0	22.688160895708066	26.282915198009537	25.17364710760937	25.855276798673028	0.0
22.0	22.533072527925054	26.962474906058574	26.02820816389561	24.47624440212076	0.0
23.0	24.950713060398904	26.043986993368666	23.61932560104463	25.3859743451878	0.0
24.0	26.833672431332655	22.258392675483215	25.27466937945066	25.633265513733466	0.0
25.0	23.941818913885953	26.269565655040516	22.321203885449695	27.467411545623836	0.0
26.0	24.280031025596116	25.786273675782525	21.605324392623913	28.328370905997446	0.0
27.0	23.993213234193323	26.33614451818953	21.231099356255303	28.439542891361846	0.0
28.0	27.20871627631189	25.249530586026285	23.04575550943769	24.49105642850084	0.004941199723292816
29.0	24.57674874433419	24.37094205561681	25.250520641920865	25.80178855812814	0.0
30.0	21.658078942251606	26.29058915030138	26.173925724285436	25.874975695119577	0.0024304880419988334
31.0	25.856156112640683	25.67260783461334	23.47727382504951	24.99396222769647	0.0
32.0	23.09631870902673	22.937828686694044	26.19167687246356	27.771774367840933	0.002401363974737651
33.0	24.17216178256005	25.65762849048968	25.141047920584665	25.029161806365607	0.0
34.0	25.419443262914125	28.321281724089044	21.792145186445484	24.46712982655135	0.0
35.0	24.664759939984997	23.6496624156039	26.111215303825958	25.572018004501125	0.0023443360840210052
36.0	21.91109965555217	26.866930665229518	27.25355577945966	23.96841389975865	0.0
37.0	24.32711002834454	26.6415235775024	22.818524678488604	26.21284171566446	0.0
38.0	26.58438334348213	26.10895123893391	21.607569441191625	25.69909597639234	0.0
39.0	22.39106511508113	27.08796740733803	23.54070570605727	26.980261771523566	0.0
40.0	24.848981503160854	29.388901896511356	23.043783657223134	22.71599157106064	0.0023413720440177946
41.0	23.68889305113317	26.240869076606106	21.963382655928076	28.102172691515264	0.004682524817381532
42.0	23.194512723271764	26.40868974881195	22.180864761102136	28.21593276681415	0.0
43.0	25.874256823182435	26.08258040353916	23.030288844155237	25.01287392912317	0.0
44.0	26.84610883557636	25.42539496781744	23.735517846693973	23.988297249853716	0.004681100058513751
45.0	24.96840627194009	24.94266323426164	22.944067399953195	27.140182541539904	0.00468055230517201
46.0	25.157953854074037	25.314737679599382	23.87092245050779	25.65638601581879	0.0
47.0	24.546050168476228	26.399288655934107	24.103800074878322	24.950861100711343	0.0
48.0	22.72876122754491	24.574288922155688	23.22698353293413	29.46996631736527	0.0
49.0	21.99611723153931	25.93502210371202	25.441489486117934	26.625032161485745	0.0023390171449956727
50.0	25.239130943193246	27.11943684370542	21.932224794780048	25.706868729390305	0.0023386889309852895
51.0	24.218969226452156	28.22233654475727	22.306145355906835	25.252548872883736	0.0
52.0	22.783952923594246	26.356715860265272	22.646179712310854	28.213151503829632	0.0
53.0	22.93824050751003	27.369624032092542	24.33062785707622	25.361507603321204	0.0
54.0	23.560551293113498	29.131783307292274	24.050278678202467	23.25738672139176	0.0
55.0	23.600820168693787	30.16216971899902	21.58301877999907	24.653991332308124	0.0
56.0	25.915053237343027	25.87078586239836	25.02038629109294	23.193774609165676	0.0
57.0	21.561364271736092	28.599384959463237	24.315068493150687	25.519522877644206	0.004659398005777654
58.0	24.36336525244053	26.863307005894548	21.85410405162974	26.91922369003518	0.0
59.0	26.549868368939727	23.605060224122266	25.368683456421966	24.47405819723691	0.0023297532791277404
60.0	22.28609999068988	24.022437389442324	25.57489991620892	28.116562703658875	0.0
61.0	24.32092730954542	25.71980541396085	25.00058189605009	24.95170262784256	0.006982752601075343
62.0	24.554298747847135	23.360331424847555	25.694735372154724	26.390634455150586	0.0
63.0	26.001349873158468	24.60725673191054	22.98740894174599	26.403984453185004	0.0
64.0	23.674295283282166	23.511489440878222	25.39771141501535	27.416503860824264	0.0
65.0	21.793231771136178	27.57064774973834	24.933131759506917	25.698337015932086	0.004651703686475172
66.0	23.79579020816374	25.226189091754854	24.377253168973137	26.600767531108264	0.0
67.0	24.761594641112712	26.538586779550634	21.765827789924174	26.933990789412476	0.0
68.0	23.03935249790678	24.22783514745558	27.20253046795051	25.530281886687135	0.0
69.0	24.786603093382954	25.944877311315267	25.040120944295847	24.228398651005932	0.0
70.0	24.666604711676968	25.117327261744343	24.91055248362065	25.30319223084429	0.002323312113749361
71.0	23.59860788863109	23.96983758700696	26.598607888631093	25.830626450116007	0.0023201856148491883
72.0	26.193680107651616	26.771379518351818	23.836480905758435	23.196139390283513	0.0023200779546192754
73.0	24.861955361700154	24.16593197531437	24.226254002134475	26.743538582896388	0.0023200779546192754
74.0	23.419556895951747	28.270502261918573	24.076093260642615	24.23152766500406	0.0023199164830066117
75.0	24.230403414758626	25.524856751803654	22.884914283063075	27.3575057415269	0.002319808847750945
76.0	24.904312324572594	25.906423252685055	25.546869563200257	23.64007515831961	0.002319701222482544
77.0	22.846937118734488	26.418945561663538	25.166423120636466	25.565374712963607	0.0023194860019019785
78.0	26.490849627722497	28.585345487439984	20.20968153457194	24.71180386426368	0.0023194860019019785
79.0	26.741354115927912	23.04873240089996	22.195161552200034	28.01243244497019	0.0023194860019019785
80.0	23.126695888123567	25.053920545467196	27.823001461072845	23.991743778844594	0.004638326491801757
81.0	23.783019086713512	26.477886778450333	23.678656740647973	26.058118230942277	0.0023191632459008786
82.0	22.975950277140008	22.442542730582808	25.74735035599156	28.83183747303973	0.0023191632459008786
83.0	23.773304888229294	24.61970132640757	24.826082923662	26.776273072998798	0.004637788702346721
84.0	23.106710569030284	27.41965403700784	25.731577238788667	23.73973936836247	0.0023187868107406207
85.0	25.02898483513426	27.54486852478783	22.332235774242918	25.091592079024256	0.0023187868107406207
86.0	24.438312968072527	25.641679612325813	23.50158825848037	26.416100535602492	0.00231862551879246
87.0	22.731804586241275	22.88483387048158	26.743026733752234	27.63801618400612	0.00231862551879246
88.0	23.61465337352191	28.543936934848134	25.808022258288894	22.031068861581264	0.002318571759795966
89.0	26.288337158355933	27.357025291513086	22.994181329253312	23.358138025361058	0.0023181955166098707
90.0	24.364352763935564	26.49669718391471	24.174295978676554	24.962336307799283	0.0023177656738903696
91.0	25.210902011680723	25.523778622415872	24.436822100676743	24.828497265226662	0.0
92.0	24.361529548088065	25.272305909617614	24.16917728852839	26.196987253765936	0.0
93.0	25.001158748551568	27.365005793742757	21.879490150637313	25.754345307068366	0.0
94.0	26.352259559675552	25.786790266512167	23.847045191193512	24.009269988412516	0.004634994206257242
95.0	23.836117998748637	28.176488309039925	23.560355015873753	24.42703867633768	0.0
96.0	24.818685265426236	26.635308292976806	25.096739810459486	23.449266631137476	0.0
97.0	24.953660797034292	25.410101946246527	23.475440222428173	26.16079703429101	0.0
98.0	26.844129367065143	24.263274951348347	25.238624779909184	23.653970901677322	0.0
99.0	22.330569324130263	23.595219344976144	27.488766387177467	26.585444943716123	0.0
100.0	23.30461367426348	26.08856772280897	24.747544932369834	25.85927367055772	0.0
101.0	22.607688744789254	22.362204724409448	29.059749884205647	25.970356646595643	0.0
102.0	23.563604363030034	25.464903545540864	25.369954378082955	25.601537713346147	0.0
103.0	25.950026630850104	26.40159321955399	25.347937845911584	22.30044230368432	0.0
104.0	24.745849060973068	27.598823611143274	23.321677511983882	24.331334089803857	0.002315726095917375
105.0	26.831527276095212	23.161526349912013	21.4457719736964	28.558858942298787	0.002315457997591924
106.0	22.71390529118907	24.105592219520666	27.426189649183748	25.754312840106518	0.0
107.0	25.540634406112527	25.026626533919888	23.600370456124104	25.83005325306784	0.0023153507756425097
108.0	22.61739372047791	25.967861442993424	25.75947022321015	25.65527461331851	0.0
109.0	24.966427413753184	26.230608937253997	25.908775179439687	22.891873118777497	0.0023153507756425097
110.0	24.563028128255585	25.53073272369487	23.514295636068987	26.391943511980553	0.0
111.0	23.711745914162695	24.718736978563822	26.08917079494421	25.475716468355014	0.004629843974258067
112.0	25.468225489061236	24.924181039472163	23.81294131265193	25.794652158814678	0.0
113.0	26.158012916965674	23.70888215004977	23.308409916896224	26.8223801476886	0.0023148683997314752
114.0	24.9641187091995	23.65387286448447	27.38089726376221	23.99879624056669	0.0023149219871290336
115.0	24.89582368737846	25.136586720992682	26.602000185202336	23.363274377257152	0.002315029169367534
116.0	26.519746284550212	26.047502199175888	24.498819389786565	22.93393212648734	0.0
117.0	25.46241637150728	26.844456790980853	24.177604926268028	23.513206935666826	0.0023149755770076625
118.0	25.338549503460726	26.134864232968358	26.204310284960304	22.319961110210883	0.0023148683997314752
119.0	26.81837122088986	21.97323950182879	25.047455900736143	26.16093337654521	0.0
120.0	24.357549659674955	23.850534796499513	27.00143538454415	24.79048015928138	0.0
121.0	26.510766381106738	24.288029636489927	25.26047696225978	23.93841166936791	0.0023153507756425097
122.0	26.17443448866662	25.43122409761293	24.597717116991966	23.794308999560094	0.002315297168391563
123.0	23.56509457988933	28.09613113843162	24.81303975365238	23.52341923085828	0.002315297168391563
124.0	23.95703106912997	25.59383247673288	23.919988887345465	26.529147566791682	0.0
125.0	26.487812782111526	23.464734612624707	25.103585565148954	24.941552278882433	0.0023147612323788803
126.0	25.541125541125542	23.60812093432414	25.832812463828507	25.01794106072181	0.0
127.0	24.728569113595853	24.054911220686623	27.198648054263025	24.013241660300483	0.004629951154015325
128.0	25.36518739727296	22.92057318795287	26.90927610713707	24.793388429752067	0.011574877885038313
129.0	22.76083987313934	28.726531935088083	23.72849966432854	24.784128527444036	0.0
130.0	25.596037220499053	27.35984445164576	23.128558863015602	23.915559464839593	0.0
131.0	25.241886949678253	26.23026711726309	24.334521549928244	24.19332438313041	0.0
132.0	25.741863802601735	25.341419378732468	23.49891208740336	25.410860608305168	0.006944122957270496
133.0	25.890005092356834	25.99416693671589	25.445581223091523	22.667932040183324	0.002314707652423499
134.0	25.58155683633081	23.843251626044488	22.553989306298174	28.02120223132653	0.0
135.0	24.295171519837044	25.33678996342762	26.452479051895743	23.915559464839593	0.0
136.0	27.305128679874098	26.078503980744305	25.664228846509907	20.940566561747826	0.011571931123865951
137.0	28.094334382521758	23.83123495648954	24.201536752453247	23.872893908535456	0.0
138.0	24.909162443009556	24.386123261357586	27.744219954176213	22.958180008794464	0.0023143326621768616
139.0	25.431613052534136	24.04073131219625	25.68849803286276	24.83915760240685	0.0
140.0	24.94735136886441	23.033486843627777	26.687648978269422	25.32919858369397	0.0023142255444215595
141.0	23.566982158146853	27.211718695762848	26.621618494434546	22.599680651655753	0.0
142.0	28.225302570985583	23.694258672158842	23.492930368176243	24.587508388679332	0.0
143.0	23.447876894596785	28.018049288441517	24.519264144394306	24.014809672567395	0.0
144.0	28.016014440767396	27.247691560019437	22.820578093541	21.91571590567217	0.0
145.0	27.511513272083498	23.40144870519081	23.651385063988336	25.43565295873736	0.0
146.0	27.346353202517587	23.16040355423917	24.453905960755275	25.03239540910774	0.006941873380229545
147.0	24.692272096251735	26.469227209625174	26.210087922258214	22.62609902822767	0.0023137436372049976
148.0	24.75474317445627	25.805182785747338	24.35677926885701	25.080981027302172	0.0023137436372049976
149.0	26.803026446701683	25.91915592679146	23.591475971216365	23.686341655290498	0.0
150.0	24.802184072925826	24.480588589144418	25.690620517329137	25.026606820600623	0.0
151.0	25.043381689456513	25.536197681682516	25.952661900465053	23.46544503829157	0.0023136901043474237
152.0	27.08111609828328	23.953079450279947	23.98778399888945	24.978020452547316	0.0
153.0	25.13419713095789	23.503007866728368	26.978250809810273	24.382230448866267	0.0023137436372049976
154.0	23.77371587228135	26.103655714946782	25.483572420175843	24.63905599259602	0.0
155.0	25.987550042811193	24.434776571864948	25.434475736468194	24.14319764885567	0.0
156.0	24.335894113291374	24.05359126249537	27.265364679748245	24.342835986671606	0.0023139577934098484
157.0	24.40700715062597	24.8559461273228	26.806747969361073	23.930298752690163	0.0
158.0	25.762554964128675	22.818791946308725	25.533441333024765	25.885211756537842	0.0
159.0	25.90312651871051	22.112425076948	25.151003216773503	26.83344518756798	0.0
160.0	25.858557808016293	22.706655558641117	26.626862908451354	24.807923724891236	0.0
161.0	24.40062945478108	23.116264000740536	27.101268166250115	25.379524206239008	0.002314171989262242
162.0	24.470054614458945	25.398037582153105	25.252244746829582	24.879663056558364	0.0
163.0	24.39825958155897	25.26846880207369	26.48583595630439	23.847435660062953	0.0
164.0	25.679240916454525	25.387641749595	24.59152973848646	24.341587595464013	0.0
165.0	25.21640512891728	23.07549877331852	27.989168171087346	23.71661343331945	0.002314493357404064
166.0	24.806147721223063	25.282966460662454	25.294539731037197	24.616346087077286	0.0
167.0	25.93338425572298	24.93113904127028	25.308427655486888	23.82704904751985	0.0
168.0	24.23905747286068	25.521375830382148	25.650996458579268	24.588570238177905	0.0
169.0	25.62957133598741	23.58809369502824	25.895750393482086	24.88658457550227	0.0
170.0	29.783096830945162	22.66024676497141	23.863978332831778	23.69267807125165	0.0
171.0	23.972127048800814	23.597092323363274	28.63228076673766	23.796184831928883	0.002315029169367534
172.0	25.72374054104089	24.557424849003773	25.807048804757827	23.91178580519751	0.0
173.0	26.292894000046278	23.312585325219242	24.1895550362126	26.204965638521877	0.0
174.0	23.407997038134024	27.728156238430213	23.48898556090337	25.374861162532397	0.0
175.0	26.59616319163215	24.1015435169972	23.717399856524658	25.584893434845995	0.0
176.0	23.85800897857176	25.065950849261814	29.013745545425095	22.057666496968576	0.004628129772758828
177.0	22.520771135643038	26.74442824411581	25.385914971417993	25.323427989539216	0.025457659283945472
178.0	23.38825380663674	22.444115332993935	26.530753922339983	27.634562873142965	0.002314064886379414
179.0	27.797449605406282	24.89296211437432	23.795968432502487	23.51361984771691	0.0
180.0	26.134204550720607	23.219333611381433	26.02993651234997	24.616525325547986	0.0
181.0	27.527894407200353	22.920967779350022	26.133753972488343	23.4150641397388	0.002319701222482544
182.0	25.818721588273498	24.791260784859446	24.610353465070972	24.779664161796084	0.0
183.0	23.69312120228211	24.85504893547938	26.462266338883992	24.989563523354516	0.0
184.0	24.588832958314967	23.763019323111184	26.952608504024685	24.695539214549168	0.0
185.0	23.513588720897875	26.43075781467396	26.161766069937855	23.893887394490307	0.0
186.0	26.698049764626763	24.005750991350325	24.56925538575702	24.72694385826589	0.0
187.0	24.455840720285888	22.882535851858727	28.681486981946442	23.977815937253446	0.002320508655497285
188.0	27.268507774425622	27.80227430958459	21.789278254815503	23.139939661174285	0.0
189.0	24.342013647124354	26.32873787309103	26.38444042148262	22.944808058302	0.0
190.0	28.542251723257593	22.91874579339476	24.680298001717453	23.85870448163019	0.0
191.0	25.551684088269454	25.126596980255517	25.73054587688734	23.59117305458769	0.0
192.0	26.725519804855384	24.181670344987804	24.69508653734464	24.39772331281217	0.0
193.0	25.82878383087467	25.164362876059936	23.35695202694854	25.649901266116853	0.0
194.0	27.69866895862854	24.516248925642874	24.028432716207114	23.756649399521475	0.0
195.0	24.713070953951956	22.69411272710376	27.264067654848752	25.326425351981786	0.002323312113749361
196.0	27.084980696776594	23.005721196334715	26.45937020326527	23.449927903623426	0.0
197.0	23.754914047779664	25.69494521854428	24.83891227988555	25.708902277326757	0.00232617646374654
198.0	28.105930032142357	24.048539618950016	23.72711603857083	24.118414310336796	0.0
199.0	25.834363411619282	22.66249970846841	26.583016535671806	24.917788091517597	0.002332252722905054
200.0	26.889972242308318	24.806979076765177	25.19651979193394	23.106528888992557	0.0
201.0	24.864700942427916	21.88812167584212	28.139871232621072	25.104973406736956	0.0023327423719324437
202.0	24.82618636554524	24.884513088516634	28.54743129112034	21.741869254817786	0.0
203.0	24.479555638536223	25.548450336071692	24.505227781926813	25.464432412247945	0.0023338312173263633
204.0	24.1637683527462	24.434537008940037	26.729067948927433	24.670292476832937	0.0023342125533951123
205.0	28.121936417534194	24.172540964474116	24.770085430185333	22.933103029737172	0.0023341580691844453
206.0	24.505089177327484	22.9363152488561	27.056681296106078	25.501914277710334	0.0
207.0	26.210101104443456	23.046209167114203	26.04665281247811	24.69703691596423	0.0
208.0	27.51541479820628	23.089499252615845	23.06614349775785	26.326606875934228	0.002335575485799701
209.0	25.630124506529	21.637973323366584	25.875400032703403	26.854166180008875	0.0023359573921371674
210.0	23.225007592925728	24.196902086302362	27.427984019811696	25.15010630096021	0.0
211.0	25.184025424718996	25.992568878087535	26.37814595845115	22.440586077162152	0.00467366158016498
212.0	26.926402879379253	23.039708322621358	26.765138944071797	23.268749853927595	0.0
213.0	28.916169764994738	23.166140535484626	24.447562258856543	23.467789079855024	0.00233836080907284
214.0	27.915847608349715	24.87363100252738	25.081905831695217	22.12861555742769	0.0
215.0	24.08084787094354	25.614331269930595	25.85349840555243	24.448977677734007	0.0023447758394297504
216.0	26.37884588118531	24.053594215227562	26.409565669455077	23.157994234132047	0.0
217.0	28.32353431244198	22.97255480707434	26.03365785151508	22.66549237104568	0.004760657922924948
218.0	23.75441208250294	24.714865416476577	26.717410617811606	24.813311883208875	0.0
219.0	24.306645103671343	24.113543652996693	26.621448743633685	24.953534963431412	0.004827536266866205
220.0	26.217455657195543	21.667920316405016	27.34816684056002	24.766457185839418	0.0
221.0	24.576644479248237	22.900352388410337	27.662490211433045	24.860512920908377	0.0
222.0	23.456972927617777	25.42138644159818	26.67258952148269	24.446583253128008	0.002467856173342218
223.0	29.94143302180685	23.53146417445483	24.837383177570093	21.684735202492213	0.004984423676012461
224.0	28.51431712558093	24.159212433161763	25.83579031532657	21.490680125930737	0.0
225.0	27.96260930746809	20.504573323952155	26.6006633832546	24.927128354608502	0.00502563071665494
226.0	25.822276447562402	22.355243759849525	27.118600986223374	24.7038788063647	0.0
227.0	25.867628992628994	23.72031122031122	28.025184275184273	22.381756756756758	0.0051187551187551195
228.0	27.305010164432208	26.49957540979388	24.317439077738605	21.877975348035307	0.0
229.0	25.78464885021753	25.173503211104205	25.007768800497203	24.034079138181063	0.0
230.0	25.842989873682015	23.214844973379268	28.38761874934753	22.55454640359119	0.0
231.0	24.587571812575764	25.623254097928633	25.807726769619986	23.978811995994306	0.0026353238813050127
232.0	25.067599809129952	24.953607974126506	25.67997455066009	24.29881766608345	0.0
233.0	23.61871043879412	24.600364767728784	24.230232807638664	27.550691985838426	0.0
234.0	27.290469478477718	21.598178466876288	25.82673750406592	25.28461455058007	0.0
235.0	24.11788896504455	22.516792323509254	28.685400959561342	24.679917751884854	0.0
236.0	26.79445921365608	23.495172799776128	25.30572268084511	24.40464530572268	0.0
237.0	25.97699850235949	24.72519709514256	24.838226567577497	24.459577834920456	0.0
238.0	25.221770731986492	23.158587535054085	27.12470669032221	24.494935042637213	0.0
239.0	27.39606635484152	24.31364573951948	24.64483890648151	23.63963859271956	0.005810406437930333
240.0	24.45978660450103	22.30491048746227	27.917750082190146	25.317552825846555	0.0
241.0	29.16579364841809	20.21610943159029	26.079798856595527	24.529318447125025	0.008979616271064682
242.0	25.345566849569728	24.305118287307728	23.2856586009415	27.060657851338792	0.0029984108422536054
243.0	28.232959499684295	23.440271806127665	25.710334044920174	22.61042123936378	0.006013409904086112
244.0	25.17638545498402	23.01151781945366	27.18145088343484	24.624615570162213	0.006030271965265633
245.0	26.888902321083176	21.69970986460348	25.31431334622824	26.09405222437137	0.0030222437137330757
246.0	23.961109764962444	26.205476132784106	26.181245456748243	23.643082141991762	0.009086503513448025
247.0	24.182668935342733	24.08543996110841	26.175862907146332	25.40106951871658	0.15495867768595042
248.0	26.61454689258662	22.571715389529402	25.148297995315303	25.659355702248043	0.0060840203206278705
249.0	25.97957005641104	21.774660771459065	27.839609696600093	24.393962494282665	0.012196981247141333
250.0	25.722305275040426	23.84904048570644	25.865698508100195	24.562955731152943	0.0
