# Position (bp)	A	C	G	T	N
0.0	23.99915501183605	23.89875053588404	25.235012333099306	26.867019987697965	6.213148264357032E-5
1.0	22.940968364912244	30.257825438553553	23.827833846241543	22.90112943068738	0.07224291960527857
2.0	24.30549415899768	26.37425074732062	22.629764845172478	26.689933815369297	5.564331399212956E-4
3.0	25.604517386824412	22.08984119218291	24.856561478417504	27.44203774125717	0.007042201318003573
4.0	26.055077127605408	23.314922446530968	23.878111658973346	26.751703608793036	1.851580972413295E-4
5.0	28.340019321241222	23.85902028853629	22.284283643712367	25.51630684399793	3.6990251219291153E-4
6.0	26.030536934431424	23.831237751846647	24.343714332300667	25.78909641315617	0.005414568265092339
7.0	25.717619674930063	25.39046162633232	23.380223735079976	25.51077373769012	9.212259675175723E-4
8.0	27.42957308231613	24.213297592851575	24.131753378413592	24.22531463497928	6.131143942705686E-5
9.0	26.049211935730682	25.393114001530222	22.218882938026013	26.338546289211934	2.448355011476664E-4
10.0	24.34389843122698	24.920821390547	23.29181208480535	27.44346809342067	0.0
11.0	27.190841372919376	22.558396826560063	22.871036450588754	27.37960714969587	1.1820023592767093E-4
12.0	28.214015963418866	24.43359608525877	20.40908812542103	26.94324150138958	5.8324511750931005E-5
13.0	25.145509989812137	22.96425830697001	25.47737943066748	26.412563991243164	2.882813072058219E-4
14.0	26.384301723052484	21.701926676120486	23.7781584880119	28.135556139218405	5.697359672606923E-5
15.0	25.32488827263446	23.107778587158595	24.868528742550335	26.698804397656605	0.0
16.0	26.152792215236246	24.542928678985934	21.80794946615709	27.49627425885303	5.5380767699278E-5
17.0	28.275944537148263	26.834584381913153	19.36487316487208	25.523402127416716	0.0011957886497915523
18.0	25.209875783339193	26.257729459600565	20.09737782824119	28.434908947195364	1.079816236872809E-4
19.0	24.983557373625327	24.983986895293892	21.95585913192597	28.076113387277672	4.8321187713317907E-4
20.0	22.915538877460627	25.329003333900452	23.970376233145828	27.785028221619314	5.3333873783254335E-5
21.0	23.937698200511417	24.384420314791384	23.92033332098027	27.75733639689338	2.1176682355058846E-4
22.0	22.739408398646944	26.950681717885043	26.056696789369248	24.253160682483095	5.241161567191167E-5
23.0	25.154151607976026	24.12569172599721	23.39343246333748	27.326411204500495	3.129981887838142E-4
24.0	27.81479704036463	21.29979713593339	24.87835646527832	26.0069976996341	5.1658789562238255E-5
25.0	25.019953359501507	24.762668785480805	20.220972271860624	29.996047675363315	3.57907793748987E-4
26.0	26.033152835016942	25.26815391312485	20.30636571860977	28.392225824955958	1.0170829248050253E-4
27.0	25.316490368081418	24.871440846557842	20.13227719879521	29.6796901392162	1.0144734933293295E-4
28.0	27.899579825605038	23.433582827567857	22.72536056183893	25.93891658258159	0.002560202406590262
29.0	27.249121347572213	24.04398038505475	22.453450327778153	26.25309966286813	3.482767267560113E-4
30.0	23.65665602672624	24.78084474568697	24.539406915186806	27.02299344350953	9.886889045870717E-5
31.0	26.56619758907662	24.853307702864296	22.44720479174342	26.13279803167442	4.918846412463963E-4
32.0	23.84015066295208	22.844357840107772	24.77765127219344	28.53764526751057	1.9495723613025483E-4
33.0	23.689302105489336	24.870510353618876	24.928452956642033	26.511589727742198	1.4485650755788828E-4
34.0	26.014546397687354	26.787757443914924	22.48676501763149	24.71083543448498	9.570628125109164E-5
35.0	25.247008438872548	22.14013484947779	26.451877955962814	26.160599672187544	3.790834993008279E-4
36.0	23.883075853834402	24.238107344592645	26.470795712730805	25.40783171346369	1.8937537845485787E-4
37.0	25.331320311797473	25.144894955298618	21.723263177324164	27.800521555579742	0.0
38.0	26.653847009185583	25.126844107255486	21.415089563319377	26.804172003590388	4.731664916739258E-5
39.0	22.998236381630363	27.896203868228188	21.22619730196666	27.879173218735986	1.8922943880225334E-4
40.0	26.06665222421621	25.902235331846835	22.74960291144665	25.28150953249031	0.0
41.0	24.380963641738102	24.484729530002955	21.492403192432754	29.636795743423	0.005107892403192433
42.0	24.080329558131627	26.30605758376687	20.620413706871645	28.993104570202533	9.458102732966076E-5
43.0	25.85533638928268	25.896428095189005	22.600012672701016	25.64439266080381	0.0038301820234898916
44.0	28.51744805912298	24.9272711885162	23.131426269556876	23.423618081661466	2.3640114247944137E-4
45.0	25.343705887414043	24.354260288957825	22.2903230991346	28.00773970536929	0.0039710191242390055
46.0	25.424856868424833	24.1471664864129	22.970868848367505	27.457107796794762	0.0
47.0	25.39740307864497	24.47772311857434	23.130390559124578	26.99311256224784	0.001370681408266438
48.0	22.760022509273735	24.103491630604108	22.54050511679639	30.595980743325768	0.0
49.0	22.62814277136012	25.604081557447333	24.74191443715355	27.024585629225147	0.0012756048138490997
50.0	26.885811089149325	24.501466358781713	20.520708538516484	28.09201401355248	0.0
51.0	24.707636659403732	27.485767376129054	20.915828548189708	26.88859467688295	0.0021727393945519978
52.0	22.88306109441178	25.83302847099911	21.671751896118003	29.61215853847111	0.0
53.0	22.370614709312424	25.17784106665562	24.140244554124937	28.3101696982081	0.0011299716989171577
54.0	23.05567758013719	28.25745601582757	22.8287824834537	25.857942670261956	1.4125031957884805E-4
55.0	24.287158299565274	28.042003818614408	22.450877515334845	25.21873856025173	0.0012218062337493896
56.0	27.031094646585963	25.11690564661791	24.69777446983665	23.154225236959476	0.0
57.0	22.53274296700426	27.56465432184612	23.5644118857581	26.33302261421277	0.005168211178746812
58.0	25.396788110474418	25.078493175333765	21.859274644601975	27.665162184776438	2.8188481340869683E-4
59.0	27.324029012194895	22.915781957571543	24.524746800954546	25.23295251695823	0.0024897123207876888
60.0	24.390199285448602	22.971603218999167	23.566406046622674	29.071650733805914	1.407151236393434E-4
61.0	25.53047197619366	23.875049537919665	23.21502857370656	27.373259137840872	0.006190774339240364
62.0	25.348342386882226	21.96722526195732	25.09354864881469	27.59074301005528	1.4069229048455832E-4
63.0	26.395909568179572	23.93515072986146	22.539018407036984	27.12776409204503	0.0021572028769583063
64.0	25.5343436036554	21.54810520470569	23.543284524098254	29.374219846633437	4.682090722062667E-5
65.0	24.403432632480794	25.893996638529565	24.10548837296404	25.591979288098614	0.005103067926983993
66.0	24.62222609226494	24.02645798397615	23.437103535190392	27.913603793141224	6.085954272948494E-4
67.0	26.551987581477825	24.973035778151864	21.28338460904687	27.1910302767016	5.617546218361512E-4
68.0	23.59476031919679	22.258344930829306	27.07555388283229	27.071153621999805	1.872451418077676E-4
69.0	22.84658132380669	24.685347353678562	25.48826863340954	26.97699412635911	0.0028085627461003106
70.0	26.493919773174433	22.895532688466457	24.38141032834347	26.228763157304126	3.7405271150810573E-4
71.0	24.05895018016804	23.12646924272531	26.13693330541549	26.676714604220226	9.326674709369156E-4
72.0	27.334608080517025	25.668484603487883	21.87473627327148	25.120539142525033	0.0016319001985789412
73.0	25.61082264442267	22.82954586775742	22.860687216849147	28.69465534265274	0.00428892831802217
74.0	24.61429473600809	25.538365456990185	23.726950081911248	26.119457591413187	9.321336772906602E-4
75.0	25.573447939036033	24.904091356478165	22.377984445836315	27.142518939393938	0.001957319255547602
76.0	26.80483376702779	24.050842908163645	25.338318955554396	23.80516556192635	8.38807327820816E-4
77.0	24.522514999748374	24.66044372042221	24.17275385874235	26.643495262894007	7.921581930592031E-4
78.0	27.309512593232512	26.352946000513487	20.381312633584532	25.955669622242635	5.59150426841457E-4
79.0	27.281758050056936	21.17215762213703	22.808401469390493	28.735026996602357	0.0026558618131801567
80.0	23.674872642595098	23.403431544754234	28.421085000293527	24.49837442844084	0.0022363839162996045
81.0	24.963636888827185	25.526531327251227	21.761213861683203	27.747965669123175	6.522531152074677E-4
82.0	22.695210573662465	22.506255412778046	24.09359988931029	30.703722873217888	0.0012112510313103733
83.0	25.60007341658227	22.359262368318323	23.668416055871138	28.371363060837933	8.850983903321169E-4
84.0	23.472398319034944	25.92928655870755	24.873047266195965	25.724243104587067	0.001024751474477633
85.0	25.284048965174517	27.05827504090445	21.165146848482845	26.491830521215586	6.986242226058963E-4
86.0	25.378418315525643	24.610660957773344	23.050929705447743	26.95831449178105	0.0016765294722238652
87.0	22.56774715056402	22.420793642072287	25.478739701380785	29.531974494533014	7.450114498947205E-4
88.0	24.3427381093169	27.67483915905491	25.64394577828021	22.337778555844327	6.98397503647963E-4
89.0	26.164620744334897	26.40485192494545	22.641742216114018	24.78785398599862	9.311286070176369E-4
90.0	24.01966763155126	25.611168577969906	25.33692596892693	25.03205161030828	1.8621124362110109E-4
91.0	26.639786848190777	25.125167106698793	23.838026595566415	24.39669361475529	3.2583478872872296E-4
92.0	25.82564761352873	24.288317473172707	22.635090634476242	27.25089773396355	4.654485877126227E-5
93.0	26.5708602194578	26.1980072308626	21.077899326435094	26.152907424852273	3.25798392231477E-4
94.0	28.21650919620954	23.40918071148629	22.98142514137901	25.388603206561122	0.0042817443640376296
95.0	23.699180938198065	26.66748883097543	23.886913626209978	25.744136262099776	0.002280342516753537
96.0	26.227788775007845	24.330277995705963	24.02623327963459	25.414536631943957	0.001163317707649884
97.0	25.342709217323982	25.09956526270341	23.580776274063155	25.976716616790984	2.3262911846591333E-4
98.0	28.11983168296104	23.21933087231306	24.092783720978918	24.568007201624553	4.652212243226961E-5
99.0	22.33292401577733	22.50027908015182	26.79453188955868	28.372265014512166	0.0
100.0	22.484003382102205	24.770317495309612	24.800501548269835	27.945177574318347	0.0
101.0	23.571190756519783	21.93908298039741	28.712802227541832	25.776831035297317	9.300024366063839E-5
102.0	25.034660393236223	24.103595289348032	25.041401851343874	25.820295973257334	4.6492814535513536E-5
103.0	25.67315144722682	25.268991076689172	25.95682574731102	23.100799399288885	2.3232948409844078E-4
104.0	25.88352536703215	27.07261661401226	23.163724214829955	23.879715666233043	4.1813789258502137E-4
105.0	27.579119415390462	23.109991539719875	21.05787416994245	28.25013438418592	0.0028804907612904784
106.0	25.687141308195528	23.59340782880721	25.210465043895468	25.50879999851344	1.8582058836372892E-4
107.0	25.719918392526004	24.426127769953137	23.084955758789715	26.768301293604814	6.967851263317886E-4
108.0	23.768187120712394	24.278631122507953	25.101348387315404	26.85174052770328	9.284176096681697E-5
109.0	26.169787802372106	23.92506675551934	25.55416130286726	24.35038085682809	6.03282413203903E-4
110.0	24.332054959259366	23.79223343673533	23.98241207195888	27.89320673934809	9.279269832815396E-5
111.0	24.70873739114621	23.42710304523855	25.144361314554338	26.719055971875115	7.422771857859486E-4
112.0	25.967981274709494	23.690034469786404	24.374652391384917	25.96714631823624	1.8554588294559656E-4
113.0	28.285070100079363	21.974648293660128	23.185322374093744	26.554263495778503	6.957363882654317E-4
114.0	25.759535677363672	22.66967891369875	27.384980290684002	24.185387695394482	4.1742285909613107E-4
115.0	27.144860188042408	23.081507771556904	26.704322767639933	23.068659923014952	6.493497458027656E-4
116.0	26.92896900728032	24.558146308567324	25.100007559991784	23.412737983207542	1.391409530320437E-4
117.0	25.8749769260809	26.59664563191	24.673185184085813	22.854403802396348	7.884555269341045E-4
118.0	26.686086985155562	24.82676386410848	25.345509913220766	23.141221828982157	4.1740853303626213E-4
119.0	27.39134850893056	21.16363663347923	24.820779013578452	26.623679293106147	5.565509056242716E-4
120.0	24.68810118785909	23.81923689839473	25.246133382309566	26.24643577342557	9.275801104562395E-5
121.0	27.879617635586918	23.301809742584396	24.470274278892646	24.347602662692942	6.956802430985042E-4
122.0	26.69430801552739	24.033920943887136	24.77861412955259	24.4926003738075	5.565372253836629E-4
123.0	24.402633504837645	27.95121448984192	23.2908700156849	24.354539948261163	7.420413743719315E-4
124.0	24.99697386111669	24.342632198210474	23.363276262595576	27.296978545255037	1.391328222211813E-4
125.0	26.617414835375058	23.83394434357558	24.566229104493186	24.9816233162436	7.884003125775358E-4
126.0	23.810930576070902	23.847985734459673	25.717717606301694	26.623226952410324	1.3913075740465487E-4
127.0	25.75802265766593	23.4076654664448	27.488419806814367	23.345057293434767	8.347756401337867E-4
128.0	26.579055620508164	23.460619318611325	24.775434279425657	25.17580102333981	0.009089758115043875
129.0	24.059989630414236	26.617789868413855	22.609592516090014	26.709845448651535	0.0027825364303582147
130.0	25.93846636157389	24.716271140536218	24.13021661339601	25.21499950841355	4.6376080330791306E-5
131.0	26.15528881002876	24.427497554815496	24.54223224360113	24.87447125348807	5.101380665489021E-4
132.0	25.967120118834675	25.38222200992175	22.791269936598937	25.853498142396624	0.005889792248013123
133.0	26.744967968071027	25.728961742551775	24.71666560001781	22.807827904090644	0.0015767852687444985
134.0	26.204510293501126	23.063452784198205	21.305822163026498	29.426122008317908	9.275095626235906E-5
135.0	25.894368476751662	23.765655100388347	26.402779542610904	23.936733128478718	4.6375177037238344E-4
136.0	27.628352787154682	26.545295350421533	24.802729486533202	21.01777904125719	0.005843334633397996
137.0	28.28505853310832	21.916745389442383	24.353279064471984	25.444685134403777	2.3187857353866643E-4
138.0	24.937257236981225	24.280011723111965	26.84170645476029	23.93995800454827	0.001066580598249695
139.0	25.833194212576515	23.293220181784456	25.821183453904656	25.051474680022263	9.274717121127807E-4
140.0	27.12103351082231	21.274795049847476	25.928292720478506	25.675554100440646	3.2461841105780155E-4
141.0	25.61385121583049	25.061852347374842	25.709429613535868	23.614588574648305	2.7824861049600134E-4
142.0	28.57226995276207	22.913132478604734	23.622257941546653	24.89201499964291	3.2462744363308195E-4
143.0	26.499685809486927	25.079080940577413	24.474536655946316	23.946511094055424	1.8549993391564853E-4
144.0	27.872044712655246	25.298201078026867	23.09363938178781	23.735280082472812	8.347450572658297E-4
145.0	28.309990048071615	22.45040962434021	22.838980024726784	26.399692816525583	9.274863358075578E-4
146.0	27.382882985240464	21.316203302866995	25.459279000950207	25.837275531228656	0.004359179713676092
147.0	25.953289763824078	24.557028122320474	26.5407500738499	22.94591775833901	0.0030142816665360474
148.0	24.560166055921446	24.547552335346893	24.058956158973686	26.832815336058268	5.101136997062673E-4
149.0	27.580365266734123	24.675677605871424	24.433229979289	23.308686655456324	0.0020404926491252315
150.0	25.45495693323248	24.094062847382766	25.395735200479706	25.05519864323335	4.637567169363489E-5
151.0	26.226308164071703	24.253928619793456	26.055547001523028	23.46370606447927	5.1015013254628E-4
152.0	27.496761668544195	24.360183155296603	23.088596018092915	25.0542736467763	1.855112899852194E-4
153.0	24.92958680568277	23.142230246623573	25.414281878173696	26.513205401537242	6.956679827158971E-4
154.0	23.334291823000967	24.12523131292987	25.282329315406482	27.255735864982817	0.002411683679858267
155.0	27.526803613953742	22.869556827743466	24.606260314880423	24.99710093298934	2.7831043302320273E-4
156.0	25.858212520722994	23.279005927216488	26.305096255806383	24.55740697962444	2.78316629696941E-4
157.0	25.062715235720223	22.87426894074338	26.718221188101175	25.344562700391876	2.3193504334402087E-4
158.0	24.755052264485105	21.02964793024846	26.346922625182884	27.86823801841202	1.3916167153577895E-4
159.0	26.787810864382855	21.962190875172737	24.320564376777536	26.92864528513172	7.885985351550268E-4
160.0	26.309397677995882	21.382329092221454	26.39015940816171	25.918021045365734	9.277625521634495E-5
161.0	24.431120502299734	20.562002333365033	29.15050204459371	25.853035114128453	0.0033400056130649886
162.0	25.557238451992998	23.755343453906548	24.6965799575539	25.990838136546557	0.0
163.0	24.870479300810896	24.037548013582974	27.579373179195045	23.51250672654061	9.277987047930081E-5
164.0	25.565585775077626	23.70772458859425	25.408645493568606	25.316466853498127	0.0015772892613971907
165.0	26.23567229730827	21.624502963776376	26.700616600951875	25.438512252456132	6.958855073492469E-4
166.0	25.407455519729062	23.41116704168503	25.772251733976663	25.408986522535898	1.3918207334895265E-4
167.0	27.050616326242764	23.37168128454192	26.35207613419989	23.225347878212006	2.783768034177248E-4
168.0	25.994768187461837	23.528587521969342	24.53699665379283	25.93946204569624	1.8559107975034286E-4
169.0	26.413686609602006	22.477143822243338	26.135153042664864	24.973738131120037	2.7839436975226614E-4
170.0	30.969460527158315	22.809577677574662	23.155952779770395	23.064823415977706	1.8559951892604696E-4
171.0	25.45166187814131	23.550821473380996	27.13465221942582	23.862122022019793	7.424070320794079E-4
172.0	26.823095128839586	24.299057615332043	24.727726412892633	24.149935251942097	1.8559099364026064E-4
173.0	28.001519897856923	20.608302465240918	23.46720435295777	27.92167422594701	0.0012990579973721913
174.0	24.466442092097225	25.305743538687153	23.895201214762537	26.33210282799725	5.103264558337969E-4
175.0	25.273192798612314	24.284572371793654	23.628956047448213	26.811515873829578	0.0017629083162416278
176.0	24.184744914267796	24.342017665580602	28.439042426992273	23.032710412615963	0.0014845805433657574
177.0	22.548295904017383	26.64562403407032	24.46802242093586	26.312817617165447	0.02524002381099305
178.0	25.04680892125153	23.122864835876513	24.286964202541135	27.543083691938847	2.783483919813395E-4
179.0	28.105402741922614	24.129485040431017	23.37853713399119	24.38522954832699	0.001345535328189986
180.0	26.34171028174753	22.404817412045762	26.26584515886557	24.9874876038901	1.3954345103978476E-4
181.0	27.73531374312071	22.143130209087577	26.296058473557775	23.824705981507464	7.915927264735148E-4
182.0	25.285597966887906	23.26701076378107	25.709613009459336	25.73768515160586	9.31082658259611E-5
183.0	24.08659148563924	24.213129506869507	26.153937832494012	25.545735952673475	6.052223237650788E-4
184.0	25.54568939711011	22.0694320360936	26.79877894068402	25.582701069986513	0.0033985561257577498
185.0	25.013826068983242	24.23635408888533	24.43583121209469	26.31347655340773	5.120766290088617E-4
186.0	27.35749269073912	22.904150915287065	25.64530996852828	24.09304642544554	0.0
187.0	24.680634194720703	22.408832060937005	28.56207635683548	24.347711341898247	7.460456085657226E-4
188.0	27.40009969861919	27.652190781561632	22.78570439312779	22.161492177761986	5.129489294056368E-4
189.0	25.470800615204965	23.443077218669174	24.91995153721962	26.164958126702746	0.0012125022034895814
190.0	28.349618980680624	21.528069596948303	25.55061127727638	24.571466948865197	2.3319622949680453E-4
191.0	26.428757591128573	23.92042731713332	24.85602428040165	24.794417151723554	3.73659612907324E-4
192.0	26.732491050275403	23.21878993744535	24.3727719109437	25.675853680410754	9.34209247924187E-5
193.0	27.157281440918908	24.129860592702908	22.402755445349367	26.309915660500582	1.8686052823602728E-4
194.0	27.58954804463819	23.18688305857653	24.94843492101608	24.2751339757692	0.0
195.0	26.334375908203572	21.527520145181743	25.12225412972721	27.015242400993543	6.074158939246263E-4
196.0	28.316449183460694	22.668908211366244	25.932631001387158	23.081871156123025	1.4044766288066584E-4
197.0	24.773000975796137	24.44130520693059	24.025374445378826	26.759617023428472	7.023484659773038E-4
198.0	27.1596886867645	23.127807210839702	24.43490083923297	25.27750949411599	9.376904683763889E-5
199.0	25.526723193669177	23.294654985505016	25.992056409264013	25.186048739978922	5.166715828750613E-4
200.0	27.65892083164423	23.7298852005526	24.088530718329157	24.522616275601347	4.697387266228651E-5
201.0	25.46531096207798	21.1743029965932	28.798027325803172	24.561935919093674	4.2279643197393315E-4
202.0	25.426817666086443	25.1714717275433	28.15890175406451	21.242808852305746	0.0
203.0	25.88338354921227	24.16166270250252	22.85966858929803	27.09453321321	7.519457771900069E-4
204.0	25.359659479744007	23.731227392026952	24.90049671737872	26.00847540478142	1.410060689012055E-4
205.0	27.178073434815612	24.412904560122023	25.440230509080052	22.968039427205618	7.520687766896282E-4
206.0	25.51254110952951	21.671091797649915	26.117079187906985	26.69924089573175	4.70091818333957E-5
207.0	25.89355317686377	23.50640337852388	26.970970159569617	23.628697141212857	3.7614382987766865E-4
208.0	28.043450453992254	22.557922338826636	22.199628680045976	27.19899852713514	0.0
209.0	27.060670597487235	20.71022866237964	25.682939310588758	26.545502948115423	6.584814289423283E-4
210.0	24.55789180533315	24.63518311878682	24.86145896645096	25.945136809858667	3.2929957040518903E-4
211.0	25.0362680452053	25.50804672989988	25.603334166216108	23.851598170293002	7.528883857084844E-4
212.0	28.066743085255368	22.323862606595693	24.952018698232095	24.657046084174997	3.2952574184482635E-4
213.0	29.551232080488543	23.45170946310353	22.7342931228171	24.262388514555813	3.768190350135537E-4
214.0	27.342418357342186	24.862169092691758	24.70307904065163	23.09233350931443	0.0
215.0	26.276565090672044	24.539601411451272	23.5374143233017	25.645994038649576	4.251359254028163E-4
216.0	26.308754287458914	24.555893198742503	26.107774433149032	23.02748267127176	9.540937778774276E-5
217.0	29.040870736306452	23.124686948626618	25.307638381337348	22.52598597048692	8.179632426564945E-4
218.0	24.268202973073365	24.648297996829307	25.355173744892532	25.728131061891684	1.9422331310983086E-4
219.0	26.11128802316296	23.019219180967966	24.883474835757575	25.985234103635623	7.838564758792664E-4
220.0	27.486595326008956	21.946702209027276	25.150781049280575	25.41562610434137	2.953113418258313E-4
221.0	25.84610581711686	22.700383050629085	24.240216847290153	27.21304651612232	2.4776884158155807E-4
222.0	25.484502083205214	24.66191976872497	23.8249877627631	26.028390389606628	1.99995700092448E-4
223.0	30.672056466623467	22.59776168066395	24.082818926663396	22.646605269551454	7.576564977378902E-4
224.0	29.308001717489223	23.022760782915842	24.936910625749377	22.732225606792184	1.012670533717878E-4
225.0	30.25629199286064	20.110093966264188	24.044174020349008	25.58842185751623	0.0010181630099342165
226.0	25.091405231920188	21.93946873796961	26.145601946684398	26.82331821578634	2.0586763945988566E-4
227.0	26.806317446160023	23.903683167164083	25.907173916885228	23.3812141946067	0.0016112751839712422
228.0	27.479258758544887	27.85819583325933	23.247063420505228	21.415377510967442	1.0447672310847504E-4
229.0	27.25572261391073	25.843799295962082	22.566950274094115	24.333475110694387	5.27053386818711E-5
230.0	25.934052859060387	22.805342953922413	27.6430459745388	23.6175582124784	0.0
231.0	24.50871687268588	25.46244814136614	24.472330506447694	25.554999578090143	0.0015049014101463677
232.0	25.027114293098208	25.71564973199292	24.05689297774952	25.20012673161121	2.1626554814125167E-4
233.0	23.165784211063933	25.197480508683352	22.214501987505237	29.421796298329532	4.369944179425538E-4
234.0	27.28918091474194	21.56977310890861	26.297058523812268	24.84260288963815	0.0013845628990310273
235.0	25.62131043075169	22.116930726752315	27.755705048555335	24.505941702213754	1.120917269019584E-4
236.0	28.805428692472905	23.69828254960911	23.912779280195085	23.583168736292258	3.4074143063697067E-4
237.0	27.931400627909248	24.337968994828646	22.424223292333654	25.30634968920214	5.739572631421864E-5
238.0	26.879345826583407	22.781758840350065	24.820300379351345	25.518594953715183	0.0
239.0	27.912872163390585	23.289501867731207	24.248023406073248	24.548307979107772	0.001294583697189812
240.0	25.20068744572317	21.394254744129586	26.98844770085164	26.416549294918106	6.081437749186912E-5
241.0	29.067328992251085	21.602892052214766	23.97140828621428	25.356300394448255	0.002070274871612513
242.0	26.796191126862805	23.999133792463994	21.270092049800834	27.933546021850393	0.0010370090219784913
243.0	27.714573719514167	22.87639152677789	25.092564688305945	24.313719257428556	0.002750807973430863
244.0	26.31951516279731	22.899580721389455	26.009786637583947	24.770137712234156	9.797659951391359E-4
245.0	28.844706480354876	21.076469931010944	23.623932904182684	26.45280345546897	0.002087228982524982
246.0	24.532013585303865	26.474616106935994	23.854900689903694	25.13570237779714	0.002767240059305029
247.0	25.51878651907004	22.78993368013609	25.510897167229608	26.044846034367993	0.13553659919627228
248.0	26.182871867271533	22.943518331120206	24.324584483090547	26.53915262687643	0.009872691641285621
249.0	25.6156303668912	21.343646838143222	28.41563185167954	24.609933728946938	0.01515721433909596
250.0	27.34667788390898	22.4261977578328	24.5651407042684	25.66111570230001	8.679516898089452E-4
