# Position (bp)	A	C	G	T	N
0.0	24.594210653459566	23.39387503438776	24.335295874925006	27.67659095449987	2.7482727792650512E-5
1.0	23.128797569993676	29.915972512252527	23.97567691702265	22.904930716099887	0.07462228463126232
2.0	24.6871141557605	26.405662347945245	22.38968340677019	26.516856574485093	6.835150389712934E-4
3.0	26.277732146139847	22.206913543691694	23.846565886151687	27.66272443914286	0.006063984873908722
4.0	26.453291937806277	22.984506152017214	23.15338505590907	27.408789562912578	2.7291354862937358E-5
5.0	28.462257228493332	23.386693183044784	22.376710290033788	25.773603338097995	7.359603301027401E-4
6.0	25.827483552636053	23.85121499212698	23.907347854230878	26.40794033754271	0.006013263463383987
7.0	25.92977540906316	25.430572786192123	22.964271203822197	25.674674476762	7.061241605270076E-4
8.0	27.80112493016646	23.94352026121811	23.753817114776503	24.501510574018127	2.7119820792224205E-5
9.0	26.5149532014537	24.723330242756887	22.38552798099634	26.376080291822607	1.0828297047258748E-4
10.0	24.753465171952364	24.734209709296604	22.968575734006336	27.543749384744697	0.0
11.0	27.834986609668967	22.138426943172714	22.7621455184121	27.264335947711043	1.0498103517599546E-4
12.0	28.734484068329518	23.75038221044371	20.300144909863064	27.214937030101225	5.178126248413876E-5
13.0	25.33700608661329	22.630564740851778	24.688182017843623	27.34401677568713	2.3037900417907515E-4
14.0	27.05481308413582	21.441739282853835	23.016743474928354	28.486628168815724	7.598926626284282E-5
15.0	25.51752894810303	22.874229209543945	24.641781920455124	26.9664599218979	0.0
16.0	26.38992634493092	24.63229725646135	21.572337592259704	27.405364922238206	7.388410981838546E-5
17.0	28.75214180435064	26.521212314385007	18.891607797230286	25.833782460288486	0.0012556237455835849
18.0	26.274840004592352	25.393016695704446	19.373220192653623	28.95870739098369	2.1571606588543894E-4
19.0	25.116659342797377	24.850973367263947	21.60423018424439	28.427421806469116	7.15299225164036E-4
20.0	23.615015635860292	25.135950874625383	23.330006050681266	27.91895639365188	7.104518118297332E-5
21.0	23.988466204493847	24.217680296048812	23.413985608372695	28.379468358678572	3.995324060734567E-4
22.0	23.31015558211097	26.686886051652607	25.70969342473986	24.293171764607223	9.317688933613795E-5
23.0	25.950240981966715	23.160413074825968	23.310528044659147	27.578446728788116	3.711697600573086E-4
24.0	28.77494035627309	21.000999497495286	24.201205827584847	26.022808385857477	4.59327893053768E-5
25.0	25.383926016691177	24.527992653932905	19.835451010778495	30.252425451827968	2.0486676944908369E-4
26.0	26.89701906222562	24.418888977942846	19.89647251244001	28.78748360237439	1.358450171368489E-4
27.0	25.67343227189629	23.83941885452255	19.894411927196902	30.592669186433376	6.77599508875876E-5
28.0	27.632310708038215	23.019090351104353	22.706276629664526	26.63950698769994	0.002815323492958451
29.0	28.388584570760834	23.41052471178371	21.719720789224922	26.480749109858404	4.2081837213278725E-4
30.0	24.468582957559462	24.043528530395054	24.26394341995109	27.2237690770099	1.7601508449274102E-4
31.0	26.861901757058863	24.400538719535767	21.885711119205386	26.85127893323194	5.694709680415083E-4
32.0	24.797297971223404	22.180829680858952	24.279381657444954	28.742187130714132	3.035597585572412E-4
33.0	23.604334524724315	24.601504514897325	24.773353378073296	27.02072170081422	8.588149084256398E-5
34.0	26.252299638231406	26.30087889714438	22.556273813310035	24.890505075276565	4.2576037609968586E-5
35.0	25.718284100496625	21.725746912738227	25.220524712408494	27.335191668729614	2.5260562704294804E-4
36.0	24.839433392302393	23.842490361797473	25.835493148737466	25.482330733142717	2.523640199569467E-4
37.0	25.772862538328038	24.656695331889033	21.366470204251534	28.20397192553139	0.0
38.0	27.67377051902323	24.933430940630423	20.809375512969012	26.583296919758354	1.2610761898096217E-4
39.0	23.606054155554908	27.8462619201668	20.867134413020633	27.680360389817118	1.8912144055062077E-4
40.0	26.644357755267166	25.79830836344658	22.366690177376647	25.190580672515562	6.30313940464327E-5
41.0	24.962227906476464	24.061411793968563	20.987838982481144	29.984130678838888	0.00439063823493822
42.0	24.862250287619677	25.09661017340783	20.3893310692058	29.65168243594804	1.2603381865455957E-4
43.0	26.71795952118361	25.242267793311584	22.094650522971623	25.941509595251745	0.003612567281440205
44.0	29.34126442454088	24.07318584163718	22.58533973140691	23.99987399855098	3.360038640444365E-4
45.0	25.7030283814967	23.82951784840665	21.715613917578807	28.748102406033667	0.0037374464841756936
46.0	25.877730840056444	24.002986322416586	21.773616017807083	28.345666819719888	0.0
47.0	25.632465428554095	23.85225612627245	22.90651009406658	27.607298856040074	0.0014694950668000968
48.0	22.945433880126366	23.58174550976492	22.359698122900628	31.113122487208084	0.0
49.0	22.957411796206816	25.234823307028982	23.88132363081466	27.924762532688085	0.0016787332614555707
50.0	27.81082880477261	24.097209676400684	19.846248203106132	28.245650368044572	6.29476760032758E-5
51.0	25.08567000087695	26.683703461584134	20.385516052923858	27.84284469299153	0.002265791623536204
52.0	23.268010393047295	25.465855154754653	21.412650457365263	29.853483994832786	0.0
53.0	23.08138836329975	24.511041899350868	23.691735788458583	28.71435034222209	0.0014836066687074964
54.0	23.227893036937118	27.845648978923222	22.44626335084682	26.480131950808456	6.268248438265902E-5
55.0	24.458573568603317	27.28067180395344	22.35875916004924	25.900703889254256	0.0012915781397483382
56.0	27.310124387347688	24.643145844524458	24.583825499874923	23.46290426825293	0.0
57.0	23.370641196795162	27.3534673611733	22.75510310341165	26.5161231201148	0.004665218505089045
58.0	25.753072012368015	24.79592108726581	21.497172882327266	27.953584125492704	2.498925462051318E-4
59.0	28.130952628839147	22.0245288912025	24.00812077043207	25.833545028630923	0.0028526808953669965
60.0	24.83730564176149	22.01151995770113	23.191054054930337	29.960057994677726	6.235092931981787E-5
61.0	25.596138627688298	23.350425439238165	22.356528555468365	28.69150418290396	0.005403194701211645
62.0	25.459785879341013	21.691686200189515	24.514820540953902	28.33354113676791	1.6624274766013333E-4
63.0	27.380409151848976	23.012422670001325	22.098925047563718	27.50577039920274	0.00247273138324178
64.0	26.07909679019165	20.545331954982153	23.45172888943625	29.923717965464093	1.2439992585764419E-4
65.0	24.77756064916342	25.418601440180517	23.583608959519957	26.21560581163879	0.004623139497325835
66.0	24.73430796933052	23.267627427071254	23.177056016624174	28.820448864364284	5.597226097667863E-4
67.0	27.0153440751464	24.14424562460342	21.55954392933612	27.280265219647198	6.011512668641068E-4
68.0	24.190337528988326	22.065846716121282	26.469087272995605	27.27439683141128	3.3165048350494865E-4
69.0	23.08063484114773	24.043931727071616	25.07759747642125	27.795058509792668	0.002777445566730513
70.0	26.586601692234453	22.77869142613486	24.028843748752195	26.605490731233388	3.7240164510495623E-4
71.0	25.065128019778122	22.48989969005912	25.47178102131958	26.97222167209641	9.695967467759877E-4
72.0	28.125212716320895	25.126268408083654	21.597353633638242	25.149329435648387	0.0018358063088205747
73.0	26.037796475345548	22.08651739548202	22.37838589214271	29.493979799779694	0.0033204372500262435
74.0	25.237071653980852	25.028531486699222	23.655246855350775	26.07828400762489	8.659963442582896E-4
75.0	26.398259874541903	24.035585977970094	21.882160105974467	27.682159075094454	0.001834966419083651
76.0	27.09501859815169	23.33578394889415	25.10560806121948	24.46264103237575	9.483593589255665E-4
77.0	24.811071699367236	24.094300671520593	23.941479951067684	27.152364299199593	7.833788448955241E-4
78.0	27.85396044145243	25.190584926325304	20.146848466095662	26.807925892194724	6.802739318823159E-4
79.0	27.817822918573416	20.12365208385898	22.64903141331038	29.40689628445957	0.002597299797657978
80.0	24.42670944174524	22.741966635356263	27.85838299402052	24.970178852678895	0.00276207619908633
81.0	25.54603703442621	24.633883214465186	21.623573613125913	28.195970231639333	5.359063433584921E-4
82.0	23.386756525411485	21.78146376894337	23.657956911745277	31.172524296838077	0.001298497061789704
83.0	26.199269369689667	21.60592336110553	23.74319735777699	28.45064123372441	9.686777034094364E-4
84.0	23.444316304559287	25.054262524276965	24.947097645340303	26.553087007989557	0.0012365178338845455
85.0	25.82415465069625	26.738131560991864	21.147915598090027	26.289076933190376	7.212570314832816E-4
86.0	26.25089739859499	24.110081443816462	22.335725572006602	27.3014616366737	0.0018339489082440331
87.0	22.858039455508706	21.41431003959397	25.34296506433608	30.383923067032825	7.623735284130432E-4
88.0	24.597486681787014	26.408034277915505	25.95547464264993	23.038221458146527	7.829395010285352E-4
89.0	26.29735657179471	25.77295629036196	22.483139273157683	25.4455795382319	9.683264537515954E-4
90.0	24.048439484842728	25.0675837983475	25.04786799434855	25.835923307376596	1.854150846296251E-4
91.0	27.228022498125874	24.630557296862907	23.624783206376403	24.515977785335842	6.592132989690934E-4
92.0	26.102724049289517	23.97647049614368	22.573092476446085	27.347712978120718	0.0
93.0	27.408543091593273	25.651439160423152	20.6187858368784	26.320964125837655	2.6778526752572183E-4
94.0	28.263276888294193	23.064617924870312	23.136156079651442	25.53147925990864	0.004469847275411803
95.0	24.04877652906575	25.79816344446234	23.524570140462593	26.62599758844464	0.002492297564675122
96.0	26.611672583703744	23.577516755784377	23.823068473750457	25.986938922460073	8.032643013485161E-4
97.0	26.225297264878893	24.46170620381206	23.40979199799647	25.90308096042496	1.235728876141659E-4
98.0	28.635297228590424	22.527001122798577	24.07999301442998	24.757688039929782	2.0594251238332326E-5
99.0	22.191402231350867	21.829591597033456	26.59034344010803	29.38864214367139	2.0587836253409088E-5
100.0	22.673261313748398	24.551418175080673	24.399590322132383	28.375709602211025	2.0586827518412344E-5
101.0	24.198864024675927	21.26870065205774	28.37799504801711	26.154337349099972	1.0292614925279733E-4
102.0	25.35621145657403	23.68018745414315	24.213012104148877	26.750568398446283	2.0586687659598297E-5
103.0	25.874869343376105	25.16958087372282	25.290120486094104	23.665326377055976	1.0291975100007122E-4
104.0	26.050468081129807	26.829227627541584	22.570544594450787	24.54928627430639	4.7342257142968876E-4
105.0	27.595698266042064	22.841794812576186	20.533645222630746	29.025712341405157	0.003149357345845133
106.0	26.910475776450955	22.68210192730805	24.349726762458815	26.057572031936754	1.2350184542632528E-4
107.0	26.785279831645298	23.300675913495915	22.60214140131741	27.311079522649216	8.23330892157238E-4
108.0	23.69651402186896	23.609646512416642	25.13961364229437	27.55410234437318	1.234790468405416E-4
109.0	26.44255433159854	23.668906445587528	25.407439402398204	24.48037959015606	7.202302596718178E-4
110.0	24.93552232983019	23.19735167255097	23.102780307591512	28.764201651830046	1.4403819728376884E-4
111.0	25.03109178888696	23.323368596758222	24.35668187441304	27.288096392364796	7.613475769804708E-4
112.0	26.23712831419033	23.13679222960252	23.506168409365596	27.119767016468433	1.440303731250846E-4
113.0	28.628579940727644	21.387838879931923	22.547032308453264	27.435684722431404	8.641484557667096E-4
114.0	26.431796740531627	22.298376850181945	26.74087113258347	24.528605482104403	3.497945985541137E-4
115.0	27.944854367973093	22.403664083935805	26.15931719438634	23.491505878741012	6.58474963753011E-4
116.0	27.104422034882177	24.22199911888127	24.547428653972823	24.126067883181186	8.230908253975375E-5
117.0	26.682009007040275	25.886289717545374	23.803077275104872	23.627842067726064	7.819325834188314E-4
118.0	27.31292888650471	23.881631079979663	24.634024737114913	24.17100375877887	4.115376218434293E-4
119.0	27.445393897104776	20.526347088405	24.759705162334182	27.2680600005062	4.938516498451879E-4
120.0	25.60513205565571	23.25532680618798	24.451156187889765	26.688302642471196	8.230779535072072E-5
121.0	28.284516641600373	23.403574524685176	23.498455382436116	24.81285671632393	5.967349544084207E-4
122.0	26.710638487881855	23.3281184185536	24.40285864851056	25.55787001836915	5.144266848348453E-4
123.0	24.835534945853233	27.650808760028866	22.357452816930245	25.155586173803414	6.173033842423434E-4
124.0	25.419245184794224	24.586341390141495	22.465788658738465	27.52850130610624	1.2346021957400052E-4
125.0	26.9970485426665	23.42425018086524	23.874499688475574	25.703193351731247	0.0010082362614434817
126.0	24.307752643638807	23.699209542120443	24.321024335962708	27.671869444407864	1.4403387018186128E-4
127.0	26.173964984289245	22.642743989924377	27.605679533551836	23.576706151195655	9.053410388829572E-4
128.0	26.559314902053178	23.364584822948807	23.964662805926295	26.101828484774288	0.009608984297438188
129.0	24.849740096817357	25.634789064128384	21.703104003041926	27.809198163239735	0.003168672772603079
130.0	26.563163258608384	23.779007452879124	23.867402496419242	25.790426792093253	0.0
131.0	26.2664070523036	23.98594740895579	24.17769523597493	25.56920956644497	7.407363207091973E-4
132.0	26.98694754429265	25.04983019564795	21.857734714264698	26.099355864860218	0.006131680934484636
133.0	27.284715749274174	25.53291481223135	23.75763636401048	23.422922363718293	0.001810710765704315
134.0	27.24848863448607	22.41263339224269	20.638788940514306	29.70004788056977	4.1152187166731585E-5
135.0	26.75051794915796	23.01490545434568	26.17873170820034	24.055351064488654	4.938238073692091E-4
136.0	28.123555819294644	25.98809223497342	24.490074324766432	21.39189904901665	0.00637857194885126
137.0	29.635312393905412	20.795609098671825	23.9599592596784	25.608913488544356	2.0575920000823038E-4
138.0	25.71951153022795	23.641426730048547	26.511592978889965	24.126254890201288	0.0012138706322517199
139.0	26.314503047854654	23.389969854754728	25.039749258713357	25.254605112100315	0.0011727265769469113
140.0	27.906597795015355	20.96031595480411	25.019473537591846	26.113221801638613	3.9091095007408793E-4
141.0	26.674985649240696	24.69102146544399	24.93264916045486	23.70099395725017	3.497676102848137E-4
142.0	29.500113263191768	21.967174866229072	23.188483324592557	25.343899352332063	3.291936545454134E-4
143.0	27.273533418950674	24.773731962852334	23.809240665247575	24.143308782471188	1.8517047822950688E-4
144.0	28.713313333537705	24.591518816521248	22.38237192418787	24.312096392403642	6.99533349532331E-4
145.0	28.54201279122041	21.916975371191256	22.475904587412675	27.06420196837069	9.052818049673224E-4
146.0	27.974059534684674	21.23875597692352	24.489255939889226	26.29342270942893	0.004505839073648866
147.0	26.794908669852347	24.12135546604484	25.78521789331052	23.295123256917297	0.0033947138749979944
148.0	24.534239698463516	24.063706166519903	23.393396482622972	28.008060998592722	5.966538008904544E-4
149.0	28.237424429714903	24.307728455576278	24.006558340342394	23.446046149516004	0.0022426248504230947
150.0	26.12530183346858	23.407874746723245	24.781618238889155	25.685205180919024	0.0
151.0	26.998829259058837	23.278630171372605	25.390531606919097	24.331556303586087	4.526590633660963E-4
152.0	27.66099112836637	23.818969045268027	23.14225415665572	25.37762106394173	1.6460576815647917E-4
153.0	25.26810003141954	22.547172004799144	24.435698276122817	27.748227223971522	8.024636869749651E-4
154.0	23.488467413777208	23.562521399317855	24.754607437744447	28.19172883442854	0.0026749147319488527
155.0	28.011891349422	22.91192341588974	23.487740853544334	25.5882797266241	1.6465451982831472E-4
156.0	26.467379257158065	22.887426056541674	25.56450804561221	25.080439656519115	2.4698416893223187E-4
157.0	25.704859633191425	21.98587399219027	26.348898726288223	25.959956003388662	4.116449414188084E-4
158.0	24.875103428686693	20.789948172451126	25.867504250352997	28.46732065156985	1.2349693933418683E-4
159.0	27.620357096177617	21.032201228605153	23.799393004422278	27.547492927132744	5.557436622066522E-4
160.0	26.99959594662214	20.397779538349976	25.417262815212577	27.18527936596347	8.233385183076524E-5
161.0	25.050275636045978	20.11554442390193	28.53190202662787	26.298552267518666	0.003725645905556317
162.0	25.970662749653982	23.04696216070236	24.391946356247804	26.59036698116392	6.175223193150277E-5
163.0	25.640018048624245	23.330193487509643	27.26280921237352	23.766938082185465	4.116930712879488E-5
164.0	25.520160349881234	23.21353546003738	24.89204646391829	26.372343309639167	0.0019144165239259865
165.0	27.193831527210012	21.59445124002261	26.0465270432675	25.164510860413518	6.79329086360019E-4
166.0	25.248079663818423	22.74592479886726	25.531861018981957	26.473969828391024	1.6468994133538427E-4
167.0	27.277190860212286	22.536941426708914	26.299771877927824	23.885704686394426	3.911487565483964E-4
168.0	25.734671495954448	23.372292506938518	23.977669107593982	26.915222776736165	1.441127768946867E-4
169.0	27.01671057142063	21.835064302707067	25.546781467561434	25.60121718595748	2.2647235338746024E-4
170.0	31.41896767799094	22.381018362864065	22.817993132018305	23.381897294870054	1.2353225663991026E-4
171.0	25.672019516417304	22.913878187924784	26.583974310274222	24.829427970415722	7.000149679671092E-4
172.0	27.900779387606377	24.075789577697904	23.789705331373543	24.2335404289308	1.8527439137362435E-4
173.0	29.12589302660111	19.40287999920954	22.894910947447034	28.57499858993091	0.0013174368114076854
174.0	24.944222239101183	24.686653414624054	23.90073194995841	26.467836625656965	5.55770659384836E-4
175.0	25.61934800879268	23.817133042672978	22.99066328566962	27.57151770031821	0.0013379625465173555
176.0	24.915870936506536	23.770937576934763	27.48375261320886	23.827853862855836	0.0015850104940045436
177.0	23.300628291717253	25.71440158914428	23.871626655676003	27.089606763374334	0.023736700088132535
178.0	25.422471731091978	22.928718773280384	23.355405289405976	28.293033675669253	3.7053055240547406E-4
179.0	29.06519530098437	23.360400598823105	22.493910482862887	25.07925842115578	0.001235196173856332
180.0	26.924664892417937	21.67495576076213	25.3804202872103	26.019752623595306	2.0643601433161386E-4
181.0	28.29363979666541	21.67027203653074	25.91008359218924	24.125198019597217	8.065550173926351E-4
182.0	26.306289575719948	22.153427901798963	25.516507155709977	26.02371332573262	6.204103849253513E-5
183.0	24.236874236874236	24.08501427810371	25.72720301378838	25.950453491103897	4.5498012977687773E-4
184.0	26.482454754303685	21.50478702238356	26.065053537052375	25.943878542905335	0.0038261433550437667
185.0	25.38420736454748	23.43813298288678	24.103367947168323	27.073898797183883	3.9290821353941025E-4
186.0	27.776047476704015	22.721969019200554	25.09630056115525	24.405682942940185	0.0
187.0	24.879347255438933	22.47209571718769	27.588269516831488	25.059644996463064	6.425140788306741E-4
188.0	28.021648335181094	26.98286069832711	21.929924375497304	23.065152062517527	4.145284769664142E-4
189.0	25.861123351989672	22.599800930841084	24.425105929085447	27.113057767780564	9.120203032301686E-4
190.0	29.251109394242864	20.78231702172603	24.895973884070763	25.070288756555982	3.109434043617897E-4
191.0	27.31179852517397	23.371099756355484	24.169631575930612	25.147117094740583	3.5304779934922906E-4
192.0	27.15462756997796	22.67749178043213	24.25809962344721	25.909677178159523	1.0384798316831889E-4
193.0	28.049000876172958	23.919874834808784	21.499202969266644	26.531755141855683	1.661778959302618E-4
194.0	28.415602609699814	22.44205150640221	23.98116116975741	25.161184714140568	0.0
195.0	26.90782419064664	20.727511625263947	24.562243702432305	27.801776393935683	6.440877214233342E-4
196.0	29.20378508928218	21.61187206048141	25.959556808638773	23.224640172708764	1.4586888887499662E-4
197.0	24.866168446120046	23.297642834767505	23.971088841225598	27.86437040864242	7.294692444303459E-4
198.0	27.795343417479256	22.55403078702906	23.672809245923478	25.977670372261397	1.4617730680841688E-4
199.0	26.433021865517713	22.689800569371368	25.192172252624122	25.68452407106806	4.812414187331801E-4
200.0	28.14891276531144	23.10647569899637	23.780827581906436	24.96367932848974	1.0462529601111873E-4
201.0	25.600721539675263	20.83539980789634	28.259704059916253	25.3038816239665	2.929685456413605E-4
202.0	25.790566111970076	24.45188169635196	27.934319559814398	21.823211704128706	2.0927734857318888E-5
203.0	26.936498977991434	23.852448926786337	21.94710006640334	27.26315652850361	7.955003152693355E-4
204.0	25.904670741325337	23.265982755454946	24.067431392709622	26.761810428086207	1.0468242388383935E-4
205.0	27.984256904406422	24.00771828753008	24.77169559244829	23.23553360220879	7.956134064208933E-4
206.0	26.16152119470991	21.12514971564497	25.359150033921583	27.354095298719354	8.37570041794745E-5
207.0	26.538711716235962	23.054257260527915	26.60329721097049	23.80352439107648	2.0942118915214994E-4
208.0	28.6834969400455	22.055320056285233	21.226080556250253	28.035102447419007	0.0
209.0	27.613560566193946	20.29088582604586	24.793442447116238	27.30148268938772	6.284712562386246E-4
210.0	25.311540040241702	23.544936462070112	24.514772786083068	26.628352610839112	3.981007660087318E-4
211.0	25.553266955550026	24.97554215928153	25.257530374248976	24.21286411165015	7.963992693246283E-4
212.0	29.153757303482923	21.605121406545923	23.850234124497245	25.390572665186557	3.1450028734842923E-4
213.0	30.168118121341514	22.41195243712432	22.364436552868398	25.05507332235888	4.195663068955513E-4
214.0	28.476060159354017	24.001896091976416	24.03829803492487	23.483703727651328	4.198609336615526E-5
215.0	26.524801984082984	24.295128136238233	22.89429452010266	26.285396653543103	3.787060330185374E-4
216.0	26.577242814929907	23.882526346161335	26.049032255868056	23.49111347015655	8.511288415434285E-5
217.0	29.850399528074224	22.599345739261008	24.894428058132675	22.655032981176596	7.936933554995442E-4
218.0	24.563139334693552	23.965871261851397	24.859900616255427	26.61080733271211	2.8145448751034887E-4
219.0	26.71887586380012	22.10224087308425	24.399286657004993	26.778875041653947	7.21564456696949E-4
220.0	27.91090187689502	21.47521538310564	24.390173221957387	26.22335825746654	3.512605754131209E-4
221.0	26.38399427722815	21.81817820085497	23.839982562876877	27.957579688404273	2.652706357343421E-4
222.0	25.98754564670797	24.391432982135616	23.766195186594512	25.854692372299613	1.3381226228809155E-4
223.0	31.020836254243868	21.97098008701646	23.58282680424362	23.424613008469475	7.438460265773931E-4
224.0	30.457259443524332	22.013793172002575	24.139225775930875	23.389586057993494	1.355505487199171E-4
225.0	31.272033719867707	19.003313249112406	24.047483468392848	25.67603387704659	0.001135685580450036
226.0	25.557484258269852	22.17309253339815	25.272505056156586	26.996665917606432	2.5223456897698244E-4
227.0	28.293163431048455	22.938198113358315	24.954378790717755	23.812731044587306	0.0015286202881727175
228.0	28.20359532161566	27.58876648088357	22.34554260139756	21.862049072790377	4.6523312832060144E-5
229.0	27.497144486185686	25.16931462041828	21.61096461038413	25.722552838727708	2.3444284189737404E-5
230.0	26.234784037020535	22.38957828399507	27.007549930101995	24.3680877488824	0.0
231.0	25.082380556562562	24.744990927377895	23.686574145370475	26.48433262901345	0.001721741675618129
232.0	24.95144027063106	24.934005181468017	24.484107735864892	25.63027847324411	1.6833879191906464E-4
233.0	22.70831799246967	25.210561707697554	21.88631502612382	30.1943435289017	4.6174480725435114E-4
234.0	27.583843251937996	21.086116141277166	26.336647197682773	24.992209034263226	0.00118437483884483
235.0	26.144624107580782	21.640647866135367	27.342790870977186	24.871737369277504	1.9978602916276666E-4
236.0	28.988548739582114	23.28826907400689	24.02917791881653	23.693827167990104	1.7709960435948385E-4
237.0	27.84127932510137	23.913962680393418	22.402768841090378	25.841835953059412	1.5320035542482456E-4
238.0	27.508487275545797	22.082805839038883	24.21638031262111	26.19232657279421	0.0
239.0	27.949318106249233	22.570958054829024	24.24043921864323	25.23776610088729	0.0015185193912308121
240.0	25.83674292505225	21.209907191524515	25.973189501405177	26.98005254042442	1.0784159363993417E-4
241.0	29.222632211048534	21.29732534255543	23.502086821830144	25.97514818041176	0.0028074441541319235
242.0	27.347622787828428	23.6246075484844	20.33315374146127	28.693669278321966	9.466439039378222E-4
243.0	28.255443392403194	22.60419217607833	24.994988416469635	24.142314885649206	0.003061129399628547
244.0	27.240619934884258	22.269573534217248	25.560127843114266	24.928783047759868	8.956400243614087E-4
245.0	29.156073187960928	20.953014595540147	23.21294463029972	26.67619955081021	0.0017680353889963463
246.0	24.744859591034228	26.27826325781933	23.232817530467536	25.7413621729549	0.0026974477240080475
247.0	26.159989655263853	23.168928393047484	24.640592864920546	25.894482051035304	0.13600703573280729
248.0	26.12414056594427	22.547893213146214	23.540597363115918	27.77655836652656	0.01081049126703884
249.0	25.734913942150943	21.221116913312045	28.447418484077737	24.57945325630079	0.01709740415848388
250.0	28.44466449368046	21.43931454662981	23.811995433978353	26.303337871848825	6.876538625517459E-4
