# Position (bp)	A	C	G	T	N
0.0	23.210327864900545	24.302360043051678	26.37799164963838	26.109320442409402	0.0
1.0	22.44224624809327	30.91864524777348	23.38181482009054	23.17781712561824	0.07947655842446802
2.0	24.0240882268038	27.377377353808075	22.79975719640014	25.797976668062145	8.005549258380043E-4
3.0	26.16401471552895	21.655054675022658	24.97522471862527	27.19972970709171	0.005976183731416186
4.0	25.3087673662541	24.110045601552088	24.123399737243272	26.4576462301369	1.410648136392747E-4
5.0	28.376595862618416	24.442005913229416	21.980509078883458	25.20037241883402	5.167264346909459E-4
6.0	24.843383553162347	24.34764254488827	24.233569110114637	26.56879115930881	0.006613632525938573
7.0	25.233008704266087	25.82114238284258	23.911241110464548	25.03371832221561	8.894802111719651E-4
8.0	27.228265160855962	24.616846646616807	23.308170558665925	24.846717633861303	0.0
9.0	25.818826602576948	26.209955969395793	22.86780657112252	25.103224405055457	1.8645184927605407E-4
10.0	24.849985047415064	24.451855005575776	23.38137103558529	27.316788911423867	0.0
11.0	26.67739605938394	22.97341002082579	22.841698305294226	27.50731518748847	1.8042700757748325E-4
12.0	28.186003474934473	24.91018798091403	20.40301965329611	26.50074453376484	4.435709054745965E-5
13.0	24.891606773778506	23.011201872489156	25.190262146732543	26.906841740204374	8.746679541778951E-5
14.0	26.144260465324898	22.681904065285394	23.91971987522216	27.25398621026351	1.2938390403854604E-4
15.0	25.125977625555997	24.015091761795816	24.422496077572916	26.43639194629043	4.2588784839755434E-5
16.0	26.598303249248424	24.684002124074375	22.08226188833557	26.635349113366196	8.362497543516347E-5
17.0	28.35632799544021	26.864372069576874	19.569242377063905	25.208707297502876	0.0013502604161338934
18.0	25.45827177665852	26.281633300615816	20.11210246493146	28.147911306451412	8.115134279098133E-5
19.0	24.62994703028756	24.891282047968364	21.930535205716012	28.54754916135327	6.865546747911662E-4
20.0	21.992331766007577	26.50436452052722	24.53182381155583	26.971399840999034	8.006091034058712E-5
21.0	23.217097353801407	25.05202419050439	24.158315475961313	27.572364527737836	1.9845199505775152E-4
22.0	21.748375400088037	27.337061925440985	26.14748842292177	24.76703498392187	3.9267627336080234E-5
23.0	24.476578878227944	24.68836416622553	23.33501212707585	27.499616034403317	4.287940673612091E-4
24.0	26.918450027242663	21.76515512905779	25.346505887421134	25.969811890748822	7.706552959046607E-5
25.0	24.18822527819385	26.227285499652375	19.832234620237692	29.752102302538148	1.5229937793319082E-4
26.0	25.499013057599758	26.49915756200639	19.689860254403413	28.31177998409695	1.8914189349193008E-4
27.0	25.377405098996412	25.28289130800982	20.53315877676242	28.806394076532804	1.5073969854321388E-4
28.0	27.92764751283671	23.848791314186826	23.007605410724572	25.21226977967132	0.003685982580567574
29.0	26.992036847943464	23.770339462413776	22.92884585717749	26.30855745002828	2.2038243698898824E-4
30.0	23.27401037671742	24.728916277564068	26.103947993922127	25.892833707124584	2.916446717976686E-4
31.0	25.54452826154317	25.016534900872138	23.272949989399542	26.165551957641657	4.348905434863363E-4
32.0	23.87077770458678	23.06531794313203	25.063898611810732	27.999754594887822	2.5114558263622495E-4
33.0	23.64496629763853	25.382226308074014	25.94137670330918	25.031288711572387	1.4197940588717606E-4
34.0	25.433766522450064	26.711808656302438	23.260176907733847	24.594107225825194	1.4068768845555517E-4
35.0	24.70993081141551	22.72098917267268	26.25313328921106	26.315738275027662	2.0845167308524112E-4
36.0	23.03318289016121	25.59568067725115	26.815749116050906	24.555144330333494	2.4298620324337983E-4
37.0	24.89614230967289	26.211800287872837	21.24634086420147	27.645716538252803	0.0
38.0	26.11018428804204	26.065294367216897	21.71544716293272	26.109074181808346	0.0
39.0	22.827930458258795	27.852871340287138	22.595516537424505	26.723508246688247	1.7341734131793017E-4
40.0	25.292897599496754	26.664093571875174	23.308875061683185	24.73402973346275	1.040334821358906E-4
41.0	23.29337766944172	24.92380453740079	21.809516544557443	29.96903638311668	0.004264865483368758
42.0	24.478962435508457	26.92826283598788	20.982854377138523	27.60978166919935	1.3868216578551484E-4
43.0	25.594595943768528	25.830673274520844	22.463330014615302	26.10783014080054	0.00357062629478536
44.0	28.486314151979325	25.480862550883458	22.99904610845525	23.03349989462826	2.772940537063123E-4
45.0	25.446043948351015	24.66936154079151	22.48896023466476	27.39185673916072	0.0037775370319926196
46.0	24.44620250423026	25.096291891521012	22.642481678117736	27.815023926130994	0.0
47.0	24.836999890160953	24.703668451002603	23.831885964198012	26.6257825166032	0.0016631780352392774
48.0	22.524629347374255	24.894069557988082	23.222183732852987	29.359117361784676	0.0
49.0	21.874239058637386	26.322933902403456	24.83258857054383	26.968471958737105	0.0017665096782216029
50.0	27.330475747812997	24.883541152487147	20.674224860301337	27.11158506639107	1.7317300745405893E-4
51.0	24.349449716841896	27.341257281529863	22.25050609705844	26.056501416656218	0.002285487913578084
52.0	22.54670213607499	26.376520826877993	21.499062658360995	29.57771437868602	0.0
53.0	21.860288406277267	25.42384042259411	24.505914545496545	28.208370725525167	0.0015859001069103526
54.0	22.419823193365147	29.28389624098876	22.430441382253765	25.86570128483533	1.3789855699502499E-4
55.0	23.358998230180983	29.022006537466673	22.770433708795327	24.847117615268573	0.0014439082884461208
56.0	25.715606642353077	25.85760395433812	25.45667036755683	22.970119035751974	0.0
57.0	22.599933596427128	27.73541819471645	23.45929619086834	26.200471424122917	0.0048805938651622525
58.0	25.057555561436075	25.799978486471737	22.141372748683157	27.000818270140492	2.749332685407264E-4
59.0	26.792285160142786	23.20957049210523	25.1991046134264	24.79635934774511	0.0026803865804727652
60.0	23.575331102540755	23.74401277822871	24.1860431608277	28.49454434677961	6.861162322064332E-5
61.0	24.76208117230592	24.453774594550097	23.151429708295602	27.627603523503748	0.00511100134463928
62.0	24.624745448427518	22.699123042606885	25.18987823713968	27.48580736710067	4.4590472525237346E-4
63.0	25.606519479895866	24.280295105245287	23.554982387663475	26.55590502028763	0.0022980069077401673
64.0	24.150265825908587	23.070841158537526	23.541465795514792	29.23739299279277	3.422724632561954E-5
65.0	23.377567870496332	26.92646115146693	23.70095057196882	25.990331716248704	0.00468868981921165
66.0	23.808060395644862	25.00936837476237	23.718876890144468	27.463181003844884	5.133356034174462E-4
67.0	26.433760749569675	26.230353054708594	20.901235708590416	26.43403451497326	6.159721580584558E-4
68.0	22.43067919689808	23.309570241989324	27.542099271161018	26.717445973557304	2.0531639427454702E-4
69.0	22.40435307333835	25.457348839548853	25.472712708314727	26.662813723185515	0.002771655612551289
70.0	24.088706489537948	23.006097554725784	25.563913627711948	27.340906505185842	3.7582283848056877E-4
71.0	24.216457326672618	23.27994765932216	26.931629989572752	25.570976821530557	9.882029019089354E-4
72.0	26.535182090294708	26.16992822693441	22.46716718711935	24.825746308704254	0.001976186947285213
73.0	25.09390385539845	23.73449968877579	23.048034824404475	28.119779925135845	0.0037817062854343325
74.0	24.49679622244153	26.581764034773652	23.440634643993867	25.47971497298021	0.0010901258107384887
75.0	24.520526712915572	25.325925332942724	22.583080258825813	27.568219405804335	0.0022482895115591038
76.0	26.654939628690734	24.46456783571428	25.75286153125049	23.126575025905534	0.0010559784389641057
77.0	23.70137312826843	25.709070385384	24.708985571815465	25.87958312598289	9.877885492145207E-4
78.0	26.658162961196872	26.832585427328233	20.926097803966314	25.582370422091465	7.833854171101593E-4
79.0	26.759128572479547	21.12616380613994	23.524142591285724	28.587874345720927	0.0026906843738675286
80.0	23.517363190077905	23.671237952777684	28.52139227029645	24.28697541069031	0.003031176157653856
81.0	24.695099315374076	25.268322819751504	22.537890785443235	27.498108100192013	5.789792391667876E-4
82.0	22.417770663760514	22.545107788713686	24.88499131560127	30.15066580390287	0.0014644280216599122
83.0	24.596153230535766	22.740062103551782	24.57405123168412	28.088643659246433	0.0010897749818995187
84.0	22.694707964445062	26.671175395688646	25.619728890532556	25.012719110949465	0.0016686383842676687
85.0	24.366211859316195	27.54250793767546	21.320507738807912	26.77002330564171	7.491585587279015E-4
86.0	24.982140388464426	25.856222806230196	23.039409641942882	26.119673358090488	0.002553805272007502
87.0	21.25838723934268	22.543687191469104	26.60875303295786	29.58825320014083	9.193360895256294E-4
88.0	24.61318667175574	27.557472546068094	25.498270180125303	22.330083203637983	9.873984128762202E-4
89.0	26.356989792062034	26.41194146931388	23.241018601176798	23.98892659014288	0.0011235473044057353
90.0	23.047578257565647	25.93312597200622	24.9981955751417	26.020895920774173	2.0427451226055624E-4
91.0	25.77655685013378	25.50303970356379	24.77352446623473	23.94636830578359	5.106742841112548E-4
92.0	24.764579941029663	24.701156699662867	23.198301632493127	27.335927683206528	3.404360781899967E-5
93.0	25.68306066736863	26.631902139148668	21.44639770796503	26.238469271418975	1.7021409869762385E-4
94.0	27.458556407778328	24.001011728493197	23.29920168085821	25.236566427703117	0.004663755167151368
95.0	23.307686861135963	26.978529674881436	24.74533944981611	24.966197309673493	0.002246704493000494
96.0	25.25277316061848	25.13152237812203	24.30261227015709	25.31217310880947	9.190822929265044E-4
97.0	25.338460548705537	25.428221991587545	22.86506816185108	26.368045062490914	2.0423536491924024E-4
98.0	26.918678110840016	23.337052598902055	24.893663950853956	24.850605339403973	0.0
99.0	21.358849915935497	22.889640666798268	26.985760086038486	28.76568126280537	6.806842237817454E-5
100.0	22.30332591307165	25.493414503577007	24.42730633610484	27.7759532472465	0.0
101.0	22.858972753408548	23.14010296423749	28.322413915145706	25.678476336193757	3.4031014505379624E-5
102.0	24.620186490262785	24.91869344493023	24.93224028278173	25.528811707463184	6.80745620678329E-5
103.0	25.60350152902597	26.172397890505746	25.072247965978534	23.151750509249883	1.0210523987073476E-4
104.0	25.040765794511806	27.6075047862157	23.420753031269943	23.930636034886195	3.4035311635822167E-4
105.0	27.1892531810418	23.811096051090004	21.65583003219335	27.34028076084951	0.0035399748253328767
106.0	26.023056314686123	23.197672380313126	24.77813513359885	26.00100002144362	1.3614995828705655E-4
107.0	25.009317737398078	25.42168080069572	22.518324883549557	27.04989371822822	7.828601284230985E-4
108.0	23.5967863530621	24.837998771312705	24.42701818695447	27.138026510374917	1.701782958005102E-4
109.0	24.80579735399746	24.93577630686877	26.079482180733027	24.17819539250308	7.487658976613998E-4
110.0	23.869506042880612	25.22068400555296	23.33599137718323	27.57368243897475	1.3613540844536427E-4
111.0	24.812812128691725	24.17368965086514	24.942420095225096	26.070397411108097	6.807141099441781E-4
112.0	24.693282853653855	25.228438247478397	23.92094239626004	26.157166331088433	1.7017151927771037E-4
113.0	27.98832122551579	22.371441931823675	23.565422714052442	26.073963302864694	8.508257434004851E-4
114.0	26.07462300005139	22.044418760335613	28.34426326030039	23.536354642181454	3.403371311553799E-4
115.0	26.65747205622418	24.60512472459566	26.048885057044817	22.68787145335545	6.467087798885823E-4
116.0	25.945713019521826	25.2716697606692	25.19144353428352	23.59103753579887	1.361497265773116E-4
117.0	25.13314669366985	27.431435451892067	23.851391713539318	23.583175200183803	8.509407149603886E-4
118.0	25.457405851132446	24.957495540222748	25.910752717817697	23.67400551477283	3.403760542722811E-4
119.0	26.640835827235865	22.016269139964436	25.25797935348243	26.084439137431957	4.765418853086221E-4
120.0	24.57807925050564	24.738535417107745	25.43587641947885	25.247372760029872	1.3615287789741834E-4
121.0	27.362933276057323	23.703724631282846	24.470347240352627	24.462348114469872	6.467378373290953E-4
122.0	26.737462974221003	23.864344217374935	24.982589118863046	24.415127145384773	4.765441562411286E-4
123.0	24.009360586823696	27.89686335245162	24.113654543288458	23.979304593495243	8.169239409772452E-4
124.0	25.278815470365483	24.99490277836872	23.045534612602648	26.680542909415824	2.0422924733012808E-4
125.0	26.159439355976893	23.668992925916307	25.048206086850268	25.12227242046804	0.0010892107884967086
126.0	23.209575661236986	25.103229726348896	25.36917114979756	26.31781923267407	2.0422994249225205E-4
127.0	25.673546911378274	23.321272482198047	27.921800754285403	23.082324669489566	0.001055182648712677
128.0	25.707705405019933	23.12465683993534	25.624989575422706	25.533049058656417	0.00959912096560349
129.0	24.020273605168477	27.163533380307097	22.862948931346818	25.950146537727083	0.0030975454505226684
130.0	26.150661583818486	24.565011745491322	24.098493969649283	25.18576462110281	6.807993810172028E-5
131.0	24.56630113064835	25.400560643633867	25.487601674101633	24.544821705452744	7.148461634036209E-4
132.0	26.45672791837463	26.464625215388565	21.88698423331883	25.185671580010855	0.005991052907124384
133.0	26.32708705642073	25.730712279805974	24.888877542336825	23.0515870989703	0.0017360224661730917
134.0	25.963848224220936	23.669974038228172	21.497347828173712	28.868761830783168	6.8078594013645E-5
135.0	25.758049720287218	24.957698441199046	26.23207225729151	23.051566885138204	6.126960840210563E-4
136.0	27.158527515058267	26.915416704252053	24.04427870942267	21.87568398317763	0.006093088089374369
137.0	27.972035827309185	21.13890213594784	25.144131972704365	25.744657747623272	2.7231641533563507E-4
138.0	24.676626974523302	24.396218881696583	27.65038917770446	23.275063047571003	0.0017019185046535557
139.0	25.302536431676735	24.038813708631	25.43443659737738	25.222987867227083	0.001225395087799558
140.0	26.285122401443513	22.084815576651227	25.3218273468914	26.30775813329076	4.7654172309998557E-4
141.0	24.86867652625244	25.67513472739997	25.18742017793003	24.26832605800835	4.42510409206395E-4
142.0	28.456619002622386	23.38786650073661	24.149631150554296	24.005542953464243	3.403926224664577E-4
143.0	25.95235412633744	26.29757856136516	24.397074136113464	23.35278894165326	2.0423453068096217E-4
144.0	27.20245138152314	25.930160679589836	23.421661041088278	23.445012070371696	7.148274270433512E-4
145.0	27.616886626881847	22.522775515316884	23.16481970887098	26.694326782862298	0.0011913660679881979
146.0	26.572397531587853	22.243145200133842	25.39721604120692	25.78267992711451	0.004561299956871888
147.0	26.17075679587295	24.814135061741673	27.15983533738205	21.851868996959038	0.0034038080442876273
148.0	23.92024338986697	24.948550600815974	23.850974764435616	27.279482394876776	7.488500046632932E-4
149.0	27.04147435947622	26.233894786933448	23.88805057950004	22.834503884040764	0.0020763900495304123
150.0	25.251497171092964	24.434159022666318	24.575153342385743	25.73919046385497	0.0
151.0	26.268663321509543	24.685693666215048	25.936961716787287	23.108136629470515	5.44666017606329E-4
152.0	26.812818485133306	24.225108160266128	23.507024076956938	25.454845025036267	2.0425260736963834E-4
153.0	24.590122079127262	23.99693483042334	25.709194930010714	25.70289710269305	8.510577456297333E-4
154.0	22.650423420123452	25.25725887384817	24.85409401438226	27.235636464649627	0.00258722699648818
155.0	26.76601643996797	24.247693066124842	24.184912870348683	24.80110525828399	2.7236527451696016E-4
156.0	25.71938778115781	23.968663873743058	26.317817910686593	23.993960203392025	1.7023102051794492E-4
157.0	24.032221821227452	23.4011998066146	26.98063422240683	25.585501542316674	4.426074344430296E-4
158.0	24.3053571823764	21.960276941252978	26.293961529884225	27.440234109669966	1.702368164353432E-4
159.0	26.161499641473572	21.944813487947997	24.707816284658406	27.1852917683286	5.788175914242386E-4
160.0	25.23958495774874	22.05819362509593	26.149881816330794	26.552237454178716	1.0214664581059151E-4
161.0	24.342791846318487	21.4309427085621	28.912391881184814	25.310128157590356	0.003745406344241659
162.0	24.794177484571186	23.789640349010426	25.543341136412	25.872772930410726	6.809959565865078E-5
163.0	24.888331520713916	24.40185261735661	26.87555034053864	23.83419742047345	6.810091738745813E-5
164.0	25.291176661873454	24.316881929970503	24.804284676710058	25.585749888228342	0.0019068432176481062
165.0	26.081161793059017	22.133434035867445	27.36992040731405	24.414768675881994	7.150878774897828E-4
166.0	24.061956214520926	23.410792790277156	26.098161473000996	26.428783044279246	3.0647792167105386E-4
167.0	25.77749232757998	24.43956939096037	26.809301711021178	22.973193865333194	4.4270510527527406E-4
168.0	25.961803048672504	25.544756092577202	23.33511558528246	25.158154994619185	1.7027884864253702E-4
169.0	25.640313946764188	22.34394784718424	26.047664164419505	25.96790375895602	1.7028267605355594E-4
170.0	31.087533572052795	23.089977528947063	23.582719562757855	22.23959904939068	1.7028685160726947E-4
171.0	25.597126653652236	23.64840196333527	27.06567746101461	23.688044661381884	7.492606160012096E-4
172.0	26.818859290833945	24.933727015575556	24.348992429301155	23.89825100614053	1.7025814881038929E-4
173.0	28.986019486502666	20.109561352791232	23.63376897727528	27.268845499288002	0.001804684142819298
174.0	23.433623557533515	26.477538553736878	24.393236198460233	25.695090931997644	5.107582717302106E-4
175.0	25.764739332297054	23.945675287772172	23.371544052424674	26.91627068375792	0.0017706437481804082
176.0	24.350622816396857	24.950522021616393	28.391880571806066	22.305340080227197	0.0016345099534845707
177.0	21.09348660726144	26.573111268671408	25.13746227577456	27.171692817361965	0.024247030930629652
178.0	25.46522052837189	23.21432645301929	24.323991183700265	26.99578082921297	6.810056955911351E-4
179.0	27.476855935048828	25.12652361263309	23.218027886614685	24.17709423736109	0.0014983283423108172
180.0	26.839286220285206	23.018163357901418	25.1947415264349	24.947535777578324	2.73117800145367E-4
181.0	27.552030731927797	22.68640428102647	26.374249292114005	23.386495155741756	8.205391899773873E-4
182.0	24.859076845672913	23.280860564348867	26.166862858494422	25.693028832679133	1.7089880466540067E-4
183.0	23.109751366589958	25.163062815799087	26.852462972273766	24.874278509204423	4.443361327649021E-4
184.0	25.988889625691407	22.574185949054435	27.018369854051578	24.414760418026805	0.0037941531757745713
185.0	24.5538367527306	25.3256746490007	24.74054196116682	25.379399816063074	5.468210388027626E-4
186.0	26.34370104939502	23.42936809009287	25.249770915868275	24.977125765735714	3.417890812743674E-5
187.0	23.576089175168054	23.431495974541733	28.00875093667078	24.983013209969055	6.507036503789835E-4
188.0	26.37473966280232	28.8041767659176	22.878095576673648	21.94257700347048	4.1099113594867537E-4
189.0	24.233082080981873	24.33165584398904	24.801884889272348	26.632383912953685	9.932728030603763E-4
190.0	28.819094530669286	21.977995252400348	25.066195788817453	24.136371888455386	3.4253965752885037E-4
191.0	26.76442069825419	23.99590876869858	25.028357955976375	24.210832224519528	4.8035255132395456E-4
192.0	26.467392031645304	24.081881671192047	24.412012066006863	25.038611290589895	1.0294056589174152E-4
193.0	27.54156712942547	25.03345171987655	21.779051518908844	25.645655085742447	2.745460466913598E-4
194.0	27.48285969921205	23.860788187855704	24.630175509404214	24.026176603528036	0.0
195.0	25.836935269499882	22.235731389843913	24.88888690561188	27.03779424202814	6.52193016179879E-4
196.0	27.277558744786063	23.023419434295956	26.86849828273086	22.830317011531758	2.065266553627744E-4
197.0	24.55520829245016	25.341129194957823	24.074938597777745	26.027932072306925	7.918425073451999E-4
198.0	26.79593364402482	23.416146068694786	25.220893370266754	24.56685443839236	1.7247862127489297E-4
199.0	24.417975394295368	23.62286652067425	25.512503583245934	26.446204975153282	4.495266311678944E-4
200.0	26.945700457697953	23.729261371987224	24.377335392138384	24.94752986621802	1.7291195841813225E-4
201.0	24.093257080881276	21.603293574707205	29.402292553765445	24.900845527915425	3.1126273064568336E-4
202.0	24.635241496001008	25.630977563858682	28.550359916270875	21.183421023869442	0.0
203.0	25.314464864834946	25.35051441532265	23.385571738259507	25.948687858635942	7.611229469573419E-4
204.0	26.020508608224823	24.129117663442784	23.740805570270027	26.10936056004409	2.0759801826931762E-4
205.0	27.67371546849492	24.572030441080095	25.580562497015613	22.17275735093123	9.34242478136996E-4
206.0	24.71035215917412	21.630845384113872	26.390102003103422	27.26856203170139	1.3842190720472184E-4
207.0	25.250583541229993	24.18072334192609	27.29315090113164	23.27523071683506	3.1149887721960257E-4
208.0	27.79738702374111	22.418907036480583	22.43053872729916	27.353097976224273	6.923625487250144E-5
209.0	26.42454879896126	21.070175286734475	26.034711101493187	26.469699199307513	8.656135035706558E-4
210.0	24.13250352975889	25.289973545422466	25.26341161196305	25.313730372480038	3.80940375558727E-4
211.0	24.660486374940547	25.669041809981834	25.83009059123852	23.839584467123913	7.967567151868413E-4
212.0	28.252729482010132	22.810886458677746	24.759422266861584	24.176511239899824	4.5055255071662113E-4
213.0	29.31598237392945	23.57634316948153	22.89044947034747	24.21698224111319	2.4274512836535778E-4
214.0	26.9896820631709	26.00675368485349	24.92546999885472	22.078094253120888	0.0
215.0	24.859480864254845	25.274387455500392	23.371054327342556	26.494694822309324	3.8253059288416593E-4
216.0	24.959520562920307	25.341835159352904	26.275599569205138	23.42293908702894	1.0562149270630782E-4
217.0	28.30846156359705	22.784058862556954	25.86858215284773	23.038258104754096	6.393162441733428E-4
218.0	24.58104728847087	24.65572953900129	26.13519891820194	24.627629489906948	3.9476441894984056E-4
219.0	26.113833442601088	23.723243443844165	25.242409515246205	24.919716287998632	7.973103099108932E-4
220.0	28.482195324313253	21.842314775525917	24.72885799566348	24.946230914708742	4.009897886127649E-4
221.0	24.73981251582364	23.411894526463005	24.88051200061145	26.967486991085117	2.939660167935436E-4
222.0	25.413314261874966	25.312108886107637	24.29644198104774	24.977836879432623	2.9799153704034806E-4
223.0	29.418656726545645	23.106446150389566	24.753004881094014	22.720987497945476	9.047440252966429E-4
224.0	29.12779976042322	23.733689898652816	25.100397503740073	22.03796149366968	1.5134351421153435E-4
225.0	30.197340587775873	20.468426381789666	24.273467300364157	25.05962333815296	0.0011423919173487063
226.0	24.794522661523626	22.713095467695275	26.111706846673094	26.380405014464802	2.700096432015429E-4
227.0	26.910589064550866	23.899989891424532	26.331434039983904	22.85650389258214	0.001483111458558158
228.0	26.739259949625136	28.36737863924953	23.52289775397326	21.370306358597446	1.5729855462290622E-4
229.0	27.348030229851165	25.36089732319851	22.19643053448323	25.094602226163516	3.96863035819667E-5
230.0	25.397777579332264	23.157336635181906	28.23697224116576	23.20783345420267	8.00901174000986E-5
231.0	25.574246559969225	24.998648018401585	24.492132686930262	24.93334629067076	0.0016264440281651311
232.0	24.33143659229169	25.540644772053856	24.99475776800681	25.13291561702808	2.452506195643777E-4
233.0	22.48613288739913	25.015095005354688	22.844147486277834	29.654169078968618	4.555419997299879E-4
234.0	26.310538776234644	21.984716707274348	26.897257730285084	24.806182966308032	0.0013038198978898726
235.0	25.210751166102447	22.268165190029933	27.12563208295316	25.395238379480006	2.1318143445523617E-4
236.0	28.353477843918203	24.288318487736184	23.41473213128634	23.943039560420573	4.319766387033789E-4
237.0	27.667638458463557	24.71193939378036	22.650883578293094	24.969363629445553	1.7494001744151975E-4
238.0	27.191634859133206	22.901379704936765	24.542661747910337	25.364234912487298	8.877553239796473E-5
239.0	27.3165063090059	23.67289744932036	23.94290304529126	25.066429590050003	0.0012636063324728776
240.0	25.250679946209836	21.90994200369749	26.430029703832712	26.40920860735744	1.3973890251860738E-4
241.0	28.572274569362072	21.367176625783205	23.627976205741902	26.43038099816698	0.0021916009458390123
242.0	26.021575831106002	24.543150493828833	21.805021150072275	27.629177612469736	0.0010749125231515127
243.0	28.393433656118322	22.694385152202845	25.145478028673196	23.764361652806485	0.0023415101991501254
244.0	25.73334822333501	23.332710831162395	26.54871658195632	24.384004384417302	0.0012199791289724397
245.0	28.24317198504731	21.430713166505154	23.496013211904625	26.827892759489007	0.00220887705390318
246.0	24.54997216225616	27.399069941684278	23.246469218703012	24.80157077352219	0.002917903834360953
247.0	25.368805398587003	23.402220374424214	24.571989644789117	26.5118947283077	0.1450898538919717
248.0	26.144480994358982	23.452730769303358	23.591255574491054	26.801058374805848	0.010474287040759131
249.0	25.60985872874785	21.619986005257484	28.88278457552433	23.870113660003405	0.017257030466932693
250.0	26.038444124071482	22.26213728339304	25.61688108711261	26.08163764049733	8.998649255385454E-4
