# Position (bp)	A	C	G	T	N
0.0	23.611903135177297	24.13031888758812	25.459474976381134	26.798225625368016	7.737548543445175E-5
1.0	22.45749991704101	30.619815545511305	23.327450319141303	23.51983800231668	0.07539621598970846
2.0	24.19738731697551	26.917719350255844	22.823360912937517	26.060762398309034	7.700215221015426E-4
3.0	25.435636571776747	22.11833620295702	25.024118687020223	27.414061309933206	0.007847228312799753
4.0	25.98741890822937	23.849033048620086	23.76739355539993	26.396000741059055	1.5374669156338093E-4
5.0	27.93681510662643	24.095575982368437	22.767218804954652	25.200159728461614	2.303775888681549E-4
6.0	25.390547118708533	23.952661977749624	24.72210038126846	25.928479189735505	0.0062113325378737915
7.0	25.43981456673806	26.214494475429937	23.600485629381495	24.74436328507149	8.420433790129108E-4
8.0	27.23464274062489	24.78585525335591	23.882057837227837	24.09744416879137	0.0
9.0	25.73948724206705	26.576923223594644	22.27572083941898	25.407411079628872	4.576152904522383E-4
10.0	24.50009831133141	24.99188359938361	23.67542628250561	26.832591806779366	0.0
11.0	27.0065674775328	22.75410918864488	23.329104415447322	26.910071483701465	1.4743467353908824E-4
12.0	28.476163944701742	24.636684426181937	20.57230908521085	26.31484254390547	0.0
13.0	24.716608513957723	23.132553077031627	25.69516423991628	26.455530906415802	1.432626785679749E-4
14.0	26.773804342826413	21.97334295732538	23.789305338838822	27.463476596361993	7.076464739745318E-5
15.0	24.928368562595825	24.274260436826097	24.3975558739175	26.39981512666058	0.0
16.0	25.99319274889912	25.252940196179956	21.820922524484775	26.93294453043615	0.0
17.0	28.002849376194938	26.854564210087734	19.65652920442594	25.484578759378916	0.001478449912469045
18.0	25.283522125922747	25.919280837529957	20.258768924801988	28.538361463384724	6.664836058362637E-5
19.0	24.73068167203425	24.731013140745592	21.968287725448445	28.56955340557583	4.6405619587944614E-4
20.0	22.238414935837376	25.98684903098123	24.424891834135146	27.349778404724557	6.579432168686114E-5
21.0	23.40552822929069	24.873896780522596	24.247413765514306	27.47283465929761	3.26565374795815E-4
22.0	22.158070409895863	27.21078421878329	26.31978204308781	24.3112987675363	6.45606967390392E-5
23.0	24.491050742655364	24.571233621297807	23.808532537672463	27.128861852866986	3.212455073815793E-4
24.0	27.441052600783294	21.629882709398892	25.108151321538553	25.82084976856062	6.359971863484476E-5
25.0	24.278557643678305	25.988783014998756	20.024255660702558	29.708152065882803	2.516147375784095E-4
26.0	25.393954969607268	26.186961108182622	20.098784978530308	28.320236413626297	6.253005350696679E-5
27.0	25.215558345040446	25.427470553552084	20.223031366746486	29.13387740754083	6.23271201504826E-5
28.0	27.431757786759686	23.595165548585225	23.398158016560714	25.571466701350516	0.0034519467438587706
29.0	26.85952861623791	24.172451812509355	22.684755618946976	26.282958533255552	3.054190502078377E-4
30.0	23.331287011233336	25.321780106109486	25.408829677655742	25.937860558112106	2.4264688932754052E-4
31.0	25.84002864597148	24.858819728104397	22.73345984500311	26.567330089361928	3.616915590835218E-4
32.0	23.651615671104466	23.029773951243353	24.802025840460285	28.5164650326815	1.1950451039898374E-4
33.0	23.147174164328447	25.18278283767844	25.40870549802266	26.261219308675475	1.1819129497474252E-4
34.0	25.4058858349664	26.944706782651057	23.34344888640115	24.305958495981393	0.0
35.0	24.909054567259645	22.390565660603638	26.540075954427344	26.16001413644567	2.896812637055448E-4
36.0	23.1612149951983	25.283746055746036	26.964080733401136	24.59078455560103	1.7366005349887383E-4
37.0	24.84037733097704	26.09525396698643	21.826555518135706	27.237755318151674	5.786574914734819E-5
38.0	26.09546772428251	25.7873692345783	21.536466227176067	26.580638965955288	5.784800783030634E-5
39.0	22.444827309000033	28.065302118883494	22.083477196714306	27.405988533727072	4.048416750960487E-4
40.0	25.588684126678473	26.585779521812867	23.4639220087861	24.361440864430765	1.7347829179395634E-4
41.0	23.800768197568896	24.99452154751972	21.74595823193137	29.452854374927362	0.005897648052648651
42.0	23.709122402114616	26.919318993846247	20.777590716411627	28.593852259035796	1.1562859171313008E-4
43.0	25.763325793385388	26.21572267019366	22.84083965692755	25.17560294052189	0.004508938971511021
44.0	27.823271900854152	25.180823726199876	23.647882423251787	23.347790754263535	2.3119543065350855E-4
45.0	25.355392857989067	24.769577596972738	22.175219846868576	27.695475462737424	0.004334235432201289
46.0	24.85884814539378	24.7377328911702	22.915283462278317	27.4881355011577	0.0
47.0	24.44743608262314	25.10345226058067	23.82302470027445	26.624584717607974	0.0015022389137657084
48.0	22.353471231436608	24.656053788347013	22.88852434396354	30.101950636252838	0.0
49.0	21.99069394563536	26.28111307618466	25.026020217795864	26.700324487421923	0.0018482729621924214
50.0	26.98178840170744	24.53278382238537	20.90426739221209	27.581102629601627	5.775409346575962E-5
51.0	24.531743721935804	27.08443049319068	22.399846628600994	25.98143836502393	0.002540791248591016
52.0	22.256998191598367	26.606440399392824	22.044231498460725	29.092329910548088	0.0
53.0	22.037925461929273	25.415962153930593	24.41199195259001	28.13268216124851	0.0014382703016167884
54.0	22.146636736732013	29.154130342487584	22.98234693795368	25.716828454761654	5.752806506654271E-5
55.0	23.35290070900419	29.153056429434947	22.754805731016766	24.737860089151955	0.001377041392142946
56.0	26.25278311788372	25.975059362663856	25.397237907887042	22.374919611565378	0.0
57.0	22.42432029957528	27.92817857036325	23.38934690477884	26.2520736914806	0.006080533802031586
58.0	24.723640053250158	25.887010322523658	22.320500106397073	27.068620090176537	2.2942765257082288E-4
59.0	27.35414692785747	22.975801844914326	24.791237001062168	24.876003955026484	0.0028102711395477415
60.0	23.676132332655946	23.548556845243716	23.945369290381393	28.82988427162585	5.726009309345935E-5
61.0	24.575838860849725	24.527515437444354	23.438348987870476	27.451426084915248	0.006870628920194782
62.0	24.66252386006978	22.35930431078607	25.61091511597683	27.366970449582684	2.86263584638409E-4
63.0	25.69116647707333	24.37298229081805	23.21950672145122	26.713825505046312	0.0025190056110849985
64.0	24.648951183251853	22.494331376822405	23.76935005312816	29.087253071230602	1.1431556697949122E-4
65.0	23.228283227780278	26.587482346701357	24.133652402477495	26.044695208761866	0.005886814279010992
66.0	24.09860687555151	24.391050992835492	23.662712546349848	27.847115221953484	5.143633096650009E-4
67.0	26.575959520107073	25.82844850889269	21.336467393261085	26.258381638660723	7.429390784240776E-4
68.0	23.308618721004525	23.098428315242174	27.1639953778684	26.428671845800935	2.857400839618663E-4
69.0	22.479793546735426	25.591335911713344	25.17234916019786	26.75349269916157	0.0030286821918058715
70.0	24.819553028958808	23.452087057283748	24.714231676167078	27.013728860846303	3.9937674406397786E-4
71.0	23.93380353172246	23.855114716117154	26.58526954475419	25.624674263579656	0.0011379438265409468
72.0	26.689623157801318	26.34948555538742	22.095689087266145	24.863154205953062	0.002047993592055605
73.0	25.04512129708158	23.056314450362024	23.539978350878453	28.354376666274185	0.004209235403765218
74.0	24.237376242128637	26.43277035634987	23.907848160011646	25.421322753248642	6.824882612019073E-4
75.0	24.947508024504597	24.873405051513796	22.77298670809912	27.404052858225032	0.002047357657458865
76.0	26.47716319155167	24.682860806787776	25.855196749419235	22.98358502207904	0.001194230162273132
77.0	24.286330864068358	25.46752926980307	24.515894601982424	25.72910796546934	0.0011372986768098544
78.0	26.883684326645547	26.88743725222162	20.900440570717628	25.327869225327927	5.686250872839509E-4
79.0	27.263541789863442	21.440162756211393	23.324334282517125	27.969231888936395	0.0027292824716382063
80.0	23.883651142190136	23.316166462172806	28.604673376491203	24.192325055406656	0.00318396373920153
81.0	24.83456755028072	25.993547011584113	22.01196787719423	27.159235306659085	6.822542818563002E-4
82.0	22.5277699130943	22.571660532213553	24.432406740962342	30.466798338524026	0.001364475205779917
83.0	24.887592445939486	22.888218937908505	24.592254353465403	27.63062670231569	0.0013075603709150818
84.0	22.74995722271079	26.68217071009163	25.38969968353333	25.17641012988947	0.001762253774776009
85.0	25.038710689607345	27.62630144087894	21.502281713775094	25.831739809595707	9.663461429146365E-4
86.0	25.23035928147116	25.546675215438718	23.09737244623908	26.12326260702307	0.0023304498279730144
87.0	21.7031436846676	22.366527533385167	26.665393551672555	29.263855355949314	0.0010798743253627242
88.0	24.378788619337033	27.35864819675075	25.90781940341429	22.3538912878663	8.524926316220206E-4
89.0	26.29464569864608	26.59135546523364	23.26134100766524	23.851634887294615	0.0010229411604244522
90.0	23.621873629033907	25.647436961132186	25.219468229956334	25.511164352267535	5.682761003530131E-5
91.0	25.887348770130597	25.322632244984007	24.724673702609525	24.064890690587283	4.545916885865097E-4
92.0	25.38037694208588	24.812332980472174	23.014275251022926	26.793014826419014	0.0
93.0	25.925875419612765	26.586744214059898	21.194961692224123	26.29219139569398	2.272784092329581E-4
94.0	27.20451997688648	24.133342499953127	23.24107433541533	25.4162904848782	0.00477270286686034
95.0	23.53427445356829	26.73948824527683	24.482060972637363	25.241335582446688	0.0028407460708220725
96.0	25.66337895901188	24.59298497380685	24.51589115511765	25.226551861074327	0.001193050989294924
97.0	25.078765430696077	25.349686699350677	23.467326406444393	26.10399422822376	2.2723528509506957E-4
98.0	27.385322403812832	23.68933803688997	24.64794333009538	24.277396229201813	0.0
99.0	21.896225348848965	22.34979005735725	27.298166260487903	28.4557615383261	5.679497977814745E-5
100.0	22.370603759205064	25.54827182992769	24.670911962454518	27.41021244841273	0.0
101.0	23.346254227778747	22.794513484598276	28.414761847434256	25.444300079728695	1.703604600186715E-4
102.0	24.78828443803298	24.393562915487	25.04579053633852	25.772362110141504	0.0
103.0	25.40279946622753	26.159734249453454	25.616876295391954	22.820192498793336	3.9749013372703787E-4
104.0	25.18485668567379	27.862964725335505	23.04016707796404	23.911443682165746	5.678288609239484E-4
105.0	26.879964292021754	23.79549459354633	21.326203852350236	27.994873224751853	0.003464037329829166
106.0	25.591470267059552	23.494130868209016	25.33258224195099	25.58170305049481	1.1357228563656983E-4
107.0	25.191451327694942	24.718998399792845	23.11578163134816	26.972689722218117	0.0010789189459302609
108.0	23.41065353061631	25.279951949033276	24.74999474868334	26.55928622968521	1.1354198186393924E-4
109.0	25.512499638115337	24.928659051288847	25.95942009898894	23.598456185843524	9.650257633495703E-4
110.0	23.890021303008474	24.47513031276767	23.796362992365996	27.838371866632837	1.1352522502118664E-4
111.0	24.328909919247813	24.362627619223858	24.69225503296274	26.61524244388614	9.649846794491186E-4
112.0	25.042173160841514	24.622825499607217	23.9659912906463	26.368896527610648	1.1352129432438936E-4
113.0	28.19209982325236	22.12779410546056	23.34981615748135	26.32932501018825	9.649036174804209E-4
114.0	26.604300156143314	22.741697188682533	27.19850747200517	23.45498435445156	5.108287174282838E-4
115.0	26.859400455249848	24.17450487321689	26.10999789972015	22.855302071330044	7.947004830643651E-4
116.0	26.5019206305867	24.644014938174823	25.650678535768236	23.203329130860023	5.676461021728925E-5
117.0	25.28142666331375	27.391608657570266	24.284633317987865	23.041366356181054	9.650049470694787E-4
118.0	26.205534987903494	24.814295104747437	25.34714298851201	23.632459274345987	5.676444910669786E-4
119.0	26.54291308165954	21.604955441556886	24.995529680367888	26.85586383888911	7.379575265707284E-4
120.0	25.02063415835908	24.013448816501878	25.28300301650392	25.68280047819023	1.135304448917544E-4
121.0	27.141121707538602	23.958730699364214	24.75357629427793	24.145606267029972	9.650317892824705E-4
122.0	26.28945305426429	24.721009480483577	24.57920810345483	24.40959140427073	7.379575265707284E-4
123.0	23.968308751820764	27.98926216861506	24.006739243719707	24.034838347840797	8.514880036693456E-4
124.0	24.61075424100199	24.823740982690854	23.801892811811	26.763498432117856	1.1353237829896709E-4
125.0	25.806698818817182	23.85020867108986	25.241538489484704	25.10036193875651	0.001192081851745889
126.0	23.469964680357805	24.2726322159187	25.77595925582388	26.48133031642358	1.1353147603407306E-4
127.0	25.725992218693982	23.52647335634953	27.72666431282349	23.019678053288438	0.0011920588445657443
128.0	26.11025268700621	23.600298814844923	24.753381251184987	25.526530602977022	0.009536643986862138
129.0	24.266418866142303	26.965677281066647	22.700371019600006	26.06424043159979	0.0032924015912517484
130.0	25.691149214206444	24.783903224066826	24.275557094564867	25.2493337004249	5.676673696280927E-5
131.0	25.129371613858375	24.937613249833106	25.396629866620646	24.535477000349683	9.082693381895467E-4
132.0	25.845206461585445	25.961917812729375	22.381558698259717	25.804788911967513	0.006528115457952976
133.0	26.795663376374495	25.640834968640142	25.063647825018293	22.49769675763646	0.0021570723306087998
134.0	25.55095136460651	23.636188184006176	21.703260524045227	29.10948639934608	1.1352799600381454E-4
135.0	25.61429859157488	24.634440682892052	26.579511422025742	23.171181664816164	5.676386911614115E-4
136.0	27.47434519072374	26.80673547306004	24.3129483702285	21.39944302469605	0.006527941291669553
137.0	28.44335833837124	21.64295303537319	24.525486122345875	25.387918678280812	2.8382562888663724E-4
138.0	24.606723587729846	24.425311822756846	27.560851840625567	23.405353122882065	0.0017596260056830242
139.0	25.94399302963823	23.583151931749487	25.724097414779095	24.74728181433749	0.0014758094956988667
140.0	26.433435920955688	21.484311586346728	26.254806311466012	25.82704884813134	3.973331002312478E-4
141.0	24.796250024124177	25.312393924566816	26.012676262602756	23.877998635422923	6.81153283329114E-4
142.0	28.16678274660459	23.258389400794794	23.915816217928302	24.658727820643158	2.838140291545123E-4
143.0	26.206165682495335	25.7448548832135	24.227757094065513	23.82099528926009	2.2705096556261244E-4
144.0	27.366624926348965	26.117650932118437	22.77119759139824	23.743788620673605	7.379294607552083E-4
145.0	27.301790208742265	22.76995891454475	23.529909280499336	26.397376615916272	9.649802973728695E-4
146.0	26.862367448141505	21.8808981709958	25.73616269571639	25.515179071664427	0.0053926134818742906
147.0	25.664761145764686	25.014261606393283	26.787979722124305	22.529080905454492	0.00391662026323094
148.0	24.057033514767827	24.814312985007103	23.91756603419082	27.210406306177948	6.811598562979756E-4
149.0	27.476514029142475	25.48212228031038	24.071374645936572	22.9673779155243	0.002611129086275111
150.0	25.254449531858274	24.27519490294872	25.304800169841158	25.165555395351845	0.0
151.0	26.668676213718168	24.840215464316064	25.67219065038366	22.818066168594186	8.515029879239847E-4
152.0	27.116263649926086	24.66012847790693	23.15667810357708	25.066702695583658	2.2707300624223692E-4
153.0	24.58568852087694	23.72462230427178	25.471165238084698	26.217388564645532	0.0011353721210511048
154.0	22.795987290399164	24.88840495871991	24.979009402765705	27.333930172131417	0.0026681759838047396
155.0	26.30493561768751	24.190806485131144	24.81890167942503	24.684901981492143	4.542362641792689E-4
156.0	25.569608753296823	23.33642787586626	26.66530393234024	24.42814841312427	5.110253724097401E-4
157.0	24.600995268952015	22.822366523349753	27.22368340362903	25.35272767742566	2.2712664354517434E-4
158.0	24.550355882494898	22.170386374541128	26.376074248416487	26.90306993012949	1.1356441799655332E-4
159.0	26.58811050707562	21.795189192319878	24.97822405994374	26.637567726864415	9.085137963498187E-4
160.0	25.613592382959784	21.89813889469333	26.548630858824918	25.939581080958305	5.678256366461038E-5
161.0	24.17716638492651	20.946590130255373	29.214930164972724	25.657338483963528	0.003974835881865606
162.0	24.327444336745444	24.213934509542717	25.620173064157754	25.83833452294358	1.1356661050797778E-4
163.0	24.916895226089277	24.270398573562062	27.329574169662074	23.483018460787154	1.1356989943385405E-4
164.0	25.000085178778903	24.087195812384085	25.276291565824454	25.634553509876763	0.001873933135794281
165.0	25.97084070625595	22.373516991983863	27.25054913603355	24.40418456422336	9.086015032811871E-4
166.0	24.94558134120059	23.41873546540518	25.831158763917006	25.80429727097454	2.2715850268472957E-4
167.0	26.54494693100548	23.617562489316065	27.045395301396336	22.791584153074048	5.111252080705535E-4
168.0	26.171729023713436	24.782283245890728	23.966164879763106	25.0797092642213	1.1358641143042775E-4
169.0	26.04289366999749	22.587103274444743	26.472716368134506	24.897059508407327	2.2717901592865668E-4
170.0	30.806030404196566	23.41649069278994	23.686386721478886	22.09086499632528	2.2718520933413152E-4
171.0	25.26417425135247	23.81864909764721	26.945574850554475	23.970693058060117	9.087423857327445E-4
172.0	26.50109703414661	24.878996906499985	24.66362162088499	23.956114091551246	1.7034691717505757E-4
173.0	28.371720379004294	19.960979842045585	24.004494813305694	27.66127186863516	0.0015330970092684232
174.0	23.353505918906887	26.61929572730329	24.589128835024667	25.4376152665098	4.5425225536244786E-4
175.0	25.60560686742459	24.55974189240293	23.451189750193908	26.38164447063981	0.00181701933876395
176.0	24.139863650146673	24.657279885159944	28.54738458358555	22.65393871184254	0.0015331692652939314
177.0	21.85762311466473	26.416670452480467	25.425676903507178	26.273793839723787	0.02623568962384154
178.0	24.542579406988494	23.50055076709933	24.806720494214108	27.14963831067807	5.110210199979559E-4
179.0	27.1794397129855	24.430190127800497	23.594938405225136	24.7941824822575	0.0012492717313656925
180.0	26.032265686606635	22.668139413729	26.334140876986712	24.965112406091023	3.4161658662400257E-4
181.0	27.227975138279064	22.953983007355877	26.522951474026346	23.293835889832927	0.001254490505787763
182.0	24.704717452224653	23.722874478695193	25.98640332175765	25.585833734263947	1.7101305855715142E-4
183.0	23.668546294480596	24.89995713262891	26.083427200715064	25.347328313898604	7.410582768228893E-4
184.0	25.881577664741968	22.26462806968139	27.253075880751084	24.59678499703286	0.003933387792702483
185.0	24.62808899873009	25.225825499928185	25.187522941636477	24.95776458974084	7.979699644105396E-4
186.0	26.296844139299058	23.41943335299868	26.01218111499668	24.271541392705583	0.0
187.0	23.804595168256963	22.967106742952136	28.975158506244913	24.252169077894987	9.705046510008188E-4
188.0	26.650883885235928	28.314698081518618	23.082574736056102	21.951443684927423	3.9961226193099494E-4
189.0	24.54688695294749	24.148693239555623	25.60725254901065	25.6959113069888	0.0012559514974367172
190.0	28.994379790081393	21.857158516867482	25.150039736551232	23.99807940002375	3.4255647614436704E-4
191.0	25.940989560729545	24.475020255855615	25.327395808853336	24.255851040410505	7.433341510008994E-4
192.0	25.96688178978777	23.945685128827986	24.851809790446524	25.235566107758274	5.7183179453397425E-5
193.0	27.155466745665276	24.898916476128274	22.15241851266818	25.792797934750656	4.003307876107916E-4
194.0	26.766924345218722	23.836972230308238	25.270436661918	24.12566676255504	0.0
195.0	25.770633060258387	22.041049330811937	25.228258395024017	26.959315608057942	7.436058477163864E-4
196.0	27.624532147744386	22.28622750782	26.843965895965027	23.245102391251233	1.7205721934886666E-4
197.0	24.46030454919354	24.86585770189606	24.89855434928509	25.77453768661468	7.45713010626984E-4
198.0	26.813717349869883	23.90687390213336	24.687483300360224	24.591810525384314	1.1492225222331462E-4
199.0	24.91435802777621	23.508044875817703	25.71567901561534	25.861284762004555	6.333187861927292E-4
200.0	26.723271747573428	24.110804848935718	24.835335297582613	24.330415365596235	1.7274031200355152E-4
201.0	24.812735376429533	22.07943198700895	28.80109180112635	24.30633774430202	4.0309113314675974E-4
202.0	24.96399327144956	25.503763070255303	28.3081703744527	21.22395810838126	1.151754611769435E-4
203.0	25.200528329144678	24.999495979064985	23.452986943265675	26.346067110243492	9.216382811676465E-4
204.0	25.627130399917508	23.76110601924208	24.348760832383288	26.26288753331878	1.1521513834745774E-4
205.0	26.53089207146804	25.057020836297916	25.815416682749838	22.595518182430958	0.0011522270532542062
206.0	24.6177460774931	21.452659975650523	26.252894597193645	27.67664173140558	5.761825715143403E-5
207.0	25.20388687447991	23.613477049184105	27.453327309315632	23.7287901175375	5.186494828488379E-4
208.0	27.505304312791047	22.45264737228293	22.549136582956226	27.492911731969805	0.0
209.0	26.91326537965529	21.070117657367955	25.834638619680582	26.180882998109666	0.0010953451865055779
210.0	24.2009408869523	25.240367844245675	25.235697428561377	25.32282086188197	1.7297835867754584E-4
211.0	24.665233284156933	25.90239080359007	25.68905596305195	23.742281823456334	0.0010381257447110376
212.0	27.943563253340503	22.872991356435534	24.932768750465183	24.250503549221467	1.7309053731341561E-4
213.0	28.766292921000762	23.70664024930233	22.700344187775734	24.82620306963308	5.195722880924423E-4
214.0	27.230706838223064	26.015785314181134	24.663080250679386	22.09042759691642	0.0
215.0	25.395298161884533	25.453189739065294	23.0612255531106	26.089476063859042	8.104820805306573E-4
216.0	25.485937364692333	24.754310536502935	26.491807230607563	23.267827845351967	1.1702284519983992E-4
217.0	28.302153015278147	23.072667881645263	25.92249522834572	22.701562174374814	0.0011217003560513078
218.0	24.035255423406394	24.20609063634476	26.3620871134279	25.39638781681787	1.7901000307897204E-4
219.0	25.999312634937528	23.385519709982503	25.401991191856112	25.21215324027622	0.001023222947640478
220.0	27.72392733489648	22.365036381589263	25.180031202381407	24.730762920625235	2.4216050761685607E-4
221.0	24.769749801492676	23.37129468244317	24.716692544784593	27.14195804451687	3.049267626901371E-4
222.0	25.275703844837814	25.382477543675673	24.5525351214697	24.789037325869636	2.4616414717662033E-4
223.0	29.94255909109856	22.92789993225046	24.522098232477347	22.60650955492472	9.331892489133012E-4
224.0	28.94476714435128	23.892384920109933	25.063839665712294	22.098945865461182	6.240436531016217E-5
225.0	30.106286137600684	20.154312655772287	24.191490831015713	25.546843119651946	0.0010672559593689378
226.0	24.30820889827275	22.71393503090738	26.339383378698074	26.63828190582789	1.907862939126453E-4
227.0	26.666533870429852	23.957233614497238	26.400063228143722	22.974691393325962	0.0014778936032266916
228.0	26.806219083645548	28.152830370250285	23.46791480633017	21.57297115410077	6.458567321845264E-5
229.0	27.312498859521757	25.54097770918978	22.235089713277254	24.911433718011214	0.0
230.0	25.705290243263317	23.066703181448915	27.840879612207758	23.38712696308001	0.0
231.0	24.78665487630777	25.037954656836632	24.867891159361616	25.30556828109352	0.0019310264004602502
232.0	24.57000021433011	25.976139700366502	24.812394174507578	24.641331954476282	1.3395631952332982E-4
233.0	22.649966601680234	25.564309415067804	22.568575167941958	29.21646998767249	6.788276375169028E-4
234.0	26.43460838012483	21.77613754118283	26.92263996998	24.8654436040527	0.0011705046596413437
235.0	25.36176423845491	22.300709030025732	27.294798123008206	25.04238008805021	3.485204609392208E-4
236.0	28.206840930794087	24.11975551847006	23.906360774950187	23.766901407952933	1.41367832739235E-4
237.0	27.372874151785936	24.835464866668143	22.702455186365995	25.088991486963273	2.1430821664846238E-4
238.0	26.74635753868746	22.88119576858269	24.83043121557303	25.5418706548791	1.4482227772133732E-4
239.0	27.327351627632567	23.207492899268555	24.533624841562286	24.92976510390498	0.0017655276316108895
240.0	25.273625489288655	21.87271313835499	26.925447265492906	25.927758159370367	4.5594749308669615E-4
241.0	28.905860702474843	21.106653875677367	24.024642687872728	25.959723598994877	0.003119134980185885
242.0	25.744757392697466	24.617046152626678	21.622468251681735	28.01481359533794	9.146076561806899E-4
243.0	27.534320635449106	23.332992252371405	25.317472559527538	23.811701927820142	0.003512624831813996
244.0	26.67140988272016	22.92855339560717	26.355833008193525	24.04259714029974	0.001606573179408322
245.0	28.490581942464786	21.500222232439807	23.655800266678927	26.351249865894218	0.0021456925222615598
246.0	24.531100944820373	26.686436443926663	23.81168366207495	24.968092838137252	0.002686111040760584
247.0	24.84898819204934	23.57783596522595	24.949265415508364	26.479954167772103	0.14395625944424578
248.0	26.054402236623638	23.273402145021826	23.825091351634708	26.83586572560563	0.011238541114201283
249.0	24.81288202208598	21.854422714891403	28.78556437962199	24.530227165894935	0.016903717505690533
250.0	26.266060226332193	22.381670650298965	25.603926391757366	25.747491858693216	8.508729182620533E-4
