# Position (bp)	A	C	G	T	N
0.0	24.351367261441688	23.592696290317882	24.35968773271318	27.69624871552725	0.0
1.0	21.98879668006765	29.907337220552137	23.70284033817352	24.322683404589792	0.07834235661689602
2.0	23.776405983793676	27.66113730205063	22.23052182331761	26.33141688522187	5.18005616216891E-4
3.0	26.406645611394076	22.331927520304223	23.523132759515896	27.73115029395763	0.0071438148281783125
4.0	26.420363133722564	23.242762001425717	22.94768610629147	27.389137027162086	5.173139816519077E-5
5.0	29.033260079015427	23.214761951031935	21.854268011569083	25.897193112302386	5.168460811696433E-4
6.0	25.475628567698077	23.62193508898957	23.055025574147482	27.842250008902315	0.005160760262558839
7.0	25.054704707901585	25.3668100046772	22.801921567253824	26.77573954377716	8.241763902310372E-4
8.0	27.70768815615322	24.289639043445856	23.322085298312796	24.680587502088123	0.0
9.0	26.586832428628508	24.66394785043057	22.612217849297018	26.1370018716439	0.0
10.0	24.940787534757373	24.454632821209366	23.15839110211299	27.446137286810778	5.125510949372766E-5
11.0	27.608615978713324	22.49294069388286	22.63099817545616	27.267345830018463	9.932192918942379E-5
12.0	29.26890326933843	23.363118302965702	19.95350122114301	27.414428311937865	4.8894614991577896E-5
13.0	24.756838260278627	22.333377737620857	24.92026534457727	27.98937386093349	1.447965897507182E-4
14.0	26.54132318052051	22.187306404688176	23.075390940133463	28.195931710201585	4.776445627092382E-5
15.0	25.52668532698656	23.91600591140815	23.956585501195683	26.60072326040961	0.0
16.0	27.056528679020612	25.357170160567303	20.850304755859398	26.735903738384874	9.26661678137966E-5
17.0	29.260536979946494	25.851554695799706	18.819214939214305	26.067334286212624	0.0013590988268711959
18.0	25.711072299272203	25.25612072178048	20.0356490232437	28.996978363646974	1.7959205664333467E-4
19.0	25.126498941084325	24.214867996838418	20.956806588650064	29.701068193455953	7.582799712388867E-4
20.0	23.999872524744806	25.30352832030991	22.94058856387617	27.755966328827732	4.426224138678914E-5
21.0	23.64889148083837	23.940398033921483	23.666970767285793	28.74330090032214	4.388176322190437E-4
22.0	22.36446106930043	27.24764573304452	25.26680823468961	25.121041528309192	4.343465625161523E-5
23.0	25.736793547425258	23.404886965427387	22.713391512522065	28.144452630919382	4.753437059091705E-4
24.0	28.478906826008043	20.928352831896103	23.600987387375056	26.99171018846235	4.2766258448474356E-5
25.0	24.350563545159	25.57023688717746	18.959487091741053	31.119585417792546	1.2705812994150243E-4
26.0	26.45949074512388	25.0133072112251	19.335872328196015	29.191287637316744	4.207813826118826E-5
27.0	26.081739637905244	23.984752845844763	19.34776155946256	30.58574595678743	0.0
28.0	27.517019137768695	23.30953017958431	23.263919758740307	25.90713255182241	0.002398372084272179
29.0	28.83458369506462	23.271347606021394	21.404445609264688	26.489254533243788	3.6855640551032776E-4
30.0	24.72989850534341	23.774060812120087	24.4877638120175	27.008073327568997	2.0354295000496643E-4
31.0	26.98347551541427	23.646539469975483	21.56298223450614	27.80651610980093	4.86670303175321E-4
32.0	24.814680545513177	22.027748346095223	23.683796239732573	29.473494460946213	2.804077128144322E-4
33.0	24.572180624684982	23.849596362451432	25.086700213053476	26.491443612493697	7.918731640915612E-5
34.0	26.082147348703757	25.981794803124203	23.008101813785142	24.927877725728624	7.830865827511085E-5
35.0	26.55589630209367	21.15362507997738	25.19675499885235	27.09349137986091	2.322392156817208E-4
36.0	25.065411670076145	24.35587970285352	25.215261047282794	25.363215554945416	2.3202484212643036E-4
37.0	26.586308838149957	24.662197160276026	20.63871369750121	28.112780304072803	0.0
38.0	26.985837706117234	25.345865019029773	21.007061245767137	26.661120099915486	1.1592917036834947E-4
39.0	23.80162779655595	27.098443173735813	20.89713866482358	28.202442660678944	3.4770420571417096E-4
40.0	27.31326114700856	26.52287342362804	21.894921926905166	24.26878899405761	1.545084006217418E-4
41.0	24.956714947411026	23.70375605730041	20.47503679663962	30.859239673864558	0.005252524784385789
42.0	25.62626830167768	25.122481015297822	19.955977502186645	29.29519594838555	7.723245230413368E-5
43.0	26.49189346345697	24.327833735593817	22.716719685769633	26.45919009153469	0.004363023644885397
44.0	29.808670421375975	23.683815334393422	22.389432767115757	24.117772638183226	3.088389316180419E-4
45.0	25.691721116079147	23.78446061115091	20.920076702650626	29.599457152738324	0.004284417380993552
46.0	25.213590932791362	23.46514985617805	21.74696677139894	29.5742538452543	3.8594377339542916E-5
47.0	25.375746969191198	23.681426925815373	22.83224089792595	28.10869426794607	0.0018909391214079392
48.0	24.199745152948736	23.544495809066092	22.37372706675519	29.882031971229985	0.0
49.0	22.45873973194568	25.841377727459463	23.777525328992414	27.920621358324478	0.0017358532779660429
50.0	27.92967891192777	24.386084820695032	18.884472938978377	28.799724757407752	3.857099106618705E-5
51.0	25.174351609464736	26.123509276384905	20.661417735812385	28.03829179386634	0.0024295844716386507
52.0	23.91866903179395	25.33739954869928	20.107437546498115	30.636455444814036	3.842819461267454E-5
53.0	23.405574962845467	24.53157685114304	22.56484937510997	29.496350479683553	0.0016483312179749368
54.0	23.81376764346582	27.635178568759063	21.265917594382454	27.285097861989314	3.83314033471748E-5
55.0	24.126334052821065	28.440778574054992	21.451489179237974	25.979947254536377	0.0014509393495897088
56.0	27.11603640830999	25.502462012321896	23.92672067899467	23.454780900373446	0.0
57.0	23.44252558095859	27.223728319264413	21.978057213704354	27.350039431664886	0.005649454407757769
58.0	25.9507794970167	24.814481351191773	20.646108316250565	28.588325502168438	3.053333725177828E-4
59.0	27.962701895283505	21.910823747258895	23.644560495883287	26.478975260028076	0.0029386015462387048
60.0	24.691650880983886	21.550265104280697	23.55850856234472	30.199575452390697	0.0
61.0	25.262031800539464	23.22071356100941	22.189299440168885	29.32174965783868	0.006205540443562894
62.0	25.349033927689046	21.865965794408602	24.59740325001085	28.18740668381794	1.9034407356113205E-4
63.0	27.23939201303373	22.864185030243277	22.280826636924587	27.612779450558232	0.0028168692401685552
64.0	25.943980564732183	21.269332730312893	22.320584029342612	30.466026792167767	7.588344454684494E-5
65.0	24.747185043552157	25.947676712495067	22.851452244377672	26.448450635831133	0.0052353637439679504
66.0	25.22099051396654	23.71914269868282	22.745502233235182	28.313947268791683	4.172853237716827E-4
67.0	27.401551804907285	24.49166156162934	19.81932909378159	28.28669889636363	7.58643318154145E-4
68.0	24.125984335594097	22.88392264822451	26.162190209992858	26.827789015647337	1.13790541199193E-4
69.0	24.01299732263043	24.01007683166935	24.51998696778319	27.453714959323626	0.0032239185934005246
70.0	25.027462558023284	22.630472219773118	24.123459097911258	28.218227721839384	3.784024529560611E-4
71.0	25.09729599127323	22.194643245519107	25.43589546424464	27.27114757818263	0.0010177207803882945
72.0	27.550127785761642	24.719694836822047	21.64492179270176	26.083484184980865	0.0017713997336870101
73.0	26.314041999597503	22.033281903511423	21.897270501014905	29.751448489402872	0.003957106473298576
74.0	25.222192535838143	25.46570462684278	22.539753480749468	26.771331896579337	0.0010174599902700678
75.0	25.61309688441802	23.73486239845777	21.97634204554789	28.673588507443228	0.0021101641330880517
76.0	27.414107539847016	23.23437205621915	24.90150344775613	24.44915030709522	8.666490824823844E-4
77.0	24.71461658190976	24.613450858891337	24.29706777651305	26.374148898612354	7.158840735009481E-4
78.0	27.86459128077201	25.45226224371806	19.648799976791125	27.033969731255535	3.7676746326611424E-4
79.0	27.800226128674826	20.44949949910351	21.312081306859476	30.435329723261756	0.0028633421004347383
80.0	24.27050926278243	22.31970029980568	27.6688469574508	25.73883376419255	0.0021097157685430828
81.0	26.171169083916407	23.96503548928729	21.0701750222173	28.793356697757698	2.637068213043467E-4
82.0	22.838403255961307	21.628681330396518	23.364287417543363	32.16772389725369	9.040988451267378E-4
83.0	25.799078157701633	21.31278148359654	23.75035974149842	29.13683888553214	9.417316712648285E-4
84.0	24.22604922367618	25.152967056146935	24.39171017244107	26.22836953164433	9.040160914864285E-4
85.0	25.357423604553535	26.33199781686939	20.460521533178426	27.849454386845775	6.026585528736832E-4
86.0	26.284577015486754	24.864565783759495	21.480395890136982	27.368879377200344	0.0015819334164225028
87.0	22.755258962297727	20.511563106982607	25.255523553514656	31.476938756831817	7.156203731847253E-4
88.0	24.709036715871747	26.43044864576185	25.56209715021321	23.2978525474682	5.649406849943468E-4
89.0	26.498057024577378	26.306998402383847	21.81962529460991	25.374566041203583	7.532372252849684E-4
90.0	24.09837837471411	24.929019293119158	23.66950012032543	27.30295156967257	1.5064216873504643E-4
91.0	27.45435126945762	24.130051148872518	23.490859709285203	24.924210642068612	5.272303160444471E-4
92.0	25.30088948807363	23.18061654101361	22.900476753556823	28.61801721735594	0.0
93.0	27.296149880589887	24.75272579657578	20.45885717255232	27.491928237949598	3.3891233241726583E-4
94.0	28.309714948887816	22.372515136715258	23.030250083878435	26.283452997387812	0.004066833130682034
95.0	24.25713009759334	25.81392424033612	23.481368852218274	26.445053947827212	0.0025228620250523966
96.0	26.168591334457673	23.83771565673852	23.507681162203387	26.485070504630837	9.413419695810991E-4
97.0	26.142354644836313	24.208753879137337	22.91230683383323	26.736358727861337	2.2591433177929376E-4
98.0	28.1870623268745	21.978132863243985	23.901211958512757	25.933555200043372	3.7651325383130476E-5
99.0	22.00270548366827	21.298549332156664	26.563324168221897	30.135421015953167	0.0
100.0	22.766267037871557	24.54398457956152	23.783503970875852	28.906244411691073	0.0
101.0	24.20875812549717	21.441373881479457	27.738293015959425	26.611462037970874	1.1293909307649476E-4
102.0	25.771231598754014	23.824884063961907	24.107354625356617	26.296529711927462	0.0
103.0	25.719910070534098	25.41791150410495	24.342507484083146	24.51952035610382	1.5058517398611003E-4
104.0	25.846316128682517	26.28827829009583	22.406314562615574	25.458601622686288	4.893959197932792E-4
105.0	28.431779653519452	22.383673543145175	20.535054454526733	28.64674411661841	0.002748232190231879
106.0	26.53660035101642	21.570455892174262	24.074516072440993	27.818390037819725	3.764654860207071E-5
107.0	26.289974110731677	24.59887069031398	22.079325742109457	27.031076533525983	7.529233189010482E-4
108.0	24.468322593687517	23.645880429475405	23.309366926207584	28.57635475954475	7.52910847450098E-5
109.0	26.308264452543124	23.754659029265536	25.049681881613505	24.88649115852614	9.034780516947554E-4
110.0	24.85524500401862	23.664717275545524	22.416630119504514	29.063407600931342	0.0
111.0	25.654715161353224	23.269521365063138	23.780637010389462	27.294411194927164	7.15268267010397E-4
112.0	25.49032229891704	23.371452362882923	22.97998506258056	28.15820263091323	3.764470625082818E-5
113.0	30.126397013180267	20.56698529741149	21.95947179547603	27.346204795760993	9.410981712203898E-4
114.0	27.094216546084716	21.534221018264034	27.404069306733152	23.967191972061677	3.0115685641932783E-4
115.0	27.551578575658432	23.11873679312514	25.403166148838586	23.925803198223687	7.152841541595467E-4
116.0	27.412959672318767	23.60471945306147	23.599448844983886	25.382872029635877	0.0
117.0	26.156214458596068	26.08905167581308	23.877912818642038	23.876030453653726	7.905932950912063E-4
118.0	26.79895400939223	24.504581291284893	24.0863205782012	24.609767648832673	3.7647228900422326E-4
119.0	27.904108521499232	20.725236059936503	24.159978254739553	27.210150097262602	5.270665621067001E-4
120.0	26.025035830277986	22.866512591138036	24.075198595927453	27.03321533592368	3.764673284711323E-5
121.0	28.315411376762405	22.439132924409286	24.11703163758984	25.127558175299736	8.658859387276522E-4
122.0	26.451678239433544	23.192668121356686	24.529183400872512	25.82598082399305	4.894143442073671E-4
123.0	25.289022291675998	26.811111617248613	22.750512652454578	25.148562860207292	7.90578413519945E-4
124.0	25.677712657663626	24.051420629088412	22.907455818043825	27.36329795564336	1.1293956077051886E-4
125.0	27.685350266679116	23.275884136884237	23.216893993922547	25.820817534867054	0.0010540676470499658
126.0	24.46116831786787	24.51669566009587	23.60917183698377	27.412851248085246	1.1293696724338556E-4
127.0	26.914495258394982	21.837998267566487	27.195403969087245	24.051236664647625	8.658403036614881E-4
128.0	26.371485524227932	22.60976119352416	24.987887446425244	26.021454372283614	0.009411463539049104
129.0	25.3281125944866	26.020873167442737	21.205054042628003	27.44321204188186	0.0027481535607976272
130.0	26.34660567016034	23.19055598200071	23.345017386790104	27.11778331508131	3.764596753336468E-5
131.0	25.86357806319535	24.369509050737058	24.372332523812233	25.39378978979431	7.905724610483065E-4
132.0	27.243356750238956	24.980546563452087	21.258587464043615	26.511523549481375	0.005985672783974058
133.0	27.099559211994972	24.94862367154687	24.63473773885428	23.31527240653536	0.0018069710685109316
134.0	27.010182528093335	22.720337537875324	20.41964107237843	29.849763572155386	7.528949752918692E-5
135.0	27.62424387979773	22.569978644745	26.449497814596633	23.35571500578395	5.646550766820415E-4
136.0	27.850485232226347	26.595807954947563	23.470483274734043	22.077200484855787	0.006023053236261792
137.0	29.575510496012587	20.6227778436543	23.451478175107333	26.35004526658347	1.882186423036456E-4
138.0	25.952197401783938	23.444887284159556	26.447192493239456	24.15470648108554	0.0010163397315056284
139.0	26.610155646842138	22.84954665584578	24.173499044452083	26.365631743840133	0.0011669090198679435
140.0	27.263655485908995	21.184203195979205	25.260446858903222	26.291543890132758	1.5056907582206952E-4
141.0	26.70382489882619	24.510241977710333	24.709973435640812	24.075658547290544	3.011405321228488E-4
142.0	29.49545991467154	22.58173922797846	23.105574958273074	24.816924757524585	3.011415523395311E-4
143.0	27.380624353490134	24.732136000831144	23.21943466994307	24.66761676325731	1.8821247833674374E-4
144.0	28.673123151270406	24.102051002915807	22.69492733819828	24.52925858085324	6.399267622641964E-4
145.0	28.401145381115516	21.66294070239853	22.311706428897573	27.623567567811737	6.399197766454126E-4
146.0	27.16077498428425	21.390514836800836	24.458380543332193	26.98577489017794	0.004554745404788882
147.0	27.644022020420643	23.560871406389687	25.899138945090105	22.89239166235355	0.003575965746012328
148.0	24.409214666465406	23.725330696369898	22.52375318594394	29.341287386729835	4.1406449092088317E-4
149.0	28.750977289982877	23.65980935646231	24.203402794795263	23.383853155616187	0.001957403143363594
150.0	25.788929242555653	23.497691710031802	24.03870187674665	26.674639527320032	3.7643345861038836E-5
151.0	27.640238712521416	23.28184919762221	24.542569935367826	24.534739839415273	6.023150732735109E-4
152.0	27.484976808777915	22.9829321188544	23.569705235633432	25.962159966541094	2.2587019315289567E-4
153.0	24.48108677672417	22.42158374834219	25.066886415253304	28.02965250686181	7.905528185278476E-4
154.0	22.811422746032243	23.459831520632264	24.134253443354016	29.591894739734876	0.002597550246597868
155.0	28.547969340581563	23.878582077190657	22.9133976839791	24.65986266508049	1.8823316819010044E-4
156.0	27.031311706416655	22.43321071580102	25.581096796320494	24.954154897152993	2.2588430883354474E-4
157.0	25.035934767009437	22.40443309657925	26.01462539370123	26.544743208536097	2.6353417398224983E-4
158.0	24.426996368783964	20.952248285572832	25.845184826825445	28.775532870128966	3.764868879029116E-5
159.0	27.027154220793893	20.744869898888894	23.776433612139357	28.451128125272955	4.1414290490375316E-4
160.0	26.847783894251315	20.766007048858203	24.844646132032246	27.54152527472362	3.7650134618056327E-5
161.0	25.402111336299903	19.543358296533604	28.74230575333306	26.308610214518364	0.0036143993150713296
162.0	26.099468032435375	22.252464148006638	25.458275617858355	26.189716900182948	7.530151668549832E-5
163.0	25.96681484069723	22.84469288214931	26.37756289238318	24.81081642811476	1.1295665551909984E-4
164.0	25.940312073700028	22.199245664377504	24.33954214983017	27.51973287617848	0.0011672359138158186
165.0	27.46739955538687	21.92867513720954	25.20506123973564	25.398223957297862	6.401103700892239E-4
166.0	24.28412149911719	22.355569462628445	25.317248824519726	28.04290959561671	1.506181179287147E-4
167.0	26.78742760744975	23.023843413690006	26.53611531596665	23.652086486974987	5.271759186040382E-4
168.0	26.888919349020135	24.221540718626464	22.61325834115966	26.276206277682423	7.531351131924418E-5
169.0	27.30788624692192	21.35760473377416	24.927291617946494	26.406916136534726	3.012648227000031E-4
170.0	32.58894947729943	21.803542915674992	23.002289639381797	22.605067333473926	1.5063416985508995E-4
171.0	26.36264633404228	22.580065733583172	25.853075500231963	25.2034592975966	7.531345459803703E-4
172.0	28.060637178988166	24.28765882608915	23.281907697357674	24.369645724748374	1.5057281663769396E-4
173.0	30.48041588139355	18.818023283606582	21.956706749942317	28.743122626066214	0.0017314589913348007
174.0	24.873774348357955	24.695511433142	23.932812647031145	26.49748753175873	4.1403971017220283E-4
175.0	26.02265802062838	23.390037984198784	22.21181639452374	28.373831367623133	0.0016562330259640874
176.0	25.083116007058837	23.24620707931556	27.84213078123024	23.827416838821197	0.0011292935741689905
177.0	22.183977972516843	25.18813636017977	24.308836517314568	28.295294463991134	0.02375468599768552
178.0	25.569106012405086	22.435009190695546	24.042844489215284	27.952814445823453	2.2586186062742165E-4
179.0	29.320671836376356	23.52074848601897	21.74847020715733	25.409243585486564	8.658849607829408E-4
180.0	26.958161541572036	21.177795497575705	25.472746992778134	26.391107012882962	1.889551911659669E-4
181.0	28.747612307256425	21.900639407356007	25.519023704017386	23.831929157255725	7.954241144562272E-4
182.0	25.67299453877289	21.756690931211565	25.451484924998084	27.118791727176518	3.787784093276456E-5
183.0	24.558306630902646	24.62077118917897	25.54550423747593	25.274925498987272	4.924434551802589E-4
184.0	27.072674196156154	21.039990847632016	26.114554613801133	25.768992110628492	0.003788231782203948
185.0	25.980016158888926	23.274822701079874	23.836595981944164	26.907921226742243	6.43931344797584E-4
186.0	27.746864041476137	22.27349748066413	24.688809648368824	25.29082882949091	0.0
187.0	24.315703746323656	22.483984474907015	27.444170356466806	25.755419360306277	7.220619962429975E-4
188.0	28.145669313783056	27.907295817632118	21.688643623641997	22.258049191137765	3.420538050635365E-4
189.0	25.40580562303093	23.13849367598112	24.319869129658255	27.134881362644865	9.502086848313628E-4
190.0	29.553848376109965	20.429464177107405	24.369754287799537	25.646781109354094	1.5204962899890526E-4
191.0	27.851077293981074	23.519575612501054	23.646672414469684	24.982446087677744	2.2859137044717423E-4
192.0	28.188868915581487	22.723722421658955	23.694684246902593	25.392648214175495	7.620168146630324E-5
193.0	29.563591107967817	24.10758447453437	20.341144739780255	25.987489149413058	1.9052830450386047E-4
194.0	29.611910585247585	22.29027554737154	22.919142131774645	25.17867173560623	0.0
195.0	26.892783105147267	21.102977021057963	23.88698548555969	28.1166064391654	6.479490696785372E-4
196.0	29.482782699860916	21.406731573117327	25.438252461732425	23.672195002496647	3.8262792686449806E-5
197.0	26.255652805517464	23.14017580000329	23.414793942634045	27.188650341378363	7.27110466831708E-4
198.0	27.568308945959007	22.3592962317862	24.0158217406984	26.05653471652075	3.836503564111811E-5
199.0	26.189869382701602	21.79674242120922	25.01559184327156	26.99737287065469	4.2348216293129734E-4
200.0	28.82461856903759	23.28543283515429	23.015648420122904	24.874300175685214	0.0
201.0	25.69726223929435	20.239029435297866	27.763578102534918	26.29982218532617	3.080375466965668E-4
202.0	25.504267224565414	24.01602380080458	28.23958069796645	22.240128276663558	0.0
203.0	27.039905645769508	23.824597272755987	21.944368905936194	27.19031929292875	8.088826095631494E-4
204.0	26.680817131564655	23.519729112334403	22.57720799257293	27.22216871925452	7.704427349176204E-5
205.0	28.330644316234576	23.98148661809485	24.545833487431736	23.141110987832388	9.245904064499426E-4
206.0	26.857119520030455	20.885009350806666	24.168656650862378	28.089137421797282	7.705650322211768E-5
207.0	26.807528254460273	23.453292522726684	26.60402754908621	23.134881932212416	2.697415144136378E-4
208.0	28.72870534921088	21.91534209227062	20.61514518383709	28.740768833199017	3.854148239020399E-5
209.0	28.09803941976292	19.52334860212144	24.96205931660127	27.415627514040075	9.251474742895735E-4
210.0	26.187183495806288	23.040792053250776	24.115947281268735	26.655614521747346	4.6264792685536275E-4
211.0	25.428516115198583	24.679234775848066	24.773410751487262	25.117797099750177	0.0010412577159125004
212.0	29.36349754200126	22.03660878737443	23.18273606008767	25.416848962131155	3.0864840548375623E-4
213.0	30.229711388058067	22.890497006718476	22.140516694280723	24.73888888031043	3.860306323027345E-4
214.0	28.357367783484445	24.42814850524416	23.846408197825696	23.36803688527123	3.8628174463377396E-5
215.0	26.066435075094414	25.384701412110072	22.00103167505564	26.547444862850295	3.8697488958638963E-4
216.0	26.217066714069638	24.57246291976982	25.273640567754992	23.936712335096196	1.1746330935646159E-4
217.0	29.586108616857132	22.06714975826293	25.414862922001063	22.931126799078243	7.519038006362689E-4
218.0	24.948510971316257	23.67686706523545	24.99934950692625	26.375072304807045	2.0015171499996996E-4
219.0	27.561476655280977	21.864133451647277	23.59864830369407	26.974850182940912	8.91406436764843E-4
220.0	29.016068299320725	21.084035769870038	24.185655532198616	25.713874387388717	3.660112219040636E-4
221.0	25.955933693444734	21.9122930375825	23.711322062866973	28.420205638398276	2.4556770751903764E-4
222.0	25.54442350295936	24.638594054822605	23.90830109446814	25.908474688357636	2.0665939225605927E-4
223.0	31.220524105290327	22.108094202194163	23.19239651803162	23.47818909488263	7.960796012562973E-4
224.0	30.832450174943133	22.428958122527874	23.29024249056131	23.44809698109067	2.522308770109632E-4
225.0	32.338808228591546	18.958164781709428	22.801141806783136	25.90082732753572	0.0010578553801678353
226.0	26.036213082607617	21.87727455664877	25.57158270609089	26.514544317996936	3.8533665579160994E-4
227.0	27.239570060697364	22.810250322004514	25.346957971326127	24.601620817348483	0.0016008286235080387
228.0	27.936877696296	27.439882847175497	22.50842568715725	22.114683290282482	1.3047908876883847E-4
229.0	27.8175356988127	25.239906896303744	21.12842627039713	25.814087283838226	4.38506482002817E-5
230.0	26.923550101873012	22.72352319536075	25.793963382361014	24.558963320405226	0.0
231.0	26.563495381876717	23.185814187606884	23.573155128386876	26.67587539770413	0.0016599044253949227
232.0	24.848282233672244	24.63956159630628	25.132404330727336	25.37948077353133	2.7106576281293973E-4
233.0	23.752820393494705	24.910017652937928	20.428214286695802	30.908443820693055	5.038461785099528E-4
234.0	26.645605229868675	21.121332878756547	26.671547778069648	25.560442877023938	0.0010712362811892773
235.0	25.76062830961941	21.516385123812455	27.471080216347264	25.251811941394774	9.440882609233372E-5
236.0	28.956231854121484	23.529920856236828	23.013229516913203	24.50042651182184	1.912609066532019E-4
237.0	28.635413700402047	23.919378737493425	22.243437214936943	25.20172208252289	4.8264644699818044E-5
238.0	27.74267280095967	22.30150467606119	23.47996211402192	26.475860408957214	0.0
239.0	28.804144000850417	22.144256174598027	23.745695130014152	25.30441447558947	0.0014902189479352272
240.0	26.024503201284205	20.825824717645297	26.798736297417037	26.350884530304054	5.125334940638371E-5
241.0	29.08543342636677	20.50222664587096	22.738210064028898	27.67151329830898	0.002616565424396651
242.0	27.97147857705494	23.393973234943886	19.85491463933809	28.77875947851947	8.740701436148662E-4
243.0	27.886228631025254	21.91301533907982	25.45139189473294	24.74725145620262	0.002112678959366485
244.0	26.444283122346746	22.640535240559817	25.633914953422547	25.280492199915944	7.744837549450789E-4
245.0	29.893169598434365	20.43017648531289	22.467536094566835	27.20730766286775	0.0018101588181628232
246.0	25.41509226804551	25.95877768662838	22.719400734166936	25.903984471457807	0.0027448397013614405
247.0	25.82269001092252	23.057881072087614	23.86996492967783	27.10647540669023	0.14298858062180583
248.0	26.042144671025717	22.99046102287569	22.640120597255418	28.3165283438849	0.010745364958274762
249.0	25.24598992751303	22.226947021712824	28.581669487683868	23.928342697446944	0.01705086564333748
250.0	28.175402411577323	20.475113770607813	23.237708527336995	28.111045741177794	7.295493000756126E-4
