# Position (bp)	A	C	G	T	N
0.0	23.84638568846965	24.515930968088245	25.51047223118243	26.12721111225968	0.0
1.0	22.73721841192118	30.62873383106361	23.437481561807306	23.12178864909146	0.07477754611644305
2.0	24.802877462560655	26.412623770655287	22.88448650275817	25.89926898972919	7.432742967076665E-4
3.0	25.364216400151264	22.24116791862992	24.755017704082803	27.632418555339417	0.0071794217966007915
4.0	26.34150444426303	23.91528069485366	23.675317703578912	26.067773465040855	1.236922635436844E-4
5.0	28.003128606485063	24.413571628036863	22.204394876597974	25.378225294264467	6.795946156336417E-4
6.0	25.818843958874606	23.65339491780102	23.93238785384545	26.58982178501198	0.005551484466946461
7.0	24.8504838617355	25.428422130050265	23.858633468349723	25.861845057150646	6.154827138602399E-4
8.0	27.741595179223744	24.072466565762504	23.199862783454833	24.98607547155892	0.0
9.0	25.312147587674357	25.96215083953129	22.74790500650985	25.97767385470212	1.2271158237812593E-4
10.0	25.1745572233186	24.861276896280916	22.7030145414796	27.26115133892088	0.0
11.0	26.64162103359427	23.09636508668754	23.060596890654136	27.201120894726028	2.9609433802484943E-4
12.0	27.821540378729626	24.33452777813431	20.59087095678879	27.253060886347274	0.0
13.0	24.994118888748933	23.07684786241018	24.850038852720292	27.07887936215969	1.1503396090110704E-4
14.0	26.65199514510146	22.264857898756276	23.676096897956214	27.40705005818605	0.0
15.0	25.951933122004366	23.373334887662363	24.11066972152103	26.56406226881224	0.0
16.0	27.018808573435937	24.689768281639996	21.852599814042957	26.438768183477617	5.514740349480126E-5
17.0	28.118802681428317	27.568158011736788	18.92822819691827	25.383838716700257	9.723932163688353E-4
18.0	25.437939017222895	25.59282560605874	20.381757135042783	28.587371090801255	1.0715087432434676E-4
19.0	24.88268396051267	24.218373217585775	21.749294716670295	29.148847859395737	8.00245835520672E-4
20.0	22.281769408488348	26.027158102011917	24.217023570633867	27.474048918865872	0.0
21.0	23.78452747211215	24.771015426964563	23.74127380985501	27.702815844908322	3.674461599514131E-4
22.0	22.237464529603983	27.329203193231656	26.033699408424177	24.399528983267686	1.0388547249969743E-4
23.0	25.19550819722985	24.092565880290977	23.280391274900605	27.43101763528919	5.170122893821186E-4
24.0	27.677239474088093	21.470660459405536	24.910216401493834	25.941832506266948	5.115874558755819E-5
25.0	25.08502649004279	25.52149664823478	19.923879361731277	29.46929414994492	3.033500462356029E-4
26.0	26.351607146981472	25.654903984905097	19.640692766759084	28.352745892132514	5.020922182735459E-5
27.0	25.421813663701514	24.839787837681023	20.214843359223376	29.523405081171493	1.5005822259036506E-4
28.0	27.292193742913867	24.15840260621154	23.14854514578248	25.398184959822558	0.0026735452695577262
29.0	28.20656682658819	24.150286449976914	22.4886711382082	25.153986428845354	4.891563813384884E-4
30.0	23.1766520546934	24.845146432175742	25.610308094735316	26.36769915329556	1.9426509998339033E-4
31.0	26.166114774549133	24.522086882045567	22.904255941318826	26.40705906349281	4.8333859366836104E-4
32.0	23.817236928500755	23.53350482554995	24.87397521923123	27.775091735901984	1.912908160800973E-4
33.0	24.065246733971804	25.24633642598738	25.376958623052737	25.311268909456103	1.8930753197877483E-4
34.0	26.035464649587546	26.353498963890274	22.662583842318032	24.948405629568608	4.691463553661664E-5
35.0	25.024440422208006	22.293284138525575	26.39041295149823	26.29158409662771	2.7839114048034536E-4
36.0	23.34660830130469	24.499685739235876	26.490003912036652	25.663655696277633	4.635114515139211E-5
37.0	25.259403822968764	25.489964405819986	21.176869065126876	28.073716371562096	4.6334522277174966E-5
38.0	27.102345711094777	25.561344289465726	20.941304646906534	26.39500535253297	0.0
39.0	22.860065847334035	28.001280081806673	21.800200719050295	27.338175475874117	2.778759348788484E-4
40.0	26.10563594528302	26.497477019507315	22.82791453215463	24.568833585160604	1.3891789443073533E-4
41.0	23.997879452917374	24.961663471955998	21.205054124880775	29.830263633080534	0.005139317165319332
42.0	24.521145343857782	26.574801509224322	20.807990555774172	28.095923705469783	1.388856739427328E-4
43.0	26.397418491154184	25.584008050782142	22.525479253451046	25.489205832373194	0.0038883722394292978
44.0	28.466647875303103	25.485393417561227	22.957260756088562	23.090559098606985	1.388524401233565E-4
45.0	25.80974474951837	24.192916182492734	21.734168727153584	28.259144235009813	0.004026105825497467
46.0	25.010758240812464	24.33768567798202	22.711456115169167	27.940099966036346	0.0
47.0	25.039408696054505	24.797057360646825	23.12576775820388	27.03605427226354	0.0017119128312493494
48.0	22.25104312605255	24.49043968786468	22.578839793137035	30.679677392945738	0.0
49.0	22.2718325544912	26.724737580150443	24.10308280886363	26.89872832284394	0.0016187336507901269
50.0	27.26616033411844	25.392455512459378	20.359821989717656	26.98156216370453	0.0
51.0	24.555763890976095	26.96924368077054	21.670685665007433	26.802041019214894	0.002265744031036069
52.0	23.067664608227666	26.352309539033296	20.750098493215273	29.82992735952376	0.0
53.0	22.449676852549356	24.6705903588051	24.29274083187676	28.585334318093498	0.0016576386752888434
54.0	22.87902953998368	29.096257728484105	22.306610628058472	25.71805605948147	4.6043992271976336E-5
55.0	23.942672054808742	28.51715690215212	22.33798938755898	25.20066572372649	0.001515931753671196
56.0	25.633657777261305	26.457253276170206	25.11858332939089	22.79045968580183	4.593137576871899E-5
57.0	22.78582749563579	27.861122427000268	22.688462370445826	26.659168327308485	0.005419379609630146
58.0	25.17634665658862	25.60299512644472	21.65478623722316	27.565688297268043	1.836824754519852E-4
59.0	27.504063622087738	22.65154784972404	24.818216046945167	25.023509316484986	0.002663164758065257
60.0	23.21611380708635	23.211483402751192	24.517945109078116	29.054411835496865	4.584558747681933E-5
61.0	25.251583441172816	24.107315986418413	22.2996466165448	28.33508214366099	0.006371812202983017
62.0	25.178769187892836	22.739624052981686	24.58795994103367	27.493555141585198	9.167650661170965E-5
63.0	26.032584332495134	24.26902059072395	22.575999398623615	27.119920500975862	0.0024751771814332376
64.0	25.120735605603578	21.9629260849739	23.417470541609934	29.498684817752007	1.829500605793388E-4
65.0	24.221316086260973	26.809200145981798	23.313000154579722	25.65149864582676	0.004984967350750535
66.0	24.09747152088316	25.04040353227938	23.065775212764496	27.795663765782987	6.859682899725155E-4
67.0	26.43477688260305	25.49760241742905	21.330802373894837	26.736178117108857	6.402089642059168E-4
68.0	23.011965883878617	23.164786060897605	26.884462093096843	26.938465871989553	3.2009013738268697E-4
69.0	22.659821240361616	25.515476056021168	25.00581858187556	26.815957683706003	0.002926438035646759
70.0	25.21358078909622	23.125843983079708	24.47872774600937	27.181482269393463	3.652124212396588E-4
71.0	24.18575305124952	23.239707509777062	26.459503542321904	26.11412544959014	9.104470613727812E-4
72.0	26.6900710643448	26.287389799742648	22.790384989142126	24.230788662658515	0.0013654841119096158
73.0	25.29086635279876	22.61264315767198	23.060234877566486	29.03234174435618	0.003913867606601693
74.0	24.158717070835586	25.930744322432332	23.7610552622047	26.148709771950806	7.735725765791347E-4
75.0	24.73615814221843	24.84968499143202	22.48832652778928	27.92373725837437	0.0020930801859019217
76.0	26.775872494718598	24.211543597777236	24.944728995767143	24.06699041362595	8.644981110716274E-4
77.0	23.776065967433947	25.679763668865245	24.326674197985106	26.21667721445558	8.189512601157543E-4
78.0	27.449066032405206	26.621374841791013	20.20962292804232	25.71970872258128	2.2747518018309022E-4
79.0	27.243884285940457	20.72386798100912	23.296125577087203	28.733574510442615	0.0025476455206022634
80.0	23.73329791086275	23.437878145488092	28.500319348129494	24.326139053819713	0.002365541699951051
81.0	25.492811282869628	24.806692061978634	22.36990664629947	27.330044133983165	5.458748691037553E-4
82.0	22.580831516456062	22.034426431595424	24.19116172034813	31.19244312488031	0.0011372067200729268
83.0	25.00511725100366	22.436120787137824	24.77968528678894	27.77834888826016	7.277868094099196E-4
84.0	23.385633947853425	26.15388534012077	25.204177984619108	25.25507465755045	0.001228069856252149
85.0	24.18442567776537	27.444630817539124	21.416876184793168	26.953521541859356	5.457780429854787E-4
86.0	25.701916832360393	25.248631548692124	22.90075294383028	26.1468795308063	0.0018191443108990393
87.0	21.882912658798876	22.302601900493315	26.221096057858816	29.59247988183763	9.095010113651246E-4
88.0	24.79380182238354	26.955187990712552	25.61377437476638	22.636417294727202	8.185174103200494E-4
89.0	26.955511882989857	27.36334311570512	22.32627044271674	23.353828720885925	0.0010458377023582275
90.0	22.765177694518208	25.819677348950563	25.104670619475467	26.310292459350332	1.8187770543086828E-4
91.0	26.395626819241198	25.27727941089549	23.76114278127822	24.56531445308415	6.365355009488925E-4
92.0	25.3344178251907	24.38106218975819	22.740775832987044	27.543698687061664	4.546500240509863E-5
93.0	25.695389710114487	26.542696305348617	21.460902599522267	26.30069313925798	3.182457566474719E-4
94.0	28.12124369668436	23.192064505218134	22.63860929717462	26.043536294186858	0.004546206736023597
95.0	22.80833587908411	27.212666564836635	24.50512423263798	25.471418492333655	0.002454831107619796
96.0	25.791541735836983	24.610934031067092	24.561385963987192	25.035229130263232	9.091388455027628E-4
97.0	25.17019140254443	25.601595983314716	23.00712310734933	26.22077132829975	3.181784917703133E-4
98.0	27.418389372108464	23.756086453201636	24.653197725815197	24.1723264488747	0.0
99.0	21.45721976778906	22.227332573749266	27.74255826520331	28.572798497677844	9.089558052053171E-5
100.0	22.175616419804868	25.2268473053035	24.472105972808773	28.125430302082854	0.0
101.0	23.452507482938174	22.571686025138675	27.656721375688253	26.318994234945404	9.088128949644041E-5
102.0	24.744305555429317	24.358480293827068	25.110135161542175	25.78703354452987	4.5444671566814116E-5
103.0	25.77747163371276	25.276302086646446	25.28466248525571	23.661336609640266	2.2718474481700726E-4
104.0	25.29910988315484	27.466040754275316	23.157395430239802	24.076863277489192	5.906548408480531E-4
105.0	26.906080009014694	23.868347349117524	21.11255095753826	28.109704787055197	0.003316897274328306
106.0	25.942237397797722	23.18578039488301	24.950145508324983	25.92170039142989	1.3630756438828573E-4
107.0	25.588383893456623	25.07101498266199	22.66100364207358	26.678688780814053	9.087009937554069E-4
108.0	23.860132871500767	24.85382999261825	24.511771052183295	26.774175231389474	9.085230821645562E-5
109.0	26.414755812506304	24.441233569500707	25.1199384432576	24.02311829959492	9.5387514046947E-4
110.0	24.804968179018683	24.117315228469742	22.81463528958637	28.26303588331156	4.5419613642598506E-5
111.0	25.097561684601423	23.767443466001478	24.919743251075086	26.214524881863156	7.267164588560393E-4
112.0	25.44237015936226	24.68053062618541	23.557210179418796	26.319798199271858	9.08357616760288E-5
113.0	28.700307560390293	21.867489249919615	23.036736480876936	26.394467546293015	9.991625201422082E-4
114.0	25.71846408531144	22.56333979012769	28.150048936899786	23.567556765668325	5.904219927650598E-4
115.0	27.058699559288886	23.4328593444337	26.56866222851846	22.9389158860846	8.629816743570447E-4
116.0	25.79228206849503	25.082596092616633	25.380959431851522	23.74411698713436	4.541990245621748E-5
117.0	26.1867517652413	26.83775404440787	23.55535449715263	23.419276716619382	8.62976578815651E-4
118.0	26.23125871489628	24.344026634085633	25.340261344694305	24.083953690119863	4.996162039160826E-4
119.0	26.605875454321655	21.645695878606524	25.37937731702908	26.368324617079857	7.267329628812054E-4
120.0	25.362257951552387	23.42891350547787	25.21536992029258	25.993458622677167	0.0
121.0	27.665901478808053	23.215896527948736	24.55944165207904	24.557897347338663	8.629938255062821E-4
122.0	26.934339491007396	23.625992043215	25.110201790208492	24.32883078682602	6.358887430886843E-4
123.0	24.128261227989935	28.28103120232297	23.338676264260243	24.25094122034117	0.0010900850856829587
124.0	24.91227018330831	24.700474099832583	22.99711216062891	27.39005271510497	9.084112523085002E-5
125.0	26.258266414737836	24.3720704189528	25.068720249990918	24.29985283964972	0.0010900766687257004
126.0	24.040888887273955	24.14762585196537	25.332814939904818	26.478579480885905	9.083996995013794E-5
127.0	26.360539583049462	22.96398237725394	26.90461915792342	23.769768815006586	0.0010900667665894536
128.0	25.886089144190155	23.137537931451092	25.153962743718516	25.813280742927297	0.00912943771293505
129.0	23.9717014940016	26.855738209750683	22.86317983022895	26.30642816297258	0.002952303046186283
130.0	26.580369645820056	24.530834326162402	23.387494941227395	25.50130108679014	0.0
131.0	25.63350661679373	24.81005816237773	24.81346478348652	24.74224369150548	7.267458365412349E-4
132.0	26.505920667148132	25.772548271492223	22.216332592966058	25.499293698702314	0.005904769691271388
133.0	26.880748529511955	25.136556673404037	24.94501850884564	23.035586946154023	0.0020893420843458316
134.0	26.5005775164205	23.101792322097463	21.361067444743057	29.03651729665086	4.542008812405498E-5
135.0	25.814296037538487	23.54876056405838	26.93879738582278	23.697510136545294	6.35876035058571E-4
136.0	27.76751275860127	26.41284817037388	24.210774454818473	21.6026420160861	0.0062226001202733226
137.0	28.321592720259698	22.22402897506696	23.952712937808894	25.501301997577237	3.633692872102641E-4
138.0	25.20097777390205	24.32666768404568	27.70609192019388	22.76503631679729	0.0012263050610972434
139.0	25.504816415736453	24.003549917996715	24.928681438915838	25.56186218088322	0.001090046467772549
140.0	26.32147400654123	21.835222986319376	26.070035022507334	25.77313172795719	1.3625667487386037E-4
141.0	25.37624592073798	25.33918339817004	25.398501602181966	23.885705720845625	3.63358064391591E-4
142.0	28.20729903269717	22.775196678549968	23.5374296733099	25.47993835641637	1.3625902659276582E-4
143.0	27.2089365337684	25.71274661516611	23.70180849986306	23.376372090319165	1.3626088327029753E-4
144.0	28.158892317642923	25.319920314020173	22.6143033245187	23.906429837366836	4.542064513667526E-4
145.0	27.58636195168745	22.863570463067934	22.925069402052266	26.62395351879306	0.0010446643992907184
146.0	27.768176423484675	21.862442696568994	24.57807914675174	25.78666885895487	0.004632874239720356
147.0	26.81628492995387	24.78166791722003	27.013814829685533	21.384689593276445	0.0035427298641226837
148.0	24.51619525785736	24.047458671013683	23.84597461100995	27.590008098423784	3.633616952276529E-4
149.0	27.595892373984913	24.84764911582664	24.712887224690814	22.84157279435844	0.0019984911391899116
150.0	25.550528931100423	24.01887709448994	24.685979805687655	25.74461416872198	0.0
151.0	26.201638204234552	24.131239845254974	25.937779489697522	23.728706547229983	6.359135829778652E-4
152.0	27.18813776350293	24.122330676557922	23.37176550425361	25.317675210227748	9.084545779524433E-5
153.0	24.89274460702396	23.230212203290364	25.498325930118316	26.377899643019532	8.176165478321577E-4
154.0	23.231177552467468	25.173755977155647	24.60759834059124	26.984969841113383	0.002498288672259502
155.0	27.57950288467522	23.700987662284273	23.873327758247818	24.845999997274536	1.8169751814817522E-4
156.0	25.5100965456341	23.996455057266903	26.120922339226126	24.37216266036051	3.633975123623291E-4
157.0	24.45908359350832	22.911615910398957	26.498646544953374	26.13015426979976	4.996813395820757E-4
158.0	25.086310751412316	20.922498396437092	26.60628851049448	27.384856914944844	4.542671126964024E-5
159.0	26.329185687373403	21.70057269949199	24.731559889503114	27.23800031708118	6.814065503157411E-4
160.0	26.483302624262713	21.45782681537852	25.399127062868192	26.65969806987131	4.5427619265671624E-5
161.0	24.32982234897664	21.01729810174253	29.0791002697519	25.569963321373635	0.003815958155293143
162.0	25.428994694380602	23.600988710510524	25.12394088634145	25.84603028005439	4.542871303635978E-5
163.0	25.02971101270032	23.80297328189482	27.135285961682786	24.031893454672986	1.3628904908404672E-4
164.0	24.93222876171828	24.069090999952298	25.092053944406462	25.904672774066345	0.0019535198566207287
165.0	26.09116194038056	22.30904268513748	26.894398876195204	24.704624155079248	7.723432075140816E-4
166.0	24.59783765757899	23.176190880761315	26.069869729704926	26.15596543268883	1.3629926593758675E-4
167.0	26.773596152937458	23.66971201552783	26.55723523275383	22.99886594528186	5.906534990313283E-4
168.0	25.873321374632653	24.172568776159657	24.52319678968862	25.430822187933344	9.087158572734527E-5
169.0	26.79326092754711	22.0977291821248	25.769559490321182	25.33904146467912	4.089353277866557E-4
170.0	31.1810534178966	23.528647336102633	23.120477208721564	22.16959484696006	2.2719031914787273E-4
171.0	25.61497160970432	23.514098817131597	26.810881007946374	24.059366980014104	6.81585203603132E-4
172.0	27.297828564783032	24.255893094100976	24.502842231936846	23.94320896685221	2.2714232692776828E-4
173.0	29.44692608251839	19.41571241083025	23.946941755225033	27.189011479235482	0.0014082721908490474
174.0	24.121481223043872	25.89678102833738	24.200708502668014	25.780620389576526	4.088563742071594E-4
175.0	25.731382042313513	24.267959208428717	23.565459913744736	26.433563320114434	0.0016355153986046327
176.0	24.688098587197914	23.720318253024967	28.5429092746259	23.047129143995317	0.001544741155902547
177.0	21.67288632095597	26.278626275036704	24.782910362006145	27.239723030380965	0.025854011620219563
178.0	25.244049268738163	23.48170595959091	24.266852643583114	27.007210391687376	1.8173640043798474E-4
179.0	27.876328964264392	23.961524445490543	23.264360629487626	24.896422803977146	0.0013631567802963867
180.0	27.019510537111575	22.301707570664302	25.40392944459075	25.274715761791207	1.3668584217159176E-4
181.0	27.356812473532806	21.997251062338457	26.547463895094992	24.097605540222837	8.670288109110557E-4
182.0	25.54363922371089	22.810235216860153	26.03243649765413	25.6135065214802	1.8254029462916254E-4
183.0	23.30702509398951	25.266862662593407	25.998561520115445	25.42709435277989	4.563705217501627E-4
184.0	26.3806248588009	22.123999625751065	26.35287566948342	25.139441958326014	0.0030578876386033213
185.0	24.74431794844647	24.738795855052807	24.74340520573677	25.7727507965962	7.301941677566337E-4
186.0	27.269341451558795	22.69754513442768	25.425579256534252	24.60753415747927	0.0
187.0	24.418233427462475	22.7281168042928	28.22378585757685	24.62913210004949	7.318106183891201E-4
188.0	27.473683584585558	28.003785593429274	22.507402170815528	22.014854200220203	2.7445094944018866E-4
189.0	24.900653284422773	23.31728141092235	25.1506954841903	26.630454920355657	9.149001089188579E-4
190.0	28.56154030556506	21.236250212731694	25.43589410444989	24.76608663349577	2.2874375758285558E-4
191.0	26.893473407182288	23.88925313954282	25.145894986765562	24.070966107278462	4.123592308675626E-4
192.0	27.387699462753588	23.630869331133944	23.78647605301442	25.194909332508566	4.582058948188369E-5
193.0	28.088546309004712	24.4933058678771	21.774409007692007	25.643418028673754	3.2078675242365847E-4
194.0	27.895501231211593	23.82537647851945	23.874001659947286	24.405120630321672	0.0
195.0	26.52231289342698	21.615662777069083	24.540080334392023	27.321577296985605	3.6669812631008635E-4
196.0	28.489300058716672	22.066073251571062	26.54682585407943	22.897708947262508	9.188837033218565E-5
197.0	25.22830488932963	24.385484987916715	24.07254656969405	26.313020214167516	6.433388920877129E-4
198.0	27.017230130882325	23.799201731530776	24.41155440431207	24.771967691720487	4.604155434445805E-5
199.0	25.491489100529492	23.617088435273693	25.139064119472852	25.75203531541044	3.230293135257911E-4
200.0	27.385936160894154	23.119350228056142	24.0516044233154	25.44306303653652	4.615119778511171E-5
201.0	24.307363263437345	21.478569661523238	29.356775996839357	24.857198769712475	9.230848758081608E-5
202.0	25.254055471239667	24.98786035811482	28.752764884216436	21.00531928642908	0.0
203.0	25.44189190686747	24.763446996982022	23.295229968490382	26.49883085652227	6.00271137855499E-4
204.0	26.037210264594833	23.615421275463834	24.28166493028617	26.065657349322812	4.618033235061586E-5
205.0	27.548715978249728	23.6709730633915	25.920539637353794	22.859078578270232	6.927427347451122E-4
206.0	25.175329042175044	21.090845939534574	26.413625043416573	27.320199974873816	0.0
207.0	25.70350882460958	23.608608180866963	26.71169246333762	23.97595955069675	2.309804890780876E-4
208.0	27.969687672691183	22.60163713551187	22.058035326493762	27.370639865303186	0.0
209.0	27.226799883543062	20.88479543784573	25.26694979874208	26.62099274916932	4.621306998045187E-4
210.0	24.7361463547661	24.890062907035325	25.03408812531488	25.339379064575617	3.235483080734547E-4
211.0	25.413019947854366	26.159093651761683	25.078590653087286	23.348555961769733	7.397855269284244E-4
212.0	29.51944857803277	22.099388989600936	24.021187614746587	24.35978978910913	1.850285105806241E-4
213.0	29.456543774663952	22.612057530008673	22.8233933892514	25.10772759798236	2.7770809361724974E-4
214.0	27.593397802633525	25.178694095996168	24.934768722523078	22.293139378847233	0.0
215.0	25.383644061501894	24.968989081185473	23.133216965015226	26.51401062170393	1.3927059347842234E-4
216.0	25.855666095995712	24.36151590359964	25.88495855633236	23.89781250102688	4.694304541129384E-5
217.0	28.931599961186095	22.711671861576367	25.800737937514352	22.555280229286037	7.100104371534262E-4
218.0	24.868148301130542	24.664729527131428	25.437481833340982	25.02954472440222	9.561399482919516E-5
219.0	27.182486773100216	22.58278164890842	24.822127666152664	25.412072517033618	5.313948050843855E-4
220.0	28.09332238018457	22.156932484318737	24.986619916842116	24.762882606085984	2.4261256859263845E-4
221.0	25.62469289121076	22.904094050462405	24.39288412128383	27.07818225821829	1.4667882471147052E-4
222.0	25.41773993601211	24.90638122032271	24.346821266940335	25.328859625030002	1.9795169483766725E-4
223.0	30.44269448121678	22.671494618796416	24.29645412478953	22.58895683438851	3.9994080876030346E-4
224.0	29.799414138352866	22.71282643622909	24.799670038866772	22.687989033408567	1.0035314270919366E-4
225.0	31.35053040239444	19.764082592817893	24.147506229626142	24.737072388963103	8.083861984224343E-4
226.0	25.50093768309126	22.86560046257327	25.793218491673425	25.84014102344336	1.0233921869123489E-4
227.0	27.906691710503722	23.464375624458285	25.71299431755889	22.914490328265956	0.0014480192131463598
228.0	27.733947089991084	27.45899339196518	23.724175346771126	21.082884171272614	0.0
229.0	27.971346990358974	25.132580475155418	21.670621488184043	25.22545104630157	0.0
230.0	25.544502518132457	23.087499021725105	27.867931831690186	23.500066628452252	0.0
231.0	25.48038336244748	25.072588640762948	24.467254099943776	24.978164392616023	0.0016095042297771158
232.0	25.310514733583883	25.16644775456549	24.6953870001245	24.827434923280155	2.1558844596841523E-4
233.0	22.693749013150168	25.891442967045634	22.49558683486321	28.918401655667676	8.195292733124663E-4
234.0	26.819754433954625	20.77023080191102	27.626291029817786	24.782503557923437	0.0012201763931363968
235.0	25.547333918412324	21.66753120031852	28.16633814387896	24.6185163480977	2.8038929249369824E-4
236.0	27.84002038478558	24.327626275897607	24.28650406615045	23.545621764398746	2.2750876761913212E-4
237.0	27.41229721380024	24.872099205379854	22.45162588191341	25.263747790726075	2.299081804204446E-4
238.0	26.94418832646678	23.061238781059977	24.094373314970646	25.90002450951786	1.7506798473407173E-4
239.0	28.115782049376385	23.91418796757828	23.88759822363929	24.081010481333585	0.0014212780724626782
240.0	25.949619882503566	21.56016638180827	26.899454174553878	25.59039200191131	3.6755922297980264E-4
241.0	29.52137511130954	20.680576577283777	23.812820896510953	25.982529001807936	0.0026984130877940964
242.0	26.64943518344401	24.679613631307713	21.49043726425008	27.179284856574327	0.001229064423869906
243.0	28.165422380414366	23.055110435020197	24.914093787922422	23.861988839576917	0.0033845570660936304
244.0	26.53273460727107	23.198023710538976	25.93787394678082	24.329887368771665	0.001480366637470547
245.0	28.724928942289214	21.030857494603076	23.507417256934424	26.734200590710678	0.002595715462615208
246.0	24.296138909370512	26.620705281906602	23.922888385773515	25.15729578169333	0.002971641256038468
247.0	26.03458633924005	22.861813523725356	24.710228937137863	26.25577804368226	0.13759315621446905
248.0	26.237018690351842	22.800191135085157	24.339524511086267	26.613137243814673	0.010128419662058753
249.0	25.52991588517834	21.196947544663757	28.749739365162206	24.506354495841702	0.017042709153994924
250.0	26.54583988334771	22.132032025582433	24.98303199618165	26.338157772096405	9.383227917980578E-4
