# Position (bp)	A	C	G	T	N
0.0	24.21450971794603	23.754682629707652	24.88548578836352	27.145321863982797	0.0
1.0	23.1115378898851	29.430562812696742	23.637149643111684	23.74697815358221	0.07377150072426496
2.0	24.777043453177026	26.198271980011384	22.447477957835964	26.57628482480272	9.217841729115286E-4
3.0	25.922772959999698	22.21082519839534	24.848990939050058	27.011154126073233	0.00625677648167103
4.0	26.17403675631439	23.27681603683588	23.803270986684232	26.74571384265565	1.6237750984887255E-4
5.0	28.531931509437687	23.824617752585507	22.394428674496286	25.24834627292045	6.757905600708877E-4
6.0	25.468701545915547	24.2892726216222	24.348783852241578	25.887709190072393	0.0055327901482868725
7.0	26.012328355217	25.414340078955792	23.160904488926683	25.411834315700304	5.927612002228782E-4
8.0	27.226124122274133	24.118563870159083	23.952301075465403	24.702957160175544	5.377192583883532E-5
9.0	26.294547972262176	25.436301766890658	22.097914296142037	26.17110178406578	1.3418063934391033E-4
10.0	24.744321502840457	24.998364472700636	23.23320152592016	27.024085686615813	2.6811922940388518E-5
11.0	27.9285487216131	22.09483220448992	22.89711378778021	27.079401313126876	1.0397298989668464E-4
12.0	28.41841435240059	24.19862303677668	20.51618822341504	26.866697505039	7.688236869452456E-5
13.0	25.289813041181237	22.36998214273039	25.87671487081619	26.463388541129014	1.0140414317048165E-4
14.0	27.203752103217973	21.379635705708832	23.698326083165096	27.71821082493824	7.528296986297245E-5
15.0	25.63954948400295	23.1626197185615	24.705374965135334	26.492406202883075	4.9629417142199196E-5
16.0	26.190057854319527	24.666418225027034	21.79066144531942	27.352789164686257	7.331064776066516E-5
17.0	28.88007529647507	26.59630134616681	19.166844407358152	25.355507374299346	0.001271575700620217
18.0	26.13435959373619	25.76425788485063	19.448516055567666	28.652699710441155	1.6675540436398892E-4
19.0	25.316903737459633	24.79946440073787	21.796391200828623	28.086813926434285	4.2673453958543684E-4
20.0	22.977339420357627	25.713980966158527	23.808877985678116	27.499730990822606	7.063698312270562E-5
21.0	24.113405026972803	24.76458717698695	23.36522835102291	27.756592377464905	1.8706755243152743E-4
22.0	23.125185765374194	26.97796252190091	25.70084656886286	24.19595881111087	4.6332751162314976E-5
23.0	25.76663545281393	23.776486969331813	22.94645078187701	27.510172962280777	2.5383369646935785E-4
24.0	28.348016840188624	21.348793428620773	24.726804424380987	25.576339557859267	4.574895034752046E-5
25.0	24.715302696927022	25.133086307244234	20.20008704959264	29.951365179391793	1.587668443116448E-4
26.0	26.623854743433185	24.818079422513055	19.87406974355733	28.683950946113406	4.5144383023003315E-5
27.0	25.850266936679866	24.89827231773434	20.09444759099664	29.15699064348443	2.2511104727962303E-5
28.0	28.1127614458347	23.100638812401023	22.64937277967214	26.134685622975844	0.002541339116291678
29.0	27.69075276044994	23.608667646089152	22.167490077881975	26.53278036373481	3.0915184412387363E-4
30.0	23.761138534521447	24.566313962872577	24.591890769253737	27.08045914429007	1.9758906217205702E-4
31.0	25.91648533151561	24.675453774829805	22.564013493083046	26.843719686443123	3.277141284115041E-4
32.0	24.36606475962975	22.535229579216907	24.47761543317003	28.620808534363263	2.8169362005121194E-4
33.0	23.38407055772572	24.76638374472891	24.861082443282267	26.988377340270315	8.59139927905273E-5
34.0	26.181569364466284	26.800654694357267	22.32570873692008	24.692024558714596	4.264554177109494E-5
35.0	25.054811218723668	22.257150197223126	25.778790822966474	26.90909975123773	1.4800984899823762E-4
36.0	24.340225709671632	24.552471656344547	25.44553160478431	25.661559734080868	2.1129511863903966E-4
37.0	25.07871932576082	25.202181983323563	21.78671271433022	27.932364853803946	2.1122781447861056E-5
38.0	27.239568033717987	24.962277813948372	21.327770265604315	26.47032053246304	6.33542662868508E-5
39.0	23.548963163559907	27.923620327880762	21.10904993292139	27.418282120351318	8.445528662646314E-5
40.0	26.420205953217092	25.7757761878494	22.714534249290832	25.08935694455088	1.2666509179735865E-4
41.0	24.192393569797517	24.51142138140689	21.657564150679747	29.633660494799173	0.0049604033166734144
42.0	24.773205706887765	25.69507264044657	20.290084791158453	29.24157354357139	6.331793581840754E-5
43.0	26.479084396826657	25.800954400490284	21.8860003815576	25.82995108971837	0.004009731407086504
44.0	28.779817396537506	24.64674071304314	22.72258436990664	23.85060430317543	2.5321733728464924E-4
45.0	25.82376660761923	24.44234773061203	21.593576122667887	28.136174249297213	0.004135289803641249
46.0	25.89787091485136	24.38872290754865	21.851254747204628	27.86215143039536	0.0
47.0	25.361141680436045	24.460536671482522	23.00472662585741	27.171654335925627	0.0019406862983961284
48.0	22.65813414989055	23.712425082140765	22.640398493418196	30.989042274550492	0.0
49.0	22.90033243958783	25.52284111960339	24.323992058563352	27.25095762212384	0.001876760121588751
50.0	27.57531516441179	24.84160600379032	20.025391114248627	27.557624461161	6.325638826265065E-5
51.0	25.585898629480834	26.217313978081137	21.166307424010903	27.027781432045796	0.002698536381330176
52.0	22.726893934132924	25.6917499275032	22.160556101999735	29.42080003636414	0.0
53.0	22.941157676172363	24.913723121110497	23.576152982390646	28.567431755188487	0.0015344651380030682
54.0	22.775724861585804	27.93307773475762	23.057534903078533	26.23353638285976	1.2611771827824092E-4
55.0	24.386082959499657	27.59812570169216	22.68488008263261	25.32937962387727	0.0015316322983065813
56.0	27.084436036106347	25.186308254961453	24.387285367624585	23.34197034130762	0.0
57.0	23.025342151241514	27.668253160138505	22.60242406469151	26.698652455981257	0.005328167947210022
58.0	25.597001886301317	25.051835006421562	22.033249495388706	27.317661909277568	2.5170261084825666E-4
59.0	27.98237121540709	22.07268465424075	24.207342292723567	25.734560656257578	0.003041181371023288
60.0	24.36799019153031	23.167964807465427	23.37834676433807	29.085614460874503	8.377579168646743E-5
61.0	26.03448113380418	23.943958995408448	22.412443783605493	27.603168536619844	0.0059475505620330575
62.0	25.51993221835373	21.720595878738536	24.906551039152443	27.85283709998086	8.376377442918128E-5
63.0	26.679828116601122	24.1628683361522	22.335858620229697	26.81876461476898	0.0026803122480009165
64.0	25.501401216094592	21.387878148032392	23.508925239555165	29.601774490445493	2.0905872355015163E-5
65.0	24.1274954533102	25.797248991366516	23.913623345945606	26.156531555072434	0.005100654305244894
66.0	24.35847214760962	23.268247919614883	23.88779611912282	28.48491942884257	5.643848101054145E-4
67.0	27.093468277806693	24.721990556395127	21.402076422550106	26.781774971311755	6.897719363152383E-4
68.0	24.043446872743978	22.36234375842579	26.728162129646698	26.865880029713125	1.6720947040998509E-4
69.0	22.946001269909214	25.224606309333662	24.62104412621008	27.205213232303514	0.0031350622435257834
70.0	26.8555985680977	22.91066640312295	24.20498051703687	26.028441431827158	3.130799153181445E-4
71.0	24.578852499942222	22.762088802485064	25.9806266007686	26.677640886896338	7.912099077803209E-4
72.0	28.335865294792555	25.336276890336336	21.803071622829417	24.52328720978819	0.0014989822535074622
73.0	25.91894054646392	22.540387752400033	22.689460838806216	28.847234747331424	0.003976114998405391
74.0	25.05950466722659	25.13495877083704	23.34318920038424	26.461514764546774	8.32597005356721E-4
75.0	25.519321494566903	24.68509350305405	22.094095422527733	27.699200031970417	0.002289547880898552
76.0	26.82714027423	24.091999984182	25.17326433355333	23.9067836948891	8.117131455695135E-4
77.0	24.289155402860153	24.927376492169063	24.117581194934022	26.665200113716818	6.867963199371977E-4
78.0	27.70442146184719	25.648620159685	20.19479364048711	26.45160283324853	5.619047321743528E-4
79.0	27.200368598458052	21.319753959696822	22.86038813134608	28.616638249706728	0.0028510607923160373
80.0	24.492008989886376	23.187372539226704	27.323677529446037	24.99440213093603	0.0025388105048487117
81.0	25.309402669829677	24.796204388675594	21.6244966757187	28.269521698869017	3.745669070137653E-4
82.0	23.2835083585309	22.520329551079982	23.808261416833258	30.386693770653906	0.0012069029019564105
83.0	25.88857087269954	22.123148214618272	23.901465614196077	28.086003784982218	8.115135038968255E-4
84.0	23.736496815246866	25.582036964483862	24.948248931948257	25.73205212204867	0.0011651662723480452
85.0	25.199561502517575	26.90990141712749	21.6053010841973	26.284778274359695	4.577217979395445E-4
86.0	25.364692058390677	24.935204460146736	22.536344378984317	27.162094744414933	0.001664358063336314
87.0	22.198665747984975	22.49424159664215	25.657285961312184	29.649036965288143	7.697287725447317E-4
88.0	24.657051509414377	26.63166677865466	25.75805642655401	22.952580400964166	6.448844127900966E-4
89.0	26.323456635521293	26.00079754686732	22.608519106905604	25.06633222673879	8.944839669989502E-4
90.0	23.9219423145767	25.536342890020613	25.107318500842133	25.43431308983053	8.320473002249232E-5
91.0	26.64544871373527	25.214703330002468	23.664001144862553	24.47520199419082	6.448172088816706E-4
92.0	26.15861917487279	24.241002938563067	22.265751097385245	27.334585190041498	4.159913740028687E-5
93.0	26.744113733792656	26.008183565106723	21.089454523974876	26.157998589413445	2.4958771229774814E-4
94.0	28.0065323250048	23.268516868136178	23.114526374199812	25.60624397759692	0.0041804550622919
95.0	23.86411139825575	26.102279784254684	23.96250453906214	26.068608574158397	0.0024957042690269375
96.0	26.22099826909347	24.24702030565692	24.093561705684333	25.437255106257446	0.001164613307828302
97.0	25.731838988767876	24.914675625968556	23.236283009906195	26.117077601717554	1.247736398217567E-4
98.0	28.3765085470121	23.17406442844274	23.727659280688517	24.721767743856642	0.0
99.0	22.36433848227264	22.12689664980386	26.215906981018584	29.292816303396602	4.1583508313271023E-5
100.0	22.81704577468083	24.650881385850216	24.810868744873698	27.721204094595254	0.0
101.0	24.019275411189785	21.92764090970893	28.438050538183884	25.61499156144635	4.157947105091698E-5
102.0	25.101161123024653	24.037779016952154	24.165334970041506	26.69562093239971	1.0395758197990958E-4
103.0	25.9569602542927	25.455131330161606	25.047331662579868	23.540472807291994	1.039456738330279E-4
104.0	26.141041573723705	27.10096131258396	22.480769382686894	24.27687432254717	3.5340845827015293E-4
105.0	27.440984587084934	22.94663036217658	20.99043732745787	28.61909952418443	0.0028481990961853466
106.0	26.0864774650751	22.99837968574136	25.217590700385724	25.697448202540528	1.0394625729027075E-4
107.0	26.150587429177747	23.494235888873042	23.176541416906534	27.17801160098306	6.236640596123054E-4
108.0	23.7082147109494	24.60682084250717	24.926851839533846	26.75800867384609	1.0393316349268643E-4
109.0	26.253331881134777	24.299619047302322	25.136185185246774	24.310261113060307	6.027732558236211E-4
110.0	24.360330415671694	24.4252196871805	22.781226506997214	28.433161036590526	6.23535600661197E-5
111.0	24.296082103783707	24.044231154151614	24.772576534774533	26.886549014285272	5.611930048746887E-4
112.0	25.980425268533715	23.53107937033803	23.201674686843162	27.286654402755783	1.6627152930525312E-4
113.0	27.712790709032532	21.99336982954464	23.343138027130454	26.95003638051966	6.650537727149635E-4
114.0	26.449504129861072	22.61052693710249	26.885414280910364	24.054159768323753	3.9488380232366254E-4
115.0	27.57565812241525	22.627900320692625	26.225938959695487	23.569941400692436	5.611965042030501E-4
116.0	27.054592934943916	24.166647960205953	24.916652325046787	23.861961285108908	1.4549469443204277E-4
117.0	26.339154881333286	26.03376367588501	24.012440955552517	23.61403772775475	6.027594744436219E-4
118.0	26.33713174759618	25.32248000854654	24.643703809319135	23.696331100121256	3.533344168922118E-4
119.0	27.06340451950839	21.481684249645667	24.27930986677508	27.175248020914587	3.533431562730777E-4
120.0	25.136118076247737	23.999077996967117	24.78151271682452	26.083187287166115	1.0392279450888582E-4
121.0	27.58454769986567	23.221017376261607	24.27584360637086	24.918134052929204	4.572645726581974E-4
122.0	26.86712284976844	23.840534616332718	24.48849835779903	24.80342848163857	4.15694461245429E-4
123.0	24.509512942340386	27.930742786832774	23.05794227803481	24.50119925010496	6.027426870684674E-4
124.0	25.601648582898346	24.681148230090795	22.484139248306885	27.232939235005162	1.247036988156266E-4
125.0	26.55766787930381	23.854070370641324	23.775779623705613	25.81167157707118	8.105492780707764E-4
126.0	24.40241167680538	23.27839653835842	25.066038461298657	27.253007841482752	1.4548205478854184E-4
127.0	26.07340434530414	23.4406424205116	27.715929394263167	22.76915096337514	8.728765459526896E-4
128.0	25.981633636224956	24.052055626979843	24.109354392344205	25.847562422817088	0.00939392163391056
129.0	24.761389539629995	25.795721513473254	21.736059961659386	27.703607608932394	0.00322137630496915
130.0	26.135613771499912	24.17195316278404	24.00695171728076	25.685460564779227	2.078365606540866E-5
131.0	26.614846482705012	24.422478598194747	23.53381786590904	25.428295898792687	5.61154398515227E-4
132.0	26.873199251549558	25.42721760034883	21.998066731635458	25.695759425098945	0.005756991367214787
133.0	26.98187874841553	25.71625301125442	23.656202711277256	23.643898940316944	0.001766588735856119
134.0	26.82016528403465	22.737237290911374	20.853974440081835	29.588560635597833	6.234937430324574E-5
135.0	25.845755200474844	24.065128242217472	26.020808549869113	24.067954700191784	3.533072467888528E-4
136.0	27.92804888186882	26.105224873223044	24.277371352564636	21.683223875633885	0.006131016709618423
137.0	28.796381911135192	21.61613151215157	23.812427505938253	25.774851239743278	2.0783103170857265E-4
138.0	25.028543735403417	24.32664008542131	26.541995555199033	24.101698409406318	0.0011222145699195788
139.0	26.611084983739264	23.214669806938925	25.142163267418233	25.0308558142454	0.001226127658177222
140.0	27.083848118375382	21.157535341183767	25.34365473446028	26.414733205053576	2.2860092699754088E-4
141.0	25.646806750805816	25.328843048544535	24.92363675660398	24.100152331629907	5.611124157552053E-4
142.0	28.734374987011197	22.52547676188465	23.281175833922852	25.45870225003512	2.701671461787143E-4
143.0	26.898032395164396	25.394195338173702	24.00752635502342	23.700183566086597	6.234555188386436E-5
144.0	28.240269102991416	25.264898776725236	22.197359927744866	24.296931858470714	5.40334067772024E-4
145.0	28.1428760547814	22.323178184201726	22.714613451698426	26.81835553960396	9.76769714486056E-4
146.0	28.022630266599553	21.213765533213653	24.573931592136475	26.185329106489775	0.0043435015605432165
147.0	25.856185200971677	24.836732789583817	26.370618489963523	22.932868263805315	0.0035952556756721934
148.0	24.581118668358044	24.590823847058022	23.816591657619586	27.01094627778341	5.195491809411073E-4
149.0	27.845663160069222	24.541589226622044	24.157698584746164	23.452742193284948	0.0023068352776213913
150.0	26.274821461712282	23.70054074297449	24.717995441540257	25.30662157115356	2.0782619412255054E-5
151.0	26.214545217998708	24.1534257325491	25.999484169382814	23.632108439982318	4.3644008706356254E-4
152.0	27.767677145553023	24.22060944637728	22.74180206917478	25.269807422925528	1.0391596939051205E-4
153.0	24.98199123524954	22.915482882217066	24.7674448087995	27.334395223489498	6.858502443913037E-4
154.0	23.146092309278252	24.323958084580294	24.985893169675396	27.54118830742768	0.002868129038372449
155.0	27.213890772873366	23.380982955593	23.924339552872457	25.48070357622634	8.314243483867562E-5
156.0	25.54447349374701	23.77695345935899	25.933250993872765	24.74498948030941	3.3257271182699237E-4
157.0	25.862563171349862	22.298299099777736	25.72913763117805	26.109729879276806	2.7021841754690316E-4
158.0	25.248861573536413	21.292851698270166	25.749754666940493	27.708386555519688	1.4550573323768756E-4
159.0	26.97735048411441	21.64833997575842	23.808255814122685	27.565679563427103	3.7416257738149807E-4
160.0	26.441180799167192	20.920413377822975	26.205768464849665	26.43255421031582	8.314784435056128E-5
161.0	24.64917129196469	20.747603094031803	28.436618433024346	26.16284471990556	0.00376246107359852
162.0	25.212503749515914	24.088490862198455	24.070655327035738	26.62828769923883	6.236201105844754E-5
163.0	25.34534842918746	24.012203295122507	26.69474965616908	23.94765704383574	4.157568520886793E-5
164.0	25.861954271635284	23.593393156419644	24.52782571782922	26.014997486698626	0.001829367417220085
165.0	26.465208775619324	22.15404815896767	26.246654010322985	25.133506963067926	5.820920220962132E-4
166.0	24.97358657511953	23.176600512177203	25.626760115375003	26.222928058603916	1.2473872434696159E-4
167.0	27.277590351726865	23.089891529901784	26.289045274774075	23.343119405675424	3.53437921851549E-4
168.0	26.298459637205557	24.052097228644328	23.889262202647274	25.760076976557745	1.039549450951562E-4
169.0	26.616791603823835	22.678287547992376	25.467261641153204	25.237472081982393	1.8712504818469992E-4
170.0	31.065822247911477	22.836170009273083	22.82288413637668	23.27497806479514	1.4554164362257308E-4
171.0	25.483243022075335	23.330263935630384	26.69822969420857	24.48751488352956	7.484645561490834E-4
172.0	26.928865520184953	24.194257420680113	24.24235369970338	24.6343155103433	2.078490882595819E-4
173.0	28.92466054212254	19.69187181977438	23.274341488192313	28.107650539771956	0.0014756101388133476
174.0	24.261798054517083	25.66706071798811	23.72843628963271	26.342393188398926	3.117494631674244E-4
175.0	26.17941900738088	23.733432931117907	22.91825665634109	27.16708318160883	0.001808223551301173
176.0	24.372612051452275	24.252307873937518	27.977892132796857	23.39575376969025	0.001434172123102684
177.0	22.87545533232504	26.63900928998506	23.755189395797597	26.70477835989733	0.025567621994972946
178.0	25.44187972225178	23.179334993881024	23.470090188357986	27.90838332712568	3.1176838352665745E-4
179.0	28.761907375027125	23.55434053284178	22.715180827473702	24.967531954626217	0.0010393100311709865
180.0	26.71675596997309	22.357211419961118	25.336671416406624	25.589048665075826	3.125285833433516E-4
181.0	27.80269825444005	22.19587265167015	26.226126047750093	23.774593714865937	7.093312737691172E-4
182.0	26.098461361282588	22.887553441762147	25.174314238813217	25.83956664082379	1.0431731826045447E-4
183.0	24.20074060906207	24.336318637159145	26.000039225406713	25.46248423681129	4.1729156077893314E-4
184.0	26.48111010932206	22.224178968258357	25.716462908893554	25.574784294831737	0.0034637186942949004
185.0	25.1417595839243	24.392892596538182	24.179997638209596	26.284828584507242	5.215968206796031E-4
186.0	27.58650404237757	22.922955713702688	25.49379017026643	23.996750073653313	0.0
187.0	25.006091808888986	22.231048204912152	27.86040207192556	24.901893664393366	5.642498799401644E-4
188.0	27.176161569042495	27.28266598784729	22.172606545173046	23.36804340765653	5.224902806357996E-4
189.0	25.25926353230443	23.389836459878683	24.347258676638837	27.00270079677894	9.405343991051129E-4
190.0	28.700951180164886	21.3939034673157	25.262898706189297	24.642037623307907	2.0902302221371266E-4
191.0	26.612590270937353	23.89909330323709	24.6013761830825	24.88660534389716	3.348988458967147E-4
192.0	27.03991804512333	23.78405794280114	23.652560053737883	25.52333836341018	1.2559492747206926E-4
193.0	27.509715253015273	24.356222524565254	21.77250847696779	26.361365333498576	1.8841195310552095E-4
194.0	27.789754043533687	23.44961674437573	23.638161804991313	25.12246740709927	0.0
195.0	26.363907416775266	21.66680206633858	24.39356999520936	27.57505050268175	6.700189950385094E-4
196.0	28.500839585210297	22.23248906336692	26.1932965335252	23.07324895877799	1.2585911959448192E-4
197.0	24.970706753464892	24.09743757260372	23.95271792024978	26.97844541553611	6.923381455030434E-4
198.0	27.694232956884544	23.12771897574115	23.621734498582647	25.556250556607623	6.301218403590518E-5
199.0	26.186616054548306	22.83485376597717	25.399680377739227	25.578344802771603	5.049989637000433E-4
200.0	27.166930870711738	23.652943418246895	24.346376448361102	24.833707175217892	4.20874623764391E-5
201.0	25.663280639032394	21.242721527778365	28.34481417535341	24.748825889937127	3.577678987070689E-4
202.0	25.6921618863349	25.2919774319035	27.267454084758537	21.748406597003058	0.0
203.0	26.132021569493492	24.32521649282259	22.36752853974765	27.174412352564463	8.21045371809344E-4
204.0	25.97740756289959	23.143351986312823	24.643534950860648	26.23564233610145	6.316382548761421E-5
205.0	27.297982456509747	24.52168090724185	25.228642295561066	22.95078895172803	9.053889593080301E-4
206.0	25.778131456878057	21.489858937351066	25.599771058530006	27.13215431564779	8.423159308054309E-5
207.0	26.377626142120274	22.806285576244868	26.6108152837454	24.20502026399319	2.5273389627000574E-4
208.0	28.277738281435138	21.943367510835163	21.890958497243155	27.887935710486545	0.0
209.0	27.75420015101667	20.52412980017259	24.805667170055553	26.915181219998924	8.216587562698884E-4
210.0	24.8807883749754	24.331687935467475	24.620724764537286	26.166440710680394	3.5821433944643665E-4
211.0	24.958084377544314	25.575769429616635	25.024580311597205	24.440617444781502	9.484364603423941E-4
212.0	28.560479875181848	22.27841615889013	24.494844926100065	24.665921693478673	3.373463492799764E-4
213.0	29.703878818535994	22.939682862460455	22.378466153917877	24.97750808812315	4.640769625234649E-4
214.0	27.66478438547385	25.103958869415504	24.21095001763517	23.02030672747547	0.0
215.0	25.684875230075317	25.354336603753154	22.26534750122823	26.694975385668933	4.6527927436736295E-4
216.0	26.845742081663182	24.389004219515478	25.515025958455805	23.250206411368527	2.132899700604869E-5
217.0	29.436968736617068	22.854897577767574	25.375795888334444	22.331414281167273	9.235161136380136E-4
218.0	24.4801926686945	24.238447005061495	25.26283342380744	26.018266960862764	2.5994157379892913E-4
219.0	26.36582741675869	22.378114704499552	24.87252059072793	26.382707479003102	8.298090107213507E-4
220.0	27.948414198071212	21.1900056127788	24.876563830060235	25.98459962287566	4.167362140918693E-4
221.0	25.97084529060699	23.141329898936576	23.793223833983756	27.094247885648002	3.5309082467010284E-4
222.0	25.72778977912763	25.138936418987324	23.4666641713365	25.666364553478488	2.450770700546121E-4
223.0	31.28497199990462	22.213971388478097	23.028666860727476	23.471512428065154	8.773228246555608E-4
224.0	29.717934723775848	22.533084653411755	24.85712932558727	22.891806192039837	4.510518529210118E-5
225.0	30.669617940955934	19.573538145967976	24.153655702945542	25.601964555250174	0.0012236548803775382
226.0	25.13748166529871	22.44508282298126	25.721264044404062	26.696079965375663	9.150194029864403E-5
227.0	27.660998971146405	23.52529830523026	25.18905011749425	23.623060167856842	0.0015924382722460164
228.0	27.410988348850818	28.080069061013553	22.559081349470745	21.949722191644312	1.390490205734613E-4
229.0	27.53687132361185	25.893708004155673	21.5167974034516	25.052576554827233	4.671395364480952E-5
230.0	26.37221387344031	23.22411526636536	26.72521558797973	23.678455272214602	0.0
231.0	25.10664549663611	25.422577499615024	23.54269401887928	25.92625032220352	0.0018326626660672034
232.0	24.88354816520621	24.828758560875677	24.410802404521938	25.87665161348207	2.392559141071268E-4
233.0	23.44011790351305	25.275239174143437	22.06505246537068	29.218865045694862	7.254112779691386E-4
234.0	28.037705404457654	21.299335692373337	26.378186972311934	24.283227029399722	0.0015449014573570416
235.0	25.71733902755941	21.779472109918142	27.63100383060405	24.87186254873837	3.2248318002152203E-4
236.0	28.576720550076086	23.719684464697536	23.779968562921965	23.92322486294905	4.015593553667278E-4
237.0	27.66750570037459	24.183461053283914	22.29549597625829	25.853410693540724	1.2657654248073317E-4
238.0	27.461626685902296	22.493497860445917	24.162583064400696	25.882292389251095	0.0
239.0	27.650120297729742	23.43764848967018	23.82313091913905	25.087568334459366	0.0015319590016612669
240.0	25.600384335903154	21.82484613850813	25.797557218810514	26.777024956407587	1.8735037061917958E-4
241.0	29.439880972160736	21.520493819749575	23.160262024180746	25.876629745597292	0.0027334383116569888
242.0	27.235652077719415	24.263553694421503	20.68010392087579	27.819616300412527	0.0010740065707721999
243.0	28.037644262366555	22.744727268029667	24.452326472039974	24.762368440741884	0.002933556821919106
244.0	27.22565836546461	22.697318226644544	25.73929800591061	24.33637742494329	0.0013479770369415802
245.0	28.81135359572668	21.613228574793343	23.115270048198003	26.457959909546357	0.002187871735614338
246.0	24.907914708484512	26.47372992102337	23.183956840177164	25.43126002765129	0.0031385026636688556
247.0	25.136111870452087	23.523054676889565	25.00946464291448	26.193168751600037	0.13820005814382352
248.0	25.83216438075014	23.259038897004665	23.867075227698027	27.031350914633567	0.01037057991359841
249.0	25.1819822468295	21.737671182537543	28.271229901108143	24.793328814740413	0.01578785478440051
250.0	28.005827838262494	21.79001239629082	24.07244603959505	26.13056844601342	0.0011452798382210424
