# Position (bp)	A	C	G	T	N
0.0	24.150201831584408	23.18089979880645	25.244048201380707	27.424680025691522	1.701425369102966E-4
1.0	22.726636340726447	30.378293618570268	23.509731198808005	23.315930282581082	0.06940855931419591
2.0	24.71252403390473	26.953854902916564	22.081149971565523	26.25162482736209	8.462642510899883E-4
3.0	25.2512995189222	22.295152944519188	24.39078840440978	28.055063916796964	0.007695215351870064
4.0	25.66381776010883	23.126755922078253	24.28620315252705	26.923054174288865	1.6899099700463458E-4
5.0	28.764466217567865	24.111811591205857	22.253349460600315	24.869950698168296	4.2203245767225467E-4
6.0	26.318708129979207	23.110776623834127	24.164158714400212	26.4017212797678	0.004635252018652254
7.0	25.756956223245297	25.270828285275826	23.250006730743344	25.721535686401204	6.730743343294833E-4
8.0	27.634530749285396	24.31459601705297	23.501857711561502	24.549015522100127	0.0
9.0	26.24845877053924	25.84971020692316	22.045159071655636	25.856420321582245	2.516292997156589E-4
10.0	24.703518228014428	24.7400547041551	23.182058914229785	27.374368153600688	0.0
11.0	26.67897519356347	22.64820279567818	23.150458773594156	27.522282188918595	8.104824558915185E-5
12.0	28.389835589825996	23.74038142520796	20.285409346556502	27.58437363840954	0.0
13.0	24.91093359297205	23.09878389186216	25.225787688446182	26.764494826719602	0.0
14.0	26.103732725816144	21.83400510715001	23.485144827758862	28.57711733927498	0.0
15.0	25.554535323994738	22.918373666802324	24.678183013067287	26.848907996135647	0.0
16.0	26.770940416411186	24.543612397057785	21.778200221707085	26.907246964823944	0.0
17.0	28.61731883076383	26.391619987823557	19.45134558618852	25.53859917325231	0.0011164219717798298
18.0	25.615935362349042	26.334197168777486	19.800009901963175	28.249783671662726	7.389524757494271E-5
19.0	24.897094070397436	24.953354950258763	21.73758601847269	28.4118178736035	1.4708726761131013E-4
20.0	22.25429702944248	25.382565157940817	23.694740080784666	28.668397731832034	0.0
21.0	23.461951855687534	24.70696328250474	23.267525413691427	28.563486873856505	7.257425979698076E-5
22.0	22.919636458003108	26.793646138175003	25.7038540253657	24.582863378456192	0.0
23.0	25.08236599308476	24.184757162392355	23.174634490853425	27.558099388179187	1.4296549027512993E-4
24.0	28.28033337063896	21.05588619044853	24.865664325856624	25.798045279586784	7.083346909748243E-5
25.0	25.533841489737313	23.98494483117335	20.400638202139927	30.080575476949406	0.0
26.0	26.1976833297123	25.25262827718168	20.261259379468804	28.288429013637213	0.0
27.0	25.089438330075538	25.022864982279643	20.437599511470133	29.45009717617469	0.0
28.0	28.129644201174987	23.36522394575125	22.44540057280349	26.057731364404667	0.0019999158656084123
29.0	27.527873789585083	23.806494854306116	22.213697117687207	26.451865916123445	6.83222981434782E-5
30.0	23.717506591684838	24.47619526050393	25.000610969758352	26.80555140699547	1.3577105741214933E-4
31.0	26.173602776650256	24.813103584750575	22.49781005826562	26.515280964290273	2.0261604327338374E-4
32.0	23.95524521979277	23.2877941569404	24.644862059890457	28.11183069899879	2.6786437758698396E-4
33.0	23.540946142146936	25.514132676489247	24.293764316484893	26.651156864878928	0.0
34.0	26.384070402637466	26.672148220513826	21.99865177474632	24.94512960210239	0.0
35.0	25.248930964319406	22.151318993466802	26.099987026186895	26.499763016026893	0.0
36.0	23.813519570542553	23.938930004690675	26.15117006306353	26.096380361703236	0.0
37.0	25.516725728789254	25.065830222829522	21.59889122561123	27.818552822769995	0.0
38.0	26.835968913502832	25.706527578359267	20.765311271948246	26.692127119940874	6.51162487831401E-5
39.0	23.475096271846304	27.619261530649116	21.437551065582042	27.46802602839165	6.510353088999782E-5
40.0	26.618087796088517	25.571216172936268	22.31460048066783	25.496095550307384	0.0
41.0	24.05303708312966	24.347174065436526	21.91994188858203	29.67385877910046	0.0059881837513237465
42.0	24.761678517385572	26.351095852519567	19.986722855887663	28.900502774207194	0.0
43.0	26.00198747771897	26.25429432501573	22.21289439621091	25.526658818277248	0.0041649827771454385
44.0	28.902734622830277	24.976785801434822	22.79058417790503	23.329830326495422	6.507133445039124E-5
45.0	25.905597315235372	24.138482949233197	21.830628984709517	28.121321900441714	0.003968850380196348
46.0	25.47786447066845	24.41384712370511	22.295701187756936	27.812587217869506	0.0
47.0	25.33903625038625	24.54064954707346	22.82736749662541	27.29112524191319	0.0018214640016913594
48.0	22.997726403633592	24.129647020262063	22.466852057552682	30.40577451855166	0.0
49.0	22.51470012524858	25.823707748113794	24.44616847299482	27.21386292368941	0.001560729953399205
50.0	26.784986237449353	24.75483932636655	20.371306008509176	28.088868427674917	0.0
51.0	24.03620599081457	27.39258091864705	21.703699658277028	26.864782769256372	0.0027306630049776085
52.0	23.09281642938236	25.294422731518534	21.84592975138213	29.766831087716977	0.0
53.0	22.384039169654148	24.916986804094044	24.696158415687567	28.001195208536018	0.0016204020282248107
54.0	23.66804806058257	28.175056355427426	21.8394618915461	26.3174336924439	0.0
55.0	24.270423453569403	27.727628205916044	22.509607479247133	25.490788398706023	0.0015524625613950428
56.0	27.044925789883205	25.08138308227954	24.89116043575927	22.98253069207798	0.0
57.0	22.98366260144987	27.755662728211682	22.520852641334567	26.7338073104054	0.006014718598480022
58.0	25.704890256993934	24.963914792348383	21.639613539066442	27.691516742760324	6.466883091687469E-5
59.0	27.61938755781615	22.591831733265565	24.1833640802407	25.60276547578172	0.0026511528958672406
60.0	24.60561020412775	22.954574069351136	23.234987425627185	29.204828300893926	0.0
61.0	25.730792919517555	23.475435363934164	23.057470492609756	27.729005884046703	0.007295339891822376
62.0	25.70445652798427	21.753147612927048	24.724295382080797	27.817906807546137	1.9366946174737627E-4
63.0	26.389743318290353	23.527661241855842	22.26642661593669	27.813263943265742	0.002904880651364616
64.0	25.172387566180195	21.78238881662655	23.62718393034627	29.41803968684698	0.0
65.0	24.210143675864362	26.287552818217673	23.466370360440024	26.030841456403543	0.005091689074395378
66.0	24.88160730490018	23.96971931199472	23.01819522356047	28.130155914865533	3.2224467909585877E-4
67.0	26.768149052791678	25.336912284545953	21.14277244121637	26.751521752440123	6.44469005874335E-4
68.0	23.897737635295595	22.346144055371706	25.983521246121178	27.772532617556926	6.444565459062508E-5
69.0	22.72941397849809	24.4656260049015	25.12983569075036	27.671837754201817	0.0032865716482285705
70.0	26.106861776978405	22.517100690979923	24.546009323787242	26.829899462227846	1.287460265757548E-4
71.0	24.427083701380088	22.82626501550454	26.134734983853054	26.61133813127112	5.781679912067072E-4
72.0	27.242648263210196	25.12774527896486	22.218011329585067	25.410438917041205	0.0011562111986762665
73.0	25.748698376647983	21.967985139719776	23.427164972490242	28.851912323319002	0.004239187822997209
74.0	24.79532832239867	25.2755714366449	24.010550192405507	25.918100502977275	4.4954557364584034E-4
75.0	25.648114255623838	25.558723614669827	21.386389761175437	27.404524759024152	0.0022476095067460395
76.0	27.28902610837628	23.760176410377596	24.60896513018228	24.341382848791287	4.4950227255506083E-4
77.0	24.44751798050702	24.930315703093846	23.5268055793669	27.094911264488264	4.494725439696516E-4
78.0	27.177986038699203	26.789273221321032	19.763356465191777	26.26912744438338	2.568304046106194E-4
79.0	27.437135790801058	20.55822082281423	22.612495537674864	29.3893869856769	0.0027608630329428747
80.0	24.15312510031781	22.61339924882026	28.607685146544252	24.624313826201405	0.0014766781162723508
81.0	25.16992477534362	24.870939348395385	22.122417743696875	27.836589729975774	1.2840258833937576E-4
82.0	23.13327050340129	22.28159964664583	23.639355334081472	30.945196720174827	5.777956965776519E-4
83.0	25.666666452677738	22.05033918314863	23.630091037309185	28.65258234347405	3.209833903934807E-4
84.0	23.855432978268603	25.767634375332992	24.64036697012141	25.736116335588164	4.493406888264376E-4
85.0	24.879133406422426	26.608430749796526	21.84077960557565	26.671399484952975	2.5675325242182506E-4
86.0	25.762347654021152	24.73394610824178	22.68927357226891	26.813405740127553	0.0010269253406022534
87.0	22.65684665038269	22.18090616091358	25.246473766155088	29.915195824867247	5.775976813945518E-4
88.0	24.605261806849743	26.852336726888147	25.747891221423036	22.794125197016136	3.8504782293960905E-4
89.0	26.489818889103507	26.243978317772843	22.614829878452984	24.65066702944889	7.058852217795109E-4
90.0	23.806880708925416	25.84285957206521	24.692074960777457	25.65805642271154	1.283355203844932E-4
91.0	26.778632223623127	24.826325059431575	23.906988383172443	24.48773351555808	3.2081821477496203E-4
92.0	25.491768621892984	24.31142127371265	22.440393966671564	27.756416137722802	0.0
93.0	26.247485845349416	25.976037339406865	21.256772579274063	26.519704235969655	0.0
94.0	28.13685261315637	23.53598575248536	22.841445075728416	25.482380505129825	0.0033360535000333605
95.0	23.770049050488772	26.999131384229685	23.810528854851356	25.41772463725348	0.00256607317670878
96.0	26.508365893915474	24.366263409389635	23.733825820824958	25.390454355634045	0.0010905202358859418
97.0	25.68736958980079	24.827536219799196	23.25950290662806	26.225591283771955	0.0
98.0	28.147356619387313	23.16346204417671	24.5084029139851	24.18077842245087	0.0
99.0	22.516946201222552	22.17702807659574	26.24841344818718	29.057612273994533	0.0
100.0	22.81899467567266	24.74362805898703	24.039254568519127	28.398122696821183	0.0
101.0	23.784153644989985	21.926564733449748	28.1639516040598	26.12526588973744	6.412776302482962E-5
102.0	24.694791118864075	24.365981298821236	25.00525890486513	25.93396867744956	0.0
103.0	25.811041292639135	25.542126186201592	25.19331879969223	23.45344960246217	6.411900487304438E-5
104.0	26.620572214072485	26.430855756506393	22.968706722335636	23.979801192027164	6.411505831905704E-5
105.0	27.449718134300415	22.80688480695149	20.775156321332027	28.96580422772902	0.0024365096870495664
106.0	25.77566734224256	23.208628563844485	25.35301030931801	25.662693784594946	0.0
107.0	26.271330970491835	23.84279324794961	22.844591024963712	27.04109241240646	1.923441883844627E-4
108.0	23.667861501697384	24.316046685743004	24.84346635488139	27.172625457678222	0.0
109.0	25.447453210094224	24.70313462404957	25.677805487562967	24.171286210461478	3.204678317595158E-4
110.0	24.838642074763946	24.417582966909368	22.87504542247225	27.86872953585443	0.0
111.0	24.447339783973206	23.836135460873823	24.88672500355687	26.829479313133746	3.2043846235681205E-4
112.0	25.96667380134243	23.88356209154515	24.003334926886662	26.146365096311712	6.408391404040107E-5
113.0	28.002968267984873	21.925708712430456	22.941533066838577	27.129533625631687	2.5632711441032587E-4
114.0	26.200488308159613	22.14419829668886	27.241699722523055	24.41348550775718	1.2816487129042802E-4
115.0	27.111843138260205	23.355967071595888	26.24050296246687	23.291366387777142	3.2043989989457525E-4
116.0	26.971419196230585	24.39923658055767	24.507802105684117	24.12147802926014	6.408826748904731E-5
117.0	26.58671029787529	26.636955402983048	23.874564120508783	22.901513826055805	2.563525770804133E-4
118.0	26.885243170045037	24.53329949518351	24.768051659575395	23.813149325576195	2.5634961986555744E-4
119.0	27.567349319216707	21.41533709107339	24.269531863349858	26.747717637558598	6.408880144327981E-5
120.0	25.172414014098184	23.631791215136673	25.164659308882726	26.03113546188242	0.0
121.0	27.810352816617524	23.214078569327366	24.347621559299355	24.627498431420552	4.486233352068698E-4
122.0	27.498069324856523	24.069190270038167	23.895317351722547	24.537102609375548	3.2044400721639905E-4
123.0	24.422666874316246	28.05345823071022	22.844850514733828	24.67876802273378	2.5635750592346065E-4
124.0	24.317678138142217	25.07174745919784	22.852543109359917	27.757967204457508	6.408884251705084E-5
125.0	26.61629733500562	23.854016525874794	24.52239606598814	25.00696963035644	3.2044277500879617E-4
126.0	23.93380844954881	23.51049784659557	25.418119360131254	27.137446164889255	1.281788351107465E-4
127.0	26.392402183366094	23.106778445508454	27.19466168656507	23.305644976777543	5.12707782840055E-4
128.0	26.433356149107496	23.382194980016973	24.206639133923467	25.97011902656115	0.0076907103909188085
129.0	24.10861173828642	26.322350092639653	22.48506261748188	27.080642959546818	0.0033325920452309645
130.0	25.73992180990835	24.6028327885663	23.654233160289685	26.003012241235663	0.0
131.0	26.22861827031108	24.10206188804623	24.407522036264258	25.261541439328735	2.563660497004042E-4
132.0	26.672738144755403	25.376001169005214	22.340304851435715	25.60608497975711	0.004870855046558324
133.0	26.928763651908305	25.505395391822027	24.501494251473904	23.06274446216881	0.0016022426269601034
134.0	26.63098581439377	22.773108489701432	21.275204862610988	29.32063674362981	6.40896640035275E-5
135.0	26.436551034180876	23.382556236969794	26.059384086695204	24.121508642154126	0.0
136.0	27.875252035188147	26.032270758534587	24.61613102112545	21.471154869133972	0.005191316017837618
137.0	28.04181498197144	21.889416279668936	24.357912763042027	25.710791885160695	6.409015690552214E-5
138.0	25.061108554684946	24.122722128154283	26.97550146186275	23.83989879115935	7.690641386673912E-4
139.0	26.0599360391712	23.627181429569386	24.83974543846494	25.472175757692284	9.613351021899212E-4
140.0	26.825632427887324	20.699003291598732	26.253896596630472	26.2214035951231	6.408876036956142E-5
141.0	25.48610439059343	25.55141180006832	25.199815678008196	23.762219503394512	4.48627935548829E-4
142.0	28.441481200434275	22.55646663274161	23.391369106749845	25.610362609289737	3.204507845276107E-4
143.0	27.09994725417272	25.210262299935977	23.93365946447924	23.756130981412063	0.0
144.0	27.497152803903337	25.350716237253312	22.782247339786338	24.369434989396318	4.4862966070138757E-4
145.0	28.42582563721312	21.971082669469528	23.026129422999276	26.57644955169165	5.127186264267998E-4
146.0	27.994698452027468	21.572147389699026	25.24490498295519	25.184724209911046	0.0035249654072712984
147.0	26.75842223155088	24.620955518312122	25.856483187581915	22.75997321036592	0.004165852189155325
148.0	24.783225370627093	24.449050511420843	23.51504011187872	27.252299455027075	3.8455104626725913E-4
149.0	27.832559200790136	23.985268942426202	24.616645761776546	23.56353922246627	0.0019868725408446514
150.0	25.662719098372584	24.52421194448664	25.252900107101585	24.560104755733395	6.409430579777862E-5
151.0	26.07327869672065	23.947424759282264	25.780353638103588	24.19881471111949	1.2819477401184264E-4
152.0	27.573564053142647	23.717536598545095	23.033415101438813	25.675291951877536	1.9229499590732148E-4
153.0	25.342912249462053	23.31963543199027	24.729935971765784	26.607324050553398	1.9229622849407056E-4
154.0	23.209125709260316	24.618928821416393	24.797638063786636	27.371422930677735	0.00288447485891713
155.0	27.66934933317949	23.43265930135287	23.998166684294702	24.899568273381988	2.5640779095072804E-4
156.0	25.244597947832354	23.67050446503834	26.176964363667132	24.907740916879327	1.9230658284663743E-4
157.0	24.969166666666666	22.484807692307694	26.311282051282053	26.23455128205128	1.923076923076923E-4
158.0	25.09045126913836	20.651223496047326	25.866562903056238	28.391762331758073	0.0
159.0	26.852915534129956	21.921572901174418	24.313234012000613	26.912085235140264	1.9231755474639724E-4
160.0	26.57753702160395	21.183409192896978	26.00448746714533	26.234502211680237	6.410667350471184E-5
161.0	24.801859123327187	20.155204743969872	29.052520233993107	25.987466944466703	0.002948954243128456
162.0	25.617643872220146	23.418763090293293	24.464255605867017	26.49927332243905	6.41091804987566E-5
163.0	25.067269145180184	23.534231452019803	27.436579156406133	23.961727911454123	1.9233493975749129E-4
164.0	25.912545407685037	23.557885261688032	24.646515677432014	25.882027853038743	0.0010258001561780738
165.0	26.436471350075973	21.786893549359167	26.416467374927066	25.36003949502786	1.2823060992889614E-4
166.0	24.82681856535756	23.32492966307523	26.00119515066336	25.846928385854135	1.282350497167288E-4
167.0	26.746553955017077	23.19330295829609	25.87685157994222	24.18309915145671	1.923552879109831E-4
168.0	26.592239882428682	23.83275069186003	24.09865834297278	25.476158721283642	1.9236145486815545E-4
169.0	26.347584149667234	21.93954138247004	25.84588906921584	25.86692127606503	6.412258185728494E-5
170.0	31.06695385696615	22.33300010195726	23.630999367095505	22.96879017773266	2.5649624842174654E-4
171.0	25.42765571054076	23.6754151511576	26.861575240215668	24.034969142610898	3.847554750704103E-4
172.0	27.23246920135122	24.210764586234934	24.0128786188252	24.543823469814374	6.412377427405475E-5
173.0	29.016810559308905	19.916178047266552	23.371268666287058	27.694588508082095	0.0011542190553871252
174.0	24.539193186503564	24.656539016205908	24.48173861633236	26.32208031712871	4.488638294625241E-4
175.0	25.62002125035989	24.737945358232718	22.977576830567173	26.66330234696567	0.001154213874548494
176.0	25.022554481817593	24.103703808196812	27.786480391547087	23.086171265301623	0.0010900531368843844
177.0	22.62029880645424	26.11853634982632	23.889960121092344	27.34581149633433	0.025393226292762097
178.0	25.4080286836711	22.933023345876883	23.908445127796092	27.75024637206317	2.5647059276124576E-4
179.0	28.457775438007012	23.770268424572638	23.32185748444861	24.44920093337189	8.977195998479007E-4
180.0	26.821216943692566	22.096560621353532	25.754895844643627	25.3271980946666	1.2849564367644028E-4
181.0	27.97563309700456	21.840174519710644	25.957427377779606	24.22637912760725	3.8587789794301353E-4
182.0	25.40070217305911	22.921816546519768	25.813635478190655	25.863717222655463	1.2857957500593073E-4
183.0	24.707196725231604	23.723814837765772	26.037185694486944	25.531288488685128	5.142538305482203E-4
184.0	25.62544553010771	21.69076787696588	27.04599959761681	25.634830185938313	0.00295680937128591
185.0	24.677619215334428	23.82282168023631	24.79356318174924	26.705803111205945	1.9281147408228166E-4
186.0	27.34202111419986	22.623688396831263	25.334083203445118	24.700207285523756	0.0
187.0	24.533986393857283	22.7494191322705	27.886542533677456	24.829665767743016	3.861724517445341E-4
188.0	28.095630349443333	27.547075101357876	21.86337602162301	22.493210631314756	7.078962610206577E-4
189.0	25.734982773288234	23.102262445768353	24.932721228431216	26.22887523793712	0.001158314575072298
190.0	28.333486708783777	21.195865169464856	25.895717993385762	24.57454400835049	3.861200151101633E-4
191.0	26.724687928956715	23.024237463991803	25.143742790305012	25.107009595741523	3.222210049428702E-4
192.0	27.468978664332845	23.16195283287598	24.058919592646394	25.310148910144786	0.0
193.0	28.087204524580656	23.975572420682877	21.783728911877024	26.153365237427696	1.289054317526305E-4
194.0	27.903598087740413	22.764319870986288	24.211470076953173	25.120611964320126	0.0
195.0	26.74024031767315	21.146923830643082	24.86314527358053	27.24923933783714	4.512402661028312E-4
196.0	28.474271508871325	22.18822801480072	26.276252128943757	23.0612483473842	0.0
197.0	26.035820197516863	23.49551488546438	23.434602334055285	27.033610421924386	4.5216103909190557E-4
198.0	27.468867267273485	23.03159169431541	24.125272255755778	25.374268782655328	0.0
199.0	25.75324076233718	23.161473153892803	25.536390871442414	25.548506476341526	3.8873598606770223E-4
200.0	26.951164280915048	23.480059271776124	24.217133741825673	25.351642705483158	0.0
201.0	25.515375743517303	20.74384127930333	28.779594904557648	24.960928894475618	2.5917814609872095E-4
202.0	25.212941669695958	25.244562981163938	27.814053729014432	21.72844162012567	0.0
203.0	26.114702937087415	24.191450265903146	22.55934614724002	27.1339173156259	5.833341435196438E-4
204.0	25.14212408907696	23.888644722836958	24.846726381472077	26.122504806614007	0.0
205.0	27.639104704598804	24.255784239175885	25.14467485675131	22.959917593512756	5.18605961245873E-4
206.0	25.49262784336785	21.128977570724793	26.259308794270055	27.119020961521382	6.483011592273028E-5
207.0	26.38487991223907	23.32225948085157	26.4590513831942	23.83348504770574	3.2417600941925815E-4
208.0	28.133397312859888	22.085581262644602	22.274342480676452	27.506678943819058	0.0
209.0	27.1222704308293	20.872100187429876	25.654285918114546	26.350759771971127	5.836916551549701E-4
210.0	25.36850865318317	24.417213091892194	24.396975520971505	25.817173005934407	1.2972801872234766E-4
211.0	25.01662554345252	25.88342460891856	25.406555362573098	23.692680803190548	7.136818652789231E-4
212.0	29.055645596273287	22.04469380350382	24.44613058940286	24.453465103614615	6.490720541378019E-5
213.0	29.670030652535328	22.637741583541146	23.026678096425606	24.665160016625105	3.896508728179551E-4
214.0	27.35009628439088	24.33112731701579	24.68084470299369	23.637931695599647	0.0
215.0	26.141299709222587	24.31323952618202	23.410415734165728	26.13478441881329	2.6061161637188236E-4
216.0	26.52873254688648	24.378010277624817	25.480772710017952	23.612484465470747	0.0
217.0	29.18743471321537	22.54846466692472	25.594805690621502	22.668764681241417	5.302479969881914E-4
218.0	24.229717813345918	24.35720956850024	25.620360707402078	25.79264505613448	6.685461728071518E-5
219.0	26.886733964985105	22.628610321172015	24.652816151596426	25.831300456891785	5.391053546639352E-4
220.0	27.715003244936177	21.4849288110405	24.94621662097589	25.853783649717432	6.767333000831705E-5
221.0	25.869144690625166	22.484006429452837	24.214153381561044	27.432491085913867	2.0441244708272778E-4
222.0	25.508740872787445	24.443082712816988	24.05223822600756	25.99573186541415	2.0632297385681598E-4
223.0	30.99305143384545	22.378024794663546	23.963865788006878	22.664293488308086	7.644951760354392E-4
224.0	29.886988414675763	22.538867321083565	25.125750287996368	22.448324327787923	6.964845638126123E-5
225.0	30.499286892966765	19.511070304375636	24.47804624068727	25.510686808149714	9.097538206161411E-4
226.0	25.544828796395358	22.14983782498684	25.667096869144864	26.638165752486398	7.075698654485144E-5
227.0	26.955835072480117	23.75261586001909	25.58541358612186	23.70513590334366	9.995780352722529E-4
228.0	27.532918005709256	27.837339988150596	23.28285965636726	21.34681053519812	7.181457476794915E-5
229.0	27.420336111474825	25.42625217113892	22.34538705773331	24.80802465965295	0.0
230.0	25.865193009360016	23.016808964392286	27.173059009946023	23.944939016301678	0.0
231.0	24.86980915180054	25.107317987365324	24.169087992633465	25.85216163291567	0.0016232352850032244
232.0	25.514547062104654	24.4971724759972	24.24134534363466	25.746935118263494	0.0
233.0	23.259089167240976	25.352104226300597	22.457279170413123	28.930627537058967	8.998989863387835E-4
234.0	27.98983563602259	20.957682232688725	26.71137301891202	24.339967220078425	0.001141892298240953
235.0	25.86260052689427	21.55379855620488	28.906578779017337	23.676713832284836	3.083055986755192E-4
236.0	28.691024066836007	23.572486385663	23.96404502807225	23.772444519428745	0.0
237.0	27.544403010651365	24.478599966751418	22.40938776121214	25.567294108934018	3.15152451058794E-4
238.0	26.7621098830297	22.628877447114576	24.779539407007054	25.829473262848673	0.0
239.0	27.838635438013537	22.985690458797443	24.41009910335064	24.764605299734303	9.697001040811445E-4
240.0	25.26074395269306	21.244727956725434	27.158011920200416	26.336265816129824	2.503542512655407E-4
241.0	29.3849365182557	21.787683355031497	23.23981676613282	25.58522363589873	0.002339724681254293
242.0	26.962290467714737	24.19883360151903	21.241897917528295	27.596140805025925	8.372082120079099E-4
243.0	28.234354940282575	22.846244087165722	24.69005050593988	24.22683481295696	0.0025156536548674125
244.0	26.23263557836324	22.914190335145832	26.473891520508857	24.378526541093734	7.560248883393242E-4
245.0	29.312526040680275	21.059303309218087	23.03305009490381	26.593521289176756	0.0015992660210682255
246.0	24.75320410928755	25.953390634446947	23.79646158736958	25.494413942502693	0.00252972639322573
247.0	25.58750291806085	23.182344124801656	25.131101284623426	25.961860521766194	0.1371911507478694
248.0	26.38628022498209	22.732099578793694	24.048644501538664	26.823321991643617	0.009653703041932638
249.0	25.054392935757292	21.379715788946065	29.17474808488441	24.376190973788596	0.014952216623636565
250.0	27.667253124013175	22.347174237413935	24.54864489199056	25.43573610611048	0.00119164047185558
