# Position (bp)	A	C	G	T	N
0.0	23.530088536921532	24.257598056392645	26.03382624337141	26.178253556661296	2.3360665311748078E-4
1.0	23.09249829714661	30.600668788751207	23.70144682814786	22.53226098726458	0.07312509868974973
2.0	24.84417351257591	26.420562474077325	23.007889786960646	25.726212425920696	0.0011618004654172665
3.0	25.911989111097565	21.641983800145688	25.12585214658227	27.31361606171152	0.006558880462952483
4.0	25.857932193618844	24.206473255064715	24.025987207065402	25.909433353844868	1.7399040616900385E-4
5.0	28.181885597884655	24.522841722033867	22.553202336893673	24.741259243638083	8.110995497238786E-4
6.0	25.62052969063305	24.02444814976111	24.321490393262877	26.027690398236718	0.00584136810624581
7.0	25.49089544916746	25.567541049836954	24.21504631633625	24.726113179234122	4.0400542521571E-4
8.0	27.6002028841831	24.438322055585655	23.97278354793715	23.98863387474207	5.763755201789069E-5
9.0	25.938984018199164	25.88455683268301	22.410940209492882	25.76528880353397	2.3013609097739948E-4
10.0	24.711445045500795	24.424126057038396	23.884497536690947	26.979931360769864	0.0
11.0	26.952949429586976	22.989390284297553	23.135269692883696	26.922167536032106	2.2305719967299814E-4
12.0	28.352414458964137	25.292587633497398	19.969277611979646	26.38572029555882	0.0
13.0	25.255959562454134	23.29115488304179	25.089457121827536	26.363265832636863	1.6260003967440967E-4
14.0	26.665899573192757	22.349660828728542	23.55012643662782	27.434259643301534	5.351814934239574E-5
15.0	25.39672057706348	23.822675754690962	24.620977191538458	26.159626476707093	0.0
16.0	25.975307103620864	24.58017922598465	22.048690071960376	27.395719759509053	1.0383892505944779E-4
17.0	28.46922124647579	26.70046246615713	19.85180119603141	24.976886868535765	0.001628222799902103
18.0	25.657968745191944	25.727381276070687	20.508830171851503	28.10576936173261	5.044515325489785E-5
19.0	24.851113113888683	24.998042942851924	22.431538126484103	27.718753826297633	5.519904776624507E-4
20.0	22.456117640322727	25.947089736344875	24.512134707828498	27.084657915503897	0.0
21.0	23.91279018099592	24.659089787011347	24.248022671393166	27.179702388593206	3.949720063590493E-4
22.0	22.446768283108057	27.027530753738706	26.412480438777962	24.113171606033195	4.891834207911759E-5
23.0	25.19179873246055	24.377807590141142	23.519795869175127	26.91015955024993	4.3825797325165505E-4
24.0	27.48638681956983	21.92432700155428	24.832165938671068	25.757120240204824	0.0
25.0	24.589101552608877	25.740671066178173	19.98473093882791	29.68525801232302	2.3843006202519635E-4
26.0	25.76076787351065	25.92872360754881	20.231316110046567	28.07909757222879	9.483666518247286E-5
27.0	25.187280481745205	25.64171784129962	20.213385099730846	28.957380186587855	2.3639063647233307E-4
28.0	27.718254218647537	23.93235020137986	23.053028082873993	25.29360982926297	0.0027576678356373884
29.0	26.94999979192974	24.00714651983996	22.632495673294553	26.40984939874631	5.086161894382611E-4
30.0	23.49206349206349	25.169097100241324	25.24679749907581	26.09190414195477	1.377666646001667E-4
31.0	25.91488967577302	25.062016172339487	23.05413851016098	25.968362512986097	5.931287404181193E-4
32.0	24.0490627136134	22.60693054033134	25.34656546980584	27.997169841622423	2.7143462700584533E-4
33.0	23.50039965446914	25.37917889824403	25.62385524981093	25.496342175912485	2.240215634196085E-4
34.0	25.889905983509475	26.85027659615097	23.15654005459538	24.103232957595992	4.4408148184661514E-5
35.0	25.0520052650666	22.772598471936476	26.136278820224668	26.03885401382299	2.634289492609501E-4
36.0	23.396328876388427	25.051694536828357	26.39662978815987	25.155259069243925	8.772937942868874E-5
37.0	24.935400573447346	26.07155244271994	21.509011033533824	27.48403595029889	0.0
38.0	26.35062804719275	25.891351824786803	21.42698704803353	26.330901570139897	1.3150984701897864E-4
39.0	22.97245829474678	27.587505100437532	22.64366360209443	26.79606620948631	3.067932349462038E-4
40.0	26.12783042184197	26.513239310216687	23.360292235906176	23.99859421067208	4.3821363089791726E-5
41.0	23.772211399682945	24.46191824469805	22.20793822301792	29.55333145801074	0.004600674590342789
42.0	23.93111279930813	26.48864366220755	21.293757672461155	28.286485866023163	0.0
43.0	25.789683723493408	26.342255345563153	22.395797056309828	25.468584152400076	0.003679722233538828
44.0	28.158121810735636	25.372593679507677	22.940452464904403	23.528656840629857	1.7520422242176036E-4
45.0	25.58721900332401	24.36084067986634	22.340774024586253	27.707356167803134	0.0038101244202698617
46.0	25.006240087019656	25.067458624938805	22.59012218309335	27.336179104948194	0.0
47.0	24.78399517308628	25.141854079560883	23.297302243875613	26.77509708340394	0.0017514200732881731
48.0	22.237474322267634	24.66817563240649	22.90666021176004	30.187689833565834	0.0
49.0	21.640826816835716	26.382383090399937	25.004573876642766	26.97037791163358	0.0018383044880015617
50.0	27.49712131947949	24.422939987334242	20.837401707995227	27.242361922901694	1.7506228935082964E-4
51.0	24.574840164406076	27.257006358417673	21.93673787925264	26.229140202431434	0.002275395492178984
52.0	22.60584225024601	26.090218963182053	22.161740035107137	29.142198751464797	0.0
53.0	22.429934255856182	25.533506139201755	24.349317876162385	27.68562821503516	0.0016135137445205947
54.0	22.529811975025357	28.670865155594395	23.132505322243183	25.666773940064697	4.360707236942517E-5
55.0	23.396867673360607	28.64909875673632	23.083843836997893	24.868667031824888	0.0015227010802911578
56.0	26.252868363070057	25.277048527809253	25.58838690873657	22.881696200384116	0.0
57.0	22.265864746163626	28.002493278543845	23.28522941250928	26.44127985398748	0.005132708795766472
58.0	24.766342336041667	25.91261209891975	22.318444222047958	27.0024273692076	1.7397378302076767E-4
59.0	26.987843658453425	22.566731147928827	25.07710787622381	25.36544697343975	0.0028703439541858315
60.0	23.414494978926516	23.564132782490205	24.096549819488	28.924822419095275	0.0
61.0	25.059824428167047	24.525692480511196	22.994812393806484	27.413765328449248	0.005905369066026803
62.0	25.23315627972935	21.913889683722022	25.33940581024711	27.513331124686236	2.17101615279438E-4
63.0	25.426553958093358	24.38646437709467	23.318152787010234	26.866310606221784	0.0025182715799592476
64.0	24.721431781064336	22.50454223815671	23.86407214196482	28.909910507183735	4.333163040025861E-5
65.0	23.63139749557299	26.69808790581254	23.47260152002194	26.193147032941607	0.004766045650918351
66.0	24.033831024250247	24.726577613483883	23.65693424648157	27.582093871950413	5.632438338881285E-4
67.0	26.438064407678457	26.111139031233378	21.4460620785626	26.00382467164492	9.098108806449433E-4
68.0	23.378374280305163	22.66389980374913	27.05407079761033	26.903525150870568	1.299674648113089E-4
69.0	22.693941065084346	25.045194756585136	25.57804451071613	26.6800904371664	0.0027292304479880156
70.0	25.108032028268074	23.194321813233614	25.173917614033325	26.52342572168077	3.028227842132426E-4
71.0	24.128577247137684	23.31384853285838	26.482199625146265	26.074468525747896	9.060691097741557E-4
72.0	26.894747809160435	26.49784486012838	22.25184613798331	24.353921810981873	0.0016393817460019578
73.0	24.72295291428946	23.363103583041656	23.290590363722167	28.619427676151908	0.003925462794808727
74.0	24.40001276706236	26.1194255166994	23.98176207889182	25.498023261932673	7.763754137433977E-4
75.0	24.754927225386734	25.746259483644636	22.105005742696985	27.39143542409483	0.002372124176818999
76.0	26.653889397554924	24.740749238474475	25.576001390433696	23.028454294020662	9.05679516246381E-4
77.0	23.925123939570618	25.34249410920482	24.20987445620112	26.521688131125824	8.193638976191873E-4
78.0	26.814049080707008	26.430557543998244	21.201437198463445	25.553309334027897	6.468428033994608E-4
79.0	26.94539072539262	21.161740735310605	23.717173633690095	28.172805754154773	0.002889151451906409
80.0	23.859282224646524	23.894597496453382	28.362647739865725	23.881144059574577	0.0023284794597927655
81.0	24.80172718229457	25.37003811305248	22.65262360870542	27.17509366566156	5.174302859707833E-4
82.0	22.35387403422401	22.9613120454078	24.266562150075305	30.417346304773655	9.054655192262667E-4
83.0	24.88632571423151	22.65862876862702	24.620561140942318	27.83336337053635	0.0011210056628032212
84.0	22.777733707433075	26.40123577078746	25.67720790989875	25.14296036600613	8.622458745846129E-4
85.0	24.96147043063018	27.265398571420562	21.59341486010587	26.17894015770503	7.759801383572586E-4
86.0	25.3095099741529	25.383395781353187	22.968743803334434	26.3367554733261	0.001594967833378452
87.0	21.60786778290147	22.733671790070613	26.61238944766723	29.045251993368797	8.189859918911766E-4
88.0	24.66045931847903	26.859984672717697	25.7037575979097	22.775194974582398	6.034363111765887E-4
89.0	25.675329701921363	26.375722697818997	23.683196516051282	24.26463045541492	0.0011206287934362185
90.0	23.2559021571745	26.124908467376457	25.31502522830898	25.303991749026274	1.7239811379223698E-4
91.0	26.14896223947166	25.48651422015719	24.286600242292806	24.077276839143348	6.464589349890727E-4
92.0	25.121441438335502	24.35422286960344	23.291157787680028	27.23317790438103	0.0
93.0	25.78581416945515	26.531842597999184	21.67722807690402	26.004727317387434	3.878382542107384E-4
94.0	27.228158596793023	24.178077735025923	23.34537174651506	25.244255108640896	0.004136813025100544
95.0	23.552748943211345	26.742074623714295	24.132312955948827	25.570191880932992	0.002671596192544523
96.0	25.593535324287302	25.141276897548558	23.872876429950573	25.391277220713405	0.001034127500164814
97.0	25.14872328700546	25.58988436056204	23.11741761137066	26.143673136655664	3.0160440618185624E-4
98.0	27.388012534031063	23.332978607443817	24.615334240110364	24.663674618414756	0.0
99.0	21.958636447640327	22.780238304171032	26.451556205760607	28.80952596347163	4.307895640366533E-5
100.0	22.27103260670571	25.189460919983375	24.91657171902966	27.62293475428126	0.0
101.0	23.08050484431555	22.606734100423548	28.62933846545488	25.68316414590537	2.584439006593335E-4
102.0	24.72633346070191	24.61092632854976	25.22668950398195	25.436050706766373	0.0
103.0	25.214474284407306	25.873629774548405	25.879057049707377	23.032537376050296	3.0151528660966306E-4
104.0	25.493552397057595	27.4628947320814	23.251514663354065	23.79169362320913	3.4458429781042524E-4
105.0	27.138461617985136	23.907944675830503	21.004541427006565	27.945692407163076	0.0033598720147214084
106.0	25.878394152912303	23.671090979106342	24.94669546332088	25.50373325591433	8.614874614807418E-5
107.0	25.455602721404897	24.458228071649017	22.756165481059355	27.329142249186443	8.614767002857949E-4
108.0	23.641474751233496	25.2261983516635	24.67043606494115	26.461847763168777	4.306899308139695E-5
109.0	25.27205896602735	24.90233697887395	25.819988242970005	24.004711425206125	9.043869225650997E-4
110.0	24.078483353379646	24.670398596456778	23.37206082537402	27.879057224789555	0.0
111.0	24.242964517144543	24.153259338403853	25.066589838035426	26.536152737386043	0.001033569030137581
112.0	25.133817876776448	24.197157333650278	24.03679119588181	26.6321044050735	1.2918861796600272E-4
113.0	28.155957700956197	21.883485580380327	23.46392963594196	26.495507513600614	0.0011195691209057142
114.0	26.135803851321093	22.605024286058768	27.36065658479452	23.898299975886182	2.1530193943987045E-4
115.0	26.71144772024445	24.243738353818266	26.177968083379234	22.866070686482526	7.751560755225951E-4
116.0	26.72256125789099	24.797673149710025	24.980351912851635	23.499370615246743	4.3064300599153614E-5
117.0	25.676749380838753	27.015369324139904	24.093694783111616	23.21328215536587	9.043565438593545E-4
118.0	26.10098224432644	24.544007207173067	26.106322167009527	23.248473062027937	2.1531946302771033E-4
119.0	27.105347815358062	21.351727416839683	25.220160969763366	26.3220747520188	6.890460200917206E-4
120.0	24.586309999315272	24.180425470341575	25.61443596692461	25.618828563418543	0.0
121.0	27.18680113811804	23.816889950772563	24.333668234371007	24.661650185028158	9.904917102303583E-4
122.0	26.062433598572987	24.24916593132537	24.84161631247548	24.846525765368632	2.5839225753439526E-4
123.0	24.023399650142157	28.115496153027923	23.543744719187835	24.316455118372016	9.043592700701008E-4
124.0	24.5237622555722	24.803508193205566	23.561446565554473	27.111239921330068	4.306433768986529E-5
125.0	26.400334171633304	23.802881799703723	24.67973783029593	25.115969614496848	0.0010765838701898233
126.0	23.883864071992182	24.40024098450525	25.469082196128483	26.246769683666926	4.306370715645604E-5
127.0	25.773634501730285	23.109214023519524	27.964701768528897	23.151114739922726	0.0013349662985604758
128.0	26.20538157802375	23.10909876246013	25.276311556702595	25.40012152756096	0.009086575252561575
129.0	23.947904680534407	27.084467350637002	22.659603604969234	26.305009887482516	0.003014476376840553
130.0	25.565285245867752	24.5134795973648	24.456419227062376	25.464815929705072	0.0
131.0	25.2701769828805	25.31057164475608	24.778507628260588	24.640011644687178	7.320994156554723E-4
132.0	26.143079295615184	26.08502796842318	22.26113364595495	25.505246797810415	0.005512292196273777
133.0	26.619017022610684	25.47745821863771	24.82291799449461	23.078625788514476	0.0019809757425213862
134.0	26.34712900579431	23.275734732064226	21.04431108843054	29.332739044961357	8.612874956128168E-5
135.0	25.599368861025834	24.59796972720551	26.328218965950107	23.473753429471213	6.89016347343476E-4
136.0	27.139122870480424	26.632172325288963	24.610958951303118	21.61188913578971	0.0058567171377878835
137.0	28.25982010241596	21.821636372953954	24.51622432979817	25.402276130345864	4.306448605335087E-5
138.0	24.662665824928148	24.551003411452523	27.431316634642133	23.353937553451974	0.0010765755252181357
139.0	25.514746380852678	24.452417853527077	25.446361861764228	24.58513894158162	0.0013349622743967587
140.0	26.5426269260632	21.938420237373926	25.343053597966374	26.17555473160968	3.445069868170095E-4
141.0	24.869408464484703	25.44767165950513	25.66820232838356	24.01445916371463	2.583839119841042E-4
142.0	28.048183888404655	23.12325373885063	24.291203150246503	24.53710083613826	2.5838635995631545E-4
143.0	26.300658064443894	25.955928931968426	24.329091650578587	23.414062967650583	2.5838535850753174E-4
144.0	27.274739547446465	25.779678155058843	23.668970316677232	23.276095209877905	5.167709395584709E-4
145.0	27.860788215651915	22.678996146212253	23.219017359485747	26.240078617442343	0.0011196612077440937
146.0	26.88946402886992	22.048412240433393	25.209461961811087	25.84835539631547	0.004306372570129277
147.0	25.827778067245383	25.03041204062747	26.497682656330806	22.64124212893327	0.0028851068630663694
148.0	24.512119553586	24.662750044246092	24.160519223042932	26.664137498336732	4.736807882392811E-4
149.0	27.394063572407028	25.563836599458007	23.77017024155413	23.269776429039894	0.0021531575409390606
150.0	25.391955096611273	24.176568089534616	25.274218921245524	25.157257892608587	0.0
151.0	26.59848893314063	24.457724752246705	26.199878728788306	22.743175479787844	7.321060365157265E-4
152.0	26.704664863654372	24.276455185957175	23.73882448192107	25.280012402887113	4.30655802656285E-5
153.0	24.856126865893398	24.098938377122245	25.41598640144254	25.628000900943192	9.474545986216258E-4
154.0	23.35228843684135	24.58085304856463	25.23968788679307	26.824629690720585	0.002540937080368548
155.0	26.79844774268019	23.50890265227541	24.45274746099975	25.239514510418733	3.876336259249369E-4
156.0	25.586246313684903	23.579107772843308	26.504384814470725	24.330002674691602	2.584243094579421E-4
157.0	24.866070620989547	22.99235144585153	27.117221263652443	25.023796746069554	5.599234369306548E-4
158.0	24.850713611335085	21.502666997457048	26.25911396417816	27.38729006870792	2.1535832179012728E-4
159.0	26.534050185386832	21.621256081928575	25.000129219445633	26.843789196565176	7.753166737880939E-4
160.0	25.909715680332805	21.968343070249233	26.15218017752588	25.969761071892076	0.0
161.0	24.399840106687435	20.836484966065747	29.079605504602963	25.68045114725175	0.003618275392109058
162.0	25.063181323398346	24.187753312200382	25.18138111982246	25.567684244578814	0.0
163.0	24.936365175371073	24.1631842870552	27.14080731474178	23.759470916655935	1.723061760133434E-4
164.0	25.320107452029113	24.031148337560655	25.026880238200267	25.62018395732245	0.0016800148875165415
165.0	26.014188515642434	21.997670285019606	27.290879217546614	24.696529637955056	7.323438362927204E-4
166.0	24.554199178361685	23.455163155863133	26.364758816068818	25.6258357688384	4.308086795886294E-5
167.0	26.19625336367498	23.982496396139453	27.05648389011866	22.764292441327942	4.7390873896331176E-4
168.0	26.11220568701716	24.496077406646414	24.292806546717614	25.098867275502673	4.3084116135820093E-5
169.0	26.428934578794983	22.349545015855508	26.000275747966356	25.220986143664692	2.5851371846132633E-4
170.0	30.738874952928434	23.380501125839857	23.16981008507782	22.710727663949083	8.61722048106495E-5
171.0	25.458866595201247	23.66209150101511	27.158827300709714	23.719266709637836	9.478934360964714E-4
172.0	26.808352249204415	25.062821944966558	24.60324059135558	23.525499053739743	8.616073371034399E-5
173.0	28.732917253251127	20.38302744784496	23.459688077789284	27.42255792754899	0.0018092935656351397
174.0	24.030655453960385	26.321586757036876	23.82151567966765	25.825768260206928	4.7384912816068143E-4
175.0	25.556873701776738	24.08959603556755	23.80300692414456	26.549058731598723	0.0014646069124277065
176.0	24.468324320226206	24.817375811675024	27.781061188903067	22.931644836768996	0.0015938424267069407
177.0	21.94365213015868	26.259887414545297	24.871115200845747	26.90130657544031	0.024038679009968297
178.0	25.262227444993616	23.00972061523405	24.62349092682271	27.104259478310617	3.015346390070378E-4
179.0	27.71330411088734	24.662394589180515	23.24868875941024	24.374104748467975	0.0015077920539358757
180.0	26.38038717702853	23.11931479513826	25.448035175922808	25.05200369727283	2.5915463757223935E-4
181.0	27.3216568016626	22.512537601993042	26.443732712814843	23.72116459670984	9.082868196769526E-4
182.0	25.56270263350023	23.429233547976345	25.85555886189608	25.15246170507981	4.3251547540371E-5
183.0	23.83866031241268	24.90953492777933	26.378948952871657	24.872163748052504	6.920588838301307E-4
184.0	26.323682654429103	22.390278697580097	26.533433630837415	24.74901472409463	0.003590293058752334
185.0	24.68184403512983	25.015798044545946	24.95195707603174	25.349665548584667	7.352957078194374E-4
186.0	26.523859681755557	23.52772472742452	25.404878133185104	24.543537457634816	0.0
187.0	23.95624514818647	23.29269259993056	28.104391305723524	24.64580406713631	8.668790231313665E-4
188.0	26.992553458487016	28.35346863015973	22.656316036093987	21.99735844787356	3.0342738570865685E-4
189.0	24.75307397702076	24.098332585565256	25.13957253675443	26.007937178811936	0.0010837218476157037
190.0	28.541013669055392	21.950430707470076	25.58740522051269	23.92084693519229	3.034677695552463E-4
191.0	26.351926969760918	24.25544257474666	24.92920245622536	24.463037212456896	3.9078681016358336E-4
192.0	26.556104170195027	23.569961394320753	24.65843310447852	25.215371053122976	1.3027788272384997E-4
193.0	27.163526582532477	24.192278342084222	22.559657544866667	26.084363801248507	1.7372926812636894E-4
194.0	27.471119883106976	23.192310565718447	24.98145313594026	24.355116415234317	0.0
195.0	25.80017637373856	22.25571585582533	24.980907325592003	26.962461934116156	7.385107279543687E-4
196.0	27.95610152871323	22.885544193693903	26.43095883778083	22.727351896652927	4.354315910844511E-5
197.0	24.354735943118776	24.757627213865973	24.583030834617727	26.303778537405826	8.274709916978529E-4
198.0	26.8815750331287	23.665190305743675	24.571944024489504	24.88124701754447	4.361909364757691E-5
199.0	25.28706449812819	23.54328723317324	25.494325131324057	25.67458026772148	7.42869653031804E-4
200.0	27.048554525784553	23.829970225647898	24.521514842818252	24.599960405749293	0.0
201.0	25.00553967345865	21.550968710787963	28.912943430646564	24.530154835512125	3.933495946969482E-4
202.0	24.87931911679602	25.245557842028244	28.380070039495564	21.49505300168018	0.0
203.0	25.2771406309983	24.74830637495595	23.32458574285582	26.649136507009295	8.307441806370146E-4
204.0	25.359175768409848	23.764525000295166	24.540838793213148	26.335372980886667	8.745719516903944E-5
205.0	26.909104744112334	24.30612497469046	25.678940755774622	23.105042360410497	7.871650120895426E-4
206.0	25.29708664826778	21.33460463529525	26.604486587910092	26.763778391074062	4.373745281822277E-5
207.0	25.82853073212728	23.762355014230632	26.84882283410487	23.559941450115794	3.4996942142180327E-4
208.0	27.66288396546564	22.83495194907705	22.437532049991862	27.064632035465447	0.0
209.0	27.01948800177852	20.692047034481128	25.675445625407267	26.612319133917158	7.002044159266746E-4
210.0	24.163803732807622	25.033035535687787	25.189032421002505	25.61377814914335	3.5016135873112026E-4
211.0	25.075033986948135	25.660813541363375	25.369171594135636	23.894324124931863	6.567526209902517E-4
212.0	28.1573100839438	22.41541229879157	25.30780269089724	24.119080700635493	3.942257319019727E-4
213.0	29.611388790030908	23.35997531569785	22.91888366646038	24.10931394119596	4.382866149020956E-4
214.0	27.1400197912792	25.709362959427878	24.68791012513422	22.462707124158694	0.0
215.0	25.35490208574612	25.019459784942455	23.42777903529572	26.19737562109788	4.8347291782498716E-4
216.0	25.50160206828616	24.75351085885796	26.313349265111185	23.431537807744693	0.0
217.0	28.83090891646813	23.15994336700886	25.511880285245205	22.496594936924513	6.724943532890802E-4
218.0	24.386529927185006	24.534277712438914	25.805768453653126	25.273061890710082	3.620160128732894E-4
219.0	25.956937253173212	23.505759557963852	25.13177025291674	25.404894049871444	6.388860747478454E-4
220.0	27.509615671650362	22.027063953688632	25.308723337321204	25.154229632572267	3.6740476753611474E-4
221.0	25.15855679316978	23.246391936664253	24.545331745683693	27.049303182793434	4.163416888484267E-4
222.0	25.301051564345766	25.11020240953488	24.647833971991332	24.94086528883647	4.67652915488571E-5
223.0	30.0048998556529	22.60640159519625	24.91084722098727	22.477236481411765	6.148467518119061E-4
224.0	29.228873536701855	23.31838692633638	24.91090493269374	22.541692317761814	1.4228650621175457E-4
225.0	30.474386758797518	20.095930421113277	24.50956919543212	24.91925514420564	8.584804514462534E-4
226.0	24.852718625013512	22.229498355390152	26.555430300971324	26.362014917306237	3.378013187763485E-4
227.0	26.61626819091325	23.68874697448175	26.314521219358245	23.37904902388318	0.0014145913635782723
228.0	26.552002834900847	28.11482524728187	23.53756807266443	21.7954568067273	1.4703842555174944E-4
229.0	27.54216350034185	25.533421037692307	21.93247422553184	24.991891871879236	4.93645547687394E-5
230.0	25.401561274418256	22.515021352357476	28.08321816755687	24.000199205667403	0.0
231.0	24.875777008568097	25.321057594364827	24.994690031536923	24.807264541367555	0.0012108241626015768
232.0	24.98145462700714	25.49123674043886	24.743485271777242	24.78346818263463	3.551781421341741E-4
233.0	23.02334506606275	24.93347999673244	23.216367388732163	28.826345158027074	4.6239044557484636E-4
234.0	27.025228178194418	21.53585910694148	26.711792866673413	24.725763662785543	0.0013561854051499576
235.0	25.218139064611655	22.415483499971195	27.715355013432685	24.650811008510978	2.1141347348637202E-4
236.0	28.175220960170915	23.734642076130942	24.30036868660353	23.789339696329098	4.285807655095343E-4
237.0	26.98391033203017	24.68431081343113	23.174624839812854	25.156991525653233	1.62489072609867E-4
238.0	26.84926932207281	23.2115335393417	24.336853344816486	25.602233942167523	1.0985160147157207E-4
239.0	27.14068940450587	23.692997918429644	24.368532721460912	24.79677652051077	0.001003435092801022
240.0	25.073412900109638	22.21730218432453	26.29907666012512	26.410150823091712	5.743234900030381E-5
241.0	29.000284069018424	21.369350678027892	23.61154079265607	26.016811825551724	0.0020126347458962377
242.0	26.332700360195517	24.508389582675587	21.80070103311356	27.357171992782263	0.0010370312330762264
243.0	27.79069344739899	23.356223785181736	25.311461901852066	23.539139672147797	0.002481193419413434
244.0	26.06810966477184	23.180706309598847	26.214182863289132	24.535960260688036	0.0010409016521422333
245.0	28.361606997992762	21.4332070888517	23.70010291165822	26.503112845878203	0.0019701556191156085
246.0	24.51046343240051	26.976588958764413	23.656324637748455	24.85424326936192	0.0023797017247033352
247.0	24.66545005086044	23.105070448107224	25.262914710421384	26.833478039231206	0.1330867513797494
248.0	25.80493133128468	23.114515823660486	24.611391870439682	26.459840088548418	0.00932088606673172
249.0	25.138169191705114	21.566788645716827	28.676458121273175	24.6033829454228	0.015201095882081591
250.0	26.33976790555026	22.559154094688726	25.325789756073558	25.774351056327305	9.371873601540736E-4
