# Position (bp)	A	C	G	T	N
0.0	24.266833701443723	23.514886877729527	24.720324411343945	27.497955009482805	0.0
1.0	23.505152102632458	29.91367451042542	24.388741865148717	22.116953706698855	0.0754778150945499
2.0	25.010282646500652	26.463563351926283	22.635316020002453	25.88975559772844	0.001082383842174004
3.0	25.162449094957374	22.20822613952308	24.489795918367346	28.13289532884946	0.006633518302742238
4.0	26.191059399877524	22.97496487878679	24.203162710277006	26.63059688051583	2.1613054284788012E-4
5.0	28.50893130182943	23.905884045978667	22.48788472954255	25.096724289903044	5.756327463078557E-4
6.0	26.10257161402239	23.782331857110854	24.07929956977018	26.030340105575757	0.005456853520819332
7.0	25.594676715140242	25.74806775272104	23.376020727125077	25.280303860341114	9.309446725258891E-4
8.0	27.29089488690173	24.528962692258485	24.100685229645205	24.079385716317642	7.147487693813063E-5
9.0	26.13283072493462	24.76804061197614	22.505946121787417	26.592968523720995	2.140175808308733E-4
10.0	24.505409780929526	24.78979381266995	23.57537210057974	27.129424305820788	0.0
11.0	26.872257621822044	22.26585455414761	23.779506077409728	27.082243960309277	1.3778631134332697E-4
12.0	28.203973452266602	24.240793601985366	20.59088843475587	26.96427648174503	6.802924713392782E-5
13.0	25.747666851636986	23.118801392322048	24.470564495787723	26.66289999831845	6.726193478955423E-5
14.0	26.191721881194578	21.88918221260156	23.82671624325544	28.092313099322247	6.656362617335032E-5
15.0	25.698577138478328	22.834468326244963	24.320760750585883	27.146193784690826	0.0
16.0	26.156862745098042	24.31514681655199	21.864069515779953	27.663791711083114	1.2921148690118553E-4
17.0	28.35687024473359	26.419361647776075	19.399997337716382	25.82256640337527	0.0012043663986845783
18.0	25.673616816233487	26.066583548363155	19.99733283344929	28.2624038970826	6.290487147905708E-5
19.0	24.860580679438698	25.194674500734443	21.180360658811765	28.76400912585555	3.750351595462075E-4
20.0	22.834417186224275	24.370161962790686	24.484180884339455	28.31117783099351	6.213565207017352E-5
21.0	23.95475744945399	23.807291750185332	24.020133292709854	28.217755832326997	6.167532382628775E-5
22.0	23.01164801861234	26.973688641268577	26.20017449068618	23.81442762463074	6.122480216735799E-5
23.0	26.022660231361073	23.392775106568735	23.32462724584417	27.259876406502904	6.1009723119573563E-5
24.0	28.289278073896806	21.19305751961033	24.860824056951543	25.65677991708667	6.043245464544279E-5
25.0	25.07886831894049	23.693479700162705	20.469426628817857	30.758105627875626	1.1972420332522003E-4
26.0	26.594579014942365	24.845347809619998	19.791073644694183	28.76899953074345	0.0
27.0	25.67446745690436	24.813237877467415	19.763605936228494	29.748629321965126	5.94074346028108E-5
28.0	26.721644376369724	23.97348295160674	22.788704892750022	26.51340852211251	0.0027592571610061778
29.0	27.48381721463821	24.349221886233998	21.61454964954292	26.552411249584868	0.0
30.0	23.857437827297208	24.732162628092986	24.277410072609694	27.13281557044926	1.739015508540305E-4
31.0	26.947827056493008	23.986347720643582	22.104479914130213	26.961229768115757	1.1554061743750554E-4
32.0	24.48517367748791	21.81825052085212	25.232372469236946	28.46408882797252	1.1450445050172987E-4
33.0	23.6225320205925	25.1211065210157	24.340072213217773	26.916289245174024	0.0
34.0	26.385295737292232	26.755487126465198	21.709634641103158	25.149526303368138	5.619177127701419E-5
35.0	25.723979017504146	21.68406397580124	25.68775433096454	26.90403574169072	1.6693403935303045E-4
36.0	24.21921387668872	24.296992272196587	26.024128537276926	25.459498526713737	1.6678712403402456E-4
37.0	25.741890307270797	24.83541644668471	21.363739934088773	28.05895331195572	0.0
38.0	26.5221447060438	25.104185706959953	21.932695561058296	26.440974025937948	0.0
39.0	23.845842789995988	27.621897909147165	20.4529977481756	28.0789282782264	3.3327445484631046E-4
40.0	27.00396655695969	25.752129622327352	22.263370051661877	24.98047823058903	5.5538462051124266E-5
41.0	24.20624210740263	24.654391699403245	21.42921402225088	29.705265285677317	0.004886885265929858
42.0	24.404507408883997	25.547628857278344	20.270902070356357	29.776961663481305	0.0
43.0	25.90132442793652	25.551548867254624	22.512054764859215	26.031352104621757	0.0037198353278868283
44.0	28.53093576140044	24.72684800191853	22.916456179658017	23.82564903090856	1.1102611445238036E-4
45.0	26.173290408525755	23.677786412078152	22.359069715808168	27.786245559502664	0.003607904085257549
46.0	25.3235739435838	24.393645740368264	22.5280171743947	27.754763141653232	0.0
47.0	26.277246283594984	24.492006683896218	22.61342339907533	26.61515930304122	0.0021643303922488115
48.0	22.229833163242667	23.503460975285087	22.886475573501354	31.380230287970896	0.0
49.0	22.937385613665352	25.24529976152182	24.6235927014586	27.19178082191781	0.0019411014364150631
50.0	27.794133875755637	24.220568312326115	20.0904024857079	27.894839871366944	5.5454843398294984E-5
51.0	24.92908532825897	26.925896108619764	20.729816764028797	27.41259586510355	0.0026059339889197906
52.0	22.99413630598345	25.93445014310601	21.73169338790472	29.339720163005822	0.0
53.0	22.986848409921528	25.044005351935045	24.195068195169885	27.772309539033923	0.0017685039396188541
54.0	24.186625359416734	27.733846763439544	22.120839179698145	25.958467645448067	2.21051997508744E-4
55.0	24.736355369565985	27.197884662923332	22.553755253028214	25.51012863297666	0.001876081505809231
56.0	27.319463065031364	24.6276158476367	24.784635670975607	23.268285416356324	0.0
57.0	23.01261116137432	27.574806364057636	22.97338747048569	26.4340644791138	0.0051305249685548475
58.0	25.78021054210953	24.82965991558016	21.34403180858364	28.045987409837803	1.1032388887295322E-4
59.0	28.04712781442306	22.701757888878653	24.403718201659437	24.84452796345559	0.002868131583258275
60.0	24.97715205609473	22.431230441609465	23.663367753898466	28.9281396378243	1.1011057303744421E-4
61.0	26.516476492942186	22.9419591664616	22.978347886068626	27.55743609816036	0.005780356367227691
62.0	25.836279186515164	21.526764787155457	25.080504084928645	27.556286804816267	1.651365844690143E-4
63.0	26.92023593026891	23.341872118572795	21.726511552128787	28.00862831955826	0.0027520794712484753
64.0	25.526937361032186	20.845528794844768	23.91180579293123	29.71567309605169	5.4955140119120765E-5
65.0	24.66830164397096	25.912448668837968	23.92525336561525	25.489160628002733	0.004835693573088487
66.0	25.415290880827136	23.593511401095355	22.811696885874753	28.178841444081964	6.593881207933098E-4
67.0	26.914835047094076	24.119410497073034	21.497120288531594	27.467809979703006	8.241875982843711E-4
68.0	24.556333307693155	21.820928980363284	26.892904629517705	26.729558366207705	2.747162181466545E-4
69.0	23.19298174288403	24.682405515537862	24.882277285545776	27.238984115193826	0.003351340838505478
70.0	26.9426633426752	22.888173154926765	24.052228819708592	26.11660535724675	3.2932544269572637E-4
71.0	24.377399067392062	22.92160213217585	25.806368605156006	26.893699448833857	9.307464422217245E-4
72.0	28.077430443421473	24.994663178118483	21.858965587077776	25.067462902245847	0.0014778891364201146
73.0	26.02360254905341	21.885960231921175	22.848887320128384	29.237883377249506	0.003666521647526876
74.0	25.01020154757203	24.672374427974887	23.96565059617516	26.35084352849924	9.298997786838527E-4
75.0	25.500803747283697	24.346733132382838	22.209295902064802	27.940760625517214	0.0024065927514520234
76.0	26.71641709416668	23.45766382638942	25.32076173391816	24.50444636470035	7.109808253940474E-4
77.0	24.65006321720908	23.90589385633725	23.796521522287893	27.64702922866255	4.921755032221089E-4
78.0	27.145238929787908	25.67692079710886	20.440364203265712	26.737202660383353	2.734094541708339E-4
79.0	27.910022171857868	20.772542983604854	21.832855358016726	29.481626883992796	0.0029526025277558307
80.0	24.170150511957146	22.46800028647076	28.49487496152599	24.864350080392224	0.002624159653873342
81.0	25.103347236875912	25.12444855051469	21.790714328666628	27.981161884248905	3.2799969386695244E-4
82.0	23.338209296910104	22.439217178260197	23.577743740782406	30.644009835015325	8.199490319681728E-4
83.0	25.637147729508737	22.053936465598287	24.057696932595814	28.25028968713789	9.291851592732678E-4
84.0	23.538821482227576	24.88953547789808	25.081471854705473	26.489078153410283	0.0010930317585842615
85.0	25.8152773800963	26.206632379844947	21.474089260851603	26.503618476414875	3.825027922703835E-4
86.0	25.768856103398857	23.95455730027443	22.615085975406878	27.659916223627295	0.001584397292538199
87.0	23.50984804623065	21.967806775106236	25.07330048830579	29.448061524344283	9.831660130433359E-4
88.0	24.43541987634424	27.100828977456114	25.722494895008385	22.74071011675808	5.461344331752639E-4
89.0	26.40441799240842	26.5870812056755	22.255150747663194	24.7524217210315	9.283332213872684E-4
90.0	24.702587007087242	25.230144256494818	25.15588656044904	24.9113821759689	0.0
91.0	26.285877445218535	25.152223059944195	24.546497300029973	24.015074627924967	3.2756688233306235E-4
92.0	25.560987805823377	24.4164121891544	23.045672754110853	26.97692725091137	0.0
93.0	26.232193611670763	25.559212160281923	21.36608302306172	26.8422928640167	2.1834096889896654E-4
94.0	28.554624921878624	23.040033622894136	22.773779600837297	25.627249827382464	0.004312027007480549
95.0	24.52964471748119	25.778340297516912	23.970381480074575	25.71885001462697	0.0027834903003549766
96.0	26.62376676891409	23.671379216069127	24.05031861141413	25.65349855905894	0.0010368445437147302
97.0	25.293104087961783	24.536118586029215	23.627397702744876	26.543215938926103	1.6368433802780015E-4
98.0	28.625554823307596	22.312025645166216	24.5193167981076	24.543102733418586	0.0
99.0	22.551235203279838	21.701765324195517	26.825967497263076	28.92103197526157	0.0
100.0	22.201964452249413	24.57517765694621	24.269765869141956	28.953092021662425	0.0
101.0	23.755881855803885	22.0211228823956	28.571070266026183	25.651924995774333	0.0
102.0	25.230175270652538	23.311143977500638	25.406530768446594	26.05214998340023	0.0
103.0	25.42424227564401	24.433630772868764	26.397527203539852	23.744545261862847	5.448608452644237E-5
104.0	26.721672287082487	26.138420218242835	23.489270362884554	23.650201299868705	4.358319214195045E-4
105.0	26.9573308520537	23.134246235043136	21.06681586304731	28.838447340723423	0.0031597091324310368
106.0	25.78169471730653	23.03469846992053	25.5017058079178	25.681846532304675	5.447255046473257E-5
107.0	25.867075400631727	23.48172271779763	23.94459868196369	26.706112980299174	4.902193077776561E-4
108.0	24.00640352204599	24.23050502037435	24.85904521983938	26.903991804536897	5.443320338313246E-5
109.0	26.739967206316674	23.893022716673133	25.795339335168748	23.57123537930145	4.3536253999213083E-4
110.0	24.631456148818096	23.317414292095997	23.67772837802617	28.37329235771756	1.0882334217160245E-4
111.0	24.42112261786748	23.337580809965864	25.217062015697888	27.02379928986253	4.352666062371529E-4
112.0	26.01573912120973	22.853824203863237	23.94386579583754	27.186516474937367	5.4404152124890175E-5
113.0	28.532679358109103	21.502518232569575	22.738241991868104	27.226125207676667	4.3520977655242044E-4
114.0	25.73110582305917	22.07696400534028	27.40935506439781	24.781976665110715	5.984420920229845E-4
115.0	27.669342206703014	22.773881955964306	26.530555617518736	23.025784966232482	4.352535814568916E-4
116.0	27.847192224034504	23.416576264067714	25.098935080959745	23.63713321661696	1.6321432107738862E-4
117.0	26.014951365355287	25.284139594677747	25.467481786830152	23.233046423657562	3.8082947924832967E-4
118.0	27.46138316097454	23.73758448156081	24.582141673870574	24.218401053683568	4.896299105119733E-4
119.0	27.161520784460507	20.718142172586536	25.380609584658977	26.739401034979522	3.264233144588119E-4
120.0	25.089520522532187	23.43571659396581	25.306643831815663	26.16811905168634	0.0
121.0	28.39184320091746	23.071143770030623	23.75923700427012	24.77744960484146	3.2641994034131555E-4
122.0	26.647629161439422	24.081537391887174	24.87109153561834	24.398980265770682	7.616452843820282E-4
123.0	24.706677902497436	27.99185275331349	22.76370971734342	24.537270008655362	4.896181902950058E-4
124.0	24.665341105365805	24.18525580522409	23.665621268458803	27.48367301975014	1.0880120116526087E-4
125.0	26.558679257702618	23.600304421786287	24.59054562546002	25.249926696147778	5.439989032982109E-4
126.0	23.310119427765077	24.125561806615583	25.5503828064056	27.013827161031102	1.0879818263515727E-4
127.0	26.738692535199238	21.90406354494128	27.38090899249913	23.975627760331303	7.071670290444378E-4
128.0	26.51584714673026	23.39390701904791	24.444653573495685	25.636779828451317	0.008812432274826037
129.0	23.979207452766094	25.996014906837704	22.557226557931536	27.46445047762914	0.0031006048355292325
130.0	26.134069071160006	24.372584772315832	24.075468249547416	25.417823509956833	5.439701991366105E-5
131.0	26.493959754908786	23.53617619412338	24.612258042055423	25.357279626792927	3.263821194819663E-4
132.0	26.55664475040539	23.959167976257113	23.099652353373468	26.379095291947557	0.005439628016477721
133.0	27.337838734629184	25.331187247944666	24.605550738528255	22.72351943498264	0.0019038439152604513
134.0	26.716752554608743	22.747195723335302	20.85787857327019	29.67811875490225	5.439388351658633E-5
135.0	26.60731351377519	22.41892382159896	26.75602275131671	24.217522343100605	2.1757020854648416E-4
136.0	28.404544814198168	24.823129403407467	25.539260186750983	21.227408782528716	0.005656813114668497
137.0	28.615431811024305	21.28810373233411	24.962673395336747	25.13351910061512	2.71960689714066E-4
138.0	25.29415315705807	23.909192806211603	26.677808275499753	24.11759491350932	0.0012508477212545676
139.0	25.914368192408343	22.98075437959142	25.481521202378126	25.622050995346857	0.0013052302752513112
140.0	27.202086628133372	20.482217325191595	26.21865000032631	26.096774123374715	2.719229740106899E-4
141.0	25.837993232314773	25.138111030500266	25.452511450788528	23.57111236076048	2.719256359524848E-4
142.0	28.956785624938817	22.611734122279387	23.393519475292866	25.03785200735286	1.0877013607144022E-4
143.0	26.510705133504175	25.004622720726754	24.016013104597487	24.4684958863224	1.631548491796574E-4
144.0	27.37214209576019	25.83088603189106	23.100241467075637	23.69596902260219	7.613826709304095E-4
145.0	28.519638448067695	21.907936956829133	22.567573447034384	27.004144142184323	7.070058844643615E-4
146.0	27.67207726168709	20.984446941326063	25.495040620251498	25.84392121117854	0.004513965556811248
147.0	26.11916677453074	23.98405642142909	26.450644845855898	23.44199867952624	0.00413327865803319
148.0	24.65009531112761	24.140717838272924	24.34036813753083	26.86816608337888	6.526296897561612E-4
149.0	28.025374821950393	24.161338095463414	24.037988266537877	23.7730145599571	0.002284256091213609
150.0	26.234576126642327	23.194644699550263	25.78897187956013	24.781807294247283	0.0
151.0	26.638108923352043	23.540884601118016	25.54130448261571	24.279266882553923	4.3511036030401156E-4
152.0	27.478577275459116	23.370798739247846	23.5128101230022	25.63770508298501	1.0877930582485989E-4
153.0	24.66211861378481	22.782851414862158	25.08265849518299	27.47182758082421	5.438953458331362E-4
154.0	23.47134192739197	24.3125995005866	24.767140752231235	27.445763171878816	0.0031546479113783252
155.0	27.2358988305684	23.392221920043514	23.97514277943976	25.396573293445744	1.6317650258362794E-4
156.0	25.95943179271617	22.902510981874197	26.528052460614287	24.609678408949982	3.263558453595462E-4
157.0	25.625456564934616	22.447574242965704	26.695049163510486	25.23164806139061	2.7196719858011364E-4
158.0	25.38669074531391	20.998030917853374	25.7900262181656	27.825088935063807	1.6318360331153925E-4
159.0	27.43904860282715	21.674714464985957	24.161291042003576	26.724456331650888	4.895585324340687E-4
160.0	27.449202392984233	20.06664585117065	25.92948986441279	26.554553099641314	1.087917910066178E-4
161.0	24.340312341911584	20.298198947981092	28.971099397836124	26.387016759411868	0.0033725528593264685
162.0	25.538571001943605	23.55982608194254	24.466025543738716	26.435577372375143	0.0
163.0	24.312652246806557	23.497441655270254	27.94584991116783	24.24405618675536	0.0
164.0	25.531198439384433	22.587146790233533	25.635264863465178	26.244594720301766	0.0017951866150885982
165.0	26.79041023604485	21.560920678268534	26.139233275849875	25.509000603848307	4.352059884344009E-4
166.0	25.034940230309022	23.74804081737018	25.740762804118734	25.476038536802715	2.1761139935554385E-4
167.0	26.694894968086754	22.69774137319461	26.67868264541583	23.92840899446605	2.72018836760408E-4
168.0	26.108756247701653	22.760999980416432	24.289334136984873	26.84080083730626	1.0879759078614964E-4
169.0	26.980202597803864	21.46604348966068	26.51461495864163	25.038921364157098	2.1758973672729806E-4
170.0	30.60163746176563	22.67179014901	23.65811852368423	23.068345071322767	1.0879421736975837E-4
171.0	25.633865026403335	23.195989564861698	26.808362035765803	24.361185027882883	5.983450862813614E-4
172.0	27.815797659783208	23.976998092238215	24.506092003280393	23.701003478347882	1.0876635030160909E-4
173.0	27.604654956767632	20.22926749687313	23.094893686442983	29.069389308825926	0.0017945510903257381
174.0	25.112542675943438	25.14033166236871	23.76164989357525	25.984986333909415	4.894342031848028E-4
175.0	25.544234612717702	24.074832429198786	23.647645851178094	26.73154681785428	0.0017402890511345871
176.0	24.649419361014303	23.84426953483616	28.098608554907255	23.406451640974097	0.0012509082681773289
177.0	22.966207623546204	25.825445399469775	24.4550064129691	26.72695981749963	0.026380746515293763
178.0	25.11670126597011	22.79562009257784	23.78171383756402	28.305692868047483	2.7193584054552506E-4
179.0	28.68567263787397	23.815517161668602	22.973982143488463	24.523685849408093	0.0011422075608701445
180.0	25.76846019021036	21.74236827973843	26.327042962244146	26.161855982031145	2.7258577592904047E-4
181.0	28.33848423736064	21.46169997293593	26.72549828448705	23.473717293942013	6.002112743685777E-4
182.0	25.362725315307742	23.12569639440942	25.15963187813957	26.351837280796047	1.0913134721556824E-4
183.0	24.26915454593075	23.842673429833596	26.355288889664923	25.53233748319394	5.456513767875539E-4
184.0	26.275091630457382	21.601433565803955	26.515347044389138	25.604417251026256	0.0037105083232703982
185.0	24.824291957421966	23.428339162079144	24.006994494972368	27.739937911581293	4.364739452334317E-4
186.0	27.286393061212017	22.91636656495947	25.58192449222791	24.215315881600603	0.0
187.0	25.082552080771514	22.25643447151912	28.62636179508284	24.034105131072263	5.465215542635786E-4
188.0	27.61699260029284	27.157564737189883	22.77217657639341	22.45293815759917	3.279285246987566E-4
189.0	25.699668217172906	23.231630327246094	25.197675880427	25.869932386267365	0.0010931888866417784
190.0	28.934011817163586	21.219237410850603	25.382303116969585	24.4641743373276	2.733176886288362E-4
191.0	26.987943229396283	22.950253156584672	24.587378042602598	25.473932675956835	4.928954596113245E-4
192.0	27.15663526993955	22.51449880263005	24.308362747224578	26.020448405734232	5.477447159067257E-5
193.0	27.46122107329814	23.324327463083602	22.5467768406706	26.667400721784347	2.7390116331302083E-4
194.0	28.174689693632377	23.038104493457517	24.249364815547256	24.53784099736285	0.0
195.0	26.584689828301183	20.97334529163706	25.039953846937728	27.40146315726612	5.47875857905109E-4
196.0	28.709506258803287	21.720925358016277	25.679831745106785	23.889681767576253	5.4870497395571835E-5
197.0	24.672515085242942	23.78422134352645	24.684094844263218	26.85872968397136	4.390429960294049E-4
198.0	27.703552605476645	23.14850889923578	24.172323538834455	24.97556000424231	5.49522108098692E-5
199.0	25.67276078564366	22.766841591811477	26.05913027775881	25.50088196626727	3.8537851878114686E-4
200.0	27.755287210327275	23.290703109644404	24.12871761922616	24.825237004333495	5.50564686670884E-5
201.0	25.58298692360633	20.699187887130073	28.788713007570543	24.928891947694424	2.2023399862353753E-4
202.0	25.786647299765384	23.96654033764702	28.37656656335328	21.87024579923432	0.0
203.0	26.893145583358123	24.027920096078624	22.995570687204577	26.082812723807002	5.509095516698069E-4
204.0	25.69420989907861	22.819683114441673	25.015523612695915	26.470528276666865	5.509711693316224E-5
205.0	27.141231668645705	24.071069038573327	25.401092649275007	23.38605563529869	5.510082072672473E-4
206.0	26.17567382889992	20.841966513547113	26.313988397005794	26.668316155141554	5.510540561986969E-5
207.0	26.2213627503443	23.130239932633472	27.153273729975076	23.494792926735045	3.306603121102686E-4
208.0	28.524570466055078	22.28064721665531	21.584893721628053	27.60988859566156	0.0
209.0	27.105954704795067	20.43449571143725	25.628234889424593	26.83054292394037	7.717704027153088E-4
210.0	25.132550235657114	23.342294993747423	25.049513357579073	26.475420863539423	2.2054947696691538E-4
211.0	24.839819773117075	24.988005095766212	25.825938773596874	24.345795165639977	4.4119187986345115E-4
212.0	28.63324514966855	21.88948444280154	24.804510884107906	24.672483662114036	2.758613079688056E-4
213.0	30.2675822534852	22.771293383230937	22.676065435125476	24.284838109727993	2.2081843038947402E-4
214.0	27.606601754022513	23.737145224777294	24.711829293557074	23.94442372764312	0.0
215.0	26.860166986602547	24.31446265163743	22.7957082096211	26.0293300387687	3.321133702200583E-4
216.0	26.52305786574575	24.03951179864657	25.747512205592827	23.68986223080337	5.5899211485722775E-5
217.0	29.93364650020799	22.438722216022015	25.32909013637076	22.29803385764548	5.072897537615536E-4
218.0	24.130472749531666	23.9445609711558	25.64228594118976	26.28239589537741	2.8444274537311207E-4
219.0	26.61935449066813	22.80459508892267	24.64244701053505	25.93314429123273	4.591186414220281E-4
220.0	26.854659802706237	21.608462915440512	25.362721463195843	26.173752778815768	4.0303984163988853E-4
221.0	25.50486600397154	22.329487231443476	24.376856231437685	27.7886168506736	1.7368247370157878E-4
222.0	25.332049879676223	24.13592941004886	24.57487056078174	25.956975133085393	1.7501640778823016E-4
223.0	30.82036312644742	22.675454852348565	24.229459937346405	22.274249939211376	4.721446462338202E-4
224.0	29.88997027150761	22.785948939865165	24.326791014495154	22.997230624724217	5.914940785527796E-5
225.0	30.55601635079896	19.50406540319584	24.174983277591974	25.764399851356373	5.351170568561873E-4
226.0	25.68626544423742	21.93491518991826	26.11378343211681	26.26497588906629	6.0044661219014705E-5
227.0	27.448112672914824	23.628788397652425	25.189878251235093	23.732493349488113	7.273287095430982E-4
228.0	28.25936440219078	27.68556927461247	22.99877465445134	21.056291668745413	0.0
229.0	27.307900722811894	25.089318242351695	22.712151873157378	24.89062916167903	0.0
230.0	26.309536300401792	22.178579584379996	27.705572665609203	23.806311449609005	0.0
231.0	24.421465690953443	25.062791263498717	24.643247053832667	25.87193451991042	5.614718047575378E-4
232.0	25.27122113417634	24.928037604473445	24.885516511938878	24.91509913318523	1.2561622609915768E-4
233.0	23.09574214844556	25.142938758668848	22.37652547886944	29.384349261263548	4.44352752606605E-4
234.0	27.1044017153739	21.306030921295406	26.758055385788467	24.830159565321832	0.0013524122203968235
235.0	26.00494840194804	21.066725128799384	28.42571133278003	24.502354144808614	2.6099166392625417E-4
236.0	29.066831842056327	22.465375042766265	24.41114907409797	24.056180808816766	4.632322626712222E-4
237.0	27.47176904212984	24.328751323274002	22.707114908909357	25.49223123020095	1.3349548585014597E-4
238.0	27.40558349978242	22.584145758048344	24.22645094504342	25.783819797125812	0.0
239.0	27.87112949421835	22.71606306062322	24.79872959598198	24.613462343353767	6.155058226850826E-4
240.0	25.24185685013778	21.18363597823783	27.250688899879883	26.323535646152756	2.826255917473327E-4
241.0	29.151614010381465	21.756003665712495	23.673284527933365	25.417257863059454	0.001839932913215318
242.0	26.839282270050713	23.456344523990516	21.266266919297927	28.437255358014045	8.509286467965373E-4
243.0	27.578891993146936	22.66046762922363	25.516716785031313	24.242217435503708	0.0017061570944144682
244.0	26.460855735686433	22.72363875778097	26.28963164375128	24.52452003100987	0.001353831771438995
245.0	29.438096326344056	20.1708992744101	24.143218305433354	26.246214934582646	0.001571159229846312
246.0	24.731868331590988	26.69002197431059	23.80001731612883	24.776303521685588	0.0017888562840016858
247.0	26.025744167337088	22.828051373405355	24.95955924606367	26.047580737846225	0.1390644753476612
248.0	25.855336924102623	22.62155885608418	24.731357571145924	26.782540777335146	0.009205871332125541
249.0	25.100416676889946	21.910969412423523	28.645561965352456	24.328907735006776	0.014144210327294139
250.0	28.52514722922625	22.042070453036374	23.685931236609772	25.745404466278682	0.0014466148489227781
