# Position (bp)	A	C	G	T	N
0.0	24.470341573041235	23.33176476892702	25.092598329730105	27.105295328301647	0.0
1.0	22.873590712230687	30.295527828965213	24.291597791909815	22.465019195845734	0.07426447104854886
2.0	24.85766586335057	26.003065632712158	22.284345925648914	26.854156669615968	7.659086723838974E-4
3.0	25.803366042667413	22.014954422746904	24.62302863990876	27.551730631414134	0.006920263262784355
4.0	25.89548879629205	23.256512086680218	24.519401786290125	26.328497597424487	9.97333131207152E-5
5.0	28.901319330602345	23.548987034479644	22.47181982485739	25.077276121719894	5.976883407275129E-4
6.0	26.318077806995305	23.629181517069057	24.22624639820784	25.82135773687324	0.005136540854554703
7.0	26.4814210899883	25.083430296591807	22.675312768523177	25.75894283478453	8.930101121819148E-4
8.0	28.27902877335679	23.947791038716034	23.396520392887616	24.376560764384617	9.903065493923644E-5
9.0	26.507340004507196	25.48857584539535	21.55997005747331	26.443817566721624	2.9652590252600533E-4
10.0	24.84614662938085	24.514063654723245	22.897825560974326	27.74196415492158	0.0
11.0	27.27528035978172	22.314591503163445	22.82621212024284	27.583724099106306	1.9191770568780105E-4
12.0	28.445120920861417	24.66299798583674	20.162731252126054	26.7290866715581	6.31696176879983E-5
13.0	26.11964015669468	22.864242070048064	24.48129541591897	26.53463504301361	1.8731432467566526E-4
14.0	25.70714812500561	22.33890807174957	23.76030698354132	28.19357492286881	6.189683468871927E-5
15.0	25.726164257489664	24.095707742485917	23.518939931593717	26.6591880684307	0.0
16.0	26.734443422085835	24.673922468819402	21.12127314156883	27.47030075006865	6.02174572817358E-5
17.0	28.27677700868093	26.416472427465365	19.168461684475364	26.137257259948054	0.001031619430286696
18.0	25.982180912221292	25.33263224806701	19.672823620910112	29.012275339032822	8.787976875903514E-5
19.0	25.09638498776512	24.44980903569579	22.212349277411107	28.240932471969867	5.242271581121531E-4
20.0	22.710375087612274	25.261708212200258	23.988747429509377	28.03911139303952	5.7877638569195326E-5
21.0	24.11686127550802	24.236307438389833	22.901941222833326	28.74448779088962	4.0227237920263296E-4
22.0	22.36782732786909	27.198158000163204	25.1013705531942	25.33258725288573	5.6865887774601816E-5
23.0	25.467345941590885	23.900759654783695	22.486732793680435	28.144935134642395	2.2647530258515896E-4
24.0	28.751898570702632	21.397319962154924	23.610330470620937	26.240394846556182	5.614996532739641E-5
25.0	25.435816054628823	24.610949293458052	19.84232999620927	30.11062653885529	2.7811684856899146E-4
26.0	26.533973941828293	25.165104068406922	19.526812945034383	28.774025935169554	8.310956084076956E-5
27.0	26.164672259942208	24.722397655080727	19.43250963575532	29.680337531284245	8.291793749922264E-5
28.0	27.700889002555307	24.145042723272546	22.266759785695083	25.88498597749842	0.0023225109786460143
29.0	27.920380609796112	23.658272705867624	21.919419818793624	26.50157462969852	3.5223584411558863E-4
30.0	23.69960605289532	24.31091534198837	24.929352582927667	27.059857042873688	2.689793149527215E-4
31.0	26.338765968011618	24.79633980780402	22.227772134127413	26.636666788973034	4.553010839111863E-4
32.0	24.633062997124078	21.831394415033913	24.276419902245706	29.25888375543002	2.3893016628743138E-4
33.0	24.334912155829702	24.62361412937096	24.269856996884656	26.771485346430545	1.3137148413781287E-4
34.0	26.603563343772358	26.49455958650512	22.146816227536874	24.754982647237828	7.819494782442106E-5
35.0	24.836954136493308	22.437620209374074	25.71591217132014	27.009203681472588	3.0980133989079504E-4
36.0	24.248020318657886	24.311658000213587	25.533439576704946	25.906649944255765	2.3216016781568753E-4
37.0	25.34090340627496	25.527258605938304	21.194648483088788	27.937189504697947	0.0
38.0	27.20356976394062	25.1778024575254	20.854111755946857	26.76436134450315	1.5467808397163824E-4
39.0	23.97503261781203	27.0842279282702	21.301841185922303	27.63861474691104	2.8352108443206346E-4
40.0	26.987397072743807	25.455603951148998	22.580044939951637	24.976902493602925	5.154255262945621E-5
41.0	24.43986857149189	24.448810162801383	21.264856376655903	29.841568916864077	0.004895972186755055
42.0	24.489386299931233	25.451494822557052	19.77170245104367	30.287339130049425	7.729641862503584E-5
43.0	25.51549519149393	25.59752408761531	22.600944620447606	26.282377776558334	0.0036583238848102015
44.0	29.138796998911403	24.80712549889775	21.758484803678872	24.295438141315767	1.54557196208815E-4
45.0	25.85559321876746	24.059091493273808	21.686025832310193	28.395683677440474	0.003605778208067311
46.0	25.882578056853887	24.021142573560297	22.190405233518355	27.90587413606746	0.0
47.0	26.373821913218855	23.908991017711955	22.486827599863933	27.228840146380318	0.0015193228249413065
48.0	23.024729702699357	23.379393948131032	22.589746632723383	31.006129716446228	0.0
49.0	21.79399626185353	25.95046402490931	24.286445705365995	27.967420825661364	0.00167318220980006
50.0	27.563572268041074	24.014840264332555	19.934488273936413	28.486996236396124	1.0295729382930606E-4
51.0	25.095935860723085	26.302008740322453	21.183816737864188	27.415999664407853	0.002238996682424571
52.0	22.923412698616627	25.25760613228758	21.735323092640567	30.083658076455226	0.0
53.0	23.168911848510962	24.93330641389761	23.296462770753898	28.59993365915428	0.0013853076832499112
54.0	23.739193942990042	28.423300115105558	21.958739005392545	25.878638670901484	1.2826561037371212E-4
55.0	24.634547782402226	27.16864167928171	22.62149162926956	25.574090046443327	0.0012288626031764563
56.0	27.248832261653256	25.130225832289554	24.109409921916978	23.51153198414021	0.0
57.0	23.106013970835352	27.60833335679638	22.553369681429018	26.727266165376584	0.005016825562671542
58.0	25.6002391435875	25.067233540707136	21.240680207899317	28.09159117502833	2.5593277772033513E-4
59.0	27.88098533301668	21.784482970412167	24.335031242066645	25.996557435448075	0.0029430190564322624
60.0	23.953427588361855	22.753910267039448	23.281070395920686	30.011566199309094	2.5549368917813045E-5
61.0	25.99722099667557	23.35274820640857	22.94946316798715	27.694461894468898	0.006105734459820052
62.0	25.61245520583093	21.617612346892585	24.438610402363274	28.3311687714519	1.5327346131326747E-4
63.0	26.85733845413059	23.829690491486698	22.134641886912462	27.175851362345792	0.0024778051244586188
64.0	25.32034436971931	21.689243584633672	23.35986156257722	29.630524982512995	2.550055680465783E-5
65.0	24.245814015989687	26.098723589147575	23.255319398497313	26.395196260471653	0.004946735893770632
66.0	24.966515304539257	23.249533840514175	23.302976765841198	28.48046413752782	5.099515775479539E-4
67.0	26.97685328601241	24.774339616868787	20.815827013465814	27.432317182773247	6.62900879745956E-4
68.0	24.864973320997265	21.933406129401767	26.01160063053667	27.18984145566982	1.7846339448084107E-4
69.0	23.870685666284686	24.14318801489343	24.876030424202717	27.10718961080016	0.0029062838190099002
70.0	26.603217165685226	22.92247736168074	23.91113675207365	26.562888661503564	2.8005905681710846E-4
71.0	24.273080733180873	22.763435267897407	25.831126929074	27.131340781540953	0.0010162883067645929
72.0	28.08900046719605	24.916792611443025	21.649113153156723	25.34367109397805	0.0014226742261477868
73.0	25.571675083758127	22.614630319869796	22.596823224313773	29.212959399568106	0.003911972490196571
74.0	24.91556338784809	25.55224478070357	23.522921266748572	26.008635559720062	6.35004979709051E-4
75.0	26.025494104475637	24.941253024973943	21.425273238200315	27.605795352258344	0.002184280091760083
76.0	27.16769803001769	24.018748674551	24.98538990106277	23.82732526613746	8.381282310795726E-4
77.0	25.42012036889832	24.680779629628688	23.12598506385423	26.77232764842814	7.872891906209985E-4
78.0	27.432871397360337	26.444300141478422	19.923493468146276	26.198725500628157	6.094923868052009E-4
79.0	27.457714493951595	20.802399300119482	22.803839184928698	28.933278988474576	0.0027680325256519162
80.0	25.07022038573789	22.72550323657509	27.39667934582356	24.80528619013047	0.002310841732989094
81.0	25.376594956422068	25.008068576936644	21.329051422291414	28.285675616036805	6.094283130744973E-4
82.0	22.542203357681693	22.68119899864229	23.689615674767467	31.085915506190183	0.0010664627183677635
83.0	25.609266239863338	21.891410426398767	23.69466888548877	28.803461078105823	0.0011933701433009024
84.0	23.504038924794955	25.56148366759151	24.655950025795498	26.277537200355855	9.90181462178115E-4
85.0	25.580125940536348	26.665139991616826	21.115693110895766	26.63833008830258	7.108686484838314E-4
86.0	26.175954937403752	24.37189233760187	22.181772577882914	27.268653844298658	0.001726302812807339
87.0	22.43977406086527	22.595766598608733	24.79098396132705	30.172383812213926	0.0010915669850234471
88.0	25.467717574788356	26.559519729911536	25.29388620238866	22.678267270811915	6.092220995316604E-4
89.0	26.79178357720614	25.897586113591608	22.844171344357402	24.465139041258276	0.0013199235865775955
90.0	24.28205782930208	25.17354933065164	24.496383320786173	26.04780646337049	2.0305588961069617E-4
91.0	27.09548698313174	24.903382053262398	23.626200284619074	24.374626110690777	3.045682960139878E-4
92.0	26.17284614861415	23.35264009030913	22.62639064991914	27.848072352879672	5.0758277913753565E-5
93.0	26.772560571257593	26.03133369319902	20.97636281364211	26.219336867529076	4.0605437220314194E-4
94.0	28.180098486363462	23.081028432328946	22.721830331810324	26.012982293365926	0.0040604561313395135
95.0	24.453869990567405	26.304023939556277	23.161906424696195	26.077255924301713	0.002943720878416461
96.0	26.779251651827835	24.431471285170016	23.073112825715477	25.715301465240692	8.62772045982705E-4
97.0	25.94091086134339	25.20429485447203	23.275619481882114	25.578971807881008	2.0299442145955526E-4
98.0	28.935940450034902	22.87196590040346	23.416653113130877	24.775389789962908	5.0746467855538E-5
99.0	22.749300925857803	21.672541544868864	26.293915073971707	29.284217085164	2.537013762284855E-5
100.0	22.94927590462769	24.601560448676562	24.10866567812036	28.34049796857539	0.0
101.0	23.80866614646382	21.677897704038404	28.70847467258169	25.804860006920254	1.0146999582958316E-4
102.0	24.93303116705004	24.599271543491117	24.40392728221081	26.06377000724803	0.0
103.0	25.949721088433648	25.792375952143537	24.2547159784582	24.00306015109496	1.2682986965186977E-4
104.0	26.470198059005014	26.08424134368537	23.117021538342907	24.328158581132207	3.8047783450279537E-4
105.0	27.70427439144726	22.579778612163395	20.996052480048057	28.716749082116632	0.0031454342246580733
106.0	26.009180862794118	23.140421238094923	24.398686969714113	26.45160946658208	1.0146281476618783E-4
107.0	26.021442317618927	23.954752331770237	22.370637514137997	27.652381511625812	7.863248470281105E-4
108.0	24.627550615404083	24.38408234908328	24.209267061609392	26.77899852879228	1.0144511096700269E-4
109.0	26.305500392684134	24.621510569758428	25.430133035855345	23.642120590671993	7.354110301003735E-4
110.0	25.247847625693794	24.252044857022298	22.337070742315557	28.1629860592684	5.0715699957804545E-5
111.0	25.57619334048102	23.581020563625724	23.753812633955697	27.088288785404117	6.846765334472094E-4
112.0	26.674290756762787	23.339021817407268	23.259729589922003	26.726831049487277	1.2678642066720085E-4
113.0	28.954252625189188	21.474127436634262	22.55605048010668	27.014681991606597	8.874664632762575E-4
114.0	27.123404171157894	21.8253373588955	26.477934842995214	24.573120776753974	2.028501974112765E-4
115.0	27.471479732092437	23.291668346604204	26.284492921313756	22.95164898865224	7.100113373596047E-4
116.0	27.0909801373908	24.090783111343043	24.287099155323723	24.531036166831615	1.0142911081409287E-4
117.0	26.092336685487723	26.838349308873315	23.83297330152172	23.2356053415721	7.353625451455549E-4
118.0	27.457449794649918	24.061927813430508	24.83418713088776	23.646156338898507	2.789221333080444E-4
119.0	27.93504075674212	21.085559997585985	24.168573110845255	26.810293632129895	5.325026967458E-4
120.0	25.3407765414693	23.523927133308316	24.592635230396283	26.542585022973697	7.60718524003205E-5
121.0	28.18616145769015	22.421796887064616	24.261178022466222	25.130153623242062	7.100095369495302E-4
122.0	27.17131967113139	23.664177304840447	24.326265898938047	24.83793283312806	3.042919620517494E-4
123.0	24.62815227746508	28.00817117889491	22.472998772446715	24.88986633336858	8.114378247177655E-4
124.0	24.92893631933495	24.788761465912508	22.378149560077144	27.903975153956516	1.7750071887791147E-4
125.0	27.425123159204762	23.455501922571734	24.046473391830364	25.0718872442868	0.0010142821063393646
126.0	24.83387914541423	23.643894702009423	25.05826433026132	26.46373360820455	2.282141104784509E-4
127.0	26.664876476906553	22.357187992238792	27.216158567199056	23.760813405427776	9.635582278237075E-4
128.0	26.268741189957634	22.983183358170713	24.69403367892662	26.045192109954908	0.00884966299012616
129.0	24.477810330548962	26.351262601802073	22.17425238647538	26.99284577204754	0.0038289091260400813
130.0	26.07213341890639	24.269038842339594	23.36943140154108	26.289396337212946	0.0
131.0	25.64484035163036	24.176324363717878	23.932687438523388	26.245437830109903	7.100160184685309E-4
132.0	25.802827901692886	25.594386797715767	22.132920508373143	26.464007140756067	0.005857651462130664
133.0	27.253803367274877	25.303071221451766	23.803456027508243	23.636956089001142	0.0027132947639750527
134.0	26.592370497308792	22.782031379561648	20.944515981140007	29.68103142672684	5.0715262707596594E-5
135.0	26.24247581789108	23.14633415305438	26.32105847980205	24.28964975816623	4.8179108625632605E-4
136.0	28.25303131080277	25.6441654319629	24.4575565772414	21.639313001779342	0.0059336782135875656
137.0	28.5596335277016	21.131849642897443	24.645008488555348	25.663280119790695	2.282210549137895E-4
138.0	25.765869340148555	23.69579389617065	26.534407479636617	24.00286429998471	0.0010649840594707384
139.0	26.3105926098354	23.521949329483117	24.632893083961807	25.532764625067895	0.001800351651784605
140.0	27.02193502056979	21.131044149984987	25.55846769285697	26.288350278726703	2.0285786155356666E-4
141.0	25.802199719342305	24.77301162340748	25.176095713706836	24.24813507678529	5.578667580891948E-4
142.0	28.611127945841925	22.359478107003127	23.59211850591102	25.43699650595514	2.7893528878804395E-4
143.0	27.220709206909493	24.63728204972157	23.89409569018856	24.24778626418769	1.2678899268681092E-4
144.0	28.778958899663245	24.751110682841727	22.28737270256015	24.18220270215442	3.550127804600966E-4
145.0	28.457172996850545	22.11388752237837	22.832353672081428	26.595977218438254	6.085902513984897E-4
146.0	27.98771666681459	21.960819615803505	23.686090342343395	26.360885039006682	0.0044883360318291494
147.0	26.75930194404253	24.002355185744737	25.772953805597776	23.461052966829104	0.0043360977858515415
148.0	25.084567743453672	24.25296380145573	24.09024379853453	26.57179357660443	4.31079951637901E-4
149.0	28.03737369792789	24.81948877171219	23.25439036475516	23.88588170675858	0.002865458846178619
150.0	25.989458589398488	24.090914277817014	24.718682285637485	25.200868772497493	7.607464951775011E-5
151.0	27.002940871417962	23.646310318358143	25.027406629171	24.322708208599252	6.339724536433002E-4
152.0	27.547662357851056	23.884725298106083	22.609984350714413	25.957425118130423	2.028751980252128E-4
153.0	25.861259641439265	23.07192136465594	24.37885863618093	26.68717420716082	7.861505630486412E-4
154.0	23.263859566369067	24.330958367727856	24.98080880702675	27.422116217350563	0.0022570415257600713
155.0	27.613301525836658	23.047711752254564	23.90226346894128	25.4365964423014	1.2681066609584958E-4
156.0	26.807882393104123	22.91188258383336	25.6272886874734	24.652641980418803	3.0435517030954443E-4
157.0	25.838252093474367	22.388965203787834	26.6030778689273	25.169349749716442	3.5508409405873295E-4
158.0	26.121314344413022	20.980457306633863	25.585684755177358	27.312391411867655	1.5218190810749115E-4
159.0	27.033489364238527	21.45038990816962	24.009262934691492	27.506198328765695	6.594641346625762E-4
160.0	26.7358744641439	21.074778764765608	25.457048696989208	26.732247345164506	5.072893677475058E-5
161.0	24.678133904615322	20.125565697513085	28.335173969265014	26.857270985405624	0.0038554432009512796
162.0	25.397476039829787	22.704150999295855	24.929129032847197	26.969218562613	2.536541415633618E-5
163.0	25.502969086495415	23.616324522041758	26.97906546702551	23.90159019250233	5.073193499209851E-5
164.0	26.254539292849454	23.113790014012324	24.338523947274698	26.291548671264387	0.001598074599136938
165.0	26.894645159670095	22.18375143990622	25.775722921074745	25.145170197486262	7.102818626735973E-4
166.0	25.357937331191255	23.668346794907407	25.18312586045372	25.790387068771103	2.029446765201381E-4
167.0	26.495442886211812	22.495908656296432	26.398305976951487	24.609758999497444	5.834810428277622E-4
168.0	26.78501978964951	23.764856190477882	24.34201730367072	25.107903758447797	2.0295775408978904E-4
169.0	27.461825558653302	21.990360710954015	25.204784785379047	25.342699127785657	3.2981722797753284E-4
170.0	31.239423383816934	22.24700987802038	22.713002584309745	23.800386555500246	1.7759835269916512E-4
171.0	25.518514863115932	22.96348430418524	26.434864151097543	25.082324787556505	8.118940447825532E-4
172.0	27.954566267208815	24.821053181647414	23.44688468790564	23.777394394297648	1.0146894048415399E-4
173.0	28.475378689404813	20.476708727908463	23.0098182914788	28.036826138553796	0.0012681526541293714
174.0	25.201843220725884	24.876910637071788	23.67465246848324	26.24618785673849	4.058169805999192E-4
175.0	26.576567093652137	23.700014279913184	22.727635893157842	26.994007255616282	0.0017754776605596152
176.0	25.455065211513183	23.344296193031557	27.868340164194315	23.331004803670453	0.0012936275904892498
177.0	23.201774924873657	25.543920816351793	24.047127035691798	27.182646689798595	0.024530533284153885
178.0	25.48829539249411	22.477629754525218	24.075662040316534	27.958159188951946	2.536237121938984E-4
179.0	28.366426487238904	23.72056770543762	23.02095465742473	24.891087320879986	9.638290187611855E-4
180.0	27.07813855349881	22.038286104519372	24.946253010759058	25.937093593592703	2.2873763005958105E-4
181.0	28.925362423946314	21.881423689306555	25.29962160827932	23.892727092287373	8.651861804320332E-4
182.0	26.11569549895541	22.26977061778824	25.175183655359866	26.439223025126108	1.2720277037457653E-4
183.0	24.44999891878553	23.497690653091702	25.959043595839486	26.09268170445193	5.851278313508948E-4
184.0	26.56918859978294	22.208498212260427	25.978219444968815	25.24053200198847	0.0035617409993532892
185.0	25.80817885548525	24.20118189671224	23.073440188354613	26.91656313878231	6.359206655901802E-4
186.0	27.58836214188158	23.16523732615089	24.851751445599884	24.39462364798158	2.5438386066683674E-5
187.0	25.416544780538718	22.682159030564456	27.170329026293764	24.730202719988746	7.644426143122003E-4
188.0	28.233474017584427	27.606663754786382	21.3231692741926	22.836361671840606	3.312815959822168E-4
189.0	25.823793279377938	23.100029510838734	24.534108464309977	26.54099840417209	0.0010703413012597917
190.0	28.869185896114217	21.756713602651367	24.85722069886355	24.516599455668647	2.803467022180266E-4
191.0	27.46215050963755	23.147423477788074	24.1047711672525	25.285220893990797	4.3395133108189174E-4
192.0	27.71891827864429	22.59727389553558	23.949119251881047	25.734586461174942	1.021127641465747E-4
193.0	27.912538880104897	23.656132774074262	21.927804722622703	26.503293846660924	2.297765372114166E-4
194.0	27.853870436355354	22.61496621148942	24.07825841853226	25.452904933622968	0.0
195.0	26.786647239343697	20.77160791740017	24.645121949351072	27.79588236766158	7.405262434840074E-4
196.0	28.924972749463944	22.03276205292489	25.601737893341657	23.440373780122716	1.5352414678955421E-4
197.0	26.259389650035686	23.625259012694915	23.02932188768273	27.08521053826274	8.189113239313783E-4
198.0	28.2176229418904	22.71458359766593	24.0400016917286	25.0276123429544	1.794257606691043E-4
199.0	26.229676116873335	22.857504465644954	25.55981653759639	25.352489439821486	5.134400638308687E-4
200.0	28.251635358716022	23.46195151394718	23.281387475330657	25.004948630519458	7.702148668414027E-5
201.0	26.329498929067885	20.787277603782332	28.211422693901362	24.671338611223657	4.6216202476264133E-4
202.0	25.705937529770072	25.018443002328194	27.77247818744253	21.50311560276713	2.567769206849473E-5
203.0	26.540112230459005	23.988894593935793	22.30161056128329	27.168663418814	7.191955079048577E-4
204.0	25.39918748370408	22.810797758451724	24.508091126155808	27.281795190920775	1.2844076761340357E-4
205.0	27.439449362401096	24.2285270372299	25.00753342644897	23.32348828600355	0.0010018879164867336
206.0	26.24346000363804	21.310650726426466	25.3312005228914	27.11458597750786	1.0276953623191386E-4
207.0	26.670026102870697	23.222689505350857	26.31576918668923	23.791206842765536	3.083623236745688E-4
208.0	29.404098203078178	21.7104323036766	21.099901410376482	27.785568082868746	0.0
209.0	27.576829936305895	19.882307670359687	25.39009072020683	27.150051936695068	7.197364325184118E-4
210.0	25.016762166453454	24.231305556812433	24.751549729131618	25.999971206094436	4.113415080602368E-4
211.0	25.687045720758654	25.40844469188408	24.99411759411528	23.9096462456107	7.457476312869418E-4
212.0	29.367839717722745	21.710045322622054	24.087283477591566	24.834471329544186	3.601525194469498E-4
213.0	30.622744657960165	22.306561790580716	22.30007567139055	24.77025754011356	3.603399550089828E-4
214.0	28.117332965204056	24.398214229604495	24.09945259657341	23.384948697991653	5.151062638467003E-5
215.0	26.085721992702698	24.46921620480971	22.588799533303135	26.855875075986663	3.8719319778990124E-4
216.0	26.633114354495497	24.116690941657655	25.172209948610696	24.077906560920148	7.81943160030402E-5
217.0	29.682702687086177	22.567846890454817	25.14147189603595	22.6072693941121	7.091323109571447E-4
218.0	24.489688168342877	24.070571436227635	25.46832587048903	25.971043085157614	3.714397828456904E-4
219.0	26.933440529615293	23.191812116748313	23.578355700387103	26.29572256859991	6.690846493782331E-4
220.0	28.127872815787164	21.36291282270542	24.79206957145746	25.716768797799695	3.759922502625903E-4
221.0	25.810210933875922	21.841661835686036	24.303296812743614	28.044613903156296	2.1651453813930653E-4
222.0	25.45668487965399	24.349521219886203	24.228440974472157	25.96516186157875	1.9106440890403816E-4
223.0	31.05932792891072	22.581011131991723	23.257962542978852	23.10084268360278	8.557125159272943E-4
224.0	31.128171308181223	22.253626091036242	23.827467999221007	22.790623948798753	1.1065276277818104E-4
225.0	31.29378587403999	19.58163304698442	24.261495037381074	24.862002894502304	0.001083147092208312
226.0	26.208352536713914	21.773417802931046	25.310743698131567	26.70714893762826	3.370245952123971E-4
227.0	27.228939546909803	23.60764467578662	25.16436166220864	23.997723079450083	0.00133103564485137
228.0	28.067325530484567	27.661412768727306	22.574160585893594	21.69693041987277	1.7069502176503775E-4
229.0	28.126156563312104	25.48019791470021	21.461741100810148	24.931847041292286	5.737988525170547E-5
230.0	26.55952459076582	22.641925620171587	26.44270172181471	24.35584806724788	0.0
231.0	25.709499584726725	24.697766833937237	24.56743221179786	25.023837593458442	0.0014637760797324686
232.0	25.38708755681634	24.935119642031278	24.098995201357408	25.57856193901688	2.3566077809297406E-4
233.0	23.709294753963796	25.506624674680488	22.034053452109195	28.74967048257993	3.566366665884047E-4
234.0	28.116548217222697	20.57205800250479	26.08860320190726	25.221643806678433	0.0011467716868106166
235.0	26.015345864528637	21.42778274950603	28.456982960087696	24.099705417475718	1.8300840191573194E-4
236.0	29.391825636679155	23.0763520055432	23.974709152156496	23.55674200922423	3.7119639692030724E-4
237.0	28.435351089739257	24.601627419561375	21.62937617868278	25.333489530383808	1.557816327846808E-4
238.0	27.30273604485301	22.345075879303327	24.378069129465505	25.97408740950099	3.1536877174270574E-5
239.0	28.451166140026217	23.373479355641173	23.782326915185607	24.391877974826638	0.001149614320362384
240.0	25.888118766020728	21.71431124373912	26.135580826272964	26.261890612768358	9.855119882605813E-5
241.0	29.34088307655874	21.8136158511716	22.70994776796874	26.133217993079583	0.002335311221334877
242.0	27.176176998069444	23.55242084209423	21.21212021328738	28.058227178022843	0.0010547685261027193
243.0	28.57432151409729	23.558053312921963	23.8815012928339	23.98371230803638	0.0024115721104658594
244.0	26.90846358730748	23.03879269684064	25.458913356986084	24.592671883776482	0.0011584750893101545
245.0	28.999248643310004	20.930992003228443	23.315022885846883	26.752745239637648	0.001991227977018574
246.0	24.965949690314222	25.747984823385522	23.352611609717794	25.931027054413008	0.002426822169452692
247.0	26.003962512380767	22.953787457552245	25.024428385767607	25.88512711922285	0.1326945250765334
248.0	27.171486187834248	22.23034573941165	24.015110631408525	26.573618299793804	0.009439141551768188
249.0	25.783996502553126	21.56690842165659	28.640668799680785	23.992793545523384	0.015632730586123626
250.0	28.25175890202514	21.945105953446838	23.645453389641457	26.156272821781034	0.0014089331055334507
