# Position (bp)	A	C	G	T	N
0.0	24.108487857601244	23.590367142905393	25.727024014591144	26.574120984902216	0.0
1.0	23.152831965558992	29.326651419346163	25.04708731333244	22.40010762814476	0.07332167361765102
2.0	23.975294401673864	25.745057539097076	21.370610799645913	28.908366640736073	6.706188470720782E-4
3.0	25.743350555879456	21.69035604430952	23.919905108461833	28.637006359609448	0.009381931739745213
4.0	26.13249050817268	22.422140231285866	25.648357093592434	25.79634254950147	6.696174475522135E-4
5.0	28.71791784560432	23.89982541689242	22.236938039719327	25.14464979698861	6.689007953230456E-4
6.0	28.3031817424621	23.764117941029486	23.88005997001499	24.047976011994002	0.004664334499416958
7.0	26.688308232664575	24.40995689425789	22.399020807833537	26.498722792826353	0.003991272417646746
8.0	28.50989723887641	25.381199898967072	23.462238942876514	22.64666391928001	0.0
9.0	27.258027104940524	25.473342390403925	22.20219357831605	25.065111501375124	0.001325424964379204
10.0	25.09882862421285	23.287136055728087	22.928240817380594	28.68579450267847	0.0
11.0	25.907197520100745	23.861926442571605	22.559979334172883	27.66895928186251	0.001937421292260002
12.0	28.21649662362885	25.887215787489858	19.584869257453892	26.311418331427404	0.0
13.0	25.032914725541826	23.635937816487747	24.692373911282157	26.63877354668827	0.0
14.0	23.493200971379448	23.974498151994528	24.197262818380906	28.335038058245114	0.0
15.0	24.252935062698718	26.011820200119306	22.63365374562585	27.101590991556122	0.0
16.0	27.303319413539796	24.90870850733075	19.125796323955253	28.66156612917975	6.096259944524035E-4
17.0	25.698901725859365	26.303903389911092	19.54428754813864	28.450530119336282	0.0023772167546236866
18.0	24.023505419567023	26.748908129645237	20.691606301904365	28.53598014888337	0.0
19.0	24.271844660194176	25.17826695806552	24.22965823133397	26.31964422778328	5.859226230583989E-4
20.0	22.192074673159983	25.855581644780706	23.83395657593414	28.11838710612517	0.0
21.0	22.955313426660233	22.933475852240075	22.91681033491943	31.194400386180266	0.0
22.0	23.545268425841677	26.599749772520475	23.436078252957234	26.418903548680618	0.0
23.0	24.45237516189787	24.75439598662964	22.86195838447138	27.93070488493233	5.655820687860912E-4
24.0	27.530804677602	22.013431848504894	22.963079234451904	27.4926842394412	0.0
25.0	24.94431701992428	24.474535054024926	20.1823859397021	30.398209301682925	5.526846657639484E-4
26.0	25.922823876879676	26.557601071186514	19.883624181043746	27.635950870890063	0.0
27.0	23.498849714354904	24.559974462557925	21.85487688090966	30.086298942177507	0.0
28.0	27.71960124174719	24.26872458571991	22.826942416160204	25.180905950767347	0.003825805605351755
29.0	27.524339813096283	23.721684955444847	22.984706891124787	25.769268340334083	0.0
30.0	24.459439066979975	23.12285769719965	25.639187703451398	26.778515532368985	0.0
31.0	28.94855668440574	22.945761436327476	21.865290544535828	26.2398537870236	5.375477073590281E-4
32.0	23.679730138272312	22.670400602521468	24.440307413241683	29.209561845964537	0.0
33.0	25.319014861103817	24.120674263508903	25.575277004673637	24.98503387071365	0.0
34.0	28.251362127632923	25.504143790576787	21.66565768323487	24.578836398555413	0.0
35.0	27.14829211810438	22.78554296584236	25.999710528492265	24.066454387560995	0.0
36.0	24.823753621766233	24.472552047556825	26.790482437338923	23.913211893338016	0.0
37.0	25.04465530236544	26.180913342901096	20.48413575211919	28.290295602614275	0.0
38.0	27.042622815438772	24.60179823067315	20.746750900663756	27.60779577384823	0.001032279376090345
39.0	22.94131914520299	25.82762660171228	22.50318665269872	28.72786760038601	0.0
40.0	26.82754421810827	25.491197655459928	22.481580087920253	25.199678038511546	0.0
41.0	22.730133509419943	25.28115391758321	21.41980148985782	30.56323641691257	0.005674666226450135
42.0	24.752143277176547	25.30253479279075	20.093159051283905	29.8521628787488	0.0
43.0	23.682201728868808	25.085618204699717	25.59107507581853	25.636978812073195	0.0041261785397454145
44.0	30.058527781358773	24.316617248936446	21.26543766920201	24.358901637230886	5.156632718834602E-4
45.0	25.36386180727053	24.385314573548293	23.415531988389418	26.83116709029135	0.004124540500409876
46.0	24.98041075552623	24.969069613988783	22.294106730451997	27.756412900032995	0.0
47.0	27.513350240201234	21.52326756149358	22.317065627512836	28.644770210923486	0.0015463598688686834
48.0	20.83925884704961	23.55932727385148	24.67023228013768	30.93118159896123	0.0
49.0	19.474470606419704	26.94265546911227	23.308259055077542	30.272038744912155	0.002576124478334793
50.0	24.816724796117605	24.269088698501342	21.483511671397736	29.430674833983318	0.0
51.0	23.452052254182806	28.2952484958378	21.212292920135166	27.037315585593007	0.003090744251215693
52.0	21.612311938131377	27.984017959200486	21.245713579585825	29.157956523082312	0.0
53.0	23.51773180642778	23.729630997824568	22.694249476665433	30.056335426671595	0.0020522924106226655
54.0	23.518880458814902	29.483371550808723	22.696563505132428	24.300158512750272	0.0010259724936774444
55.0	24.918022723436035	26.77856159933702	22.55615635279132	25.745724648431306	0.001534676004317555
56.0	26.677748510344472	24.8159987724727	24.19200572846073	24.314246988722093	0.0
57.0	22.91095610195148	27.998302172401097	23.89692345456777	25.187170150963468	0.006648120116188683
58.0	24.875497244066306	24.768634508993852	22.970886296004664	27.384981950935178	0.0
59.0	27.816831202294466	21.12719260126482	25.289748007423274	25.763671964867257	0.0025562241501832813
60.0	22.807223743918893	23.17106823106169	24.998977964923757	29.022730060095665	0.0
61.0	26.93376799893718	24.178103890529673	24.546513648023055	24.334971845523388	0.006642616986704547
62.0	25.688359331490556	21.26467026706656	24.90304978055273	28.1428987476944	0.0010218731957551388
63.0	27.494597231943512	23.754297946692688	22.89343135802343	25.855629863129874	0.002043600210490822
64.0	24.01993830565259	22.476047476047476	24.07560621846336	29.427897285040146	5.107147964290822E-4
65.0	22.168202153085613	25.867668988621737	24.23498049149184	27.724041427491674	0.005106939309133251
66.0	23.55347421532679	23.970706895319026	23.891039455810105	28.583758056114476	0.0010213774296015607
67.0	25.741497293432747	24.702277601879278	21.726074966806248	27.82912879174752	0.001021346134204882
68.0	23.977390514023703	20.667153441206658	27.354005933202956	28.000939508902356	5.106026643247024E-4
69.0	24.338537890469432	23.355662891745894	25.81770094049649	26.485034770798656	0.003063506489527913
70.0	26.648061509262615	22.949138533593874	24.423095564863804	25.979194196007207	5.10196272506033E-4
71.0	23.50584018167191	22.58576971252253	27.395390991761627	26.510962433426	0.0020366806179288994
72.0	26.306652139824255	25.022146646437697	22.248470099481718	26.41916728609394	0.003563828162388376
73.0	23.48006678340188	23.495846398175672	23.38844321374761	29.6300443865293	0.00559921814553895
74.0	24.43758046377667	26.26286784349446	23.635105359841642	25.662919747400988	0.0015265854862429205
75.0	26.953566231466684	24.144440260916465	21.772379895999755	27.126560766874597	0.003052844742492546
76.0	25.34368544768146	24.224354604011275	24.948866931914157	25.481566656151738	0.0015263602413684329
77.0	25.368327872855662	24.4500518914959	23.467674650495514	26.712928104841172	0.0010174803117559675
78.0	25.466587312487597	29.231332692395736	19.461103735241903	25.839958898604685	0.0010173612700738095
79.0	26.19941402673503	21.21609798775153	22.899245152495475	29.68168223158152	0.003560601436448351
80.0	22.525541728751673	23.925569190242015	30.42987403312669	23.116472317292093	0.0025427305875233295
81.0	23.897544901653685	25.336635274495045	22.61609340357586	28.14870939527694	0.0010170249984744625
82.0	21.619216629462585	23.20212749729232	24.52571149631603	30.6519274088161	0.0010169681129648179
83.0	23.418934652518978	23.829231215077762	23.26539120531606	29.48491766105538	0.0015252660318170494
84.0	23.550195984727935	26.463784767589054	22.542565035917825	27.44192903878515	0.0015251729800354857
85.0	25.603916305740253	28.988999369649648	19.74674149535371	25.659326135138983	0.0010166941174078368
86.0	27.361770476471246	23.520113043743457	22.91423110939422	26.2008356291108	0.003049741280281389
87.0	22.175243167427254	22.76728089522203	24.783766477959933	30.27218489871835	0.001524560672432894
88.0	25.32749316558095	28.576001788636063	25.004827284830128	21.090153355217026	0.0015244057358306485
89.0	25.33584667913178	26.79050483700512	23.8542598162751	24.01735631249492	0.0020323550930818634
90.0	21.885128476067585	25.37923046442397	26.380012801885737	26.355120246283896	5.080113388130824E-4
91.0	28.049375190490704	24.137458092045108	24.57584069897389	23.236818043279488	5.079752108097125E-4
92.0	27.18064896275677	23.07028059410366	23.538106751732123	26.21096369140744	0.0
93.0	24.56041444461374	26.48483925034283	21.368276702727414	27.585453806694094	0.0010157956219208695
94.0	27.650216608515027	23.583664721506967	23.129624833036228	25.632430840176944	0.004062996764838826
95.0	23.950800357520112	26.98921345575689	22.76296010400585	26.293979036320792	0.003047046396359795
96.0	25.241712707182316	24.858831654208643	23.614722131946703	26.284225706857328	5.077998050048749E-4
97.0	25.840865238143596	24.9923834670458	24.42622118411699	24.740530110693612	0.0
98.0	28.558662848555006	21.676922764475314	24.3384309185808	25.42598346838888	0.0
99.0	20.841900062441937	22.636471167562682	29.555849997207883	26.965778772787502	0.0
100.0	21.142053645759304	25.97362382992548	24.52486344900404	28.35945907531117	0.0
101.0	24.833257195066242	20.792345566214912	28.65641338003147	25.717983858687376	0.0
102.0	24.009927371834888	25.91825651800986	24.594606940024665	25.47720917013059	0.0
103.0	27.65559123909834	24.763194877805006	23.933679345316918	23.64753453777974	0.0
104.0	26.59435766575181	26.359979098707875	22.861041919266224	24.183099377527054	0.0015219387470385608
105.0	27.771661652571396	23.323406608459194	20.88214254912207	28.019237891340413	0.0035512985069326417
106.0	27.59855721670666	23.984496674597576	23.676560859176437	24.740385249519324	0.0
107.0	26.91942839460455	24.921244464284808	22.617676749742554	25.53962126323372	0.0020291281343688653
108.0	23.886266018245713	23.579466219060127	25.755462811300372	26.778804951393788	0.0
109.0	25.491756737574274	25.91811489870825	25.97286719526291	22.615740271328047	0.0015208971265183622
110.0	26.85127456496505	23.574763157494562	22.850422996406177	26.723539281134208	0.0
111.0	25.78892414366377	22.791874055977374	25.80311616166736	25.614058207548123	0.002027431143369793
112.0	25.105287430885326	22.641738927715302	25.737265415549597	26.515708225849778	0.0
113.0	29.02810577420107	20.76259590728034	23.038525080323932	27.16925291142576	0.0015203267689001957
114.0	25.64203912029999	22.213945474815038	28.421506030201684	23.722002635046113	5.067396371744198E-4
115.0	26.733656628307063	23.616748503873968	26.65714010631236	22.990934565705395	0.001520195801219197
116.0	24.527470077327685	24.927283599031124	25.79379959663934	24.750939992500328	5.067345015252709E-4
117.0	25.883980420175735	27.21869204341613	23.932585408369057	22.96271523111692	0.0020268969221570237
118.0	27.924134401491774	22.28184586696664	26.099448185701473	23.69457154584011	0.0
119.0	27.050924752976947	22.395743602736257	24.23967570306562	26.312135799341274	0.0015201418799087915
120.0	24.85913494669423	23.96884754144878	25.042563541286633	26.12945397057035	0.0
121.0	27.563719280466177	23.38282239675703	24.683557131998988	24.3683810488979	0.0015201418799087915
122.0	27.672748830775312	22.523599843934473	24.882824177995776	24.920827147294442	0.0
123.0	25.415364035732203	27.435560937792935	22.71720790243062	24.429840340094348	0.0020267839498979007
124.0	23.634475070936357	25.767632752330766	21.97861775435752	28.61927442237536	0.0
125.0	26.96616120419299	23.261575563515503	25.364657482888077	24.405579170825376	0.002026578578051141
126.0	24.145129174287757	23.241745157547538	27.797171794962733	24.81595387320197	0.0
127.0	25.35403947001748	21.780964203379526	27.506396777544147	25.35707952271173	0.00152002634712335
128.0	26.4500830935106	22.255887479226622	25.726561549997975	25.555814519070974	0.011653358193830813
129.0	23.31661346709226	27.696711759639257	23.454932360541118	25.525662461366977	0.006079951360389116
130.0	26.167736574639385	25.029766579351364	23.341558198095953	25.460938647913302	0.0
131.0	26.12409502434378	22.354735258206208	24.591526033407472	26.927617146533862	0.0020265375086761135
132.0	24.022960553647245	27.025767293876847	23.126222249242588	25.816943794266955	0.00810610896636978
133.0	27.341814478743938	25.36744030519964	23.718328697581807	23.568870041899086	0.003546476575522219
134.0	26.395890223575485	23.115465870921	21.833187255234744	28.655456650268768	0.0
135.0	26.35567804166329	22.841857826051715	27.89829375050661	22.902650563346032	0.0015198184323579477
136.0	27.132485928657918	26.75860112368089	23.978276178269088	22.12101100883037	0.009625760561739123
137.0	28.8250999305932	21.505468951856	24.196628957327484	25.472295541246382	5.06618976933638E-4
138.0	25.466942923288126	23.01102831292648	26.84079614591618	24.679206285682444	0.0020263321867670376
139.0	25.93183591177573	24.279910438385865	24.910590356929376	24.87563701204624	0.0020262808627903913
140.0	27.118180436654676	21.818550225419177	26.777772149333874	24.28448406868953	0.0010131199027404894
141.0	25.21491568010618	25.36283643105728	24.970238547539804	24.452009341296737	0.0
142.0	28.786727456940227	22.361195542046605	23.127152988855116	25.724924012158056	0.0
143.0	26.44035684071348	24.62829092345959	24.79546502261916	24.135380625028496	5.065881792714248E-4
144.0	28.350481516943017	24.763294274988983	22.501861730421435	24.38436247764657	0.0
145.0	30.041287773246538	21.61807543250842	21.126674941107932	27.21345525469237	5.065984447427746E-4
146.0	26.710538314234476	23.582783671236207	23.71095372706364	25.990151676342748	0.005572611122931802
147.0	26.331653200273546	22.605303817025913	26.44917808566146	24.61031888756617	0.0035460094729110204
148.0	24.07195396243237	24.04257259224737	23.91694190593909	27.967011813337116	0.0015197260440517923
149.0	27.36547755341891	25.87410461900082	23.57372265731857	23.18264252641817	0.004052643843527421
150.0	23.993535934832497	26.421613078080437	23.87398112452444	25.710869862562625	0.0
151.0	26.70864721646664	24.783553621455674	24.064176541214735	24.442102810130045	0.0015198107329033959
152.0	27.499962004731675	23.758187980323516	21.967850936963316	26.773999077981486	0.0
153.0	26.287019868891658	23.12633616016698	23.372544251598327	27.212073315298333	0.0020264040447024734
154.0	24.80039717921699	24.1554875577531	25.674799383966928	25.36526302991003	0.004052849152954527
155.0	25.689546854734115	23.201909046692606	26.75806582360571	24.349464980544745	0.0010132944228274966
156.0	27.845247323595423	22.34854818034888	25.941238163274612	23.86496633278108	0.0
157.0	23.99546050998333	24.02839207818461	26.627452768531608	25.347681364278873	0.0010132790215777766
158.0	26.6058346084084	21.570216948534256	26.510583967493183	25.31336447556416	0.0
159.0	27.121975934135527	20.874477517416086	25.540721975934133	26.461304623179227	0.0015199493350221659
160.0	27.26434452184927	21.27878404053198	26.583913869537685	24.872957568081063	0.0
161.0	25.534911764258826	19.5091427731812	28.648875963297176	26.303522842999662	0.003546656263141628
162.0	27.10801252495364	20.494918070995006	24.466726791848647	27.930342612202708	0.0
163.0	24.665197233411874	22.62167160700261	30.334676091307543	22.378455068277976	0.0
164.0	26.14368817901735	23.48589265445111	25.180395654288958	25.18799659477866	0.002026917463920869
165.0	27.485697201262806	21.35867720014797	26.385559874125235	24.76854549784888	0.001520226615114093
166.0	24.797174376827456	24.15968622204655	23.648884902476475	27.394254498649516	0.0
167.0	25.16418364244451	24.126887605148475	25.663322185061315	25.044086348434174	0.0015202189115232593
168.0	24.11365847725614	23.957066407200195	25.150510824616884	26.77876429092678	0.0
169.0	27.55118589093858	20.637036286235556	25.823535374011758	25.986722075815933	0.0015203729981755523
170.0	30.63952928536315	21.6286483171749	22.776547383144887	24.955275014317063	0.0
171.0	26.49539294294142	23.2131815555533	25.790396642778223	24.499508377849637	0.0015204808774188317
172.0	26.938357691606026	25.332941438793505	24.649321954878072	23.079378914722394	0.0
173.0	28.16220407790905	21.20755979260746	22.411774544238167	28.215927463293244	0.0025341219520848223
174.0	25.79584099905224	24.84706574019168	23.831389661796084	25.525703598959996	0.0
175.0	24.423124680076832	24.85087145803875	23.035481696593738	27.687481311418914	0.0030408538717671923
176.0	23.454374984162378	24.329118414717584	28.889339381192507	23.325140004561234	0.0020272153662924766
177.0	23.73381313195307	24.961861078026406	24.105826005423076	27.167583183396264	0.03091660120118598
178.0	24.567261892697164	21.112451101607313	25.8502746417496	28.470012363945923	0.0
179.0	24.797559566640654	25.200920229854766	24.21582835888964	25.78467837561188	0.0010134690030505417
180.0	29.12289609301617	20.802213703637886	24.543677489781928	25.53121271356401	0.0
181.0	28.32696528737501	21.927079099260222	25.914559791886838	23.82885537761158	0.002540443866352329
182.0	26.98206275748909	22.552361406734974	24.630561891360557	25.834505951141207	5.0799327416905E-4
183.0	22.788854740799067	22.985446140560313	27.789489725940413	26.435193416474057	0.001015976226156308
184.0	24.493414001026125	21.698491798615237	27.43412731068745	26.36990302605445	0.004063863616737022
185.0	25.096746671000375	25.14448518582471	22.037418869917623	27.719317847094555	0.00203142616273755
186.0	26.156885449042193	24.18032786885246	23.96499888272696	25.69778779937839	0.0
187.0	25.232923198845796	22.382471576765596	27.279700882923706	25.102872296109652	0.0020320453552523294
188.0	30.103134684753343	26.629578824366206	22.851699436061576	20.415079002184626	5.080526342529086E-4
189.0	24.65044913221965	23.19839044019022	24.903467056862986	27.245661098240053	0.00203227248709507
190.0	29.86083236371581	20.053553372998735	25.865669442567313	24.21994482071814	0.0
191.0	26.847629940271954	23.84089464989198	23.410344389376032	25.901131020460035	0.0
192.0	27.93212308536976	21.540448073041905	24.88701584574168	25.640412995846656	0.0
193.0	26.832690997467946	23.687956965191837	23.37983912791466	26.09849601887349	0.0010168905520698808
194.0	27.00657928187189	23.019859872481923	24.338258473240526	25.63530237240566	0.0
195.0	26.759933076011617	20.222639225797266	25.239395649940754	27.777014966360014	0.0010170818903484013
196.0	28.89539360622549	22.911620269560473	26.197749073162775	21.995237051051266	0.0
197.0	27.287565031112926	23.565745180046925	22.095276956033867	27.050392736917274	0.0010200958890135673
198.0	27.003050902985382	22.57207502354724	24.214750808796428	26.210123264670955	0.0
199.0	25.121896255019255	24.305498647873474	26.076067360485126	24.496025567483407	5.121691387363764E-4
200.0	28.312034215176585	23.04351166542884	22.330012548979436	26.31444157041514	0.0
201.0	24.679482254355097	19.24848000573679	31.616392888424482	24.455132637747077	5.122137365479867E-4
202.0	24.177940792270928	26.04924927386264	30.016238838999854	19.75657109486658	0.0
203.0	26.114450576762444	23.765379904786794	23.06896039274166	27.050184225764962	0.001024899944142953
204.0	24.678007103575876	23.04613224131657	24.141394986495005	28.13395314510053	5.125235120161137E-4
205.0	26.76965183564059	24.302825600049204	25.157732344484362	23.769277685806394	5.125340194455407E-4
206.0	25.139298254606967	21.254837634877106	25.485301278929697	28.12056283158623	0.0
207.0	26.476046921783357	24.14380050038965	27.42145523153275	21.958697346294244	0.0
208.0	29.874984616646838	21.88538376338352	20.930590310538623	27.308528530992326	5.127784386922099E-4
209.0	26.835335268594406	18.855460616069504	26.068582096441652	28.239596262142395	0.0010257567520438203
210.0	25.51434418871854	22.950701949660697	25.937514426258097	25.596926501741407	5.129336212600727E-4
211.0	26.531313815431663	25.260392615624582	25.95408880542643	22.253691674619542	5.130888977824299E-4
212.0	28.263904572238076	20.78397355616236	26.787217443078	24.16439115527542	5.13273246145318E-4
213.0	31.14441710795971	20.118340156040535	23.472338502154674	25.26490423384508	0.0
214.0	29.65856868208128	23.971645059475463	24.63733846011494	21.73193374937029	5.140489580227621E-4
215.0	25.006050058440987	23.258999140119354	24.966917765546075	26.76803303589358	0.0
216.0	24.62923288127132	24.715034528662947	26.674952159081457	23.980260421000082	5.200099841916966E-4
217.0	29.327272632168093	22.66538338816908	25.40891425223746	22.59842972742537	0.0
218.0	23.59640138116005	23.606432742362966	27.91939009323886	24.877247816859022	5.279663791009788E-4
219.0	26.126771864134795	24.0823749665686	23.006686279753946	26.78416688954266	0.0
220.0	27.092011515512166	22.128225335198977	24.185256070036615	26.593970975333857	5.361039183835394E-4
221.0	24.090042710352535	20.319004756993753	25.766059578511996	29.824892954141717	0.0
222.0	25.731935441771437	21.416452777656936	24.70472440944882	28.14688737112281	0.0
223.0	29.602957283680176	22.88499452354874	25.4184008762322	22.093099671412926	5.47645125958379E-4
224.0	31.26134375908186	22.456119186923214	22.67600304876377	23.60598566642357	5.48338807582429E-4
225.0	30.315246444402888	20.942549470372775	24.246257410931328	24.494296745239954	0.001649929053050719
226.0	25.801077793430377	21.76214753695132	26.46575434359697	25.970461304532545	5.590214887860289E-4
227.0	27.727144549094806	23.237832045569906	26.663470757430492	22.369860695956234	0.0016919519485646605
228.0	28.053413472442728	26.944885461555906	23.507598094806077	21.49353594919483	5.670220004536175E-4
229.0	27.886193272458016	25.852378311310343	23.706494828266425	22.554933587965213	0.0
230.0	27.114986237658613	20.736415097605875	27.25001298334093	24.898585681394582	0.0
231.0	24.555199924689937	24.608152314607796	25.421854039678994	25.412440281471373	0.0023534395519051094
232.0	24.585164216934537	24.477383899278703	24.172993331833094	26.763866352406108	5.921995475595456E-4
233.0	23.7829787488561	24.34281749615709	23.788361813733992	28.084645704613287	0.0011962366395320322
234.0	26.55514611988763	19.70703053741472	27.898986950758264	25.837620246391086	0.0012161455482992203
235.0	25.902614935315405	21.130710030551455	28.46305967636272	24.503615357770418	0.0
236.0	28.75427314372137	23.813362831305348	23.94522876552237	23.486510302416708	6.249570342038985E-4
237.0	29.391900405735743	23.06897507623296	23.855245583528642	23.68387893450266	0.0
238.0	26.188371604993225	20.89181128499933	27.601381213712934	25.318435896294506	0.0
239.0	27.728116906902468	22.497766867380843	26.99359299792431	22.77923797160869	0.0012852561836888138
240.0	26.484881209503243	21.68519201390718	26.449981562450613	25.379945214138967	0.0
241.0	26.97456051274612	22.290872644308756	24.654146939744418	26.076463528822185	0.003956374378519524
242.0	26.838111242697504	23.612774319040405	21.99249737010989	27.55595546057811	6.616075740835081E-4
243.0	26.735519943822084	24.037257616810976	24.97929764357498	24.243949943358352	0.003974852433603402
244.0	27.96837451373491	21.85305168682537	25.61173143562713	24.565514677571397	0.0013276862411874825
245.0	25.80150636539359	21.56102112910751	26.06145437579151	26.573351996267412	0.002666133439978671
246.0	24.458597025287723	26.24369142033165	23.96926486688563	25.325108814654595	0.003337872840396272
247.0	27.11088232541349	21.88899733925205	25.953657525638114	24.91877364923587	0.12768916046048323
248.0	27.651943498363966	21.82780517507879	24.638166038796363	25.86870261698127	0.013382670779607487
249.0	25.00856204629549	21.157991578975643	31.11078280606797	22.698488379120697	0.024175189540201324
250.0	26.647533583949766	23.3861514208335	21.858199603864346	28.106767991161053	0.0013474001913308272
