# Position (bp)	A	C	G	T	N
0.0	24.22407305689692	23.5206860725589	25.1112294766544	27.14391900101124	9.239287854170776E-5
1.0	22.87811671625393	29.680650643897078	24.027195572908024	23.33610763938814	0.07792942755282242
2.0	24.7202702156656	26.439423716236814	22.72758580155532	26.112123338243453	5.969282988094494E-4
3.0	25.977763189945957	21.72050172966729	24.113869495788567	28.180250552892588	0.00761503170559737
4.0	25.712554396701957	23.468848004591003	24.542068463526366	26.27643746178365	9.167339702189802E-5
5.0	28.892297267599442	23.373196102849608	22.40985092667204	25.323785803237858	8.698996410519376E-4
6.0	25.9115637802156	23.54001722035658	24.282896456664847	26.260129755935264	0.005392786827706859
7.0	25.81726674303629	24.91985523531105	23.357653910567247	25.904220448171987	0.001003662913423581
8.0	28.093726172999673	24.022669079239357	23.538333731635426	24.345271016125544	0.0
9.0	25.848747866003418	26.13647672109068	21.714894875818096	26.29960789445822	2.726426295836338E-4
10.0	24.71562070412023	24.357558841635598	23.351653340548747	27.575167113695425	0.0
11.0	27.188047047579666	22.456310033340284	22.929942202239705	27.425480299784827	2.2041705551908877E-4
12.0	28.23352036038574	24.204917655058118	19.891818196836624	27.669743787719515	0.0
13.0	25.10070714208347	23.31587399013474	24.944596028106876	26.638650911135297	1.719285396217916E-4
14.0	26.350085030324223	22.181259639818524	23.254156021924977	28.21449930793228	0.0
15.0	25.83972815144072	23.938947498427815	23.929663512211803	26.29161882893226	4.200898740276495E-5
16.0	26.757432780944573	24.263045390221	21.380321646321303	27.599117522582695	8.265993043340255E-5
17.0	28.74031180400891	26.448552338530067	19.688762907471148	25.12099615306742	0.0013767969224539381
18.0	25.71745060612674	25.65113257135921	19.734398280393457	28.896817578378876	2.0096374171979143E-4
19.0	25.018038512523884	24.812083845722974	22.01149990131755	28.15765859707916	7.19143356433816E-4
20.0	22.687967262888193	25.213145460942805	24.00962184208929	28.089186098310503	7.933576920590053E-5
21.0	24.1332919138743	24.38633646065998	23.06859133286008	28.41146531573085	3.149768747915739E-4
22.0	22.84728588623423	26.835823245835595	25.325232152768685	24.991658715161496	0.0
23.0	25.463635679524465	23.75308088381897	23.13457672903816	27.6482800192708	4.266883476067051E-4
24.0	28.223425783102346	21.354905202288148	24.057345141449147	26.364323873160362	0.0
25.0	25.36336835659056	24.025860516060185	19.909901023658122	30.700489264328795	3.8083936233780527E-4
26.0	26.30918687081093	25.249932747574178	19.816012518423378	28.62486786319152	0.0
27.0	25.76423175745992	24.53914746865182	19.769378109443334	29.92705365489654	1.8900954838436528E-4
28.0	27.135128588607287	23.996341258737075	22.887990858380025	25.977773184207603	0.00276611006800519
29.0	27.537229376098704	23.977760407342878	21.94330690333946	26.541295614533496	4.076986854682475E-4
30.0	23.81538205175375	24.377446775095585	24.790276420378405	27.016784153653145	1.1059911911488262E-4
31.0	25.75983863873074	25.10795877480777	22.175765066444495	26.95585053831725	5.869816997449198E-4
32.0	24.482481890638766	22.940172655728144	24.043442831289223	28.533720810575048	1.818117688212452E-4
33.0	23.73217776136013	24.677236607465925	24.285085251155806	27.305284358338206	2.1602167993579834E-4
34.0	26.53100037357385	26.015396962433485	22.733094889545473	24.72047202575336	3.574869383209911E-5
35.0	25.397512770051268	22.063065251368005	26.097041767079084	26.442132352472537	2.478590291149379E-4
36.0	24.32052070799929	23.960336982813	25.556381436015474	26.162690117111893	7.075606034501363E-5
37.0	25.346380445034818	25.276108811751598	21.28537320886024	28.09206680296605	7.073138730067452E-5
38.0	26.74688588649215	24.719012930938472	21.341298920600934	27.192660835905812	1.4142606263123895E-4
39.0	23.324297936210662	27.269083034451164	21.251140913310383	28.155124618487783	3.5349754001061905E-4
40.0	26.520199938782707	26.007452109487055	22.49558719469997	24.97676075703027	0.0
41.0	24.417479931228122	24.012835532372435	21.464777383735413	30.100701678125702	0.004205474538325479
42.0	24.581062243039202	25.304430635822833	20.240851886337417	29.873655234800555	0.0
43.0	25.74075376140488	25.749586875264775	22.467131100015937	26.039277677413974	0.0032505859004423273
44.0	29.164925286395967	24.282089119337925	22.53624573369194	24.016563220140966	1.766404332071296E-4
45.0	25.879253299197796	24.173394695356908	21.377240453864214	28.56650866969945	0.003602881881636853
46.0	25.16831336271415	24.59833307785822	22.1509285755155	28.08242498391213	0.0
47.0	25.776870875146912	24.74399777370943	22.787623745592622	26.68984777596962	0.0016598295814121689
48.0	23.04771897320609	23.401812620561298	22.55901325432891	30.9914551519037	0.0
49.0	22.164188219379827	25.806210203111952	24.344240478222776	27.68363137535645	0.0017297239290008338
50.0	27.32515372071188	23.976160053087476	19.940488376525735	28.75816255215209	3.529752281984851E-5
51.0	25.086917776189594	26.22271632388364	21.565878750981586	27.122334277420435	0.0021528715247447878
52.0	23.082418236603257	25.8093207771283	21.50425064691415	29.604010339354293	0.0
53.0	22.65703944200645	25.187791024649453	23.62612800353969	28.527493970674456	0.0015475591299481885
54.0	23.54946104650672	27.94324739526914	21.84217708512117	26.665114473102967	0.0
55.0	23.63350482581384	27.95547324415537	22.70876478394544	25.700748311684485	0.0015088344008629129
56.0	26.56061362517626	25.157348110261392	24.527850413776676	23.75418785078568	0.0
57.0	22.862934304013773	27.74704447521478	22.7496212080018	26.6356640164967	0.00473599627294634
58.0	25.408844963211756	25.354123001639906	21.276424831843972	27.960537046943372	7.015636098955547E-5
59.0	27.714478022835614	22.408580909713642	24.123549274255694	25.75072613012715	0.00266566306790461
60.0	24.315156405350784	22.76701992307296	23.377680372819114	29.540143298757144	0.0
61.0	25.33619732400832	23.83484336004376	22.834034098250893	27.989672544874463	0.005252672822565762
62.0	25.506512060311188	21.76941756496741	24.652792246104934	28.071138065483016	1.4006313345740594E-4
63.0	26.553877849423813	23.45662629341012	22.413669951428844	27.57358502193265	0.002240883804572523
64.0	24.900163465825152	21.376749390281212	23.724887890416706	29.99812932157312	6.99319038086663E-5
65.0	24.512200579541513	25.9704593258075	23.565620769514776	25.94724410109531	0.004475224040903548
66.0	24.645670502585016	23.870305964482444	22.84888607336491	28.634682966872376	4.54492695253558E-4
67.0	26.86247056911081	24.788997785363826	20.82782296194916	27.519939591297373	7.690922788379015E-4
68.0	24.330917934346218	22.090256383725087	26.109135857191646	27.4695849543097	1.0487042734349574E-4
69.0	23.309416040304374	24.513087281282957	24.56293293801696	27.612046989144062	0.0025167512516468117
70.0	26.648136170177118	23.06188122354334	23.92032747527163	26.369375882034063	2.792489738472864E-4
71.0	24.3332283920865	22.728846212781846	25.930889223834107	27.00609587915226	9.402921452869772E-4
72.0	27.86375649860539	25.208007605065863	21.639407055578964	25.287192219432615	0.0016366213171667646
73.0	25.382368301939344	22.51735663800007	22.741582813968872	29.35458375404756	0.004108492044148881
74.0	24.892929612207297	25.24988312157132	23.349368508373647	26.50698329030095	8.354675467853123E-4
75.0	25.610711229957694	25.19212976338747	21.58975326493544	27.605282376275674	0.002123365443724202
76.0	26.96759919969146	24.019803041673686	24.807162956352	24.204494982756053	9.39819526804349E-4
77.0	24.626259680040484	24.717347516629534	23.704695809437425	26.950792032581393	9.049613111636375E-4
78.0	27.40925412811882	25.985595655795134	20.029716399463865	26.574876938674862	5.568779473200423E-4
79.0	27.364988676621216	20.711115844412216	22.55289202957339	29.368393173048446	0.0026102763447360647
80.0	24.80831801165109	22.93355662444808	27.777922787074033	24.477348793876477	0.002853782950317379
81.0	25.05130490372914	25.023290355652517	21.452357693925926	28.472525036479812	5.220102126077995E-4
82.0	22.654463277779865	22.47775286153949	23.918405583464526	30.948021107812146	0.0013571694039729567
83.0	25.728128312323534	21.808216337049515	23.982283701576137	28.480745287148657	6.263619021636629E-4
84.0	23.477138328725797	25.822719182717652	24.711030075698133	25.988068540649255	0.001043872209164154
85.0	25.342712886644748	26.484897808078	21.44118427878679	26.730578733238392	6.262932520729437E-4
86.0	25.27295582779524	25.01316026154215	22.240267930051775	27.471493638366102	0.0021223422447352864
87.0	22.76607210760859	22.060102082458496	25.336955262472156	29.835965992924297	9.045545364627673E-4
88.0	24.928177764295043	26.61531321730914	25.648591838878843	22.807290974507193	6.262050097792348E-4
89.0	26.433072493232	25.941483873346787	22.7925823726639	24.832200289574953	6.609711823522085E-4
90.0	23.923770536569346	25.78425005278832	24.84192203052226	25.449848661890034	2.0871823004158015E-4
91.0	27.073671204772715	24.981451148080886	23.148410642536405	24.795840883026226	6.261215837675893E-4
92.0	25.728711698309304	23.74208296361946	22.692820205838597	27.83631556631354	6.95659190997057E-5
93.0	26.281990413354105	25.969334002541185	20.93994485643857	26.808348124426747	3.826032393972816E-4
94.0	28.132264863624034	23.188296917715313	22.737223230868757	25.93758912609473	0.00462586169716953
95.0	24.455817447647664	26.073009811389003	23.383277163913842	26.085426209381513	0.002469367667977866
96.0	26.308145600841353	24.089681738128824	23.69661900668019	25.904440753322707	0.0011129010269294226
97.0	25.393796558759714	25.602905617845455	23.097874376680775	25.905110461260573	3.1298545347940713E-4
98.0	28.698101804165837	22.491947985831516	24.123041592278412	24.68690861772424	0.0
99.0	22.558090046961613	21.675638724518997	26.582094503203447	29.18414195439028	3.477092566462886E-5
100.0	22.867327085178967	24.560281153038986	24.434105799546337	28.138285962235702	0.0
101.0	23.8002925238158	21.519621937130673	28.77264113126824	25.907340108825533	1.0429895975694171E-4
102.0	25.208993109528905	23.865944023049128	24.495261432170807	26.429766668254363	3.47669968024793E-5
103.0	25.613398031995455	25.15680178925937	25.05783494471657	24.171721901428743	2.4333259985935378E-4
104.0	26.598688166735606	26.14976589303032	22.701146029219053	24.550156592709488	2.4331830553132026E-4
105.0	27.118837899654487	23.140403078356265	21.04395069624521	28.693297553582724	0.0035107721613147668
106.0	25.97867279716286	22.815567558098188	25.09191051876219	26.11377960870815	6.951726861090246E-5
107.0	25.784502813098154	23.842566604925764	22.93556967714107	27.436735269858957	6.256349760538213E-4
108.0	24.43895334998268	24.477316108084292	23.980129203267367	27.103566589790574	3.474887509204109E-5
109.0	26.12011088355906	24.796714633280217	25.105299769907578	23.97704079328027	8.339199728698035E-4
110.0	24.935800172543008	23.9882034228558	22.770465334525312	28.30553107007588	0.0
111.0	24.658562788034445	23.486273021908683	24.906675450153713	26.947828588582578	6.601513205805996E-4
112.0	25.703089469648514	23.622180198390623	24.01258954625727	26.66210604250275	3.474320084245313E-5
113.0	28.655107493914045	21.265802027481726	22.897466568508545	27.180894325184333	7.29584911350222E-4
114.0	26.730425350886428	21.92549002849894	26.871200301005473	24.472745351247745	1.3896836142057628E-4
115.0	27.198738093624975	23.194200511780863	26.445867795155625	23.160498717073434	6.948823651016178E-4
116.0	27.706823134394735	23.659721604553948	24.769370386017968	23.864050131192744	3.474384061193632E-5
117.0	26.304642240939025	26.02092541853964	24.069130178283675	23.604676776148608	6.253860890508098E-4
118.0	26.61107441789523	24.369827313348985	24.77789216178477	24.2410671321397	1.3897483131061257E-4
119.0	27.177433532695293	21.09779715111831	24.659767867355157	27.064480286514197	5.211623170459686E-4
120.0	25.58099377565609	23.275988763869275	24.701629308442907	26.44138815203173	0.0
121.0	27.394959559808367	22.968097085644818	24.538140317510834	25.098073414608642	7.296224273426352E-4
122.0	26.857519281969644	23.44963374767694	24.429375649492897	25.263262857744422	2.0846311609971067E-4
123.0	24.167167560168025	28.32509320093531	23.23373370069384	24.273206424871184	7.991133316424559E-4
124.0	24.926612246174265	24.789200213327405	22.20595822743689	28.07819456918461	3.474387682600788E-5
125.0	26.732965659280527	23.717686363424747	24.31502351756643	25.23335165449849	9.728052298009154E-4
126.0	24.62527733750437	23.989511726173642	24.511910312542778	26.87323113740167	6.948637754311456E-5
127.0	26.54998172527318	22.832916187794705	27.06893532692305	23.547124475209603	0.001042284799457456
128.0	26.286996793234874	23.35171230140118	24.51486820299553	25.836416761340935	0.01000594102748507
129.0	25.06674069174069	26.251605111899227	21.638193880840937	27.04057667292961	0.0028836425895249424
130.0	26.11965137294659	24.02588784481746	23.959250408753615	25.895210373482332	0.0
131.0	25.96575306294888	24.22988515331421	23.989115691637206	25.81465545994263	5.90632157072021E-4
132.0	25.87157894883128	25.635014220288355	21.898653432846398	26.588673382246768	0.006080015787195278
133.0	27.078342710926357	25.26102945647019	24.397955053564324	23.260935651587822	0.0017371274513039749
134.0	27.11311119271716	22.51015954754272	20.729958757291996	29.64677050244812	0.0
135.0	26.601870036851118	23.091963802734842	26.135733143316337	24.169946625466977	4.863916307286946E-4
136.0	27.981857283317524	26.335497812937543	24.11073936260766	21.565165428084036	0.006740113053236471
137.0	28.544095646476038	21.593278731013744	23.85133966075408	26.011042759772725	2.4320198341640418E-4
138.0	25.545264633874766	23.803030392516884	26.230512862648446	24.419698211454875	0.001493899505032878
139.0	25.85095461517483	23.670669490009153	25.36620361765365	25.1108868341101	0.0012854430522671568
140.0	26.983300895857987	21.24457763766703	25.458507940985797	26.313266105189136	3.4742030004606794E-4
141.0	25.997356780441844	25.060695380758418	25.00469025552512	23.93715335537406	1.0422790055824462E-4
142.0	29.03649560985372	22.545117473588245	23.267323636747705	25.150750591328663	3.126884816681166E-4
143.0	26.989586076597615	24.80330143676983	24.012407487574098	24.194357567170744	3.474318877155728E-4
144.0	28.12681316772344	25.124745939372882	22.318075219317294	24.429566576913057	7.990966733258056E-4
145.0	28.576739312307698	22.406040585575195	22.84154615420962	26.174527423474707	0.0011465244327830944
146.0	27.774621932648824	21.4706330949599	24.8629639396343	25.88698646437757	0.004794568379404619
147.0	26.38262981344664	24.424123560547763	26.45385327619243	22.73612749347263	0.0032658563405384843
148.0	24.85967845998782	24.00355637581817	23.988998721775438	27.147175797743806	5.906446747649842E-4
149.0	28.113308632641605	24.297823077821075	24.141648646094495	23.445030769316293	0.0021888741265349916
150.0	25.679811212194494	24.092994393624796	24.846672448154234	25.38052194602648	0.0
151.0	27.055947054216755	23.634956780725155	25.18430472177266	24.1242702686551	5.211746303308347E-4
152.0	27.43972226063499	23.905716769500927	22.930349043498925	25.724211926365157	0.0
153.0	25.114224423978825	23.273083062263865	24.553438962984686	27.058558649333968	6.949014386544485E-4
154.0	23.313103418562577	24.91121688374997	24.59663226990484	27.176580506247046	0.0024669215355648433
155.0	27.790232942466638	23.265788195330032	24.14654130578155	24.79729856512333	1.3899129844976055E-4
156.0	25.802752612368685	23.620670723401652	25.69909877102613	24.877408396829853	6.949637367922142E-5
157.0	25.907693398252302	22.32310020974035	26.270464973084017	25.498428684807102	3.1273411623423643E-4
158.0	25.53808689173768	20.704200587395597	26.121555861654855	27.63594816574397	2.0849346789965072E-4
159.0	27.020531784547963	21.126582903082998	24.37314570735379	27.479183621274995	5.559837402555162E-4
160.0	26.505916080271046	21.00262357744766	25.914030058205196	26.577395534705932	3.4749370167665714E-5
161.0	24.536380173991006	20.154705002371657	29.20223717611246	26.10247295181801	0.004204695706866685
162.0	25.70535094056638	23.493465745508278	24.350162509326086	26.451020804599256	0.0
163.0	25.007236905891727	23.847003642952437	26.985787863613254	24.159867334396484	1.0425314609931641E-4
164.0	26.099418944090747	23.340237426672967	24.407441129861827	26.15102588339959	0.0018766159748672467
165.0	26.753523241298588	21.786232599261016	26.186287647734257	25.27333096087388	6.255508322606296E-4
166.0	24.833320821968844	23.329663333083104	25.869400816853087	25.967545520514467	6.950758049672897E-5
167.0	26.780775998601463	22.93863098690821	26.348877888603166	23.93126331326706	4.5181262009961424E-4
168.0	26.57450108837962	23.873032688229895	23.662307934796626	25.8901235327381	3.4755855753466985E-5
169.0	27.508331213166443	21.79406436687646	25.47060753555972	25.226718829723488	2.780546738905271E-4
170.0	31.294202618477268	22.460769415785105	23.113129507155143	23.13179418663011	1.0427195237413331E-4
171.0	26.045189865630235	23.36005388832562	26.037230354170454	24.556587434190654	9.38457683031399E-4
172.0	27.706152843013733	24.521677326166092	23.81850122262044	23.953668608199738	0.0
173.0	28.490915343014834	20.462933696418588	23.023622539535886	28.020861192832307	0.001667228198386262
174.0	24.933917430306767	25.616174373231576	23.212262424044123	26.237298426453314	3.473459642219763E-4
175.0	25.845454425457802	23.934528387219135	22.90638049843237	27.311726214419153	0.0019104744715453931
176.0	24.67361396007883	23.656635251116555	28.228037223449427	23.440011421731093	0.0017021436240999917
177.0	23.011380019273567	25.538308470155503	24.04703889522309	27.378503234610157	0.024769380737689826
178.0	24.92177633032341	22.922418236813478	24.165313151719182	27.99011019394746	3.8208719646645755E-4
179.0	28.189570094587737	23.98413452169258	22.93164664781327	24.893120269788167	0.0015284661182483918
180.0	26.906263469443036	22.096083825805763	24.92965425615251	26.067719920535943	2.7852806274680195E-4
181.0	28.21769579289831	21.427122132710082	26.27189905968091	24.082446307821677	8.367068890261708E-4
182.0	25.792658459352317	22.65441182366441	25.364094551106064	26.188800303442633	3.486243457628371E-5
183.0	23.790348866597526	24.275502645041527	25.91255239971066	26.020864017848584	7.320708017046791E-4
184.0	26.716300945902887	21.818968396232005	25.96889334172772	25.491584343762874	0.0042529723745041974
185.0	25.041756069269066	24.228976620783786	24.014305810576626	26.71422954823976	7.319511307599325E-4
186.0	27.40200708999836	22.73686485431343	25.30955128048717	24.55157677520104	0.0
187.0	24.582469113221155	22.824416769232812	27.770245788737714	24.822065485486338	8.02843321984154E-4
188.0	27.839868930871436	27.21607593297576	21.767904468084883	23.175731827648562	4.188404193569892E-4
189.0	25.393361494658496	22.995250830563624	25.096006104180148	26.51405518195609	0.0013263886416453922
190.0	28.586977428375647	21.904190416947237	24.996797224703574	24.511720761279616	3.1416869392743334E-4
191.0	27.024800814189152	23.63616848625077	24.210659906463345	25.12777644340445	5.943496922841872E-4
192.0	27.39424797961097	22.760246701974744	24.29008845900078	25.55531196317163	1.0489624188234207E-4
193.0	27.412286529969382	24.07090093479906	22.083875940149362	26.432516963602566	4.1963147963458493E-4
194.0	27.91542727334402	22.7687248347495	23.985923895596514	25.329923996309972	0.0
195.0	26.717779116154038	21.65049772907394	24.297195075801294	27.33393350415118	5.945748195465422E-4
196.0	28.745400247283264	21.743154225322243	25.96835377142038	23.543021644472287	7.011150182693045E-5
197.0	25.344797300874454	23.656231034263932	24.056380674031082	26.94174953009677	8.41460733760772E-4
198.0	27.686170959858426	22.963882412427317	23.723840557319026	25.626070957049357	3.511334588050226E-5
199.0	25.76121770912666	22.222347298269433	25.621562485159433	26.394204132317167	6.683751272990785E-4
200.0	27.516783717647986	23.746585915326477	23.8084299220864	24.928200444939133	0.0
201.0	25.138952555077065	20.70678908868443	28.516381784172268	25.63738405082538	4.925212408580142E-4
202.0	25.30399090639476	25.001363266802397	27.766138704217543	21.9285071225853	0.0
203.0	26.016129696356728	24.163927884062133	22.227336727910526	27.59179628595389	8.094057167270025E-4
204.0	25.45524807588618	23.21740550478864	24.438744409265027	26.888566815002108	3.519505805072875E-5
205.0	27.25230734468208	24.115874228729368	25.134403729622107	23.49639402052545	0.0010206764409927591
206.0	26.039331161878508	21.126631670905628	25.41288498211612	27.421116987539364	3.5197560386694475E-5
207.0	26.192904049905863	23.237003212568403	26.348305490721845	24.22122407057443	5.63176229457707E-4
208.0	28.75414780659974	22.419523927202782	21.62030768927481	27.20602057692267	0.0
209.0	27.244077910134784	20.6241387347384	25.36691572504012	26.764057855901036	8.097741856664336E-4
210.0	24.73040015747272	24.857167103836566	24.19259138752409	26.2194540077194	3.873434472228707E-4
211.0	25.428695004716122	25.458351266801397	24.87917362579151	24.23289957234402	8.805303469500895E-4
212.0	28.842962569399766	22.28452160579734	24.21651106696835	24.655828593937283	1.7616389725275925E-4
213.0	30.17621549136795	22.44050770704827	22.523948146367292	24.85904664274731	2.8201246918132486E-4
214.0	27.67054710103263	24.52381137152343	23.84932692653654	23.956244051830996	7.054907640676621E-5
215.0	26.397127841797964	24.02480435985413	22.48782496946299	27.089818580996877	4.242478880409823E-4
216.0	25.950117387022352	24.199753196328857	25.79905098027177	24.050971347714388	1.0708866263037597E-4
217.0	29.172806088197788	22.632183841952962	25.080070036124958	23.114400962565462	5.390711588304887E-4
218.0	24.41652656531964	23.997202084795116	25.676132607829665	25.90981222186829	3.2652018729197946E-4
219.0	26.920640381198456	22.906565023504676	24.132797303504017	26.03944833088436	5.489609084937062E-4
220.0	28.0537414848503	21.6945382151504	24.609944688042102	25.64151839830856	2.572136486380721E-4
221.0	25.679206691462177	22.681795254117034	24.00526950798833	27.633432921860884	2.956245715753279E-4
222.0	25.664751173484945	24.383403266600425	24.335956980045726	25.615851308630454	3.7271238456165664E-5
223.0	31.24049112077487	22.31909433825738	23.811835273518422	22.628013963754988	5.653036943350163E-4
224.0	30.46104839589936	22.390746928540917	24.274960408780053	22.87309319129216	1.5107548751115598E-4
225.0	31.116837496374078	19.825181144288205	23.935041681031144	25.122218290447456	7.213878591182665E-4
226.0	26.09822680681345	22.232730886328014	25.156283872056907	26.512720066453976	3.836834764792437E-5
227.0	27.470988550333765	23.944031255373567	25.03276423230228	23.550666825711325	0.0015491362790676058
228.0	28.268906503248587	27.66776587744578	22.929365587229224	21.133728488709735	2.3354336666775655E-4
229.0	27.291864984849994	25.215046886146204	21.8317027098929	25.661306942006206	7.847710469709015E-5
230.0	25.909830152381918	22.847202007290033	27.147379511972865	24.095548777400904	3.9550954285425E-5
231.0	24.922031030568323	24.60190362050001	24.632306111020764	25.841996774692312	0.0017624632185943073
232.0	25.627304740639318	24.80471443189983	23.878463713211843	25.68919456143704	3.225528119750957E-4
233.0	23.446024832284007	24.973992857873974	22.261950541776383	29.317542413764556	4.893543010776805E-4
234.0	27.576135628916266	20.742121110019266	26.604773569613798	25.07572791100242	0.0012417804482496276
235.0	25.679254080425896	21.435175468472398	28.38135670259779	24.503962394017428	2.5135448648906796E-4
236.0	28.6852992010809	23.443631158820978	24.031607101710588	23.839292799374	1.6973901353626198E-4
237.0	27.96138073916803	24.620271045399676	22.229660893610827	25.18851609920638	1.7122261508300017E-4
238.0	27.21284951929993	22.763449116160082	24.144974357463372	25.878727007076613	0.0
239.0	28.266486279918652	22.82211553244106	24.015523216740828	24.894469359875952	0.0014056110235044518
240.0	24.905551710466774	21.88619009365491	26.75731231157244	26.4508554707225	9.041358337511193E-5
241.0	29.6571055867841	21.88491671038261	23.130673925549676	25.32485960733052	0.002444169953094568
242.0	27.117116953713133	24.108593074790484	21.01890235220606	27.75434469336617	0.0010429259241457303
243.0	27.93404862933926	23.053339891678206	24.70012392362377	24.30957812325264	0.0029094321061288097
244.0	26.303307932070023	23.00634993636403	26.282270494994503	24.407343067322078	7.28569249368763E-4
245.0	29.539312583111478	20.79975028909331	23.19085086983545	26.468443423047333	0.0016428349124323356
246.0	24.726343393730456	26.459086697502887	23.340953253367598	25.470736901576874	0.0028797538221875434
247.0	25.720640557162454	22.786380575210835	25.15613592292635	26.19911976325362	0.13772318144673965
248.0	25.992259852400384	22.558423891225004	24.218357501221586	27.220635499611156	0.010323255541867683
249.0	25.921591843598325	21.62404719508515	28.165892290716933	24.271560630527077	0.01690804007251568
250.0	27.99175233367691	21.90099753927081	24.15207315626484	25.95429995231789	8.770184695473801E-4
