# Position (bp)	A	C	G	T	N
0.0	24.300795305985964	23.426180192084576	25.10746580824424	27.16552636220217	3.2331483056443816E-5
1.0	23.4838112470589	30.021077551520666	23.47929578078056	22.940778047093087	0.07503737354678587
2.0	24.69660771011385	26.87233661645395	22.240500206612534	26.189622533618166	9.329332015002209E-4
3.0	25.780433190277886	22.474055732808036	23.81624108394311	27.922600928655157	0.006669064315813461
4.0	26.252428369131376	23.451286513841303	23.834976864265002	26.46116375476442	1.4449799789996245E-4
5.0	27.981483506843936	23.978364709999042	22.5997628508446	25.439635212383845	7.53719928579424E-4
6.0	25.893426110674916	23.77576247976098	24.239489116350246	26.08498346863362	0.006338824580232953
7.0	25.621538920993775	25.228364338479253	23.250545587825467	25.89880054522849	7.506074730160606E-4
8.0	27.496231389120734	24.48279353114256	24.085676408854624	23.935218954099874	7.971678221614249E-5
9.0	26.633057543726636	24.951280458566067	22.052457796423695	26.363029137190253	1.7506409335181375E-4
10.0	24.842806593124255	24.800737840763254	23.34971566229508	27.00670810581865	3.179799876114996E-5
11.0	27.367003935237882	22.684668954275793	22.93590104398246	27.01230242866444	1.236378394225742E-4
12.0	28.39966003285251	24.34017707156229	19.972566463623103	27.28750489530418	9.153665791423656E-5
13.0	25.44963829333657	22.93271089824161	24.665046609459246	26.952483501834067	1.2069712850970276E-4
14.0	26.035261838654083	22.36914033513737	23.66928359894189	27.92622473399991	8.949326675034288E-5
15.0	25.42209992474619	23.835477804250786	24.183425387987416	26.55895267674147	4.4206274137546644E-5
16.0	26.361464882685038	24.73775998064262	21.322017542918005	27.57859802300546	1.5957074888293222E-4
17.0	28.358867062109404	26.561372881025232	19.326847252088836	25.751659510785235	0.0012532939912955883
18.0	25.486895599565116	25.649990360462176	19.92421796775928	28.938613387819807	2.826843936165341E-4
19.0	24.867861993977495	24.85754871511741	21.694017257084294	28.580009235520116	5.627983006868109E-4
20.0	23.19685331188924	24.711990629862072	23.667262206527628	28.42379595475762	9.789696344597312E-5
21.0	23.878262549301994	24.313851962601674	23.77966549996961	28.02790081400503	3.191741216952642E-4
22.0	22.801370538484193	27.016817581690873	25.751940016728042	24.429761828294268	1.1003480263263766E-4
23.0	25.49360982180421	24.045852823484037	23.31539815199293	27.14474230574151	3.968969773147374E-4
24.0	28.407508158240713	21.79654618428144	23.95418419898431	25.84166652426532	9.49342282104925E-5
25.0	25.173260871258503	24.582053388763203	20.166321841519384	30.07810873769823	2.5516076067988794E-4
26.0	26.41343531636594	25.12942391842996	19.86209389976342	28.594939978058694	1.0688738198463947E-4
27.0	25.56434760981797	24.84935491515493	19.809685376024262	29.776492142730902	1.1995627194033536E-4
28.0	27.750095327239244	23.71749617834613	22.598945985096012	25.930353009876878	0.0031094994417394436
29.0	27.400736289007277	23.713035355873018	22.051291561879307	26.834492742114957	4.4405112543451704E-4
30.0	23.88549030481846	24.53973721078283	24.467312839014603	27.10717405008407	2.8559530003603696E-4
31.0	26.455964454724956	24.725172291770264	21.792397702750556	27.025897090945687	5.684598085349847E-4
32.0	24.044669335473294	22.347801409143212	24.908713935684176	28.69852090014044	2.944195588801355E-4
33.0	23.67484287153398	25.058789130464028	24.398498044000284	26.8676542140734	2.1573992830835274E-4
34.0	26.216309930397365	26.863193488085823	22.509839257940918	24.410518928540604	1.3839503529199213E-4
35.0	25.729436128370093	22.092829372498127	25.62099304553588	26.556429907161654	3.115464342513651E-4
36.0	24.00462013713511	24.357018881162933	26.233881121849766	25.40418107969687	2.987801553208637E-4
37.0	25.336808346502764	25.309940586035758	21.96486085200543	27.388290659141205	9.955631483838338E-5
38.0	26.736900303676148	24.870528011322445	21.25947036261861	27.13295202852408	1.4929385871003387E-4
39.0	23.113116255651285	27.567077839598277	21.400354537770014	27.919140412579274	3.1095440114908845E-4
40.0	26.551844897713504	26.631051050348947	22.279214559506094	24.537777566638752	1.119257927019906E-4
41.0	24.519479040262457	24.46383476472792	21.26910728054675	29.742605124470963	0.00497378999191386
42.0	24.456273213991317	25.745651366848264	20.43229092457114	29.365672597463018	1.1189712625800343E-4
43.0	26.025375534893413	25.508687954415432	22.46661725587093	25.99551523683244	0.003804017987783881
44.0	28.731385256714383	24.800632120381298	22.215906597924278	24.25190201040284	1.7401457720113214E-4
45.0	25.670961369546102	24.385620044310716	21.836250182059675	28.103328374019426	0.003840030064080036
46.0	25.758084846653333	24.09071569730684	22.27849677321871	27.872665404848725	3.7277972396407E-5
47.0	25.654747542468048	24.14675638583084	22.81151744382385	27.38528887664095	0.001689751236313947
48.0	22.455314407436827	23.58312854040891	23.311656828161226	30.649900223993036	0.0
49.0	22.366482209590625	25.840581103121362	24.527960508750844	27.263299747591592	0.0016764309455741106
50.0	27.130344517593418	24.30562557272666	20.336012059233287	28.227943349417277	7.450102935588893E-5
51.0	24.71874918916812	27.158414296513257	20.87535951276965	27.245130632542597	0.002346369006377282
52.0	23.10768669073499	25.671209954476236	21.78104945945413	29.440041502183732	1.239315090036861E-5
53.0	22.75246946974643	25.432086055396702	23.420786656721308	28.393073952186054	0.0015838659495053637
54.0	23.454675016478426	27.935099437883665	22.53439496427705	26.0757192197411	1.1136161976218354E-4
55.0	24.153120212107055	27.828826684078834	22.236172589865447	25.780411115468542	0.0014693984801233604
56.0	26.931761515627738	24.980372649887954	24.509032284907516	23.578833549576792	0.0
57.0	22.819395191545393	27.639355287747076	22.960991703950455	26.574887765937877	0.005370050819198166
58.0	25.81984337523251	24.85743907161257	21.80157365391834	27.520909368194356	2.345310422201548E-4
59.0	27.296666063119662	22.857843204412482	24.353689406318335	25.48898724195434	0.002814084195177474
60.0	24.6945344040734	22.78684111795675	23.189958582690906	29.328616594827693	4.930045124703026E-5
61.0	25.686694824099842	23.47066490386938	23.16868234846401	27.667746725071652	0.006211198495115335
62.0	25.641237025998464	21.951812814303032	24.89322523200615	27.513515438548886	2.094891434715974E-4
63.0	26.638988994853964	23.374768515865867	22.428623902679874	27.5551665090067	0.00245207759359266
64.0	25.942950012518246	21.29845284311838	23.38338376515646	29.37516416742586	4.92117810543255E-5
65.0	24.52977158866893	25.70033737340809	24.067167139768543	25.697643306812974	0.00508059134146679
66.0	24.719224271481362	23.95316923350951	22.882714459368795	28.44428928824389	6.027473964387715E-4
67.0	27.085362081127773	24.60567415927277	21.093737219427027	27.21451313435461	7.134058178244443E-4
68.0	24.00491590576191	22.194205090732336	26.485709151508125	27.314923859915872	2.459920817608802E-4
69.0	23.199153050483055	24.79539904120454	24.941497340922396	27.06108493022911	0.0028656371608939656
70.0	26.664299233118587	22.91217910670697	24.112937144025125	26.31014231133577	4.4220481354679706E-4
71.0	24.682379696223805	22.775554855070723	26.035562786999282	26.50547317777668	0.0010294839295107452
72.0	27.603723726255534	25.383337736697143	21.824762132574417	25.18643629966467	0.0017401048082281959
73.0	25.995142306360602	22.905579069966326	22.655171627971825	28.43986778565476	0.0042392100464867365
74.0	25.00898563841399	25.090818037330763	23.647345971947168	26.25182132214206	0.001029030166019317
75.0	25.840473119032985	24.763830633499467	22.109536723526485	27.283856597767116	0.002302926173944179
76.0	27.043694664182073	23.955637395495756	24.52755746852945	24.472081552169346	0.0010289196233713212
77.0	24.61267472368729	24.05602573419132	23.885859949627598	27.444569962413606	8.696300801860176E-4
78.0	27.19020426159937	26.25603277493869	20.400011022961444	26.153274278838058	4.776616624463013E-4
79.0	27.259155130707803	21.056920038294592	22.141900897733173	29.539256062463743	0.00276787080068991
80.0	24.177227963582414	23.096131458356652	27.86554807503662	24.858361502642946	0.002731000381360322
81.0	25.306492931720875	25.359065542358177	21.373405263800493	27.96053417103353	5.020910869157634E-4
82.0	23.21163540927847	22.370739988949538	23.537626423922287	30.878675649410447	0.0013225284392596975
83.0	25.982946549176074	22.25110057122803	23.849654947608144	27.915379539263185	9.183927245663074E-4
84.0	23.840641916699084	25.18827810464035	24.50058717716735	26.469341833841657	0.0011509676515643794
85.0	25.602782035142504	26.73145642522246	21.20477803247144	26.46023664880492	7.468583586795837E-4
86.0	25.819638262824153	24.562538220402946	22.334329282812313	27.28147417662769	0.002020057332899939
87.0	22.907981624578973	21.846385573879342	24.973025209034738	30.271799634166257	8.079583406886107E-4
88.0	24.538273852484625	27.2190740553949	25.561443032842675	22.680548034012933	6.610252648752719E-4
89.0	26.681612730472036	25.91279014612501	22.357646698798867	25.046909953331802	0.0010404712722821513
90.0	24.443964628772	25.545484322512515	24.684337592431838	25.32606657393494	1.4688234870750879E-4
91.0	26.826607197935893	25.12813765281293	23.83481515571375	24.209864726589085	5.75266948343476E-4
92.0	25.69379654117874	24.0616494261673	22.73774209857872	27.506799695052507	1.223902272872194E-5
93.0	26.76276065315354	26.01704602475639	20.988480960295295	26.23139415627807	3.1820551670456575E-4
94.0	28.25987215249376	23.665262905143848	22.732541269328237	25.337342728512457	0.0049809445217014366
95.0	24.419895574227937	25.80724626649596	23.47347735667155	26.29704342360675	0.0023373789978053112
96.0	26.65542907314327	24.283162882901625	23.598175471657708	25.462057825678613	0.0011747466187794259
97.0	25.517221379560468	24.882631003720274	23.432428887260667	26.167498479048557	2.202504100328467E-4
98.0	28.889896006784344	22.439742286034996	23.802361378779747	24.867975857393738	2.447100717893702E-5
99.0	22.59906185856335	21.914614008211856	26.43100089869947	29.055262065217736	6.116930759035257E-5
100.0	22.640236960151512	24.86794668176395	24.04514798938509	28.446668368699445	0.0
101.0	23.811711621127507	21.747507878131344	28.64574426782001	25.79493837553311	9.785738802484893E-5
102.0	25.22637009810757	24.066104080826822	24.408191304628634	26.299273355165457	6.116127150858435E-5
103.0	25.764658398767153	25.516046574203177	25.098065115823974	23.62104645189697	1.8345930872532473E-4
104.0	26.87660177129687	26.5028474914985	22.5380435015248	24.08194464743145	5.625882483876037E-4
105.0	27.600882987952176	23.28164632318489	20.42507095788342	28.68882844611561	0.003571284863904082
106.0	25.911455928721132	23.193516198313695	24.859326555504204	26.03555455649386	1.4676096711074496E-4
107.0	26.37026157059765	24.085933792847044	22.6417798736908	26.90126651632187	7.582465426403612E-4
108.0	23.72375265941544	24.428018570267447	24.691150754235224	27.156894597579196	1.8341850269606858E-4
109.0	26.295357487964644	24.100620508788108	25.238515439846694	24.364699580405524	8.069829950342423E-4
110.0	24.786795660305014	24.04685262564849	22.88891268965625	28.27732898659593	1.1003779431442053E-4
111.0	24.981883692511214	23.63115968209197	24.365067284338913	27.021082405816294	8.069352416129169E-4
112.0	25.765280080142887	23.858072074070062	23.919739256871324	26.45674965287758	1.5893603814758336E-4
113.0	28.308129561276363	21.625914700342115	22.69360301467237	27.37148472418643	8.679995227225159E-4
114.0	26.09707039554905	22.143853889728256	26.827704889292285	24.93088179595098	4.890294794305644E-4
115.0	27.311942466450173	23.08992184749012	26.077201279392774	23.520188583277907	7.458233890214797E-4
116.0	27.671219109254952	24.09654787571834	24.25219216359743	23.979894132540462	1.467188888098237E-4
117.0	26.290823455994794	26.127256368118623	24.26771694555275	23.31343295626176	7.702740720734446E-4
118.0	27.21942303107367	24.67874238135702	24.44988659913559	23.651483381118606	4.6460731511991147E-4
119.0	27.4933719563696	20.99428234952348	24.490040450506452	27.021718366466622	5.868771338485788E-4
120.0	25.252285291422417	23.518013042040316	24.94113231123612	26.288471543055426	9.781224572636903E-5
121.0	27.95997294001724	23.378641564901347	24.113205410969517	24.547385353007943	7.947311039536405E-4
122.0	26.889298153528525	23.977499655515896	24.366133966474944	24.76646912169208	5.991027885544958E-4
123.0	24.758628185742985	28.187075672892668	22.483417551261596	24.569986058162026	8.925319407226746E-4
124.0	25.14528607038776	24.737255099500725	22.48768681296916	27.629576395066607	1.9562207575562696E-4
125.0	26.970152085862146	23.99766036798343	23.628693943463457	25.402405458619715	0.001088144071253141
126.0	24.379299653215714	23.96152997842807	24.25358973819767	27.405372784549197	2.0784560934708604E-4
127.0	26.275096267359665	22.53684421070546	27.586271399131274	23.600602202828018	0.0011859199755871648
128.0	26.51921009547677	23.64857388810024	24.53675861174357	25.285456508511096	0.01000089616832413
129.0	24.344267806776347	26.728668485071516	21.734127367400507	27.18985540380447	0.0030809369471582635
130.0	25.906446761947844	24.452862714413214	23.802049075104225	25.83858031860917	6.112992554375068E-5
131.0	26.31869152262793	24.392142201221883	24.092717027622893	25.195764596625718	6.84651901577866E-4
132.0	26.7600746902303	24.3746624898235	22.584747529245178	26.274060036068736	0.006455254632287057
133.0	26.80154974124114	25.511765489771292	24.708274292951955	22.976576607416412	0.001833868619206962
134.0	27.41805181687189	22.905647754911122	20.303544300640457	29.37263387068497	1.222568915598488E-4
135.0	26.753647717331187	23.080073489822777	25.7788121623016	24.387002062194455	4.6456834998525606E-4
136.0	27.845419220183754	25.97217848179757	24.529180514178744	21.646509937933153	0.006711845906776495
137.0	28.878421356211774	21.429675222853795	24.006776388708563	25.684870295264624	2.5673696124665603E-4
138.0	24.915587705168942	24.290961173033836	26.417735359326205	24.374627754615844	0.0010880078551722182
139.0	25.85838910167444	23.84083899023963	25.07066217496347	25.228972830346358	0.0011369027761087584
140.0	27.284885424588612	21.22634387892232	25.426282974805474	26.062182100864405	3.0562081918359877E-4
141.0	26.006683903118734	25.246936075778446	24.967288923857854	23.778724346881784	3.6675036317454713E-4
142.0	28.968078257767598	22.612947622367006	23.509738822109007	24.908941897143038	2.934006133539822E-4
143.0	26.87481112524853	25.09695570575343	23.794367840485553	24.233657505161354	2.0782335112953213E-4
144.0	28.077247038199317	25.3347864728441	22.914832414220555	23.672486152183563	6.47922552472558E-4
145.0	28.87534519706948	22.035021533940252	22.38787742463121	26.70075341285142	0.0010024315076447628
146.0	27.888924734639907	21.615868048734303	24.685496321504683	25.80440534364387	0.0053055514772354555
147.0	26.671229664850678	23.91780784407015	26.04066553109216	23.366837426625498	0.0034595333615148795
148.0	24.983236980864426	24.615019005015643	23.370759842444123	27.03053186049403	4.5231118178031877E-4
149.0	28.365305330834108	24.473825406378165	23.456261742635537	23.702651560299735	0.0019559598524570582
150.0	25.912797365891798	24.097471489866717	24.7828931620912	25.206801307665433	3.667448485184853E-5
151.0	26.91159713283505	24.01325830902892	25.105688595998473	23.9688691598348	5.868023027589366E-4
152.0	27.820779846644903	23.774159858158576	22.7081731070746	25.696679360070533	2.0782805138340742E-4
153.0	25.25298400956702	23.31338084732497	24.373765704300098	27.059050344471956	8.190943359504415E-4
154.0	23.691561866264628	24.440307904616272	24.540935362231952	27.324578626341676	0.002616240545469038
155.0	27.48928924819148	23.35922628519546	23.964329812783603	25.186885670022157	2.689838072970661E-4
156.0	25.876953489412784	23.343655923233968	25.840664662630065	24.938408030688024	3.1789403515859125E-4
157.0	25.38631527414984	22.991468687628473	26.347677388843273	25.274147394511576	3.912548668437421E-4
158.0	25.120860721277367	21.416205576753757	25.445744023845563	28.01704295426532	1.467238579962485E-4
159.0	27.110350467301146	21.551058806727728	23.807304854268267	27.530711190821933	5.746808809295451E-4
160.0	26.8185218525374	21.03547453156016	25.698487146134454	26.44741865014297	9.781962501335848E-5
161.0	24.79928444261846	20.617675685722112	28.20600764956763	26.37304603435458	0.003986187737214853
162.0	25.74409885938998	23.786096492086163	23.963754328644377	26.505964725216675	8.559466280593978E-5
163.0	25.526668794349654	23.672307472202554	27.04547983531245	23.75544607363006	9.782450528313469E-5
164.0	25.749129563228017	23.34322312712565	24.708750810579534	26.197062262902048	0.0018342361647540272
165.0	26.75845075374273	21.75940764473358	25.90425587203952	25.577213154346822	6.725751373429002E-4
166.0	25.406922018725037	23.458010774128642	25.354520096840222	25.780290298086832	2.568122192721428E-4
167.0	26.65241108657727	23.2280633955471	26.253874474664347	23.865174090717588	4.7695249369719516E-4
168.0	25.567792823037077	23.838957755622037	23.776744104134426	26.816334098193124	1.7121901333331377E-4
169.0	26.85843661089701	22.033078254577884	25.287738693750043	25.820428453546164	3.179872288990707E-4
170.0	31.25311037268701	22.782072658795187	22.383492425825903	23.58111662394752	2.0791874437625662E-4
171.0	25.887412339973093	23.46986263655285	26.48238201174724	24.159596929910016	7.460818167997322E-4
172.0	27.326224400548327	24.609416888420878	23.945774385514728	24.11840091441439	1.8341110167834608E-4
173.0	28.343916685038206	20.62947191086386	22.52773796768101	28.497455067983257	0.0014183684336725067
174.0	24.868261194497048	25.127789331382154	23.52524435384158	26.47833829605747	3.668242217457311E-4
175.0	25.49874318417228	23.853847181906744	23.30269947923793	27.34291269467745	0.0017974600055978042
176.0	25.12362164872804	24.03618890099593	27.610520303493153	23.228336298818157	0.0013328479647228158
177.0	23.27418725609734	25.913833186782814	23.89489698456511	26.892060956862785	0.025021615691952846
178.0	24.937057892066054	23.041042289515353	23.756485268673234	28.26498658009452	4.279696508379034E-4
179.0	28.40224334850446	24.039091190235958	22.864552997659338	24.69270618251303	0.0014062810872191428
180.0	26.723794254895406	22.41312138721948	25.401890524301795	25.4609732385085	2.2059507482278555E-4
181.0	28.239412796901874	22.127294659346056	25.527999718280718	24.10447073524437	8.220902269791117E-4
182.0	26.29772207745437	23.185443610291596	24.79121782772337	25.725506089163147	1.1039536751599138E-4
183.0	24.532531701513584	24.356582888585418	25.566414973018283	25.5438816511172	5.88785765515333E-4
184.0	25.83016501117387	22.437179635954323	25.952858015906177	25.77567567633875	0.004121660626880048
185.0	25.24142562942618	24.133339727441726	23.777583637820037	26.847025494708365	6.255106036925486E-4
186.0	27.434564632213455	22.716315047466814	24.859920219348954	24.98918783532736	1.2265643417630194E-5
187.0	25.153691507492393	22.901256876286904	27.329412438159178	24.61496355699994	6.756210615898616E-4
188.0	27.985426761207382	27.171127326530325	21.849907483004564	22.99303475155053	5.036777072001097E-4
189.0	25.64390545103051	23.46710268161973	24.74155941768465	26.14637591031308	0.0010565393520367006
190.0	28.6886768576013	21.80230143772284	25.13163358831147	24.377093249263446	2.9486710094038033E-4
191.0	26.935240214380173	23.776340008343812	23.989770399931004	25.298181867840725	4.675095042836789E-4
192.0	26.965587923722296	23.110670093643073	24.103648401079276	25.81995824141482	1.3534014053228046E-4
193.0	27.34992506404625	23.704370894826344	22.164024835916102	26.781420805370782	2.5839984053038415E-4
194.0	27.892686174057975	22.94408579790464	23.815858363566896	25.34736966447049	0.0
195.0	26.803152648979523	21.285709275258696	24.53695698857906	27.373578074457306	6.030127254144636E-4
196.0	28.66990899136505	22.394966154633902	25.54853121753909	23.386470313515296	1.2332294666368883E-4
197.0	25.28655939635689	23.692651579618236	23.80772061548921	27.212464015486276	6.043930493812558E-4
198.0	27.69023056074788	23.47175197532522	23.29708305748558	25.540798515777464	1.3589066385430643E-4
199.0	26.186387887034556	23.480638712971434	24.866522313845866	25.466030352700848	4.2073344729434985E-4
200.0	27.662493256867226	23.73216418951288	23.53984800090787	25.065395548239128	9.900447289832994E-5
201.0	25.71128393362051	21.176945546553043	28.090378103076176	25.021095385797416	2.9703095285301946E-4
202.0	25.38277326598778	25.003793633280797	27.687755141951197	21.92564082696997	3.713181025248888E-5
203.0	26.604311579631386	24.285435863197538	21.956864887460696	27.152644737963023	7.429317473556582E-4
204.0	25.525865716741524	23.92193828516404	23.979830849690718	26.572241314041094	1.238343626239164E-4
205.0	27.45457738315794	24.579978877579126	24.489438294196088	23.4751385539662	8.668911006445706E-4
206.0	26.276184725899093	21.543919619773042	25.392906352081496	26.786803523601627	1.8577864474478658E-4
207.0	26.848289899536425	23.514401628346228	25.698490866317453	23.938545091673753	2.725141261413387E-4
208.0	28.476019520520495	22.131627358809055	21.709127098331443	27.68321363339198	1.238894702746419E-5
209.0	27.56855325790834	20.8383912865215	25.160758964952272	26.431528272352704	7.682182651822543E-4
210.0	25.337638510141147	23.802038700738784	24.14184281147626	26.71809580815319	3.841694906222368E-4
211.0	25.365626373539197	25.26062693256113	25.2250652047644	24.14790059375318	7.808953820821944E-4
212.0	28.24662027570471	22.50001332931098	24.380314132801846	24.872705080129	3.471820534652923E-4
213.0	30.127282073827228	23.190244064610855	22.319417642893686	24.36279571503781	2.605036304282134E-4
214.0	27.869399603734962	24.567215801847126	23.950451852110206	23.612870682382393	6.205992531212108E-5
215.0	26.665897101030495	24.515164319885383	22.86817776020824	25.950474719582267	2.8609929362084406E-4
216.0	26.14775302412429	24.797021674172893	25.45592175489324	23.59921562983033	8.79169792429268E-5
217.0	29.44891243298281	23.01099439673923	24.568534990144112	22.970950300109102	6.078800247457827E-4
218.0	24.656383625662873	24.20220086659777	24.802506882418164	26.338550980986476	3.576443347157564E-4
219.0	26.49375225182547	22.90894278445833	24.166587711784388	26.430059831687526	6.574202442896285E-4
220.0	27.613376921596394	21.656685347905555	24.850823842246626	25.878712642214214	4.012460372100043E-4
221.0	25.93165818803735	22.595717548646014	24.102397440715265	27.37003143746797	1.9538513340571268E-4
222.0	25.75562126654627	24.58562450361354	23.75645951319923	25.901966147084295	3.2856955666372577E-4
223.0	31.021638440475346	22.45046358591341	23.293181499740907	23.234011915805045	7.045580652888701E-4
224.0	30.363124382765562	23.0144837241974	23.90146260245492	22.7207560785434	1.732120387163549E-4
225.0	30.53896353475441	19.84402265401206	23.492261396979554	26.12366765723285	0.0010847570211232993
226.0	25.779793946628864	21.984405271780044	25.727456828985286	26.508100272285684	2.43680320120129E-4
227.0	27.470325678724482	23.59923691186764	25.132695386262473	23.796266453455956	0.0014755696894485973
228.0	27.96698577433348	27.903041553031542	22.428682828696783	21.701097571795106	1.922721430900276E-4
229.0	27.529592287118867	25.784176583801344	21.972717675398727	24.71347194492064	4.150876042388746E-5
230.0	26.98414824177035	22.282692245988933	26.55890037930943	24.174231232274366	2.7900656920967206E-5
231.0	25.026759762906387	24.96782482262402	24.345334211457832	25.65833247542262	0.0017487275891392732
232.0	25.387698859722573	25.250897317204394	23.931454093246156	25.42970878222816	2.409475987162312E-4
233.0	23.484069864876993	25.183290004579835	21.818736776068725	29.51337364560959	5.297088648496507E-4
234.0	27.49840191224771	21.340132294377927	25.93250815300536	25.227694846232318	0.0012627941366871599
235.0	25.84645510128177	21.782335706546746	27.668703719765787	24.702314360856825	1.9111154887089827E-4
236.0	28.943430039451908	23.515261281590664	23.273169712859033	24.26790077491037	2.381911880276772E-4
237.0	27.94255736190702	24.433822620756093	21.899678789557097	25.72380592430763	1.353034721577025E-4
238.0	26.84298958933117	22.798459583071235	24.24060381422809	26.117901375893833	4.5637475669520784E-5
239.0	28.09888538076699	22.987297880021615	23.716417471196927	25.195873848751443	0.00152541926302527
240.0	25.108124126433758	22.14793497656228	26.17355007812574	26.570200654798313	1.9016407990694637E-4
241.0	29.48034667883529	21.682817806385607	23.170105170162923	25.664239288617875	0.002491055998304178
242.0	27.553697313095643	23.392172438004817	20.69202646225717	28.361229489994148	8.742966482168878E-4
243.0	28.025621991200207	23.018819833625916	24.94521634684313	24.00741068783035	0.0029311405003966595
244.0	27.00252291253132	22.76597731533693	25.58274809903609	24.647730057138663	0.0010216159570027386
245.0	29.05396323940723	20.728219559994216	23.487760122987595	26.728088994479126	0.0019680831318314882
246.0	24.55492489951106	26.65920327731037	23.489196487506327	25.293854930876847	0.0028204047953932533
247.0	25.87483086065327	23.049366605769812	24.793142077051254	26.145084419104215	0.13757603742145308
248.0	26.332735741930545	22.689614691005694	24.03926771982304	26.927385007867404	0.010996839373315205
249.0	25.511200033926546	21.983790398432156	28.012444464224178	24.475779202026303	0.016785901390811098
250.0	27.905534870748955	22.27035151747052	23.48276378029859	26.340412632536896	9.3719894503716E-4
