# Position (bp)	A	C	G	T	N
0.0	24.826331851090373	23.210820516150253	25.26997441293809	26.6928343396178	3.888020348343295E-5
1.0	23.241588435560097	31.12758639540605	23.475147690171084	22.080150681388965	0.07552679747380697
2.0	24.623223896954677	26.888988819006602	21.463641260853212	27.023313988857705	8.320343278014016E-4
3.0	26.04375752515701	21.763658008913307	24.084852930854694	28.100674056845378	0.007057478229613218
4.0	25.777118484921317	23.396380466761826	23.89235064865813	26.93401515789669	1.3524176203786925E-4
5.0	28.756295544210804	23.600592939572618	21.895341649489033	25.747055807224008	7.140595035433755E-4
6.0	26.80076317613503	23.168722107642203	23.31332025156147	26.71178118482633	0.005413279834973949
7.0	26.13095093849878	25.151448011856587	22.679717217549314	26.037076058078185	8.077740171409646E-4
8.0	28.271869461834402	23.716932396145708	23.347388329831432	24.663771386061153	3.842612730729681E-5
9.0	26.287023379089607	25.970402579904423	22.116997262139897	25.62530834241064	2.6843645543465905E-4
10.0	25.058229419506617	23.83164714830063	23.300063028389594	27.810041246237933	1.9157565226720205E-5
11.0	27.29776363359624	23.413854685590753	22.53950844766928	26.7487063802507	1.6685289303450352E-4
12.0	28.69992879987545	24.760377176317316	19.39914103556484	27.140552988242394	0.0
13.0	26.26115257786524	22.729932570755278	24.734440112288333	26.27434854811878	1.2619097236994578E-4
14.0	26.899984920683867	22.12921726228777	23.079018111934154	27.891761880843458	1.7824250748707653E-5
15.0	25.521260020374548	23.604694343942864	24.114233985036265	26.759794059082676	1.7591563649003974E-5
16.0	27.148531917525816	24.77921324543794	21.240612772693517	26.83159008394142	5.1980401309490264E-5
17.0	29.23703373065747	26.3768348502337	18.359580965477505	26.025365573580967	0.0011848800503607875
18.0	26.03675590299802	25.761695728333972	19.489937283927798	28.71149346585062	1.1761888959366875E-4
19.0	24.771298099644493	24.692396738386968	21.80445306037944	28.731400567728578	4.515338605242007E-4
20.0	22.766794880297102	26.001691093573843	23.543139465481797	27.688341401949728	3.3158697526361164E-5
21.0	23.66601621211272	24.21939290287409	23.256974362404705	28.857369993046223	2.4652956226375275E-4
22.0	22.440527522726946	26.906605220336605	25.615715250110238	25.037135747742262	1.6259083950202978E-5
23.0	25.206938998917927	24.06129336833863	22.42677225656325	28.304704060966447	2.913152137428276E-4
24.0	27.900996777888036	21.776456022443742	24.11908726134563	26.20344393816387	1.6000158721574518E-5
25.0	25.406361570148228	25.329118340204055	19.08827040509976	30.176091464085143	1.5822046281067576E-4
26.0	26.713574290112508	25.593281800497603	18.94493244279643	28.748164270549747	4.719604371297569E-5
27.0	25.50146632901989	24.729369120880225	20.215638835068418	29.55346297095702	6.274407444960897E-5
28.0	27.769737366432608	23.129994483178656	22.67010431723056	26.427651958347532	0.0025118748106403017
29.0	27.979671583215033	23.61062249146506	22.458752454020317	25.950708203398833	2.4526790076276784E-4
30.0	23.9752911799967	23.928316352780648	25.182434641667008	26.913683831100077	2.739944555699724E-4
31.0	26.519632264540743	24.54793086321314	22.18883576036939	26.743222427906527	3.7868397020150984E-4
32.0	23.97573700911159	22.886477974504103	24.11830704158038	29.019208126162038	2.698486418967601E-4
33.0	24.10110727697525	25.475973092538045	24.75403296201234	25.668827237304946	5.943116941969177E-5
34.0	26.75728987765246	26.13260560775036	22.829659128116965	24.28032728755406	1.1809892615598919E-4
35.0	25.974247486758976	22.26919765965829	25.888118826327382	25.868260939346634	1.7508790872083693E-4
36.0	24.49181226367514	24.208470232906624	26.12103622894759	25.178491777279575	1.8949719106856007E-4
37.0	25.008593364887748	25.958868709558548	20.90551844837708	28.12699033477768	2.9142398941081792E-5
38.0	27.185607929530182	25.587541074449476	20.50452833195599	26.722206125306258	1.1653875809598395E-4
39.0	23.45084068892143	27.44015339141098	21.43346399955142	27.67538171260374	1.6020751242154383E-4
40.0	26.469718364928447	26.037253596798323	22.009978231140753	25.48290418629332	1.4562083915756015E-4
41.0	24.25790709620606	24.071535734961287	21.377217382390935	30.28852033952203	0.004819446919689086
42.0	24.748609582054968	25.976990442869337	20.237252573157633	29.037089167566144	5.823435192008849E-5
43.0	26.376028533273633	25.438787003980067	22.55887928120652	25.622738813467887	0.0035663680718933223
44.0	29.65089895048459	24.789885879207485	22.313111010524263	23.24584218117567	2.619786079912208E-4
45.0	25.588961303823897	24.00964730497262	21.548723066497224	28.848943047053023	0.0037252776532380595
46.0	25.46293143737476	23.832209761369725	21.89516121991804	28.80968303106599	1.4550271478965255E-5
47.0	25.77425777836748	23.264206837694875	23.285142357167818	27.6746617364173	0.0017312903525227227
48.0	22.186328470055518	23.93282702346281	22.788932424182224	31.091912082299444	0.0
49.0	21.98115996550109	26.104306125330623	23.86865344169671	28.04420816320061	0.0016723042709633155
50.0	27.28806215166554	24.010210298413494	20.1724641832561	28.529161583570463	1.0178309440963623E-4
51.0	24.750593513439647	26.658530238292194	21.327623780080916	27.260926389795493	0.0023260783917494
52.0	23.17876156395379	25.656657406513194	21.432078528885558	29.732502500647456	0.0
53.0	22.962588125077936	24.484153471231885	23.85970120148401	28.692038240793867	0.0015189614123042817
54.0	23.177910232292046	28.878420787306354	21.93342605631511	26.010141666540093	1.0125754639946247E-4
55.0	24.421105540397676	27.621111080333687	22.120517268442217	25.83578013840607	0.0014859724203518782
56.0	26.58986970154025	25.715222105155043	24.993306783574848	22.70160140972986	0.0
57.0	23.208466400911327	27.709364543960547	22.449508841091134	26.62761203566495	0.00504817837204613
58.0	25.10638033989214	25.451617099422823	21.81387529019703	27.627896526173185	2.307443148206208E-4
59.0	27.859359664942097	22.356569486531612	24.318851246531565	25.462523011148892	0.002696590845838353
60.0	23.45632758267557	23.08906771465365	23.98777201389416	29.46678950882663	4.317994999473925E-5
61.0	25.353856507030788	23.762347739160944	22.980056812768566	27.897924684655745	0.0058142563839527674
62.0	26.177655372971692	21.596119208645064	24.23872755541459	27.987181265732726	3.165972359334409E-4
63.0	26.896991857459128	23.185814984376137	22.604073356975984	27.31071668317911	0.002403118009642691
64.0	25.152438017727224	21.726505365800996	23.520474800962763	29.6005243919491	5.742355991043073E-5
65.0	23.736375512835952	26.50356876835684	23.33328404921388	26.422049006884325	0.0047226627090083285
66.0	24.41473314518442	24.184398567955377	22.545372911781012	28.854906871454446	5.885036247517161E-4
67.0	26.83589760886898	25.4476221095834	21.166766300116045	26.5490106864948	7.032949367788087E-4
68.0	23.339344056187343	22.304274043034937	26.42922589123175	27.926940725776127	2.1528376984270508E-4
69.0	23.21612657256658	24.18401771914896	25.602049074396056	26.99510851945419	0.002698114434208991
70.0	25.74999570104493	22.95180584772528	24.62872791053588	26.669040645187174	4.298955067321637E-4
71.0	24.756938774956282	22.408502853707848	26.411407917298256	26.422250478594083	8.999754435271839E-4
72.0	26.878301648412002	25.907063690327142	22.118285770360465	25.094663383450516	0.0016855074498715087
73.0	24.74632074746792	22.379604653707077	23.358229696876037	29.51204574753219	0.0037991544167740956
74.0	24.348177032159	26.050768557574983	23.396120195229848	26.20396309278445	9.711222517240276E-4
75.0	26.46346141158454	24.858729872666242	21.200515469953626	27.475351093931316	0.0019421518642801427
76.0	26.858013527417192	23.93197592682371	25.316747622206215	23.89234900536427	9.139181886141502E-4
77.0	24.735794774668054	24.516125900079793	24.112228748064474	26.63513662478717	7.139524005078772E-4
78.0	27.280101387655005	26.67892605160707	20.02303382225234	26.017410439810075	5.282986755123855E-4
79.0	27.873383924555778	20.116464515944802	22.726928760610235	29.28063850596458	0.002584292924605753
80.0	23.649046000345795	23.31500085021108	28.97519368179662	24.058403719055992	0.0023557485905127866
81.0	25.190853426624226	25.09655458739225	21.536213038567013	28.17593636391671	4.425834998018368E-4
82.0	22.692755695952606	22.259282106747598	23.559874190868573	31.48693162001599	0.001156386415229238
83.0	25.10365008769678	22.517558628932257	23.75205180205967	28.625840100342366	8.993809689273869E-4
84.0	23.872453713616835	25.634648052189057	24.408262315675273	26.08353675074586	0.0010991677729718927
85.0	24.622072474840042	27.710312471094454	21.071914714792904	26.595129365522553	5.709737500528151E-4
86.0	26.164275570827712	25.316963946078197	21.8923759224873	26.624671724196798	0.0017128364099919455
87.0	22.331329008772823	21.73703973518252	25.559591355294124	30.37119778755454	8.4211319599942E-4
88.0	25.58431856808553	27.228560189950635	24.670646427036107	22.515818277210776	6.565377169500341E-4
89.0	26.43014461578511	26.291134890242258	22.7998357002094	24.4778286623782	0.0010561313850278248
90.0	23.374095098098678	25.054178158192375	25.01912736951395	26.55247093075114	1.284434438541596E-4
91.0	27.017863529110898	24.995625951337747	24.07262319333238	23.913387842684948	4.994835340258173E-4
92.0	25.785336204893795	23.98592551029087	22.472020266077894	27.75671801873745	0.0
93.0	26.252244834472666	26.092350545930902	21.214854115190956	26.44029364611063	2.568582948462097E-4
94.0	28.04507685065361	23.259507105009273	22.99731889942598	25.694044600533992	0.00405254437714462
95.0	24.188386647527018	26.65029522812044	23.5347039300014	25.623988676025306	0.002625518325832532
96.0	26.47960929382553	23.970590879165943	23.528737787221633	26.019977632676493	0.001084407110400349
97.0	25.68888915522412	25.278128888464657	23.18183757327132	25.850958899575115	1.8548346479117203E-4
98.0	28.764072773509884	22.711303475397933	24.501121712833523	24.023487770733425	1.4267525229264863E-5
99.0	21.713841733795174	22.000774112513387	27.033803721532358	29.251523365257988	5.7066901097496376E-5
100.0	22.31699947443896	24.656616334163235	24.59468743954764	28.43169675185016	0.0
101.0	23.628416547788873	22.361041369472183	28.23718972895863	25.773223965763197	1.283880171184023E-4
102.0	25.110778966820096	24.841382553464815	24.49274518683259	25.55503622341669	5.706946580982571E-5
103.0	25.700638714638508	25.951573532076257	25.103767945570155	23.24383434221808	1.8546549699759892E-4
104.0	26.085320221894666	27.028946057409335	22.415275830407282	24.470144028377682	3.1386191103099074E-4
105.0	28.070295335544888	23.75047136208698	19.95248070928812	28.223756420903978	0.00299617217603282
106.0	26.80985133007394	23.18163115180243	24.31319128148557	25.695197831842222	1.284047958335212E-4
107.0	26.004647656397577	24.25086216194777	22.420248236441527	27.32359992489789	6.420203152348281E-4
108.0	23.942981610174037	24.592169401420467	24.47102001732499	26.993700574418135	1.2839666237156054E-4
109.0	26.64754562586576	24.703447921674588	25.52483476539039	23.12352972225749	6.419648117687843E-4
110.0	25.54836397738797	23.98264910311806	22.580003671951243	27.888897654273663	8.559326905944553E-5
111.0	25.67629991503096	23.674890992539957	24.041259345025086	26.60685070728594	6.990401180550364E-4
112.0	25.259433235528743	23.972909155856232	24.03813123618382	26.729355185868663	1.711865625395869E-4
113.0	29.12972680347296	21.600877584019184	22.44811990605058	26.82056245546639	7.13250990883939E-4
114.0	26.617456025550272	21.998523224267057	27.9664832394799	23.417209401720378	3.2810898239709577E-4
115.0	26.92703159358669	23.449906616110535	26.35450153718542	23.267946777103763	6.134760135872097E-4
116.0	26.626423447764612	25.249350355118278	24.858521939835192	23.26554732099776	1.569362841539722E-4
117.0	26.68500452264031	26.81139591221798	23.1481713980808	23.35468628284621	7.418842147012917E-4
118.0	27.37463722771927	23.679973999952633	25.19379479993346	23.751237299225107	3.566731695318936E-4
119.0	27.966197818095694	21.290152753275603	24.25611872709646	26.48700280995261	5.27891579629948E-4
120.0	25.366592282212174	24.267275552957656	24.783077838592536	25.58295445579813	9.987043950555001E-5
121.0	27.982493811483888	23.321724366702572	23.32056870144601	25.374585351586187	6.277687813438532E-4
122.0	27.40194137634123	23.624325772280994	24.319223506533437	24.654052785404936	4.5655943940207835E-4
123.0	24.804303231618285	27.706590528998333	22.004469074160895	25.483938069851895	6.99095370590456E-4
124.0	25.271470301127657	25.21298879991508	22.2380509552359	27.277318736594125	1.7120712723856885E-4
125.0	27.568476807019422	23.360933069391685	24.26846432329285	24.801269773331196	8.560269648493927E-4
126.0	24.108476079409154	24.791106261519012	24.46949422362409	26.630723694141274	1.9974130647364428E-4
127.0	26.89400392002107	22.58964216182685	27.336197590976134	23.17911483082247	0.0010414963534787262
128.0	26.35679065892048	23.26379932201842	24.497877027381783	25.873129558398865	0.008403433280449249
129.0	24.01996550194105	26.809614372193824	22.37931029563039	26.787842644337566	0.0032671858971706743
130.0	26.78952013612318	23.698285020315467	23.627832201874575	25.88433410672589	2.853496089140935E-5
131.0	25.804501559088045	24.013166107972644	24.937475968072047	25.24431419743883	5.42167428435683E-4
132.0	26.254647993747408	26.13855337285049	21.725673704061872	25.875760350569514	0.0053645787707067745
133.0	27.600707036940815	25.0889681492385	24.118754127746893	23.1896017802333	0.001968905840502362
134.0	27.228968193785196	23.18558935112217	20.568711345449785	29.016645505896026	8.56037468189291E-5
135.0	26.617214179404296	23.274698565532606	26.224741594988956	23.882874847057103	4.708130170382951E-4
136.0	27.61034970259008	26.540270363316488	24.032185416120644	21.811844263949858	0.005350254022927337
137.0	28.72520573106489	21.34239992444032	23.907548392223802	26.024646209910102	1.997423608890761E-4
138.0	24.811090741784305	24.140239248443173	27.10204081632653	23.945445077716514	0.0011841157294794884
139.0	26.572340323541567	24.001629805815714	24.264247675700602	25.16055527529794	0.0012269196441818898
140.0	27.343206976720296	21.07459616901267	25.57376071565939	26.00815080617825	2.85332429400197E-4
141.0	25.89513396942285	24.913821464839643	24.659016624517818	24.53148580326156	5.421379581315415E-4
142.0	28.80487632282983	22.33339648828057	23.733224942704005	25.12814557291429	3.5667327130452247E-4
143.0	27.364989796337643	25.138388597464377	23.982472870128152	23.513991800546936	1.569355228977488E-4
144.0	28.566975246422246	24.70350078018789	23.060690585770804	23.66816284119934	6.705464197172605E-4
145.0	28.40715320269405	22.20822162339226	22.147915375510898	27.23578244895583	9.273494469573236E-4
146.0	27.77538250562334	22.08151940213246	24.054004620798615	26.084927505051237	0.004165966394347525
147.0	26.55626481322197	24.190457820489534	26.641622070365024	22.60797450495858	0.0036807909648851112
148.0	24.64230801551053	24.49266125975204	23.220285759817884	27.64413148312932	6.134817902197591E-4
149.0	27.99049171870417	25.284232609050473	23.605944773099	23.11700533367727	0.0023255654690908095
150.0	25.218706020529176	24.795861064535753	24.35411171313486	25.631321201800212	0.0
151.0	27.04351905435345	23.69326982452896	25.153935228781222	24.108790787342528	4.8510499384202016E-4
152.0	27.61197138988487	23.484093363828723	23.114210746342764	25.789481944608923	2.4255533471922793E-4
153.0	24.872065087644653	23.74558437996976	24.52716232331456	26.854389195510343	7.990135606869348E-4
154.0	23.36597201562947	24.184200594844445	24.552322126315623	27.89483709552112	0.0026681676893453785
155.0	27.850304600288368	23.466015254627862	24.335105263495837	24.348275239660037	2.996419278961641E-4
156.0	26.516743245034558	23.276708480486462	25.834922047307124	24.371426463720315	1.9976345153574574E-4
157.0	24.65717439558188	22.487767235883307	26.621979193599294	26.232608299844124	4.708750913925746E-4
158.0	25.028552854029705	21.125915660491298	26.35992063990356	27.485496691236484	1.141543389493463E-4
159.0	26.86689670317941	21.31250095428385	23.97833122831992	27.84171459728223	5.565169345962748E-4
160.0	26.792992660316116	21.02530111111983	25.422804177348223	26.758830702096738	7.134911908810118E-5
161.0	24.892832353841026	20.379347781415674	28.70527498846985	26.01904872802992	0.0034961482435351223
162.0	25.88101254045273	23.125446481957635	24.995326477311224	25.99818595968184	2.8540596572673922E-5
163.0	25.109370281765475	23.620370386226654	27.531813565910724	23.738388683486626	5.7082610524777564E-5
164.0	25.251154376813478	23.752961934820593	24.99354953245527	26.000835706591634	0.0014984493190190037
165.0	27.529085436923413	21.43190787422173	26.399434054004917	24.6389018798124	6.707550375487243E-4
166.0	24.96276470030793	23.355766804551926	25.643390013575402	26.037878675433777	1.9980613096549747E-4
167.0	26.748718168291923	23.43153395203791	26.22847825078587	23.590827187320482	4.424415638168435E-4
168.0	25.690406141745477	24.246244155477882	23.515820726549798	26.54731488463246	2.140915943786398E-4
169.0	25.918773987922005	22.10060332879921	25.34623251352744	26.634061885805714	3.282839456304693E-4
170.0	31.96094568713444	22.452447446045827	22.720972966461215	22.865448346126584	1.8555423193536774E-4
171.0	26.040683590282026	23.32017045795159	26.36851369412915	24.269918590570345	7.136670668911577E-4
172.0	27.634032758767074	24.636385105655837	23.84376478243467	23.885688926560686	1.2842658173388728E-4
173.0	29.323155068150232	19.66320632475903	22.59761221996822	28.41441400563078	0.0016123814917439645
174.0	24.76805921977265	25.247521927039713	24.054479793735297	25.92946820062011	4.7085883224155914E-4
175.0	25.172953134644477	24.78913600624152	22.528923973674424	27.507331763250182	0.0016551221893956322
176.0	24.84585408742609	24.0026156970072	28.018135803644086	23.13223866537242	0.0011557465502035611
177.0	22.0271795992897	26.259019292338376	23.760559014897208	27.929140226914296	0.02410186656042248
178.0	25.918405231955116	22.962531517909365	23.71275443162745	27.405923561962165	3.8525654590110573E-4
179.0	28.145768461897514	23.75307355220369	22.88966063531471	25.210213062042126	0.0012842885419629153
180.0	27.03775830698784	22.129109696094606	25.02460407336966	25.808313228317786	2.146952301017598E-4
181.0	27.829419706663266	22.309012261567688	26.42620762630779	23.434672366685678	6.880387755719287E-4
182.0	26.39417486749856	22.116789325578566	25.662965876435955	25.825998261599466	7.166888744659235E-5
183.0	23.7621045877667	24.311525365126574	26.048089512811934	25.877707145881768	5.733884130242885E-4
184.0	26.381242398507716	21.616264340693654	26.264736358313918	25.7342303261481	0.0035265763366154387
185.0	24.955378106403366	24.513545389338564	23.637950024625894	26.892538783635562	5.876959966148711E-4
186.0	26.85931410242075	22.744218197289737	24.992674729911126	25.40377863521187	1.4335166514427197E-5
187.0	24.293615575320924	22.591758459249554	27.395288926628435	25.71870485353058	6.321852705142325E-4
188.0	28.600660790609496	27.889895628189326	21.77565707628462	21.733355442067882	4.3106284867596177E-4
189.0	25.216606477444703	23.501917759087153	24.50482557962422	26.77554372910309	0.0011064547408280651
190.0	29.356046779659067	21.197068942226718	24.814128744657673	24.632539972235715	2.1556122082378874E-4
191.0	27.29604988389803	23.28984434172578	23.940746746819666	25.472927127349664	4.319002068658024E-4
192.0	27.496515779774246	23.19271193273439	23.948067841511172	25.36258926514628	1.1518083390923751E-4
193.0	27.952983352254503	24.250252426200255	21.54263943631631	26.253851191515025	2.735937139108292E-4
194.0	28.006964724342275	22.952700961976987	24.131421946312408	24.908897966730784	1.4400637545025393E-5
195.0	26.600632030168992	20.87726052470228	24.718382756329625	27.80311976497845	6.049238206470006E-4
196.0	28.42278694852694	21.854752027297412	26.31777400412124	23.404513725171356	1.73294883049782E-4
197.0	25.5163009449214	23.75675477757927	23.660285294881888	27.06605234715206	6.066354653825639E-4
198.0	27.91461516755391	22.757744709271442	23.876344100811053	25.451165718658952	1.3030370463567011E-4
199.0	26.038218764464403	22.905045852850833	25.017805417520535	26.038465507564347	4.6445759988342114E-4
200.0	27.878913330417593	22.774594867883796	23.989174703213752	25.357259035318226	5.806316662865949E-5
201.0	25.06384145630669	20.438469698045264	29.10932331322605	25.38803164498068	3.338874413174676E-4
202.0	25.508069191167408	25.296657703721653	28.15048049583122	21.04477809125421	1.4518025507880456E-5
203.0	25.960457725220504	24.890301144109724	21.721281178649267	27.427320922508812	6.390295116899556E-4
204.0	25.50420487247832	23.494793057875295	23.79749100584756	27.203409389823975	1.0167397484673013E-4
205.0	27.275221747083624	24.032498841205076	25.056436326851784	23.635044166391765	7.989184677557233E-4
206.0	25.78276584431848	20.700279216798336	25.5850332822937	27.93180543731859	1.1621927089840402E-4
207.0	26.50225977741501	24.079107102769925	26.195299110836977	23.22302887909083	3.0512988725450664E-4
208.0	28.582768252381186	22.347152021066645	21.27837152050132	27.791679140592528	2.9065458318679497E-5
209.0	27.170818593274376	20.446531850300982	25.037755578741056	27.344167210046606	7.267676369789839E-4
210.0	25.115180608689773	24.111145598378727	24.772506394884385	26.000847562965713	3.1983508140166273E-4
211.0	25.034276018362757	26.389203970375746	25.617390054981236	22.958315591821922	8.143644583429312E-4
212.0	28.986496532696933	21.86701023998631	24.06031620500457	25.085813314106264	3.637082059263488E-4
213.0	30.153835807742794	22.377561200840418	22.515379359474533	24.952888839203705	3.3479273854928774E-4
214.0	28.706015236271753	24.555050347170127	24.12275194488396	22.616138771326863	4.3700347301226784E-5
215.0	25.895741174986803	24.517219694598722	22.847114850125422	26.739530150084782	3.9413020427038616E-4
216.0	25.926237186078684	24.073718504479537	25.75601508057081	24.243955379801335	7.384906963465093E-5
217.0	29.68068538140316	22.286056084766166	25.203504183323176	22.829115334888765	6.390156187305881E-4
218.0	24.666311267715855	24.442562842200168	25.628721832059604	25.262149202196316	2.5485582805806755E-4
219.0	27.2779767363816	22.27086813931033	23.920444288831355	26.530059643158726	6.511923179902327E-4
220.0	28.116270407846542	21.7246874539747	23.998732896846118	26.159944081922298	3.6515941034058415E-4
221.0	25.783145717246953	22.161442169416613	23.857766705057028	28.197292828105365	3.5258017404890345E-4
222.0	26.438215805170433	24.025593228065595	23.67175122022773	25.86434671182778	9.303470845868468E-5
223.0	30.515509963017223	22.469929343484385	24.178410603213496	22.835444371990697	7.057182941941967E-4
224.0	30.5637372735166	21.920367547461435	24.363276769786978	23.152508323649734	1.100855852519285E-4
225.0	31.306551531723265	19.323083463765897	24.161667630412527	25.20779583940156	9.015346967490342E-4
226.0	25.48939299190614	22.230176812589942	25.97220955383351	26.308076368983492	1.4427268692009392E-4
227.0	27.38367650855052	22.95559088273409	25.91186928338581	23.747582336756654	0.0012809885729333276
228.0	27.684990915568306	28.10531390780789	22.837484071083257	21.37206446418961	1.4664135093833355E-4
229.0	27.795493780418294	25.29264803228631	21.111180463959606	25.800644871986506	3.285134928704359E-5
230.0	25.87595707172936	22.73362198414443	27.10351874821168	24.286902195914525	0.0
231.0	25.74142255074814	24.82310042144763	23.482084771719233	25.951927493228418	0.0014647628565771557
232.0	25.257530288174674	25.148872931643506	24.164915502448473	25.428461289314892	2.199884184558776E-4
233.0	23.126964811305324	25.265724270873562	21.806611614127544	29.80008272438991	6.165793036593126E-4
234.0	27.08802888234045	20.66538008841611	26.904343969639122	25.34090578522992	0.0013412743743956644
235.0	25.92772884752876	21.30166805719848	28.02667778857379	24.74371404210609	2.11264592881686E-4
236.0	28.56650561204622	24.12360742838114	23.577357792886637	23.7323507062216	1.784604644040973E-4
237.0	28.373308472011093	24.387439336084444	21.9506620282419	25.288391878754908	1.9828490765240944E-4
238.0	27.241519949816006	21.972876400014314	24.240247823619924	26.545337569859228	1.8256690529378303E-5
239.0	28.12293109320224	22.842696248005367	24.244422027972224	24.78880117378103	0.0011494570391358606
240.0	25.82862520656284	20.949453938975328	26.661787520924303	26.559961038304674	1.722952328589216E-4
241.0	28.645721224295386	21.154411222100723	23.250380232327466	26.94714890444213	0.002338416834301125
242.0	27.26233535729172	24.018674713838152	21.120540456437514	27.597450619192966	9.988532396460216E-4
243.0	27.94082268324066	23.475351021810823	24.54838267372534	24.03302055967722	0.0024230615459555735
244.0	27.117518551910674	22.759110278875866	25.159839255303574	24.96266500219618	8.669117137110756E-4
245.0	28.847915891447194	21.518927456064247	22.700357101409423	26.93117750390498	0.0016220471741524465
246.0	24.38913997391879	27.050394138807576	23.02405451753828	25.533916208221036	0.002495161514319326
247.0	26.990203203581498	22.49689428956268	24.529046387007376	25.841817107086445	0.1420390127619989
248.0	26.762734169631386	22.000251056269782	23.36800328584929	27.859213697195486	0.009797791054054122
249.0	25.582323389374455	21.063328586261264	29.327629067950028	24.010149905184967	0.016569051229289415
250.0	27.522210230211524	21.569502147063627	23.31416430561776	27.59297348726242	0.00114982984467163
