# Position (bp)	A	C	G	T	N
0.0	24.599351399650892	23.746196878987146	24.43569602006735	27.21871054252541	4.515876920075602E-5
1.0	23.12848635162697	30.71974906227221	23.636942195002327	22.43963297594209	0.07518941515639609
2.0	25.25516221114642	26.161445963431063	21.817161901354524	26.765360227548594	8.696965193995556E-4
3.0	26.19979530134019	21.57203536423311	24.49852798859369	27.723738017479544	0.005903328353461336
4.0	26.22703565720076	23.265573413134494	23.628053253739782	26.879247845722016	8.983020295038318E-5
5.0	28.61041816925943	23.323824432749106	22.324971064961964	25.740202995483173	5.833375463267235E-4
6.0	26.325195461655593	23.616300786176364	24.044930165018354	26.00764632171375	0.005927265435935442
7.0	26.368162911498132	25.269751522764412	22.690859001882107	25.67045154428611	7.750195692441234E-4
8.0	28.0750522436489	23.71069818948221	23.125063257979438	25.089171424659	1.488423045551699E-5
9.0	26.990952451270374	25.694253999880555	22.148444452103494	25.16623024943377	1.1884731180751013E-4
10.0	25.071395476680696	23.650997740374173	23.42784094763847	27.849765835306666	0.0
11.0	27.62206147630271	22.733359257613962	22.496075672369575	27.148402664923772	1.0092878998059717E-4
12.0	28.426099412247968	24.38579251911405	19.857929737116173	27.33016412534789	1.4206173917947697E-5
13.0	25.960205122104107	22.620910198472135	25.091556334222425	26.327117903121444	2.1044207988605825E-4
14.0	27.336406819719034	21.82539991048314	23.081509769666223	27.756641851466423	4.1648665188046496E-5
15.0	25.759165879179356	23.06980586466518	24.89477427946454	26.27625397669092	0.0
16.0	26.874138236554735	24.538684114167665	21.551205965332525	27.03589058474819	8.109919688816975E-5
17.0	28.82709869967605	26.740549322122746	18.6625932721891	25.768817182199577	9.415238125296132E-4
18.0	26.43478780833557	25.38014163716057	19.666449742041454	28.518436419945527	1.8439251687751292E-4
19.0	25.470166361815632	24.214220323466584	22.41925077227326	27.895890244180826	4.722982637003887E-4
20.0	23.16505054128289	26.06586955704634	23.935996778717477	26.833044105480873	3.901747241432186E-5
21.0	24.684544614732154	23.51157482755898	23.24928382979488	28.55426075560431	3.3597230967911674E-4
22.0	22.72347067862411	27.077587271397896	25.75821117908038	24.440679633488564	5.123740904719426E-5
23.0	25.635263531224805	23.670228435983418	22.635327551760348	28.058861653663186	3.188273682433148E-4
24.0	27.942245110738995	21.31576253514897	24.707048750434428	26.034905690183564	3.791349404442198E-5
25.0	25.703541827171893	25.1215791886575	19.754493040510038	29.42012304267083	2.6290098973459267E-4
26.0	27.0191404371326	24.85173076300097	19.59838972132859	28.5306767805391	6.22979987390885E-5
27.0	25.772850280681787	24.065698672756596	20.591792511673333	29.569646109842374	1.242504591054464E-5
28.0	28.007786061561195	23.291191660858225	22.540776247489607	26.157586990600052	0.002659039490921965
29.0	28.26082343549427	23.043393742733176	22.402084015757193	26.293406120875545	2.926851398144718E-4
30.0	24.26790121078331	23.595437682893685	24.677638803516793	27.458889019345122	1.3328346108553078E-4
31.0	26.580966256142034	24.33828918911582	22.981114660344407	26.0991955406347	4.343537630419242E-4
32.0	24.560863558676157	22.927940563501735	23.685914704473547	28.82506594848521	2.152248633501472E-4
33.0	24.65887388167525	25.15851682439662	24.150346025276335	26.03215650733925	1.0676131254730121E-4
34.0	26.609834804562603	25.898144288011366	22.46151971695461	25.030442273742675	5.891672874525985E-5
35.0	25.584345816161267	22.275135292146963	25.94655527285758	26.19364877576772	3.148430664735163E-4
36.0	24.894763032879933	23.465597890099154	25.718273103576202	25.921226158492132	1.3981495258001114E-4
37.0	25.71133019637771	25.641851730974725	21.091996476807005	27.55482159584056	0.0
38.0	27.775254667249854	25.334040425354516	20.537983837497396	26.352639554019643	8.151587859444266E-5
39.0	23.881251461937918	26.929766785026636	21.98031592645793	27.208537752374585	1.2807420293310881E-4
40.0	26.98149193084134	25.246041032469535	22.46351512334968	25.30887042256112	8.14907783289012E-5
41.0	24.81000372717455	23.931859520207176	21.589780790454334	29.663653343433875	0.004702618730064796
42.0	24.947255352067252	25.407516201077136	20.757467498042043	28.887737670985832	2.3277827741048597E-5
43.0	26.984990952768655	24.989816918671746	22.45747661615393	25.56416598119982	0.0035495312058490686
44.0	29.351685203284124	24.495273345822312	22.974987173759974	23.17786809447048	1.8618266311259477E-4
45.0	25.747058473802557	23.905603562466908	21.589974476852262	28.753861427585964	0.003502059292307116
46.0	25.91198204096904	24.25595341969416	21.756303600322212	28.07576093901459	0.0
47.0	25.942135215279134	23.56845363806108	22.680169760401828	27.807868710805316	0.0013726754526426387
48.0	22.628361960561556	24.086764204404037	22.409697575327037	30.87517625970737	0.0
49.0	22.59194990516624	25.95606258644444	23.4790459196828	27.971394848844554	0.0015467398619633524
50.0	27.777505795452367	24.484014319578716	19.884468885383484	27.853941227397446	6.977218799185759E-5
51.0	25.326878112436233	26.363821027845642	21.101609848033405	27.20567947195803	0.0020115397266887254
52.0	23.440658304070748	25.15907162258335	21.3117390697404	30.0885310036055	0.0
53.0	23.09508706500085	24.39126911163518	23.957806537796912	28.554470151583878	0.0013671339831854107
54.0	23.331856169418536	28.06503692040867	22.456691581498028	26.146357400678106	5.7927996658713156E-5
55.0	24.013234057098284	27.636971531542027	22.686002205753244	25.662520678214218	0.0012715273922256271
56.0	27.04453865245001	24.958318948434314	24.330962054726456	23.66618034438922	0.0
57.0	23.15098162784137	27.485383090670663	22.641922212420663	26.716766705332283	0.004946363735017748
58.0	25.652889406631836	24.677445205869653	22.028794052463187	27.640663333950016	2.0800108530344064E-4
59.0	28.0224830079828	21.340751099041665	24.032816761220186	26.6013030660391	0.0026460657162553245
60.0	23.714757105520675	22.63917476764927	23.89675157241812	29.749293477702764	2.307670917358035E-5
61.0	25.671396270265568	23.502740225766637	22.621451499353796	28.198608739233094	0.005803265380903034
62.0	25.808776441073324	21.35747330901323	24.668225119032634	28.165282860488826	2.4227039198541854E-4
63.0	27.17662841565167	23.80398043892783	22.06154486141164	26.955769786054955	0.002076497953899669
64.0	25.921911016872063	21.543906024413257	23.2605790358645	29.273580892779126	2.3030071054678225E-5
65.0	23.91566896954801	26.532101573336853	22.638431662616927	26.90908848063833	0.004709313859879144
66.0	24.651133926277954	24.24812209705236	22.63393324370351	28.466269592036152	5.411409300232242E-4
67.0	26.982554263918423	25.12872173976115	21.379506066805668	26.508653789695586	5.641398191759184E-4
68.0	23.789198011586986	22.294043038533992	26.40656826987138	27.510075553846058	1.1512616157979803E-4
69.0	23.155060945004443	24.5332077748051	24.924526737980226	27.384683394500904	0.0025211477093243324
70.0	26.189577212949793	22.453525708830092	24.527921825877886	26.82867632315257	2.989291896535549E-4
71.0	25.059118781122613	22.366087793596535	25.596947808805222	26.977020303389676	8.253130859579627E-4
72.0	27.547940287997037	25.550349967426232	22.311987925928946	24.588254738325592	0.0014670803221891774
73.0	25.476631880836987	22.45522034998542	22.949673779699527	29.115081591749686	0.0033923977283771317
74.0	24.74948130313384	26.105284147328817	22.972269127609458	26.172220538275848	7.448836520384886E-4
75.0	26.224568712476092	24.772365604347993	21.17724388287172	27.823862274931038	0.0019595253731606675
76.0	27.14140825806709	23.952948289021922	24.508070383225032	24.396690741246413	8.823284395425688E-4
77.0	24.248440552029514	25.144102628915494	23.474523067707068	27.1322004192139	7.333321340297391E-4
78.0	27.42245935875744	26.520314921005646	19.841345590318767	26.215353069308815	5.270606093347705E-4
79.0	27.403345327087596	20.43626650974418	22.546161288267616	29.61179787613848	0.0024289987621272345
80.0	24.047932072933833	23.038695902985555	28.014701796536162	24.89610382914661	0.0025663983978341433
81.0	25.46467487910313	24.160745033372454	22.276599574235874	28.097407664510428	5.728487781192848E-4
82.0	23.05167699771268	21.87838866615226	24.04458016771409	31.0241053921358	0.0012487762851655115
83.0	25.517492390727547	22.36878644820883	23.43888477989704	28.673931333705433	9.050474611471145E-4
84.0	24.354486609045345	25.415640605711236	24.852425933444348	25.376255444958378	0.0011914068406914924
85.0	24.941952421662833	27.005512472282128	21.284390806001323	26.76749133997375	6.529600799681355E-4
86.0	26.39177364511152	24.803958763755762	22.201412266678396	26.601033976051674	0.0018213484026430857
87.0	22.270517367695916	21.854967333767387	25.818820735028037	30.05486983219925	8.247313094121544E-4
88.0	25.50840799643638	26.487728738497573	24.892562676401496	23.11059042964506	7.10159019494896E-4
89.0	26.64441500565703	25.889827819745744	22.290737525619267	25.17405753055814	9.621184198258703E-4
90.0	23.506206170790733	25.711692954695316	24.996440805061834	25.78555698737829	1.0308207383264993E-4
91.0	27.504547517173595	24.468906573232495	23.197468646126083	24.828550413474165	5.268499936663468E-4
92.0	26.064998835240736	23.690928552498576	22.330851644028495	27.9131980624453	2.290578689509539E-5
93.0	26.356365955198203	26.494369512139677	20.943362538550808	26.205546964213788	3.5502989752577373E-4
94.0	28.28352375108425	23.176441108612213	22.19153000038709	26.3441189007512	0.004386239165244861
95.0	23.918599919904985	26.38329094771733	23.76344875344833	25.932221111254773	0.0024392676745842853
96.0	25.999410935753293	23.89521252462355	24.31367258883888	25.790730574793407	9.7337599086813E-4
97.0	25.628077751603257	24.979754572283277	23.0610308037389	26.330965106867914	1.7176550664640904E-4
98.0	27.660453243829018	23.228746237319562	23.72516585107572	25.38562321713529	1.145064041141693E-5
99.0	22.18833159414874	22.17437460914145	26.266278664773374	29.37100368239993	1.1449536511312485E-5
100.0	23.391059763278854	24.672922427278472	24.254397318691503	27.681620490751175	0.0
101.0	23.96946788617742	21.98632990560122	27.418429886584768	26.62570362884552	6.869279106938762E-5
102.0	25.22309589871785	24.00414085407577	24.61340654750509	26.159322349070198	3.435063108979438E-5
103.0	26.684539644864724	24.91738184341279	24.514844819383878	23.88309629596553	1.3739637307924165E-4
104.0	25.8426214995415	26.77445507841057	22.754286914199202	24.628224323826423	4.121840223046514E-4
105.0	27.741351813819875	23.330751671286485	20.300932329614884	28.623529093850365	0.0034350914283934582
106.0	26.844560655754222	22.701177853226582	24.428156998853613	26.026024341170267	8.015099531505982E-5
107.0	26.278286766713858	24.553511775573376	22.3743737508652	26.793003299347518	8.244075000472317E-4
108.0	24.588084414629037	24.62871923378005	23.826144344174743	26.956960410190696	9.159722547424177E-5
109.0	26.580960375753016	24.605106243834616	24.795151225383112	24.017992161431643	7.899935976171046E-4
110.0	25.163481491446248	23.950952976566995	22.37314778507008	28.51238340026161	3.4346655065129845E-5
111.0	25.08192539505203	23.311785006147122	24.695637797587086	26.909793104458974	8.586967547903258E-4
112.0	26.555978545041093	23.747391203347778	23.259263296090133	26.437229567579468	1.3738794152906597E-4
113.0	28.347834509253396	21.516114285531103	22.61519416104657	27.52002128551359	8.357586553398854E-4
114.0	26.496703670115824	22.64967838128982	27.35873088637574	23.494555042120187	3.320200984359449E-4
115.0	27.576942008779042	23.39159351083091	25.24603111629101	23.784654775558685	7.785885403445689E-4
116.0	26.41884295578929	24.613223424564072	24.58355703349371	24.384296437662968	8.014848996237486E-5
117.0	26.569668307655952	26.653881789232493	23.429186709589782	23.34649605507642	7.67138445360736E-4
118.0	26.451293713591923	24.08985035284139	25.12873246283896	24.32979142782	3.320429077295124E-4
119.0	27.74191383968125	21.34461677200283	24.01235179981373	26.90048783861365	6.297498885342697E-4
120.0	25.340041125645957	23.572135273811636	25.096250476457747	25.99152732460143	4.579948322153107E-5
121.0	27.87782836412368	23.649322809358175	23.24434579076489	25.227827482469394	6.755532838645129E-4
122.0	27.73201835028358	22.699934208100718	24.50881068718757	25.05882455317957	4.122012485575819E-4
123.0	25.27057773362659	27.06178086149088	22.67636343984006	24.9905108152661	7.671497763758402E-4
124.0	25.679350501898636	24.77812219332246	22.571400960607928	26.971046194276934	8.014989404184008E-5
125.0	27.802031629149305	23.053033515045435	23.58418961597265	25.55977200705445	9.73232778159374E-4
126.0	24.700505985643797	23.680187669595533	25.17191271870732	26.44727912634893	1.1449970441901305E-4
127.0	26.239340381752275	23.263858634389535	27.106055694791454	23.38971480730163	0.0010304817651099255
128.0	26.500469165869454	23.18993861054767	24.543025573118026	25.757337908774	0.009228741690840588
129.0	24.74356471523761	26.13927568947128	21.97847758420415	27.135464583391776	0.0032174276951825033
130.0	27.102416785281346	23.672928750698034	23.3560211696142	25.868610393977832	2.2900428592971332E-5
131.0	25.97677001296051	24.518526635455647	23.940198682010426	25.56378330541196	7.213641614605356E-4
132.0	26.730779227649325	25.848680951747376	21.823705380687272	25.591017753032176	0.0058166868838519835
133.0	27.42095379859163	24.728722734298962	23.834075685578522	24.014278353466537	0.001969428064349917
134.0	27.08172363712642	22.518953385640543	20.886509604590675	29.512721771672673	9.160096968786511E-5
135.0	26.083713674642638	23.324245446008938	25.959561019661642	24.631918808308555	5.610513782227105E-4
136.0	27.323681047234032	26.254121244334684	24.200168868823916	22.216097591249053	0.005931248358315187
137.0	28.838385012332584	21.570214557569837	23.42625702091759	26.16492585276675	2.175564132367276E-4
138.0	25.52093310358481	23.98598883599869	26.66397743795891	23.827875470009126	0.0012251524484671683
139.0	26.493737516596827	23.819867555128493	24.36754573946402	25.317555334595284	0.0012938542153770338
140.0	27.424072459823645	21.366242872176823	24.82650539751444	26.382893018274228	2.8625221086895063E-4
141.0	26.142339362803057	25.140362821605876	24.486725617105197	24.230194340418972	3.778580668918701E-4
142.0	28.664349653759125	22.4596550404191	22.88835548152025	25.987353565994166	2.8625830735920873E-4
143.0	27.34522861192017	24.96514236582602	23.750595559726527	23.938930409654635	1.0305287265035157E-4
144.0	28.20067813471275	24.32054849858611	22.73941737025166	24.73882928098301	5.267154664729575E-4
145.0	28.842254358127622	21.788685843248818	22.397303683161017	26.970759939290506	9.9617617203848E-4
146.0	27.680366888353568	21.49530912464398	24.198170275786875	26.621596461742346	0.004557249473225473
147.0	26.82749880573595	24.177011229975182	26.36087705469523	22.63088011878977	0.0037327908038690947
148.0	24.583886483412826	24.486100007396963	23.460177888943416	27.469297451116493	5.381691302980746E-4
149.0	27.785832602597488	24.419291151496942	24.174043300936678	23.618542835242863	0.002290109726027303
150.0	25.980084165316335	24.04479259310406	23.727171637953333	26.24794015287441	1.145075186209264E-5
151.0	26.683041618715542	23.984014382475365	25.330539285571145	24.00179780942075	6.069038171959899E-4
152.0	27.940073619716205	23.513844205381716	23.17226658605027	25.37370107692739	1.1451192441296894E-4
153.0	25.291163682514465	22.967385201550368	25.129700315975796	26.610880500962423	8.702989969460521E-4
154.0	23.185337472497913	24.091250187946915	24.86637589909624	27.854746150566633	0.0022902898922979725
155.0	27.79821872140523	22.708713881123646	23.797213216322167	25.69571675448612	1.3742666283398974E-4
156.0	26.143077880147175	23.318108481023792	25.51519874078309	25.023374397144405	2.40500901534808E-4
157.0	24.813796602385672	22.5884834766137	26.21573196101797	26.381655837369866	3.3212261279714236E-4
158.0	25.28087088786432	20.601859725639446	26.304795405785235	27.812393811237307	8.016947368625997E-5
159.0	26.776209751540396	21.467620332642376	24.13443313921693	27.621164128058417	5.726485418821974E-4
160.0	27.35396862501393	21.017685609450133	25.32168746577656	26.30661248716245	4.58125969294336E-5
161.0	25.67380290762439	19.87433676848109	28.732633659347478	25.715298185317476	0.003928479229569102
162.0	26.032401786736912	23.035013171458026	24.464139273851792	26.468399954186232	4.581376703699461E-5
163.0	25.38679116157899	23.722901081179213	26.825797798469658	24.064464143667006	4.581510512562216E-5
164.0	26.318901939798838	23.767277743695846	23.96871874497457	25.94326893604973	0.0018326354810141257
165.0	26.88138344987584	21.836007528271395	25.92509230219245	25.356863820461427	6.528991988926829E-4
166.0	24.358668606634424	22.7429604576931	26.011948167030585	26.886308221655746	1.145469861427929E-4
167.0	27.01182282724005	22.914263740309494	25.93677042344693	24.136707718738798	4.352902647217745E-4
168.0	25.896913678749083	24.244588963034506	24.114100673817195	25.744316496705032	8.018769419025263E-5
169.0	26.57985898104301	22.23106612178164	25.346054801704764	25.842699332274126	3.2076319645565833E-4
170.0	31.538437304350865	22.387101319688323	22.697000958304862	23.377334400280446	1.2601737550485713E-4
171.0	25.589719872105587	23.423983444160417	26.267502050405078	24.71810725070666	6.87382622257014E-4
172.0	28.042802528623785	24.17203449139806	23.566995000697098	24.2180534188443	1.1456043675937393E-4
173.0	29.767277532165554	19.37249032848164	23.194081875077973	27.66490155036424	0.0012487139105927714
174.0	24.56585683279784	25.834458447348386	23.479847332004773	26.119436413825813	4.0097402318431803E-4
175.0	25.68101048515721	23.993729322155673	22.906981393620686	27.416617525428656	0.001661273637775667
176.0	24.813809465047875	23.717926022883553	27.995395836706194	23.471425004809372	0.00144367055300488
177.0	22.7342911106245	25.97316330626472	23.827577628762697	27.440916384298486	0.024051570049596193
178.0	25.773497665448826	22.998055915571193	23.721278696097716	27.50685837422846	3.093486538063175E-4
179.0	28.398063953783492	23.94773807298983	22.87120452659256	24.781847613074007	0.001145833560112892
180.0	27.75319142481127	22.052548933801408	25.152566907185168	25.041520355201868	1.7237900028454028E-4
181.0	27.944329103589077	21.50903424956059	26.039264318131504	24.506589923448548	7.824052702819005E-4
182.0	26.036621478655302	22.37273643864967	25.52069216393957	26.06981186515476	1.3805360069100428E-4
183.0	24.0307760521845	24.08048795668426	26.02648870242035	25.86183311871274	4.1416999814658924E-4
184.0	26.410392821098583	21.884266032436493	25.964829402606536	25.736450394238542	0.0040613496198438695
185.0	25.735097111609644	24.07830222095116	23.835441230826998	26.350653260516065	5.061760961329642E-4
186.0	27.418904480359707	22.69585042711099	25.145297349759314	24.73991322828582	3.451448417585682E-5
187.0	25.04636824796424	22.43281603045385	27.2011303791115	25.319062988555025	6.223539153840702E-4
188.0	28.05007040603368	26.967130288794404	22.232389357295553	22.750018066867117	3.918810092503512E-4
189.0	25.240495920067417	22.613826436275627	24.854028771331162	27.29087658352344	7.722888023541206E-4
190.0	29.288073343731302	20.223936772963434	25.650432230479886	24.837350154528593	2.074982967848139E-4
191.0	26.96865311706705	23.543032486232285	24.483382410777807	25.00472420184653	2.077840763287878E-4
192.0	28.10972038058367	22.831776044027237	23.28322793760622	25.77521791621923	5.772156364483507E-5
193.0	28.329103977272663	23.869085506576564	21.424818274697515	26.37683060265755	1.6163879571246166E-4
194.0	28.95855889475299	22.411528638761535	23.47167356537741	25.15823890110806	0.0
195.0	26.807695843147183	21.04722287532398	24.702120160766196	27.44246455813085	4.96562631791187E-4
196.0	28.507065271803324	22.126693978271476	25.995084374108412	23.371029057981122	1.2731783566623977E-4
197.0	25.627372358722344	23.655107242856253	23.44073613634919	27.276205443877732	5.788181944785143E-4
198.0	27.7851693932162	22.60844137556166	23.869503145465718	25.73679332822935	9.275752707041468E-5
199.0	26.015906725157066	23.043433306070856	25.153978772445072	25.786332670359492	3.4852596750808583E-4
200.0	27.833254617373626	22.947787791067512	23.17867244807797	26.040227050521704	5.8092959191438955E-5
201.0	25.66581511181799	20.34559198941974	29.315920187008977	24.672486799660433	1.8591209286123128E-4
202.0	26.087839685352044	24.754390456162138	27.895815047876184	21.26195481060963	0.0
203.0	26.158552063884073	23.91213940608937	22.216950517365785	27.711753613377866	6.04399282903497E-4
204.0	25.66178266362778	23.32814620879395	24.33286437263788	26.677137009484568	6.974545582200773E-5
205.0	27.941516496365093	23.142572866361498	25.06410793685262	23.85108196202197	7.207383988145481E-4
206.0	25.694809374154204	21.23956791908993	25.77485492978313	27.290674768338747	9.300863399149343E-5
207.0	26.872084520009825	22.892479406102257	26.27423561328321	23.96102604197977	1.7441862493239825E-4
208.0	28.65004345026759	21.536143737578993	21.808684843206873	28.00511633878927	1.1630157276942887E-5
209.0	27.53388151734294	20.45715475516089	25.00448419017619	27.003863033871628	6.165034483480616E-4
210.0	24.944586897238537	24.261050045140216	24.765736250849287	26.028347588954144	2.792178178196811E-4
211.0	25.783327865817263	25.2915772594932	24.996121923242125	23.928239811655224	7.331397921862892E-4
212.0	29.052387497725523	21.62129376931703	24.42567096004572	24.90040329955216	2.4447335956338453E-4
213.0	30.182929421607756	21.82348663703551	22.98076265649801	25.012495147247055	3.2613761166864466E-4
214.0	28.233004865534888	24.645667960607177	24.44005554950124	22.681236658241776	3.496611492079884E-5
215.0	25.555059678110926	24.785192430029902	22.957891831146956	26.70152910855092	3.269521612939085E-4
216.0	26.6580803126207	23.853802571209446	25.712401274924883	23.775668637539386	4.720370558529586E-5
217.0	29.806584098208006	22.8139786785246	24.670320012161984	22.70846397962868	6.532314767307071E-4
218.0	25.438718897973455	23.723396641808105	25.016294059483908	25.82136301393307	2.2738680146475396E-4
219.0	27.237344877679387	21.69964223345233	24.86534252476548	26.197102902313507	5.674617892963667E-4
220.0	28.704163287781192	20.722270397764095	24.546995066059736	26.026280417845943	2.9083054903475766E-4
221.0	25.923378575577	22.26701708663377	24.069666710591175	27.739730205908337	2.0742128972117699E-4
222.0	26.11805253277109	24.254867719667235	23.42603561519586	26.200871695085564	1.7243728025024099E-4
223.0	31.11631582303554	22.238545990992744	23.970698261881175	22.673805977913563	6.339461769751494E-4
224.0	30.686559954416442	20.925651792771287	25.204182580490947	23.18349350805701	1.1216426431583661E-4
225.0	31.422973405149175	19.07325861741236	24.45828202467774	25.04457185102596	9.141017347647415E-4
226.0	25.20773409024623	22.331000485423264	26.035736157405637	26.42535219746988	1.7706945498780624E-4
227.0	27.95585062448281	23.030395551518094	25.33574032380004	23.676813664040512	0.0011998361585432867
228.0	27.711453045115693	27.68640814896545	23.192612563535555	21.409449299537982	7.694284531564263E-5
229.0	27.81842083293163	25.34568495078592	21.411336982764926	25.424531386464366	2.5847053164545183E-5
230.0	26.028943720889743	22.34688089224335	26.96247612521067	24.66168624821244	1.3013443798384798E-5
231.0	25.559268846122627	24.703924643881507	24.03150747207169	25.70392662332564	0.0013724145985324402
232.0	25.581406136230562	24.44468918471538	24.37638279357501	25.597362848479882	1.590369991626702E-4
233.0	23.86803970486756	24.628282935517927	22.232463174126742	29.2708388626431	3.753228446683513E-4
234.0	27.522574410030582	20.78712533930278	27.052622047025693	24.63644091440841	0.001237289232538042
235.0	26.05560746591714	21.35966628543111	27.503940891503348	25.080551863533145	2.3349361525444004E-4
236.0	28.310971885212734	23.467731087270092	24.06890207420405	24.152144558140858	2.503951722697919E-4
237.0	27.855604726742815	24.33670495822758	22.234710415185692	25.572839495425836	1.404044180777428E-4
238.0	27.184870620875007	22.84674042149858	23.95290644511107	26.015425619750665	5.6892764676875406E-5
239.0	27.97641237330036	23.156403041354263	23.914259245388184	24.951770753369193	0.0011545865880046825
240.0	26.33601026935982	20.91440546804205	25.646683649602647	27.102737258417143	1.633545783387671E-4
241.0	28.763596763462964	21.470312540651843	23.388343560562415	26.375531958387384	0.0022151769353993453
242.0	27.39174567574098	23.82882199786621	21.286791990754576	27.491701849948953	9.384856892849663E-4
243.0	28.451869856891772	22.88295976191958	24.214558323420032	24.44820928535728	0.002402772411337325
244.0	26.56177747398514	22.754681613503703	25.90926616884741	24.773317916454932	9.568272088169234E-4
245.0	28.639657362582998	21.344394620312094	23.253347547968026	26.760877573911827	0.0017228952250483197
246.0	24.042140491613058	26.48370035182098	23.460263675920768	26.011644738688112	0.0022507419570861535
247.0	26.234552354907425	22.934739445998066	24.707376032042	25.98770879346169	0.13562337359082127
248.0	26.74932053714028	22.34627176316868	23.33860286752367	27.554997846881275	0.010806985286093864
249.0	25.53413107966902	21.13776951234464	29.175504445192104	24.136760478696058	0.015834484098181643
250.0	27.509675887056407	21.495086778168705	24.01451145098948	26.979894914057333	8.309697280749769E-4
