# Position (bp)	A	C	G	T	N
0.0	24.779079665650773	23.107875871192153	25.3047412585633	26.808240628315893	6.257627787538518E-5
1.0	23.259456637949132	30.132670980503683	24.165212620792257	22.369199844467193	0.07345991628773403
2.0	24.546075365776073	26.128682376118377	22.575515076662068	26.749021660932236	7.055205112450632E-4
3.0	26.05065626555755	21.493321644457318	24.15073010204198	28.29774453488717	0.007547453055982404
4.0	25.632767411100538	23.790964857903408	24.337066276383094	26.238890675294453	3.107793185065355E-4
5.0	28.77472181554704	23.830131050819702	21.87020500982436	25.524114286281947	8.278375269512854E-4
6.0	26.5365668266063	23.402954924288586	23.918796383698137	26.135981046843792	0.00570081856318717
7.0	25.50729083368843	24.961135412859317	23.456584736138264	26.074185029037377	8.03988276614022E-4
8.0	27.8202712311859	24.385737745035435	23.63978606699949	24.15408136276409	1.235940150834136E-4
9.0	26.350857994255293	25.934779153329423	21.95662540011733	25.75742901727874	3.0843501921858606E-4
10.0	25.234536338751333	24.330001832571956	23.11236871018984	27.323072573958246	2.0544528622226384E-5
11.0	26.84951885544952	22.796413720585658	23.071160004460943	27.282728185192855	1.7923431102330844E-4
12.0	28.451584980763872	24.00805295468277	20.140523784047478	27.399818625730227	1.9654775658425156E-5
13.0	25.719847767724342	23.189579779617997	24.90880888756072	26.1816469834798	1.165816171385858E-4
14.0	26.733732276299705	21.939788124472358	23.45111795869699	27.87530400091916	5.76396117856867E-5
15.0	25.63103672209038	23.360239834459282	24.19735346574795	26.811332034015003	3.794368739410154E-5
16.0	26.841160298176142	24.6561586993489	21.57364594470693	26.928866858525936	1.6819924209421512E-4
17.0	28.55805013639829	26.768424758221354	19.172686787993435	25.499427995368286	0.0014103220186433582
18.0	25.95552626753336	26.054137083573302	19.737283775431223	28.25294383090844	1.0904255367483401E-4
19.0	24.90133692846751	24.329754713821945	22.562317848966032	28.20595764747747	6.328612670461183E-4
20.0	22.967866811521017	25.10601177856809	24.130236838298973	27.795830735753146	5.38358587734684E-5
21.0	23.78256857670084	24.42654165397957	23.652576667343116	28.13795676450565	3.563374708270967E-4
22.0	23.037854085315942	26.57141525364476	25.74756150873944	24.643133839994295	3.53123055616175E-5
23.0	25.56971928735751	23.9467496037603	22.578814999353884	27.904258994399463	4.571151288405363E-4
24.0	27.80709406019437	21.956991375762293	24.34861687049634	25.887227994288843	6.969925815594582E-5
25.0	25.46398378115247	24.85351805833205	19.6634558098655	30.01880093716714	2.4141348283955369E-4
26.0	25.95069855241704	25.650437771639496	19.459300680631138	28.939494364276726	6.8631035606296E-5
27.0	25.11270993397079	24.922863750988657	19.928712218905815	30.035628479564437	8.561657029950902E-5
28.0	27.302014782056368	23.689577155022274	23.009691294565332	25.99593965052004	0.0027771178359885006
29.0	27.46703114815195	23.55589803140025	22.64256690721527	26.334100824836426	4.0308839610959235E-4
30.0	23.6276196303708	23.869072363754533	25.140377556406257	27.362780313044453	1.5013642396390854E-4
31.0	26.549028929282574	24.712672487801445	22.250735498675073	26.487015319486286	5.477647546246285E-4
32.0	24.24076051457801	23.007375793642307	24.10161912079487	28.650030684486154	2.1388649866156413E-4
33.0	24.280709121722737	25.620794504808746	24.50755073655464	25.59083152327364	1.1411364023164416E-4
34.0	26.681692503921788	26.2345584115938	22.340554646288144	24.743129708857143	6.472933912315696E-5
35.0	25.746889072088287	22.06874606339492	26.183933227818585	26.000159663982508	2.7197271569716125E-4
36.0	24.119480676403786	24.17657168493755	26.35574762769438	25.34802419878795	1.7581217633577697E-4
37.0	25.28477418185891	25.483344786666816	21.113337512029197	28.118511564085434	3.195535964079619E-5
38.0	27.199668002971745	24.946723773648436	21.05555055934247	26.79791390089001	1.4376314733949524E-4
39.0	23.519767391163043	27.299277696922097	21.586332601825855	27.594302897756588	3.194123324143308E-4
40.0	26.607188167833673	26.370055565677823	22.155195224005674	24.867401357228847	1.5968525397700117E-4
41.0	24.605417930234605	24.62445028507817	21.319095471369316	29.446118557200606	0.004917756117297425
42.0	24.55008866274359	26.08641995215868	20.03054781553743	29.33291163915836	3.193040194149616E-5
43.0	26.202818781018482	25.93585030354016	22.272680108741287	25.584835603033646	0.003815203666426687
44.0	28.68433766938958	25.074087617396174	22.641290796472013	23.600076421933988	2.0749480824048072E-4
45.0	25.86662874881626	24.36592130003329	21.256817153933387	28.506659083096586	0.003973714120473437
46.0	25.62091638854159	24.047192565742705	22.538798547552805	27.793076540711848	1.5957451052513576E-5
47.0	25.872441361492626	24.235037172318915	22.916175359780244	26.97471861079527	0.0016274956129419729
48.0	22.599317652200405	24.244672248158952	22.224807920210925	30.931202179429718	0.0
49.0	21.90718903628585	26.517019479450692	23.925277735601576	27.64888695232785	0.0016267963340304101
50.0	27.339573055995313	24.43653754239514	20.264618080523775	27.95919158225913	7.973882663678694E-5
51.0	25.053524176567993	26.750512041444864	21.307126803705355	26.886461137868107	0.0023758404136832462
52.0	23.447377145115286	25.86601566982377	21.32183361988717	29.364741734700324	3.18304734448705E-5
53.0	22.77778907358953	25.049322103037287	23.850278745334652	28.321101028187144	0.0015090498513824168
54.0	23.405131642587854	28.557153397308777	22.39179623374571	25.645855190373663	6.353598400163922E-5
55.0	24.388509255337766	27.792863790947802	22.2816962666714	25.535535856033153	0.0013948310098830117
56.0	26.717918020339205	25.40905753328176	24.478821215695802	23.39420323068323	0.0
57.0	23.505156207559182	27.63397312756467	22.362334471902734	26.493576015433916	0.004960177539492046
58.0	25.109216458860928	25.513867994578238	22.026959233144378	27.34976616506588	1.9014835057397863E-4
59.0	28.070994070359657	21.918199990366553	24.1781148357624	25.829791562621214	0.0028995408901812355
60.0	23.301811144070665	23.403611655573144	23.927249816619845	29.367279916914075	4.746682227345826E-5
61.0	25.313857443727787	24.174696362936785	23.406807216411337	27.09884848270066	0.005790494223428276
62.0	25.810082097431653	21.61910107631261	24.699075751309994	27.871408850398655	3.322245470909311E-4
63.0	26.375452372602055	24.094863268270142	22.279931021532754	27.247317165694334	0.0024361719007187184
64.0	25.58802372324877	21.677588383788535	23.473698257394567	29.260642258556878	4.7377011252829794E-5
65.0	23.638328332302176	26.851226350112604	23.307773911071656	26.19755510056226	0.005116305951306032
66.0	24.436945045533268	24.353697927917345	22.74466946851958	28.464119102750185	5.68455279623152E-4
67.0	27.1497912384079	24.853453199208438	21.40919877327795	26.586814680053894	7.42109051819896E-4
68.0	23.781925649352033	21.7851412068019	26.819305912624813	27.61342197615473	2.052550665239565E-4
69.0	23.27296685058798	24.889704048142463	25.024850533670733	26.809605125967263	0.0028734416315591045
70.0	26.215764626599668	23.13571036749146	24.28702141115623	26.361125174841828	3.784199108158875E-4
71.0	24.348090214011236	23.02085655145445	26.045010108878273	26.584942026334208	0.0011010993218329276
72.0	27.314322005428032	26.170537631973307	21.837075958493287	24.676302872680285	0.0017615314250915054
73.0	25.173058565805345	22.295894055981996	23.020508489769345	29.506245645818492	0.004293242624822491
74.0	24.724927663440685	26.1903238127346	23.61479478997514	25.46908888720812	8.648466414624148E-4
75.0	25.736083653663666	25.38280438143029	21.531025697026074	27.34780633666785	0.002279931212116781
76.0	26.69731530159225	24.3625673029935	25.13018777857512	23.808970503977644	9.591128614833481E-4
77.0	24.624932885457586	25.188136900302577	23.415621199626752	26.770444288444352	8.647261687363757E-4
78.0	28.028642741432396	26.38220549171916	19.727816292033083	25.860785221258524	5.502535568389915E-4
79.0	27.675843526671105	20.54367228048309	22.66043207405798	29.11730091588331	0.0027512029045156515
80.0	23.803109145504546	23.693883938628264	28.46635579089315	24.0340729824974	0.002578142476642265
81.0	24.803375502486574	25.302136460042217	21.805622190461037	28.088409969937267	4.558770729044903E-4
82.0	22.544211525562694	22.479149614572233	23.888677639844992	31.086656523568713	0.0013046964513671255
83.0	24.974449143657274	22.664591998958787	23.85502140738927	28.50485285504687	0.0010845949477995456
84.0	23.503627928265367	26.317400145327753	24.25158016029434	25.926118615799542	0.0012731503129985032
85.0	25.215999592613734	27.571405759234718	20.902420301918486	26.3094513613491	7.229848839577827E-4
86.0	25.955737695127652	24.895652695962177	22.4006370694053	26.746165183534643	0.0018073559702311186
87.0	22.5075680392779	22.05269206585982	25.84691871620155	29.5917996917624	0.0010214868983304663
88.0	25.331666130540597	26.8286128834002	25.32523890348678	22.513759215960015	7.228666124097654E-4
89.0	26.5388767456076	26.665938593582794	22.862914314178724	23.931311804369383	9.585422614997571E-4
90.0	24.076277691399355	25.68364965120838	24.705618927376392	25.5343123120811	1.414179347796198E-4
91.0	26.900127945009572	25.28437243546303	23.496253330804706	24.318649222486204	5.970662364856807E-4
92.0	25.849069113627245	24.01526270920944	22.7247103362654	27.410957840897915	0.0
93.0	26.621338591670735	26.431095162091832	21.108945274652662	25.838353886086153	2.6708549862427405E-4
94.0	28.040791747765077	23.575518101605148	22.6444096336821	25.73463023759314	0.0046502793545349416
95.0	24.050667114918458	27.01060565834102	23.00554397397207	25.93049688396929	0.0026863687991617274
96.0	26.254690514411998	24.47429400954134	23.797329876513032	25.47277447687814	9.11122655488972E-4
97.0	25.299781437348674	25.23443569712124	23.47094894895461	25.994645419247902	1.8849732757913825E-4
98.0	28.44789929205433	23.008446309708912	24.097656323014604	24.445935245848982	6.282937317176342E-5
99.0	22.395987452464556	22.372066592658072	26.562237899311867	28.669692349157227	1.5706408277402814E-5
100.0	22.432169172963036	25.272758798108548	24.177074754160564	28.11799727476786	0.0
101.0	23.76743996130386	22.229221240161063	27.69349640992782	26.309653933374793	1.8845523245952924E-4
102.0	25.083096943738152	24.311520048575765	24.717569339595453	25.887797962010445	1.5706080184879412E-5
103.0	25.863612335797992	25.62892474323978	24.93439457856585	23.572754253005915	3.140893904687062E-4
104.0	26.241585495604784	27.05226748956652	22.71379495816795	23.991849522396148	5.025342645921424E-4
105.0	27.47210343500235	23.483198141270773	20.0070170357861	29.03411633171105	0.0035650562297315953
106.0	26.023422257882288	23.35240351326016	24.92574439739849	25.698382717451167	4.711400788971176E-5
107.0	26.143559082263135	24.349855771284414	22.16922877840288	27.33652403770048	8.32330349088771E-4
108.0	24.11001701546592	25.01330020269069	24.586186255598804	26.290355201776794	1.4132446778775703E-4
109.0	26.487889713439973	24.803704607426486	25.202214951266487	23.505311430024065	8.792978429881806E-4
110.0	25.197199158039123	24.003845536668415	22.926508044821258	27.872384455691385	6.280477982057303E-5
111.0	25.11285115988335	23.778641050485753	24.218363716670066	26.889217679912985	9.263930478441185E-4
112.0	25.828724489115018	23.92082391611367	23.849338092774563	26.40100359627231	1.0990572443965743E-4
113.0	28.39678934588355	21.739159787568294	22.430555097629345	27.432585149939698	9.10618979120763E-4
114.0	26.128187454762124	22.171449386177976	27.24207934860601	24.457938393276297	3.4541717759624185E-4
115.0	26.878243803200412	23.770913320255403	26.185033843977745	23.165086726223443	7.223063429959602E-4
116.0	26.851429198622785	24.8317382164934	24.86689563741786	23.44982703145592	1.0991601003627386E-4
117.0	26.049599292012942	26.953928395450216	23.822442348077516	23.17313493114053	8.950333187929675E-4
118.0	27.450489316683875	24.189006174850732	24.84439611687073	23.515747243300112	3.6114829455568946E-4
119.0	28.040655603641785	21.27305967994264	24.193673753666726	26.49207707844692	5.338843019329282E-4
120.0	24.90474561170315	23.96161528831166	24.913915784835705	26.21970761279823	1.570235125437448E-5
121.0	27.663414569804303	23.575655690185485	23.19234144064981	25.567646148077287	9.421512831158324E-4
122.0	27.321499457319153	23.233712037465075	24.899833301509457	24.54446842401463	4.867796916768838E-4
123.0	24.550391681971323	27.819814987425477	22.496542319993367	25.13238737573079	8.636348790408691E-4
124.0	24.77487075746653	25.111640142433334	22.658469804205197	27.454909379090964	1.0991680397107431E-4
125.0	27.3303539155184	23.700346482152543	24.197725647561732	24.77056902148704	0.0010049332802812307
126.0	24.527550548699605	23.74115020902842	24.937834772078627	26.793323149897496	1.413202958556096E-4
127.0	26.08241384670704	22.982701037435287	27.48121640739944	23.452538159938072	0.0011305485201590934
128.0	26.87292307223654	23.329440725347222	24.42136515756269	25.366629813294566	0.009641231558985573
129.0	23.875782756433207	27.164631656962683	22.228272816918214	26.728046704728886	0.0032660649570072794
130.0	26.534172250383104	24.425469064371114	23.216289759591508	25.824068925654274	0.0
131.0	26.126828217365784	24.302999735253746	24.333588448646605	25.235908385861233	6.75212872635067E-4
132.0	25.954178815176416	25.690612159271204	22.01006907848869	26.338764727385556	0.0063752196781362
133.0	26.962483329928528	25.263294092486255	24.31248173613387	23.45985655219976	0.0018842892515901438
134.0	26.950452721629308	22.790953512791038	21.067309122125316	29.191190429494746	9.421395958817822E-5
135.0	26.029534679703374	23.17899387634388	25.983480464486515	24.807551321087068	4.3965837915855985E-4
136.0	27.486816739847246	26.36432198323842	24.334422602019036	21.807937921891412	0.006500753003889617
137.0	28.533251890944666	21.68460126466002	23.895887735121715	25.886164895713442	9.421356015771351E-5
138.0	25.008313923710368	24.26888501097689	26.709363126751303	24.012166120203478	0.0012718183579600285
139.0	26.86129046541329	23.883131511984768	24.390100291513328	24.864300121497905	0.00117760959070373
140.0	26.985603936719187	21.81473459098364	25.59435870904125	25.6050672384163	2.355248396272113E-4
141.0	25.70705127027501	25.287266443168733	24.58606012901455	24.419213913460734	4.0824408097113105E-4
142.0	28.3785162995639	22.60152703111374	23.60195129365531	25.417754146922967	2.5122874408552577E-4
143.0	26.45656621230842	25.392120887525564	24.188841695004196	23.962361293708057	1.0991145376268515E-4
144.0	28.50771089131111	24.941656242016645	22.823522281325335	23.726529620791872	5.809645550384622E-4
145.0	28.35800951875354	22.24188612699219	22.633143922353902	26.765892708564444	0.0010677233359257026
146.0	28.061033664422247	21.717727467001808	24.098078691949134	26.118355414825235	0.0048047618015784116
147.0	26.66411360586708	24.494467269163895	26.13318372962301	22.704608353250663	0.00362704209535635
148.0	25.15834307619404	24.258262903677103	23.50915389260651	27.073674868883547	5.652586388006719E-4
149.0	27.67510455438673	24.78633377795608	23.77355172448987	23.762780287013275	0.0022296561540472576
150.0	25.492909777549364	24.49640491671664	24.540151076562218	25.470534229171783	0.0
151.0	26.535199324788504	24.066657506820814	25.293438278995815	24.10420240642236	5.024829725008343E-4
152.0	26.938750129351813	24.01226639925845	23.44432752837457	25.6045774290151	7.851400006689392E-5
153.0	25.627594021527738	23.311714099118927	24.44723816546746	26.612637162899883	8.16550985993167E-4
154.0	23.323983746731415	24.91961616759283	24.830721290613543	26.923056388339806	0.0026224067224061573
155.0	27.603615492932754	23.383980531526266	24.079861948081664	24.932275069295272	2.669581640439074E-4
156.0	25.820619887467355	23.37888450406961	25.94094156185762	24.859302787562047	2.512590433625998E-4
157.0	25.2630373893123	22.600675008904012	26.288773281557106	25.847184542007152	3.2977821943631165E-4
158.0	25.280096032925574	21.099918716244314	26.16988304938459	27.449960865703403	1.413357421131515E-4
159.0	26.876012831701157	21.563957411717666	24.074091814160507	27.485435403578734	5.025388419337883E-4
160.0	26.975233182233925	20.856288256460253	25.867130727789895	26.30133212889349	1.5704622435749248E-5
161.0	24.916674872364105	20.621396658388726	28.296731211347826	26.16119256345517	0.004004694444169612
162.0	25.670408367589726	23.852310784971948	24.416981746938518	26.060267690628475	3.140987133731453E-5
163.0	25.256100481756466	23.717228192372776	27.394015540277906	23.63253014413431	1.2564145854028185E-4
164.0	25.7824622660356	23.540396355828175	25.077380855156612	25.59790727741264	0.001853245566973782
165.0	26.44238644832328	22.206819971933562	26.27525999150311	25.0749681759249	5.65412315151401E-4
166.0	25.16025623406292	23.41606151250975	25.42748477069062	25.996087537999653	1.0994473706323471E-4
167.0	26.82372569189045	23.196418336736222	26.0739280353203	23.905425317015176	5.026190378583654E-4
168.0	26.31047954826795	23.93707681339099	24.124041907951852	25.62822894907019	1.7278131900944784E-4
169.0	26.660772003943944	22.334383827366075	25.2173545614495	25.787253988282828	2.3561895765000565E-4
170.0	31.904580661690403	22.208219206486117	22.153224687873514	23.733818361634594	1.5708231537447874E-4
171.0	25.563095771246463	23.5818557078033	26.519000196826493	24.335310028427525	7.38295696223052E-4
172.0	27.521808375295677	24.387088059659295	23.967883495999573	24.123047298337315	1.7277070814001339E-4
173.0	28.726784751723596	20.22984053868297	23.23879178304918	27.80301231235872	0.0015706141855360255
174.0	24.756555018903413	25.481184619243553	23.66593532520612	26.095916670737235	4.083659096766857E-4
175.0	25.423393911521412	24.719035825445353	23.05244455166989	26.803727801505595	0.0013979098577461798
176.0	24.706107802490116	24.308879556858585	27.93463774068876	23.048804144908434	0.0015707550541007311
177.0	22.531307205939576	25.939271160296883	23.855684843804468	27.649654625951207	0.024082164007862755
178.0	25.257643381035123	22.618489252410875	24.311733647400917	27.811819567796846	3.141513562385276E-4
179.0	28.605280751603228	23.697468642356352	23.162651321601682	24.533436842984948	0.0011624414537932664
180.0	26.66807006229628	21.82655982385863	25.743497906400336	25.76162028900713	2.519184376270417E-4
181.0	27.589920799071788	21.746976365837664	26.382469227664835	24.279924204207234	7.094032184835797E-4
182.0	26.27326272395881	22.94885577477584	25.669009927877063	25.108729726309214	1.4184707907706725E-4
183.0	24.67551340202546	23.601220432119216	25.73207486384566	25.9907657458156	4.255561940649727E-4
184.0	26.36721693072322	21.90050104439416	26.610488579756343	25.117663785151763	0.0041296599745159
185.0	25.167010308628463	24.612455236320237	23.640691557975416	26.579291304841863	5.515922340226187E-4
186.0	27.762273307206808	22.98491748709369	24.791792919044283	24.46101628665522	0.0
187.0	24.627027317176367	22.46002990159628	27.50623213048084	25.405984424015372	7.262267311429703E-4
188.0	28.32648369744556	27.49911188931536	22.018861102646646	22.15521174927017	3.315613222665532E-4
189.0	25.19356962166824	23.2068490574588	24.756179725073267	26.84248579442059	9.158013791021389E-4
190.0	29.32655594190266	21.11070581510291	25.209701207361018	24.352800174329918	2.368613034951254E-4
191.0	27.009177306213868	23.536279194284475	24.23335724763989	25.220838369068538	3.478827932268485E-4
192.0	27.458374561969624	23.347076299953333	23.961706510516287	25.232716114884262	1.2651267649111398E-4
193.0	27.62192929888666	24.08823381020232	22.08731679704607	26.202282853483027	2.372403819190564E-4
194.0	27.91741908054642	23.05849539789217	24.464758718524163	24.55932680303725	0.0
195.0	26.369633690229126	21.464131743129307	24.504113215743278	27.66152022327778	6.011276205011727E-4
196.0	28.6015101243007	21.913653736709527	25.945539775114177	23.539185395262272	1.1096861332035529E-4
197.0	25.361340162215008	24.064530204673012	24.007513630227535	26.565839080707626	7.769221768154372E-4
198.0	27.984553177840997	22.721646949341583	24.066929239555847	25.22679120371819	7.942954337385247E-5
199.0	26.075283620229484	22.975872585197475	25.249163407459797	25.699187009984996	4.933771282459043E-4
200.0	27.514287374187145	22.98154678483346	23.969490556923077	25.534595699741114	7.958431520482217E-5
201.0	25.93905582418758	20.549307166025628	28.57134898199544	24.93996967005882	3.1835773253525296E-4
202.0	25.420342074610353	24.868280691510254	28.249117400639218	21.46225983324018	0.0
203.0	26.08068154637826	23.877962329459734	22.66344268315094	27.377085363053265	8.280779578068802E-4
204.0	25.44176190024189	23.444500575574125	24.679070443010517	26.434587449999587	7.963117388454245E-5
205.0	27.490210787604553	23.74712813933691	25.14465417820388	23.617003485652443	0.0010034092022180121
206.0	26.145627998142672	21.15158943873256	25.471559109853782	27.23117566617207	4.77870989169054E-5
207.0	26.603966932879253	23.27052101363012	26.558003201688535	23.567206144386976	3.027074151208408E-4
208.0	28.288077919983635	22.177155016774584	21.868226706563203	27.666508487043238	3.1869635344445426E-5
209.0	27.49432028719305	20.290938357883665	24.97564357461322	27.238205282471583	8.924978384817975E-4
210.0	25.07013327514066	24.068142811576408	24.91771225647028	25.943740671943644	2.709848690019293E-4
211.0	24.905821444122743	25.91088166307204	25.863096818281907	23.31930719787725	8.928766460619435E-4
212.0	29.182615048062466	22.214853148883197	24.597711599671104	24.004596898130536	2.2330525269780659E-4
213.0	30.277678656351796	22.331094430340475	22.834751851371905	24.555980341401852	4.947205339662352E-4
214.0	28.494867751272583	24.12833216887913	24.26524004391656	23.11149615730113	6.387863060185647E-5
215.0	25.959043507710312	24.617589383860043	23.010690147688955	26.41229283757544	3.8412316525170636E-4
216.0	26.294392133017585	23.936330723050332	25.64203183755246	24.127212928768607	3.2377611011495995E-5
217.0	29.626507809625235	22.602516055287808	25.237146762066104	22.53309571512814	7.336578927160651E-4
218.0	24.287923949583565	24.823698106800794	25.09453821949976	25.793592952464873	2.467716510043442E-4
219.0	27.0547017715281	22.18109108819406	24.4112164917796	26.352260477293004	7.301712052338672E-4
220.0	27.754258263599823	21.389855503883	24.836034725470043	26.019551494346594	3.000127005376561E-4
221.0	26.009815436424677	22.214806547406724	23.938508911091525	27.836600529329225	2.6857574784497335E-4
222.0	25.667857692952182	24.4337660183444	24.04052423210964	25.857767426587703	8.463000607643443E-5
223.0	30.965124674279686	22.12774448296911	23.984994148285978	22.92133239395597	8.043005092591247E-4
224.0	30.354791476637565	21.955665210443655	24.878781436242807	22.810641858296012	1.2001837995761636E-4
225.0	30.961722017245606	19.552425504915387	24.417065979034312	25.067683640177897	0.0011028586267928131
226.0	25.68193052308821	21.749060722405385	26.266464809421986	26.30240450881133	1.3943627309151828E-4
227.0	27.361795105137976	23.356660204077144	25.696082439781414	23.584037843517407	0.0014244074860526768
228.0	27.875967765270627	27.71164618181966	22.823123237124594	21.589174489842605	8.832594251288366E-5
229.0	27.703048337036083	25.59659059558852	21.517807210739395	25.182536057790717	1.7798845282113477E-5
230.0	26.193019301069164	22.38623769502808	27.169166358610774	24.251522836402863	5.3808889120864984E-5
231.0	25.470539960550347	24.95586144868281	24.105095304538274	25.46681211915781	0.001691167070758612
232.0	25.655652102674836	24.85362038896682	24.031802580860116	25.4586323419988	2.9258549942607525E-4
233.0	23.745369172777377	25.09076486165245	22.266707872781243	28.896621104776916	5.369880120203841E-4
234.0	27.588774415582247	20.52405019494523	26.469405423153336	25.416812004501292	9.579618178959664E-4
235.0	26.10451476804459	21.421037389707934	28.24862252339822	24.225483725147633	3.415937016194198E-4
236.0	28.530423662183935	24.074411274789835	23.854520800858182	23.54052889465812	1.1536750993266191E-4
237.0	27.769653012790975	24.476153243204735	22.350464962161283	25.403515256031035	2.135258119707229E-4
238.0	26.844265957783225	22.460426316079964	24.612414482325285	26.082873602072908	1.964173861599203E-5
239.0	28.35075070773626	23.161805518253924	23.99895356494164	24.487157297491937	0.0013329115762375685
240.0	25.616952333099196	20.95225106516066	26.67123322788542	26.759419814295455	1.4355955927215303E-4
241.0	29.06392369181286	21.54125601817315	23.41855027503875	25.97386757113544	0.0024024438397951885
242.0	26.81015510898035	24.133453838552768	21.315125332080274	27.74056622503136	6.994953552479741E-4
243.0	27.993306525108252	23.165251597423527	24.585483397607856	24.25286918375648	0.00308929610388273
244.0	26.525474551038457	22.748526643413243	25.683972183390846	25.041139244424688	8.873777327622749E-4
245.0	28.74109814175843	21.180245583060074	23.25839776277632	26.81816846142035	0.0020900509848278855
246.0	24.59384377101362	26.06787539291065	23.583469520248943	25.752303154976147	0.0025081608506354975
247.0	26.274191825638898	22.566146592894075	24.77331884812685	26.249421790067302	0.1369209432728781
248.0	26.71878695618438	21.909784317857355	23.856629610545653	27.503378776850536	0.011420338562073284
249.0	25.47521083620916	21.367357839434824	28.77790111041099	24.36192053947363	0.0176096744713968
250.0	27.541846753585062	22.149598576824644	23.530792850755795	26.776862821592744	8.989972417510209E-4
