# Position (bp)	A	C	G	T	N
0.0	20.38803331317173	23.601482653266956	27.94863443911971	28.0618495944416	0.0
1.0	23.113280644661398	30.849217418255076	24.425848442584844	21.538819153881917	0.0728343406167674
2.0	25.246530314097882	26.46244217190163	22.58339420501583	25.703067932797662	0.004565376186997809
3.0	28.1674294141795	21.299660944793295	26.24713019415852	24.27361603138161	0.01216341548706877
4.0	25.609367169347124	26.08471152823971	24.439989673029903	23.865931629383265	0.0
5.0	27.541485908442798	24.063343749051967	28.331765919364138	20.063404423141098	0.0
6.0	29.562396257733514	23.1160404406217	22.37513203561189	24.941904330768068	0.004526935264825713
7.0	23.55411711576095	23.978624115610415	27.875959656781575	24.591299111847057	0.0
8.0	27.653559882715584	23.446357416735584	27.94075633411022	20.959326366438614	0.0
9.0	22.79062781616101	27.843196155001504	20.438570141183536	28.92760588765395	0.0
10.0	25.210084033613445	24.528811524609846	23.97058823529412	26.290516206482593	0.0
11.0	23.67148342468564	19.48002462115661	26.205410792273646	30.643081161884105	0.0
12.0	27.20533943333671	26.07172329921385	18.163918286980063	28.559018980469368	0.0
13.0	23.33089406396625	31.30730489432224	25.05990558592685	20.301895455784656	0.0
14.0	22.82806977539619	22.497434728081174	22.972010033063505	31.70248546345913	0.0
15.0	21.1457671993408	26.79220305555931	21.429439814126898	30.632589930972998	0.0
16.0	23.875455536935068	20.69135211342537	19.802888835687497	35.630303513952065	0.0
17.0	23.03509318382391	28.0745470591289	23.28687120386233	25.60348855318486	0.0
18.0	27.741594335607516	21.19504236687001	23.74608251544424	27.317280782078235	0.0
19.0	25.2395221131959	24.815133939479676	26.407232603299942	23.538111344024486	0.0
20.0	19.266159551443508	24.42379982027364	30.0332873470111	26.276753281271752	0.0
21.0	23.96418539325843	30.179073033707866	19.71308186195827	26.14365971107544	0.0
22.0	22.52668155869943	22.685529908165798	24.92802184164805	29.859766691486723	0.0
23.0	22.25705329153605	24.975509404388717	26.552703761755485	26.214733542319753	0.0
24.0	28.314280839447193	20.141614059034293	22.151266239305823	29.392838862212688	0.0
25.0	22.114661541950657	29.442448404693412	23.25578619430154	25.187103859054393	0.0
26.0	20.65994914327812	27.38895886309085	23.737493761733884	28.213598231897148	0.0
27.0	21.93817025718895	30.198348676093765	19.119531175856505	28.743949890860776	0.0
28.0	24.634660449123302	32.05920796976013	18.7668538995066	24.53810011657894	0.0011775650310288386
29.0	24.5309096020052	23.287029445524606	22.68265829604816	29.49940265642203	0.0
30.0	17.17093987197873	27.298378164095748	28.339571163734302	27.191110800191215	0.0
31.0	24.614687216681777	22.982774252039892	27.153218495013597	25.249320036264734	0.0
32.0	20.93384132572117	25.231317962317462	28.58731022662791	25.247530485333456	0.0
33.0	27.006130162241888	25.239675516224192	22.8602046460177	24.893989675516224	0.0
34.0	29.02312032662049	29.05867241616588	19.309371989540804	22.608835267672827	0.0
35.0	26.994445775025376	25.13201263671719	22.555627787091844	25.317913801165588	0.0
36.0	23.03570614255096	25.388754617173603	21.84892151944913	29.726617720826304	0.0
37.0	22.66488840252605	28.520621024553723	19.687435879898775	29.127054693021453	0.0
38.0	23.078588932581066	28.041260614350033	22.25565623753348	26.62449421553542	0.0
39.0	23.8980308141125	23.50259823137934	18.502142401312792	34.09722855319537	0.0
40.0	20.7737450857501	27.48675289157313	28.496381972537176	23.24312005013959	0.0
41.0	19.762300872854897	31.045602680097538	22.816153513070034	26.373663939469903	0.0022789945076232367
42.0	23.92612173278946	27.434313971241707	19.2648633867329	29.374700909235923	0.0
43.0	22.06879265360996	29.6692529423158	25.499310706269725	22.76150436932472	0.0011393284797940094
44.0	30.109364319890634	23.9792663476874	23.081567555251766	22.829801777170196	0.0
45.0	25.94225183666496	24.189304630104218	24.65060652656757	25.216697989634945	0.001139017028304573
46.0	22.42229587362331	29.49852507374631	25.113609184405643	22.965569868224737	0.0
47.0	25.567702995103065	27.213301446304524	21.97357931898417	25.245416239608243	0.0
48.0	21.53739296775369	24.767717252687195	21.57382947713609	32.121060302423025	0.0
49.0	18.10511693575934	23.458884612757043	29.20661307585453	29.229385375629086	0.0
50.0	24.428732452095502	24.9957304368617	26.04319659345789	24.53234051758491	0.0
51.0	20.974499089253186	34.526411657559194	19.414845173041893	25.08424408014572	0.0
52.0	19.99067291505528	29.665817371126984	21.70594658537695	28.637563128440785	0.0
53.0	24.245765601909742	26.062293963851314	24.346936455609868	25.345003978629077	0.0
54.0	20.913762135370483	34.3348566491599	18.764067935338655	25.98731328013096	0.0
55.0	20.928383168226848	30.42011269653731	25.48736708170499	23.164137053530855	0.0
56.0	27.447149299678525	24.938941963626448	23.699605820676805	23.914302916018222	0.0
57.0	21.958810900457784	34.39164858632559	22.84711415037543	20.800154487521723	0.0022718753194824665
58.0	22.252890797155775	31.075217519707397	22.97984961039551	23.692042072741316	0.0
59.0	28.572402121690537	22.862692093636063	25.3149029451518	23.250002839521596	0.0
60.0	21.506242905788877	23.6844494892168	26.467650397275822	28.3416572077185	0.0
61.0	23.03161001078259	29.431927813404464	20.913682537880938	26.62050961920436	0.002270018727654503
62.0	23.650519816588734	23.358832342125574	25.3211967131248	27.669451128160894	0.0
63.0	22.23130178186358	27.173987061627514	25.371694472818067	25.22301668369084	0.0
64.0	20.724348358703296	23.349061954129898	26.335609446246682	29.59098024092012	0.0
65.0	22.269608121136507	29.947257982192482	25.056428287869338	22.725571371859584	0.0011342369420972041
66.0	21.124028809618327	24.32938240798503	24.84772869052345	29.696591617989	0.0022684738841944082
67.0	23.126042032914064	30.911091199854823	21.315881999342174	24.64698476788894	0.0
68.0	22.50450838730166	22.54760743572004	28.23668182694598	26.711202350032327	0.0
69.0	25.087617816189734	26.79573990268468	22.197647645944627	25.918994635180965	0.0
70.0	23.250963500340056	25.732260258444796	26.961006574472908	24.0546361369304	0.0011335298118340512
71.0	19.754106712252774	27.179585875853324	22.619465419841276	30.445709886676255	0.0011321053763684323
72.0	24.698583768240635	31.434458243238655	20.653662844010732	23.209898905278887	0.003396239231091438
73.0	26.320138550875566	22.253036460160963	21.863645110535074	29.55978402363515	0.0033958547932490405
74.0	26.23089983022071	22.743633276740237	26.10073571024335	24.922467458970004	0.0022637238256932655
75.0	20.137183216561592	25.167234490486596	23.4105649186748	31.285017374277015	0.0
76.0	24.494069177834117	23.950787758058674	28.01634371604491	23.5354038391887	0.0033955088735965226
77.0	22.860926252886053	25.095069944316172	24.661596269636473	27.381275748109918	0.0011317850513830414
78.0	20.91867912998212	31.974967747776294	20.295136138333746	26.811216983907837	0.0
79.0	24.794052414792013	24.434209930747294	24.41157832797719	26.3601593264835	0.0
80.0	22.86192771629665	30.091429605992715	27.19351845565438	19.850861112997034	0.0022631090592255643
81.0	24.786431165774676	24.757012412450923	25.13153577207255	25.32502064970185	0.0
82.0	20.48198223680489	25.405894665384398	26.188832946766986	27.92102732364089	0.0022628274028398485
83.0	25.694020226701962	21.43600533948732	28.87056268241363	23.99941175139709	0.0
84.0	24.092883319006468	27.36732570239334	26.218160430710764	22.320499479708637	0.0011310681807899382
85.0	25.06333408731056	29.27844379099751	23.306944130287267	22.351277991404658	0.0
86.0	24.473571121615816	22.987582837626945	26.3146585845792	26.221925677968017	0.0022617782100287248
87.0	21.507163777408376	29.23522294218091	24.520812837127252	24.736800443283464	0.0
88.0	25.048054091947265	27.416838153818325	23.442482078650414	24.09149499106759	0.0011306845164062323
89.0	23.95192655571635	25.658013748191028	27.52690846599132	22.860890014471778	0.002261215629522431
90.0	22.991702276786725	25.8122498812996	26.098261321757217	25.097786520156458	0.0
91.0	24.74116104530247	26.346188624649606	29.170811104078126	19.741839225969798	0.0
92.0	25.299502712477395	25.43286618444846	22.251356238698012	27.01627486437613	0.0
93.0	22.697015245866435	30.856774747691645	21.02324740345603	25.421832442390063	0.001130160595820666
94.0	25.84129997513956	24.55194702465704	20.860171311049335	28.744321648925354	0.002260040228716071
95.0	21.291693030823467	28.600967187923708	24.65425291512248	25.449697188827624	0.0033896773027207814
96.0	24.185074289588158	26.90582452968759	23.751200497147053	25.155640924241567	0.0022597593356307555
97.0	21.656461124793818	30.74654856858802	21.95810832184739	25.638881984770773	0.0
98.0	26.311330027000462	23.019307025769063	26.88749053854062	23.781872408689857	0.0
99.0	17.411581372239034	22.95270789105199	29.245900898866257	30.38980983784272	0.0
100.0	21.8476199078674	26.65409628759823	23.634947159244874	27.863336645289493	0.0
101.0	19.28982725527831	21.397764480072258	32.269391441797445	27.043016822851985	0.0
102.0	24.351331210622586	24.6708669241018	25.859810762595124	25.11686200121943	0.0011291014610572906
103.0	24.529516025243005	23.025773603224238	30.62915589473803	21.815554476794727	0.0
104.0	23.564139612588615	29.053596423894884	26.756445568248523	20.623560753149413	0.002257642118571364
105.0	24.380305219432906	23.577749683944376	24.24936788874842	27.789190897597976	0.0033863102763229186
106.0	22.16390111750762	27.06964668698499	27.138503217067388	23.626820182864883	0.0011287955751213457
107.0	23.313465185586562	26.047593244829763	23.698410548180256	26.93940214937235	0.0011288720310665583
108.0	23.827154919402176	29.13825800334131	24.487515239084303	22.547071838172215	0.0
109.0	22.647238086638524	26.708277839228877	23.376374184518838	27.26698119596379	0.0011286936499695253
110.0	25.80659722614063	26.812093033753513	21.687562772956564	25.692618464559374	0.0011285025899134438
111.0	25.046549681205217	20.99305986571122	29.8053376967782	24.15392427918524	0.0011284771201263894
112.0	23.220149632688987	22.45957321958541	27.766681336538134	26.55246735953598	0.001128451651488992
113.0	26.478752454243864	24.422829545710997	24.586445803525084	24.510843808535128	0.0011283879849247366
114.0	23.059997066158132	25.777185994290292	25.743333972760407	25.41722616535584	0.002256801435325713
115.0	23.56140271697432	23.902152818522364	27.69440808773751	24.840908065171277	0.0011283115945299454
116.0	27.649707186621985	28.070591155794773	23.07640228834501	21.203299369238234	0.0
117.0	23.62286462211992	26.803646785367725	21.506104303477535	28.066255951977976	0.001128337056845621
118.0	27.186974623985922	25.035260135173253	26.917305110180873	20.858203482008868	0.002256648651088269
119.0	23.137073478967324	20.008124210146235	25.68830113738942	31.16537281097671	0.0011283625203105253
120.0	27.38310164289583	22.873036649214658	27.59072034663297	22.153141361256544	0.0
121.0	25.175456412339493	22.14361474059531	30.145781147744454	22.534019362263898	0.001128337056845621
122.0	27.31786024574904	19.105915804438826	25.284619811118507	28.289347490042537	0.002256648651088269
123.0	23.37019068035654	28.570461469028547	26.515852420173758	21.542367144307796	0.001128286133363421
124.0	20.649623177941244	24.377228214269596	23.716097296809423	31.25705131097974	0.0
125.0	22.9139401597545	25.487386614919444	28.928426373031275	22.669118642538024	0.0011282097567579764
126.0	25.93194331618377	23.178987273219605	27.444940879140717	23.444128531455906	0.0
127.0	24.65617419755176	20.358774750380775	28.688441360636318	26.295481468945674	0.0011282224854741354
128.0	24.83866600478361	21.55444740286114	27.315086420867367	26.28503091294733	0.006769258540547858
129.0	23.135069272079065	30.204431607924548	24.985333273162148	21.666140168780178	0.009025678054063811
130.0	24.12338101899905	25.00789746829731	27.805857665057086	23.062863847646554	0.0
131.0	29.078478270680087	24.802563292567353	23.54460941378221	22.57322081321359	0.0011282097567579764
132.0	20.269187810959306	30.728702460597717	24.270902670442364	24.726694269887293	0.004512788113316109
133.0	30.536908965781784	27.394880241885446	22.217584078883537	19.84724212236425	0.003384591084987082
134.0	25.70932187136878	22.95551719858756	20.681174625737526	30.653986304306137	0.0
135.0	24.47768602499887	24.125716348540227	29.54289066377871	21.852578854744824	0.0011281079373674473
136.0	29.11825094199138	24.82570339116897	28.452652241601044	17.597752758286138	0.0056406669524604585
137.0	28.451679866422978	22.581736952548567	24.41842099325346	24.548162187774995	0.0
138.0	27.411075888677054	22.007377909141162	27.84540234423474	22.733887616619477	0.002256241327572397
139.0	25.40780181846897	24.468109108137988	29.314351465379147	20.806353360557726	0.0033842474561739952
140.0	24.442163210973984	20.604426595672678	30.724454572118315	24.227827538749633	0.0011280824853913318
141.0	22.27775270758123	20.776173285198556	33.17351083032491	23.77143501805054	0.001128158844765343
142.0	27.049957128029245	21.65937091023963	25.174872512297487	26.11579944943364	0.0
143.0	26.156067733892897	23.858034092575668	27.501946052052663	22.483952121478772	0.0
144.0	25.69904237680048	26.287828372266148	25.657308503558657	22.354692804854665	0.0011279425200491783
145.0	27.036690314794555	24.075974780343103	24.54630559095882	24.33990142227135	0.0011278916321719808
146.0	24.278173779662545	23.6206352070739	24.62329694126139	27.474510511594335	0.0033835604078318146
147.0	24.149675207506316	29.30237278960664	25.483805485384337	21.055124503789248	0.009022013713460843
148.0	23.45179153461829	24.335998736846854	30.584095548512973	21.626986364712913	0.0011278153089650039
149.0	24.621075424034643	26.652156261277515	22.314823168531216	26.40630638758571	0.005638758570913028
150.0	20.871350107706363	25.769451994541377	26.655914827387868	26.703283070364396	0.0
151.0	24.61684203403593	25.08486427355054	27.322348907760148	22.97481702022082	0.0011277644325653256
152.0	27.326243614177937	23.79754829542251	25.817328837413868	23.05887925298569	0.0
153.0	26.528333803213982	19.446292641669018	30.99182407668452	23.03242176487172	0.001127713560755568
154.0	24.08936103029073	27.492838938132934	27.38119403658344	21.03435054243634	0.002255452556555473
155.0	25.838691483361536	24.61816130851664	26.036097010716304	23.507050197405526	0.0
156.0	24.838112858464385	26.820243225558986	26.27761106473229	22.06290471785384	0.0011281333904920917
157.0	25.9456898205079	24.07856586829725	28.358848813727594	21.61576732589492	0.0011281715723327204
158.0	28.355144404332126	19.62206678700361	26.805054151624546	25.21773465703971	0.0
159.0	24.025270758122744	20.482851985559567	30.05753610108303	25.432084837545126	0.002256317689530686
160.0	23.28997393923668	26.258193346044067	28.912781055742958	21.539051658976298	0.0
161.0	25.525169791737177	20.239626345359778	31.873462848890995	22.358356461111487	0.0033845529005618355
162.0	27.34851818007468	20.138536343227177	27.609119933213748	24.902697397366907	0.0011281461174851366
163.0	19.280710264769922	25.541779948783322	30.911634308405628	24.26587547804113	0.0
164.0	27.113863787637776	26.371543642332558	21.73711939170361	24.775216886091087	0.0022562922349702733
165.0	24.49879847016483	21.887022349583134	28.12708011327098	25.48597086995273	0.0011281970283290273
166.0	22.665989733175383	27.924634737970326	25.506853951599258	23.90139335476956	0.0011282224854741354
167.0	23.003328256332146	23.896880464827664	25.845320697241497	27.25334235911322	0.0011282224854741354
168.0	24.82767179232618	21.7184309389772	29.870598720653437	23.582170376470852	0.0011281715723327204
169.0	26.40319505398423	22.27173753624333	28.8039983302684	22.519940882475716	0.0011281970283290273
170.0	26.583406665312847	24.095760283399898	24.15329768270945	25.166407184277624	0.0011281843001872786
171.0	24.51519014473788	26.243471001658335	26.67892557787981	22.561285155060183	0.0011281206637861986
172.0	26.501730923196625	27.22341877064986	24.39417688118086	21.87954578771101	0.0011276372616456738
173.0	27.69508344609833	22.06021650879567	26.627198917456024	23.616373477672532	0.0011276499774470004
174.0	25.118675792393475	30.09685748756864	20.106667268032517	24.675544330059648	0.002255121945719215
175.0	25.83493065734581	24.157176682827828	27.31424061337242	22.691397000789266	0.0022550456646747096
176.0	20.13326718831037	26.668094797844272	28.73024105350982	24.467269488353214	0.0011274719823212392
177.0	25.471293916023992	22.92653226897578	29.069138140982275	22.508230731069318	0.024804942948631222
178.0	19.324434021827365	23.42946694326689	30.29336159466041	26.951609993686297	0.0011274465590331018
179.0	24.955748221473108	23.098864674115248	29.917584585724434	22.026675084839397	0.0011274338478189793
180.0	24.030701506857046	23.129973474801062	26.87623455048253	25.963090467859363	0.0
181.0	26.37023818935432	22.130490270264165	27.940096902070184	23.55691584879663	0.0022587895146990726
182.0	27.56552869032965	21.69872048244475	25.155563586262975	25.579057922732044	0.0011293182305841963
183.0	20.946777635992007	23.81624563820537	30.537644122728764	24.69820333585536	0.001129267218501914
184.0	24.34614689673864	22.243427590568253	28.36751287379167	25.040654078959257	0.0022585599421808657
185.0	23.039575453057076	27.533450008468357	26.122057246090442	23.303788178174223	0.0011291142099023317
186.0	24.873245480312114	27.921000033876485	23.54754564856533	23.658208837246068	0.0
187.0	23.983234669438293	22.209544037236206	28.436666817298565	25.369424736770753	0.0011297392561796739
188.0	31.3550704989154	25.672225234996382	25.029374548083876	17.94219992769342	0.0011297903109182936
189.0	24.06457589588323	26.327443626011117	26.430249898323467	23.175471101269824	0.0022594785123593478
190.0	32.31083844580777	24.046142200228225	20.211503914856117	23.43038561050289	0.0011298286050006215
191.0	22.560768795929903	28.54607122668174	25.342001130582247	23.550028264556246	0.0011305822498586771
192.0	22.653370418108224	22.509779978744092	28.257920086832645	26.578929516315043	0.0
193.0	23.039958390809794	26.1979602451324	25.79317518825897	24.967775491282424	0.0011306845164062323
194.0	26.778062926073737	22.0987417046341	29.201949057691657	21.921246311600513	0.0
195.0	25.255528922255895	25.206910587490388	26.452896748224862	23.084663742028855	0.0
196.0	30.379689550617734	24.284970810517265	26.704982576820385	18.630357062044624	0.0
197.0	24.659719629340486	23.16735118744555	23.26126064967245	28.91166853354152	0.0
198.0	27.800421167040284	21.630097593007722	28.937119308018023	21.63236193193397	0.0
199.0	24.2618232908065	21.761200117836342	28.535656824310546	25.44131976704661	0.0
200.0	26.893965146055702	27.046932716930677	23.164955696059103	22.89414644095452	0.0
201.0	23.03456090651558	24.05325779036827	30.339943342776206	22.572237960339944	0.0
202.0	25.873713793572367	22.959068038620188	29.896650197180545	21.270567970626896	0.0
203.0	18.606127237076244	24.20179306123837	32.41111199265548	24.78096770902991	0.0
204.0	21.56500447759502	23.619030345624992	28.876520398562633	25.939444778217354	0.0
205.0	26.89551968075458	25.846861962633778	22.68048249591874	24.57713586069291	0.0
206.0	23.982177476956565	21.184086709068854	24.140902236885367	30.692833577089214	0.0
207.0	22.838127416410618	22.14197439880271	32.35184072381773	22.668057460968946	0.0
208.0	28.239002982434258	26.552736922082488	22.67897440549766	22.5292856899856	0.0
209.0	24.50264274210013	24.78733298550462	26.522695823786947	24.186194224531	0.0011342240773087131
210.0	25.03714963077237	27.268396156856518	24.313440793130436	23.381013419240674	0.0
211.0	30.332974076805264	23.56798457087753	24.674116512564524	21.42492483975268	0.0
212.0	26.847617642720166	23.127985747841183	26.443655179456922	23.58074142998173	0.0
213.0	35.634427885543055	20.506679681736152	22.42034890979876	21.438543522922036	0.0
214.0	27.765729144193756	27.698736218192554	22.125833153550055	22.409701484063632	0.0
215.0	25.08639898140148	23.181074075758264	23.516438543040337	28.216088399799915	0.0
216.0	25.523012552301257	23.82193566088209	27.110912956992934	23.54413882982372	0.0
217.0	25.799598047660062	23.24088429514786	27.979328165374678	22.9801894918174	0.0
218.0	23.10799736845143	27.230756801052618	29.980032548100784	19.68121328239517	0.0
219.0	26.855090930151743	26.945441908954017	23.940692690837484	22.258774470056757	0.0
220.0	25.076363805298428	23.47824067084006	28.0670375489251	23.37835797493641	0.0
221.0	27.025860056948144	19.44638939457592	26.220650702515986	27.307099845959947	0.0
222.0	20.25717436703663	25.3713306896309	31.23753431729122	23.13278738531572	0.0011732407255320646
223.0	30.195591798144537	22.8139218814631	27.78467174850795	19.205814571884417	0.0
224.0	27.015985790408525	26.496151568975723	26.663114268798104	19.824748371817645	0.0
225.0	30.798049476688867	20.745718363463368	22.961465271170315	25.49476688867745	0.0
226.0	25.52439483560662	21.550289677286145	27.072984101150205	25.85233138595703	0.0
227.0	30.45607179925514	23.44587581659442	25.343427559680077	20.753403748702606	0.001221075767751389
228.0	27.00618811881188	26.037128712871286	20.582920792079207	26.373762376237625	0.0
229.0	28.163306148996845	23.406464201731126	26.771151248311405	21.659078400960624	0.0
230.0	24.695783892956324	24.140368593789447	28.078767987881847	23.085079525372382	0.0
231.0	20.956473630714203	25.327123245371386	28.340388302047014	25.374728201433292	0.0012866204341057345
232.0	26.102347454233037	24.772941617249977	23.91380179062827	25.21090913788871	0.0
233.0	23.547261219493137	23.238611205167608	29.82574948558331	23.388378089755946	0.0
234.0	30.174616695059626	19.692291311754683	25.668121805792165	24.464970187393526	0.0
235.0	26.705831626603427	24.489328446696128	27.570874205023177	21.23396572167727	0.0
236.0	30.031562784349408	20.086442220200183	26.002331665150137	23.879663330300275	0.0
237.0	22.19520567538189	27.324217632587676	26.2929801476057	24.18759654442474	0.0
238.0	28.213826853950426	24.06490450549292	28.740742879415627	18.980525761141028	0.0
239.0	26.237819042470818	29.361403713822376	24.24941925869651	20.1513579850103	0.0
240.0	24.471980986831287	23.256752514910094	26.817237410502088	25.454029087756535	0.0
241.0	32.63430478842038	21.145987695900132	24.45701797715808	21.75969584025626	0.0029936982651518557
242.0	22.103496335816086	24.89996553119427	25.23116579495557	27.765372338034076	0.0
243.0	23.636090677075515	27.63849271881099	23.8777961267077	24.846119201321123	0.0015012760846719712
244.0	20.751083293211362	25.734232065479056	27.36218103033221	26.150999037072705	0.0015045739046701974
245.0	25.83938294010889	25.235934664246823	21.885964912280702	27.038717483363584	0.0
246.0	19.450544457738268	28.719199139771916	25.867421890381497	25.96132002604916	0.0015144860591558254
247.0	25.312153899837664	21.05957853534204	24.894937265789753	28.610441035910974	0.1228892631195667
248.0	24.15547724649128	23.708913056686313	31.220001215140652	20.906494926787776	0.009113554893978979
249.0	23.232385756952073	18.668853778183564	29.462558610977858	28.61453706999273	0.02166478389378066
250.0	26.104728578949	28.608367138389124	23.498900690552134	21.784906945777724	0.0030966463320224193
