# Position (bp)	A	C	G	T	N
0.0	24.528218902825785	23.460422211824454	25.243262749204227	26.768096136145537	0.0
1.0	23.22765052024823	30.92689622439819	23.128682718741963	22.645762130030214	0.07100840658139844
2.0	25.166044422979482	26.397675668066167	21.921475500505895	26.51432988282908	4.745256193745647E-4
3.0	26.393757315810156	21.911687701431713	24.379045096471238	27.30939911056606	0.0061107757208344795
4.0	26.03073090859609	22.982486293111457	23.36344448956892	27.623285668375814	5.264034772108091E-5
5.0	28.04629869187422	24.00147345571114	22.900036389412996	25.051744483217746	4.4697978389316237E-4
6.0	26.063742559174358	23.851285028981405	23.71127799189607	26.3683943034768	0.005300116471371369
7.0	25.73945467696297	25.28215232888073	23.15124223464278	25.826574844941547	5.759145719737457E-4
8.0	27.141916863646454	23.966176067282202	23.776422498792	25.115458451412376	2.611886696355112E-5
9.0	26.868848749756268	24.767296489349388	22.658367160104813	25.70522692697901	2.6067381051933524E-4
10.0	25.06865191188803	24.039706640692142	23.65079199720809	27.240849450211734	0.0
11.0	27.605822824755517	22.974637890131824	22.66709826556697	26.752415611447162	2.5408098526508144E-5
12.0	28.692967796451036	24.68520639689544	19.923337401808908	26.698488404844618	0.0
13.0	25.795567189700684	23.423662991152224	24.072770193807866	26.707900770254113	9.885508511793535E-5
14.0	27.73584716603618	21.999783470065715	23.071166741979656	27.19317818287395	2.4439044501789306E-5
15.0	26.19430170562833	23.044365636534703	24.115799377578345	26.645509155388293	2.4124870328821983E-5
16.0	25.982863735686607	24.7720135407619	21.697942151146556	27.547085516161346	9.505624359112982E-5
17.0	29.461768266785647	26.992961292590195	18.767872856860645	24.776441332715425	9.562510480861336E-4
18.0	26.338261533064173	24.81038453388972	19.968321197125288	28.882847479763658	1.8525615716206092E-4
19.0	25.35071423774136	24.38914226616916	22.52789823488316	27.73173750652292	5.07754683402261E-4
20.0	23.264235214738324	25.685312646679183	24.011153118399438	27.0392073456935	9.167448955644215E-5
21.0	24.982336273645718	23.853860889960448	23.443452402630985	27.72012280842323	2.2762533961700668E-4
22.0	23.323234154293274	26.242258844946186	26.382380156998174	24.052104269038338	2.257472402964242E-5
23.0	25.8715508454969	23.86062471458704	23.35238447281542	26.915192637306824	2.473297938191385E-4
24.0	28.39449350462141	22.07883703614886	24.024414090089746	25.502210877960025	4.4491179957257325E-5
25.0	25.80854072859342	25.54719868209569	19.428864061149632	29.215286350232716	1.101779285403584E-4
26.0	27.5112462666733	25.545759723082522	19.478724502126337	27.464225686514716	4.382160313008947E-5
27.0	26.513735766661977	24.315309464475984	20.116196133584253	29.054736783219713	2.18520580705332E-5
28.0	27.765996076260596	23.793934866618397	22.964630514539603	25.473079797849085	0.0023587447323170966
29.0	28.15698678263748	23.178984277825727	21.92310545206021	26.740751983762028	1.7150371455607763E-4
30.0	24.414674330358807	23.581167935606242	25.149072444042588	26.854808391721598	2.7689827077029906E-4
31.0	26.15594340667008	24.16543416086184	23.027739757548048	26.65052214841561	3.605265044240843E-4
32.0	24.281041140120333	22.31023543078315	24.378769819771012	29.029701623043643	2.5198628186681515E-4
33.0	23.47290079998568	25.954290636414406	24.68639941081953	25.88640915278038	0.0
34.0	26.175771451151107	26.613674887956325	22.74781151614326	24.46265947856652	8.266618279394338E-5
35.0	25.855296086805247	22.28424226940873	25.500105237945142	26.360274588196454	8.18176444250173E-5
36.0	24.35792653778293	23.94678288316404	26.093775578962088	25.601392374355115	1.2262573583105607E-4
37.0	25.46318220876919	25.83680884282389	21.604069359551485	27.095939588855433	0.0
38.0	26.96311931548822	25.87926678593729	20.755028371878414	26.40254467592985	4.085076622760944E-5
39.0	23.957483723223113	27.11134536582059	21.400290880634792	27.530839187772393	4.084254911418637E-5
40.0	26.840668428123966	25.6209749543641	22.82172799777844	24.716526525995107	1.0209373838683727E-4
41.0	24.926357937581255	23.488735030673645	21.738067005089405	29.841980916354704	0.004859110300987175
42.0	24.699227452495872	25.356289893842344	21.652561239032032	28.291839756462682	8.165816707220154E-5
43.0	26.971877417629635	25.30781337072941	22.399492948431384	25.31710115107238	0.0037151121371897015
44.0	28.96525711360604	24.656507292962942	23.31092741244985	23.06706325548036	2.4492550080631515E-4
45.0	26.557607556588188	23.60231791424452	21.64943740886656	28.186637197850246	0.003999922450483103
46.0	26.02880918759642	24.228143135830482	22.002134467362648	27.74091320921045	0.0
47.0	26.12778476173725	23.53251322763738	23.035462984141937	27.302443442680985	0.0017955838024466054
48.0	22.86545885382625	23.796491451390878	22.75205810426749	30.585991590515384	0.0
49.0	22.365566393740234	25.57461417014454	24.366231371445124	27.69203780989797	0.0015502547721329464
50.0	27.11785551258208	24.313826113667265	20.424735751206562	28.1434602426467	1.2237989738853538E-4
51.0	25.43629093866537	26.097329781580235	21.611365283612052	26.85258715519995	0.002426840942397401
52.0	23.65458571119771	25.197770333615445	21.93244809406512	29.215195861121728	0.0
53.0	23.09314533419773	24.908496745308998	24.3403534941948	27.65650054160172	0.0015038846967538445
54.0	23.39296655195223	28.055554708829554	22.690393961285654	25.861023813660672	6.096427188845977E-5
55.0	24.115426147272792	27.612239576891902	23.079958039536425	25.190815086465403	0.0015611498334841094
56.0	28.102915505500718	24.46694146101858	24.356418261789564	23.073704499644325	2.0272046813832265E-5
57.0	22.68235600315565	27.364488224281487	22.834341298406038	27.113848296864703	0.004966177292123926
58.0	25.67984176665527	25.56032362521202	21.984548373635153	26.7750632907031	2.2294379445068576E-4
59.0	27.360182004001704	22.22581604196014	24.41062200710644	26.00086697523527	0.002512971696440315
60.0	23.691060326233675	23.02126577954355	23.277571424581787	30.010082232321995	2.0237318992359602E-5
61.0	24.94061382809972	24.122795568503584	22.82280550414049	28.10749185470011	0.006293244556090515
62.0	25.65850136774035	21.707381872417216	24.803175496697452	27.830759154066907	1.8210907807683912E-4
63.0	26.703783722099995	23.585064853343994	22.299632039773535	27.4090307062465	0.0024886785359771865
64.0	25.65650828762312	21.15988752439348	23.682792452128997	29.500791538395976	2.019745843262067E-5
65.0	24.36934262344744	26.138665050994646	23.412602241744924	26.07450267595678	0.00488740785620519
66.0	24.067938246989826	24.155401550671264	23.179350663224678	28.596622918859055	6.866202551763594E-4
67.0	27.676936814901065	25.445888568346426	20.81214501874184	26.0644237848701	6.058131405716695E-4
68.0	23.987626694322646	22.21197777021223	26.152228249083148	27.64798555168797	1.8173469400118006E-4
69.0	23.558889652145012	24.549466871655454	25.428725810535603	26.46007059917221	0.002847066491723517
70.0	26.577447922569625	23.160768382837833	24.78067725363676	25.48078377404927	3.2266690651573383E-4
71.0	25.170626790362	23.090422997565017	25.09440159095466	26.64390503104417	6.435900741516326E-4
72.0	26.4801197098793	26.61767104276982	22.384287454936352	24.516614652555187	0.0013071398593396853
73.0	25.850715344676672	23.629367587891654	21.793104113913042	28.72291204229392	0.0039009112247111867
74.0	25.18801701285816	25.72461968863373	22.49802719604494	26.588330852040205	0.0010052504229591155
75.0	26.252777600752047	25.103801299795524	21.096537369975714	27.544873342611936	0.0020103868647755496
76.0	27.321740528913324	23.74774593665504	24.853619065807592	24.075949621558596	9.448470654457367E-4
77.0	23.991015209375412	23.909481490981538	24.45301951160579	27.6459410339947	5.427540425627721E-4
78.0	27.780773983172423	25.60141480751731	20.527855229073026	26.08945344858327	5.025316539663517E-4
79.0	27.24027564459351	20.80026018315334	22.933082637699183	29.02406995678556	0.0023115777684108627
80.0	23.8960564918061	24.121214898644546	27.829233367985456	24.150982761573285	0.0025124799906093547
81.0	25.153906189230696	24.7854237487767	21.702536404549623	28.357912563958827	2.2109348415392852E-4
82.0	23.126672349279286	22.359097570029892	24.098290573381778	30.414673280257652	0.001266227051393342
83.0	25.26734192774799	22.38989524187945	24.08070091449058	28.26153936132176	5.225545602231067E-4
84.0	23.656129425248505	25.06393306788089	25.512474409188112	25.76635777155803	0.0011053261244633392
85.0	25.861900576228148	26.69519472267136	21.100814002139	26.341708877980867	3.818209806207766E-4
86.0	25.71188811863322	24.917902730761547	22.0759567029592	27.29246401123379	0.0017884364122438367
87.0	22.37880875503023	21.679544449398684	26.16438056133643	29.776824170593162	4.4206364149120925E-4
88.0	25.828999927664942	26.519759526125007	24.802846786314205	22.847730688549362	6.630713464768809E-4
89.0	26.392889756873807	25.666876630611135	22.468070913564173	25.471559931646187	6.027673046958586E-4
90.0	23.59468931282572	25.914824955110383	25.068366628767247	25.421918187482177	2.0091581446549662E-4
91.0	27.73637130930541	25.195038563701278	23.059102345445336	24.009106052237847	3.817293101207089E-4
92.0	25.340562285626117	24.29286377689386	22.349006353894676	28.017567583585347	0.0
93.0	26.58055002817541	25.79702254735829	21.201990057747032	26.420236472539273	2.0089417999515844E-4
94.0	27.775544564261207	23.297954811677826	23.389198491968166	25.533404889913957	0.003897242178847658
95.0	24.748319973676423	25.746241447700275	23.657832077519558	25.84569812217522	0.0019083789285235754
96.0	26.422866950003353	23.973413382174698	23.750264648893776	25.852310048382037	0.0011449705461348807
97.0	25.209794725660466	25.95121437798141	23.273008624788265	25.56590192700415	8.034456570448024E-5
98.0	28.01780039114102	23.29255416049797	23.557519361721486	25.132126086639524	0.0
99.0	22.10477104115361	22.6720497360913	26.070621056506365	29.152518002081706	4.0164167016262274E-5
100.0	23.095180098434682	24.63824983949994	24.392092854479213	27.874477207586168	0.0
101.0	23.441414085229933	22.31203906979322	28.183813248605272	26.062572954156128	1.6064221544892168E-4
102.0	25.673825012456764	24.136295964249843	23.760695192804178	26.42916374703443	2.0083454788026165E-5
103.0	26.737023555782073	25.627269941446905	24.84000213665173	22.795523634300007	1.8073181928263926E-4
104.0	25.874897086286875	27.28277676258559	22.160103616538485	24.681921323721358	3.0121086768810615E-4
105.0	27.6339481337692	23.561492695454284	20.0879124056984	28.71375490962751	0.002891855450605302
106.0	26.432652615327523	23.575841967819386	24.434055928496093	25.557369161329607	8.032702739392615E-5
107.0	26.117287528109156	24.44043750479447	21.794612279389057	27.64699999638532	6.626913219968937E-4
108.0	23.308687199846116	25.479694046336395	24.489304191141127	26.72223424722942	8.03154469494386E-5
109.0	26.267079866161914	24.595067506316955	24.844372566203774	24.292857651970778	6.224093465806136E-4
110.0	24.485591254850565	24.761547394187033	22.347528460925655	28.405272659522524	6.023051422403824E-5
111.0	25.107147711555367	23.775839779663308	24.81156920225324	26.30494137318122	5.019333468654564E-4
112.0	26.42861860801372	23.88548605767175	23.812086891282302	25.8736879848817	1.2045815052972476E-4
113.0	27.80349783395437	21.591838266986834	23.39010081311781	27.213940745567783	6.22340373207484E-4
114.0	26.659993206079836	22.602673720779517	27.002760933513542	23.734270990683655	3.011489434490468E-4
115.0	27.491131213070148	23.32101434667339	25.48052481051677	23.706867818330622	4.6181140907093984E-4
116.0	26.97711251309381	25.12638023358332	24.122707240592987	23.773719698008616	8.03147212667559E-5
117.0	26.52290771737223	26.333082615883868	23.5830281019056	23.560399279250916	5.822855873876139E-4
118.0	26.42918813423875	24.63838100707175	24.520538593440662	24.411651319778812	2.4094547002437565E-4
119.0	27.04847046293829	21.083670487355143	24.74005389779098	27.12740355895696	4.0159295862970056E-4
120.0	25.63544968509132	23.474380614010677	25.344977906394433	25.54513155564444	6.0238859124199274E-5
121.0	27.391486899996043	23.903493756065373	24.091501538218107	24.61303588894469	4.819167757840033E-4
122.0	27.420281101434423	23.060992055619497	24.306704009779676	25.211701556025513	3.2127714089046777E-4
123.0	24.691824563636917	27.832442036954745	22.647388186696958	24.82776290666297	5.823060484129248E-4
124.0	26.42275900372233	24.168058506675813	22.533933253524243	26.875128759423784	1.2047665383322578E-4
125.0	27.019876698289902	23.827441055807036	23.807683225762926	25.34413561903048	8.634011096511377E-4
126.0	24.28661814038914	24.679067766984716	24.569234077679127	26.4649193806665	1.6063428052006152E-4
127.0	25.702963410503244	22.581390030217	27.937001499304557	23.777761580656943	8.834793182511367E-4
128.0	26.417614889052558	23.243342229904204	24.760973262899693	25.569013749659653	0.009055868483890995
129.0	24.77928756789839	26.972336250731892	21.22288983895542	27.022614992542522	0.002871349871773145
130.0	26.94915165748874	23.50435657051797	24.05226117575999	25.4942305962333	0.0
131.0	26.323155714456398	24.833932223504004	24.277190266353017	24.565179631910958	5.421637756285335E-4
132.0	26.684576798340736	25.429408425499428	22.227271257772767	25.65324156449063	0.005501953896437565
133.0	27.026521768814032	25.06702730489191	24.156034264647413	23.748850415456843	0.001566246189804942
134.0	26.893089954603433	22.626278284504444	20.73469432012774	29.745857121285624	8.031947875871066E-5
135.0	25.94797650023072	24.021421913546906	25.78117375958157	24.249086470364052	3.4135627675881814E-4
136.0	27.69392120261908	26.66871349444505	24.149006920392992	21.482695804712552	0.005662577830325072
137.0	29.2782462213103	21.75478271241556	23.830278393411042	25.136552109682654	1.4056318043874588E-4
138.0	25.25448057892085	24.394355597970378	26.678612066125098	23.67124665114862	0.0013051058350478744
139.0	26.146940317881906	24.244785010369643	24.682781694573713	24.924569357138367	9.236200363705507E-4
140.0	27.330494308732177	21.54794774422435	24.763987423371333	26.357309497788208	2.6102588392901783E-4
141.0	26.175578361985046	24.333008317617992	25.723534778823325	23.767597432429394	2.8110914423951143E-4
142.0	29.280535684274295	23.092047442626843	23.171099746659152	24.455895460606673	4.2166583304000785E-4
143.0	26.585342737952004	25.694001583856867	23.971035177364662	23.74950002489836	1.2047592810639149E-4
144.0	28.492774290525908	24.11733015702372	23.623755899106925	23.765597506768298	5.421465751496475E-4
145.0	28.874399817515613	22.430720990042072	22.772276830104783	25.92187949283476	7.228695027782285E-4
146.0	27.532639906829182	21.65436437019337	24.452942711993735	26.355816148270115	0.004236862713600129
147.0	26.472968840389242	23.592118946298708	27.04025563647382	22.891283216306505	0.003373360531721938
148.0	24.31879694537665	25.077653704537017	23.7446544994973	26.858453094431606	4.417561574282402E-4
149.0	28.505330289174964	24.746818794264293	23.37042146332452	23.375642315407738	0.001787137828486977
150.0	25.65767134133889	24.316615585234974	24.197257124910916	25.828455948515217	0.0
151.0	27.26707548196577	23.770491803278688	25.738998112017104	23.223073151003693	3.6145173474743964E-4
152.0	28.0097560740517	23.419537690928603	23.230275798253448	25.340269790066895	1.606466993529151E-4
153.0	25.644727219129543	22.96549419682248	25.362108718762666	26.027047357575256	6.225077100592024E-4
154.0	23.41586223196917	24.70844659946572	24.934018315226485	26.93898197735608	0.0026908759825462554
155.0	27.885467014196426	23.19586386570216	23.59860393618017	25.319904513669222	1.6067025202334056E-4
156.0	26.04579037778257	23.82387432540262	25.62786184840134	24.50229269216548	1.8075624799034198E-4
157.0	24.966163339436886	22.844802048255225	25.983944381547786	26.204849221751786	2.4100900831420827E-4
158.0	24.436328521355044	21.02680396966116	26.577336168729076	27.959390748758175	1.4059149654426103E-4
159.0	26.667334823094542	21.625110416531932	24.311460784105	27.395632024429624	4.6195183890976153E-4
160.0	26.87907566314794	21.373903825245925	25.48078439123072	26.266175864783236	6.0255592170870396E-5
161.0	25.625077078880164	20.820215696333115	28.42673117658425	25.124501221813233	0.003474826389237599
162.0	26.509829789191357	23.83148163807792	24.001228460020112	25.65744002670635	2.0086004253010542E-5
163.0	25.92953182039316	23.51499676406867	26.92471628856553	23.63075512697264	0.0
164.0	25.799894181722205	23.77876105839168	24.580071373102633	25.839827123305614	0.0014462634778699592
165.0	27.41413009198159	21.594662295582516	26.315011339508292	24.675774431166474	4.218417611290896E-4
166.0	24.069634531206372	22.873609629589453	26.119196703890523	26.937478781596585	8.035371706250916E-5
167.0	26.807384544671443	22.794853848725236	26.527324213476643	23.870156147546254	2.812455804265933E-4
168.0	24.750004821507783	24.307792199443277	25.06772209472013	25.874340257018506	1.4062731030581215E-4
169.0	26.54291398078015	22.24366065153985	25.557471710046002	25.655712575754958	2.4108187904038161E-4
170.0	31.210654312443058	23.08103541626695	23.15685638315505	22.551273075018358	1.80813116585284E-4
171.0	25.580222170300026	23.619712817574488	26.48412376171087	24.315278271384642	6.62979029973282E-4
172.0	27.94190250962808	24.914846667762006	23.154776801657313	23.98837359244424	1.0042850835946818E-4
173.0	28.489855768612887	20.14239194694701	23.395128616226916	27.971438875965504	0.00118479224768343
174.0	24.57637192685413	25.638303511833954	23.355025104034556	26.4300384170844	2.6104019296091063E-4
175.0	25.710568139263344	23.483009233555645	23.759744829781106	27.04509151731706	0.0015862800828479952
176.0	24.838377853172776	24.227268738822186	27.698653632349448	23.234394630512405	0.0013051451431834579
177.0	22.914966066308303	25.42369171496623	23.746395229262514	27.890388061188077	0.024558928274876858
178.0	25.463805436337626	23.19477950957508	24.260743417915318	27.080330296413425	3.413397585523179E-4
179.0	27.885005599398717	24.171611279440018	23.48243443422378	24.45988442969567	0.0010642572418187233
180.0	26.550086500958226	23.376277456982557	24.849702949287064	25.223731763880668	2.0132889148111023E-4
181.0	27.56687339851353	22.50954240018577	25.87159565701864	24.051444300925457	5.442433566027604E-4
182.0	26.206054840052367	22.743433736700425	25.313923874581622	25.736587548665586	0.0
183.0	24.282099123295755	24.19830303343055	26.004726607445654	25.514347132307115	5.241035209274536E-4
184.0	26.00064589013094	22.007577315306467	26.347459055323192	25.64068914299814	0.003628596241258107
185.0	26.02374955454972	24.086665677672983	23.712164944796417	26.176875607707057	5.442152738249384E-4
186.0	27.02705644612648	22.81262063022521	25.45793375227402	24.70238917137429	0.0
187.0	25.012735927632875	22.41337499558306	27.03097914700077	25.542405136773667	5.047930096264028E-4
188.0	27.738306546879826	26.66688879330712	22.44783557782207	23.14652482871007	4.442532809114462E-4
189.0	25.01084440121942	23.26101847708257	25.108746928429376	26.6184814445631	9.087487055379549E-4
190.0	28.88112554721057	20.873493075600084	24.857274881267728	25.38786414394415	2.4235197747096015E-4
191.0	26.209792070874432	23.919170176373115	24.58855239119101	25.28210112403632	3.8423752512205603E-4
192.0	27.37770398174964	23.54632161405666	23.24142087465821	25.834513081042598	4.044849288915495E-5
193.0	27.731529267226584	24.117672877701057	21.903407866959633	26.24710681332693	2.831747857934446E-4
194.0	28.3777493908785	22.81006029013299	23.893563287445673	24.918627031542833	0.0
195.0	26.838116359765163	21.817309289427776	24.659246162744893	26.68478193797796	5.462500842135546E-4
196.0	28.938028135312145	22.800439552149975	25.569865492094205	22.691524872434364	1.4194800931097826E-4
197.0	25.303580251220364	23.633807741702046	23.606467670974823	27.455515595603845	6.287404989197832E-4
198.0	28.028003302153547	23.458493944968442	23.303075780523795	25.210345718575915	8.125377830069097E-5
199.0	26.179350403275865	23.268498486825102	24.865829111979014	25.68589460487513	4.2739304489051614E-4
200.0	27.420910906082273	23.025566186931755	24.01872126322731	25.534781290134802	2.0353623860960324E-5
201.0	25.445652173913043	21.438873961895457	27.831196059273733	25.284114964989417	1.6283992835043154E-4
202.0	25.2783020202635	24.94333193753984	28.21246080565038	21.565905236546286	0.0
203.0	25.771304723550394	24.52740672444877	21.91086140888364	27.78979591919845	6.312239187439703E-4
204.0	25.569430633513917	23.52852412238678	23.806598143634446	27.09538600767366	6.109279119318905E-5
205.0	27.17252244564799	23.714285830659026	25.218978206246213	23.893439634922956	7.738825238182711E-4
206.0	25.93979755731049	21.076313374342188	25.677772405339976	27.30607592843261	4.073457473307651E-5
207.0	25.867218459811053	23.420266012858608	26.90101578990468	23.811234922346035	2.648150796298944E-4
208.0	28.161830396935756	22.253421552597935	21.593060627823704	27.99164667471438	4.074792822252444E-5
209.0	27.772395939888966	20.431886037805363	25.049190496412393	26.745753193306832	7.74332586442007E-4
210.0	24.582578560259833	24.957668847695896	24.49854806389497	25.960858052661013	3.464754882858676E-4
211.0	25.77713916885792	25.441570477783763	25.036727035052863	23.74372745461566	8.358636897958984E-4
212.0	27.8895238965422	22.518558371733597	24.85216730863126	24.73944449905755	3.05924035390924E-4
213.0	30.436601509927584	22.640485609363633	22.694707498722	24.22796049577214	2.448862146407264E-4
214.0	28.47821390048027	24.428396446849987	23.661330025620614	23.43203920570785	2.0421341281863928E-5
215.0	26.155610892165075	25.13620934586781	22.54037590342516	26.167558362574635	2.4549596731957685E-4
216.0	25.73838284343466	24.647896203978657	25.910556240587983	23.703123368884967	4.134311373593946E-5
217.0	29.4636410016342	23.78470122636724	24.05544411346015	22.69556838833776	6.452702006519727E-4
218.0	25.26695224128642	24.029868007268025	24.739669748463037	25.963069236628357	4.4076635416332154E-4
219.0	26.765555116412383	22.25265613923923	24.283221210544664	26.69795296882566	6.145649780610899E-4
220.0	28.004656567505332	21.37113353792719	25.236446366472716	25.38740172897415	3.617991206153139E-4
221.0	25.519778739692168	23.00846653219292	23.720988831993953	27.75065876279868	1.0713332227717446E-4
222.0	26.120197304315194	24.72089831646773	23.603885956288938	25.554888645917483	1.2977701065144815E-4
223.0	30.50424057061899	21.93650358930074	24.7263061269819	22.83214163176083	8.0808133753623E-4
224.0	29.672434356698158	22.224098000588132	25.2565528346551	22.84676153433999	1.5327371861529018E-4
225.0	31.037243564872696	19.276095795967855	24.105661643695054	25.57980993534596	0.0011890601184391955
226.0	25.215451899968794	22.424290651348013	26.409517314837615	25.95049563050299	2.4450334258296886E-4
227.0	27.267949507250805	24.356752214338034	24.61274362212226	23.761026751809894	0.001527904479007042
228.0	26.643038961795007	28.429016361963743	22.50109041399178	22.426718877170305	1.3538507916529684E-4
229.0	27.7398834495549	25.230734326002064	21.493063307070003	25.536296183807245	2.273356579162141E-5
230.0	25.756362863664172	22.37452876157259	27.114848452652673	24.75425992211056	0.0
231.0	25.377505654333483	24.15637807658857	24.532754601347776	25.93167086857279	0.001690799157379817
232.0	25.378219258349844	24.863509956565007	23.900615716584355	25.857399294995208	2.5577350558516325E-4
233.0	23.57765390757624	24.404422470202906	22.359185139462102	29.658221355747184	5.171270115653106E-4
234.0	26.685686614552644	21.40008921564184	26.819152260566923	25.093640642257203	0.001431266981386373
235.0	25.692317713673617	22.41793104446573	27.24457718836475	24.644981049411456	1.9300408444893717E-4
236.0	27.815069566648305	23.584686755086228	24.09255764130393	24.507392625443817	2.9341151772242243E-4
237.0	27.12305301987921	24.48392234571617	22.753882356194378	25.638994141437532	1.4813677270708348E-4
238.0	27.068101065336858	23.428725750596442	24.026419673240632	25.476753510826068	0.0
239.0	27.52640704689022	23.530535068375436	23.837495721139145	25.104114715116744	0.001447448478452317
240.0	25.214524370941373	21.87780519113992	25.900086748768025	27.007453631027705	1.300581229751576E-4
241.0	28.470645720185487	20.964913011815476	24.37797118903821	26.183865486334746	0.0026045926260857247
242.0	26.780900481911672	24.076870979991465	21.482951705742877	27.658180688821815	0.0010961435321659406
243.0	28.61397446984435	23.03912731192868	24.25558414916707	24.08856664019541	0.0027474288644876504
244.0	26.232577900339493	23.41052885554721	25.28328409447043	25.072717473829968	8.916758129001888E-4
245.0	28.605887980666978	21.36575765311555	22.389590832167126	27.636686580011236	0.002076954039110359
246.0	23.935985983731793	26.4157771514495	24.330298880800353	25.315067093244163	0.0028708907741949586
247.0	26.268253898630583	23.050024124502514	24.95340245324788	25.593322718199918	0.1349968054191084
248.0	26.11212556717617	22.679534254887972	23.81704767626075	27.381531503291622	0.009760998383483438
249.0	25.68211919124171	21.902393545894867	29.239300465677015	23.16063946750661	0.015547329679799297
250.0	27.406683942396747	21.6510107578105	24.606457876318675	26.334996751496387	8.506719776953808E-4
