# Position (bp)	A	C	G	T	N
0.0	24.20571227671878	23.98505924485076	25.301337016054077	26.50789146237639	0.0
1.0	22.707054270006388	30.01526997487473	23.348393214745123	23.85026829890188	0.0790142414718766
2.0	24.315560248496972	27.04639430437159	22.629993046434365	26.00742285977548	6.295409215906782E-4
3.0	26.39240249307495	22.037128445294254	24.28374427964902	27.279746826030976	0.0069779559507951155
4.0	26.465398437129352	23.078149819974357	23.497418937017034	26.959032805879257	0.0
5.0	28.61232077535274	23.85117750700336	21.66932713477579	25.866317902618302	8.566802498079607E-4
6.0	25.829452926825237	23.900833401277268	22.99844289601955	27.26545515500625	0.00581562087169315
7.0	24.866734129608528	25.59763325733318	23.07653780789453	26.458354913506664	7.398916570955041E-4
8.0	27.467490437361093	24.575371097446002	23.109734371457165	24.84740409373574	0.0
9.0	25.893854653556538	25.42961621216366	22.288265644653997	26.388263489625807	0.0
10.0	24.646984184914153	24.697534428853082	23.38521156013807	27.270269826094694	0.0
11.0	27.08506212710055	22.84739175652745	23.293338442169794	26.7742076742022	0.0
12.0	29.125549616276707	24.127200212480655	19.74876527876796	26.99848489247468	0.0
13.0	24.367266069984215	23.274908912816024	24.621525727557888	27.736193281863024	1.0600777885081208E-4
14.0	26.90251441201446	22.020236351267645	23.378277943258283	27.698918843220465	5.245023914686539E-5
15.0	25.510153970219157	23.28530110392279	23.92992377737514	27.274621148482915	0.0
16.0	26.82599498593759	25.36977568641459	21.10376348969002	26.700465837957804	0.0
17.0	28.91806492870563	26.13470446608724	18.6672633290287	26.278776597407198	0.0011906787712393527
18.0	25.429092751456682	25.92910921391515	19.6793211373544	28.962427755606697	4.9141667072085425E-5
19.0	25.26226344554672	24.010954202608822	21.265619402467866	29.460772494819153	3.9045455743440125E-4
20.0	23.76042079133633	25.632653732993454	23.514997903982046	27.091927571688167	0.0
21.0	23.615816770610788	24.25319685122443	23.685736276858226	28.444962366712943	2.8773459361085334E-4
22.0	21.94300891808232	27.098425338816906	25.723230095633575	25.23528820076408	4.7446703118387114E-5
23.0	25.662353549731737	23.513692604521033	22.934876590988896	27.88898286206207	9.439269627073336E-5
24.0	28.007782947429632	21.316809738298627	24.588811989734126	26.086595324537615	0.0
25.0	24.600293250794145	25.389259920789005	19.323443052766653	30.686911325841198	9.244980899869461E-5
26.0	26.32730037240802	24.704442453045004	19.76337951094821	29.204739938739984	1.3772485878611146E-4
27.0	26.012548165368525	24.305366148326453	19.606622795376126	30.075462890928893	0.0
28.0	27.708422414306362	23.731171214081197	22.87310719846429	25.684412498579213	0.002886674568938299
29.0	28.267977793305686	23.619644767853302	21.672543176956584	26.439566539319966	2.6772256446090046E-4
30.0	24.18566143980949	24.584818563131808	24.666988850975876	26.562398256129438	1.32889953386634E-4
31.0	26.375033116465485	24.25804790723775	22.043862290165038	27.322792195226025	2.6449090570061654E-4
32.0	24.748117502874265	22.546976865046613	23.678240901209392	29.026577532809362	8.719806036634521E-5
33.0	24.47167981498292	24.391113975674287	25.401202800589207	25.735960325417057	4.308333652868079E-5
34.0	25.830746364212576	26.21633015110912	22.95148489825251	25.001438586425795	0.0
35.0	25.465604945341845	21.648334989641057	25.43035927841129	27.455532348532063	1.6843807374218868E-4
36.0	24.08228532388519	25.003512763320522	25.33531113827835	25.57880663647233	8.413804360538247E-5
37.0	26.117449760387284	25.267451190157797	20.54348941381091	28.071609635644013	0.0
38.0	26.901891970518154	25.740241242636685	20.545309927674293	26.812514819118473	4.204005239872131E-5
39.0	23.74163704238577	27.321054352604733	21.078015603288776	27.859124880949476	1.6812077123722598E-4
40.0	26.846408964225798	26.880028172896864	22.325591950216676	23.94788686463898	8.404802167766574E-5
41.0	24.810037227829273	23.97539433767238	21.00607578342311	30.202904274897683	0.005588376177550695
42.0	25.190276209297945	25.295308340727594	20.366570541259982	29.147844908714475	0.0
43.0	26.551123138377086	24.669893136658967	22.54001966799649	26.234427227362794	0.004536829604661508
44.0	29.717726269454754	23.95708246441915	22.36117848914986	23.963886771293385	1.2600568285629684E-4
45.0	25.730498074122355	23.730121801472503	20.862806624414386	29.67245801788303	0.0041154821077315626
46.0	25.01433971391116	23.608837798730043	22.323344382401327	29.05347810495747	0.0
47.0	25.467156502571637	24.30196284244778	22.80827122913824	27.420678072845593	0.00193135299674609
48.0	24.03423118346816	23.75687616316601	22.27436153361209	29.93453111975374	0.0
49.0	22.47021579931868	26.214545291248708	23.47960715534286	27.833533314615256	0.002098439474500393
50.0	27.36328408592097	24.663293234306952	19.189872652788537	28.783424131763613	1.258952199263597E-4
51.0	24.928366521728368	26.64316436825545	20.956500468045952	27.469283304375043	0.002685337595187875
52.0	23.82960154930503	25.085629727311105	20.29040683481485	30.79436188856902	0.0
53.0	23.098131164864665	24.9375427267848	23.5486665904297	28.413906624185426	0.001752893735408203
54.0	23.79513974384121	28.17963667018617	21.29828017210799	26.726943413864625	0.0
55.0	24.033451428348044	28.522711630106283	21.60311175303933	25.839020095560063	0.0017050929462800071
56.0	26.95938360208571	25.921062479729223	24.170499056109506	22.94905486207556	0.0
57.0	23.4820291526571	27.546720627506804	21.870978766431577	27.0946170403222	0.005654413082316198
58.0	25.779392947737833	25.408496935805307	21.153128255524987	27.658857148083204	1.2471284866594665E-4
59.0	28.45537816411498	21.730095837933465	24.002297849133402	25.809276859229307	0.0029512895888479497
60.0	23.966154380920422	22.293493234070105	24.07831496966396	29.66203741534551	0.0
61.0	24.76221800457232	23.874257994087177	22.097135168674658	29.259503814134362	0.006885018531483614
62.0	25.45655884054605	22.14048570486514	24.540517225290166	27.86223085808136	2.073712172897826E-4
63.0	26.946334763151096	23.29198432522707	22.138398009673768	27.62062869127092	0.0026542106771430575
64.0	25.43375666622146	21.49354787088216	23.03708025599283	30.03557385637888	4.1350524676132357E-5
65.0	24.487990152805992	26.83261134635239	22.810584989313874	25.863355711690893	0.005457799836844863
66.0	25.336056071087764	24.02656199093376	22.842386064257493	27.79458241890911	4.1345481186979145E-4
67.0	27.169831758298184	24.765894570077005	20.302945862835095	27.760459603221786	8.682055679263365E-4
68.0	24.099864650004093	22.61481805471381	26.307921654097665	26.97723027771967	1.6536346476145908E-4
69.0	23.641684377101843	24.49534044341335	24.670370941464824	27.1893797744281	0.0032244635918788167
70.0	24.935227282103753	22.96229980279389	24.103784872063567	27.998192964940223	4.950780985700495E-4
71.0	24.94799983235031	22.617586945677388	25.527213078648252	26.906296149891972	9.039934320768098E-4
72.0	27.08715270273713	25.596807712503484	21.84713538050164	25.46730181530125	0.0016023889564996594
73.0	25.86183096404282	22.24088786563366	22.382174324236605	29.510546567835988	0.0045602782509237645
74.0	25.03829745279318	26.011005510971618	22.85210754097283	26.097767881901294	8.216133610764779E-4
75.0	25.238943607788656	24.392725647510787	21.962108331508762	28.403675543602613	0.0025468695891858275
76.0	27.32244185731268	23.63938019472224	24.82371730359565	24.213598023694956	8.626206744707822E-4
77.0	24.31926097528917	24.95576202681388	24.407613696109358	26.31687039957939	4.929022082018928E-4
78.0	28.03970019485363	25.261557317525984	19.709255711708636	26.98891174412071	5.750317910433048E-4
79.0	28.085919273965132	20.393197694668427	21.560813963422248	29.9571118296105	0.0029572383336947737
80.0	23.918792541977762	22.847041708952805	27.75163144749817	25.479700394405953	0.0028339071653083765
81.0	25.843829046405926	24.509801908346315	21.362669171372918	28.283371315993417	3.285578814259248E-4
82.0	22.900704734369352	21.772308374675557	23.7661398955219	31.559614942339913	0.001232053093274633
83.0	25.454261719471877	21.695488798997967	24.227346461058293	28.62212274901953	7.802714523315742E-4
84.0	23.85390496480345	25.5986205548497	24.627933353646668	25.918678768157783	8.62358542400527E-4
85.0	25.092413054529654	26.705011616819874	20.719002719214604	27.48299772262697	5.748868088936631E-4
86.0	26.303883832407127	25.088589943737688	21.32465678839178	27.281062734409193	0.0018067010542100652
87.0	22.440939385677634	20.84543232829555	25.570240414146955	31.14260773306442	7.801388154372226E-4
88.0	25.17157266284468	26.12741151202784	25.85609780432156	22.844261086888952	6.569339169643741E-4
89.0	26.86273149298116	26.11348806502722	22.288072581648404	24.73472249992507	9.853604181541162E-4
90.0	23.924102654214725	25.423295292421805	23.516541987124086	27.13597795469167	8.211154771645733E-5
91.0	27.15308922568599	24.21888727770762	23.834776553973384	24.792507952356477	7.389902765301615E-4
92.0	25.39306478456462	23.47263264114739	22.909094044069892	28.225085370329467	1.2315988863061803E-4
93.0	26.92569794927752	25.138735969378327	20.68842926826064	27.246931551995505	2.052610879987126E-4
94.0	28.19450334135335	22.373007431478552	22.969192389620808	26.458822268901873	0.0044745686454249175
95.0	24.357025542463838	25.995202911585547	23.81689128474205	25.82829411907173	0.002586142136834833
96.0	25.838209892354474	24.18777379333898	23.925761367144144	26.047392929153613	8.62018008787658E-4
97.0	26.131451937972404	24.712236978317925	22.76794326916525	26.38828571968052	8.209486389902989E-5
98.0	28.475450075115134	22.687233710687693	23.954052523129715	24.883263691067455	0.0
99.0	22.179886839615577	21.690674426861328	26.074623465695822	30.054815267827273	0.0
100.0	22.863216028716874	24.69089591241781	24.152864976767685	28.293023082097633	0.0
101.0	23.56340402234151	21.507292510160923	28.03396290068585	26.895258483235047	8.208357667693669E-5
102.0	25.65429962461347	23.97688085233182	24.45598504692537	25.912834476129344	0.0
103.0	25.744005844353058	25.83536490268988	24.520960049906833	23.899463994024313	2.052090259137958E-4
104.0	25.818119434458715	26.529170752048092	22.56718870624777	25.08519277186067	3.2833538474545595E-4
105.0	27.997639221107136	22.203962759451734	20.970381910983203	28.824732688579118	0.003283419878808972
106.0	26.671361953239213	22.205832498114088	24.060142352551996	27.062663196094704	0.0
107.0	26.391815452859724	24.321709801050197	22.348792978763747	26.93718925636591	4.925109604209984E-4
108.0	24.02161864006458	24.272993403515798	23.701705777843806	28.00368217857581	0.0
109.0	26.325667101688378	24.251721618937395	24.985307757339964	24.436728965058727	5.745569755320808E-4
110.0	24.449122893415492	24.461680835390414	22.469359237166582	28.619795995001446	4.10390260618335E-5
111.0	25.309839981844007	23.535567729774474	23.931355243917803	27.22274456725823	4.924772054873452E-4
112.0	25.494702300389292	23.707421211646157	23.22193212345458	27.57590332570285	4.1038807116785776E-5
113.0	29.610744666837107	20.779873119496582	22.155089029338296	27.453677618136386	6.15566191627397E-4
114.0	27.010178884570223	21.457201941469464	27.756225502326703	23.776229515933565	1.6415570003993087E-4
115.0	27.18075880959006	23.373495755981885	25.620350602436336	23.824984425056822	4.1040693489222303E-4
116.0	27.17824604288261	24.05786192741485	24.06549564365156	24.69835534456584	4.1041485143598E-5
117.0	26.296285807744574	25.916235416181856	23.66367756623281	24.123144535298103	6.566745426569627E-4
118.0	27.025901147244873	24.175867923808134	24.735515587106764	24.062510132224762	2.0520961546590996E-4
119.0	27.906054713312063	20.76091676441689	24.203913675537105	27.128663376130007	4.5147060392812256E-4
120.0	25.418772465387196	23.309991356546163	24.718061699321083	26.553174478745557	0.0
121.0	28.368320736007774	22.472558953513573	23.93843453878028	25.220029090956846	6.566807415238934E-4
122.0	26.67279844825704	22.842815431732422	24.469461347202486	26.014637473804488	2.872990035649702E-4
123.0	24.787914556756814	27.133844281060103	22.956120168207253	25.12166953004246	4.5146393336720686E-4
124.0	25.643878592568182	24.13907030633407	22.999372466420386	27.21763759258583	4.104209153781844E-5
125.0	27.517780036863126	23.48126329475605	23.888185945798643	25.111867818061455	9.029045207198119E-4
126.0	25.11974889157118	24.377800314131782	23.497213486078923	27.00515522518045	8.208303766339141E-5
127.0	26.74563823862449	22.067715598917005	27.151946606976274	24.033837689246333	8.618662358977138E-4
128.0	26.55313808321298	22.500222649325877	25.16397045515268	25.77363971522228	0.009029097086187246
129.0	24.865200957075256	26.152450761104657	21.970828083510153	27.008565248975003	0.002954949334931195
130.0	26.154682137671255	23.515795642869982	23.680084775326506	26.64935536112828	8.208300397527988E-5
131.0	25.808354110875122	24.255281599819416	24.35718902945794	25.57868275515334	4.925046941853665E-4
132.0	26.766226000261845	25.48604843677728	21.388922064388925	26.35248305279173	0.006320445780220042
133.0	27.284539845625417	24.734982912251425	24.59182915452685	23.386883290697753	0.0017647968985541388
134.0	26.625072387097674	22.69308322043477	20.85602078017593	29.825782570705417	4.104158620805704E-5
135.0	27.20148765221574	23.13375531634156	26.317588795165047	23.346798867762377	3.693685152740037E-4
136.0	28.291127525278952	25.97371735755155	23.525095084655817	22.203698482216183	0.006361550297494821
137.0	29.059076975358018	20.852005698260605	23.960726162953673	26.12798595381224	2.0520961546590996E-4
138.0	25.385625582244764	23.98737631787384	27.044597384156376	23.58116953736421	0.0012311783608091303
139.0	26.360261059809588	22.992896490844316	24.30328442394846	26.342449961689724	0.0011080637079176898
140.0	26.65417141018559	21.7244685138415	25.41304524475737	26.207945472856675	3.693583588669399E-4
141.0	26.571780933795452	24.84918626865549	24.73829472444354	23.840204546060825	5.33527044691098E-4
142.0	28.945244029514765	22.516396749419584	23.313938909411476	25.22425614921709	1.6416243708987607E-4
143.0	27.26289247054111	24.746205393053316	23.549874087669128	24.44086388663622	1.6416210022424544E-4
144.0	28.44342280603905	24.43486008629206	22.917095028377553	24.204088550932877	5.335283584686751E-4
145.0	28.43826412139429	21.50698795299394	22.694697823462153	27.35881888942971	0.0012312127199048519
146.0	27.55516594209233	21.33031109294374	24.24215188112302	26.867651398278667	0.00471968556223562
147.0	27.159796145679177	24.108424627007167	26.175613816063255	22.552882204279495	0.0032832069709050407
148.0	24.745535664816675	23.581613476872793	22.731244374820704	28.940949827812567	6.566556772603011E-4
149.0	28.410622961530773	24.191168654638016	24.19958211765633	23.196368995608992	0.0022572705658895228
150.0	25.027477781781677	23.939776254107304	24.474105217536202	26.55859970433168	4.1042243139173425E-5
151.0	27.0186652788546	23.454995364154964	25.349022286122143	24.17686559414952	4.514767187821293E-4
152.0	27.079962600773104	23.032415673198397	24.07878956532018	25.808709028925296	1.2313178302209723E-4
153.0	24.487057669457002	22.684879442288473	25.60358892375384	27.223899342673676	5.74621827010099E-4
154.0	22.62807457372779	23.57403727044592	24.451947459195175	29.343190685754205	0.002750010876908692
155.0	28.118435235040646	23.958729254419197	23.17467210551073	24.74795817595684	2.052290725862393E-4
156.0	26.847078332539777	22.800868537278145	26.08407079646018	24.267777102796064	2.0523092583775267E-4
157.0	25.06365265904545	22.587653498033262	26.22547017591243	26.122731110562913	4.925564459425458E-4
158.0	24.361639814087745	20.818010650179808	26.19670856656855	28.62339468426892	2.4628489497796364E-4
159.0	26.404534046810003	21.037244894189428	24.194855316553276	28.362667918917833	6.97823529460057E-4
160.0	26.407598649818542	21.156537227070785	24.923269284685425	27.512594838425247	0.0
161.0	24.899327040777372	20.24099115555727	28.567394029652238	26.288264960555903	0.004022813457214095
162.0	25.397792345868552	22.531125952866706	25.7569363770335	26.31410427450771	4.104972353011203E-5
163.0	25.455616492340027	23.36780184233428	26.501165826505314	24.67537478859132	4.105022906027815E-5
164.0	25.43288035178866	22.792330731261966	24.54868785324186	27.223966423755584	0.00213463995192134
165.0	27.048122068136838	22.147736140833704	25.95791130445563	24.845491555454114	7.389311197146413E-4
166.0	24.082972650209143	22.59259152826055	25.64806988173097	27.676324886991882	4.1052807457817215E-5
167.0	26.64813758051736	23.10586622109278	26.695555072029425	23.54998953120317	4.5159515725775E-4
168.0	26.77732950097034	24.506116604064378	23.46676399478271	25.24970778984845	8.211033411926608E-5
169.0	26.831303091141244	21.72638329494554	25.035452257489727	26.406573961168796	2.8739525469378036E-4
170.0	32.682686093841994	21.72915710375895	22.899533836475715	22.688499794303393	1.2317161994493408E-4
171.0	25.813938688492954	22.847764098710993	26.57260340902326	24.76495476464683	7.390391259630603E-4
172.0	27.73764516089307	24.229523539770696	23.93150499365787	24.10120315751881	1.231481595507555E-4
173.0	30.388466882721055	19.062236388676233	22.33059605150003	28.21718186538813	0.0015188117145537054
174.0	24.29200486521523	25.138081064206308	24.16220558613077	26.40721588756312	4.925968845710035E-4
175.0	26.254351538638375	23.72007290879832	22.1098804558442	27.9141761634208	0.0015189332983020789
176.0	24.53399612359659	23.20870298136559	28.64326291186786	23.612313677480117	0.0017243056898392825
177.0	22.00383642949288	25.40998145014079	24.572322690361876	27.987787804062904	0.026071625941555217
178.0	25.706573169905596	22.22359985794842	24.14585330505987	27.923645224131526	3.2844295459070875E-4
179.0	28.736966838266024	23.843839380370007	22.429068477424515	24.988852474093807	0.0012728298456426929
180.0	27.163082620481333	21.294626074224546	25.58740214086439	25.95464183721252	2.473272172060598E-4
181.0	28.397969538115763	21.79046066176273	26.2616563437892	23.549376559324433	5.368970078729751E-4
182.0	26.019411863080506	22.110487815453098	25.57245588353708	26.297561851828142	8.258610117210323E-5
183.0	24.06911115662619	24.433653884271312	26.4158033484414	25.08085349577811	5.781148829895477E-4
184.0	26.995832023915174	21.43875082126845	26.217325285074615	25.344127481510874	0.0039643882308876225
185.0	25.302613198911068	24.27788841537009	24.264097140127202	26.15494704191598	4.542036756638909E-4
186.0	27.653460223544478	21.827858281704692	25.12891158443043	25.389769910320403	0.0
187.0	24.017065947495954	22.86740883604258	27.48181607722581	25.633005098497367	7.040407382819667E-4
188.0	27.654925348408604	28.041208506761095	21.77536186867118	22.528090120312275	4.1415584684516786E-4
189.0	25.51144367254517	23.28007352578766	24.54693543837763	26.660553323798837	9.94039490703867E-4
190.0	29.06978044623201	20.920713358172325	25.05771027021206	24.9516716613889	1.242639947146381E-4
191.0	27.097478513715735	23.81342371305407	24.248483351632043	24.840365365417306	2.490561808479948E-4
192.0	28.015323361026805	23.199706418484013	23.938600282040838	24.846286912001514	8.302644682924075E-5
193.0	28.96983154308329	24.518696006533503	20.491100510730913	26.020205861800804	1.660778514840509E-4
194.0	29.45393922784989	22.7127398955297	23.078385942184244	24.754934934436168	0.0
195.0	26.980442057508508	21.365226946720036	24.148954991066987	27.504877649691313	4.983550131607252E-4
196.0	29.062954641968737	21.61960998569317	25.85723257623399	23.46016112167558	4.1674428528980185E-5
197.0	25.608247938328027	23.634211354461694	23.688522369427442	27.06860152262577	4.168151570663716E-4
198.0	27.921800907272598	22.38256619342029	24.25030094090778	25.44529017555896	4.178284037241882E-5
199.0	26.15031677393403	21.815416331456156	25.06494703673907	26.969026548672563	2.933091981764548E-4
200.0	28.332850026148876	23.51366278679951	23.61691731591863	24.536527965885778	4.1905247207434325E-5
201.0	25.17493448731214	20.471389614945064	27.999240626960507	26.354309546769123	1.257240131607897E-4
202.0	25.250718373943393	24.249479451319896	28.691913976187205	21.807888198549506	0.0
203.0	26.520913225009757	23.974902536871227	22.634462224469356	26.869260848183906	4.611654657498697E-4
204.0	26.387592036893164	23.4724318032879	23.39473947914697	26.745194752812207	4.1927859763048895E-5
205.0	27.966579983043445	24.125399699276873	24.71548288033383	23.192034275392277	5.031619535766009E-4
206.0	26.455000939332535	20.967202198038137	24.75275425718925	27.82500067095181	4.193448826505281E-5
207.0	26.26217633748351	23.32974727742861	26.801888236688075	23.60581066883088	3.774795689183323E-4
208.0	28.551418276824176	21.81810096850665	21.22995771828945	28.40039718547026	1.2585090946159723E-4
209.0	27.73259936477035	19.73248188504609	25.30840525470024	27.22571631164014	7.971838431813509E-4
210.0	25.718100798062295	23.16248024567125	24.56456549708731	26.55468560508464	1.6785409450689083E-4
211.0	25.313898418345698	25.340384548386297	24.985822994578108	24.359096516549215	7.975221406837452E-4
212.0	29.661378505261567	22.061795063449537	23.6961980666997	24.580544381083556	8.39835056394924E-5
213.0	30.093272834911833	22.550900060377973	22.632370408994596	24.723078545567304	3.7815014829788315E-4
214.0	28.268731611919574	24.717784882007233	24.05161970685032	22.96186379922287	0.0
215.0	25.81088368879189	25.31110699148079	22.252787070352987	26.624969453877462	2.527954968695491E-4
216.0	26.013957377105122	24.532479055402938	25.44559523606395	24.007925674407492	4.265702049243264E-5
217.0	29.10954668183689	22.29725449126958	25.906776392201987	22.685862170764135	5.602639274070338E-4
218.0	24.529939985287392	24.018879582918895	25.09079825280135	26.36025136148323	1.3081750913869315E-4
219.0	27.0788667282588	21.956522889000162	24.460833750608284	26.50315953537904	6.170967537184487E-4
220.0	28.846953409937733	20.835770484355816	25.04508637145148	25.272056899377137	1.3283487783397678E-4
221.0	25.42340286642748	21.913789433902657	24.47984037030377	28.18283347172726	1.338576388315656E-4
222.0	25.36733097632861	25.17048289126714	24.161253043612405	25.300797767010174	1.353217816646203E-4
223.0	30.470971550426263	22.671157339825285	23.928759375271706	22.92851684231239	5.948921643549768E-4
224.0	30.826471012104793	22.436095733167615	23.82304803640159	22.914293424930904	9.179339509804912E-5
225.0	31.889200967448673	18.976312482408026	23.859589606166306	25.27406500837251	8.319356044867211E-4
226.0	26.261781867145423	21.731466935966488	25.72229391083184	26.284410532615198	4.675344105326152E-5
227.0	26.748634422297044	23.31764703657583	25.530606243694514	24.401977664755755	0.001134632676853777
228.0	27.906446157487814	26.933139023641328	22.930587520640653	22.2297322347801	9.50634500997691E-5
229.0	28.043307617098062	25.175729206076568	21.183742812712634	25.597220364112736	0.0
230.0	26.349365018941427	23.094596728183937	26.159902285273144	24.396135967601484	0.0
231.0	26.749170758215158	23.279842263497198	24.06936003808788	25.900398615825832	0.0012283243739353497
232.0	24.84144176514228	24.513313447668484	25.232869647932667	25.412276156355368	9.898290119873242E-5
233.0	23.876257223953093	25.227189181697106	21.1949327371375	29.701018233388172	6.026238241302631E-4
234.0	27.162913661130762	20.944313512453743	26.644535302623083	25.246858993734328	0.0013785300580820665
235.0	25.902739261086598	21.56950802572869	27.838237485409646	24.68941175009727	1.0347767779534598E-4
236.0	28.95056696298195	23.828728225448938	23.050244034650188	24.170250673905418	2.1010301350752277E-4
237.0	28.300655465855762	24.42654689729904	22.320775362457137	24.95186323220371	1.590421843489767E-4
238.0	27.53551196756267	22.507542626739273	23.79175353828038	26.165191867417683	0.0
239.0	28.77824926451538	22.36996122513032	24.119239708008084	24.731344763311164	0.0012050390350485604
240.0	25.605410965040104	20.745283436092077	27.69887700589337	25.950031695128022	3.9689784643228527E-4
241.0	29.089748101395145	20.59432859202416	23.097308465109943	27.216117424027424	0.002497417443325652
242.0	27.089378808578306	23.673616569654683	20.939630372391797	28.2965779813696	7.962680056102769E-4
243.0	27.92053093312066	22.262846074968667	25.47094679275379	24.34322661501652	0.0024495841403668677
244.0	26.476211784124754	22.278872155818835	26.106423999735174	25.137464713490093	0.0010273468311486993
245.0	29.389733106514377	20.385172901805497	23.274713021600217	26.94815090131946	0.0022300687604534476
246.0	25.185682254891407	25.91884946854681	23.31305696088019	25.579204961603907	0.0032063540776807987
247.0	25.80342188601091	22.56966563819338	24.332844612613812	27.149343839395325	0.14472402378657448
248.0	25.582862190102922	23.227825180656716	23.331073988474472	27.846587997082175	0.011650643683715442
249.0	26.028191813785256	21.83103651852197	27.926232896044628	24.197063319197763	0.0174754524503861
250.0	27.673265387478025	20.807458067667806	24.004892009410725	27.513232390033483	0.0011521454099679012
