# Position (bp)	A	C	G	T	N
0.0	23.536230184772318	24.22815166777751	25.477241694124768	26.75834799441522	2.8458910171726755E-5
1.0	22.669741930627612	30.81329275272577	22.736577793621194	23.701252497823504	0.07913502520192071
2.0	24.11293778150718	26.835937976327234	22.638062053732337	26.412126371574306	9.358168589392203E-4
3.0	25.140748510909233	21.985839717984444	24.792337681951576	28.074386958735587	0.006687130419161236
4.0	25.643708895782297	23.799391598119527	23.582566318862835	26.974134992281723	1.9819495361671815E-4
5.0	28.14175377142828	24.162230108180182	22.47201022345999	25.22312905081691	8.768461146382954E-4
6.0	24.940780271798083	23.97725623635264	24.47972751301987	26.594471771317828	0.007764207511574316
7.0	25.39625062804671	25.799130442378775	23.43248980401561	25.371509180401503	6.199451573970306E-4
8.0	26.79195074058429	24.498144672253556	23.862743432668506	24.847104906873625	5.62476200225778E-5
9.0	25.9504683886437	26.355713757598874	22.26710601698286	25.426403067704918	3.0876906964791626E-4
10.0	24.746315694404164	25.253936741744916	23.072215250621415	26.927532313229506	0.0
11.0	27.00955438135157	22.652079943726534	23.223447857587512	27.11475492616822	1.62891166167722E-4
12.0	28.41923681508318	24.37704957017309	20.395489389195024	26.80822422554871	0.0
13.0	25.000303050905696	22.858629124193424	25.55873363722751	26.582255130915357	7.905675800884487E-5
14.0	26.963764460004008	22.05382912548834	23.50471974426568	27.47760853093678	7.813930519050753E-5
15.0	25.229147512153105	24.041691870537502	24.256899093894077	26.47226152341532	0.0
16.0	26.334545107272184	25.154638237602857	21.332206869492477	27.178508727273552	1.0105835892846812E-4
17.0	28.12970615311443	26.858210497483952	19.14691750988076	25.86390509725514	0.0012607422657170064
18.0	25.417984071570128	25.743815139261052	20.074849507112518	28.76315526396776	1.9601808854921135E-4
19.0	25.083470121929942	24.644518423209565	21.221066070173222	29.050506164576262	4.392201110104429E-4
20.0	22.72092388010482	25.687044130943338	23.892564968787934	27.69944282570042	2.419446348414307E-5
21.0	24.010986206372642	24.503309353828264	24.208284516000862	27.277132351866307	2.875719319250137E-4
22.0	22.416719497878898	26.743329353921443	26.23013441823422	24.60972200085872	9.472910672583762E-5
23.0	24.563825036320434	24.3660647492995	23.7295856549832	27.340171247783555	3.533116133056211E-4
24.0	27.54267686408431	21.599357463865502	24.59604922319041	26.26184652690667	6.992195311593199E-5
25.0	24.536033556227643	25.99757680179298	19.70585322144853	29.760352146902935	1.842736279100837E-4
26.0	25.690774144937834	25.53710602230728	20.18151789498933	28.590533274618714	6.866314684117482E-5
27.0	25.6747387471273	25.193335113435893	20.40063718542963	28.73124331035175	4.564365541778779E-5
28.0	27.20163993810259	23.56566392018739	23.257870645975178	25.971279854524827	0.003545641210016685
29.0	27.134900707091774	23.957505334700148	22.811434384582522	26.095780316322898	3.7925730265513574E-4
30.0	23.570264287281745	24.62868889141327	25.5724312698283	26.228438401871408	1.771496052774639E-4
31.0	25.646332179763014	24.759378985096152	22.334611208894966	27.25917070768916	5.069185567014853E-4
32.0	23.348514658955473	23.08436177801763	24.50912682069394	29.05773455585064	2.6218648232043774E-4
33.0	23.63051573191321	25.013694409998088	25.077796363906984	26.27792859176466	6.490241705254759E-5
34.0	25.664953688705687	26.533699155503083	22.76256770458023	25.03867225162231	1.0719958869661808E-4
35.0	25.203130008725132	22.30003842455095	26.303558198334372	26.193082307086463	1.9106130308054508E-4
36.0	23.475628446690934	25.235786168498358	26.51649097827952	24.771903490850793	1.9091568039272626E-4
37.0	25.22022559684943	25.606858239221552	21.935470327063268	27.237424631762785	2.1205102965618468E-5
38.0	26.24014981857774	25.950421142158902	21.536187359714674	26.27311448469549	1.271948531874606E-4
39.0	22.741791739124444	27.832434168068136	22.043039125610793	27.382501830651734	2.3313654489521044E-4
40.0	25.58463059940993	26.76335336614615	22.566888411348714	25.085042861008617	8.476208659676196E-5
41.0	23.42781074065191	24.7484844658277	21.466854019714447	30.351532738334857	0.005318035471084719
42.0	24.102576813340555	27.018238269436264	20.944457296451745	27.934621697634356	1.0592313708741878E-4
43.0	25.79030053501829	25.651097074503294	22.612661711232462	25.941852689611235	0.00408798963472224
44.0	28.24472746479082	25.243682551300083	23.116476722826	23.394795593828107	3.1766725498642287E-4
45.0	25.49260410971725	24.75837212069727	21.568689312473772	28.176311384153074	0.004023072958639845
46.0	24.964251067810125	24.071385229307644	22.74836774419474	28.21599595868749	0.0
47.0	24.875863178529244	24.65591406954541	23.919476186645554	26.546926004801197	0.0018205604785957127
48.0	22.88830436868538	24.056942679984925	23.126831784100837	29.92792116722886	0.0
49.0	22.357851488527967	26.028094408690844	24.963111355354297	26.648911306218814	0.002031441208081158
50.0	27.277276387723397	24.826319021182798	20.373370200207606	27.522928597514195	1.0579337200292667E-4
51.0	24.210535000387132	26.61759037643255	22.4556606196407	26.713654274050143	0.0025597294894799346
52.0	22.282367238617702	26.249236754887566	21.62620333124173	29.842192675253003	0.0
53.0	22.84609494075551	25.2355506961978	23.69651063704284	28.220032000134825	0.001811725869022753
54.0	22.720461762893603	29.198329480042762	22.49903887171439	25.58210668787293	6.319747631411253E-5
55.0	23.958752844085744	29.158747880933987	22.00884408405981	24.872035857509594	0.0016193334108650541
56.0	25.907635590729072	26.160222121382	25.130235987146094	22.80190630074283	0.0
57.0	22.88383642462987	27.947654535916545	22.45121260193499	26.71166156268956	0.005634874829035164
58.0	25.786052718937103	25.377313924722856	21.73530872897624	27.101093368916302	2.3125844750317614E-4
59.0	27.033200027580502	23.30255893229828	24.791779833608857	24.869139774277148	0.0033214322352145813
60.0	23.463239133683356	23.613492080815476	23.892191464104677	29.031014357457195	6.296393929268829E-5
61.0	24.897640967956534	24.189826425104247	23.11788444709334	27.788226455324033	0.006421704521845337
62.0	25.331979973236372	22.204681515156157	25.184039276261522	27.279047421393653	2.5181395229762393E-4
63.0	25.822348783780125	23.667811022452273	23.270304586368994	27.236933686047553	0.0026019213510518583
64.0	24.60830718558047	22.721250820552605	23.128056460300957	29.542343655283105	4.1878282864767695E-5
65.0	23.378018544348613	26.649073975980198	23.68893348011589	26.278425685886724	0.00554831366857431
66.0	24.13791082060594	24.43528293792933	22.92216885686549	28.504113989574392	5.233950248581233E-4
67.0	26.03560763149273	26.106513062656163	21.11273586732499	26.744347924388475	7.955141376469738E-4
68.0	23.13191925852658	23.270668152962912	27.164387504644676	26.4328366801166	1.8840374923460976E-4
69.0	22.892364474120214	24.952791986872814	25.44495684870473	26.70680961329096	0.0030770770112832435
70.0	25.00732848113308	23.041016494832427	25.00607396225153	26.9452883407106	2.9272107236273995E-4
71.0	24.598504083751298	23.41079744676948	26.63975434953909	25.34975589215061	0.0011882277895210816
72.0	25.829612676496705	25.81921151256686	22.664448863375814	25.68497605022574	0.001750897334884128
73.0	24.75811169661226	23.11733752898877	23.792309220194586	28.32813565878467	0.004105895419717343
74.0	24.422272355457373	26.45933737293743	23.42915496553485	25.688151594566854	0.0010837115034934065
75.0	24.736408537539656	24.508947261701753	22.47552889695973	28.276552066334087	0.002563237464778929
76.0	27.046072313017994	24.412416093676676	25.34858685622501	23.192007841953956	9.16895126368987E-4
77.0	24.256752040224168	25.383753845769156	24.41994913634938	25.93852395394558	0.001021023711712913
78.0	26.807022559236017	26.82810907311853	20.44641733461464	25.917909284650438	5.417483803807074E-4
79.0	27.217881904653957	21.13307291427924	23.00685246041	28.639254880356972	0.002937840299834731
80.0	23.727403854067074	23.657836382891528	28.81997609412506	23.792054307214038	0.0027293617023049772
81.0	25.29821623408862	25.687108329136972	21.854689862408534	27.159256375644848	7.291987210271118E-4
82.0	22.67646452813451	22.148960022366857	24.30456176813177	30.868847004734835	0.0011666766320295654
83.0	24.670495289843526	22.84461827201974	24.745992788988865	27.737810351698766	0.0010832974491053317
84.0	23.12102785213991	26.49668562805583	25.01270191567178	25.36829306043154	0.0012915437009434728
85.0	24.3217255706429	27.373444946275892	21.69615788568103	26.607859205380617	8.123920195607335E-4
86.0	24.854739779294032	25.311761396431105	22.98489002090664	26.846484187127036	0.0021246162411914346
87.0	21.577178677848654	22.42909577771881	26.44900473937598	29.543783510870735	9.372941858183639E-4
88.0	24.866222505111164	27.437403879318246	25.380462945529253	22.31518169412337	7.289759179681316E-4
89.0	26.685015328734714	26.130952380952383	22.760796760971708	24.421985904228734	0.0012496251124662601
90.0	22.90702970608394	25.438618596391333	25.319387730237924	26.334818182821635	1.4578446516573925E-4
91.0	26.2752182763845	24.956136468946703	24.73159684078449	24.03646530225487	5.831116294325595E-4
92.0	24.968919575731903	24.919773980239306	22.7557434749851	27.35556296904369	0.0
93.0	26.23497531642393	26.12760743503837	21.152680417501966	26.484320353605995	4.1647742973453106E-4
94.0	27.622916768613603	23.826222035738866	23.026527720369362	25.518711210275836	0.005622265002337405
95.0	23.57704566376148	27.02391494871174	24.59895876387619	24.797457023450615	0.0026236001999766375
96.0	25.622964452537932	25.087772410958525	24.50279651583818	24.785508838455872	9.577822094869577E-4
97.0	25.053712552944784	25.147281392147754	23.38063341565198	26.418164430890545	2.0820836493762806E-4
98.0	27.46660081943987	23.331300591688134	24.573077409147587	24.62902117972441	0.0
99.0	21.55898657129951	22.391561838426775	27.513223658326897	28.53622793194682	0.0
100.0	22.616071521497037	25.82250762361708	24.00963750091067	27.551783353975207	0.0
101.0	23.114285190948504	22.69222859702452	28.58493126619892	25.60845087308704	1.0407274101789802E-4
102.0	24.774195750931185	24.380072646216174	25.09448192264962	25.7511664132924	8.326691062483698E-5
103.0	25.581272875139803	26.03513812978123	25.11060936052334	23.272813109054013	1.665255016112383E-4
104.0	24.894034170090272	27.61073098781614	22.927772965958756	24.567108014894647	3.538612401837331E-4
105.0	27.301936823120478	23.62384222974675	20.99184694929854	28.078293933652326	0.00408006418190758
106.0	25.840899401819854	23.09752651177043	25.39811370085664	25.663252221526488	2.0816402659170542E-4
107.0	25.382217035745196	25.170890763551462	22.921885466655954	26.524007555455455	9.991785919325489E-4
108.0	23.10590583247974	25.108556439253043	24.734882080886596	27.05061401699311	4.1630387518543736E-5
109.0	26.023113126349966	24.829053575736484	25.358060713742304	23.788835919948927	9.366642223199591E-4
110.0	23.984503365458064	24.62660254208748	23.327855019505044	28.060955815900346	8.325704906213016E-5
111.0	24.764360961414773	24.365894629041023	24.4597297764234	26.409077946866994	9.366862538169966E-4
112.0	25.437592286003667	24.975074713416447	23.171836903078415	26.415412839759234	8.325774224152321E-5
113.0	27.873687023653872	22.170292194344434	23.623333920277936	26.33168780707922	9.990546445426015E-4
114.0	26.190550031564836	22.741667684831206	27.697523747517117	23.36988387928808	3.746567987616344E-4
115.0	26.9503941754622	24.353969398528545	25.94936419015011	22.745460404267153	8.118315919892621E-4
116.0	26.32238709532378	25.013239066737388	25.44157283443423	23.222676106648592	1.2489685601307587E-4
117.0	26.258214298129612	26.986944758825565	23.735925966247507	23.018082332303837	8.326444934825794E-4
118.0	26.079639268178344	24.95102010569499	25.250707117301125	23.718258822001278	3.746868242627204E-4
119.0	26.972569992606065	21.508446407279365	24.60655179419543	26.91180731799924	6.244879199056774E-4
120.0	24.388065853044218	23.963193402206066	25.423821250075456	26.224898678817578	2.081585668698988E-5
121.0	27.279214318127888	23.15779832555506	24.81869200121566	24.743504344314506	7.910107868892044E-4
122.0	27.056280795944883	24.70003649041705	24.367896676124758	23.875307269919386	4.787675939284775E-4
123.0	24.11549178386214	28.07529097130315	23.86137455605462	23.94701006352514	8.326252549394452E-4
124.0	25.227257636087625	24.618822683570738	23.119008669417497	27.0348069337855	1.0407713864469501E-4
125.0	27.040724358640787	23.880501639173648	24.578092314096896	24.499557683301244	0.0011240047874277984
126.0	24.029588135271823	24.634077144212498	24.774661792343945	26.561568853069478	1.0407510225899172E-4
127.0	25.96060320142439	23.218475785957533	27.06219991719916	23.757638731477787	0.00108236394112856
128.0	25.568253842703363	23.357829082049484	24.753889016669667	26.30880879057748	0.011219268000004163
129.0	23.829129396846596	27.357680162239113	22.549496104192375	26.26044722327048	0.003247113451438065
130.0	26.38013976715466	24.443848661142393	23.847403891607495	25.32860768009545	0.0
131.0	25.508103850515475	24.86072417600168	24.87760546329246	24.752733894294416	8.326158959696395E-4
132.0	26.520747965002155	25.901662343350022	21.884724600358606	25.685413250372278	0.007451840916934455
133.0	26.790136331174626	25.242425623774917	24.92352095235538	23.041773160761384	0.0021439319336996336
134.0	26.020932458757333	24.05575911124784	21.681099196575406	28.242105160180163	1.040732392525127E-4
135.0	26.0889972346033	23.83611267565764	26.641535400865962	23.432855144083288	4.995447898102854E-4
136.0	27.121570482005325	27.00444582469434	24.32142319676006	21.544838220396258	0.007722276144015662
137.0	28.517331312925272	21.514265315935067	24.186386806846354	25.781891676432206	1.2488786110804672E-4
138.0	24.660672238719236	24.2015263375122	27.716989626341405	23.41947973316255	0.0013320642646079059
139.0	26.22371320139583	23.25555644821898	25.399481912950883	25.120186954246744	0.0010614831875632468
140.0	26.614909204512603	21.591545083252697	25.74671839776514	26.046411045773116	4.1626869644833305E-4
141.0	24.592480384235458	25.703738578024097	25.725738538894554	23.977792735808567	2.4976303731834423E-4
142.0	28.48724102569653	22.924610043876896	23.950152552388047	24.637725802822683	2.7057521585137844E-4
143.0	26.497364518562843	25.800764887998547	23.629377943127714	24.07228451752218	2.0813278871920286E-4
144.0	27.44663691036791	26.182864909248142	22.92337423523572	23.446374660870813	7.492842774141783E-4
145.0	27.589905911667778	22.84892043806042	22.619392028612378	26.940782586144955	9.990355144637447E-4
146.0	27.066828816187087	22.217911555526047	25.03445122287532	25.674897426830306	0.005910978581236098
147.0	26.249308489316082	24.681780207621788	26.836088345198807	22.22911825051231	0.003704707351013529
148.0	24.06286501143477	24.95993459661111	23.433890211220643	27.542769037622765	5.411431107070576E-4
149.0	27.549406514077507	25.37641695557509	23.775714792076474	23.296297136544116	0.0021646017268110275
150.0	25.71769854423684	24.036753425236324	24.723601063073637	25.521946967453204	0.0
151.0	26.519985479940424	24.71938153204945	25.273853818634134	23.48607148298597	7.076863900251187E-4
152.0	27.606671126517533	24.101553052174012	23.18425858587204	25.10737153402357	1.4570141284578588E-4
153.0	24.165492907176247	23.57740245689179	25.41802107792438	26.838292610279446	7.909477281379445E-4
154.0	22.921043812743143	25.117571513911468	24.66481138810776	27.293825752293255	0.0027475329443770284
155.0	26.764300914277577	24.467115526897267	24.448046392123864	24.32028735270863	2.4981399266462844E-4
156.0	25.332432330030347	23.884998003553218	26.430082518412483	24.352258149937107	2.2899806683995575E-4
157.0	24.365813312393282	22.943033428998614	26.867898227021076	25.82283867319905	4.163583879769021E-4
158.0	24.484697961567168	22.244014452127587	25.656939967044483	27.61420189051816	1.4572874260036287E-4
159.0	26.708686039297657	21.927138199669397	24.21752363980064	27.14596509928508	6.870219472283869E-4
160.0	25.944875381670567	21.879753315792343	26.09454562412845	26.080804859067637	2.0819341001235422E-5
161.0	24.11125899952344	21.121588217450512	28.70503673510687	26.05743164255447	0.004684405364705941
162.0	24.359336037557387	23.87537806288976	25.523916518134214	26.24130692179618	6.24596224565661E-5
163.0	24.824062536110354	23.76220204726852	27.089029010084353	24.324685586151112	2.0820385656003504E-5
164.0	24.97873680927423	24.436272994175813	24.444288982845993	26.13855667647532	0.0021445372286457705
165.0	26.15784417383164	22.582922076921573	26.501021703761296	24.75750411950457	7.079259809251426E-4
166.0	25.00445587888671	23.316323258605053	25.15351960295204	26.525597150236415	1.0410931978301952E-4
167.0	26.5341945844129	24.34394710556295	26.388228060096562	22.733088861962937	5.413879646540292E-4
168.0	26.0425822376675	25.000296730900057	23.421396817503833	25.535640921044383	8.329288422643087E-5
169.0	25.47648359190582	22.348563094407137	26.32173075032943	25.852847740149233	3.748232083867109E-4
170.0	31.04912541473015	23.56073306944144	22.974608196752378	22.415387553129086	1.457659469507742E-4
171.0	25.055062673681427	24.05955119001386	27.160677639983717	23.723854730746286	8.53765574714379E-4
172.0	26.65154996183355	24.379402230286406	24.46466527489734	24.5042160035987	1.6652938400572693E-4
173.0	28.706968028516773	19.739077700210945	23.358554115768637	28.19381848029316	0.0015816752104876723
174.0	23.26234191756738	26.486549257786745	24.173459466299057	26.077233132879147	4.162254676709355E-4
175.0	25.98467622404779	24.55537699460696	22.800651476915483	26.657609589180787	0.0016857152489801424
176.0	24.436562324660642	24.412753633322843	28.544747852639183	22.604271245927134	0.0016649434501957141
177.0	21.76549788091718	26.54607295855514	25.416235402492532	26.24588603636501	0.02630772167013239
178.0	24.91582750835482	23.571169483099013	24.450966857296024	27.061744806943818	2.9134430633105744E-4
179.0	27.956131949621295	23.922871914233497	23.376904196130486	24.742760006876104	0.0013319331386213577
180.0	26.01047023813624	23.001503053802065	25.93355379235649	25.054201568678035	2.7134702717415243E-4
181.0	27.623886616410946	22.823451972354132	26.327017411882707	23.224682767303484	9.612320487302857E-4
182.0	24.654117830947	23.830570448292214	25.489868701751554	26.025234055171047	2.0896383818091126E-4
183.0	23.416167187913373	25.630584524928523	25.745289449696386	25.207311023166255	6.478142954643387E-4
184.0	26.098644868650794	22.18367468488416	26.435123700535723	25.27783379605007	0.004722949879261757
185.0	24.669524546620107	24.901877040397576	24.710499658157662	25.717451009563224	6.477452614299875E-4
186.0	26.482062126675228	23.509443543002938	24.91778888297989	25.090705447341943	0.0
187.0	23.85562149010214	22.77596539204067	28.443605023681997	24.924012412632074	7.95681543119658E-4
188.0	26.98309129327976	28.400885587468096	22.509232896395773	22.10626672700131	5.234958550645188E-4
189.0	23.895624000474097	24.833432417756963	25.385282748693356	25.884236865310868	0.0014239677647203191
190.0	29.445364860786764	21.89675713971878	24.61471832642131	24.042866480154085	2.931929190559272E-4
191.0	26.119903102925555	24.093530133928805	25.021955799781566	24.76419145918864	4.1950417542993405E-4
192.0	26.48466709626318	24.476932680883625	24.053482248937755	24.98483406834612	8.390556931606891E-5
193.0	27.221697187995936	24.66589817039849	21.700502529429595	26.411692331575022	2.0978060095848755E-4
194.0	27.308378779118797	24.065672691327524	24.344116410578724	24.281832118974954	0.0
195.0	26.107940717366855	22.075689420769063	24.85563285721479	26.96008660769734	6.503969519461555E-4
196.0	27.816152152088197	22.53943107943926	26.3903725727102	23.254023179583875	2.1016178464343635E-5
197.0	24.929455961685925	24.220063767102097	24.45942162296692	26.390322938667886	7.357095771729918E-4
198.0	27.321861536909598	23.59026695102918	24.47087955329786	24.6169077198441	8.423891926520918E-5
199.0	25.300234108198893	23.34819262180286	24.904206876419114	26.446838694997187	5.276985819472627E-4
200.0	26.905988347681475	23.78510150656005	24.63275395427946	24.67611397140392	4.2220075096847576E-5
201.0	24.55957238795588	22.029476756226806	28.341647988512115	25.068965087737187	3.377795680094882E-4
202.0	25.1806655315142	25.51859331174925	27.707248895020918	21.593492261715628	0.0
203.0	25.66283901146185	25.199972546473013	22.725755103980234	26.410483023689224	9.503143956792373E-4
204.0	26.036895995397558	23.74479843932588	23.607160228238243	26.61106085754709	8.447949123071201E-5
205.0	26.90111837885229	24.748591281118383	25.683090578950246	22.666312678459374	8.870826197070473E-4
206.0	24.804645336814378	21.424567140029698	26.191127981226014	27.57955392768804	1.056142418692876E-4
207.0	25.258577855595256	24.470147778089498	26.490583033912568	23.780395573417522	2.957589851579691E-4
208.0	27.55135847356709	22.56745038678908	22.073262153662558	27.807865598718056	6.338726321687826E-5
209.0	26.92586228720838	21.20373115577624	25.404419510527237	26.465226293401756	7.607530863858375E-4
210.0	24.370921868748663	24.87306844550138	24.667171229678956	26.088521431000444	3.170250705539295E-4
211.0	24.663793254704526	25.90207751955027	25.41301685636837	24.020182234551676	9.301348251568492E-4
212.0	27.702721562563966	22.812519559962176	24.332804403761603	25.151679576946567	2.748967656915303E-4
213.0	28.936033473284855	23.613292087580728	22.726281347621686	24.72397000029405	4.2309121867829266E-4
214.0	27.129978642061825	26.362375486987872	24.50444016951739	22.003184536099276	2.1165333638678545E-5
215.0	25.203742780091748	25.28979247188125	22.60315577707111	26.902927469859293	3.8150109660370764E-4
216.0	25.617825764475832	24.942691738384497	25.83233172755324	23.60712936394198	2.1405644454386177E-5
217.0	28.782895660176028	22.93909425817671	25.526699782743222	22.75051140198636	7.988969176829571E-4
218.0	24.668646907283925	24.303064024097772	26.246204199668256	24.78191044963555	1.7441931449721016E-4
219.0	26.767096612578683	23.582848877167955	24.281112356661787	25.36821637656479	7.257770267818321E-4
220.0	28.343178036238054	22.391904896988528	24.432471435780105	24.832180513320836	2.651176724789298E-4
221.0	24.73570052970114	23.113019015934675	24.50655451998353	27.644481001321967	2.449330586817302E-4
222.0	25.700894442283957	24.87144717041746	23.950402696289782	25.477142969864	1.1272114479594655E-4
223.0	30.211427298287724	22.60017669060054	24.054707565209902	23.132845543346377	8.429025554527366E-4
224.0	29.208781071950156	24.00779812772747	24.35720158329223	22.42612783985968	9.137717046479684E-5
225.0	30.551722029224	20.01615713526727	23.729148662886708	25.701960627443082	0.0010115451789411926
226.0	24.954315359806607	22.766860890008356	25.618202522999674	26.66057460425877	4.662292659103651E-5
227.0	27.274110955136262	23.433124251638795	25.854009425404673	23.437294576174867	0.0014607916454027238
228.0	27.104728484339624	27.326620503523834	23.737376130426828	21.831156425581597	1.1845612811456699E-4
229.0	27.759197644224997	25.07875771978651	22.234108726532256	24.927888097818784	4.781163744817816E-5
230.0	26.061613651784832	22.928097283696623	27.5139147463713	23.496374318147247	0.0
231.0	25.277793306088505	24.787989521822833	24.409499207075417	25.52336945381864	0.0013485111946043861
232.0	24.8545927414588	25.87121212121212	24.438295503802657	24.835776490522914	1.2314300350711274E-4
233.0	22.93219135537398	25.30570862485295	22.10539245547564	29.65600851640066	6.990478967646065E-4
234.0	26.64556767879783	21.337323279709555	26.506389398519133	25.509502783692362	0.001216859281125169
235.0	24.99825603284403	22.29456836299958	27.467662232544683	25.239256905853473	2.5646575823075557E-4
236.0	28.27562586031982	24.199455584806824	23.2699655963094	24.254744908428034	2.0805013592175442E-4
237.0	27.904844230181425	25.1369755185253	22.059057362432476	24.898886350334056	2.3653852673818365E-4
238.0	26.910563750087675	23.195541268945085	24.073424619831464	25.82033701311638	1.333480193952027E-4
239.0	28.026270725357715	23.325768266168975	23.63248947068374	25.014225144202317	0.0012463935872508026
240.0	25.078791621952522	21.52250863229167	27.262783112989297	26.135692653739905	2.239790266039488E-4
241.0	29.500067957913735	21.011662138474406	23.365079720938184	26.12083617658969	0.002354006083984772
242.0	26.418825484935653	24.33706625336405	21.079331921028878	28.163849779099298	9.265615721222892E-4
243.0	27.551519062946532	23.15988275015537	24.995322778896718	24.290602710228075	0.0026726977733051507
244.0	26.60568355668968	22.942750317775022	25.831944726738854	24.61846559699559	0.001155801800851967
245.0	29.070479873970267	21.391185658553095	23.498234662865663	26.037924735255924	0.00217506935505239
246.0	24.234886445945758	26.867195536294336	23.93409879806557	24.96135861552268	0.002460604171657404
247.0	25.760177060564693	23.113414982583627	24.96837698541136	26.017238825897714	0.1407921455426062
248.0	26.817956370294162	23.02845822244518	23.271547729379055	26.869510504969774	0.012527172911830808
249.0	25.051426948743433	21.748601448246486	29.038250745420985	24.1426664773534	0.019054380235695015
250.0	27.09586851148078	21.457342466376897	24.639077896365748	26.806630180005918	0.0010809457706574426
