# Position (bp)	A	C	G	T	N
0.0	23.855724997368778	23.66080214764391	25.362577739055414	27.120847919115988	4.719681591401117E-5
1.0	22.74815542582324	31.262878359554147	23.574394725927796	22.339531579608916	0.07503990908590187
2.0	24.36288145251801	26.658702146521172	22.207904042408956	26.7694318396961	0.0010805188557587192
3.0	25.651646783106397	21.909075248992366	25.13566147082803	27.29732685531524	0.006289641757964259
4.0	25.83038811248672	23.763441112390566	23.483795617699	26.922187538842905	1.8761858080615013E-4
5.0	27.620188781896132	24.458562968926387	22.413621012588113	25.507018051103163	6.091854862026516E-4
6.0	26.10572715660003	23.629601807723986	23.990931444659033	26.268407347831108	0.005332243185837562
7.0	25.945731134410376	26.299189506736674	22.638380657248582	25.116091625525588	6.07076078774192E-4
8.0	27.734150992002764	24.71023009693858	23.5687130028319	23.986766153440506	1.3975478625204217E-4
9.0	26.20214177957848	26.147888322489614	21.964653895951447	25.685083553578192	2.32448402265907E-4
10.0	24.154071904991284	25.17877772012711	23.111621864044857	27.55552851083675	0.0
11.0	27.61673773819523	22.651033177348967	22.52457394157799	27.20747538561304	1.797572647775077E-4
12.0	28.038039911728145	24.105765150318366	20.307615106753275	27.548579831200215	0.0
13.0	25.030146222285136	23.399497737722623	25.548923386652827	26.02121420245329	2.1845088612417447E-4
14.0	26.87230579625058	21.897392383909555	23.51936073740893	27.710854807518515	8.627491242017954E-5
15.0	25.510390208145107	22.919955336595013	24.616184517822745	26.95346993743714	0.0
16.0	26.43319697635182	24.497563294301813	21.96411160389235	27.105002154109982	1.2597134403865808E-4
17.0	28.37055158712829	26.953165233885436	19.212273825052097	25.462608570978908	0.0014007829552730002
18.0	25.47596314986706	25.93832910650582	19.824482641632827	28.76102047907137	2.046229229238651E-4
19.0	24.93143772083005	24.91892367819915	21.871570866982655	28.277537823388133	5.299106000055437E-4
20.0	22.98431800336557	25.581999949864187	23.85251661557396	27.581003702772268	1.6172842401311293E-4
21.0	24.085844657273228	24.451887880459307	23.63279346136489	27.829273429273428	2.005716291430577E-4
22.0	22.23140138081906	27.441703627122454	26.040072587727046	24.286742969305113	7.94350263188101E-5
23.0	24.79570647523885	24.46999134905686	23.279142370484944	27.454764423905704	3.95381313646507E-4
24.0	27.4667297777291	21.33761549715609	24.874195138361877	26.321342231471554	1.1735528137884633E-4
25.0	24.896230214044543	25.154996437753617	20.22353096056748	29.725048787287427	1.9360034693182172E-4
26.0	25.853649337689344	25.60091717874402	20.11085270452659	28.43454229386281	3.8485177241559525E-5
27.0	25.368285143395354	25.00497034298053	20.84297016949829	28.783735963098945	3.838102687669788E-5
28.0	27.560336734138573	23.464985304700555	22.693020655620046	26.279602285030585	0.0020550205102463706
29.0	27.083729632424042	23.876560351156463	22.725651289696927	26.313719714431112	3.390122914556472E-4
30.0	23.797746952230707	24.38069604645345	25.161601042203795	26.659507249097253	4.487100147962127E-4
31.0	25.967933438674486	24.95369006490086	22.65084019985062	26.427238722693875	2.975738801550955E-4
32.0	23.678570941911	23.27636845886954	24.622187096154054	28.42239473442888	4.787686365295313E-4
33.0	23.74467349994242	24.891173936558705	24.859539300568404	26.504576817497306	3.644543316855138E-5
34.0	26.197193997189004	26.86580818210778	22.438295744350807	24.4986659174543	3.615889810820261E-5
35.0	25.570382479382065	21.968504555843648	26.3005034898484	26.160395132717124	2.143422087678824E-4
36.0	23.425324014821488	24.613848283187206	26.876723397663994	25.08378309119812	3.2121312919406196E-4
37.0	24.919973569514177	25.741288072315637	21.803081463552473	27.535656894617716	0.0
38.0	26.556735008346532	25.667615460343278	21.352887043615972	26.422691149823795	7.133787042189217E-5
39.0	22.6420087080534	28.03252842028608	21.88888940401295	27.43639515547217	1.783121754049737E-4
40.0	25.814657614697477	26.169136417464134	22.60152710081554	25.41446491743864	2.1394958420681222E-4
41.0	24.16968150667959	24.55214160899935	21.603772474923673	29.668664120735745	0.00574028866164635
42.0	24.241464931935138	26.219828915400644	21.094064444598928	28.444641708065287	0.0
43.0	25.991088455985885	25.85271000053469	22.83269467267899	25.318694637032813	0.004812233767622578
44.0	28.12402652069497	25.339225237003227	23.55547254868555	22.981168766827604	1.0692678865349948E-4
45.0	25.366074788737215	24.48239191670373	22.368908732195194	27.77756394904604	0.005060613317823623
46.0	24.71347271567499	25.05062023597832	22.75740416721605	27.47846724562485	3.563550579255147E-5
47.0	25.538719189003807	24.388786445388707	23.17175766321922	26.898634383601916	0.0021023187863563075
48.0	22.36824292550296	24.01378133968701	23.041634722534933	30.576341012275098	0.0
49.0	22.43749797392301	26.15436515838668	23.825347354201718	27.58068773691742	0.0021017765711759512
50.0	27.053442271297424	24.524862797509535	20.60521909119179	27.816440219182027	3.562081922897312E-5
51.0	24.583173650220612	26.669015017573454	21.736908240503425	27.008124961711673	0.0027781299908392946
52.0	22.356772310314895	26.308443799331	21.421116805635908	29.913631526039797	3.555867839771173E-5
53.0	22.12849225674595	24.979489420588113	24.626150092355296	28.26398668862509	0.0018815416855560434
54.0	22.47280596440583	28.771754695989816	22.793717238828275	25.961580104636955	1.419961391249772E-4
55.0	24.25581450513377	27.94817971549967	22.785021654922534	25.00914311083858	0.0018410136054445852
56.0	26.170282435276356	25.25969991805005	25.874944024468167	22.695073622205427	0.0
57.0	23.022163856436688	27.82809073677168	22.846523745219187	26.297451944093915	0.0057697174785272705
58.0	25.118451206455667	25.367227939159598	22.125697903855173	27.388233628569154	3.893219604130352E-4
59.0	27.881060099883353	22.993414719771696	23.952081186369657	25.17032971699716	0.003114276978132113
60.0	24.07489908937546	23.36985841599025	23.583780107579116	28.971427057296033	3.5329759139367064E-5
61.0	25.300039494219646	24.27753485417872	22.738390712994306	27.676828479924716	0.007206458682616961
62.0	25.440172437667258	22.382844401992838	24.387269793453473	27.789536746856868	1.7662002955912815E-4
63.0	25.854117208232474	24.167764892632885	22.89740208775376	27.07757213587319	0.0031436755076947637
64.0	24.397541193124226	22.03346924816709	23.775259269444547	29.793695032497926	3.5256766214146075E-5
65.0	23.647873063504914	26.50523449464282	23.86066542385023	25.980198606202986	0.0060284117990473
66.0	24.19848773332384	24.481707241838933	22.68051013354043	28.63848408115293	8.10810143869447E-4
67.0	26.74157129093971	25.165408601282518	21.487413647174613	26.604548917198933	0.0010575434042251679
68.0	22.865833454357798	22.818845412514825	27.338509890401184	26.97667024335082	1.409993753727671E-4
69.0	22.820950625908974	25.019510087085134	25.356979958364384	26.79903447099289	0.00352485764862386
70.0	25.623467028619217	23.2440701639769	24.70801383229469	26.424167373018577	2.816020906139207E-4
71.0	24.206834656153394	23.69854028643701	25.944572177379143	26.148999492969693	0.001053387060755152
72.0	26.863700278592606	26.372274856973327	22.036657661121147	24.725576627010668	0.0017905763022492797
73.0	24.92513524804544	23.221097641891962	22.976439983570128	28.87293880574484	0.004388320747629429
74.0	24.506357017993416	26.16922094059997	23.902703575515478	25.420560091546673	0.0011583743444654277
75.0	25.833331870808767	24.875401682371255	22.151490634285203	27.137283670679246	0.0024921418555224634
76.0	26.730046724248314	24.455819752226702	25.387742466276546	23.42572416968989	6.668875585457079E-4
77.0	23.812502083914637	25.5022716863125	24.501782076052795	26.18274220352695	7.019501931240469E-4
78.0	27.319804176670576	26.69624817016653	19.96600572139923	26.017310198318675	6.317334449863703E-4
79.0	26.76366612467418	21.336382903827978	23.27488635179161	28.621835827867493	0.0032287918387372896
80.0	23.48297785127308	23.90505723181623	28.15511969970493	24.454283331882767	0.002561885322994079
81.0	25.279573598061145	25.510349469629602	21.7673304748382	27.442325333617827	4.2112385322710716E-4
82.0	23.324405814678187	22.068412024637706	24.06138230554573	30.544571619474343	0.0012282356640333295
83.0	25.207536258532787	23.099205788030712	24.029991476424364	27.662389204921283	8.772720908517014E-4
84.0	23.612570221515767	26.084192132383127	24.440175303781523	25.862220210462787	8.421318567954778E-4
85.0	25.276659677369555	27.314046803028134	21.020451413157282	26.388350890784512	4.912156605166466E-4
86.0	25.115490720219324	25.44834116837629	23.259008311262008	26.175721319234352	0.001438480908025285
87.0	22.479539943419102	22.298619998652836	26.081029121199872	29.140144371098835	6.665656293502178E-4
88.0	24.73608879596433	28.064990282679315	25.203958492657634	21.994471300577427	4.911281212946137E-4
89.0	26.504806892908334	26.307767430994094	23.033586861884352	24.152996915141483	8.418990717361152E-4
90.0	24.08855984492872	25.86671614954024	25.210974534326642	24.833644238250212	1.0523295419069194E-4
91.0	26.518420772945333	25.110007615034906	24.301011000235363	24.070104621670264	4.5599011413432556E-4
92.0	25.215208751524425	24.754188692030954	22.44431825396018	27.586284302484437	0.0
93.0	26.38360497159574	26.48563372693962	20.56074077997108	26.56973993364799	2.8058784556585274E-4
94.0	27.31732038923484	23.716354492000836	23.336238507173206	25.626018199131256	0.0040684124598638835
95.0	23.34107120749766	27.219313846141972	24.02036514021638	25.416514253108097	0.002735553035885195
96.0	25.88428384055887	24.432851942513658	23.861811142362157	25.819404796139523	0.0016482784257888941
97.0	25.284308193623794	25.429561459279814	23.367961029201094	25.91809918111806	7.013677723612703E-5
98.0	27.564427833567525	23.283651490928676	24.047061397864205	25.10478914351861	7.013412098626809E-5
99.0	21.91504938108849	22.70667549289928	26.76911501123381	28.609160114778426	0.0
100.0	22.502668112098572	25.63435154007217	24.14431085574524	27.718669492084015	0.0
101.0	23.317051827357137	22.734192144208425	28.09089175252672	25.857794157449593	7.011845812315326E-5
102.0	24.898735104778005	24.15400468344662	25.115061393540994	25.832058574287043	1.4024394733419044E-4
103.0	25.71487466555981	25.645322324618725	25.73804709366569	22.90161568966194	1.4022649383283882E-4
104.0	25.190415009543976	27.759768771132148	23.254381552171104	23.79494388423132	4.907829214554518E-4
105.0	27.591119686788346	23.653712937929797	20.657897319976218	28.094185055137366	0.0030850001682727365
106.0	26.064411006570527	23.607167809430525	25.337912568486082	24.990263224224186	2.453912886793637E-4
107.0	25.616379866396695	24.775364716836147	22.693947747757854	26.9136416155792	6.660534301050541E-4
108.0	23.753822340555296	25.03603270142911	24.77342861669478	26.436541084990907	1.7525632990812362E-4
109.0	25.891988436745578	24.63724635283628	25.6373949591613	23.832739375348737	6.308759081108211E-4
110.0	24.07961220784073	23.7688121148951	23.89571864811072	28.255681792294556	1.7523685890033264E-4
111.0	24.548595765619925	24.1943697443944	24.632955321679074	26.623483359227663	5.95809078938745E-4
112.0	25.508030105228112	24.71698807531564	24.016331823399018	25.758439715069258	2.1028098797017515E-4
113.0	28.447340190461773	22.39525671475348	22.777750324965364	26.379021939236296	6.308305830872218E-4
114.0	26.065753255665125	22.73063721246794	27.210869810544438	23.992249067231526	4.906540909686704E-4
115.0	26.878031683723542	23.892822094490395	26.16423664657227	23.064348801345858	5.607738679377541E-4
116.0	25.941363936342952	25.321679628014177	24.99664415064066	23.740172092861872	1.4019214033794016E-4
117.0	25.96104812364166	27.045369553552433	23.624839785883495	23.368111669195397	6.308677270151229E-4
118.0	26.447433813422162	24.99504069434485	25.196917730201157	23.36004699248779	5.607695440452933E-4
119.0	26.774588807949616	21.46421101035761	24.91017002854371	26.850469372991707	5.607801573549122E-4
120.0	24.9441594441074	23.84424156205653	24.961087728115636	26.250371072892207	1.4019282822558287E-4
121.0	26.85120508171676	24.55196937903953	23.75760065245834	24.838594018173925	6.308686114476717E-4
122.0	27.102633084165607	24.281341299971402	23.873382886495033	24.7419768178683	6.659114996607356E-4
123.0	23.832064600243932	27.902945423448433	23.61627483141972	24.64801418737996	7.009575079558677E-4
124.0	24.675772104695014	24.893980176921676	23.26225624202661	27.16774614122892	2.4533512778455367E-4
125.0	26.45227088729151	24.18197939921985	24.50557076217279	24.85937286430752	8.060870083307339E-4
126.0	23.525193698605076	23.923297910855357	25.765953695983523	26.78523926732563	3.1542723041223184E-4
127.0	25.761284335248284	23.788470758438542	27.492415894938414	22.956812657184432	0.0010163541903231866
128.0	26.64813144887669	23.613897838543135	24.488286749375373	25.241307717676364	0.0083762455284342
129.0	24.2448403675178	26.562924945957388	22.809451779410818	26.379628669079775	0.0031542380342227815
130.0	26.562588714748042	25.17417005053192	23.525626602122635	24.737579584795704	3.504780169673418E-5
131.0	25.63526516375545	24.762426144795104	24.985998265817756	24.615644510864573	6.659147671155866E-4
132.0	26.022946641488165	25.888852906252147	22.368804736249608	25.714208608635552	0.0051871073745245735
133.0	26.829063133165548	25.32111930963686	24.22278244637731	23.62538785086199	0.0016472599582997892
134.0	25.954432839309995	23.79068139752751	21.776128813604466	28.47851161434426	2.4533521376933373E-4
135.0	25.994556348730143	23.99303666859197	25.950921621515533	24.06106478547836	4.205756839962541E-4
136.0	27.388592181457373	26.931941569470546	24.439517364219256	21.234341079348347	0.005607805504481689
137.0	28.351491594392876	21.93256237393342	23.978402855785962	25.737402980209627	1.401956781177328E-4
138.0	25.215534991863663	24.295776499001665	27.126864847757766	23.360772228431518	0.0010514329453896244
139.0	26.292964011676588	23.717392668171627	25.203216984534375	24.785550135968663	8.761996487490849E-4
140.0	27.137781643997993	21.687871490391675	25.536388402788024	25.637643027853258	3.154349690505723E-4
141.0	25.347780447327793	25.460462328677103	25.369720994053974	23.821650693177578	3.855367635590651E-4
142.0	28.471283443358118	22.915028854124134	23.656386198388095	24.956635572324576	6.659318050782557E-4
143.0	26.761745672130594	25.752820755827972	24.09723896792862	23.388019358348146	1.7524576466035967E-4
144.0	28.136978215945064	25.480250226420704	22.660856837624813	23.721143627834465	7.710921749566086E-4
145.0	28.135764667286345	22.093040373154103	23.121821860134506	26.648181406506083	0.0011916929189606756
146.0	27.307697565185023	21.60591166500939	25.167757830071523	25.914321795707153	0.00431114402690995
147.0	25.950495778261462	24.87106961224497	26.67132827916399	22.503356010500898	0.0037503198286769784
148.0	24.521590090587424	24.89477032433768	23.732958996440644	26.850189884842337	4.90703791913552E-4
149.0	27.12771326904581	25.29621284984031	24.641326932621478	22.932714012119103	0.002032936373297591
150.0	25.31779163468245	24.246416891870577	24.85939214222372	25.576364280030983	3.5051192266304935E-5
151.0	26.40406569067003	24.342443094806878	25.709871231396868	23.543094211003567	5.257721226507188E-4
152.0	27.654057100754432	24.437525916729264	22.903535961992187	25.004495446191875	3.8557433224659793E-4
153.0	24.771317204489527	23.41155892683132	25.36885791801911	26.447494794697253	7.711559627882195E-4
154.0	22.860712273911275	24.488722861378285	25.342618690994517	27.304370747828365	0.00357542588755566
155.0	26.295832231927065	24.068876397325212	24.33451104923759	25.300640089411985	1.4023209814564085E-4
156.0	25.781836131690362	23.964481690429214	25.72504161425444	24.52821986349683	4.207001291549397E-4
157.0	24.14615890266883	22.760892238923706	26.62858144528682	26.4641220035935	2.4540952714842895E-4
158.0	24.327080742597847	21.861676373999888	26.606565693572687	27.20457201195802	1.0517787155748444E-4
159.0	26.751518440763633	22.243106187777588	24.458150496376916	26.54673403761498	4.908374668860009E-4
160.0	26.755380877418723	21.55576513815506	26.13130778373413	25.557441019833604	1.0518085848616697E-4
161.0	24.65619473556516	21.025904250619522	28.979004247954908	25.335565998970615	0.0033307668897929873
162.0	25.080256090206582	23.624006002552488	24.932786839263425	26.362845883062423	1.0518491508071189E-4
163.0	25.233823121552255	23.914490950190547	27.324004601603967	23.52757613911963	1.0518753359426855E-4
164.0	25.349012771158776	24.213097389070654	25.089613400968382	25.34694402787123	0.0013324109309590239
165.0	25.724968380540155	22.190601788362287	27.390183959159614	24.693614710000375	6.311619375689675E-4
166.0	24.80488837163799	23.06561859073598	25.919646654830984	26.209495730634618	3.506521604205582E-4
167.0	26.494423952161323	23.870877927280468	26.323160752814672	23.31097630894142	5.610588021184178E-4
168.0	25.478615421247845	24.611737014620857	23.973080479770907	25.93628654118672	2.8054317366569284E-4
169.0	26.339776520678832	22.565218290894848	25.716499055422354	25.378295720311034	2.1041269293528862E-4
170.0	31.11224425024435	23.217471415610692	23.34112697700729	22.328876799993267	2.805571444052171E-4
171.0	25.112925399096596	23.732815700137476	27.233117302135064	23.920440198636477	7.013999943888E-4
172.0	27.148921341019193	23.959152106096823	24.495764527205402	24.395811436092078	3.505895865076299E-4
173.0	28.43141929390449	20.167391095520134	23.832108266762773	27.56725829330218	0.0018230505104190845
174.0	23.954313569373348	25.869601267462585	24.269215896011413	25.90620314109987	6.661260527859319E-4
175.0	25.358931693063703	24.82871201109033	23.11853177917225	26.692106553014604	0.0017179636591083277
176.0	24.829996251941083	24.43804535747331	28.040213972441073	22.690517270697857	0.0012271474466743076
177.0	22.231323239619346	26.736046340385844	24.494203945384545	26.511953266899024	0.02647320771124217
178.0	24.843759039186022	23.753709901075148	24.217568057948963	27.184402024427058	5.609773628103563E-4
179.0	27.69277755648188	24.007569722233132	23.36911547718564	24.929204793456126	0.0013324506432230159
180.0	26.553919750862477	22.568176266205977	25.94594404598921	24.93164359414625	3.1634279608367614E-4
181.0	27.56910895884118	22.542638103530926	26.404757362811566	23.4827916563132	7.039185031313815E-4
182.0	25.181484147979873	22.9437837236782	25.939336614299297	25.935360325647483	3.5188395148787087E-5
183.0	23.389823470374527	24.494136558847664	26.442740129416585	25.672701602856907	5.98238504319282E-4
184.0	25.873907582528922	21.508988678238648	26.521202216138622	26.092311893744156	0.003589629349654181
185.0	24.587155511326127	24.747620126767046	24.83802223138716	25.826709475998577	4.926545210905401E-4
186.0	26.990675031699684	23.33230453797293	25.429146675835497	24.247838561948203	3.519254368538429E-5
187.0	24.29628026172032	22.845000974805593	28.34047191872413	24.517576996421248	6.698483287107922E-4
188.0	27.081493296890475	27.977615284563505	22.704683450267098	22.23553806279553	6.699054833879306E-4
189.0	25.207067918277193	23.554650063151747	25.09391662840891	26.14337809314865	9.872970134970555E-4
190.0	28.79153554386049	21.473296085287775	25.63862860238017	24.096257657548374	2.821109231938906E-4
191.0	26.326794800020487	23.77752621270749	25.091119733395967	24.804135400091482	4.2385378457278193E-4
192.0	26.53872442788943	24.137917635859154	24.491613283809585	24.831603357865603	1.4129457623107314E-4
193.0	27.530318746043232	24.630501322691508	21.954594657230714	25.884408632540474	1.7664149407615085E-4
194.0	27.576103600245617	23.625450375174267	24.685929781396247	24.11251624318387	0.0
195.0	26.183185229053972	21.773519887716837	24.883497739213027	27.159090427238556	7.067167775976435E-4
196.0	27.934523130469778	22.364532264041713	26.595310488302438	23.105386114844926	2.4800234114210034E-4
197.0	24.464846649788193	24.270738288565216	24.72996507962943	26.53352869370175	9.212883154065982E-4
198.0	27.258849864544427	23.176620364865812	24.87076441804148	24.69355239999304	2.129525552354563E-4
199.0	25.35033323427073	23.6366687095366	25.342619148848435	25.669881224413764	4.976829304708507E-4
200.0	27.124174990090104	23.24827710023126	24.38740847789338	25.24003277820143	1.0665358382705056E-4
201.0	25.085498300700166	21.220360026153468	29.103767329427377	24.590054358395648	3.1998532333983614E-4
202.0	24.971802800234396	25.233542507011965	28.416910354950474	21.377744337803165	0.0
203.0	25.94792958166261	24.53267720708167	23.033310642063356	26.48533567786079	7.468913315792057E-4
204.0	25.47420278513881	23.604389350312125	24.682839205363972	26.23839080868622	1.7785049887064934E-4
205.0	27.095273939076588	24.331053353519717	25.47251360304162	23.100234211365084	9.248929969948092E-4
206.0	24.73741639002725	21.941612035495705	26.065072137337907	27.255792706680865	1.0673045827568407E-4
207.0	25.949794082294492	23.46728836947479	26.816662432312604	23.765934870652938	3.202452651737544E-4
208.0	27.718690720658838	22.58279088472804	22.44851038689724	27.24997241786753	3.558984835165617E-5
209.0	26.70840949501026	21.48725734311288	25.183633441487363	26.619703018405172	9.967019843268613E-4
210.0	24.65039608366711	24.739047619047618	24.826310636404095	25.78356920338229	6.764574988874054E-4
211.0	24.207972927106976	25.96114361746646	25.810137163008974	24.019820309442142	9.25982975446849E-4
212.0	27.571719829284824	22.851968220011358	24.993176666265224	24.58249392669851	6.413577400833623E-4
213.0	29.33513409057362	23.10954360929653	22.777998435508955	24.776967326096553	3.565385243440939E-4
214.0	27.774986619090097	25.14187332738626	24.33969669937556	22.743336306868866	1.0704727921498661E-4
215.0	25.720533479019164	25.021541814718223	23.350540565471743	25.906812076001668	5.720647891977006E-4
216.0	26.571494533711792	24.743656920032826	25.588749563956227	23.09599042368257	1.0855861658688814E-4
217.0	29.12129180357515	22.964748708211008	25.441461504469302	22.471695856795545	8.021269489861845E-4
218.0	24.64465535731121	24.113608642877345	25.644584649288205	25.59648846280758	6.628877156594702E-4
219.0	26.11553632247704	22.71810705251171	25.353733851119014	25.811767401072416	8.553728198220378E-4
220.0	27.86416693764507	21.754594485496114	25.057578238005	25.322987564894657	6.727739591626206E-4
221.0	25.4838215147882	22.93852051318849	24.170302461190886	27.407054175880923	3.013349515020229E-4
222.0	25.748161182688328	25.066405964587545	23.7119145619718	25.473175795806036	3.4249494629679244E-4
223.0	29.837864513200202	22.70921410472438	24.456667102855167	22.99541004341291	8.442358073407839E-4
224.0	29.029987968491067	23.206999283188324	24.741853529556842	23.02100531394851	1.539048152584312E-4
225.0	30.275743634451928	19.69843491833919	24.068221270059045	25.956322654274437	0.0012775228754020327
226.0	24.503659246630992	22.699388905225295	25.99202565760133	26.804652104336	2.740862063767331E-4
227.0	27.265912652034135	23.470892124878247	25.99929630226232	23.26239495490675	0.0015039659185491637
228.0	26.795562092288307	28.21390759714883	23.387229561021627	21.60314166194044	1.5908760079193807E-4
229.0	27.368951006310247	25.4061545991006	22.358701364345688	24.86611279821243	8.02320310337496E-5
230.0	25.085897723755835	23.362643542145815	27.661838269949246	23.889580008374345	4.045577475842845E-5
231.0	24.519123305155478	25.284687124082776	24.229196666561396	25.96539336552371	0.0015995386766401321
232.0	25.23049021554718	25.146031382430422	24.184972260423248	25.438217745583625	2.883960155206496E-4
233.0	23.027295140584812	25.136859108465426	22.693773994102223	29.1414883136324	5.834432151388512E-4
234.0	27.17764014722836	21.507540320723958	26.306317951915485	25.00689631282773	0.001605267304464713
235.0	25.335251167426748	22.124614271279935	27.528741909937466	25.011136636718646	2.5601463721019145E-4
236.0	28.557686448841057	24.19028431933063	23.233305373731717	24.01811885898897	6.049991076263163E-4
237.0	28.440283163684555	23.672604665312274	22.561043838270106	25.325937206057702	1.311266753618222E-4
238.0	26.843298585586624	23.318070304404433	24.252185388233002	25.586357154876936	8.856689900716506E-5
239.0	27.607630054996857	23.20878079439502	24.17051767537694	25.01190257288893	0.001168902342255505
240.0	25.470260552714592	21.464607304464746	26.35720208783892	26.707697907796707	2.3214718502966375E-4
241.0	29.1488523943916	21.252355156427015	23.761546832805628	25.834223950098806	0.0030216662769491955
242.0	26.156828597744976	24.310300888880814	21.857737139321667	27.673875457916413	0.001257916136128889
243.0	27.934533582133124	22.79638197151258	24.97378494076214	24.29277725490379	0.0025222506883642503
244.0	26.758894667761613	22.596796118094893	25.892672061840955	24.750093000077207	0.0015441522253339228
245.0	29.10811398942347	21.132193514136123	23.19577088808724	26.561670484198046	0.0022511241551249656
246.0	24.39673561497055	26.684933668985195	24.051328616732583	24.86390175089828	0.0031003484133966994
247.0	25.646335424077005	23.149494135435752	24.520873856791276	26.54221375296335	0.1410828307326139
248.0	26.677738718736734	22.865327055190754	23.773634346108764	26.673402898119054	0.009896981844693733
249.0	25.707143616581412	21.078713274817186	28.448440028824912	24.75062906827015	0.015074011506337935
250.0	26.808738118755155	22.36590777587642	24.743387839249372	26.08092457084522	0.0010416952738285428
