# Position (bp)	A	C	G	T	N
0.0	24.38938179198588	23.412265997470723	24.940914299511363	27.257398329253114	3.958177892389018E-5
1.0	23.0883115048048	30.530495802236413	23.469703912715882	22.833260512367527	0.07822826787537629
2.0	24.12654413885155	27.004051517782713	22.15633406190265	26.712636921918065	4.333595450197533E-4
3.0	26.10473072459249	21.747183942527705	23.950661318795184	28.191991105777937	0.005432908306680587
4.0	26.109182523746277	23.36628280259588	23.546504308635523	26.977754977433953	2.753875883600748E-4
5.0	28.607029012647224	23.663643033966057	21.82938096946722	25.898807275739816	0.0011397081796856057
6.0	26.588110354272054	23.26712113612397	23.56297204671652	26.57626690583635	0.005529557051106833
7.0	25.868083020203713	25.068878074452538	22.94450439895559	26.11739893836137	0.0011355680267900075
8.0	28.00358710751358	24.0616763670963	23.567179138508067	24.367479236391556	7.815049049201594E-5
9.0	26.66933951833289	25.14320101807568	22.118614552819306	26.06857190549493	2.730052771920081E-4
10.0	25.253946775624225	23.849289058152095	23.377406375638568	27.519357790585108	0.0
11.0	27.09726928413168	23.184636171556907	22.441843066962086	27.27587363864716	3.7783870216939866E-4
12.0	28.735169123927406	24.1494283601573	19.792075455118844	27.323327060796448	0.0
13.0	25.51719518496546	22.549643818757552	24.907035149987706	27.02594183035497	1.8401593430778358E-4
14.0	26.67059482888277	22.06721600242973	23.34675779129004	27.915431377397454	0.0
15.0	25.78550056609735	23.333359724818383	24.47181641315246	26.409287307543096	3.598838870626781E-5
16.0	27.413063568669248	24.77205853713808	20.999153739656325	26.8156179293886	1.0622514774147633E-4
17.0	29.255392423920423	26.508559968931994	18.670361414757163	25.56440553713796	0.0012806552524517625
18.0	25.639742036811707	25.52806847019935	19.901274790895716	28.930708408558843	2.0629353438242763E-4
19.0	24.603993123516645	24.53432493026337	21.98544769684344	28.875413013306762	8.212360697831663E-4
20.0	23.038632318532958	25.513652551762284	23.314041776316348	28.13367335338841	0.0
21.0	23.821830835074504	24.06758163964991	23.428299500078808	28.681917563520702	3.7046167607639326E-4
22.0	22.48432161959127	27.04360297093857	25.19894261504558	25.273066166513146	6.662791143151733E-5
23.0	25.524838187595023	23.69628842174748	22.42531709664207	28.352992949578688	5.633444367417219E-4
24.0	28.246033902727564	21.331780012843087	23.975298532879183	26.44682199215975	6.555939041567603E-5
25.0	25.0589071579088	24.75501562101732	19.184373404901827	31.00131466896869	3.891472033611941E-4
26.0	26.667865491818016	25.402363748043044	19.227673009482967	28.701936618243153	1.6113241281608538E-4
27.0	25.8002626245876	24.600840835745224	19.683410751668077	29.915357239498068	1.2854850102806664E-4
28.0	27.55189132199025	23.45625660537556	22.8258583095704	26.16338815490531	0.0026056081584769014
29.0	27.872098517790977	23.621058605677785	21.945307323837852	26.561000731760874	5.348209325137779E-4
30.0	24.215669916781803	24.037635345955103	24.834135395009906	26.91234062656421	2.1871568897629187E-4
31.0	26.655522087260504	24.16382220715544	22.114971627974242	27.06506205457319	6.220230366231613E-4
32.0	24.222275768707497	22.578767956921546	24.339185594887603	28.859555262588575	2.154168947777713E-4
33.0	24.198073537355434	24.953519232045757	24.740648581034872	26.1076064033538	1.522462101350911E-4
34.0	26.894165280436898	25.715880036601295	22.711302460447182	24.678531505843896	1.207166707307946E-4
35.0	26.10058417130599	21.884238176700407	25.86908797720726	26.145821117716622	2.6855706972010084E-4
36.0	24.749936125677237	23.904499465304095	26.02098297589054	25.324372742225293	2.0869090283560254E-4
37.0	25.598766390580796	25.259070793361182	21.067266463747377	28.074866549222634	2.980308801716181E-5
38.0	27.422668862790715	25.407810462735412	20.69959144465076	26.469810047982612	1.1918184050132649E-4
39.0	23.51548259271429	27.166828671342213	21.433382416331263	27.884068004429086	2.3831518314968667E-4
40.0	26.83648516222809	25.959443721312596	22.144544292901163	25.0593183233005	2.0850025764674695E-4
41.0	24.300681441913337	23.95142794260294	21.231586906999457	30.51127055069596	0.005033157788305383
42.0	24.803830304503013	25.78659953270666	20.086109190360393	29.32343119334902	2.9779080910358414E-5
43.0	25.99977787180345	25.1538446192422	22.561525192940373	26.28083256982969	0.004019746184293154
44.0	29.632529600376312	24.572644101806837	22.396789434667795	23.397620061269876	4.1680187918104384E-4
45.0	26.045111027232597	23.99308081668034	21.36296361564538	28.594706842621026	0.00413769782065372
46.0	25.45154077499518	24.10555040945253	21.973039711775897	28.46986910377639	0.0
47.0	25.625772710470407	23.37905656255525	23.315513496428196	27.67760361388912	0.002053616657033518
48.0	22.789286571797586	23.95407034640632	22.735612916547286	30.52103016524881	0.0
49.0	21.986640811452297	25.884201325565666	24.01515255191323	28.112369030625818	0.001636280442997642
50.0	27.594018356407503	23.909320429765906	20.04913803181924	28.447433937488974	8.924451837856989E-5
51.0	24.940899329577697	26.64884029434335	21.21577247282916	27.191810973034393	0.002676930215403651
52.0	23.130547588570032	25.367831419179755	21.126754294605774	30.374866697644443	0.0
53.0	22.8650165462901	24.554451811834305	23.495613553484873	29.083319841963025	0.0015982464276972554
54.0	23.541719752480272	27.873906876162895	21.810448945430892	26.77386523616861	5.9189757330873407E-5
55.0	24.346371761961567	27.68656773680983	22.516891483103795	25.448457292746944	0.001711725377863377
56.0	26.91763708831897	25.23722866284685	24.84983706713165	22.995297181702533	0.0
57.0	23.48320219476018	27.307155188463938	22.403053497279416	26.801573131773242	0.005015987723222519
58.0	25.464619745535245	24.811493928685437	21.63425426296029	28.089425545486037	2.0651733299975866E-4
59.0	28.072929311821365	22.17715896764502	24.182703242636812	25.56396345156341	0.0032450263333886954
60.0	24.33392691627772	22.438878034015598	23.61376594223637	29.61337022027345	5.888719686343234E-5
61.0	25.544087548606058	23.460710054711992	22.877319607053444	28.111611990004405	0.006270799624105307
62.0	25.795329599564308	21.47174282623255	24.759127740530037	27.973623203338317	1.766303347880804E-4
63.0	26.992514181255135	22.76842827243317	22.71243917588289	27.523792422337944	0.002825948090866006
64.0	25.330436016592977	21.787667149781306	23.314605173508475	29.56723289896107	5.876115617275663E-5
65.0	24.35600416462979	25.911864729440076	23.283089064791486	26.44387150753958	0.005170533599067424
66.0	24.986596938432285	23.53771496674719	22.883880574829035	28.591396247965307	4.112720261874525E-4
67.0	27.16568058287877	24.979062671570794	20.70916956577552	27.145352794351226	7.343854236831074E-4
68.0	23.847239773069745	22.07403138414649	26.488825911454434	27.589667940902256	2.3499042707747692E-4
69.0	23.096842566575628	23.766520173160377	25.57143922967248	27.562084480598177	0.003113549993332303
70.0	25.89787746551296	22.547041384450626	24.664237342773728	26.890462483782752	3.8132347993461184E-4
71.0	24.792187446557787	22.54110281631139	26.130519292400994	26.53516727759489	0.0010231671349361588
72.0	26.98101653398653	25.68261702622083	21.638432859270388	25.696296696856454	0.0016368836658009695
73.0	25.32781377693202	22.25687857277926	22.870229730491992	29.54136613112668	0.003711788670042738
74.0	24.750598572193812	25.532417290663386	23.424169019896297	26.29182151516719	9.93602079316916E-4
75.0	26.453667100707634	24.351685395885106	21.464981777292564	27.727532535539538	0.002133190575154934
76.0	27.3792558328451	23.297951765157947	25.12974783875356	24.191963392130535	0.001081171112861115
77.0	24.878960129452032	23.769746957275338	24.36128640911447	26.989334466252885	6.720379052753807E-4
78.0	27.272836174646383	26.36571771836349	20.143978430407795	26.21688332482128	5.843517610609023E-4
79.0	27.62384918767134	20.424572361337905	22.31010628771338	29.638755003007866	0.0027171602695072383
80.0	24.03048912313095	22.793132059155212	28.63950030091795	24.534015414010508	0.002863102785389996
81.0	25.26966631550594	24.904424099325315	21.33500090857726	28.490558100156182	3.505764353037482E-4
82.0	22.60086665172876	22.16911832369819	23.915451062923545	31.313307775296888	0.0012561863526161833
83.0	25.167687500200834	22.152482061286236	23.733495988966993	28.945428859631516	9.055899144159106E-4
84.0	23.74860045212005	25.28962936846616	24.600816667041535	26.35955140857392	0.0014021037983284002
85.0	25.157073797666165	26.751967986446818	20.762366549342058	27.327978268171925	6.133983730338392E-4
86.0	25.60309699760756	25.234519466203697	22.100018605585824	27.060437193296266	0.0019277373066530594
87.0	22.515603688224147	21.18398186847047	25.418663675898912	30.881225046511695	5.25720894776963E-4
88.0	25.12203456161307	27.180456946930953	25.0500725752987	22.646472139554852	9.637766024246283E-4
89.0	26.58879182927502	26.155338280385042	22.188487751768555	25.066652025465174	7.301131062019604E-4
90.0	23.83449134644139	24.874717310855264	25.187047930995814	26.103509784315193	2.336273923444976E-4
91.0	27.587828128070807	24.538786065944066	23.89189656426099	23.98099280250743	4.964392167123634E-4
92.0	25.872626619703748	23.774129475848767	22.788130163823176	27.56508453967329	2.9200951016572708E-5
93.0	26.812996853716047	25.698117339601566	20.70324921342901	26.78543219429581	2.0439895756531643E-4
94.0	28.44815428319649	23.071262950151063	22.691149500097378	25.785403795353083	0.0040294712019825
95.0	24.27752787139129	25.81479766342233	23.827725574173144	26.07770060948868	0.002248281524556782
96.0	26.925909056403246	23.916781995807273	23.22416481264124	25.93235580937699	7.883257712453795E-4
97.0	25.905139669306156	24.991606236434947	23.071521872542085	26.0316738303181	5.839139871340392E-5
98.0	28.458604646817577	22.212954615521156	24.639507291598548	24.688933446062723	0.0
99.0	22.2564430724965	21.755138430962013	26.753792627096722	29.234625869444763	0.0
100.0	22.54084159535826	24.414754381186665	24.302248969746437	28.742155053708636	0.0
101.0	23.608820903159742	21.72851030863587	28.590669028730957	26.07194137923888	5.838023455426837E-5
102.0	25.678648194742813	24.008100368907172	24.716897244595934	25.596266613886403	8.757786767159351E-5
103.0	25.888673958724652	25.38378753262993	24.671190416352516	24.056172956803707	1.751354891928268E-4
104.0	25.851068456461253	26.914723423730823	22.344255734866465	24.889748066048707	2.0431889275505637E-4
105.0	27.873128054718133	23.135848408919486	20.51442445782767	28.473417384542454	0.0031816939922611866
106.0	26.88974374916263	22.863970675159614	24.239579602562948	26.006618404910125	8.756820468542436E-5
107.0	25.9517287920289	24.205773770744454	22.46574406825967	27.376052838665537	7.005303014381887E-4
108.0	24.28407240965283	24.15784641229234	24.132163434794716	27.42580100245331	1.1674080680738992E-4
109.0	26.547160973730634	24.18876938319595	25.240010914561456	24.023270778888204	7.879496237540546E-4
110.0	25.076909877557025	23.56287524753862	23.036952343599072	28.323174984489626	8.754681565967402E-5
111.0	25.2510463547865	23.52224820802076	24.57265942501411	26.653345621302154	7.003908764749795E-4
112.0	25.651346933105952	23.61867642964823	23.68620255151858	27.043628177944463	1.4590778277949657E-4
113.0	29.098631892624404	20.897457895185305	22.7315224965596	27.271716559806986	6.711558237066243E-4
114.0	27.03273794151369	21.43401796243105	27.530692458516192	24.002376548046453	1.750894926169138E-4
115.0	27.65468963723962	23.267700484476244	25.772612806854166	23.304559318061965	4.3775336800145454E-4
116.0	27.176485935236922	24.084949190352106	24.585472593491005	24.153063097583534	2.9183336431630884E-5
117.0	26.14988978906564	26.00864235829512	24.17928384634264	23.66148360581344	7.004004831596E-4
118.0	27.160544987563647	24.000283659215555	25.1461268114282	23.69284026046453	2.0428132807377006E-4
119.0	27.667024360433913	21.191327448555864	24.705209069915462	26.436001366960244	4.377541345148415E-4
120.0	25.443191057325777	23.5436548955153	24.781840796165092	26.231313250993836	0.0
121.0	28.189439542778832	22.9016816313952	23.710935550644326	25.197301241780153	6.420334014958795E-4
122.0	27.111792441955313	23.640273656864316	24.449028155092456	24.79861391391593	2.918321719872049E-4
123.0	25.025097237202743	27.69173705566217	22.052008479364236	25.230515205423803	6.420223470469307E-4
124.0	25.26960104822965	24.4683415384346	22.50629608985826	27.75567377645744	8.754702004534935E-5
125.0	27.16803674554469	23.691158832850377	24.0960251662625	25.043874623921376	9.046314210592359E-4
126.0	23.90687842051906	24.41494058795137	24.303756391632177	27.374307871082358	1.1672881503327063E-4
127.0	26.933540716141863	22.196954332496315	27.54077742289897	23.327589452074584	0.0011380763882708096
128.0	26.42250870929655	22.934121007424423	24.616624615749163	26.017232413465862	0.009513254063997938
129.0	24.64403680487121	26.30706113436066	22.04128072921059	27.004177914917843	0.0034434166396981
130.0	26.91023782710821	23.459516688344262	23.38635662597582	26.243888858571708	0.0
131.0	25.93965587682538	24.04651149217318	24.55335776903592	25.459862023883172	6.12838082342092E-4
132.0	26.801714188160897	25.23241782533899	21.820325415597246	26.13985195647701	0.005690614425853483
133.0	27.280370430788924	25.336671031393642	24.681582612842103	22.699333151040076	0.0020427739352551558
134.0	27.290791193911378	23.02680113928188	20.58823014427791	29.094119157678477	5.83648503525237E-5
135.0	27.152935724611925	23.311668718151644	25.5844397636736	23.950518065616002	4.377279468283108E-4
136.0	27.53692761324001	26.436365673837013	24.04964070430361	21.970879305595115	0.006186703024247207
137.0	28.70558544508815	21.479024085035945	23.82504759692438	25.990196959633373	1.459133181505662E-4
138.0	25.187518165275115	23.58885723056739	26.965409814442808	24.256843274967114	0.0013715147475770878
139.0	26.277989114258265	23.40422800061164	24.940178612073765	25.376612113451703	9.92159604630234E-4
140.0	27.555233524344015	20.76163623889982	25.531485246402024	26.15129481545637	3.501748977708158E-4
141.0	26.042975891537452	24.704031889763208	24.983446679924885	24.269224540059913	3.2099871454605673E-4
142.0	29.150979020040307	22.86638764979745	23.341146272580144	24.64125360322214	2.334543599644449E-4
143.0	27.594508587445155	24.680978345718536	23.760120578789863	23.96430494294248	8.754510396710638E-5
144.0	28.01311201386958	24.736275822703583	23.17320540764058	24.076969027200747	4.3772858551509417E-4
145.0	28.555933006632745	21.752096059661717	22.28259299454562	27.408269028684888	0.0011089104750309838
146.0	27.694914304590775	21.518372306661515	24.817876098550595	25.964284922207035	0.004552367990082841
147.0	26.761966959763654	23.81926619533029	26.799231481254516	22.615537525402324	0.003997838249215314
148.0	24.662750239803568	24.05229074785738	23.23317953415512	28.05134174729913	4.377308848029467E-4
149.0	28.63097287801234	24.375616475133803	23.842398314432963	23.14853184075827	0.002480491662629788
150.0	25.67595606807202	24.053212088138174	24.979272849840882	25.291558993948925	0.0
151.0	27.132929255432625	23.663450911655893	24.92573470765346	24.277593287975982	2.918372820376779E-4
152.0	27.63910079883076	23.47039610005288	22.9202149827171	25.97014219724571	1.4592115354757673E-4
153.0	24.946256517655822	23.10397722198583	24.853566156577834	27.09544130359537	7.588001851472452E-4
154.0	23.464159813357686	24.150497585399684	24.41727538759537	27.965090369119967	0.002976844527290222
155.0	27.745758873328878	23.4960227033943	24.104466199399493	24.65363548491032	1.1673896700022881E-4
156.0	27.145801497309723	22.685917513714056	26.000959604390832	24.167233829440242	8.755514514891963E-5
157.0	25.143167839813124	22.044782888619476	26.461753713374804	26.35009126201918	2.0429617341593127E-4
158.0	24.980985419333525	20.810356773656153	26.025430214008153	28.18322759300217	0.0
159.0	27.19692467903629	21.06408650405517	23.924916030498704	27.813605802739094	4.6698367074849307E-4
160.0	26.702679164022836	21.049215198799377	25.554561910538094	26.693543726639696	0.0
161.0	25.122614260963775	19.990356640842077	28.692904542419107	26.190271882019456	0.0038526737555863774
162.0	26.05195435190155	22.795795714281127	25.10195926999702	26.050261476310105	2.9187510197386377E-5
163.0	25.39786551906112	23.361895043595624	27.325547455482024	23.91463360529032	5.837657091352329E-5
164.0	25.294654894968033	23.15046569469494	25.29550137377673	26.257714267867343	0.0016637686929520715
165.0	27.581798210598922	21.506819205455947	25.849551015094402	25.061481289692832	3.502791578938765E-4
166.0	24.744202148900445	22.780020270002034	25.67395421501615	26.801735794067987	8.757201338567416E-5
167.0	26.70990564316518	22.829315512289334	26.74732960203035	23.713215707670425	2.3353484471246459E-4
168.0	26.446030564434906	24.10988016522894	23.403307498066003	26.040665002700297	1.1676956985009706E-4
169.0	26.481135699880774	21.869748806858855	25.243591135898395	26.405407583087815	1.1677427416030538E-4
170.0	32.01415094615038	22.200362356708244	22.99444086654985	22.790899860277214	1.459703143091196E-4
171.0	26.272868067689338	23.146360012319892	26.172674073198255	24.407543159760085	5.546870324389735E-4
172.0	27.635672186351616	24.71014283341492	23.841979788886427	23.812146809783233	5.838156380272986E-5
173.0	29.578664066764553	19.275345396801303	22.19150731076517	28.95325722392338	0.0012260017455929615
174.0	25.05154455601039	24.7596606451805	24.408927052959168	25.77954664143759	3.211044123541128E-4
175.0	25.395296696944797	24.399577867530393	22.531130809977622	27.672914480223852	0.001080145323335664
176.0	25.207803138877686	23.63535720301982	27.68106265347478	23.474404836803995	0.001372167823715556
177.0	22.291887289745656	26.09172839733264	24.073456061809793	27.519453517545756	0.02347473356615364
178.0	25.85291374304644	22.815783827021914	23.466451412314747	27.864529887706706	3.2112991018580283E-4
179.0	28.211050625464406	24.24568364595605	22.647840691609332	24.894344762346883	0.0010802746233272167
180.0	26.91561075018037	22.213424748942472	25.004840563128123	25.86591889120201	2.0504654703079419E-4
181.0	27.838536884979032	22.275299667905834	26.138116208905476	23.747460603049213	5.866351604476496E-4
182.0	25.841189125069448	22.29081516220115	25.40820882081872	26.45969889374574	8.799816494493368E-5
183.0	23.964335791517797	24.460079436318942	25.836017389161697	25.739244709623293	3.226733782729347E-4
184.0	26.65508497348649	21.656622158700877	26.03372772108185	25.650663512503417	0.0039016342273649482
185.0	25.704049249347555	23.59815681612249	23.580263535753268	27.117266399558126	2.6399921856231305E-4
186.0	27.188451390596057	22.6254141455152	25.338899668096875	24.847234795791863	0.0
187.0	24.32784073492489	22.9485928173894	27.08360334910666	25.639581035444	3.8206313505138303E-4
188.0	27.924370809930664	27.97539376732238	22.060257642421945	22.039625087071148	3.5269325385978677E-4
189.0	25.2931807246551	22.873372438792764	24.638702647921836	27.1939212045665	8.229840637953733E-4
190.0	29.206131498947375	21.198045605286815	25.059215620107622	24.536401512768762	2.0576288942831427E-4
191.0	27.23544579343587	23.429760632878143	23.715055239019634	25.61950274869927	2.3558596708628455E-4
192.0	27.475163110349595	22.628060104477797	23.768256961897823	26.12849037299952	2.9450275271722962E-5
193.0	28.099205199077247	24.189529269551326	21.652080785516855	26.059096382277332	8.836357724037013E-5
194.0	28.04700088075102	22.798372819846648	24.01295499332809	25.141671306074237	0.0
195.0	26.44057090770035	20.83608057474942	24.282402865498007	28.440150204135506	7.954479167219062E-4
196.0	28.743171271540852	21.977131809969027	26.044678761723905	23.234988614354542	2.9542411677051812E-5
197.0	25.511878682078233	23.683789075311925	23.541750755991345	27.261724588082963	8.568985355308545E-4
198.0	27.998362426334367	22.77427137155089	23.63553795539093	25.591798623466477	2.9623257337828958E-5
199.0	25.87362193116255	22.77190739365535	25.214744018953354	26.13919219014403	5.344660847122806E-4
200.0	27.943362575374326	23.0011884095327	23.647835235719043	25.40761377937394	0.0
201.0	25.402820575566576	20.541206252212486	28.709667456231426	25.346008738272353	2.9697771716792544E-4
202.0	25.64380834088466	25.18140267309621	27.517815047831025	21.656973938188102	0.0
203.0	26.515813685684762	24.503770482744198	21.31607703419193	27.663447500536265	8.912968428483232E-4
204.0	26.107120137179763	23.11764840465534	23.495005661844516	27.28022579632038	0.0
205.0	27.250800084391447	23.956027302415556	25.636011375015972	23.15621034864959	9.508895274376202E-4
206.0	26.00167437332106	20.62275750919583	25.626797818975692	27.74877029850742	0.0
207.0	26.17296515473031	23.953020459397916	26.323131327332828	23.550704713915906	1.7834462304337371E-4
208.0	28.578614691819276	22.449070601466808	20.851985074444936	28.120329632268977	0.0
209.0	27.315773088001745	20.39819649819968	25.25529934020475	27.030047163064786	6.839105290404765E-4
210.0	25.3878493499263	23.867382348497557	24.32812631974656	26.416433796456566	2.0818537301465508E-4
211.0	25.19053425749278	25.23334292239494	25.406213771419576	24.168838088347684	0.001070960345015825
212.0	28.75099631119315	22.058195883560614	24.111088028372325	25.079481674124242	2.3810274967007888E-4
213.0	30.097564432966667	22.979726538466807	22.243451878596275	24.678899792911587	3.5735705866552154E-4
214.0	28.318087964960885	24.524906000472082	23.580261410481693	23.576714820810793	2.9803274545380854E-5
215.0	26.04409315816006	24.377981971392188	22.558635980284645	27.018751328970726	5.375611923823995E-4
216.0	25.635170268313395	24.743178589541557	25.81242076513131	23.809200170725937	3.020628780128129E-5
217.0	29.136484769621546	22.613692125917336	25.006343262328397	23.242474667309978	0.001005174822746558
218.0	24.694293551419268	24.198677269433663	25.24609280651796	25.86075176264078	1.8460998832341824E-4
219.0	27.34034760894491	22.582332034193815	23.46674385230102	26.609705989887107	8.705146731466122E-4
220.0	28.176275903592636	21.896549893478216	23.841142328214502	26.085813272407833	2.1860230681645715E-4
221.0	25.679932984224678	22.440124154084696	23.442781318251637	28.436878431357748	2.831120812418428E-4
222.0	26.220839072188042	24.11281674903611	23.74994638440239	25.916334249961476	6.354441198384067E-5
223.0	30.36355425305092	22.726268245004206	23.925631753646755	22.983614266194458	9.314821036591829E-4
224.0	30.691985098292072	22.209883219281654	23.955168623318333	23.142930851733677	3.2207374264826425E-5
225.0	31.085512083014226	19.522908674172655	23.8515845516063	25.53886033368909	0.0011343575177275773
226.0	25.374755729608918	22.346426270041984	25.78297765114579	26.49580753921122	3.280999208622991E-5
227.0	27.562153905857418	23.367977989283208	25.130062572660076	23.93824660560318	0.001558926596116946
228.0	27.700458954278012	28.24029725294518	22.53999172814964	21.519252064627167	0.0
229.0	28.076865071723944	25.073757236019116	20.934700439917645	25.914677252339292	0.0
230.0	25.794977340172288	22.630576090700394	26.98088973122102	24.593556837906302	0.0
231.0	25.771673073598322	24.596039572589586	23.38748172113075	26.24322140661366	0.0015842260676822704
232.0	25.009181762199105	25.312344338409464	24.250721473623507	25.42768319476171	6.923100621382897E-5
233.0	23.080839342692876	24.988601782495767	21.534775672932216	30.39536331359042	4.198882887207859E-4
234.0	26.5973868332741	21.003629062239078	27.081890299933935	25.315990962386326	0.001102842166565454
235.0	25.800333364914263	21.502289136965285	27.79825334652768	24.89898005610358	1.4409548919878224E-4
236.0	29.064436782154118	23.80982770787103	23.26561870360612	23.859934467360404	1.823390083310693E-4
237.0	28.340142219153247	24.400055506621225	21.708131609585273	25.551597048431734	7.361620852232761E-5
238.0	27.33934274987443	22.000582758399695	24.187454448712046	26.472508260712097	1.117823017317314E-4
239.0	27.963864330201815	22.638812654893616	24.378762242171586	25.017162099431307	0.001398673301670394
240.0	25.61438992636592	20.99159413763363	26.54044498324515	26.853337218515804	2.337342394950094E-4
241.0	28.515562690104595	21.30333702671049	23.53079055821476	26.64793067527181	0.0023790496983481985
242.0	27.318869096165592	23.85930879136382	20.587562902783958	28.233204072516845	0.00105513716978603
243.0	27.95172284939066	22.734349937661793	24.824981032185942	24.486400165451823	0.0025460153097776
244.0	26.53880950344582	22.897571723490184	25.93482015280401	24.628053196572935	7.454236870538737E-4
245.0	29.021128881695724	20.839359315243986	23.052595320613694	27.08514702609437	0.0017694563522303406
246.0	24.483591883678933	26.983124149462252	22.94493340449458	25.586026661835053	0.002323900529179722
247.0	26.32906793766375	22.46995433176894	24.375462753638356	26.68529198643971	0.14022299048924042
248.0	25.99918012340843	22.367648634257165	23.748946988297586	27.8727206818021	0.011503572234725055
249.0	25.429367402985452	21.255533881639817	29.18521529885239	24.11248881138582	0.017394605136519914
250.0	27.359382513632998	21.602731006429238	23.66901358395355	27.368197847867187	6.75048117032695E-4
