# Position (bp)	A	C	G	T	N
0.0	24.324611389880566	23.001951729917426	24.91569887949116	27.757703627165277	3.437354556935309E-5
1.0	23.190624610055796	29.71628516696811	24.0300587847316	22.991213142988	0.07181829525649587
2.0	25.160590719663713	26.602712806191718	22.334289714472742	25.901620973786866	7.85785884962313E-4
3.0	25.875942791978368	22.274893002048994	24.145885165488	27.696042876320643	0.007236164163989229
4.0	26.05223328188222	23.27056569973347	23.876420488932215	26.800712337118348	6.819233374964753E-5
5.0	27.905292884949773	23.963747326052115	22.900295615065883	25.230323760452393	3.4041347982913966E-4
6.0	26.192117194158364	23.60908196301438	24.073329911569715	26.12095311629026	0.004517814967283207
7.0	25.550627074599035	25.192511614029158	23.325935531766238	25.930282296179165	6.43483426407002E-4
8.0	27.60885638020301	24.377472588528505	24.23821559198747	23.77538788798509	6.755129592094877E-5
9.0	26.094131094222078	24.716926707925513	22.32681831752598	26.861921697152518	2.021831739119007E-4
10.0	24.899131024163797	24.88718391050232	23.239323571251408	26.974361494082476	0.0
11.0	26.931063909867785	22.50629584663618	23.056292122056437	27.506282777935326	6.534350426758426E-5
12.0	28.357624720257775	24.218004508145803	19.905512878226816	27.518825623177744	3.2270191862425715E-5
13.0	26.003485163789286	23.03432739467724	24.70092275745546	26.26116890273532	9.578134268840349E-5
14.0	26.51910790104452	21.859222759748352	23.501974479423122	28.11963169160283	6.316818117645053E-5
15.0	25.379602374775494	23.471363001396927	24.2298505787268	26.91918404510078	0.0
16.0	26.399868272990712	24.277275524181643	21.64119934247087	27.681595420520356	6.14398364225795E-5
17.0	28.053882984702895	26.83486438990753	19.50821544634712	25.601741248475395	0.0012959305670540093
18.0	25.53434243326123	25.645445334470885	20.115458469980826	28.704664018425014	8.974386204334209E-5
19.0	24.937875350386598	25.324607437444207	21.68562053016013	28.05165839976196	2.3828224710881725E-4
20.0	22.931692553400087	24.74854255686561	23.925200481736717	28.394475548544218	8.885945337218663E-5
21.0	24.002785276246733	24.379044470362498	23.409429729678887	28.208564165992588	1.7635771929494536E-4
22.0	23.16061358220232	26.578503885131298	25.816827083550564	24.44396807079741	8.737831841008742E-5
23.0	25.407181605981403	23.553323560627007	23.525442945305883	27.51387799651405	1.7389157164941372E-4
24.0	28.3430447021512	21.498582191824077	24.231487111121826	25.926828582140153	5.741276274233209E-5
25.0	25.33083478262353	24.44994497104121	20.200105821640214	30.019029130519705	8.52941753460598E-5
26.0	26.5466664516328	24.750454612716933	19.953926164726692	28.748839595204405	1.1317571916803398E-4
27.0	25.35625596512261	24.550715645339814	20.142093066780863	29.950907093841668	2.822891504705619E-5
28.0	27.674277066080364	23.681080821279313	22.24625078102907	26.396183771808733	0.0022075598025156126
29.0	27.544800186182595	23.75551344282643	22.001185805793824	26.698334330740074	1.6623445707826317E-4
30.0	23.873487127829797	24.856621627912293	24.31745669726636	26.95226927726723	1.6526972432183635E-4
31.0	26.509117016787147	24.415902576440992	22.198826050498464	26.875880325110575	2.7403116282383633E-4
32.0	24.344989641684027	22.568199603268486	24.74234588762497	28.344356218507095	1.0864891542578287E-4
33.0	23.536499291769832	24.8437236701774	24.428637802316835	27.191085398398982	5.383733694689539E-5
34.0	26.211279535001953	26.883901087516097	22.484678434028083	24.42008753959896	5.340385490386238E-5
35.0	25.716600830547957	22.173562467885226	25.493903117900206	26.61574846503598	1.851186306298873E-4
36.0	24.13143138416923	24.24345787737802	26.090388998786995	25.534589632952066	1.3210671368961104E-4
37.0	25.464463871686522	24.919848979576745	21.74531917512463	27.870367973612105	0.0
38.0	26.811019952135158	24.39187274701056	21.414011887783005	27.383016192872667	7.922019861560063E-5
39.0	23.912080995649408	27.475824095461192	21.056619494534896	27.5552906085102	1.8480584430002013E-4
40.0	26.531684289800932	25.84902926037742	22.627819307725872	24.991440745010223	2.639708555057853E-5
41.0	24.697904632802004	24.350880638051176	21.37599711992255	29.56954296982121	0.005674639403059607
42.0	24.67241619103643	25.644472700315607	20.376714452693363	29.306317483214716	7.917273987558795E-5
43.0	25.70088735216405	25.997146392392423	22.464467782654	25.833302767133848	0.0041957056556792835
44.0	28.702255232416245	24.491415077538043	22.6697097023146	24.136461679518213	1.5830821289816165E-4
45.0	25.94169357244855	23.870069277496988	22.047211897970215	28.136962674674344	0.00406257740990641
46.0	25.960591392885874	24.213634744991495	22.2265599240316	27.59918756017462	2.6377916408382903E-5
47.0	25.708356532663117	23.94727353915436	22.958724930547074	27.38364047004062	0.0020045275948280023
48.0	22.433093706114516	23.795143640563918	23.150604507529554	30.621158145792016	0.0
49.0	22.892453622987457	25.29124189222745	24.631416956322546	27.182963225785024	0.001924302677522194
50.0	27.616993191168127	23.90228936164829	20.505280060391744	27.97533195427603	1.0543251580960574E-4
51.0	24.694221174855862	27.137210234521575	20.758937101181687	27.406943381865972	0.0026881075749026683
52.0	23.131528786844356	25.59556742976436	21.591047513059216	29.681856270332062	0.0
53.0	23.187503464414974	25.074036682473594	23.80317762052289	27.933574653643884	0.0017075789446584172
54.0	23.746590877448117	27.79442971310043	22.45208314397412	26.006869995991277	2.6269486048013268E-5
55.0	24.46847602448006	27.17179288925	22.558742972466483	25.799415518890793	0.0015725949126554574
56.0	27.11501822670297	24.511757599264115	25.038458212236918	23.33476596179599	0.0
57.0	22.855599060215493	27.6235432475393	23.25864460769028	26.256290953761784	0.005922130793141019
58.0	25.6535547409166	24.859958638047807	21.765541715543694	27.720813897154787	1.310083371085569E-4
59.0	27.641514303058152	22.446056510094156	24.375915498160687	25.533343585952096	0.0031701027349078873
60.0	24.882559342981136	22.854203009871398	23.28749598415218	28.97568933924522	5.2323750064096594E-5
61.0	25.90806936457315	23.12075702596345	22.798807003426685	28.16548654948945	0.0068800565472632415
62.0	25.476336333916986	21.68811472772672	25.07293945070852	27.76247870147113	1.3078617663353243E-4
63.0	26.934294675208402	23.374538058681228	22.36299478953471	27.32513842219233	0.0030340543833323698
64.0	25.787671921512363	20.93685227892056	23.83446439562833	29.440985289443923	2.6114494824237697E-5
65.0	24.584649507506924	25.62995531905838	24.317650133943598	25.46207864691768	0.005666392573422216
66.0	24.966264098838877	23.317748321821696	23.116299035863456	28.598931313496344	7.572299796226802E-4
67.0	27.51755920520118	24.27081647040393	21.35810334473485	26.852816000417768	7.049792422778663E-4
68.0	24.152369902294385	22.127320942441596	26.35354640083401	27.36657999534748	1.827590825389623E-4
69.0	22.877500783850664	24.89987466221323	24.893269692404207	27.32572604412694	0.0036288174049569646
70.0	26.83747358706265	22.888848624050535	24.2786286259537	25.994658101553426	3.910613796906183E-4
71.0	24.383508349355193	22.768301915055574	25.989716708878735	26.85743278685199	0.0010402398585065745
72.0	27.602026197458052	25.103288540731178	21.950498463087314	25.342730748810073	0.001456049913391031
73.0	26.161451748402982	22.52773988554698	22.654300514040457	28.652270969190845	0.004236882818738355
74.0	25.52492526305042	24.327964985670924	23.74706007819354	26.39908842614519	9.612469399223261E-4
75.0	25.726374546121438	24.80908396149416	22.09524215255723	27.36680557294554	0.0024937668816328354
76.0	27.02270886592818	23.120880696502887	25.239424166372714	24.616103122657385	8.831485388307426E-4
77.0	24.48335940150051	23.920967481368315	24.05174119946122	27.54323064847661	7.01269193348228E-4
78.0	27.12292578307508	25.74614413095268	20.741195331740954	26.38931921611852	4.155381127661359E-4
79.0	27.319972482946618	20.59042206059517	22.750105630062876	29.33633157374121	0.0031682526541257534
80.0	23.90755087085883	22.768270066210928	28.247744886687343	25.07440874198201	0.0020254342608956675
81.0	25.19670932045021	24.891223374491496	21.593195543981796	28.318352447951195	5.193131253016885E-4
82.0	23.21238707131238	22.36857171417926	23.534760420466657	30.883216255759216	0.0010645382824843207
83.0	26.21174007513021	21.727916903466067	23.877142455837184	28.182239954015266	9.606115512760167E-4
84.0	23.648076301535404	24.925696084068758	25.203935011818274	26.22125420389218	0.0010383986853872644
85.0	25.984925846649197	26.26038891897097	21.58836700652213	26.165617370059667	7.008577980293955E-4
86.0	25.860086995634646	23.75498885626358	23.029315800279118	27.35420678320936	0.0014015646132966436
87.0	22.99307483465603	21.925676569917805	25.162852713467977	29.917383810278604	0.0010120716795874484
88.0	24.422624824200405	26.940905387381868	26.12506551940672	22.510911251693123	4.930173178819976E-4
89.0	26.65540778087776	25.81859355949873	22.81123082938585	24.713444578182273	0.0013232520553866608
90.0	24.398742132817013	25.43004067235341	25.255411846169935	24.91572751676564	7.783189400541346E-5
91.0	26.86633915978063	25.173323814413223	24.092483641734066	23.86736048940808	4.92894664000193E-4
92.0	25.634669654273097	24.074866207509814	22.577967474760943	27.71241884319139	7.782026476010477E-5
93.0	26.590345804319604	25.805512792412355	21.079524747647017	26.52417569448137	4.4096113965109594E-4
94.0	28.535856961219608	23.175352401643202	23.168816118267305	25.116524813754832	0.0034497051150567436
95.0	23.879830939800833	26.085959683250735	23.91536304474348	26.11586371025721	0.0029826219477403137
96.0	26.67734744620798	24.253322227258913	23.688924802678734	25.379653478030406	7.520458239673373E-4
97.0	25.497775851000164	24.93880867755181	23.445455196024845	26.11785656131734	1.0371410584439357E-4
98.0	28.611162243233924	22.292752864191065	24.32544055004913	24.77064434252588	0.0
99.0	22.17079581330969	21.81586546187862	26.69305380591715	29.32025899832553	2.592056900833087E-5
100.0	22.572640778359773	24.563947988399246	24.32677529630388	28.5366359369371	0.0
101.0	23.778584601766198	21.59658380208275	28.953904701884696	25.670719588124157	2.073061421959473E-4
102.0	25.149215270833974	23.765228249161712	24.735597147400462	26.349881599447784	7.773315606718943E-5
103.0	25.878576786942865	24.99373129750744	25.601691824368572	23.52581876507597	1.813261051567072E-4
104.0	26.492624007919808	26.573049816600662	22.80795637890632	24.12592946203293	4.4033454028167423E-4
105.0	27.21815892556634	23.38547309784488	20.83071184001504	28.56278101998258	0.0028751165911581615
106.0	25.714976887686873	23.14901413623509	25.187254155670825	25.94862531789629	1.2950251092418432E-4
107.0	26.312857337106077	23.56047940637525	22.90575689098102	27.220051670217103	8.5469532054312E-4
108.0	23.792103958377293	23.971426463144514	25.119183702002555	27.11720820285243	7.767362320266473E-5
109.0	25.74476798548673	23.85631388255809	25.82926303952318	24.568904370444542	7.507219874562123E-4
110.0	24.75615182300827	23.460028519164762	23.486766853886778	28.296975151467617	7.765247257120537E-5
111.0	24.67581039958774	23.558394505374192	24.898222027007755	26.866770698607528	8.023694227883787E-4
112.0	25.883057811135195	23.256989421241627	24.219442916761025	26.64035456633561	1.5528452654394877E-4
113.0	27.78213554534823	21.790715531057742	23.276362028089785	27.14995876151527	8.281339889739135E-4
114.0	25.970117503108124	22.282397721779223	26.800227118156307	24.946972982877114	2.846740792346304E-4
115.0	27.5847406304705	22.742673997414016	26.47671735455399	23.19511748209326	7.505354682357861E-4
116.0	27.72261187303005	23.66386551142197	24.86176892811363	23.75170192761337	5.1759820973131217E-5
117.0	26.508938218567422	25.688420752971318	24.33633322765769	23.46550552856154	8.022722420274196E-4
118.0	27.11497228983167	24.271674812149254	24.902661806550288	23.710302903259617	3.8818820917133464E-4
119.0	27.024902829870562	20.680733076455855	24.98779146186472	27.30592565045564	6.469813532210226E-4
120.0	25.129026088851315	23.154952161424752	25.26248395180197	26.453486039976287	5.175794568572937E-5
121.0	27.914006120829715	23.246187679565818	24.054871121494795	24.784158717161873	7.763609478021481E-4
122.0	26.845763501810577	23.868956413432805	24.72444135860056	24.56021764688072	6.210792753350529E-4
123.0	24.659440701497424	28.145707960422378	22.757209899322127	24.436890980396218	7.504583618529076E-4
124.0	24.81909696371692	24.419393312688275	22.954313556982093	27.807092656668125	1.0350994458853893E-4
125.0	26.076496459465247	23.820667075873335	24.49207998782731	25.609799016040835	9.574607932743813E-4
126.0	23.982850871779267	23.9491591694866	24.742673801440983	27.32523852664271	7.763065044393087E-5
127.0	25.961438936789044	22.81954809394181	27.847261755664356	23.37063852690632	0.0011126866984774307
128.0	26.179500874106875	23.749830509176313	24.371978276192934	25.690953278495936	0.007737062027948649
129.0	24.761843152222433	25.920909802500923	22.165775020539126	27.14769411901697	0.0037779057205514187
130.0	25.95675254657453	24.114627876015167	24.144799916160025	25.783793784714987	2.5876535287184262E-5
131.0	26.46566558588585	23.988262358034305	24.33917541512593	25.20612034188211	7.762990718050764E-4
132.0	26.597396386987526	24.472658130106126	22.61457957042559	26.310889238282243	0.004476674198520058
133.0	26.77945075848242	25.627087434237815	24.800407194423695	22.790725717448577	0.002328895407495886
134.0	26.925425705947593	22.639099997360603	20.888508332984003	29.546888334443434	7.762926436956499E-5
135.0	26.62562869528698	22.78958150636387	26.11177857401804	24.472467823558286	5.434007728194038E-4
136.0	28.055188039538027	25.581564447761217	25.0558346894696	21.302936215061433	0.004476608169732281
137.0	28.95723282613612	21.71071800638943	23.91666619226364	25.415201839510665	1.8113570013864643E-4
138.0	24.903352174301162	24.227561287050705	26.474893299920694	24.393028885027835	0.001164353699604508
139.0	25.925555056175124	23.63665907763658	25.443924623051867	24.99259338608136	0.0012678570550682068
140.0	27.251573386449273	20.85470921427579	25.917982339362954	25.975502186038796	2.3287387318154614E-4
141.0	26.132132446054	24.833868002105213	25.42718732485695	23.606346472609243	4.657543745979634E-4
142.0	28.724426057967083	22.616954176753758	23.338799940797106	25.31956107057875	2.5875390330263134E-4
143.0	26.94174009907715	24.69618970855171	24.008549253298796	24.353339810824483	1.8112824785589436E-4
144.0	27.846979439951706	25.40154545155799	23.16717947974852	23.584036871825536	2.587569162489252E-4
145.0	28.41018448675833	22.344051825524875	22.446626411403273	26.79815396797261	9.833083409130018E-4
146.0	27.71087548531404	21.24953551655217	25.184654812462544	25.851233843997733	0.0037003416735066925
147.0	26.630246758163235	24.44608729651269	25.9086626577511	23.010888969565173	0.004114318007800643
148.0	24.842194335221077	24.463533195925375	24.04913563666334	26.64448990206772	6.469301224897495E-4
149.0	28.172541148631936	24.155522730730972	23.744890385903314	23.924225031079498	0.002820703654286279
150.0	25.913583777258193	23.75914321315769	25.380278737799884	24.946994271784234	0.0
151.0	26.631813445810497	23.709256746999362	25.401797198457356	24.2563820938537	7.505148790868771E-4
152.0	27.751371389588513	23.976077416870343	22.977051546028896	25.29537024672073	1.2940079151876156E-4
153.0	25.12966569400682	22.802399083845003	24.74863320803059	27.31839621115561	9.058029619756857E-4
154.0	23.55908910921838	24.262185195824955	25.012306187255913	27.163624411541676	0.002795096159072028
155.0	27.902412609369332	23.158575368222802	23.877548801719573	25.061178488985803	2.8473170249368023E-4
156.0	25.98275430055311	23.164331138965796	25.859696460779908	24.993011018776027	2.0708092515474123E-4
157.0	25.55052429591055	22.5057795635255	26.725514543584676	25.217663888903992	5.177080752882145E-4
158.0	25.211014835947243	20.820130480127837	25.94226372123857	28.026513305188534	7.765749781847146E-5
159.0	27.239707938802376	21.435061529484916	24.407990005762322	26.916722797102583	5.177288477996265E-4
160.0	26.598287111294276	20.83344119568785	26.125073389546017	26.44309475561152	1.0354786033878789E-4
161.0	24.571592622353293	20.703655687729878	28.43805398621558	26.283487690115642	0.0032100135856058844
162.0	25.774992816110554	23.645843310957567	24.059557679513098	26.519554417638975	5.177577980796363E-5
163.0	25.036982267669288	23.849019147934765	27.413374507010968	23.70057229962135	5.177776362518906E-5
164.0	25.92533430401517	23.155680779955972	25.10632150504702	25.811420717308675	0.0012426936731617258
165.0	26.55712086138452	21.67967703258542	26.01331854817935	25.749080954931774	8.026029189373642E-4
166.0	25.367854762680274	23.287154819797124	25.42173516114149	25.923151690021744	1.0356635936801736E-4
167.0	26.600992364494967	22.901362449182294	26.086788781926053	24.41015730088043	6.991035162576523E-4
168.0	25.717550586656063	23.119805649464716	24.356532348944352	26.806059626793942	5.178814093003215E-5
169.0	27.03498180720218	21.751729099128283	25.748473532204656	25.464323549282657	4.920121822216318E-4
170.0	30.776838162557347	22.936336695300533	22.850958196905555	23.43581515360879	5.179162777978614E-5
171.0	25.689875864683522	23.38590035976635	26.603650801090616	24.319744318071468	8.286563880473567E-4
172.0	27.644072144865472	24.465891537286435	23.82009708403586	24.069861570725575	7.766308665724872E-5
173.0	28.041885694895285	20.256339707314698	23.043965433120047	28.656074971004024	0.0017341936659482275
174.0	24.704626529799807	24.80585823833532	23.930673751246953	26.5583496876079	4.917930100165294E-4
175.0	25.169057265657273	24.207597455780043	23.645393390122354	26.97626934024438	0.0016825481959459388
176.0	24.688629004617237	24.290277086014815	27.481726239970012	23.53812508478051	0.0012425846174237286
177.0	23.335582540285056	26.015263190873778	23.863636952105356	26.75866665354773	0.026850663188077373
178.0	25.22942384060688	22.95232748673692	23.5480008534774	28.270040664469448	2.0715470935158504E-4
179.0	29.02932912064433	23.619071050280343	23.263703109016276	24.08693850596294	9.58214096106284E-4
180.0	26.389561303201674	21.86168700783058	25.862668264020215	25.885927669996793	1.5575495073600704E-4
181.0	28.114906688611484	21.78801037422808	25.879425851249703	24.21682531777442	8.31768136314321E-4
182.0	25.954764986924943	22.986337476800227	25.470156120841587	25.588611444702654	1.2997073059147082E-4
183.0	24.407884646877935	23.778272250628415	26.099397707806403	25.71402948294372	4.1591174352802337E-4
184.0	26.251771291699605	21.57751089290779	26.501825298061828	25.665902995474905	0.0029895218558743716
185.0	25.012652318448005	23.593773109813807	24.279116773296185	27.113677994531493	7.798039105086635E-4
186.0	27.577684799943846	23.00499506732228	25.165546903331215	24.251747233736136	2.5995666522390717E-5
187.0	25.164937976238306	22.71901005706983	27.320269879332347	24.79494883713421	8.332502253030492E-4
188.0	27.886042527041592	27.09520932824356	22.340992297637214	22.677391299819288	3.645472583442264E-4
189.0	25.90982680394438	23.075550916786263	24.678608546290082	26.33497209316739	0.0010416398118902664
190.0	28.552469186441854	21.599609561676207	25.249681818288362	24.598083174926106	1.562586674729614E-4
191.0	26.98193318965573	23.437480030891642	24.467410023925108	25.11294201662108	2.3473890643489767E-4
192.0	26.63916304828437	22.846794063287888	24.441160473570047	26.072856328593026	2.60862646686327E-5
193.0	27.334460765718266	23.71443226509028	22.414710748890265	26.536187500945758	2.0871935543288655E-4
194.0	27.843569250293793	22.631246073211003	23.95476965273096	25.570415023764248	0.0
195.0	26.806966853115394	20.91034542509944	25.138636118094748	27.14360796811252	4.4363557790319037E-4
196.0	28.64179545591262	22.086477325333536	26.007040798445374	23.26458180220378	1.0461810468610646E-4
197.0	25.099280804385753	23.69335317597861	23.884106255638947	27.322762738693136	4.970253035582042E-4
198.0	27.481185802042702	23.052071978470064	23.651255096344254	25.81532993974374	1.5718339923247347E-4
199.0	25.900229544364407	23.030924989267987	25.90287974793153	25.16551964456834	4.4607386773332547E-4
200.0	27.707665658742087	23.423500728586983	23.575253601539416	25.2935275287269	5.248240461782182E-5
201.0	25.15924001469585	21.159896079357583	28.68249094630767	24.99811053377421	2.624258646932242E-4
202.0	25.564042181355894	24.78964304469795	27.807980927531073	21.838307601824418	2.624459066180722E-5
203.0	26.204673756071944	24.263857161612183	22.400551398188263	27.130418800052514	4.988840750951818E-4
204.0	25.25511838648584	23.4750669373924	24.732171649637767	26.537459204692393	1.8382179160070968E-4
205.0	27.573181925019796	24.301165632168665	24.84139812831802	23.283597768268073	6.565462254500953E-4
206.0	25.881449737928918	21.20501218165639	25.636161922001676	27.27732362863125	5.25297817597687E-5
207.0	26.177713668910158	23.127921971650654	26.629756491088518	24.064397713621624	2.1015472904619437E-4
208.0	28.37208153609406	21.937936490378917	22.214153237894532	27.475828735632486	0.0
209.0	27.088070581971735	21.123427264110312	25.198829765456427	26.58906798276445	6.044056970755437E-4
210.0	25.29203395145204	23.861269318345197	24.147763935794718	26.698617387489755	3.154069182930493E-4
211.0	25.25552511607608	24.89015496090484	25.781561387549495	24.07218012693438	5.784085352066758E-4
212.0	28.301028703156444	21.958547279338056	24.65836370728741	25.08184988230504	2.1042791305223845E-4
213.0	30.17437600279625	22.80753471096306	22.64992988322293	24.367896201902628	2.632011151304846E-4
214.0	27.379863354204144	24.029489025639457	24.314354340844314	24.27629327931209	0.0
215.0	26.50346652608102	24.370382246272978	23.069560047405393	26.05637987917277	2.1130106783635895E-4
216.0	26.163686288482403	24.172106305785416	25.805304834922644	23.85890257080954	0.0
217.0	29.041332975006718	22.74092985756517	25.303493684493418	22.913652244020426	5.912389142703575E-4
218.0	24.094312683687818	24.180797054707124	25.11410191225048	26.61057152861871	2.1682073586789546E-4
219.0	26.380236786577992	22.778550616404488	24.131198931942787	26.709494288359593	5.193767151390932E-4
220.0	27.426667270538864	21.61423271861889	25.066432803435486	25.892392720046224	2.744873605432654E-4
221.0	26.235948741162424	21.995541821180687	24.115482905389225	27.652833202743842	1.9332952382109726E-4
222.0	25.220365690037134	24.23351185461548	24.404539031750488	26.141471987091197	1.1143650570777783E-4
223.0	31.180357149891417	22.055437973723322	23.677457621300462	23.086100101687496	6.47153397302102E-4
224.0	30.077468138968328	22.521229642793795	24.185817501634894	23.215371916720976	1.1279988201132341E-4
225.0	30.417735407228406	19.67472505551028	23.585947143104878	26.320600633140234	9.917610161980076E-4
226.0	25.763569147801846	22.134395497918273	25.652877705564197	26.448928651679765	2.2899703591961634E-4
227.0	27.386194860058833	23.827505100065306	24.996041309084184	23.78895843085583	0.00130029993585187
228.0	27.86244243164993	27.8809735150735	22.655672718992097	21.600853243113875	5.809117060679713E-5
229.0	27.31983120089892	25.327506442389726	22.28917532141684	25.06345775835871	2.9276935805633937E-5
230.0	26.345784398826844	22.403742255654098	27.24634361800375	24.004100212595965	2.9514919349007132E-5
231.0	24.22933234894294	25.111139007473277	24.745600583000837	25.912288072545913	0.001639988037032719
232.0	25.390941408908397	24.88944440964948	24.27149582155757	25.44787862424105	2.3973564350590604E-4
233.0	22.970612947591697	25.205817118172924	22.640337007370675	29.18262758239949	6.053444652144856E-4
234.0	27.503077343227528	21.225972991878024	26.313980246635964	24.955832790363118	0.0011366278953675655
235.0	25.69726268815987	21.553454629575505	27.90039513106984	24.848763178808937	1.2437238584791496E-4
236.0	28.657611665083838	22.89640734525192	24.21772840162816	24.228032021255075	2.2056678100428466E-4
237.0	27.438363554804145	24.28036106171958	22.79032815440211	25.490851854760177	9.53743139805074E-5
238.0	27.01958021223822	22.16470892414794	24.438331512638687	26.377347192694668	3.215828048387922E-5
239.0	27.557390145604764	23.230313906890395	24.42473182136936	24.786360108621906	0.0012040175135736705
240.0	25.097586079661315	21.990568520528736	26.38292985253436	26.528815098403065	1.0044887252837179E-4
241.0	29.330655175814467	22.050521375279505	23.51804032934897	25.09843503556006	0.002348083997002503
242.0	26.954791971614494	23.627932419243983	21.010340443727056	28.406195048415427	7.401169990408756E-4
243.0	27.511985709988522	23.081636518258016	25.086080033922237	24.31803580537793	0.002261932453295315
244.0	26.623303232495637	22.749560263375	26.073488635879126	24.552632700974357	0.0010151672758798285
245.0	28.93081654312074	20.56958245910227	23.701105263300754	26.796799296453223	0.0016964380230118426
246.0	23.998890083213155	26.487633643128426	23.73239443803832	25.778837518587878	0.0022443170322239718
247.0	25.744287486439415	23.137446465987086	24.81738868031703	26.161840839530754	0.13903652772572014
248.0	25.880038202042865	22.73732540579416	24.62496983419575	26.749121004355498	0.008545553611726962
249.0	25.343246207851866	21.487535230700168	28.70284440283191	24.45202790175354	0.014346256862521672
250.0	28.062874761193186	22.435098712549674	23.99998624335167	25.50111170914318	9.285737622885561E-4
