# Position (bp)	A	C	G	T	N
0.0	24.364786210508928	23.121888796132243	24.993396322449936	27.51981618811173	1.1248279716220899E-4
1.0	23.05011314616674	29.829661616458246	23.89993457012874	23.14679896793637	0.07349169930990003
2.0	24.804800505818704	26.111473972406635	22.942893336673645	26.140049299429162	7.828856718501155E-4
3.0	26.065631043082615	21.95359731951575	24.33367797837377	27.63962593597945	0.007467723048410213
4.0	25.81952998530041	23.469456487356492	24.234132817297134	26.47678767467391	9.303537204845282E-5
5.0	28.08190001248952	23.867691401859155	22.85189587905389	25.197750697331404	7.62009266032675E-4
6.0	26.178016881550874	23.509377608756147	24.46628327613394	25.84081254058065	0.005509692978387905
7.0	26.29627284060077	25.15041890637696	23.170696478608775	25.382074762437014	5.370119764781347E-4
8.0	27.858680448411764	24.242081009018865	23.95052466837522	23.94865844171922	5.543247493066321E-5
9.0	25.955406288932352	25.95745347944003	21.760436291339186	26.326353520291622	3.5041999680933373E-4
10.0	24.552128772582428	24.760729359486934	22.77158889856458	27.915552969366058	0.0
11.0	27.382167600202795	22.55898930526757	23.068000012916777	26.99075338177364	8.969983922200818E-5
12.0	28.597184116098774	24.003998154970116	20.078581982982165	27.320200332707405	3.5413241542211255E-5
13.0	25.484824267021022	23.33284818066875	24.698263941614943	26.483888465329013	1.751453662753744E-4
14.0	26.41670646897005	21.923992239460357	23.44673568273467	28.21247898793527	8.662089964812858E-5
15.0	25.988474380179984	23.343722072286752	24.109714929629856	26.55807152366424	1.7094239173021736E-5
16.0	26.624427730129685	24.233280084039883	21.532895715444937	27.609329087540257	6.7382845237271E-5
17.0	28.376533638241003	26.560743655522668	19.503796493969602	25.557735855544923	0.0011903567218038797
18.0	25.673228990476048	25.57591721394628	19.999235419189635	28.751454303252764	1.6407313527190117E-4
19.0	24.78870752054492	24.583752060857588	22.39764754157093	28.229386894765646	5.059822609148127E-4
20.0	22.900830532560835	24.897404944301375	23.99201765657546	28.209698249073554	4.861748878029902E-5
21.0	24.05607264636539	24.31312456110292	23.79805545969869	27.832473839119736	2.7349371326436465E-4
22.0	23.08760058887129	26.75775287354029	25.44086750794936	24.713715195352865	6.383428619304286E-5
23.0	25.421705830048648	23.66749155190319	23.43834323095002	27.4721416550946	3.1773200354017E-4
24.0	28.672622563799067	21.350236074695385	23.863473690990578	26.113588929080265	7.874143470358653E-5
25.0	25.22650309445471	24.388009214362565	20.020038553452483	30.36523058074338	2.185569868609784E-4
26.0	26.03688976245883	25.342710198280223	19.96683319438767	28.653489192678084	7.765219519649733E-5
27.0	25.469965319036667	24.633321548890923	19.832426468332745	30.064255679228513	3.098451115271987E-5
28.0	27.411216083989753	23.822857998944087	22.856020831215297	25.907420944105734	0.002484141745127977
29.0	27.740364042715697	23.42842156935673	21.98894731790144	26.841947619553956	3.1945047217061574E-4
30.0	23.652186875466498	24.180138082802817	24.941941392744386	27.22549175387112	2.4189511518516238E-4
31.0	26.414222014600792	24.82399167320333	22.079270117021835	26.682079748703153	4.364464708938363E-4
32.0	24.539471161528592	22.526624620711335	24.22749098860713	28.706159586735936	2.536424170093202E-4
33.0	23.711862036462957	24.831316762594586	24.51689375077427	26.93983875121333	8.869895486021489E-5
34.0	26.565566801369993	26.521866944718436	22.58940794102236	24.323099635673167	5.867721604774917E-5
35.0	25.516250050439847	22.43838863040784	25.724686380253477	26.320471727992334	2.0321090650353283E-4
36.0	23.97810616468205	24.273242513150326	26.027295942821482	25.721195854023886	1.5952532225202768E-4
37.0	25.41597695980404	25.201939500639188	21.451644843950106	27.93042419835259	1.4497254075105634E-5
38.0	27.083990686301863	24.59746808290148	21.191982334990215	27.126529908261666	2.8987544776698073E-5
39.0	23.47606899594768	26.936125784942295	21.67436967331475	27.913319620315068	1.1592548020318838E-4
40.0	26.55132529659634	26.009024485905236	22.659695048703334	24.779882724859817	7.244393527627002E-5
41.0	24.50513384206962	24.386600943830153	21.43705565555632	29.666472298983372	0.004737259560535875
42.0	24.440490846779213	25.46491107229941	20.329628066796488	29.76491207180444	5.794232044797526E-5
43.0	25.822440935986247	25.74702311808863	22.398353235217268	26.028634148121927	0.003548562585925908
44.0	28.637425703056685	24.631914963254495	22.335063754677364	24.395436275590285	1.593034211713088E-4
45.0	25.918954668566425	24.01784789900574	21.757249170483924	28.302371731800786	0.003576530143126365
46.0	25.54456747198434	24.564689168766325	22.29365393530953	27.597089423939803	0.0
47.0	25.857304155981748	24.0697225451083	22.574338155125552	27.496984720993854	0.0016504227905435405
48.0	22.523831750339212	23.43032473993668	22.93038082315694	31.115462686567163	0.0
49.0	22.227576814153835	25.810276388116453	24.281048348057737	27.679434184612145	0.0016642650598259875
50.0	27.540235640051286	24.06412523478628	20.113449889588946	28.282116882327575	7.235324591131807E-5
51.0	24.849520093455105	26.782167946600723	21.110881865351843	27.25514406745574	0.002286027136588964
52.0	23.037025661577037	25.898546702585083	21.863893627014107	29.20053400882377	0.0
53.0	22.856837077356804	24.98691060585649	23.74933903968416	28.40541322532191	0.0015000517806335815
54.0	23.332457373395183	27.792915570635014	22.58868950143264	26.285851016233718	8.653830343963794E-5
55.0	24.231613781270443	27.114075991164853	22.9513671226981	25.701518081602014	0.0014250232645843575
56.0	26.82920475478456	25.04667148241812	24.689951818018134	23.43417194477919	0.0
57.0	23.018605079555137	27.606207833475327	22.72827488544521	26.64191841856824	0.004993782956089249
58.0	25.27043806685869	25.07030490376614	21.687251497365303	27.971804074986334	2.014570235329144E-4
59.0	27.960232578551373	22.106861815476748	24.032915534157997	25.897400110217255	0.0025899615966249925
60.0	24.259131504615954	22.851231694996184	23.112841059594082	29.776738263178792	5.747761498360954E-5
61.0	25.72449894052865	23.523827436708675	22.960260807979996	27.785449830974557	0.005962983808128136
62.0	25.288301804596447	21.65103376574413	24.932592364194054	28.12784217690672	2.2988855864758862E-4
63.0	26.448784477029008	23.5594911305888	22.44839023627722	27.54096353933945	0.0023706167655189914
64.0	25.612867042293352	21.210532059409072	23.727477492011445	29.449051705384438	7.170090169619955E-5
65.0	24.395764392922416	25.90443557788351	23.77992141689339	25.915089407569642	0.004789204731046006
66.0	24.48396365011819	23.456092138215354	23.178914109080043	28.880313176330308	7.169262561049855E-4
67.0	26.8928627550839	24.563901305428523	21.31093997506369	27.23169377658946	6.021878344293153E-4
68.0	24.206513401721903	21.88538821623404	26.407076854699383	27.500763457278648	2.5807006602292525E-4
69.0	23.23990942188713	24.48373127919721	24.74348028979835	27.53004037879945	0.0028386303178620812
70.0	26.35225603792034	23.01519651690466	24.343121604065807	26.28896764459644	4.5819651275225327E-4
71.0	24.523186730770906	23.074440236903165	25.88011760286643	26.521483869612673	7.71559846825367E-4
72.0	28.04040404617638	25.589562597612776	21.869705051548692	24.498771071930435	0.001557232731717659
73.0	25.52647871300664	22.456058801396154	22.955574684681313	29.05791658679003	0.003971214125865775
74.0	24.9847528621056	25.088719060450654	23.76002561804827	26.165416948875595	0.0010855105198824108
75.0	26.06948568425232	24.95714630527027	21.578652704403055	27.392701518053396	0.002013788020960534
76.0	27.222174378933417	24.101278101326944	24.785422849697667	23.890139241108326	9.854289336502131E-4
77.0	24.728797911012386	24.590788775618766	23.705753784219347	26.97403117629796	6.283528515437845E-4
78.0	27.516509308673946	26.139486450685705	20.245416207083082	26.098059667134866	5.283664223995376E-4
79.0	27.06488720375465	20.62751671191673	22.870889742403794	29.43415027152179	0.0025560704030323277
80.0	24.4903979830681	23.06457472049569	27.760487052042006	24.68209847279324	0.002441771600968255
81.0	25.334917349619	25.124859084188227	21.772765533937953	27.767072499444907	3.855328099130481E-4
82.0	22.888902723166492	22.66642945322778	23.597544555337603	30.84578108950076	0.0013421787673601542
83.0	25.909506394622163	22.093007649788245	23.70673346417558	28.289981487335403	7.71004078611576E-4
84.0	23.52101266487842	25.679258827352296	24.68120792912648	26.1173641382406	0.0011564404022014055
85.0	25.721392495022542	26.562242579067576	21.20951469167736	26.506307731886203	5.425023463226479E-4
86.0	25.855636088922086	24.42299489333564	22.676733242312167	27.042794224210148	0.001841551219963443
87.0	22.675479755580675	22.15022315839721	25.290785398220617	29.88301206879668	4.996190048217516E-4
88.0	24.94652136961249	26.485846612468134	25.809873298540225	22.757116376294288	6.423430848626571E-4
89.0	26.452782611413866	25.68251568003633	23.126735059663428	24.737167320664646	7.993282217245136E-4
90.0	24.07660043601867	25.66578201178912	24.95855767284669	25.298974239957566	8.563938795242218E-5
91.0	26.68634374562903	25.173968023795183	23.61840358754635	24.520770831489795	5.138115396362786E-4
92.0	25.631762770268185	23.93508311421111	22.884281201082842	27.54887291443786	0.0
93.0	26.599177155827185	26.287385206273346	20.836213820745105	26.276952656489673	2.7116066469185586E-4
94.0	28.069621368660254	23.527067103800555	22.679062941200563	25.72026694413528	0.003981642203352315
95.0	24.469504717899966	25.961057792544263	23.466901920681398	26.100352181767406	0.002183387106970699
96.0	26.50633511088406	23.88899749849096	23.855748690382246	25.747962618636173	9.56081606559576E-4
97.0	25.617862380663333	25.267796728192494	23.367442367518564	25.746770101057148	1.2842256846849238E-4
98.0	28.596983721754498	22.727118366433746	23.635332142757264	25.040565769054496	0.0
99.0	22.63766409286515	21.887879915830826	26.400523767490718	29.073903689955667	2.853385763345606E-5
100.0	22.833993461160787	24.963360444630794	24.131803390854785	28.070842703353634	0.0
101.0	24.1682695249971	21.894291094860062	28.20296459008601	25.73428933733892	1.8545271790230722E-4
102.0	25.106084599472144	24.267137456309296	24.324958984235682	26.301733361866038	8.559811684142948E-5
103.0	25.824564817074748	25.137880974515326	25.080778572633953	23.956490337740092	2.852980358799369E-4
104.0	26.360302057624207	26.57859458016027	22.813743969959706	24.246931451611754	4.2794064406208104E-4
105.0	27.183271218602297	23.306404745350527	20.52336713101268	28.9837758015311	0.003181103503407775
106.0	26.025482851405574	23.445044943264058	24.84135091265217	25.688021439362718	9.985331547956052E-5
107.0	26.322228061196252	23.712848576764344	22.378053407783106	27.586242312096775	6.276421595226725E-4
108.0	24.323840155180836	24.767446255442206	24.103891287836916	26.804765249761985	5.705177805432042E-5
109.0	26.64722745165155	24.055065890809516	24.946089337669004	24.35110388499059	5.134348793428033E-4
110.0	25.128083502285854	23.802139013028263	22.72098076508393	28.34871114995339	8.556964855974872E-5
111.0	24.967112619170408	23.472105910486995	24.422716651682418	27.13736599747169	6.988211884866215E-4
112.0	26.24150847818752	23.67380804946496	23.79280415813248	26.291708178871804	1.7113534324187957E-4
113.0	28.495000724450016	21.3858072826051	22.551087987021507	27.567333921259703	7.700846636783579E-4
114.0	26.44327051329643	22.23995018929295	26.643252059604567	24.673013842978477	5.133948275756341E-4
115.0	27.415505322263	23.182310665219767	25.956116947881796	23.445382501686808	6.84562948629398E-4
116.0	27.482140998050447	24.119913803307817	24.277432411040138	24.120412956885968	9.983071562935422E-5
117.0	26.17668392407955	26.63603383179313	23.751737411981345	23.43481749366003	7.273384859322753E-4
118.0	27.328757443166108	24.499010192429544	24.464041412618908	23.70770606658415	4.848852012893953E-4
119.0	27.310970030394028	20.83197374065589	24.648469231752173	27.20821619919497	3.7079800293900205E-4
120.0	25.032390942886263	23.746664820305675	24.75853149269587	26.462355698973372	5.704513882005838E-5
121.0	28.083598867706193	23.28622478077103	23.849961515758572	24.7795160298239	6.988059403068556E-4
122.0	27.156409094292922	23.570577576191983	24.212951646316196	25.05932009290415	7.415902947507672E-4
123.0	24.5987090120157	28.18038634944639	22.952044739342334	24.268260925494232	5.989737013465784E-4
124.0	25.2904745952651	24.35935008533157	22.467452142088366	27.882637610436532	8.556687843042963E-5
125.0	26.945230346402006	23.708317307493477	24.036748979943706	25.30886196500256	8.414011582528689E-4
126.0	24.735293203260994	23.328966594591233	24.81809295876926	27.117575938043082	7.130533543598505E-5
127.0	25.864178824583036	22.661733384577097	27.906523383771365	23.566665977395225	8.984296732782059E-4
128.0	26.517858925469685	23.480800549900316	24.39241434190223	25.599827728324144	0.00909845440362341
129.0	24.615939031118902	26.487397095903688	21.96033702816207	26.93381694532968	0.002509899485655996
130.0	26.257982786658356	24.327795920177625	23.77461078455742	25.639610508606598	0.0
131.0	26.188224287869755	24.37051308745219	23.942165355116757	25.49854108493082	5.561846304794882E-4
132.0	26.3718348046737	25.08327406662239	22.458805773516502	26.080395180493337	0.005690174694067544
133.0	27.356898047403718	25.339186221175215	24.070032148480543	23.232329138377082	0.001554444563444227
134.0	27.339827679124422	22.833264714350847	20.150321919764703	29.676528642922833	5.7043837190613833E-5
135.0	26.447306254191854	23.240754962163333	25.85525932055003	24.456251631997375	4.2783109741671303E-4
136.0	27.89140520837775	25.90000440670052	24.55637432082976	21.64655438089494	0.005661683197022725
137.0	28.601387421760897	21.389706416101884	23.99484084353121	26.01386566084793	1.9965775808011382E-4
138.0	25.184690496888884	24.043305793043967	26.589770048851495	24.180850372033486	0.0013832891821652098
139.0	26.15165458006449	23.793654804816537	24.963891359196552	25.08987229634413	9.269595782875834E-4
140.0	27.23686576744665	21.396741650155867	25.317220561040614	26.04885827694134	3.137444155276675E-4
141.0	25.51179087802445	25.419976137865298	25.311974735686782	23.75600154365136	2.5670477211319083E-4
142.0	28.73117634886165	22.450486369017508	23.239863562534147	25.578202749999036	2.7096958765702154E-4
143.0	26.980818995177476	24.99387825099813	23.96859047174904	24.056612451573294	9.983050206898716E-5
144.0	28.13646718827859	25.06277227107125	22.768913899234068	24.031204871065484	6.417703506091257E-4
145.0	28.62785394314433	22.276152023948235	22.62817340507916	26.46663690726619	0.0011837205620818649
146.0	27.800269405119554	21.563191473734427	24.790947189323056	25.841299134523577	0.004292797299388383
147.0	26.493198514442202	24.281262795436877	25.97943431458245	23.24312367606671	0.0029806994717601542
148.0	25.104714218500128	24.35237202716658	23.90741593019556	26.634898825577753	5.989985599789381E-4
149.0	28.171938023037058	24.35921297546214	23.510886929366634	23.95616504313654	0.001797028997630061
150.0	25.77987301364537	24.08122585560615	25.185046998757176	24.953854131991303	0.0
151.0	27.031819255401814	23.857353046887393	25.272743402413685	23.837599367425856	4.8492787125792574E-4
152.0	27.642770517006266	23.656302446818113	22.899720435772757	25.801092498376544	1.1410202632362272E-4
153.0	25.471356207670436	23.209576670486744	24.51735472005169	26.800913680316008	7.987214751244615E-4
154.0	23.617829056669223	24.630113625990433	24.69252918811845	27.056917972030526	0.0026101571913681675
155.0	27.350592307238035	23.214369773287675	23.8708675219125	25.56397069375107	1.9970381071958703E-4
156.0	26.18453015141074	23.274641814743486	25.522729584271303	25.01778462424195	3.138253325229032E-4
157.0	25.83239256319422	22.515261303007296	26.062742164504538	25.58936146599804	2.4250329590508934E-4
158.0	25.599240750353886	20.84935134111898	25.97719654799896	27.574125769481345	8.559104683413697E-5
159.0	26.95173946982804	21.277720589242264	24.183418089025434	27.586665358050954	4.564938533102652E-4
160.0	26.931711465237747	20.77167315348283	25.94183420807751	26.354738376335384	4.279686652755783E-5
161.0	24.91972634773285	20.354014367371718	28.674456173467554	26.04806547202962	0.0037376393982571756
162.0	25.674504121543627	23.546660302090082	24.425665202633347	26.353070511129616	9.986260332391248E-5
163.0	25.5295053860023	23.561937528479344	27.255471386836028	23.65301436657229	7.133211003520098E-5
164.0	26.019661421347823	23.165036013981872	24.840837845275768	25.972495923665512	0.0019687957290257987
165.0	26.60145758128023	21.57317025497828	26.272872615294357	25.55191459844038	5.849500067483257E-4
166.0	25.09813886424578	23.045390847639574	25.795718785677618	26.06058029267168	1.712097653484561E-4
167.0	26.523042715365303	22.72809507408294	26.565318345626032	24.18304449028545	4.993746402719109E-4
168.0	26.086715821879224	23.84707930943756	24.18816279777209	25.877885119713813	1.5695119730934284E-4
169.0	27.204589469965363	22.18113972236994	25.39233327592596	25.22170923397396	2.2829776477939086E-4
170.0	31.102415515322253	22.866471253571248	22.583924635590915	23.446874686536916	3.139089786671739E-4
171.0	25.874657781689116	22.98541352413663	26.297975482986537	24.841168470428972	7.847407587501449E-4
172.0	27.423392860529923	24.745817049884792	23.875534674457718	23.955112801995785	1.4261313178865249E-4
173.0	28.925506938250535	20.275790378778645	22.874474096793996	27.922816909040222	0.0014116771366054297
174.0	24.756539999734777	25.389582343202065	23.60648336886042	26.24688095281892	5.133353838230054E-4
175.0	25.823492622282963	24.10335619889934	22.91221830022898	27.15960674610723	0.0013261324814904704
176.0	25.271579400093948	24.05460935603832	27.419801046645574	23.252398788562935	0.001611408659225286
177.0	23.25588227576159	25.499564170229178	24.03959148374937	27.180988580575455	0.023973489684411327
178.0	25.005711016572356	22.700028890186204	24.065197136306637	28.228706464015175	3.564929196228248E-4
179.0	27.97851079237852	23.86410989723731	23.145606765925876	25.010588872513967	0.0011836719443223535
180.0	27.101520875977457	22.040904348203867	25.141207048555103	25.716167651492018	2.000757715529124E-4
181.0	27.936210005161016	21.936309877344655	25.92265514635782	24.204066629340986	7.583417955215767E-4
182.0	26.495779940174387	22.588384443622473	24.982324899891182	25.933381935983295	1.2878032866170766E-4
183.0	24.363904032071922	23.658667431374155	25.87391513206444	26.103084115105073	4.292893844033156E-4
184.0	26.33342616144134	22.31372103426731	26.00485472878117	25.344348871880896	0.0036492036292832706
185.0	25.27449960982539	24.261061661326718	23.787457084728068	26.67639491538012	5.867287397052361E-4
186.0	27.506350099580786	22.70941303154355	25.181085891358197	24.603108042429024	4.293508844341985E-5
187.0	25.04670176618501	22.684317283776238	27.49623037482586	24.772090935619893	6.596395930023711E-4
188.0	27.966644945086085	27.39405853583545	21.955082792492746	22.68389822827622	3.1549830950269435E-4
189.0	25.783544163463496	23.021170116903264	24.982427436175485	26.211897367908893	9.609155488613366E-4
190.0	28.90538132389036	21.64606753821386	25.153202551530335	24.295147777853003	2.008085124449641E-4
191.0	27.091086029884405	23.40300136817573	24.34350188348601	25.16202288911313	3.8782934072603085E-4
192.0	27.219994017896315	22.753988715603263	24.389513676807223	25.636417392233778	8.619745941608116E-5
193.0	27.40616069898133	23.664011142597577	22.283370428869027	26.64617037145488	2.873580971836464E-4
194.0	28.18706956468386	22.720259954228673	24.185117666389484	24.907538445599815	1.4369098162350404E-5
195.0	26.83538195187448	21.340492228921214	24.385015640743045	27.438391625466036	7.185529952234908E-4
196.0	29.188825928817057	22.130232454997852	25.447033549601684	23.233807269029967	1.0079755344178286E-4
197.0	25.613005126060358	23.512620869559456	23.779228430919737	27.09435347018286	7.921032775937457E-4
198.0	27.594814223063878	22.953946614897756	23.74803565777011	25.703116953481548	8.655078670337575E-5
199.0	26.139602292033125	23.062268710604236	25.223762738974965	25.573831735736626	5.345226510474333E-4
200.0	27.80881449964242	23.54773136075012	23.488712788320534	25.15469800839407	4.334289284914506E-5
201.0	26.18451645790264	20.773330412775397	28.28325809428971	24.758548266939766	3.4676809248073846E-4
202.0	25.54436111389672	24.806365091067146	28.107702653768555	21.54154224161325	2.8899654331234543E-5
203.0	26.490715410131116	23.854713162825448	22.403937728183262	27.249809821685517	8.238771746563239E-4
204.0	25.481583677002444	23.430020372233802	24.364515104552073	26.72379411279594	8.673341573971533E-5
205.0	27.38652224163341	24.070490325686354	25.005706504258374	23.536312376717465	9.685517043980197E-4
206.0	25.96024284090081	21.214184263456236	25.556457386603498	27.269014306054018	1.0120298543023992E-4
207.0	26.542596494069297	23.193135628879755	26.383364831665872	23.880570469264907	3.325761201669821E-4
208.0	28.349691563977586	21.928995647157404	22.03367328255933	27.687610581841625	2.8924464051374475E-5
209.0	27.649467497833584	20.317038000906344	25.13648310629663	26.8961435268684	8.678680950425494E-4
210.0	25.243710910193556	24.01653403330417	24.327935988778247	26.41155866190761	2.6040581642431564E-4
211.0	25.47071151655245	25.167190045248216	25.461493725028213	23.89980882850263	7.958846684973943E-4
212.0	28.866714256119952	22.294824046175762	24.378718046676365	24.4594685953762	2.7505565172048033E-4
213.0	30.31222424430991	22.543351763880416	22.35600447060991	24.788071884348174	3.4763685159208983E-4
214.0	27.92024823822265	24.40492678714749	24.28844372335881	23.386323270651936	5.798061910835374E-5
215.0	26.32625121917985	24.75428278231876	22.57485263068286	26.344148503296033	4.6486452249842604E-4
216.0	26.42561780833744	24.449465072150804	25.280090535738303	23.844767855349545	5.8728423911160336E-5
217.0	29.385119529360537	23.33518803807144	24.43268812089717	22.846279586533957	7.247251368990993E-4
218.0	24.569621545094915	24.104655243624972	24.913306562320198	26.412177906274398	2.3874268552097236E-4
219.0	26.49621305317255	22.717016032469132	24.2223294655026	26.563779329444586	6.621194111290535E-4
220.0	27.59562659911459	21.505001746411395	24.79058170606869	26.10848780110489	3.0214730043472956E-4
221.0	26.089918401147877	22.435730753896024	24.213610108270313	27.260390996907386	3.49739778398794E-4
222.0	25.96125603918055	24.22003435104908	24.092122376072243	25.726326626845943	2.606068521819539E-4
223.0	31.223577728648994	22.08325455332938	23.72745324029318	22.964955712088393	7.587656400567556E-4
224.0	30.246273107941384	22.340073341963933	24.578327165628146	22.83512461413364	2.0177033290087227E-4
225.0	31.010678671753904	19.53143027425675	23.975096360795412	25.48173376883238	0.0010609243615536613
226.0	25.851277284154705	22.28942490352414	25.551385712672147	26.30777032184035	1.4177780865383388E-4
227.0	27.767582853797585	23.508809622030697	25.144750617045393	23.577347267361333	0.0015096397649919941
228.0	27.905743220641675	28.071206553899962	22.403364894789558	21.6196054969656	7.983370320288028E-5
229.0	27.97441293312965	25.46766098695682	21.500550009733477	25.057359995074584	1.6075105464748176E-5
230.0	26.429808432222266	22.384577376371958	26.850107326556234	24.335506864849542	0.0
231.0	25.171476047834425	24.612256873892942	24.60666107195873	25.60799782863193	0.0016081776819726892
232.0	25.703099249973548	24.83786947793584	23.92495741355666	25.533908810793065	1.650477408842895E-4
233.0	23.567248563531294	25.325738919236173	22.438983769000846	28.667561481828596	4.6726640309503915E-4
234.0	27.773006865378647	21.11809141256062	26.04448594893955	25.063502553969563	9.132191516261727E-4
235.0	25.719632336095145	21.679039532760456	28.132307029452097	24.468781737170918	2.393645213906395E-4
236.0	28.61893888208464	23.5257330471737	23.950604530136722	23.90449820896009	2.2533164484820795E-4
237.0	27.50434434086294	24.3894873686529	22.360588776494005	25.74547454652744	1.0496746271074622E-4
238.0	27.303480991883532	22.586253299875835	24.484826543184646	25.625368385495218	7.077956077389665E-5
239.0	28.35319522597756	22.907924447152432	23.78287516576467	24.95467904376187	0.0013261173434643918
240.0	25.090006906201857	22.275297321740332	26.09383456831823	26.540714028420293	1.4717531928765674E-4
241.0	29.452206325946218	21.721310946939308	22.995213310257995	25.829077321111633	0.0021920957448474236
242.0	26.911442108690693	24.104759675624667	20.818532336747253	28.16467519272983	5.906862075508894E-4
243.0	28.288801203807125	23.38952678922347	24.175176733303875	24.143867681879314	0.002627591786222093
244.0	26.792927092852757	23.0519753756949	25.59596787199217	24.558295502783302	8.34156676868094E-4
245.0	29.088036668611178	20.76861506451183	23.564329056332237	26.577439564121658	0.0015796464230950998
246.0	24.740528008677085	26.384125223475714	23.362672113302537	25.510515064166828	0.0021595903778333686
247.0	25.671019719919443	22.650485645381305	25.08428652657348	26.461945251804543	0.13226285632123275
248.0	26.27084454258944	22.361610633161103	24.365479766132076	26.992362313568023	0.009702744549357057
249.0	25.23089495349443	21.35813980725095	28.566953530466797	24.828245836495892	0.0157658722919299
250.0	27.553455926594467	22.322897864019254	23.95408393501805	26.168753760529484	8.085138387484959E-4
