# Position (bp)	A	C	G	T	N
0.0	24.994251359446015	23.512061121883303	24.850816439238027	26.642760846632	1.1023280065169632E-4
1.0	23.22382551729732	29.76637731737175	24.435628190002888	22.499012457868716	0.07515651745932722
2.0	23.985364400579993	26.14292160032241	23.342642117759407	26.528217663473207	8.542178649810102E-4
3.0	26.121171789329665	22.131247810286144	24.112948422213375	27.62730101860948	0.007330959561332886
4.0	25.805988914276966	23.026008811728563	24.927920934961573	26.23990641638151	1.7492265139008845E-4
5.0	28.85192947240131	23.5872981140827	22.394593708105923	25.165348876466204	8.298289438657843E-4
6.0	25.94707778560077	24.078820894231185	23.810289609780877	26.1580152873032	0.0057964230839716475
7.0	25.51541790055758	25.137753223557002	23.593603579093738	25.752616370674204	6.089261174718519E-4
8.0	27.59426608592186	24.741009818524486	23.841600840719302	23.82310154204248	2.171279187420477E-5
9.0	26.476648202784236	25.62110778092686	22.12835187090946	25.773697073840214	1.9507153923582245E-4
10.0	25.75313456460381	23.65217240673716	23.005522636747784	27.589148738757952	2.1653153294581406E-5
11.0	26.86535694274921	22.36918371444244	23.617074180820527	27.14823815616051	1.470058273109946E-4
12.0	28.37039808313549	24.807167579267038	19.859146152223275	26.96324677725808	4.1408116114982884E-5
13.0	25.773779079203663	22.518611120150688	24.710274803757653	26.99715079423069	1.842026573075343E-4
14.0	26.751067321556025	21.86215750049978	24.14722922899573	27.239525735482133	2.0213466332551545E-5
15.0	25.902825338028805	22.9156584336384	23.856314933861242	27.325181362352374	1.9932119174937834E-5
16.0	26.87534969737067	24.40040520722698	21.79325793285418	26.93090863401581	7.852853236062657E-5
17.0	28.942376351929383	25.704644311231807	19.395627707990172	25.956352405936613	9.992229120276462E-4
18.0	26.30500340032469	25.232336439039543	19.96877883692867	28.493728671644654	1.5265206244385266E-4
19.0	24.653780010726447	24.487136986748208	22.65205346231368	28.206365774894802	6.637653168588046E-4
20.0	22.59450957716373	25.060900755203246	24.414981943410766	27.92951361086234	9.411335991847524E-5
21.0	23.84634736441438	24.079459892693045	24.06395397229322	28.009920796357136	3.179742422159438E-4
22.0	23.20227381090426	26.45498372329867	26.189762590223904	24.15294282834128	3.70472318864043E-5
23.0	24.933779508598285	24.218367548407155	23.016093124786067	27.831390773324326	3.6904488416142394E-4
24.0	28.494277258896666	21.661770912328436	23.82628470826623	26.017594008627565	7.311188110107224E-5
25.0	25.149604252211955	24.735136159258722	19.897523731218	30.2174466010308	2.8925628052218713E-4
26.0	26.141601600421104	25.912587352243655	19.410157525272645	28.53556363500389	8.988705870847397E-5
27.0	25.73063195069623	24.510880668604937	20.020283149757194	29.738114545985155	8.968495647858117E-5
28.0	27.59215472126125	23.856595130280347	23.08770043659641	25.460922286619788	0.002627425242206888
29.0	27.909175433373413	23.240498056573713	22.36846066588649	26.48146090867173	4.049354946559959E-4
30.0	23.27662865956879	24.22582699269756	25.58228419546048	26.914962921311776	2.9723096139529307E-4
31.0	26.3255859105208	24.362037152695986	22.271262905654115	27.040731293434206	3.8273769489612325E-4
32.0	24.077897309847433	22.49179051508171	24.47689370710461	28.953039177436075	3.7929053016713096E-4
33.0	23.747106209028303	25.60309705484835	25.119635090544662	25.529990756616012	1.7088896267494544E-4
34.0	27.277671010205445	26.42776271052551	22.556244529892407	23.73818613563036	1.3561374628397145E-4
35.0	25.460982628901014	22.484347625958755	26.203224882225573	25.851243567781772	2.0129513288498198E-4
36.0	24.338166762785526	24.469129756437994	26.103602890169242	25.08889947006413	2.011205431059146E-4
37.0	25.544598083615227	25.642360849321356	20.981598484048835	27.83140907392608	3.35090885025291E-5
38.0	27.36930476161602	24.9843008093898	20.863633873937133	26.782609802626546	1.5075243050606082E-4
39.0	23.834142572182135	26.740033785226508	21.358931774575137	28.066623917374738	2.679506414822092E-4
40.0	26.53382348705728	25.961486295052715	22.60194400405626	24.902629000248496	1.172135852554687E-4
41.0	24.03378670023303	24.68959318868053	21.453020989357146	29.819061769272782	0.004537352456515923
42.0	24.97632387499274	26.155551429800227	20.10986525576995	28.75820921608547	5.022335161519136E-5
43.0	26.27658625319489	25.386629626151596	22.52243430238271	25.810868063419495	0.00348175485131484
44.0	29.056426423581623	24.91451530891481	22.437442612700035	23.591448283895872	1.6737090765577966E-4
45.0	26.242067016930616	24.339891466817857	22.042213075524074	27.37211338484431	0.003715055883142415
46.0	26.154654485063734	24.007479638065835	22.243322498734567	27.59454337813586	0.0
47.0	25.551702860141134	24.355571439279558	23.19107919196462	26.900157409489545	0.0014890991251458982
48.0	22.75004503447458	24.347351362399483	22.33114497287311	30.571458630252828	0.0
49.0	22.303206509486532	25.839943457432184	24.706299090916996	27.1491126255433	0.0014383166209861768
50.0	27.4708981471943	24.0268221352017	20.917195010843376	27.584950920516256	1.337862443659268E-4
51.0	25.18178434422362	27.010730652169624	21.614905129022322	26.190456284305597	0.0021235902788391083
52.0	23.08647547975624	25.926601694233376	21.373612413649887	29.613310412360498	0.0
53.0	23.451327212449797	24.489793538065186	23.942726311929125	28.11480330623018	0.001349631325709527
54.0	23.48461661116416	28.981222563581017	22.17651579992839	25.357595040580115	4.9984746321580865E-5
55.0	24.74009929596213	27.940387835255237	22.08795559634364	25.230293499601498	0.0012637728374976034
56.0	26.978660746217958	24.825282085072697	25.09403667093475	23.102003871037038	1.662673755642491E-5
57.0	23.425135388829535	27.401246039417458	23.148921228589412	26.019975733586836	0.004721609576754253
58.0	25.24261128168642	25.70657242265513	21.86605137650671	27.18451556705161	2.4935210012650463E-4
59.0	28.179390289370115	22.103377505602914	24.27989914341047	25.434939471252566	0.0023935903639371037
60.0	23.202148365827927	23.674033672077655	23.52193580075046	29.60184895220175	3.32091422111776E-5
61.0	25.309514673752513	24.227958738128844	23.171490397395143	27.285357860179243	0.0056783305442547
62.0	25.38519659657296	21.758766029416478	24.953965675851617	27.90180605964614	2.6563851280286317E-4
63.0	26.269699340189973	24.003162917826558	22.310706373913597	27.414206767037125	0.002224601032746127
64.0	25.00171994404007	21.776845591132748	23.994769380785332	29.226631928494097	3.315554776031788E-5
65.0	23.535976039733093	26.810504961829402	23.672947263343797	25.975747987535836	0.004823747557874196
66.0	24.292034840816825	24.250214323933136	22.90191290326217	28.555357236391508	4.806955963642174E-4
67.0	27.26425603708515	24.975622595512768	21.061033263824097	26.698590859223327	4.972443546605304E-4
68.0	23.601578250559044	21.79699200267307	26.802000690807816	27.79926331512173	1.6574083834367887E-4
69.0	23.308019336353645	24.69385874544401	25.19004556983508	26.80544120006311	0.002635148304157767
70.0	26.09869802451015	23.326980860817955	24.178788170696464	26.395235016655793	2.979273196372834E-4
71.0	24.482498046461696	23.007283635935067	26.058715421876787	26.45066106679863	8.418289278169659E-4
72.0	26.84004039603163	26.606272871925796	21.708526358509665	24.843460426132253	0.0016999474006566418
73.0	25.64787074022214	22.173444878365142	22.980212831089148	29.19460999532158	0.0038615550019926613
74.0	24.766458766458765	25.440335940335938	23.553938553938554	26.238326238326238	9.405009405009405E-4
75.0	25.924056656072143	24.917917726999146	21.635831230267257	27.520346504334604	0.0018478823268534257
76.0	26.740728507577906	23.985434665937223	25.431376181874306	23.841668727575755	7.919170348118479E-4
77.0	24.26879726537238	24.912975623276008	23.67096041916879	27.14652430413494	7.423880478823793E-4
78.0	27.761867589252308	26.38026567668635	20.290807818926513	25.566465032521673	5.938826131626823E-4
79.0	28.274075132274785	20.71487274336102	22.574456425451526	28.434236742251155	0.002358956661512154
80.0	23.923364157000286	23.933970634737484	28.144577343408884	23.995448616893857	0.002639247959490183
81.0	24.82917539861823	24.81850324247155	21.810357269808435	28.541485738980832	4.7835012094835387E-4
82.0	22.631982621690227	22.812627314757545	24.057083195194245	30.497036813448723	0.0012700549092570508
83.0	24.776899770244615	22.48206736962248	24.043909173226982	28.696266021438337	8.576654675843687E-4
84.0	23.090378537527943	26.136932820016266	24.65543154736135	26.11610260997749	0.0011544851169551147
85.0	25.94457632390431	26.871679581398432	21.162233504815113	26.020817934111285	6.92655770861555E-4
86.0	25.65925598553429	25.08290326756536	22.46002841361182	26.79611378307535	0.0016985502131845426
87.0	22.287626545327605	22.46420007885456	26.017882604984	29.229515746919404	7.750239144347215E-4
88.0	25.52524531344553	26.350134961556154	25.03545935571315	23.08850081372667	6.595555584869137E-4
89.0	26.035142170670756	27.054455723067772	22.570439000132563	24.339023281918905	9.398242100035549E-4
90.0	23.811032813535622	25.904936044767013	24.884817927909804	25.39909780088967	1.1541289788596546E-4
91.0	27.144647352391736	24.95613327176137	23.760739166941853	24.13780425819273	6.759507123119146E-4
92.0	25.395316571429326	24.016196777459825	23.045408940275617	27.543061225229966	1.648560526405159E-5
93.0	25.876600463590233	26.266667743684486	21.42691233443118	26.429539213861613	2.80244432491012E-4
94.0	28.132940850467094	23.51776698195303	22.4641163192879	25.880955838754094	0.004220009537880932
95.0	23.445264026666486	26.65290397107724	23.738259771758376	26.16134694635796	0.0022252841399383943
96.0	25.956904281551225	24.435763545498897	23.788701425425586	25.817592336194732	0.0010384113295620872
97.0	25.343854849749796	25.243052402274284	23.393386825436565	26.019508141412846	1.977811265052586E-4
98.0	28.21665603641644	23.262844061645563	24.172332013204585	24.348151407725307	1.6481008110304092E-5
99.0	22.3650365271176	22.090246878955785	26.688755078978133	28.855928558646234	3.2956302250157446E-5
100.0	22.107992109455274	25.07353721414735	24.661214729983477	28.157255946413894	0.0
101.0	23.46102852872273	22.119468608815957	28.389500359753896	26.02987069454827	1.3180815915571603E-4
102.0	25.099549141173423	24.169638393491237	24.903186132754378	25.827626332580966	0.0
103.0	25.826422112304638	25.521673758295034	25.226151715484285	23.42550528058036	2.47133335683846E-4
104.0	26.25810042133559	26.583385861615955	22.91713689501999	24.241014368640794	3.6245338767058785E-4
105.0	26.984578372089917	23.56276000034929	20.194290664594217	29.25507577853263	0.0032951844339441563
106.0	26.584993826593	23.537321021447603	24.100901841345912	25.77668445701862	9.885359486040389E-5
107.0	25.88409622725969	24.375299954379752	22.061155518592187	27.678855187091628	5.931126767455183E-4
108.0	23.252275554385555	25.486126749693057	24.651980576181096	26.609452382666433	1.6473707386431495E-4
109.0	26.52779010909745	24.804445402764145	25.03988346861729	23.627238601234662	6.424182864529962E-4
110.0	24.47639803023043	23.862595115568393	22.993075301667705	28.667865667342046	6.588519143024726E-5
111.0	24.61260100868683	23.686730596284793	24.610426830674356	27.089582722532064	6.588418219611744E-4
112.0	25.695902980728434	23.730271878483467	23.466878891931138	27.106880367669728	6.588118723169887E-5
113.0	28.29508880353139	22.046066698091053	22.770458048282215	26.88769471836472	6.917317306238531E-4
114.0	26.71240051479814	22.302407343416938	26.78253138512916	24.202298408335594	3.623483201696581E-4
115.0	27.175873682469753	23.20470727525579	26.318123217274987	23.300702853002406	5.929719970621532E-4
116.0	27.23379513339274	24.602852497953442	24.62442988748462	23.53882365343089	9.882773831073747E-5
117.0	26.418755942023637	26.381431962635173	24.09725713224021	23.10186316824912	6.917948518603682E-4
118.0	27.406469146986762	23.740805863822604	25.050118388272352	23.80224422985855	3.6237105972945706E-4
119.0	27.352564601997603	21.324560231698964	24.717998623286746	26.60441533254675	4.612104699388781E-4
120.0	25.494728061812427	24.07316934968997	24.7549996606826	25.677053512659832	4.941515516688157E-5
121.0	27.64819102070264	23.61092511651772	23.45279539578963	25.287330762078184	7.577049118220909E-4
122.0	27.306051330909337	23.35382761414089	24.65073904267561	24.688953744068897	4.282682052696097E-4
123.0	24.85344303047693	27.870712951271102	22.68576703281064	24.589401645654814	6.753397865069746E-4
124.0	25.01145603107739	25.289645691560487	22.216135033251316	27.48261499928019	1.4824483062039802E-4
125.0	26.901128737924175	23.93813197801986	24.095911839616992	25.063970929896428	8.565145425462893E-4
126.0	24.045197926232177	23.673072725999926	25.651124389008533	26.630456714832217	1.482439271463456E-4
127.0	26.12413489124559	22.553556939795445	27.5800245157384	23.741394208263866	8.894449566988547E-4
128.0	26.59626598917915	22.960425849921734	24.58203749955321	25.852491303411814	0.008779357934093542
129.0	24.417453363572978	26.99585031211194	22.132497806395886	26.451217159971595	0.0029813579476002457
130.0	27.321159255284034	24.165581166120788	22.89770335098466	25.615506811804185	4.941580633747833E-5
131.0	26.209806539010437	24.331448710633435	24.162643092740304	25.295558079806447	5.435778093748395E-4
132.0	26.111880811219805	25.809026558963925	21.82701859870362	26.246358245975436	0.00571578513721261
133.0	26.9584048422291	25.748572334058593	24.229412891581724	23.061830960465155	0.001778971665428799
134.0	26.88610902650716	22.75241625547442	20.93402299865392	29.427385831970014	6.588739448957364E-5
135.0	26.25095577366357	23.432242936004922	26.032985021573058	24.28340447484911	4.1179390933747634E-4
136.0	28.23826199826055	26.23616345570988	24.11115027804865	21.40841196004533	0.006012307935587592
137.0	29.013576610449682	20.831651809407596	24.441934466853414	25.712639448435993	1.9766485331126516E-4
138.0	25.161781060909533	24.11801155889608	27.029823585840486	23.68909903333263	0.0012847610212730072
139.0	26.61267780671437	24.34710249115115	24.27210820260943	24.766942030057344	0.0011694694677052654
140.0	27.107490289998783	21.34187440084598	25.195550694606872	26.354821069137845	2.6354541052139163E-4
141.0	25.61476996262541	25.17467554608242	25.134813711812114	24.075279568174444	4.61211305606847E-4
142.0	28.50974558480015	23.04947056475783	23.56611528795634	24.874372066231334	2.964962543463468E-4
143.0	26.484166062141856	25.507553759880768	24.157256175542145	23.85089222590977	1.3177652546153082E-4
144.0	28.345704025828557	24.621005468801478	23.27233643012453	23.760328128088556	6.259471568821242E-4
145.0	28.173402509229568	22.289278285168717	22.844715970526007	26.691614882481584	9.883525941290537E-4
146.0	27.539936323275345	21.60284278622569	24.748528332320813	26.104277884593845	0.004414673584306429
147.0	26.700271764107832	24.287850539953673	26.328848736868498	22.679602668948224	0.0034262901217749627
148.0	25.250383777104695	24.39389244620902	23.174849326613053	27.180264953222768	6.094968504662074E-4
149.0	28.091512010621926	25.118607156624044	23.17819407425467	23.609561713609843	0.002125044889514139
150.0	25.842616482365504	24.619748092274573	24.38938124823115	25.148254177128777	0.0
151.0	26.96494957046511	24.111515317656153	24.890091587323607	24.032932820696487	5.107038586477155E-4
152.0	27.5647911158675	23.865002253718636	23.184537381416177	25.38547155438052	1.9769461717096366E-4
153.0	25.58412517922486	23.441779577847306	24.531288792925206	26.442015661241914	7.907887607170412E-4
154.0	23.606653688702846	24.47943713244113	24.738837149838808	27.172551342916112	0.002520686101101589
155.0	27.716447987398276	23.409732394575062	24.01465807438116	24.858914386366145	2.471572793585774E-4
156.0	26.018142604968038	23.603593984365258	26.134143494088484	24.243839800794838	2.801157833874533E-4
157.0	25.493950722578212	23.136920760925015	25.901294880194254	25.467504083163394	3.2955313912547146E-4
158.0	25.699781731704995	21.265010270770667	25.743596875629255	27.29147929746808	1.3182442700041097E-4
159.0	27.050690279824558	21.462010015356398	24.065379787792036	27.421442037966337	4.778790606743269E-4
160.0	26.702723332351745	20.8881039863648	25.77452318242782	26.634600062520487	4.943633514605388E-5
161.0	24.758696993426828	20.949049355470656	28.092181934194464	26.196034345016333	0.004037371891718016
162.0	26.064577581014486	23.46252310197167	24.491212805104638	25.98165355323362	3.295867558858015E-5
163.0	24.969924291614067	23.944219036852218	27.529638992620324	23.55616823939275	4.9439520634407926E-5
164.0	25.485788135413056	23.81516706787479	24.867965529555995	25.829299415961604	0.0017798511945520733
165.0	26.68112247714821	21.53787761300146	26.778985138818136	25.00138850273589	6.26268296304671E-4
166.0	25.535937017923683	23.16525872912486	25.41859057694894	25.880114788552262	9.888745025961253E-5
167.0	26.780912184100824	23.220472290402096	26.246587435168685	23.75161604434538	4.1204598301315714E-4
168.0	26.391007570554365	24.1018918721575	24.074003565813353	25.432965131870315	1.3185960446404098E-4
169.0	26.920467525874304	22.220467690705032	24.9487953346311	25.909956270408102	3.1317838146115845E-4
170.0	31.17685406871088	23.19747474955598	22.314279945110417	23.311275853116797	1.1538350592782763E-4
171.0	25.583693104541318	23.961215754426664	26.526117568247187	23.92819883733638	7.747354484490209E-4
172.0	28.131154435775336	24.47609322555967	23.950365356148495	23.442222177541762	1.6480497473704542E-4
173.0	28.279132413989245	20.02602843717163	23.509366925330717	28.184121038494435	0.0013511850139740543
174.0	24.4324825625159	25.53886143214772	23.622254197717538	26.406039281961906	3.6252565692944724E-4
175.0	25.008906998412396	24.691649767264497	23.51760685349446	26.78020494171148	0.001631439117164025
176.0	24.74501436779005	24.565402572507615	27.745894216744095	22.942238633032126	0.001450209926126636
177.0	22.49357849725711	26.15134227330674	24.11763978768868	27.212552770867106	0.024886670880370106
178.0	25.186498540575176	22.801518882874237	24.18985113075761	27.821834814730828	2.966310621501401E-4
179.0	28.142072089829806	24.06514084855229	23.1116418673978	24.67984320788338	0.0013019863367246508
180.0	26.448971404012	21.913935258525864	26.056063054370824	25.58084851877782	1.8176431348527618E-4
181.0	27.42022928831943	22.563929484618292	26.25163478981628	23.76352811838484	6.783188611522652E-4
182.0	26.626293477626305	22.49050580104115	25.184620679401455	25.69844773588803	1.323060430619786E-4
183.0	24.09433741965423	23.489575598369882	26.54546843738	25.870056252375274	5.622922206209757E-4
184.0	26.348579250815305	21.817473368446798	26.444436469206202	25.38545897597169	0.004051935560001475
185.0	25.003001266981133	24.852458376643625	23.713845481216367	26.430132654346977	5.622208118931529E-4
186.0	26.91084982884358	23.221444990160574	25.3043111574143	24.56339402358155	0.0
187.0	24.48229690045482	22.24549362249925	27.712478758499497	25.559084904070055	6.458144763785903E-4
188.0	28.2443145019798	27.6618089764075	22.200703755965026	21.89262629412323	5.464715244452445E-4
189.0	25.363190402072522	23.395064151065878	24.872351161363067	26.36843380385342	9.604816451129618E-4
190.0	29.455079733200318	21.116579457961297	25.00332870295847	24.424780255922606	2.3184995730648645E-4
191.0	26.22540328736957	24.32075931795196	24.215543466314433	25.237995537733898	2.9839063013635954E-4
192.0	26.999190986797174	23.150725127817452	24.019270429241185	25.830763721725987	4.973441820677581E-5
193.0	27.35474299436923	24.05609909726334	22.210883276599	26.37800935018115	2.6528158728584937E-4
194.0	27.273600022284505	23.27414453359721	24.48913099708577	24.963124447032513	0.0
195.0	26.428757869921554	21.71191253147886	24.542945071156396	27.315671454426838	7.130730163552416E-4
196.0	28.99275012179503	22.46327373075622	25.605735033833433	22.938174649752057	6.646386326522337E-5
197.0	25.49279053087033	24.35847324509536	23.433849107349996	26.71417251806605	7.145986182654066E-4
198.0	27.412026178743567	23.440677681087706	24.033327300725393	25.113885592783646	8.324665968615676E-5
199.0	25.8727137374868	23.182179909906967	25.404871667788438	25.539817772728878	4.169120889163421E-4
200.0	27.292954623234557	22.956914788226417	24.115550343132643	25.63454688945772	3.335594866652924E-5
201.0	25.86295411922237	20.909916383285196	28.829285932069844	24.397526658540507	3.169068820832858E-4
202.0	25.804404721990082	24.410660341321748	28.343183323241472	21.441718251922875	3.3361523820962044E-5
203.0	25.53093537568491	24.012937844915058	22.910427750155556	27.544948148336022	7.508809084524328E-4
204.0	25.533896525955292	22.843712211707555	24.390088824494775	27.232235685131467	6.675271091103099E-5
205.0	27.35589723459611	23.65783273526428	25.565411831503244	23.420057101533885	8.010971024818489E-4
206.0	25.498936061538174	21.05897096753302	26.014864425463212	27.42716177806918	6.676739641205365E-5
207.0	26.192569402869708	23.38181286375925	27.021266863020006	23.40410044805557	2.5042229546425125E-4
208.0	28.434429623890406	22.536769371547653	21.349830012623816	27.67895429376758	1.6698170548434714E-5
209.0	27.630478223219825	20.414484061870322	24.860810146158325	27.09349272715582	7.34841595708525E-4
210.0	24.27565136922003	24.651472784309007	25.143035636135245	25.929539539840512	3.0067049520430563E-4
211.0	25.35909974724711	25.762164327974236	24.902934837475062	23.975082612115127	7.1847518846189E-4
212.0	28.496066606422943	21.880757546428956	24.874188573551002	24.748703105092535	2.841685045682594E-4
213.0	29.846938946174074	22.57675631521519	22.976769561462252	24.599250851138272	2.8432601021031426E-4
214.0	28.418106451495746	24.281440939100495	24.13517929729139	23.165239838799216	3.347331315004128E-5
215.0	25.569111713114047	24.572110300642247	23.127677954417376	26.730747710794095	3.5232103224022655E-4
216.0	25.908061785399056	24.374667484540254	26.13809720963368	23.579139611903383	3.390852361949076E-5
217.0	29.434927022021107	23.099855169947652	24.98614828772676	22.47838611791049	6.834023939927562E-4
218.0	24.503246094157927	24.774572486452637	25.535096314407063	25.186774919205224	3.101857771549554E-4
219.0	26.976092434819876	22.449588791269736	23.784980558750128	26.788660183642225	6.780315180343345E-4
220.0	27.70265210265287	21.916684312205412	24.960491740578636	25.419805259586674	3.665849764050198E-4
221.0	25.445766556346417	22.740438037222138	23.72058900850165	28.092977797441325	2.2860048846648989E-4
222.0	25.581395761246288	24.48978687061714	24.418621972344113	25.510035793478863	1.5960231359513788E-4
223.0	30.133315753050287	22.88492444747959	23.92248958305528	23.058607372862575	6.628435522610042E-4
224.0	30.102942573084988	22.243089243047773	24.87710928508222	22.77676913528849	8.976349652516528E-5
225.0	30.403937137372132	19.70431753162385	24.59470618150137	25.296154553691625	8.845958110236164E-4
226.0	25.502973875888806	22.079570512869733	25.90758333781234	26.50974430188414	1.2797154497852455E-4
227.0	27.095928231457613	24.009888290735677	25.45061114361275	23.442428112421634	0.0011442217723257046
228.0	27.43069127739558	28.367911010830625	22.889768258298115	21.311536784225023	9.266925065605196E-5
229.0	28.264808646093325	24.910334956181604	21.284923796852368	25.53991392454615	1.8676326560799285E-5
230.0	25.872272081502313	22.556408507322708	27.718649008634728	23.852632798122187	3.7604418067869956E-5
231.0	25.21862481244195	24.964088884654775	24.237521137494937	25.578526686831637	0.0012384785767023125
232.0	25.421950657799485	25.109671599787305	24.244015258624014	25.224189900950872	1.725828383242053E-4
233.0	23.52644594972736	24.851511625133487	22.357484805017684	29.26418917464529	3.684454761779638E-4
234.0	26.7613353381373	21.328722441826013	26.49552544146666	25.41315589557367	0.0012608829963623525
235.0	26.379867639799535	21.63464967097203	27.810980932433825	24.174222868888023	2.7888790658370683E-4
236.0	28.44137209053227	23.476931409620317	24.256548512854508	23.824905468192647	2.4251880025949512E-4
237.0	27.495256593284275	24.298925508601446	22.529211011647643	25.676423073073995	1.8381339264378804E-4
238.0	27.04227791630565	22.427005549198707	24.717166138643982	25.81355039585166	0.0
239.0	27.928453184044137	23.89801384821702	24.205416686139564	23.9670684126399	0.0010478689593760066
240.0	25.351556444010292	21.71991133302327	26.328460795351244	26.600006650455104	6.4777160091569E-5
241.0	28.838901750364276	21.762783942565097	23.494683046615048	25.901598794185333	0.002032466270249256
242.0	26.545558068299947	24.30133404628062	21.292504390562232	27.859628536552922	9.749583042831868E-4
243.0	27.271105148852065	23.054232317542393	25.240825700520215	24.43147074242064	0.002366090664686965
244.0	26.56441357467441	22.81499818363356	25.472722961699684	25.14671237674268	0.0011529032496644617
245.0	28.91584191681146	20.992090953597295	23.028105345740432	27.062281885988604	0.0016798978622099775
246.0	24.937431084582506	26.656576374947953	23.3665365856857	25.037182907118684	0.0022730476651538515
247.0	26.023811214155433	22.656567037678812	24.469600756573787	26.712326665983017	0.13769432560895337
248.0	26.279484244283264	22.204001419833176	23.812370537847375	27.69385483390453	0.010288964131661886
249.0	25.137875685633304	21.83987430478358	28.999914963626022	24.00607679621716	0.016258249739934092
250.0	27.51372618992149	22.641130274422217	22.994214054585	26.849803252239706	0.0011262288315905863
