# Position (bp)	A	C	G	T	N
0.0	23.419809560368083	24.37168783254961	25.393941332650904	26.814561274431398	0.0
1.0	22.771524064811175	30.200158415967987	23.79899364899852	23.155116255935944	0.07420761428637543
2.0	24.332471070342944	27.27160859872628	22.88133390687878	25.51400297769803	5.834463539641732E-4
3.0	25.79612771112687	21.883297137278966	25.03876634519483	27.274230423128166	0.007578383271169393
4.0	25.522364508230748	23.711430277973108	24.413617378190843	26.35237603043217	2.1180517312954853E-4
5.0	28.222092687431967	24.358353177898636	22.67046314094596	24.748456249742134	6.347439813046739E-4
6.0	25.204709709617195	23.7838751330184	24.350909806261832	26.654907355818615	0.005597995283953029
7.0	25.39237812894716	25.781950263552687	23.590903414249603	25.23408316176808	6.850314824660923E-4
8.0	27.146271497947815	24.404472992977098	23.671051489902112	24.77809884651892	1.0517265405821833E-4
9.0	25.562581296737424	25.82913486098586	22.43758457747743	26.170384313758426	3.149510408606982E-4
10.0	24.355122178405487	24.909122091343118	23.571980391035932	27.163775339215462	0.0
11.0	26.76552139598753	22.63971741110275	23.29761081350796	27.29704896219775	1.0141720400881925E-4
12.0	27.71179869169173	24.756396115519795	20.458831630082603	27.072973562705876	0.0
13.0	25.02201548430614	22.991758862156935	25.342608270327467	26.64351876961794	9.861359151686439E-5
14.0	26.021215404160465	22.197405750450105	23.830454081354294	27.950876051222494	4.8712812638831515E-5
15.0	24.827873691984298	23.698619335457828	24.493669790582864	26.979789102000705	4.807997430606173E-5
16.0	26.318346187229352	24.640410189461935	21.743021410546582	27.298080311426133	1.4190133600107844E-4
17.0	28.098960132300437	26.902154889241963	19.70449379181041	25.29346393380527	9.272528419140538E-4
18.0	25.52040897027259	25.86880433763038	20.243301999054637	28.367438712394726	4.598064766501075E-5
19.0	24.649132882640675	24.89057210937618	22.029956585785744	28.430155375020195	1.830471772065994E-4
20.0	21.892049542546264	25.85359210696542	24.436631706049376	27.817681250865316	4.539357363178095E-5
21.0	23.475654559535368	25.09351494481063	23.810045429916308	27.62064983082112	1.3523491657357997E-4
22.0	21.988157117595524	26.775763220864313	26.15105429668053	25.08498075553914	4.460932049298652E-5
23.0	25.030621885740928	24.53663901981604	23.37376072209154	27.058801111073688	1.7726127780564718E-4
24.0	27.463069155356802	21.631271179264054	25.011792157896885	25.89386750748226	0.0
25.0	24.689186772664062	25.624751514351836	20.15073204523003	29.535156053327405	1.736144266643981E-4
26.0	25.532450741810713	25.598302264093498	20.26225897027539	28.606988023820396	0.0
27.0	25.42722044794361	25.30813910248777	20.530913646249303	28.733640824008518	8.597931079844258E-5
28.0	27.707881890422986	23.945318160743494	22.481166357783742	25.86265879564133	0.0029747954084457843
29.0	26.88465779261731	23.93998889834088	22.80500800713462	26.370093373182858	2.5192872432531387E-4
30.0	23.166720033621182	25.207589114475454	25.41167602256088	26.21380636467641	2.084646660729593E-4
31.0	25.421809966301616	25.059465301271523	22.7785669649739	26.739867692812613	2.9007464034888517E-4
32.0	23.753407827885944	23.12610041767078	25.09763799263272	28.02264831627108	2.0544553946916984E-4
33.0	23.180981684934004	25.315135963656243	25.529267332274607	25.974533662232176	8.135690297050324E-5
34.0	25.881883141634955	26.938170465340004	22.74968688928284	24.43021916741793	4.0336324271778084E-5
35.0	24.69234190674153	22.71762852326511	26.185854155969533	26.403975778637896	1.9963538593113537E-4
36.0	23.229322987347548	24.82637683865033	26.665525799943033	25.278614812279553	1.5956177952870237E-4
37.0	24.86551475250328	25.65607665958185	21.656092610389557	27.822276100506038	3.9877019272563415E-5
38.0	26.5800494746557	25.399156020579223	21.67029786453672	26.350377039932543	1.196002958113983E-4
39.0	22.91080336163929	27.60593807233862	22.178449078179835	27.30465005510394	1.5943273831706787E-4
40.0	25.93827588543099	26.07951443271442	23.35676681691196	24.625323306352946	1.1955858968687605E-4
41.0	23.779245489774166	24.622216909237622	22.11756970801829	29.476186206827848	0.00478168614207585
42.0	24.010512144307707	26.451446077249756	20.875953589424746	28.661968660390887	1.1952862690692984E-4
43.0	25.734792041641867	25.97573228224747	22.925455926022423	25.360474167843876	0.0035455822443615287
44.0	28.669292182286256	25.199891176666238	22.982834831911365	23.14770297921801	2.7882991813155274E-4
45.0	25.782908440635165	24.132657328453142	22.181111425305577	27.899698506071697	0.0036242995344169062
46.0	24.778391724659755	24.410063419053593	22.72907021893014	28.08247463735651	0.0
47.0	25.140225842649205	24.88517926529065	23.325632161114576	26.64740975412793	0.0015529768176399054
48.0	22.20115559076244	24.46425052793739	23.327368951111303	30.007224930188865	0.0
49.0	22.208773126717016	25.953269324307005	24.682946750338527	27.15353807624244	0.0014727223950128047
50.0	27.065487945731714	25.094425831245815	20.486325866031137	27.353680756712095	7.960027923777957E-5
51.0	24.12006230098187	27.89636293744195	21.467137187112257	26.51404995379954	0.002387620664379326
52.0	22.818074741696933	26.167853906374717	21.347838069452134	29.666233282476217	0.0
53.0	22.130171789582544	25.39350766871044	24.56029528044584	27.9148356376343	0.0011896236268769287
54.0	22.514276922735302	28.795766052764936	22.671896053058365	26.01802131882999	3.96526114020291E-5
55.0	23.81100625435374	28.38395110124648	22.81290459371226	24.990832670424314	0.001305380263204218
56.0	26.017028056028206	25.70171712353528	25.428450285528054	22.852804534908465	0.0
57.0	22.468475202338084	27.706307727901002	23.422494576963615	26.397937169896757	0.0047853229005384475
58.0	24.983559701318427	25.98808864276882	21.994885416160013	27.033347608613727	1.1863113901315501E-4
59.0	27.137183698710516	23.04818044218521	24.62931125834099	25.182596331624673	0.0027282691386103066
60.0	24.062966414780483	23.223424744215716	24.188929244890137	28.52464012170749	3.947440617663928E-5
61.0	25.07640986714571	24.112479113846856	22.958446374148025	27.847059478316886	0.00560516654252407
62.0	25.050622029286174	22.570596514993987	25.106276657975073	27.272346912273303	1.5788547145785919E-4
63.0	25.794498612437188	24.073060283496194	23.328698256498022	26.801295716454867	0.0024471311137327866
64.0	24.793240649057758	22.170809730982434	24.021147391314965	29.014723455675632	7.877296921316044E-5
65.0	23.812588142953743	26.763873174178155	23.68451625886746	25.73457220170613	0.004450222294510986
66.0	24.175874376345615	24.483916027735564	23.49764715565555	27.84208986294076	4.7257732251078757E-4
67.0	26.4730587191506	25.710750561256173	21.171358667209052	26.644398877999585	4.3317438458718283E-4
68.0	22.94951631715859	22.920573315576377	27.065683680951253	27.06383290397933	3.937823344519377E-4
69.0	22.44614531668617	25.330326049806036	25.050283271617868	27.170528411426627	0.002716950463299118
70.0	24.96878871919127	23.250212040103005	25.198543067242174	26.582023639178328	4.3253428522333116E-4
71.0	24.526201368241825	23.11851063512741	26.435826509508914	25.918638000983478	8.234861383754736E-4
72.0	26.77083880620657	25.93220511766906	22.388723907627572	24.906389362224353	0.0018428062724420477
73.0	25.17932897619885	22.88428659861633	23.482971147019377	28.449296856347463	0.0041164218179765314
74.0	24.691584022578496	25.877151032887774	23.82964211516601	25.60068205871977	9.407706479557838E-4
75.0	24.776215347529128	25.036521670961985	22.39931797469843	27.785710785994965	0.0022342208154905977
76.0	26.220572372835647	24.52452511303846	25.76669394640629	23.486993521845744	0.0012150458738609926
77.0	23.958424374729326	25.327229722182487	24.324837007323158	26.388881812427616	6.270833374159071E-4
78.0	26.67000311959655	26.83864161165569	20.607208305965013	25.883755053668033	3.9190911470866256E-4
79.0	27.000951130991545	21.224015841993904	23.24455196322137	28.527776983100278	0.0027040806929030424
80.0	23.722217976827984	23.349145794022615	28.690975140930757	24.234996286912885	0.00266480130575264
81.0	25.33639518229039	25.091512578203528	22.031714432947272	27.53998593169229	3.918748665176236E-4
82.0	22.572416063199473	22.563324869118155	24.46056302705414	30.402598827549454	0.0010972130787798991
83.0	25.232874715519028	22.51725694509752	24.6824471319929	27.566676697951735	7.445094388122958E-4
84.0	23.415690732079263	26.009523663989338	25.146414677084472	25.42711709138384	0.0012538354630904146
85.0	25.050552858837143	27.223003441238202	21.769446051940246	25.956566660619785	4.3098736462588924E-4
86.0	25.062912141622157	25.388570383044147	23.341530946348275	26.204988385300087	0.001998143685337034
87.0	21.588275301156674	22.626985706517395	26.442355157234577	29.34167864189192	7.051931994302039E-4
88.0	24.74903049869525	27.09749780713868	26.01918592055711	22.133619786249398	6.659873595599155E-4
89.0	26.44576784038184	26.206765250175106	23.395967864513228	23.95059803532898	9.010096008449119E-4
90.0	23.24435448583681	26.207125646207523	24.94904572624579	25.599278276732925	1.9586497695256815E-4
91.0	26.228365163334814	25.470673375416442	24.530638865440473	23.769852539381915	4.7005642635684723E-4
92.0	25.037867259538494	24.822434182257165	22.591879269736705	27.547819288467636	0.0
93.0	25.95562289053231	26.58079107021225	21.450111297248455	26.01327889958493	1.9584242205373682E-4
94.0	27.589879210581874	23.76930039743514	23.28087857958945	25.355555024614972	0.00438678777856592
95.0	23.581769794006426	27.080116009689668	24.291653529737765	25.044267370610225	0.002193295955914751
96.0	25.941620544505213	24.709833772231455	24.03539017547048	25.312215571301234	9.399364916243826E-4
97.0	24.92145030368372	25.42633011667611	23.403286261606222	26.248776669007263	1.5664902668085384E-4
98.0	27.878805679074713	23.073796251152793	24.714705012756575	24.33269305701592	0.0
99.0	21.7225594535873	22.413954448119338	27.04353658445861	28.819910359061023	3.915477373043583E-5
100.0	22.416240188656566	25.033368453900245	24.772058907018202	27.77833245042499	0.0
101.0	22.970199577792116	22.74637145523907	28.674273508021326	25.609038004973783	1.1745397370283832E-4
102.0	24.71295894949808	24.43213387509236	25.131142412221607	25.723725607433018	3.915575493665969E-5
103.0	25.47063581741969	25.59549398652675	25.327884834489517	23.605907056033086	7.830553095456791E-5
104.0	25.38919136054299	27.24703638247208	23.54313111800362	23.82036707434434	2.7406463697006667E-4
105.0	27.092782681693738	23.69140881953102	21.730969221227518	27.48209844445976	0.002740833087963514
106.0	25.419924260933303	23.806788638513535	25.04639722603319	25.72681156696549	7.830755448639642E-5
107.0	25.371623711562208	24.66568939986578	22.99713162797144	26.96488965420573	6.65606394833015E-4
108.0	23.719035896279454	24.680806249040813	24.78471158634557	26.815407117867963	3.915046620375156E-5
109.0	25.447369183417646	24.77898729162246	25.690285462840663	24.082770835013456	5.87227105776827E-4
110.0	24.38498390674288	24.682069112925262	23.238765058802436	27.694103627892265	7.829363715440209E-5
111.0	24.305044456484634	24.405694000331977	24.890698745071266	26.397975577902983	5.872202091443497E-4
112.0	24.98767850508851	24.37612522944992	23.894344013006176	26.74173481167784	1.1744077755190002E-4
113.0	27.92973069670782	22.145642283086897	23.682812651073796	26.241266344349807	5.480247816806276E-4
114.0	26.09956485588885	22.490914272382362	27.380805118384565	24.028402587377222	3.131659670017021E-4
115.0	26.630228607647766	24.02977893261099	26.1938253658846	23.145579846289905	5.872475667397072E-4
116.0	26.752430709843615	24.71887546270106	25.134371715091643	23.394243812872045	7.829949164055053E-5
117.0	25.72187859324356	26.95310955406881	23.814525698701743	23.510016352989677	4.6980099621301245E-4
118.0	25.956604838753876	24.847335506406075	25.33850840976019	23.857238046990677	3.131980891784579E-4
119.0	26.539156607638386	21.57407088404608	25.378427221077292	26.507836332771657	5.089544665843988E-4
120.0	25.00231962607236	24.19563785019013	25.323739542597146	25.478224681526108	7.829961425695036E-5
121.0	27.56692190180586	23.481606705070693	24.339981348703297	24.610981087960987	5.089564591664233E-4
122.0	26.476655356189973	24.266238207487152	24.68592775467267	24.570708879918286	4.6980173192408476E-4
123.0	23.96895693387277	28.224165295753206	23.354845125277084	24.451445390403006	5.872546939267685E-4
124.0	24.89827893398124	25.005510339667907	22.84792362962844	27.24824794688463	3.9149837782647144E-5
125.0	26.206707285324075	23.957269370757935	24.843647661399658	24.991631846666458	7.438358518701795E-4
126.0	23.92712037063862	24.074871569208554	25.268508636828805	26.729381974040578	1.1744928344192171E-4
127.0	25.99230320517087	23.100563361534036	27.823717559732376	23.0826328832444	7.829903183247139E-4
128.0	25.60191991105143	23.414810798325167	25.403782271751197	25.570404242283068	0.009082776589143342
129.0	23.974042416751846	26.909930271097487	22.727174853904422	26.386072854586406	0.002779603659837585
130.0	25.979031670172613	24.812732432789023	24.31986431934753	24.888371577690837	0.0
131.0	25.511971883095757	24.90677094487378	24.812220533060735	24.768331915403415	7.047235663084191E-4
132.0	26.3082353641291	26.148616163783316	21.97279465539949	25.56428538989055	0.006068426797546319
133.0	26.576914825144822	25.50253931912108	24.86767038807812	23.0509962305636	0.0018792370923817294
134.0	26.291767609460614	23.350319389003122	21.59305346535894	28.764820385772428	3.915040489348741E-5
135.0	26.07695448745881	24.38096625132181	25.922154453163206	23.619533305693267	3.9150236291251136E-4
136.0	27.860275788572796	26.107165327109865	24.4693941710976	21.556783074798673	0.006381638421065201
137.0	27.964757612666524	21.901286392553118	24.67722732428235	25.4565720655063	1.5660499170580812E-4
138.0	24.59554273906972	24.553222758518903	27.428241011702003	23.421584129654953	0.0014093610544213026
139.0	25.426169340236658	24.22506924529964	25.167784052538344	25.179763734058902	0.0012136278664617855
140.0	25.850665585089267	22.007411832780406	26.023590080076918	26.118019303964225	3.131980891784579E-4
141.0	24.923891493699905	25.762181276054637	25.237643329856773	24.076048997591464	2.3490279722250933E-4
142.0	28.39045642487475	22.761068834685798	23.733028582883	25.115250403156185	1.9575440026528638E-4
143.0	26.04954405438461	25.829479628478317	24.415249552510872	23.705609313411518	1.1745121468046222E-4
144.0	27.48177525820015	25.866526767467175	23.18140175865822	23.4697872540345	5.089616399527057E-4
145.0	27.933033510259484	22.58633224922509	22.962461822280638	26.51742853753446	7.43880700328443E-4
146.0	26.88573793354021	22.02477853654411	25.401954312713528	25.682439453343704	0.005089763858448186
147.0	26.28327478154172	25.0141632301013	26.294276488959728	22.404761820864795	0.003523678532458365
148.0	24.325600498338545	24.70099883050186	24.114918559939422	26.857933970142756	5.481410774182712E-4
149.0	27.35910335455059	25.37919142633297	24.114025824836055	23.14580002842541	0.0018793658549763846
150.0	25.4931687388459	23.958748532690365	25.358164506259605	25.18991822220412	0.0
151.0	25.925093503906176	24.199891616912776	26.139706112680823	23.734760586145757	5.481803544690795E-4
152.0	26.950406540674628	24.348585379415123	23.435068024347412	25.26582258655019	1.1746901265337048E-4
153.0	24.683525716753703	23.35764051090103	25.85153108592117	26.106597865724606	7.048206994875562E-4
154.0	22.68747841463787	25.050101534410885	25.23993524978718	27.02001790263504	0.0024668985290236486
155.0	26.538031363715398	24.40701555967361	24.312127083982762	24.742512700096025	3.132925322025562E-4
156.0	25.280859934435014	23.8446726195488	26.36529433948816	24.50897729662498	1.958099030466846E-4
157.0	24.602646529782955	22.900718516113646	26.66255981596714	25.833761837383594	3.1330075266589567E-4
158.0	24.93950258771097	21.451311283124756	26.28644384089543	27.32254647207759	1.9581619125759033E-4
159.0	26.427063629136168	22.043518616427573	24.652599093753793	26.876270369978734	5.482907037311183E-4
160.0	25.97543795473211	21.6440442112115	26.279203020104656	26.101236483609963	7.833034176703068E-5
161.0	23.98525025800299	21.474739206467014	28.856190015529137	25.680452283644666	0.0033682363561949114
162.0	25.44343077772081	23.4966710624283	24.916174379224326	26.143645448075898	7.833255066059798E-5
163.0	24.913459301391935	24.2146318994616	27.06442356727066	23.807367729230037	1.1750264576790722E-4
164.0	25.49206083105696	24.1437064391521	24.881063266586708	25.48144602626361	0.0017234369406174135
165.0	26.060533655051394	22.365019428428177	27.13183912008022	24.441981072950615	6.2672348959639E-4
166.0	24.7834394754758	23.39272801627661	26.0822542193754	25.74142160223059	1.566866416020269E-4
167.0	26.30271407334285	23.961132949833612	26.48114525002889	23.254576828234043	4.308985606029446E-4
168.0	26.392564163936573	24.349683611866407	24.050159849164753	25.207435679367762	1.5669566450518055E-4
169.0	26.28734016101717	22.19625353603534	25.965478187935897	25.550575539821995	3.5257518959730817E-4
170.0	30.964830321727632	23.17786592233485	23.295313647715588	22.56187258214583	1.1752607609813426E-4
171.0	25.50504892220711	23.74521276929152	27.238128294648956	23.510826506371483	7.835074809294279E-4
172.0	26.803124291282465	24.52245902608942	24.344435056895207	24.32986411816248	1.1750757042522463E-4
173.0	28.328680137433786	20.147319868833144	24.049032464266745	27.47383164831239	0.0011358811539299138
174.0	23.83721066868465	26.030319908563982	24.314954473917783	25.817123259233494	3.916896000927521E-4
175.0	25.884176484321266	24.18809471954072	23.318960046754963	26.607162722630562	0.0016060267524885582
176.0	24.242127468704766	24.914198859641047	28.106067877016734	22.736430570708325	0.0011752239291261623
177.0	21.828639396163023	26.30178450187798	25.00594520538285	26.83981089741455	0.02381999916159871
178.0	25.030330974888653	23.573856560441982	24.049201796862974	27.346258095931674	3.5257187471475954E-4
179.0	28.191057149461496	24.32227328467382	23.199421727530236	24.286190022840977	0.0010578154934709277
180.0	26.546974401882395	22.528896823853604	25.8273673790458	25.09664354920758	1.1784601061792556E-4
181.0	27.764441372897547	22.471542847882514	26.270969437103194	23.492062992584366	9.833495323779634E-4
182.0	25.263561102089888	23.201596369941587	26.0159692052247	25.51875534112615	1.1798161767742175E-4
183.0	23.669922202217602	24.522425755462795	26.679699820587665	25.127322980746015	6.292409859262389E-4
184.0	25.914721557235946	22.2502506234615	26.807684396531346	25.024197110190556	0.0031463125806488403
185.0	24.334608386248618	25.12559474395582	24.886497744111942	25.65247329723021	8.258284534081351E-4
186.0	26.82556463012037	23.466966198098195	25.08929702143994	24.618132821109416	3.932923208101192E-5
187.0	24.224204259505687	22.759644431550864	27.907085827084504	25.108277151668425	7.883301905236405E-4
188.0	26.74810006476671	28.343024688219042	22.67106906859319	22.237411980540816	3.9419788024031883E-4
189.0	25.0685280918854	24.23164367678789	24.924947300487947	25.77350110445246	0.0013798263863017144
190.0	28.502459647547113	22.03132152287214	24.929948244300153	24.535955170030505	3.1541525009078043E-4
191.0	26.188491923997816	24.004531124225952	25.330295731690462	24.475930772384473	7.504477012996965E-4
192.0	26.536704686366118	23.762239734661396	24.392995673947336	25.307980897579885	7.90074452666047E-5
193.0	27.588059755744382	24.637767049632224	22.288927423818773	25.484692637839746	5.531329648677597E-4
194.0	27.51139220600443	23.825505344547803	24.153886942060463	24.509215507387303	0.0
195.0	26.360118190221133	21.614726277091023	25.049150423810023	26.975412339947447	5.927689303721759E-4
196.0	27.748983735811716	22.45521980699101	26.742345437130265	23.053411407352595	3.961271441371994E-5
197.0	24.855492016550517	24.75160554520785	24.153525345010458	26.238584671634356	7.924215968166839E-4
198.0	27.365357778157822	23.40337729978704	24.49452995203912	24.736695290294854	3.9679721162663445E-5
199.0	25.199808838743078	23.136595214448104	25.651590320115584	26.01132972374654	6.759029466982936E-4
200.0	27.01428358981659	23.91342208918476	24.509068699764683	24.563106332860688	1.1928837328035869E-4
201.0	24.779103817626837	21.592552120364758	29.154399074900304	24.47346780363582	4.771834722732543E-4
202.0	24.961722469010112	25.517532103414954	28.170672054022024	21.350033604689543	3.976886336611613E-5
203.0	25.330972431793562	24.9217795553936	23.351244306764972	26.39524785686922	7.558491786505228E-4
204.0	25.899816109917097	23.81157751591632	24.216835928827933	26.07169087368876	7.957164989428906E-5
205.0	27.418576401529936	24.68675732809402	25.126138589515723	22.76745339904755	0.0010742818127670037
206.0	24.898258202714786	21.95581419502511	26.017368231091464	27.128519577760102	3.979340854022258E-5
207.0	25.624374888808315	23.402571010442365	26.880268794329908	24.092267904398433	5.174020209722939E-4
208.0	28.16305066541827	22.254042449350706	22.30631095421271	27.27659593101831	0.0
209.0	26.872391575959938	21.382089478550103	25.555448495644562	26.18923432078848	8.361290569180919E-4
210.0	24.350539579303764	24.948479226226674	25.009487786938355	25.691254470609366	2.389369218473169E-4
211.0	25.09725425524711	25.844417091892623	25.303792577367222	23.753779233039758	7.568424532848954E-4
212.0	28.475739395014177	22.722137316359245	24.92158218477951	23.880341846280757	1.9925756630793663E-4
213.0	29.368603846713626	23.102611594370487	22.908581237750987	24.619964072883	2.3924828189827562E-4
214.0	27.321205881355286	25.305909888123356	24.5579505843245	22.81485383407459	7.981212226419009E-5
215.0	25.573827276439854	25.224241120051644	22.9583708485144	26.243240767665597	3.199873285017913E-4
216.0	25.60128334121279	24.546163512863718	26.089365158255852	23.76306676526089	1.2122240674966361E-4
217.0	28.461159608388055	23.1628371945802	25.68326980414107	22.692122339422276	6.11053468400592E-4
218.0	24.356857702941596	24.65349328292338	25.69739386805064	25.29196723024136	2.8791584302170146E-4
219.0	26.07862135558295	23.588895322503845	24.834380500948175	25.497605091441212	4.977295238221645E-4
220.0	28.073161066966986	22.215562368349705	24.79655467267305	24.914471626102735	2.5026590752674717E-4
221.0	25.513090360726732	23.0222821089157	24.255623904093124	27.20883551015674	1.6811610770862788E-4
222.0	24.92126084737111	25.028543474561854	24.681980602348137	25.36812999829845	8.507742045261187E-5
223.0	30.17201619745336	22.779949025863953	24.19511804763208	22.852185331082346	7.31397968262491E-4
224.0	29.23041337036583	23.47905529154461	24.94886166497788	22.341583363685483	8.630942619767275E-5
225.0	30.61487298491211	20.15524379973793	23.877377203257584	25.351637369524454	8.686425679159049E-4
226.0	25.33039879899729	22.51739449915445	25.74583639502301	26.406282411427807	8.789539744540817E-5
227.0	26.819370995705967	23.96473158524103	25.851637937692583	23.362705924024834	0.001553557335587027
228.0	26.96072845092453	27.86816378973242	23.436679515110885	21.734383553991396	4.4690240768672144E-5
229.0	27.55279602786696	25.145001429051856	22.061720614501315	25.240481928579868	0.0
230.0	25.440104705955015	23.325140691814987	27.95116749683012	23.283587105399878	0.0
231.0	24.940396985086586	25.090544093338917	24.745495816968788	25.22195159010438	0.0016115145013283483
232.0	25.263902441734082	24.945145694886005	24.63648028855679	25.15424012205893	2.3145276419407222E-4
233.0	23.065748569104276	25.507901206104282	22.402199085463863	29.0235888092567	5.623300708817054E-4
234.0	27.08438552488784	21.451249171324843	26.930729890419897	24.532494053037112	0.0011413603303096797
235.0	25.409998642404542	22.204292119880492	27.579166590442334	24.806398222223933	1.4442504869531227E-4
236.0	28.020000517288413	23.98563890243111	24.087144553319014	23.907118425374073	9.760158739221733E-5
237.0	27.50234402960132	25.014271221232026	22.543402752102725	24.93993270096295	4.929610097418955E-5
238.0	26.869576952297177	22.695129753288814	24.487384541565035	25.947908752848974	0.0
239.0	27.255519896587867	24.04535036034948	24.23488515794397	24.463229944874595	0.001014640244081857
240.0	25.268520101126928	22.236599685629887	26.58503669573734	25.909686227590118	1.5728991572406314E-4
241.0	29.377895183338865	21.586570969001855	23.346044491854638	25.687389494815445	0.002099860989202515
242.0	26.493530126736196	24.53939330507623	21.3627047294266	27.60353033185351	8.415069074568556E-4
243.0	27.60812874501653	23.22573129132466	25.452696622757472	23.710702200977217	0.0027411399241231383
244.0	26.400907443029897	22.79200397719558	26.281718372498602	24.524419230649343	9.509766265794797E-4
245.0	28.574369547994582	21.73514744461268	23.499370487368203	26.18899562172509	0.0021168982994426737
246.0	24.538528827037773	26.89404903909874	23.50181577203446	25.062743538767396	0.0028628230616302187
247.0	25.037641977887297	23.486680878406712	24.900573624945057	26.435005737312405	0.1400977814485239
248.0	25.922248842649864	23.137691812063682	24.126779919649227	26.803063991712726	0.010215433924498366
249.0	25.545852227773253	21.38772298286394	28.474379192857285	24.575442335432854	0.01660326107266676
250.0	26.339086127196072	22.829279353473815	24.968715439919738	25.86200995544223	9.091239681442961E-4
