# Position (bp)	A	C	G	T	N
0.0	24.00824652954477	24.178522545643744	24.73860137946982	27.07458883380165	4.071154001170864E-5
1.0	22.866593108320586	30.403356209505265	23.46735907604762	23.18807420934083	0.07461739678569652
2.0	24.422523740735656	26.837408814475804	22.721561638032803	26.01783759550865	6.682112470887251E-4
3.0	25.985323912846468	22.07968076395272	24.475417675388062	27.453155140271612	0.006422507541136414
4.0	26.15620531631627	23.582081558617414	23.59246964667364	26.66915253209646	9.094629621208677E-5
5.0	28.017151160267694	24.081158287645145	22.29336973452174	25.6076042852267	7.165323387191672E-4
6.0	25.683214271572453	23.813866875648177	23.976023684123295	26.520849804850616	0.00604536380545979
7.0	25.2465873663666	25.725793179769386	23.29002381904323	25.736922070520574	6.735643002074075E-4
8.0	27.49627544344592	24.429720536881838	23.489342732630806	24.584611131418566	5.015562286663058E-5
9.0	26.17630930505702	25.27489977135364	22.25996562044543	26.288675121619505	1.5018152440855262E-4
10.0	24.813635900811988	24.65327225651942	23.197736885198513	27.335354957470077	0.0
11.0	27.401978928777343	23.05569006042631	22.630816333340317	26.911407978880664	1.0669857536062179E-4
12.0	28.116996785189198	24.30491210167802	20.301567490285503	27.276494948195417	2.8674651856272706E-5
13.0	25.364521770412313	23.108758725245092	24.70395005335663	26.82266553403488	1.0391695108421278E-4
14.0	26.479295146782967	22.257550348491982	23.26911758459793	27.993990246051727	4.667407539823488E-5
15.0	25.51731882544631	23.31149086521397	24.16805179991475	27.00313850942497	0.0
16.0	26.086611619758752	24.72730167252194	21.91406905513929	27.271963256610537	5.439596947624569E-5
17.0	28.59866424957921	26.633802612459885	18.904335217983572	25.86196901320478	0.001228906772549749
18.0	25.659697215581694	25.703260520675197	20.15528620994207	28.481596934586	1.591192150330884E-4
19.0	25.035641319480785	24.713677735630675	21.61513003694736	28.635119957995574	4.3094994560356303E-4
20.0	23.195047698600497	25.36403769982935	23.824609660317073	27.616235070469493	6.987078359297753E-5
21.0	23.753782215588952	24.731352136279913	23.54867695978518	27.965972122421423	2.1656592452989383E-4
22.0	22.62842447235858	26.684561117899108	26.11816860699645	24.568811471765688	3.433098017351564E-5
23.0	25.367404248735976	24.080654956125	23.470999079892117	27.08067675152771	2.6496371920170704E-4
24.0	27.933886283249816	21.730573000040525	24.409721014863354	25.925777400221676	4.230162462773513E-5
25.0	24.98466652422706	25.112175378613106	19.999090418970948	29.903916918902308	1.5075928658360443E-4
26.0	26.479850125228786	25.197121237056525	19.881952129888802	28.441009879048778	6.662877710208795E-5
27.0	25.531891210559266	24.582172846565882	20.099363612024877	29.78653079712929	4.153372068788813E-5
28.0	27.390562371470008	23.672272597148858	22.80837032902446	26.126026443037315	0.0027682593193614274
29.0	27.36836527715343	23.813022536604574	22.159047854156498	26.65931201444624	2.523176392575643E-4
30.0	23.849278416124363	24.55077248344632	24.864335181757387	26.735452230073818	1.6168859810811404E-4
31.0	26.256546504271043	24.582252684913996	22.447893496394695	26.712832937335673	4.743770845958263E-4
32.0	24.48995968525505	22.234488185202792	24.502028395063004	28.773316751329407	2.0698314974060633E-4
33.0	23.792480352434378	24.901292322948116	24.965735502904632	26.340420901118645	7.092059422947493E-5
34.0	26.150210763764708	26.739665100833797	22.429686897733433	24.68038256382371	5.4673844353094E-5
35.0	25.377198471316177	22.296474045174868	25.838288316390855	26.48779980838948	2.3935872862526552E-4
36.0	24.011274070563378	24.519113280063983	26.206814305215115	25.26267492119444	1.2342296308912864E-4
37.0	25.222071831467147	25.503293033186186	21.587548046453396	27.687063955808405	2.313308486857979E-5
38.0	26.9351128502335	25.196807600334875	21.165659116593663	26.70232792632782	9.250651014565151E-5
39.0	23.29583968565791	27.805027380153497	21.191855757909362	27.707130739799407	1.4643647982425157E-4
40.0	26.311139887209645	26.339359437779013	22.58188235499008	24.767518141387345	1.0017863391637041E-4
41.0	24.245061968586146	24.58649211956836	21.147148905677533	30.016157677979095	0.005139328188868385
42.0	24.53828024477131	25.504906127518712	21.03613548725638	28.920616506169704	6.163428388550846E-5
43.0	26.23955621013923	25.655237823638178	22.37313441918936	25.728104295424203	0.003967251609028664
44.0	28.583195595660264	24.95631792096334	22.862335576495223	23.597850514360573	3.00392520595951E-4
45.0	25.477495693574742	24.19246055215888	21.774593754389596	28.551591775528664	0.0038582243481218074
46.0	25.18754637981951	24.553950977324874	22.207348680990084	28.051146261573827	7.700291710150856E-6
47.0	25.45506117836846	24.25640926140313	23.05445427614144	27.232265911010874	0.0018093730760974582
48.0	22.73392118382285	24.078232590796283	22.7104915233351	30.477354702045762	0.0
49.0	22.56539318647886	25.918163707219232	24.24292520627239	27.27167846712899	0.0018394329005278556
50.0	27.341933080810026	24.832948289157144	19.971933588729723	27.85311577952591	6.926177719563683E-5
51.0	24.782437609800716	27.219721163115086	20.84607031924232	27.149362524884058	0.0024083829578205197
52.0	23.250785359482382	25.730563345807546	21.17574314705781	29.842908147652263	0.0
53.0	22.731628746848866	25.072130948620032	23.921942608400958	28.27263537499054	0.0016623211396077045
54.0	23.234310392333935	28.314329821624195	22.55944053694212	25.89187328799679	4.596110296535674E-5
55.0	23.94661278266673	28.042104465251377	22.626481273837808	25.38331143608124	0.0014900421628443394
56.0	26.891552358088592	24.8631223252679	25.031000037131285	23.214317639330556	7.640181671295854E-6
57.0	22.954096817762352	27.5695407848338	22.83425107103351	26.636702683542445	0.005408642827895152
58.0	25.45620214937857	25.11042039801451	21.737289585590474	27.69591982269185	1.6804432459319524E-4
59.0	27.55666714452399	22.539837376268494	24.386838663733737	25.513708713299277	0.0029481021745003063
60.0	24.11799591380895	22.959944456223177	23.387356166997577	29.53468821541983	1.5247550461958848E-5
61.0	25.208630967831347	23.872667054377647	22.628973170415442	28.28318056255293	0.00654824482263671
62.0	25.201837509323422	22.07807165950966	24.965139842722433	27.754668951420648	2.8203702383860775E-4
63.0	26.578894153840572	23.330276600643934	22.592872551015564	27.495433765765355	0.0025229287345805034
64.0	25.317063798540758	21.599943228120274	23.56042896540247	29.52254118965687	2.281827963254051E-5
65.0	24.506313271609514	25.992718144047743	23.725833020181433	25.769948688720625	0.0051868754406847704
66.0	24.60771953264161	24.075045831901683	22.783151260561716	28.533604256035645	4.79118859350324E-4
67.0	26.764490693482852	24.81123959314886	21.2549309419081	27.168661958737083	6.768127231058008E-4
68.0	23.788044341591068	22.486371855519575	26.624162971825577	27.101261141840304	1.59689223479213E-4
69.0	23.05782410481311	24.536351146788782	25.23256959827339	27.170274463453588	0.002980686671129586
70.0	25.783177455444918	23.261370188957343	24.427820202515242	26.527336095926163	2.960571563391303E-4
71.0	24.612608547697015	22.96478438465129	25.51868396338724	26.90293136034334	9.917439211207767E-4
72.0	27.220980075550205	25.756681041285706	21.764584722532053	25.25618723152619	0.0015669291058443956
73.0	25.09546177918504	22.822014436167347	22.7360099012314	29.34250240726413	0.004011476152077029
74.0	24.823714078633568	25.58501194865691	23.67651890068875	25.91406638862525	6.886833955179122E-4
75.0	25.65191174928158	24.654979756239424	22.026908135810803	27.66396038516042	0.0022399735077727836
76.0	26.57097015195871	24.07669301733617	25.090838262149802	24.260499701437105	9.988671182100967E-4
77.0	24.186730863014873	24.679303903953667	24.25676874597307	26.87650791236639	6.88574692004702E-4
78.0	27.420820286277575	25.9690257398006	20.26220117879001	26.347498809043163	4.53986088655614E-4
79.0	27.48439155927182	20.91545811606762	22.51123141152874	29.086058900966933	0.0028600121648877214
80.0	23.754494722998864	23.542164787822138	27.98415333514008	24.716675269115935	0.0025118849229857593
81.0	25.35307298386325	24.981916147667736	21.614109316272636	28.050371955014803	5.295971815745878E-4
82.0	23.127274399917024	22.23192276438418	23.80737487164329	30.832247759445853	0.001180204609652243
83.0	25.597833545130115	22.26954258401352	23.974210369201202	28.157482997880418	9.305037747436461E-4
84.0	23.376838326513173	25.418612257890388	25.019236541531566	26.184087423916186	0.0012254501486879514
85.0	25.582735776348553	26.890204250913953	20.963692584095874	26.562679056246363	6.883323952598255E-4
86.0	25.4848751066951	24.917765826329685	22.47995531380367	27.115573343640104	0.001830409531441633
87.0	22.82465454043804	21.576912930516006	25.5633193281887	30.034190482874962	9.227179822910755E-4
88.0	24.546439716170454	27.210138096265567	25.376641820274813	22.86596357420486	8.167930843037101E-4
89.0	26.55820692641616	26.35586208273466	22.237014661833562	24.847902941025886	0.001013387989733926
90.0	23.909882946018232	25.465160395194726	24.92487460068422	25.69989300155775	1.890565450733112E-4
91.0	26.68081804237639	25.135849879568873	23.835161956649635	24.347610539379602	5.595820254993966E-4
92.0	25.238654971003445	24.22110051195307	22.905281687611463	27.634947706381435	1.512305059151922E-5
93.0	26.60651910979539	26.29266763470556	20.74830605796559	26.35212913610544	3.780614280257239E-4
94.0	27.82818969471758	23.526459873675876	23.19469213967014	25.44612171087477	0.0045365810616340655
95.0	23.95682300639869	26.025783622226108	24.018971892599165	25.995729872512374	0.0026916062636702033
96.0	26.281684363038355	24.107072316431253	23.472910644064967	26.137538840323337	7.938361420894115E-4
97.0	25.499904064504943	25.36998668998955	23.123871397145884	26.006056410071093	1.8143828852891196E-4
98.0	28.216604239597782	22.76177262032519	24.14293939116296	24.878676189327134	7.559586932074691E-6
99.0	22.20750537527292	22.422659899772427	26.330315329945048	29.039504278412647	1.5116596957739514E-5
100.0	22.62645469006581	24.888438837546406	24.15489344296306	28.330213029424726	0.0
101.0	23.663137462275493	22.334125340477545	28.135762202267074	25.86685407401255	1.209209673405315E-4
102.0	25.520600838451653	23.852518007905626	24.40690799751908	26.21994292312853	3.0232995111778184E-5
103.0	25.604162577776457	25.50943761835424	25.510457872823842	23.37575299503257	1.8893601288936593E-4
104.0	25.65819240271882	27.02412627125106	22.793989785177057	24.523321235950803	3.7030490225499816E-4
105.0	27.398171021201744	23.371748307051142	20.53122491336301	28.6954321480487	0.003423610335403471
106.0	26.18057067576023	23.334635990661074	24.373290451194297	26.11141219264586	9.068973853921654E-5
107.0	25.899515398050667	24.295098501771868	22.58035139857273	27.224294078255323	7.406233494207306E-4
108.0	23.638140962354015	24.48939849983712	24.518899693146786	27.353485278080864	7.556658122353328E-5
109.0	26.00907802233009	24.345323012567476	25.29690588597992	24.347922346412616	7.70732709896208E-4
110.0	24.616930299920746	23.841025026099626	23.118871725381666	28.423112502184573	6.044641338561646E-5
111.0	24.942242775586738	23.686914739637626	24.440100982960864	26.92994813334756	7.933684672151437E-4
112.0	26.055791003938424	23.95166243398532	23.577419007044913	26.415074666977144	5.2888054197864633E-5
113.0	28.64981720023025	21.745840361793274	22.188154532611538	27.415266181411745	9.217239531954622E-4
114.0	26.499153754250777	22.596623917297677	26.785232492240386	24.11871784079156	2.71995419597134E-4
115.0	27.226115778988362	23.296988796666422	25.82732928518952	23.648863432609648	7.027065460439398E-4
116.0	27.015280570964677	24.742394623057287	24.37118537311033	23.871086541140997	5.289172670633244E-5
117.0	26.097024022979802	26.398952803784148	23.87688523200362	23.626337009007766	8.009322246617913E-4
118.0	26.781358991313226	24.577397333814492	24.652208174064675	23.988755932977163	2.7956783044709774E-4
119.0	27.23028920231952	21.034817256026532	24.55290245050955	27.18145461337634	5.364777680590507E-4
120.0	25.537238634410247	23.50412461299286	24.588020393552494	26.37056346728172	5.289176267466087E-5
121.0	27.920161465149185	23.688872053860603	23.673737151862305	24.7165341663801	6.951627478000177E-4
122.0	26.518735115875625	23.669189173995278	24.606215098789743	25.205505474063305	3.5513727604722235E-4
123.0	24.421549562597626	28.157181051700043	22.597551126994183	24.82298532562177	7.329330863827379E-4
124.0	25.17125302151767	24.712253592971848	22.896913762102034	27.21948895237708	9.067103136862557E-5
125.0	26.86243086408559	23.866284341282075	23.946708677123947	25.32366186115393	9.142563544594553E-4
126.0	24.098949359520272	24.2446951341282	24.27146569141141	27.384821811831017	6.800310910214815E-5
127.0	25.96103076936561	22.85322873274291	27.62586238214073	23.55884297006117	0.0010351456895777904
128.0	26.56685172575229	23.41954009961093	24.43436537850673	25.570077490280845	0.00916530584920299
129.0	24.54513253046277	26.504513389050903	22.051109933747615	26.89603292641757	0.003211220321146211
130.0	26.086084962151613	24.729796323981766	23.427645892455303	25.756450153634635	2.266777668250439E-5
131.0	26.095108420516556	24.615114344391735	24.61663309300333	24.672456549433377	6.87592654999252E-4
132.0	26.48770487065336	25.19492232159703	22.114398202715286	26.19680896278861	0.006165642245711271
133.0	27.0809650091363	25.503988834090478	24.136796596851777	23.276217004120042	0.002032555801401617
134.0	26.750501846709756	22.982376749946486	20.836444177199205	29.430586554852844	9.067129170851083E-5
135.0	26.349292414712007	23.308186482175326	26.229961799544665	24.112015277462003	5.440261059994066E-4
136.0	27.821740305569353	26.317498738323685	24.519552374849226	21.334861474778904	0.006347106478831606
137.0	28.860362136732302	21.647640450185328	23.99268626793004	25.4990769050352	2.3424011712610347E-4
138.0	25.53831089277302	24.103598435551497	26.43758544834717	23.919190560722488	0.001314662605819951
139.0	25.919505912740636	23.801583243755513	24.92220575187456	25.355481085977104	0.0012240056521861005
140.0	27.28835516900019	21.596819179099413	24.926192328051965	26.18837643068713	2.568931613075983E-4
141.0	26.11453278365608	25.16249817339254	24.941265219776955	23.78134870197156	3.551212028665383E-4
142.0	28.94169599079278	22.874110415875197	23.298369545342307	24.885604929294175	2.1911869553955938E-4
143.0	26.711449497590976	25.188445884549814	23.83711801749837	24.262843039814477	1.4356054635819384E-4
144.0	28.32843738538699	25.033264690828403	22.847081252889172	23.79052908728035	6.875836150789051E-4
145.0	28.420290681837844	22.496988041703865	22.29822335073324	26.783613889047352	8.840366776994949E-4
146.0	27.685473639988423	21.26402475928681	24.868930978803334	26.1768481627367	0.004722459184729758
147.0	26.30809883445318	24.324316360073862	26.43824796079553	22.92581582912587	0.0035210155515549967
148.0	24.528897811327006	24.438059808460416	23.559767695899573	27.47275332162811	5.213626848939091E-4
149.0	27.865202244614295	24.868718474544828	23.759430481825884	23.50435174540183	0.00229705361315577
150.0	25.64074392919085	24.145826515408025	24.709710340152103	25.50369654655255	2.266869647212366E-5
151.0	27.074431878633128	23.80836120138506	25.329195139231448	23.78742238052404	5.894002263296869E-4
152.0	27.61648199770433	23.685016688593194	23.204323241085753	25.49406472468922	1.133479275087108E-4
153.0	25.16378632405069	22.9253171842815	25.099540539112965	26.810570071393524	7.858811613177505E-4
154.0	23.153130074757865	24.421270740150483	24.610579753184936	27.812283927247666	0.0027355046590480593
155.0	27.533729398758293	23.825158236219007	23.57833029159843	25.06260824560571	1.7382781855761607E-4
156.0	26.16844834992882	23.252500810955347	25.882565805285463	24.69626585670895	2.191771214153582E-4
157.0	25.088816652168095	22.90019265085	26.17864303966612	25.831992436054506	3.552212612773303E-4
158.0	24.868101932292994	21.190812903257015	26.037685680470833	27.903240764149817	1.587198293444395E-4
159.0	27.026384372526802	21.489854161531788	24.080803005336797	27.402323568619014	6.348919855997428E-4
160.0	26.849387835559718	21.214363975416674	25.411233737492473	26.524969101538034	4.534999310680105E-5
161.0	24.811638458006353	20.72204092507525	28.342018589938604	26.12038676444745	0.003915262532335873
162.0	25.706490917546855	23.536804904523944	24.580193107051354	26.17648839526258	2.2675615270696583E-5
163.0	25.344443967404317	23.995361053530353	26.987644795115965	23.672519949011804	3.0234937558806953E-5
164.0	25.179550658857604	23.64779724937174	24.923106949408343	26.2477914743616	0.0017536680007141662
165.0	26.69809751879199	21.822165478371826	26.344337911140947	25.134794361495615	6.047301996214389E-4
166.0	24.820011623272915	23.294940852538645	25.64054242343426	26.244414388426556	9.071232762389943E-5
167.0	26.695062154534288	23.211054781776873	26.39215527966932	23.701266646497572	4.611375219437203E-4
168.0	25.72238040007784	23.946746402216075	23.860548668758334	26.470271609798996	5.2919148763740644E-5
169.0	26.75608002522051	22.20531278799274	25.37410044203932	25.664204340558527	3.024041889028247E-4
170.0	31.272451503240955	22.891572550065884	23.03170886544396	22.804153677886518	1.1340336268187158E-4
171.0	25.5270091927786	23.32855065705474	26.53136365093449	24.612282662669966	7.938365622068475E-4
172.0	27.622603270267003	24.27670624967549	23.85023216155303	24.250360068258225	9.82502462491268E-5
173.0	28.627341527091033	20.203814583582737	22.76470396180761	28.40244700237372	0.001692925144896254
174.0	24.453069089864186	25.431073346880467	24.01615921842493	26.09925999141583	4.3835341458037523E-4
175.0	25.403977167858503	24.09034752338139	23.283133882384632	27.22100713016924	0.0015342962062372238
176.0	24.738630080660187	24.1848513948585	27.789817156889978	23.28527281721849	0.0014285503728403096
177.0	22.788428503233643	26.237222562596923	23.833414531912553	27.11558079157843	0.025353610678450978
178.0	25.067835051639904	23.345167146564982	23.660483544604997	27.926181676848916	3.325803412062659E-4
179.0	28.378746640350116	24.22478878286088	22.793331309952578	24.601863299337765	0.0012699674986591638
180.0	26.6873018881925	22.161115260000987	25.434537579253252	25.71687852533	1.667472232608132E-4
181.0	27.828962246898026	22.19490185125732	26.199568540749308	23.775823387302054	7.439737932953841E-4
182.0	25.646831264541714	22.903979579139754	25.628443805244466	25.820623881483336	1.2146959073326712E-4
183.0	24.043747046106365	24.465303968704387	25.87450246466242	25.61589987225893	5.466482679032053E-4
184.0	26.229139257992994	21.960208357424875	26.19253403863996	25.614063754128335	0.004054591813839871
185.0	25.28812912849442	23.894401646174515	24.203773009637505	26.61321033183438	4.858838591811399E-4
186.0	27.359645122110756	22.89461514288298	25.120277932811696	24.625446617264522	1.51849300502401E-5
187.0	24.77897856278293	22.869345127332103	27.73839486698081	24.612596618290404	6.848246137532109E-4
188.0	27.61955523032873	27.64025394276228	22.38892210998413	22.350827347321502	4.4136960336244496E-4
189.0	25.814207274319408	23.482321141530644	24.541704817817806	26.160861108550996	9.056577811490911E-4
190.0	29.080950586132065	21.28081516563437	24.820593719021954	24.81738174453751	2.587846741018041E-4
191.0	27.015986413493167	23.709468687967142	24.38761962356469	24.886582104337602	3.431706374051419E-4
192.0	27.01333899199453	23.203414479287485	24.138138557770596	25.6450393225594	6.86483879909256E-5
193.0	27.79173222714919	24.28544128164783	21.859609974729413	26.063117341343634	9.917512992895626E-5
194.0	28.357848552615838	23.034108193095232	23.937670440257712	24.670372814031218	0.0
195.0	26.44724150200521	21.474628124379773	24.501292281086148	27.576242905349744	5.951871791187583E-4
196.0	28.77424648325449	22.008160690062603	25.783196989076984	23.434326991680123	6.884592580137996E-5
197.0	24.794328559237186	24.055482896175842	24.128091268954112	27.021469890325395	6.273853074624116E-4
198.0	27.608334675490227	23.383426640387224	23.542408031078452	25.465761660685928	6.899235817643386E-5
199.0	25.78959817014892	23.25922936441937	25.37289301786035	25.57785681012621	4.226374451551072E-4
200.0	27.97140308649997	23.5516013430845	23.651211471102958	24.82575336018959	3.073912298054529E-5
201.0	25.394433359022273	21.010431534256927	28.297242778328208	25.29760797732323	2.8435106935983506E-4
202.0	25.28866262246171	24.70024694090711	28.19951411129326	21.81156863965765	7.685680271089315E-6
203.0	26.097549874932113	24.570273267331604	22.49527497406079	26.83619459049878	7.072931767119724E-4
204.0	25.62807177471056	23.79070819914442	23.803363976306784	26.77777147295562	8.457688261605217E-5
205.0	27.583362424126857	24.082848016879325	25.09868314820311	23.23439131551388	7.150952768341425E-4
206.0	25.897948254335134	21.412375009189653	25.457283264927455	27.232347331032663	4.614051509425431E-5
207.0	26.2381132650724	23.525509553459177	26.42921167560064	23.80693476642015	2.3073944763129804E-4
208.0	28.27504002080082	22.543799795222736	21.63706422328876	27.54406519024977	3.0770437917179826E-5
209.0	27.399730381117877	20.913258949378832	24.862832432372546	26.823555045444525	6.231916862228321E-4
210.0	25.244532816949256	24.0533584907693	24.53527934103318	26.16657541709646	2.5393415179644947E-4
211.0	25.111959037827663	25.3397909174349	25.46285445998549	24.084633605221484	7.619795304589772E-4
212.0	28.160691642686803	22.348321635224117	24.49523703339359	24.995534093194543	2.1559550095308613E-4
213.0	30.07155905330307	22.930299434302658	22.5167757339439	24.481034497237232	3.312812131425575E-4
214.0	27.92683981742798	24.488572749794884	24.24444488646763	23.34009628806918	4.62582403272863E-5
215.0	26.21319883871595	24.72172321782282	23.204633082316242	25.860104879653896	3.399814910985505E-4
216.0	26.047704547243423	24.395071733313888	26.13572438387091	23.421444621171954	5.471439982172485E-5
217.0	29.211793380924757	23.12454279444038	24.758138258961228	22.904871288752112	6.542769215246071E-4
218.0	24.53574234568031	24.43836846277292	24.857338901558908	26.168335319028053	2.1497095981189564E-4
219.0	26.56363876828009	22.937653837356404	24.22447078743421	26.273609499234407	6.271076948928108E-4
220.0	27.62271969252181	21.727556332208238	24.80311388568119	25.84636771104082	2.4237854794728394E-4
221.0	25.759883081765462	22.44720248223401	24.12857750837542	27.664133492500977	2.0343512413204407E-4
222.0	25.822490607469984	24.714409019457072	23.872652052295425	25.590316907901013	1.3141287650713117E-4
223.0	30.408058900448125	22.547709459312447	24.126168788535747	22.917423409337285	6.394423663951611E-4
224.0	30.05096106293095	22.663567331010995	24.119852188860023	23.165544497717743	7.491948028855988E-5
225.0	30.50794094865123	19.57728190779993	24.04407965049295	25.869726435509765	9.710575461258613E-4
226.0	25.648257826262476	22.320845559830204	25.56564832382586	26.465112906281497	1.353837999575741E-4
227.0	27.539357973563778	23.720813502690824	25.08165474876323	23.656737711355653	0.001436063626508572
228.0	27.5847637113943	27.66552376072773	22.903848752490326	21.845769339271705	9.443611594213847E-5
229.0	27.41690950899345	25.200289221815257	22.1683745445003	25.214409420525907	1.7304165086580093E-5
230.0	26.105717226643073	22.639697389772987	27.11772834632098	24.136857037262963	0.0
231.0	25.01740761429529	24.710170283895945	24.151467077010864	26.11939257665882	0.0015624481390801293
232.0	25.323750049038917	25.09488697616895	24.206523693740824	25.374723895364	1.1538568731082294E-4
233.0	22.88342792228552	25.028328245970265	22.133859663412355	29.953819038662406	5.651296694511712E-4
234.0	26.985462122543204	21.374042955200828	26.3801871036906	25.25930743914874	0.0010003794166296527
235.0	25.584866182042887	22.305629779911673	27.127846650510495	24.9814363644652	2.210230697433692E-4
236.0	28.45658727229903	23.561033294027776	23.793972647550117	24.188229411655428	1.7737446765487896E-4
237.0	27.80987333004304	24.008387413971917	22.35375107461382	25.827790008898887	1.9817247233370734E-4
238.0	27.210774899245205	22.693025420468132	23.887111058200304	26.209012185929804	7.643615655691804E-5
239.0	27.501438449483285	23.04654876809015	24.14931803536492	25.301308640079778	0.001386106981869333
240.0	25.407706455747675	21.541231206660054	26.16001950141515	26.890823045637507	2.197905396157462E-4
241.0	28.827153182561904	21.359393750477672	23.64935538871347	26.161316680424935	0.00278099782201854
242.0	26.965788247364998	23.66745329236585	21.07501658669935	28.290939978451075	8.018951187341043E-4
243.0	28.149186899142936	22.63684241730569	25.01737944673167	24.193687125743992	0.0029041110757169085
244.0	26.37369830875056	22.740433585220405	25.653506864639418	25.2313642205684	9.97020821218859E-4
245.0	29.020500040504345	20.80157844874314	23.06966030928371	27.106495756829474	0.0017654446393383233
246.0	24.267882429461274	26.93260686163661	23.32271060153619	25.47435446035485	0.0024456470110757493
247.0	25.80860754898241	23.19369365627866	24.442642980533858	26.41405406566184	0.14100174854323516
248.0	26.095617974314816	22.59510452619275	23.664248940905498	27.634502010083988	0.010526548502948346
249.0	26.035581390546387	21.47933964249743	28.05478720736632	24.414259615547966	0.016032144041896797
250.0	27.525919512767295	22.14175263854334	24.077403184593177	26.253854168057888	0.0010704960382980663
