# Position (bp)	A	C	G	T	N
0.0	23.568526325245827	24.335972371809724	25.7682001996268	26.327301103317645	0.0
1.0	22.557973618603445	30.64486240468991	23.07035325869348	23.653381990206416	0.07342872780675438
2.0	24.159214501809885	27.358755070438768	22.831216102818573	25.6500217463742	7.925785585703996E-4
3.0	25.740605815821326	22.452789844025325	24.574260549112157	27.22630516760975	0.006038623431442815
4.0	25.586870482425294	24.48308278424223	23.824107514692162	26.105873271653117	6.594698719540323E-5
5.0	28.031746470967256	24.626936471481145	22.4575349938531	24.883320881411585	4.611822869107243E-4
6.0	25.106459817606464	23.986818618520438	24.268727044164994	26.633258221342356	0.004736298365746827
7.0	25.06984748788708	25.720356594817595	24.060005476174375	25.14923231783348	5.58123287464354E-4
8.0	27.086454068192424	24.71799048116445	23.892067407545106	24.303488043098024	0.0
9.0	25.968768433753713	26.240466823662505	22.333182098807868	25.457386235301282	1.9640847463286347E-4
10.0	24.77103111883354	24.70256942336477	23.53335618660833	26.99304327119336	0.0
11.0	26.941576058148943	23.06976879598661	23.13597084578182	26.852589364064755	9.4936017870756E-5
12.0	27.92586690132578	24.775250687614104	20.43287382370736	26.86597744893533	3.113841742730036E-5
13.0	24.6946773339431	23.47292565454166	25.291169500219596	26.54116604260579	6.14686898471243E-5
14.0	26.424441556620227	22.51825961944467	23.793374659372837	27.263833097926078	9.106663618969909E-5
15.0	25.311775219949777	24.097409240765945	24.31361532268885	26.277200216595425	0.0
16.0	26.227311630853915	25.09535526035703	21.848580410062212	26.828693814737427	5.888398941383638E-5
17.0	28.252791215654767	26.55810343668112	19.63463598241584	25.553257142230418	0.001212223017863838
18.0	25.478283369047638	25.779713037126196	20.25943021987526	28.48234464993074	2.2872402016774047E-4
19.0	25.08232912810387	24.49080597590932	22.06725160595519	28.359271763962223	3.4152606939638966E-4
20.0	22.491130945655858	25.78694497796859	24.285617444356568	27.43619365043498	1.129815840018077E-4
21.0	23.402183923168003	24.886423119018495	24.48227696803612	27.22886406323916	2.5192653822145463E-4
22.0	22.37402139766299	26.601084842675647	26.303390271875536	24.72144808213334	5.5405652484666485E-5
23.0	24.965142911308135	24.645367010700163	23.455596753358403	26.93361777452506	2.755501082360825E-4
24.0	27.013081950399876	22.562627519011926	24.658112664069918	25.766068759342303	1.0910717597896413E-4
25.0	24.122291417708645	26.183744782001835	19.75058859343172	29.943159308304214	2.1589855358764023E-4
26.0	25.437111936739438	26.109913536000395	20.1416376447199	28.31125645839404	8.04241462239657E-5
27.0	25.312174115512242	25.381945641832548	20.26512645354005	29.040700324344034	5.346477112667114E-5
28.0	27.37882041805499	24.152068619344604	23.21531488893804	25.251417788358506	0.002378285303861622
29.0	27.023386378525277	23.977833242251258	22.88939154474593	26.10907550865184	3.133258256984098E-4
30.0	23.217438283526874	25.1920335936297	25.54595092339447	26.04431795733808	2.5924211087370293E-4
31.0	25.618532180165843	25.17998700186932	22.887816649048926	26.313251857078285	4.123118376274752E-4
32.0	23.632607750205388	22.965233351201146	25.159016321853585	28.242836125402953	3.064513369322638E-4
33.0	23.454420195048574	25.41580234740894	25.360587041847587	25.76906400702832	1.264086665781806E-4
34.0	25.461171517429882	27.142214464919807	22.97679188342137	24.41972193945029	1.00194778649695E-4
35.0	24.934520431978154	22.75169479078612	26.279802026937833	26.03383414418607	1.4860611182263166E-4
36.0	23.19789503538096	25.53796551269287	26.75571486658485	24.508152357505434	2.722278358901714E-4
37.0	25.00203487616944	26.17912105719548	21.798904754188193	27.019914572311087	2.4740135798605397E-5
38.0	26.156267058851757	25.809444448154572	21.638470943156165	26.39581754983751	0.0
39.0	22.778657185059743	27.762435891951025	22.174763629583268	27.2838959987477	2.4729465826227526E-4
40.0	25.738515768256185	27.045383064875057	23.218863554093534	23.99718816080199	4.9451973232635925E-5
41.0	23.661544501621105	24.91150309016029	21.923054291784904	29.4991018039574	0.004796312476296574
42.0	24.16787161083958	26.486728886201437	21.194055383510925	28.151245235330602	9.888411745554355E-5
43.0	26.047655901050693	25.60928133018689	22.538039221114552	25.801365276630793	0.0036582710170759685
44.0	28.15198959793323	25.163570325044816	23.1939297880265	23.49028785361973	2.2243537572671493E-4
45.0	25.28421320030266	24.763627234056855	21.744218745443916	28.204184753036117	0.0037560671604577067
46.0	24.66075618896496	24.71471991614867	22.70004939262392	27.92447450226245	0.0
47.0	24.527568616725457	25.040722477152055	23.848634188005047	26.58136997009773	0.0017047480197128165
48.0	22.828730247880486	24.404478752501355	23.010536933604623	29.756254066013536	0.0
49.0	22.21427257201918	26.526643608016116	24.87049575275463	26.386908679593834	0.0016793876162451116
50.0	26.9600043660606	24.931341968485835	20.70668444371128	27.401845747177926	1.2347456436321576E-4
51.0	24.260961201049465	27.40096561580106	21.97032733852207	26.365548345233574	0.0021974993938358414
52.0	22.800954273805225	26.2449690442527	21.563167909118285	29.3909087728238	0.0
53.0	22.255906751557255	25.849135513328935	23.95491581464461	27.938418240324342	0.00162368014485195
54.0	22.66813907954843	28.761793099749738	22.685088719928224	25.884831498680317	1.4760209329288707E-4
55.0	22.999749935766133	29.289417571196523	22.639451301646915	25.06993332193034	0.0014478694600894783
56.0	25.839687651210518	26.13653874277257	24.919468897131207	23.104304708885707	0.0
57.0	22.235457521110575	28.01223612242109	23.287643336855748	26.460025894296606	0.004637125315980834
58.0	24.833993531967007	26.279978194554232	21.694087848861372	27.19162148807938	3.1893653800766725E-4
59.0	26.798065133695452	23.492047059700898	24.545316721756745	25.161774468066316	0.0027966167805838255
60.0	23.640576643041985	23.67268857185197	23.97837649828112	28.70833379260005	2.4494224874130303E-5
61.0	24.67984074330242	24.44795060847893	23.25737061862841	27.609106904585097	0.005731125005143317
62.0	24.862746999683825	22.463718601776616	25.30483182971591	27.36855562355856	1.4694526509293187E-4
63.0	25.62101689718449	24.276383345704733	23.062035200079933	27.037993134546866	0.0025714224839794254
64.0	24.941633109625155	22.719744346543774	23.52396470101464	28.814633403628587	2.4439187846685155E-5
65.0	23.693672779167972	26.910506920550514	23.653449522990304	25.73765444166406	0.004716335627150453
66.0	24.05339165281986	24.977934708239662	23.46188055908513	27.506304369074382	4.88710780959828E-4
67.0	26.246272544326306	26.058226009650582	20.981629300073987	26.713041379033985	8.30766915147422E-4
68.0	23.019771317406136	23.327877340084786	26.907624634505872	26.744604540666693	1.2216733651017277E-4
69.0	22.96144904767897	25.356697398784966	25.359165089746988	26.31995201440545	0.0027364493836269928
70.0	24.62569735359996	23.573119447733276	24.921436028152993	26.879503201965214	2.4396854855059504E-4
71.0	24.673980915077596	23.372386676277102	26.457248732303473	25.49545897208902	9.247042528121959E-4
72.0	26.416342142625123	26.298625380639024	22.43329160446876	24.850426960496268	0.0013139117708245891
73.0	24.87149648958603	23.600000875870002	23.486891997200136	28.038204476230955	0.0034061611128804225
74.0	24.42925462632058	26.574515716085283	23.291242772780553	25.704086751447875	9.001333657056973E-4
75.0	24.640402227939546	25.17164943036521	22.529182349300754	27.656698220061575	0.0020677723329142646
76.0	26.512564853051646	25.058917513534972	25.17016020114663	23.257603327015065	7.541052516862767E-4
77.0	23.86084127280653	25.667266019054736	24.18968238215331	26.281553568092658	6.567578927704091E-4
78.0	26.992904323663247	26.4715525939158	20.827167304431075	25.707719041183726	6.567368061575643E-4
79.0	27.02790396636045	21.579694849697827	22.99195568561283	28.397891593298652	0.0025539050302443166
80.0	23.758064261140387	23.731869473586922	28.434283796322756	24.07339891353653	0.0023835554134070125
81.0	25.223046369663894	25.43031416807468	22.125314568163308	27.220862785652944	4.621084451777646E-4
82.0	22.492025833502566	22.185389794769335	24.59022573305786	30.731166921831885	0.0011917168383509071
83.0	24.72557324645585	23.226902577043294	24.52583317849607	27.520839798397024	8.511996077672208E-4
84.0	23.138742329975447	26.684171053706706	25.09418517783562	25.081953020734844	9.484177473765306E-4
85.0	24.52551549556757	27.70310081572257	21.28541049362827	26.48543821530747	5.34979774116949E-4
86.0	24.967015406103208	25.671278430823296	22.8952230332404	26.46507280440294	0.0014103254301614141
87.0	21.95533589745211	22.28609554803297	26.562652729843066	29.19511342310829	8.024015635645498E-4
88.0	24.441524022563705	27.206842054075082	25.773609219996107	22.57746547364326	5.592297218439992E-4
89.0	26.28092663191473	26.529944370963975	23.077929277211545	24.110251497704816	9.482222049327005E-4
90.0	23.355923673420268	26.007831047758206	24.96827830002322	25.667772479009216	1.9449978908929122E-4
91.0	25.937959182085784	25.401867895593117	24.41635556143352	24.24325819805645	5.591628311337974E-4
92.0	24.607731284960067	24.77668950317289	23.20464875774382	27.410881833053235	4.862106998930093E-5
93.0	26.072108383796884	26.302105490904403	21.533767834439036	26.091750880630503	2.674102291705664E-4
94.0	27.230101844232657	24.26950859762716	23.257872903162287	25.238967482530654	0.003549172447239485
95.0	23.50842060714521	27.048379141601504	24.146982201514568	25.293762885056726	0.002455164681994187
96.0	25.674246121954493	24.81793555939725	24.336352021717445	25.170275221151172	0.0011910757796441747
97.0	25.201805689984653	25.39164037095787	22.99021950333803	26.416091369546628	2.4306617282102115E-4
98.0	27.48311469369223	23.490044790906094	24.606001417519884	24.42083909788179	0.0
99.0	21.901155838979676	22.68234356317258	26.880887342153613	28.53558895294015	2.430275398808193E-5
100.0	22.639688647870997	25.44494411239005	24.62697647969419	27.288390760044763	0.0
101.0	23.02348254325124	22.947397683968134	28.472577617005683	25.556469254280895	7.290149404321893E-5
102.0	25.174321077429422	24.697742198752035	24.600866100511016	25.527046319218655	2.430408887130353E-5
103.0	25.49872193618284	26.179019339372967	25.136616005859796	23.185569811350103	7.290723429322998E-5
104.0	25.289439328559084	27.540553098872085	23.10654186347407	24.063174082567247	2.9162652751544893E-4
105.0	27.149851233225764	23.751377447627824	21.261715292329992	27.834236725099124	0.002819301717295006
106.0	25.418446955887713	23.632154575282538	25.165949690120303	25.783351561550617	9.721715882853324E-5
107.0	25.629287892648716	25.191323740573562	22.822234190757936	26.356497958921782	6.562170980038362E-4
108.0	23.43936713638254	24.998997510667095	24.510074349469484	27.051439489622354	1.2151385853405194E-4
109.0	25.402484996121444	24.76891499649083	25.592621610639878	24.235273647026347	7.047497215023514E-4
110.0	24.17195714801238	24.44441744358271	23.467720672305255	27.915831833772977	7.290232667775592E-5
111.0	24.740560655816584	24.402256076711858	24.703962229257307	26.152589192868604	6.318453456449209E-4
112.0	25.02658514536777	25.070861319828534	23.581655763678956	26.32075196593991	1.4580518483237262E-4
113.0	28.156732229344062	22.250988227295075	23.080669042089603	26.510832895727717	7.7760554354992E-4
114.0	25.963214043488097	22.688107685275437	27.6333544992677	23.715032163228962	2.916087398055407E-4
115.0	26.400211919499757	24.54834656615072	25.93056234005789	23.120344515003268	5.346592883684872E-4
116.0	26.609529466259872	25.16903723023427	24.666239263687388	23.55504822379066	1.458160278061444E-4
117.0	25.721092621432085	27.3463033279478	23.92308799026327	23.008957092668094	5.58967688751237E-4
118.0	26.143979554464842	25.315421131411313	25.346237195718707	23.194046180837315	3.1593756782025194E-4
119.0	26.59823810301517	21.75241381053483	25.001506808831646	26.647330906885045	5.103707333006695E-4
120.0	25.086142576962057	23.8952873728033	25.24326255440872	25.775234586323638	7.290950229543416E-5
121.0	27.076212888726758	23.876524169066442	24.753421884261943	24.293306379035336	5.346789095175033E-4
122.0	26.281677379716367	24.237691658597853	24.88232171813208	24.598017599732465	2.9164382123400334E-4
123.0	23.738706750018107	28.19721646633254	24.069550914226472	23.993869673695738	6.561957271450674E-4
124.0	25.14963045342761	24.7945079966957	23.384784611619445	26.670931117374387	1.458208828628139E-4
125.0	26.639730721559285	23.926312975429557	24.68709747976766	24.745935305125524	9.23518117967288E-4
126.0	23.965523903914313	24.54339028716875	25.058747845183238	26.432192142212923	1.458215207775009E-4
127.0	25.40617023934455	23.334914673262926	27.934134923616906	23.323978152233458	8.020115421612607E-4
128.0	25.67559061241899	23.63956510802426	25.416974008314323	25.259679894813207	0.008190376429214611
129.0	24.37947433708844	27.410746575102756	22.27600122102496	25.93044824059636	0.0033296261874856607
130.0	25.626280522927285	24.649060767572482	24.125258534996707	25.59937587039103	2.4304112498875934E-5
131.0	25.314537481765502	25.21610400796801	24.709912907034568	24.758886598319	5.590049129240478E-4
132.0	26.12492863585291	25.891386502387554	22.221063706764994	25.75707972441591	0.005541430578634723
133.0	26.502876539102143	25.538991073748335	25.100638158820537	22.855671403499773	0.0018228248292073894
134.0	26.385205100305043	23.508086889801163	21.412813564907903	28.693772923507822	1.2152147807059863E-4
135.0	26.315786915370882	24.67052921666096	25.993589097041646	23.019754515253542	3.402556729734676E-4
136.0	27.400959538021812	26.64669654488538	24.49915906748848	21.447449009352336	0.005735840251988101
137.0	28.415576133032506	21.820386479465043	24.53111894426023	25.232651091052134	2.6735219008837933E-4
138.0	24.838312741109114	24.341153736506214	27.643484303011316	23.176149977919977	8.992414533783408E-4
139.0	25.205004889980305	24.077417234895986	25.580186927517467	25.136272960061596	0.0011179875446465895
140.0	25.8285016828143	22.57435589334982	25.670646702325612	25.92627698481676	2.18736693517811E-4
141.0	25.126602645117885	25.601247117474813	25.574487756316277	23.69717638915354	4.860919374846881E-4
142.0	28.22432287062654	23.082346816333207	23.992274919909168	24.700617904326545	4.374888045399672E-4
143.0	26.22608358341145	26.000047151685756	24.389719863085116	23.38390635189109	2.4304992658676967E-4
144.0	27.587821945746065	25.92635622079863	23.384234426158983	23.10112560547687	4.618018194505579E-4
145.0	27.6618617519406	22.79997540303656	23.19457194599654	26.342813129431313	7.777695949934972E-4
146.0	26.94255584595129	22.104562394317004	25.33601632740759	25.612733511265194	0.004131921058919007
147.0	26.007346394941276	24.952417108792805	26.948869081486748	22.087745986716406	0.0036214280627620216
148.0	24.163868929550496	25.002230006924563	23.838178544927167	26.9953822450616	3.40273536173629E-4
149.0	27.56314575848678	25.73722410227281	23.776551309096114	22.920915617447747	0.0021632126965515715
150.0	25.129486262388063	24.168095275249303	25.261761684025082	25.4405838591415	7.291919605127969E-5
151.0	26.34586515145328	24.570613377514093	25.868471816292043	23.214587818011047	4.618367295347992E-4
152.0	27.209894356773713	23.9795855118	23.57848593356103	25.231791121943655	2.4307592160412606E-4
153.0	24.54505678282514	23.901169687305536	25.50423926571251	26.048902263534536	6.320006222775358E-4
154.0	22.916336985652038	25.14382600134911	24.843667389837925	27.09352002090512	0.002649602255808159
155.0	27.133354305654894	24.055576976280694	24.35664486290763	24.45422936685793	1.9448829885460977E-4
156.0	25.101123038256816	23.892922140973706	26.719553565915106	24.28618245275212	2.1880210225059843E-4
157.0	24.71870503911946	23.17123631694081	26.879015330277557	25.230702954174482	3.403594876908991E-4
158.0	24.495068107092532	21.86861511202394	26.072588244561206	27.56363128909946	9.724722286243311E-5
159.0	26.208727368385993	21.798484697820893	24.643560208864006	27.34874147451063	4.862504184792664E-4
160.0	25.93236607859212	22.074141933400824	26.084028432193456	25.90939061784296	7.29379706322555E-5
161.0	24.249422688944463	21.111738925571732	29.080941222464972	25.554639227392723	0.003257935626109582
162.0	24.909974361748553	24.03946515860097	25.595144171096727	25.455391995370768	2.431318297250544E-5
163.0	24.97749770600601	24.444055966159272	26.808267812067065	23.77008126112046	9.725464719174774E-5
164.0	25.133484664581484	24.331239399032103	24.96070833916873	25.573084434277888	0.0014831629397942829
165.0	26.014939236406608	22.512899194195484	27.147904276064637	24.323673729411137	5.835639221331207E-4
166.0	24.77357125210818	23.36926074126236	25.838384535928054	26.01863757588962	1.4589481178596647E-4
167.0	26.22981474600769	24.037109158429807	26.73980791789142	22.992781844602966	4.8633306811970013E-4
168.0	25.63174814699531	24.829825107483998	23.973527809660915	25.564825982919288	7.295294048985467E-5
169.0	25.69627136186267	22.66510834562627	25.70453960708326	25.933740228271663	3.4045715614192004E-4
170.0	30.617456940314057	23.216640674529398	23.48380077434115	22.681980019653995	1.2159116139256898E-4
171.0	25.33336705405781	23.573607275311154	26.947998022474053	24.14434674891281	6.808992441775212E-4
172.0	26.708549426543136	24.783323329411992	24.45476197595801	24.053268024623016	9.724346384135507E-5
173.0	28.864321798581294	20.57760776398482	23.34771288345467	27.208874875552237	0.001482678426980275
174.0	23.563403895802757	26.413141176304737	24.169343121046385	25.853601388726176	5.104181199404804E-4
175.0	25.7128981708768	24.290516866517248	23.387950435532723	26.60688447232325	0.0017500547499767266
176.0	24.32934280054847	24.712304632950953	28.407284709455816	22.549828183705976	0.0012396733387830346
177.0	21.721002029827524	26.23480364153489	25.109209582730664	26.909678752446126	0.025305993460795154
178.0	24.819165646164084	23.30331216489312	24.60509102364471	27.272188092035314	2.4307326276754466E-4
179.0	27.604372160163436	24.69325328613349	23.11071178267652	24.590471592457458	0.0011911785690930975
180.0	26.342259675877333	23.00301487355492	25.589625774037287	25.064977824070883	1.2185245957971138E-4
181.0	27.578122883611343	22.830456814139986	26.195690187668685	23.395046768909822	6.833456701632E-4
182.0	25.343862891215885	23.46719324218325	25.505110779520173	25.68371105901326	1.2202806743173383E-4
183.0	23.565191455876942	25.164383280792514	26.101526628871124	25.16843489543417	4.6373902524985766E-4
184.0	25.977653426739	22.385676713064385	26.875543866286698	24.758001623208216	0.0031243707017019275
185.0	24.66039648761934	25.178350114393016	25.220768519978385	24.939899123271598	5.857547376575376E-4
186.0	26.471463360875358	23.65835459132303	25.439656559083463	24.430525488718153	0.0
187.0	24.010580160120917	23.13007409291513	28.05632969207234	24.802331254883786	6.848000078262858E-4
188.0	26.815852617521234	28.386218603320117	22.62292676125927	22.174268236307025	7.337815923549742E-4
189.0	24.85121588361254	24.58789307014587	25.241687046767993	25.318201097908144	0.0010029015654559608
190.0	28.644863219624078	22.05796084636359	24.95844947176888	24.33853075766538	1.9570457806826862E-4
191.0	26.046396995846948	24.42513332301113	24.926576798170228	24.601476401680035	4.1648129166037864E-4
192.0	26.332384022171933	24.085005816409232	24.673947876741124	24.908662284677707	0.0
193.0	27.24636977998511	24.928821737874333	22.20185932151599	25.62270411970151	2.4504092305935554E-4
194.0	27.551006654997078	23.74827020802594	24.46731474286353	24.23340839411345	0.0
195.0	25.699745858902055	21.970300613943518	25.221561576826762	27.107901756291703	4.901940359562227E-4
196.0	27.731721938587484	22.865204978649594	26.58110943496356	22.82181623417146	1.4741362789852047E-4
197.0	24.599421942875455	24.81136475443876	24.53931619017008	26.049356504764475	5.406077512339372E-4
198.0	26.898889717227508	23.53269822267629	24.777413051723364	24.790851334931	1.476734418421376E-4
199.0	25.314217437356884	23.23318737877366	25.55927806131571	25.89284855539512	4.6856715862108087E-4
200.0	27.180418471051983	24.16648867399322	24.37679955525674	24.276243971474475	4.9328223587079365E-5
201.0	24.741319537370877	21.8946443049599	28.602860340299642	24.760929155506243	2.4666186333798125E-4
202.0	24.92486047631452	25.19613734498465	28.391219875119393	21.48773296705899	4.933652244614425E-5
203.0	25.273163904264813	24.87195596212917	23.384088683759604	26.4701005203686	6.909294778152415E-4
204.0	25.657438340515288	24.36209496766207	23.960940293722715	26.01937832501204	1.480730878890281E-4
205.0	27.474491892517584	24.706824284118152	25.143820535862147	22.674122866879035	7.404206230836989E-4
206.0	25.09101061025243	21.737959545573926	26.215770433079182	26.955185358523053	7.405257140148935E-5
207.0	25.819164083163574	23.766343840909705	26.93414616261836	23.480074333784568	2.715795237927117E-4
208.0	27.707349260253622	22.54784299083145	22.492996659337358	27.251712311853126	9.877772443780658E-5
209.0	27.043348791991797	20.903052080595792	25.626826535673143	26.426081002843414	6.915888958486882E-4
210.0	24.05165737155139	25.088955179633505	25.16578656438952	25.69327972429638	3.2116012920519046E-4
211.0	24.67025498831077	26.018767021050497	25.666211948221406	23.643925801811953	8.402406053686431E-4
212.0	27.833138202979253	22.845556900382142	25.06529552049116	24.255613758111714	3.956180357317265E-4
213.0	28.809297234276187	23.547300958593567	23.252636491085344	24.390468399963776	2.969160811234117E-4
214.0	27.144207526138516	25.859935359200716	24.74431074537513	22.251496839901467	4.952938417392541E-5
215.0	25.20539388905081	25.31638876158917	23.452861562507913	26.025132357227225	2.234296248815202E-4
216.0	25.489516265491872	24.692673110033144	26.234290967755218	23.58344434073154	7.531598822861314E-5
217.0	28.782221096618972	23.13496264404204	25.520881347347096	22.561301760162085	6.331518298087882E-4
218.0	24.369147232779305	24.97704095137285	25.568209281158644	25.08527007283216	3.3246185703475224E-4
219.0	26.03128325861902	23.431921824104236	25.040049021188764	25.49610088044635	6.450156416293096E-4
220.0	27.835535441565902	22.26648752968967	25.211142402999037	24.686445423159213	3.8920258617334457E-4
221.0	25.159603966194837	23.16518516988472	24.890139498716607	26.784888340628605	1.8302457523264385E-4
222.0	25.165596732993556	25.177238909636067	24.672577011675514	24.984481507725377	1.0583796947738797E-4
223.0	29.843004227601728	22.83456160072484	24.652036990110265	22.66967469756686	7.224839963105151E-4
224.0	29.518980086660008	23.466169432438146	25.087583061693465	21.927160087024937	1.0733218344787466E-4
225.0	30.28374397808814	20.27900343183135	24.18391698776777	25.252363182567755	9.724197449829219E-4
226.0	24.908510811016914	22.619538630454194	26.104723928006912	26.36689863880705	3.279917149292809E-4
227.0	26.822404923887195	23.65854008777191	26.505300447033637	23.012346169947897	0.001408371359360036
228.0	26.565408933578006	28.15464474075917	23.575886093103648	21.703865840816487	1.9439174268309482E-4
229.0	27.48846989308816	25.420126913148593	22.15972067112691	24.931626473018976	5.604961736327467E-5
230.0	25.672188996974654	22.962983076620212	27.828030493310074	23.536769148264554	2.8284830505981673E-5
231.0	25.321402534869435	25.061671731799567	24.51511899884956	25.100143998656048	0.0016627358253920974
232.0	24.9109506941076	25.331764324768635	24.724998393236085	25.031969558236472	3.1702965120685984E-4
233.0	22.90073524037829	25.048280297604258	22.917398740005552	29.133147208863814	4.385131480858901E-4
234.0	26.68013854757619	21.835126485773245	26.586130053883565	24.897180991120663	0.0014239216463382076
235.0	25.014580534101032	22.617126286345474	27.671090780117137	24.696902079475475	3.003199608863283E-4
236.0	28.259710132920468	24.090011516586046	23.464290207003096	24.185744470683268	2.4367280711987574E-4
237.0	27.70359664650039	24.723792586498497	22.648345926866266	24.924110891237873	1.5394889697154809E-4
238.0	26.6308747124474	23.47022330221048	24.46902860682035	25.42981094343475	6.243508702046342E-5
239.0	27.569693068270823	23.750566835898233	24.035871595417113	24.642441500949747	0.0014269994640824235
240.0	25.33876789003107	22.075186326021687	26.56547079580383	26.02037860570432	1.9638243908953176E-4
241.0	29.27671839962407	20.934987922859662	23.654548236960345	26.131254970699295	0.0024904698566308595
242.0	26.23891048488911	24.319397730920915	21.630405738547097	27.81020278064278	0.0010832650001017612
243.0	27.746053957089988	23.08701415867288	25.72585226899111	23.43812057623668	0.0029590390093400423
244.0	26.07277600682086	22.92481771735879	26.46251098703431	24.53887400523688	0.00102128354916459
245.0	28.871141763170378	21.071149090268197	23.87881376266606	26.176915087187513	0.001980296707855738
246.0	24.2637347087686	27.00699013552128	23.826764452963957	24.899898865702312	0.002611837043850099
247.0	25.217998219178806	23.28582710134251	24.997681222406545	26.355126751008335	0.14336670606380214
248.0	25.83619943418692	23.38320404095346	23.86023156547147	26.91111162702769	0.00925333236046207
249.0	25.5445221240586	21.835520067677034	28.23221682189288	24.37284352612243	0.014897460249053612
250.0	26.07112486173717	22.426613321577523	25.31023814169434	26.190625230992982	0.0013984439979782494
