# Position (bp)	A	C	G	T	N
0.0	23.615592678350268	24.649057041433846	25.66015383914407	26.07478222689824	4.1421417358059157E-4
1.0	22.467987956192303	29.55861430036727	23.58261919730007	24.31798630182311	0.07279224431724184
2.0	24.7374051540047	27.268146202236238	22.54494987670537	25.449085719714336	4.130473393555635E-4
3.0	24.957897865174104	22.79665494411148	25.101127676787687	27.137715257483446	0.0066042564432776925
4.0	25.800210391699842	24.518883686392606	23.51147872362369	26.169427198283863	0.0
5.0	27.512344305133084	24.90664490441922	22.342986209000006	25.237612417670285	4.1216377739858713E-4
6.0	24.63572451718063	24.776906992442825	23.86518925860678	26.71765151390421	0.004527717865551476
7.0	24.38956247355079	26.10244421527501	24.335328750857673	25.171842837245418	8.21723071107806E-4
8.0	26.85056510029147	24.88736938332944	24.270001926711185	23.992063589667907	0.0
9.0	25.95968111576742	25.2119892613934	23.42604112100576	25.40228850183342	0.0
10.0	24.729283213923512	26.1409363038571	23.577714528740145	25.552065953479243	0.0
11.0	27.16066438258838	22.78683865670935	24.095710248354045	25.956786712348233	0.0
12.0	28.06422809167269	25.424908099248945	20.88688573383378	25.623978075244587	0.0
13.0	24.078314239887842	24.09622029785013	25.099721503651693	26.725743958610337	0.0
14.0	26.374699349312746	22.632305151965255	23.73236622458135	27.260252282683272	3.769914573735759E-4
15.0	24.9599845866556	23.851409431781132	24.69766132139787	26.4909446601654	0.0
16.0	25.979114172941635	25.51959684819179	21.748423367657555	26.75286561120902	0.0
17.0	28.069623758696714	25.828756427619375	20.032017495274204	26.068172965942104	0.0014293524675983663
18.0	25.640762437392706	25.83968992796843	20.81765569969736	27.701537971435148	3.5396350636249403E-4
19.0	25.952281141786234	24.503031306473716	21.62742936051939	27.91690591853342	3.5227268724174007E-4
20.0	23.103871877701444	25.23947684328047	24.80724607754955	26.849055217042846	3.4998442569305667E-4
21.0	23.018266757832702	25.930257983680356	24.499252045161896	26.551529055702677	6.941576223713119E-4
22.0	21.81815057311268	26.756027564399993	26.277259370005673	25.14856249248166	0.0
23.0	24.58006508607001	25.666654145736796	23.314199075955376	26.438398732426588	6.829598112299082E-4
24.0	26.863551503016858	21.85225520171	25.018939906382748	26.265253388890393	0.0
25.0	23.907114340118934	26.76369307172569	20.914332756618556	28.414525180795064	3.346507417533691E-4
26.0	25.154441372030263	25.05950266724648	20.412817389052837	29.373238571670424	0.0
27.0	24.869612411309966	25.624801440220267	20.350060891665784	29.155525256803983	0.0
28.0	27.310916153926375	24.98077223902388	22.54340911461049	25.16327302117009	0.0016294712691625822
29.0	25.82712359999227	23.631872838400948	23.947780275267764	26.592579234479963	6.440518590556911E-4
30.0	22.86243808915162	25.668956702348616	25.83735420993769	25.631250998562074	0.0
31.0	25.452950375710415	25.01144295686005	23.3112102834039	26.223442804287295	9.535797383377198E-4
32.0	23.55562845184061	23.049700196504553	25.39923858428405	27.995432767370783	0.0
33.0	24.288545258788837	24.311638865916642	25.40047123441572	25.999032565106805	3.1207577199744095E-4
34.0	25.368016809479162	27.083004539673404	22.749117285727106	24.799861365120332	0.0
35.0	25.27273283189629	23.003424448113496	25.49379318779429	26.229743777900076	3.0575429584785667E-4
36.0	23.025226513193665	26.58620331506565	26.23826194272867	24.150002749317252	3.05479694764689E-4
37.0	25.21598915244299	26.062232972053494	21.995926058262864	26.725851817240653	0.0
38.0	25.768294805365315	26.54536794184012	21.155930640497573	26.530406612296993	0.0
39.0	22.845236823225925	27.524308152580403	22.423335826477185	27.206813914795536	3.052829209469876E-4
40.0	25.019154164313733	28.87104897666397	22.73408525510905	23.37571160391325	0.0
41.0	24.13915187918521	25.200981559140768	21.416362981546932	29.23739935661484	0.006104223512248125
42.0	23.584234859697574	26.158353296611075	21.387613104048096	28.869493568518546	3.051711247081801E-4
43.0	26.288952360027828	25.368925995093193	23.11844691005407	25.219402638934664	0.004272095890243753
44.0	27.501906824907707	24.771943741037923	23.864905268938585	23.86093907313055	3.050919852335479E-4
45.0	24.94402518409156	24.524595364614154	21.777711346873037	28.749092506390582	0.004575598030662607
46.0	24.48475383784806	24.632685990367634	23.095411663153914	27.787148508630395	0.0
47.0	24.673882875381626	25.653530482839393	23.82446862047195	25.84598304831444	0.0021349729925916436
48.0	23.600603759776792	24.068060193020173	22.846818826327585	29.48451722087545	0.0
49.0	22.32700950708305	26.018550703426573	24.53425050157638	27.117750010671838	0.00243927724215315
50.0	26.42997606670833	26.293998384121707	20.533544718669493	26.742480830500465	0.0
51.0	24.0583465431045	27.421046213876355	21.896415071332765	26.621143762955736	0.003048408730642605
52.0	22.52991349033798	26.392592705213385	21.376552688793275	29.70094111565536	0.0
53.0	22.301904894918053	26.901403319144286	24.084442042494278	26.710428039664563	0.0018217037788208718
54.0	23.633901762971824	28.870902616071675	22.35091245252545	25.144283168431052	0.0
55.0	23.19303918184956	30.398781735723844	21.796152658443987	24.610209926552955	0.001816497429656137
56.0	26.238818169434058	25.944874142915523	24.60562762044591	23.210680067204503	0.0
57.0	22.00969248605305	27.702590212465832	23.419068346859024	26.86289763560248	0.005751319019611998
58.0	24.338819712222374	26.591281924005884	21.117211571638713	27.952384123198364	3.026689346658838E-4
59.0	26.973538856387087	23.428841224058665	24.7753541822408	24.818633874985245	0.0036318623282053457
60.0	22.841733139956492	23.252658931592944	24.726250906453952	29.179357021996616	0.0
61.0	23.849909660577566	24.650274643929734	24.06050022056113	27.432668427127204	0.006647047804359255
62.0	24.654976555324602	23.12593657852758	25.683702325131723	26.535082418910427	3.0212210567022766E-4
63.0	26.36713262417561	24.040869720214015	23.10250964492769	26.48556055383184	0.003927456850844252
64.0	24.811066798098462	22.54205968088602	24.16626724665467	28.480606274360852	0.0
65.0	23.028346475680628	27.050628180086328	24.187947623526007	25.727953410981698	0.005124309725336998
66.0	24.446353483745533	24.92049856068484	23.87334026616027	26.758601980377083	0.001205709032267788
67.0	25.938228104494392	25.795960442355977	20.95795568603456	27.305745865346072	0.0021099017690019263
68.0	23.01425354982413	24.575543211253343	26.331541969455387	26.0783598621966	3.0140727054618014E-4
69.0	24.0546120345394	25.34788046836149	25.07271055923085	25.52087885592007	0.003918081948190901
70.0	23.852325130176606	24.21540581109577	24.962323235057895	26.969645011175185	3.008124945477735E-4
71.0	24.806108483204074	24.000828391000553	25.501536725334358	25.68942540879295	0.002100991668067328
72.0	26.321286128858972	26.38670896142754	22.767745943334226	24.523058547433056	0.0012004189462122281
73.0	25.32462271143614	23.064642457379673	23.732343435374048	27.874190131229497	0.004201264580638772
74.0	24.2714572056123	27.444279078699424	23.32837236098275	24.95499117827094	9.001764345811779E-4
75.0	24.266219387050896	24.43965025774588	22.972389085257173	28.318740735850984	0.0030005340950689224
76.0	26.078450787478356	24.614512165482974	25.949429757050403	23.357307241080296	3.000489079719994E-4
77.0	22.90246507608852	26.129926551773796	25.406845566703474	25.559862704622915	9.001008112908646E-4
78.0	26.63754410388114	26.967573146436884	20.263483186520414	26.130799510356912	6.000528046468089E-4
79.0	27.732259700050705	22.26099009069281	21.729373610581927	28.274076496371386	0.0033001023031713986
80.0	23.443931121377574	24.118317633647326	27.86914261714766	24.567108657826843	0.001499970000599988
81.0	25.145491852456264	25.96804578943579	22.360747798123302	26.52511459358276	5.999664018814946E-4
82.0	22.663407025227226	21.964483906770255	24.727479977202506	30.64372918978912	8.999010108888022E-4
83.0	24.15696296696243	23.202490866223926	25.20532248678677	27.43402384080533	0.001199839221544313
84.0	23.08156066659468	26.735773674549186	25.163169324167058	25.01919639107848	2.9994361060120696E-4
85.0	25.233036614040984	27.409544603867747	21.454964249724075	25.902154613945005	2.999184221891646E-4
86.0	25.0170937095149	25.922160644882688	22.706444028597474	26.353401948083103	8.996689218367641E-4
87.0	22.62281022663892	21.61346039666309	26.631422385616016	29.130807659783738	0.0014993312982409844
88.0	23.99424296487309	27.682643438629107	26.057180552015712	22.265933044482093	0.0
89.0	26.383312995271773	27.03123266642481	22.171385396772095	24.412569821514772	0.001499120016550285
90.0	23.652138978914515	26.220592600143306	23.811936548672303	26.31503206444669	2.9980782318533817E-4
91.0	25.58015438806865	25.39878588023683	24.26201004271903	24.75874990631792	2.997826575732594E-4
92.0	24.382340421705166	24.777426723181794	23.935695058123848	26.904537796989192	0.0
93.0	26.071460687629266	26.23662360241	20.812325769611224	26.879290189143013	2.9975120649860615E-4
94.0	26.66778571771138	24.291101146227998	23.934103879909838	25.103412306364202	0.003596949786580979
95.0	24.005431052311344	27.475669664935243	24.070172073241277	24.446629120870885	0.002098088641247823
96.0	25.291989726037663	25.464321358033203	24.38627460970632	24.855316355920266	0.002097950302554404
97.0	25.281104278299228	24.564558084894692	23.623847712206757	26.530489924599323	0.0
98.0	26.979945818948988	23.55047708093594	24.912794879171464	24.556782220943614	0.0
99.0	21.896084752465754	22.159138573637094	27.171542250398478	28.77323442349868	0.0
100.0	23.126930439758297	25.735402055740465	24.713223905547384	26.424443598953857	0.0
101.0	22.628266385474678	22.290656257769975	28.611484735648574	26.469592621106774	0.0
102.0	24.612213841075075	24.94293297545369	24.47770941051711	25.967143772954127	0.0
103.0	25.655533922420247	26.81743297888273	25.19005541410813	22.336977684588888	0.0
104.0	24.38125076753959	27.555345220587135	23.29785927592187	24.765544735951405	0.0
105.0	27.06564226984769	23.05671623908583	21.614473349208488	28.261970016923517	0.0011981249344775425
106.0	24.664078740063143	22.571871873670844	26.084742615123798	26.67900724260015	2.995285420747743E-4
107.0	25.388324797076706	25.42007368137299	22.928684817443916	26.262617186330004	2.9951777638002815E-4
108.0	23.238945208966623	24.827121486650395	24.479417798475612	27.454216019526513	2.994863808568305E-4
109.0	24.892040656201146	25.204089577805593	26.60681236935572	23.296458454369585	5.989422679547918E-4
110.0	23.913948355837444	25.697507628638768	23.024564366545984	27.36397964897781	0.0
111.0	23.683792856650886	24.489343670736346	25.539254880470036	26.287009669604384	5.989225383535021E-4
112.0	24.828639446615462	25.134977316623996	23.480513258171257	26.555570528080974	2.9945050831723784E-4
113.0	27.720169242332144	22.509050512188622	23.354663296991546	26.41521863462281	8.983138648756284E-4
114.0	26.40938803498654	22.894564270250363	27.442455166383695	23.25329308863117	2.9943974823105966E-4
115.0	25.875384426497057	24.529030751125205	25.86160945561914	23.73367591086995	2.994558886503224E-4
116.0	26.377413974324803	24.914580719348628	24.890324937638685	23.817380914592697	2.994540951844787E-4
117.0	25.62242092843582	26.227323634926243	23.928992807048015	24.220663716019143	5.989135707826004E-4
118.0	25.277071560973713	25.38607350444243	25.816990528210244	23.51926549459632	5.989117773006448E-4
119.0	26.8476594317474	21.20346413684059	25.1296655646591	26.818611949595134	5.989171577787361E-4
120.0	24.58898571556913	23.549546312101338	26.165363998442785	25.69580450992723	2.9946395951247265E-4
121.0	27.084936708481695	23.625838870904467	25.179153777277342	24.10977118027377	2.9946306272852775E-4
122.0	26.376390614940032	24.626349439262132	24.150208872984262	24.846751613337926	2.9945947564645817E-4
123.0	23.51604189999341	27.487437787852837	25.305595649491824	23.690026292305756	8.983703561739005E-4
124.0	24.946846420593044	24.518024303912703	23.421713012595152	27.11311680611371	2.994567853913002E-4
125.0	26.63837840589562	23.258460276154914	24.94557454415873	25.156987869187258	5.989046034802347E-4
126.0	24.939808825643237	24.68197498921949	24.632863782281635	25.745052944276747	2.9945857888936803E-4
127.0	25.450973815969146	23.468605514697074	27.34829791821383	23.73182329971492	2.9945140502599235E-4
128.0	25.290316398459634	22.668335599168728	26.639935798003272	25.393027615243184	0.008384589125187905
129.0	23.858777025813023	27.597772054860155	22.787925974725997	25.752530394681678	0.002994549919147152
130.0	25.138650982834825	26.03404285902519	24.043517841955847	24.783788316184133	0.0
131.0	24.566599486717237	25.830940110023388	25.04274860823708	24.559412330165994	2.994648563017887E-4
132.0	26.45942012493487	25.434067809806727	22.319979397126378	25.782040762545893	0.0044919055861337865
133.0	26.149073344852265	25.10787769170188	26.099963167366884	22.641289082268532	0.001796713810440704
134.0	25.467661229708728	23.450287319321212	22.408511479297736	28.673539971672323	0.0
135.0	25.525887908395937	24.4080860225357	26.782928443311903	23.282798187801497	2.994379549585428E-4
136.0	27.853188042557143	25.877149641713903	24.65182017721163	21.612452126210133	0.005390012307194768
137.0	28.301372652357227	22.648464449980835	24.48974702951322	24.560415868148716	0.0
138.0	25.90520906945825	23.984896213872485	27.23652217657416	22.87277365880535	5.988812897507456E-4
139.0	25.586841104480023	23.432320504029057	25.283201926042597	25.696139230840636	0.0014972346076796157
140.0	25.58542749682581	22.284275207819277	26.237932108377453	25.892365186977457	0.0
141.0	25.009133103758046	25.76912711483755	26.119778409941606	23.10106303338823	8.983380745620602E-4
142.0	28.87930647262274	23.663776969261406	23.576936321849406	23.879680785758133	2.9945050831723784E-4
143.0	25.278038964383466	26.59112551131021	23.927521216004983	24.20331430830134	0.0
144.0	27.672488912977727	26.418405205585284	22.906491709811977	23.00261417162501	0.0
145.0	27.26877998239236	22.80728021895756	23.84427422397633	26.079066675450523	5.988992232277075E-4
146.0	27.136585774860457	22.10969503868912	25.095524998203288	25.65460077138682	0.003593416860311909
147.0	25.455231456111825	25.488769310467703	26.33530068782546	22.717105204056885	0.0035933415381298453
148.0	24.283275939511903	25.146578829166046	23.61940410241054	26.950441682886662	2.9944602485402E-4
149.0	27.81953311214651	25.464731880846582	23.616584220675776	23.09735414246188	0.001796643869252237
150.0	24.693369106937524	24.139996167113836	25.565051264852436	25.601583461096205	0.0
151.0	26.027963358358015	24.281825613813385	26.06779123008232	23.622120340064143	2.994576821376487E-4
152.0	27.06843473365197	23.567039206526037	24.236053712820883	25.128172877660788	2.9946934032893714E-4
153.0	24.167475233885554	22.532971574370215	27.168457493321835	26.130796229082065	2.9946934032893714E-4
154.0	22.69359543360945	25.033690906150614	25.341550919686867	26.928467468061022	0.002695272492048946
155.0	26.667725016698967	24.60813591610679	24.412241315788684	24.311298685349538	5.990660560186669E-4
156.0	25.282687682155707	23.534591986197352	27.491770231451945	23.690950100195	0.0
157.0	24.846634955248557	23.374390433855332	27.151304201962596	24.627370867830482	2.995411030301578E-4
158.0	24.777361406914153	22.393563325814693	26.070807010606973	26.75826825666418	0.0
159.0	26.091957810482675	21.56356436118109	25.300829471552632	27.043049244069532	5.991127140704616E-4
160.0	25.829556381675317	22.377127998969513	25.32030447272956	26.47301114662561	0.0
161.0	24.19096347465573	21.506606794618705	28.770036815917415	25.529996435236633	0.0023964795715094526
162.0	24.333837604661266	24.20861854620074	26.482632595898924	24.974911253239068	0.0
163.0	25.04605927341683	24.534389426288687	26.379756088062333	24.039795212232146	0.0
164.0	25.78752010928667	24.164097770827528	24.57961480043499	25.467868580381726	8.987390690860723E-4
165.0	26.03926996452881	23.162328635797145	27.288850541654686	23.509251270252133	2.9958776723228837E-4
166.0	23.95950674687822	23.747693118903243	26.035400139012054	26.25710040025885	2.995949476308031E-4
167.0	26.301913247727533	23.772986835561362	26.301014446728065	23.62378586964989	2.996003331555705E-4
168.0	24.763833669394103	25.413983923012623	24.70930493844545	25.112577860736017	2.9960841180576986E-4
169.0	25.56686760705169	22.65283254035786	26.00040747354418	25.77989237904627	0.0
170.0	30.87571273194687	22.42120622859557	23.90165123100755	22.801429808450013	0.0
171.0	24.915803729804882	23.067680617479265	27.652032695718876	24.363883695287406	5.992617095738051E-4
172.0	26.885517952036043	24.443885284302976	24.964802866095127	23.705793897565854	0.0
173.0	28.38282246808714	21.124782106038733	23.401362174207346	27.090434230467412	5.990211993602454E-4
174.0	23.558674309810897	26.989703319017412	23.907886934176716	25.54313644450035	5.989924946240424E-4
175.0	26.727783501449554	23.80351965881592	22.672628602918273	26.7924743033759	0.0035939334403526845
176.0	24.239864864864867	24.15360839562967	29.354454188230783	22.2514735480161	5.990032585777267E-4
177.0	21.36378884815374	26.38110128675149	26.013586370498164	26.21456641027484	0.02695708432175976
178.0	24.15574536393694	22.595416646700848	25.74093152522881	27.507906464133402	0.0
179.0	28.855922558075452	24.10355940528819	23.507529741580708	23.532089757874182	8.985371814685692E-4
180.0	26.461265068920802	22.338624465683683	26.048520724268766	25.151589741126745	0.0
181.0	27.834267137027048	22.68315935412663	26.44333570919458	23.038636315791056	6.014838606843082E-4
182.0	25.261090913464862	23.762956815126884	25.27341999777475	25.702532273633498	0.0
183.0	23.518939530631638	25.47033067494256	26.66269712388582	24.347731947602036	3.007229379428145E-4
184.0	26.021996264785223	22.38722929466995	26.70708638210465	24.881282122997433	0.002405935442737233
185.0	24.665842737849307	25.177640857246814	25.991345740378225	24.16486996057771	3.007039479421325E-4
186.0	26.544390513824485	23.20540348724611	24.59356561592176	25.656640383007645	0.0
187.0	23.59239392478303	23.565573770491806	28.282907425265186	24.55852217936355	6.027000964320154E-4
188.0	26.66116160763797	28.346131591002244	22.263845022542615	22.728259035127902	6.027436892735733E-4
189.0	24.668235946556074	25.40214052991829	25.88709021149111	24.04193051566216	6.027963723714311E-4
190.0	28.91091973944785	22.20782078448985	24.75607146194353	24.125188014118766	0.0
191.0	25.748678358900662	24.707970907290385	25.753810945694212	23.78923787124453	3.0191687020895665E-4
192.0	26.81272759114214	23.701484966151952	24.863067883304247	24.622719559401666	0.0
193.0	27.17831798278726	25.592329759927523	22.289294881473655	24.939755397855954	3.0197795560924054E-4
194.0	28.87554057645382	23.92669904085429	23.485479935251625	23.712280447440264	0.0
195.0	25.580580565463872	22.179400829379233	26.304852744411654	25.934863828977534	3.020317677013268E-4
196.0	28.0898195794326	22.180796128090424	26.210501767255344	23.51827678217177	6.057430498556817E-4
197.0	24.10068891137461	24.60995013420745	25.39217052525705	25.89658452645674	6.059027041437685E-4
198.0	27.36598419845383	23.413170382416837	24.61284998240227	24.607692027622367	3.0340910470041385E-4
199.0	25.67498927864275	22.19214497099911	26.155853556905313	25.976403889495504	6.083039573213944E-4
200.0	27.770950570342208	24.645171102661596	24.55239543726236	23.03148288973384	0.0
201.0	24.53555686025182	21.565006829375136	27.715399100165182	26.18373300641566	3.042037922044736E-4
202.0	24.462482544183374	24.703137027019626	28.71820303206394	22.11617739673306	0.0
203.0	25.1971858415697	24.90658016456497	24.133051755197428	25.76257364039145	6.085982764496811E-4
204.0	25.73784959980523	23.989165829757447	24.693386895523297	25.578989013664444	6.086612495815455E-4
205.0	28.455079177154126	23.987801574716876	25.044207117574192	22.51230342669836	6.087038564432824E-4
206.0	24.56129670496918	22.107297770337112	26.74469218476524	26.58671333992847	0.0
207.0	25.940595868015176	22.947251127984362	26.992772375495488	24.119076179284058	3.044492209144437E-4
208.0	27.905794078328316	22.830684527706637	22.809368214941518	26.454153179023532	0.0
209.0	26.32406107325928	21.140813883719584	25.62353994645582	26.911280522162357	3.045744029580266E-4
210.0	24.05580771925549	23.927255003503216	26.2412038870442	25.77512413562007	6.092545770250099E-4
211.0	24.971357531141066	25.41866757672525	25.790105550544816	23.819869341588866	0.0
212.0	27.332254199932326	23.020293195057935	25.761109129651476	23.88573379547069	6.096798875750288E-4
213.0	28.68431968183094	22.67473069087094	24.0920347936415	24.548914833656628	0.0
214.0	27.230555597943024	25.050890391100666	25.071338104466452	22.64721590648986	0.0
215.0	24.164786174252846	26.460515774732297	24.283425370441716	25.09127268057314	0.0
216.0	26.21300035587739	24.534806356279688	25.581085890235034	23.671107397607884	0.0
217.0	27.701484342340883	22.505974181552727	26.605541794313453	23.18699968179294	0.0
218.0	24.122442032000606	24.362005270391247	26.005219956878616	25.510017525942175	3.1521478735610444E-4
219.0	25.118403623738537	23.386581875589634	25.7305130347222	25.76450146594963	0.0
220.0	27.716655598692274	21.57648395995096	25.90672251736821	24.799499387004495	6.385369840621168E-4
221.0	24.27807245667791	22.87412776476041	26.617014702474446	26.230785076087237	0.0
222.0	24.064954859889788	25.36118601894191	26.0389390445669	24.5349200766014	0.0
223.0	29.709363840761803	23.271723317021557	25.067782039412776	21.95113080280386	0.0
224.0	29.745055644722708	23.574394142381514	25.193330591996183	21.4872196208996	0.0
225.0	29.441166145667907	19.90170675849618	25.50308420120025	25.153708563882248	3.343307534143528E-4
226.0	25.43918987478776	22.25273796075195	26.93145458604198	25.376279349789282	3.382286290240751E-4
227.0	25.90861127521454	23.3583870890632	27.692538852672303	23.040121296147685	3.414869022698634E-4
228.0	27.551904303588614	26.57259727760209	24.173655987900453	21.70184243090884	0.0
229.0	26.459654038757645	24.711120975460886	23.713395941128326	25.115829044653136	0.0
230.0	25.25763098427979	23.7811063615439	27.57648474502753	23.384777909148784	0.0
231.0	25.227431151433233	24.594763864365756	25.53881102426286	24.63864011917357	3.538407645791241E-4
232.0	24.253996953346334	24.63589641377543	26.46887145684145	24.641235176036787	0.0
233.0	23.18361192673126	24.833890039173813	22.946981884815997	29.035516149278926	0.0
234.0	26.412389082742628	21.328300451350028	26.285469747843837	25.971280385659213	0.0025603324042984326
235.0	24.158801653504806	22.367875187056434	28.254411568607114	25.218911590831645	0.0
236.0	28.00904260137073	22.971830560671478	24.639201714924067	24.37954771896984	3.774040638869599E-4
237.0	26.84760870807382	25.176085176085177	23.816543816543817	24.15976229929718	0.0
238.0	26.126119157658618	23.06305957882931	25.228859281031852	25.581575232533403	3.867499468218823E-4
239.0	27.632051459126693	23.23671592904639	25.12223515715949	24.008208204258004	7.892504094236498E-4
240.0	24.699188851403786	21.834437464772623	28.158619168593113	25.307754515230478	0.0
241.0	29.324648667656163	19.792778316139824	24.947560811059454	25.932967792320365	0.0020444128241927637
242.0	25.283924527065494	24.065086600564367	22.741402400815836	27.907538692779944	0.002047778774363448
243.0	27.78740138087302	22.667416486737217	25.88315942433522	23.659559795414058	0.002462912640488642
244.0	25.113404096941483	22.67794058982468	27.091138647046968	25.11628289541325	0.0012337707736154008
245.0	27.938492970684063	21.03069172752699	24.543907994842833	26.484023907500546	0.002883399445563478
246.0	23.86167693818116	26.54052091841365	24.902028727239724	24.69247333118828	0.003300084977188163
247.0	24.95237386823368	23.09361169309349	25.46933951543252	26.335907830521222	0.14876709271909053
248.0	25.914235599755102	23.11485446693032	24.01419754107855	26.948852448165738	0.00785994407029272
249.0	26.24005901392049	21.84385347639236	27.84470718900617	24.05728991831711	0.014090402363872207
250.0	25.70883213344675	22.499221975559657	26.355733521442353	25.435797423183054	4.1494636818191244E-4
