# Position (bp)	A	C	G	T	N
0.0	23.902124445359778	24.025924342845176	25.410216598045547	26.66167708591609	5.752783340399669E-5
1.0	22.809054042196145	30.397982586792182	24.233963956575373	22.482950690489147	0.0760487239471467
2.0	24.320840219590377	25.907285207376617	22.339713375450263	27.43124652352399	9.146740587575181E-4
3.0	26.06637507296506	21.898485182524023	24.465598758994265	27.5627442401867	0.006796745329950573
4.0	25.84875486274725	23.0707107373112	24.60361760999397	26.47680264095118	1.1414899640202363E-4
5.0	29.10040058976666	23.013329045779894	22.639707534120827	25.245707600258623	8.55230073994506E-4
6.0	26.54544399184641	23.11089638312329	24.360510840159293	25.97700286013127	0.006145924739737158
7.0	26.07325394431864	25.004075090716917	23.621668009884722	25.299980632669904	0.0010223224098183845
8.0	28.38202634617522	23.72533874139961	23.283211175460444	24.60936702486032	5.671210440471572E-5
9.0	26.967961295266207	25.521117769531624	22.45527637224048	25.055418193013207	2.2636994848385895E-4
10.0	24.405072567434534	24.178721657365905	23.118214208368368	28.297991566831193	0.0
11.0	27.159685648226965	22.636403077615892	22.609602996336957	27.594088605022822	2.1967279736831988E-4
12.0	28.552661183199994	25.044673955840928	19.757138097689936	26.645418593884536	1.0816938460273711E-4
13.0	25.832887292857738	23.154192105190205	24.539121126111812	26.4735329177871	2.665580531452784E-4
14.0	26.974749775398905	22.39583992374107	22.72625660622472	27.902942801587606	2.1089304769978954E-4
15.0	24.792458921269077	24.211525556033624	23.90208887922368	27.093874741984724	5.1901488898012016E-5
16.0	26.87178831323298	24.903838037625814	20.971262677290227	27.25305981506823	5.115678274993285E-5
17.0	28.1199202637614	26.709690512227358	19.178384841317285	25.990254904038597	0.0017494786553607024
18.0	25.859286663625003	25.147388466802877	19.87046477951241	29.122512943603578	3.4714645613060643E-4
19.0	24.182200884842743	24.886189777221386	23.29321645217801	27.637801215586364	5.916701714906686E-4
20.0	22.449732449664133	25.969802872542978	24.499715517333925	27.08060277143696	1.463890219944626E-4
21.0	23.680974702125116	23.900261371500577	23.45108207413807	28.967197561888675	4.842903475606537E-4
22.0	22.435880543208434	26.071005389824354	26.370514608680732	25.122455716860053	1.4374142642283649E-4
23.0	24.42801214186367	24.73923802364649	23.600795211938863	27.231191463300625	7.631592503486684E-4
24.0	27.649226979168535	21.902083713144897	24.00530303531232	26.443244581013925	1.416913603220739E-4
25.0	25.385864714415085	25.263670139033074	19.2728699581907	30.07726858964878	3.2659871236124805E-4
26.0	26.27446356334507	26.202369225141382	19.52029643632069	28.002824352566847	4.642262601653945E-5
27.0	25.336043729453188	23.826475364203688	20.946007908872886	29.891380366023895	9.263144633813998E-5
28.0	27.054427145982977	24.49860810392824	22.992656745827176	25.451558579922327	0.0027494243392789633
29.0	28.277532434003334	22.876334486875077	22.62478464674807	26.220758578852298	5.898535212213417E-4
30.0	24.102996322974903	23.630840547137012	25.581955518216514	26.68380240503645	4.0520663512358125E-4
31.0	26.345943058616445	24.332103400404563	22.791923848719144	26.52926789265616	7.617996036849591E-4
32.0	23.869037633506682	23.042589885401494	23.845915558715426	29.242190641284754	2.6628109164596333E-4
33.0	24.37145561187552	24.808090381155385	25.071135026214353	25.749143148772756	1.758319819912884E-4
34.0	27.026378279391285	25.83902620196158	22.836909951787554	24.29755463779128	1.3092906830438565E-4
35.0	25.519480939535665	22.60608373709734	25.948753776190753	25.925293416220857	3.8813095538434665E-4
36.0	23.93349535766685	23.935993783227982	26.263751032754357	25.86654444483692	2.1538151389081538E-4
37.0	25.372982008761152	26.57536912806588	20.445188535316543	27.606417267042072	4.306081435750897E-5
38.0	26.96617169139821	25.540698022323177	20.448736631341223	27.044307554812413	8.61001249743314E-5
39.0	22.843083115723797	26.824788850242605	22.08874164945374	28.24304205434306	3.44330236800208E-4
40.0	25.632817966874587	26.095451388201514	23.20741384044268	25.06423073314702	8.607133420035857E-5
41.0	24.458694325703405	23.779109245679063	21.55618227493397	30.20067833718746	0.0053358164961070055
42.0	24.825096895889413	25.866125334746897	20.70388065455497	28.604811061620968	8.605318775428717E-5
43.0	26.49563052476294	25.600827044670478	23.1535509273062	24.74556029221901	0.0044312110413733145
44.0	29.954962899236477	23.950489299924723	23.14984406925476	22.944445639316054	2.5809226798580496E-4
45.0	25.69853570503871	24.44976039513513	22.048292573410443	27.799024376816604	0.0043869495991102235
46.0	25.282963853649665	24.47971162393449	22.2199572785756	28.017367243840248	0.0
47.0	26.143058142794974	23.353784708426	22.47277593445928	28.02891917320715	0.0014620411125960862
48.0	21.860255562018477	24.508219590909892	22.36169811215306	31.26982673491857	0.0
49.0	21.4924027027515	26.83402529939103	23.264245630898515	28.40726293535183	0.0020634316071295
50.0	27.025948910302233	24.513245692124972	20.278810976199495	28.181865465601263	1.2895577203886382E-4
51.0	24.861851382732596	26.52612477709473	21.8868584636954	26.72271551377704	0.002449862700238668
52.0	22.13733384924111	26.445349666218537	21.39886220028947	30.018454284250883	0.0
53.0	22.6405451010507	23.595833151410396	24.428868987232864	29.333040544416168	0.001712215889877123
54.0	22.202504620510357	29.354600949697858	22.51235060920541	25.930329808990372	2.140115960043179E-4
55.0	24.046373656186894	27.94026435611719	22.496504230329204	25.51545006488183	0.0014076924848843687
56.0	26.206350614520563	25.366502999242513	24.786146161037827	23.641000225199097	0.0
57.0	22.701777609843596	28.01963806393118	22.678790908013106	26.59420666878764	0.005586749424479515
58.0	25.36152564611529	25.005383494568107	22.483306902684756	27.14931489967938	4.6905695246875337E-4
59.0	27.484282495101937	22.057761963744742	24.35122787344131	26.103700355815747	0.0030273118962697975
60.0	22.615887004023467	23.215979063842763	24.33389696198338	29.834109227570426	1.2774257996579053E-4
61.0	24.405334659447973	24.65206521350389	23.110158912358923	27.826054746508305	0.006386468180912465
62.0	25.350795852523966	21.9814611874479	24.500362312361794	28.166997473605694	3.831740606487903E-4
63.0	26.08579966171932	24.455360020298546	22.710017339758366	26.746438921094946	0.0023840571288203985
64.0	24.39270971418187	21.363370406949244	24.066868382011382	30.177009036428498	4.246042900319047E-5
65.0	23.537131345381056	26.45940845435189	22.88962810277007	27.10869486765265	0.005137229844333444
66.0	23.6607008291774	24.769185898167965	22.429649831646973	29.139911533466613	5.519075410523688E-4
67.0	26.830483895070028	25.461335602016007	21.312541603836383	26.395171917240628	4.669818369537162E-4
68.0	23.181140508020707	22.325199138073025	26.40903664887683	28.08458125393734	4.245109209679528E-5
69.0	22.91490413901276	24.410433173228967	25.413678417322682	27.25818262085828	0.0028016495773117325
70.0	25.068035573491137	23.913253584054665	24.404678134511204	26.61382075911592	2.1194882707519097E-4
71.0	24.57601047983266	22.729235775106172	26.017325529802026	26.676245008345834	0.001183206913308965
72.0	26.264723131605233	26.765550449489666	22.330357580479692	24.638143495287075	0.0012253431383319447
73.0	24.310766883010988	22.995801269674416	22.933399129496483	29.755850042207	0.004182675611114257
74.0	24.57863489575963	26.174966682366257	22.8455265664568	26.399773587934266	0.0010982674830454957
75.0	26.316967708171855	24.413738863266488	21.664555440901236	27.602161433375166	0.002576554285253282
76.0	27.091300282058494	24.14324415419198	25.244530945761817	23.52007987856026	8.447394274525108E-4
77.0	24.757098468616974	25.49459841054445	23.46113089800395	26.286116358755585	0.0010558640790394509
78.0	27.155007667458257	26.98202001098911	20.291756183696336	25.570667104766915	5.490330893796306E-4
79.0	27.279745492032266	20.061887026403134	23.779585220935502	28.87561484764955	0.003167412979551604
80.0	24.35920229633518	23.501835133978926	28.251688065653497	23.884994047586368	0.002280456446026875
81.0	25.124025573676345	24.761830359028064	22.5583388934402	27.555002829320202	8.023445351891422E-4
82.0	22.214902835136435	22.49136453081321	24.671472125803373	30.620782555085423	0.0014779531615529487
83.0	24.613283709334777	22.740222674603466	24.162563354839037	28.48266348113701	0.0012667800857103406
84.0	23.333005393276835	26.911366247536755	23.77686451867337	25.977708239472808	0.0010556010402314891
85.0	25.105025252503925	27.73819305055821	20.64076592647261	26.51496024028933	0.001055530175918881
86.0	26.173161514653465	24.878990771423542	22.499504986234605	26.446738418683275	0.0016043090051131017
87.0	21.623454009622638	22.53649438594995	26.383523395287632	29.45559946453652	9.28744603255081E-4
88.0	25.37069603811354	26.659003546760935	25.166510336769214	22.80315687895169	6.331994046237065E-4
89.0	26.372530727921866	26.417950391259165	22.695775211501136	24.51230847549491	0.001435193822925786
90.0	22.615458774883777	26.623455013139935	24.8833530172039	25.877690984899843	4.2209872551510817E-5
91.0	27.050180498863153	24.8043804265201	23.659258327575575	24.485378811252595	8.019357885793371E-4
92.0	26.143779815553494	23.963949743369408	22.157047539017938	27.735222902059164	0.0
93.0	25.475464258989856	26.62958587773131	21.387714551360858	26.506686654672173	5.486572457997122E-4
94.0	27.8073907134959	23.30881297848455	22.9194837642332	25.959923358064707	0.004389185721641218
95.0	23.55113855768204	27.480520423222636	23.422125794407588	25.543767484985437	0.002447739702295769
96.0	25.950387903095123	23.77286400097229	24.547572989250796	25.72782470426187	0.0013504024199211366
97.0	25.391726771104633	25.698508374673594	23.907992525838015	25.00143474202494	3.375863588104132E-4
98.0	27.935824354996537	23.099063197954656	23.941556312558784	25.02351393810043	4.2196389592513687E-5
99.0	20.94638030350581	22.466271508451527	27.40604446964098	29.181303718401686	0.0
100.0	22.542852298236305	24.895711100556856	24.672539182678722	27.88889741852812	0.0
101.0	23.73371900331472	22.107570038706186	28.161416215263234	25.997168210569736	1.2653214612438362E-4
102.0	24.753533127712274	25.194457005176524	24.549669633999013	25.5022558699863	8.436312589003098E-5
103.0	26.534034593436438	25.68611159145835	24.66922820617722	23.110499078436252	1.2653049173966773E-4
104.0	25.356537025274545	27.068429296980774	23.111958572789057	24.462484637296804	5.904676588210385E-4
105.0	27.557985043465056	23.46590070311742	20.789035248663993	28.183156394066312	0.003922610687216085
106.0	26.569481665937	23.28015615734168	24.303251618976763	25.846941848429868	1.6870931469432823E-4
107.0	25.948655960009887	24.385087048173208	22.129991488773026	27.535253265940835	0.0010122371030448936
108.0	23.656280824687837	25.071006164199567	24.340132915948523	26.932369237957836	2.1085720623479455E-4
109.0	26.21451053551308	25.096482764669766	25.366786314290916	23.32125049759468	9.698879315579604E-4
110.0	24.981699469874965	24.313687953191124	22.1909951271676	28.513406614165792	2.1083560051882424E-4
111.0	24.885683973323168	23.296096641107557	25.057389934454875	26.759775264221403	0.001054186892999187
112.0	24.99004881142329	24.25555832914484	23.95394454995328	26.80019531315884	2.5299631974686875E-4
113.0	29.209080950529714	21.886698099126093	22.49062465477563	26.4125000105412	0.0010962850273607443
114.0	26.83467698578254	22.017346673295325	27.36218654610269	23.78515728935143	6.325054680097709E-4
115.0	26.965620719669108	23.94560479599479	26.0406897110123	23.047114846127375	9.699271964212216E-4
116.0	25.949761839999496	25.349923354439856	25.156822930833446	23.54332319123858	1.6868348862757006E-4
117.0	26.007059389114033	26.98044540781256	23.333473902610795	23.67805137244814	9.699280144730129E-4
118.0	27.36419512297977	23.467302035781685	25.243819383677902	23.92409307032988	5.903872307676088E-4
119.0	26.992841021419583	21.636384951975465	24.357943868479914	27.01211324815881	7.169099662293235E-4
120.0	24.92571616532634	24.31343856349444	24.60779063049538	26.152885957550893	1.686831329518283E-4
121.0	27.1738584957738	24.03896799996964	24.069626560181234	24.716577003380877	9.699406944522344E-4
122.0	27.34133634493525	22.71483599111701	24.57303542315228	25.37003315517313	7.590856223279132E-4
123.0	24.25615413713458	27.453189001265553	22.984357466038542	25.305202946411892	0.0010964491494295722
124.0	25.095652225250504	24.9626057045119	21.716818809193576	28.224754580827554	1.686802164673218E-4
125.0	26.800006747126147	23.117045770816993	25.348025200516155	24.733741534465164	0.001180747075542511
126.0	24.216598344323526	23.871606004494474	26.11951722157398	25.792025409923518	2.530196845097554E-4
127.0	25.66817814372962	22.862169400411823	27.68103040763495	23.787399147596094	0.0012229006275166977
128.0	26.67375679564404	22.499506614736113	24.85742430964016	25.95986627150865	0.009446008471045453
129.0	24.021639619953014	27.266106685907133	22.66530487802307	26.043237913950083	0.003710902166703003
130.0	26.896015444165233	24.239166966421678	23.77555525662051	25.08926233279258	0.0
131.0	26.078610634127582	24.137381377288534	24.403808071573394	25.37935652766486	8.433893456310745E-4
132.0	25.438447418147835	27.162887079627506	22.019424140974515	25.373253284270458	0.005988076979681443
133.0	27.270722295246085	24.913857848476685	24.133254560336614	23.68005681101776	0.002108484922856862
134.0	27.095790139080467	22.866910605344355	21.1130232807236	28.923938615841283	3.373590102898715E-4
135.0	26.36854103535726	23.506131836379783	26.987417527412145	23.13719272293006	7.168779207504109E-4
136.0	27.60050822877717	26.988837268535992	23.98846575380592	21.416116317424546	0.006072431456375694
137.0	28.815968693466704	20.805434787192322	24.295792762894337	26.08255074028312	2.530161635159126E-4
138.0	26.075883288784652	24.042119058190735	26.70943171233486	23.1713431184413	0.0012228222484496512
139.0	26.660161726749514	24.457744807046584	24.674988435740456	24.205755691154785	0.001349339308657572
140.0	26.72539713060697	21.816334895206097	25.31895263443744	26.13902016941091	2.951703385856787E-4
141.0	25.135741683449886	25.576912696886584	25.03057245122745	24.25647798614836	2.9518228771333244E-4
142.0	28.189764449591	22.759808415514666	23.38273631156853	25.66731129780019	3.795255256217682E-4
143.0	26.991824595035553	25.065183536513114	24.025367496829904	23.917287015456395	3.373561650363227E-4
144.0	28.877206950238087	24.494385528715025	22.822315520297952	23.805375116177473	7.16884571463271E-4
145.0	28.89080716183973	22.584009250442573	22.043683207764705	26.480361786091105	0.0011385938618826608
146.0	27.503182838522655	22.047972619365407	24.020172807362677	26.424159462845658	0.004512271903601004
147.0	26.646377179513888	23.67413739809045	27.243464990092114	22.43197209345084	0.004048338852709204
148.0	24.484072747882713	23.775267119945788	24.145273103972357	27.59492315017039	4.638780287545339E-4
149.0	28.02320074659375	25.566070637113857	23.22976017826486	23.178227329025436	0.002741109002097159
150.0	25.219200306338518	25.424156968125867	23.83759841398968	25.519002139393304	4.217215263114169E-5
151.0	26.619609788066917	24.28009259552129	24.700222210694875	24.39910542166261	9.699840543056117E-4
152.0	27.228644124195167	23.36126224569711	23.354851824376386	26.05498876278447	2.530429468706811E-4
153.0	25.34699773314355	23.423143022826718	24.58200221413886	26.646676155833198	0.0011808740576730455
154.0	23.208240354642623	25.12565039393723	24.472483438862653	27.19122182750943	0.002403985048056505
155.0	26.73798438362221	23.759245540287182	24.232765705394858	25.26991999432991	8.437636584242208E-5
156.0	26.355923944478405	23.64359088916649	26.01862785673333	23.98135104907732	5.062605444579025E-4
157.0	24.49672088613069	22.709820044255906	26.527219070963444	26.265691546024666	5.48452625295057E-4
158.0	25.02431181222885	20.919296596515046	26.89934846452711	27.156747798858095	2.953278708927804E-4
159.0	26.411465125629753	21.341341729886224	24.857236520954746	27.389112805404146	8.438181251289459E-4
160.0	26.24066345923819	21.545168752845317	25.60883971000661	26.605243694103642	8.438380624127946E-5
161.0	25.443866124576175	20.575262311377994	28.69653565021324	25.28011665409327	0.004219259739317256
162.0	26.206989959612294	22.135983203573968	24.89160465614752	26.765337793477546	8.438718867456418E-5
163.0	24.900145909758738	23.598983610680023	28.33130376150126	23.169566718059983	0.0
164.0	26.417884815569803	23.368669251000348	24.491111729040757	25.720308820420595	0.0020253839684951525
165.0	26.840179758212546	21.56436061354094	27.46878494419478	24.125661961727534	0.001012722324197734
166.0	24.501682859477015	22.99031638433337	26.114662314075254	26.39295865938384	3.797827305196778E-4
167.0	26.38151628668138	23.393328345353858	26.469755415987784	23.754682560681808	7.173912951740244E-4
168.0	25.35151116674108	24.635870808304773	24.30602972789799	25.706377293294384	2.1100376177506493E-4
169.0	26.56089237981173	22.32713559483688	25.566958449071436	25.544549357817058	4.6421846289670634E-4
170.0	32.08858251350392	22.453837249002635	22.386818805847824	23.070423807246854	3.3762439876480115E-4
171.0	25.48182799628938	23.311333519595983	26.57197095990823	24.63364359288837	0.001223931318038975
172.0	27.571663712332235	25.103359500295436	24.293956275850427	23.030767282856417	2.532286654849329E-4
173.0	29.092506751786235	19.48101881805862	23.616416663817812	27.808031913928282	0.0020258524090550536
174.0	24.396849715740025	26.150989106533125	23.302311643474262	26.14934305768346	5.064765691277207E-4
175.0	25.442324916659135	24.061006607332644	22.940832843010213	27.55389403786786	0.0019415951301417448
176.0	24.156006203372346	23.647571119705333	28.80123290759018	23.393585740010487	0.0016040293216559999
177.0	22.20717971059277	25.55615781888366	24.403611553662085	27.807004435078404	0.026046481783082196
178.0	24.441685931004617	23.301400327785682	24.948939128350084	27.307341496038166	6.331168214496602E-4
179.0	26.9977902115023	24.05929915724112	23.356134748554773	25.585256257373878	0.001519625327933035
180.0	27.551261479057203	22.31884364772578	24.88333594421464	25.24617788146034	3.810475420316608E-4
181.0	27.621520130875172	21.98564663280044	26.493955417147646	23.897690819703683	0.0011869994730570196
182.0	26.170157492961916	22.100844146680394	25.819937694440004	25.908975907980004	8.475793768681178E-5
183.0	22.414327947328808	24.042461401807692	27.29309199151077	26.249228714207252	8.899451454763664E-4
184.0	26.485995352761666	22.156088047494553	26.45268576557594	24.900950594593084	0.0042802395747560795
185.0	25.256042839847638	25.36176949555037	23.62217403666914	25.759420372149357	5.932557835023194E-4
186.0	26.753312358453464	23.2288459973691	25.188545071129255	24.829254193845863	4.237920232170222E-5
187.0	23.967527495919054	23.137360204824734	27.613907415889212	25.280015227593893	0.0011896557731020528
188.0	27.964833536284324	27.82215884901721	22.228019473097877	21.984393309670352	5.948319302381112E-4
189.0	25.7251183142566	23.103253992601587	24.50530661429595	26.6650888599766	0.0012322188692649773
190.0	29.090280944211884	20.80371640327837	25.15766540047075	24.948082284744924	2.549672940703531E-4
191.0	25.962571168395698	23.953090559389974	25.09731666425538	24.98659608690842	4.2552105052636954E-4
192.0	26.67895124328143	23.138227020678094	24.357336488171484	25.82535757905891	1.2766881008413375E-4
193.0	27.340528586361764	24.52534824252866	22.19860975385527	25.9353857311646	1.276860897071392E-4
194.0	28.265766340962607	22.9359164917263	24.095034758224752	24.703282409086345	0.0
195.0	26.72764976114931	21.502820187853587	24.71620383004031	27.052602495490554	7.237254662388455E-4
196.0	28.694372601323714	22.038882849558014	26.638745736576492	22.627742526595007	2.5628594677368026E-4
197.0	25.9518223003006	23.691441930252388	23.610610304408826	26.745356453798657	7.690112395264942E-4
198.0	27.770125828305098	22.781478162544534	24.081163088708337	25.36701884663024	2.140738117940113E-4
199.0	25.56460126275766	23.58840569017354	25.049083173082902	25.79713775502982	7.721189560780131E-4
200.0	27.31968160749179	22.834431176898313	23.5851974509724	26.26056106920168	1.286954358163688E-4
201.0	24.740314454184144	20.38799671885833	29.880869845758884	24.99017545184341	6.435293552350684E-4
202.0	25.149911529028945	25.79739718574785	28.593371627848708	20.459319657374497	0.0
203.0	25.56544405554192	24.366664892859166	22.67938772742644	27.387645030220533	8.582939519458381E-4
204.0	25.280025545437145	23.295661825108176	24.142283621306063	27.28177149366128	2.575144873358667E-4
205.0	27.56185611037121	23.280310642208214	25.506516850846157	23.65032922254036	9.871740340609378E-4
206.0	24.24137583194006	21.224735957624443	25.72361883462931	28.81005475083114	2.1462497504984665E-4
207.0	26.074196445590818	23.941559523216657	26.81687356929793	23.166984075738554	3.863861560416198E-4
208.0	28.63679577056555	22.200623319429308	21.961532482946314	27.201005486894232	4.294016459823894E-5
209.0	27.73680621049937	19.84131892371043	25.391033668836354	27.0303258313277	5.153656261434675E-4
210.0	24.41685699202459	24.57475866945071	25.42375939152013	25.584238354214357	3.8659279021628146E-4
211.0	26.035021687150767	25.914243914385704	25.17638667792379	22.873660262565977	6.874579737605884E-4
212.0	29.244779767372584	21.574454055462112	24.631133077513958	24.549160262227037	4.7283742430840003E-4
213.0	29.944339952524874	21.27666712401296	23.281263239207455	25.497256567399585	4.731168551320491E-4
214.0	28.14234652415256	25.016141306593575	24.83428258563932	22.007229583614553	0.0
215.0	25.423223436774528	24.07674463160402	23.10675690370286	27.39288667036038	3.8835755821479804E-4
216.0	24.928905316554754	24.269139666990405	26.97567234259602	23.82623900390584	4.366995297619463E-5
217.0	29.219743892582983	23.2140328783459	24.740062668135902	22.82550098891831	6.595720169096677E-4
218.0	25.33586636525894	23.610227271718706	26.524367784875118	24.529139186287903	3.993918593288619E-4
219.0	26.730362864949157	22.76694099216804	24.168567950998607	26.333456228051983	6.719638322186947E-4
220.0	28.67720379451746	22.138403364708434	23.834925626756107	25.349107390637304	3.5982338069358657E-4
221.0	24.828162216499962	22.350496934148232	24.185065631400416	28.636093846849338	1.8137110205162458E-4
222.0	26.12074361957934	23.824877470004594	24.17734439503405	25.876530794948692	5.037204333277924E-4
223.0	29.992544762661062	22.308097054140017	24.99642509568943	22.70233148548959	6.016020199019204E-4
224.0	30.344912351493814	22.0638620072308	24.45475648812298	23.13623724812215	2.319050302520112E-4
225.0	31.226604112921198	19.567469193181616	24.598558044176098	24.60643631050998	9.323392111105E-4
226.0	24.737863655546676	22.86180533927794	26.26302056872965	26.137074139204596	2.3629724113519084E-4
227.0	27.763961608707955	23.57191160897044	25.71845272269207	22.94424233226479	0.0014317273647482952
228.0	27.345979632600308	27.90093972026597	23.553864266891107	21.199024551660635	1.9182858197914343E-4
229.0	28.01211434033344	24.861534502457793	22.104027374810258	25.02227541017229	4.837222621561823E-5
230.0	26.065048746813574	21.728920800997614	27.230817174211275	24.975164509218025	4.8768759512956154E-5
231.0	25.226649381125338	24.41956614747174	24.83350589094822	25.518739955508924	0.001538624945775879
232.0	25.14876121390349	24.66479406173803	24.316227833155697	25.869867276128982	3.496150738037421E-4
233.0	23.077880289929702	24.446846642686275	23.273085594415075	29.201883966405873	3.035065630765044E-4
234.0	27.040002961164028	20.443855867397428	27.9331332148525	24.58182554733981	0.0011824092462346693
235.0	26.28774809784089	21.345273332416735	27.44141765006498	24.925301504865324	2.594148120669394E-4
236.0	27.760071072868143	23.445663263288598	24.786610040360742	24.007286550725095	3.690727574216577E-4
237.0	28.649020384351697	23.82157624224462	22.904983030783054	24.62431388580164	1.0645681898508328E-4
238.0	26.564045923746093	22.336465414806717	25.480794949619938	25.61869371182725	0.0
239.0	27.17295967483153	23.55310179890349	24.887016573827996	24.38549577494919	0.0014261774877883553
240.0	26.07686570784803	21.759135461057724	25.921218460135915	26.242667542217696	1.1282874063944559E-4
241.0	28.144505059382936	21.28318649053816	23.938105733590756	26.631886821654632	0.0023158948335210523
242.0	26.153242597882535	24.26510964904832	22.293985577886545	27.286869626947546	7.92548235051691E-4
243.0	27.557831666229077	23.52060209692776	24.301066610261664	24.61789108428597	0.0026085422955285614
244.0	26.675890125312147	21.99510796844327	26.019016991429	25.308962190448327	0.0010227243672603203
245.0	27.097089766921695	22.110551046950487	23.905957812211728	26.885091689310926	0.0013096846051699515
246.0	24.54645903485319	27.02330067956275	23.40815007538338	25.02043594010173	0.001654270098953874
247.0	26.62318760183257	22.583054488182132	25.004503651818244	25.654402055152147	0.1348522030149018
248.0	26.845523465579962	22.360687610709654	23.591590016751724	27.191321164765736	0.010877742192929927
249.0	25.000387905842896	20.999096035717223	29.73732165669701	24.245609336864902	0.01758506487797057
250.0	26.17652191994415	22.338292495937765	24.2235960447275	27.260322340769292	0.0012671986212879
