# Position (bp)	A	C	G	T	N
0.0	24.220659451363723	23.512509554697314	25.02464732717153	27.242148393311727	3.527345570165429E-5
1.0	22.48152517727566	30.396784510511704	22.858740353795273	24.18435613726314	0.07859382115422148
2.0	24.072221898351607	26.69476614941798	22.563741834070704	26.668497511151877	7.72607007826509E-4
3.0	26.45612909745752	21.46636835500959	24.291427937803704	27.77916188273208	0.006912726997111393
4.0	26.70569786263525	23.115603968950843	22.55790858620854	27.62071944948621	7.01327191577341E-5
5.0	28.97065124738067	23.234840822195306	22.060666491256406	25.733175767738132	6.656714294873524E-4
6.0	25.03850508952805	23.988522107675728	23.831283518142605	27.135042937153887	0.006646347499731522
7.0	25.581612145910697	25.610905734001648	22.93146766811866	25.875211409625614	8.030423433753197E-4
8.0	28.03631800779508	23.856720843143428	23.36373198838722	24.743159430991845	6.972968242662084E-5
9.0	26.475742473307985	24.809183681281244	22.802819773491095	25.91204528229401	2.0878962566108018E-4
10.0	24.362191493475514	24.66546437856357	23.070960499758662	27.901383628202257	0.0
11.0	27.569739990901432	22.784478326294057	22.423631244161975	27.222116790089558	3.3648552977627745E-5
12.0	29.074338541062644	23.87130336818039	19.820838648751636	27.2334863069302	3.313507513378286E-5
13.0	25.0601826416603	22.06130692200003	25.039637251373016	27.838873184966655	0.0
14.0	27.24380762341459	21.46256529684378	22.724658621251166	28.568968458490463	0.0
15.0	25.890020992693213	23.45294884677311	24.388196768152078	26.268833392381595	0.0
16.0	26.915249191294755	25.098070365487235	20.7956083489904	27.191040821789635	3.127243797424652E-5
17.0	29.300273033208455	26.437972862745863	18.627525801393986	25.63297669693314	0.0012516057185560012
18.0	26.073885865354818	24.897683364967463	19.948747869538273	29.079561851177566	1.2104896188410288E-4
19.0	25.021597801606728	24.12640460833232	20.881851386090567	29.969725516356483	4.2068761390492765E-4
20.0	23.798202517333124	25.788746814185398	23.117023927436218	27.295967200064542	5.954098071735569E-5
21.0	24.055758264662998	23.959990027342098	23.608377032638003	28.37572697603963	1.4769931727467582E-4
22.0	22.75650858358638	27.11016874694788	25.47704996557108	24.656243514476053	2.9189418602241338E-5
23.0	25.19878688100952	23.559072768266105	22.7192099918264	28.522669035994326	2.613229036458901E-4
24.0	28.683847714844855	21.17590292874162	23.5425857173429	26.59757757892146	8.606014915945052E-5
25.0	24.881824845825783	25.00316553265836	18.57895122354225	31.535973226691315	8.517128228772335E-5
26.0	26.926778429680127	24.37247858586787	20.132710236627677	28.567919956530236	1.1279129409117429E-4
27.0	26.282083862770012	23.60866848722683	19.77698372026087	30.332179687883915	8.424185837539577E-5
28.0	27.680655779843754	22.74006463843361	23.29933555590272	26.27664784241252	0.0032961834074005133
29.0	28.96611274682041	23.164592217261387	21.392877594385418	26.476116194727027	3.012468057568812E-4
30.0	24.578112437346526	24.059368346383533	24.722730848192285	26.639543574830032	2.4479324762305757E-4
31.0	26.65184375525305	23.41735780250609	21.971284804810463	27.95908053556294	4.331018674540459E-4
32.0	24.49712726331863	22.740895553218206	23.669916093559735	29.091873792769636	1.872971337919616E-4
33.0	24.44926472124079	23.98410859794547	25.101747118255624	26.464853122717084	2.6439841033099773E-5
34.0	26.031967555566478	26.039261905869935	23.068657353254142	24.860034751435208	7.843387423075978E-5
35.0	25.929870437011093	21.282338464525477	25.28195221800002	27.50568396875534	1.5491170807198438E-4
36.0	24.758370467922912	24.006883472315614	25.57836204412923	25.65617767653406	2.0633909818981288E-4
37.0	26.446021679142202	24.587827906500674	20.83678920987898	28.129361204478148	0.0
38.0	26.96408328689501	25.848274788398477	20.787623160359388	26.39986411313458	1.5465121254283192E-4
39.0	23.49084810804724	27.27810356605671	21.32524435838835	27.905494742793323	3.0922471437299666E-4
40.0	26.922313892869525	25.862871223609908	22.25785474195924	24.956779788966855	1.8035259447513014E-4
41.0	25.10477055069071	23.207308125887472	20.857583151803176	30.82490257137381	0.005435600244833861
42.0	24.859895654234553	25.13411560459884	20.467302117180992	29.538583591879526	1.0303210609215965E-4
43.0	26.733299028175043	24.321172515284083	22.558191283708297	26.383087659981282	0.004249512851299501
44.0	30.007637739393942	24.14135946611017	22.36098850785456	23.489679523957165	3.3476268415810273E-4
45.0	25.73760475646961	23.44608715645581	20.979307081124098	29.83252096030551	0.004480045644970801
46.0	25.49834808637785	23.992742032442024	21.655708402297154	28.853175734105886	2.574477709270926E-5
47.0	25.195416323972143	23.831768844337528	23.192046655365793	27.77873453369733	0.0020336426272088513
48.0	23.74389185897751	23.195661511640566	22.586076308043584	30.47437032133834	0.0
49.0	22.340129318087186	25.645882753179293	23.856680602441322	28.15548021807952	0.0018271082126712784
50.0	27.96999302935416	23.94021867088388	19.371370741865583	28.718366095025676	5.146287069670691E-5
51.0	25.399479881156857	25.592003095602458	21.479318226491483	27.526291523832946	0.002907272916257161
52.0	23.433121587692142	24.815180017997182	20.555444968535713	31.196253425774962	0.0
53.0	23.103216880291022	24.120280723952902	23.39392720238854	29.380911651600094	0.0016635417674389081
54.0	23.172099572145736	27.765435855256843	21.553014492894558	27.50932212520143	1.2795450142656474E-4
55.0	24.253003364870384	28.373477660106776	21.767146072711192	25.604919229339103	0.0014536729725470033
56.0	27.274957307695935	24.866517223415453	24.392713608779122	23.46581186010949	0.0
57.0	23.3772482021267	26.834575259284872	22.954060213139073	26.82853263045067	0.005583694998692039
58.0	26.511936312474315	24.320510715709677	20.70390134021575	28.46342219498441	2.294366158405079E-4
59.0	28.012224324356016	22.202789805143926	24.13134036774936	25.650408182721478	0.003237320029222549
60.0	24.65122560639387	21.7454590403096	23.27965434379648	30.323559274097555	1.017354024957729E-4
61.0	25.065655811725048	23.497672705873914	21.98016961794637	29.44948298035043	0.007018884104236532
62.0	25.40038265851034	21.539722435262355	24.66756414768462	28.392101895797268	2.2886274541715067E-4
63.0	27.058686221366507	22.53677630714081	22.62264469025975	27.77899405583301	0.0028987253999287524
64.0	25.66007161405502	21.112908788444372	22.78993041467175	30.436987746490303	1.0143633855392357E-4
65.0	24.792632547308077	25.70375107385811	22.887580368200208	26.61045752694661	0.005578483686992295
66.0	25.163973415363145	23.913394044319222	22.820880278868906	28.101295864127472	4.5639732125198914E-4
67.0	27.837141017901594	24.542280472991422	20.13676884862809	27.48302369089794	7.859695809489086E-4
68.0	23.51020619265014	22.478672501553497	26.59228293031931	27.418736963852584	1.0141162445957111E-4
69.0	23.491178189294672	23.335847391991603	25.152637163026352	28.017041514925268	0.003295740762102023
70.0	25.126501489629522	22.203538423586117	24.56156819087499	28.108164181842334	2.2771406703649117E-4
71.0	25.23303867094004	22.153268997351798	25.609249572986254	27.003408796596702	0.0010339621252107958
72.0	27.23552696410317	25.083552837619276	21.70000963246838	25.978918510830475	0.0019920549787001414
73.0	26.089272900285067	22.31731737536705	22.58491116934933	29.004186999475053	0.004311555523506046
74.0	25.09429771429047	25.854049500974053	22.359040012585634	26.691856423930147	7.563482196949547E-4
75.0	25.446983308572708	23.871294824066773	21.889242980280322	28.790109127431805	0.002369759648388173
76.0	27.653279695030047	22.732810714484685	25.023690278628933	24.589236155839806	9.831560165240796E-4
77.0	25.014859938462962	24.151294591789046	24.46762600446378	26.365337195825	8.822694592091539E-4
78.0	27.855704451840108	25.669522843745106	19.92344205257574	26.55062486278074	7.057890583034697E-4
79.0	28.03294316210599	19.79662331076057	22.369016045600578	29.798317150276333	0.0031003312565314905
80.0	25.043119342594807	21.79201038846602	28.00611068444757	25.15618868111901	0.002570903372596741
81.0	26.014804882536335	24.533661322559425	21.444446404762566	28.006507696068915	5.796940727541266E-4
82.0	22.731934144451234	21.288480319574575	23.893869990107806	32.08453100289205	0.0011845429743370024
83.0	25.09663787398189	21.90452596407274	24.06483419718108	28.932918269737236	0.0010836950270495319
84.0	23.627439689300385	25.20054424347108	24.67507560967189	26.495453591248356	0.0014868663082898844
85.0	25.13786968530129	26.43161703929198	20.731281374110434	27.698551498901274	6.804023950164305E-4
86.0	26.166274317698342	24.467053018264764	21.917540695180886	27.446763259606	0.0023687092500112136
87.0	22.191152799070284	21.085429070497604	25.344888235750652	31.377647956473574	8.81938207881403E-4
88.0	25.242700099075666	26.117851660651237	25.42273458909805	23.21583174674527	8.819044297807535E-4
89.0	26.5323801043432	25.81617334697969	21.552922703086505	26.09718843809227	0.0013354074983382995
90.0	23.231505522234443	25.31104535072834	24.513354270834515	26.943767314066296	3.2754213640618247E-4
91.0	27.75845470754922	24.094590634913395	23.374344712767076	24.77177851386008	8.314309102329242E-4
92.0	25.634442887732035	23.6316166191045	22.829438039136942	27.904477259975646	2.5194050878377987E-5
93.0	27.25248551820186	25.1040928447459	20.828394376530028	26.814750133084154	2.771274380601281E-4
94.0	28.402290838083662	22.500659423380544	22.8583477961403	26.233285475277356	0.005416467118139698
95.0	24.138228127701854	25.632699969971	24.05338108414771	26.172944877636862	0.0027459405425776973
96.0	26.218244796422834	23.824215133671316	23.785193815536733	26.17128821992002	0.0010580344490978366
97.0	26.286666211552166	24.003746381650792	22.831742573803492	26.87776926047504	7.557251850708E-5
98.0	28.100543404332928	21.97250835560992	24.576123460497136	25.350799589297967	2.5190262049258047E-5
99.0	21.812339218325615	20.957607153155443	26.713197602015697	30.51685602650324	0.0
100.0	22.63727170487723	24.266229773063454	24.2649706653075	28.831527856751816	0.0
101.0	23.72520411842797	21.560707731419836	28.306990489582052	26.40702211711049	7.554345964871284E-5
102.0	25.707067947268712	23.936927134260504	24.041405606885455	26.314498585171613	1.0072641371410269E-4
103.0	25.823199873493323	25.478026012431094	24.577219935276123	24.121428276457372	1.2590234208572843E-4
104.0	25.315317810640607	26.744212983363507	22.842153502929705	25.097862461254124	4.532418120607646E-4
105.0	28.10250279125914	22.809132264639064	20.898838322514948	28.185598462578998	0.003928159007847757
106.0	26.44201884400789	22.245351823136865	23.910456465345973	27.401971424269178	2.0144324009365095E-4
107.0	26.45946307994779	24.276601252155416	21.972598021046526	27.290506703946626	8.309429036468826E-4
108.0	23.741291773552373	23.79328682231441	23.64180875289435	28.823411217635915	2.0143360295221086E-4
109.0	26.10792823651514	23.932257058990302	24.605738440055173	25.35314465044584	9.316139935471883E-4
110.0	24.429174823590138	23.930229191189895	22.509961413293215	29.130508677287974	1.258946387768077E-4
111.0	24.9232599954627	23.339813628360073	24.020307554248028	27.715662011110588	9.568108186095675E-4
112.0	26.155960024866747	23.69109034741685	22.91401710507862	27.23873109091143	2.0143172635298542E-4
113.0	30.000516158921553	20.647817214277712	22.118819783742	27.231940417635514	9.064254232188425E-4
114.0	27.290879187175126	21.40788491695396	27.14118884098126	24.15971972528485	3.273296047973427E-4
115.0	27.56219531848032	23.33548205148866	25.319965956246726	23.781576084766932	7.805890173643286E-4
116.0	26.938166662427992	23.83654100135243	24.164966791048627	25.060149283534216	1.7626163673030635E-4
117.0	25.826730651367818	26.1694338925196	23.805083691606363	24.19797117666818	7.805878380385994E-4
118.0	27.39183586623844	23.891327858347005	24.351720239361736	24.36476351508727	3.5252096555492464E-4
119.0	27.34828874743161	20.689285282623583	24.65805164981266	27.30366927198743	7.050481447161678E-4
120.0	25.205763881492295	23.07222024559975	24.368557249407704	27.35333272397965	1.2589952059980546E-4
121.0	28.36740639424165	22.816062881334297	23.882281815281548	24.933493511258074	7.553978844326848E-4
122.0	27.01940097445517	22.977552279394175	23.975928187437837	26.02676604262927	3.525160835463118E-4
123.0	25.142037585950238	26.774198259391202	23.141953989994672	24.940928881999778	8.812826641124577E-4
124.0	25.932110738091957	23.665031095327528	22.389642998597253	28.013013732605113	2.014353781458226E-4
125.0	27.12619263258796	23.468496471547407	23.934281925212968	25.469996633573967	0.001032337077695451
126.0	24.396084846620067	24.36733027944051	23.836805997064616	27.399602622960394	1.7625391441059558E-4
127.0	26.87248084891237	22.161076610393458	27.223701623738283	23.741733760099265	0.001007156856623164
128.0	26.242889429623485	22.333007348260832	25.00916518277993	26.405067842495832	0.00987019683992555
129.0	24.828228706100376	26.563869109367605	21.535769319864233	27.068834412674114	0.0032984519936750294
130.0	27.031303427357926	23.157037845013264	23.087895447428863	26.72376328019994	0.0
131.0	25.8620819893793	24.667391835306145	24.408974969092203	25.060795822222893	7.553839994561235E-4
132.0	27.39038146795921	25.424801712199418	20.71174619161526	26.46617147173612	0.006899156489991187
133.0	27.281675089990916	24.74120687536636	24.624727307886772	23.35025048394667	0.0021402428092877476
134.0	26.87139892853213	22.765859570078366	20.21429357373587	30.148347211587584	1.0071606605060328E-4
135.0	27.738119847326132	22.85742054278839	25.956068620151612	23.44783705722853	5.539325053385245E-4
136.0	28.286075352083774	26.89158868950785	23.14307015690776	21.67196390142032	0.0073019000802957215
137.0	29.474452562096005	20.395347759790027	23.74813424943952	26.382015071034488	5.0357639958988735E-5
138.0	25.924802254310926	22.86994104388776	27.34004100944466	23.863830918623645	0.0013847737330075674
139.0	26.449781746246558	23.02043958926952	24.828935736940338	25.699181192788174	0.0016617347554090094
140.0	27.361069392854382	21.18686251321521	24.99317051505521	26.45846955585562	4.280230195815496E-4
141.0	26.621889634081707	24.438203590975	24.891689383759363	24.04766346927836	5.539219055719256E-4
142.0	29.471162634472904	22.341750893464578	23.19271390148801	24.994120784023035	2.5178655147599794E-4
143.0	27.499489500581753	24.680173058673315	23.673928977256274	24.146282569674042	1.2589381461027935E-4
144.0	28.58330578350087	24.259748800921344	22.80851678836013	24.3475725471228	8.560800948536746E-4
145.0	28.50667214558617	21.372444157069744	22.47799745492103	27.641778372670263	0.0011078697527889363
146.0	27.11231007539576	21.313251968488075	24.689720151395818	26.879128084166084	0.005589720554258561
147.0	27.311717172022366	23.544474373171102	26.509130443759254	22.630976786017325	0.0037012250299497088
148.0	24.929335819651616	23.143633224074314	22.895849080547347	29.030602764325327	5.791114013941981E-4
149.0	28.953269606712546	24.124270939190463	23.95592348373984	22.96399288136515	0.002543088992000097
150.0	26.39062521638522	23.42834769186996	24.416486948902243	25.76448978409948	5.035874309613107E-5
151.0	27.558678802205588	23.229840815477594	24.900752033431317	24.31014920307018	5.791458153189608E-4
152.0	27.698725215531894	23.018791147970784	23.21252937926714	26.069752813787193	2.0144344299075022E-4
153.0	24.567319653150662	22.670883933994276	25.34872781956099	27.412136906578517	9.316867155575567E-4
154.0	23.16261178436477	23.578978168652682	24.108331306269896	29.14698148850416	0.00309725220849191
155.0	28.07546958810041	23.6766954941304	22.933701535001994	25.313957073139274	1.7630962791616124E-4
156.0	26.912166889911276	23.06790985115739	25.715889793901315	24.303806778139524	2.2668689049562318E-4
157.0	24.846676682942064	22.477302809300777	26.30957343512489	26.365968507923395	4.785647088752344E-4
158.0	24.477366002229623	20.769270294682002	25.820832214575766	28.932329986212206	2.0150230040063695E-4
159.0	27.23533637473754	20.944833575812776	23.819726273621594	27.99954963305673	5.541427713586774E-4
160.0	26.56405696639346	20.967390921044014	24.5655733162723	27.902852853609268	1.2594268096703827E-4
161.0	24.88287200857629	19.512062419899568	29.079731668587733	26.5208754826177	0.004458420318709043
162.0	25.898476149789516	22.16137053822422	25.561141416604364	26.378986706109707	2.5189272191245013E-5
163.0	25.793074818341065	23.306779532077417	26.609463141990457	24.290556556724997	1.2595086606334522E-4
164.0	26.01128636441727	22.32354412599698	24.663492324194042	26.999460418878186	0.0022167665135250465
165.0	27.48596703632775	21.686590678817062	25.95930755429665	24.867353791910585	7.80938647948323E-4
166.0	24.96373556665476	21.900845809020588	25.713007380863967	27.42218451202609	2.2673143460032538E-4
167.0	27.035806492572057	22.991477667801366	26.854138828257422	23.118199114411077	3.7789695808064625E-4
168.0	26.99792603879456	23.785956722939744	22.845267176187942	26.370698898724587	1.5116335316596528E-4
169.0	26.600158627619148	21.465143747461603	25.265706301063933	26.668739374015505	2.5194983981029185E-4
170.0	32.034826943640155	22.402894837888475	22.90125764802988	22.660944984575444	7.5585866047736E-5
171.0	26.314556220352774	22.6600247974093	26.124607359655407	24.90000536664111	8.062559414134121E-4
172.0	27.900010454414343	24.337725446926214	24.24983279234888	23.512305349511227	1.259567993369634E-4
173.0	30.331978126923197	18.632295360599187	21.97908167236787	29.05465472969892	0.001990110410821767
174.0	25.214014976891775	24.758123147474972	23.998093502036237	26.029037818087648	7.305555093710119E-4
175.0	26.11771979091273	23.421245751607973	22.402059936368907	28.057185857058535	0.0017886640518581574
176.0	25.516494778870396	22.870029043226236	27.761928179991415	23.850011185975404	0.001536811936544279
177.0	22.240752116044447	25.26139076161475	24.793182701169727	27.678924615554397	0.02574980561668265
178.0	25.720589728351197	22.346689750193548	24.364348547483683	27.56779253445083	5.794395207480916E-4
179.0	28.678688893020933	23.859972154068725	22.122297354838093	25.337479484663827	0.0015621134084256364
180.0	27.619333601767117	21.523915250754307	25.294019664417334	25.562276510552962	4.549725082861868E-4
181.0	29.358509105366988	21.59826984098846	25.139017972685163	23.90321543164074	9.876493186485918E-4
182.0	25.539756700558975	22.058393081229116	25.30326340491602	27.09838424944523	2.0256385065777545E-4
183.0	23.538442100423023	25.209137615450118	26.183783849479152	25.06805407257194	5.823620757713829E-4
184.0	27.081480686217112	20.763861176551615	25.736104387000847	26.41432515704033	0.004228593190091216
185.0	25.512981383695188	23.730775540958504	24.04680306335539	26.70888300145633	5.570105345883287E-4
186.0	27.21021222980049	22.15403017848208	24.8493911838643	25.78636640785313	0.0
187.0	23.979624995937996	23.122720201150358	27.37685531959835	25.51998708283235	8.124004809410847E-4
188.0	27.62687009753145	28.155123143104348	21.70574931857972	22.51172428780918	5.331529752982609E-4
189.0	25.352034005284	22.76863174026235	24.665027539669364	27.2131642006133	0.0011425141709841009
190.0	29.434821545779716	20.67150473459818	24.536271417286788	25.357097606128864	3.0469620645605556E-4
191.0	26.91563486202767	23.89381161500985	24.015572111477145	25.174497931980035	4.8347950530377016E-4
192.0	27.344821601527293	22.851688249158812	23.849888054023157	25.953551199188514	5.089610222380339E-5
193.0	29.188766970997616	24.125413330835702	20.757428756423934	25.928110976275214	2.799654675321502E-4
194.0	29.215957523979935	22.66635783654317	23.2513703276187	24.866314311858186	0.0
195.0	27.199075606207025	20.872100068326528	23.808180650863655	28.120109078060263	5.345965425350466E-4
196.0	28.982229790173275	21.85317391590889	25.93503959635778	23.229428975613793	1.2772194625767033E-4
197.0	25.344973520371394	24.125216746151963	23.01204785417797	27.517046524384277	7.153549143988426E-4
198.0	27.912585433807845	22.269050234694895	23.812607712537805	26.00562858028153	1.2803867792382723E-4
199.0	25.741873447474557	22.40503526762508	24.907901468439945	26.944624794794404	5.650216660126112E-4
200.0	28.07934282695166	23.40806548305517	23.43580557483378	25.0767090593489	7.705581049613154E-5
201.0	25.039153216805687	20.334705097996704	28.124172401047097	26.50173810228975	2.3118186075197296E-4
202.0	25.70301562142763	24.694982698517492	27.61717355172334	21.98480243941912	2.568891240851536E-5
203.0	26.717389941405546	24.38882316726604	21.487056494672437	27.406010941879362	7.194547766144309E-4
204.0	26.69630770211222	23.18910781888097	22.5504516052106	27.564004387051416	1.2848674479346012E-4
205.0	28.255096166695793	23.58422681154206	24.955694445872183	23.204134499737865	8.48076152098603E-4
206.0	25.913910646473344	20.662986975435167	25.047028510110586	28.375919655077137	1.5421290376472252E-4
207.0	25.821494141714517	24.013109356547453	26.358377253122455	23.806685062336026	3.341862795452804E-4
208.0	28.417865779111338	22.25822666342704	20.961809666691092	28.36202075676176	7.713400877013681E-5
209.0	27.496073205529502	19.97072005118462	25.151851482307052	27.380480925602292	8.743353765351016E-4
210.0	25.710989824998197	23.667784647990207	24.153875039866666	26.46704184199426	3.086451506702744E-4
211.0	26.030721416874524	24.572270969020018	24.69988023767226	24.696175452453325	9.519239798655214E-4
212.0	29.04020294252244	21.568717283214053	23.386804103120582	26.004018286653224	2.573844897017892E-4
213.0	30.003358261038866	22.636971466627795	22.32120736695337	25.038025095275206	4.3781010476023197E-4
214.0	27.78483358237689	25.101090723157547	24.058226194777664	23.055797955660797	5.154402710391121E-5
215.0	25.80143977789973	24.634096264970783	22.417432288472092	27.146644284469122	3.8738418826871545E-4
216.0	25.638455538425564	24.495835005207876	26.274622330733493	23.590904025943658	1.8309968941061257E-4
217.0	29.213448387458406	21.775921550544354	25.710530434911362	23.299359298422253	7.403286636221532E-4
218.0	25.49791037559755	22.698337820650643	25.25043937201091	26.552991527046384	3.209046945147761E-4
219.0	27.63414853171246	22.30172005271164	23.78188177964543	26.281519333011637	7.303029188314288E-4
220.0	29.320741635464532	21.368639423957262	23.714382431391982	25.595964831921425	2.716772647967664E-4
221.0	25.32906231640278	21.86162485267755	23.905271427668406	28.903795124725022	2.4627852623646185E-4
222.0	26.65963916121703	24.579429266164553	23.805859256486972	24.954906224878698	1.6609125274881024E-4
223.0	30.40873927000844	22.05965332373352	23.923675889649683	23.607089756083052	8.417605253034617E-4
224.0	30.85458811095778	22.335353815325185	23.439731864322084	23.370100866359465	2.2534303547772582E-4
225.0	32.1196827276708	19.233131861774176	22.769292376524934	25.87692878388772	9.642501423686975E-4
226.0	25.707190330591562	22.000574192900103	24.922756700113403	27.369191679944876	2.870964500523951E-4
227.0	27.971919243995742	22.731770714512606	25.123040756678495	24.171670881124392	0.0015984036887669712
228.0	27.978627033850756	28.058987516364315	22.626998784365064	21.335182111464373	2.0455395548905927E-4
229.0	28.242540468284293	24.359380092485438	21.162391537440545	26.235658380134996	2.9521654724173278E-5
230.0	26.285225356540625	22.636161841340613	26.893839254241808	24.184714005354063	5.9542522888145793E-5
231.0	26.70324761866718	23.401096460169494	23.923028689779727	25.970841761357104	0.0017854700264975857
232.0	24.665808354006106	24.995007742191575	25.02131808410712	25.31759143605992	2.743836352721992E-4
233.0	22.61168578038674	25.331163614946846	21.438549232975312	30.61786015075816	7.412209329439041E-4
234.0	26.29421816483814	21.092866709025355	26.96862629016455	25.64296905490478	0.001319781067174971
235.0	25.439291443807626	21.64997017914837	27.374648767776893	25.535866351554354	2.2325771275662676E-4
236.0	29.35394566021341	23.00777391007505	23.355188296205114	24.28276886711941	3.232663870196908E-4
237.0	28.728828772958277	23.911173054890966	22.218388816173853	25.141511435481817	9.792049508602315E-5
238.0	27.6828983785962	22.567264663153093	23.487887191016004	26.261949767234704	0.0
239.0	28.45292815898676	22.530594501182865	23.596737708111753	25.418461040483898	0.0012785912347187318
240.0	25.797778320813197	20.937120785252393	26.368232010686754	26.896625560121144	2.4332312650751712E-4
241.0	29.08706574991649	20.569396503730097	23.077225531677986	27.26335458189511	0.002957632780313996
242.0	27.12884880140204	23.779482100256136	20.28766629956216	28.80309636789659	9.064308830763427E-4
243.0	28.22568593877876	21.914916497445624	25.67253144438889	24.18414275459271	0.00272336479401586
244.0	27.174181884205257	22.286564685048642	25.961233364900128	24.577215444943114	8.046209028616167E-4
245.0	29.525294463363323	20.596962722860464	22.732897574166497	27.143057905082724	0.001787334526992431
246.0	25.18421391592019	26.563830933478027	22.3796349168857	25.86979326978253	0.002526963933556291
247.0	26.431478367485617	22.442060820970198	23.92655169515162	27.054333554797644	0.14557556159492288
248.0	26.288479058914977	23.26859196320824	22.884276619742902	27.546859224483534	0.01179313365035154
249.0	25.62169939573044	21.31705020533175	29.06816943528038	23.975060435772335	0.018020527885091803
250.0	27.680879649271674	20.65206477160232	24.4740135765804	27.19176919813322	0.0012728044123886295
