# Position (bp)	A	C	G	T	N
0.0	24.00445786760094	24.082455815488682	24.825351887152493	27.08768531266224	4.9117095647193864E-5
1.0	23.021873111072143	30.555786866728518	23.47154203130832	22.876098088564202	0.07469990232681624
2.0	24.674334594814372	26.5126043849498	22.12007983298408	26.69244362430801	5.375629437337754E-4
3.0	25.889236487321178	22.347866550196507	24.456975782963163	27.300257175097325	0.005664004421829659
4.0	26.423667978551247	23.65387908512516	23.16927701938262	26.75302955570094	1.4636124003097003E-4
5.0	28.270074884904904	23.738875440012166	22.449488747773138	25.540781282282175	7.79645027618925E-4
6.0	25.82956224569181	23.90340047418153	24.157860704674817	26.103630023582575	0.00554655186926096
7.0	25.872718760077863	25.50496170897265	23.20439171468425	25.417345000019427	5.828162458085798E-4
8.0	27.539376398505933	24.350758624301776	23.70605163281478	24.40376484828969	4.8496087820595507E-5
9.0	26.348986867918097	25.613272679033795	21.91717550821215	26.120419699865792	1.4524497016668312E-4
10.0	24.488382206609174	25.122084425582802	23.09457594437352	27.2949574234345	0.0
11.0	27.23743881673963	23.29571956009868	22.703415023405583	26.763286110065245	1.404896908664842E-4
12.0	28.303586143286	24.46543461611791	20.27883864778813	26.95209442899752	4.6163810434775385E-5
13.0	25.330069512808183	23.318449679168147	24.447268709565286	26.90393839006548	2.7370839290292385E-4
14.0	26.348753375325344	22.3161931656602	23.08307250076963	28.251980958244822	0.0
15.0	25.40737628330603	23.23774752138862	24.494530813825772	26.860256266873293	8.911460628498584E-5
16.0	25.73968836091329	24.378869032720964	21.91480729154317	27.9665035843852	1.3173043737139815E-4
17.0	28.14390416406515	27.029462537748955	19.07184845321029	25.753359948669193	0.0014248963064097016
18.0	25.59190841959659	25.770194863052172	19.991278628523602	28.646446577097525	1.7151173011600195E-4
19.0	24.693883476325766	25.312307596403542	21.75188571535924	28.24132545316517	5.977587462778844E-4
20.0	23.605100170409905	25.271504657121618	23.38308816327465	27.740222207052064	8.480214176289236E-5
21.0	23.968985841911444	24.554361876165533	23.47251863172139	28.003839110793944	2.9453940768966655E-4
22.0	22.673346362410197	27.21062645503175	26.055359396491824	24.06066778606623	0.0
23.0	25.63206575035929	24.21261795012365	23.22515074084941	26.92991655458024	2.490040874020947E-4
24.0	28.16854064636068	21.523302631351854	24.231457381173303	26.07665824807212	4.109304204393503E-5
25.0	24.96308614860395	25.007541539532525	20.181689019884832	29.84739832152402	2.8497045467036045E-4
26.0	26.535543653361604	24.953652446397605	20.199879646195452	28.310883758148787	4.049589655080251E-5
27.0	25.0164915978692	24.666057766845768	20.33780609435739	29.979442561774317	2.0197915332762677E-4
28.0	27.39816299518956	23.732430692455644	22.546934793127026	26.319872361354925	0.0025991578728491965
29.0	27.375882871549003	24.034235108817324	22.132760106588474	26.456804921296893	3.1699174830855187E-4
30.0	24.17611130042789	24.811376215813784	24.53754020576854	26.47469682863351	2.754493562748544E-4
31.0	26.46660348634792	24.799566897740657	22.279400280201187	26.453959593563436	4.6974214679207214E-4
32.0	24.428355017621875	22.291906031131724	24.635584560972625	28.643960572893167	1.938173806123699E-4
33.0	23.6535103414276	24.585521233445807	24.94639996682634	26.81445327198254	1.1518631770843732E-4
34.0	25.86828016146116	26.879696814865632	22.70873104045895	24.543253909935377	3.8073278878391666E-5
35.0	25.31500206021554	22.487987097853082	25.429123689013664	26.767661169494346	2.2598342336261826E-4
36.0	24.099915410110448	24.251710612268244	26.294135000647216	25.354088461156383	1.5051581770728284E-4
37.0	25.403940816285075	25.278190092362646	21.514357700811832	27.803473774410048	3.7616130398572996E-5
38.0	27.416827339095352	25.17982337878793	20.97345868227173	26.42970256891616	1.8803092883142163E-4
39.0	23.014367883077753	28.37700146107693	21.375412549319805	27.232879720207155	3.383863183643759E-4
40.0	26.086186680541022	26.168966674849433	22.495557436045686	25.24925161546926	3.759309459963918E-5
41.0	24.25019480219261	24.196405716302603	21.54514129689959	30.00367239251674	0.00458579208845617
42.0	24.361415887827636	25.78803776913591	20.937155047316654	28.913353711498253	3.7584221542448935E-5
43.0	25.788834039329338	25.89304235675396	22.41189079659799	25.902512423826085	0.0037203834926208637
44.0	28.429992233320522	25.30964327006139	22.86913239013455	23.391119382543344	1.1272394019769524E-4
45.0	25.153551703786185	24.73950966392379	21.69571272447627	28.407581766822315	0.0036441409914392737
46.0	25.09569620633567	24.752279241342265	22.146562637346126	28.00546191497594	0.0
47.0	25.380213212376262	24.19361745123242	23.173492913329042	27.250948608019616	0.001727815042658251
48.0	22.658737668673325	24.008987899979573	22.675972988236424	30.656301443110678	0.0
49.0	22.738755259385417	25.932308903051588	23.82153346144344	27.505750311451738	0.0016520646678186062
50.0	27.165122858867736	24.66319309911907	20.01367351168218	28.157972986367035	3.7543963981822713E-5
51.0	24.721136632633105	27.164623514277164	20.728890563935586	27.382759139755073	0.0025901493990665705
52.0	22.72029570451428	26.016662227052723	21.788913403550417	29.474128664882578	0.0
53.0	22.602045834378888	25.081048414390473	23.918042467162724	28.39725521770788	0.0016080663600370826
54.0	22.865282238220814	28.3255002385828	22.897030952940103	25.912074383985185	1.1218627109288872E-4
55.0	23.967997730653163	27.790204857074073	23.10105498500477	25.13936141027962	0.0013810169883751962
56.0	26.828726683734782	25.254454255708243	24.547670052921113	23.369149007635865	0.0
57.0	22.675696512975676	27.5751145834655	23.08984642345093	26.654528519173372	0.004813960934520429
58.0	25.577002798120756	25.112863258499118	21.68907389628334	27.62072422783024	3.3581926654833387E-4
59.0	27.29178271759339	22.69155818353514	24.293032989493017	25.72064127643396	0.002984832944496658
60.0	24.388456143670254	22.796978389720984	23.60418871879523	29.210376747813534	0.0
61.0	25.7153167727678	24.20617807263142	22.35158689902405	27.72122030080732	0.005697954769411592
62.0	25.4610008047521	21.761710707075824	24.690062447422058	28.086928122343174	2.979184068515275E-4
63.0	26.740700000037236	23.726538909392332	22.524397151024946	27.005757306856896	0.002606632688588944
64.0	25.581502512114636	21.17021434729613	23.614806611766802	29.633476528822428	0.0
65.0	24.389207997389992	25.82560499528459	24.092349149703214	25.688267368416355	0.0045704892058422
66.0	24.5977877630278	23.875200971425365	22.971809565849703	28.55453287868367	6.688210134644817E-4
67.0	26.682160432933728	24.769070429756948	21.566691003397853	26.981409338245264	6.68795666204083E-4
68.0	24.09147585665731	22.112213673524284	26.701239602483067	27.094847943977875	2.2292335746354832E-4
69.0	22.931499520741845	24.313323376652328	25.334031787075634	27.418210323740738	0.0029349917894533487
70.0	26.15511936796076	23.339980755120408	24.5864836251596	25.918082396870368	3.338548888597075E-4
71.0	24.808604574702926	22.67643309416533	25.991722501504277	26.522315258711583	9.245709158836476E-4
72.0	27.716263897013636	25.717527043387005	21.589190484395925	24.97531761697231	0.001700958231121767
73.0	25.486823031218563	22.946074674480826	22.772644373977986	28.790502038388322	0.003955881934300565
74.0	24.889666256133967	25.547565856492948	23.844692965401407	25.717150853765098	9.240682065832097E-4
75.0	26.28621926933875	24.630396761684267	22.023289439252753	27.057470346732188	0.002624182992041703
76.0	27.15044841740035	24.138442081236246	24.606151815142486	24.10392284840587	0.0010348378150434373
77.0	24.21734335780321	24.538418100810375	24.156957062905224	27.08661626837828	6.652101029153942E-4
78.0	26.998966758904498	26.48988488009082	20.499451598789083	26.01110549406367	5.912681519322643E-4
79.0	26.767084219118775	21.335416476514567	22.991079264509544	28.903500781732983	0.0029192581241290726
80.0	23.885690637539998	23.438222839702327	27.85684725496427	24.816541897913787	0.0026973698796160126
81.0	25.323012405435115	25.000526515116526	22.134362962894542	27.54172863226152	3.6948429229902364E-4
82.0	23.53125909811705	22.263914484719596	23.95330088923241	30.25008460787023	0.0014409200607107652
83.0	26.09360811061433	22.302933307324512	23.571048044646506	28.031634706111408	7.758313032414232E-4
84.0	23.478034722866134	25.571144490699403	24.626733067920416	26.32283170488704	0.0012560136270090216
85.0	25.364095915129553	26.900193374298393	21.354876005888034	26.38031756233874	5.171423452774745E-4
86.0	25.547926763099955	24.494530427899786	22.93715116865311	27.018581807933934	0.0018098324132120721
87.0	22.716408297362538	21.319640794282492	25.74260862885523	30.22067752142737	6.64758072378859E-4
88.0	24.4736589436989	27.302008168570946	25.563269496369934	22.660361750998913	7.016403613078577E-4
89.0	26.57668951790835	25.95204377985263	22.661243420190207	24.808989344908504	0.0010339371403145015
90.0	23.611161368696624	25.68362829407703	25.213438837338963	25.491660728066257	1.1077182112566325E-4
91.0	26.86174474441877	25.346710706550674	23.33460343059177	24.456498061255612	4.430571831753465E-4
92.0	26.002119168134207	24.064040227275243	22.621935236154336	27.31183152982526	7.383861094805085E-5
93.0	27.011291206813485	26.404921836496236	20.586212434171543	25.997426852656858	1.4766986187330296E-4
94.0	27.655981030987814	23.839733553747564	23.279715036589476	25.22039884983936	0.004171528835785368
95.0	23.961279576870517	25.939309505721386	24.03403817999393	26.063305521901782	0.002067215512385205
96.0	26.188774715462582	23.88017720791958	23.972088497652756	25.95774147753489	0.0012181014301987276
97.0	25.59577701162746	25.003755498067626	23.52440298653446	25.875843049338943	2.2145443150617432E-4
98.0	28.477436879731023	22.614531778808715	24.06970263996073	24.8382917944573	3.690704223272843E-5
99.0	22.013798589884182	22.538680772744648	26.697223603868743	28.7502601349307	3.689857173008547E-5
100.0	22.55252469797192	25.139723961238868	24.494381525001995	27.81336981578722	0.0
101.0	23.958659972184204	22.251825181042463	28.206840324788153	25.582490067104686	1.8445488049168292E-4
102.0	25.324366052471873	23.84882285992559	24.28075754585248	26.546016649481018	3.6892269040561204E-5
103.0	25.603734662511634	25.420903797474892	25.8115355690311	23.163604670762442	2.2130021993553526E-4
104.0	25.94661458141247	27.179053879618742	22.911156089062242	23.962806643820358	3.6880608618555664E-4
105.0	27.35154987382818	23.364837562541908	20.89469503006216	28.385487548416272	0.0034299851514836346
106.0	26.655738007209965	23.41519993361669	24.61747540590627	25.31147601441993	1.1063884714321278E-4
107.0	26.34415105472784	24.016816639622363	22.9602448738752	26.678123617052663	6.638147219353887E-4
108.0	23.62627821831565	24.31664606426548	24.87683721129142	27.180054172087626	1.843340398242633E-4
109.0	26.25119894662264	24.10990423909189	25.446236689941532	24.192033465079227	6.266592647148811E-4
110.0	24.4905315854015	23.803229769342735	23.437850732361422	28.268351054321062	3.685857328571697E-5
111.0	24.67538833978109	23.91234637431591	24.638161386582375	26.773587882147577	5.160171730515192E-4
112.0	25.945994755376844	23.722797894042397	24.30726194183739	26.02394540874337	0.0
113.0	28.138247981764476	21.9000989538897	22.973112919839977	26.987987329479594	5.528150262495002E-4
114.0	26.139628649561057	22.68528824253503	26.742944120530414	24.431733582964167	4.054044093257756E-4
115.0	27.2545837653236	23.53088602938873	26.080663654989632	23.133424270893187	4.4227940485409015E-4
116.0	26.81589839416489	24.604769960526752	24.90931472820218	23.669943204225223	7.371288095738289E-5
117.0	26.22080104259153	26.68714403707156	24.063121604842035	23.028417327039747	5.159884551268798E-4
118.0	26.334479306872744	24.81479898041771	25.183468791140424	23.666921218250465	3.317033186548472E-4
119.0	26.762365713460127	21.106814466016125	24.587576127033923	27.542875128813353	3.685646764665557E-4
120.0	24.809159461312223	23.624385425650324	24.81417188179533	26.752283231242124	0.0
121.0	28.124686720486856	23.711831498375368	23.670515459054	24.492266050230867	7.002718529045802E-4
122.0	26.431473057811765	23.938857180345078	24.76716149685949	24.862139703839006	3.6856114466246066E-4
123.0	24.494708257594855	28.115265486399505	22.923770604182973	24.46573967192524	5.159798974231964E-4
124.0	25.155328949453686	24.251881675053827	23.18505244954988	27.407589502571433	1.4742337117445566E-4
125.0	26.893818358989897	23.700117309250846	24.011320361134114	25.394043726903476	7.002437216700739E-4
126.0	23.739853818325486	24.113895219758998	25.017063865293498	27.128965966618214	2.2113000380343605E-4
127.0	25.90036419225754	22.865097025800086	27.67514728742737	23.55876497474388	6.265197711212714E-4
128.0	26.145209641527472	23.577568065407064	24.600585402672568	25.668012852028454	0.008624038364440067
129.0	24.168191219460418	26.31887944264021	22.3846118692516	27.125405953642783	0.0029115150049901155
130.0	25.88390823194766	24.819566000164375	23.953099506545307	25.34342626134266	0.0
131.0	26.12102516474282	24.426053690681528	24.189885453982573	25.262446007105687	5.896834873881444E-4
132.0	26.177331259628357	25.046916346642885	22.972904243478517	25.797504183036406	0.0053439672138397695
133.0	26.856323209480788	25.679185335088107	24.21660811075268	23.24637230357479	0.0015110411036349384
134.0	26.708960405453812	23.201926436313943	20.888854000362645	29.20018544971556	7.370815403824863E-5
135.0	26.153238354476187	23.492857421890836	26.280272391637794	24.073337003942587	2.948280525943763E-4
136.0	27.401264763342425	26.723552393626726	24.64423693877002	21.225380916070765	0.005564988190063142
137.0	28.636608047432972	21.659018783535117	24.11344198229003	25.59082062381813	1.1056292375543922E-4
138.0	25.65085860452672	24.108108586192674	26.82928626944008	23.41038300281073	0.0013635370297962323
139.0	25.776195742582615	23.796702662921966	25.488930810610412	24.93713891498248	0.001031868902530032
140.0	27.4484708469793	21.311627046526684	25.42633093562297	25.813128947534253	4.4222333678881737E-4
141.0	25.90488874672107	25.05769220847469	25.45658103921891	23.580580039785698	2.5796579963133004E-4
142.0	28.573123785250313	22.58113256498381	23.784071033881425	25.06130409114059	3.685247438568768E-4
143.0	27.15511745269425	24.960549368015986	23.998035023169184	23.88615074600574	1.4741011483984998E-4
144.0	28.07542274659527	25.4074342962331	22.72772668559667	23.788568659353864	8.476122210941199E-4
145.0	28.627807654930738	22.39660013436427	22.34305342988201	26.631580615429634	9.581653933508481E-4
146.0	27.820641142245606	21.459890651740977	25.0013635365273	25.71379294587276	0.004311723613357056
147.0	26.28546853960161	24.305406614529325	26.246774582271094	23.158886233132197	0.0034640304657794327
148.0	24.14288699297638	24.48450502421729	24.11259464975307	27.259460553067434	5.527799858267211E-4
149.0	27.601775103444513	24.7687147230989	24.3313143165439	23.296648058692508	0.0015477982201794562
150.0	25.448005690131087	24.354829793585335	24.905821696941555	25.29130596616141	3.685318061375287E-5
151.0	26.362445995812706	24.080367149238587	25.850735245611943	23.70589880694187	5.528023948873885E-4
152.0	27.60184964400581	24.37698713821508	22.82549448346292	25.195484462776598	1.8427153959239871E-4
153.0	25.229881880332428	22.898188586065196	24.830007186688043	27.041332669946744	5.896769675861941E-4
154.0	23.332458641318286	24.298059657926625	24.913353893509687	27.45365852220293	0.0024692850424717027
155.0	27.878002613492477	23.268045170291703	23.712449476472116	25.1412815697174	2.2117002630080227E-4
156.0	25.705916981560513	23.333513957252585	26.005678963469364	24.95463206354718	2.5803417035931994E-4
157.0	24.59748454798502	22.755665554512337	26.70368441210829	25.94275999326146	4.0549213289967794E-4
158.0	24.79783064923115	21.085036647975578	26.077293442955934	28.03961807807053	2.2118176680732598E-4
159.0	27.374365931343636	21.669517517989856	24.17537896661555	26.78022148165625	5.161023947151115E-4
160.0	26.901457050126005	20.97792379573281	25.762477678275193	26.35806774597398	7.372989201520016E-5
161.0	25.0579428847391	20.83709819231471	28.602864057716165	25.498482075216078	0.0036127900139534797
162.0	25.693443950116272	23.33175302335664	24.516026997494606	26.45877602903248	0.0
163.0	25.296379300619687	23.972723187244767	27.321531863562846	23.409291915500425	7.373307226910211E-5
164.0	25.164096763632827	23.93578585058973	25.20903811498497	25.689162166386964	0.001917104405505924
165.0	26.360972149561583	21.773932202002594	26.630587664491088	25.23391809631464	5.898876300932649E-4
166.0	24.985455073690606	23.294630433516232	26.074720733727936	25.645083151260593	1.1060780463417207E-4
167.0	26.85418562430038	22.814384548563744	26.526516598406896	23.804618263925654	2.9496480332484327E-4
168.0	25.237981285970967	24.237421937307964	24.059108810460447	26.465377350176965	1.1061608365230709E-4
169.0	26.528307313367893	22.580733180433775	25.707295668910994	25.183442599980825	2.2123730650953902E-4
170.0	30.82082851669736	22.87633828732409	23.02394398137137	23.27877859330262	1.1062130455704465E-4
171.0	25.531961965922427	23.425426873044103	26.894319999085543	24.147664315747594	6.268462003348834E-4
172.0	27.621146657533146	23.9975770115468	24.09431958155889	24.286772407573793	1.8434178737059668E-4
173.0	28.207629494696118	20.422150183948297	23.513454825108106	27.855253945975715	0.0015115502717656787
174.0	24.233083258399336	25.33237329333904	24.3042382963788	26.129789001348257	5.161505345660483E-4
175.0	25.349724928406907	24.12175637295586	23.654129134139296	26.872951619034417	0.00143794546352172
176.0	24.6949770446927	24.179639521845246	27.860010789049745	23.26389772305328	0.0014749213590367878
177.0	22.773969571720638	26.167722835370437	24.01762297137429	27.016640557468264	0.02404406406636752
178.0	24.951048755071202	23.354629736839584	23.704903089441206	27.988975921518712	4.424971292998737E-4
179.0	28.150604580183074	24.069287282444623	23.09239250893677	24.686351095738196	0.0013645326973381654
180.0	26.73953479254517	22.845348424768012	25.160585672137074	25.25434617858436	1.8493196537925662E-4
181.0	27.960796442640167	22.038962794772118	25.97606079070138	24.023587325516573	5.926463697631822E-4
182.0	25.536923016530793	23.198881306998423	25.625950359479376	25.6381712509823	7.40660091086378E-5
183.0	23.880872836786217	24.533378366917795	25.73698979374544	25.848277557979817	4.8144457073105875E-4
184.0	25.791953909752774	21.817055258076202	26.790141380263055	25.597368091629402	0.0034813602785680794
185.0	25.083932196560948	23.709058752167277	24.561971327147074	26.644630376159924	4.0734796477847306E-4
186.0	27.40872227855621	23.120911825421103	24.793475660385326	24.676890235637362	0.0
187.0	24.54218475583125	23.104293672648417	28.092495544392985	24.26043231726074	5.93709866604525E-4
188.0	27.827884700309717	27.025229693151175	22.433593277425683	22.712958337941174	3.339911722422163E-4
189.0	25.46118120879096	23.066000518093563	24.831415471698953	26.640400757990186	0.0010020434263353342
190.0	28.56009213795008	21.241204786095867	25.853298597256867	24.345033313896668	3.711648005119105E-4
191.0	27.058540100068928	23.77098060560365	24.404051534977654	24.766055977032774	3.717823169920134E-4
192.0	26.66218514390075	23.213891332492057	24.345562586027018	25.778249395254694	1.1154232547901852E-4
193.0	27.486712704747802	23.836141517456902	22.497390510195697	26.17953215482688	2.2311277272282738E-4
194.0	27.91757001491222	22.862588181044003	24.496610352277926	24.72323145176585	0.0
195.0	26.820119738920507	21.25442084470352	24.561058332276435	27.363805997211276	5.950868882646262E-4
196.0	28.437609461987346	22.521817870158518	26.01293794110852	23.027485672124552	1.490546210658896E-4
197.0	24.480027371099787	24.155144641205283	24.09022027324885	27.2741604742535	4.472401925816269E-4
198.0	27.395164193103692	23.338951559785944	23.386259665116864	25.879512565958773	1.1201603472198368E-4
199.0	25.49998503598845	23.88394660840678	25.487452676313467	25.128129348915856	4.8633037544704985E-4
200.0	27.570753790465147	23.849110959378187	23.606895326106272	24.97312768325648	1.1224079391654897E-4
201.0	25.125661608274026	21.25325612668157	28.603403208945117	25.017417144157083	2.619119422117491E-4
202.0	25.20563866418501	25.26094463191596	28.183629283873785	21.34978742002525	0.0
203.0	26.686979582898967	24.162438448307807	22.483179146071453	26.66680391610067	5.989066210998546E-4
204.0	25.799180604034987	23.580469864886517	24.272658799147663	26.347540988516176	1.4974341465898183E-4
205.0	27.478907534585055	24.41230116776035	25.2073680616496	22.9007867931366	6.364428683955949E-4
206.0	25.59486857289204	21.89603101441613	25.815742197533435	26.693245887497106	1.1232766128567247E-4
207.0	26.144184191456652	23.745882899262806	26.55500484034356	23.554703372137222	2.2469679975582946E-4
208.0	27.983421792888524	22.34971551856527	21.837873674511286	27.828951557624816	3.745641010274293E-5
209.0	26.904516878776036	20.87431943742533	25.40558401288128	26.814867873550323	7.117973670240764E-4
210.0	24.836471999307555	24.034990889194393	24.65095853618599	26.477203876335846	3.7469897620998733E-4
211.0	25.27467832070854	24.82149750939832	25.912564701296464	23.990659775189936	5.996934067458012E-4
212.0	27.819723118253357	22.1294649787865	25.029980897724453	25.02049350920127	3.374960344215955E-4
213.0	30.064594805024246	22.888511580349522	22.515951708676116	24.530716771573033	2.2513437708132042E-4
214.0	27.641108115080133	24.84416028669776	24.041915729212704	23.472778319533276	3.7549476128483796E-5
215.0	26.203040103030357	24.422063158782137	23.68151366104383	25.69311963015053	2.634469931477437E-4
216.0	26.05674608836258	24.85779236220098	25.894060018072	23.19128739240025	1.1413896418889998E-4
217.0	29.217063152687068	23.344940920195285	24.662759972233832	22.774737391130934	4.985637528811233E-4
218.0	24.735032664660622	24.247404516153505	24.846508221709403	26.170706236360697	3.4836111577742974E-4
219.0	26.013353367944493	22.72585344121802	24.99010318866859	26.270260130798135	4.2987137076210333E-4
220.0	27.444341880999616	21.610266151484943	24.909960332682484	26.035117531556583	3.1410327637201293E-4
221.0	25.765880991534196	22.29108974952205	24.68999725531792	27.252834259960153	1.9774366567715737E-4
222.0	25.865639623639286	24.4871137363679	23.94619997405785	25.700926932939545	1.1973299542021292E-4
223.0	30.537826331263872	22.44685062063706	24.25958486608154	22.755173856575883	5.643254416451215E-4
224.0	29.629470999566042	22.56250166673805	24.676895252887597	23.130970457724654	1.6162308365529998E-4
225.0	30.13804858510762	19.625127247290738	24.159802286348448	26.076250070072334	7.718111808629823E-4
226.0	25.245816777028363	22.21266478881559	25.955651047851568	26.58562127213951	2.461141649777082E-4
227.0	27.72441872604435	23.38062734999395	25.565987084458097	23.32788971578848	0.0010771237151156912
228.0	27.582665879352746	27.57196385129761	23.020020704468283	21.825182996351316	1.665685300410508E-4
229.0	27.316972227142568	25.43622014457702	22.433027562984858	24.813780065295553	0.0
230.0	25.75342546909641	22.704938879195907	27.508572400657272	24.033063251050418	0.0
231.0	24.50853308652609	25.300239815134297	24.231174597575478	25.958768235496578	0.001284265267559545
232.0	25.20596581438494	25.192201065133503	24.06731994740145	25.534255084031642	2.5808904846439165E-4
233.0	22.58993636986358	25.150474913029257	22.527387802421238	29.73194029565492	2.606190310097554E-4
234.0	27.460982202624262	21.484659846083883	26.391230880333694	24.661807639158273	0.0013194317998896955
235.0	25.56402350857992	22.283766889562173	27.40404593160089	24.747941219652176	2.2245060484319456E-4
236.0	28.592017128442578	23.143148577875703	24.060537572634896	24.203890876524962	4.0584452186555005E-4
237.0	27.77973718641561	24.2579441378918	22.91092781159338	25.05120882871608	1.8203538312759545E-4
238.0	27.11411431202309	22.747464897068113	24.299012873340946	25.839407917567847	0.0
239.0	27.265522228686656	22.670900479691948	24.748880212531805	25.313575539215343	0.0011215398742473416
240.0	26.08963317245971	21.285118490632257	25.7117705788799	26.913381339912906	9.641811522832533E-5
241.0	29.395074892202626	21.520665768536247	23.469296634520934	25.61274231782329	0.002220386916901054
242.0	26.92035193656514	23.870238262776272	21.19434614962382	28.013999697256786	0.0010639537779789617
243.0	28.309192412433546	22.68900967558614	25.038019709688815	23.96150113780552	0.002277064485981761
244.0	27.026348795849742	22.337356228109005	25.91917903434993	24.71595101077173	0.001164930919596468
245.0	28.425574615966536	21.083432351963097	23.9469344415641	26.542162489085264	0.0018961014210064702
246.0	24.584632650138673	26.888429723887263	23.47075161154251	25.05360442902637	0.0025815854051773938
247.0	25.927808572890665	23.727015973093014	24.52733082545226	25.681805752501045	0.13603887606301734
248.0	26.48571118496118	22.361905097121316	23.941403588018296	27.201789609432215	0.009190520466995766
249.0	25.860872054885586	21.090544159189385	28.196372664278773	24.836767931504795	0.015443190141459623
250.0	27.433084466400015	21.889040521195938	24.58133272025411	26.095559793400163	9.82498749770341E-4
