# Position (bp)	A	C	G	T	N
0.0	24.797171269856772	23.229703777981392	24.951897903566795	27.021227048595048	0.0
1.0	23.528888896088095	30.388829877918155	23.448424299093425	22.561754654656234	0.07210227224408755
2.0	25.897880959152666	25.643787414860597	22.010964293882154	26.446559916965427	8.074151391549713E-4
3.0	26.44400781100167	21.727922959629915	24.210838158070136	27.611080199901306	0.0061508713969758285
4.0	26.2796109697347	23.5322207245054	24.063601250022668	26.124466312453283	1.0074328394897553E-4
5.0	28.36677025020637	23.65190135026195	22.853371670378152	25.127151780004176	8.049491493498627E-4
6.0	26.581647410454597	23.530354646398095	24.022994970352396	25.858956950715882	0.006046022079028137
7.0	25.836905587067648	25.018631309339067	23.82298031194765	25.3208814583695	6.013332761398573E-4
8.0	28.000893896058376	24.171445582777014	23.665457999689497	24.162142501596527	6.001987858378694E-5
9.0	26.617565572125596	25.689956240321806	21.840362537402395	25.85189600312298	2.196470272272458E-4
10.0	24.893445515336328	24.622079912422556	23.05263164193943	27.43182298281544	1.9947486247704292E-5
11.0	27.50429028486558	22.666358312065878	22.854560947719698	26.97467375259834	1.1670275050877536E-4
12.0	28.907397986528405	24.157977423852433	19.643725863968996	27.290841198986072	5.752666408819374E-5
13.0	26.033996554827954	23.08515194465913	24.65732882913757	26.22342800298546	9.466838988381159E-5
14.0	27.420507464769393	21.31506961341055	23.189045969534707	28.075245655773557	1.3129651178930135E-4
15.0	25.757210949001696	23.27104247961706	24.39329572131698	26.578413836434923	3.701362934366507E-5
16.0	26.330892804462678	24.665889098150053	21.584021277135307	27.419105599168354	9.122108360065672E-5
17.0	28.93371152883633	26.664108580373174	19.123988006373	25.276920006778568	0.0012718776389221787
18.0	26.09513963350294	25.478368112537293	19.820768830400542	28.60565231983026	7.110372896396178E-5
19.0	25.057997986004004	24.665732608747994	22.2725367143539	28.00336090893254	3.7178196156411854E-4
20.0	23.742291506599468	25.139879174205316	24.021513734270787	27.09629800719527	1.7577729157778926E-5
21.0	24.788345743863424	24.324278070383773	22.879056706575952	28.008074994062504	2.4448511434918064E-4
22.0	23.44085060215873	26.85597966810105	25.466729108008796	24.236423296164794	1.7325566628325187E-5
23.0	26.365486744752907	23.391565823248992	22.922427144675254	27.32027869453612	2.4159278672965335E-4
24.0	28.467320374376946	21.493586503925226	24.286700229152416	25.752341566783883	5.13257615288781E-5
25.0	25.808441140760014	24.45774389008276	19.96935919059656	29.76426908923784	1.8668932283030516E-4
26.0	27.385765659259764	24.50161663644677	19.57511155289845	28.53743857685312	6.757454189951024E-5
27.0	25.940322714074938	24.43630171941307	19.902672570179757	29.72058505636604	1.1793996619840569E-4
28.0	27.4912568263225	23.93586334644025	22.69341892617018	25.87654553805357	0.002915363013505794
29.0	27.991179977816127	23.446162477536102	21.630514620242437	26.93191163589373	2.3128851160225778E-4
30.0	23.676416923149404	24.36560022706294	24.310328326906287	27.647490365173745	1.6415770762297503E-4
31.0	26.685313401075472	24.47711480698195	22.356556627079254	26.48067205362208	3.4311124123922635E-4
32.0	24.763714631744236	22.54291821323062	23.694561729314426	28.998627155229347	1.78270481374057E-4
33.0	23.989474658308623	25.253175506853943	23.955999565467543	26.801189331423537	1.609379463513356E-4
34.0	27.043652762775334	26.51575844136293	22.196492328256554	24.244000579801586	9.588780359876515E-5
35.0	25.301338293045696	22.17519386273578	25.64634891715725	26.876818229728332	3.006973329412662E-4
36.0	24.26496005728196	24.03236278911782	25.41543810800015	26.287175792552773	6.325304729461973E-5
37.0	25.726242159708384	25.556793691629082	21.09414483536277	27.622787696830308	3.16164694615731E-5
38.0	27.759318950673233	24.71332536257595	20.44979726723663	27.077511005887985	4.74136262020342E-5
39.0	23.54184179755396	26.892567076446603	21.854312170148216	27.710978731472995	3.002243782195114E-4
40.0	26.909112567869858	25.958559316049083	22.502498982159473	24.62976593854534	6.31953762471015E-5
41.0	25.0044507870903	24.28834402443723	21.40262270231572	29.299448481527296	0.005134004629450451
42.0	25.01235985191555	25.340966061821057	20.314004999540355	29.332605905371395	6.318135164497387E-5
43.0	26.785219612548968	25.864746226236	22.10972904455046	25.236593657795915	0.003711458868665211
44.0	29.016028424792733	24.478436636399525	22.476352151598896	24.028930122384523	2.526648243189893E-4
45.0	26.094918919396854	23.77553337183713	21.51582976688991	28.610086500923494	0.003631440952612222
46.0	26.167560926552806	24.352607520371475	21.74821308529607	27.73160268022207	1.5787557573275582E-5
47.0	26.035391521688307	24.225718706277398	22.216083177669088	27.521149052335865	0.0016575420293460713
48.0	22.2699359392188	23.896407451188967	22.350536680676182	31.48310414651122	1.5782404828153285E-5
49.0	22.666320954556795	26.010738432544873	23.716681877052633	27.604617497588247	0.0016412382574531549
50.0	28.068057355540887	24.410110200918602	19.695536371257973	27.82628029254993	1.5779732606119096E-5
51.0	25.52342936480389	26.13115711085166	20.94675144362753	27.396374364961662	0.002287715755261746
52.0	23.465270241604276	25.617451785681382	21.801346125287385	29.115916099219376	1.5748207578383944E-5
53.0	23.38871838622691	24.46544898824601	23.736974792030793	28.407300659738343	0.0015571737579415863
54.0	23.61567890831949	27.765681165456645	22.25384660999234	26.36473039951642	6.291671509942964E-5
55.0	24.39705038666337	27.2653022260895	22.667655397790522	25.668578918297168	0.0014130711594374469
56.0	27.732717886952074	24.509850711027703	23.913583390608864	23.84384801141136	0.0
57.0	23.076017433988742	27.443383882900612	22.545792476510186	26.92954743996176	0.0052587666386984
58.0	25.525744794661936	25.08871237101234	21.85680077951366	27.528585097326197	1.5695748586754799E-4
59.0	28.427219127327607	21.445642225160174	23.866816577586434	26.257842387626447	0.002479682299337203
60.0	23.92050397193358	22.463838409038875	23.445338762658572	30.170240500574426	7.83557945442114E-5
61.0	25.88375861053133	23.487508069924722	22.68741029064265	27.93511780523119	0.006205223670107745
62.0	25.66348802446813	21.252612743607983	24.885775706733433	28.197951170289777	1.7235490067657133E-4
63.0	26.75498587550705	23.73635533244654	21.88563155989866	27.62073973800358	0.0022874941441716687
64.0	26.154798963086513	20.894548288578076	23.336513656068043	29.614107805275392	3.128699197942317E-5
65.0	24.660229650890415	25.990388431203826	22.987989371368737	26.356637286773914	0.0047552597631035955
66.0	24.214237303830117	24.12110778763905	23.070264608891225	28.594046186546525	3.4411309308087114E-4
67.0	27.210630803974805	24.699092260021825	21.42070526783858	26.668773991874023	7.97676290761454E-4
68.0	24.15924146244879	21.860425762450603	26.286442827230832	27.693811749412106	7.819845767617956E-5
69.0	23.54157706821889	24.35272517425758	24.667460085357675	27.435579041860912	0.0026586303049448957
70.0	26.82029463275535	23.18155589894067	24.387415447489015	25.61046854369402	2.654771209474722E-4
71.0	25.09251710240159	22.312213223468316	25.275237698025858	27.319019285217845	0.001012690886389637
72.0	27.985939685337836	25.68697791407717	22.176759665765307	24.14876490878461	0.0015578260350741415
73.0	25.997600944668925	22.471790227673498	22.1814331933495	29.3456709761501	0.0035046581579797095
74.0	25.541416332541733	25.208013017789817	22.662594661809084	26.58727513537355	7.008524858147457E-4
75.0	25.98949209726974	24.910887154045305	21.720750055442455	27.37690840407957	0.0019622891629310496
76.0	27.42652476214755	23.762897089738498	24.35791558517705	24.45189947912522	7.630838116752757E-4
77.0	24.683660504657595	24.396413949599644	23.290189251659346	27.629206836050674	5.294580327426191E-4
78.0	27.7131554803134	26.024255628991398	19.90259317600996	26.359637567012545	3.581476726941363E-4
79.0	27.620201654047133	20.392570319114036	22.478464111991755	29.506319264761366	0.0024446500857106777
80.0	24.70576346884664	23.169718686069174	27.36586194499343	24.756195787009638	0.0024601130811219172
81.0	25.115660548861733	24.527572160754225	21.868835316878922	28.4874804481747	4.5152533041533787E-4
82.0	23.20849761987241	22.112588014121183	23.895515707285174	30.78249565038008	9.030083411503236E-4
83.0	25.90600104402806	21.962327494446303	23.73882546687406	28.39205199776622	7.939968853526102E-4
84.0	24.185338220738384	25.33813667319158	24.57023226590257	25.905280944319887	0.0010118958475842
85.0	25.50930565686926	26.544075273406893	21.549634165439226	26.396455634250742	5.292700338826223E-4
86.0	26.26297924721378	24.58545639411895	22.085368446711808	27.064374700161604	0.0018212117938562586
87.0	22.479785440598715	22.31269595269881	25.31468779636593	29.892005869222555	8.249411139911414E-4
88.0	25.325645458239826	25.738843323021026	25.74475771162344	23.19005311899174	7.003881239699431E-4
89.0	26.85486223060021	25.797791294479232	22.540372421405248	24.806102499151013	8.715543642929157E-4
90.0	24.33436063215372	25.632685190416005	24.543181955770905	25.489663282229845	1.0893942952155826E-4
91.0	27.12055898784606	25.265565912946048	22.908168505578985	24.70506855070885	6.380429200578907E-4
92.0	25.89719928667241	23.95501554568627	22.153054206049593	27.994684277849185	4.668374254227213E-5
93.0	27.008151129912513	26.09246972405228	20.820913997744643	26.078153935495855	3.11212794704901E-4
94.0	28.42383854937298	23.287363014481965	22.598951901003986	25.68525629784447	0.004590237296596082
95.0	24.633409502458875	25.88139337530882	23.517526108126965	25.965243726160843	0.0024272879445009945
96.0	26.39627845783594	23.966584039028955	24.212413189636344	25.423868579113734	8.557343850257062E-4
97.0	25.916293249934423	25.523688379238102	22.396431504102164	26.16332238157366	2.64485151648007E-4
98.0	28.789708162613497	22.720459420133608	23.429614732832302	25.060202127310365	1.5557110229437818E-5
99.0	22.636713767507263	21.55210336052365	26.06679981831644	29.7443519434541	3.1110198545287116E-5
100.0	23.054403926671682	24.464128337308512	24.539598180635483	27.94186955538432	0.0
101.0	24.413681805145202	21.691471299851123	27.436042681140083	26.458679786308114	1.2442755547758096E-4
102.0	25.140069092042474	23.82487226432901	24.370808892007755	26.66423419875689	1.5552863873247892E-5
103.0	26.04964421330936	25.399028625126522	24.901320684798602	23.649835421733847	1.7105503166928407E-4
104.0	26.969477575920425	26.093385356799875	22.26724412465728	24.66961304592296	2.7989669945811997E-4
105.0	27.580567764559603	23.15253226302533	20.256922435323897	29.006898722229636	0.0030788148615326343
106.0	25.950517132321067	23.290981702428585	24.783540831031548	25.974898137776314	6.219644248788257E-5
107.0	26.556347057409507	23.692495569376	22.37450348867909	27.37610967734111	5.442071942947183E-4
108.0	24.39033491001944	24.715425363212013	24.303986159324484	26.59017583180246	7.77356416051104E-5
109.0	26.85018186634448	24.161236896342558	24.930333017967754	24.057735219142803	5.13000202401898E-4
110.0	25.10549874309292	24.287654206612768	21.97482703926412	28.631911201364414	1.0880966578023058E-4
111.0	24.600744357012825	23.596993971528903	25.118209887289478	26.683523298150675	5.284860181252052E-4
112.0	26.666443884033868	23.407563988482654	23.378716228030978	26.547136012683065	1.3988676943163227E-4
113.0	28.474921207671365	21.13818118179012	22.37907293159063	28.007218524333688	6.061546141888051E-4
114.0	26.319049327992687	22.185481260062858	26.899378653772114	24.595733278540514	3.574796318208474E-4
115.0	27.764170000999407	23.155120417555914	25.51208682989471	23.568109837062607	5.129144873629528E-4
116.0	27.18143128339528	24.409014849116822	24.304304158057345	24.10518753891486	6.217051569510211E-5
117.0	26.46715836039162	26.189599516688887	23.80370941587836	23.53905088801578	4.8181902535471597E-4
118.0	27.20814549614275	24.60602565905889	24.348020705674635	23.837512832249374	2.9530687435547334E-4
119.0	27.694946571074023	20.739223446557396	24.117045655185105	27.448333594447472	4.5073273600366054E-4
120.0	25.24232400395956	23.692320747846107	25.332749149796918	25.732528386859226	7.771153818954808E-5
121.0	28.101285496472695	23.483631717927477	23.521818936322	24.89275095623468	5.128930431498471E-4
122.0	27.475732561450368	22.88848106412423	24.421274278318023	25.214061375140346	4.5072096704203954E-4
123.0	25.198143429172852	27.693842990954003	22.71469086889678	24.392763203293384	5.595076829730001E-4
124.0	25.687391265560855	24.441388232419794	22.252198934017837	27.618897233463276	1.24334538238621E-4
125.0	27.459426275687626	23.50264792847679	23.60506817007355	25.43218932980017	6.682959618605048E-4
126.0	24.6967113480941	23.553977119515864	24.81492309009783	26.93427964894563	1.0879334657192941E-4
127.0	25.904335085967993	22.704521834732006	27.582323085619244	23.808105076641436	7.149170393171733E-4
128.0	26.575426561221455	23.296968359442083	24.421409926946268	25.696248468171778	0.00994668421841986
129.0	24.616311367179826	26.42759586620879	21.85842498675864	27.09469935272747	0.0029684271252694897
130.0	26.384662236394043	24.002640819213454	23.492132170887984	26.120533690415854	3.108308867057164E-5
131.0	26.53706930890648	24.223700367667913	23.596767282544484	25.641919084462288	5.439564188333875E-4
132.0	26.268410047628414	25.360181549342485	22.291873951144428	26.0733023187576	0.006232133127066822
133.0	27.223695296104943	25.230282088856583	24.06115823548802	23.483201440509287	0.0016629390411617823
134.0	27.447006648025173	22.24303399606365	20.11402165115212	30.195891080307195	4.662445185186106E-5
135.0	25.7715600167164	23.368585006929163	26.09849031743291	24.760960580778406	4.0407814311795086E-4
136.0	27.75270058190768	26.289709891622376	24.34036113027042	21.61099622432959	0.006232171869934418
137.0	29.189545805290507	21.647515562942985	23.431641555369577	25.731017328077172	2.7974831976165446E-4
138.0	25.529390684178573	24.01059628337505	26.39679587686094	24.062191468176728	0.001025687408707993
139.0	26.4750658231932	24.031005824392953	24.415252891294056	25.07750989873283	0.0011655623869598745
140.0	27.197209463517964	21.58014361409908	25.04924544707873	26.173199442700835	2.020326033998979E-4
141.0	25.76291837716323	25.06575844252926	25.137589584950582	24.0334383137243	2.9528163262768797E-4
142.0	28.99138493997867	22.023869283085396	23.264780452265008	25.719763290215035	2.0203445588857393E-4
143.0	27.365358138655903	25.070956975432406	23.821480129171768	23.741940557302293	2.641994376281853E-4
144.0	28.66874503654502	24.74948442232766	22.847465160625564	23.733637111024425	6.68269477335563E-4
145.0	29.140736690798647	22.190303889500264	21.988686881622236	26.67926235496684	0.0010101831120073938
146.0	27.96765912026454	21.880494344744243	23.807587804223417	26.339363212777705	0.004895517990096134
147.0	26.43995737972329	24.39128099543461	25.782128079650686	23.383338803847266	0.0032947413441550047
148.0	24.839584962272333	24.754122488131376	23.896607035648838	26.50926589459815	4.196193493009375E-4
149.0	28.242583143854915	23.962292888303832	23.714854538079333	24.0782334757465	0.0020359540154141925
150.0	25.85917336958093	24.264554807028492	24.362436989704808	25.513803750109183	3.108357658822312E-5
151.0	26.550839639227426	24.07612331120986	25.38889109930198	23.98371077518358	4.351750771503244E-4
152.0	28.13218150524505	23.37386553004929	23.09677774320484	25.39705088325229	1.2433824852791284E-4
153.0	25.36935844205015	23.052259607329447	24.526211867776066	27.05151730014047	6.527827038694783E-4
154.0	23.540756999524863	24.81272248360676	24.5951095610579	27.048690988561997	0.0027199672484857942
155.0	27.788656824436853	22.976976593590354	23.31508886638814	25.919106731996905	1.7098358775173057E-4
156.0	25.815659765945536	23.41074682017239	25.41396787863875	25.359376828866232	2.4870637709575925E-4
157.0	25.367650659165182	22.929599874899214	26.051756719387342	25.650744037233025	2.4870931523641456E-4
158.0	25.5644579246863	20.41941086431014	26.144456522567044	27.871628054758506	4.6633678002847454E-5
159.0	26.629505045949927	21.409141422926634	24.34962888900185	27.611227205552137	4.974365694535705E-4
160.0	27.150215492952274	20.954526906500544	25.316943692021905	26.578236183384696	7.772514058534803E-5
161.0	25.5305240906928	20.388220624896917	28.30594028731025	25.771506413111357	0.0038085839886818212
162.0	25.910610632660774	23.62554757427259	24.086334657248315	26.37744495342461	6.218239370813667E-5
163.0	25.470565748462924	23.67800317231668	26.81162585815861	24.039743037063374	6.218399840933331E-5
164.0	26.428730001884226	23.187118374667072	24.511563103783434	25.87067631206979	0.0019122075954751262
165.0	26.291050397337763	22.125980518284223	25.984358347902	25.598097691530953	5.130449450692105E-4
166.0	24.75172313326129	23.43933869742273	25.615198180730726	26.193600063930024	1.399246552373099E-4
167.0	26.954831808655527	22.584888587615595	26.197535432434282	24.262293297843893	4.508734507055392E-4
168.0	25.492358570117336	24.001866205328604	24.25480823045677	26.250842621866134	1.2437223116320374E-4
169.0	27.334118004439702	22.521294088584714	24.89621711520969	25.248106505499717	2.642862661776231E-4
170.0	31.32757002270065	22.657527951403626	22.28051552651928	23.734137759167865	2.487402085748834E-4
171.0	25.42944192992433	23.320126272888363	26.460189620761586	24.789635872544352	6.063038813708935E-4
172.0	27.983973325146412	24.20215994808041	23.77508248452322	24.038582160025804	2.0208222414804856E-4
173.0	28.764282154724935	20.283978339217747	23.035503276816627	27.914977170624827	0.0012590586158624597
174.0	25.000819915602317	25.811564897913126	22.793187441721876	26.393930355202983	4.973895596998814E-4
175.0	25.644493360504857	23.946946833212692	23.19419145788184	27.2128917479328	0.0014766004678181145
176.0	24.959369509288123	23.75857841156231	27.389085288591502	23.891598969906703	0.001367820651356194
177.0	23.111149938116867	25.86208129400876	23.818476770275705	27.182798821220395	0.025493176378271483
178.0	25.047287289577586	22.97294167587491	23.771194956685633	28.208187489731557	3.885881303113197E-4
179.0	28.648152730953708	23.504476249575628	23.04869032858992	24.79748374957874	0.00119694130199855
180.0	27.03888478525021	22.224960866555538	25.297444559200912	25.438507247029374	2.0254196396840782E-4
181.0	27.93629371791341	21.52196417301735	26.01098540194386	24.53008581906461	6.708880607668562E-4
182.0	26.356885466684478	22.805545743553516	24.98588007833514	25.85164190505671	4.6806370159753264E-5
183.0	24.822690719720818	23.722971403178562	25.776615037699337	25.67730155676417	4.212826371169663E-4
184.0	26.339920457680417	22.04737211999256	25.73937407234956	25.8692139266468	0.0041194233306661105
185.0	25.368866826941005	24.08287043443977	24.092574890079877	26.45515737990307	5.304686362759105E-4
186.0	27.57256673593313	22.867107313296508	25.09506065314353	24.465265297626832	0.0
187.0	25.13713477085242	22.54620016676188	27.065584672907946	25.25051784939677	5.625400809807699E-4
188.0	28.62566431756724	27.01554981303469	21.391400720857227	22.9670100927513	3.7505578954869536E-4
189.0	25.61143154881302	22.807711488232087	24.60361950911066	26.976377905994536	8.595478497004008E-4
190.0	28.86242902489228	20.79034191520653	25.6930436970666	24.65406033099055	1.2503184404778092E-4
191.0	26.804340408748427	23.788873828894115	24.544422984821406	24.86200279844614	3.5997908991025564E-4
192.0	27.688203431661805	22.95391445544728	23.487390078164204	25.870460730227528	3.1304499176535146E-5
193.0	27.802175198702354	23.877124660193687	22.097201746094907	26.223341856341957	1.5653866708577286E-4
194.0	28.63067064324219	22.823006488964754	23.504087928822386	25.04223493897067	0.0
195.0	26.699867422427715	21.426542819048837	24.903682425048583	26.969421988087433	4.853453874340009E-4
196.0	29.458994938870564	22.104562796087365	25.320688770340666	23.115690756019934	6.273868147132247E-5
197.0	25.591777701784824	23.693022278136304	23.479919559017766	27.234762802634098	5.176584270085931E-4
198.0	27.722736511923245	23.076146252117514	23.20163426542081	25.999404442369904	7.852816852521901E-5
199.0	26.258061399825134	23.371730579124325	24.92995713645799	25.439841806263335	4.0907832921711375E-4
200.0	27.694536979385724	23.626298668960203	23.05796602718033	25.621151119459057	4.720501468311982E-5
201.0	26.17499913845697	20.76173936962116	28.21058535043243	24.85244010230253	2.3603918691109205E-4
202.0	26.14133873013575	24.442667892068147	27.55216087171368	21.86383250608242	0.0
203.0	26.53914785692338	23.642962654201277	22.581073729492303	27.236233333165426	5.824262176171023E-4
204.0	25.28235112609847	23.362394954675835	24.759352143097786	26.595791574963556	1.1020116435401652E-4
205.0	27.609318250983556	23.735414747563137	24.643076262806204	24.011498011479436	6.92727167673194E-4
206.0	26.07709368533525	21.19563043829454	25.480103529728897	27.247093619204204	7.872743711016141E-5
207.0	27.012236864422196	22.537591471754485	26.174587328861776	24.275395355934908	1.8897902663517647E-4
208.0	28.24906757720338	21.984481120239895	22.006705852129453	27.75974545042727	0.0
209.0	28.095506277317302	20.24422423007457	24.87960106209105	26.78011706316543	5.513673516487066E-4
210.0	24.759424111570112	24.241071583321332	24.275373165605895	26.723863281487574	2.678580150838726E-4
211.0	25.84128813303954	25.17758132587227	25.22084291221554	23.759546902257654	7.407266149849625E-4
212.0	29.351140621408412	21.93564315382789	24.14036001567726	24.572667022547567	1.8918653887326173E-4
213.0	30.68547114479361	22.180822731932086	22.120902739868846	25.012503704582294	2.996788231644159E-4
214.0	28.424830648545484	24.49028064766959	24.129364736547483	22.955476621584662	4.734565277739857E-5
215.0	25.95768957508634	24.74219091537725	22.906179003648553	26.393608359214415	3.3214667344034994E-4
216.0	26.677403325744837	24.040085656880848	25.30420667158298	23.978256428538685	4.7917252654735595E-5
217.0	30.03002201442877	23.21651530775419	24.13672839957788	22.616155416625194	5.788616139658726E-4
218.0	25.05677710684879	23.593743548975972	24.89818816792132	26.45114545900529	1.4571724863167456E-4
219.0	26.606692887108217	22.285297356028412	24.752663644260597	26.35470966771212	6.364448906448965E-4
220.0	28.02574024501725	21.0877678135536	25.07390163268382	25.812410100818145	1.8020792718289138E-4
221.0	26.281550403960612	22.386245384426363	24.18458336562929	27.147356981122115	2.6386486161112586E-4
222.0	25.816351189552538	24.78826684921546	23.833893902494395	25.56127184751987	2.1621121773650472E-4
223.0	31.388296851636238	22.130775754825773	23.674962887070574	22.80534224368786	6.22262779553656E-4
224.0	30.7507290202669	21.64301678162842	24.946065313741727	22.660104585072148	8.42992908069263E-5
225.0	30.994375212995955	19.45773516616564	24.32498490819917	25.222074748283667	8.299643555716354E-4
226.0	25.835184780082304	21.823054100983033	26.058366716342405	26.283291860926155	1.0254166609699074E-4
227.0	27.960818067557685	22.760470330751627	25.442001717308184	23.83545146742622	0.001258416956289318
228.0	27.922175496374614	28.04451635285409	22.507514952001944	21.525741264063054	5.1934706302311235E-5
229.0	27.28273772989019	25.37494908378716	21.521289254307653	25.821006494955807	1.7437059191143648E-5
230.0	26.871364176513364	22.35151545802837	26.379437599009158	24.39768276644911	0.0
231.0	25.289365860178076	24.646936861138865	24.51860035182794	25.543799521346234	0.001297405508890427
232.0	25.482071235130782	24.668817061465155	24.23888093768926	25.610052220812907	1.7854490190028912E-4
233.0	23.824004602622058	25.34333216618485	22.390199708796754	28.44193984050817	5.236818881729695E-4
234.0	28.125705909079095	20.889050954325008	26.243434244695134	24.740619028947354	0.001189862953415584
235.0	26.450428910428986	21.182014742541853	27.857807727027172	24.509489699880138	2.5892012184780934E-4
236.0	28.63370424959777	22.966111229874322	24.36070387830646	24.039218113015075	2.625292063742091E-4
237.0	27.572378838755725	24.244685439482033	22.261919747367244	25.920864769728524	1.5120466647841686E-4
238.0	27.11411032797612	22.82007468221008	24.285463233771093	25.78035175604271	0.0
239.0	28.248490941963215	23.23274758345902	23.96570337645002	24.551835049128716	0.0012230489990314617
240.0	26.083801756674596	21.43286296962985	25.480219748509153	27.00285681022362	2.587149627798724E-4
241.0	29.31272110437801	21.549018013579936	23.453265768458778	25.682583790488305	0.0024113230949750417
242.0	27.43229563879931	23.576831991257986	21.157242184440552	27.832691601450055	9.385840520990034E-4
243.0	27.99756785323219	23.56126169815161	24.340461319319534	24.09794714564	0.002761983656662215
244.0	26.805135071668367	22.62258683135709	25.636795370999643	24.93448004862584	0.0010026773490574533
245.0	28.69075660834693	21.461562357681647	23.571246892244712	26.274664744457816	0.001769397268895102
246.0	24.543877481545405	26.71161518556523	23.403022271211555	25.33894696300379	0.0025380986740247357
247.0	25.95656801723882	22.948259098630505	24.81041763169053	26.150781490046004	0.1339737623941386
248.0	26.529981992360103	22.385717013093963	23.99556442544627	27.07735033677361	0.011386232326059627
249.0	25.456306707273264	21.662528479213066	28.587589334313996	24.276426051056994	0.01714942814267837
250.0	27.859251911449412	22.057305549391575	23.777452391988945	26.305054533080774	9.35614089290534E-4
