# Position (bp)	A	C	G	T	N
0.0	24.818142648604596	23.223443320641767	24.822985323047845	27.135296031693645	1.326760121438354E-4
1.0	23.195667425345746	30.16687080768064	23.873583182529188	22.691108900823853	0.07276968362056961
2.0	24.36501484839141	25.54985217564798	22.494298910238548	27.58997663501318	8.574307088808385E-4
3.0	25.374676168150696	21.74255310315103	24.67765097269828	28.198199919993517	0.006919836006476966
4.0	26.085632278337005	23.086859472592934	24.10213469897521	26.725241841561882	1.3170853296779825E-4
5.0	28.733505676809934	23.35142282038126	22.365710226151478	25.54867058715186	6.906895054663141E-4
6.0	25.92990306035573	23.99284903209635	23.950329054104376	26.121571047569553	0.005347805873990602
7.0	25.44510368756001	24.446221050622473	23.91824817900595	26.189805052392966	6.220304185970071E-4
8.0	27.67872429688511	24.4329075674623	24.10512056105425	23.78311687802481	1.3069657352793182E-4
9.0	26.729198581100178	25.396233414953866	22.244133313468822	25.63017388727499	2.608032021417159E-4
10.0	25.349942550148118	23.974174923725876	23.3689648344376	27.306885123745158	3.2567943243193955E-5
11.0	27.638466744912936	22.163995224104582	23.03894230647357	27.158405601283715	1.9012322519969277E-4
12.0	29.139407129039174	23.958735317597856	20.35528207713543	26.54657547622754	0.0
13.0	25.56304369033774	23.083321818518098	24.944198025688756	26.409190268960437	2.4619649496205036E-4
14.0	26.984054494937226	21.52533579819775	23.613041860680358	27.877567846184665	0.0
15.0	24.919973984242553	24.078865732148543	24.194504635592157	26.806625689751606	2.9958265140832304E-5
16.0	26.779675865867652	24.40983312037927	21.38991074279974	27.420491478433924	8.879251940782494E-5
17.0	28.154241999839456	26.29266464918511	19.80864352619379	25.74308783637129	0.0013619884103479823
18.0	25.669374931670013	25.548107187451453	20.591550673517887	28.190852125278354	1.1508208229519706E-4
19.0	24.70091214704367	24.47730175456088	23.06753921991631	27.7537025354353	5.443430438402428E-4
20.0	23.582129169293065	25.060490024616612	23.61677203516464	27.740580351839654	2.8419086030825615E-5
21.0	24.1500481639844	23.824384011701564	23.8040687985978	28.221188654404934	3.10371311307504E-4
22.0	23.27906052135227	26.38553920431066	25.451137973204887	24.884234341789544	2.7959342642303268E-5
23.0	25.46857429246694	23.370651566839857	23.63660346285676	27.52383674221311	3.339356233339743E-4
24.0	28.121712831890157	21.096375767810727	24.551399857613536	26.230483948409745	2.7594275843419043E-5
25.0	25.34238179853124	24.783345422401695	19.84587325069088	30.028099235372114	3.0029300407388406E-4
26.0	26.58504748028755	24.922687073637455	19.87820717173702	28.614058274337978	0.0
27.0	25.614443010766685	24.550574564893264	20.436335215916753	29.39856585218222	8.135624108132207E-5
28.0	27.68440843846845	23.905348435206307	22.731272845407513	25.67647127581734	0.002499005100388797
29.0	28.169654305227244	22.896530163845462	22.447618796545797	26.485797299661517	3.9943471998427825E-4
30.0	23.961486647119422	23.61032305782286	25.252000950946986	27.176057268140635	1.3207597009800036E-4
31.0	26.760496360059534	24.436986348547272	22.49278413448128	26.309259942304625	4.7321460729365673E-4
32.0	24.726102942613398	21.97489894724829	23.77270381023527	29.526164018523925	1.302813791169893E-4
33.0	24.126689713556395	25.713836346422337	24.239264111054812	25.920080700270088	1.2912869637349804E-4
34.0	26.967239255876724	26.38518152387144	22.206461292032802	24.44104101784218	7.691037685059185E-5
35.0	25.9860137802043	22.475301608468556	25.64329735419773	25.895133543458993	2.537136704223901E-4
36.0	24.811393818630304	23.93733703967074	25.88861467400329	25.36252771197043	1.2675572523921974E-4
37.0	25.4000323381332	25.539953053951464	21.05417752418644	28.00578639699975	5.068672914988725E-5
38.0	27.085674411745853	25.001640602414003	20.898031555815574	27.01460275504653	5.06749780387314E-5
39.0	23.34618137140034	26.889478584140292	21.8868502884792	27.877287092218346	2.0266376181941393E-4
40.0	26.32640530749563	26.443504766806676	22.26660276813699	24.963436498049862	5.065951084189521E-5
41.0	24.192467905004538	24.644782627305485	21.58862534466868	29.568400223181442	0.00572389983985744
42.0	25.050155366408948	26.198853808692924	20.271555664732713	28.479384510969354	5.064919607063537E-5
43.0	26.052523361835483	25.9123168985125	22.858262077962593	25.17261828796691	0.004279373722518318
44.0	29.3145158533859	24.44080643883108	22.425494238619468	23.81908219464911	1.0127451444567014E-4
45.0	26.39198849713441	24.566465501528988	21.565721258024666	27.471622552097045	0.004202191214888921
46.0	26.322451992296898	23.994030298059847	22.47325480380781	27.210262905835442	0.0
47.0	26.235727009456355	23.441746557954783	22.962980961246714	27.35754597450667	0.001999496835479882
48.0	23.04814871787606	23.895484988756493	22.549350993699186	30.50701529966826	0.0
49.0	21.953728390901517	25.966513281375107	24.025960391024974	28.051925841765986	0.001872094932416108
50.0	27.24242398179034	24.64158200242546	20.48994375504988	27.625974370273603	7.589046072086831E-5
51.0	24.95971441051768	26.85176496535983	21.114985733425367	27.070929701108877	0.002605189588245992
52.0	23.002522576733632	26.59142687379695	21.30961461670918	29.09643593276023	0.0
53.0	23.376275183978006	24.19453477281976	23.586881338122662	28.84049443813791	0.0018142669416624983
54.0	23.18532623471745	28.688542558812657	22.72250010771895	25.40363109875094	0.0
55.0	25.033507346982276	27.52003905252384	22.309106155699315	25.13563814277297	0.0017093020216015554
56.0	27.043116706331922	24.56784392339935	24.89448221070482	23.494557159563907	0.0
57.0	23.534358185624423	27.151071470756023	22.568664852190565	26.74012530440224	0.005780187026747188
58.0	25.389851216135774	25.304740684266562	22.57075017131416	26.734557413926414	1.0051435709383843E-4
59.0	28.59249160341326	21.730218239645257	23.79982265845974	25.874552845794017	0.002914652687724362
60.0	22.851920937381912	23.24352548980052	24.01253275080682	29.89202082201075	0.0
61.0	25.552003697211063	24.446252572002912	23.507774153995765	26.4874211777233	0.006548399066966037
62.0	25.62838389263968	21.366118587177706	24.409285648519475	28.59603625608665	1.7561557649952496E-4
63.0	26.56976496235735	23.80553262906499	22.775496278382505	26.84639641560696	0.0028097145881886623
64.0	25.202013879848185	21.777266491082248	23.971479215277846	29.049215377990528	2.5035801195709864E-5
65.0	23.796720827215704	26.341753439952136	23.25899557027541	26.59699770064875	0.005532461907998413
66.0	23.77780592588958	24.196255978483716	23.43911071102965	28.58627666067045	5.507239266015177E-4
67.0	26.46286814824605	25.24947896406592	21.391685352870116	26.8952916774929	6.758573250167838E-4
68.0	23.71753025703461	21.707044422372984	26.8082633142967	27.766986791833205	1.7521446250210257E-4
69.0	23.21251532741153	24.57912348355928	25.25429298927513	26.950764311904035	0.0033038878500275203
70.0	26.40790964660616	22.799303366354355	24.71704570139694	26.07536632135789	3.749642846518869E-4
71.0	25.010055277862094	22.42895142515808	25.532854966260615	27.02721628541339	9.220453058175077E-4
72.0	26.9805360957484	26.13624982123664	22.169920616610266	24.71177366640041	0.0015198000042853377
73.0	24.595204180311818	22.566006169029006	23.14068445232305	29.69401974866513	0.004085449670996746
74.0	24.308965121469107	25.661046196518523	23.854975331569214	26.174241216603967	7.721338391889307E-4
75.0	26.019203765037812	24.601063101145044	22.275909167665827	27.101408053606356	0.002415912544962125
76.0	27.128949741621337	24.064194563152157	24.78191167581641	24.02414705405492	7.969653551688558E-4
77.0	24.036840638562435	25.070894794789233	23.73408555987525	27.15750660510124	6.724016718395938E-4
78.0	27.168673798709058	26.437290819985655	19.69549366483385	26.698043668818233	4.980476531994581E-4
79.0	26.887447759904358	20.802234555072385	23.00235094437443	29.30512797718431	0.0028387634645165773
80.0	23.686115347505368	24.316399514457345	28.180522269600672	23.814472906097294	0.0024899623393196176
81.0	25.06552060182845	25.62070904171856	21.627425681486464	27.685946297756093	3.9837721043329996E-4
82.0	22.635915456663337	22.58908304325537	23.90997620037003	30.86400449750513	0.0010208022061278506
83.0	24.98298965337731	22.399682523322163	23.909314997760582	28.70739041988233	6.224056576176353E-4
84.0	23.35268953828904	26.239391262871635	24.204301150219617	26.20262227369272	9.957749269848034E-4
85.0	25.73097231639937	27.393078651774893	21.062432727645664	25.812993558780978	5.227453990937088E-4
86.0	25.61093597738929	25.004523884492226	22.769339139503657	26.61353332180064	0.0016676768141896895
87.0	22.347162487689797	22.716225872067483	25.293771118979574	29.642193434609034	6.470866541115264E-4
88.0	25.620821311268976	26.906213712942716	24.82078268802824	22.651659679476875	5.22608283191972E-4
89.0	26.334168361482668	26.185560391646202	22.94791230935342	24.5312889203203	0.0010700171974159334
90.0	23.46457833195982	25.348329491482236	25.32904558863927	25.85799682300811	4.976491056250274E-5
91.0	27.37437159049122	25.098214254614142	23.83786226069683	23.689178692470332	3.7320172747615617E-4
92.0	26.45477964819839	23.77348961773512	22.606854670681997	27.164876063384497	0.0
93.0	25.99906612942988	26.389107596367907	21.00668958803969	26.604788412641433	3.4827352108758857E-4
94.0	28.247146737778483	23.566901163195652	22.734504820943492	25.447566642454156	0.0038806356282152063
95.0	23.487728781788046	27.423319033266747	23.378158781233356	25.70852986908064	0.0022635346312092674
96.0	26.165295311609686	24.681331871239944	23.866477612586205	25.285875486449065	0.0010197181150933452
97.0	25.42765926123398	25.694122538789493	23.495023366205842	25.383045624282552	1.492094881318773E-4
98.0	27.679046771467497	23.004312037225606	24.189307908203165	25.12733328310373	0.0
99.0	21.777746175699654	22.171631273029774	27.00582934032513	29.044768349170695	2.4861774747845666E-5
100.0	21.97638262709589	25.414231279421035	24.187596578558516	28.421789514924555	0.0
101.0	23.88723360730612	21.610186448476057	28.336956945914753	26.165548429849355	7.456845371623075E-5
102.0	24.927966460816315	24.342427549532456	24.46384007050625	26.26574106499534	2.4854149636396216E-5
103.0	26.29186475665431	26.033111651443118	24.635462244756486	23.03941226719302	1.4907995306963077E-4
104.0	25.74886718977099	27.024859463953057	22.727311124174086	24.498440475971602	5.21746130258642E-4
105.0	27.39349266348218	23.01769420318445	20.350843020034613	29.235038388207112	0.002931725091641254
106.0	25.74866395851868	23.768458067390004	25.059494869367178	25.42333341697438	4.968774975857965E-5
107.0	26.526333257646634	23.926296391433723	22.06077658528442	27.485898176712382	6.955889228457735E-4
108.0	23.661467477544818	24.492725191275692	25.406105425748276	26.43965223955837	4.9665872840465764E-5
109.0	26.375784601938662	24.665426863181313	25.70028205943111	23.257885746067057	6.207293818528524E-4
110.0	24.591386944491685	24.323409769970123	22.91718750581871	28.167990953225647	2.4826493841167543E-5
111.0	24.80925136171006	23.580317496096896	24.77494329362915	26.834817575164333	6.702733995546902E-4
112.0	25.77858536512712	23.704790416188818	23.828584620425673	26.687890657968556	1.4894028983780403E-4
113.0	28.089360796910732	21.68861732334125	22.920367755309027	27.300959103741025	6.950206979646071E-4
114.0	26.393880494386153	21.944678199695662	27.280032171342185	24.38096231037898	4.468241970196826E-4
115.0	27.27358935766525	23.10561630508635	26.208422484086917	23.411751242276807	6.206108846708863E-4
116.0	26.21282099339302	25.18124823902798	25.099228833892084	23.506677109411754	2.482427516219561E-5
117.0	25.92790175728823	26.753210838592572	23.53235563607459	23.785836687304773	6.950807398340097E-4
118.0	27.195137117952495	24.36418194550532	25.28641073500029	23.15377372565189	4.964758900137101E-4
119.0	27.973690325117516	21.42961049844998	23.85108660466576	26.745066439475636	5.461322911143283E-4
120.0	24.757449658531716	24.133122857832966	25.298814225912963	25.81058843359509	2.48241272643638E-5
121.0	27.74559041069944	23.583113866489853	24.320815386452377	24.349884554937624	5.957814207053407E-4
122.0	27.90876812693303	22.76837368546611	24.334209047970017	24.988103007475306	5.461321555414168E-4
123.0	24.622093557258033	27.58790262482816	22.708519409052478	25.080888635574915	5.957732864194969E-4
124.0	24.680972224532205	25.098258345536244	22.60327955613268	27.61744022643171	4.9647367162883824E-5
125.0	27.292028307190957	23.453792053006104	24.41556036625885	24.83772564444931	8.936290947760678E-4
126.0	24.48651419450688	23.639448478898448	25.814776982471123	26.059210697791606	4.9646331942822315E-5
127.0	25.42022501362771	22.730253718702183	27.867429421360907	23.98127269423585	8.19152073348366E-4
128.0	26.780388876339504	22.74353175972377	24.72427907946571	25.74360871086972	0.008191573601288808
129.0	23.99223641067789	26.507509279395634	22.67416878881205	26.823603237791076	0.0024822833233504172
130.0	26.20240545631286	24.765024669182733	23.609708606759625	25.42281162157305	4.9646171734051423E-5
131.0	26.82656197289768	24.045559264949258	24.001026682066897	25.126281149536396	5.709305497738495E-4
132.0	26.414079870363754	25.911709635067915	22.003707084244446	25.66531537893853	0.005188031385355801
133.0	27.19240761343626	25.433094985257764	23.633569497006622	23.739264779839555	0.0016631244597948348
134.0	27.201993762046783	22.977412552608683	21.283360203943587	28.53713419046236	9.929093858483108E-5
135.0	25.871840468807555	23.782928279870642	26.44764787008105	23.897111753848232	4.716273925161173E-4
136.0	27.29499561628656	26.848134861493524	24.383202086707172	21.46847946207914	0.005187973433604365
137.0	28.734219570934172	21.15132282802367	24.459423030428194	25.654860811514567	1.737590993916942E-4
138.0	25.45927608885253	23.681639728194533	26.80877267093201	24.04929390443126	0.0010176075896648797
139.0	26.79348813474851	23.714221325187214	24.49482213787975	24.996599716659603	8.686855249193611E-4
140.0	27.363203713011053	21.70212765957447	25.193772764220075	25.740746945638886	1.4891755551832617E-4
141.0	25.333679157710808	25.2947615052792	25.064358082114264	24.306754496130573	4.467587651587731E-4
142.0	28.75623510641968	22.52166231778051	23.502873292908095	25.219080362601055	1.4892029066262331E-4
143.0	26.71884866030475	25.071482183065868	24.343927588548556	23.865617467068557	1.2410101226713687E-4
144.0	28.556362525307605	24.812586577021623	23.25284126518053	23.377762863412517	4.4676907772218266E-4
145.0	28.726257263334613	22.185601328776666	22.09463512873889	26.992712031291383	7.942478584471611E-4
146.0	27.697232024141137	22.11690175138925	23.81423256000971	26.367538328005676	0.004095336454227914
147.0	26.464886239452497	24.234723319466482	25.98216495124264	23.315296747383304	0.0029287424550754485
148.0	24.27314325766842	24.762297865073943	23.768699466268487	27.1953878290153	4.7158197385350977E-4
149.0	27.82339812514768	24.612227047355805	23.856140528540763	23.706571315672946	0.001662983282798498
150.0	25.443980263296694	24.624538235456914	24.549404927821637	25.382051752378292	2.4821046460282976E-5
151.0	26.719234140213523	24.067503208829987	25.269322046393317	23.943468991569794	4.71612993384759E-4
152.0	27.351311823814633	23.718148886008418	23.583191061259484	25.347273762580468	7.446633699591875E-5
153.0	25.712108443678815	22.650128393364007	24.64291254978423	26.994130766376205	7.198467967438103E-4
154.0	23.334979906021243	24.999267730236785	24.855693211238727	26.807080428042706	0.0029787244605405886
155.0	26.840026950899016	23.668951799697425	24.56719924648702	24.923673048058298	1.4895485823717883E-4
156.0	26.856012335720887	23.036899167994257	25.544758572355303	24.56208166034712	2.4826358243852935E-4
157.0	24.988083179407734	23.015551450872906	26.274628095890684	25.721464180023435	2.7309380523942876E-4
158.0	25.278721621985305	21.343772639226742	26.30015884389057	27.07734689489738	0.0
159.0	26.697153543025575	21.577438883901262	24.5655880810697	27.15939741949836	4.220725051045945E-4
160.0	26.97815916045052	21.40306935698034	26.036153779690764	25.582592874714106	2.4828164275052363E-5
161.0	25.48887628160803	20.471564719421103	27.911774965829995	26.124531520202204	0.0032525129386702686
162.0	25.34461089099029	23.088817966891334	24.91460145109254	26.65192003348904	4.965753679747621E-5
163.0	24.94409022436164	23.9038344410177	27.67630108323561	23.475724592430335	4.9658954713764545E-5
164.0	25.627286866977343	24.025884056589156	24.4204120631364	25.925051348978386	0.001365664318717249
165.0	26.133000730527662	21.760412750612954	26.87296416938111	25.232976743793373	6.456056849056894E-4
166.0	24.585283872332692	23.55846352653478	25.183134629156722	26.673018644719313	9.932725649178118E-5
167.0	26.237854385731396	23.360081331661934	26.396435233654703	24.0052317276919	3.9732126006464415E-4
168.0	25.33597793001785	24.283238390921685	24.517566808805046	25.863117536462333	9.9333793083239E-5
169.0	26.327549229288334	22.16346120415192	25.839279523417375	25.669436864424878	2.731787174904909E-4
170.0	31.37762799586251	22.568100342845508	22.668929951981763	23.385118195398345	2.235139118783985E-4
171.0	25.813337240663387	23.71750997114205	26.479255554286222	23.989301200510603	5.960333977380533E-4
172.0	27.448375976944188	24.031026808883222	24.2243918573623	24.29618052503316	2.4831777125860855E-5
173.0	28.718415429522842	20.0138313445085	23.393049811464124	27.87306451192364	0.001638902580899087
174.0	24.64202933891829	25.408603811367552	23.89487375981064	26.05417026942597	3.228204775458492E-4
175.0	25.095714888461146	24.650895511898646	23.070361276675317	27.181563140784387	0.001465182180503988
176.0	24.078359010528747	24.63706928558745	28.32291303197863	22.96024308379661	0.0014155881085631905
177.0	22.891363374891586	26.214707030726082	23.858638363739505	27.01077653225558	0.024514698387245803
178.0	24.29160163991588	23.29951114453373	24.443791555446502	27.96479763807609	2.980220278014816E-4
179.0	27.930403794693532	23.434140021965828	23.860441989005167	24.77399587805439	0.001018316281089072
180.0	27.204966530423537	22.066479805659238	25.855546742819335	24.87295710035293	4.982074495963523E-5
181.0	27.46101661689852	22.746473270479072	25.911108683599558	23.880703103781357	6.983252414895975E-4
182.0	26.315364264501635	22.52490393750265	25.20203669948958	25.95764522829337	4.987021277126278E-5
183.0	23.70113766797391	24.004612214638545	26.323761209170264	25.969990182585946	4.987256313305426E-4
184.0	26.372841793672546	21.788934372572466	26.832918327624668	25.001689532504486	0.0036159736258365056
185.0	25.380795457407086	24.432992441062755	24.071389159481186	26.114299349074198	5.235929747785264E-4
186.0	27.34082154194395	23.21431109419988	24.823793044378945	24.62107431947723	0.0
187.0	24.928614739953787	22.392673520084685	27.362246872452424	25.315865253810234	5.996136988745001E-4
188.0	28.971146035793677	27.174541210650705	22.369011827369427	21.484901158750898	3.9976743529451743E-4
189.0	25.253194098651	23.352876562817023	24.95977079849718	26.43340892758444	7.496124503631622E-4
190.0	29.8037318510748	20.899085691239065	25.127035916898834	24.169996609043736	1.4993174357373805E-4
191.0	26.1478799986688	23.38963999750775	24.966863836328244	25.495415986782067	2.0018071313878603E-4
192.0	27.356494251061424	22.57701495629926	24.35404833082335	25.712442461815964	0.0
193.0	27.063468763429192	24.9434300097635	22.435904655570667	25.557021373832967	1.7519740367459035E-4
194.0	27.795809833121172	23.185504964015706	24.31273924663497	24.70594595622816	0.0
195.0	26.79868816279959	21.03525593767547	24.729873535028762	27.435656668343057	5.256961531307835E-4
196.0	28.813445767823083	22.239862252192708	26.46975575458929	22.47688604038789	5.018500702841023E-5
197.0	25.435704901452706	24.101555098522198	23.367309678301776	27.094802911684507	6.27410038811585E-4
198.0	27.796418430489723	22.611199726486443	24.155344638392705	25.436986926403986	5.027822713943284E-5
199.0	25.718169892230435	23.721521066249668	25.496152094534143	25.063728730221424	4.2821676433367457E-4
200.0	27.83671809816322	23.131930253086495	23.545327029347394	25.48599942764322	2.519175967464339E-5
201.0	25.419970755725664	20.760134471260095	28.785254113798725	25.034338340735097	3.0231848042639E-4
202.0	25.27993820107377	25.244085350444607	28.285858330597545	21.190118117884072	0.0
203.0	25.910668719332257	23.821557223094302	23.131076207730565	27.136092938568236	6.049112746387924E-4
204.0	24.964185918127356	22.722802913525662	24.83454184065349	27.47841891195269	5.0415740802593386E-5
205.0	27.072143123098762	24.115293271214775	25.679719009393665	23.132113532668335	7.310636244672374E-4
206.0	25.32222222782489	21.554689158478222	25.423801458364114	27.699261943312287	2.5212020486279365E-5
207.0	26.60164022766398	22.92619479840602	27.510641962301946	22.96132128021779	2.0173141026142121E-4
208.0	28.680380810757573	22.163837808131284	21.69595821745215	27.459772721139373	5.0442519613943225E-5
209.0	27.919774500425813	20.097543600485952	24.878789438208596	27.10326181279539	6.306480842424756E-4
210.0	24.876882650287182	23.794353216037866	25.022965842015694	26.305571219340507	2.270723187489829E-4
211.0	25.58204562586608	25.55945906318004	25.235575325177102	23.62218813067298	7.318551037934573E-4
212.0	28.74060882603099	21.88661392116652	24.95720182083815	24.415373464447278	2.0196751705931257E-4
213.0	30.47095534157846	22.057839492591537	22.666587180959404	24.804289601122363	3.2838374823777915E-4
214.0	28.743661735423732	24.520056330579916	24.513458645533177	22.222823288463175	0.0
215.0	25.684869659660485	24.538390364751333	23.442492528660082	26.333892844813196	3.546021148976707E-4
216.0	25.878698583000563	24.225937792478312	26.352601423832727	23.542762200688397	0.0
217.0	29.27591704072572	22.952418141960727	25.006579057590272	22.76436406094746	7.216987758184516E-4
218.0	24.340249070535318	24.25252840392065	26.145204482229673	25.26186204924213	1.5599407222525544E-4
219.0	26.745926015283672	22.732021755891346	24.036850745564116	26.484545869370248	6.556138906226234E-4
220.0	27.646461709298514	21.737054256705573	25.142255416030583	25.474044246939176	1.843710261459186E-4
221.0	25.58936590260718	21.891298879873446	24.250462348018775	28.268660387286022	2.1248221457463318E-4
222.0	25.3546501795329	23.82356165294094	24.221490290589482	26.60011026324613	1.8761369054622653E-4
223.0	30.34286948989689	22.37490673561538	24.36123868624252	22.92011971374493	8.653745002800298E-4
224.0	30.1732905696272	22.63717651139756	24.21542284714685	22.973947472185298	1.6259964309378342E-4
225.0	30.31613513754854	19.6775215780567	24.485132212559378	25.520067647180532	0.0011434246548491006
226.0	25.328549027970993	21.684139410536325	26.849310086304307	26.13789126313211	1.1021205626215259E-4
227.0	27.528268613579993	23.351179297903137	25.55998903069156	23.5591182654267	0.0014447923986137773
228.0	27.27445855532844	27.536105619408236	22.681952216600205	22.50731606518558	1.6754347753241967E-4
229.0	27.85369109838614	25.85190017188842	22.058535492651124	24.235816954029136	5.628304518290301E-5
230.0	26.7887784295938	21.900971163970375	26.90096123879767	24.40926081000185	2.8357636300269937E-5
231.0	25.18896906397726	25.00497817086464	24.390562539062817	25.413677366185038	0.0018128599102432915
232.0	25.51803630156946	24.751519503767536	24.155281952365755	25.574902053295958	2.6018900129053747E-4
233.0	23.276642729465827	25.07510125199416	22.777165014249306	28.87053615883999	5.548454507199412E-4
234.0	27.205591903971825	21.11546488717306	26.405199086230546	25.272647694107114	0.0010964285174538085
235.0	25.9730463251705	21.68542121921441	27.553070767603664	24.78834204810362	1.1963990780548706E-4
236.0	28.414055993239774	23.196499958797645	24.600086296887444	23.789175305224305	1.824458508316642E-4
237.0	28.02105563542023	23.74463214773925	22.89875528730571	25.33543419193399	1.2273760081743241E-4
238.0	26.290613072704595	22.334584840689438	25.53616254872013	25.838608431654947	3.1106230889109396E-5
239.0	27.71258700494573	23.69294430230891	24.831421503397465	23.76181565214316	0.0012315372047389552
240.0	26.117408157223043	21.33587960778553	25.816635162519567	26.72988250234052	1.9457013134456717E-4
241.0	28.659316591772715	21.219111320542094	24.108392874482462	26.010840976174986	0.002338237027737012
242.0	26.603308249528943	24.31334224873984	21.072837221778766	28.009730988242865	7.812917095834543E-4
243.0	27.431034460260896	23.196346108426706	24.480075316985076	24.89026059520252	0.0022835191247988873
244.0	26.376091300458754	22.16647660994607	25.389605379477015	26.06707476552406	7.519445941068468E-4
245.0	27.130355657374388	21.928673022470996	23.72523086370185	27.214362753202177	0.0013777032505924124
246.0	24.486534238390618	26.11637352214474	23.744607681067876	25.650414065678657	0.0020704927181099753
247.0	26.097074073830058	22.4922421119903	25.361342987593964	25.911905969785415	0.13743485680025827
248.0	26.433449231906746	21.618673136671823	24.493535985995873	27.44527246937834	0.00906917604721776
249.0	24.689043098287367	21.27562405662204	29.56335148082831	24.456030189418545	0.015951174843739712
250.0	27.62390576287442	22.15053970260561	23.690737423879696	26.533855399032387	9.617116078922697E-4
