# Position (bp)	A	C	G	T	N
0.0	23.563940087406955	23.77801690308403	25.715293325512423	26.9427496839966	0.0
1.0	23.108458931275692	30.562537988441214	22.75185692651619	23.50111776159227	0.07602839217463866
2.0	24.760457156594473	26.362991459006363	22.000288689386142	26.875440803522217	8.218914908032911E-4
3.0	25.484395465426136	21.890384354816856	25.149660646024856	27.46745034920817	0.008109184523980604
4.0	26.11448537379782	23.006362919773466	24.05888329142501	26.8200632753318	2.0513967190986573E-4
5.0	28.6647993487101	23.64122902789654	22.69621312222086	24.996836284512035	9.222166604587823E-4
6.0	25.599335068928834	24.00259061398267	24.190548143861886	26.20272116702355	0.004805006203058539
7.0	25.669463505815	25.45234158542875	23.02272893073066	25.854853792159837	6.121858657507006E-4
8.0	27.628728748746333	23.546116829674997	24.408811761634855	24.416240891047746	1.0176889606698836E-4
9.0	26.317646927394726	24.76816705986779	23.038115965725996	25.87591770908127	1.5233793021500976E-4
10.0	24.045810434542606	24.78964907011292	23.767930057554775	27.396610437789704	0.0
11.0	27.65203179467931	23.222262777497832	22.873618760377923	26.251889637765863	1.97029679073133E-4
12.0	29.251313370553174	24.800002325836065	19.5360538508577	26.41263045275306	0.0
13.0	25.38395882047316	23.47388564751886	24.581379804226444	26.560537177366527	2.38550415006157E-4
14.0	27.032340583449677	21.73854538432447	23.33789268971652	27.891221342509333	0.0
15.0	25.536058930762962	24.298980169787093	23.85871211821523	26.306248781234714	0.0
16.0	25.99024012876284	25.33968898201463	21.081156885713813	27.58882234431227	9.165919644215663E-5
17.0	28.493644254745814	25.793813075379823	19.68639406023703	26.02467047726207	0.001478132375264664
18.0	25.928436125255654	25.55873607351364	19.578557929963956	28.93413663001792	1.332412488258115E-4
19.0	24.738337844889223	24.466012480035428	22.16809629396672	28.62689175485777	6.616262508595628E-4
20.0	23.26644831124618	25.101640291169737	23.957527901578153	27.674339737404637	4.375860130006805E-5
21.0	23.732391613130222	24.4087969176907	23.66058979137075	28.197743867742176	4.7781006615497555E-4
22.0	22.41191091749545	26.67754178241542	25.630847721578693	25.279656582533573	4.2995976866444605E-5
23.0	25.18774745807643	24.037617903351318	23.52008312025928	27.254081187627737	4.7033068522905105E-4
24.0	28.019661970496042	21.855768775091565	23.538511532811135	26.586057721601257	0.0
25.0	25.298639402524426	25.852942937297975	19.00457300416188	29.843677192712164	1.6746330355696244E-4
26.0	26.481092161425835	24.993098417195373	19.368360479559033	29.157448941819762	0.0
27.0	26.352637506104188	24.155836929404064	19.842628304149518	29.64881421020985	8.305013238191102E-5
28.0	27.385787965991486	24.113017215540665	22.903007601305703	25.596098946365014	0.002088270797129815
29.0	27.61359342642759	23.20802204164106	22.08530432935323	27.092553162161416	5.270404167024784E-4
30.0	23.526556574214606	24.623657601768308	25.708241720426994	26.14142336170365	1.2074188644708547E-4
31.0	25.416350256617392	24.594678226491816	22.565837642314467	27.42253341270105	6.004618752744611E-4
32.0	24.062189182870437	22.552633351693423	24.165851029683903	29.219088679222853	2.3775652938868834E-4
33.0	24.047316571138552	24.55289239498043	25.082043481870542	26.317669228877428	7.832313305063904E-5
34.0	26.170227801860374	26.70967882220831	22.797969710289216	24.32208483666201	3.8828980086945854E-5
35.0	25.38068023551786	22.491302552083834	25.39570266350338	26.732084025703333	2.3052319159358762E-4
36.0	24.055037560505617	25.08519728382077	25.118362615301347	25.74121061137064	1.9192900162371936E-4
37.0	25.473438955124745	26.32797550047178	20.902992259287952	27.295593285115523	0.0
38.0	26.463863653277663	26.221149117335425	20.54284887864887	26.772099989028554	3.8361709489842976E-5
39.0	23.45464091934344	26.645518668650297	22.018003796207548	27.881414729730196	4.218860685165987E-4
40.0	26.32308559551794	26.574415296062092	22.683828463836363	24.418593949526983	7.669505662012555E-5
41.0	24.541077916680088	23.995194910562148	21.94417476844929	29.514989639840678	0.004562764467797619
42.0	24.298134902865275	25.356740849338426	20.713780739904674	29.63134350789162	0.0
43.0	26.1496707121664	25.633275321429394	23.102205730144977	25.111053184393523	0.0037950518657088313
44.0	29.241548486009965	24.123687236489076	22.78692985818321	23.847757761594483	7.665772326561901E-5
45.0	25.534911420385654	24.236224057294308	21.521006329414686	28.703949254312477	0.003908938592874081
46.0	25.271069379046494	24.606999215224644	22.23853338973906	27.883359696880518	3.831910927996861E-5
47.0	25.28025913576964	23.972127731803365	23.482225030326763	27.263817164296338	0.0015709378038902553
48.0	23.213614713267106	23.410189967843937	22.836283685824327	30.53991163306463	0.0
49.0	21.595547878309695	26.12258655094623	24.142916783165894	28.13688052732976	0.0020682602484210365
50.0	27.205785763006308	24.8899026808252	19.648508156910175	28.255803399258323	0.0
51.0	24.911745413231355	26.064119221330134	21.888439462848446	27.133474938913928	0.002220963676139077
52.0	22.28827809283796	25.87917455802955	22.021095680952183	29.811451668180304	0.0
53.0	22.947967000859006	25.179353108202335	23.575664735562878	28.295603827216816	0.0014113281589720039
54.0	22.930706453330565	28.764633545357317	22.418026971647578	25.886556743751036	7.62859135009284E-5
55.0	23.801136413361323	28.27552145224693	21.99248656725618	25.92948575259704	0.0013698145385266046
56.0	27.68454160739403	25.055100249544303	24.202449331168765	23.0579088118929	0.0
57.0	22.873155507266887	27.5326823493249	22.465872034013078	27.123420663796736	0.004869445598401604
58.0	25.484376996999558	25.241770079545244	21.697229001454577	27.576395693479967	2.2822852065315958E-4
59.0	27.904585857894315	22.314951106242656	24.753743576870267	25.02375274326118	0.002966715731580689
60.0	23.791707526156717	22.696957927917975	23.649226070955233	29.86210847497007	0.0
61.0	24.823985432177594	24.28964973224376	23.24868968936328	27.631867149476957	0.005807996738411244
62.0	25.333887535017197	21.83528063103074	24.552652955868844	28.278027042005448	1.5183607777043904E-4
63.0	26.204861006992825	23.865036892350403	22.828050408474745	27.099698355359177	0.002353336822851052
64.0	25.27248877564046	21.596035177046208	23.771210564174396	29.360189726051004	7.575708792784289E-5
65.0	23.625750972827493	26.283764897308654	23.352859321228888	26.732966144770064	0.004658663864903293
66.0	24.59144853079025	23.582004760705434	23.292158470514494	28.5338580082678	5.302297220270682E-4
67.0	27.230021878423827	25.138903564134228	20.982003036544956	26.648351960480227	7.195604167542448E-4
68.0	24.114434812904495	22.786910699340687	25.70450990862029	27.39391736062985	2.2721850467502075E-4
69.0	23.53144550605644	23.969617641701596	25.040528366448385	27.455833452933508	0.0025750328600700634
70.0	25.12760160399403	23.292958765618696	24.8770295185863	26.70218328130724	2.268304937305942E-4
71.0	24.395255218581088	22.844305734596798	26.060866484233063	26.698253311320684	0.0013192512683658623
72.0	27.27316925359094	26.083726799088247	22.02658230519676	24.61516486365884	0.0013567784652122
73.0	25.156924125108198	22.72406790442372	23.04260776863447	29.07236805165373	0.004032150179882887
74.0	24.942688464894893	26.025202003379157	22.35929848570942	26.67194440215892	8.66643857605139E-4
75.0	25.700330666698818	24.839489501256956	21.698570326205562	27.759424151630423	0.0021853542082386347
76.0	27.71256881290463	23.788966349260413	25.024405480240695	23.473230456682955	8.289009113011974E-4
77.0	24.491818077012628	24.744580987738228	24.03918823509023	26.72347082018155	9.418799773647404E-4
78.0	27.085502710245585	26.53576815909752	20.60415797032217	25.774156749694466	4.1441064025690444E-4
79.0	27.422946531129366	20.674022188626303	22.719363115825924	29.180842691613208	0.0028254728052009796
80.0	24.596191350883412	22.99063829210141	27.878232625877885	24.532526764554422	0.0024109665828730207
81.0	25.337045108236033	25.071959587360126	22.044703280890072	27.545726969824248	5.650536895180657E-4
82.0	22.545623163424473	22.41600580396476	24.58409251085889	30.453110797792775	0.0011677239590965132
83.0	25.02959674226784	22.938972515615742	24.228234105617148	27.80195362982433	0.0012430066749458445
84.0	23.77835538663363	26.085769265391768	24.16954079593764	25.965392934933885	9.416171030810841E-4
85.0	25.32863850649368	27.208854135084614	20.800709270876922	26.66085651087088	9.415766739067635E-4
86.0	25.80030437571156	25.282165172594436	22.220707415551935	26.69554256420531	0.0012804719367627635
87.0	22.303900616140464	22.257994178657007	25.39006349700102	30.047137889908154	9.038182933575757E-4
88.0	25.330604421364594	25.946417173316664	25.82478351656835	22.897404081694134	7.908070562583906E-4
89.0	26.459489614976334	26.212012864874758	22.321032172354073	25.006486285788952	9.79062005879644E-4
90.0	23.65059527328498	26.27226791270455	24.162142072568475	25.914994741441994	0.0
91.0	26.990678106823918	24.76290491232179	23.83075324827895	24.414873007702788	7.907248725520947E-4
92.0	26.07332996980353	23.904756884568176	22.45400875019767	27.56790439543062	0.0
93.0	26.575176391744037	25.619611298107696	21.29678993381074	26.507970572510747	4.518038267784128E-4
94.0	27.2313607905783	23.824838173233424	23.107352524264133	25.832758865411108	0.003689646513039324
95.0	24.61009179492933	25.85867149974888	23.517226891072678	26.011525003595448	0.002484810653663326
96.0	25.968588200791864	24.3873065280057	24.188305149000684	25.454633069089923	0.001167053111834182
97.0	25.965076729929095	25.318523788819057	23.314266138883713	25.401907472345037	2.2587002309520988E-4
98.0	28.604625074723057	23.038642171056694	23.424454051156495	24.93227870306376	0.0
99.0	22.08383934824652	21.759776546825023	26.555273763633235	29.60111034129522	0.0
100.0	22.829136343435035	24.799376519611144	24.560905055090785	27.810544450260615	3.7631602417604664E-5
101.0	23.28092421078695	21.7592622208408	28.995228202261607	25.96447247759069	1.1288851995248145E-4
102.0	24.99629345593653	24.893338079716663	24.32742217950812	25.782946284838694	0.0
103.0	26.311719917583865	26.04404808310243	24.592133443101112	23.051985678014187	1.1287819840375176E-4
104.0	25.569932873381234	26.867428220119322	22.9087975715372	24.653352211009576	4.891239526633363E-4
105.0	28.023122109360067	22.895862462354895	20.8184395924922	28.259302348332177	0.0032734874606617113
106.0	25.994854344384176	22.881160790074105	24.72702740938288	26.396882205272377	7.525088645544244E-5
107.0	25.621318873329734	24.120762400980656	22.352241353232394	27.90477437473051	9.029977267032231E-4
108.0	23.732929536134833	25.45002069147135	24.257514766186375	26.55938452277943	1.5048342801249012E-4
109.0	26.118440059949076	24.774325723331387	25.28748171733648	23.818812033152565	9.404662304909685E-4
110.0	24.91022532259072	24.975003028226077	22.206226333754902	27.90850769771307	3.7617715235400375E-5
111.0	24.921773725752487	23.522917157265848	24.17472127070015	27.37972263622732	8.652100541922436E-4
112.0	25.74509750816643	23.96856958431323	23.35821254839297	26.928045127149563	7.523197780355726E-5
113.0	28.951004181629493	21.077677049711248	22.576736869544217	27.393566301415106	0.0010155976999345127
114.0	27.336880573125615	21.536710922526854	26.884090272174483	24.241791600602618	5.266315704341513E-4
115.0	26.827862660892542	23.796710373863558	25.911749481622813	23.462925121957827	7.523616632609762E-4
116.0	27.55396690210571	24.16638327710684	24.201669039113778	24.077905545507345	7.523616632609763E-5
117.0	25.54562885613651	26.477139395161426	24.309408060827693	23.666807987020093	0.0010157008542796555
118.0	27.41522414291217	24.117632896764253	25.002858965716484	23.46383257896764	4.514156394453005E-4
119.0	27.487342422136944	20.801575750416905	24.549437626984876	27.161042309545724	6.018909155475571E-4
120.0	25.111791160156567	23.536953058433852	25.113784911814108	26.237395633683867	7.523591160532746E-5
121.0	27.769520630266754	22.975484735938682	24.570449644002206	24.683642158173843	9.028316185175279E-4
122.0	27.260132106637798	23.65637227001998	23.584634882276575	25.498258854225643	6.018868400075688E-4
123.0	24.587144022221622	27.50960007704137	22.918227807721593	24.98431335373726	7.147392781584705E-4
124.0	25.30327561742281	24.464245678077937	22.259873573716817	27.97256751286909	3.761791334939367E-5
125.0	27.03434712918759	23.545202134098517	24.218963653893248	25.20035856707089	0.0011285157497538895
126.0	24.823375621867154	24.302935118918867	24.665795190580532	26.207818833287877	7.523534556534661E-5
127.0	26.17339866269173	22.329512004739826	28.01452042169411	23.481365145345283	0.0012037655290455457
128.0	26.079171196521074	22.8232058955193	25.21297525853086	25.876334034285197	0.008313615143569738
129.0	24.344878124384	27.453349604481687	21.88449390659538	26.314156049541737	0.003122314997193678
130.0	26.461508829506375	24.11311819899287	23.667636479091854	25.757736492408906	0.0
131.0	26.052763939136646	24.66818924113419	24.146222825299816	25.131996372004238	8.276224251067539E-4
132.0	26.558977900968166	25.949546613217283	21.953595945551452	25.532725707767916	0.005153832495177217
133.0	27.921636754599668	24.507906747181213	24.380378566839063	23.188234603699595	0.0018433276804617799
134.0	26.593655623219682	22.63887823015934	20.975965944230516	29.791462583344995	3.761904546938788E-5
135.0	27.045545771674128	23.52319798121078	25.990632101773098	23.439984621328428	6.395240135624234E-4
136.0	28.018666872320775	26.23688719934843	23.915190251995252	21.824101783735895	0.0051538925996497615
137.0	29.25747846568297	20.970965680146595	24.098948197633057	25.672494798169737	1.1285836763914215E-4
138.0	25.872047204848382	23.863335854927698	26.446045341301122	23.817518322310917	0.0010532766118799821
139.0	26.038273278672985	23.734631479004317	25.04412501561115	25.181879326922353	0.00109089978919302
140.0	26.50476730022518	21.357565197241264	25.25393876880042	26.8835030271021	2.2570663103511318E-4
141.0	25.306812624609716	25.591581085656244	25.283301358010757	23.818041605537374	2.633261859082873E-4
142.0	28.61797273074384	22.574196715576278	23.779212693803007	25.02839215214206	2.2570773481598235E-4
143.0	26.859879538513106	24.97418440591406	23.855301761253624	24.310446202559028	1.880917601890247E-4
144.0	28.466134011873194	25.06364132587632	22.847715627194813	23.622170467340066	3.3856771561214735E-4
145.0	28.44486393213027	22.233453424013895	22.743898378982713	26.576806184776636	9.780800964838397E-4
146.0	27.22236266539064	22.429137643835123	23.96375512931054	26.380982690881076	0.003761870582623468
147.0	26.597055317285633	23.49825056248714	26.995771330591968	22.905574763860734	0.003348025774531906
148.0	25.22667912588361	23.977559866875975	23.85251627654496	26.942868546609024	3.7618408643506516E-4
149.0	28.636106458889156	24.742685728989386	23.326102952794116	23.29277247850824	0.0023323808191020486
150.0	25.722650122150238	24.412892624413043	24.40457873404655	25.459878519390173	0.0
151.0	27.089072094515842	24.50838834142058	24.726439320806563	23.675535929128163	5.643141288457068E-4
152.0	27.01651844447396	23.387140767003288	23.444137244508116	26.152090679702745	1.1286431189074433E-4
153.0	25.009066817554565	23.629142331729646	25.125204849882092	26.23560783794399	9.781628897038573E-4
154.0	23.03904620194469	24.730653253097717	24.27602656879878	27.951602799844245	0.0026711763145667524
155.0	27.393530649392382	23.963812218211977	23.37638732562117	25.26600638754012	2.634192343456535E-4
156.0	26.617930737579375	23.00973840502101	25.951806975013113	24.420147562538713	3.7631984778614794E-4
157.0	25.2500453464734	23.017907529320915	26.299449294363715	25.43244730212944	1.5052771252819572E-4
158.0	25.409387557568657	21.237047758181166	25.70736344402622	27.64620124022396	0.0
159.0	26.489126131455865	21.007972313672006	24.641652328243758	27.86075998910129	4.892375270774155E-4
160.0	26.24781440075629	21.815611068333705	25.463106181548312	26.473430715280866	3.763408082144661E-5
161.0	24.948996239213567	20.59328824002496	28.259225932077026	26.194989607313378	0.0034999813710668956
162.0	25.292556894948987	22.941977878054566	25.29139020507397	26.473962116450707	1.1290547177551381E-4
163.0	25.386776564014262	23.83184200374479	26.881643943884608	23.899662216200447	7.527215588863485E-5
164.0	26.184603977816963	23.29975517362725	24.0974638547075	26.41629516162116	0.0018818322271296226
165.0	27.67114770177737	21.98918966118798	26.380885098842597	23.958024781502964	7.527566890900338E-4
166.0	24.45971352593454	23.262175900571556	25.83656562348854	26.441394392094203	1.5055791115954056E-4
167.0	26.812036341038446	23.21832062907622	26.85814581207436	23.111120813965787	3.7640384519112096E-4
168.0	25.58784603756312	24.885231314046873	23.693616918763798	25.833192805369777	1.1292425643141283E-4
169.0	25.923624111101784	22.304865878994278	25.584684318086943	26.18659983233698	2.2585948001877643E-4
170.0	31.658632146462917	22.12626305593848	22.685467167886213	23.529487053041382	1.5057667100578441E-4
171.0	25.22419220411184	23.16401812058759	26.950496644739964	24.66027662731806	0.001016403242552211
172.0	27.485522506913217	25.05178328694414	24.309919961704455	23.152548445221864	2.257992163261865E-4
173.0	28.86728980402782	19.894563352298384	22.540074957102863	28.696453836659742	0.0016180499111954
174.0	24.500031985309338	25.75084572920861	23.876544231919834	25.872051236702575	5.268168596446997E-4
175.0	26.219221694119245	23.350644072388995	23.18141278209919	27.247028009528435	0.001693441864140804
176.0	24.69062764145398	23.599685979811483	28.820121076911615	22.888022297540903	0.0015430042820250539
177.0	22.758544635272447	25.615933751389306	24.909772701353948	26.691020854747695	0.024728057236607613
178.0	24.74295748674895	22.076338992032056	24.88434968620491	28.29612802899951	2.2580601456900407E-4
179.0	28.22884659102029	24.01329507355122	23.256254224810345	24.500437347850372	0.0011667627677720551
180.0	27.18104073349506	22.482253147289725	25.10641317488902	25.230066473084083	2.2647124211549804E-4
181.0	28.68059530407523	22.471836624825812	25.416222134344913	23.43021176499054	0.0011341717635085528
182.0	26.408430336417243	22.734241228512914	24.43445585835111	26.422796962895163	7.561382356799705E-5
183.0	23.783840803604242	24.378951969160084	26.565361656692694	25.27124062907863	6.049414643515557E-4
184.0	26.510945383489215	22.23805641931542	25.872212609952932	25.375609505257174	0.0031760819852629796
185.0	25.40838152758319	25.0382012991088	24.06054291588002	25.492269387773618	6.048696543699186E-4
186.0	26.65304347826087	22.780189035916823	25.14676748582231	25.419999999999998	0.0
187.0	24.28231785761368	23.123154179868685	27.54899331299806	25.044625471825345	9.091776942344497E-4
188.0	27.589766630626915	27.895864571360597	21.82501047476245	22.688979489164968	3.7883408506643614E-4
189.0	25.59923410781289	24.091923732049874	24.44653151159901	25.861477168714504	8.334798237265945E-4
190.0	28.862193683122534	21.809526768414248	24.804894553263654	24.523309218737094	7.577646246678149E-5
191.0	26.518369060333956	24.10010695706763	24.398850420275235	24.982256057800846	4.1750452233307595E-4
192.0	26.970713539579005	23.191099126674683	24.2910684570443	25.54711887670201	0.0
193.0	27.47160677360243	24.564122168412254	21.643882107702357	26.319971360965344	4.175893176097036E-4
194.0	29.064365383717366	23.240884902063737	23.154666517844092	24.540083196374805	0.0
195.0	26.657444822718084	21.405208531889024	25.015776871372363	26.92054456216239	0.0010252118581319425
196.0	28.677307684256004	22.410805194014287	25.995687514154508	22.916085419953525	1.1418762168118435E-4
197.0	25.18745686407897	23.57873683176677	23.79245117099393	27.440365362440716	9.897707196128017E-4
198.0	28.163768164019825	22.939599879659614	23.772564298790382	25.123991396196317	7.626133386411223E-5
199.0	25.50444489280594	22.819816762809637	25.757909249595713	25.917141267497563	6.878272911527069E-4
200.0	28.329647408521613	23.56549882658039	23.718553558264553	24.386223774807384	7.643182605950753E-5
201.0	24.97949571301795	21.04381917091594	28.412406373947746	25.563743681507468	5.350606109016307E-4
202.0	25.44567522744811	25.15885917232317	28.18472268778444	21.210742912444278	0.0
203.0	26.598025253056267	24.810582961355752	21.9436633180719	26.646734403226883	9.940642891962416E-4
204.0	25.65283907998949	23.37254338144508	23.767384219596664	27.207195081428754	3.823754001080593E-5
205.0	27.488454671608682	24.15836783452582	25.049796816751158	23.302348222476386	0.0010324546379583096
206.0	25.553067604906637	21.358446549960323	25.442161521325517	27.646247836853327	7.64869541938753E-5
207.0	25.819232097687816	23.8791463638071	26.22732292189817	24.073916115131414	3.8250147549944173E-4
208.0	28.848764199350228	22.195709627017905	21.58982222405859	27.365665691860137	3.825771313754566E-5
209.0	27.726788861500363	19.971937176621303	24.840764331210192	27.45936171043176	0.0011479202363797352
210.0	24.921361774110522	24.16442938250957	24.848225066640133	26.06571587671241	2.6790002736407423E-4
211.0	25.632612278414868	25.175631521221064	25.104999913863896	24.08576093593579	9.953505643829114E-4
212.0	28.714541726846583	21.710997766688457	25.27165701298507	24.302611990175112	1.9150330477253047E-4
213.0	30.55863954223205	22.616031459091264	22.421117539685063	24.403713251962074	4.982070295478924E-4
214.0	28.09007035404068	24.97020001656833	24.222937626371873	22.71675365040209	3.8352617029175605E-5
215.0	25.76873183524546	24.98012621535837	22.9075606530216	26.34304286776309	5.384286114810671E-4
216.0	25.45229985017288	24.036989493441276	26.63035153780783	23.88032024283345	3.887574456769783E-5
217.0	28.559245744142597	23.05940466397372	25.34451899023398	23.035968397880392	8.62203769319733E-4
218.0	25.16652540121898	23.49675195188147	25.27110676258445	26.065298730831042	3.171534840499548E-4
219.0	25.993133064395042	23.019249441936356	24.626672939669067	26.36006366430094	8.808896985955816E-4
220.0	28.534696719178527	21.44167435193389	24.95074122441691	25.072445290482992	4.424139876823902E-4
221.0	25.002289742843644	22.139624871227294	24.95475224982432	27.902968398306644	3.6473779810222874E-4
222.0	25.954072550160106	24.5236339999517	24.707053994900587	24.814911992376672	3.2746261093307604E-4
223.0	30.365080307043772	22.3213867017694	24.3751787056338	22.93752430292872	8.2998262431376E-4
224.0	30.75316950006595	22.45253083576437	24.183070174015114	22.611104661637743	1.2482851682501164E-4
225.0	30.866545695387515	19.37626851440045	24.253807059874926	25.50237458783088	0.0010041425062309135
226.0	25.50685155466102	21.950938523005323	26.226971063495636	26.315069438885352	1.694199526725362E-4
227.0	27.312721971746832	22.76487451454046	25.934517639183614	23.98621667267294	0.001669201856152464
228.0	27.195444616548954	27.8640548492	23.03396906768242	21.906488416524674	4.3050043954094876E-5
229.0	28.65493317398389	24.649367523980587	21.54730802502805	25.14834784965102	4.3427356455215973E-5
230.0	26.40982129139932	22.625596968313573	26.959835319689635	24.004702650580896	4.3770016575705275E-5
231.0	25.8143203457588	23.966026505864598	24.82033931735826	25.3978034240925	0.0015104069258376873
232.0	24.95467323328549	24.149197231744086	25.266131114861672	25.62981939560432	1.7902450442660464E-4
233.0	22.981573917722812	24.943347705915873	22.864807056339107	29.209501925974337	7.693940478771285E-4
234.0	27.298874766927838	20.67978633498997	26.69611898331081	25.323931778460796	0.001288136310584386
235.0	25.77508541434514	21.344203163439072	28.30084476032993	24.57944756464924	4.1909723661252087E-4
236.0	28.442153055162077	23.241909358727675	24.152273405090497	24.163475122498106	1.8905852164743706E-4
237.0	28.126284488669796	24.633238251369246	22.342163462776412	24.897884640877233	4.291563073102486E-4
238.0	26.704443284423423	22.430896756028677	25.057762745973328	25.80680027588467	9.693768990699314E-5
239.0	27.348108888237597	23.301669084380254	24.213569899835235	25.135420694478995	0.0012314330679184594
240.0	25.188348620737028	22.432256092274983	26.344117910976667	26.035023895598513	2.534804128080611E-4
241.0	28.83101944096008	20.561974056722303	23.641145573433953	26.963119691072652	0.0027412378110099277
242.0	26.883945411335652	23.61881144544568	21.45835357877508	28.03777023530842	0.0011193291351706952
243.0	27.532456799513934	22.840332799209882	25.357191867651657	24.267314756856496	0.0027037767680276868
244.0	26.774877213931976	22.662464063861023	26.247899039385597	24.31312389840143	0.0016357844199712918
245.0	28.223260085556245	21.25786234433545	23.74639394310566	26.77058738816675	0.0018962388358938537
246.0	24.713440535927415	26.424814876605794	23.561196596552918	25.297621950436984	0.0029260404768932636
247.0	26.211711201884984	23.013303974729652	24.80265256356172	25.831318359073556	0.14101390075008488
248.0	26.43419213348538	22.659416774055316	23.61195665722059	27.284957451433034	0.009476983805688868
249.0	25.81310318988127	21.502667924187026	28.647175101096884	24.020878283226317	0.01617550160850635
250.0	26.6620827415738	21.633520366451677	24.936897680268117	26.766360133934835	0.0011390777715703793
