# Position (bp)	A	C	G	T	N
0.0	24.360222087494815	23.75993171447717	25.313905995724177	26.56594020230384	0.0
1.0	23.357770549109095	30.25659474521596	23.30651368136534	23.006852024447298	0.07226899986230685
2.0	25.567163953818152	26.29939075107864	22.334784228643517	25.79786663573683	7.94430722860459E-4
3.0	25.630230092316285	22.31249444451499	24.58095770212442	27.471000368249292	0.005317392795012127
4.0	26.04110827399172	24.0310532409243	23.898228474457998	26.02961001062598	0.0
5.0	28.09967100521608	24.033409523266442	22.286505828292285	25.579938446137202	4.751970879922448E-4
6.0	25.965634021938826	23.76384615627856	24.132708075751875	26.13306855803923	0.004743187991512856
7.0	25.58639398669004	25.599492473104707	23.85542111633823	24.957903358420356	7.890654466662774E-4
8.0	27.200596280957264	24.81791235551442	23.88342927663942	24.098062086888902	0.0
9.0	26.310097258340555	26.084053889116227	21.703619285787777	25.90215102493153	7.85418239139433E-5
10.0	25.000098090992346	24.52149252115038	23.588058638010494	26.89035074984678	0.0
11.0	27.209334727106476	22.567400174043996	22.662720857337977	27.560468106780483	7.613473106548271E-5
12.0	27.880688076010074	24.447735573301642	20.56545395070509	27.106122399983196	0.0
13.0	24.513174496151457	23.258958605460872	25.29282221198615	26.935044686401522	0.0
14.0	26.870603259413656	21.33407705603241	24.787029867561092	27.008289816992843	0.0
15.0	25.933092881568438	23.238059581828697	24.816450557559318	26.01232442268721	7.255635633587498E-5
16.0	26.12712709782133	24.689508519102198	22.3269670053933	26.856397377683173	0.0
17.0	28.502295422523627	25.947338618742883	19.94816313703312	25.60115292574506	0.0010498959553108286
18.0	25.159998778317355	26.26936991717547	20.1582495508928	28.41231233982769	6.941378668865696E-5
19.0	25.753550204656012	24.06550098215532	22.50020389572151	27.68067580027343	6.9117193731347E-5
20.0	23.238418677820498	25.87706714949916	23.815991950351346	27.06852222232899	0.0
21.0	24.390305400994265	24.10667738846884	23.941488944845187	27.56152826569171	0.0
22.0	22.477818985638464	27.08058623639449	26.079849626192264	24.361745151774787	0.0
23.0	25.81505806666774	24.21015615334549	22.765616679307396	27.20910186275934	6.723792003528646E-5
24.0	27.3363529573337	21.598889574830363	25.283706430679093	25.781051037156843	0.0
25.0	24.85569685169985	25.44024521291571	20.312675546250365	29.39131630113394	6.608800013746303E-5
26.0	25.925377563784934	26.175430700076397	20.014845259880882	27.884346476257782	0.0
27.0	25.66158328521182	25.322129770591634	19.973883143472097	29.042338180481913	6.56202425324164E-5
28.0	27.356287067523915	23.783847647932525	23.453745442836816	25.404042502362973	0.002077339343768501
29.0	27.257651477676447	23.82261578611178	22.490413741686602	26.42906168848086	2.573060443119604E-4
30.0	23.329088551933186	24.49019493833779	25.335530481598457	26.845122132775824	6.389535474381476E-5
31.0	25.674200011186876	25.416075541927906	22.72239002537387	26.187080174311877	2.542471994670979E-4
32.0	24.106172715011407	23.010285757503183	24.904138252681733	27.97934024932878	6.302547489695335E-5
33.0	23.803889539966654	25.43416186279672	24.151906935208103	26.609854051572864	1.8761045565576732E-4
34.0	26.248515113261018	26.874184631158478	22.51175186223727	24.36554839334324	0.0
35.0	25.197035367971544	22.6401878354644	25.84465692231247	26.317873887525028	2.4598672655623506E-4
36.0	23.69047502003215	24.790891393795196	26.258277087644956	25.26023360190342	1.228966242755244E-4
37.0	24.940352894635325	25.369615481955982	22.408575914609425	27.28139428026645	6.14285328163508E-5
38.0	26.82582458278009	25.45204197317657	20.91135543193484	26.810716597534327	6.141457416976708E-5
39.0	23.326562916371433	26.985596695185105	22.08995894769546	27.597697239561015	1.8420118699244897E-4
40.0	26.335538101312917	26.81089131643925	22.73849618207201	24.115074400175825	0.0
41.0	24.614847270937098	24.696856043911524	21.656699981707625	29.026501847038904	0.005094856404848339
42.0	24.618262747182467	25.9799221979031	21.003620043921725	28.398195010992705	0.0
43.0	26.065700638447648	26.095649927182723	22.52217198624542	25.313040644498873	0.0034368036253368526
44.0	28.747939023948742	24.809027980185178	23.104224180196343	23.338747454268884	6.136140085623698E-5
45.0	25.90100494404742	24.93176552000839	21.25989468976547	27.90383800162082	0.0034968445578976238
46.0	25.304218790927756	23.921040830986424	22.742873547917718	28.031866830168102	0.0
47.0	25.390304177495242	25.146059297161127	22.825671596749373	26.636247485939972	0.0017174426542830874
48.0	22.796041517585863	23.532477693832636	22.792485039798827	30.87899574878267	0.0
49.0	22.326034266149748	26.51797522776756	24.634888245360496	26.519324143944072	0.0017781167781259753
50.0	26.628924709823455	24.89945287650606	20.497082907234244	27.974478197214598	6.13092216426457E-5
51.0	24.916802596114533	26.651979543460953	21.650450145614613	26.778377072885768	0.002390641924135737
52.0	22.377674587108128	26.52152520923037	21.954868905148082	29.145931298513418	0.0
53.0	22.53925775053655	25.276129197105725	23.737055441008998	28.446029418326944	0.001528193021781641
54.0	23.390616050530557	28.144818729021754	22.939738532606405	25.524826687841284	0.0
55.0	24.037898891137704	28.31690043303779	22.65458204256913	24.989215241807397	0.0014033914479765841
56.0	26.769646949149646	25.850536031100297	24.562255503683765	22.81756151606629	0.0
57.0	22.571766182887632	27.873590740138614	22.747029581265057	26.802916217019156	0.004697278689544651
58.0	25.579301544234802	25.25100830309847	22.049691714225066	27.119876441696533	1.2199674512684E-4
59.0	26.98189922707577	22.850365479954718	24.489291778896828	25.676125717297104	0.0023177967755787176
60.0	23.257636227371602	23.57356552257813	23.99508892937442	29.17370932067585	0.0
61.0	25.512470183968343	23.82546921218657	23.55416236371446	27.1022929784959	0.005605261634725814
62.0	25.195801298843712	22.37800494681564	25.073775784971915	27.352235205244114	1.8276412462076445E-4
63.0	26.36189466694689	24.302871362823662	21.851171602535402	27.481442900176965	0.002619467517079842
64.0	25.238347328708777	22.000486795667516	23.840878666179872	28.920287209443835	0.0
65.0	23.642256892534807	26.086398321611266	23.71016154126516	26.556498067212214	0.004685177376556224
66.0	24.267764606528623	24.34454900724828	23.750352131314713	27.637151724637267	1.8253027112438038E-4
67.0	26.582467164262646	25.811067657315856	21.162958221893412	26.442837708592414	6.692479356743221E-4
68.0	24.156125908697394	22.70464361175617	26.358353932198046	26.780754870569368	1.2167677902097648E-4
69.0	23.74484197257934	25.547375983774153	24.49432624588073	26.21047489440606	0.0029809033597214254
70.0	26.4095460496485	22.808321673476183	24.48095907846	26.301051636047134	1.21562368180807E-4
71.0	24.813700661467315	23.657619372946943	25.88866088969841	25.63941233646856	6.067394187679063E-4
72.0	27.77630153258518	25.23390397287915	22.32592339136797	24.66271841856526	0.0011526846024390808
73.0	25.087030868889258	22.95704172083033	23.177780756821285	28.774628416556823	0.0035182369023015942
74.0	24.60690622278185	26.19032022495081	23.171425521436078	26.030559538452952	7.884923783113647E-4
75.0	25.60525469884341	25.1645125878664	22.01223913003924	27.21574954057775	0.002244042673200672
76.0	26.63623385113999	24.72347863213652	24.53134798329531	24.107908529315086	0.0010310041130999383
77.0	23.33432385064616	25.348065762263715	24.17424210264589	27.14276184527311	6.064391711189409E-4
78.0	27.3637509770949	26.22731911843451	20.674630583843385	25.7336929002117	6.064204155071403E-4
79.0	26.994376929462693	21.858784706072832	22.210309993517672	28.933799608149663	0.002728762797139529
80.0	23.459345792692467	24.11984705330214	27.72346868364215	24.69503432569206	0.002304144671180365
81.0	25.296781559434834	25.252459107839375	21.769053955157318	27.681280949167427	4.244284010508847E-4
82.0	22.76909626435562	22.14036525815562	24.683785288058232	30.405419333872537	0.0013338555579942208
83.0	25.52390190669617	22.448573767013247	23.60683864318409	28.420018794143502	6.668889629876626E-4
84.0	23.984999827228854	26.380759720195613	24.796054270751178	24.83697375272872	0.0012124290956309512
85.0	24.340835096784204	27.162437314398186	21.19396181489858	27.302402071648135	3.6370227089636245E-4
86.0	25.41900524893021	25.23656552677197	22.57882486998897	26.76421029663123	0.0013940576776211315
87.0	22.235851463624975	22.245305739775898	25.87877799844489	29.639519359145527	5.454390087070247E-4
88.0	24.414757267433053	27.25161650011817	25.44186356557203	22.89085366962192	9.089972548282905E-4
89.0	26.713390447358183	26.19068683472846	22.985324790064148	24.109870772348216	7.271555009919613E-4
90.0	24.619727629005403	26.142331900949834	24.902387063468403	24.33555340657636	0.0
91.0	26.326685416063327	25.12077850790831	24.20677571367466	24.34509391460502	6.664477486789188E-4
92.0	25.46849697482993	24.520143870509273	22.656333773765624	27.355025380895174	0.0
93.0	26.166257453525077	26.041585263238243	21.18124780021433	26.610485427953346	4.2405506900284663E-4
94.0	27.892276500331047	23.932060389418826	23.037958734422126	25.133888088276183	0.0038162875518151897
95.0	24.078990646800886	26.949522042499787	23.569867930962836	25.3988329853369	0.0027863943995895517
96.0	26.091670457346822	24.675722707557153	23.84052129070085	25.391176992560172	9.085518350021411E-4
97.0	25.362378967272182	25.50822086811059	23.159487930189698	25.96966997213378	2.4226229375151035E-4
98.0	28.31798380684003	23.380820268521326	23.926063065992974	24.375132858645667	0.0
99.0	22.65356803960835	22.17541930362021	26.25960642351891	28.911285121617276	1.211116352553548E-4
100.0	23.311179440476952	25.371212937744254	24.50532189953484	26.812285722243956	0.0
101.0	23.57423404037609	22.382435195483712	28.087557617637458	25.95553096019002	2.421863127194435E-4
102.0	25.538179664879696	23.912530137697946	24.302216172818127	26.247013476742957	6.054786126789643E-5
103.0	25.572357349540543	26.190721212634845	24.815005387604877	23.421734445560976	1.8160465876484617E-4
104.0	26.613116550194153	27.006812809655973	22.424282778512563	23.955666798826904	1.2106281041261232E-4
105.0	27.19077087168362	23.29594603347363	20.805974865419643	28.704765836535035	0.0025423928880796277
106.0	25.263398104913737	23.778465941350866	25.487784356761427	25.470351596973963	0.0
107.0	25.49232764824911	24.638989989110836	23.38882429100884	26.479555426696066	3.026449351462169E-4
108.0	23.910561111027064	25.19120739474441	24.38383685572079	26.51439463850774	0.0
109.0	26.185903602939664	24.83623826621311	25.512583605311534	23.464911484559263	3.6304097643501023E-4
110.0	24.805412217541427	24.86766820763855	23.051354234163597	27.275504839208324	6.050144810216033E-5
111.0	24.97105063507102	24.069415555579756	24.537505913898478	26.421664894009627	3.630014411157212E-4
112.0	25.885695894842936	23.94370457485024	23.57733905870197	26.59313947903017	1.2099257468569153E-4
113.0	27.655557444296104	21.696527251400575	23.24364773200909	27.403965104947098	3.024673471375398E-4
114.0	25.79982856171506	22.30197940441832	28.096641830094615	23.80142921697953	1.2098679247679927E-4
115.0	27.567830483229994	23.641046085829178	26.00108531193038	22.7896146416686	4.234773418448246E-4
116.0	26.8990808815745	24.4689494294303	24.363081118719514	24.26888857027569	0.0
117.0	26.227567369729677	26.590663670103844	24.243060365818614	22.93822462726973	4.8396707813950953E-4
118.0	26.139250193129136	25.184463282475487	24.985375420664607	23.69085060909029	6.049464047732691E-5
119.0	26.964018453564215	21.61488045473299	24.942982939043468	26.477634188216193	4.8396444313236303E-4
120.0	25.545329266477847	23.981723348162596	24.643595610022274	25.82935177533729	0.0
121.0	27.170297112360416	23.575100226193292	24.92506099475442	24.32911819703559	4.2346965628177913E-4
122.0	26.739478676655633	23.837645430435373	24.7839111833827	24.638359757632074	6.049518942253712E-4
123.0	23.8800001935832	27.8864465141715	24.16281315107475	24.07031667791869	4.234632518590037E-4
124.0	25.482031753329444	24.913085166555256	23.171582312748214	26.433300767367086	0.0
125.0	26.3684884546027	23.885914984305085	24.26115325122816	25.484019858651983	4.2345121206860154E-4
126.0	24.328298889526756	24.09467424121896	25.496119665182366	26.080786217718572	1.2098635334427454E-4
127.0	25.67571736651554	23.59882523387948	27.244895181462653	23.479715321865953	8.468962763785504E-4
128.0	25.72799705758341	23.94736316764697	24.947567031625535	25.36902707277339	0.008045670370699726
129.0	24.193978666605368	26.783191951552514	22.410892577471632	26.60933561350901	0.0026011908614720683
130.0	25.75454189089783	24.42899696078052	23.58740417747493	26.22905697084672	0.0
131.0	26.126272730077478	24.736289057561187	24.73677301409947	24.400181241723587	4.8395653828307947E-4
132.0	26.273595977341085	24.854752104612363	22.81916425292613	26.04734561134785	0.005142053772573617
133.0	26.695067004147532	25.13835182863974	25.25347361696567	22.91153468293415	0.0015728673129134824
134.0	26.672595066119804	22.507652474804303	21.474235659927647	29.345516799148246	0.0
135.0	25.321914634397167	24.10908620161904	26.3181168704683	24.250458841022628	4.234524928648255E-4
136.0	27.311475925515914	26.57805620787404	24.29546579169283	21.80986015178957	0.00514192312764431
137.0	28.021908222116558	22.08401539431291	24.101464056747474	25.792309860756724	3.024660663320182E-4
138.0	24.50670878472426	24.031852285148606	27.84685545186679	23.613131687688394	0.0014517905719510433
139.0	25.48487161835997	23.87778730858898	25.081149681994873	25.55516303131416	0.0010283597420147866
140.0	26.35297277449476	21.771693386864467	26.22612165246422	25.648788744185993	4.234419905645026E-4
141.0	25.18025127199719	25.534492885829064	25.583491469709497	23.701401419991058	3.6295247318839834E-4
142.0	28.31904016705371	23.031768394449045	23.379837289587392	25.269172673990592	1.8147491925878383E-4
143.0	26.516935085800565	26.05321038317477	23.74335807822224	23.686254488438944	2.4196436348854542E-4
144.0	27.678897112421097	25.194859401796005	23.48354470197173	23.64203337335878	6.654104523883699E-4
145.0	27.899902125770197	22.34913879146498	23.30610437578865	26.443826362163687	0.001028344812484348
146.0	27.124772100642293	22.120846243093457	24.837854219419746	25.912535039337214	0.003992397507292175
147.0	25.939251333016777	24.348281066171467	26.56313040427533	23.14613130253054	0.0032058940058855376
148.0	24.436628024788064	24.466751148519702	24.233569136500694	26.862507296389154	5.443938023790009E-4
149.0	27.427947183547996	25.170442482051442	24.04371650807496	23.355897693983234	0.0019961323423645216
150.0	25.393183528392687	24.053032594309606	24.88119808465181	25.672585792645897	0.0
151.0	26.289078236925935	24.544659373151266	25.87151379359989	23.29444614489359	3.024514293249647E-4
152.0	27.427644019342512	23.87320902086083	23.004199266126523	25.69488720294517	6.0490724957142323E-5
153.0	25.03866857897433	23.28728591641054	25.22570533484237	26.447916735978744	4.234337940091377E-4
154.0	22.48734538626817	25.25484649929347	25.324954995063976	26.930433499157974	0.0024196202164108323
155.0	27.104755959013744	23.82123382225013	23.99703092843376	25.07667681764892	3.024726534474018E-4
156.0	25.174543428510244	23.47154644177016	26.397390968205602	24.956458666434365	6.049507963269807E-5
157.0	25.355730495999108	22.824948714675738	26.30902349475834	25.510055311320524	2.4198324628994312E-4
158.0	25.06331013070986	21.36125553093999	25.5818300832318	27.993483261079728	1.20994038623717E-4
159.0	25.976359498247348	21.828321413057814	24.65397725004023	27.540918347221837	4.2349143276831507E-4
160.0	26.239336922983846	21.780446487990805	26.40431968056144	25.575836408736162	6.0499727751225125E-5
161.0	24.554355770021925	20.767166317379036	29.11322485250059	25.56174405041358	0.00350900968486673
162.0	25.042653237047936	24.181965364361496	25.174122008828313	25.601259389762255	0.0
163.0	25.279929139675065	24.396716175720538	26.70500094081118	23.6182932414666	6.0502326616970054E-5
164.0	25.88274657005462	23.759738043896526	24.631533474185563	25.724408819963262	0.0015730919000287995
165.0	26.579878191188765	21.801248098628108	26.56844273255427	25.050007442123874	4.235355049813826E-4
166.0	23.91011018400305	23.686656299729535	25.918048756875155	26.485124251977084	6.0507415183730774E-5
167.0	26.33259815266949	23.477434794315812	26.322856252514892	23.866687239623516	4.235608762869444E-4
168.0	25.8523946075569	24.428948408244178	24.3432657089487	25.375330764869368	6.0510380858388164E-5
169.0	25.82817723855196	22.740268974176665	25.662072825741646	25.76929942665235	1.815348773883182E-4
170.0	30.839871110237056	22.86419678380709	23.557054899172503	22.738695671905965	1.815348773883182E-4
171.0	25.469334209524707	23.841239931816823	26.520158755227346	24.16860148843615	6.656149949746067E-4
172.0	26.83831824602049	24.966866385789597	24.016501779929893	24.178253097864385	6.049039563743267E-5
173.0	28.34554035818429	20.904285594178372	23.41341440031743	27.33476361881178	0.001996028508125953
174.0	24.290703357107603	25.44395304500982	24.152678718318445	26.112181007035506	4.8387252862106006E-4
175.0	24.93132009372645	24.431356989140653	23.699013259365085	26.936858034913946	0.0014516228538663369
176.0	24.505105003387207	23.872725733088167	28.576768605438886	23.043948998354786	0.0014516597309590631
177.0	22.30903145335832	26.280412635541968	24.52645752604983	26.860446969412855	0.023651415637033643
178.0	24.974671853064688	23.271894557487787	24.138948853171748	27.6140613403867	4.233958890678577E-4
179.0	26.820844143157252	24.766891906196637	23.463785149192205	24.947208540028054	0.0012702614258503038
180.0	26.4526887010812	22.74234907185462	25.38893884347196	25.415599240905774	4.2414268644706577E-4
181.0	27.74357518929677	22.95879073231138	25.983172811610444	23.313915480795004	5.457859863990132E-4
182.0	26.104358488746744	23.23599490354393	25.103078310407163	25.556568297302164	0.0
183.0	23.924951270603103	24.56034379241459	26.111739812311463	25.40235866049044	6.064641804061127E-4
184.0	25.48580314601508	22.398496860777673	26.772241414445276	25.340304800535655	0.0031537782263151254
185.0	24.536890480192994	24.699902120242918	25.0698318093443	25.692890436529165	4.8515369062476874E-4
186.0	26.909559548176787	23.045834280949133	25.727723447805324	24.316822075657647	6.0647411113638084E-5
187.0	24.919884541450564	22.43918936149285	27.977143870241495	24.6631750615362	6.071652788892276E-4
188.0	27.460637451650705	27.68773491532422	22.299817229046614	22.5515067977436	3.03606234857639E-4
189.0	25.00340065000996	23.673078511292587	25.557585149847213	25.765146252240783	7.894366094547787E-4
190.0	27.929588456247856	21.97223985108754	26.047473437770442	24.0505767928556	1.2146203855812414E-4
191.0	26.34975098729646	23.60374151314126	24.91087582436823	25.13520611637453	4.255588195241523E-4
192.0	27.703533371678308	23.283869940014032	23.780429228597242	25.232167459710418	0.0
193.0	27.711476366820513	24.44296477370159	21.986549184863577	25.858705632680863	3.040419334634633E-4
194.0	27.631211677287414	23.616672839044455	24.24212018440511	24.509995299263025	0.0
195.0	26.204577827569388	21.931946872190856	25.139248235905182	26.723983782856685	2.4328147788632188E-4
196.0	28.220712733689417	22.657439125894026	26.028684344256003	23.093102864169186	6.0931991367155465E-5
197.0	25.455800818789996	24.038031442608528	24.46820698640672	26.03771699214727	2.4376004748445724E-4
198.0	27.07314513846184	23.276791902154283	24.56660517145451	25.08345778792937	0.0
199.0	25.570718776600394	23.39612426359114	25.75128827630372	25.281624257786028	2.444257187185493E-4
200.0	27.15774150552853	23.529436928637214	24.49739630599959	24.81542525983467	0.0
201.0	25.5389901528412	20.923317817783555	29.129853906104845	24.407532538650344	3.0558462004830683E-4
202.0	25.085388275217962	24.714129589696196	28.677380236373327	21.52310189871251	0.0
203.0	25.74835216097558	24.44609926346288	22.93010570258378	26.875137179809332	3.0569316843021054E-4
204.0	25.620329945824317	23.44975602597498	24.72147827469396	26.20843575350674	0.0
205.0	27.51109113534701	24.303941442474386	25.398287180145722	22.786313340243318	3.669017895634786E-4
206.0	25.773644795224715	21.41240363650819	25.726246647727795	27.087704920539302	0.0
207.0	26.136165532698115	23.353105144973235	26.55639553981205	23.954150275963272	1.835065533248635E-4
208.0	27.83698215711406	22.766274406639155	21.815000504727617	27.58174293151917	0.0
209.0	27.540336002819604	20.015211666111885	25.749079712557027	26.695127861212818	2.447572986626461E-4
210.0	24.36640612186447	24.538742677532355	24.937026166270503	26.15770263621075	1.2239812192321723E-4
211.0	24.473834024032666	26.00204455163717	25.800956164568046	23.722859189157756	3.060706043670154E-4
212.0	28.687409211051694	22.769990715949703	24.7364211578362	23.805995193850478	1.8372131191714413E-4
213.0	29.136828844307384	23.43621420610202	23.017284746421147	24.409610929297916	6.127387153442642E-5
214.0	27.73609580864757	24.564669181686583	25.112247018855292	22.58698799081055	0.0
215.0	25.57076026409989	25.15215972808476	23.377792359879724	25.899226206494852	6.144144077720965E-5
216.0	26.13242967560713	24.233198260066164	26.149047717964535	23.48532434636217	0.0
217.0	28.97149973643252	23.421905330558587	25.09268581507306	22.51353437744362	3.7474049220914517E-4
218.0	24.503888522109854	24.385945810547753	25.37316532685676	25.73681153144898	1.8880903665223958E-4
219.0	26.843474768393822	22.178928580719376	25.032375057025146	25.944967796256357	2.5379760529269525E-4
220.0	27.706356969150548	21.294424756077497	25.753127857345987	25.245835368411925	2.5504901404427397E-4
221.0	25.93550441668775	23.089472758301437	24.740128744617984	26.234894080392834	0.0
222.0	24.922187019440447	24.82413909973476	24.503749863102293	25.749924017722503	0.0
223.0	30.997970170213573	22.997729132020154	24.072117579478743	21.931855620742123	3.274975454058972E-4
224.0	29.768161736508386	23.04192341838316	24.875629731192117	22.314153783115064	1.3133080127548474E-4
225.0	30.430722416809726	19.9045315841782	24.69087846638524	24.973405886515515	4.6164611132398125E-4
226.0	25.19000066573464	22.049397510152453	26.42214233406564	26.338326343119633	1.3314692763464483E-4
227.0	26.37959282337774	23.469931779114738	26.432168564675546	23.71750107434465	8.057584873227331E-4
228.0	26.79100079169943	27.77448839627591	23.79252349809763	21.641919877859795	6.743606723645648E-5
229.0	27.07280589627132	25.767426364600617	22.27127471511327	24.888425031956267	6.799205852756399E-5
230.0	25.28416661243531	23.905411376254886	26.973444901510145	23.836977109799665	0.0
231.0	25.04818479649989	24.961944764751347	24.630375085164633	25.35873216746246	7.631861216685191E-4
232.0	25.414741756410596	25.075753033258824	24.281270001519943	25.22816548673677	6.972207386914283E-5
233.0	24.069669170989393	24.780651123909255	21.842184599721396	29.306859669672274	6.354357076741571E-4
234.0	27.229312822246644	20.72829352362151	26.718803946540902	25.322515253664246	0.0010744539266993205
235.0	25.57938993583993	21.744133636138336	28.258040298959553	24.418218735552387	2.1739350978922973E-4
236.0	28.530437346610356	24.18367002650808	23.483707140750997	23.801965441212065	2.2004491850269702E-4
237.0	27.045626968354597	24.720868352003787	22.815556616447026	25.417800031826744	1.4803136784684675E-4
238.0	27.17274965415016	22.529935578679623	24.612749294631104	25.684565472539113	0.0
239.0	27.868539806500976	23.394340309358327	24.42482556138347	24.31161047323147	6.838495257503539E-4
240.0	25.338667927020502	21.80464306841906	26.34121263149987	26.515319872170075	1.565008904900669E-4
241.0	28.588566140663062	21.24888440692761	24.5714124524869	25.588864676895255	0.0022723230271730656
242.0	26.68278951439082	24.09389464922991	21.66368943626306	27.558448594681817	0.0011778054343942743
243.0	28.528538932330317	22.849885475777477	24.770380705444015	23.848911488405456	0.002283398042734188
244.0	26.080230356579364	22.86012937835279	26.619201640896183	24.43949195329757	9.466708740927738E-4
245.0	28.885979745086278	21.171689287631317	23.451730742930504	26.48878200947527	0.0018182148766341206
246.0	25.067928272812296	25.998531751468445	24.045064301207937	24.88578309360124	0.002692580910076509
247.0	25.482557784355837	22.95546163617019	25.446061984149715	25.983660988925113	0.13225760639914186
248.0	25.665527600510273	22.552397837521823	24.74641082954836	27.02684669313367	0.008817039285867478
249.0	25.48049244852279	21.435652591438288	28.59408829260252	24.476150359080364	0.013616308356033816
250.0	26.977044682310524	22.163048159905564	24.728572112240176	26.130537432003447	7.976135402874599E-4
