# Position (bp)	A	C	G	T	N
0.0	23.591413277412947	20.06601617293568	29.036849190775705	27.305721358875672	0.0
1.0	22.50882122740162	30.81257939104661	26.464452057431004	20.1385734631818	0.07557386093896352
2.0	22.030992232226783	22.464344178367508	22.181209035394435	33.32167382984163	0.00178072416964196
3.0	22.624380907354382	22.897372645160306	26.278377859709188	28.185380199456812	0.014488388319308827
4.0	24.681472451843103	22.097316927609107	26.315822889286757	26.905260751971355	1.2697928967785355E-4
5.0	29.853883665112217	22.487301402047	26.01119404878494	21.64698658845379	6.342956020480137E-4
6.0	27.26101205074502	22.85505691225035	27.330363413751492	22.547515140663478	0.006052482589655551
7.0	31.46902391768266	25.78035439389473	20.605034479457196	22.145209282872642	3.7792609277329724E-4
8.0	31.408099476710007	20.98560291642592	26.03030978213664	21.575861943083872	1.25881643561091E-4
9.0	31.481722600175775	23.999619403414854	17.550886013826673	26.96714600135713	6.259812255710826E-4
10.0	26.44232934500308	24.523101789994644	24.334569365420126	24.69999949958215	0.0
11.0	25.661329203850634	18.09636905982633	24.869735861290643	31.372565875032386	0.0
12.0	31.74126298399889	28.657631777080912	18.525665860154138	21.075317549079088	1.218296869708023E-4
13.0	30.34734277282287	23.26361834213378	25.651275249184884	20.737522031314366	2.4160454409826538E-4
14.0	21.292637583844197	25.132094439407314	23.855522232991262	29.719625493926184	1.2024983104898738E-4
15.0	19.96735848353246	30.66520195336527	18.18989860394028	31.17754095916199	0.0
16.0	27.00931928406866	23.93575436387411	16.162073903929045	32.89285244812818	0.0
17.0	26.655021661466304	26.856595164431717	19.241157005557543	27.245140168241416	0.002086000303018991
18.0	25.354362957025277	23.990459795792322	22.256753264388056	28.398204969841917	2.1901295242600648E-4
19.0	23.278042741483034	24.733453560386753	25.649264365729387	26.33847378718499	7.655452158345373E-4
20.0	18.84120981347119	23.96511421149184	27.464968926320903	29.728490205177355	2.1684353871307695E-4
21.0	24.46098414791017	21.721266887243452	23.44385638190076	30.37314594972812	7.466332174985227E-4
22.0	24.29383072817703	22.87240928585448	27.25621291149707	25.577338272202987	2.088022684278442E-4
23.0	19.828451038145573	27.208990532195195	25.498470346462643	27.463466904095124	6.211791014644298E-4
24.0	31.947479992769463	21.661421786929157	21.006873120470644	25.384122393308466	1.0270652227499055E-4
25.0	28.040333652202804	26.439715659159223	19.104150239552357	26.415500258164194	3.00190921426027E-4
26.0	27.36980791208572	23.395299859764343	21.04393218782595	28.190960040323986	0.0
27.0	23.8211498875006	25.8583066047521	23.685512311104727	26.635031196642572	0.0
28.0	28.9380437553778	25.26998549985659	21.26979827273017	24.519085216227413	0.0030872558080244747
29.0	28.97273309389471	21.885871108916202	25.468147372525657	23.672654611601722	5.93813061710043E-4
30.0	25.733573762660228	21.336536447167223	28.239677495775844	24.68991861036548	2.936840312244862E-4
31.0	28.465111730477727	20.320082147572247	22.805241797467115	28.408879761380863	6.845631020487995E-4
32.0	20.014321204150225	23.672365921379512	25.02576842515466	31.287349603000635	1.9484631496906815E-4
33.0	26.35803986305903	26.078390769451094	22.320545596349273	25.242830242356096	1.9352878450376316E-4
34.0	31.88606762217658	27.28515890962165	20.564464314140665	20.26421325784383	9.589621727781326E-5
35.0	24.148663527982382	24.00068342319083	26.13343837800896	25.7170248310426	1.8983977522970614E-4
36.0	23.734507145804777	20.438187484287766	29.670197274490924	26.15701322910688	9.486630965312134E-5
37.0	25.235841005041138	26.25487897857232	22.185554809563367	26.323725206823173	0.0
38.0	22.39036632575373	25.923731199933254	20.937180305238275	30.748627356911857	9.481216288350334E-5
39.0	20.321937311135294	24.540847857985113	20.98649463311431	34.150530622149255	1.8957561602596428E-4
40.0	22.56488459905374	23.576348871769987	25.21836709935703	28.64030465243237	9.477738687371102E-5
41.0	19.829604147120424	25.72787839156929	22.754101157137576	31.684056899705265	0.004359404467441882
42.0	20.322350472988532	29.99504411495758	18.94844268656349	30.734067966694177	9.475879622215631E-5
43.0	23.161376325585493	27.236216421580007	26.00037708069432	23.598429904204448	0.0036002679357295324
44.0	29.661311575730537	26.00662542119358	21.628864631675274	22.703103641329214	9.473007139805482E-5
45.0	28.83719564521415	24.353592395226936	23.775997908611632	23.029330585228813	0.0038834657184695738
46.0	27.811385052229397	23.03757353268493	24.813818225213886	24.337223189871786	0.0
47.0	27.674819661511975	21.534456323377192	22.866172126777222	27.922373715706804	0.002178172626809896
48.0	19.786449707447844	23.645638326179323	23.62991938836287	32.93799257800996	0.0
49.0	16.621959290880735	24.67676709335146	27.95288824166033	30.746207605714087	0.0021777683933845078
50.0	25.95645772877681	22.36523813806848	22.90357550309359	28.774728630061112	0.0
51.0	22.632356741926717	29.16984207980172	24.593365666533813	23.601974073481504	0.002461438256241403
52.0	18.148535168820942	26.235395228035102	24.271654437654753	31.3444151654892	0.0
53.0	24.39189425778592	21.535124535929885	25.79818166848525	28.272339008009023	0.002460529789918074
54.0	22.302911239557428	36.352831181415915	17.715750067188274	23.628223617719534	2.838941188494339E-4
55.0	25.57893541733684	27.183756883077564	21.480689537722103	25.754536681363184	0.002081480500312222
56.0	29.06106462187617	24.206831631180847	25.674577457793085	21.0575262891499	0.0
57.0	23.79464872755206	31.70008807472066	22.571252070607358	21.9289026041169	0.005108523003016867
58.0	24.077626737047233	24.905828154118304	24.127763430485004	26.8884978857451	2.837926043647303E-4
59.0	27.50504409384616	23.56577942955626	26.09600852080588	22.830141026526306	0.0030269292653926447
60.0	20.884799739720275	24.17187163064491	25.596411317628277	29.346822733618076	9.457838845992336E-5
61.0	26.791226583542656	26.09374527131314	24.928407680900644	22.181229761220226	0.005390703023333232
62.0	27.15245065542159	21.212849119216653	25.432778739771006	26.20182691498386	9.457060688795558E-5
63.0	28.514769839776292	21.49227535062825	26.475636407652686	23.514765111460587	0.0025532904821841795
64.0	18.96192920998265	23.892741824920698	24.580502725420395	32.56482623967626	0.0
65.0	18.72264668091789	26.1964078219738	26.983691772707807	28.092620973879797	0.0046327505207117035
66.0	22.94580737751802	24.762911412869293	22.483306183920803	29.806745975095655	0.0012290505962313527
67.0	28.189064067257906	30.517055074831323	19.044526314097745	22.248598242165897	7.563016471304497E-4
68.0	23.14282094961874	20.783332419499082	25.309458940796777	30.764009551773754	3.781383116502523E-4
69.0	22.32950511746973	21.30100099541805	31.213209471691084	25.153353934926315	0.002930480494816358
70.0	26.31708785563664	23.180405993589773	23.085509694261894	27.416618383606	3.780729056887685E-4
71.0	21.75193325212556	23.842104119199654	27.750188765544216	26.654450850555335	0.0013230125752345277
72.0	22.712200432229952	26.350624106411345	20.642807396858725	30.292572618695505	0.0017954458044683922
73.0	24.633249581160392	23.489224506534654	26.34338138925295	25.528852922805946	0.005291600246059411
74.0	25.3757306266996	26.19427819845834	24.01265002296053	24.416301786385823	0.0010393654957112
75.0	26.85181773258918	25.359252214943794	20.71035045101991	27.07602853042247	0.00255107102465185
76.0	27.86472480596352	22.18549084261197	27.49115439304256	22.45759068813862	0.0010392702433309556
77.0	29.17498852103721	24.491855132655242	21.933699778356814	24.398511797350487	9.447706002505531E-4
78.0	22.66711131433063	35.82184870138949	19.926765396082818	21.58370775689739	5.668312996685926E-4
79.0	30.096369220421092	20.92802019398545	25.70803177605233	23.26465022819317	0.0029285813479598653
80.0	22.344114726951027	25.028079989948825	32.69502722035022	19.929660687919608	0.00311737483031562
81.0	25.645835931035265	28.1068515096899	22.232361131577854	24.014573580143356	3.7784755362601407E-4
82.0	20.671187343615845	25.45483054073379	23.18004025726109	30.692525014380966	0.0014168440083083733
83.0	21.53854872606201	24.924508252851307	26.7202531346667	26.816028713783087	6.611726368981559E-4
84.0	22.797121954260305	29.73845220982004	21.453020191277837	26.01017780942864	0.0012278352131805277
85.0	26.029315930147995	29.380247636497575	20.70777571046741	23.881905157677014	7.555652099999055E-4
86.0	26.49147975455951	20.533305126124944	26.01652199453926	26.95652091788019	0.0021722068960957886
87.0	18.89314923597076	29.36847175263963	23.037984247209263	28.699639234648583	7.555295317605727E-4
88.0	28.496229595667224	28.634957810190713	23.748872656187288	19.11909000335252	8.499346022542155E-4
89.0	28.092204977595625	24.764175665402828	24.52771390393269	22.614772249739126	0.001133203329729117
90.0	21.53233802657299	22.359179202432554	28.377857729680727	27.73053060993229	9.443138143667904E-5
91.0	25.43188962511178	24.310935978825487	28.02431329667642	22.232294531963372	5.665674229397484E-4
92.0	27.118221554110004	24.72425420452732	21.707268018020144	26.450256223342528	0.0
93.0	21.833687571937503	28.755078705176857	23.718060692356282	25.69307860886676	9.442166259551931E-5
94.0	26.434658795847803	23.391609117913102	19.60953713617763	30.55956838906923	0.00462656099223682
95.0	23.189815190729135	28.716343167042126	23.461260298391345	24.63012653590723	0.0024548079301626026
96.0	28.082180787535982	26.348476222576583	21.446462678098182	24.121369704969048	0.0015106068202009673
97.0	24.740064482324005	25.716645975047324	28.345410000896898	21.197785131301305	9.441043046435771E-5
98.0	28.367225557947208	20.37035988066916	29.045258864846495	22.217155696537137	0.0
99.0	20.375158715548697	19.48823970886022	34.14406887664793	25.992532698943155	0.0
100.0	18.573756192605124	26.500951546640888	24.5603816759304	30.364910584823583	0.0
101.0	23.58030867985085	20.857978949355736	33.84509368952659	21.716429886251003	1.8879501581158258E-4
102.0	22.02817534261058	25.428322222914463	28.58030180315396	23.96310623523881	9.439608218500499E-5
103.0	26.354655158091873	25.381920059204216	26.784244428837887	21.47880277595282	3.7757791320238934E-4
104.0	25.954795807119968	30.23687601176121	23.55866209181482	20.24919413072309	4.719585809149389E-4
105.0	27.981204969846964	25.03055891428307	20.674061215994655	26.310588062059846	0.003586837815464746
106.0	26.688074364376384	21.61554493351154	24.44139878727469	27.254981914837384	0.0
107.0	23.13983825172924	25.337919473223184	22.579533784396048	28.941764581508444	9.439091430815236E-4
108.0	22.012068674210923	27.66818602710685	25.62464780822267	24.695003100703484	9.43897560685534E-5
109.0	23.036989703215895	28.315165221429467	27.107754255245847	21.53914694036662	9.438797421698096E-4
110.0	25.987726332321536	27.858129841888278	20.596996330358355	25.557147495431824	0.0
111.0	27.234098781512206	22.16892714556729	25.5665354739455	25.02949476644864	9.438325263565233E-4
112.0	24.53216625405494	22.352764624435235	25.981042197768595	27.133838157414125	1.8876632710750527E-4
113.0	28.98954243430988	23.373791905768652	25.295983086680764	22.33992751434612	7.550588945937784E-4
114.0	26.926783137385552	22.706976823201526	25.394435945037095	24.970954677972085	8.494164037408298E-4
115.0	24.02519937709405	23.29130291161342	30.750601670520506	21.93223538294559	6.60657826435751E-4
116.0	24.1119309591089	25.916288674583264	28.11298424041995	21.8585129857505	2.8314013737959466E-4
117.0	25.24422942795904	27.186456226517308	21.500400639135034	26.068158673860868	7.550325277450859E-4
118.0	31.426996641983322	19.832873076785138	27.160767643744443	21.578607602821563	7.550346655290811E-4
119.0	26.82141862780722	21.780953144982043	24.558749274452712	26.838407052083678	4.7190067434606367E-4
120.0	21.450926058757354	25.098721714246885	26.510649864469997	26.939702362525765	0.0
121.0	27.08503021591425	23.296502919660494	28.74395610929638	20.873850091690645	6.606634382246651E-4
122.0	32.427983849808506	22.469642887479072	22.919266030801637	22.18206905924568	0.0010381726651024865
123.0	25.28525938076299	25.757718755485758	23.417789614954103	25.53838284121175	8.494075853984948E-4
124.0	19.49648021246134	26.248771920221298	23.05524542248304	31.19912493712137	3.775077129544603E-4
125.0	25.855892245723844	23.067754125157137	27.82626585981827	23.249144013378682	9.43755922068411E-4
126.0	24.84017523626885	26.389536409090997	27.823098948846635	20.946906279551303	2.831262422163877E-4
127.0	28.75841358404524	22.200253681591853	23.464225988018075	25.57606861483056	0.001038131514275252
128.0	26.870303066909145	20.864079969724454	24.711660332521394	27.54357536468916	0.010381266155845455
129.0	18.14311626686699	31.417761562229263	26.679621069559296	23.756292385717817	0.00320871562663385
130.0	28.818810694500808	26.657166315908682	23.332924377837127	21.191004237408105	9.437434527797963E-5
131.0	26.544409924992546	22.266965387853098	27.35912980781935	23.82855115191369	9.437274213214449E-4
132.0	20.82999886753992	31.35413914159526	21.827035596995206	25.982597863425315	0.006228530444301838
133.0	30.918126508167344	23.12723010587488	23.633813902176858	22.31922517593123	0.0016043078496895664
134.0	22.87076174217652	25.397602822784226	22.630119198273412	29.101327497515722	1.8873925012008534E-4
135.0	26.646478010627828	20.123321295005713	29.484245581883435	23.745577636832564	3.7747565046132245E-4
136.0	25.908230007238096	28.96578277597481	25.665890639641926	19.45367949108733	0.006417086057842481
137.0	25.492340633944305	23.88601119391365	23.468150380821434	27.15340342347664	9.436784396843207E-5
138.0	22.841558931773143	23.126262149665	29.07502123242427	24.955836557516278	0.0013211286213079172
139.0	30.991061722430246	22.621240487981638	25.734067369247494	20.652969863510084	6.605568305350888E-4
140.0	27.760330656500365	17.048249049268197	30.369912523237492	24.821130309235546	3.774617584056015E-4
141.0	22.461800077003797	22.161239912125076	28.907753980416878	26.46873419346072	4.7183699353017117E-4
142.0	22.74265039639213	21.144059119566887	28.661873409312026	27.451039603353077	3.774713758737283E-4
143.0	23.126059872848288	23.800320663144216	27.222583442721803	25.850941653085506	9.436820018137568E-5
144.0	28.594952882624607	25.990144324682408	24.84085028319496	20.573580675176043	4.71834321983516E-4
145.0	30.459875870412255	20.366538045237373	23.003041429689	26.169317891212508	0.0012267634488661403
146.0	25.55468947580995	25.556671183702434	25.520717340510263	23.363014913767397	0.004907086209955345
147.0	26.347337598058317	23.191824863805923	26.35139534642319	24.10595064079396	0.0034915509186081734
148.0	30.130047098546463	21.76970122478869	23.793494908431025	24.30619056651313	5.662017206870292E-4
149.0	27.469608233568817	26.22572103180071	19.98457998871338	26.318675200205348	0.001415545711745821
150.0	24.116561256093902	28.62788841012168	24.956448541332836	22.299101792451584	0.0
151.0	26.15973349439432	25.48478728624816	20.795741950096257	27.559076667547465	6.60601713789589E-4
152.0	27.345780492362397	25.277597944935287	21.470216850096165	25.906121593845377	2.831187607703095E-4
153.0	30.997940775106596	22.114867377234525	22.906187300754418	23.98015518741589	8.4935948857234E-4
154.0	28.660652521250686	24.5925635113952	25.054430249534498	21.689522495477124	0.0028312223424967415
155.0	23.388490356093588	25.99603050639828	29.38944733814593	21.225843045505723	1.8875385647723015E-4
156.0	27.99998489956322	26.06807276900484	24.9128893553246	21.018581087457953	4.7188864937918324E-4
157.0	24.331920492050056	22.219831308449585	29.298288829304802	24.14995937019556	0.0
158.0	28.950917610861264	21.911103350966687	23.330580579399648	25.807398458772397	0.0
159.0	26.971889142139858	21.13613734067604	26.18306741981303	25.70843420115048	4.718962205831693E-4
160.0	23.886380989503948	24.20991731325168	27.21027312770341	24.693334189049786	9.438049117495218E-5
161.0	24.058649476411375	20.993095897651283	28.727766949972395	26.21605168402524	0.004435991939708263
162.0	27.961468908210225	18.66687179332294	25.563563465306537	27.808001449729495	9.438343079995621E-5
163.0	23.894246333818163	20.155340209026875	34.847439453845794	21.102974003309168	0.0
164.0	29.368319214705394	21.909813822883976	25.15963094929092	23.560253899336935	0.001982113782769768
165.0	30.499622920754838	18.644987677673228	26.217437390215192	24.63729129678449	6.607145722486666E-4
166.0	29.566563467492262	24.640942384656046	22.6156271237635	23.17658385562184	2.8316846635958624E-4
167.0	23.46012765644144	23.18563421388967	25.20922101630536	28.144639543291238	3.7757007228579034E-4
168.0	26.329889160957322	20.800208424975505	25.53423059278404	27.33538863517511	2.8318610802228485E-4
169.0	27.86998988986466	17.64138377639515	29.112281029666782	25.376156506027847	1.8879804556263234E-4
170.0	31.098736891985908	24.655762712024398	19.947874729438507	24.29734247964122	2.8318690996827363E-4
171.0	25.539844059733053	28.414638750967548	25.44875304423342	20.595820196718837	9.439483471464441E-4
172.0	27.995610529821885	26.84549763212051	23.404122818356893	21.754485949826808	2.830698739112425E-4
173.0	28.640343428625343	20.59335786394943	20.97763939994339	29.786489291442592	0.0021700160392489854
174.0	27.42519624870402	25.207569383975763	21.286463202601492	26.08011079172119	6.603729975368088E-4
175.0	25.949035165660234	28.182425281696915	20.341696048414327	25.52524000596124	0.001603498267278637
176.0	24.37249651740637	23.00322652750754	28.53868767760756	24.083985916834628	0.0016033606439096345
177.0	24.79754010997821	24.651154016657078	27.521340111864628	23.00506503428566	0.024900727214419785
178.0	24.73361235224252	20.45877872669344	29.946835586222498	24.86067907169655	9.426314499556963E-5
179.0	24.95433303611319	22.77127307619078	29.81303407726341	22.460605763557293	7.540468753240045E-4
180.0	27.865560668237237	21.31036114638453	28.572317421172162	22.251572220321073	1.8854388500331366E-4
181.0	28.53585662065929	22.13049450937983	26.01612065316082	23.316585378271533	9.428385285307653E-4
182.0	30.534320920616874	22.619859026534574	22.09618134802459	24.749638704823962	0.0
183.0	22.07000187604349	23.491835439875636	28.046001717663938	26.391783872248038	3.770941688985928E-4
184.0	24.85208104714174	22.982306291222155	26.957922761606312	25.20363603452762	0.004053865502170232
185.0	24.46804501360508	28.555505724687386	18.243530990193786	28.731881873205147	0.0010363983085979603
186.0	25.48411806328278	25.083312683784907	21.856141583982104	27.57642766895021	0.0
187.0	21.698963942953256	24.301497783243107	27.469410639490782	26.52918533595292	9.422983599297045E-4
188.0	35.49838864702889	26.50242174101506	22.671453609996043	15.327359077288405	3.7692467160437985E-4
189.0	23.491590525300044	23.02795745129968	29.075259332971477	24.403684940594655	0.0015077498341475183
190.0	31.868242663867463	23.074306433709555	23.95345506353804	21.103713154438054	2.826844468901884E-4
191.0	22.13529053693691	25.394207918646266	25.36169883966145	27.108425787897577	3.769168577949233E-4
192.0	24.93552092589783	20.7159462380689	25.991404046562515	28.35712878947076	0.0
193.0	21.980775573670076	21.843848654761345	26.0680393912265	30.106582481270323	7.538990717617679E-4
194.0	22.057993598977944	24.391153889275696	27.659217650766493	25.891634860979863	0.0
195.0	27.631049574356826	22.346478727263307	25.293427617104875	24.728101871699323	9.422095756759176E-4
196.0	29.694585700338134	21.590759162994434	26.632055307808006	22.082317107648926	2.827212104991349E-4
197.0	31.732529098534474	22.496583572875924	21.262145987465246	24.50770463220395	0.0010367089204090288
198.0	29.174671163638628	23.530581734476304	22.36577424773439	24.928878591183395	9.426296728509458E-5
199.0	24.308676033285376	24.648846080596165	22.965343762197755	28.076285584445703	8.485394749991987E-4
200.0	26.930442136943366	22.454669483942567	26.847658728699535	23.767229650414528	0.0
201.0	22.49846071451134	19.85145541446617	34.74759018138582	22.902022239257295	4.714503793761203E-4
202.0	24.70088565005507	29.577335958599253	24.447317400684984	21.274460990660693	0.0
203.0	21.14701424902839	26.42233294006807	26.423464638662786	26.00633939829472	8.487739460349526E-4
204.0	24.426318107776456	21.798355613447487	22.762312856001575	31.012919102104952	9.432066952584056E-5
205.0	26.810450623473624	24.897722781336636	26.262393772715825	22.028206533479107	0.001226288994810911
206.0	21.813260729696736	18.961190639262945	26.668440248225945	32.55701404336973	9.433944464255728E-5
207.0	23.4017398852657	28.047629830917874	28.62309405193237	19.926970108695652	5.661231884057971E-4
208.0	27.96310504248073	23.845546247512168	19.614082670147038	28.577266039860067	0.0
209.0	25.596932019077663	22.982106905505546	27.330835832250234	24.088709426226025	0.0014158169405328568
210.0	23.27839386304184	27.233223857179407	24.189950410039962	25.298148660372494	2.8320936630016227E-4
211.0	29.69722948979293	28.21193841296398	23.182947336418287	18.9069405798593	9.441809655005717E-4
212.0	26.38388459529681	21.346356722102957	26.367923325459735	25.90145757560589	3.777815346052608E-4
213.0	33.63652770940208	18.516810657222475	24.873403906501736	22.97287975757049	3.7796930322303877E-4
214.0	28.63904855468702	26.844309378578295	24.129743918017457	20.386898148717226	0.0
215.0	24.627067666326592	22.17539602470505	21.13595539008126	32.061107714555575	4.73204331523169E-4
216.0	21.92908162094782	26.467349326644385	26.667807407294113	24.93566605232367	9.559279000940632E-5
217.0	28.888301806019033	21.219831787901956	25.117462105032768	24.773440113851226	9.641871950155379E-4
218.0	22.989738552448692	23.372455991862278	32.90797310203987	20.729347041146735	4.853125024265625E-4
219.0	31.141316632501148	25.253610762527572	19.531341340795187	24.072854392542304	8.768716337872281E-4
220.0	27.655005553762273	24.82234299528686	23.97401677928598	23.548244591786283	3.900798786071418E-4
221.0	21.999942797347767	21.041896997748385	23.7257862652487	33.23227531439268	9.862526246647976E-5
222.0	22.661573107755768	22.757151775549925	25.66024215247527	28.920933713265985	9.925095305727673E-5
223.0	29.486964035873637	19.02488064826315	26.703664627834385	24.783595736450682	8.94951578147669E-4
224.0	27.366844174588167	25.29458020206042	23.815458119743194	23.52301796645598	9.953715224207435E-5
225.0	30.02216011179876	21.25823517668197	20.342383709323215	28.37622279896187	9.982032341784787E-4
226.0	21.948793584789904	24.2831277454325	25.183355901007953	28.584516199665565	2.0656910407881025E-4
227.0	29.104173170985536	26.265168071599543	21.085961078155897	23.543448850036423	0.001248829222603809
228.0	26.178962569570512	28.28167785143399	23.723452564106598	21.81559239414847	3.146207404284505E-4
229.0	30.479677096248032	27.178866646960127	21.89871829497292	20.442631631552867	1.0633026605959172E-4
230.0	28.374157541382605	20.608407510040333	26.848869732877397	24.16845713890462	1.0807679504748896E-4
231.0	24.15241143975013	26.790600998143766	26.293085242366644	22.762346193604323	0.0015561261351384398
232.0	25.308503802495203	26.02089395665523	21.616814946718293	27.053564567805132	2.2272632614038664E-4
233.0	22.338054464975635	24.452960645325543	26.631068351445148	26.577358220888215	5.583173654566813E-4
234.0	25.957989319396567	19.332997812975425	27.340340871792453	27.367635491297392	0.0010365045381623696
235.0	24.375166341441304	20.5552114119817	30.168671674246216	24.900601909047694	3.4866328308320616E-4
236.0	29.30136245532123	21.057686427844306	26.74119823646987	22.89939317201613	3.5970834847105966E-4
237.0	26.454314305251902	28.16397634572229	21.823984628571978	23.557483939939708	2.4078051411455373E-4
238.0	27.590286161480737	18.79978402907114	28.300927583006242	25.30900222644188	0.0
239.0	26.508121359211422	22.555824405424516	27.577268512515385	23.357929426501638	8.562963470397836E-4
240.0	23.94828698778431	19.75750493934509	29.455314187194325	26.83852016473619	3.7372094008256737E-4
241.0	26.792608643042566	23.256603034533	20.178159994710835	29.77013343911661	0.0024948885969869232
242.0	23.729153680503384	23.82045921163694	24.090613214468917	28.35864511622015	0.0011287771706071442
243.0	23.761160910393922	30.05155920145992	21.166508106642702	25.018261596427504	0.0025101850759456494
244.0	30.337571516193577	23.358646797984978	24.036730918122128	22.26579389259248	0.0012568751068343842
245.0	24.311502508628745	23.740847963312174	22.977445739125375	28.96792724154547	0.002276547388231009
246.0	22.949139833159805	28.197538182490646	25.753200134769184	23.098221908098566	0.0018999414818023604
247.0	26.07041601390307	17.78768639439818	26.01460076238559	29.993593931359925	0.13370289795322934
248.0	30.88005201877553	22.99278137890395	23.64174608335196	22.47348261638185	0.011937902586714892
249.0	21.235397540584458	19.96545131146617	33.45968721647265	25.314859524212274	0.024604407264451244
250.0	25.97011749717056	27.016274261749395	17.864517443850144	29.14819357873541	8.97218494493001E-4
