# Position (bp)	A	C	G	T	N
0.0	24.09555850664927	23.694697556078385	25.21121425341769	26.998420203873618	1.094799810380673E-4
1.0	23.02568852102034	30.30775032650275	23.42906199158761	23.160000807729315	0.07749835315999536
2.0	24.396198447990233	26.960611212834596	22.954268026855	25.688050396721597	8.719155985700583E-4
3.0	26.206614509052432	21.944316927481967	24.065037462759147	27.776951867202293	0.0070792335041606844
4.0	26.319804965117928	23.318150651386034	22.629433724056117	27.732338568365606	2.720910743243979E-4
5.0	28.351737374066886	23.739690203178434	21.93555051732481	25.972478211464328	5.436939655406764E-4
6.0	26.373393189936532	23.101106789983426	23.27895080173622	27.24036239584159	0.006186822502233225
7.0	25.612926427164822	25.565211645656277	22.832037469914233	25.98939117888548	4.332783791922391E-4
8.0	27.767601745018517	24.369257070361595	23.46800277076262	24.395084381824923	5.40320323500584E-5
9.0	26.41503127382196	24.709877481662144	22.094003685361955	26.780764092627873	3.2346652606655003E-4
10.0	24.58058635487496	24.71289383832844	23.24372051229285	27.462799294503743	0.0
11.0	27.292220544120887	22.8072173612758	22.66596560863071	27.234492471427203	1.040145453940279E-4
12.0	28.645091066742307	24.24382651991856	19.791264705686412	27.319766461631335	5.1246021387014566E-5
13.0	24.52778279298101	23.06934483576516	25.100072269499996	27.302648381319976	1.5172043385975267E-4
14.0	26.676515216008735	22.163943292386737	23.020616853037943	28.138824483827513	1.0015473907186602E-4
15.0	25.66370851003829	23.774086982546894	23.893111260042367	26.669093247372455	0.0
16.0	27.48186088073659	25.52977264927228	20.249303067664034	26.738821369913147	2.4203241394900573E-4
17.0	28.943392684391327	26.10106990387704	18.653769143581638	26.300966418045967	8.018501040282591E-4
18.0	25.709834401966592	25.288816114525204	19.971514539317557	29.029460996561085	3.739476295693479E-4
19.0	25.104061913177055	24.364040256954933	21.028572916332504	29.502674018066067	6.508954694420849E-4
20.0	23.373350818208195	25.595476688089175	23.115874811863087	27.91511317735632	1.8450448322831182E-4
21.0	23.863784673767906	24.106967655613833	23.350677252511463	28.67834224867365	2.2816943314498707E-4
22.0	22.539486112713426	26.55488398419474	25.654932294070143	25.250562413474846	1.3519554683894786E-4
23.0	25.056476907543683	23.775960219463368	22.780864221044407	28.38638495359281	3.1369835572766147E-4
24.0	28.187663721017614	21.132107574678052	23.955375720904183	26.724675748198408	1.7723520174683016E-4
25.0	24.753300313051884	25.33762880164929	18.72185149456111	31.187000442712907	2.1894802480418383E-4
26.0	26.742868830877757	25.204681798301444	19.304736850121962	28.747669001473124	4.351922570593624E-5
27.0	25.972268091032458	24.215274465700087	19.706398145709045	30.106015899998134	4.3397560275956405E-5
28.0	27.31088963709776	23.567936932302707	23.11911154931918	25.99919220853869	0.002869672741663922
29.0	28.35065618845186	23.701209787844128	21.362645542929283	26.58510695121424	3.8152956048642477E-4
30.0	24.457464710873964	24.104383848615104	24.720884943671383	26.716929426803976	3.370700355693155E-4
31.0	26.62703748062414	23.816861141933035	21.77391647247107	27.78163954920053	5.45355771227449E-4
32.0	24.2533619791289	23.076840205769074	24.181305510724563	28.488119384184458	3.7292019300691763E-4
33.0	24.631714556631266	24.039707753422988	24.79230039209299	26.536195449822454	8.184803030668866E-5
34.0	26.386739624435695	26.043104806392055	22.460068905159623	25.110086664012627	0.0
35.0	25.910095274394823	21.296631785703276	25.55497324974287	27.238059472329507	2.4021782952781583E-4
36.0	24.57958918228821	24.427483358550983	25.918464399118	25.074143089864027	3.1997017877933773E-4
37.0	25.87805010666778	25.444622312915598	20.745922796198982	27.931404784217644	0.0
38.0	26.40691723649479	25.659892147003667	20.81254266716335	27.12064794933819	0.0
39.0	23.299118699444303	27.09134052472029	21.305502873597668	28.303878058117725	1.598441200141622E-4
40.0	26.85910408521639	25.89406685698646	22.565002067680062	24.681826990117088	0.0
41.0	24.448334656999908	23.660286966651594	20.910389637368628	30.976234725233986	0.004754013745891174
42.0	24.812278754964158	25.45255619653869	20.264387568176026	29.470777480321125	0.0
43.0	26.772998940777814	24.869514371392373	22.438815140966017	25.914997020438356	0.0036745264254366694
44.0	30.013298350285734	24.20639199383404	22.39374298641811	23.386446864504588	1.1980495752914257E-4
45.0	25.77314153947513	23.36348662866726	21.456541920800184	29.403395989099295	0.003433921958134103
46.0	24.68201653697663	24.005605484111804	22.13531415065337	29.177063828258188	0.0
47.0	25.259733960567143	23.96338953766656	22.898864535939996	27.876415138403022	0.0015968274232754363
48.0	23.343400539383023	23.355292825599225	22.689324797491924	30.611981837525832	0.0
49.0	22.328787621831385	26.480182759549486	23.91448608852665	27.274747857663034	0.0017956724294450374
50.0	27.341888417359993	24.006331326099204	19.597664734976465	29.05403572163871	7.979992562646931E-5
51.0	24.914219651149942	26.10291726988506	21.432780160953097	27.547689326136073	0.002393591875830028
52.0	23.564639653080306	25.165085238009986	20.61828887430129	30.651986234608426	0.0
53.0	22.698438461724674	24.489193364623098	23.985321564022513	28.82553860550096	0.0015080041287565673
54.0	23.72961525473566	28.353510578818238	21.123113802204134	26.79364132054381	1.1904369816390968E-4
55.0	23.791138694871915	28.637538151984693	21.660480357116022	25.909221410826582	0.0016213852007868068
56.0	26.996197868971983	25.780551878369767	24.413350477717835	22.809899774940416	0.0
57.0	23.782626572519746	27.747669389336515	22.208802157050343	26.255959958566923	0.0049419225264689375
58.0	25.799249569522342	25.024706018148844	20.417962579671965	28.757726065995502	3.557666613433433E-4
59.0	28.414122948308744	22.27251796001858	23.890075792760655	25.42067452592468	0.002608772987341522
60.0	24.519726538614783	21.74593969805634	23.82072736310165	29.913527501962594	7.88982646326694E-5
61.0	25.25030678186123	23.59240277549327	22.23151804461127	28.919658455444548	0.006113942589684635
62.0	25.704532142695147	21.72462416209298	24.95346768770202	27.617257679951564	1.1832755829111339E-4
63.0	27.07267541951639	22.59222024714068	22.577430142391243	27.75534721447111	0.002326976480578226
64.0	24.69890798086606	21.24846582326284	23.443164652567976	30.609422205438065	3.9337865055387714E-5
65.0	24.193214680180873	26.598505612214396	23.214105900455966	25.9894536941178	0.004720113030973382
66.0	25.626539356795668	23.435234721674853	22.564659868520938	28.372858076711594	7.07976296953578E-4
67.0	27.409162686153323	24.88445859446746	19.842759070949167	27.862951040177457	6.686082525923318E-4
68.0	23.704663874684055	22.835371213214632	26.595305803897105	26.86454112602974	1.1798217446653376E-4
69.0	23.60282496473513	23.961628047358545	25.15624883253326	27.27646674130589	0.002831414067172939
70.0	24.810737690346414	22.45745301652197	24.640694957936695	28.090761142351234	3.5319284368508854E-4
71.0	24.78916263479237	23.091668589710995	25.6382616722272	26.480007509651077	8.995936183610969E-4
72.0	27.3764102419703	24.96757929580197	21.53810234461527	26.116304681096032	0.0016034365164285759
73.0	26.026285709369635	22.61244396718764	22.422119132318972	28.93543620051095	0.0037149906128052987
74.0	25.15745551419827	25.882335460111854	22.741593085760517	26.217560175632254	0.0010557642971014579
75.0	25.427416847995026	23.862303837905156	21.871699677225745	28.836350910942848	0.00222872593122621
76.0	27.42348544622379	22.93200157333894	25.39937551268407	24.244120896865756	0.0010165708874429254
77.0	24.981839592581327	23.866958692794714	24.42838700395111	26.722228260487096	5.864501857483222E-4
78.0	27.505185947392246	25.86468293590693	20.108926397469148	26.520657389691593	5.473295400789874E-4
79.0	27.7463133001891	20.43178984726208	21.681481490169126	30.137913320674564	0.002502041705125784
80.0	23.750689012161796	22.405932736775853	28.39582331578063	25.445052990410517	0.0025019448712084785
81.0	25.745230967457445	24.699284537615526	21.179750639741115	28.375382026890627	3.5182829528245164E-4
82.0	22.47984075880369	21.553305302462892	24.100906442669885	31.864579310215426	0.0013681858481110435
83.0	25.21056789517321	22.14521063825712	24.053739326972355	28.589778520139742	7.036194575797602E-4
84.0	23.853033502854736	25.182000008599193	24.85358893267964	26.110165851111194	0.0012117047552375937
85.0	24.775382017663002	26.63666157896074	20.554006226413986	28.03332479953722	6.253774250475384E-4
86.0	26.53118176101194	24.80830059685847	21.776090719673505	26.88266812269231	0.0017587997637736497
87.0	22.74063017969904	21.183256750487654	25.1900696729977	30.885574402608857	4.6899420674906115E-4
88.0	24.799385641119837	27.064345494799248	25.414995124601127	22.720765681881687	5.08057598099083E-4
89.0	27.052661320798588	25.928801916165046	21.951368206401206	25.06650419854771	6.643580874459378E-4
90.0	23.73637092270724	24.32438346999698	24.682771392585813	27.25643513631911	3.907839086128383E-5
91.0	27.377382873206894	23.825078359371062	24.087012215113226	24.70994039568698	5.861566218308954E-4
92.0	25.31699088327616	23.699027369709313	22.905871223296238	28.07811052371829	0.0
93.0	26.814893715954074	25.104142774361165	20.726453729973933	27.354197185321976	3.1259438885257153E-4
94.0	27.748466068293613	22.795067192909862	22.749155717268145	26.703364588303007	0.003946433225372987
95.0	24.657051461133282	25.817541882720956	23.802498213412864	25.720564096572996	0.0023443461599023815
96.0	26.1928734885789	23.648360630437494	23.740412412299776	26.416868762524764	0.0014847061590690736
97.0	26.28537873146428	24.60541398810245	22.602341534617064	26.506748536247844	1.1720956836404353E-4
98.0	28.73082897586803	22.047068439032472	24.437879161991443	24.784223423108056	0.0
99.0	22.217286757653714	21.32980167636505	26.979944954594377	29.472927544384998	3.906700186154264E-5
100.0	22.54584803979975	24.49716092764516	24.150964034510306	28.806026998044782	0.0
101.0	23.744235157899833	21.72405010480821	28.079302664073868	26.452373009405783	3.906381229994445E-5
102.0	26.221574858895025	23.959675585537784	24.115178230254873	25.703571325312314	0.0
103.0	25.726140592492747	24.918568875084244	25.0613297389164	24.2938435842588	1.1720924780965217E-4
104.0	25.94796381416373	26.49387688923704	22.562505738279746	24.995145659516364	5.078988031169358E-4
105.0	28.238920336445446	22.752967027471378	20.817014812476362	28.188441017338008	0.002656806268812533
106.0	27.131966486785537	21.740728932731333	24.05867156768516	27.068515800939885	1.1721185808925917E-4
107.0	26.18342490148382	24.704529595487827	22.422384564352573	26.68907488167509	5.86057000685296E-4
108.0	24.445547915904015	24.0248179499992	23.078966666262957	28.4505111933549	1.562744789320515E-4
109.0	26.502015136574535	24.601778070875923	24.58247839139125	24.313181446678968	5.469544793227766E-4
110.0	24.883578469674145	23.65556573050213	22.876400965126674	28.584376699441798	7.813525525225187E-5
111.0	25.786763556805752	22.979645257071418	23.856188466947962	27.376894827316768	5.078918581028286E-4
112.0	25.415377138611145	24.244195268079892	23.328080158704733	27.01230836786182	3.906674240405794E-5
113.0	29.889676569250305	20.885431377075964	22.192311463581472	27.03183835533278	7.422347594788262E-4
114.0	27.21141108316141	21.38992099640708	27.486827851237443	23.91141034090345	4.2972829061508575E-4
115.0	27.39671331329634	23.447227475866335	25.84557190403653	23.310018483363994	4.688234367961544E-4
116.0	27.553298762570904	23.446103092654617	24.472716432884916	24.527725436311645	1.5627557791685436E-4
117.0	26.350662091367163	25.86608302035404	23.88186006787936	23.900886916833915	5.079035655220995E-4
118.0	27.056395277967916	23.6120748123908	24.52722638436991	24.803795628650995	5.0789662037775E-4
119.0	27.193786117061574	20.918212864012904	24.706677986324987	27.180932340297687	3.9069230285373384E-4
120.0	25.520295733477315	22.559366651534106	24.79592530401211	27.124334173828586	7.81371478847102E-5
121.0	28.28076829462207	22.60384569253447	24.32353450219195	24.791304548265718	5.469623857874168E-4
122.0	27.19142176454547	23.01622835496567	24.15398692136331	25.637737859988736	6.250991368162295E-4
123.0	24.835492323626244	27.000473119506236	22.858235658833564	25.305251939067208	5.469589667476296E-4
124.0	25.615188492675873	24.026242937433732	22.552744116123396	27.80559004415496	2.344096120442784E-4
125.0	27.42402216543519	23.39821562308446	24.191133122706486	24.98580866763216	8.204211417058744E-4
126.0	24.139406178249665	24.75413698007194	23.54186517959242	27.564279120210244	3.1254187572788073E-4
127.0	27.438461249964842	21.4692181234588	26.89722341160329	24.194237735223982	8.59479749094421E-4
128.0	26.15157480699487	22.438758156886475	25.043257917986345	26.3580095224068	0.008399595725504336
129.0	24.7187060615567	26.339176360878213	21.987280486027792	26.951750779098553	0.0030863124387376746
130.0	26.6988453567166	23.220265151885112	23.399116681284465	26.681772810113824	0.0
131.0	25.01911399363114	24.283073850533064	24.851629699923	25.845635504638732	5.46951274064391E-4
132.0	26.82566453239633	25.490212165145564	21.129510711786775	26.549221243315024	0.0053913473563059425
133.0	27.705528768206477	25.1293332802014	25.006700092902744	22.15660168162565	0.0018361770637262832
134.0	26.85352413657042	22.974756856747163	20.63491691425379	29.536763025426758	3.906700186154264E-5
135.0	27.800043363525024	22.465782858125095	26.595670288758104	23.137995628487882	5.078611038947087E-4
136.0	28.11280390853112	26.272534568044957	23.962294519664933	21.64678048578485	0.00558651797413325
137.0	29.375623118923126	20.717629850951518	23.728251391567152	26.17830030347259	1.9533508561927473E-4
138.0	25.32925911717851	23.055521482218797	27.29536009700614	24.31845296460167	0.0014063389948895204
139.0	26.253920209765404	22.673891676419988	25.361706250302756	25.709466163921412	0.001015699590438673
140.0	27.230163594748184	20.712195987109936	25.875761436142884	26.181566457705113	3.125242938806571E-4
141.0	26.457903282011053	24.378421203138405	25.21318304911531	23.950219003880033	2.7346185519647843E-4
142.0	29.682578314316732	22.183303962331152	23.443372694773497	24.69023717263313	5.078559454890867E-4
143.0	27.509953871540365	24.03191958146861	24.0388732279921	24.419097057279295	1.5626171962897218E-4
144.0	28.104634655336625	24.44298426206402	22.615538233035213	24.836334997784984	5.078517791610445E-4
145.0	28.515577390048847	21.429966591975198	22.665657238040772	27.387939359278462	8.594206567223883E-4
146.0	27.49093505821798	21.16782076533813	25.301715483100264	26.035270651308544	0.004258042035078454
147.0	27.2792473806727	23.484157469414	26.904586210547	22.32853225871348	0.0034766806528190607
148.0	24.620696147915904	23.583853506033662	23.192469042578836	28.602551597004087	4.297064675120425E-4
149.0	28.435354856452637	24.543020455870103	23.736294129504362	23.283338255492897	0.001992302679998687
150.0	25.05021864938202	23.584013788544915	25.07193904538078	26.293789451231852	3.9065460429423164E-5
151.0	27.428296172670503	23.42860245904201	24.7788018577206	24.363791637756986	5.078728098961752E-4
152.0	27.765998800614927	22.73045676255887	23.177003060971344	26.326267900431503	2.734754233497223E-4
153.0	24.32289886213801	22.711569077501586	25.175367485471504	27.789578551545635	5.860233432631733E-4
154.0	23.234026460301735	23.359553494128786	24.806259395970006	28.59754306128126	0.002617588318211226
155.0	27.961031000092596	23.604523098188643	23.926529932922406	24.507759692729998	1.5627606635950606E-4
156.0	27.254787203285602	22.790650790847703	26.319772520913983	23.63428157960127	5.079053514470614E-4
157.0	25.129995127990846	22.014136249818815	26.83031460207953	26.025280531224816	2.734888859977206E-4
158.0	24.48952481716975	21.252145945384175	26.322203199246097	27.936086967733264	3.907046671235307E-5
159.0	27.213360453912856	20.747907545183818	24.039260242694283	27.998885691133275	5.860670757675329E-4
160.0	26.340931086502017	21.12583549953368	25.283533582324274	27.249582616530375	1.1721510965278148E-4
161.0	24.776958920744523	19.41186077641817	29.433686255418273	26.37401666175665	0.003477385662387268
162.0	25.810126938381277	22.133883889359492	25.772383009449268	26.283606162809964	0.0
163.0	25.59834954225586	22.828440700350487	27.26189685420566	24.31115660984101	1.562933469829523E-4
164.0	25.39818866261282	22.09584661540614	25.676399081905615	26.827455617232477	0.002110022842951
165.0	27.966196403786274	21.885745814212296	25.63947363485176	24.50803708751704	5.470596326260113E-4
166.0	24.3092830235866	22.68209669099833	25.290221485846477	27.71812526376667	2.7353580192881815E-4
167.0	26.907023156772564	23.08029585583769	26.685955835774767	23.326295287635666	4.298639793133822E-4
168.0	26.955117921606526	23.774171398915378	23.373446232522983	25.897108127405122	1.563195499872795E-4
169.0	27.085087108395218	20.732415547181727	25.666747174223826	26.51563292618395	1.1724401527924008E-4
170.0	32.349197354150995	22.084123928909907	23.715991362885813	21.850257452442136	4.299016111539927E-4
171.0	26.779735340200673	22.73100867204626	26.090317628496866	24.3980785412484	8.598180077938593E-4
172.0	28.19127712830293	24.44295509211948	23.841096093837013	23.524515368878486	1.563168620953103E-4
173.0	30.176471921511066	18.942145440249732	21.72205301113667	29.158118185150535	0.001211441952000325
174.0	24.628817001594037	25.280812595035467	23.949895912834865	26.139731987761994	7.425027736386505E-4
175.0	26.35418254293921	23.77638392246517	22.122007933251265	27.745706078902632	0.0017195224417218672
176.0	25.013228660821824	22.780887262108816	28.94767077868939	23.256806409784442	0.0014068885955265632
177.0	22.022209924195167	25.608596008248014	24.755342216052366	27.588682584274054	0.025169267230395722
178.0	26.068174153098937	22.231575458930628	23.812650239621327	27.887326585715577	2.7356263353276047E-4
179.0	28.405851819108108	24.42678366865487	22.271494171201393	24.894697819774883	0.0011725212607417604
180.0	26.96548365390799	21.227999868246247	25.58771584480035	26.21852614606158	2.7448698382722693E-4
181.0	28.744425453330972	21.682599556000863	26.021335533683033	23.55105007760162	5.893793835091649E-4
182.0	25.874587406884185	22.08364139500276	25.586115971566926	26.455419515173134	2.3571137299517657E-4
183.0	23.82971919232238	24.664606980826377	25.751167216422587	25.7541923145222	3.142959064529664E-4
184.0	26.390732757011858	20.93510077505979	26.83965216407364	25.831017557204223	0.003496746650489957
185.0	25.521956447352967	23.541144251888944	24.094558531603777	26.84190862909065	4.32140063666017E-4
186.0	27.15621864276661	22.501577438271678	25.189705123158053	25.152498795803663	0.0
187.0	24.723862175882946	23.448289172419578	26.60683401480744	25.22038443253446	6.30204355578628E-4
188.0	28.160541941115348	27.929284215783824	21.326247889689554	22.583256326204562	6.696272067170699E-4
189.0	24.95177484713109	23.322538724886385	24.752414015054676	26.972445189558236	8.272233696116738E-4
190.0	29.455047988758302	21.211767852830533	24.494377773146702	24.838609411335536	1.9697392892471536E-4
191.0	27.190999616747995	23.364321093345744	24.006100456231714	25.438381484546973	1.9734912757871174E-4
192.0	27.690184698069654	22.46861174880557	24.221214542170465	25.619949538807436	3.9472146874279636E-5
193.0	28.68033741155422	24.05776595715282	20.926756647818497	26.334982071014025	1.579124604379939E-4
194.0	28.818488404871307	22.538468159095164	23.72482800170873	24.918215434324804	0.0
195.0	26.673421664272407	21.153698835039325	24.31905754357645	27.853348106929033	4.7385018278770804E-4
196.0	28.860688278037067	21.27338568451414	25.826432856044818	24.039334701542803	1.5847986117164162E-4
197.0	25.45085153580778	23.492505422898937	24.134416565816995	26.921632076615637	5.943988606562639E-4
198.0	27.90353337517977	22.756580881476594	23.62204724409449	25.71763986111221	1.986381369331861E-4
199.0	25.658006899134023	22.10945404427874	25.303808863714224	26.92825219282522	4.7800004780000475E-4
200.0	29.012881759976032	23.332016049614854	23.55064265385927	24.10437986213139	7.967441845641969E-5
201.0	24.54036589058342	20.326528660897832	29.026230657678763	26.106635750824687	2.39040015298561E-4
202.0	25.509336474045696	24.544093354381204	28.061497294243367	21.885072877329737	0.0
203.0	26.725297885704997	24.297892081995492	21.811299728658565	27.16487260344294	6.377001980059114E-4
204.0	26.92642980738991	23.50013771815173	22.8372968657262	26.735976166588344	1.5944214382717747E-4
205.0	27.72925102707426	24.138856134660934	24.977616836922216	23.153558464503053	7.175368395372366E-4
206.0	25.9554057599033	19.87237601791807	25.142705874004207	29.02935287799814	1.5947017628630637E-4
207.0	25.963634188647646	24.27457782562753	26.58739557788544	23.174073409494188	3.189983451960843E-4
208.0	28.06408732160797	22.34561160501873	20.746858509593277	28.843402680701256	3.988307876628875E-5
209.0	27.399883759011768	19.412404596824476	25.52331381755909	27.663719687689102	6.781389155601368E-4
210.0	25.88801825667869	23.41067951868756	23.95155756279723	26.749265902779996	4.7875905652548594E-4
211.0	25.019904291784346	25.360562005410774	25.191550124294572	24.42738495319349	5.986253168224489E-4
212.0	29.118682775306826	21.862847651976715	23.516684899347617	25.50138541758163	3.992557872126356E-4
213.0	29.712162934690856	23.08105626946768	22.396049516076904	24.810491585327025	2.3969443753103542E-4
214.0	27.940253395329496	24.824106539582523	23.814083470932303	23.421556594155675	0.0
215.0	26.257199680762067	24.861054574942386	22.01607888638527	26.865466532902982	2.0032500729183028E-4
216.0	25.720302312336717	24.777775300619986	25.17826415645008	24.323658230593214	0.0
217.0	29.605525492479046	21.913649237178433	25.59245276221403	22.887758418957834	6.140891706602933E-4
218.0	25.120485097803112	23.657343738151937	25.370260411897227	25.851537829482353	3.7292266536944826E-4
219.0	27.426800977594763	22.370470162346663	23.617419372968673	26.584848120076217	4.61367013684565E-4
220.0	28.641001806449225	21.513045477959338	23.739876366261477	26.105570931035256	5.0541829471025E-4
221.0	25.6301320381632	21.927221297046863	23.994112040808712	28.44832264388361	2.1198009761259535E-4
222.0	25.96554462808572	24.45782224160399	23.90461372645951	25.671719538618788	2.998652319971624E-4
223.0	30.264067372564575	22.3599228872419	23.99841713177161	23.37707192808363	5.206803382860158E-4
224.0	31.097326720654646	22.369739468059045	23.339234506592156	23.193525271567815	1.740331263354323E-4
225.0	31.960994804969644	19.72802488150725	22.95720951654608	25.352763838455832	0.0010069585211894719
226.0	25.51735552739291	22.806464037600684	24.943023887368344	26.7328459302016	3.1061743646542203E-4
227.0	27.582953576877173	23.5519171548181	24.817153606231344	24.046494488463228	0.001481173610154208
228.0	27.868198280387873	27.155011111527415	23.156486328735994	21.820213996777817	9.028257090454559E-5
229.0	28.129028489707373	24.55883688361398	21.38674276942425	25.925391857254397	0.0
230.0	26.32756227317869	22.35881238855067	27.048314092364034	24.265311245906602	0.0
231.0	26.0758216891052	23.216666072971954	23.85734078513938	26.84867159245795	0.0014998603255071872
232.0	24.29737914204608	25.057908377231175	25.160170351759504	25.484306393660038	2.3573530320038962E-4
233.0	23.486325393239085	24.98267811417382	21.312685741063508	30.218023846582366	2.869049412203502E-4
234.0	26.11693977623447	21.132079148589956	27.24224700927363	25.507516095479136	0.0012179704228062525
235.0	25.63235005407533	21.389451675642956	27.646563434789893	25.331437029066173	1.978064256428338E-4
236.0	29.564639398416276	23.57187826859068	22.978571840644527	23.884609499825675	3.0099252284407834E-4
237.0	28.647676926767595	24.826937345195088	21.57030255977861	24.95498194722943	1.0122102927615829E-4
238.0	27.973955281244578	22.267064586345867	23.160587889380242	26.598392243029306	0.0
239.0	28.51088444334992	21.959600703293685	24.55925697032869	24.968956258652547	0.0013016243751552187
240.0	25.58950547901414	20.63885083830776	27.497066017174244	26.27446984803667	1.0781746718440614E-4
241.0	28.653076468073902	20.887752414588128	23.331753830743523	27.125312482459968	0.002104804134482952
242.0	27.05798417644663	23.594533209502785	20.35214897745141	28.99430592239243	0.0010277142067425626
243.0	27.679396871029887	22.319871123693165	25.32993104510291	24.667439158161397	0.003361802012634953
244.0	26.844927166885018	22.68675321400878	25.99561050544394	24.471296302837086	0.001412810825173898
245.0	29.493992908233942	20.75240022303343	22.71859018478668	27.033001977679234	0.002014706266716617
246.0	24.922945709717457	26.751580894462347	22.63247557493516	25.69043479778293	0.002563023102108659
247.0	26.04916578152524	22.187107969769688	24.443508307216195	27.174005691131537	0.14621225035733487
248.0	26.42355478795025	22.633479282860247	23.058694460881846	27.874372568343425	0.009898899964232703
249.0	25.66514314524968	21.692862466570215	28.948057784207986	23.677440922442898	0.016495681529220922
250.0	28.169307332648103	20.80210469529657	23.809008460642165	27.218206119723497	0.0013733916896618214
