# Position (bp)	A	C	G	T	N
0.0	24.598415048499053	23.109874670578535	25.003331688272883	27.288277823249967	1.0076939955797503E-4
1.0	23.219523904097876	30.838394092150462	23.364849932295847	22.504443516558453	0.07278855489735911
2.0	24.258869806979437	26.84002427377168	21.724474658928713	27.175754679626035	8.76580694136702E-4
3.0	25.989055611658163	21.23261392687807	24.20757047342676	28.56332691386018	0.007433074176824576
4.0	26.485237273377884	23.364552352078917	23.71828565627205	26.431824694715605	1.000235555473314E-4
5.0	28.690638245791945	23.45214218097077	22.191186498252836	25.66525877765927	7.742973251774015E-4
6.0	26.74420807081904	23.632441781641276	23.68976293962836	25.926932969136296	0.006654238775021932
7.0	26.49195307121401	25.126651142503903	22.515078583298646	25.865645412629807	6.717903536379065E-4
8.0	28.071402866538435	24.342619594217286	24.04596388906124	23.540013650183038	0.0
9.0	26.19827634023907	25.46909853050131	21.972378060134943	26.36002420770288	2.2286142179644134E-4
10.0	24.397801329425267	24.233695217864284	24.03673324678981	27.331770205920634	0.0
11.0	27.680493956834184	22.968896426618358	22.417266325702183	26.93329510933589	4.818150938214442E-5
12.0	29.264262301316595	24.5134024392273	19.331482480681327	26.89080523975118	4.753902359599436E-5
13.0	25.956003414985553	23.012409847105197	24.445534455569966	26.586005321591895	4.696074738968686E-5
14.0	26.21262178459755	22.11957267511314	23.633496769244235	28.03423911516601	6.965587906067654E-5
15.0	25.271817131976178	24.2952433118702	23.875693875068468	26.557222772412185	2.2908672971591642E-5
16.0	26.945592597136425	24.764172644477803	20.78519210784597	27.5049298900179	1.1276052190982045E-4
17.0	28.55992927539451	26.33356734857209	19.566163952574676	25.539391904130436	9.475193282925306E-4
18.0	25.63371469901124	25.835350199118068	19.759359599872507	28.77137848544179	1.9701655639577036E-4
19.0	24.265228148795003	24.762817982083455	22.808277796224786	28.163196741241958	4.793316548010295E-4
20.0	22.792384061468084	25.624944104016002	23.446307667913697	28.136277757351593	8.640925062873531E-5
21.0	23.934286415313885	24.127059978164045	23.144741959643124	28.79363307236616	2.7857451278924875E-4
22.0	22.758742608513693	26.942605585006312	25.21724809948368	25.081297595144665	1.0611185165393362E-4
23.0	25.184067716977243	24.113251185571016	22.3802091607543	28.322197303354073	2.746333433609713E-4
24.0	28.3334419335517	21.880124572804334	23.418258704098655	26.368112135573167	6.265397213652552E-5
25.0	25.05803573456658	25.155852946678987	19.12257320597203	30.66335226627427	1.8584650812995875E-4
26.0	26.68178752083672	25.73841552378473	19.258090543904892	28.321624225474	8.21859996560516E-5
27.0	25.661167635703595	25.16639215572957	19.6225213322357	29.549877889255793	4.0987075340597475E-5
28.0	27.38592333675064	23.489201009575556	22.7807336965615	26.340836195453665	0.0033057616586405617
29.0	27.458247265598928	23.45697202922591	22.160166793841878	26.924352592404382	2.6131892889793364E-4
30.0	23.721513670962686	23.950434326440696	25.229798969817125	27.097993530815657	2.595019638310155E-4
31.0	26.52159522462691	24.684707079728074	21.698093539828296	27.09518720017663	4.1695564008945095E-4
32.0	24.07863218975793	22.685591107111204	23.993664779593672	29.24175822016463	3.537033725616574E-4
33.0	24.009835201803757	25.191896173517335	24.590280996315204	26.207968171210496	1.9457153208348366E-5
34.0	26.744722662709975	26.387893780433174	23.05112261433949	23.816145038809392	1.1590370797210816E-4
35.0	25.906278577482382	22.114737043647313	26.03915639893644	25.939751470464188	7.650946967269823E-5
36.0	24.563618639602762	24.27233782001093	25.571845478601986	25.59200695771689	1.9110406743986098E-4
37.0	25.170293494328135	26.01789261299316	20.90412100895815	27.907692883720557	0.0
38.0	26.58334238879778	25.541642500194317	20.723250555884565	27.15163087164113	1.3368348220262253E-4
39.0	23.503992814766388	26.96404404621523	21.85260342520575	27.679283340156047	7.637365658738062E-5
40.0	26.647910834900507	25.95085748081447	22.36076448500466	25.040276293752445	1.9090552791773804E-4
41.0	24.28513755338694	24.12577127723032	21.244904678962566	30.339376297392096	0.0048101930280833195
42.0	24.336131342280854	25.643389369856322	20.273387995663658	29.7470149481624	7.634403676728811E-5
43.0	25.388366004091477	26.040731580715093	23.007141003328144	25.560059234832522	0.0037021770327623584
44.0	29.52284586681646	24.73184240713703	22.01353648233106	23.731336391813084	4.3885190236575523E-4
45.0	25.904075766889072	24.372205376741636	21.736660306210013	27.983185806604727	0.003872743554552839
46.0	25.185354606391265	24.531226960031848	22.353936259036914	27.92948217453997	0.0
47.0	26.170594971698353	23.442398380713833	22.500745784126206	27.884467929756674	0.0017929337049410964
48.0	22.191327425529643	23.696997544346658	23.30150008388878	30.81017494623492	0.0
49.0	21.502021721351323	25.98774575686346	24.303721454266775	28.20500502332462	0.001506044193818356
50.0	27.2820953689875	23.718286823692896	20.434651246796395	28.564871250627853	9.530989535926589E-5
51.0	24.84760063313515	26.758441404980648	21.143512222919988	27.248082440981875	0.002363297982334348
52.0	22.50897313072536	26.24152162538294	21.8513397928843	29.3981654510074	0.0
53.0	22.789291364645365	25.03604137755118	23.39702224961966	28.77624055218655	0.0014044559972548579
54.0	23.30562859455464	28.879737268361467	21.959935512705307	25.85466066834875	3.795602983723506E-5
55.0	24.06008802752905	27.58597905635458	22.541870630429777	25.810869552047112	0.0011927336394809223
56.0	27.202080287245312	24.90847538735639	24.87845304285737	23.01097235294162	1.8929599305813734E-5
57.0	22.978774307639572	27.608447576092598	22.76799563603354	26.639766644388786	0.005015835845509985
58.0	25.367589239499576	25.193193356112985	21.90251430983042	27.536305664980116	3.9742957689836494E-4
59.0	28.192841489032954	22.65102547619674	24.44997306233812	24.703302517606936	0.002857454825247714
60.0	23.794914719425304	23.021296053116373	23.511401919308913	29.672311729928786	7.557822062416274E-5
61.0	25.563132632730785	23.513203271090717	23.718940564404082	27.19869688378847	0.006026647985947141
62.0	25.981344216157275	21.109822103762006	24.71750619960899	28.19100633061924	3.211498524883163E-4
63.0	26.8671543700913	23.199990328292145	22.670823234237997	27.259538580197063	0.0024934871814924313
64.0	25.437394054152623	21.435057187420973	23.669280555447124	29.458155055784395	1.1314719488303125E-4
65.0	23.847622308843405	25.74917560701873	23.70022340823518	26.697887502413593	0.005091173489090558
66.0	24.30173543959561	23.860771892670147	23.182856667709352	28.653976072537723	6.5992748716771E-4
67.0	27.39172774622328	24.861916994650137	20.938370530979707	26.807343687398365	6.410407485093446E-4
68.0	23.710447300837124	21.494474301703995	26.820252761717956	27.974655956513857	1.696792270771848E-4
69.0	23.633023669427732	23.890340631552988	25.48904644920879	26.984780236156986	0.0028090136535030754
70.0	26.58683964821396	22.715668483826278	24.53291593879887	26.164274742485393	3.0118667550147577E-4
71.0	24.241888344206945	23.001785735741148	26.194764595273284	26.56064142306167	9.19901716949621E-4
72.0	27.218093211892004	25.657015707258363	21.918869170502536	25.203806923747774	0.002214986599331074
73.0	24.86731405434085	22.49840142502613	23.24079334362202	29.389380957823708	0.004110219187291427
74.0	24.518674959351273	24.958347367660593	23.773947097075638	26.748223699827083	8.068760854125248E-4
75.0	26.37925230761956	24.827141966684415	21.87618092292774	26.915154428599358	0.002270374168921092
76.0	26.89610996106565	23.719107551380077	25.463151023661375	23.920486942986535	0.001144520906362992
77.0	24.605756238464053	23.894997409043544	24.0887281574491	27.409824021337027	6.941737062759681E-4
78.0	26.991538023550206	26.882632639909648	20.386543759608955	25.738422588533698	8.62988397496208E-4
79.0	27.31436727130221	20.761014974283086	22.669189738598668	29.252689080785267	0.0027389350307726857
80.0	23.99882870044089	22.876245748552147	28.922939031456824	24.198966352525524	0.003020167024615862
81.0	25.15497360848265	25.370277518448926	21.411371715503964	28.062889450502325	4.8770706212956537E-4
82.0	22.513652899816837	22.36665269254973	23.815627939605555	31.302565891712785	0.0015005763150910147
83.0	25.051237954368162	22.187239343846578	24.029686221337084	28.730861144627863	9.753358203146321E-4
84.0	24.031063726514372	25.446362426147033	24.231443405119172	26.289648787913002	0.001481654306418864
85.0	25.248723329638818	27.217449359836316	21.107754166643225	26.425491773610666	5.813702709748079E-4
86.0	25.909636700402306	25.221709500217628	22.349007724460066	26.51709569602934	0.0025503788906639444
87.0	22.68128305765869	21.855599852763508	25.356610650418897	30.10568137475232	8.250644065902395E-4
88.0	25.51506982006518	27.133195042609433	25.05433407916322	22.29635103368347	0.0010500244786956596
89.0	26.25489336178994	25.870305452272348	23.308704732594972	24.56502773694052	0.001068716402228105
90.0	23.733086952674213	25.496761004261163	25.16061864143665	25.609252173704366	2.812279236079968E-4
91.0	27.582699824711053	24.956927662845306	24.024784169627207	23.434969675949795	6.186668666397953E-4
92.0	25.954252995004857	23.643469852740203	22.974151457469674	27.42808820215725	3.749262801201714E-5
93.0	26.650008201138785	26.202535323476344	20.54905452585702	26.59806453124634	3.3741828150994684E-4
94.0	28.190430381825372	23.369593843917162	22.978971553122403	25.45614932534756	0.0048548957875062726
95.0	24.346282414094425	26.054272251964445	23.552276976147784	26.044694178293128	0.0024741795002232387
96.0	26.80882399521544	23.849305884718895	23.189817181042365	26.15104084961532	0.0010120894079783008
97.0	25.571909281642775	25.488305060763455	23.657839277866433	25.281740227198828	2.0615252850761498E-4
98.0	28.631640691249377	22.263548429715517	24.122328239446716	24.98248263958839	0.0
99.0	21.854376116485316	22.18054489261784	27.122078680393763	28.842962832762513	3.747774056446349E-5
100.0	22.20500231691109	24.693737706926953	24.613128313403028	28.48813166275893	0.0
101.0	24.00869588515556	21.629674679988916	29.249965853118383	25.111513691447467	1.498902896761002E-4
102.0	25.49406399949335	24.11672001425517	24.406938640373795	25.982221134638845	5.6211238837619035E-5
103.0	25.955087269943043	25.764805128943923	24.985710573688387	23.294078547913273	3.1847951136999955E-4
104.0	26.7423146661791	26.96143934019438	22.10643310852619	24.189400750123124	4.121349772023791E-4
105.0	27.95745800110081	23.54755953583053	20.033297876047374	28.457900311696893	0.0037842753243892044
106.0	26.664213820265807	23.299049684377117	24.63469573714279	25.4019096233507	1.311348635897682E-4
107.0	26.103723491444107	24.13224843508079	22.399452243152336	27.363789038681112	7.867916416501269E-4
108.0	23.836508260554425	24.812248208074948	24.78531548556627	26.565759482172524	1.685636318345529E-4
109.0	26.599321491744316	24.27675570799986	26.01714904801902	23.10594972896189	8.24023274911956E-4
110.0	25.40126665222196	24.319318159899158	22.747061135754713	27.532241690532583	1.1236159158696329E-4
111.0	25.385392411292983	23.474020586971772	24.245198676674878	26.894639244837244	7.490802231210353E-4
112.0	25.463789686255183	23.3039196005495	24.49136126870177	26.740742183345144	1.8726114840520914E-4
113.0	28.97063923462322	20.874445071123027	23.17986698934372	26.974206059407628	8.426455024077191E-4
114.0	26.80460942746189	21.8268427354403	27.377435917026112	23.990793579100053	3.1834097164405885E-4
115.0	27.438635339160438	23.681218571849406	25.978700536859435	22.90073390952663	7.116426040950538E-4
116.0	26.994451665895415	24.53280562328072	24.611347876072536	23.861245016434133	1.498183171994612E-4
117.0	26.143071140427804	26.68168207815692	23.458368751014778	23.716110218139207	7.678122612876362E-4
118.0	27.078075736363203	23.737465102290457	25.469091884255334	23.714992737680838	3.745394101603553E-4
119.0	27.834219441442894	21.368002352134805	24.53001312775875	26.267147081461395	6.179972021581211E-4
120.0	25.245364943895048	23.83620076993908	24.894047700866476	26.02425549677588	1.3108852351812383E-4
121.0	28.167068580547046	23.04147275578212	23.75529203255437	25.03538009467277	7.865364436979423E-4
122.0	27.25316286443775	23.744938611646802	24.257453925495014	24.743995154999926	4.494434205041332E-4
123.0	24.907678732475812	27.675275578047238	22.352327170092853	25.06395073602335	7.677833607488172E-4
124.0	24.735918707399108	24.747697475542203	22.588212954884696	27.927964874177853	2.0598799614315565E-4
125.0	27.119975491894238	23.6187693740059	24.274522243615216	24.985721706414317	0.0010111840703304737
126.0	23.830839771502873	24.747607150628262	24.793915531864773	26.627412838937843	2.2470706625075885E-4
127.0	26.803216020406005	22.33827910288932	27.515261528701373	23.34185768115394	0.0013856668493624714
128.0	26.74831348994573	23.43706872886596	24.568199871243625	25.236680662087913	0.00973724785677557
129.0	24.333184966001287	26.794952914126025	22.074306379601783	26.79431625161576	0.0032394886551422013
130.0	26.536145520242282	24.06831312416518	23.590599885810228	25.804922744007612	1.8725774699343644E-5
131.0	26.24049024887703	23.914351007469982	24.25403178992672	25.590396658769492	7.302949567702837E-4
132.0	26.459508859078472	25.500955837838816	21.984813329336088	26.04814935975062	0.006572613995997633
133.0	27.549531175157394	25.017423873309248	24.328183756418557	23.102857590123836	0.0020036049909613073
134.0	27.116672540096932	23.159091564468355	20.488203767708768	29.235957227446306	7.490027964019403E-5
135.0	26.553522731272977	23.631045513476835	26.03951411946136	23.775374622793212	5.430129956117061E-4
136.0	27.226707002223748	26.62893883980098	24.10123186229387	22.036306495307958	0.006815800373445942
137.0	28.667499540309176	21.612003716473936	23.700329516869623	26.019942530220693	2.24696126575822E-4
138.0	24.466228501552827	23.79615529865796	27.17428812211554	24.561998715948917	0.001329361724755093
139.0	26.322821685065467	24.244720443630836	24.855298897906827	24.575923212035867	0.0012357613610001579
140.0	27.598815689030932	20.759743762529663	25.603581617603417	26.037447009611057	4.119212249338913E-4
141.0	25.6090866060114	24.75660876755173	25.294413704055437	24.339460273997226	4.306483842072624E-4
142.0	28.94352309758288	22.778488042463092	23.77202226211688	24.505648289410516	3.183084266351504E-4
143.0	27.144110297979424	24.980279190122086	23.993349317190948	23.88214885209252	1.1234261501777354E-4
144.0	28.15484171515675	25.108340855638584	22.762598667648547	23.9736383223209	5.804392352207532E-4
145.0	28.850883396460496	22.257647580225235	22.047941444055176	26.84229181095666	0.0012357683024307
146.0	27.056508833583514	22.485686162644587	24.6333562449598	25.81903759560112	0.005411163210980505
147.0	26.617461891107286	23.59260393057783	26.53753221574085	23.248900709518633	0.0035012530554049894
148.0	25.0543778346266	24.37890748531466	23.567579145798504	26.998555104588746	5.804296714899124E-4
149.0	28.428020629088337	24.57156295451924	23.27265836929543	23.725529919817376	0.002228127279617616
150.0	25.099803230215027	24.660202791400998	24.979558148944747	25.260417105508786	1.8723930437602595E-5
151.0	27.429310774197052	24.006568513452535	24.88528506936448	23.678236462739417	5.991802465252227E-4
152.0	27.8595279587866	23.37008268557443	23.005965816904602	25.764161395560382	2.621431739883567E-4
153.0	25.15603610162246	23.5536853505539	24.432483221426242	26.85700889658092	7.864298164753676E-4
154.0	23.55239697722206	24.428491768026998	24.35014730780797	27.66623012973648	0.0027338172064956994
155.0	27.06402691928148	23.752595774481737	24.593467542754208	24.589666336479784	2.434270027956655E-4
156.0	27.145637867287352	22.50808235812922	25.775779983839964	24.570256360321967	2.4343042149977485E-4
157.0	25.014282859987524	22.78452758516021	26.67547638089649	25.525319938872542	3.932350832356956E-4
158.0	25.375468358189785	21.149875182507312	25.97664468183477	27.497974325666263	3.74518018717287E-5
159.0	26.946038373394725	21.333098878775385	24.08734068981325	27.632904086737696	6.17971278942123E-4
160.0	26.79323468291485	21.07046421901419	26.37538831921567	25.760856599090527	5.6179764760343674E-5
161.0	25.072233376023856	19.84274107239667	29.04565426519148	26.03498924996578	0.004382036422213329
162.0	26.08476221384546	23.131431413641785	24.24721947196419	26.536568173616637	1.8726931931160548E-5
163.0	25.432039947683275	23.369203698127112	27.63087420764585	23.567769782448128	1.1236409562633993E-4
164.0	25.49066133351412	23.403364358282825	24.999396031335955	26.104686778105286	0.0018914987618174194
165.0	27.707399605992112	21.284722670923255	25.945170388091586	25.062070569700793	6.367652922462401E-4
166.0	24.912981094914613	23.37983768457513	25.199139147279343	26.50791097130235	1.3110192856555572E-4
167.0	26.692275852510566	23.08151175356746	26.659293568548275	23.566544239525175	3.7458584852122874E-4
168.0	25.698690770136423	24.08337895593877	23.728131351148967	26.48974273345679	5.6189319047261395E-5
169.0	26.65105922449281	21.56786427781272	25.412621986601753	26.368229745944205	2.2476514851544493E-4
170.0	31.178443143831192	22.80984159694346	22.941499188308192	23.070122417772073	9.36531450880143E-5
171.0	26.167716476587046	23.743791561674747	25.986293438933057	24.101505496541144	6.930262640096664E-4
172.0	27.59281905878431	24.720704760014158	24.01365996902442	23.672610207708686	2.060044684241969E-4
173.0	28.562407512070482	19.984490305598285	22.578365905189738	28.873200663834396	0.0015356133071005634
174.0	25.260341318812984	24.979582633637072	23.709745109242508	26.049806575768418	5.243625390158502E-4
175.0	24.41000770463061	24.94225272611705	22.651539072065827	27.99458990352544	0.0016105936610779066
176.0	24.996675660176432	24.413876749586002	27.414659982777113	23.17332677080559	0.0014608366548638557
177.0	22.870333464197625	25.505837946049947	24.199923429403707	27.399817639108242	0.024087521240473628
178.0	25.331224990270485	22.449658408719145	24.205297876811386	28.013462880439118	3.5584375986764114E-4
179.0	27.74736214350494	24.194913873287742	22.954848797357705	25.101470426825728	0.0014047590238910176
180.0	27.244049713823635	22.12382334173014	24.915108587018533	25.716680331670872	3.380257568115007E-4
181.0	27.981141439765956	22.635274850783308	26.01272420587494	23.370201270690373	6.582328854277959E-4
182.0	26.32058531022104	22.438816410111354	25.2721966360686	25.96821357157795	1.8807202105202976E-4
183.0	24.230384599397492	23.92064819696286	25.988215797572177	25.860187154666388	5.642514010832498E-4
184.0	26.47100204572831	21.50288802063936	26.367718723266904	25.65412143906717	0.004269771298258761
185.0	25.564662067896744	23.58755962395859	23.85915637059029	26.988170561477986	4.5137607639088713E-4
186.0	26.87744099068133	22.84156941888317	25.27979054854051	25.001199041894996	0.0
187.0	24.642295458261962	22.626870474294332	27.209527785543813	25.52074109855064	5.651833492463846E-4
188.0	28.418761187930482	27.702658273948554	21.986043830969717	21.891952640893265	5.840662579835734E-4
189.0	25.180288665357033	23.268966910242113	24.912111984160752	26.637671503632156	9.60936607954068E-4
190.0	29.45620510922648	21.56875122599615	24.897355503928935	24.077462040521137	2.2612032729409906E-4
191.0	27.073672474646116	23.579656805160283	23.838267294623662	25.50808261570998	3.2080985995894766E-4
192.0	27.365901502102467	22.70270872143419	24.043887141419344	25.887446018163075	5.661688092696177E-5
193.0	27.17567737946311	24.207336361776388	22.225158223189258	26.391639292651938	1.887429193093821E-4
194.0	27.534439613794643	23.080609439509985	24.40421251788844	24.98073842880693	0.0
195.0	26.46523596983561	20.84246679296829	24.608881535976707	28.082981523668714	4.3417755067984656E-4
196.0	28.432415350656008	22.413183980986243	26.19485504565629	22.959432085145597	1.1353755585811212E-4
197.0	25.34018781304698	23.658194335931583	23.629993610359094	27.371151074125894	4.731665364512358E-4
198.0	28.015157107615995	22.70601561459765	23.807367865611734	25.471288706938182	1.7070523644002953E-4
199.0	26.02006111804708	23.253271187719527	25.044563262918405	25.68172432031878	3.8011099621200386E-4
200.0	27.873292038328362	22.876512805424042	23.905789758891988	25.344348375807733	5.702154787272562E-5
201.0	25.63145802321738	20.598042009192135	28.789228104237356	24.98108177823111	1.9008512201849112E-4
202.0	25.670393201407578	25.453355772764073	27.428953367083725	21.44729765874462	0.0
203.0	26.56033258086785	24.413181521679185	21.72402710397146	27.301888263630435	5.705298510726912E-4
204.0	25.62488837967514	23.01292998431467	23.662424761481986	27.699642757902147	1.141166260506575E-4
205.0	26.698317621343453	24.515440253988736	25.37762793206577	23.408024565026032	5.896275760067986E-4
206.0	26.0746326489734	20.757941415198587	25.429895859429347	27.737434965643143	9.511075552369978E-5
207.0	26.279123258711508	23.690103775762015	26.68785673096552	23.342745009405018	1.7122515594331076E-4
208.0	28.99461326910383	22.35831074828731	20.916667126518057	27.730370799424048	3.805666675736839E-5
209.0	27.2974418312545	20.212578075340563	25.320256387809398	27.16915277074682	5.709348487212963E-4
210.0	25.347157916095085	24.152026758877927	24.053449233145273	26.447004444268487	3.6164761323044016E-4
211.0	25.038391052228963	25.51330540772192	25.410897537679965	24.036758694768956	6.473076001908415E-4
212.0	28.386839609912133	22.25465103811464	24.956878139154345	24.401231275056816	3.999377620663604E-4
213.0	30.120322834929237	23.179299449651694	21.96292356269308	24.73714928228735	3.048704386380599E-4
214.0	28.642733770345398	24.371808660633203	23.83137468519173	23.1540447512507	3.8132578969234446E-5
215.0	26.367415018690494	24.389595228837905	22.690207864240072	26.552495297524143	2.8659070739184305E-4
216.0	25.935084852624087	24.167457744479712	25.84077306716323	24.056665037229706	1.92985032659822E-5
217.0	29.282862371158963	22.499289276854014	25.327879954148397	22.88944373550256	5.24662336064881E-4
218.0	24.414307900818546	24.13155221181685	25.82424146480551	25.629623788200412	2.746343586807115E-4
219.0	26.707814427996173	23.111497709543023	23.4388842182619	26.741248718220085	5.549259788200609E-4
220.0	27.68583175384424	22.04152964374771	24.142187074966753	26.13007316695296	3.7836048833195994E-4
221.0	25.54358140029409	22.555563802833007	23.250314455315248	28.65031967116099	2.206703966650685E-4
222.0	26.11021184184133	23.608021243490697	24.08721020493961	26.194455503983356	1.0120574500483864E-4
223.0	30.31391561406465	22.29782843064278	24.460604518840498	22.926997053641397	6.543828106723293E-4
224.0	30.88801442422515	22.29893776119051	23.533053636755945	23.279830172994348	1.640048340424834E-4
225.0	30.595604465333835	19.97572686522209	23.50091451744423	25.92693007680793	8.240751919168113E-4
226.0	25.318491670185754	22.15752704414693	26.048174551378455	26.47557722833589	2.295059529671364E-4
227.0	26.7625260395288	23.648123476169204	25.385182429177018	24.202817407901158	0.001350647223818495
228.0	27.436605096697477	28.3985121768764	22.37885886629608	21.785939045221614	8.481490842534336E-5
229.0	27.870310107095264	25.401166388268148	21.275717130005162	25.45278500046489	2.137416654109344E-5
230.0	25.982933879237642	22.619551664013603	26.909385978376534	24.488106920440885	2.1557931335401744E-5
231.0	25.327756077424368	25.23731645594001	23.601939592811583	25.831499516064856	0.001488357759181088
232.0	25.223399624630122	25.172260812779378	24.04249998185397	25.56164162404549	1.979566910351353E-4
233.0	23.28507431539098	25.457719113002465	22.039013330032255	29.21779320059233	4.000409819761536E-4
234.0	27.293049962609906	20.77291388934024	26.526016340453456	25.40673166297888	0.0012881446175103148
235.0	25.746894900470057	21.501446038394647	28.185361923634805	24.566091263173956	2.0587432653360933E-4
236.0	29.080087310538982	23.80102827155331	23.307743672919933	23.810839226284454	3.0151870332113573E-4
237.0	27.85484100240764	24.5086892548966	21.800429445367257	25.83597004233332	7.025499518870374E-5
238.0	27.062515302142586	22.025453275560032	24.774856847863013	26.137150850182294	2.3724252069229268E-5
239.0	27.890513202234224	22.705837718690855	24.4489452061118	24.953646001631043	0.0010578713320715813
240.0	25.66526329767606	21.568868953046582	25.94469473947665	26.821074279497097	9.87303036129614E-5
241.0	28.706731171991436	21.92418260209643	23.163398524832385	26.203760152681603	0.0019275483981455008
242.0	27.541065943760103	23.719182896318618	20.75683284899056	27.98185336772192	0.001064943208807625
243.0	27.37386902306983	23.440022188116792	24.6548811746393	24.528521140661887	0.0027064735121906766
244.0	27.3459576762957	22.922321634680443	25.21198667483901	24.518639504246696	0.0010945099381502385
245.0	28.819443751882385	21.087534082364133	23.212657995568044	26.878319726982063	0.0020444432033732314
246.0	24.524662888743045	27.050986985043142	23.07060681524635	25.35097130196518	0.0027720090022865327
247.0	26.51016391472228	22.336022676622747	24.63132959729964	26.383434246307786	0.13904956504755178
248.0	26.56117817181739	21.98562076529332	23.981533539390746	27.46021246255486	0.011455060943681457
249.0	25.088788724944383	21.704321164411304	29.2617519516927	23.92794229631639	0.017195862635225725
250.0	27.463123014037393	22.089866029057916	23.328842006551707	27.117135399007537	0.0010335513454443703
