# Position (bp)	A	C	G	T	N
0.0	23.533116185448538	24.777848814519018	25.454785354538057	26.234156944092092	9.27014022941125E-5
1.0	22.773445074833283	30.452323088889553	23.545439327035336	23.152736847719424	0.07605566152240188
2.0	23.709127740083307	26.92731387457154	23.572432605244657	25.790235158013246	8.90622087243497E-4
3.0	25.916493976768635	22.237263340179563	25.48746415546816	26.35064773285829	0.008130794725354027
4.0	25.512599569728167	23.85092984888978	24.151789012891907	26.484528272268804	1.5329622134012172E-4
5.0	28.191934923194484	24.461626338219915	22.64227511550306	24.70345919606501	7.04427017532576E-4
6.0	25.403158754496523	24.013607563208105	24.506238277247526	26.071523768300942	0.005471636746901036
7.0	24.792934051759627	25.871732242886637	24.527244396061462	24.8075404267257	5.488825665748813E-4
8.0	27.563075980470526	24.585266654424963	23.239288434301493	24.612338478807086	3.0451995930395262E-5
9.0	25.71463742302572	25.64017069597515	22.866300310632635	25.778769992036622	1.2157832987848246E-4
10.0	24.17040887099811	24.35850094805209	24.18334513590366	27.28774504504614	0.0
11.0	26.43332922527979	23.52280263150173	23.12640480759638	26.917375305903274	8.802971883307804E-5
12.0	28.128816470663658	25.260664314611326	20.215277462922206	26.395212873330067	2.8878472744641814E-5
13.0	25.43516485581041	23.342041042659236	24.813071754769954	26.409466153939437	2.561928209647709E-4
14.0	26.224953577691227	22.445059913704497	23.956832027068163	27.37304214685064	1.1233468546849742E-4
15.0	25.020848908911713	24.05521377671552	24.076768255869098	26.847169058503674	0.0
16.0	25.858106320935136	25.2802846167829	22.23421671062328	26.627256291165104	1.3606049358393137E-4
17.0	28.143108853819875	26.847058127647262	19.63171941806009	25.376754749517143	0.0013588509556319176
18.0	25.558688408330237	25.490306432106973	20.418836962096357	28.532036083911134	1.3211355529995985E-4
19.0	24.642388068490718	25.159943467713187	22.42400056364036	27.773089537846452	5.783623092850285E-4
20.0	21.70220709779624	26.455398644850504	24.797311601994448	27.045004437556642	7.821780216319154E-5
21.0	22.984934123157174	24.944364487926997	24.231479936948574	27.838833522772088	3.879291951632988E-4
22.0	21.754632930850224	26.727605848503526	26.943802038998722	24.57385684025558	1.0234139195038899E-4
23.0	24.720078465853074	24.84903901985906	24.205407229987884	26.225067986853457	4.072974465250273E-4
24.0	26.912489474793784	21.91993362602831	25.375022259410095	25.792378327608645	1.763121591665573E-4
25.0	24.60147869886457	26.041815092891984	20.241733385811862	29.114748626175164	2.2419625642073167E-4
26.0	25.847959183926207	26.75128157052421	20.033318232964593	27.36741624434758	2.4768237410490688E-5
27.0	25.56617064224305	25.22605230436469	20.495894412733033	28.711833269438745	4.9371220478787285E-5
28.0	27.56492746341555	24.610999174574854	22.87489645565226	24.946637887868643	0.0025390184886931893
29.0	26.994030391217798	24.21726183946692	22.660669654082856	26.12755593690504	4.821783273860655E-4
30.0	23.255387057277183	25.24016668788717	25.760348348198857	25.7438346446969	2.6326193988629E-4
31.0	25.283736182813882	25.099780389252263	23.43612022755467	26.17984026105131	5.22939327866082E-4
32.0	23.79532884414611	23.090429933250707	25.220192632506944	27.893624859786463	4.2373030978216735E-4
33.0	23.029735473004564	25.761003925197162	26.131884106297687	25.07728322164177	9.327385881182629E-5
34.0	26.18774430095473	26.593494310666642	23.07068148057709	24.147918042521546	1.6186527998993661E-4
35.0	25.18237459474218	22.54941641501694	26.211726031306554	26.056162822977164	3.2013595716763826E-4
36.0	23.28095456119813	25.12335034055569	26.491970233248434	25.103382161699294	3.4270329845070694E-4
37.0	24.48003942941543	26.458179217016404	21.765201759432603	27.29657959413556	0.0
38.0	25.808316579386307	25.86026237765623	21.33278076703965	26.99848044269237	1.5983322544590615E-4
39.0	22.678902157091883	27.485566082811452	22.66755637109258	27.16781558920128	1.5979980280704333E-4
40.0	25.471967708757976	26.507865786101565	24.329088001577677	23.69087307692132	2.054266414615786E-4
41.0	23.31251911393503	24.675964597568935	22.42303075118335	29.58332762768109	0.005157909631597446
42.0	23.921817860260262	26.573187359869465	21.79828049497099	27.70660018370293	1.1410119635104374E-4
43.0	26.35805532642637	25.963557621331034	22.961505156262298	24.71284313759046	0.004038758389836019
44.0	28.728236435138744	24.9195141944997	23.248425590185512	23.103527184478644	2.965956974002931E-4
45.0	25.413475245092283	24.880234009321228	22.521777552907242	27.180429937152084	0.004083255527165397
46.0	24.926353974900934	25.11101931573006	22.560603008977573	27.402000890937277	2.280945415379548E-5
47.0	24.898432462747927	24.946738765762554	23.60755028884569	26.545294229403847	0.0019842532399776394
48.0	22.006432571998204	25.050891467106144	23.204912941846008	29.737763019049645	0.0
49.0	21.790585253158888	26.597271984640635	24.83286477179484	26.777271660892012	0.002006329513631527
50.0	26.570022758562047	25.029197664369228	21.16532591842983	27.23538526668644	6.839195245573843E-5
51.0	24.68446557681963	27.65369852022721	21.942190391962	25.717138194184848	0.002507316806316615
52.0	22.379852999072288	27.09837490217413	21.427283166581113	29.094488932172467	0.0
53.0	21.965709091635535	25.419726057748708	25.13786556053372	27.47501938698974	0.001679903092292968
54.0	22.334565375012996	29.276887936267382	22.64411187440893	25.74432131090082	1.1350340986943929E-4
55.0	23.097355172369287	29.36492570755972	23.087459628104163	24.448538527746813	0.0017209642200216525
56.0	25.927053812015572	25.856185668197163	25.393572915961478	22.8231649622463	2.2641579494698815E-5
57.0	22.21933442516211	27.91077491921086	24.011094272336265	25.853430816105032	0.00536556718573058
58.0	24.442385977493743	26.151645479473018	22.674926491677358	26.730702494857418	3.395564984662233E-4
59.0	26.435789839177232	23.554443229456794	25.314256392473556	24.692522740653	0.002987798239417253
60.0	23.29213672578952	23.83722375575111	24.480552558557473	28.39001916019669	6.779970520688176E-5
61.0	24.541168457474058	24.893296172582804	22.842494597296014	27.716645435503253	0.006395337143869549
62.0	24.498828788968243	22.423731180516544	25.493827132596092	27.5834547177682	1.581801509219417E-4
63.0	25.24936431673059	24.476172808234363	23.638446991822263	26.633326953716292	0.002688929496494562
64.0	24.050760782630086	22.255160895283506	24.345968660432245	29.347996918040582	1.1274361358163686E-4
65.0	23.21364956795518	27.199320524857118	23.623057241316488	25.958583942777626	0.005388723093587014
66.0	23.81174729490618	25.231955369333914	23.26231879614081	27.69318942240227	7.891172168241594E-4
67.0	26.09997193129593	26.582370373877396	21.05558617937593	26.261102074265956	9.694411847923986E-4
68.0	22.964085962843818	23.046009012888113	27.04777191396502	26.94197530585883	1.578044442240192E-4
69.0	22.265789048345876	25.284253252352233	25.62676154286076	26.819882432688015	0.0033137237531099973
70.0	24.228700126673132	23.61740664325201	25.303981766268947	26.84970896679274	2.0249701316905574E-4
71.0	24.278714637282945	23.664131212820877	25.990656304123462	26.065286534548505	0.0012113112242116888
72.0	26.1251980484934	26.789748310195527	22.700843152770524	24.38261802613612	0.0015924624044298267
73.0	24.647170320773824	23.723484512093492	23.22333784546271	28.40154452969349	0.004462791976483105
74.0	24.505073657901836	26.321670337023274	23.518662984126614	25.653763350683906	8.296702643710663E-4
75.0	24.359837617675055	25.443103964375442	22.784917413049108	27.409517595342436	0.0026234095579554893
76.0	26.503856208285697	24.82610234955496	25.370076935822837	23.29900037018344	9.641361530653588E-4
77.0	23.549594034752435	25.741384869044985	24.563016200495312	26.145220183515033	7.847121922302732E-4
78.0	26.530448444890048	27.143331796846553	21.035281203983867	25.29033322631733	6.053279622060125E-4
79.0	26.777816811653725	21.244282888537708	23.664497783102526	28.310443215836383	0.002959300869653334
80.0	23.945966934159753	24.011069174268656	28.268450790866677	23.772136779268433	0.002376321436481825
81.0	24.76889053783376	25.675999520261662	22.381474926385945	27.173074573531668	5.604419869686029E-4
82.0	22.02311606160308	23.120500188191524	24.888424506280263	29.96661421813314	0.0013450257919904163
83.0	24.6557406300703	23.005694205772397	24.92870474191363	27.40887410205634	9.863201873291031E-4
84.0	22.96737374993976	26.982270803143038	25.211928850095884	24.837148938030186	0.001277658791133048
85.0	25.04746133946098	27.71825155787504	21.520304936024132	25.713287337112906	6.948295269376442E-4
86.0	24.88134052428695	25.54798970889458	23.66156347433062	25.907156370518347	0.0019499219695018756
87.0	21.0685322333572	22.91352479820884	27.374546579215426	28.6423878536458	0.0010085355727305428
88.0	24.81762981283608	27.178704630443484	25.237972083858683	22.764931496042877	7.619768188722833E-4
89.0	26.01233780218416	27.030575132876656	22.913365339816202	24.042578796523078	0.001142928599905742
90.0	22.66198247079306	26.603667414324327	25.016017233848924	25.71810878542195	2.240956117373214E-4
91.0	26.12444829675629	25.685348984794327	24.366975429261874	23.822622253136327	6.050360511851535E-4
92.0	24.705551773635744	24.84568945543492	22.908813705617654	27.53992265762352	2.2407688167441E-5
93.0	24.996739731049097	26.992136365734503	21.816465008015108	26.19414352622623	5.153689750565897E-4
94.0	27.142300811667358	24.507182754219667	23.64117867437225	24.705371739348656	0.003966020392066884
95.0	22.71692106657059	27.659659802305686	24.249258130983016	25.37171872521315	0.0024422749275607816
96.0	25.41904266638645	24.835023410286187	24.372553469936094	25.37237221021915	0.0010082431721212249
97.0	24.875629470029757	26.0138676641551	23.25326197491328	25.85699444625793	2.46444643940139E-4
98.0	26.95487988228502	23.82162363063699	24.68972231998697	24.533751763966052	2.240312496709541E-5
99.0	21.278294609757015	22.87498141017486	26.95468651731497	28.8919702706141	6.719213905726741E-5
100.0	22.13766359127573	25.19256934187231	25.058795995086243	27.610971071765718	0.0
101.0	22.314409942478473	23.077138413337558	28.87576044978092	25.732444849544876	2.463448581669479E-4
102.0	24.83436106633374	24.78183771696119	25.102622113427586	25.28117910327748	0.0
103.0	25.545031805652723	26.00310307790571	25.45854157130047	22.993054802828244	2.687423128500928E-4
104.0	25.1952549399343	27.356451004648136	23.512577920583038	23.935313039420045	4.030954144761417E-4
105.0	27.00740732446097	23.906207483469295	21.58152815959061	27.5016768659683	0.0031801665108310423
106.0	25.866874611167823	23.764706198516826	25.080095509948503	25.2880773360052	2.4634436164785566E-4
107.0	25.03560720815302	25.217159180792354	22.881460692777424	26.864899533926277	8.733843509231448E-4
108.0	23.40045458036402	25.23476315001667	24.541540409892576	26.82299555965757	2.4630006916553763E-4
109.0	25.181611182135093	24.982749008711693	25.743516605058648	24.091250019590678	8.731845038856711E-4
110.0	23.891747591943176	24.653769070126483	23.68510604763457	27.769265350130922	1.1194016484756435E-4
111.0	24.30244275728633	24.46534249804827	25.43228544798884	25.79901136245842	9.179342181472907E-4
112.0	24.934365280302288	24.923462540132494	23.836569044232665	26.305513585105288	8.955022726728303E-5
113.0	28.22064546892367	22.352795006027556	22.999047455946236	26.426638996996854	8.730721056820203E-4
114.0	26.063913856210615	22.76813037978934	27.735703332251312	23.431827085595316	4.253461534156415E-4
115.0	26.38429743739917	24.099668788622484	26.46171591404176	23.053377554552267	9.4030538432296E-4
116.0	26.100496432909914	25.086138072557922	25.378257519142917	23.43488409475882	2.2388063042994482E-4
117.0	25.53126182379109	27.090401488370425	24.101817253723727	23.275422410183964	0.0010970239307934618
118.0	25.707326880212488	24.6292992820612	25.70676717988947	23.95611412155258	4.925362842525404E-4
119.0	26.554129449293324	22.06955163625096	25.008462903823798	26.367206740232735	6.492703991803968E-4
120.0	25.144842557181413	24.448357958471078	25.137364790105348	25.269345140145443	8.955409671931999E-5
121.0	26.86944935944094	23.997551544400984	24.978836844778975	24.153333860219963	8.283911591408823E-4
122.0	26.57500116983103	23.737338118334062	24.717354269838488	24.969612379566176	6.94062430243927E-4
123.0	23.795667274671843	28.127855271633234	23.801891361035292	24.273690540664887	8.955519947413187E-4
124.0	24.898209845558377	25.17625491935372	22.90671396350913	27.01861977341756	2.0149816121733545E-4
125.0	26.145467652958875	24.166517409370968	25.059643215360367	24.62725229259206	0.0011194297177246023
126.0	23.859064271841397	24.565399663052787	25.550181067148763	26.025108724246206	2.462737108410807E-4
127.0	24.90831427901698	23.221847765322167	28.195656802452508	23.67303934946739	0.001141803740952045
128.0	26.309332037761152	22.929231981676907	25.328742112103562	25.424342801234523	0.00835106722385226
129.0	24.27381660557161	27.102630068887823	23.008809733357186	25.612012169607013	0.002731422576371807
130.0	25.772284840080044	25.081911203195755	23.972925084105352	25.172856483332744	2.238928609970128E-5
131.0	25.54114405349971	25.251739817397258	25.101261257065786	24.105026467524194	8.284045130582299E-4
132.0	25.59973222341881	26.982632584111176	22.424564695135466	24.987697054233713	0.005373443100834899
133.0	26.53837447852519	25.924191169704407	24.73572228669097	22.800010478192934	0.0017015868864967663
134.0	25.946590268965164	23.573229937319375	21.45935968862981	29.020752937678495	6.716740715001527E-5
135.0	25.60271910662275	24.935614659192602	26.36002907891181	23.101099817820213	5.373374526219493E-4
136.0	27.99537790506973	26.9673177766389	23.634009071790466	21.397765032163683	0.005530214337226201
137.0	28.58835190438032	21.63112207007002	25.058946198034597	24.72142310037187	1.5672714319330658E-4
138.0	25.204973407917286	24.483835976496426	27.559315848567856	22.750956833622332	9.179333960960965E-4
139.0	25.12281477905878	24.822332206868854	25.528995751018364	24.524984092625917	8.73170428090833E-4
140.0	25.999209655192484	22.157081590227488	25.23324687304443	26.610058872851877	4.0300868371766555E-4
141.0	24.918584898626584	25.894289893511623	25.474323429032786	23.712465931040597	3.3584778840872856E-4
142.0	28.133663510430356	23.27840332804184	23.87240864341545	24.715211058843025	3.134592693264432E-4
143.0	26.16719749679543	26.109699917716668	24.273158280670135	23.44974279461072	2.0151020705173775E-4
144.0	27.649847589850786	25.54295136085448	23.684272983213166	23.122547432537182	3.8063354438343857E-4
145.0	27.716245381151943	22.89338770604434	23.504084334573534	25.885163061037648	0.0011195171925374775
146.0	27.140993935540063	21.872291452324525	25.180528795829105	25.80204357857993	0.004142237726381688
147.0	25.959395895615287	24.507752368430953	27.252136468910816	22.277558254714023	0.0031570123289168003
148.0	24.025577246836598	24.80306894719554	24.412822925839823	26.758150239680333	3.8064044770481643E-4
149.0	26.90484901598754	25.62245555520228	24.2815323071439	23.18910315975766	0.002059961908617403
150.0	25.067515386746003	24.79405036118297	25.047699080545783	25.090690388912364	4.478261288185294E-5
151.0	26.099079249068502	24.843436514760675	25.97473756807108	23.082052522212667	6.9414588707366E-4
152.0	26.933082721582707	24.378016208256753	23.623225206633776	25.065451943091965	2.239204347997435E-4
153.0	25.061556554552677	23.52463560938078	25.47113492462289	25.941665255948976	0.0010076554946782355
154.0	22.73181847292505	25.174272244035333	25.025158350937833	27.06613097032188	0.0026199617799079833
155.0	26.588441564782755	23.984964797360284	24.6286554907562	24.79753498650084	4.0316059992089097E-4
156.0	25.527416237185562	24.04796301646923	26.493642335750074	23.93068723696382	2.91173631315948E-4
157.0	24.30722173742427	23.3664723094759	26.828078999568163	25.49793577611772	2.911774139503547E-4
158.0	24.662569046820693	21.975104730764155	26.558843760716382	26.803415265571413	6.71961273527884E-5
159.0	25.855767873902163	22.130712044206817	25.218424583433197	26.79453552157367	5.599768841542222E-4
160.0	25.355096200540096	22.10276174485219	26.36033226234784	26.181697795729082	1.1199653079546208E-4
161.0	24.100172654315955	21.536229183148865	29.305673401110827	25.05427366470657	0.0036510967177760473
162.0	24.85505628070037	23.75556047854107	25.35092138353016	26.038439457395405	2.239983298684525E-5
163.0	24.582009472659923	24.841226320590224	27.314852148731156	23.26180005626968	1.1200174901931269E-4
164.0	25.36165200674358	24.808841562170006	24.42775673831533	25.4001144240113	0.0016352687597808112
165.0	25.696720723885235	22.458507246558625	27.888609811304526	23.95537815261591	7.840656357024959E-4
166.0	24.2810324197694	23.71392784549772	26.324436955933912	25.680401153565168	2.016252338012607E-4
167.0	26.019048404239115	24.127493292373646	26.651120088467184	23.20177812587934	5.600890407153368E-4
168.0	25.422987573007212	24.646947447803022	24.49959437015801	25.43031377893543	1.5683009632280474E-4
169.0	25.845312945643705	22.318789016404057	26.467043678208302	25.368428670233346	4.256895105847697E-4
170.0	30.505495076701646	23.694835264205512	23.746747898624953	22.052764924714356	1.568357535330614E-4
171.0	25.190040804328323	23.954685955442354	27.237359665105178	23.61690534166567	0.0010082334584737764
172.0	27.327990489400356	24.81799757352495	24.106919888472632	23.746868080072332	2.2396852973395005E-4
173.0	28.21744858097972	20.255064858044218	24.532170566421097	26.993591463526617	0.0017245310283445711
174.0	23.587290723009	26.54131249641649	24.195143627085603	25.67569323003268	5.599234562238403E-4
175.0	25.236711340171546	24.166518277611843	24.008229153017673	26.586861353106595	0.0016798760923394291
176.0	24.10178711866958	24.91964652310074	28.259224158032875	22.717931016408482	0.0014111837883206398
177.0	21.715915951571006	25.89398625179357	25.329093350926495	27.035891622823772	0.02511282288515196
178.0	24.284540501600066	24.02209670995481	24.864286811908265	26.828784770554325	2.9120598253570525E-4
179.0	27.12971889016762	25.04807187156459	23.505829001469433	24.315304878608863	0.0010753581894911068
180.0	26.684531582972994	22.85234525336394	25.474829881836296	24.988158463575257	1.3481825151513243E-4
181.0	27.220621987554487	22.748358771512002	26.48653746935218	23.543648889205034	8.328823762989587E-4
182.0	25.129145626382176	23.41205131068066	25.810913874701953	25.647664078201426	2.251100337845139E-4
183.0	23.040895495442363	25.213114850045798	26.597953368091424	25.147721135991237	3.151504291786077E-4
184.0	25.737896046552518	23.015481561406563	26.697257144838176	24.545740854091612	0.003624393111131772
185.0	24.58928531232414	25.57447383230163	25.062712436691054	24.772875633089477	6.527855936972425E-4
186.0	26.15549160170478	23.560182904811516	25.749106502071545	24.535196479496598	2.251191555690427E-5
187.0	23.926925517618812	23.558787388781973	28.160164336824618	24.353265519879212	8.572368953857419E-4
188.0	26.584467524932364	28.658711139655303	22.954129504140973	21.80230833453458	3.834967367811494E-4
189.0	24.847806141175894	24.16794486572311	25.17219309630383	25.811108386392036	9.475104051306335E-4
190.0	28.38635820617374	22.125510260946317	25.158208249413228	24.329720228207037	2.0305525968398734E-4
191.0	25.285751894523596	24.363296578389267	25.625348143779288	24.725445200333088	1.581829747664259E-4
192.0	25.973999851288244	24.01783004235121	24.629672696272962	25.378452208945895	4.520114169043682E-5
193.0	27.279000794968077	25.303967358615143	22.469138760469132	24.947644446513927	2.486394337169087E-4
194.0	27.552882328793633	23.638563727342927	24.5263783222689	24.282175621594547	0.0
195.0	26.06009743427889	22.279319135698078	25.07838422241133	26.581498339167876	7.008684438278812E-4
196.0	27.599361936782056	23.070137544417605	26.830000757008793	22.50029577738683	2.0398440471231172E-4
197.0	24.140348856821078	24.92512255146436	24.387628060159486	26.54603908951924	8.614420358323615E-4
198.0	26.454792004177204	24.00609228042387	24.76735478880178	24.771556518142727	2.044084544245232E-4
199.0	24.65500060771788	24.18450861115752	25.669320443948152	25.490555791005136	6.145461713090698E-4
200.0	26.66264069925272	24.134316470630278	24.25368420405691	24.94929033788307	6.828817701752298E-5
201.0	24.26907141138449	21.88054236056556	29.09618789169998	24.75378858154496	4.097548050011029E-4
202.0	24.094144869888652	25.83595199734457	28.97559411971341	21.094309013053365	0.0
203.0	24.29116634553658	25.36807747566019	24.060777047514577	26.279136549097604	8.425821910461751E-4
204.0	25.116875243264715	23.839087836752952	24.076539249288224	26.96729269633071	2.0497436340087086E-4
205.0	26.907942162209565	24.459026250667627	25.784485104958254	22.847521554792046	0.001024927372507576
206.0	24.230437009000404	21.49739955863567	26.624341917037352	27.64773039965157	9.111567499403193E-5
207.0	25.202078804753334	23.569910415280233	27.886749749900495	23.340850937505767	4.100925601691222E-4
208.0	27.70837055239776	22.649661655917193	22.717544671992183	26.92440033251056	2.2787182301104358E-5
209.0	26.934161288536053	21.216306487464777	25.268906530722298	26.579941960176196	6.837331006817502E-4
210.0	23.81095445506277	25.70276391600205	25.240006528432872	25.245796409544276	4.786909580292886E-4
211.0	25.378858183386928	26.170320757702687	25.111191473701446	23.33869472405407	9.348611548773074E-4
212.0	27.997097450962453	22.925803191024634	24.76058646819959	24.31617071568912	3.421741241996262E-4
213.0	29.04457575211838	23.213337231934105	23.067094051917582	24.67453645340088	4.5651062905110383E-4
214.0	27.173868349419816	25.70047706636623	24.840894117948057	22.284737622636026	2.2843629871061414E-5
215.0	25.30969450468461	24.981340117384917	23.583892977127874	26.124683056826587	3.8934397601274665E-4
216.0	24.788274694376554	24.87859476787394	26.920152654819606	23.41293156494349	4.631798640891325E-5
217.0	27.894576004732574	23.68295294762254	25.51098948687558	22.910687817891105	7.937428782003888E-4
218.0	24.429205562335955	24.540862246893454	26.394094612488395	24.635507721016147	3.2985726604873407E-4
219.0	25.445604940879385	23.786973578169853	25.150001855398784	25.61663464914409	7.849764078908684E-4
220.0	27.632871513166002	22.580625090487477	25.25915015357445	24.526946423037483	4.06819734586019E-4
221.0	24.877799257968732	23.140219020773404	25.046738708911896	26.93492949159475	3.135207512150135E-4
222.0	24.801616862261408	25.187514501691354	25.05186415426136	24.958809090576036	1.9539120983794742E-4
223.0	29.12998583218972	23.081086393025625	25.462503203683134	22.325560379118553	8.641919829650475E-4
224.0	29.106102536120517	24.16941947848943	24.826428578682204	21.897851258747302	1.981479605497318E-4
225.0	30.029951703096735	20.398522319536816	24.1653917948327	25.405038054332586	0.0010961282011614476
226.0	24.364951058898303	22.961762636287286	26.491902839113536	26.18108081523946	3.0265046141584933E-4
227.0	26.22018194744279	24.672795138211793	25.916689799467296	23.188880145582424	0.0014529692956998992
228.0	26.091733357116116	28.414219129094104	23.778166127325516	21.71572761849552	1.5376796874819803E-4
229.0	27.745585538259014	25.125268802471094	22.67100335515121	24.458116451512662	2.5852606020244657E-5
230.0	25.24048984708509	22.661541778812698	28.127723802543724	23.97024457155849	0.0
231.0	24.37220516783927	24.975167326492432	25.404604736260882	25.24656902055918	0.001453748848234435
232.0	25.013782056904876	25.36828792564228	24.833964091694668	24.78364695819239	3.1896756578307336E-4
233.0	22.524404587281893	25.037370575617214	23.354389326845183	29.083351051947385	4.8445830832541604E-4
234.0	26.696327612161717	21.753076730605418	27.2033438295161	24.346185346271483	0.0010664814452737781
235.0	25.328548144207748	22.604704611810437	27.172314689934634	24.894183459988437	2.490940587468964E-4
236.0	27.402708345627392	24.075529065960776	24.543321446736524	23.978160134658562	2.8100701674520814E-4
237.0	27.368818239566338	24.806488100958873	22.894230555971017	24.930349364969327	1.1373853444486212E-4
238.0	26.188644651109893	23.13896460282488	25.181263636807106	25.491069379687097	5.772957102021718E-5
239.0	26.305708116950218	24.368820897075658	25.14072048065267	24.18337268904299	0.0013778162784596013
240.0	25.471878822706433	22.593505899924956	26.48649861003515	25.44793481410357	1.8185322989521617E-4
241.0	29.14851896218246	21.259028580984314	23.960311421741068	25.629955874939643	0.002185160152512039
242.0	25.405069750271103	24.72772853803894	22.377469479504907	27.488850356673026	8.818755120199633E-4
243.0	27.214019864154693	23.286056438031203	25.465557558805223	24.032051182470664	0.002314956538213993
244.0	25.651558445603257	22.944225241328688	26.207528929823994	25.196015626288172	6.717569558906063E-4
245.0	27.614608860893558	21.822930281790594	23.805822900896082	26.75519928102963	0.0014386753901412166
246.0	24.37820753785577	27.130596193481566	23.635257605647535	24.853823044785493	0.0021156182296384013
247.0	25.148719070766244	23.487226354758672	25.0533938186706	26.171729271367205	0.1389314844372768
248.0	25.848123128874352	23.0200564056605	24.26455590002778	26.857696462232294	0.009568103205068448
249.0	25.412552270219653	21.37641048464113	29.00197491029457	24.193578296384892	0.015484038459755408
250.0	25.6837832030609	23.16515877591181	25.671182185939003	25.479132777567585	7.430575207018921E-4
