# Position (bp)	A	C	G	T	N
0.0	24.43704823512146	22.672323637867635	25.783042017789903	27.107586109221003	0.0
1.0	23.24939782726245	32.0659030952498	23.640605286011567	20.96738845466909	0.07670533680709171
2.0	24.42140145907902	24.973507486304545	22.041567213395922	28.562605025716625	9.188155038886314E-4
3.0	25.8419001439163	22.321407625829863	23.95711681903163	27.87212970622104	0.0074457050011678535
4.0	25.688540862018716	23.275463222450725	23.50108735750725	27.53480665010323	1.0190792007973277E-4
5.0	29.072279124498923	23.24239148359199	22.565875328027882	25.11782537617596	0.0016286877052400991
6.0	26.735756767103204	23.77363548574788	25.08374788409029	24.401782695184103	0.0050771678745249035
7.0	27.919017899951243	25.2769530652108	21.320900643563	25.48272293340659	4.054578683660758E-4
8.0	28.611419621532804	23.982885855418687	23.62225770232687	23.78333557755682	1.0124316482083503E-4
9.0	28.190603536121174	24.701948431650376	21.7236040683471	25.383137022423174	7.069414581778483E-4
10.0	24.294040718794903	24.29131617611444	23.467495196732163	27.947147908358495	0.0
11.0	28.109583051868892	21.778553295743468	22.544760231683806	27.56690647765386	1.969430499782378E-4
12.0	29.263599125415563	24.756507742254822	19.499452410368736	26.48044072196088	0.0
13.0	26.260738519515787	22.447270946067537	25.08437322267698	26.20732860952352	2.887022161744454E-4
14.0	27.375366554968267	21.382079873076627	23.199659863622053	28.042893708333054	0.0
15.0	25.223017167831646	23.696603104279234	24.135527832243195	26.944851895645925	0.0
16.0	26.422193177531216	24.568026837540458	20.92287712158708	28.08653391172648	3.6895161476286096E-4
17.0	28.5041361429109	26.640783779099163	18.70070059821622	26.15348139207186	8.980877018564371E-4
18.0	26.25915816181082	25.434656337305434	19.61503649010776	28.691149010775984	0.0
19.0	25.178743583961992	24.57801955482328	22.268423416785474	27.97428080896674	5.326354625140038E-4
20.0	23.11559650179505	26.378959269034958	22.304716333040258	28.200727896129735	0.0
21.0	24.058628816798066	23.236128784003007	23.27364632935857	29.43124625589764	3.4981394270922154E-4
22.0	23.611087147811382	26.9870080574199	24.98542072844597	24.416484066322745	0.0
23.0	25.474054426656718	24.215238157449157	22.634884836274814	27.675564731141396	2.578484779204348E-4
24.0	28.15141482724671	21.454599867707998	23.992718838687075	26.401266466358216	0.0
25.0	26.640742944948236	23.246366139786357	20.146699348712723	29.965855331510937	3.3623504174358043E-4
26.0	27.932039046388944	23.94355461519003	19.812256357937517	28.312149980483508	0.0
27.0	25.974678976935785	24.268625351425666	20.51432179649301	29.24237387514554	0.0
28.0	28.689075518957964	22.946558794266007	22.869991904603452	25.491807756681183	0.0025660254913938817
29.0	29.363991738103806	22.61956991473552	22.17057167786492	25.845373716062227	4.929532335267354E-4
30.0	25.201419798298495	23.690822344757535	24.633925079265538	26.473751123762025	8.165391640761961E-5
31.0	27.01852010039009	23.97777425246399	21.94613591711716	27.057000256263198	5.694737655639214E-4
32.0	23.865477142245865	21.174086984777585	24.55469243898084	30.405743433995713	0.0
33.0	24.22509689274443	24.801756011808653	24.311798781555822	26.661268697831574	7.961605951459681E-5
34.0	26.96674748135456	26.790345528214438	22.258324189344943	23.984503803346186	7.899773987466219E-5
35.0	26.12706476143091	22.690559319218494	24.87586671044248	26.306119281816688	3.8992709143244395E-4
36.0	24.51502676896421	23.50316615455571	26.539604978591065	25.44212419054267	7.790734635113152E-5
37.0	24.92537092577435	25.489615791691232	22.04970806461285	27.535227337332763	7.788058880840363E-5
38.0	26.9831394796551	25.449777388807306	20.43685986629313	27.13006753863188	1.55726612588005E-4
39.0	23.641552484755636	26.68707811856547	20.96035024868186	28.71094130111718	7.784687985813184E-5
40.0	27.34566421439668	24.098923097518984	22.387678666496473	26.167578354851667	1.5566673619780885E-4
41.0	24.479966380407248	24.061122287377476	21.3649399010868	30.089379866377687	0.004591564750790878
42.0	24.26084216177941	26.123277918055937	19.748433056192102	29.867369051741242	7.781223130463877E-5
43.0	25.99658126042097	24.86810154138939	23.73448671056409	25.397018056142333	0.003812431483214798
44.0	30.019712910322593	24.264383267519907	22.30966228221668	23.405852571702404	3.8896823840952444E-4
45.0	25.958086929602747	23.05631111156051	22.115938805019365	28.86608522775444	0.003577926062935719
46.0	26.269350868528807	24.109675337048287	21.87300463915321	27.747969155269697	0.0
47.0	26.18012067352593	22.13587008505003	22.271100953459275	29.411430779914287	0.0014775080504747856
48.0	21.502171347541548	23.222457004519946	22.894228242600082	32.38114340533842	0.0
49.0	22.212142412935325	26.57734763681592	23.107353855721392	28.101368159203982	0.0017879353233830847
50.0	28.130802983253204	23.51064698040831	19.52732770313599	28.831144603832836	7.77293696536768E-5
51.0	24.887150376009973	26.19852207407039	21.167309671181687	27.744763995063217	0.0022538836747319434
52.0	22.984113966910826	24.844214986425115	21.893230574245614	30.278440472418445	0.0
53.0	22.5474473205877	23.122202284292488	24.145986985656318	30.182890672536942	0.0014727369265530592
54.0	22.964750818874176	28.221667263479837	22.71277164687882	26.100810270767163	0.0
55.0	25.38289803208984	26.651154852744597	21.43742465791508	26.527209641933485	0.0013128153170024256
56.0	28.08943390748685	23.1676657987961	25.57484843150154	23.16805186221551	0.0
57.0	22.894949360814426	27.643868867748267	24.11402656800814	25.342059630555525	0.005095572873640601
58.0	26.367228210270827	23.94110354048842	21.97153219418879	27.72005885631617	7.719873579350265E-5
59.0	28.477617147938638	21.826059704073312	24.153039547464367	25.54027307758812	0.003010522935553195
60.0	24.042390528640812	22.391283908030033	23.09522378259402	30.47102471265165	7.706808348631347E-5
61.0	25.99358850863471	24.01249932571455	22.683656091302105	27.30547828030239	0.004777794046252129
62.0	26.23019414019335	21.708809745076373	22.936653613023434	29.124188385493966	1.5411621287147786E-4
63.0	27.644816086498214	23.16602762863466	21.73250710441799	27.454183438846524	0.0024657416026087546
64.0	24.75812207107712	20.930726715472105	23.30535322607839	31.005720999092308	7.698828007412432E-5
65.0	23.654146683192327	26.322450519249568	23.03743677780429	26.981193080778144	0.00477293897566571
66.0	23.95614022257821	24.008871104939075	22.74764077413554	29.28650112505379	8.467732933861616E-4
67.0	27.65081246680471	25.08501843541447	21.060709859675324	26.202920415970688	5.388221348132981E-4
68.0	22.721979296633567	21.259551003726113	25.957409469915927	30.06044447044317	6.15759281224191E-4
69.0	22.631579352453258	24.129340023228373	26.006158828821963	27.230151015221587	0.0027707802748152236
70.0	26.33555698620043	22.35536449524003	24.17774454989682	27.13056480475159	7.69163911136955E-4
71.0	24.33892436946418	22.343170784297627	26.184741297880553	27.132166016864424	9.975314932202388E-4
72.0	27.327628665724585	25.312889817674648	21.899448712460508	25.45803816511622	0.001994639024038469
73.0	25.679246628983798	23.229425467922898	23.14167434361162	27.94466770014582	0.004985859335868196
74.0	24.838431859159055	25.827972014028262	22.6745269525645	26.657918813686837	0.0011503605613452776
75.0	26.303568128329612	24.995839778162402	21.2008739149873	27.497187536665553	0.0025306418551291894
76.0	27.313926230721275	23.365281463821983	24.63773672583167	24.681751991614096	0.0013035880109777448
77.0	25.75254195442002	23.939187847383824	22.944181663577957	27.363015090326503	0.001073444291691618
78.0	27.378296278236014	26.431869377140078	19.690954508025154	26.49803645553005	8.433810687018218E-4
79.0	27.54798971435406	20.050186224165135	23.594808723478966	28.804408659692015	0.0026066783098297837
80.0	24.26622387502482	22.614341205610636	29.145747904674074	23.970467269372325	0.0032197453181453347
81.0	25.666151529925457	24.242702996072083	22.413200992251483	27.677177909219413	7.665725315597912E-4
82.0	22.56770802991326	21.89108765173559	23.552015526931438	31.98773237506247	0.0014564163572420687
83.0	25.50856317680676	22.84425932966238	23.239459290418317	28.406721771869364	9.964312431782784E-4
84.0	23.138043277488364	25.06623909842781	24.310228144546475	27.48418654095098	0.0013029385863729487
85.0	25.659581773118887	28.150151512596928	20.8977025570912	25.29172114324953	8.430139434506248E-4
86.0	28.248342092235916	23.11675931332656	21.722921350725464	26.910138104061588	0.0018391396504715096
87.0	21.63297612315859	22.841989282162327	23.55625638833083	31.9677821247799	9.96081568353416E-4
88.0	25.739345759449833	26.355339532089907	25.642809421946538	22.261739125104967	7.661614087563055E-4
89.0	27.10717424097905	25.47999757903938	22.8010054647823	24.61052029967815	0.0013024155211156033
90.0	23.0884259103208	24.518984742952924	26.166800984246542	26.225405327556146	3.830349235921935E-4
91.0	27.9799854609633	23.624862212369518	24.34928618538727	24.04456390933095	0.0013022319489586357
92.0	26.098872270005664	24.02364380185103	22.818091782499692	27.059392145643614	0.0
93.0	26.29260988285035	26.185532266897464	20.947384142862067	26.573937553376048	5.361540140702132E-4
94.0	28.883103833071782	22.315865579402956	21.763349348185557	27.033851767263066	0.003829472076638459
95.0	23.390830257836296	26.07258198538619	24.023416409407304	26.51072065041497	0.002450696955238786
96.0	26.654914315558287	23.40818692670913	23.409641931081804	26.526108138988143	0.0011486876626350282
97.0	26.457127499182604	24.672333433130905	23.11388332260063	25.756349460978257	3.0628410760679553E-4
98.0	28.62166625704304	22.27954400850792	24.16787065387416	24.93091908057488	0.0
99.0	21.141189780362605	22.083455166997595	27.815123091549005	28.96015541638026	7.654471053086818E-5
100.0	21.754584426230135	25.481518786599445	24.06970149470779	28.694195292462627	0.0
101.0	24.56404447947837	21.09591557164395	27.923500195152563	26.416310162474076	2.2959125104272693E-4
102.0	24.248952493925422	24.178238659192225	23.970459372070334	27.60227294468785	7.653012417012647E-5
103.0	25.936107927287416	24.986342289017056	25.95194628120041	23.125526988708096	7.6513787019283E-5
104.0	25.521167666526146	26.777157450897732	23.07973040901534	24.621485412967083	4.590605937030659E-4
105.0	28.02587342709671	23.126403045804903	20.275245643002407	28.567887141176058	0.004590742919926732
106.0	26.04507610360557	23.252952868861865	24.071217734198193	26.630523766022918	2.2952731145479003E-4
107.0	27.61591521839587	23.747203682111827	21.743724159880525	26.892085846576634	0.0010710930351410324
108.0	24.106849185138042	23.899940183793326	25.560490095139894	26.432644044615856	7.649131288159604E-5
109.0	25.69584074877688	24.595512569989424	26.31977049664288	23.38803489662483	8.412879659874924E-4
110.0	25.486718760754158	23.95930359718392	23.171009625017398	27.382815069048373	1.529479961518284E-4
111.0	25.979956946818234	21.851363287030136	24.14373492087162	28.024027193093136	9.176521868798678E-4
112.0	26.319761729070045	23.085210914888492	24.843567793661656	25.751306628535158	1.5293384464215392E-4
113.0	29.11258448290232	21.175263360322493	22.904873723915344	26.806207940150284	0.0010704927095623292
114.0	26.403605562807158	22.033068834653534	26.770722695424304	24.792297039893498	3.058672215098065E-4
115.0	28.416271253837834	22.86899568327719	26.07782336230266	22.636221471968064	6.882286142516851E-4
116.0	25.147928541605815	25.267754866080512	25.174921963775287	24.40931815992035	7.646861804384099E-5
117.0	26.041993249391698	26.659779435267417	22.748815890693365	24.54849380684451	9.176178030088687E-4
118.0	29.607145178495642	23.04442413791785	25.10271576427946	22.245485515031717	2.2940427533101127E-4
119.0	26.8555903233404	21.543842584520892	24.219560090661332	27.380242314127447	7.646873499301077E-4
120.0	24.67271982063823	22.867555522929493	25.201109082177915	27.258462639591112	1.5293466325316498E-4
121.0	27.612756901755464	24.889370803374046	24.08982777249728	23.40720338108212	8.411412910907079E-4
122.0	28.584100165014735	23.17508843352231	23.330086055413755	24.910419479997124	3.058660520798127E-4
123.0	25.821130626945106	27.202183870252416	21.62199775189827	25.353540760225425	0.0011469906787890836
124.0	23.998146471566997	25.46926996672213	22.398637075462467	28.13387002055398	7.646569443085054E-5
125.0	27.276654768786567	23.941960366907377	23.37711692037596	25.40304451152932	0.001223432400771986
126.0	24.791745362730868	23.378580702781978	25.651985740655498	26.17745879639754	2.2939743411323361E-4
127.0	26.74842713434123	23.422164177506723	26.310517478154217	23.51759132102364	0.001299888974188793
128.0	26.60006010189795	22.977276741712476	23.787428915741877	26.625676050770046	0.009558189877647524
129.0	23.87040880152075	26.979814555114263	22.717151434422156	26.428878384185644	0.0037468247571828157
130.0	27.41554750268974	23.975891361249538	23.250215829208553	25.358268839462067	7.646739009915527E-5
131.0	25.507897570166637	24.240753541977636	24.70567634032349	25.544678469180514	9.940783517263317E-4
132.0	25.461235707179654	26.293360209277555	21.56626294124889	26.67310017228235	0.006040970011554311
133.0	28.054451232241295	24.81359047944582	23.27765708600875	23.852007166567642	0.0022940357364887027
134.0	25.582524568803354	23.227956897158187	21.382046803838026	29.807242329608886	2.2940059154765872E-4
135.0	26.552746942679985	22.886562779341517	26.624854809319427	23.935376669931784	4.5879872729233053E-4
136.0	27.223746059031743	26.479942067862268	24.580248169165515	21.709563926079937	0.00649977786053312
137.0	27.652588298536955	21.459513317137592	25.010265715721115	25.877326799979507	3.058686248376029E-4
138.0	25.95227936892425	23.441693389669553	26.454931789439556	24.149489777973518	0.0016056739931277152
139.0	26.32504929820309	23.170270144213013	25.397119103999906	25.106261617286908	0.0012998362970875255
140.0	28.80779232496668	20.649294147421994	25.39562993032081	25.146977752052795	3.0584523772203407E-4
141.0	26.392328648972686	23.616044018054374	25.601016036524708	24.390381908310502	2.293881377276964E-4
142.0	28.921878225763287	21.972733459241645	23.370086326204476	25.734996138641876	3.0585014871963484E-4
143.0	27.803133585302685	24.084380933010458	24.807257206779777	23.30492242499222	3.0584991485902997E-4
144.0	28.55704259222019	24.19222508279038	22.733845075128784	24.516428471480424	4.587783802217581E-4
145.0	28.706549831016503	21.337416464039393	21.89108592925632	28.063418513251058	0.0015292624367267667
146.0	27.17750772103494	22.471633464368544	24.852977272362327	25.493217188373375	0.004664353860823327
147.0	27.491529804155157	22.764277374350158	25.90094515992632	23.838736340829517	0.004511320738847289
148.0	24.96268519764611	24.44654807492323	23.78734538825746	26.802809621101826	6.117180713752646E-4
149.0	28.18277261928157	25.64065311328394	23.726091880281427	22.4478060694298	0.0026763177232641596
150.0	25.109215552080506	24.326794037018203	24.140288361174093	26.4237020497272	0.0
151.0	27.862659631413933	23.506155846142082	24.27743366215493	24.35306262904336	6.882312456985547E-4
152.0	28.073314796631582	23.455963097892752	22.15044093491048	26.320204699023304	7.647154188040462E-5
153.0	26.02761410605927	23.672347275487223	23.66401180730539	26.63510914492626	9.176662218534564E-4
154.0	24.232918416305267	23.676500840055947	24.801954038195205	27.28602662331157	0.00260008213200617
155.0	27.098648387143655	21.757670370452523	25.279007741312725	25.864520525837136	1.5297525395804347E-4
156.0	27.3577494781464	23.33903694394577	25.105116498222753	24.197867609432453	2.294702526238011E-4
157.0	25.08352761918749	22.024137340211357	26.87478200209278	26.017017605052047	5.354334563300473E-4
158.0	25.602969737348364	21.17620691475162	26.41791878199769	26.80282807359478	7.649230755109112E-5
159.0	27.571815626945796	20.999138686734398	24.346174499313854	27.08195326878328	9.179182226655428E-4
160.0	28.042998678187647	20.40249492081365	25.178995422612783	26.37551097838592	0.0
161.0	24.669012468446418	18.91838139677197	29.410387822229023	26.997093245620746	0.005125066931844259
162.0	26.07435149551319	21.77128489218429	24.79390366387537	27.36038345354504	7.649488210991243E-5
163.0	25.296638920954173	22.480146936764715	28.90121011697262	23.321851029926663	1.5299538183439934E-4
164.0	26.668548574645957	22.14539039645528	25.466345977306943	25.71742004186098	0.002295009730841259
165.0	27.953700445246877	21.027969460042538	26.90255060666799	24.114861453249077	9.180347935186744E-4
166.0	25.790052306753058	22.83579566015376	24.950022836866736	26.424052690810246	7.650541620093995E-5
167.0	26.53746516976345	23.591221173723504	25.680576318958515	24.19012527408967	6.120634648606714E-4
168.0	25.585781341453618	22.911519760676043	24.737436066150735	26.76518632150358	7.651021602659495E-5
169.0	26.929551126964668	20.80619023353395	25.701971442168936	26.561675090783055	6.121065493870519E-4
170.0	31.02251998579876	23.314367738697158	22.654958804157534	23.008076956037364	7.651530918306135E-5
171.0	25.011879301703654	22.740005891827575	26.45407626473435	25.79296730035695	0.001071241377463377
172.0	27.368775441496034	24.487956416613105	24.440440118752488	23.702751507360816	7.651577755333149E-5
173.0	29.354743189610517	19.89652140845351	22.00748773659327	28.73971736969724	0.0015302956454672262
174.0	25.914159418659725	23.95802009471188	24.05687916009583	26.070635261314656	3.0606521790695773E-4
175.0	25.246921704318336	24.01636860582206	23.84229148238722	26.892581789466917	0.0018364180054664043
176.0	25.390040639675064	22.79762574310308	28.137790765741467	23.67293593531321	0.0016069161671835581
177.0	23.634532636152638	25.884401972165318	23.42837815190999	27.02689879835046	0.025788441421593575
178.0	25.271133492933888	22.120208444751505	25.072895219863916	27.53560982178448	1.5302066620607446E-4
179.0	27.223882195858184	23.924738793265053	23.707739217929248	25.141879923330894	0.0017598696166162297
180.0	29.28063413279916	21.441093780915583	25.542695524535375	23.735499871928	7.66898218802197E-5
181.0	30.474907210815033	21.35098904792196	24.772506317030928	23.400369698815933	0.0012277254161413664
182.0	26.78223206874702	21.525558431436327	25.540327195791225	26.15172887825819	1.5342576724390554E-4
183.0	23.20070636193685	23.1429424025051	26.786751264401676	26.86898627703227	6.136941241088969E-4
184.0	25.166755270387103	20.904417681773793	27.237090514645697	26.687133742521425	0.004602790671984424
185.0	25.485470405404993	25.140064616885688	22.521408562197585	26.852366064168926	6.903513428100675E-4
186.0	26.46522310113959	22.48301657533154	24.818812786508992	26.23294753701988	0.0
187.0	24.367709844018588	22.850274888735512	28.043948417192123	24.737145563969115	9.212860846646556E-4
188.0	29.423697060901077	26.473234851509474	21.84668775529007	22.25614999539326	2.3033690611467706E-4
189.0	25.152569650694588	22.561112322590752	25.239335481235546	27.045370083141627	0.0016124623374868317
190.0	29.29016483828708	19.389654489243966	25.491496998263003	25.828453302985764	2.3037122018420485E-4
191.0	26.259713770635035	23.448104007334166	24.421250007691032	25.870547662849862	3.845514899062925E-4
192.0	27.84533913785876	21.615139966234274	24.468151384279324	26.071292596538054	7.69150895868506E-5
193.0	27.019076696798294	22.72333904888062	23.162197693318966	27.09484808413778	5.384768643415236E-4
194.0	27.68653088102704	22.602108482858576	24.499804599151314	25.211556036963074	0.0
195.0	27.412401348364057	20.57332402825686	24.777843863997127	27.235815208567853	6.155508141044236E-4
196.0	29.129417142927743	21.851483764651736	26.959890593158363	22.059054057080285	1.544421818664801E-4
197.0	26.72470452669049	24.330797266268505	22.393953600090207	26.549926744707818	6.17862242978961E-4
198.0	28.101311268147256	21.947086573719083	23.024064289046922	26.92746049443947	7.737464726832677E-5
199.0	25.13117668740921	24.040567203659936	25.325154020325417	25.502560036178128	5.420524273107695E-4
200.0	28.658850133201163	22.359286909113436	23.50690787435723	25.474955083328172	0.0
201.0	25.16115091532481	20.065738265975103	29.74215079063276	25.030650234165464	3.097939018619388E-4
202.0	25.23731848698621	26.570763353812122	27.44661108580953	20.745307073392137	0.0
203.0	26.524974124092793	24.434138843610356	21.515506950857468	27.52476029923085	6.197822085319218E-4
204.0	24.889435041731105	23.176801658706818	23.938204493260727	27.99555880630135	0.0
205.0	28.009242399118534	23.245935529462084	25.302074890707544	23.44197233169117	7.748490206683228E-4
206.0	25.093748474335122	21.09466600435052	26.295526808692664	27.516058712621692	0.0
207.0	26.722890464354006	23.916351018174687	26.530827367208676	22.829698628353256	2.3252190937691106E-4
208.0	28.762314679004348	21.044263072863206	21.375522899023508	28.817899349108938	0.0
209.0	26.348754911964566	20.656148523541763	25.392181796189522	27.60237200978826	5.427585158811141E-4
210.0	25.46836927305242	23.611410544144356	24.719071497370244	26.20091603242873	2.3265300424824386E-4
211.0	25.948011508867086	26.334795084606	24.446257950357346	23.270470012636792	4.6544353277847293E-4
212.0	29.250158116723124	21.151632967433777	23.628031863914853	25.969944242029168	2.3280989907690873E-4
213.0	30.90914455834872	21.17118306355051	22.634268915210594	25.285092861923893	3.106009662796061E-4
214.0	28.198136380979616	24.027878907503666	25.08060373734022	22.693303265102177	7.770907432173577E-5
215.0	25.506961147068015	24.426540011110408	23.272335157279304	26.793852032090854	3.116524514192263E-4
216.0	26.125451293457964	24.521317153334795	25.600632718558643	23.7525988346486	0.0
217.0	30.917162939419075	21.475005586298977	25.064152977914834	22.54336041528666	3.180810804578141E-4
218.0	24.641068232963033	22.589077619822557	25.98647527920929	26.783378868005116	0.0
219.0	28.94723384566681	21.353631858565116	23.961134628575138	25.7375126324633	4.8703472963484566E-4
220.0	27.696278738111594	20.74988522663263	25.06080546484028	26.492786371761518	2.441986539770193E-4
221.0	25.50790474645323	20.671153698031638	24.55428767147982	29.266490004146164	1.63879889151643E-4
222.0	26.257986907210277	24.560663341592353	24.268886832160806	24.912380356357037	8.256267952222629E-5
223.0	29.850326060790827	21.890844392912207	24.26143836580614	23.99680811099644	5.830694943871232E-4
224.0	30.745519533664044	21.090093701458134	23.99500592941491	24.16938083546291	0.0
225.0	32.0034500187337	19.298395607177312	23.417463163338606	25.280020653173374	6.705575770072512E-4
226.0	25.15948078278892	21.61973454029308	25.426862508472613	27.793837123367243	8.504507814367005E-5
227.0	29.055519591888316	23.196909245184237	24.872099730831295	22.87443980498809	0.0010316271080655186
228.0	27.86790731555331	28.515735244998236	22.717131535997776	20.89913959543983	8.630801085064313E-5
229.0	28.061618554957533	25.44751124989321	21.581313931735245	24.909556263414004	0.0
230.0	26.565449539508982	21.596808669721945	27.165803154385443	24.67193863638363	0.0
231.0	25.910268612049066	24.914066643215417	24.62765188107002	24.546495079701515	0.0015177839639874506
232.0	24.90361766532898	25.89527334397625	23.72157270154687	25.47926737772822	2.6891141968198533E-4
233.0	22.07693449740546	25.548510448766464	23.58993253837491	28.783898289740982	7.242257121854597E-4
234.0	27.599397476448356	20.246433239523405	26.37479510786297	25.77808279072084	0.0012913854444256887
235.0	25.485381852387924	20.786988173527103	28.763161652104046	24.964375001749755	9.332023117287667E-5
236.0	29.704512912674698	22.632881893409827	24.084081120651454	23.578334299597582	1.8977366643672423E-4
237.0	29.332293106323597	23.261820921214305	22.77627515665704	24.629514971793107	9.584401195366516E-5
238.0	28.16031011726503	22.223063806316542	25.37919837172899	24.237233492975363	1.9421171407374606E-4
239.0	27.98834648883516	22.59501595537989	24.702774626824663	24.712979789852145	8.831391081472527E-4
240.0	26.698230013788443	20.185500826100764	25.542392436052562	27.573474728552533	4.019955056902464E-4
241.0	27.750816795344846	21.643290606073716	24.20209634914869	26.40208568326553	0.0017105661672148864
242.0	26.30184137706314	24.35918000058511	20.863761501671092	28.474107431988692	0.0011096886919695864
243.0	28.747479523018672	24.22718842055497	23.760369818121575	23.26273977363187	0.0022224646729138127
244.0	28.439711431023596	22.846258481369325	25.113557236085697	23.59956196460091	9.108869204734993E-4
245.0	28.057630628070317	21.404835370062116	23.405870650805895	27.1297348869311	0.0019284641305671714
246.0	24.244383647434276	26.093304093834796	23.885904955362996	25.774475625787286	0.0019316775806449973
247.0	27.362386747451023	21.74479525080973	25.509974176328882	25.24184841617196	0.1409954092384107
248.0	28.788396792625935	22.475601280581955	23.111401853516856	25.614292551948374	0.010307521326873953
249.0	24.87076934106959	21.24186387123536	29.89015265963712	23.980724224283176	0.01648990377475406
250.0	27.988036976617725	22.07044435552546	22.941303210317336	26.999292068084586	9.233894548924252E-4
