# Position (bp)	A	C	G	T	N
0.0	24.717838776379036	23.2363112830608	24.70048067456481	27.345295610683557	7.36553118001211E-5
1.0	23.246662225926645	30.589153402770066	23.443877089060656	22.648116706954717	0.07219057528791803
2.0	24.525696664112314	26.2944272974127	21.891080936783723	27.288184790508247	6.103111830247559E-4
3.0	26.516127820438417	21.69557694564116	23.653665030088497	28.128239035548315	0.006391168283607848
4.0	26.10522441358499	23.28948170248655	23.774165319917024	26.831055437334093	7.312667734316156E-5
5.0	29.092279297179367	23.333528128408915	21.968428588125292	25.605009155368553	7.548309178743961E-4
6.0	26.43647797794526	23.750875771547747	23.596948973533777	26.210132193811674	0.005565083161540755
7.0	26.67074363814153	24.86989795361422	22.72742599411354	25.731447252907998	4.8516122271301666E-4
8.0	28.0037012007102	24.0789024292763	23.615622555039618	24.30174959245614	2.4222517736938614E-5
9.0	26.80584181723507	24.904210113574774	22.15904723088058	26.130707445478933	1.9339283063767902E-4
10.0	24.707667136286425	24.20800878405518	23.405154642412292	27.679145283992746	2.415325335869103E-5
11.0	28.068074031354108	22.585060264492924	22.1866144262509	27.160180860375423	7.041752664071076E-5
12.0	29.23919105311088	23.815709702139685	19.395651509147967	27.54944773560147	0.0
13.0	25.819576648567278	22.186293744154128	25.313908024874404	26.68008440232813	1.3718007605720685E-4
14.0	27.525320661986143	21.501465909234955	22.66876065025162	28.304362234411474	9.054411580954589E-5
15.0	25.78394522949658	23.72204135084406	24.05452349111617	26.43946755424034	2.237430284469124E-5
16.0	26.88688847744079	24.91547353198603	20.840354739369296	27.357129196585355	1.5405461852445167E-4
17.0	29.05735208330107	26.415303353346374	18.860960109856638	25.665330456135642	0.0010539973602743664
18.0	26.23617326023186	25.482982194659808	19.296740994854204	28.983996693422192	1.0685683193429245E-4
19.0	24.772911575311795	24.270980350967015	22.134620561086265	28.821083535286572	4.0397734835221895E-4
20.0	23.35395204363051	25.312374620580663	23.105064342899574	28.228566826400353	4.216648889977721E-5
21.0	24.209663540953542	23.97350785406081	23.040588211895297	28.7760310352119	2.0935787845100293E-4
22.0	23.071842824871204	26.90550074844905	25.444036969323946	24.578557328215	6.2129140803686E-5
23.0	26.139198647670796	23.151032558661008	22.33589643024744	28.373604436701594	2.679267191569459E-4
24.0	28.81088724435233	21.244623510665303	23.74247495389396	26.201973511837707	4.0779250701657984E-5
25.0	25.286589284733864	24.37730716687175	19.08035077010525	31.25555092641934	2.0185186979424028E-4
26.0	27.080496325608372	25.054101934009804	19.129716681233795	28.735584619281685	1.0043986635069624E-4
27.0	26.095380961310084	24.504155708449726	19.256812525141793	30.143590705188306	6.009991009053451E-5
28.0	27.79797161706194	23.11308895606887	22.778604484742747	26.30771977004713	0.0026151720793134146
29.0	28.693320499022807	22.880626190826227	21.490488994689947	26.935250262185413	3.1405327560510705E-4
30.0	24.3096357226792	23.65994307142757	24.691949007729363	27.33819910331256	2.730948513037548E-4
31.0	26.854383547385314	23.88378119315013	21.816892732693173	27.444457045383576	4.8548138780874677E-4
32.0	24.523294285488625	22.28617351171368	24.10832726243407	29.08201277262117	1.921677424537169E-4
33.0	23.937930060011784	25.06576464274955	24.500514348632016	26.495695734124602	9.521448204654768E-5
34.0	26.754413205248706	25.995374561067518	22.744692647681514	24.505387441391505	1.3214461075577844E-4
35.0	25.87874551174097	22.059580528852894	25.37426613109735	26.68723960621076	1.6822209802862392E-4
36.0	25.054826813747937	23.73015048989327	25.28040852698876	25.934408755558312	2.0541381172591673E-4
37.0	25.893901015523596	24.9293953396164	20.758078164385235	28.418513476254454	1.1200422031902162E-4
38.0	27.62094911651954	25.26244437713307	20.565311039208627	26.551202151923516	9.331521525114018E-5
39.0	23.92912040895	27.015930853475627	21.403690715516955	27.65107143003751	1.8659201990712943E-4
40.0	27.409264635810416	25.281481213379458	22.021037910552128	25.28810430075309	1.1193950490649507E-4
41.0	24.984773367075366	23.401576630396967	21.136114812449854	30.472796979036026	0.0047382110417852384
42.0	25.097510291017226	25.44914608198978	19.46335439131587	29.989821363720893	1.678719562249626E-4
43.0	26.00412656156486	25.516533568923705	22.306334997498066	26.169312116025644	0.003692755987719908
44.0	30.184030683715164	24.264477721934053	21.93194549493304	23.619303678972674	2.42420445069019E-4
45.0	26.27797625473515	24.055090267394792	20.932597449016406	28.73068159168638	0.0036544371672667586
46.0	25.761496508289017	24.012191998055126	21.58089549923693	28.645397351079804	1.8643339126440245E-5
47.0	25.868878239232508	23.09402302741711	23.015971253384357	28.01944974897416	0.0016777309918671057
48.0	22.815340035592165	23.327624921967445	22.57940685941096	31.27762818302943	0.0
49.0	21.789817436221558	25.69515586807886	23.97356553703877	28.539784176066775	0.0016769825940386623
50.0	28.256678282799676	23.184674902296297	19.922109058497018	28.636425967274103	1.1178913290386433E-4
51.0	25.593428030458266	25.735898446610477	21.075711253001973	27.592577827817944	0.0023844421113340727
52.0	23.109890626693304	25.111675501505765	21.564566758909365	30.213867112891567	0.0
53.0	23.19029890192555	24.015459024645192	23.44737436575008	29.345402520344777	0.0014651873344013744
54.0	23.65533927107006	27.90875968857111	21.781180072319568	26.654646786511872	7.418152739023081E-5
55.0	24.925193564426763	27.22417809111143	22.12603811502581	25.72305488469006	0.0015353447459392907
56.0	27.588766343420367	24.69064718927387	24.328497894244265	23.392088573061493	0.0
57.0	23.5035134262911	27.344693057203333	22.477957284059986	26.668750340985902	0.00508589145967859
58.0	25.811258342439107	24.61802442091809	21.590956371616173	27.979538960908073	2.2190411855893246E-4
59.0	28.735078104198102	21.360795538593532	24.254034643945445	25.647521523031863	0.002570190231058253
60.0	24.443322958149405	22.400595560907842	23.14619115319597	30.00983495077171	5.5376975065963206E-5
61.0	25.699433513302804	23.252422131150567	22.56398907632325	28.478378192809245	0.005777086414138469
62.0	26.06777821662305	20.976309737812507	24.188429495816	28.76727953254366	2.0301720478530007E-4
63.0	27.14351968136143	22.743507353346917	22.153718898753965	27.95678108159134	0.002472984946350068
64.0	25.74400217489885	21.175259494092888	23.365059203738	29.71562387069372	5.525657654564617E-5
65.0	24.53634494635744	25.82845172795662	22.886762287013166	26.74354209052851	0.004898948144265551
66.0	24.671739726960823	23.11164477282647	22.94702200188214	29.269077843605608	5.15654724962661E-4
67.0	27.582939767591498	24.5508046935454	21.042854990897315	26.822774427624722	6.261203410661651E-4
68.0	23.964593361347323	21.648485808250257	26.319996611804914	28.066740077560205	1.8414103730329134E-4
69.0	23.322252908772562	23.52921680185914	25.16795101510818	27.97779888744018	0.0027803868199353368
70.0	26.358653286110144	22.30135447982915	24.42069843445724	26.919073176328006	2.206232754613968E-4
71.0	24.70871646129945	22.24036998717623	25.87780879573484	27.17233510974969	7.696460397863022E-4
72.0	27.916933341713023	25.326894898363594	21.64688003479892	25.107679306865364	0.0016124182590976576
73.0	25.994993246892584	22.00175588121273	22.49253787126518	29.507177054531255	0.0035359460982575296
74.0	25.349634496965056	25.08943627076076	22.738328037714453	26.821831810900154	7.693836595733768E-4
75.0	26.73425511387439	24.24800113276318	21.25456819173885	27.76125220887904	0.0019233527445419371
76.0	27.6707762577151	23.415510500741473	24.816482471410904	24.09642482430381	8.059458287174618E-4
77.0	25.271033124734306	23.492602326440537	23.709296952226993	27.526353279092824	7.143175053395234E-4
78.0	27.706569377823932	25.66828387389813	20.087508676692252	26.53703367930213	6.043922835588816E-4
79.0	27.6715279138638	19.968480950296602	22.715967759363682	29.641587563802723	0.0024358126731853654
80.0	24.363472006833195	22.538863424757583	28.143924881748678	24.951322283113118	0.002417403547429824
81.0	25.274538720924717	24.72847381102506	21.550994291206173	28.4456269115614	3.662652826478343E-4
82.0	23.048244493607058	22.039763850974648	23.523523798484064	31.38740573935378	0.001062117580444877
83.0	25.535253061930796	21.813161106497603	23.29343537785558	29.357417989146704	7.324645693154112E-4
84.0	23.75730647488759	24.90252082653184	24.59421290019103	26.744842873368352	0.0011169250211895325
85.0	25.372190161337482	26.775463929719496	21.230681458026382	26.621023619754958	6.408311616785895E-4
86.0	26.32474435561063	25.104286359798195	21.694657008460815	26.874518023451248	0.0017942526791121893
87.0	22.77841621959974	21.118353565846583	25.02514150736999	31.07742961796809	6.590892155977857E-4
88.0	25.342326317770503	26.092299040043702	25.34397396569817	23.22070500291817	6.956735694571476E-4
89.0	26.515392133692554	26.144613801250436	21.99696369634547	25.34220657958544	8.23789126093374E-4
90.0	23.824035888000473	24.77820330443897	25.075341772392886	26.32229089511865	1.2814004901906046E-4
91.0	27.58456260431551	24.840774124957854	23.583661267063448	23.990416244279235	5.857593839568559E-4
92.0	26.20939296883666	23.41636285028878	22.42366213105026	27.950563745795108	1.8304029192730078E-5
93.0	26.970674487877037	25.622200249879473	20.851427874849406	26.555459441808942	2.3794558513930982E-4
94.0	28.710894566672675	22.745042412550713	22.718795957606666	25.820856048078234	0.004411015091711593
95.0	24.34866497138061	25.81043739332015	23.442222579321488	26.396497075832876	0.0021779801448741144
96.0	26.666551976070174	23.778142510142796	23.429605108075148	26.12471211440167	9.88291310210733E-4
97.0	26.089943513081522	24.934327963788053	22.774278888650166	26.201321529630466	1.2810484979340348E-4
98.0	29.31337499798704	22.00908614452628	23.703725663289283	24.97379489454275	1.8299654648917465E-5
99.0	22.237756224121433	21.698420801291025	26.323308504545846	29.7404412827536	7.318728809992992E-5
100.0	22.51667781783906	24.285295839048423	24.284820153269617	28.9132061898429	0.0
101.0	24.21685893975171	21.242378245391546	28.27836754452034	26.26230379738962	9.147294678451554E-5
102.0	25.559609296685366	24.14702657447775	23.96706900977417	26.326240231639563	5.488742315074666E-5
103.0	25.6915781965282	25.504737606329275	24.737397773243615	24.066103480013474	1.8294388543907539E-4
104.0	26.488039103805868	26.536518222385975	21.86477765189468	25.110372317801293	2.9270411218177805E-4
105.0	27.661152107860644	23.038223817859297	20.196062360593164	29.10139670282707	0.00316501085982917
106.0	27.0510890923916	22.91342894102749	23.84904055994001	26.18629505153255	1.4635510835126031E-4
107.0	26.74646473775085	23.64632998269003	22.117502168777143	27.489081108057604	6.220027243719327E-4
108.0	23.92047873152901	24.243055069016226	24.830438884186606	27.005917558093103	1.0975717505519414E-4
109.0	27.012203542987695	24.156997030285236	25.112043396065932	23.718225561131582	5.304695295558416E-4
110.0	25.468947833794825	23.881155860608676	22.18747450624892	28.462275467502806	1.463318447726424E-4
111.0	25.279726355646204	23.22475969233302	24.020596493474425	27.47433212303021	5.85335516147029E-4
112.0	26.12750866906329	23.215767946031036	23.226925512452393	27.42963325262084	1.6461983244627632E-4
113.0	29.240480907675558	20.943356608566376	22.671403654582274	27.144082081777427	6.76747398363515E-4
114.0	26.959586237524917	21.64477388186566	27.408617881003778	23.986729339770385	2.9265983525446224E-4
115.0	28.068781041128908	23.034664724253343	25.631038906375448	23.264966555015704	5.487732265981603E-4
116.0	27.50937854645152	23.80595939219263	24.308105829954716	24.37642818415097	1.2804725016701018E-4
117.0	26.282551865394453	25.928334448265762	23.874151476055296	23.914321970168835	6.402401156529744E-4
118.0	27.76354222763352	23.73187955114847	24.436045388559787	24.068221861902643	3.109707555784495E-4
119.0	28.035429965434176	20.95022346319662	24.271915344472834	26.742028788264598	4.0243863176718856E-4
120.0	25.41674822059988	23.424003014599222	24.834754963204695	26.324402339241193	9.146235500930173E-5
121.0	28.26432886535234	23.2017999972561	23.654945647948708	24.8783767097916	5.487796512505317E-4
122.0	27.373078124048224	23.232850942492302	24.116670133090558	25.276906903561525	4.938968073961597E-4
123.0	25.432940659983906	27.658538816126438	21.61908246140338	25.288834418672717	6.036438135655227E-4
124.0	25.66755876322528	24.431592546923785	22.098367684629874	27.802334669923358	1.4633529770178587E-4
125.0	27.04579896452288	23.431104005911784	23.84928238198149	25.67302811665168	7.865309321580489E-4
126.0	23.985226285607464	23.99435376614663	24.294810670628372	27.72548123680837	1.280408091666976E-4
127.0	27.155092231422977	22.1741179862021	27.297508735494723	23.372201856828795	0.0010791900514042002
128.0	26.381540775838797	23.165725628551755	24.07020507728902	26.373291296964414	0.009237221356016779
129.0	24.555592951238875	26.129180949175606	21.754965191528903	27.557224541161062	0.003036366895552637
130.0	27.106819004109393	22.76601769238114	23.746448225768273	26.380660202897904	5.4874843286593384E-5
131.0	26.202325759208158	23.955294235575035	24.122627148685936	25.71916752058645	5.853359444194253E-4
132.0	27.219095857009716	25.352056770280296	21.329206714170347	26.093330004234538	0.006310654305100929
133.0	27.37545639906193	24.992550733210887	24.250038549612665	23.380234904785656	0.001719413328855542
134.0	27.579878657643086	22.257500487926585	20.488380213612153	29.67416747469504	7.316612313382944E-5
135.0	27.15073696856447	23.05577007005143	25.925852083891975	23.867275054571635	3.658229204887541E-4
136.0	28.255048092048753	26.16665105790801	23.82820902664269	21.743799542565817	0.006292280834736903
137.0	29.39784913193739	20.744678710562024	23.473157683132364	26.384094975637467	2.1949873074858945E-4
138.0	25.28444102213305	23.34216143351764	26.817969817408304	24.554366891697867	0.0010608352431416088
139.0	26.78552648401167	23.105161820267906	24.928919505146236	25.17949596818813	8.96222386062242E-4
140.0	27.85288432555186	20.56119022326014	25.556613961001908	26.0290371339356	2.7435625049384123E-4
141.0	26.104302490538206	24.514929986764834	24.752855730813213	24.62761914029205	2.926515916954258E-4
142.0	29.372526381906333	22.336686790335225	23.4016572303818	24.888928397272895	2.0120010374608983E-4
143.0	27.821777179954953	24.575737034697177	23.66723575269889	23.9351219974371	1.2803521187815584E-4
144.0	28.56867711934516	24.520036881477555	22.593508281962222	24.31721070382275	5.670133923076037E-4
145.0	28.75027069975154	21.797146385646183	21.981112473551903	27.470446171720216	0.001024269330157123
146.0	27.721702562425477	21.69958109573562	24.368310184130948	26.20565066241306	0.0047554952948946645
147.0	26.83863484309826	23.731601031684686	26.34735554896314	23.07886037689193	0.003548199361982544
148.0	24.690136890843064	24.271956352955055	23.094232367839385	27.94316227083884	5.121175236557144E-4
149.0	29.104508323028355	24.157642149744824	23.436918430097116	23.299010630423375	0.0019204667063319248
150.0	26.16835113645696	23.867763588565396	24.619213253198698	25.344653731211704	1.829056724353287E-5
151.0	27.255483691596304	23.760151597184624	24.75193520537321	24.232008809025594	4.2069682026368545E-4
152.0	28.035708243058227	22.976449058319012	23.05144331942891	25.936198175078673	2.0120411517289378E-4
153.0	25.0834129767746	23.141643383344842	24.29946543627077	27.47480142489357	6.767787162239406E-4
154.0	23.77016555344105	23.712272699669068	24.121565115467433	28.393600434315296	0.0023961971071498863
155.0	27.91921213446107	22.83432560462387	24.12158608521307	25.12472982750121	1.4634820078607277E-4
156.0	27.02949965561935	22.626842299273644	25.83948843237745	24.50391349963001	2.5611309954475897E-4
157.0	25.36333230094267	21.952070851879625	26.322906797441842	26.361342463984172	3.475857516916907E-4
158.0	25.412493857642193	20.941259850183183	25.628660945873712	28.017438990790943	1.4635550997394505E-4
159.0	27.72376690868496	20.907731425190516	23.486556294225846	27.88143311224451	5.122596541735075E-4
160.0	27.034024744437072	20.48413108605667	25.50817572666773	26.973613556841308	5.488599720996181E-5
161.0	25.26247190953677	19.48451312821509	28.694525966171973	26.55450057566811	0.003988420408051999
162.0	26.248363434909532	22.574700185666437	24.617927459092275	26.559008920331756	0.0
163.0	25.604236406190306	23.262287451496423	27.3475659290073	23.78581873163963	9.148166634221169E-5
164.0	25.76292038680334	22.435340202103664	25.467590463886257	26.332557118739242	0.0015918284674918436
165.0	27.670123902795336	21.412242290017	25.762837651401988	25.154228935829494	5.672199561886625E-4
166.0	25.195298383432764	22.610898722969154	25.27533353009708	26.91834127798966	1.280855113512125E-4
167.0	27.249226931600536	22.29915546657576	26.72881589471448	23.72247233303525	3.293740739785149E-4
168.0	26.597534504168753	23.747424836706557	23.401385839520618	26.253508425528054	1.4639407601731987E-4
169.0	26.453790960956518	21.936190724373734	25.323270024990517	26.286583589411748	1.647002674732344E-4
170.0	31.880142251378967	22.403109868565892	22.638670480679437	23.077930997503664	1.4640187204073777E-4
171.0	26.654218003372996	22.633686492785536	25.778267151925423	24.93313296402136	6.953878946875293E-4
172.0	27.557914307371068	24.805686862157735	24.124760716243998	23.51152834054577	1.0977368143055598E-4
173.0	29.616002766163163	19.084586598561483	22.2611554402581	29.03679161662296	0.001463578394289849
174.0	25.367321377802316	24.73240562159504	24.094690703599504	25.8050883272758	4.939697273396876E-4
175.0	25.24332595202988	24.286470442188442	22.507986755735086	27.960826337622635	0.0013905124239540648
176.0	25.340910608752804	23.31371680436295	27.280789725849814	24.063210563979325	0.0013722970551054115
177.0	23.034497196020887	25.702660001383414	23.65796761562411	27.580647109264607	0.024228077706984458
178.0	26.006779350884013	22.27052446192905	23.63547036893026	28.086859861393837	3.659568628347933E-4
179.0	28.198698454886394	24.008240703497542	22.30823876373344	25.48350450226568	0.001317575616945633
180.0	27.44153821666984	21.911935895032872	24.72834163516572	25.91787216567218	3.1208745938961934E-4
181.0	28.77409699745276	21.774759776916337	25.705235038511994	23.745264711911553	6.434752073598856E-4
182.0	26.376578650723744	21.978631344824993	25.302758774245014	26.34188414166759	1.4708853865882097E-4
183.0	24.152033299758504	23.96511012580816	26.130576299259477	25.751857372065373	4.2290310848494414E-4
184.0	26.875513492958387	21.404133393058494	25.80833077736122	25.9078665834045	0.004155753217398851
185.0	25.71279062669386	23.65837164473399	23.203286629094404	27.425109822746492	4.412767312573224E-4
186.0	27.11297842035641	22.733501202383216	24.942013832831407	25.211506544428968	0.0
187.0	24.63797115708829	22.51569372048503	26.977408781113365	25.868299882262548	6.264590507671359E-4
188.0	28.105248882052177	27.83881724178851	21.59382469723091	22.461777498347125	3.3168058128127474E-4
189.0	25.37784649519664	22.730165984509096	24.189178480800383	27.70205347550222	7.555639916629963E-4
190.0	29.59403459851768	21.124723666156463	24.697274489007004	24.583746087094347	2.2115922450517925E-4
191.0	27.38910197068764	23.365696246982708	23.57942219404381	25.665410331293682	3.692569921580893E-4
192.0	27.703430715848555	22.301878103235573	23.676576031429686	26.318059753113136	5.5396373051732635E-5
193.0	27.914037123741124	23.797064909296004	21.501116578475557	26.78757823990592	2.0314858139498806E-4
194.0	28.253668400291748	22.410491808607645	24.067184543986542	25.26865524711407	0.0
195.0	26.846989935509903	20.589043203804493	24.389989339395342	28.173423339796937	5.541814933307028E-4
196.0	29.390852462082805	21.594878875174896	25.84804971483972	23.166107828457505	1.1111944506949133E-4
197.0	25.59306380052814	23.38800083577595	23.119985714751444	27.898264283025746	6.85365918716343E-4
198.0	28.109593405132692	22.22013882133307	23.590269882513518	26.079867936311796	1.2995470892744295E-4
199.0	26.20289218759593	22.579099823819526	24.815196542620978	26.40234634439469	4.6510156888061215E-4
200.0	27.835456653148345	22.8606125647271	23.716123803440613	25.587769767173157	3.7211510785477316E-5
201.0	25.82079640542632	20.405974854879396	28.351682621234342	25.421229799548705	3.163189112377503E-4
202.0	26.272348369391068	25.197557371002937	27.1725542168585	21.357502825704024	3.7217043470623287E-5
203.0	26.874192208679943	24.140206604701017	20.917250708827282	28.067494170127112	8.563076646423677E-4
204.0	25.99138569004309	22.97445960424814	23.440473852208825	27.593550531110285	1.3032238966580685E-4
205.0	27.546535234511964	24.029488823649448	25.189015644060753	23.234159699600667	8.005981771682804E-4
206.0	25.956945951169807	20.462646307532857	25.376296513124057	28.20401812464923	9.310352404286784E-5
207.0	26.566189566191987	23.62763851560933	25.877515551409463	23.928414256285887	2.4211050333097493E-4
208.0	28.896510667530467	21.90052256351548	20.456403927031104	28.74652558780479	3.725411816335707E-5
209.0	27.800528390510433	19.64434523227329	25.16535724113159	27.389172968806854	5.961672778312776E-4
210.0	25.404856375907958	23.62980503167858	24.247873653879335	26.71707363792918	3.9130060495073526E-4
211.0	25.40086923573122	24.824957230612497	25.08491906386156	24.68841576299115	8.387068035709528E-4
212.0	29.339316756786594	21.457666073284194	23.829418357763203	25.37330047385447	2.9833831154313817E-4
213.0	30.500774975131396	22.495770658105748	21.85168684885485	25.15141305167073	3.544662372774605E-4
214.0	28.463013052108366	24.44421377438776	23.726937765384655	23.3658167387801	1.8669339120330613E-5
215.0	26.45808574139877	24.379959946235754	22.158049968417995	27.003548859305916	3.5548464156670687E-4
216.0	26.35070674450003	24.206925173832385	25.64483159538745	23.797479789481006	5.669679912550857E-5
217.0	30.11237702094188	22.07679884025451	24.60105166721036	23.209029338146298	7.431334469501803E-4
218.0	24.667229828754518	23.699225315769596	25.389172872501447	26.24404523364019	3.2674933424823145E-4
219.0	27.112210038601642	22.505142969003526	23.471553113523235	26.910414169950148	6.797089214514776E-4
220.0	28.393309724173726	21.240873094332517	23.74814712554387	26.61731907736309	3.509785867964195E-4
221.0	25.956715449363106	22.104081093463112	23.269950767150725	28.6690564024492	1.9628757385810685E-4
222.0	26.97963087082777	23.572842455501288	23.89675224417833	25.550675368452584	9.906104002600948E-5
223.0	30.563659385704085	22.14363854785595	23.914194692477505	23.377706226398693	8.011475637703446E-4
224.0	31.184323137493035	21.885071790973022	23.695579446387597	23.235005544316984	2.0080829354316997E-5
225.0	31.172588581535166	19.397325730036556	23.80594643186847	25.62311014791923	0.0010291086405777538
226.0	25.5445485096981	21.961953554437898	25.53069977182264	26.962696034706003	1.021293353647539E-4
227.0	28.040707309424235	22.95314010030863	24.874954863593597	24.129876409344934	0.0013213173286019163
228.0	27.98562493216812	28.308250494563175	21.951591016952214	21.754492053060254	4.150325624172659E-5
229.0	28.436453021626	24.900624983656286	20.653581234800345	26.009340759917364	0.0
230.0	26.10556215771637	22.483315550358142	26.848294710341257	24.562806503383683	2.1078200545588142E-5
231.0	25.949618842960987	24.361997657874674	23.301857502664472	26.38507099447035	0.0014550020295138603
232.0	24.814054102425985	25.250157894827417	24.2817721392641	25.653886794141282	1.2906934121287322E-4
233.0	23.03129957080202	25.48069891312876	21.446642121818858	30.040837810801253	5.215834491139927E-4
234.0	27.194740577774517	20.74118236676652	26.847077936714044	25.21596052825806	0.0010385904868647031
235.0	26.158180660114077	21.227400029273152	27.885251925918332	24.7288988236579	2.685610365381766E-4
236.0	29.408210809409987	23.522894289022954	23.32331908292361	23.745303979543202	2.718391002488234E-4
237.0	28.151253208360536	24.24154288270595	21.773647050867222	25.83332838304112	2.2847502516652404E-4
238.0	27.738350004962047	21.89400744376405	24.113002343612827	26.254547675321604	9.253233947431915E-5
239.0	28.076582524891574	22.528754352373205	24.147789075376053	25.245606793046342	0.0012672543128301754
240.0	26.05614003078963	21.179852413467216	25.84366793826532	26.920122415202425	2.172022754110372E-4
241.0	28.603686815222122	21.545824707978323	22.837966720607604	27.010057081385252	0.002464674806698213
242.0	27.123877413153124	23.987268672653798	20.34896137260077	28.539069291060226	8.232505320861894E-4
243.0	27.96456841220293	22.898602330685925	24.488453904273687	24.645513115475026	0.002862237362433717
244.0	27.544699759778663	22.562506758883146	25.448783765557582	24.443110556494542	8.991592860675268E-4
245.0	28.970530613576816	21.389700021697852	22.820199800457676	26.817718793385055	0.001850770882600976
246.0	24.799631928719855	27.161211219928934	22.141800143735153	25.89506358060561	0.0022931270104503162
247.0	26.42991653754343	22.39789560514562	24.354656974147137	26.680147344823386	0.13738353834042838
248.0	26.122563230736905	22.41582826767446	23.51188158431573	27.939049483050553	0.01067743422235218
249.0	25.122885695549986	21.46448508842809	29.384478604602045	24.0112779277299	0.016872683689984697
250.0	28.179117840645755	21.233369358029087	23.48297987024707	27.103523353138296	0.0010095779397863093
