# Position (bp)	A	C	G	T	N
0.0	23.565543786314773	24.22939261516174	25.460648683838667	26.744311139660777	1.0377502404986182E-4
1.0	22.730505047157664	30.411187492189867	23.794374495577653	22.99030197336581	0.07363099170900535
2.0	24.722072077647898	26.590443653148156	23.233199509818082	25.453597074312622	6.876850732453371E-4
3.0	26.3275070438308	21.90839206913775	24.91729810948459	26.83962325724874	0.007179520298118416
4.0	25.52231388052355	24.038382991050558	24.08798007055485	26.35111711844057	2.0593943046764038E-4
5.0	27.86263834222472	24.15791242097179	22.925209484756643	25.05358832645336	6.514255934830012E-4
6.0	25.652556383514003	23.900619884922524	24.452286659980626	25.989300053739335	0.00523701784351243
7.0	25.299273328736355	25.806136524853578	24.342240751309166	24.551495572588745	8.538225121575788E-4
8.0	27.303370364976498	24.594772777734768	23.485290059983008	24.61649858441192	6.821289380582585E-5
9.0	25.51054167554471	25.85367115527179	22.44749584575409	26.18812113719801	1.7018623138928465E-4
10.0	24.520533271670324	24.711915299510494	23.466979969157162	27.30057145966202	0.0
11.0	26.762969636507105	22.698200149529786	23.206719827695377	27.331913030635846	1.9735563188832828E-4
12.0	27.661324561261363	24.9109559073747	20.330735201179692	27.096951921051353	3.2409132893649435E-5
13.0	25.465339292216864	23.063520040257313	25.034504211959607	26.43647660283534	1.5985273087609848E-4
14.0	26.436837501855077	21.88058692954509	23.789181525675797	27.893299315754078	9.472716996264592E-5
15.0	25.21019751612051	23.382807008481958	24.796725831991967	26.610269643405566	0.0
16.0	26.021026288063698	24.820368061052513	22.197071404040088	26.961442418298613	9.182854508689736E-5
17.0	28.153507231761527	26.894949622279647	19.445830069361282	25.50472262990609	9.904466914578474E-4
18.0	25.767594957967678	25.666887714401167	20.19290409972578	28.372404785946486	2.0844195888988575E-4
19.0	25.082251720616274	25.017285371941227	22.03321574838776	27.86674377349071	5.033855640272385E-4
20.0	22.191754413856803	25.925433965457913	24.668962576512776	27.213702109076976	1.4693509553572977E-4
21.0	23.70453329816095	24.816577865151064	23.906317343418937	27.572279686985233	2.918062838148769E-4
22.0	22.046827395294383	27.072829936763693	26.29984542620741	24.580439467938	5.777379652126639E-5
23.0	25.16114706219054	24.364198976137292	23.44129587262177	27.03304169142718	3.1639762322105435E-4
24.0	27.487972518379472	21.874919887999862	25.255461146035984	25.38153251051782	1.1393706686111927E-4
25.0	25.104716272560427	25.298650442683794	20.210416882313602	29.385934357401272	2.820450409007616E-4
26.0	25.49466528639668	25.80455309646674	20.328915123489676	28.371782376434616	8.4117212288291E-5
27.0	25.383028054653455	25.22754328754643	20.494542232990568	28.894802530151043	8.389465851098726E-5
28.0	27.834273421583806	24.167293115589093	22.623850196563907	25.37223235419229	0.002350912070910146
29.0	27.008634427385005	23.98253523161586	22.714213477981062	26.2941790672323	4.377957857777661E-4
30.0	23.232143415271846	25.313768469458893	25.31113215931467	26.14265699294855	2.989630060458473E-4
31.0	25.811882608212972	24.908546805154927	23.140771337435613	26.138394081088183	4.0516810829981467E-4
32.0	24.320588948750256	22.70620622737907	24.668788618569685	28.30404136521045	3.7484009053994645E-4
33.0	23.386081353868217	25.30592296130032	25.49065418082338	25.81715587114321	1.8563286486669971E-4
34.0	26.318462605925465	26.86702090444786	22.80067733377942	24.01368134275793	1.5781308933325548E-4
35.0	24.979046849109707	22.56775459836365	26.189980096460026	26.262905916836438	3.125392301846221E-4
36.0	23.72143345583758	24.991101008240154	26.07199024129278	25.215189069748316	2.8622488116463346E-4
37.0	24.80729062347993	25.854270768574466	21.634615634730086	27.703796961286447	2.601192907067181E-5
38.0	26.724340596926737	25.325618625978336	21.453875072296125	26.49595765839613	2.0804640266965143E-4
39.0	23.208864491798746	27.663211298191676	21.916741463069645	27.21102674053743	1.5600640250275873E-4
40.0	25.977134549780555	25.90210534142449	23.927922044496533	24.19268207841826	1.5598588015812808E-4
41.0	23.700787074079795	24.72854808513647	22.345750065117265	29.220339670374063	0.004575105292409017
42.0	24.139097118973602	26.09915159958828	21.24351483141161	28.518210457366838	2.599265967290837E-5
43.0	26.069061912871987	26.43489569864611	22.169018015936484	25.323645685976032	0.0033786865693830183
44.0	28.46237303815774	25.205939027131535	22.850623878506436	23.48077820121852	2.8585498576572105E-4
45.0	25.713949419304683	24.516780117349875	22.049221261830734	27.716515505908284	0.003533695606421141
46.0	25.350473693850752	24.742862116313177	22.543202723820833	27.36346146601524	0.0
47.0	25.068712935281507	25.266538644986113	23.368321076712213	26.29510244332287	0.001324899697299387
48.0	22.13695018364221	24.853613448084392	22.827056359017273	30.18238000925613	0.0
49.0	22.361636591268468	25.848135578078956	24.88955935670062	26.89918822783637	0.0014802461155874848
50.0	27.468051995534694	24.772170927049775	20.781439113710825	26.97823409520016	1.0386850455060903E-4
51.0	24.592035405352707	27.774565566030514	21.467766428732215	26.16360747851359	0.0020251213709760124
52.0	22.893324478621857	26.4681076215383	21.606057410349287	29.032484578317685	2.591117287183116E-5
53.0	22.19360903568503	25.47210248803657	24.564514055397947	27.768506875399503	0.0012675454809546118
54.0	22.391023289718678	28.905724158304075	22.774175557823863	25.92897352338155	1.0347077183504896E-4
55.0	23.525051840515733	28.620532586296555	22.980155437673314	24.87315041943397	0.0011097160804311892
56.0	26.307465506568136	25.79039626062788	24.969247565932264	22.932890666871725	0.0
57.0	22.562153233170513	28.047258466574277	23.521534473296292	25.864073982428117	0.004979844530801887
58.0	24.686626948366815	25.93942258401483	22.138751244475483	27.234967032847962	2.3219029491005337E-4
59.0	27.208731327343777	22.853850511437564	24.708682314362044	25.22633679038231	0.0023990564743053312
60.0	23.475177158802502	23.372467816709037	24.372847019496998	28.7794822439325	2.5761058965003086E-5
61.0	24.924419467319535	24.176316451105013	22.7498176175285	28.14385649281598	0.005589971230968337
62.0	24.802465058841893	22.149028695308566	25.48925864313575	27.55896425077368	2.8335194011073393E-4
63.0	25.705428632879862	24.45930682574824	23.170426694588368	26.66262265650255	0.0022151902809814323
64.0	25.001954044975943	21.68781663241946	23.989681614082286	29.320521997404203	2.5711118104535237E-5
65.0	23.71030521790996	26.77999218444705	23.458125089981696	26.047027004792167	0.004550502869130623
66.0	24.06870006463094	24.631122907271312	23.690580799212707	27.609082060724287	5.141681607536471E-4
67.0	26.67100605740901	25.928039636529753	21.293297826422826	26.10724516298037	4.1131665804187045E-4
68.0	23.5363039798959	22.73178528756717	26.909128486496158	26.822628010422218	1.5423561855680703E-4
69.0	22.35468487047727	25.459827093959596	25.08667022592737	27.096273032482408	0.0025447771533505846
70.0	25.205262880982048	23.336177879525554	24.999582942475577	26.45871964623256	2.56650784260634E-4
71.0	24.18998485780775	23.509865972658055	25.89273922155413	26.40653970704619	8.702409338811415E-4
72.0	27.209969990320943	26.251559218571092	22.289826038041607	24.24733953932609	0.0013052137402665605
73.0	25.150786855327016	23.034601776841086	23.211042229531756	28.599628336311113	0.00394080198903024
74.0	24.675744365969603	25.93494955170576	23.802235215219874	25.58640560924954	6.652578552240268E-4
75.0	24.669870987946187	25.288834101920138	22.637311972556027	27.401987272775653	0.001995664801999349
76.0	26.60108592256086	24.486269388824443	25.65823373585095	23.25366899266892	7.419600948276171E-4
77.0	24.197175034428806	25.728978602335097	23.982658576526603	26.090343535891275	8.442508182197513E-4
78.0	27.01116668158969	26.36096649995523	20.619859553076914	26.007495619028127	5.116463500428504E-4
79.0	27.163751546413906	20.896899600004502	23.75985023448188	28.17714510248542	0.0023535166142923947
80.0	24.241309526885345	23.904125130431602	27.917108047121395	23.935436389156994	0.002020906404661694
81.0	25.16800558675652	25.24124223475377	22.2889330292678	27.30128196109479	5.371881271191752E-4
82.0	22.336732577053404	23.106646315712467	24.1992695040849	30.356251689837748	0.0010999133114834275
83.0	25.300785391538337	22.22193801532927	24.748236034393013	27.728196464267306	8.440944720764596E-4
84.0	22.874630924392445	26.436248902748194	25.485450799126703	25.20264629512544	0.0010230786072217071
85.0	25.27245128792713	27.441064050445462	21.58998865718747	25.695856612527223	6.393919127153313E-4
86.0	25.267001296868923	24.914562909651124	23.159813072878613	26.657011544460662	0.0016111761406807398
87.0	21.320215466889252	23.017769062539	26.8247786922641	28.836546310446625	6.904678610226289E-4
88.0	24.702908216078654	26.725909431244908	25.83192348134904	22.73859400763468	6.648636927143214E-4
89.0	26.130811058222776	26.42203359709314	23.333167125018058	24.11301654028442	9.716793816027851E-4
90.0	23.20040604360622	26.159078066230112	25.27836232488091	25.362000148303082	1.5341697967992106E-4
91.0	26.241005097281995	25.448185473973588	24.256808307833285	24.053387483431788	6.136374793408716E-4
92.0	25.17919708253139	24.59982982796671	22.851501379579766	27.369446143210403	2.5566711732257215E-5
93.0	26.077752825534734	26.731777704148207	21.218789243537984	25.971373436905594	3.067898734798562E-4
94.0	27.556292061180642	23.892361214082143	23.145907877258303	25.401425107706277	0.004013739772633146
95.0	22.90331726100042	27.23937038994133	24.387048977028094	25.468167091930315	0.0020962800998340614
96.0	25.722951701818452	24.867830908433234	24.16634605921247	25.2417721049786	0.00109922555724984
97.0	25.113162770343227	25.59766404639597	23.05269034453424	26.236329467002584	1.533717239799758E-4
98.0	27.662069638912563	23.655590482992086	24.369913077885343	24.312375678575794	5.1121634215505295E-5
99.0	21.837973931756842	22.844608931630344	26.675444162679778	28.641921862737306	5.1111195728535144E-5
100.0	22.33972522645231	25.104454528867272	24.885604722085787	27.67021552259463	0.0
101.0	22.817762091375	22.642209983829787	28.68523992632433	25.854609124416616	1.7887405426732166E-4
102.0	24.81386071307179	24.43355746205529	24.9657928968829	25.786712259099957	7.666889006447853E-5
103.0	25.39161001417718	25.646431225359873	25.731090538702055	23.230536024032716	3.3219772817639804E-4
104.0	25.271460334325575	27.204525203462694	23.48706524375021	24.036565917210506	3.8330125101862305E-4
105.0	26.60637533665669	23.60847928924071	21.778630864291866	28.00339678583102	0.003117723979718439
106.0	25.62361637572278	23.689359787160477	25.19409391280704	25.492802151087744	1.2777322195256394E-4
107.0	25.714916543132393	24.45991394808213	22.721754136428345	27.10267429448748	7.410778696515579E-4
108.0	23.866168419933686	24.710639393927007	24.820925545093647	26.602113323875365	1.5331717029653583E-4
109.0	25.53544371395646	24.827438184619552	25.668336880728322	23.9680146767612	7.665439344656039E-4
110.0	24.038666677227425	24.335892357955483	23.33309741965798	28.292215794071378	1.2775108773663654E-4
111.0	24.084512476272995	24.312935623254088	25.030296727800096	26.571514202732953	7.409699398715669E-4
112.0	25.459033323062474	24.440889671041237	23.429644357440218	26.67033045084985	1.0219760622546938E-4
113.0	27.90603799827192	22.374327381125745	22.95273745854174	26.766156265760017	7.408963005770305E-4
114.0	25.952164336762213	22.920056646352975	27.425296536197635	23.702124800305764	3.5768038140991985E-4
115.0	26.900207958108922	23.611459950753353	26.45590478129905	23.031737437748625	6.898720900492594E-4
116.0	26.689359327519124	24.652973224891646	25.058134825782048	23.599430417960075	1.0220384710611084E-4
117.0	25.611899569594932	26.741658586191523	24.20217923707539	23.443521630761254	7.40976376906577E-4
118.0	26.25614521264269	24.72332011265723	25.31098142249297	23.7091444443394	4.08807867711818E-4
119.0	26.816450385463288	21.281247668465802	24.920050734184148	26.981637986453848	6.132254329116046E-4
120.0	24.94283666578517	24.12012923550987	25.125243210855984	25.811765337135277	2.5550713695310293E-5
121.0	27.173361752859986	23.766672347505878	24.378695473205816	24.680427243397045	8.431830312736586E-4
122.0	26.303604348264898	24.065262299919898	24.44190921994151	25.18878976530152	4.3436657217064473E-4
123.0	23.971525233527373	28.021624102115066	23.728128886107832	24.27795525605546	7.665221942668738E-4
124.0	24.67774203521395	25.04830356253146	23.114449165642508	27.159377483206814	1.2775340526701738E-4
125.0	26.206710473802847	24.09800445702436	24.88753959684421	24.806825655331284	9.198169972982932E-4
126.0	23.989514952868902	24.099817975738958	25.62875533629519	26.281732879141412	1.7885595554560776E-4
127.0	25.34091155883792	23.44323804340744	27.862523937457922	23.3522788970948	0.0010475632019152521
128.0	26.137550590736275	23.311904664568086	24.781667756837415	25.759602019541312	0.009274968316912637
129.0	24.40808638380863	26.619115133697807	22.91227248070859	26.057715426150974	0.0028105756339955987
130.0	25.96692804702649	24.811144620103335	24.102865082713098	25.119036698947212	2.5551209862562597E-5
131.0	25.762224568410875	25.008738587455888	24.547535360617488	24.680760492181776	7.409913339785919E-4
132.0	25.68870162671944	26.2793695488035	22.207601237190847	25.818016431999858	0.00631115528635909
133.0	26.689572632625747	25.782498424757044	24.364192083056313	23.16210157084812	0.0016352887127773794
134.0	26.218408808100836	22.90371952668467	21.35501971295485	29.522724194937233	1.27757322410934E-4
135.0	25.395521468975346	24.403261982158035	26.26122532829598	23.939377989183622	6.132313870220819E-4
136.0	27.772445897168975	26.22217179932573	24.535372598801196	21.463621668830935	0.006388035873165292
137.0	27.859976982405644	21.565707463955796	24.96938823486123	25.604697347252912	2.2997152441479914E-4
138.0	25.034922473004233	24.459912169373546	27.354791629031478	23.149300566808282	0.001073161782460397
139.0	25.670609885071155	24.253028958470622	25.113736857180747	24.961729990936824	8.943083406517565E-4
140.0	26.450193376151365	21.84010899383077	25.24514413268956	26.464246875523813	3.0662180448976086E-4
141.0	25.012852984345425	25.486113666376387	25.699784948874253	23.800941768570645	3.0663183329040486E-4
142.0	28.284273967898173	23.181016511891638	23.359377036261357	25.17497474077674	3.577431720882644E-4
143.0	26.661290252515148	25.443087819789955	24.135244413473846	23.760224194425856	1.5331979519541756E-4
144.0	27.395185174774422	25.836052671254407	23.078120168756534	23.690079804156564	5.621810580758586E-4
145.0	27.73956509173387	22.62867618404883	23.14948569390118	26.481148668487283	0.0011243618288358434
146.0	27.308323682523977	21.376091273998828	25.0216951557196	26.2892135467721	0.004676340985496699
147.0	25.689383423724728	25.31129323403568	26.489413679117035	22.50707322009367	0.0028364430288918556
148.0	24.229166299326163	24.63813446732305	24.37781462682166	26.754424632333684	4.5997419544763544E-4
149.0	27.201272205914183	25.250133969538506	24.00598691148913	23.54063921549687	0.001967697561307195
150.0	25.264728070426507	24.11028981833199	25.44364121079295	25.181340900448546	0.0
151.0	26.163181617566067	24.527077120527643	26.187204395248294	23.122025743728585	5.111229294090677E-4
152.0	27.230412896356913	24.70866378782694	23.163909091908113	24.896860885696842	1.5333821119220713E-4
153.0	24.898616875549468	23.489629122283333	25.40553249780213	26.20548036229069	7.411420743799964E-4
154.0	22.911799117669158	24.73567643575551	25.376646703220036	26.97367983892939	0.002197904425915031
155.0	27.19157410628632	23.599311986229498	23.992448105648815	25.2164101866732	2.556151621712054E-4
156.0	25.381027655051618	23.97649622244285	26.216778304582867	24.425416635566194	2.811823564717442E-4
157.0	25.265273110521814	22.817424104155258	26.720255541530356	25.19674049579679	3.0674799578528253E-4
158.0	25.15537191096714	21.473533092836632	26.095706847611805	27.27526033358692	1.2781499750505124E-4
159.0	26.660524576116508	21.945439012057346	24.984188888712783	26.4092084321155	6.390909978664586E-4
160.0	26.087536716491165	21.39833270701199	26.109368489133967	26.404710959089712	5.1128273168137886E-5
161.0	24.017118947850914	21.121694490538488	29.113434120146053	25.743764394357527	0.003988047107016944
162.0	25.07837535551082	23.921976160802735	24.984935928162848	26.014661425877993	5.112964560764388E-5
163.0	24.703694840966705	24.652717059507484	27.056700382563452	23.586759889024897	1.2782793746043725E-4
164.0	25.567528430749437	24.5999293353793	24.31425405618502	25.51631959020656	0.001968587479681365
165.0	25.699059466554647	22.355866643520002	27.287997748058125	24.656462533726074	6.136081411482808E-4
166.0	24.841249630545526	23.38465298892506	26.018211421026745	25.755809256151352	7.6703351322826E-5
167.0	26.477403069993542	23.82819511441778	26.210209208957874	23.4837579371918	4.3466943900539453E-4
168.0	26.35253964430712	24.296568924508975	24.144736943037692	25.20597550130379	1.789868424215181E-4
169.0	26.911331249685166	22.31328416482794	25.764216705205552	25.010784324003794	3.8355627755052777E-4
170.0	30.567694522506027	23.45920071188755	23.204107672992	22.768869239246893	1.2785336752984736E-4
171.0	24.99792877650527	23.782043873116336	27.225593571740536	23.993768941466712	6.648371711485215E-4
172.0	27.349594850729638	24.501051977287922	24.151594118741553	23.997631262025156	1.277912157340634E-4
173.0	28.40511801073352	20.125315569689057	24.17784496983385	27.290469265128625	0.0012521846149442866
174.0	24.003791356800257	26.406278789433777	23.915728431930503	25.673664764429123	5.366574063449772E-4
175.0	25.716696065257207	24.368330689930655	23.587372594039284	26.325965029392627	0.0016356213802293242
176.0	24.26645416062114	24.731839333366217	27.742006551531396	23.25798757013428	0.0017123843469668946
177.0	22.14146973502829	26.42882101226692	24.75422578790761	26.652453115602388	0.02303034919479407
178.0	25.193290438404443	23.63339506699798	23.930647007314494	27.242360778488262	3.0670879482357343E-4
179.0	28.000756625908558	24.333421521150377	23.207122508214887	24.45729345199068	0.0014058927354966189
180.0	26.23608933375911	22.520632457016674	25.82028785231256	25.42283658417443	1.5377273722135738E-4
181.0	27.668886974751523	22.023399473737705	26.282186852887822	24.024705376273435	8.213223495157791E-4
182.0	25.300012755851714	23.059217694137264	26.001764260054088	25.63890262716647	1.0266279046190811E-4
183.0	23.508213541558398	24.455794647217683	26.53501697525993	25.50043589808736	5.389378766309607E-4
184.0	26.077398316896762	22.42624329108252	26.507143731555527	24.985288052615516	0.003926607849674054
185.0	24.723584047462943	24.807034246144728	24.932055577011162	25.536684599563504	6.415298176643952E-4
186.0	26.90652411577213	23.518562241121792	25.436557837305152	24.138355805800927	0.0
187.0	24.31806710448535	22.710972045411708	28.495429182215346	24.4749402758304	5.913920571932687E-4
188.0	27.277717966077635	28.209383405797343	22.522092116417937	21.99044652726869	3.59984438386992E-4
189.0	24.868232195211256	23.689483106104902	25.078901260414526	26.36235490627759	0.0010285319917162034
190.0	28.56912896783101	21.68967378433164	25.256392025547786	24.48462522136899	1.8000092057613665E-4
191.0	26.178623816920965	24.196206730313605	25.146507109805395	24.478224547061515	4.37795898522001E-4
192.0	26.597619983443632	23.596276001971926	24.603824242870694	25.202176745154013	1.0302655973196611E-4
193.0	27.428256710384602	24.59489877589272	22.08537452108242	25.89108358700863	3.864056316302377E-4
194.0	27.447573434287175	23.480269743780504	24.75106300873849	24.321093813193826	0.0
195.0	26.291210327157717	22.011965458312197	24.92188906972568	26.7743425658001	5.92579004307534E-4
196.0	28.174303947311337	22.19081770309327	26.40111785741585	23.2336571972788	1.0329490074392987E-4
197.0	24.759089263142453	24.77905431268315	23.941142104145758	26.520016963835108	6.973561935302909E-4
198.0	26.700922267503106	23.69449785473459	24.8110086369441	24.79346775478778	1.034860304207535E-4
199.0	25.148888639463063	23.45935414667984	25.85139676013136	25.539919782235703	4.4067149003214047E-4
200.0	26.770796418652726	24.26456882832123	24.20009586691246	24.764461114145657	7.777196792372955E-5
201.0	25.199050396545257	21.646463266383886	28.983308829305486	24.170684921065575	4.925866997961469E-4
202.0	24.796894680810794	25.15656494158729	28.6999600193525	21.34658035824942	0.0
203.0	25.20123689661674	24.426244346473176	23.67199987343673	26.699792700774605	7.261826987490724E-4
204.0	25.655158318038783	23.644525969262883	24.847694301297608	25.852517660924768	1.0375047595530844E-4
205.0	26.931815263717212	24.588255953509595	25.633714260072054	22.845384485092655	8.300376084852669E-4
206.0	24.93006078693029	21.70881005796446	26.12680996249847	27.234215425228342	1.0376737844170451E-4
207.0	25.513083868932203	23.160937568514754	27.55615647452568	23.769406945388244	4.15142639118839E-4
208.0	27.982084100092987	22.358179416957302	22.65804937382845	27.001687109121264	0.0
209.0	27.002172508039834	20.998730756951637	25.054001230309215	26.94429087209197	8.046326073470744E-4
210.0	24.227303525673477	25.266703530346334	24.927116351637967	25.57846122693748	4.153654047346464E-4
211.0	25.231987835050262	25.74174306113843	25.405939761063433	23.619628237806488	7.01104941387627E-4
212.0	28.593223790923837	22.789382844590474	24.149804596375397	24.46738094718543	2.078209248654619E-4
213.0	29.361751016718213	23.26991548619223	22.752159892617506	24.61599165311129	1.8195136076224104E-4
214.0	27.18672156426953	25.34576333264659	24.736671515469347	22.730765548944813	7.803866972162045E-5
215.0	25.21598618439268	24.98137218555754	23.284768053076625	26.517560723546545	3.1285342660536825E-4
216.0	25.813494027672174	24.314777799074506	26.56880235396705	23.302820505799613	1.053134866557281E-4
217.0	28.65756562354139	23.059009775302574	25.734076425092855	22.548897077651812	4.5109841136407115E-4
218.0	24.261154338197006	24.45058683358441	25.700380579312	25.58766395875343	2.1429015315317245E-4
219.0	26.022012939728533	23.396401788162947	25.131822302320582	25.44919555634213	5.674134458072875E-4
220.0	27.856290679820088	22.032421561833328	25.324392265568736	24.786623727800198	2.717649776473306E-4
221.0	25.507346742141397	22.942091029529305	24.464952426833676	27.0853360778689	2.7372362672856474E-4
222.0	25.035429948862454	25.55709824706835	24.636362278075154	24.770888175278778	2.2135071526716753E-4
223.0	30.360694931106547	22.933168427600343	24.294311982851593	22.411181369455967	6.432889855500513E-4
224.0	29.316484376204894	23.45979398210137	25.084915435078564	22.13869404224951	1.1216436566144027E-4
225.0	30.54138225653087	20.0593026689868	24.209558662790254	25.188881990678674	8.744210134088232E-4
226.0	25.18820534229419	22.486032882324896	25.740046218669516	26.585515944984728	1.996117266756549E-4
227.0	26.793375117732783	24.240269031102763	25.959520367231253	23.00562612243864	0.0012093614945634882
228.0	26.934730390270524	28.0479703537219	23.261987525092458	21.755195997474697	1.1573344042534355E-4
229.0	27.55361749228201	25.078842817907955	22.245752698743708	25.12175781703565	2.91740306782437E-5
230.0	25.41972834165309	22.79250036962019	28.082375186683915	23.7053961020428	0.0
231.0	24.51644507855954	25.37008978700697	25.0978627484068	25.014292886770278	0.0013094992564127517
232.0	25.13677236383844	25.403220977191832	24.826070345547834	24.633726723547362	2.0958987453351282E-4
233.0	22.787557737848733	25.105130068638626	23.04766774990298	29.059250612936854	3.938306728051741E-4
234.0	27.19946439961152	21.481432048314748	26.764796514292005	24.55310765703123	0.001199380750492515
235.0	25.311745694955228	22.410918461434058	27.572582939701668	24.70456612731813	1.8677659091630728E-4
236.0	28.118708379115713	23.676798358754997	24.434091859284475	23.770180193760197	2.2120908461468696E-4
237.0	27.1786057153369	24.973252672976162	23.01700906438968	24.83100479886968	1.2774842757654208E-4
238.0	27.09563839220485	22.872628041457418	24.423215298721555	25.60851826761618	0.0
239.0	27.248758362342944	24.09981475255812	24.41007217650463	24.2404345509976	9.201575967060987E-4
240.0	25.43809406179125	22.808511735668205	26.3454316198656	25.407894718983236	6.786369170339223E-5
241.0	29.917494989966343	21.548785054096133	23.2930038931818	25.238847281126596	0.001868781629129073
242.0	25.823577665715813	24.753794179732207	21.636622990197395	27.784915494391775	0.0010896699628047968
243.0	27.839699790983364	23.475010778273184	24.979296165117688	23.703844432680814	0.0021488329449516753
244.0	26.269727182446417	22.602475373605017	26.002464776093383	25.12427291669159	0.0010597511635896848
245.0	28.57340624825454	21.067701703088147	23.799475514231467	26.557703200541958	0.0017133338838846214
246.0	24.11898733829623	26.710572563837122	23.815144891520145	25.352652202686116	0.002643003660388446
247.0	25.28282538588669	23.2646533089315	24.97278177482773	26.341774250011518	0.13796528034256103
248.0	25.78292287303729	23.513802270463422	24.26908548273085	26.42406659548586	0.0101227782825777
249.0	25.207446957531094	21.046990181656817	28.68355618612344	25.04561221712211	0.016394457566543685
250.0	26.490766615640478	22.75754108508764	25.370511436205312	25.380245556166393	9.353069001746944E-4
