# Position (bp)	A	C	G	T	N
0.0	24.08402540302882	24.36248168050806	26.345872007816318	25.2076209086468	0.0
1.0	23.428506390036098	29.169783096484668	23.66264511723196	23.664271080615265	0.07479431563201197
2.0	25.213383961315028	25.72128646999643	22.263330412488237	26.80037646447928	0.0016226917210268393
3.0	24.395583013085567	23.009193948533348	25.417132850124048	27.173225665223526	0.004864523033516564
4.0	25.743312215434973	25.16324513505193	24.35471588055155	24.73872676896155	0.0
5.0	27.06698804535969	24.779591374540985	23.20882605108627	24.944594529013052	0.0
6.0	24.302460763417944	25.303558741845894	24.75618420202803	25.636181618549376	0.0016146741587547634
7.0	25.3599613464326	24.981478498953134	25.229505556450317	24.429054598163955	0.0
8.0	26.76977989292088	25.480328633213823	24.989951283823977	22.75994019004132	0.0
9.0	26.468841777535268	25.72098024425864	22.382885846800725	25.42729213140537	0.0
10.0	24.658478707029246	25.913930220625964	23.40623396613648	26.02135710620831	0.0
11.0	26.845491222331262	22.524417028833124	24.65380002180787	25.976291727027746	0.0
12.0	27.610315537702	26.664315721689004	21.313360522523077	24.412008218085923	0.0
13.0	25.1438957891548	24.392608300514993	24.774310814904574	25.689185095425625	0.0
14.0	25.651344735933208	22.712597420149265	24.290841379724597	27.345216464192934	0.0
15.0	25.867740555530972	24.500302400023603	24.02236285052588	25.60959419391955	0.0
16.0	26.08055939981062	24.944278534489037	21.886517590501857	27.088644475198485	0.0
17.0	26.94305722978015	25.763446415245966	21.12823603696688	26.163825268354284	0.001435049652717984
18.0	25.180633782784323	26.656994936564832	21.220913694031974	26.941457586618878	0.0
19.0	26.098718221089158	24.131435450747112	23.012534523050775	26.757311805112955	0.0
20.0	22.096644635785854	24.917912656247797	25.663392567748485	27.32205014021787	0.0
21.0	23.30711306441228	25.939870671556143	24.86633261484198	25.886683649189596	0.0
22.0	22.30388751493595	27.158418317725847	26.03301192097146	24.504682246366745	0.0
23.0	24.736980354748177	26.28260959727925	23.438817690404104	25.541592357568465	0.0
24.0	27.401490509325978	22.57311867803077	24.630460740313747	25.3949300723295	0.0
25.0	24.203934141172635	26.38428517089605	22.079280552083898	27.332500135847415	0.0
26.0	24.170001081431817	25.57045528279442	21.70839191089002	28.551151724883745	0.0
27.0	24.67157616465701	26.198376089126267	20.78174314153921	28.34830460467751	0.0
28.0	27.031283365364082	25.592568866111463	23.082158872517617	24.293988896006834	0.0
29.0	24.60599157682833	24.554340052446165	24.927820305671073	25.911848065054432	0.0
30.0	21.954106121375503	25.939904004208035	25.84127819054507	26.264711683871393	0.0
31.0	26.227919705639724	25.730335607379956	22.997551362463827	25.044193324516495	0.0
32.0	23.360154154623338	23.056792438090774	25.56701299377653	28.016040413509362	0.0
33.0	24.005894823930916	25.27276487925953	24.744040539841773	25.97729975696779	0.0
34.0	25.764349211242997	27.918657828477468	22.00554956065978	24.311443399619755	0.0
35.0	24.653499432593367	24.23017583230265	25.92474530455073	25.19157943055325	0.0
36.0	22.389124590706977	26.597357591509642	26.50435092815554	24.509166889627846	0.0
37.0	24.314409812887693	26.883542014291358	22.668738615954858	26.13330955686609	0.0
38.0	26.00573065902579	26.298631009232725	21.25947150588984	26.436166825851636	0.0
39.0	22.6441040528668	27.034391433337152	23.010810191374766	27.30942103721813	0.001273285203152654
40.0	24.355775106946425	29.252393562843753	23.299042574862497	23.09278875534732	0.0
41.0	23.67416045013621	26.88214476665733	21.479491814547956	27.961656949359675	0.0025460192988262854
42.0	23.840073318822316	26.052366950522526	21.443209735110297	28.664349995544864	0.0
43.0	25.108511640339596	26.324096584906382	23.29340783829538	25.271438208826037	0.002545727632600588
44.0	26.583760803431637	25.61001998396192	23.852195053651208	23.954024158955235	0.0
45.0	25.20107920993688	24.959275096721644	22.87848706984321	26.958613317043373	0.0025453064548971696
46.0	25.43742444486861	25.208373099191956	23.76916714385697	25.58503531208246	0.0
47.0	24.95260392146883	25.908159759775046	24.014861374422658	25.124374944333468	0.0
48.0	22.934449377313605	24.313391255676684	23.302082405770186	29.450076961239517	0.0
49.0	21.947341643347748	26.218519460697028	25.06995675400661	26.76163825998474	0.0025438819638768763
50.0	25.695354131427333	26.758575080441062	21.46663444785003	26.079436340281575	0.0
51.0	24.436673448626653	27.9234486266531	22.019328585961343	25.619277721261447	0.001271617497456765
52.0	22.319510986287792	27.063503158001755	22.408468782167773	28.208517073542684	0.0
53.0	22.654494203689833	27.101083078329545	24.378785377807688	25.86563734017294	0.0
54.0	23.650193010971147	29.313541243396994	23.566385615603412	23.469880130028447	0.0
55.0	23.772727849466456	29.807265298872014	21.64998160201997	24.770025249641556	0.0
56.0	26.45293886302221	25.813531583421085	23.987922306940867	23.745607246615837	0.0
57.0	21.50649482443678	28.57849604221636	23.931905825045664	25.980566267505584	0.0025370407956159936
58.0	24.17646536524728	26.911221888199705	21.907226302370713	27.005086444182304	0.0
59.0	26.815904622994484	22.848627053078825	25.528568710761622	24.80563130192149	0.0012683112435791742
60.0	21.979219462747086	23.82792701469843	25.34845413076533	28.844399391789153	0.0
61.0	24.518834813679156	25.943007741722944	24.72283111387048	24.811525157431927	0.0038011732954905415
62.0	24.71967057332911	22.79505859993665	25.89420335761799	26.591067469116247	0.0
63.0	26.325325629719732	24.32339972631899	23.04622168161776	26.305052962343524	0.0
64.0	24.539434533230352	23.047898808544044	25.099076969827422	27.31358968839818	0.0
65.0	22.287776160030383	26.836741153383553	24.852820155725773	26.020130404507185	0.00253212635310502
66.0	24.084412542883545	24.71105034623321	24.393300672211463	26.81123643867178	0.0
67.0	25.267741853811682	26.28807251183634	22.199154366154392	26.245031268197582	0.0
68.0	23.550931024443347	23.84207395030317	26.94844238534665	25.658552639906834	0.0
69.0	24.741785226064504	26.2568983848919	24.55318718039593	24.44812920864766	0.0
70.0	25.147034643259175	25.306401224340085	24.675258970694255	24.871305161706488	0.0
71.0	24.018035312839427	24.07360630478163	26.490944454267602	25.41615095102175	0.0012629770895955948
72.0	26.733010873546085	25.95759190735385	23.763939229380043	23.545457989720013	0.0
73.0	24.733545486689902	24.212001818457342	24.373642471081478	26.679547406172656	0.0012628175986260544
74.0	23.858470552581068	27.692191130417214	23.842054753005353	24.606020810182848	0.0012627538135165169
75.0	24.994633364059954	24.936547422120643	22.69013675451113	27.378682459308273	0.0
76.0	24.910663551991917	25.889260685649347	25.73773596817981	23.462339794178924	0.0
77.0	23.226596631228063	26.325159726255716	24.791030076517085	25.65595090785121	0.0012626581479330287
78.0	26.46902855988485	27.956364738264185	20.577763187798286	24.996843514052674	0.0
79.0	27.352380471422983	23.155781685962097	22.28212152966278	27.20592876892194	0.003787544030199351
80.0	23.73112469067219	24.914145750214637	27.616029493459926	23.737437503156407	0.0012625624968435937
81.0	24.155345689611636	26.147669309630828	23.789202565526992	25.906519872733703	0.0012625624968435937
82.0	22.91803444270491	22.681935255795164	25.60729256098177	28.792737740518152	0.0
83.0	23.669625159392478	23.88551516911384	25.203580491623217	27.238754150516996	0.002525029353466234
84.0	23.56015654589067	26.84257038252746	25.37179649034213	24.225476581239743	0.0
85.0	24.910371642092507	27.616895576651178	22.400777620682693	25.070692789335485	0.0012623712381337102
86.0	24.820134804230936	25.34773937848686	23.502385580491254	26.329740236790954	0.0
87.0	22.522749933738055	22.81682674710656	26.301573878911032	28.356325175751916	0.002524264492433517
88.0	23.685240108537894	28.58332807471446	26.030163437874677	21.701268378872975	0.0
89.0	26.677183240787482	27.29429581019687	22.6110550227158	23.413679959616353	0.0037859666834931856
90.0	24.215693697786527	26.281517377148482	24.62961560788471	24.87317331718028	0.0
91.0	25.03880371001325	26.102593223547228	24.415420531263802	24.44318253517572	0.0
92.0	24.963406016555624	25.175398748233395	24.07253179890975	25.788663436301228	0.0
93.0	25.949526813880126	27.211356466876975	21.270662460567824	25.567192429022086	0.0012618296529968453
94.0	26.371906979091747	25.033122610440245	24.07540598856797	24.51956442190004	0.0
95.0	23.732021196063588	28.214736310875598	23.79384304819581	24.25561443350997	0.003785011355034065
96.0	25.156764531472763	26.076533895204328	25.142885981402742	23.62381559192016	0.0
97.0	24.58302843733441	25.254220181171306	24.19696702076657	25.96578436072771	0.0
98.0	27.13739639446428	24.033961169212915	24.268611149658746	24.56003128666406	0.0
99.0	22.28781170772316	22.828924963105916	28.182036048990298	26.70122728018062	0.0
100.0	23.196064829412876	26.32402093712556	24.975720501986505	25.504193731475063	0.0
101.0	23.27619912469888	21.891356716737928	29.29357902304287	25.53886513552032	0.0
102.0	23.817333165131828	25.101551658887345	25.413144947647282	25.66797022833354	0.0
103.0	25.82276884263639	26.973194575843586	25.1844843897824	22.019552191737624	0.0
104.0	25.313150425733205	27.423525701671398	23.275938189845473	23.98612425102491	0.001261431725007884
105.0	27.40000756801756	22.740631424931575	21.360729556892572	28.494847441379395	0.003784008778900367
106.0	23.08284143080571	24.081781948438525	27.343474093133548	25.49190252762222	0.0
107.0	26.09452453929693	25.17879441480304	23.34607282955563	25.379346880084764	0.0012613362596334556
108.0	22.840494898409617	25.791723946575186	26.074234761442316	25.29354639357288	0.0
109.0	25.82667036597977	25.418064418493202	26.31220521098696	22.441798875072514	0.0012611294675511388
110.0	24.352749788768808	25.37170384756044	23.57466234535985	26.700884018310905	0.0
111.0	23.83234136991829	24.747805911429435	26.093261373953396	25.325330374256026	0.0012609704428528194
112.0	25.4882923323288	24.556470425057057	23.8982687530735	26.056968489540644	0.0
113.0	26.069195077667946	23.722765785757517	23.606768206576557	26.600010086746018	0.0012608432519669156
114.0	25.02994464967912	23.616557184824682	27.58059838866264	23.772899776833558	0.0
115.0	25.16486149112963	24.868552118927234	26.38036036263224	23.584965136365355	0.00126089094554212
116.0	26.249826631866952	25.411355297499718	25.014184665431028	23.324633405202306	0.0
117.0	25.850786165504548	26.18113959323658	24.143539825240516	23.823273525072818	0.00126089094554212
118.0	25.3464123157616	25.952870273473454	26.293293659299234	22.40742375146571	0.0
119.0	26.80645039274772	22.200648065260424	24.47770226822841	26.513938446408535	0.001260827354910292
120.0	24.25927326827546	23.50278639332274	26.91580301081776	25.32213732758403	0.0
121.0	26.6069042035454	23.9642433870439	26.139143152532966	23.288448445419473	0.0012608114582545325
122.0	26.571857231110606	24.83578551886733	24.729881362129177	23.862475887892888	0.0
123.0	23.712444999180505	27.95365432378935	24.970687242331405	23.361952670928048	0.0012607637706922854
124.0	24.272566817952598	25.436207766011094	23.70524457892083	26.585980837115482	0.0
125.0	26.567660926350822	23.317616802400345	25.32840826000353	24.785053326945867	0.0012606842994377348
126.0	25.655829667074265	23.269504708359072	25.90416882019993	25.17049680436674	0.0
127.0	24.458563396616494	24.143408214204676	27.402112800342888	23.994654968106296	0.0012606207296472784
128.0	25.23542388906398	22.990230066183422	26.562874251497004	25.20642924676962	0.005042546485975418
129.0	23.307531328004842	28.259499256196264	23.790373414689494	24.638813948211087	0.0037820528983132044
130.0	24.99085992360157	26.83778570618121	24.175186898803595	23.996167471413624	0.0
131.0	24.93791051550031	25.680462929110824	24.462626542781862	24.917739312414113	0.0012607001928871295
132.0	24.88275340393343	25.689611699445287	23.87922339889057	25.545890065557238	0.0025214321734745334
133.0	25.63068117348933	25.577730430287826	25.74540778375925	23.042398416520633	0.003782195942964485
134.0	25.879045373744	23.362624339691624	22.91380375445984	27.844526532104542	0.0
135.0	24.121584992246497	24.84650588131469	26.91410633013528	24.116542064322548	0.0012607319809881618
136.0	27.474439303589214	25.98050957501796	25.53800380731458	21.003265213499578	0.003782100578661389
137.0	27.871911245587494	24.094805849722643	23.725416036308623	24.30786686838124	0.0
138.0	25.21399306649858	24.37314843996218	27.389851875196975	23.02300661834226	0.0
139.0	25.437125748502993	23.96092026473369	25.790104002521275	24.809328710999054	0.002521273242987709
140.0	24.851869594816066	22.77930460654043	27.253473185244953	25.11535261339855	0.0
141.0	23.80394084943837	26.750122915169623	26.2798935995865	23.163521298992727	0.0025213368127781346
142.0	27.822951729006718	24.07624522521841	23.82159020712782	24.27921283864705	0.0
143.0	24.517479167454585	27.652761494144194	23.82159020712782	24.0081691312734	0.0
144.0	27.868191158117668	27.051319222963176	22.737529466638094	22.342960152281062	0.0
145.0	27.47671091278095	23.309256387953965	23.54120183035208	25.671570295856494	0.00126057305651149
146.0	27.418846517491335	23.281437125748504	24.264733690513708	25.03246139300347	0.002521273242987709
147.0	24.872360542073746	26.305704380712257	25.85817838008194	22.958714150646074	0.005042546485975418
148.0	24.769624465818698	25.952071804051585	24.55027922397166	24.728024506158057	0.0
149.0	27.083858605214058	25.73622106802481	23.13045232212193	24.045686047097977	0.003781957541223337
150.0	24.532916467058318	24.82161317162956	25.43052368825799	25.214946673054133	0.0
151.0	24.370934395643186	25.866068276940148	26.26569512379608	23.496041551106853	0.0012606525137411125
152.0	27.560514372163386	23.79601613716591	23.857791225416037	24.785678265254667	0.0
153.0	25.19131125427062	23.28639326281817	26.758361594029324	24.762673188688996	0.0012607001928871295
154.0	23.706505295007567	25.974533535047904	25.882501260716083	24.433938477054966	0.0025214321734745334
155.0	26.407505012167903	24.074797937130395	25.807305786374467	23.710391264327235	0.0
156.0	24.538817506651366	24.11640838765809	27.191798958477815	24.15297514721273	0.0
157.0	24.747194553019796	24.524019669650738	27.082335140587567	23.646450636741896	0.0
158.0	26.17489439505706	22.526952903347837	25.38175398776874	25.916398713826368	0.0
159.0	26.09232942007238	22.408988310656596	25.488316961527307	26.0091043214002	0.0012609863435178996
160.0	26.114754098360653	22.72761664564943	26.211853720050442	24.94577553593947	0.0
161.0	24.637151179652726	22.25136501771686	27.68999911730956	25.418962712633824	0.0025219726870357993
162.0	24.70304894963811	25.17211812473205	25.168335308803876	24.956497616825963	0.0
163.0	24.834499716285226	24.306159762940545	26.89994325704558	23.959397263728643	0.0
164.0	26.104883553784656	25.04066475847025	24.67625808566709	24.176932679334737	0.0012609227432635202
165.0	25.815847876525773	23.306516695248664	27.718652274790678	23.15772218299203	0.0012609704428528194
166.0	24.68757487484079	25.04192991084377	25.461859544256548	24.80863567005889	0.0
167.0	26.254524359022863	24.176156785592674	25.403251232769602	24.16480647724263	0.0012611453722270567
168.0	23.893358892223876	24.98297475218806	26.00196736196938	25.121698993618686	0.0
169.0	25.777200438889658	23.40492615807595	25.847826361125474	24.968785864726133	0.001261177182782409
170.0	29.75570381767963	22.63617904122892	23.719557567884575	23.888559573206877	0.0
171.0	23.890423398539482	23.66592253458953	28.704579565376413	23.737813260685865	0.0012612408087076066
172.0	25.530224699266135	24.814011550197968	25.559226288048826	24.096537462487074	0.0
173.0	25.988729056089966	23.4080106910072	23.956429102737047	26.6455704181848	0.0012607319809881618
174.0	23.69900660581917	27.497352629721146	23.2552569209823	25.548383843477385	0.0
175.0	26.072815289193684	24.68357621905098	23.47208915334577	25.76773738086834	0.003781957541223337
176.0	23.861329971635676	24.675701229120705	29.234163252442485	22.226284273558147	0.002521273242987709
177.0	22.62749795120721	27.074323898379877	25.544978881674336	24.72798335749858	0.025215911239992433
178.0	23.754600917662483	22.452478192910803	26.283214843946958	27.509706045479753	0.0
179.0	27.85194710235367	24.121629287848418	24.22500409717232	23.798898175812816	0.0025213368127781346
180.0	26.121588527859828	23.213158625564898	26.25665884016259	24.408594006412685	0.0
181.0	27.327850835638763	22.855951794444234	26.328621417111965	23.48631270448832	0.001263248316721618
182.0	25.804903310555634	24.548129997094893	24.20456985512372	25.44239683722575	0.0
183.0	24.021725401035745	24.521914866742453	26.353416698244285	25.101679929266137	0.0012631047113805735
184.0	24.906532612539785	23.54494013034911	26.52073965543374	25.026524528873846	0.0012630728035163948
185.0	24.355963024700714	26.17063191392635	25.135121483052984	24.33702076072132	0.0012628175986260544
186.0	26.540793129578176	23.882293508461732	24.7852993180096	24.791614043950492	0.0
187.0	24.144729359131524	23.119794760322012	28.790425518470308	23.943786570955552	0.0012637911206035866
188.0	28.19838721909047	27.494375489774768	21.464142167395536	22.84183118885715	0.0012639348820748756
189.0	24.325041710905506	26.170433287830523	26.156529652661913	23.346731381768542	0.0012639668335102888
190.0	29.10035520610803	22.685155924104716	24.765829425223426	23.44865944456383	0.0
191.0	25.554852587624953	25.27394660255599	25.66873339238264	23.502467417436417	0.0
192.0	27.278939110188794	23.537227311838844	24.48119653793592	24.702637040036443	0.0
193.0	25.753261708616478	25.28377814054136	23.493160219176694	25.469799931665467	0.0
194.0	27.709654151323033	24.27774192323754	23.887981979929894	24.124621945509535	0.0
195.0	24.864892230195796	22.40067838655377	27.684752755945375	25.049676627305058	0.0
196.0	27.68650004433691	22.66249477457848	26.505871473632208	23.145133707452402	0.0
197.0	24.44447259735982	25.137456609319177	24.781462994400385	25.63660779892062	0.0
198.0	27.87751996957018	23.594522632179533	24.134651958919743	24.393305439330543	0.0
199.0	26.528359345260753	22.56439538129679	26.39258977287146	24.514655500570996	0.0
200.0	27.24723378337225	24.78047913917369	24.482286062328697	23.490001015125365	0.0
201.0	24.851853261766088	21.79628713185377	28.733488141916325	24.618371464463817	0.0
202.0	25.026334826697806	25.31062404020662	28.163669361491507	21.499371771604075	0.0
203.0	25.16311660615908	25.305288278453375	24.218690497346977	25.312904618040573	0.0
204.0	24.87717561031344	24.06088535120793	26.26093359231189	24.801005446166737	0.0
205.0	28.332211910777083	24.21003186532773	24.776244461653697	22.68151176224149	0.0
206.0	24.519438307813413	22.825728143013126	27.2656864985653	25.389147050608162	0.0
207.0	26.63983341374844	22.472637700297113	26.345260164046824	24.542268721907615	0.0
208.0	28.06872730043431	22.549716811012622	23.121174408858863	26.260381479694207	0.0
209.0	25.728112179446473	21.092073008090843	26.31110998209092	26.86870483037177	0.0
210.0	23.458797525437937	24.24003760114836	26.92166003988771	25.379504833525996	0.0
211.0	25.44029073165773	25.887570205087805	26.024803679890212	22.647335383364254	0.0
212.0	27.130127496218332	23.282360268975072	26.558110564517158	23.029401670289438	0.0
213.0	29.4000203469149	22.29513200061041	24.43918815809553	23.865659494379166	0.0
214.0	27.68453600376643	24.606497092468413	25.213452264311798	22.495514639453358	0.0
215.0	23.989139302467876	25.78013461146237	25.242198653885378	24.988527432184377	0.0
216.0	27.339155001926287	24.037498394760497	25.43983562347502	23.183510979838193	0.0
217.0	28.350362323520674	22.94457289742563	26.41280338943643	22.29226138961727	0.0
218.0	24.003381673928594	24.75125186967549	26.37965793067568	24.86570852572023	0.0
219.0	24.521243197990792	24.123587275010465	25.702438258685646	25.6527312683131	0.0
220.0	26.33700547538702	21.48531362018934	26.946257172494388	25.231423731929254	0.0
221.0	24.19704746282872	23.132176305624636	27.718397798825333	24.952378432721307	0.0
222.0	23.656745264785467	25.626807778947793	25.981365714514215	24.73508124175253	0.0
223.0	30.542648187805565	22.936953681630236	24.885853973897934	21.634544156666262	0.0
224.0	29.480275854622995	23.760746049097804	26.072580536324008	20.686397559955193	0.0
225.0	28.532081462084314	20.212203031084215	26.381558416889405	24.874157089942063	0.0
226.0	25.840615696980507	22.158506303760305	27.652861042898497	24.348016956360695	0.0
227.0	26.148722413388057	23.286762572032668	27.718585464947555	22.84592954963172	0.0
228.0	27.85022846270294	25.71281752149216	24.60453036679027	21.832423649014622	0.0
229.0	25.732980999119164	25.405813514533786	25.026914419137903	23.834291067209147	0.0
230.0	25.71883184544763	23.433495733476022	27.687346869807655	23.16032555126869	0.0
231.0	24.700815827624435	25.984251968503933	25.553597316580916	23.761334887290715	0.0
232.0	24.765714285714285	25.08142857142857	25.821428571428573	24.33142857142857	0.0
233.0	23.671511543907304	25.087410061548244	24.016817406883	27.22426098766146	0.0
234.0	27.593354938541943	21.313246328574348	25.770050509474174	25.321888412017167	0.001459811392368106
235.0	24.28912396499396	22.553555116834133	28.80631758847276	24.351003329699147	0.0
236.0	27.453306107741277	23.33643625007507	25.168158068584468	24.04209957359918	0.0
237.0	26.466538560469655	25.194050627165577	24.31495967680925	24.024451135555523	0.0
238.0	25.077375662672758	23.43486654613428	26.290871203995952	25.19688658719701	0.0
239.0	27.083819389358094	24.029054484936154	25.281134804722132	23.60599132098362	0.0
240.0	24.601931193247218	22.862578334825425	27.812060365775675	24.72343010615168	0.0
241.0	29.381723872950822	20.41655993852459	25.216124487704917	24.983990778688526	0.001600922131147541
242.0	25.314445228774947	23.172688185843548	23.745427709683632	27.767438875697874	0.0
243.0	27.76285957775241	23.74298531941921	25.333247576015822	23.159299577109227	0.0016079497033332799
244.0	25.693470657447254	22.705220572828523	26.891027190819273	24.708669793530294	0.0016117853746595101
245.0	27.066235864297255	21.7156704361874	25.429725363489496	25.786752827140546	0.001615508885298869
246.0	23.527983685624577	26.407276729356166	25.97190302010164	24.091218075292137	0.0016184896254815007
247.0	24.503966644494557	23.812845763234318	26.715228994630024	24.847904735638153	0.12005386200295268
248.0	26.868047097036136	22.557856272838002	25.214778725131954	25.35444579780755	0.0048721071863581
249.0	26.131275137185938	21.287023920016935	28.13248009379122	24.444335889795322	0.004884959210590591
250.0	26.2265412271119	24.315598963004028	25.372160897425445	24.082437918833868	0.003260993624757464
