# Position (bp)	A	C	G	T	N
0.0	25.085477857140702	23.4183205447273	24.557338737469696	26.9388628606623	0.0
1.0	23.202778087777602	30.098903568145275	23.847605530752787	22.775045052844824	0.07566776047950939
2.0	23.697638933825438	27.00187335482299	22.271552567774304	27.028036412585426	8.987309918395227E-4
3.0	25.881534109335476	21.667423376856643	24.142913450648358	28.299497577695842	0.008631485463680404
4.0	26.28038143593369	22.744815132598692	24.017680822858235	26.956973041531292	1.4956707809246137E-4
5.0	28.920814936010935	23.619248268597172	21.729286046922823	25.730102875585537	5.478728835296959E-4
6.0	26.19168922858374	24.076643084969167	23.303134246678837	26.422022087897286	0.006511351870969858
7.0	26.27212224755487	24.819529685828865	22.943838908169482	25.963566625195206	9.425332515809755E-4
8.0	27.78538975642329	23.654710741509096	23.76497710462128	24.794872861793547	4.95356527907396E-5
9.0	26.718457908124176	24.584033983121138	22.697494268758877	25.999816125769975	1.9771422583512017E-4
10.0	24.958824944157488	23.640630532705217	23.593714427097556	27.806830096039736	0.0
11.0	27.50630881954442	22.782503476288323	22.351487042794083	27.35941187314303	2.887882301468921E-4
12.0	29.5455515659759	23.67656894041086	19.523827593239957	27.254051900373295	0.0
13.0	25.976837968798876	22.10011032214441	24.534127752668617	27.38845569601286	4.682603752451343E-4
14.0	27.10825014136565	21.417905635932062	23.05009330829031	28.423658139576958	9.277483501155278E-5
15.0	26.294057072244215	24.03762099819218	23.362502574429623	26.305773587496283	4.576763770337994E-5
16.0	26.970329907429885	24.948165511811236	20.72933591045595	27.352123626211515	4.504409140887558E-5
17.0	28.9748611250989	26.163191367436756	19.31397931840361	25.54669279609677	0.0012753929639648712
18.0	26.22187654349023	25.568342854298017	19.314682694436645	28.89470487047456	3.930373005499466E-4
19.0	24.832360673044395	24.159890220263858	22.67542017446143	28.331546282020177	7.826502101415815E-4
20.0	22.973135507111113	25.288585187864353	24.028798812249452	27.709394273949112	8.621882596686869E-5
21.0	24.501953654788963	23.683029068384112	23.373460111226112	28.441172714018858	3.8445158195418445E-4
22.0	23.31374904739938	26.26727565516111	25.2982421455861	25.120606420063503	1.2673178990910798E-4
23.0	25.907552773210597	22.78376923669323	22.57116561241585	28.73700738094807	5.049967322503117E-4
24.0	28.7225840954329	21.661204206864582	23.047456967770447	26.568629778506942	1.2495142513347935E-4
25.0	24.95127484776738	25.052227594464988	18.73777750673911	31.25826679379845	4.532572300708977E-4
26.0	26.8500834762881	25.325774877717798	19.01618960169651	28.8077880034465	1.6404085109314773E-4
27.0	25.999145479114322	24.23842359295368	19.42567201525872	30.336718026506503	4.088616677876291E-5
28.0	27.526909461762237	23.243515161416333	23.202025781646167	26.02423367983301	0.0033159153422550325
29.0	28.720679280390833	22.613264974055816	22.2624045934879	26.40321192773562	4.3922432983351396E-4
30.0	23.995136975841557	23.229468498432208	25.301172322014704	27.47394454327834	2.7766043318994154E-4
31.0	26.55415808048509	23.995041726868628	22.632345626376747	26.81782293911904	6.316271504930639E-4
32.0	24.680459665875226	22.131212263594097	23.55928334152918	29.628692919960315	3.5180904117963915E-4
33.0	23.86329249094404	24.991001190671305	25.237349650141017	25.908201683368226	1.549848754134706E-4
34.0	26.97848429903662	25.69262175561388	22.625893765914306	24.702923333529288	7.684590589988285E-5
35.0	25.782706298779317	22.69704510878775	25.479315380704765	26.04059048319012	3.4272853805334E-4
36.0	25.164654487174854	23.96514716642841	24.791758543027058	26.07805929730423	3.805060654569364E-4
37.0	25.971763975561647	25.49173025908888	20.358830908693935	28.17763681911858	3.8037536962976546E-5
38.0	27.769210613683182	25.131648050673327	20.43589984442199	26.663203461886432	3.802933506848513E-5
39.0	24.312093691375402	26.53438181775321	21.301236995652605	27.85202134382122	2.661513975609886E-4
40.0	27.347747673769675	25.0433768394289	22.357282214811537	25.25151723896723	7.603302266240274E-5
41.0	24.279346075437687	23.500808339678283	21.372022134024355	30.842691738817905	0.005131712041771376
42.0	25.66134378626278	25.86773162283554	19.290383125000712	29.180465448281602	7.601761936381615E-5
43.0	26.075171865219815	25.455890808911413	21.995327743905335	26.469543115377057	0.004066466586376121
44.0	30.39657821897757	23.86742422515173	21.864241385128203	23.87122417742433	5.319933181639238E-4
45.0	26.71295151185636	23.91424195552901	20.993380226089805	28.375474883195544	0.003951423329279325
46.0	25.416942576866397	24.114494469828816	22.344110262263804	28.12441469996357	3.799107741555818E-5
47.0	26.026227448143977	23.361924121145723	22.96028047057608	27.650048453274973	0.001519506859243901
48.0	23.493485233791496	23.354239771799964	22.715237144476944	30.437037849931592	0.0
49.0	21.576457365901074	25.340188101105294	24.70313514498669	28.37854872821023	0.0016706597967110783
50.0	27.598199160023114	23.818493007659416	20.26491695527742	28.318239009948055	1.5186709199576897E-4
51.0	25.04062676632957	25.870320045157303	21.588993401400803	27.497630342547886	0.0024294445644404477
52.0	23.143875894532474	25.742385253271905	21.36162860019256	29.75211025200306	0.0
53.0	24.066236419074706	24.05800068983677	23.068882052645957	28.80548303118659	0.0013978072559796874
54.0	23.767299436838073	28.703692510868102	21.753432688777107	25.775386484415964	1.888791007541565E-4
55.0	24.6854831783038	27.70064809526895	22.157670533740585	25.454879700800287	0.0013184918863776431
56.0	26.96445198441516	24.565217063770675	24.711739252277308	23.758554033164486	3.7666372366743907E-5
57.0	23.55191197146364	27.44568175150152	22.027359019621947	26.969473161292118	0.005574096120768065
58.0	25.515656379460133	24.95082845069797	21.656306404182416	27.876869846307606	3.3891935188075763E-4
59.0	28.70337353398894	21.056224562375906	24.29311221905887	25.944277365320147	0.003012319256137883
60.0	23.875222247961034	22.32531535895114	23.380335079227073	30.418976892228915	1.504216318340308E-4
61.0	25.42743607541676	23.548635024677925	23.070192392295887	27.94730663570301	0.006429871906423178
62.0	25.98067470464799	20.794977333253623	24.612097278448864	28.611874690510646	3.7599313887720176E-4
63.0	26.79071540638426	22.885853277794507	22.99928452218075	27.3216277703147	0.002519023325780023
64.0	25.585058995622145	22.136436335689254	23.346820405783003	28.931646736271066	3.752663452885685E-5
65.0	24.313244747834517	25.940901975087392	22.796882246727577	26.943455074604238	0.005515955746275041
66.0	24.24106435972345	23.557866567809107	23.171053846101895	29.029264789423642	7.504369419094268E-4
67.0	27.050230900956475	25.31547209002511	20.646500165840468	26.986971392894826	8.254502831294471E-4
68.0	24.142069687938026	21.021937683651938	26.538961974481573	28.296768026028673	2.626278997871964E-4
69.0	23.08912466047391	23.770427840388972	25.304935696384888	27.832623017242675	0.0028887855095517507
70.0	26.075883782432097	22.610223960781934	24.386899017823733	26.926693314917998	2.999240442357973E-4
71.0	25.404363236281174	22.606408820948555	25.519991688504273	26.468115099267063	0.0011211549989311655
72.0	27.191921124394387	25.278023356876545	22.1900042373293	25.338332435298522	0.001718846101246014
73.0	25.1734548591458	22.110987946423734	22.86697503916301	29.843837388241123	0.004744767026334952
74.0	25.411013042744163	24.598213551962537	23.155278732811265	26.83433667881439	0.0011579936676423697
75.0	26.424616354625634	23.563655026198894	21.88369841461939	28.125527601101446	0.0025026034546386314
76.0	26.86421663963103	23.35157662612505	25.218024965908214	24.565210651951514	9.71116384190076E-4
77.0	25.06249311389937	23.65416181916306	23.757542030890814	27.524944024171848	8.59011874905462E-4
78.0	27.90048016575933	25.7593972550966	19.890634097408256	26.448853588844113	6.348928917018379E-4
79.0	27.478314711265522	19.893290491187148	22.918494235991062	29.707024999094383	0.0028755624618847933
80.0	23.962388157796465	23.372107786756686	28.359747262760095	24.302619982971603	0.0031368097151478033
81.0	25.25830421587881	24.71930923203484	21.6944547446234	28.327371676885317	5.601305776402595E-4
82.0	22.788630217703503	22.306226256009047	23.68159471495262	31.221980503695608	0.0015683076392265108
83.0	24.93134317212281	21.911749605608296	23.975841757913503	29.180019976289824	0.0010454880655670373
84.0	23.73091637610238	25.345792968885632	24.512835791695743	26.409148117408503	0.001306745907738512
85.0	25.24211350784496	26.477871454443164	21.391630475483637	26.887600570298133	7.839919301097327E-4
86.0	26.078466287464337	25.253016204012198	21.811189492534105	26.854938869582845	0.0023891464065184873
87.0	22.928489546841284	21.68845193510445	25.55698107206888	29.82506958880547	0.0010078571799185577
88.0	25.983292959228997	26.11617290816726	25.21076028979773	22.68895267458223	8.211682237758061E-4
89.0	26.458242822996862	26.176037192470137	22.359748168518674	25.004889424361725	0.0010823916525955753
90.0	23.060679516534456	25.284568775530385	24.94005198915431	26.714550431905593	1.4928687525775312E-4
91.0	27.56060578353774	24.63808572342364	23.697636673930266	24.1032986250411	3.73194067259274E-4
92.0	26.128065265960203	23.01224408460065	23.25129685943764	27.60835647299014	3.731701137012019E-5
93.0	26.703034183824254	25.5020030867238	20.809003740488325	26.98562315102557	3.3583793804461715E-4
94.0	28.567777131001954	22.168912968850282	23.25254854550068	26.005649338049825	0.005112016597262645
95.0	23.75137728429573	26.473409691380112	23.8581646233918	25.91447386340698	0.0025745375253769178
96.0	26.276981463780086	24.05451548465712	23.789579094015295	25.87787928511573	0.0010446724317661007
97.0	25.66364153918128	24.746888381674935	23.036085893424882	26.55316034170535	2.238440135530089E-4
98.0	28.18191212233918	21.97239959665942	24.31395356211434	25.531697413987025	3.730490003592462E-5
99.0	21.661978734030658	21.92900626147661	26.73434546924148	29.674594936137566	7.459911368793028E-5
100.0	22.574868881086278	23.90038020941729	24.57684265804948	28.947908251446954	0.0
101.0	23.63309599356751	21.385342218283967	28.92610095965224	26.055423534378463	3.729411782256055E-5
102.0	25.26824872714958	24.59843345503316	23.91989070512426	26.213389815779355	3.729691364309912E-5
103.0	26.443944108180023	25.72874001771976	24.247171252226156	23.579958176595003	1.8644527905637806E-4
104.0	26.438532846952118	26.18404405620455	22.002597463613697	25.37437818041074	4.474528188968274E-4
105.0	27.37106078629521	22.7198893235236	20.610435956430457	29.295407000809192	0.003206932941540596
106.0	26.880022373450174	23.241502750069916	23.652614896988908	26.22556166682204	2.983126689661602E-4
107.0	26.92297509690338	23.794324323820426	21.60590201711913	27.67594092762497	8.576345320951079E-4
108.0	23.970765586002372	23.898481055600186	24.62225834170564	27.508308620275084	1.8639641671528508E-4
109.0	27.02501620519901	24.339444777639326	25.112374062586547	23.522382184755298	7.827698198250249E-4
110.0	25.484009714484213	24.035819551517626	22.181331075167986	28.298690572209363	1.4908662081756122E-4
111.0	24.97712482002684	23.467977916086944	24.35857249931887	27.195392985342366	9.317792249758577E-4
112.0	25.65895297995376	23.330759288549924	23.658316425635697	27.351822229907917	1.4907595270714476E-4
113.0	28.93222343173356	20.954131777274842	23.136357724510418	26.97631813237205	9.689341091265767E-4
114.0	26.911212753754114	21.2028143409297	28.033468281271606	23.852020138212627	4.844858319572073E-4
115.0	27.916534664167003	22.876002131918018	26.22061624357536	22.986101534459173	7.45425880441143E-4
116.0	27.378162842625365	23.530777628156414	24.617741847116122	24.47309405758853	2.2362451357009453E-4
117.0	26.574126114951646	26.328475227686432	23.355469617707435	23.741034543933903	8.944957205833901E-4
118.0	27.465008680277318	23.416100964036296	24.836662450141517	24.281743390280027	4.845152648397708E-4
119.0	28.2086804713063	21.063573723700724	24.05230541358198	26.674806774925635	6.336164853591729E-4
120.0	25.288723800919417	23.669239146720813	25.113398588304047	25.928489377990573	1.4908606514911962E-4
121.0	28.147501555156918	22.80115348103566	24.14911765111485	24.901407337806173	8.199748864055245E-4
122.0	27.92101932288646	22.302086144203805	24.78412514778035	24.99213577454794	6.33610581445795E-4
123.0	25.106985654492803	27.67042976888415	22.075011088044665	25.14675353233423	8.199562441531529E-4
124.0	25.811019020493415	24.36761723167106	22.248543292736105	27.572596833669632	2.236214297906978E-4
125.0	27.065114131323973	23.30487581717372	24.427014055332087	25.201840651077955	0.0011553450922617593
126.0	24.232966721701892	24.467319883866974	24.31026450451525	26.989225270486333	2.236194295468352E-4
127.0	26.373812311928425	21.653732883017522	27.937531725722785	24.03391680089924	0.0010062784320244013
128.0	26.487961576032653	22.513516928259186	24.46017076407775	26.528660509400076	0.009690222230338818
129.0	25.363204405599276	25.898623660194005	21.817868751097134	26.91694889291652	0.0033542901930617625
130.0	26.738881937945408	22.533430683812576	24.00035928737362	26.727253549919517	7.4540948883917E-5
131.0	26.303084198254556	23.664117869804137	24.097497815955897	25.93448016768688	8.199482985327397E-4
132.0	27.13593067074755	25.17396977579134	21.499052768067756	26.184375350576445	0.006671434816913839
133.0	26.966890971467762	25.239824755274203	24.68367805210754	23.107295465514767	0.002310755635728009
134.0	28.21806182259593	22.463027308787613	20.704297109829607	28.61442740919277	1.8634959407467922E-4
135.0	26.259921049022356	22.98086899742992	26.632948019964342	24.125665627105708	5.96306477677267E-4
136.0	27.647791719511872	26.687391056261834	23.88810767638497	21.770038287073668	0.0066712607676571315
137.0	29.472400942635	20.660783707903903	23.246507699813314	26.620158569305772	1.490803420052126E-4
138.0	25.383560158265034	23.210751348968284	27.238705989199307	24.16571542927545	0.0012670742919197555
139.0	26.812746242358383	22.94650829640164	25.08280749456273	25.1566708853023	0.001267081374947267
140.0	27.617829144200485	20.668641355469326	25.913728360536236	25.799614801519926	1.863382740305565E-4
141.0	26.23404947564846	24.739352248176537	24.586513437777533	24.4396748830416	4.099553558617467E-4
142.0	29.202986401831527	22.822614096672332	23.416860804649918	24.557091474488388	4.472223578382613E-4
143.0	27.808799595414047	24.043869401025702	23.942946523173315	24.204235406712115	1.490736748188848E-4
144.0	28.591724038719196	23.778397349152154	23.010885813558872	24.618210155943405	7.826426263697643E-4
145.0	28.60220175184582	22.174791771251556	22.26166477901422	26.960372715390836	9.689824975672949E-4
146.0	27.370825075226723	22.23002792910911	23.959553104439365	26.434264477557207	0.005329413667598134
147.0	26.76456941610532	23.933998565186197	26.294919454770753	23.0027112390642	0.0038013248735220954
148.0	24.455547091505654	23.609593462241975	23.559802984745332	28.37446016836337	5.962931436723608E-4
149.0	29.059536640742284	24.583294200779076	23.077138090957472	23.277683114265567	0.0023479532556048995
150.0	26.10863307100231	24.217479326337507	24.65707883795158	25.016771494720334	3.726998826740769E-5
151.0	27.45515914014082	24.168519040313914	24.71174531614092	23.6638310814135	7.454219908432363E-4
152.0	28.647180943648692	22.681895944450034	23.318983671202652	25.351678537750793	2.60902947830592E-4
153.0	25.397383883994877	22.80829002025729	24.36934981000639	27.423969943924398	0.0010063418170433306
154.0	23.99916808549338	24.16920365803841	23.81910630316873	28.009763813806206	0.0027581394932775943
155.0	28.18290052729947	22.66698127203449	24.377815699404263	24.77215339919172	1.4910207005858965E-4
156.0	26.99980951976242	22.539999917992855	26.387365233368108	24.072527121068273	2.982078083478057E-4
157.0	25.444285689257413	22.4168619628826	26.006895351173476	26.131621510901237	3.354857852808967E-4
158.0	25.72200628562503	20.962794333469144	26.22241092599834	27.09267662431145	1.1183059603098304E-4
159.0	26.790190971348522	20.75410365290625	24.21752594267616	28.2374338735285	7.455595405712999E-4
160.0	26.29106021045851	20.84413783436793	25.898072114173072	26.96661800602716	1.1183497333108668E-4
161.0	25.72320608097403	19.786502340198286	28.434555530081475	26.05174718029872	0.003988868447491393
162.0	26.412727408291083	22.669959737548464	24.95888010736654	25.958358186698476	7.456009543692216E-5
163.0	25.034727581416888	23.8759112494995	27.076925600583973	24.012361005791284	7.456270835616816E-5
164.0	25.885989917435115	22.963746162742233	24.734793945688963	26.413717716517525	0.0017522576161690877
165.0	28.022525187787572	20.800826798471228	25.712217013719947	25.463685330404346	7.45669616908506E-4
166.0	25.03224209215851	22.627069636580636	24.99559106400955	27.344836213154622	2.609940966863817E-4
167.0	26.619101240902037	22.783938372509247	26.68595632979358	23.910407469275743	5.965875193890944E-4
168.0	26.418593100485793	24.20102527693962	24.01551637474961	25.364641518495706	2.2372932927438614E-4
169.0	26.366842573146865	21.83055104768269	25.489274079996182	26.312996694668513	3.3560450575151546E-4
170.0	31.92157096723671	22.203933384545394	23.054003863278716	22.82015617192336	3.356130158185601E-4
171.0	27.30183412855121	22.672454137463617	25.863804255208073	24.16086334744775	0.0010441313293469891
172.0	27.95221629215787	24.904977699494633	24.475932530997365	22.666724335030324	1.4914231980438494E-4
173.0	30.06695714489186	18.954971897984127	22.3581234102432	28.61826970329014	0.0016778435906747691
174.0	25.177036026160167	24.919535858371177	23.94632243823501	25.956658239930796	4.474373028479384E-4
175.0	25.02644731214391	24.06464890237595	22.46557934063131	28.441646434208746	0.0016780106400790232
176.0	24.689710774605263	24.36762826524802	27.82163408488405	23.119684398669307	0.0013424765933612295
177.0	22.546240335244995	25.597488944575748	23.60727015589295	28.222893464758958	0.026107099527349614
178.0	25.88958432548969	22.116698844542633	24.168760994521993	27.82443372967377	5.221057719166017E-4
179.0	28.269509492455192	24.096014369781685	22.710468741025412	24.922739299309036	0.0012680974286713843
180.0	27.353994030212558	21.7202175579387	24.768108660755736	26.157492704237395	1.870468556114244E-4
181.0	27.745923746727826	22.186040435174686	26.477294379286864	23.589805595370493	9.358434401305389E-4
182.0	26.091725411494558	21.887516148510517	25.84502895407815	26.175579746033673	1.4973988310556025E-4
183.0	23.570047450139917	23.908768448932605	26.265365141461317	26.255257419348798	5.615401173618846E-4
184.0	27.15579094992911	21.50719954115818	26.011831200420204	25.321434494676858	0.0037438138156463715
185.0	25.581902884854745	23.49787468204457	23.704884955818468	27.214888268731528	4.4920855068476226E-4
186.0	27.044183144733573	22.74435576526752	25.07269267442779	25.138730978890578	3.7436680534461024E-5
187.0	24.30524251163523	22.846459926419573	26.44200009750719	26.40562241465308	6.750497849216379E-4
188.0	29.094148788945507	27.619700909931687	21.59795736050052	21.687555365866647	6.375747556400988E-4
189.0	25.255801166515578	23.682156572330005	24.051066843045483	27.00996275266472	0.0010126654442169489
190.0	29.902968920722884	21.347625122231253	24.059686735409986	24.689494169845837	2.250517900431837E-4
191.0	26.67760023764931	23.790544126047276	24.210298612673302	25.321219026817044	3.3799681306560483E-4
192.0	27.809426160242474	22.369422254271218	23.61193424447624	26.209142226178272	7.511483179911289E-5
193.0	27.707835624671322	24.415671249342648	21.317894974081586	26.55844790023289	1.5025167154984601E-4
194.0	27.74091926275958	22.79674422920374	23.63623181382587	25.826104694210816	0.0
195.0	27.253387478381498	20.699960510886186	24.285541987147816	27.760283419869975	8.266037145316557E-4
196.0	29.32101032957668	22.198586931090567	26.114497538450987	22.365754497643945	1.5070323782138877E-4
197.0	25.919553353877973	23.897572251024403	22.234820822282867	27.94722455227238	8.29020542375385E-4
198.0	27.873779368911954	22.464070083785153	24.024354629151432	25.637531456740348	2.6446141111319743E-4
199.0	26.123623581935394	22.333410063923647	25.118503329451368	26.4238572568713	6.057678182817699E-4
200.0	27.78691358202326	22.557405056317407	23.596703234705775	26.058826669917945	1.5145703561474327E-4
201.0	25.07367091311036	20.321736081290577	28.954088877680157	25.65012545450277	3.7867341614163596E-4
202.0	25.72632100366285	25.116376476576253	27.762549572667698	21.394715076453245	3.7870639953222184E-5
203.0	26.37604938149997	24.089772008739434	21.30401196273126	28.229257394590174	9.092524391643819E-4
204.0	25.900656583319094	22.569999496072587	23.81697356351323	27.712143021419944	2.273356751433825E-4
205.0	26.813218625997703	24.297175059036082	25.272786109014405	23.61591079261435	9.094133374560071E-4
206.0	25.971184225335886	20.152207682160164	25.357563373444297	28.518855236336115	1.8948272353371635E-4
207.0	25.98870570434325	23.74451498167586	26.713522188147547	23.552916000050033	3.411257833100799E-4
208.0	29.056387043945048	22.23830861614048	20.549464713553515	28.155763806750976	7.581960998392624E-5
209.0	28.297327466834112	18.8781306069582	25.026883065867683	27.796824689043692	8.341712963173611E-4
210.0	25.225619840665765	24.13185141193251	24.15608489988232	26.485988758543822	4.5508897558333875E-4
211.0	25.816137091457275	24.633194468574864	25.435466580277666	24.114215568380715	9.862913094837978E-4
212.0	28.7147279031357	21.289902176289136	24.776769449369702	25.2182968594399	3.036117655631391E-4
213.0	30.07648846445506	22.664060218669746	21.834166265105075	25.424753433588926	5.316181811899058E-4
214.0	28.163000851219067	24.569602359092844	23.68262449078859	23.584658296345836	1.1400255365720191E-4
215.0	25.662547803696313	24.478577849557386	22.747131778221323	27.111171209604922	5.713589200554599E-4
216.0	26.032534181416057	24.01868364984608	25.77738674132747	24.17128011521994	1.1531219045883873E-4
217.0	29.37758046838467	22.170729619021458	25.175066026284988	23.275810301456435	8.135848524447643E-4
218.0	24.441411986421915	24.03421789864723	25.89051975748844	25.63349875552455	3.5160191787126136E-4
219.0	26.891838906626337	22.76265558398281	23.008521075481063	27.33623496425819	7.494696516070602E-4
220.0	28.521594921303016	22.054370012107228	23.21957187319739	26.20406701445895	3.9617893342292263E-4
221.0	25.426298747289184	21.772309484810457	23.70805593406659	29.092936817807285	3.9901602647870354E-4
222.0	26.835430456351535	22.78763690020679	24.415812989044753	25.960917632399156	2.0202199777129333E-4
223.0	30.43671428303084	22.36452775515971	24.14758922249291	23.050270368715793	8.983706007404207E-4
224.0	31.192220229712404	21.723412245185454	23.802019965412505	23.28206090036418	2.8665932545784615E-4
225.0	30.69009530502794	19.69294351072418	24.46992184510402	25.145846071805067	0.0011932673387916397
226.0	25.973446088371844	22.371541304231815	25.95147486525428	25.703287595389295	2.5014675276162015E-4
227.0	27.17134118554795	23.18467023983706	25.308019585892964	24.334200092488004	0.0017688962340199179
228.0	27.99327382233739	27.62291958572091	22.090232451523434	22.293531848053686	4.229236457879131E-5
229.0	28.78146419891313	24.957885592178926	20.632816980256152	25.62783322865179	0.0
230.0	26.126021732341126	22.56127163272559	26.64290252754235	24.669804107390934	0.0
231.0	26.248141103687683	23.676977870052752	23.38953276165251	26.683510156423008	0.001838108184045396
232.0	24.646475484701384	25.060850147469537	24.761821419163958	25.530501150161232	3.517985038889126E-4
233.0	23.469464425365313	25.088508106555622	22.307288408605793	29.134338922359614	4.0013711365094435E-4
234.0	26.83456679361525	20.380493028379384	27.0729684533828	25.710615114267288	0.001356610355278164
235.0	26.398950804063116	20.937821865572914	27.858395169670363	24.804282843449162	5.493172444415962E-4
236.0	28.43974989207481	23.498168753220348	24.102178464166517	23.9595779544811	3.2493605722588165E-4
237.0	27.694028192080484	24.629116219219746	22.039328537170263	25.63705913318126	4.6791834824823066E-4
238.0	27.465471125830454	21.69272312332357	24.632667012421578	26.209043924463614	9.481396078684211E-5
239.0	27.688502840303897	22.988837386891564	24.690903862457446	24.630361365134736	0.001394545212357979
240.0	25.457060721052326	21.537650720465642	26.59133745262754	26.413605996230416	3.451096240720865E-4
241.0	28.461692279207558	21.351947170277107	23.420699870394373	26.76368573720916	0.0019749429118064554
242.0	27.06903104734304	24.347291176726767	20.602467713455432	27.980319262655296	8.907998194645699E-4
243.0	27.510019056533057	22.92306594036356	24.445109847726204	25.11897939475182	0.0028257606253556987
244.0	26.546753583532297	22.647616095318433	25.911568944806596	24.893067813635454	9.93562707219922E-4
245.0	28.389762552010545	21.767277660842947	22.884688753569886	26.956677222345633	0.0015938112309900657
246.0	24.283565599172007	26.504005724887993	23.148069596912393	26.06186392212715	0.0024951569004562145
247.0	26.08227339978898	23.11108931070451	24.707896796875158	25.961898450591715	0.13684204203963712
248.0	25.990336421228605	22.128312521861314	23.87546391091307	27.995213311324186	0.010673834672824418
249.0	24.686484372722457	21.605360853345555	29.879911577283924	23.81200823911529	0.016234957532768983
250.0	27.773504755990857	21.100399995161347	23.140395479086948	27.9847925226711	9.072470897529465E-4
