# Position (bp)	A	C	G	T	N
0.0	24.682751040402003	23.334829407532794	24.552759893184668	27.429659658880535	0.0
1.0	22.974186649487752	29.92627866114736	23.732220766463975	23.289834696474404	0.07747922642651009
2.0	24.664706610591978	26.646385564411446	22.062431719605318	26.625752125063258	7.239803280065274E-4
3.0	26.487208778234123	21.97900938840445	23.78101584605245	27.74531429848861	0.0074516888203687215
4.0	26.292184217489183	22.95041199238331	23.721695855786038	27.03549105819654	2.1687614492531506E-4
5.0	28.40783042739783	23.559814320542596	22.357288525309947	25.67441679087663	6.499358729938646E-4
6.0	25.913844991355084	23.655423226061366	23.452314516396505	26.97344229246789	0.004974973719160571
7.0	26.043177063956772	24.833180179797694	22.96540265227863	26.15766442896998	5.756749969237367E-4
8.0	27.83895225757528	23.9214078284823	23.355972758007578	24.88359534553727	7.181039757108511E-5
9.0	26.26519687929454	24.96263282819847	22.390839469196187	26.381259135691042	7.168761976312977E-5
10.0	24.750530739941727	24.570322684154583	23.07651536638962	27.602631209514065	0.0
11.0	27.722321883097443	22.33799551769137	22.333967412630056	27.605715186581133	0.0
12.0	28.948170095135474	23.672282696871967	19.791081211890532	27.588465996102023	0.0
13.0	25.136688241121103	22.38355854590118	25.274409049760276	27.205208744526544	1.3541869089397324E-4
14.0	27.168077582511785	21.33505679382769	23.04081386626661	28.455984783540504	6.697385340762966E-5
15.0	25.916900674856898	22.763266659474898	24.591674183828186	26.728158481840016	0.0
16.0	26.65412699765581	24.362959006212797	21.742966280175068	27.239882653681974	6.506227435589974E-5
17.0	29.295107445789625	26.434155800377617	18.687213367972916	25.58212148960398	0.0014018962558537133
18.0	26.22935785618964	25.505119820885326	19.783506523897767	28.48188930561441	1.2649341285552555E-4
19.0	25.189325379012757	24.338470778511496	21.566126480496447	28.905699624087845	3.7773789145449866E-4
20.0	23.199542983147502	25.287244967158163	23.368174201423678	28.144975345965882	6.250230477248849E-5
21.0	23.975194743187934	24.445588019462246	23.233501711337308	28.3455916731225	1.238528900142988E-4
22.0	22.820372623849472	26.80986929753022	25.611768438351255	24.757989640269052	0.0
23.0	25.69047056258257	23.089467541058102	23.01715128938533	28.202727373228203	1.832337457924951E-4
24.0	28.59422563163579	21.01048422890909	24.385719002347432	26.00957113710769	0.0
25.0	25.30519476242738	24.675196373048617	19.323143908708314	30.696345207024706	1.19748790986269E-4
26.0	26.745088793470934	24.771854243915914	19.638693806009424	28.844363156603727	0.0
27.0	25.68171819049219	24.472209077463564	19.969042361615376	29.876911622295438	1.1874813342777768E-4
28.0	27.947149403667815	22.979543010484583	22.67241536095859	26.398780172284823	0.002112052604190195
29.0	28.360197968886126	23.1043991602516	21.99980614047154	26.535306521515796	2.902088749356462E-4
30.0	23.753606675723237	23.919150496689124	25.02335257662528	27.30383259027933	5.7660683025386846E-5
31.0	26.4729421409978	24.326294963904864	22.396494173222198	26.803924247869716	3.444740054174279E-4
32.0	24.382609485735056	22.8507177902962	23.910423859712886	28.856078502634926	1.7036162093403596E-4
33.0	23.961344825412265	24.79938396692875	24.607211369592825	26.632059838066162	0.0
34.0	26.54300520679831	26.156793398172706	22.494172494172492	24.806028900856486	0.0
35.0	25.74269135120199	22.13268858800774	25.553744128212212	26.570765404807954	1.105277701022382E-4
36.0	24.441046810051994	24.213169716807357	25.709858955840325	25.6358693011401	5.5216160224045086E-5
37.0	25.923384797621207	25.045965699183686	20.872429246493716	28.158220256701387	0.0
38.0	27.74284905438598	24.820057138032443	20.871937191208225	26.56510143187225	5.518450110175856E-5
39.0	23.925951837355345	27.142937539518506	21.31334409597659	27.61760100461146	1.6552253810052955E-4
40.0	26.890257021332935	25.819527883973542	22.262714529235556	25.027500565457967	0.0
41.0	24.312288942896952	24.056455465227497	21.351890729649433	30.27539332052879	0.003971541697326601
42.0	25.312272314364332	25.2747119406138	20.044278220333233	29.368737524688637	0.0
43.0	26.623345467901483	25.501288551059766	21.62824543630124	26.24414251104492	0.0029780336925908178
44.0	29.25113688434962	24.39679097263923	22.414777097880407	23.9371847616968	1.1028343393939595E-4
45.0	25.571260884211778	23.833095061008926	21.508189382114747	29.084587685961306	0.0028669867032464764
46.0	25.45752246540603	24.116709851700755	21.693257621699104	28.732510061194112	0.0
47.0	25.376611292164807	23.47282798036682	23.141859860027605	28.00715737853845	0.0015434889023147923
48.0	23.175937284050217	23.348642003066143	22.684935673829447	30.79048503905419	0.0
49.0	22.662351760034472	25.41665886045468	24.35747528369611	27.56219163166729	0.001322464147445936
50.0	27.828985103195507	24.204703923462482	19.72546947496712	28.240786400529377	5.509784550894706E-5
51.0	25.128344688190857	26.30736948340953	20.912678235087697	27.64967946193015	0.0019281313817705644
52.0	23.44692595253394	25.22708171753755	21.436459168714638	29.889533161213865	0.0
53.0	23.16137493552246	24.523744197021415	23.403151991395678	28.910521637016146	0.001207239044305673
54.0	23.487022133404007	27.58447561495548	22.30235249381464	26.626149757825875	0.0
55.0	24.5667661486779	27.43174955709251	22.333374016422468	25.666851473703854	0.0012588041032635317
56.0	27.044106726468687	25.07131861595096	24.636922165984537	23.24765249159581	0.0
57.0	23.365971049575986	27.59625244454561	22.389137736123683	26.64458960634471	0.0040491634100084375
58.0	26.00976402956893	24.749620977727005	21.231976950631086	28.008473903954034	1.6413811894432927E-4
59.0	27.977175557275842	21.84198504812992	24.307593832148434	25.871057217026422	0.0021883454193827225
60.0	24.38727438080178	22.67681526331457	23.171573005169886	29.76433735071376	0.0
61.0	26.00230377621583	23.36792638839657	22.319375041987385	28.30498763727486	0.005407156125352079
62.0	25.516082415895962	21.476882107431653	24.70046520874317	28.306570267929214	0.0
63.0	27.098078536227327	23.023760529167102	22.271591345985808	27.60454894970466	0.002020638915102583
64.0	25.91598288861197	21.18098218844213	23.21632414648752	29.68671077645838	0.0
65.0	24.820189941315533	25.43961591122197	23.546087002951385	26.190347764449236	0.0037593800618826653
66.0	25.001607203759658	23.05040735805122	23.31660388583732	28.630945700484776	4.3585186702595387E-4
67.0	26.899135528325775	24.892839943080414	20.919691518502134	27.287788220783494	5.447893081829533E-4
68.0	23.824683485346437	22.148753307326864	26.769668414776515	27.256840317329058	5.447522112854137E-5
69.0	23.24968255775379	23.854606821018134	25.08422909879086	27.809139177248525	0.0023423451886867997
70.0	26.045959235078588	22.585584909518232	24.39043489325881	26.977803444821834	2.1751732253577342E-4
71.0	25.101426450977172	22.391207556399397	25.800199246507628	26.70667866267306	4.880834427453718E-4
72.0	28.259585836966888	25.162228947381266	21.5691973496776	25.00779490638792	0.0011929595863249959
73.0	25.994220217311153	22.107723004185733	22.45678717820816	29.437962219957058	0.003307380337894988
74.0	25.30444253255853	25.0790821429675	23.48220563688299	26.133619140399468	6.505471915064559E-4
75.0	26.16231951623439	24.201128099767168	21.74511233564356	27.889867972754303	0.0015720756005735365
76.0	27.19541751433653	23.206829278340905	25.011451335483205	24.58592241930264	3.7945253672151924E-4
77.0	24.275321076749456	24.20718678552496	24.389962306614066	27.127204607764384	3.25223347133644E-4
78.0	27.723864902718336	25.76543996808589	20.01596789509971	26.494347820431102	3.794136649625573E-4
79.0	27.636981122667166	20.174773457371938	22.395945403213087	29.79018621508637	0.0021138016614481057
80.0	24.15773725163526	23.030547081245167	27.655560427267833	25.15404155504333	0.0021136848084053112
81.0	25.46207174631253	24.432463602230257	21.582479210565108	28.522714462856495	2.709780356043461E-4
82.0	23.311995387014925	21.61133649753472	23.722568400835453	31.35334099996423	7.587146506715166E-4
83.0	25.811328934711632	21.672542033030307	23.89844332145615	28.617035401227458	6.503095744536722E-4
84.0	23.935751981536903	25.118523732653593	24.745977996229566	26.19936697028467	3.7931929526810015E-4
85.0	25.173772161775542	26.8562789891196	21.02285534700247	26.94666001994018	4.334821622090251E-4
86.0	25.999211099227026	25.01574008753764	21.978309563362927	27.005763960455266	9.752894171345345E-4
87.0	22.91955624712848	21.625313158282548	25.035162582244684	30.419480395641358	4.8761670293090144E-4
88.0	25.061044487846633	26.255929049157945	25.352356856296915	23.330398719244116	2.7088745438932487E-4
89.0	26.430068964022773	26.021539745055232	22.528536369989542	25.01925900243243	5.95918500018961E-4
90.0	23.927515654362935	24.750822196014997	24.972114946551166	26.34949303103895	5.4172031954998213E-5
91.0	27.011950335228	24.65503502871255	23.733340844838484	24.599186265646185	4.8752557477911026E-4
92.0	25.819224371359688	23.595861046156713	22.61528886606683	27.96962571641677	0.0
93.0	26.7162122490719	25.62578334631463	21.092367972632033	26.565365612166524	2.708198149109057E-4
94.0	28.422512737658135	22.862898006117106	22.902815744162506	25.807982139384944	0.003791372677310313
95.0	23.92608664098034	26.21889992190115	23.623548374168234	26.229298659321117	0.0021664036291593595
96.0	26.606905239396834	23.75532981343148	23.57563393165166	26.061481120830045	6.498946899812777E-4
97.0	26.157210466545106	24.51884100510633	22.77102306974538	26.5527629917938	1.624668093847328E-4
98.0	28.256957542891154	22.562632913695655	24.378517626786195	24.801891916627	0.0
99.0	21.98122131312196	21.484221235694122	26.619744314874644	29.914758990969098	5.414534017080689E-5
100.0	22.750913386884044	24.287482430702795	24.415962992400534	28.545641190012628	0.0
101.0	24.187954505095654	21.55507334883902	28.324140365466494	25.932777640623172	5.413997565866694E-5
102.0	25.318561266696953	23.973762453169478	24.340447006447302	26.36717512652837	5.414715789690272E-5
103.0	25.70585633217304	25.242982856517887	25.170051452645207	23.88089278433908	2.165743247889348E-4
104.0	26.375596305141475	26.755672309513972	22.26844735703701	24.60017574454561	1.082837619294867E-4
105.0	27.929719120135367	23.105840947546533	20.39033502538071	28.571668358714042	0.002436548223350254
106.0	26.72862908421886	22.62521617000356	24.460806767569466	26.185347978208114	0.0
107.0	26.59791157491681	23.657916707725526	22.393989632592685	27.349803079901807	3.7900486317383E-4
108.0	24.256185371663687	23.798603215851877	24.392128200963672	27.55308321152076	0.0
109.0	26.35887630279105	24.036102443281354	25.07432919659504	24.530313102943502	3.78954389049734E-4
110.0	25.41308992836328	23.69122099654782	22.452451959331693	28.44323711575721	0.0
111.0	25.014386911835164	23.59161201083823	24.325168569131613	27.068453549087383	3.789591076054386E-4
112.0	26.25268173690476	23.596036632404314	22.872840602917798	27.27838689228174	5.4135491390562134E-5
113.0	28.861975667666712	21.276933220878124	22.404282248136965	27.45632165365456	4.8720966364127513E-4
114.0	26.309569503099574	21.86568687266233	27.485084108790048	24.339497106687936	1.6240876011197543E-4
115.0	27.606494397339787	22.873698816882314	26.062643030661008	23.45667649665497	4.8725846191993906E-4
116.0	26.982219175916573	24.07888054764202	24.425812892586325	24.513087383855087	0.0
117.0	26.606122982651716	25.865966158845417	23.758541364268577	23.768828087736004	5.414064982856364E-4
118.0	27.184426071971707	24.09096052324552	24.198751872543088	24.525753253636672	1.0827860301111967E-4
119.0	27.487562525750675	20.835022974609632	24.400080344811347	27.27706345128609	2.7070354226413194E-4
120.0	25.397839460888484	23.36350234077353	24.602837297967177	26.63582090037081	0.0
121.0	28.126333228660222	23.138731578434452	23.63645223116155	25.097995690355273	4.872713885068922E-4
122.0	27.249092047046798	23.340184037786436	24.243805670997265	25.16664753667004	2.7070749946399915E-4
123.0	25.01702718827793	27.694383355909924	22.475780245862854	24.812376085923145	4.3312402614769746E-4
124.0	25.840717163656286	24.264260817496403	22.452023600825964	27.442998418021347	0.0
125.0	26.995188624646133	23.697553058041308	23.97377267158289	25.332565274614378	9.203711152894756E-4
126.0	23.93552428342419	24.03730639067113	24.51703578020046	27.510079406285477	5.4139418748372435E-5
127.0	26.156613878067215	22.452136195019694	27.57439164622038	23.815937927017035	9.203536756760268E-4
128.0	25.908765828250118	23.360166488639177	24.629350011071452	26.093434385815982	0.008283286223270837
129.0	24.93885068522964	25.733710569655	21.781553750220613	27.542961521678638	0.0029234732161128847
130.0	26.62013952727907	23.40974525389612	23.83208434438096	26.138030874443857	0.0
131.0	26.35825738959261	24.232428180311636	24.26047227776	25.148409038861647	4.3311347410604023E-4
132.0	27.35710031941963	24.95549780737372	21.477992528828977	26.20404959125115	0.005359753126522657
133.0	27.37956281833616	25.067890059249503	24.27416106510516	23.276599476802605	0.001786580506565954
134.0	27.603971824108026	22.478562468633452	20.220116711989697	29.69734899526883	0.0
135.0	26.668283569363233	23.10907650855127	26.069361877440578	24.152899083075415	3.7896156950723627E-4
136.0	27.84336102898542	25.744450357614447	24.599087976239524	21.80714535913304	0.005955278027568606
137.0	29.09710059796276	21.07958129072251	23.44674504156504	26.376302375880094	2.7069386959593526E-4
138.0	25.277214917824853	24.02208083204265	26.61138699218769	24.088505223815552	8.120341292530965E-4
139.0	26.48215737714148	23.207806817431297	24.684036322965603	25.624754358745044	0.0012451237165751951
140.0	27.470779625048046	20.83370778000942	25.2761250994765	26.419279221728374	1.0827373766356102E-4
141.0	26.40305031415897	25.12540914293015	24.560161199336925	23.911108656885133	2.706866888196653E-4
142.0	29.378282100977728	22.1958812001256	23.293415767077754	25.132312656322746	1.0827549617246122E-4
143.0	27.74092817684344	24.577077743635055	23.864519789426726	23.817366015067552	1.0827502723116936E-4
144.0	28.3576708130521	24.648499229353746	22.846372602997807	24.14707839261652	3.789619798273124E-4
145.0	28.32068342013231	21.77665414307214	22.31444688660553	27.587511774705227	7.037754847930359E-4
146.0	28.00841938407268	21.24968735890548	24.551826960868702	26.185735337268007	0.004330958885124564
147.0	26.80064507991228	24.165161245617046	25.97063792859838	23.059982795703583	0.003572950168713624
148.0	24.71944114516735	24.322246679579862	23.155457485521378	27.80247573903506	3.789506963489725E-4
149.0	28.651821647554588	24.20264685405923	23.79824531960714	23.345012435211842	0.002273743567200491
150.0	25.950241861044265	23.798585376813282	24.528959713285712	25.72215891096211	5.4137894631415675E-5
151.0	26.912109526209704	23.517459691849258	25.471513732734262	24.098538073275538	3.7897593123860704E-4
152.0	27.73786449817548	23.155609455025825	23.306985154786524	25.799486751919265	5.4140092904399424E-5
153.0	25.118472379003332	22.778314668485777	24.508420160742368	27.59414310889497	6.496828735473497E-4
154.0	23.340707365694616	23.54720192829322	24.840797781509913	28.269397982265502	0.0018949422367465032
155.0	28.6080789779905	22.9383044011971	23.098365653324436	25.355142671647553	1.0829584041091774E-4
156.0	26.42503824234138	23.018505232093787	25.86936686927211	24.687035507844758	5.414844797011005E-5
157.0	25.455797769284832	22.361354630428824	25.988297355046292	26.194171203436067	3.7904180397907254E-4
158.0	25.194912087852583	20.825675653723067	25.517319803111445	28.461930006010622	1.624493022802467E-4
159.0	27.255452823424804	21.3090350243521	23.601392353104906	27.833686584088664	4.3321502952901945E-4
160.0	26.91270257727409	20.192284260990633	25.38982942542703	27.505183736308247	0.0
161.0	24.899492262637114	20.04777366697281	28.694850711352178	26.354850797996775	0.0030325610411215276
162.0	26.044193844660867	23.375927113298445	24.45006801719059	26.129811024850103	0.0
163.0	25.694728006281984	23.347269231810674	26.842869134331593	24.115079472529853	5.4155045896401404E-5
164.0	25.868479969152485	23.087816855871264	24.90184142773742	26.140941087526574	9.206597122559303E-4
165.0	27.191451797213062	21.669239142796794	25.826577198654732	25.312352759589917	3.7910174549275104E-4
166.0	25.171279060572942	22.678376648205536	25.39864016611767	26.751649965717107	5.4159386742432046E-5
167.0	27.065768243997475	23.06305369467386	26.254382301918326	23.61636247140976	4.33288000576273E-4
168.0	26.169623426157923	24.144738766317968	23.02432244764873	26.66126119685118	5.4163024203288994E-5
169.0	26.78512137509147	21.896102250058092	25.16841176480147	26.15014795102856	2.1665902040873808E-4
170.0	31.709284211575415	22.373019432473832	23.048086110406956	22.869501914214588	1.0833132920374306E-4
171.0	26.21071988603587	22.828682777279756	26.15904603793207	24.80084714778233	7.04150969967961E-4
172.0	27.81838316722038	24.03246987087324	24.106983784017956	24.04210902533527	5.4152553157499995E-5
173.0	30.001759710216337	19.292163333595035	22.328610993045082	28.376166484829945	0.0012994783136020187
174.0	24.850720893010685	24.878605818690588	23.67191950082193	26.598428914556255	3.248729205425811E-4
175.0	25.752751578712534	23.925874424261327	22.56830618846649	27.751876531738322	0.0011912768213268874
176.0	25.23017305894878	23.86294346423315	27.49822110693178	23.407579329966524	0.0010830399197684028
177.0	22.687130073767264	26.112019444533203	23.758030807757233	27.418719804081597	0.02409986986070275
178.0	25.77248795872988	22.65085569646576	23.52848476577604	28.04795496072169	2.1661830662971158E-4
179.0	29.203998017780403	23.516869176214446	22.428489803213253	24.849559822683418	0.0010831801084804878
180.0	27.087863036966723	21.630009101038908	25.11582646773258	26.166029883554486	2.715107072962529E-4
181.0	28.254142486411098	21.896718375108584	26.115383130018838	23.733103284344576	6.527241169050651E-4
182.0	26.233669876528303	22.296544217598267	25.332177978967547	26.137444741261	1.6318564488519073E-4
183.0	24.317301059896902	24.422453016169356	25.546811931945523	25.71299880541285	4.351865753645232E-4
184.0	26.832436878694914	21.4190549607299	25.659202890705796	26.085769138495035	0.0035361313743528197
185.0	25.499237883655677	23.494561829340338	24.0254865631436	26.980169743600346	5.439802600443235E-4
186.0	27.5960163732153	22.172007982051266	24.9376538253132	25.294321819420233	0.0
187.0	24.552683734028314	22.672311563405582	27.39041657920348	25.384097420812875	4.90702549744971E-4
188.0	28.219109363839102	27.462335807019745	21.50880330648811	22.809533416577153	2.181060758900091E-4
189.0	25.516666375843023	22.95530985804898	24.15119484893166	27.375956446251426	8.724709249064275E-4
190.0	29.353725173688744	20.707406720691047	25.146367533019948	24.792336972526094	1.6360007416536696E-4
191.0	27.349065682411762	23.292673468919617	23.85549235866173	25.502331561223006	4.369287838851926E-4
192.0	27.778187425136945	23.05429793816291	23.31516137648067	25.852298640571586	5.461964788897792E-5
193.0	28.257664442112517	24.027861461825417	21.275419541589258	26.438781424308257	2.7313016454999896E-4
194.0	28.641747070524303	22.633050834031252	23.736879570946332	24.988322524498113	0.0
195.0	26.99395252062088	20.986032005525125	24.195654644560328	27.823923714774036	4.371145196329987E-4
196.0	29.054788397235598	21.99687098739192	25.763628076971955	23.18465775876803	5.4779632494401524E-5
197.0	25.382526220859546	23.296363240883448	23.722953874408343	27.597663558826607	4.931050220554918E-4
198.0	27.644072847736638	22.76982975741021	23.753064547731206	25.832977963795667	5.488332628082591E-5
199.0	26.095991261221172	22.63859638315321	25.115958776812974	26.149013559737817	4.4001907482689375E-4
200.0	28.167844200307602	22.926040912601405	23.627555387353926	25.278559499737064	0.0
201.0	25.62882295696834	20.63124621451963	28.41697193477174	25.322628824607314	3.3006913297990264E-4
202.0	25.71051790413242	24.794996624768313	27.916439496427536	21.578045974671735	0.0
203.0	26.81274472844945	24.050267877043474	21.64985842553789	27.486358495705986	7.704732632019218E-4
204.0	26.237853457172346	23.279587203302373	24.03219814241486	26.45036119711042	0.0
205.0	28.451742129305234	23.585195932784046	24.67460125684525	23.28774512583039	7.15555235084664E-4
206.0	26.312416908200593	20.703930328128312	25.59516436693339	27.38848839673771	0.0
207.0	26.596456955210336	23.414169756488626	26.378471713675644	23.610571210531127	3.303640942682931E-4
208.0	28.508607923552187	22.146437959122757	21.238972655434686	28.105981461890366	0.0
209.0	27.698109008908272	20.144995629310444	24.79968361385247	27.356660936390632	5.508115381797771E-4
210.0	25.542308192357442	23.63563544372974	24.29313730027038	26.528643612508567	2.7545113386704745E-4
211.0	25.440369080676334	25.135300007549578	25.28089113674049	24.14288871095642	5.510640771798304E-4
212.0	29.008897849773597	21.810124439783902	23.86491631698817	25.315840863067724	2.205303866063075E-4
213.0	30.202956080242455	22.811100581088102	22.307792449936727	24.677985399430497	1.654893022198735E-4
214.0	28.25730300731874	24.019853006932323	24.28140218623759	23.44144179951135	0.0
215.0	25.80882308199942	24.502248889660862	22.902055060872968	26.786596385292246	2.765821745001192E-4
216.0	26.817382772119885	23.99820298452086	25.299418763836627	23.884995479522626	0.0
217.0	29.878020620136002	22.24819858229525	25.276957059969156	22.596260530563555	5.632070360328598E-4
218.0	24.540248067528168	23.994458609688117	25.13653256418806	26.328533559320878	2.271992747799149E-4
219.0	26.819232924275273	22.050958500202082	24.2323846309292	26.89690726384245	5.166807510012125E-4
220.0	28.29111049111003	21.33552460161728	24.267566078152417	26.105568250205792	2.3057891448058642E-4
221.0	26.074168582691286	22.45031348117052	23.699710521137412	27.77563327491901	1.7414008176457307E-4
222.0	26.36173643250753	24.033424706401433	23.813577818874798	25.791261042216235	0.0
223.0	30.96017781598373	22.02657503570924	23.648837178928524	23.36381629956104	5.936698174702779E-4
224.0	30.638169200284043	21.773216691101062	24.1301683502886	23.45826718785435	1.785704719439003E-4
225.0	30.975607420018342	19.41822487530739	23.79797043773511	25.807359198519254	8.380684199058012E-4
226.0	25.85353455892142	22.348445423408812	25.337117407142944	26.460660558897214	2.4205162961259637E-4
227.0	27.738899245179233	23.13644836964826	25.245179231733033	23.87825077162852	0.001222381810958653
228.0	28.19064909923079	27.86445345800546	22.38324886190826	21.561464324232695	1.8425662279721207E-4
229.0	28.014320925908276	25.127852145848628	21.200553623622596	25.657273304620503	0.0
230.0	25.9722710940249	22.74119041919611	26.933464000735004	24.353074486043987	0.0
231.0	25.37106097923882	24.783492360974808	23.524398660242245	26.319528425531374	0.0015195740127517587
232.0	24.944764881664486	25.21712237760458	24.447012467355282	25.390845733659823	2.5453971583186126E-4
233.0	23.31606184278847	25.036562242029497	21.638541782616	30.00831939796641	5.147345996233429E-4
234.0	27.532650323481118	20.974945487502147	26.46154590060135	25.030074170975503	7.84117439882696E-4
235.0	25.61670369548734	21.480843793561288	27.9253816838125	24.976938384263136	1.3244287573216078E-4
236.0	29.227041317482104	23.521590719373282	23.549214825026098	23.70201904051826	1.3409760025639463E-4
237.0	28.10349962769918	24.093887497461587	22.006836796859137	25.79570838692209	6.769105801123671E-5
238.0	27.62732298081336	22.01709741278333	23.988848322110872	26.366731284292438	0.0
239.0	28.017487526277833	22.556004963089453	24.14226226287423	25.282994749295902	0.0012504984625816124
240.0	25.572414701582613	21.185823044354173	26.40639117068847	26.83537108337474	0.0
241.0	29.17247321817723	21.464526988277935	22.910716743513866	26.44991741793407	0.002365632096896291
242.0	27.451942240911848	24.0849364556662	20.18616209461085	28.276312812649255	6.463961618432346E-4
243.0	28.18247647675316	22.640621221020627	24.63491460226422	24.53982828317728	0.0021594167847147844
244.0	27.027126440760846	22.4407089181663	25.756307036315	24.775136367865436	7.212368924210263E-4
245.0	29.368764043320255	20.99753632298011	22.72998533353563	26.902486074083708	0.0012282260802970863
246.0	24.868711315434457	26.797077198325525	22.6697344118209	25.661943941034444	0.0025331333846715033
247.0	25.801840863810032	22.980324552735105	24.45202885364654	26.63186931985553	0.13393640995279574
248.0	25.576861617130074	22.801141811208925	23.823106423777567	27.788793980069148	0.010096167814288619
249.0	25.56738458805137	21.279297607406054	28.42926451346075	24.708252661532313	0.015800629549507304
250.0	28.190049772299574	21.386327466851913	23.652678225476325	26.769995935614887	9.485997573044005E-4
