# Position (bp)	A	C	G	T	N
0.0	23.272565766939774	24.532428769123257	25.63048563170681	26.564478011051662	4.18211784957173E-5
1.0	22.52174939704952	29.77521972596156	23.905375260277275	23.722727468050195	0.07492814866145202
2.0	24.347029814912112	26.935009743217993	23.428989232580257	25.287932043548526	0.00103916574111638
3.0	25.990741040661185	22.167267568808903	25.155541048634454	26.678020270376894	0.008430071518567337
4.0	25.48974216323342	23.72895630229161	24.81512412250078	25.966094438228325	8.297374586220301E-5
5.0	28.00300994017827	24.438070605141345	22.66823903996831	24.890183177898486	4.972368135904766E-4
6.0	25.311746175659888	24.016946881131933	24.672825759656398	25.992980023758395	0.00550115979338802
7.0	24.720253171343927	26.41149911964969	23.971594524959343	24.89607576993017	5.774141168677923E-4
8.0	27.09060398128786	24.794083730712	24.064670523684125	24.050518344145626	1.2342017039388724E-4
9.0	25.173444337709466	26.028391503895826	22.453672914768017	26.34428598405544	2.0525957125380758E-4
10.0	24.025219081957506	24.766503271927366	24.261965797419776	26.94631184869535	0.0
11.0	26.558659138164607	22.974957927637917	23.354104621657893	27.11223867771897	3.963482061676537E-5
12.0	27.937235474244698	24.763199469485674	20.347408866610756	26.95207817284625	7.801681262312028E-5
13.0	24.719851259836727	23.274840111639826	25.806795645138124	26.198358976175466	1.54007209847529E-4
14.0	26.430281047203096	22.07462831047108	23.96533365220907	27.52968106732264	7.592279411066886E-5
15.0	24.776651321767943	24.13807417158115	24.730990587381783	26.35428391926913	0.0
16.0	26.154508161661067	24.635112674210223	22.177453849596628	27.032851883631114	7.34309009714541E-5
17.0	27.83516920700698	26.94840531914319	19.968028975541085	25.247100375695542	0.0012961226131992087
18.0	25.107575966774448	26.003753965085487	20.580590908782785	28.30782941828526	2.497410720242549E-4
19.0	24.73311086950501	25.3366605854837	21.930109241149324	27.999693218640658	4.260852213051132E-4
20.0	21.997656687037377	26.248486992006242	24.489452273492663	27.26429836588091	1.0568158280011102E-4
21.0	23.462003339597988	25.192690612096612	24.070781312224465	27.274280204847308	2.445312336251406E-4
22.0	21.772792855806127	26.96109207980626	26.533536318544265	24.732509562063214	6.918378013948142E-5
23.0	24.67477024849111	24.423097100220335	23.98153387834995	26.920392370684688	2.0640225391261273E-4
24.0	27.040841192302565	21.84095338944781	25.14460037605811	25.97350279691942	1.0224527209341401E-4
25.0	24.151847592581976	25.47384502278085	20.5391860947454	29.83495266777058	1.6862212119883582E-4
26.0	25.391871911357487	26.020100499143734	20.329908836127938	28.25808523354436	3.3519826474562306E-5
27.0	25.04653838004327	25.68313662999966	20.332509623502	28.937748524975653	6.684147941583221E-5
28.0	27.55848819540202	24.471469539327366	22.680040050165044	25.28815354279891	0.0018486723066577623
29.0	26.844128676002647	24.387901296616004	22.680989383609703	26.086686922552243	2.937212193999602E-4
30.0	23.06341118967645	25.658485866336715	25.405968302502824	25.87181073491162	3.239065723882603E-4
31.0	25.4298400752829	25.121391100375806	23.25028187683839	26.198068994962387	4.1795254052451753E-4
32.0	23.625340504384617	23.136231387167623	25.101239214506688	28.13683839229355	3.5050164751706224E-4
33.0	23.14324735586051	25.559136591279746	25.813694889233208	25.4838264736211	9.469000543836265E-5
34.0	25.858767791191216	27.256068969810226	22.752580096137574	24.132551862333145	3.128052784013898E-5
35.0	25.125822962311588	22.592902922780933	26.10162002672094	26.179437498801022	2.1658938551116024E-4
36.0	23.12057127808077	25.556082410238595	26.32736469485635	24.995703421065972	2.781957583183623E-4
37.0	24.4898690697936	26.181406254441903	21.705856324090885	27.62283745150218	3.090017143415112E-5
38.0	25.812898000137157	25.1486351147717	22.106611984349062	26.931700442553602	1.5445818847729557E-4
39.0	22.66390642777814	27.61250866306514	22.196811250804537	27.52655746777834	2.1619057384390547E-4
40.0	25.455761554188822	26.70673001950672	23.818642150636848	24.018804516221273	6.175944633891547E-5
41.0	23.40049703547885	24.958603533465915	22.19282864687973	29.443192438687998	0.004878345487514986
42.0	24.16316858141619	26.6852476557915	21.026607881751804	28.124914136504202	6.17445363031632E-5
43.0	25.826598838106644	26.282651240608235	22.44553239040111	25.441235484050207	0.003982046833809739
44.0	28.320282177803747	25.42461395154174	23.376306311561653	22.878704964871297	9.2594221565009E-5
45.0	25.28071822389442	24.831272809416504	22.199190356365406	27.684868527032457	0.003950083291209398
46.0	24.81535354981566	24.682669770438547	22.78606314266777	27.71588268038514	3.085669287839871E-5
47.0	24.49653910164125	25.33746612997082	23.93462521281578	26.22961087494053	0.0017586806316193498
48.0	22.387640795983074	24.75554239609164	23.314056774862134	29.542760033063153	0.0
49.0	22.288641633097157	25.957818071466505	25.127971217501415	26.62362614825602	0.0019429296788984883
50.0	26.352260430842257	25.047990770970003	21.2904174803897	27.30926964291166	6.167488638714991E-5
51.0	24.42340872400699	27.866152880397316	21.591510317040413	26.116492341920694	0.0024357366345889404
52.0	22.454485398619877	26.53765337302973	21.724485623235193	29.2833448358939	3.076922130177806E-5
53.0	22.24540405348245	25.37584209486755	24.64404779348183	27.73310872350536	0.0015973346628072604
54.0	22.402847630102972	29.000033482016015	22.66373089797231	25.933326555016944	6.143489176247182E-5
55.0	23.414689005156024	28.61652661699607	22.8294956802271	25.13772589406153	0.0015628035592697845
56.0	25.34051346565881	26.046005586703437	25.59365234796884	23.019828599668916	0.0
57.0	22.553545043213777	28.0290773534437	23.488590036950225	25.923671334487906	0.00511623190439325
58.0	24.678920666156525	26.00655300206037	22.436925210861954	26.877294791355872	3.0632956527546076E-4
59.0	26.77108461780665	23.446411091086627	24.748444971533516	25.031363977736476	0.002695341836728443
60.0	23.56291346579325	23.81196004612744	24.17109597926161	28.45399992844192	3.058037577777363E-5
61.0	24.527704188590537	24.636711994344438	23.097485084429835	27.7319527104875	0.0061460221476953335
62.0	24.471355624538894	22.507083395884095	25.5657467857572	27.455630745561237	1.8344825857154345E-4
63.0	25.257739365662	24.81565150024015	23.235905850571246	26.6883185771986	0.0023847063280016804
64.0	24.593656699110657	22.357761535438165	24.361647979024923	28.686842240173426	9.154625282877921E-5
65.0	23.25537471428785	26.682883084650737	24.167517713314194	25.88961708850814	0.004607399239077336
66.0	23.843919745392782	24.73926161831556	23.580580310899798	27.835689129490937	5.49195900923839E-4
67.0	26.336765548931268	25.712816028708207	21.218555015774932	26.73119219786989	6.712087157061924E-4
68.0	22.99253070866286	23.436728241108955	26.925600879364676	26.64495712242981	1.8304843370031495E-4
69.0	22.443745048530126	25.6298300187275	25.02953722422391	26.894081176498226	0.002806532020242417
70.0	24.91467815907086	23.469080656402458	24.967436969670384	26.648499602785858	3.046120704360583E-4
71.0	24.065794510642693	23.486446743998105	26.596464790700786	25.85032174171948	9.722129389389512E-4
72.0	26.855209007942825	26.356519446371657	22.327392112096252	24.459482118621107	0.0013973149681594445
73.0	24.911598479885637	23.148609614088603	23.545038384011406	28.39077496008531	0.003978561929049789
74.0	24.251192004860627	26.089048980066504	24.19134505637182	25.467563773740277	8.501849607745914E-4
75.0	24.474390044698783	25.140651481265802	22.85412748717058	27.528432397114162	0.002398589750674186
76.0	26.364666124839133	24.560544369694373	25.771125126032583	23.3029660959059	6.98283528007697E-4
77.0	23.608139385210965	25.603975460897484	24.496722533764338	26.290494740753513	6.678793736991531E-4
78.0	26.280609139521367	26.74039321161269	21.101041086409108	25.877470853678712	4.857087781236766E-4
79.0	26.849957441538276	21.514971957555677	23.184071114521725	28.448176421519406	0.002823064864923935
80.0	23.428744358371254	23.886873904038964	28.49190601378122	24.19053308212548	0.0019426416830804713
81.0	24.825352694072798	25.596392929121237	22.047750285311903	27.53001845421655	4.8563727751742226E-4
82.0	22.34009328176441	23.142036009419837	24.61987240909702	29.89690565199352	0.0010926477252136658
83.0	25.231668709723724	22.604243711263987	24.87493546843166	27.288423711925613	7.283986550118835E-4
84.0	23.291743571410798	26.575396591771916	24.940959613401546	25.19117189173835	7.283316773903391E-4
85.0	24.78369831950291	27.58159351821704	21.591084605037214	26.043047015745348	5.765414974846101E-4
86.0	24.918631164863108	25.350454139289607	23.45221714335995	26.27754456815427	0.0011529843330668323
87.0	21.57581593636884	22.607938240131354	26.751536123825552	29.063981571064897	7.281286093562706E-4
88.0	24.227664967304598	27.40510294008346	26.020110213312662	22.346606155017618	5.157242816643332E-4
89.0	25.948752515157686	26.620735304244214	23.96617274071117	23.463399052271296	9.403876156411334E-4
90.0	23.223758866001177	26.454542890015325	24.94844122481628	25.373226686015173	3.033315204219463E-5
91.0	25.7379614913313	25.54265799594773	24.546091503585167	24.172894701721606	3.943074141926404E-4
92.0	24.747553175034046	24.752496868488656	23.26793302053604	27.23198660653356	3.0329407696997087E-5
93.0	25.08403998495712	26.744004076136406	21.379001831835108	26.792772136696147	1.819703752229137E-4
94.0	27.383945015756446	24.24621237278919	23.41491626233062	24.95104448045282	0.0038818686709239845
95.0	23.347793454280797	27.027891708300793	24.44690416442386	25.175045298439002	0.0023653745555446046
96.0	25.721865558225314	24.66660036072052	24.510649988295384	25.099883438998326	0.0010006537604568318
97.0	24.776426406349536	25.345415327650723	23.34895126967364	26.529116035718413	9.096060768962785E-5
98.0	27.496601304177513	23.63994562086684	24.693329096838273	24.17012397811737	0.0
99.0	21.385348783491054	22.92866700253966	26.572070523628422	29.113853063446648	6.0626894211526025E-5
100.0	22.218234603911792	25.03651752401639	24.897509958015835	27.84773791405598	0.0
101.0	22.96281321867995	22.960479497807516	28.733256310441856	25.34345097307068	0.0
102.0	24.49414015495718	24.969917259582072	24.99953019397836	25.536351771350564	6.062013182453866E-5
103.0	25.57014801801684	25.455656265332365	25.849104233861375	23.12490965364275	1.8182914666672325E-4
104.0	25.20155107354508	27.330277086512716	23.523383076134245	23.944546332806855	2.424310011066975E-4
105.0	26.841565513274546	23.90057622128061	21.50492730714285	27.749809532410403	0.0031214258915913634
106.0	25.316179505470828	23.7018412262801	25.417910909109644	25.563916837835233	1.515213041984129E-4
107.0	25.063918622963914	24.40671669041992	23.43980830928462	27.08895029817579	6.060791557559791E-4
108.0	23.597005166911167	24.978806999174093	24.671591804928653	26.752474839560346	1.2118942573784666E-4
109.0	25.134642730989004	24.70113221676859	25.980245734723074	24.183373432803446	6.058847158915685E-4
110.0	24.012728627598282	24.29710834176456	23.913977256892906	27.776094898249738	9.087549451414932E-5
111.0	23.811188419301125	24.439199240764843	25.368704935179963	26.38033185943244	5.755453216192695E-4
112.0	24.688082606502928	24.459757650839713	24.20093080736104	26.651107775861107	1.2115943521529274E-4
113.0	28.03668286489322	22.431272632993256	23.29446122420793	26.236977510270794	6.057676348045006E-4
114.0	26.046415690056445	22.582564100078873	27.448996776065588	23.921781123809502	2.4230998959278596E-4
115.0	25.997997159917023	23.88883571137778	26.78141296551189	23.331208925421166	5.452377721342302E-4
116.0	27.10441055664467	24.765368854941855	25.10041340638623	23.02968601954593	1.2116248131068726E-4
117.0	25.344479453606667	26.882301162127824	24.27261751073346	23.500026352791792	5.755207402529505E-4
118.0	25.839712194739263	24.745963756577137	25.63298165414117	23.781100073029645	2.4232151278897219E-4
119.0	26.165559293078143	21.71120645916601	25.454760242385323	26.66798935588569	4.8464948483274294E-4
120.0	25.30866272957174	24.010735989585086	25.22106403337474	25.45947666745724	6.058001120124407E-5
121.0	26.92706825129309	23.845273563725318	24.84030959099627	24.3866822076048	6.663863805163162E-4
122.0	26.230149751303006	24.402232139206102	24.55356155723908	24.813632490632024	4.240616197881691E-4
123.0	23.57814816228342	28.223947533102283	23.980337029303026	24.216900898215744	6.663770955287915E-4
124.0	24.750293202547226	24.60856854154753	23.641333320409803	26.999562619340704	2.4231615473340376E-4
125.0	25.752738117558753	23.870775450885624	25.294121032383675	25.08157786570555	7.875334663861028E-4
126.0	23.732179329400292	24.3728405210707	25.675820166576152	26.21891766393563	2.4231901722676183E-4
127.0	25.438284825844654	23.458517759929048	27.99725211566194	23.10506689638398	8.784021803759501E-4
128.0	25.969141351969604	23.50353307227047	25.16320467586849	25.355427555055833	0.00869334483560794
129.0	24.08258784287664	27.101089656952222	22.981965865452477	25.83156994323025	0.0027866914884143302
130.0	25.700608031173072	24.845038834572083	24.44477360660659	25.009518945655223	6.058199303246498E-5
131.0	25.665091719136306	25.096705090216687	24.938675190244737	24.298861591010017	6.664093922528091E-4
132.0	25.939730963655133	25.972475997072635	22.45230917612163	25.63009198900785	0.005391874142752594
133.0	26.620516638788438	25.71649872079223	25.064354177281295	22.596782684924737	0.0018477782133014588
134.0	26.393848675950153	23.53028665002864	21.242017851901373	28.833695365393897	1.5145672593572238E-4
135.0	25.930624443018736	24.849437096784943	26.248531629265997	22.970891878842075	5.149520882518831E-4
136.0	27.737467508017545	26.106302588847264	24.713263271920294	21.437362606737732	0.005604024477167235
137.0	28.025181916688958	22.070619511865594	24.763783212802768	25.140385065700848	3.029294183543117E-5
138.0	24.57451429533824	25.14965380157914	27.335347497914448	22.93933333858381	0.0011510665843553088
139.0	25.051836912364795	24.419555321837176	25.581307995622222	24.946360723114704	9.39047061100763E-4
140.0	25.953260091502305	21.7800691220159	26.072401509912247	26.19411781277803	1.514637915203905E-4
141.0	24.890980501451825	25.52923873414692	25.61536375932857	23.96390201195693	5.149931157537909E-4
142.0	28.091065712155594	22.841588060674525	23.925728205487076	25.141193902253196	4.24119429607838E-4
143.0	25.97131290071239	26.281855536934913	24.21338892867486	23.533351752016664	9.088166117135555E-5
144.0	27.261771719034055	26.321009675725797	23.270940013771828	23.145581820456652	6.967710116600085E-4
145.0	27.357175315822957	22.942318761549878	23.50455936259808	26.195098306522464	8.482535066194068E-4
146.0	26.827684090781716	21.78212812624493	25.704561049536718	25.681536921159022	0.0040898122776164576
147.0	25.611687544494764	25.161604992502156	26.73869643587452	22.485072479134793	0.0029385479937593722
148.0	24.10619748920663	24.51224207928276	24.725488954575294	26.655647346198837	4.241307364818173E-4
149.0	27.125875998696074	25.312075482215846	24.37748500062409	23.18250341431966	0.0020601041443236256
150.0	24.86090210871343	24.397217224174145	25.644364448745172	25.097516218367254	0.0
151.0	26.335195375010834	24.586584938003647	25.853294383759945	23.224349663917536	5.756393080451955E-4
152.0	26.629526529909846	24.475830835846978	23.566374158802564	25.328026099085875	2.4237635473233773E-4
153.0	24.4066502556334	23.67687937890551	25.54970649498201	26.366097330051126	6.665404279492521E-4
154.0	22.47956254669665	25.416671968800426	25.043977412304226	27.05684917520007	0.002938896998628717
155.0	26.633254145253566	24.276065402889557	24.483843207602053	24.60671603801028	1.2120624454571899E-4
156.0	25.35294663089373	23.8917672755217	26.606130650403596	24.148973629076195	1.8181410477462022E-4
157.0	24.634841462361422	23.241207210292107	26.935807673018676	25.18793153343707	2.1212089072592314E-4
158.0	24.74155669025288	21.914453249291657	26.35667207078895	26.987166472219275	1.51517447234049E-4
159.0	26.18989319598676	22.08210247900224	25.016243034586754	26.711094598706133	6.666917181130443E-4
160.0	25.550309819647904	21.933752204284897	26.671460863203876	25.844386198896125	9.091396720369547E-5
161.0	23.845387824469977	21.44124765210624	29.338959186802942	25.37082932547338	0.003576011147457123
162.0	24.815124723569753	23.930426707988133	25.413338416689978	25.84101923321121	9.091854092713273E-5
163.0	24.324749443333687	25.02602625264695	27.019720550026015	23.6294734468578	3.0307135542299213E-5
164.0	25.41590984929926	24.282873555101407	24.912008141955653	25.38769305093905	0.001515402704630131
165.0	25.762299864366195	22.484599122547795	27.426549369946883	24.325915149310845	6.364938282830579E-4
166.0	24.751324948434235	23.58021753857392	26.003240194169162	25.66491421366186	3.0310516082002073E-4
167.0	25.782656165980516	24.18103074609149	26.81573017496361	23.220249487282235	3.334256821434785E-4
168.0	25.827159939969125	24.35036522016424	24.294408343940184	25.527854308421816	2.1218750464160167E-4
169.0	26.148632693081268	22.442106462935495	26.060086872513722	25.34896177676086	2.1219470865211802E-4
170.0	30.352517776247247	23.445730305470136	23.59742256540592	22.604208096074192	1.2125680250662062E-4
171.0	25.490861811134497	24.10230090952937	26.931957939079144	23.474242733359628	6.366068973629014E-4
172.0	26.654059288016473	24.372457120517144	24.918726351694342	24.054636014977323	1.212247947133867E-4
173.0	28.32844573003039	20.169233579970715	24.185349794138936	27.31545598627128	0.0015149095886808378
174.0	23.554941886801142	26.3689908613249	24.104335000116652	25.971338356408026	3.9389534927761113E-4
175.0	25.352738763023545	24.126258720747014	23.946571334377317	26.57288580972651	0.0015453721256078465
176.0	23.874128184031772	24.903443019638683	28.523500203796214	22.69765581319236	0.0012727793409730399
177.0	21.704037586916105	26.443621141246137	25.092697380105626	26.735397397017557	0.024246494714567236
178.0	24.56895637283872	23.544725795941872	24.593111181827826	27.292842963434406	3.6368595717597854E-4
179.0	27.7189993968253	24.600283098074993	23.53199705384016	24.147568660376272	0.0011517908832720562
180.0	26.23181557824752	22.627338431175335	25.89309725047745	25.247536034591995	2.12705507705257E-4
181.0	27.171048787968783	22.778257196967854	26.53907760018306	23.51091655752949	6.998573508147556E-4
182.0	25.002974439900033	23.41801637265609	26.125076186740664	25.453872142597845	6.0858105371549376E-5
183.0	23.297415130923127	24.877523920110907	26.379947881483325	25.44459577720734	5.172902753079702E-4
184.0	25.585937143403136	22.699811397345442	27.16757641024455	24.543145215523722	0.0035298334831483924
185.0	24.228619139714535	24.919548302055354	25.56720881292972	25.28407604085145	5.477044489423827E-4
186.0	26.50307562439101	23.611191414178606	25.630020674574165	24.255681856220114	3.0430636103758732E-5
187.0	23.94910706909602	23.0623797203797	28.397955478897703	24.59003949850886	5.182331177178721E-4
188.0	26.87741987011922	28.150072262683164	23.16777288574875	21.80427771916353	4.572622853420307E-4
189.0	25.16797908983852	24.271541883579005	25.08478596136534	25.4745651261356	0.0011279390815344484
190.0	28.262091689775694	22.284262938004403	25.222249050639856	24.231121940036047	2.7438154399982444E-4
191.0	25.74173264985407	24.286036621241493	25.48813004873286	24.4835816283754	5.190517961787406E-4
192.0	25.90707353230808	23.96979500481686	25.051122839855815	25.071978088248542	3.0534770706773076E-5
193.0	27.014469987060902	24.897093390248674	22.333887400822885	25.754243838353176	3.0538351435959094E-4
194.0	27.2292884698547	23.908627147258375	24.702358411047125	24.159725971839798	0.0
195.0	26.098653886684563	22.220308075763544	25.12552422667974	26.555025092627382	4.887182447684239E-4
196.0	27.419854115706215	22.8932034257059	27.005128271075467	22.681630477282237	1.837102301797329E-4
197.0	24.449206861555556	24.850783154926436	24.6247452824815	26.07462159098078	6.4311005573008E-4
198.0	26.744790276696477	23.89641351647657	24.889676628132477	24.468935527469338	1.8405122513698012E-4
199.0	24.751027333052615	23.528554787510334	26.21068549316597	25.509394296111655	3.380901594248779E-4
200.0	27.01508888326034	23.846847589000067	24.526351446058964	24.61165060480946	6.147687117152785E-5
201.0	24.090175658523492	21.781251143149877	29.36392758477907	24.76443043239423	2.151811533279456E-4
202.0	24.813206394022604	25.0386745155233	28.5855395433087	21.562548804287278	3.0742858126628605E-5
203.0	24.918840454911706	24.82448748623763	23.913403165191504	26.342653815636513	6.150780226471728E-4
204.0	25.503938436743567	23.856838362619147	24.757127171061335	25.88194224446297	1.5378511298592252E-4
205.0	26.89518071325616	24.764861451427254	25.50695741883729	22.832169918629667	8.304978496257531E-4
206.0	24.676253172095954	21.745665661009575	26.08638806673576	27.491570046369745	1.2305378896459773E-4
207.0	24.862124943539225	23.649556744462537	27.564642201767114	23.923429959717467	2.4615051365458435E-4
208.0	27.62208107143297	22.798909363959773	22.84507059591073	26.733908194541893	3.0774154633972206E-5
209.0	26.773306690256376	21.285251444038767	25.749782847842052	26.191012640071605	6.463777911978119E-4
210.0	24.343844625953878	25.112150418863187	25.249390761243674	25.2942447717525	3.694221867576923E-4
211.0	24.623526578706365	25.865391544059907	25.64305805244484	23.867377148428236	6.46676360653254E-4
212.0	28.194116403785685	22.667022419186974	25.079936482153936	24.058493355212523	4.3133966088075863E-4
213.0	28.943983524021817	23.419875381916505	23.190309263729723	24.44552352235695	3.083079750023894E-4
214.0	26.880582037749264	25.29391326457563	24.93350308817213	22.89193989543168	6.171407130196943E-5
215.0	25.218205366662076	25.12347407887672	23.59619898831565	26.061812087910386	3.0947823516941613E-4
216.0	25.18434586039487	24.59336921133977	26.65391968210956	23.568302679150452	6.256700535229447E-5
217.0	28.094456785137318	23.345775696688207	26.070716377221327	22.48842008279483	6.310581583198708E-4
218.0	24.100486332041264	24.859550248738476	26.13990938232678	24.899640083083714	4.139538097602029E-4
219.0	25.71340926757505	23.65920172682946	25.392198431206275	25.234612394883754	5.781795054637963E-4
220.0	27.36749634725209	22.497758559425414	25.32557874108799	24.808584369827834	5.819824066718464E-4
221.0	25.058061505108043	23.199767428065986	25.001287358659425	26.740655568657278	2.2813950926539727E-4
222.0	24.97527386665295	25.05235346634015	24.930931667517246	25.041243190422875	1.9780906677638473E-4
223.0	30.16215877159442	23.005245587027296	24.67574584960693	22.156182499184236	6.672925871133791E-4
224.0	28.852164875250008	23.771147065486513	24.981888404462964	22.394632342139666	1.6731266085020933E-4
225.0	30.11552010643713	20.617346128053132	23.997169397170477	25.269190059763158	7.743085761071265E-4
226.0	25.06818352816692	22.80538577526995	26.248453933604853	25.877772493244635	2.0426971364450195E-4
227.0	26.21225915924369	24.16104637594787	26.41287458150702	23.212548207676313	0.0012716756251059014
228.0	26.825715668648876	28.034435071221132	23.471027520398284	21.66861429954363	2.0744018807910387E-4
229.0	27.352814198522367	25.39561425961948	22.766450711160616	24.485051085136313	6.974556121812017E-5
230.0	25.500036059235647	23.04835983247407	27.991359855340903	23.46024425294938	0.0
231.0	24.368441147730742	24.98549953780334	25.40826777674671	25.23657945237271	0.0012120853464942035
232.0	24.777378764233905	25.34499614430309	24.798566275862836	25.078807863685785	2.509519143866789E-4
233.0	22.731328847862912	25.18920580432178	23.080346794346827	28.998500886896533	6.176665719577923E-4
234.0	26.615028612780584	21.593976846559332	27.146880169166177	24.642787230991384	0.0013271405025217513
235.0	24.844905743729235	22.429438140012582	27.89805470186285	24.827489291311096	1.1212308423695196E-4
236.0	27.82418051252153	23.956564762845016	24.275253810622942	23.943659298785406	3.416152251073526E-4
237.0	27.15422268395209	24.71998878534106	23.098625628184127	25.027047683424	1.1521909871780347E-4
238.0	26.593081904874733	22.49372688866538	25.196688685719366	25.71646355126493	3.8969475599457704E-5
239.0	26.651641371668283	24.301205057680512	24.861467835447296	24.184379761362962	0.0013059738409482162
240.0	25.162956837398156	22.770237607387102	26.808148128153725	25.25849383630946	1.6359075156045127E-4
241.0	29.05453090267438	21.5733611094841	23.86919431823162	25.50025128787596	0.0026623817339314
242.0	26.289826430270157	24.67987573952594	21.57886504552208	27.45024223567041	0.0011905490114132596
243.0	27.246384211802855	23.38906305140693	25.724382702196095	23.637740498351416	0.002429536242709847
244.0	26.032899020246152	22.773796218961834	26.76547464864733	24.42638510836909	0.0014450037755884366
245.0	28.380266071718214	21.360133598588543	23.979308107607107	26.278099232370845	0.002192989715292007
246.0	24.367426687411463	27.069059366023385	23.802085341379197	24.759148501495126	0.002280103690824573
247.0	24.71720098923013	23.736077259388562	24.924807951088898	26.48231744908662	0.13959635120579572
248.0	25.544483325126627	23.22432359198121	24.42740021152904	26.793553567169624	0.010239304193494546
249.0	25.047969399912212	21.459147628702212	28.604226323600106	24.87214430533202	0.016512342453441464
250.0	25.782374548897856	22.934730121875578	25.634579311263305	25.64718525247271	0.0011307654905449158
