# Position (bp)	A	C	G	T	N
0.0	23.983168497765465	23.9149507789545	25.883983953049373	26.21789677023067	0.0
1.0	22.82042673971014	30.430955223994477	23.62032526218207	23.050086408496647	0.07820636561666673
2.0	24.045110220040335	27.011785801644855	22.71386571057924	26.22847684955614	7.614181794300976E-4
3.0	25.831775309877074	22.01796212433883	24.729303330524772	27.414017075810282	0.006942159449039795
4.0	25.47344714373275	23.435597979730787	24.024954030798177	27.066000845738287	0.0
5.0	28.498134771094175	23.81104709109721	22.48573788075824	25.20460564409724	4.74612953136717E-4
6.0	25.61972583836898	24.21129248709181	24.076808473535365	26.085539035430234	0.00663416557360891
7.0	25.926276314345504	25.68550691183204	23.076304506597744	25.311060823365132	8.514438595760946E-4
8.0	27.10766660216079	24.289200300188327	23.82239801384831	24.780735083802576	0.0
9.0	26.16919988204603	26.19774625010952	22.12362367407773	25.50924176889501	1.8842487170621548E-4
10.0	24.222878648389653	24.54509854864551	23.383770208167423	27.84825259479741	0.0
11.0	26.616132333188535	23.010358296361055	23.18302686177609	27.190391630481997	9.087819232370085E-5
12.0	28.15839612640747	24.850030799644728	20.21316219236169	26.77841088158611	0.0
13.0	24.809869283473887	23.00550711254288	25.247094746041267	26.93744040447999	8.845346198004843E-5
14.0	26.366431346776686	21.936049387463317	24.264457840801636	27.432886639201996	1.7478575635914277E-4
15.0	24.97568494244214	23.88286657915835	24.67915774539222	26.462204432891735	8.630011555585473E-5
16.0	26.668781984281043	24.87486256091436	21.695947413430343	26.760408041374255	0.0
17.0	28.29356055583548	26.621214431568063	19.317172293086532	25.766809647564244	0.0012430719456893579
18.0	25.54230300558624	26.518374414776492	19.79506693789354	28.143926749010443	3.2889273327950456E-4
19.0	24.967855619967082	25.201685012084322	21.665598597514713	28.164615237295504	2.4553313838002145E-4
20.0	22.155838336477547	26.185412357576798	23.6681462335984	27.99019719261104	4.058797362106418E-4
21.0	23.33819736827287	25.096087481840314	23.58587703054689	27.979757677747763	8.044159216434539E-5
22.0	22.53494003515688	26.682146941120582	26.330180248644613	24.452653198615685	7.957646223738773E-5
23.0	24.366804966111356	24.499588268828784	23.36313105719896	27.77023817064673	2.375372141635523E-4
24.0	27.619930417028097	21.803630089155142	24.77852134618938	25.79783985895513	7.828867225543401E-5
25.0	24.635719830010334	25.69691579996003	19.692277182931008	29.974932256670144	1.5493042849108607E-4
26.0	25.952626396460417	25.537970712343977	20.060219769052335	28.449106134455914	7.698768735916065E-5
27.0	25.230657754552517	24.873656351416493	20.723121655270663	29.17241072278392	1.5351597640766475E-4
28.0	27.200165846798264	23.415153112133392	23.2150586462831	26.166508970458917	0.003113424326323319
29.0	26.898959781784797	24.39896541595582	22.70172773732443	26.000196820374367	1.5024456058348976E-4
30.0	23.051330479527383	24.45939366192615	25.97967539386474	26.509227645580268	3.7281910146122715E-4
31.0	26.138974754039285	25.099448279850613	22.28583122449842	26.475449157738872	2.965838728070403E-4
32.0	23.587181722504695	23.417820528545	24.600190806757116	28.39443972364601	3.6721854718060616E-4
33.0	23.34898745366514	25.403545276299468	25.276663235128282	25.970731281443136	7.275346397430348E-5
34.0	26.01125921736609	26.3644443033756	22.94685920640119	24.677292997903685	1.4427495343525876E-4
35.0	25.008522382843978	22.353033469073377	26.777968748885673	25.860404082185724	7.131701124669267E-5
36.0	23.136576482088962	25.664984196561146	26.66164110661122	24.53644196048143	3.5625425723837396E-4
37.0	25.025231715108475	25.98364514771148	21.35625187412704	27.634800037322282	7.122573072257792E-5
38.0	26.292837952252068	25.55056386199	21.449257405472917	26.70719836392081	1.4241636420991318E-4
39.0	22.770522089211156	27.72266302161756	22.338099662192228	27.16828807278707	4.271541919844516E-4
40.0	25.558860732012356	26.52279539629018	22.803795661795743	25.11454820990172	0.0
41.0	23.58479218755894	24.78034448816796	21.64029377078676	29.991153283071455	0.00341627041488469
42.0	24.082673105621488	26.884130837170872	20.70179483730751	28.331401219900126	0.0
43.0	25.592584660287987	26.14452284776482	22.977050841355304	25.28313781520139	0.0027038353905014263
44.0	28.614846333948247	25.474721705049685	22.834805881846567	23.075341505805653	2.845733498480734E-4
45.0	25.701926483204268	24.80953552989314	21.95132361247256	27.534368966846735	0.0028454075832957506
46.0	25.123286911208524	24.3106922632084	22.674975655591886	27.891045169991184	0.0
47.0	24.84522056025712	24.413082765482745	23.861957720764735	26.87803202343046	0.0017069300649415768
48.0	22.3818411276418	24.408752377397395	23.11416839972271	30.0952380952381	0.0
49.0	22.080168464397534	26.142765330004238	24.649008807127604	27.12649332995874	0.0015640685118883425
50.0	26.46773426486928	24.78785591049748	21.091640133105	27.652627515712204	1.421758160358681E-4
51.0	24.19600281177791	27.348733669334635	22.225625986627705	26.227576319939956	0.0020612123197949594
52.0	22.386050610743467	26.434044389064947	21.799007426561058	29.380897573630527	0.0
53.0	22.04831114993118	25.297437521296136	24.23477357203425	28.417919286844178	0.0015584698942578178
54.0	22.70620269142662	29.268804073265514	22.63225150204499	25.392741733262874	0.0
55.0	23.925542644342936	28.54382395077452	22.264974269848192	25.264104229554935	0.001554905479416232
56.0	26.176907899572033	26.166307672303162	25.101055499963255	22.555728928161553	0.0
57.0	22.610334384305236	27.997001126344156	23.31285092262708	26.07599784623777	0.0038157204857553503
58.0	25.045801618406283	25.45630281846874	22.004277408373802	27.49326488349467	3.532712565081397E-4
59.0	27.120568357959257	22.959477083548226	25.00674698999467	24.91073484965163	0.0024727188462152568
60.0	23.605601723867863	24.13605517054523	23.959025681623505	28.299317423963398	0.0
61.0	25.037233535933623	24.316409212610367	23.504785153149594	27.136986253046942	0.004585845259470652
62.0	24.95200980333367	22.33390735793244	25.427855266787397	27.286086476182682	1.4109576381133522E-4
63.0	25.925092465156702	24.213772811187667	22.88726904873935	26.971678820170702	0.0021868547455806135
64.0	24.561401038160717	22.258844504029	23.91473337633185	29.265021081478437	0.0
65.0	23.096967426875224	26.612392206782737	24.288888638552656	25.998372188645874	0.00337953914351213
66.0	24.144294085302707	24.336496578021187	23.61499798997027	27.90357771211446	6.336345913796126E-4
67.0	27.064492738319007	25.213837673446115	21.287249994720057	26.433504403472092	9.151900427323351E-4
68.0	22.865904094420234	23.07723173462542	27.01692240220817	27.039589790664554	3.519780816209013E-4
69.0	22.780188312675627	24.829017834516858	25.520619224336482	26.86778130050626	0.0023933279647702123
70.0	25.278847005778754	23.409084836151454	24.935201736016865	26.376374194328694	4.922277242343397E-4
71.0	24.390122431457602	23.45852383604538	26.87620912813707	25.27416257135522	9.820330047263846E-4
72.0	26.603277603138732	26.28443860911574	22.119683152872987	24.990777094651556	0.0018235402209850204
73.0	25.111584994281376	23.143481648169097	23.267461079364367	28.473895948439143	0.003576329746017476
74.0	24.469956550424854	26.249446976724293	23.512270981755666	25.767203668919425	0.001121822175760087
75.0	25.14446003985008	25.437726890950724	22.196157173645105	27.21969283750226	0.0019630580518331456
76.0	26.506849315068493	24.10468165056575	25.78118646681903	23.605810350387685	0.0014722171590415166
77.0	24.022617769923215	25.497778111152623	24.570957084141554	25.90801611509097	6.309196916344956E-4
78.0	27.157981512078415	26.735494580292496	20.622437441861607	25.48310507916635	9.813866011287348E-4
79.0	27.472518999426615	20.954113983942488	23.202712421370205	28.36827134307476	0.002383252185932924
80.0	23.597012174052008	23.580751133892143	28.603309822579437	24.216543786004713	0.0023830834717040376
81.0	24.383561643835616	26.042816542085877	21.981377712829893	27.591823575381014	4.205258675974306E-4
82.0	22.309330141193325	22.315287369694385	24.330442559001092	31.043117719040282	0.0018222110709134464
83.0	24.75355631586841	22.931632113858175	24.336357609303537	27.977472811651573	9.811493183114702E-4
84.0	23.01000053958486	26.296352616601133	25.085720412354952	25.606735140218483	0.00119129124057566
85.0	24.618794394573115	27.728280162032963	21.355992536000905	26.2964424080156	4.904993774161473E-4
86.0	25.354686329696264	25.851937331099663	22.591254351909658	26.200020038577765	0.002101948716655211
87.0	21.986381023104624	22.747754690280367	26.023735130515195	29.241428591444706	7.005646551120203E-4
88.0	24.84189451975723	27.758825045813463	25.55242349011718	21.846086381493045	7.705628190830583E-4
89.0	26.139059668549308	26.81200585877166	23.138995925337785	23.90923807248934	7.004748519021044E-4
90.0	23.40685733737621	25.90843855523966	25.185526060501633	25.498967918262768	2.1012861972813558E-4
91.0	26.54085363291263	24.95272380899018	24.617237949824204	23.888904453067	2.8015520598411516E-4
92.0	25.417728540003825	25.06301207156519	22.4969378129156	27.02232157551539	0.0
93.0	25.68669015450572	26.293984550128048	21.40789776837517	26.61121743898519	2.1008800586565712E-4
94.0	27.485821167793762	23.958812584514526	23.311407701211966	25.239546809578933	0.004411736900817852
95.0	23.950212698912875	26.943612905484652	24.019956935034926	25.083696584563135	0.0025208760044115332
96.0	25.91869315277593	24.72471764565843	24.249914225897477	25.105484641184173	0.0011903344839900012
97.0	24.932646637092798	25.0821262938567	23.873266456064883	26.111750571313348	2.1004167226777794E-4
98.0	27.988075910356496	23.19855723556028	24.522444830432473	24.29092202365075	0.0
99.0	21.34520792077822	22.634724838425395	27.52154736430218	28.49851987649421	0.0
100.0	22.134592071851124	25.714619676748335	24.528043047961408	27.62274520343913	0.0
101.0	23.399815104208585	22.724266627849282	28.64394123365103	25.231977034291102	0.0
102.0	24.749976554834394	24.909893579943816	24.920251444152218	25.419878421069576	0.0
103.0	25.709668505388493	26.165023243449337	25.267465816913674	22.857632561116805	2.0987313169189224E-4
104.0	25.319687548746188	27.783385410873958	22.606409209855354	24.290238031783737	2.797987407657672E-4
105.0	27.321966697538553	23.907219264055335	21.272429915694577	27.495446164005248	0.002937958706290869
106.0	26.043871491225	23.930317634632736	24.80026300511321	25.225477920860644	6.994816840721026E-5
107.0	25.06029236902847	24.84171504511436	22.9693642022802	27.12792893614045	6.994474365251452E-4
108.0	23.229291632759782	24.99230977888517	24.96357631635612	26.81461253869579	2.0973330313173768E-4
109.0	25.702229913722245	24.775498906850217	25.868998160377092	23.652574074177622	6.989448728199909E-4
110.0	23.849926482509545	24.40766706360521	23.736016302433622	28.006250384359504	1.3976709211769507E-4
111.0	24.362487063866244	24.245860961281394	24.722567535178246	26.66845553918085	6.289004932676203E-4
112.0	24.92735213828212	24.429804243794976	24.416109624033776	26.22652438236217	2.0961152695709044E-4
113.0	28.162434902656152	21.96066841889783	23.5177647455003	26.358363410506957	7.685224387592415E-4
114.0	26.321018360674064	22.30982589497806	27.978160020121283	23.390855993069334	1.3973115725344438E-4
115.0	26.777255158420736	23.993748131006978	26.5211856472515	22.707252112136786	5.589511839983456E-4
116.0	26.434563529797266	25.025553888837266	25.701587869396047	22.838154977785756	1.39734183662419E-4
117.0	25.822971591699055	27.223230236420275	24.078971178091074	22.874337930297273	4.890634923185592E-4
118.0	26.77197095876323	24.573198336668195	25.325288679730377	23.329332431616717	2.0959322147575985E-4
119.0	26.87161235962121	21.92389328347677	24.83710681014402	26.366828616661987	5.589300960102173E-4
120.0	24.65030848866057	24.497583720909113	24.965678846222367	25.886289214319795	1.3972988815321103E-4
121.0	27.514093624001884	23.98916804825752	24.295528396495268	24.20065100700681	5.589242385181242E-4
122.0	26.874229725537756	24.412495423766234	24.6052561712783	24.10738988393833	6.287954793797002E-4
123.0	23.94755668829681	28.186952609310463	23.649792920739785	24.215068998474155	6.28783178792401E-4
124.0	24.91319383798512	24.82383763579837	23.27872288399064	26.984036049882974	2.0959234289307297E-4
125.0	26.19751568416493	24.311224133353825	25.24060696670346	24.24988472662745	7.684891503304503E-4
126.0	23.464788181359626	23.854066674770813	26.068664478547067	26.612201211989106	2.7945333338922403E-4
127.0	26.079256561049935	22.942262201673604	27.956506977075623	23.02106605970929	9.082004915460507E-4
128.0	25.746478243495126	23.356490343638484	25.25213289478464	25.63546711303993	0.009431405041819548
129.0	23.721961252246036	27.1000243116587	23.005186487188872	26.16954447776042	0.0032834711459733463
130.0	26.047842905477392	24.731363084771267	23.99173392632212	25.229060083429218	0.0
131.0	25.69303800784538	24.647638874819673	24.979757792114796	24.679006437685786	5.588875343628507E-4
132.0	25.929217141020803	25.924326892176996	22.367090022495145	25.77286889941457	0.0064970448924843854
133.0	26.7243577517942	25.616225041340158	25.213197831239953	22.44433313283271	0.0018862427929806618
134.0	25.847175522710458	23.558559848766937	21.652358161366966	28.941906467155643	0.0
135.0	25.879443499400956	24.55302159705752	26.191435926633577	23.375679820041988	4.1915686596411314E-4
136.0	27.70292219700256	26.412388231850404	24.529646372875106	21.34812700368794	0.006916194583990895
137.0	28.207768546197222	21.860449519679147	24.6287826445975	25.30292942975565	6.985977048271006E-5
138.0	24.46206344937427	24.531778824827892	27.616649261107835	23.387971652806254	0.0015368118837471665
139.0	25.90002235386163	23.859673633620208	25.361434000223536	24.877472895942773	0.001397116351849782
140.0	26.275574357742027	21.44655441239752	26.222483639676092	26.054898596728492	4.889934558704363E-4
141.0	25.128222323747572	25.698394269499502	25.398289065021395	23.774465629710974	6.287120205546917E-4
142.0	28.52531301148378	22.54821351354561	24.277172777868202	24.649021269342512	2.794277598905202E-4
143.0	26.380854516483492	25.93252081873641	24.612528055783944	23.07388704198256	2.0956701359321506E-4
144.0	27.57376774337767	26.158419023136247	23.001355202861294	23.26554990499609	9.081256287023584E-4
145.0	27.970252764877806	22.175954644268224	23.352948737293296	26.499865877579758	9.77975980909909E-4
146.0	26.779487208145657	22.053863821797005	25.503026120195372	25.658523432173553	0.005099417688413005
147.0	25.931027738388785	24.466572133082796	27.18061735552777	22.417801186093783	0.003981586906865792
148.0	24.64652518593184	24.48097302757177	23.79075324834989	27.081050005832747	6.985323137555682E-4
149.0	27.870659485739434	25.691723073269205	23.799884043392918	22.63584735639892	0.0018860411995222028
150.0	25.24665468902369	24.30683815372923	25.42408400369947	25.022423153547606	0.0
151.0	26.52255461832661	24.48500724751576	25.97439793227502	23.0176909240146	3.492778680078937E-4
152.0	27.236198596859385	24.10934521268904	23.309067462659876	25.345109301203	2.794265886973342E-4
153.0	24.532896676311683	23.762156981366164	25.16538803841054	26.539069300207757	4.890037038537684E-4
154.0	23.261747048131078	24.931922937743543	24.768244582826277	27.035780102356604	0.002305328942496713
155.0	27.001583129678302	23.939072562671953	24.810702124300132	24.24843258983527	2.095935143382923E-4
156.0	25.844359270660274	23.70298227792209	26.432417024261483	24.02010169619415	1.3973096200575413E-4
157.0	24.807153671328795	22.96410099481528	26.712037341728372	25.51670799212755	0.0
158.0	24.461074539186768	21.630659119078526	26.50030671974758	27.40795962198713	0.0
159.0	26.37927890349397	21.63135804901634	24.795264515939706	27.19388892265921	2.0960889077071093E-4
160.0	25.77941646037572	21.634103788976063	26.343336610232733	26.243143140415487	0.0
161.0	23.978865686575226	21.058783826744467	29.184468990593388	25.773689288980712	0.004192207106210265
162.0	24.90315764761122	23.74412377933918	25.485609198486298	25.867109374563302	0.0
163.0	24.566279918807403	23.90681717342165	28.166633476922648	23.360269430848295	0.0
164.0	25.176398083203715	23.809933074238824	25.63086159406011	25.381270010299495	0.001537238197853736
165.0	26.761121410168887	21.80909529862182	27.18785877348121	24.241505257177913	4.1926055016766926E-4
166.0	24.851404892842417	23.478865464302935	25.90313541615714	25.766314715562483	2.795111350248416E-4
167.0	26.540703646815306	24.167401582946773	26.64231077245175	22.649444235577587	1.3976220857832484E-4
168.0	25.758854820359865	24.63968547253196	24.016892014658566	25.584497809880276	6.988256933049703E-5
169.0	25.832554700554255	22.233419314891677	26.364028353647672	25.56985786137238	1.3976953401536208E-4
170.0	30.83304156157642	23.44069835133233	23.587387912472664	22.138802289167824	6.988545075766311E-5
171.0	25.585963980459713	23.863399702283196	27.011510318752663	23.538566905911708	5.590925927220122E-4
172.0	26.558658733785883	24.721279994633147	25.151746393795694	23.568175115967367	1.3976181790991793E-4
173.0	28.23394174865832	19.94563394454383	23.738959078711986	28.079997763864046	0.001467464221824687
174.0	23.573176543591188	26.081132262694563	24.617517536123927	25.727754383856283	4.1927373403789954E-4
175.0	25.467643696313917	24.483369718044116	22.88721764579274	27.15960262864395	0.00216631120527965
176.0	24.147495581547957	24.700701850753113	28.717038068222717	22.43350657718646	0.0012579222897540132
177.0	21.670990539664082	27.02276183660233	24.84176861315501	26.441904479681522	0.022574530897054548
178.0	25.14432023613942	23.308635315114614	24.44286204445923	27.103972763464355	2.0964082237901803E-4
179.0	27.412684080464267	24.248652592501482	23.67244020529794	24.665104941239615	0.0011181804966957766
180.0	26.543027392212604	22.57016881426508	26.07290018956403	24.813763497505402	1.4010645288290043E-4
181.0	27.60914521817122	22.722934503402143	26.68348745768797	22.983731564859507	7.012558791539769E-4
182.0	25.698434894324862	23.226089676249355	25.833149833026408	25.242325596399372	0.0
183.0	23.491285147124728	24.836892374565096	26.482450720562955	25.18888083938624	4.909183609778814E-4
184.0	25.507552533186328	21.5857900019147	27.269985615224435	25.632674130478538	0.003997719195995548
185.0	24.347156548490183	24.701496671530982	24.96621742444589	25.984568357910874	5.609976220713294E-4
186.0	26.386364273892678	23.317133720440967	25.76299475441106	24.533507251255298	0.0
187.0	24.18591449950717	23.011830066874758	28.34164789129181	24.4600455105251	5.620318011643893E-4
188.0	27.159419129058932	28.276954228555812	22.742745612167685	21.820459477935604	4.2155228196789034E-4
189.0	24.280353252067652	24.011388156401658	25.66326104018105	26.04401387545117	9.836758984649737E-4
190.0	28.652506489144475	21.8047902323444	25.22095413963149	24.3215383383012	2.108005784367872E-4
191.0	25.905335984229698	23.771322197880128	24.84708802411134	25.476042735150973	2.110586278656485E-4
192.0	26.313708355935866	23.966844461518004	24.504661574149317	25.214785608396813	0.0
193.0	26.862775038543568	24.701450054499308	22.327335008539045	26.108228797166177	2.1110125190079086E-4
194.0	26.92498775551565	24.192004773941488	25.01034447815978	23.872662992383088	0.0
195.0	25.80321179144259	21.928778098952233	25.109742424658315	27.1577046325837	5.63052363165959E-4
196.0	27.918039482065055	22.62597278563201	26.589274088369457	22.866431498186863	2.8214574661760154E-4
197.0	24.719218439588225	24.38947647643128	24.685778625609537	26.20482097706339	7.054813075672747E-4
198.0	26.85665140937387	23.839325654512418	24.700560611874682	24.60325031924419	2.120049948376784E-4
199.0	25.358856754575953	23.33326255290837	25.577922169844708	25.729392279271245	5.66243399725372E-4
200.0	27.08900955693779	23.29532785301244	25.059761830435672	24.5559007596141	0.0
201.0	24.74858452699345	21.273224871549097	29.05163662517822	24.926270810886578	2.8316539265837087E-4
202.0	24.69242085916847	25.774062961510307	28.46202641874374	21.07148976057748	0.0
203.0	25.482571343792205	25.142432639718542	22.750201654166116	26.62380291076015	9.9145156298798E-4
204.0	25.551797112042223	23.99379006921013	24.243235509925405	26.211106483881657	7.082494057787486E-5
205.0	26.915410974913552	24.783509156149645	25.343842565506808	22.95631651790078	9.207855292179415E-4
206.0	24.777608241989434	21.465780924815363	26.39254288098446	27.364067952210743	0.0
207.0	25.420705095505298	24.482514311625007	27.08127869409964	23.01514765062631	3.542481437397268E-4
208.0	27.73783093734964	22.647626349844565	22.250441297041274	27.363959690500366	1.417252641581767E-4
209.0	26.74609064085636	21.00340985846713	25.776502949516946	26.473146035640855	8.505155187187834E-4
210.0	24.504816791782744	24.672465247502995	25.276637673762487	25.545584075877763	4.96211074013426E-4
211.0	24.476184938801385	26.168630515214215	25.82644012802714	23.528106267628903	6.381503283637967E-4
212.0	27.845499907071243	22.54451713223266	25.150991500210683	24.45863677056244	3.546899229755363E-4
213.0	28.97751065699316	23.2801536480772	22.919313466777012	24.822454422989296	5.678051633362527E-4
214.0	27.19006797019823	25.447062082288685	24.648465521282414	22.714404426230672	0.0
215.0	25.254020116599396	25.155003167688157	23.340451733686407	26.250169062008382	3.559200176536329E-4
216.0	25.117075109514907	25.219605832730917	26.451558553395177	23.211688502446627	7.200191237079257E-5
217.0	28.383560967749894	23.091478116467336	25.85299398894174	22.671313708725688	6.532181153350936E-4
218.0	24.15273323318888	24.530289059084005	26.50397953361785	24.812558729889016	4.3944422024651356E-4
219.0	26.269234892085002	22.994340884980613	24.922284197725265	25.813548608877902	5.914163312227163E-4
220.0	28.07535067996023	22.208343797879945	24.50108261617133	25.214702774677626	5.201313108646515E-4
221.0	25.196396299233886	22.781820918930215	24.85060100375754	27.17088219367682	2.995844015389651E-4
222.0	25.450757211547558	24.768611928987237	24.446163898085526	25.334466961379675	0.0
223.0	30.00588322149602	22.8861906485085	24.587658087669944	22.51965600367835	6.120386471803762E-4
224.0	29.502585664523455	23.31133856092808	24.62926020838768	22.556738840210535	7.672595025089386E-5
225.0	30.255568979692672	20.360753312823995	24.1269314352547	25.25605147663364	6.947955949959277E-4
226.0	24.724466901654917	22.945415229238538	26.097210764461774	26.232594620268983	3.124843757812109E-4
227.0	26.637971355253008	23.788507970217555	26.386492345810105	23.18536918351094	0.0016591452083886383
228.0	27.04714403710528	27.965722091619543	23.608552004574623	21.378423025605183	1.5884109536819365E-4
229.0	27.51713573683869	25.56024300643106	22.3644310919338	24.55819016479645	0.0
230.0	25.455666479485906	22.936655764870757	28.296957152867346	23.310639688902338	8.091387365460457E-5
231.0	24.458167196469695	25.49241282076773	24.047114538512666	26.000826542022597	0.0014789022273089154
232.0	24.851072123790388	25.706855100795245	24.335967083491283	25.105857926150932	2.477657721496406E-4
233.0	22.486722726729347	25.60095701699608	22.429040884722422	29.482861387189786	4.17984362369035E-4
234.0	26.590289588629624	21.724119466465396	26.561051090026528	25.12326492034634	0.001274934532111776
235.0	25.52878566474068	22.070960290946143	27.760451358947748	24.639200276763724	6.024086017063654E-4
236.0	28.500442495237184	24.07723394701392	23.732305639961464	23.689669153068476	3.4876471896102987E-4
237.0	27.735072071937104	24.735783229890842	22.62610275747751	24.902689446045848	3.5249464869061453E-4
238.0	27.007669895548425	22.337198770318086	24.998416048330604	25.656626049089116	8.923671376877875E-5
239.0	27.07150003848226	23.442306038092912	24.806841693038333	24.677450754025923	0.0019014763605742458
240.0	25.096380732474827	21.712137881141988	27.165216348271333	26.025983908119223	2.811299926343942E-4
241.0	28.694091498877444	21.342076104894495	23.822770297718954	26.13852895894531	0.0025331395637933673
242.0	26.03245808312308	24.559210056290258	21.80598850129539	27.600933282695916	0.00141007659536066
243.0	27.608815281630683	22.835849867326015	25.222002774092388	24.329845615727898	0.0034864612230129056
244.0	26.956752404138882	22.804178911168403	25.881344524170718	24.356591357277647	0.0011328032443484917
245.0	28.523616591162565	21.687098022262436	23.239906273383173	26.546824996665457	0.002554116526363685
246.0	24.262779173493882	27.132910606673722	23.930429211922146	24.67094321241304	0.002937795497212411
247.0	25.86600233264063	22.983918456354164	24.939784439691362	26.072577795844552	0.13771697546928247
248.0	26.278542394637384	23.144167914616464	23.72540350376762	26.841046851600943	0.010839335377593953
249.0	25.22407768471333	21.199403158682564	29.25151713058526	24.30812648078142	0.016875545237425574
250.0	26.623938281504618	22.080590729800946	25.062912226810884	26.231029562295287	0.0015291995882630108
