# Position (bp)	A	C	G	T	N
0.0	24.427577259502534	23.430334956058914	24.883035343745746	27.25901569834977	3.6742343033495606E-5
1.0	23.172032738102878	29.712813621879093	23.811369731741046	23.22862064501412	0.07516326326285945
2.0	25.22361464223211	26.1701937454262	22.401976009929044	26.20368543913881	5.301632738349982E-4
3.0	25.81054805574033	22.231987384676412	24.098917199336796	27.85226453752032	0.006282822726138697
4.0	25.97143118848898	23.258806369174323	24.14773629227289	26.62195316431537	7.298574843783129E-5
5.0	28.43280378470448	23.820268080804695	22.514538474937847	25.231369287831555	0.0010203717214181125
6.0	25.783933536140925	24.14726973554996	24.08296488984522	25.97937589383008	0.00645594463381882
7.0	25.707134644302332	25.025223856622862	23.471227379523075	25.795887771761077	5.263477906551487E-4
8.0	27.586949119189914	24.10060266667922	23.94526089940367	24.367169211736027	1.8102991175334893E-5
9.0	26.527459554214182	25.507518026043652	21.583372044134467	26.38148776314085	1.6261246684738334E-4
10.0	24.778528819861204	24.80693806459764	23.114097230369374	27.30043588517178	0.0
11.0	27.615075748037516	22.049470410796808	23.089482531324514	27.245831025955674	1.4028388548486143E-4
12.0	28.434660354811864	23.981849440545645	20.312815828328063	27.27067437631443	0.0
13.0	25.298485063953024	23.201398023841886	25.09134193333133	26.40862114702496	1.5383184879901767E-4
14.0	26.893989309900395	21.8172831002067	23.52750619095041	27.76120448262195	1.6916320544651388E-5
15.0	25.56708689331356	23.435639231106148	24.205044826944363	26.792229048635924	0.0
16.0	26.51817923691099	24.279374989488293	21.658241360694884	27.544121968134768	8.244477107230637E-5
17.0	28.719983845536383	26.306319786157395	19.361260669985974	25.611205005422338	0.0012306928979141862
18.0	25.83596987864127	25.764737369885005	19.794620965619792	28.604495070112772	1.7671574116349002E-4
19.0	25.26143724474595	24.56906374848289	22.106950138968877	28.061877172912975	6.716948893134782E-4
20.0	23.28791899865318	25.053601121197183	23.782352587777893	27.876063718024884	6.357434686100074E-5
21.0	24.089359422775665	24.438887708731375	23.57307645810916	27.898392330862997	2.8407952080203855E-4
22.0	23.320593867153587	26.637544607953913	25.54919190825331	24.492638318302827	3.1298336368228685E-5
23.0	25.755268649385815	23.442420075841625	23.21082201650964	27.591130867940333	3.583903225886876E-4
24.0	28.264410878522263	21.545502598590584	24.388490142099947	25.801534594171606	6.178661559796932E-5
25.0	25.329838227492836	24.919055518490584	19.901738839161897	29.849060952075657	3.0646277902286794E-4
26.0	26.499840450618706	25.109762652754043	19.6760842493949	28.714266887371558	4.5759860792402154E-5
27.0	25.760281353170715	24.737661661065836	19.74569393256909	29.756317406642914	4.5646551448684604E-5
28.0	27.580264072691353	23.341603031288155	22.8373127204292	26.237489387823814	0.0033307877674784592
29.0	27.41137994428503	23.7777064761178	21.975118445148027	26.835436300372827	3.5883407631922355E-4
30.0	23.653408350288395	24.398167738517934	24.491284956671883	27.456901145185718	2.3780933606754615E-4
31.0	26.23498086213875	25.033006005288062	22.13609658643046	26.59548751245677	4.29033685949709E-4
32.0	24.311176819162064	22.21480341355183	24.55337133504372	28.92041369076831	2.3474147407962637E-4
33.0	23.491248233856396	25.35164677389769	24.14520686118333	27.01185449115063	4.3639911957932286E-5
34.0	26.510904623500288	26.909908507394185	21.951856698843265	24.627171313889505	1.5885637275445686E-4
35.0	25.35577841861882	22.08210742427131	25.76345580114767	26.798472286869305	1.8606909289313394E-4
36.0	24.063675875174326	24.631542427893002	25.647449956125445	25.657174433091594	1.5730771562883617E-4
37.0	25.484797212298094	25.17659009711669	21.594911780716643	27.743700909868572	0.0
38.0	27.261117641384384	24.86211516543822	21.07278138431472	26.80384289710711	1.4291175556373328E-4
39.0	23.65702671216182	27.52494808643469	21.108125662403378	27.709613789363086	2.8574963702652356E-4
40.0	26.32019446813744	26.427102232478106	22.446759319110104	24.805801131845243	1.428484291029676E-4
41.0	24.455463037272445	24.537902526301867	21.270902131100783	29.73067624518692	0.005056060137979024
42.0	24.701741417974446	25.66656817658296	20.320855844077393	29.31077743806871	5.7123296494043396E-5
43.0	26.21870387970227	25.914338472153048	22.281715343808973	25.581486998359658	0.003755305976048287
44.0	28.71040702341562	24.378091057082813	22.436975377757996	24.47408398067407	4.425610695016463E-4
45.0	26.1189381424258	24.083358097601764	21.505961551582047	28.287802762807406	0.00393944558298228
46.0	25.893247958111985	24.25846736482879	22.129686095352376	27.71857003830382	2.8543403027284785E-5
47.0	25.40743743759599	24.544166233932284	22.67097217756936	27.375583335224096	0.0018408156782699413
48.0	22.83197912198259	23.64193812116959	22.2432655939968	31.282817162851018	0.0
49.0	22.670988724137192	25.968690045716812	24.331386267839186	27.026966500488548	0.001968461818259623
50.0	27.178222552483213	24.60149273528837	20.07450840002339	28.145590896967605	1.8541523742421153E-4
51.0	25.04549019607843	26.205575757575755	21.031586452762923	27.71506595365419	0.0022816399286987523
52.0	23.40633497046053	25.759114527724392	21.89828457541462	28.93625169051178	1.4235888675350557E-5
53.0	22.991971326205647	25.017154739016206	23.60220513399465	28.386976787569306	0.001692013214196645
54.0	23.346296697043744	28.098901289521034	22.781230156484558	25.773514983462615	5.687348805386602E-5
55.0	24.320719060253708	27.318440138316184	22.65000632206067	25.709273476734605	0.001561002634830538
56.0	27.206943928709315	24.821582447376453	24.276010751380635	23.695448683412764	1.4189120832140855E-5
57.0	22.9470218265597	27.59808530437483	22.431729841719385	27.017899444571427	0.005263582774662901
58.0	25.465965478826547	25.189791551671036	22.002016971900705	27.342055765059797	1.7023254190805996E-4
59.0	27.951410190741825	22.211935077224275	24.002711569747245	25.831148753204175	0.0027944090824820198
60.0	24.33812747543915	23.15661725197019	22.99000963437129	29.515188973780088	5.666443928199923E-5
61.0	25.901119016365904	23.605110638863852	22.900790822935466	27.586761269095806	0.006218252738970356
62.0	25.450456256304633	21.88207389898936	24.659270176873854	28.00793055692078	2.6911091137101243E-4
63.0	26.58781504345417	24.206998894738422	21.696041169435865	27.50660975881957	0.0025351335519685383
64.0	25.734283792582435	21.41802953653091	23.47108826509226	29.376513553462907	8.485233148751229E-5
65.0	24.237462091934148	25.97535760071745	23.6725919628537	26.109610767630027	0.0049775768646752394
66.0	24.33946053929103	23.78701372449264	23.176437683801332	28.696579015165636	5.090372493663193E-4
67.0	26.983110997999336	24.477883113118846	21.350102154072378	27.1881260913519	7.776434575442019E-4
68.0	24.18532250824429	21.974318100684638	26.462860919755553	27.37725812323494	2.4034808057315948E-4
69.0	23.274779956539128	25.182268608885938	24.32827703556194	27.211762116262566	0.0029122827504220335
70.0	26.760979305093112	23.238921835685804	24.388428612909095	25.61123244119006	4.3780512192448964E-4
71.0	24.932208456196182	22.81469954333987	25.76449314220588	26.487654617639627	9.44240618440963E-4
72.0	27.90729167018951	25.374563026242665	21.8880169141677	24.828099230385078	0.0020291590150462143
73.0	25.92080298275212	22.4415266681677	22.39452312965791	29.23903300082369	0.004114218598578791
74.0	25.226355328415984	25.091573388604218	23.24121332204022	26.439928138839907	9.298220996735478E-4
75.0	25.659530089521716	25.31163973915056	21.799320729827325	27.22717091960683	0.0023385218935659795
76.0	26.96666535659181	24.003529595224904	24.90274807218259	24.125958203540836	0.0010987724598599403
77.0	24.317367395003437	24.78827430387307	23.679077314882633	27.214590775402574	6.90210838282192E-4
78.0	27.815167087041097	25.6627429371954	20.138111558881366	26.38342909193911	5.49324943028665E-4
79.0	27.33889331226451	21.106938442996505	22.511252612182105	29.040281795240418	0.002633837316460624
80.0	24.425210703729753	23.424063420829732	27.24988429991378	24.897898018859607	0.002943556667127683
81.0	25.04594714493948	24.86032772109203	21.318292244966937	28.774925886022913	5.070029786424995E-4
82.0	23.053713779060615	22.63627573499486	23.640298586073325	30.668486708931532	0.0012251909396707532
83.0	26.143203640136587	22.203909384121605	23.524827664677538	28.12721439201315	8.449190511221089E-4
84.0	23.504160193463182	25.900807312263957	24.63687282209236	25.956807885646743	0.0013517865337560105
85.0	25.411218589145808	26.41432709627811	21.407120096343025	26.766728765469143	6.054527639129878E-4
86.0	25.5843746260146	24.71795341109883	22.358096739903274	27.337336590379515	0.0022386326037831484
87.0	22.673629144307068	22.31086831008808	25.14554710266482	29.869167046668977	7.8839627105458E-4
88.0	24.911577156075822	26.229064860499978	25.741803043288762	23.11666803690869	8.869032267510286E-4
89.0	26.678803998421667	25.96013656539413	22.779668575671028	24.580532153441663	8.587070715090426E-4
90.0	24.58140303199776	25.325290761059676	24.546535494154092	25.546545488482664	2.252243058129408E-4
91.0	26.88221610834273	25.365272707771418	23.42531084178887	24.326524706175793	6.756359211972043E-4
92.0	25.920744181856698	24.06406168298095	22.19419075923524	27.82096115044727	4.222547983979653E-5
93.0	26.851300722300564	26.084636640690835	20.822267671057464	26.2414571726674	3.377932837405877E-4
94.0	28.18438493949273	23.499661303395733	22.579867445985528	25.731104029891434	0.004982281234575512
95.0	24.782474751590215	26.193565348067843	23.122281242255116	25.899004672016606	0.0026739860702214074
96.0	26.145139552173795	24.414449698184747	23.932057546493116	25.507185149335683	0.0011680538126613374
97.0	25.368113923794127	25.27356300617599	23.48988717496099	25.86830924552899	1.2664953989629371E-4
98.0	28.902639973770526	22.82307349177022	23.407481309390967	24.866791153463513	1.407160476802256E-5
99.0	22.73895675339588	21.876298416102955	26.30901800240516	29.075712757891026	1.4070204976153114E-5
100.0	22.88462612610141	25.09296742626235	24.290600606646663	27.731805840989576	0.0
101.0	24.132705273	21.83171352030143	28.08228505764332	25.953225805997786	7.034305746380638E-5
102.0	25.072801229816378	23.94783775528967	24.210216215326476	26.769074456816792	7.034275068010889E-5
103.0	26.143892900894755	25.501559344044427	24.597068059027055	23.75736716387594	1.1253215782241272E-4
104.0	26.781496539237544	26.44921889505411	22.328205298438014	24.44086827947612	2.109877942154461E-4
105.0	27.25248636798274	23.36493858946072	20.342643774423767	29.03617565898281	0.003755609149957957
106.0	25.85617375264593	23.06976473340142	25.290846386156907	25.783158865119944	5.6262675805038013E-5
107.0	26.339491796670284	23.920829562649427	22.617436467551112	27.121595167373357	6.470057558194652E-4
108.0	23.79258270520367	24.915516964739098	24.642046599507733	26.64979748118142	5.624936807350555E-5
109.0	26.623537140475573	24.23781130848696	24.983717101655344	24.154315755489925	6.186938921976513E-4
110.0	25.16245407164402	24.125062357954626	22.5240306607103	28.18838260760016	7.030209089666661E-5
111.0	24.855867544931197	23.91241932181961	24.594710953335447	26.636383525341216	6.186545725321869E-4
112.0	25.964580371703494	23.607250730650573	23.796776293895096	26.631280125671758	1.1247807907686992E-4
113.0	27.812827403999453	21.79656538969617	22.872348502102977	27.5175135657378	7.45138463597596E-4
114.0	26.23945739789832	22.31274276156317	26.829290581944466	24.618256189747648	2.530688463955053E-4
115.0	27.58951732981268	23.222286430147168	25.84104179935914	23.346549855110364	6.04585570651448E-4
116.0	27.694467737136954	24.083008407302863	24.353817592628523	23.868650023030238	5.623990142270078E-5
117.0	26.590345993488036	26.101597115816418	23.8183460373548	23.489106279330628	6.045740101225372E-4
118.0	26.767917202927453	25.055331990537255	24.51355510745696	23.662970743710883	2.2495536744912705E-4
119.0	27.325991092804564	21.28250566752507	24.32685661709914	27.064210767257197	4.358553140323478E-4
120.0	25.458368136744962	23.822658170346045	24.794037147477937	25.92489436657838	4.2178852676156816E-5
121.0	27.67981382733053	23.182754620468053	24.33720907181221	24.79961791411419	6.045662750155113E-4
122.0	27.128210593446962	23.631095354294974	24.36011679639983	24.880155466086133	4.217897721041742E-4
123.0	24.429634713988193	27.97578266485448	23.085764386002232	24.50825585219226	5.623829628330941E-4
124.0	25.295471081351824	24.570998752218767	22.512222983778845	27.621222825609394	8.435704117678073E-5
125.0	27.150701244180315	23.505792092049237	23.58053148481276	25.76215973787787	8.154410798127017E-4
126.0	24.820824951070172	23.264771353137338	24.64085203768957	27.27348136167554	7.029642738090837E-5
127.0	26.312584732603128	23.06214260819588	27.627338085599558	22.996781725158964	0.0011528484424666065
128.0	26.289128819810177	23.736894731011244	24.034176190827	25.929733882128918	0.010066376222656994
129.0	24.70032227402332	26.39898460415041	21.54641481220505	27.351143156840163	0.003135152781056254
130.0	26.052190564027004	24.070475960173095	23.595992003126767	26.28132741347265	1.4059200481387024E-5
131.0	26.317563896019653	24.08425581774294	23.559017186982224	26.03860073020809	5.623690470951741E-4
132.0	26.641667649634538	25.05380079583141	22.656240224507517	25.64154294510484	0.006748384921689913
133.0	26.824943921797704	25.48959732652311	24.10643576014346	23.57722342778934	0.00179956374638242
134.0	27.116711561496544	22.625096303627764	20.69583237264021	29.5623175854642	4.2176771283804684E-5
135.0	26.06011349341179	23.462662512027254	26.219202217007364	24.257571897812067	4.498797415215945E-4
136.0	27.92773300232915	26.04961041915247	24.24418672493825	21.771356019154492	0.007113834425644332
137.0	29.11305097956296	21.390915859596163	23.76968376632652	25.726208806225475	1.405882888830654E-4
138.0	25.074139528096545	24.13789031412667	26.33818421523582	24.448295771414497	0.0014901711264723699
139.0	26.099074045176746	23.507128752790894	24.933216706830834	25.459624540262993	9.559549385335034E-4
140.0	26.70221353482057	21.58112803198768	25.44441785864609	26.271889117164367	3.514573812938636E-4
141.0	25.83726736715431	25.170093657653304	25.00915207629823	23.983247904582225	2.3899431193537596E-4
142.0	28.950507159275425	22.20478972044734	23.409797347166865	25.434666779134417	2.3899397594595925E-4
143.0	26.766210504133102	25.279322992062202	23.795950081967547	24.15846018820553	5.6233631619946126E-5
144.0	28.435518847201475	25.290923468939457	22.625948510675688	23.64687813021703	7.310429663474211E-4
145.0	28.577825245945103	22.32038735449147	22.605524393050484	26.49503990611088	0.0012231004020626253
146.0	27.721208699410127	21.790884171227074	24.30457945231247	26.17802754773842	0.005300129311908252
147.0	26.679138338412866	24.526418326974955	25.973125688949274	22.817943630611705	0.0033740150511999754
148.0	24.89640643682427	24.81849423636695	23.5379196374032	26.74658923245517	5.904569504163776E-4
149.0	28.02306247396502	24.271031165775135	23.669346397813477	24.034254333633207	0.0023056288131621037
150.0	25.99950316035844	23.592277138108063	24.73967585079571	25.668543850737784	0.0
151.0	26.678081681417893	24.017785265942475	25.46493995237355	23.83868697431439	5.061259516925274E-4
152.0	27.81487436827033	23.89026676225004	22.978728668952776	25.31604584571533	8.435481152112393E-5
153.0	25.225305907371727	23.145386033634697	24.534183147109694	27.094464128903855	6.607829800300136E-4
154.0	23.464675152786285	24.617638867194557	24.72946680120511	27.185533846227173	0.0026853325868764844
155.0	27.522190076038683	23.362453304493158	23.967925429477745	25.147276528369648	1.546616207609886E-4
156.0	25.40685125634768	23.66340688865664	25.610457910394796	25.31911522145686	1.6872314402081032E-4
157.0	25.730086237223087	22.356030630003872	26.071961555863822	25.841640371629648	2.8120527957288294E-4
158.0	25.26617452342517	20.855726328876038	25.90413850537889	27.973862219295775	9.84230241261547E-5
159.0	26.90395328020823	21.522723930113788	23.995777288527673	27.577109619238872	4.3588191143498233E-4
160.0	26.803006955514487	20.935287294793202	26.117748098928683	26.143873285253427	8.436551019831378E-5
161.0	24.92467841299557	20.38254803012273	28.426276241630326	26.261983714760696	0.004513600490674775
162.0	25.418605723747785	23.98734536757998	24.119662460642346	26.474344264046984	4.218398291042484E-5
163.0	25.847001097658413	23.380630420971546	26.754657454923027	24.01769696471997	1.4061727044441527E-5
164.0	25.682267108829894	23.51580230112182	24.45653113922278	26.34340265722605	0.001996793599460922
165.0	26.716129861487868	21.62014392616886	25.985952193922046	25.677267770904997	5.062475162231235E-4
166.0	24.70645478835607	23.633384896639008	25.581268457319645	26.078765293207706	1.2656447756996203E-4
167.0	27.070556213001108	23.012563186846027	26.109237215496588	23.807305872500564	3.37512155711233E-4
168.0	25.70865398705675	24.04992227244051	23.97170249934817	26.269636861679825	8.437947474902029E-5
169.0	27.277832360178966	22.252626166681246	25.11985704630047	25.349445345608796	2.3908123052015354E-4
170.0	30.97296818371678	22.885657990777034	22.56262912224299	23.578491556864417	2.5314639878152196E-4
171.0	25.319915522697332	23.65890453746961	26.421644798453674	24.598846024406836	6.89116972543189E-4
172.0	27.399960456399526	24.38058437341534	23.611157595310342	24.608142887959705	1.5468691509010232E-4
173.0	28.352514719118677	20.516252935843895	23.09123217067611	28.03867840305841	0.0013217713029107514
174.0	24.52876907058639	25.74156732257087	23.32453373246729	26.40470805595843	4.218184170139053E-4
175.0	25.681824508872918	24.071209454475717	23.27513942719627	26.97025187583113	0.0015747336239654213
176.0	24.6389938521781	24.079721326860955	27.708068093542504	23.571740406550646	0.0014763208677954663
177.0	22.90925529611267	26.24267768306847	23.913555179967997	26.91052360717791	0.023988233672955727
178.0	25.191407983290393	22.984522019932076	23.83579124016739	27.987842907669197	4.358489409433121E-4
179.0	28.781652030420595	23.456051329410588	22.75468980419639	25.00617264508669	0.0014341908857450425
180.0	26.581788384025103	22.26274019603423	25.323957497362464	25.831288492231668	2.2543034653152867E-4
181.0	27.87236374113902	21.87258347198143	26.02450915613343	24.229866667945373	6.769628007530647E-4
182.0	26.511993345515734	23.018868616386552	24.694928762296104	25.774096449686535	1.1282611507107269E-4
183.0	24.605888764275672	24.211678803291896	25.408355880302107	25.77348420057362	5.92351556699891E-4
184.0	26.537632182329073	22.198789585942823	25.8848249178702	25.374324728950153	0.0044285849077493325
185.0	25.40061472057797	24.157537236904894	23.97105657708149	26.470269703153924	5.217622817200444E-4
186.0	27.78013756526904	23.109591633603788	25.254187189061568	23.85606950974992	1.4102315684849346E-5
187.0	25.05841254302475	22.43768940386231	27.521744859096025	24.98156006574686	5.931282700609044E-4
188.0	27.74903307937632	27.266271848395206	21.77422202186612	23.21014822491366	3.2482544868986596E-4
189.0	25.19524577232896	23.575881990301443	24.64717210171409	26.5807397426853	9.603929702059266E-4
190.0	28.7483036665661	21.350835087576566	25.323842905682163	24.576820599391862	1.977407833020903E-4
191.0	27.123773895930036	23.535428075396688	24.285197484816095	25.055133847189936	4.6669666724838757E-4
192.0	27.35692628588352	23.210127137976965	24.02097930779712	25.411910695945146	5.657239725250495E-5
193.0	27.5572822916481	24.044050440835385	22.046394434161538	26.35201823596256	2.5459739241350687E-4
194.0	28.07988461664128	23.104323806643766	23.766870056663393	25.048921520051564	0.0
195.0	26.721708956290115	21.722083826676908	24.504258669054522	27.051382705885178	5.658420932762398E-4
196.0	29.092121619303967	22.11769308290563	25.693814288326365	23.096271790881246	9.921858279011159E-5
197.0	24.978136719749536	23.503029813306227	24.222388084033817	27.295821629089044	6.237538213781699E-4
198.0	27.960776894208696	23.248292785465306	23.57078044113291	25.22009310569621	5.6773496882638245E-5
199.0	26.30632664620872	22.867043068600847	25.393439164151125	25.432707728144386	4.833928949206212E-4
200.0	27.593583921783804	23.399524443201418	23.86578224799336	25.14106673108661	4.265593481263167E-5
201.0	25.89923157427736	21.290468904637855	28.0760917788117	24.733923350813928	2.8439145915569865E-4
202.0	25.6528323888482	24.589600472124058	27.658250439061156	22.099316699966582	0.0
203.0	26.19415656396186	24.213946291527723	22.520441414790703	27.070772962355477	6.827673642320652E-4
204.0	25.530519562917775	23.579989199837716	24.48251119136943	26.40689469158936	8.535428572404049E-5
205.0	27.34392082979507	24.557009999418135	24.880536067942607	23.217750642364486	7.824604796994897E-4
206.0	26.17934826761626	21.51326105647671	25.45556003418683	26.851759502148205	7.113957199872461E-5
207.0	26.630794402777035	22.875334657115022	26.460118206855448	24.033439670361854	3.130628906348944E-4
208.0	28.53448510207326	22.18061908186512	21.86861450583596	27.416238612765202	4.269746045467957E-5
209.0	28.02978531575905	20.28614696425412	25.021290781472388	26.66207946347373	6.974750407133262E-4
210.0	24.723471705677316	24.285246110751405	24.78830437929477	26.202707312225844	2.704920506657236E-4
211.0	25.335131466026358	25.213257711515897	25.035922071993372	24.41491983087756	7.689195868167882E-4
212.0	29.00236750881157	22.220541521706245	24.390724698121975	24.386166866214246	1.9940514596314253E-4
213.0	30.07249071744351	22.62132441683545	22.50663365442187	24.79926622990418	2.849813949896281E-4
214.0	28.148584382827007	24.283188727239704	24.366871654197624	23.201298211594633	5.702414102754366E-5
215.0	26.227219993318762	24.820604256195534	22.70193277374534	26.249928767289198	3.142094511632105E-4
216.0	26.564006735040323	24.412316136440054	25.341691747240848	23.68195655717398	2.8824104791762416E-5
217.0	30.032825893024945	22.90879875865618	24.747362238714583	22.310432608379216	5.805012250752728E-4
218.0	24.845186681246513	24.452549456175635	24.953774453288595	25.748211316868602	2.7809242064962095E-4
219.0	26.693854791973504	22.384169922634573	24.43182480661595	26.489530598964773	6.19879811208224E-4
220.0	27.79361939310036	21.134560257632767	25.400269532993196	25.671284127955868	2.6668831780713456E-4
221.0	26.138526126286756	22.8591946076402	24.10029068879036	26.901854406345034	1.341709376506162E-4
222.0	25.498706110593545	24.98280349667995	23.589003796080206	25.929321281779337	1.6531486696135797E-4
223.0	31.848562104385064	22.171899909070866	23.11933504145977	22.859535352588217	6.675924960782734E-4
224.0	30.15620430696685	22.297964464002995	25.03060078825258	22.515047953780908	1.824869966609442E-4
225.0	31.00182573405141	19.671123461904607	24.06319618331152	25.263075567547883	7.790531845861121E-4
226.0	25.963113686667917	21.959195486795956	25.84224190569011	26.235279395206497	1.6952563952006366E-4
227.0	27.709784990907576	23.13743678215248	25.519020704855677	23.63252923631099	0.0012282857732789695
228.0	27.860348300031063	27.425359761522277	22.699218269924636	22.014933122952232	1.4054556979282176E-4
229.0	27.345344547015433	25.977774509348972	21.61813967499408	25.05869407742349	4.719121802893294E-5
230.0	26.641268581423223	22.942892979053394	26.412207183205695	24.003599558898717	3.1697418974265185E-5
231.0	25.0764495621911	24.744620818180916	24.391230814724064	25.7863692473006	0.0013295576033234455
232.0	25.610099829322557	24.60097326225073	24.082115762866042	25.706553592121956	2.5755343871668846E-4
233.0	23.951794994471122	25.174625569873417	21.986979668852996	28.886111565409628	4.8820139283857375E-4
234.0	28.131748604738345	21.3628650516656	26.01676228015059	24.487353543726996	0.0012705197184660307
235.0	26.135800484634885	21.596400388721733	27.72728849248936	24.540293862425322	2.1677172869784224E-4
236.0	28.93020832595205	23.619615754879998	23.751415940938937	23.698574391689505	1.855865395095184E-4
237.0	27.73175214724177	24.523017675998247	22.341834012908812	25.403311053788542	8.511006263079289E-5
238.0	27.166075585972692	22.756486124333332	24.45788890301556	25.619514931377097	3.445530130988719E-5
239.0	28.33821558397634	23.447940440269065	23.396456687961294	24.816286685012376	0.0011006027809262393
240.0	25.32836762857862	21.94777592745903	26.16284559558691	26.560795021153766	2.1582722167595952E-4
241.0	29.63495642349816	21.474943804058714	23.41809978396773	25.46987513993838	0.002124848537014771
242.0	27.62125318080621	23.871393477321767	20.778951516772246	27.72742741843224	9.744066675400237E-4
243.0	28.39149136681678	22.86026093802844	24.55917556307637	24.1863759304836	0.002696201594812291
244.0	26.95094045288163	22.898855059060125	25.674406275717388	24.474837280737617	9.60931603245483E-4
245.0	29.036384079318	21.120508571786957	23.17633766868846	26.664933615348048	0.0018360648585366564
246.0	24.919258308956366	26.32450421561027	23.30806601209059	25.445440320337582	0.0027311430051968188
247.0	25.73924343687437	22.916126870916862	25.05402823262539	26.154554684016034	0.13604677556734204
248.0	26.350901623953295	22.634337621840334	24.192717599293342	26.81112035753713	0.01092279737589839
249.0	25.302594061318374	21.851114943685168	28.08640261489796	24.74308345304782	0.016804927050672994
250.0	28.405863985911868	21.7246289574461	23.663674975736225	26.204859143436863	9.729374689417249E-4
