# Position (bp)	A	C	G	T	N
0.0	24.17882238748838	23.609292120085307	25.15113195165965	27.060616831629027	1.3670913763875976E-4
1.0	23.06024224553785	29.50899658084921	23.84994060470007	23.508434678126573	0.07238589078629558
2.0	24.687423821509185	27.128705398290474	22.634544176809914	25.54834063910205	9.85964288373475E-4
3.0	26.222918808823326	22.26942751383464	24.23537108692307	27.26528502020633	0.006997570212634419
4.0	25.89003286703273	23.590630011408113	24.062936669035157	26.456332587496682	6.786502731906674E-5
5.0	28.511711833823266	24.141778843302863	22.099167252611338	25.24693543878078	4.066314817481765E-4
6.0	25.672967226891895	23.906728521955426	23.961706740431083	26.45352259824692	0.005074912474676187
7.0	25.39660517581738	25.285141196708604	23.922762416317624	25.394984863583215	5.063475731773513E-4
8.0	27.54023456512155	24.5492191723753	23.40480751988977	24.50570503685388	3.370575950536124E-5
9.0	25.99061459279443	25.479496753792848	22.365324452517914	26.16449692199011	6.727890469943149E-5
10.0	25.12617709282602	24.388704747618934	23.36803119379995	27.1170869657551	0.0
11.0	26.90894176087813	22.79382419864648	23.38845504054375	26.908713895553042	6.510437859498241E-5
12.0	27.827462490903798	24.621843533438557	20.535670435471772	27.014959341138013	6.419904786392113E-5
13.0	25.55955835645855	23.0840230708555	24.64385683581021	26.712403091428637	1.586454470977719E-4
14.0	26.298699771562422	22.232918529156755	23.707085641357708	27.761233343419917	6.271450319922359E-5
15.0	25.565135264520965	23.47324742231353	24.423430356898056	26.538186956267445	0.0
16.0	26.296236925175524	24.568449269894366	21.93282187031627	27.202430983273125	6.095134071616607E-5
17.0	28.31966144119611	26.5394638289115	19.872531940299936	25.267026650617748	0.0013161389747038089
18.0	25.84984645924269	25.54991810961736	20.108170101669923	28.49188724237476	1.7808709527481511E-4
19.0	24.910538088842507	24.90466011267401	21.871978860552844	28.31237987440035	4.430635302888567E-4
20.0	22.526242998247138	25.83894823721956	24.08846599534371	27.546313417888562	2.9351301025769267E-5
21.0	23.955825236492277	24.523838118369152	23.71936210923244	27.800741337555777	2.331983503548696E-4
22.0	22.787155225749885	26.595721009371797	26.02265171194013	24.594443155288168	2.8897650014203197E-5
23.0	24.93593685199874	24.20059832535624	23.55752223588008	27.30565498565158	2.8760111336143007E-4
24.0	27.883371182138823	21.50375160322185	24.651663291937478	25.96118543996851	2.848273333980841E-5
25.0	24.792638746044414	25.139059330099244	20.222026410829862	29.84607794547813	1.975675483447791E-4
26.0	26.258304953047613	25.350135809913283	19.945782706384467	28.445748459155407	2.807149923140235E-5
27.0	25.507418032040967	24.78083309882916	20.278016948701687	29.43367591943137	5.600099681774336E-5
28.0	27.496703870396015	24.064988203763157	22.719324934922568	25.71651678213512	0.0024662087831393343
29.0	27.047670124256744	24.008894085867	22.44407677289639	26.499001846844344	3.5717013552133924E-4
30.0	23.585464808511905	24.595616007679126	24.981565238851985	26.83727204301927	8.190193771794447E-5
31.0	26.235967105673975	24.862827185330584	22.59367253910206	26.307098778001308	4.3439189207533446E-4
32.0	24.217592292251418	22.86891933615637	24.958067636075263	27.95525922424521	1.615112717370618E-4
33.0	23.645909068844613	25.192420430038126	25.04188734983365	26.119756479937013	2.6671346598949898E-5
34.0	26.111325814057018	26.849577705316634	22.41607208940178	24.622971487007913	5.290421665123187E-5
35.0	25.343049690394608	22.22514497769594	26.18771146674408	26.243831865172705	2.6199999266400016E-4
36.0	23.91587746270118	24.593269170863337	26.214276402622556	25.27644607698135	1.3088683158058413E-4
37.0	25.339458164895234	25.263988125768044	21.57603109240003	27.820496448407173	2.616852951705455E-5
38.0	26.773685328611595	25.160242826092187	21.418749430974454	26.647217765945534	1.0464837622347034E-4
39.0	23.513034416572438	27.46080310828651	21.47252823711618	27.553451139149654	1.830988752236095E-4
40.0	26.22601441031475	26.53550926470781	22.922992428700326	24.315405437213133	7.845906398336668E-5
41.0	24.0599081462119	24.988984396675733	21.50379132877856	29.442713763502777	0.004602364831029143
42.0	24.608636356030054	26.034598345019162	20.621370839538812	28.735316019344364	7.84400676048796E-5
43.0	26.152607749707062	25.697839123539683	22.41192338240146	25.734204927448783	0.0034248169030138913
44.0	28.559789086711586	25.013514050430146	22.600667912991472	23.825767556241452	2.613936253413801E-4
45.0	25.875753168501976	24.329782938503815	22.09960706524651	27.691302512717787	0.003554315029917663
46.0	25.394305485324686	24.459470583393113	22.442936604066468	27.703287327215737	0.0
47.0	25.246630268206744	24.70075788753059	23.16575147925902	26.885083555761106	0.0017768092425436068
48.0	22.585149019436773	24.04395836331868	22.940689227139544	30.430203390105003	0.0
49.0	22.549113074539978	25.837082999548393	24.55028165920216	27.06177226285685	0.0017500038526204217
50.0	26.999485227115134	24.79635652579754	20.58438605824743	27.619746071494145	2.6117345756832363E-5
51.0	24.643783322074192	27.372508180612463	21.360257434362513	26.62112698822634	0.002324074724486164
52.0	23.319351606543158	25.850815704992865	21.421835265856124	29.407997422607856	0.0
53.0	22.879389928045573	25.56154539624904	23.865510176887973	27.692019012958458	0.0015354858589559945
54.0	23.361346987181104	28.120605923543625	22.64093640363604	25.8770846611257	2.6024513530274704E-5
55.0	23.77585448677803	28.010474400139024	22.94312876597467	25.269035762424064	0.0015065846842159537
56.0	26.497662220010525	25.438272063464197	24.692629071375922	23.37143664514936	0.0
57.0	22.9545082701612	27.462310970526595	22.977595641187452	26.600676779402637	0.004908338722117909
58.0	24.978694719873868	25.484983997021153	21.943971138031728	27.59222031399387	1.2983107937924126E-4
59.0	27.43470178317357	22.457186179106646	24.519778998639513	25.585606870982147	0.002726168098121281
60.0	24.112880750879167	23.513089962137173	23.378152589410593	28.99587669757307	0.0
61.0	25.195431831961674	23.949572534585673	23.31645557151482	27.532966849234747	0.005573212703088519
62.0	25.12121609565198	22.15205031848223	24.954004498720316	27.772495804805924	2.332823395419268E-4
63.0	26.245776567322476	24.076209957089198	22.439114662762982	27.23646246626697	0.0024363465583753818
64.0	25.25087182406946	21.782545402785956	23.87326686550941	29.093264148135688	5.175949948563997E-5
65.0	23.771459891074766	26.29706477392295	23.86596596228763	26.06095486325862	0.00455450945604148
66.0	24.651127165438787	24.123558002203122	23.138829509612716	28.085993670101594	4.916526437844626E-4
67.0	26.62687061496285	24.893724100545835	21.445052080301082	27.03362869869757	7.245054926572662E-4
68.0	23.8054775955006	22.70329333113576	26.875981112953056	26.615118589986576	1.2937042400638986E-4
69.0	23.40544657845006	25.22628531924186	24.429758925669955	26.935792510902886	0.0027166657352384145
70.0	25.921215915353475	23.487772972361263	24.252680794574	26.33796859808583	3.6171962543416045E-4
71.0	24.55818784974701	23.122366023213793	26.036282184457637	26.282339113153707	8.248294278519121E-4
72.0	27.3502724942411	25.7597906435998	21.987731187124396	24.90081395187009	0.0013917231646135314
73.0	25.537115225791325	22.814889639329138	22.764434629453305	28.87972097709554	0.0038395283306941947
74.0	24.618328526932977	25.75457651503382	23.862495983931087	25.76392909251915	6.69881582971404E-4
75.0	25.530469417224978	24.917255246984745	21.79352649674161	27.756533209326772	0.0022156297218998253
76.0	26.348539486897298	24.196914871198782	25.278832723036555	24.174862779830992	8.501390363751309E-4
77.0	24.14617697488274	25.02279780893736	24.090277262573057	26.740103947704657	6.440059021852923E-4
78.0	27.264575723698787	26.485469354531265	20.460982859968986	25.788559917983378	4.121438175851463E-4
79.0	27.216392663977896	21.19656741506758	22.485718598302768	29.09859099786159	0.002730324790164237
80.0	23.93621117607682	23.356696778234777	27.96587098052033	24.73882573899032	0.002395326177747111
81.0	24.951780595981273	25.097604212247276	21.943183389809292	28.006968215757137	4.6358620501378784E-4
82.0	22.597428284237715	22.710641672158648	24.01092164093483	30.68015852964756	8.498730212445077E-4
83.0	25.344914700342557	22.509653285207257	24.011635962086295	28.132843213754665	9.52838609226465E-4
84.0	23.681123205721914	25.605697605431864	25.04117466504062	25.671103264720905	9.012590846915737E-4
85.0	25.20647559370423	27.113342973495737	21.310243290508765	26.369397428054107	5.407142371603543E-4
86.0	25.172737929328125	25.158397276254274	22.67774750306573	26.98954677099728	0.0015705203545874514
87.0	22.321256867557224	22.270463782316234	25.830073059146784	29.577356736082166	8.495548975938804E-4
88.0	24.453757500714353	27.474894648911224	25.29499591981733	22.775837081009	5.148495480908092E-4
89.0	26.425530666175185	26.394770021061387	22.60320518199748	24.575541709118074	9.52421647874787E-4
90.0	24.249210118208786	25.80454688776922	24.800113253926888	25.145949563393245	1.8017670186547236E-4
91.0	26.359418894798548	25.435076074129647	23.926565268810702	24.27852795947861	4.1180278249992603E-4
92.0	25.42929820642344	24.414743090205896	22.67670429921012	27.479254404160546	0.0
93.0	26.13503187729391	26.0567476050211	21.291958131038914	26.51587636952441	3.860171216607589E-4
94.0	27.791123443735945	24.025749944222692	23.177574614853516	25.00151184164443	0.004040155543415074
95.0	23.953260374503692	26.752259913900687	23.755123886768857	25.536911283744317	0.0024445410824427915
96.0	25.944944544435856	24.47102686388203	24.016549828956798	25.566526735873012	9.52026852303326E-4
97.0	25.183956521425916	25.02613983577185	23.342744703338592	26.44695311398512	2.0582547851850938E-4
98.0	27.877665729702585	23.006275755578436	24.44439470628157	24.671663808437412	0.0
99.0	22.26456997694238	22.490876240980416	26.549521407780325	28.695032374296876	0.0
100.0	22.886005298490186	24.94315697420201	24.326808817099206	27.844028910208596	0.0
101.0	23.43140149496637	22.35184072620882	28.184879153798832	26.03175003240534	1.2859262063530928E-4
102.0	24.944368314167022	24.464361771078313	24.705123773428063	25.886094701949965	5.1439376637058164E-5
103.0	25.819167314258557	25.40942293776483	24.833173299704843	23.93792786709203	3.0858117973670826E-4
104.0	25.708882840962154	26.833046365381175	23.022646811364343	24.43493541678238	4.88565509949251E-4
105.0	27.237325369370026	23.468860082322514	20.72974768125598	28.561083980846785	0.0029828862046913087
106.0	25.74138557912801	23.46347469093613	24.981164833548554	25.81387204223603	1.028541512706859E-4
107.0	25.83216532561124	24.27365604544598	22.788968453120656	27.1045159279741	6.942478480245177E-4
108.0	23.701758855526638	24.716320051703676	24.62834771131807	26.95349625783351	7.712361810543776E-5
109.0	25.890257046419705	24.783378389737166	25.028114733302676	24.297452978670847	7.968518696072729E-4
110.0	24.334690084067827	24.232702456236307	23.249632196836124	28.182872452751045	1.0281010870112793E-4
111.0	24.60891787783058	24.28326777922311	24.67751772891056	26.429525540400533	7.710736352189426E-4
112.0	25.461858062141694	23.862413818449856	23.872899786528308	26.802751230173683	7.710270645920213E-5
113.0	27.961831843307944	21.952087033553777	22.94052294250182	27.144684391059897	8.737895765641412E-4
114.0	25.983915843449324	22.632775760890294	27.24774442988676	24.135127063911547	4.369018620757362E-4
115.0	26.730096736038966	23.590172083127506	25.92843517287217	23.75055065881154	7.453491498136369E-4
116.0	27.15393164168118	24.269454650878277	24.867224976303028	23.70933732772145	5.1403416065418035E-5
117.0	26.28254373197512	26.161874553915993	24.09605420783319	23.458679352308508	8.481539671887782E-4
118.0	26.16079659898721	24.647858907624343	25.161141254551396	24.029714912534335	4.883263027196434E-4
119.0	26.876139552408745	21.265390864869836	24.997288462833435	26.860744189728443	4.3693015954119246E-4
120.0	25.530670833729562	23.4911831151708	25.170824734054175	25.80726991413143	5.140291403119643E-5
121.0	27.510509396001442	23.4839123224917	24.25401022513599	24.750822709136724	7.453472341449222E-4
122.0	26.6152429007034	24.228900526574428	24.56823878227864	24.58697525038501	6.425400585174083E-4
123.0	24.293398922608766	28.016361337281026	23.078840776379636	24.610679332181924	7.196315486470927E-4
124.0	25.179828565319124	24.801178536328607	22.860613200758277	27.158276894355282	1.028032387132324E-4
125.0	26.338302908499333	23.972618934415486	24.481689844025073	25.20641170287406	9.766101860442405E-4
126.0	24.20918124111571	23.739790218398927	25.066261903434057	26.984689536029176	7.710102212825036E-5
127.0	25.734889721566873	23.164484741946925	27.535787163395064	23.563964575205727	8.737978854091173E-4
128.0	26.21758326315013	23.47096779831031	24.80527534388913	25.49735839591139	0.008815198739041076
129.0	24.380086171780736	26.785545859552588	22.249975263841648	26.58159141520381	0.0028012896212219534
130.0	26.126480141166287	24.48734443001233	23.52158074990221	25.86456897867754	2.5700241633671837E-5
131.0	25.900832019622648	24.534478673168486	24.41250532637508	25.151669976001113	5.140048326734368E-4
132.0	26.34697867373182	25.33583070570387	22.61652012851119	25.694990751789437	0.005679740263678729
133.0	27.093345765454398	25.624030453899206	24.276791854836137	23.00398149985248	0.0018504259577753355
134.0	26.81488193938297	23.103057990486892	20.95662047179015	29.12536249836805	7.709997193561022E-5
135.0	25.979415197103766	23.886780243132897	26.00002621351214	24.133315754860487	4.6259139071162743E-4
136.0	27.63038795263582	26.084066941451674	24.640314856534573	21.639319236338235	0.005911013039694765
137.0	28.579469127257877	21.871997068097595	24.223712788702308	25.324743914721935	7.710122028101339E-5
138.0	25.168564735874345	24.424456502884045	26.681991707003043	23.723933404176307	0.0010536500622552994
139.0	25.73744716917224	24.031749637771853	24.911942195634555	25.317576044782143	0.0012849526392156238
140.0	26.578108351627	21.780858389790566	25.55835735796087	26.08249600503296	1.7989558860037635E-4
141.0	25.54889270561423	25.62175201056987	25.073778077496083	23.755217407283	3.597990368179784E-4
142.0	28.576517156498664	22.874783285385842	23.466035750651105	25.08250960791681	1.541995475785274E-4
143.0	26.173209073730032	25.86643214863865	24.022532440047176	23.937723538916106	1.0279866803765823E-4
144.0	28.069783626861188	25.492565514348804	22.895841128989147	23.541270030552116	5.396992487386457E-4
145.0	28.209387220533994	22.575759600636548	22.702925115240536	26.51113135159363	7.967119952958011E-4
146.0	27.606523469434695	21.74720258072674	24.834303393192027	25.80747299471061	0.004497561935925419
147.0	26.463439205491085	24.69353202224148	26.382922293598636	22.45676552796787	0.003340950700931457
148.0	24.5973658098057	24.835295650571577	23.691289501095202	26.87574063951162	3.083990158987403E-4
149.0	27.69013147716099	24.742599494528168	24.017802025074158	23.547128283652246	0.0023387195844378
150.0	25.86160103666093	24.003239308406112	24.795281568479094	25.33985238581592	2.5700637941234975E-5
151.0	26.41755005056781	24.183262375620533	25.41267061014209	23.98590012632315	6.168373464171389E-4
152.0	27.382040125415376	24.243442975405006	23.23990921032983	25.1345048809343	1.028079154898373E-4
153.0	25.11833821456247	23.390987096334772	25.11309501626291	26.376885720123727	6.939527161180799E-4
154.0	23.24833994954629	24.816979999717272	24.896117531700636	27.035838070062034	0.002724448973769468
155.0	27.31287849012915	23.801549137815584	24.222520000421564	24.66289814160527	1.5423002843230574E-4
156.0	25.739648164580586	23.442919026853954	26.110680402279762	24.70644394107492	3.0846521077941964E-4
157.0	25.208786446212926	23.095152226648423	26.314945251154242	25.380730493578895	3.855824055149595E-4
158.0	25.231193657189966	21.107071550436398	26.16984954514455	27.491756717051352	1.2853017772895917E-4
159.0	26.912278085973853	21.68811471406317	24.49131366933846	26.907573739980773	7.197906437499036E-4
160.0	26.780425518569107	21.182509023818355	26.002735744603513	26.034252591849373	7.71211596554535E-5
161.0	24.84498650894194	21.152400626840624	28.43602955693391	25.563087148944568	0.0034961583389546075
162.0	25.42915616618521	23.83106922258433	24.495070697171982	26.24470391405848	0.0
163.0	25.17644082737785	24.18184748900402	27.007445824767196	23.63421444273543	5.141611550733181E-5
164.0	25.785222169291206	23.846207438558533	24.568488690430435	25.798462064102175	0.0016196376176518905
165.0	26.28654844468577	22.022057613676562	26.599637189327936	25.09113972735724	6.170249524890787E-4
166.0	24.78478767748605	23.627630169292903	25.921711383711816	25.665793639387367	7.713012185787952E-5
167.0	26.71578615564709	23.591829850515257	26.061345282994125	23.630550207009925	4.885038335981109E-4
168.0	25.86570052333621	24.037546300367318	24.27401692550648	25.822710539076922	2.5711713073737595E-5
169.0	26.776203432818246	22.47726119173108	25.520535765251473	25.225716773210504	2.8283698870143367E-4
170.0	30.93186029822224	22.85683136488963	23.154122803837275	23.057005543423397	1.799896274548978E-4
171.0	25.323127437002718	23.938800618627475	26.71431932336656	24.0230069769146	7.456440886493686E-4
172.0	27.27049076657148	24.410205049054035	24.0910016359914	24.228251134448467	5.141393461587107E-5
173.0	28.232935288470067	20.53639019449832	23.471331644502367	27.758031907852036	0.001310964677213506
174.0	24.258184644679183	25.96556804652205	23.692415490626292	26.083369147472684	4.626706997842927E-4
175.0	25.706917747887402	24.06539167482953	23.484116921174106	26.742082878496227	0.001490777612735559
176.0	24.600626906068186	24.4233248126543	27.880227269514346	23.094407324442525	0.0014136873206384213
177.0	22.561640986831602	25.963440456106156	24.366071513492933	27.08509472778278	0.023752315786524262
178.0	25.1253637405574	23.140158319836708	24.041461218528617	27.692682571991778	3.341490854982124E-4
179.0	28.472730086321974	24.34407664587169	22.83209899329161	24.349834700142896	0.0012595743718258404
180.0	26.463164181350248	22.66254567134461	25.254305106353264	25.61985621690671	1.2882404516261848E-4
181.0	27.79482202350455	22.10010045957547	26.044235235357643	24.060119922005807	7.223595565331489E-4
182.0	25.848505705375995	23.14995779528339	25.406310688628253	25.59507102568812	1.547850242393348E-4
183.0	24.137665932699466	24.517471386243468	25.890028752423444	25.454369555711203	4.64372922414894E-4
184.0	26.22323425272624	22.317104381899448	26.21131485878872	25.244837767244682	0.0035087393409142745
185.0	24.78433648693095	24.27233153404144	24.70488388440678	26.237854779731844	5.933148889791759E-4
186.0	27.05550960726335	23.27498272854431	25.358108606628214	24.311399057564124	0.0
187.0	24.951733648796644	22.602319110013177	27.86373245831707	24.58143973106736	7.750518057544497E-4
188.0	27.464983417957384	27.38933333884518	22.508404703119947	22.636865151667042	4.133884104492188E-4
189.0	25.46289812908077	23.570430122807334	24.974872683959084	25.99079138772547	0.0010076764273478215
190.0	28.720120970888534	21.40781111838641	25.144198146677205	24.727482169352008	3.8759469584410635E-4
191.0	26.859567539844964	23.89336793166381	24.567523025373518	24.67920511129265	3.3639182505762006E-4
192.0	26.923452148762234	23.39853030568472	24.109647673432548	25.56831811685356	5.1755266939434175E-5
193.0	27.504864914667625	24.113853108175153	22.14123017445368	26.239922399467275	1.2940323627141654E-4
194.0	28.075249548111387	23.32860739627267	23.972173392715533	24.62396966290041	0.0
195.0	26.198097539661337	21.61568830878379	25.015272281482126	27.170398280392877	5.435896798722719E-4
196.0	28.383435101536964	22.358022658283165	26.07847281563595	23.17996568970056	1.0373484336686996E-4
197.0	24.890307988400505	23.898255406786433	24.349318088677006	26.861573817095252	5.446990408109272E-4
198.0	27.306469198972998	23.567345609077666	23.944923597221397	25.181157678947518	1.0391578041660356E-4
199.0	25.94071980491512	23.083881814372674	25.555182527723343	25.419825475024922	3.9037796394469123E-4
200.0	27.479683007019073	23.647329692272777	23.828090025673433	25.0448712476289	2.602740581722931E-5
201.0	25.322109938529714	21.51775079544887	28.272454771860268	24.88734611604391	3.383781172433324E-4
202.0	25.653667548523146	24.40468179627996	28.194799085881954	21.74677347516619	7.80941487438426E-5
203.0	25.731450401160384	24.535547158805347	22.95366538979352	26.77873810906458	5.989411761642245E-4
204.0	25.43576366462345	23.78740400281689	24.436804372012784	26.33994982936149	7.813118538550968E-5
205.0	27.295988131658167	24.31184297366972	25.256429423111282	23.135036247303656	7.03224257173799E-4
206.0	25.51848343059307	21.47470469777155	26.12011931129532	26.88666651211386	2.6048226206964098E-5
207.0	25.964244690515525	23.333803151183822	26.653053238525654	24.04874260329979	1.563164752093794E-4
208.0	28.036507716472403	22.28664920511006	22.011801663677076	27.66504141474046	0.0
209.0	27.134431660424653	20.980024596258335	25.192192473148822	26.69269974817372	6.515219944704025E-4
210.0	24.592840074066043	24.54490670848173	24.87898063273085	25.98303800055049	2.345841708857064E-4
211.0	25.318877018954815	25.298723970499896	25.27825806747647	24.103254521791364	8.864212774477741E-4
212.0	28.335427584548544	22.506445755763885	24.71065167986071	24.447318497793344	1.5648203351532194E-4
213.0	29.65449776025914	22.871267674800116	22.989967286501827	24.483928062138162	3.3921630075230347E-4
214.0	27.59885314399748	24.822132096275958	24.233769170294433	23.34521947942388	2.611000825337361E-5
215.0	25.81670656706787	24.903973441483526	23.332275311983285	25.94667834066316	3.663388021610849E-4
216.0	25.983941599668604	24.214965507621294	26.112046336452867	23.689020137462276	2.641879496478903E-5
217.0	29.098112060054497	23.18782848296455	25.01415249331518	22.69918802233085	7.189413349196197E-4
218.0	24.39481266462976	24.808301370128007	25.310640442688154	25.486084318380392	1.612041736835261E-4
219.0	26.31408131679448	23.003971265150962	24.78894103298407	25.892410383751702	5.960013187883726E-4
220.0	27.409740483727248	21.784687224943053	25.09186374572126	25.713517971045192	1.9057456325074465E-4
221.0	25.689029413973486	22.612372407797316	24.665797642781847	27.032553861300062	2.466741472885852E-4
222.0	25.311777575900663	24.584964676727225	24.314531668750252	25.78847726477277	2.488138490894242E-4
223.0	30.668631362102566	22.683350937764104	23.941094885740636	22.706168737770692	7.540766220048495E-4
224.0	29.797672990237217	23.07097318188715	24.730455542311073	22.40078630780782	1.1197775673840148E-4
225.0	30.465216239655707	19.969301037025943	24.0497916574597	25.514705861655372	9.852042032752128E-4
226.0	25.56673222975124	22.494429032698168	25.83462185638274	26.104103187957616	1.1369321024148438E-4
227.0	27.308910410857862	23.741703845397705	25.592494320945846	23.355542512904332	0.0013489098942540744
228.0	27.38029998696311	27.83151489839877	22.97913751152265	21.808903389707314	1.4421340815509517E-4
229.0	27.142188299661512	25.464782707127682	22.221715250243466	25.17131374296734	0.0
230.0	25.964481256663934	22.775979909677865	27.219482319380617	24.040056514277584	0.0
231.0	24.7545206178412	24.933696815760165	24.48022180675548	25.83008094301019	0.0014798166329613764
232.0	25.35639578305904	24.99004680530718	24.252945044677794	25.400433834315763	1.7853264022995005E-4
233.0	23.063518057905284	25.272312014222837	22.391910867177206	29.27162722882453	6.318318701411E-4
234.0	27.30145550454235	21.44011917553971	26.37753980658396	24.87981708508352	0.0010684282504640032
235.0	25.577256262287506	22.24440977189504	27.487152441229153	24.690996256661542	1.8526792675617785E-4
236.0	28.25429838983337	23.672917921446306	23.666093589761246	24.406596186137715	9.391282135402253E-5
237.0	27.505165281088384	24.264407995377578	22.704086715368266	25.526118627681356	2.21380484424776E-4
238.0	26.476379150160362	22.783118204455565	24.511918154768576	26.22852046098771	6.402962778937069E-5
239.0	27.699758167879075	23.60834556125597	24.0282006567214	24.66259209889574	0.0011035152478219368
240.0	25.297602702568756	21.941794845348397	26.38135607977507	26.379045447787085	2.009245206945559E-4
241.0	29.048004708415288	21.599318554140908	23.555490719827493	25.794301945574876	0.0028840720414367374
242.0	26.871983923218583	24.3255413815816	21.119897033323028	27.68190555563023	6.721062465554554E-4
243.0	28.011906321049818	22.995286155383482	24.903684515486734	24.086934593680464	0.0021884143994974057
244.0	26.17895297685268	22.906124107204015	26.135458328651502	24.778452299125757	0.0010122881660476525
245.0	28.59102219096945	21.15376813750017	23.441324426293797	26.8122625052401	0.0016227399964840634
246.0	24.5581306500598	26.6955979533367	23.342149551924074	25.4017848524291	0.002336992250330481
247.0	24.999329633817137	23.609244740001444	24.931851761841127	26.3229209908114	0.13665287352888567
248.0	26.043006163156452	22.63556497413214	23.89854308092575	27.413234610459696	0.009651171325962195
249.0	25.51757059950763	21.895838021781678	28.202193170891388	24.368781412603912	0.015616795215395841
250.0	27.398064760124342	22.334006017603215	24.18660377803264	26.08026636793882	0.0010590763009812854
