# Position (bp)	A	C	G	T	N
0.0	23.33288376406446	24.048438900552494	25.283759767688064	27.33482208395646	9.548373852255625E-5
1.0	23.10693311850507	30.34483366451632	23.36838584858514	23.104193772298874	0.07565359609459749
2.0	24.944913014982188	26.784149116765864	22.36152419251121	25.908652953539608	7.60722201130671E-4
3.0	25.852048739199958	22.01435817130841	24.80847892751525	27.3201017961611	0.005012365815285055
4.0	25.866995010746198	23.523507983328322	23.772116105429024	26.83730968648268	7.121401377848738E-5
5.0	28.463825706192715	24.121017972365095	21.933120149045603	25.48141957589544	6.165965011468695E-4
6.0	25.598143438899246	24.024242487371435	24.209249946853266	26.162327415146326	0.006036711729733338
7.0	26.10411861458767	25.55495424811888	22.9187856845767	25.421361591106738	7.798616100124779E-4
8.0	27.067463929473195	24.01973621812612	23.558299606795043	25.354500245605642	0.0
9.0	26.294504229842765	25.508385167968235	22.35008844398622	25.846927981190966	9.417701181521247E-5
10.0	24.7258155429064	24.685611232552645	23.016861814797632	27.571711409743322	0.0
11.0	26.712101561670416	22.80057413419275	23.10100532476337	27.386160153126653	1.588262468087269E-4
12.0	27.89775483605586	24.539152323743565	20.486567691368762	27.076525148831816	0.0
13.0	24.954170607199718	23.14680152340787	25.290098290360554	26.608775048323963	1.5453070790075773E-4
14.0	26.40360326959466	21.720327763923233	23.722224359669404	28.15371344528116	1.3116153154697156E-4
15.0	25.712949148676817	22.85491092833059	24.642801915423167	26.78933800756943	0.0
16.0	26.06964769987707	24.982451021817297	21.672504275868874	27.27537573739201	2.1265044753349935E-5
17.0	28.54685126097531	26.910532337696715	19.019229847424178	25.522094421531094	0.0012921323727093307
18.0	25.923495977641714	26.016358660366752	19.54160958531759	28.518287259235787	2.4851743815798875E-4
19.0	24.864518546874447	24.753325734951712	21.72646527038674	28.655133865302503	5.565824845965798E-4
20.0	22.617909366171723	26.069984966882977	23.945309880144016	27.366693548519017	1.0223828226599293E-4
21.0	23.904171675793283	24.67402848332075	23.45690973091774	27.964544828052652	3.4528191557532196E-4
22.0	22.698138039829196	27.02135638856743	26.03691746506374	24.243487563304534	1.005432350992412E-4
23.0	25.271102199740092	24.377492187817417	22.5590494525718	27.79197588325748	3.802766132084478E-4
24.0	27.871755852163986	21.795524999232683	24.8523629940664	25.480296749243326	5.9405293605713206E-5
25.0	24.938757934199725	25.377138714971075	19.843135562380393	29.84077160981246	1.9617863634268092E-4
26.0	26.673462406866715	24.957368893370816	19.530422677738883	28.838667969877335	7.805214624864799E-5
27.0	25.923426680475302	24.63292503649875	20.478811455459844	28.964739510538166	9.731702793018164E-5
28.0	27.88013401462699	23.432763333388536	22.7914796954129	25.89258032077084	0.003042635800731234
29.0	27.420241243581117	23.98849882151781	22.291172060685593	26.29953544580687	5.524284086118636E-4
30.0	23.96621828944715	24.847252474095633	24.690901207565243	26.495325352513937	3.02676378038256E-4
31.0	26.516481865259607	24.72323097357697	22.563835664518695	26.195848944762183	6.025518825415487E-4
32.0	24.256760210697013	22.63701854102357	24.709157305236417	28.396690816650544	3.7312639246105583E-4
33.0	23.51958620648905	25.129698237403908	24.78019250881889	26.570301467155915	2.2158013223902293E-4
34.0	26.011831567266057	26.91856435348936	22.37299743719573	24.696533392909302	7.324913955151383E-5
35.0	25.171360582713042	22.573002365095256	25.78864318983154	26.466685529389572	3.0833297058866204E-4
36.0	24.09020190954619	24.831258783649705	26.012995497515885	25.065199485689277	3.4432359894274534E-4
37.0	25.58085016532311	25.70784758932258	21.164166001032285	27.54713624432203	0.0
38.0	27.1071799171486	25.633235759882005	21.084776965782638	26.174680567849595	1.267893371616468E-4
39.0	23.48151376966691	27.93475007103367	21.37830134539315	27.205271830336276	1.6298356998849516E-4
40.0	26.17832929030174	26.154065668586814	22.751780795922844	24.915643173384762	1.8107180384274203E-4
41.0	24.147616018893043	24.424859545094666	21.49105345116862	29.93134723914295	0.005123745700715676
42.0	24.591299398535224	26.041882397922606	20.573303248025653	28.793478748872165	3.620664435371864E-5
43.0	26.409785443369188	25.731119698919457	22.217035103918654	25.638149804982252	0.003909948810443328
44.0	28.577137681710273	25.00970135044246	22.761684878418187	23.651059800137702	4.1628929137426865E-4
45.0	25.53606950408413	24.387488743662427	21.828137803631563	28.244521674421836	0.0037822742000399585
46.0	25.12834005327944	24.644294029278726	22.005329391962196	28.222036525479638	0.0
47.0	25.471231949233946	24.61958843412053	22.964592987352816	26.942741091071344	0.0018455382213679674
48.0	22.26778944001887	24.14425796074128	22.523646021406645	31.064306577833207	0.0
49.0	22.455204089052437	25.989641346921545	24.147592537457598	27.405735135528182	0.0018268910402389935
50.0	27.03578154289365	24.919567854923343	19.973922404593765	28.070655850258387	7.234733085374915E-5
51.0	24.593326268504487	27.215981221540254	21.158282306220546	27.02991460719672	0.0024955965379927446
52.0	23.0484263021982	25.645765847974662	21.652034360951706	29.65377348887543	0.0
53.0	22.267628784291574	25.168149179302223	23.96335118452907	28.599230591894127	0.0016402599830097904
54.0	23.395995906288764	28.05920740761302	22.581759769517856	25.962982843254768	5.407332559243637E-5
55.0	24.288281689441593	27.764429671087342	22.887860733907427	25.057790996170894	0.0016369093927479878
56.0	27.19531619833926	25.346443335237435	24.274487007745424	23.183753458677884	0.0
57.0	22.74975631337201	27.867013642854317	22.46024580876984	26.917606943360394	0.005377291643437007
58.0	25.0915172907753	25.083389213862112	21.983103310554938	27.84166650032881	3.2368447884371275E-4
59.0	27.4456294042655	22.37612314951172	24.413786531016637	25.761476039177396	0.002984876028748312
60.0	24.131460288785973	22.853094815248447	24.017091561423136	28.9983174203558	3.591418664243656E-5
61.0	25.660574945125664	23.870533200409117	22.62488938942965	27.837771642322767	0.006230822712803246
62.0	25.724936419481313	21.984710510231416	24.594330793943097	27.69580681002838	2.1546631579174176E-4
63.0	26.393694753504032	24.091404313140803	22.59569116831706	26.916642248325907	0.0025675167121996904
64.0	25.191659835646917	21.502819565378683	23.512555157422895	29.792911677513263	5.37640382384177E-5
65.0	23.989382024203508	26.125037363261217	23.605982996042542	26.274651688389326	0.004945928103408605
66.0	24.442521488554224	24.118036121665167	23.49379422631797	27.945020982777795	6.27180684841885E-4
67.0	27.198622563320214	24.865946662495222	21.044004256736624	26.8905305887094	8.959287385448792E-4
68.0	23.367697101918772	22.479086455075297	26.914399240862686	27.23858427198216	2.329301610873323E-4
69.0	22.944415587766336	24.87784487378483	24.829432545519143	27.34527898276059	0.0030280101690973466
70.0	25.977074473158268	23.37184077926535	24.468836847758848	26.181907912454328	3.399873632065318E-4
71.0	24.587689443242823	22.985458743590595	25.924152355200746	26.501592464157504	0.0011069938083336638
72.0	27.593622679930522	25.8732144951687	21.73773634523637	24.793534057440727	0.001892422223678237
73.0	25.708883236995874	22.337705784871385	23.097730084798034	28.851824895571188	0.0038559977635212973
74.0	25.01296375201061	25.667050863783054	23.204982222032612	26.11391429625614	0.0010888659175864162
75.0	25.620326234311452	25.0496973180316	21.777483460257763	27.55008331228586	0.002409675113321666
76.0	27.034051260376412	24.30693041031576	24.975243689907494	23.68272155915848	0.0010530802418586187
77.0	24.093490911349516	24.757318289458937	24.25096540808437	26.897422222983746	8.031681234351609E-4
78.0	27.318824141896258	25.96512632555676	20.44905045008739	26.266338724649174	6.603578104176978E-4
79.0	27.21086444271883	21.077003169105144	22.695483030197785	29.013793825947115	0.002855532031127441
80.0	23.84053129109218	23.29136844720284	28.07478366149967	24.790514657906044	0.002801942299263143
81.0	25.01014117334223	24.923015421900473	21.980513599344683	28.085794415706903	5.353897057052019E-4
82.0	22.820009426253133	22.623150285205725	24.099013848311564	30.456255992907288	0.0015704473222891626
83.0	25.381791536833063	22.630012204551786	23.81688211266698	28.170511097504892	8.030484432727473E-4
84.0	23.331112301530226	25.64879527166479	25.188677662855934	25.830058590271737	0.0013561736773113214
85.0	24.868269240720497	26.57053577705713	21.643261148624415	26.917255774830245	6.780587677102704E-4
86.0	25.27459586557895	25.144004586307204	22.732392793017194	26.847008364158214	0.001998390938439032
87.0	22.49119229853799	22.350525999892234	25.41397891861088	29.743482051130165	8.207318287296819E-4
88.0	24.67634325821798	26.878028023518556	25.448519920391583	22.996198885446486	9.099124253894112E-4
89.0	26.11822468506304	26.26937301631196	22.349881982269686	25.2617174746525	8.028417028094107E-4
90.0	23.689762209282307	26.13628396229731	24.725225026729532	25.448514715650028	2.140860408229967E-4
91.0	26.889823978757637	25.053702650817435	23.924006891208357	24.131949121231784	5.173579847871777E-4
92.0	25.839131566417578	24.258922392962592	22.366542522665334	27.5354035179545	0.0
93.0	26.979273663070458	25.517427027189022	21.22880601557196	26.27417219346389	3.211007046733353E-4
94.0	28.20256996917136	23.092118806398915	22.94833981646951	25.75236905319573	0.004602354764489658
95.0	23.804422106357666	26.415816278749926	24.215519488060142	25.561655599003274	0.0025865278289880556
96.0	26.179614361628595	24.4983128298954	23.80894281316551	25.51200622603852	0.0011237692719741042
97.0	25.608600829453355	25.14476905890346	23.21026380298173	26.036223613146753	1.426955147053971E-4
98.0	28.402817413886588	23.16869880996547	23.89830841014811	24.530175365999828	0.0
99.0	22.314930558218364	22.55826616071029	26.413184352400748	28.713601094047142	1.7834623460270077E-5
100.0	23.147777268520088	24.742290839246767	24.448298554203546	27.661633338029603	0.0
101.0	23.513214111077783	22.134023924105396	28.37091886212307	25.98170043830068	1.426643930717891E-4
102.0	25.358316791245088	24.167018910594248	24.440485044347067	26.0341792538136	0.0
103.0	26.14687799722717	25.41527368239709	24.860261667629107	23.577283474691587	3.031780550450077E-4
104.0	25.788519947803838	27.389002460895234	22.672247953519236	24.149872960452154	3.5667732953543313E-4
105.0	27.61300093757619	23.19957995445345	20.92196715861624	28.262348691664773	0.003103257689346427
106.0	26.092402220170076	23.329424030583873	24.792398546281543	25.785703865323097	7.13376414134983E-5
107.0	26.070629661090557	24.253213418269503	22.71980747579314	26.95560040669205	7.490381547552063E-4
108.0	24.160511906732026	24.44359282000947	24.52508959295126	26.870698682355894	1.0699795134589157E-4
109.0	26.224748710854186	24.406900195674474	25.551862473993737	23.8156861633198	8.024561578078181E-4
110.0	24.6082647563728	24.63807966321994	22.68548857484567	28.06807784615116	8.915941042804899E-5
111.0	24.88970354188002	23.854028671640297	24.440136587324783	26.81534658347125	7.846156836472362E-4
112.0	25.796977973431602	24.12539311505466	23.23849595165271	26.839043802962543	8.915689848827346E-5
113.0	27.829224224824827	22.26658890115441	22.941176785247187	26.962154216428363	8.558723452132575E-4
114.0	26.366306811616735	22.371430751915415	27.12983382856197	24.132196803813855	2.3180409201980536E-4
115.0	27.334938011031834	23.3218290615239	26.12959300057135	23.212997960687417	6.419661855011224E-4
116.0	27.239165145863375	24.480266886266264	24.627633527836853	23.652809613497812	1.2482653569628776E-4
117.0	26.30323538768587	26.592193355749988	23.643730731974543	23.460038061706186	8.024628834167656E-4
118.0	26.25720131109468	24.97586857525893	25.097840823719253	23.6688396391262	2.496508009421821E-4
119.0	26.868956844417312	21.36510115489684	24.562961520498558	27.202409834928375	5.706452589097786E-4
120.0	25.021929351378024	24.145432926143158	24.7345429502329	26.09802344278423	7.132946168903529E-5
121.0	28.052383537254737	23.204563141214713	24.003605032779834	24.738574492716822	8.737960338932999E-4
122.0	26.80784021413204	23.715568886301202	24.816169750639965	24.66001100262048	4.1014630632044374E-4
123.0	24.217635057624477	28.052330220927274	22.97744577036196	24.751839990670092	7.489604161937368E-4
124.0	25.636300996361854	24.740014001920898	22.39745625826304	27.2261039173637	1.2482609050747513E-4
125.0	26.624207319921954	24.070922420867515	24.310835086522985	24.99310790506349	9.272676240586004E-4
126.0	23.914766212483528	24.031976490182547	24.990789729433814	27.062307079158398	1.604887417147687E-4
127.0	26.27509056363884	23.2169773722413	27.56964907760165	22.937248737726097	0.0010342487921133178
128.0	25.99784336833981	23.486671021300793	24.714528054489634	25.791452969505613	0.009504586364146203
129.0	23.971720416800558	26.70158431145417	22.081392159792806	27.241915011460694	0.0033881004917738705
130.0	26.12580738983378	24.26999440593709	23.677740604889927	25.92643976681478	1.7832524420304757E-5
131.0	25.79240357528741	24.87878757077078	23.7405703604515	25.58765001871528	5.884747750287684E-4
132.0	26.633578035606686	25.508727448911483	22.225245806396735	25.626314360065244	0.006134349019850504
133.0	27.018224116492256	25.72568261751646	24.00742966613045	23.246880365862552	0.001783233998283459
134.0	26.71230189653629	22.716993217663532	21.07358640693805	29.497011485070264	1.0699379186355011E-4
135.0	26.17340529205069	24.07197417189669	25.96312843882097	23.791046293183925	4.458040477224317E-4
136.0	27.927083859018854	26.042658410483906	24.180951492726948	21.842868726301802	0.006437511468489095
137.0	28.357323182563178	21.435364361160037	24.385601347000446	25.821568448775693	1.426605006420614E-4
138.0	24.98068839884537	24.066766428412983	26.72684587166826	24.224433258892432	0.0012660421809591535
139.0	25.901660917720164	23.50470329444592	25.350464623294215	25.24213692478438	0.001034239755320272
140.0	26.33596572863474	21.469906901759238	25.511064922689176	26.68275930567817	3.0314123867433127E-4
141.0	25.790348764886133	25.236255827489202	25.179692805012355	23.79332813115203	3.744714602817737E-4
142.0	28.60204626785081	22.73817786010655	23.34484335223297	25.31457587803422	3.566417754483522E-4
143.0	26.8706366374538	25.13400251822557	24.152907398593808	23.8422751263972	1.7831932961917944E-4
144.0	28.18179970127664	25.141961359975916	22.57362161421889	24.102100193585294	5.171309432611061E-4
145.0	28.623508348966098	22.292791571859595	22.62031284549598	26.46272744780559	6.597858727362212E-4
146.0	27.382600792139165	21.502418126866022	24.88592336496695	26.22440352840918	0.004654187618684013
147.0	26.07723203204574	24.796682729479972	26.609063078639313	22.513188340052327	0.003833819782652732
148.0	24.62662041523929	24.367378941739144	23.672091811924574	27.333249047459663	6.597836373301302E-4
149.0	27.8926640768285	24.9766263687372	23.87024179649293	23.258274390292833	0.0021933676485404742
150.0	25.65933788647021	24.18344104517549	25.034341118627946	25.12287994972635	0.0
151.0	26.240119666081984	24.386065777825966	25.86657331723139	23.506652752227154	5.884866335069309E-4
152.0	27.545633541047227	23.988663147722367	23.041940040513214	25.423531440540998	2.3183017619271722E-4
153.0	25.01442715801037	23.307599848773425	25.166670233331196	26.510518093689146	7.846661958669491E-4
154.0	23.15584762991761	24.554588579377253	24.890573171166672	27.396315582979636	0.0026750365588329708
155.0	27.642025430959453	23.438797479732564	23.61600378382543	25.302959288207077	2.1401727547447629E-4
156.0	25.63665334041023	23.455727293999477	26.36265965825429	24.544745688228378	2.1401910762592884E-4
157.0	25.119450394422614	22.7253773455349	26.129397014052252	26.02532936919134	4.4587679888994513E-4
158.0	24.872522368110815	20.76249013263381	25.965040006306555	28.399858316571148	8.917637767694109E-5
159.0	26.352375934630363	21.987664181215468	24.33925320889312	27.320028922219276	6.777530417734871E-4
160.0	26.332595524275465	21.51520772505703	25.551296754413034	26.600899996254473	0.0
161.0	24.779113206655364	20.28732182845055	29.134529719857206	25.795325335028952	0.003709910007928149
162.0	25.659384652209656	23.18622511907049	25.092137718130907	26.062199001775245	5.350881370424929E-5
163.0	24.88492701788407	24.30723442782428	27.153995350348758	23.653789694069786	5.350987310668692E-5
164.0	25.72070243381774	23.60258107969269	24.78765097204306	25.88737100309364	0.001694511352869325
165.0	26.82083683987652	21.885788305989134	26.393451804845576	24.899316576367607	6.064729211624444E-4
166.0	24.47109802513414	23.468422499389494	25.751761371430366	26.30855756179851	1.6054224749513957E-4
167.0	26.958337547689116	23.119322549220552	26.84247621096503	23.079382051464552	4.8164066074676777E-4
168.0	26.196130297329397	24.161559069675842	24.31681170351189	25.32539189560915	1.0703387372357646E-4
169.0	26.50895275486465	22.46342180033406	25.678032636333032	25.349360897232458	2.3191123579610577E-4
170.0	31.201680171570732	22.418099128410105	23.13070565992902	23.249425843858788	8.919623135218989E-5
171.0	25.744925005801854	23.172237724553142	26.931018323868123	24.15101622967099	8.027161058921682E-4
172.0	27.215980603805694	24.70878424622724	24.259312823194115	23.815797498367424	1.2482840552397793E-4
173.0	28.854336373033085	19.948437496378162	23.185848786958136	28.009772590422937	0.0016047532076787798
174.0	24.39040741372704	26.057144507662578	23.882707038786528	25.66929529761583	4.4574220802503573E-4
175.0	26.637254985864704	23.60248159273808	23.124274335954993	26.634277445434346	0.001711640007873544
176.0	24.24836600141821	24.285524012651553	28.393195947351877	23.07154111781782	0.001372920760541045
177.0	22.04396971730289	27.0827289234279	23.839662259162527	27.009192261104364	0.02444683900231933
178.0	26.28522473402596	22.94642363643171	23.25280861814739	27.51532905540212	2.139559928182105E-4
179.0	28.418264982179654	23.992795544235616	22.976657734501433	24.61126536946997	0.0010163696133302046
180.0	26.644595650817397	22.749008341049908	25.37499700688577	25.231202438521432	1.965627254887175E-4
181.0	28.227409622117694	21.837509909688762	26.20153019371015	23.732673587957688	8.766865257038228E-4
182.0	25.698614793900944	23.026627017781166	25.493911319613673	25.78075740822249	8.9460481726802E-5
183.0	24.217601626125365	24.221108674666674	26.281374440952305	25.279521609949995	3.936483056571734E-4
184.0	25.913805018425517	22.302174880100836	26.180766531518778	25.599460028780808	0.0037935411740580476
185.0	25.25528785312367	24.26372984620196	24.025461779687294	26.454930084237432	5.904367496421147E-4
186.0	27.169138796861848	23.270458707716642	25.452816295929146	24.107586199492363	0.0
187.0	24.536173783330227	22.949106412886014	27.462707439865746	25.05129519930005	7.171646179664079E-4
188.0	27.230861145358396	27.796819986932242	22.095561049465992	22.876237833247625	5.199849957432952E-4
189.0	25.49388593900464	23.45538143168911	24.542732076987495	26.507085998540305	9.145537784520371E-4
190.0	28.049168908997128	21.781248498039112	25.31945587229943	24.84991151432808	2.152063362484227E-4
191.0	27.058211815502435	24.205274283959287	24.02902777952394	24.707198752822045	2.873681922924259E-4
192.0	27.091727935926084	23.354657891820125	23.870895076382016	25.682683168724125	3.5927147648541244E-5
193.0	27.98191386285847	24.38019119907884	21.665366218765218	25.972259227445914	2.6949185155454575E-4
194.0	28.30938088966904	23.174892065779236	24.064040072656844	24.45168697189488	0.0
195.0	26.520978480642356	21.90684840134008	24.507155030084263	27.064407130519914	6.109574133931928E-4
196.0	28.51042291987242	22.785208301748455	25.94191959477246	22.762341149818017	1.0803378864773747E-4
197.0	25.027669897492622	24.531394573638664	23.64125766302189	26.79901155526614	6.663105806878702E-4
198.0	27.420005748716186	23.562559484245668	24.062326325838242	24.955018279402754	9.016179714821843E-5
199.0	26.211720613460265	23.273346681366124	25.09972180155804	25.414723089747998	4.8781386757262737E-4
200.0	27.26278282300818	23.812694466227473	24.025509632515295	24.899013078249055	0.0
201.0	25.586140187201288	21.294847184960435	28.748312942273852	24.37032021616023	3.794694041950885E-4
202.0	25.626599999927713	25.320632485867232	27.721657931535997	21.331109582669058	0.0
203.0	25.940981520461072	24.58748430816283	22.613218469235864	26.85755652902436	7.59173115872412E-4
204.0	25.95446328500669	23.55556961567663	24.210799378140933	26.279059257384574	1.084637911710474E-4
205.0	27.599961024153636	24.524936677808046	25.170225562768017	22.703990920580207	8.858146900977307E-4
206.0	25.646261861098925	21.657020130714134	26.11095170657174	26.585693981975417	7.231963979033814E-5
207.0	26.40618798117566	23.376012079402177	26.615262903306014	23.602211543243083	3.254928730623002E-4
208.0	28.644269811269567	22.55978875213644	21.58882629023069	27.207042801204544	7.234515875240773E-5
209.0	27.81830627386908	20.44595294706726	25.24147659437142	26.493576784093985	6.874005982555944E-4
210.0	24.666637236252527	24.597704934286348	24.896429668607507	25.838848219031757	3.7994182186083927E-4
211.0	24.957246334585754	25.412706335070745	25.34936757149408	24.279955887265686	7.238715837333025E-4
212.0	28.57051559766534	22.42106572384323	24.90841489469365	24.099641697886014	3.620859117621979E-4
213.0	29.946436108258112	23.042943496162493	22.350235757203592	24.660022353007243	3.622853685619626E-4
214.0	27.24667949780905	25.59715022478668	24.415193919068095	22.7408857258556	9.063248057836574E-5
215.0	25.85666251086176	25.325380633949145	22.481814720849062	26.3357788646806	3.632696594274289E-4
216.0	26.088573813039375	24.832142627867093	25.700987719990092	23.378259154981247	3.668412219481103E-5
217.0	28.916179216137394	22.97314686524845	25.291000478113812	22.819026341371785	6.470991285608478E-4
218.0	24.425954830861308	25.18526652570686	24.99431342602916	25.39411039012699	3.548272756847326E-4
219.0	26.53708906244464	22.836003379990366	24.552833455572802	26.07339569179372	6.784101984651346E-4
220.0	27.94431129586607	21.96220288108202	24.519501040476957	25.57362514891673	3.5963365822764203E-4
221.0	25.879680296518874	22.960365004976303	23.650049763006066	27.50959987492517	3.050605735901435E-4
222.0	25.74781399321879	24.935337217854407	23.71256497115905	25.604187449985123	9.636778263128762E-5
223.0	30.563462051190466	23.180393197845156	23.625563254637544	22.629958281617874	6.232147089577572E-4
224.0	29.854160569605288	22.711427541139667	24.88130131903476	22.553051999383836	5.8570836448162954E-5
225.0	30.78488602054459	20.08525860737208	23.99281718708625	25.13609597079764	9.42214199442798E-4
226.0	24.864495944743098	22.689153945098823	25.7705860576415	26.675526108684416	2.3794383216869743E-4
227.0	27.169078903327883	23.954177457829783	25.631325632508133	23.244095207821665	0.001322798512533115
228.0	27.422588298516676	28.38687209210749	22.541347237840757	21.649131945178794	6.04263562846734E-5
229.0	27.86430060722269	26.018908299116333	21.170693659758268	24.94607712205491	2.031184779926207E-5
230.0	25.647557205028992	23.207094335978972	27.142884613732317	24.002463845259715	0.0
231.0	24.962215831131502	25.72511198456632	23.535350478737648	25.776036670748383	0.0012850348161529705
232.0	25.522840490814158	24.765320443500148	24.13816809016328	25.5735043181955	1.666573269123043E-4
233.0	23.083771481465813	25.132812501644302	22.387196456004077	29.395672336125656	5.4722476015244E-4
234.0	27.544552825891564	21.785105489335642	26.467825244980425	24.20127670898495	0.0012397308074174377
235.0	25.859215314713456	22.119337581028415	27.373583996508533	24.647690091419665	1.7301632993003003E-4
236.0	29.010562765708865	23.56867878159298	23.572226493833224	23.84835676319875	1.751956661848056E-4
237.0	27.819667941887733	24.855524395919147	21.83682633176524	25.487782548782672	1.9878164520966053E-4
238.0	27.02164364022402	22.731114598575918	24.10775565080069	26.13941897682616	6.713357320904969E-5
239.0	28.100562514784798	23.196867461455092	23.758156328166464	24.943233181879478	0.0011805137141640304
240.0	25.63765048908954	21.90232317531979	26.16071764484575	26.299050037622273	2.58653122648608E-4
241.0	28.899933445442567	21.59588270483183	23.638968717474608	25.86267254569181	0.002542586559181174
242.0	27.096486519962014	24.110459046754	21.366228833302863	27.425834724294738	9.908756863878452E-4
243.0	28.37452320951553	22.770246666543763	24.66426717379353	24.18864665482047	0.0023162953267087285
244.0	26.728937795721368	23.083285129206395	25.609662829989116	24.577096098153152	0.0010181469299673554
245.0	29.05823476642769	21.420445338222116	23.151860139189846	26.367727771939908	0.001731984220437461
246.0	24.814957226162125	26.60012747311871	23.21111059885274	25.37149953920511	0.002305162661307916
247.0	25.76463210174595	23.104011783376606	24.908412781171748	26.081153147453932	0.14179018625175868
248.0	25.911230045215465	23.18773920049481	23.83314985339488	27.057461052538212	0.010419848356632544
249.0	25.995629480117525	21.706453281523245	27.909034670623818	24.37265207659453	0.016230491140876838
250.0	27.233392653763655	21.84537694490287	24.732764773384865	26.187244583170028	0.0012210447785850772
