# Position (bp)	A	C	G	T	N
0.0	23.06366236512498	24.328878165157512	25.91877677167489	26.688648809846555	3.388819606354715E-5
1.0	22.671533868306316	30.80569473409846	23.498063407719528	22.94627743928309	0.07843055059260705
2.0	24.310391518674813	27.20682639298502	22.336863284294434	26.144940791455003	9.780125907317455E-4
3.0	25.703537731000885	21.7955919981587	24.780460911612494	27.712490147320928	0.007919211906990036
4.0	25.61804737743027	23.517910417100946	23.97816043452828	26.88571339089461	1.6838004588693012E-4
5.0	27.7451207666403	24.486421722820985	22.177342430715676	25.590206642560553	9.084372624815075E-4
6.0	25.55071702811172	23.428069259584365	24.226644643024507	26.788891833884765	0.0056772353946400855
7.0	25.108785043971654	26.08896519515596	23.557917160763157	25.243729123480367	6.034766288588559E-4
8.0	27.459204197755916	23.77565731358751	23.922167724797415	24.842903818274873	6.69455842859969E-5
9.0	25.545205486776652	25.735657297689645	23.093961350881145	25.62474142465574	4.344399968185625E-4
10.0	24.63818934543304	24.91870802447058	23.654270078708866	26.788799156306673	3.339508083780243E-5
11.0	26.79470457638412	23.33144890960683	23.491464139352168	26.3822215876495	1.6078700738076678E-4
12.0	28.289658159241178	24.869480276229208	19.79847090789251	27.042359044230498	3.161240660509623E-5
13.0	24.997102648490824	23.416955674883514	25.290420545898414	26.295334204823433	1.8692590381789927E-4
14.0	26.55616789776708	22.004684186942484	23.42022638697051	28.018829138044932	9.239027499965354E-5
15.0	24.745238895814694	23.497561940784962	24.493906976236055	27.263261840397856	3.034676643064975E-5
16.0	25.902468840807337	25.204513664224404	22.11799281729934	26.774994846700146	2.9830968781592857E-5
17.0	28.02455147632626	26.878780880934855	19.16606842100807	25.929343854671703	0.0012553670591099798
18.0	25.54384108046202	25.91874417018458	19.809329210074846	28.727911839005323	1.737002732305298E-4
19.0	25.067445052690502	24.996465415639765	21.530528298703043	28.40507171822841	4.895147382809452E-4
20.0	22.256401617731665	26.17110667292898	24.575616678111086	26.996760824968913	1.1420625935955984E-4
21.0	23.24549252885773	25.283733446639754	23.66350825012393	27.80706748813823	1.982862403512499E-4
22.0	21.51255770406689	26.740837344526597	26.48151901966362	25.26500193746794	8.39942749502194E-5
23.0	24.605142488366564	24.68691202911519	23.104308088252083	27.603275458947905	3.619353182608618E-4
24.0	26.849802767750624	21.789784900634825	24.96750432082378	26.392852933368438	5.50774223325729E-5
25.0	24.72951093311172	25.7638147249962	19.919361119174212	29.587095382829098	2.1783988877095277E-4
26.0	25.785737264835728	25.67392356333181	19.751014460625953	28.789243608424957	8.110278155506474E-5
27.0	25.111606331142376	25.04757730824358	20.99893356793582	28.84177504505871	1.0774761951837352E-4
28.0	27.634246946837216	23.965847477722537	22.43887353735745	25.958397305440293	0.0026347326425011116
29.0	26.8533241968149	24.161790995834966	22.78634735095266	26.198195887936116	3.415684613549443E-4
30.0	23.410542818970928	25.395635676095186	25.316229878352086	25.877331194316326	2.604322654742341E-4
31.0	25.330217708954994	24.743048981279856	22.934440934521678	26.991904173069848	3.8820217362161056E-4
32.0	23.21345786694274	23.328793009916822	24.982800899731934	28.47471770680029	2.3051660820936232E-4
33.0	23.33887234439339	24.947640024504242	26.019055311415652	25.694331104317875	1.0121536884525157E-4
34.0	25.765136055829924	26.785225464197637	23.196169746932217	24.253468733040222	0.0
35.0	24.793735786906062	22.502382332133923	26.279894455805415	26.423838645630234	1.4877952436673854E-4
36.0	23.128339662745155	25.06058151316295	26.535222991000097	25.275657651899692	1.9818119210941585E-4
37.0	24.90483430818529	26.10390221434196	21.51896132454398	27.472277389542914	2.4763385848220253E-5
38.0	26.437824786607262	26.06105932514941	21.06363768922135	26.43737917399761	9.902502436634505E-5
39.0	22.91413637264805	28.061172082929374	21.83461301135659	27.18988052350757	1.9800955841640868E-4
40.0	25.435341051391575	26.70844944242886	23.219756777223974	24.63642798101338	2.4747942208605352E-5
41.0	23.972625959461062	24.69139743358472	21.778006092743222	29.55388756956162	0.004082944649375272
42.0	24.1266791253888	26.41452806094992	21.34217204863504	28.116596022429658	2.4742596582107193E-5
43.0	26.127222257957577	25.716911673750513	22.91905612484723	25.23356902173644	0.003240921708237879
44.0	28.58633433435414	25.079628154576085	23.323578740099045	23.010335086356598	1.2368461412874083E-4
45.0	25.061563134738428	24.461934739614406	21.9636685988933	28.50937075501286	0.003462771741012376
46.0	24.490273895934532	24.581509062800414	22.51732886975976	28.410888171505295	0.0
47.0	25.085656644890737	24.60961466318113	23.266409661698603	27.036835263013813	0.0014837672157182384
48.0	21.90906166956863	24.751190431749528	23.22662690690961	30.11312099177223	0.0
49.0	22.14834217323034	26.631845976165895	24.069882648884036	27.148520157733824	0.0014090439859036272
50.0	26.63558609397733	25.46159865968429	20.061429488824192	27.841336321260506	4.943625368114704E-5
51.0	24.08388388942547	27.85195140541326	21.577786828767252	26.48440071849918	0.001977157894840903
52.0	22.7805938689906	25.894030579390815	21.1983939202988	30.126981631319786	0.0
53.0	22.123499890686517	25.56432932550014	24.472989732402066	27.837902243496337	0.0012788079149356649
54.0	22.141148060622008	29.605952032578305	22.518006841247164	25.734843883329933	4.918222259382124E-5
55.0	23.252250465683325	28.592845819660255	22.562188548614788	25.591587573835838	0.0011275922057885192
56.0	25.866299414195055	26.428526085734237	25.017285424826845	22.687889075243863	0.0
57.0	22.400705808831187	28.343248558667295	22.770128111655037	26.48155523015372	0.00436229069275872
58.0	24.887009886083618	26.153180386229664	21.65195418252106	27.307635004930297	2.205402353605392E-4
59.0	27.3782970766894	22.95485011990261	24.619985793495047	25.0445882845584	0.0022787253545439377
60.0	23.534500871630062	23.229803364073774	24.71104858062621	28.52459826378434	4.891988561552346E-5
61.0	24.548939981441542	24.609937334635784	22.727701847676844	28.108162443729086	0.005258392516744923
62.0	25.06646044973487	22.545659001520704	25.105126124447224	27.282558772559256	1.9565173794993174E-4
63.0	25.636745359325918	24.058139719719303	23.360873929933497	26.942309032639095	0.0019319583821927238
64.0	24.853407648587208	22.318482723728213	23.507882944693144	29.320177894090516	4.878890091535297E-5
65.0	23.44937685300707	27.125181870623976	23.48389111056636	25.937257226346453	0.004292939456138233
66.0	24.09964650986726	24.74016292302413	23.260787327136057	27.898817870264025	5.853697085322269E-4
67.0	26.666037432598177	25.790889910134158	21.15536154984741	26.387198940155205	5.121672650487546E-4
68.0	22.827794629718237	23.391371318728968	26.51729652928067	27.263415583484413	1.2193878770408285E-4
69.0	22.605565245213374	25.17214587552236	25.27727703707172	26.942621943368177	0.002389898824364872
70.0	24.28650190044654	23.686123880148337	24.928089731746766	27.09891936824605	3.65119412303794E-4
71.0	24.109095602896623	23.212283142536457	26.47333995554031	26.204529143129445	7.521558971691278E-4
72.0	26.183698313954984	26.652262494923523	22.298113952751535	24.86432405601809	0.001601182351865159
73.0	24.9589002216004	22.674293504694603	23.23599654075349	29.127680400554546	0.0031293323969594534
74.0	24.30482383372434	26.50891552518061	23.621460325961458	25.56390284415829	8.974709753035392E-4
75.0	24.823438842338973	24.907990280707864	22.327182535543862	27.939714775933837	0.0016735654754599515
76.0	26.55589090161199	24.342000589846872	25.684654085853765	23.41641151908853	0.0010429035988420376
77.0	23.642489739504803	25.795720410085128	24.644177934436147	25.9168843502802	7.275656937254007E-4
78.0	26.956695927627926	26.51265233229594	20.227119447242114	26.303120018605693	4.122742283257131E-4
79.0	27.246719276585722	20.90828379479173	23.091350501520896	28.75146384541307	0.0021825816885761495
80.0	23.523139577574973	23.485721851709407	28.57101632169447	24.41774575055399	0.002376498467158489
81.0	25.38159706114792	25.340542564395303	22.29879962277392	26.978672758801558	3.879928813006103E-4
82.0	22.585435489358254	22.366249820255142	24.401337471486343	30.645861770202533	0.0011154486977257697
83.0	24.756094456036383	22.60216026294636	25.006262071005704	27.634780015203557	7.031948079975073E-4
84.0	23.002383205589734	26.5768763834243	24.741888093355513	25.677858203995513	9.941136349474102E-4
85.0	24.649456801090857	27.640057258460267	21.26593179803591	26.44394800186982	6.061405431407197E-4
86.0	25.420852768263863	25.295315178629224	23.024946777444256	26.2574063662444	0.001478909418252797
87.0	21.7741534688546	22.36028202633639	26.811508648893305	29.053183099656888	8.727562588139291E-4
88.0	24.8322985552379	26.955672419097127	25.723078012110918	22.488199505507705	7.515080463481678E-4
89.0	26.34499416748199	26.34780618780223	23.053063793105117	24.25309346476781	0.0010423868428478201
90.0	23.081113000274893	26.702441190687086	24.498349446171193	25.7179509182645	1.4544460233264055E-4
91.0	26.394933688397888	25.141760395903766	24.578039664550293	23.884660256209813	6.059949382454798E-4
92.0	25.369644636977455	24.560256196456066	22.464601375223484	27.605473552350407	2.4238992588685622E-5
93.0	26.340793368742503	26.42015011853824	21.368222832977796	25.87059129504447	2.4238469699367838E-4
94.0	27.461039554392897	23.29827012397877	23.56624324038056	25.670375130853824	0.004071950393949082
95.0	23.366273185221953	27.251336919133358	24.731040761006557	24.64899813471181	0.0023509999263191775
96.0	25.86751499672691	24.228423823461906	24.27759898227537	25.625323098243435	0.0011390992923769779
97.0	25.60364322262633	25.138546331681873	23.613791452114842	25.643849347480526	1.6964609643120354E-4
98.0	27.690940141444955	23.28548949680485	24.960310545895695	24.063235581719805	2.4234134699621535E-5
99.0	21.37958624673605	22.822677726450628	27.148293248401224	28.649442778412098	0.0
100.0	22.53248756191179	25.26342723515468	24.64748956940336	27.556595633530172	0.0
101.0	22.996319565422812	22.72453921879808	28.722823782536956	25.55622051593926	9.69173028883779E-5
102.0	24.873980124699216	24.882194861306655	24.91827669849978	25.32552408323297	2.4232261378864137E-5
103.0	26.07081692527034	26.123808951509027	25.127549166035866	22.677728035326076	9.692185868986847E-5
104.0	24.82335216316973	27.772102604759034	23.3366075958691	24.067792257007156	1.4537919497724573E-4
105.0	27.67987733070212	23.50865111265977	21.110512863508113	27.69795399319775	0.0030046999322488627
106.0	25.760653461579935	23.18322633328043	25.205206272436392	25.85079277770845	1.2115499479639298E-4
107.0	25.12870167235847	25.246608541923816	22.581855135927285	27.042228880834585	6.057689558433201E-4
108.0	23.54786517245941	24.91974378096073	24.61609059055494	26.916130857977137	1.6959804778110028E-4
109.0	25.45059505148585	24.882484539224556	26.053762747901775	23.612479291549306	6.783698385140599E-4
110.0	24.159354059862554	24.894874589631147	23.052027417763306	27.89369547948016	4.84532628306057E-5
111.0	24.387378562919544	24.33722773490999	24.65104593549344	26.62369362544212	6.541412349072052E-4
112.0	24.655651220444028	24.626409888851445	24.044514658095668	26.673351553242846	7.267936601304499E-5
113.0	28.531162409851035	21.95281366509282	23.182860977400075	26.332411958651996	7.509890040674533E-4
114.0	26.286576866108792	22.42462959813596	27.84112850046053	23.44739855041918	2.664848755297598E-4
115.0	25.942638758596093	24.151874665653615	26.388555080902133	23.516350022871233	5.814719769271919E-4
116.0	26.37683034467186	25.400799964530012	24.94489916614031	23.277422068389722	4.8456268096901875E-5
117.0	25.969088410479856	26.98396853794074	23.455801544028855	23.590487340165105	6.541673854431766E-4
118.0	26.299660033376426	24.61581736388252	25.584693167523692	23.49958715569657	2.4227952079049022E-4
119.0	26.793094475357382	21.37224697034086	25.133996000350827	26.700177982934374	4.8457101654761565E-4
120.0	24.858487400333047	24.246766282943792	25.28047514991989	25.614198481309288	7.268549398636566E-5
121.0	27.314187220596065	23.755406968165488	24.023692896564906	24.90617988022716	5.330344463819439E-4
122.0	26.562374312748165	24.079545311374872	24.515761847674078	24.841979324053355	3.39204149532819E-4
123.0	23.500906148240038	27.968362342998915	23.75787428283455	24.772251511862304	6.057140641959994E-4
124.0	24.932202638336783	24.985044966859064	22.804360061472515	27.278271190900362	1.2114243127529301E-4
125.0	26.375655671177118	23.76881609710596	24.948357944978135	24.906370761608258	7.995251305285345E-4
126.0	23.770147837628166	24.347804386623334	25.153572520585772	26.728281426943962	1.9382821877197227E-4
127.0	26.05473179241169	23.187115375296795	27.92557057711877	22.831564665406795	0.0010175897659543537
128.0	26.36518436427724	23.273636778169262	25.055496087289615	25.29640313637088	0.00927963389300267
129.0	23.498437745313723	27.375993611425002	22.70829739436852	26.41414577037957	0.00312547851318322
130.0	26.19663558792894	24.664771462125348	24.232232578570912	24.906360371374802	0.0
131.0	25.381649703649966	24.701869105890804	25.179867096787323	24.7360083581806	6.057354913023653E-4
132.0	26.093141348964227	26.69119654895279	22.059109650560632	25.15066469826718	0.005887753255164323
133.0	27.143819402547496	24.931660524473067	24.78463555106501	23.137946157070548	0.0019383648438768266
134.0	25.947187669757206	23.615932087910064	21.64802053102114	28.78883548191542	2.42293961695263E-5
135.0	26.064173763581337	24.277275279040854	26.50204263697273	23.156072196029186	4.3612437588784627E-4
136.0	27.778795425238528	26.387453279078187	24.062831492602914	21.764886607420202	0.006033195660169714
137.0	27.95867386126571	21.55082053804423	24.64887562179411	25.841533060184098	9.691871185340075E-5
138.0	25.060838156451222	24.7207162766176	27.54616528207971	22.671189995309334	0.001090289542136541
139.0	25.837495856859586	24.176338840075747	25.17764623105058	24.807259169666203	0.001259902347876483
140.0	26.15855963249404	21.855798491985038	25.674075904712062	26.3113479095191	2.1806128975984182E-4
141.0	25.22997942681473	25.418605321697406	25.598968990484387	23.752034361168796	4.1189983468278987E-4
142.0	27.969276991665055	22.951395619306066	23.964673386315177	25.11438747819345	2.6652452025586353E-4
143.0	26.432663975407962	25.772674815715973	23.92068790646612	23.873827925011433	1.453773985150668E-4
144.0	28.072070037643392	25.64843746971277	22.735775178621964	23.543281177916395	4.3613610547903246E-4
145.0	27.67249759400347	22.704563009971924	23.051578944307842	26.5703185801083	0.0010418716084656188
146.0	27.309404219335676	21.600483622028545	24.835348021292937	26.250281668641374	0.004482468701465161
147.0	26.000309159154938	25.014828009625607	26.963935954628226	22.01729256050652	0.00363431608470767
148.0	24.525185036580886	24.10893147371206	23.828723531070736	27.53667537940131	4.8457923500445324E-4
149.0	27.232704996817493	25.694149150753514	24.028777536212395	23.04204231052806	0.002326005688537662
150.0	25.037392079057746	24.453244576058747	25.075771507684003	25.433567607762242	2.422943726405071E-5
151.0	26.225291429144637	24.295611438468235	25.916241212785252	23.56246824390907	3.876756928067502E-4
152.0	26.881319981226476	24.076849324063524	23.703898801310075	25.337713822018376	2.1807138154762354E-4
153.0	24.425644962132885	23.775715617688505	25.68651709786909	26.11141964360136	7.026787081566945E-4
154.0	22.72213034813213	24.747851054936667	24.904574118160173	27.622972964786985	0.0024715139840441962
155.0	26.696631478852655	24.733643870113493	23.851953342906953	24.71760167769345	1.6963043344453012E-4
156.0	25.65611677739672	23.477372876920004	26.804048513141236	24.062340666008815	1.2116653322192476E-4
157.0	23.90523025890905	22.797513732558798	26.911889401859735	26.38507580382149	2.9080285093421626E-4
158.0	24.17566545471113	21.51348309623741	26.821174639618324	27.489555638113615	1.2117131952416507E-4
159.0	26.155547821905895	21.740080867263107	25.080314705685623	27.02359614062877	4.604645166043505E-4
160.0	25.914337854835306	21.48114128946418	25.853313331119843	26.75113481863502	7.270594564988209E-5
161.0	24.142377002219007	21.000699922349337	29.066941465358205	25.786273572696437	0.0037080373770167607
162.0	24.78474716183262	23.58903539874913	25.65729489360114	25.968874073636027	4.8472181088190775E-5
163.0	24.972830460132275	24.110094562601915	27.12208406124756	23.794893968507573	9.69475106787683E-5
164.0	24.937770881474556	24.338165754619254	25.083679077588744	25.638760391111525	0.001623895205922031
165.0	26.156341938364303	22.640718263888584	27.515787524426006	23.68664327199625	5.090013248577342E-4
166.0	24.834994257824413	23.045951463224625	25.865507534151284	26.253449789534354	9.69552653253552E-5
167.0	26.273809041903235	23.856660593031457	26.75557104735181	23.11359572374712	3.6359396637628433E-4
168.0	25.512941777635785	25.084805501243295	24.10039749624393	25.301782503280958	7.272159603541251E-5
169.0	25.421486681728712	22.740669452821223	25.902292274723887	25.935430383306347	1.2120741983341252E-4
170.0	31.470853474649818	22.73419280391368	23.054651856233424	22.740229138282967	7.272692011190249E-5
171.0	24.943392731772217	23.522053318955653	27.544223973747805	23.989675416105847	6.545594184797154E-4
172.0	27.307680654079086	24.69340042831224	24.120547958487407	23.878274001059268	9.695806200225671E-5
173.0	28.763055409323986	19.37552170739014	24.058309071818933	27.801683812116508	0.001429999350440973
174.0	23.50088092582893	26.31649875065836	24.490707559528847	25.691549195750714	3.635682331529146E-4
175.0	25.94407309803739	24.712351970462933	22.85692885856065	26.48511899567764	0.00152707726138327
176.0	24.130473251577463	24.556697832152405	28.7430459434367	22.568498214670967	0.0012847581624564576
177.0	21.44110833452122	26.24561087078578	25.167831767743916	27.121473060128526	0.02397596682055892
178.0	25.19253802582074	23.275048123901136	24.045757763880303	27.48636519768676	2.9088871106969715E-4
179.0	28.401135756448507	23.758566417799724	23.136625333226014	24.702460320769738	0.00121217175601019
180.0	26.46953032375741	22.569752241982062	25.657248822009425	25.30329837361301	1.7023863809089527E-4
181.0	27.55000832020333	22.040742439883182	27.03003824857162	23.378455716661872	7.552746800010817E-4
182.0	25.070529946141658	23.06957241029802	26.35516295773807	25.504685956262783	4.8729559472599976E-5
183.0	23.08358799401777	24.824653265934955	27.095839970917268	24.995455823538784	4.629455912229414E-4
184.0	26.00027436653859	22.136067771946337	26.72992854043093	25.130049982955647	0.0036793381284936956
185.0	24.625446926183326	25.07240356444569	25.045822496452004	25.25579100604835	5.360068706335236E-4
186.0	27.00156920842694	22.821578077865876	25.46469524705286	24.712157466654322	0.0
187.0	23.71452808284273	22.900995305705575	28.231153027061502	25.15266410184951	6.594825406882408E-4
188.0	26.866786162867555	28.28618216477676	22.828171204933053	22.01837193021539	4.885372072379718E-4
189.0	24.811945219159274	24.17463658702161	25.23978160166757	25.77292817288166	7.084192698835578E-4
190.0	28.641118132146666	21.71697096809263	25.00992486419732	24.63166843990907	3.175956543142316E-4
191.0	26.230316971851238	24.178228603941193	24.977773427223728	24.613338390852416	3.426061314261592E-4
192.0	26.328970673498514	24.121094586514854	24.824992296797596	24.724820073015835	1.2237017320029575E-4
193.0	27.47030000337792	25.27430915411492	21.47664559790902	25.77852494545148	2.2029914665901655E-4
194.0	28.043343622935453	23.82374180850569	24.009542157585134	24.123372410973726	0.0
195.0	26.004901660737502	21.50377173245061	25.362372775951016	27.12824380008471	7.100307761615737E-4
196.0	27.375869454159623	22.548384878374662	26.926430424018548	23.149167878335362	1.4736511180099814E-4
197.0	24.702268361345983	24.634222434029844	24.52119741179823	26.141673094591212	6.386982347363404E-4
198.0	27.394055675850787	23.38450722116041	24.838856903157577	24.382481731699944	9.846813128165136E-5
199.0	25.120144123577376	22.909462627204164	25.563569003754168	26.406231794474806	5.924509894918942E-4
200.0	27.224773897941475	23.599117686630635	24.61755517235846	24.55852855606973	2.4686999702521652E-5
201.0	24.174149151985	21.661248762177323	29.140771453309366	25.0234603041285	3.7032839981839097E-4
202.0	24.767122611229077	25.56587329020789	28.33936595723668	21.327613451187595	2.469013875857982E-5
203.0	25.726844698750906	24.857150195801044	23.268291887790788	26.14689820321422	8.15014443043827E-4
204.0	25.845247095977903	24.036625912751763	24.243363584875695	25.87466460702923	9.879936541167596E-5
205.0	27.18783161314418	24.388991975085418	25.355721481516614	23.066639791798817	8.151384549717518E-4
206.0	24.739970355731224	21.77443181818182	25.982089920948614	27.50340909090909	9.881422924901184E-5
207.0	25.501618986489255	23.901137317626226	26.63557659192103	23.961197689293936	4.69414669554308E-4
208.0	27.851724344989094	22.75651551419984	22.478397347461883	26.913313372084545	4.942126463579864E-5
209.0	27.270619794340217	20.87982863908999	25.131771883573638	26.71701353147165	7.661515245056036E-4
210.0	24.524141804086277	25.156353583785794	25.18544664648691	25.133711913918148	3.4605172286793825E-4
211.0	24.653586400347134	26.12676674459113	25.780297514040623	23.438434521815346	9.148192057638556E-4
212.0	28.827153974148377	22.367686485815298	24.895784919565227	23.90912726966012	2.473508109767364E-4
213.0	29.57333485799486	22.6863694517233	23.400188256096605	24.33968666720624	4.207669789995201E-4
214.0	27.51871940424872	25.632721932287883	24.648580015312895	22.199978648150502	0.0
215.0	25.45188675614985	25.27666092759459	23.181547910907423	26.089407874238603	4.96531109536004E-4
216.0	25.488703386157646	24.079569365668597	26.689127990603428	23.742523884000075	7.537357025758918E-5
217.0	28.115845257639226	22.694983900952163	26.565696046025217	22.622714868650466	7.59926732930589E-4
218.0	24.327187735457382	24.932803345993573	25.661766590295183	25.077986048108908	2.5628014495205E-4
219.0	26.22836270171317	22.964681053000298	25.28342948184397	25.52269830614138	8.284573011812506E-4
220.0	28.442306565732178	22.296411531526843	24.753754125144013	24.50726741347775	2.603641192207302E-4
221.0	24.97725596876434	22.866462710562953	24.47013371020189	27.68580599012875	3.4162034207233205E-4
222.0	25.326270744292323	25.108206785962984	24.379454712332326	25.185961280870213	1.0647654215299828E-4
223.0	29.973655590556312	23.05953448601462	24.64652990059491	22.319444889699117	8.351331350386033E-4
224.0	29.717274299430635	23.044600647683836	25.026797587581818	22.211300431167437	2.7034136274214812E-5
225.0	30.788801230693828	19.6914552546134	24.207121415297905	25.311505762070396	0.0011163373244661662
226.0	25.28238408871192	22.30381824121202	25.879239485986467	26.534392643832412	1.6554025718334354E-4
227.0	26.562211451930644	23.125828856508583	26.685846018057564	23.624439920351666	0.001673753151537705
228.0	26.67781280547135	27.693703207820963	23.759849434537806	21.8685503809589	8.417121097682374E-5
229.0	27.660668031035566	24.856264104213093	22.058628217403037	25.424411329189255	2.8318159047807563E-5
230.0	25.405170451608445	23.277998806814466	28.01121560131496	23.305586581489173	2.8558772955184718E-5
231.0	25.25068130549869	24.933014014392533	24.47400028107021	25.340420938861435	0.0018834601771321857
232.0	25.03218529167875	24.60157130095033	25.099193655336844	25.26675828459755	2.9146743652932235E-4
233.0	22.4894517261349	25.223936603987664	23.04972166739549	29.236151327841537	7.38674640413185E-4
234.0	26.810267077067927	21.21088387990119	27.267675136096535	24.709792825824056	0.0013810811102931374
235.0	25.404425311290918	22.424428549427297	27.57941407957492	24.591246035485238	4.86024221624615E-4
236.0	28.155780608729287	23.881881423695397	23.924477298342	24.03758307120883	2.7759802448908084E-4
237.0	27.794052595836945	24.977571071666656	22.909779635779127	24.31828518382376	3.115128935186627E-4
238.0	26.86318301945832	22.818512503587073	24.458142035838797	25.860067524021147	9.491709466366602E-5
239.0	27.202856671255972	23.748364277065967	24.53296430158371	24.514399027269718	0.0014157228246373095
240.0	25.484631990903917	21.706751438794267	27.13555136666672	25.67286484934192	2.0035429317509797E-4
241.0	29.26667259475979	20.429222913907374	23.949106206245492	26.35208995368733	0.0029083314000172495
242.0	26.156609192996534	24.728636247492986	21.98919601717412	27.124486917978206	0.0010716243581556139
243.0	27.682757523681232	23.332061474731795	25.266091947658488	23.716169484051598	0.0029195698768847583
244.0	26.27567191468741	22.617650016192336	25.881809734839145	25.22379220810666	0.0010761261744487963
245.0	28.582414610016567	21.271713606918578	23.713992272046074	26.4296900026712	0.002189508347584787
246.0	24.485468438600964	26.618617184200478	24.192091333147125	24.70092199414123	0.0029010499102023854
247.0	25.762143373974666	22.870454898937645	25.020624970415	26.20338249514806	0.14339426152462487
248.0	25.919377041645074	23.54435846777319	23.460416413514807	27.064441435016494	0.011406642050433605
249.0	25.829619976530065	20.917567722157294	28.68919042315465	24.545766535625653	0.01785534253234244
250.0	25.830170447221157	22.338031263679433	25.365592674235373	26.465185237589743	0.0010203772742933973
