# Position (bp)	A	C	G	T	N
0.0	23.16116096281193	24.347320512711974	25.937858876759073	26.553636766552863	2.2881164157022448E-5
1.0	22.729131363820983	30.129239825127847	23.674307234241244	23.391001183754195	0.07632039305573513
2.0	24.59045220636471	26.96371105879266	23.072369236263977	25.372601935944722	8.655626339344286E-4
3.0	25.644831651440875	22.184207052568812	25.085642237121803	27.078423072196202	0.006895986672310907
4.0	25.485533645300357	24.30052434381983	23.79657761000271	26.417205226292822	1.5917458427577952E-4
5.0	27.5914513308547	24.986616158232103	22.53909365100528	24.88215745939364	6.814005142756815E-4
6.0	25.17991207120654	23.96207016344016	24.07000833572944	26.783247451434626	0.00476197818923285
7.0	25.07625780115043	25.88384375523282	23.992469259281048	25.04686347364467	5.657106910269233E-4
8.0	26.81143588400719	24.73187615184975	24.097086488058267	24.359556288893465	4.518719132912023E-5
9.0	25.673831422213112	25.735449176967677	22.644412101889426	25.946171974431792	1.3532449799685912E-4
10.0	24.66663767292308	25.72578062837855	23.454218465754746	26.153363232943622	0.0
11.0	26.765986648601636	22.76350165648027	23.633987962395583	26.836371572403113	1.52160119397872E-4
12.0	27.697651799360845	24.986158762732337	20.63558534004553	26.680604097861288	0.0
13.0	25.009930278382843	23.807739695847953	24.836484927997315	26.34567652010173	1.6857767015966623E-4
14.0	26.35842391576084	22.22338193284734	24.17982070179298	27.238352616473836	2.0833125002083312E-5
15.0	25.30391766318734	23.558079588389898	24.08218642803449	27.05581632038827	0.0
16.0	26.361302935857385	25.12798522845146	21.723632660691667	26.78697823231595	1.0094268353297777E-4
17.0	28.19088022255349	26.72606888068443	19.662809619050503	25.419053945830356	0.0011873318812264425
18.0	25.23675558218369	26.25126126806347	20.02214144441056	28.489684812910674	1.5689243160715705E-4
19.0	24.948567097555436	25.1970076464978	21.527175803203754	28.32658699656984	6.624561731660436E-4
20.0	22.057759605753358	25.827849367955487	24.667190190970462	27.447181517080704	1.931823999242725E-5
21.0	23.485161781406436	25.410130745883553	24.01289023409159	27.09143396572084	3.8327289758526576E-4
22.0	21.843826280410678	26.999746569776395	26.48563983923115	24.670749371925545	3.7938656227971866E-5
23.0	24.694929933036853	25.17642685846794	23.205683848654605	26.922563128192262	3.9623164834252526E-4
24.0	27.247123417477937	22.20138058025622	24.9958897957079	25.555531475570813	7.473098712908209E-5
25.0	24.44871056433818	26.05031643879636	20.131768038138596	29.368798426943744	4.06531783116772E-4
26.0	25.274560241874084	25.78074726798354	20.002034221555	28.942621549786747	3.6718800631783686E-5
27.0	25.331411792547538	25.018636737094894	20.472169718857522	29.177726843362272	5.490813777037453E-5
28.0	27.32296766603966	24.15410466429714	22.918701217123004	25.602128993376912	0.00209745916328376
29.0	26.490411104861973	24.364110211957897	22.885346226029547	26.259774909370577	3.5754778000371136E-4
30.0	22.810318663566846	25.625699251459515	25.368328600120748	26.195351968687724	3.0151616516842694E-4
31.0	25.577820576363298	25.020104814805606	22.917902004169246	26.483643646587595	5.289580742540766E-4
32.0	23.542686600345743	23.246019931931304	25.047797170463436	28.16319917617061	2.971210889033488E-4
33.0	23.52383808406914	25.037321139830908	25.80327520332827	25.635479151236822	8.642153486374348E-5
34.0	25.217825551519034	27.52132958144373	22.957872075087113	24.302921414969987	5.1376980133035555E-5
35.0	24.691235878152927	22.713207384147278	26.270172100812434	26.325079688851353	3.0494803600758643E-4
36.0	22.9725313344798	25.762149224510022	26.576032476123313	24.689083870644538	2.0309424232900353E-4
37.0	24.861282609942382	26.248160458282094	21.650638398584093	27.239901615920775	1.6917270655522243E-5
38.0	26.57261051485088	25.346317637388843	21.501036737372267	26.57993363527816	1.0147510984680641E-4
39.0	22.88401942974168	28.05202771889909	22.116210524037612	26.9475901520265	1.5217529511862233E-4
40.0	25.735265402547952	26.8619732958429	23.493328694365566	23.909348077947506	8.452929607890573E-5
41.0	23.938516587241914	25.320020446689856	21.794149704388467	28.942715461051222	0.004597800628546391
42.0	24.018518687533994	26.350002653542955	21.213689983027468	28.417754872800643	3.380309494376686E-5
43.0	25.728013990171526	26.114339030134875	22.585362877678776	25.568752083932917	0.003532018081904627
44.0	27.956980344473557	25.273515359238353	23.177161306979972	23.59208953095335	2.5345835476464537E-4
45.0	25.167958088824726	24.710124789139044	22.172917386430733	27.945451949888373	0.003547785717121529
46.0	24.75516615254726	24.870389036443775	22.71928033080674	27.65516448020222	0.0
47.0	24.83956499370151	25.19578695325672	23.75073178361298	26.212413009381358	0.0015032600474354553
48.0	22.51462832578805	24.749913166345927	23.143629871317337	29.591828636548684	0.0
49.0	22.177826883730887	26.409073150273333	24.810098071957256	26.60151610878244	0.001485785256080154
50.0	26.751757417247042	25.61253201961129	20.414115522655106	27.221595040486562	0.0
51.0	24.37428113942798	27.96810293053735	21.68778925328975	25.96785176187726	0.0019749148676655123
52.0	22.758722563658242	26.575336835878495	21.453403527967584	29.212520229017407	1.6843478272586768E-5
53.0	22.032500050866986	26.110871863461917	24.45538276101951	27.39990008211024	0.0013452425413447682
54.0	22.49213007748937	29.42139485580062	22.790565812158682	25.295808363498356	1.0089105296460793E-4
55.0	23.272794803860567	29.255092404871956	22.483700831772186	24.987103429405725	0.0013085300895655295
56.0	25.964415359121528	26.335220796639568	25.19947188824777	22.50087518201857	1.6773972564825953E-5
57.0	22.35157415266994	28.15121110406124	23.109655741161067	26.382695096696956	0.004863905410792872
58.0	24.774328772113062	26.784314554146505	21.57887516732692	26.86224672045948	2.3478595403092264E-4
59.0	27.120646677527354	23.280340677850994	24.7220002666262	24.874446729678766	0.0025656483166915543
60.0	23.268059694095637	23.581471611182373	24.715691574813263	28.43476037692475	1.6742983978136343E-5
61.0	24.6212554990112	24.638918634390176	23.135660246326236	27.598607173878246	0.005558446394142067
62.0	25.042716440849073	22.614785262618636	25.275493001133416	27.066770911635647	2.3438376323221905E-4
63.0	25.345676354454994	24.451590243484322	23.241986673501454	26.95862062269121	0.002126105868018714
64.0	24.798759023725232	22.274488314474215	24.041793568241165	28.88485885314947	1.0024040991644962E-4
65.0	23.16897236866152	27.326836807617017	23.883585742746536	25.616144803007728	0.004460277967195741
66.0	24.191681244211857	24.635305233082587	23.965534406793022	27.20696127339813	5.178425144027037E-4
67.0	26.511279536811877	25.57156034010158	21.336610162357044	26.580015440940407	5.345197890918542E-4
68.0	23.344364528180492	23.367080560571548	26.790737404168823	26.49770058632418	1.1692075495397414E-4
69.0	22.827379560532066	25.67530281064397	25.322519224216833	26.17246009847609	0.0023383061310386756
70.0	24.705622025267107	23.864796988210873	24.853396725378012	26.57590078451324	2.8347663077018766E-4
71.0	24.055930893168647	23.726066857743266	26.25533484990754	25.961769493246834	8.979059337115956E-4
72.0	26.243832171896813	26.760800827575476	22.261823492462938	24.732146924573517	0.0013965834912525658
73.0	25.078928359764696	22.832044806006053	23.584962591008043	28.500573125207286	0.003491118013919586
74.0	24.29010341197515	26.447357900582812	23.92333839940251	25.338236166813584	9.641212259433054E-4
75.0	24.350354796189578	25.32766080520202	22.513576003178123	27.806447001643914	0.0019613937863709728
76.0	26.260373814688307	24.613494893083015	26.26437956568351	22.860987143367655	7.645831775079575E-4
77.0	23.669089284503357	25.970144093905027	24.47552052377476	25.884415068097898	8.310297189523973E-4
78.0	27.14029506043758	26.450933201304533	20.59905243075759	25.809187469429702	5.318380705978475E-4
79.0	27.674287425631373	21.295246490518675	23.10964326657898	27.918363114024196	0.0024597032467750463
80.0	23.920562938445354	23.50955378974832	28.397872012638558	24.169800907108545	0.002210352059225469
81.0	24.841003980363915	25.63239026744436	22.473193492950063	27.05286383951311	5.484197285521769E-4
82.0	22.356920967165387	22.699739973387448	24.574201644181823	30.36804060715973	0.0010968081056113202
83.0	24.746126612232487	22.98147204937463	24.872371592636014	27.39909915224593	9.305935109382127E-4
84.0	22.484197617844895	27.239352085715048	25.166747534097254	25.108855315981177	8.474463616302873E-4
85.0	24.666777660469954	27.17455636541154	21.907368692502967	26.2505163371912	7.809444243392795E-4
86.0	25.099843802207506	25.167849074485293	23.348438046997575	26.382490029742545	0.0013790465670795663
87.0	21.729638629641652	22.39575458861238	27.00425425017968	28.869505203755757	8.473278105281976E-4
88.0	24.660324631018426	27.063848818522985	25.982924981928672	22.292270255713255	6.313128166636015E-4
89.0	26.38098440419189	26.47652488488128	23.338740261134014	23.80273706615136	0.0010133836414628742
90.0	23.61195026090383	26.454490467968988	24.721848492545497	25.211627717287925	8.306129375274413E-5
91.0	26.0489819202025	25.37583808666482	24.583687234138335	23.990994404643466	4.983543508743544E-4
92.0	25.216050269675588	24.9011505128479	22.767765706740402	27.115016899470785	1.661126532825272E-5
93.0	26.101996499444287	26.685333860891696	21.06967773592415	26.142709520484996	2.823832548723154E-4
94.0	27.292070888720165	24.02805238070006	23.32322144926448	25.35308403605197	0.0035712452633245234
95.0	23.580513161907305	27.159833742930058	24.143800007839808	25.113394842602577	0.0024582447202550727
96.0	25.313407213377666	24.95837375542719	24.63919907534512	25.08805663527736	9.633205726575408E-4
97.0	25.27812705995055	25.24195414144209	23.360613604305808	26.11913911111281	1.6608318874407725E-4
98.0	27.512917416224457	23.637958270999356	24.61880502108505	24.230286076426992	3.3215264141066556E-5
99.0	21.800027265642914	22.887481400165488	27.248904932407942	28.063519981216263	6.642056739437594E-5
100.0	22.52532338634758	25.66176208096344	24.719759505661596	27.09315502702739	0.0
101.0	22.79525581711967	22.94999713595735	28.856931522815625	25.39773250837836	8.301572899017177E-5
102.0	24.66100545204227	24.440469487045068	25.24438543263723	25.654123022901963	1.6605373465642734E-5
103.0	25.49247960129417	26.41178703322737	25.28521327527286	22.81038725910665	1.3283109894821014E-4
104.0	25.026968178960125	27.852811605955264	23.601842918264957	23.518012020577007	3.6527624264902315E-4
105.0	26.76235203552393	23.848850614888946	21.497509177130958	27.888332494507505	0.002955677948666516
106.0	25.29897499506012	23.32680770654937	25.423758927074047	25.950342138778332	1.1623253813672598E-4
107.0	25.138431619727992	25.211541182120023	22.71151959628511	26.93772719091243	7.804109544459182E-4
108.0	23.419639724925045	25.338327552106172	24.857804723079692	26.384061976039106	1.6602384999014647E-4
109.0	25.164617282561004	25.25307058982319	25.868873616526688	23.712658236043826	7.802750452933063E-4
110.0	23.851717518093555	24.861065273589684	23.596442181970794	27.690708621888373	6.640445759842967E-5
111.0	24.300513635947844	24.491381876432197	24.622152436604004	26.5851219725586	8.300784573556324E-4
112.0	25.211024276403414	24.566318488576957	23.77212316476901	26.450401264444086	1.3280580653547334E-4
113.0	27.83042100099683	22.393239150445005	23.336185767322725	26.43932408104454	8.300001909000439E-4
114.0	25.823462649213987	22.990054918813684	27.271009894948246	23.914991127963013	4.814090610813477E-4
115.0	26.279175671029435	24.300531803185173	26.492640702558607	22.926888143692615	7.636795341687655E-4
116.0	26.470284033529463	25.140404739520132	25.10477748822566	23.28436772171033	1.660170144197398E-4
117.0	25.608925191752167	26.95675200053126	24.006258923531558	23.427316797821828	7.47086363183584E-4
118.0	26.069956418974837	25.098825548564598	25.73423759270576	23.09654879652056	4.316432342496289E-4
119.0	26.72267322692286	21.43265316829096	25.156549304356286	26.687510023505222	6.142769246707227E-4
120.0	24.7640555614953	24.204476104399937	25.19734530963308	25.834056617368244	6.640710343504024E-5
121.0	27.210365625887167	23.583907347547967	24.388373950130905	24.816639190353573	7.138860803835727E-4
122.0	26.223581004969816	24.602676410943054	24.611492081253587	24.561702636317076	5.478665164737651E-4
123.0	23.370190043292702	28.304764554736956	23.932146819654026	24.392051886827694	8.46695488623816E-4
124.0	24.702080340855286	25.048925563415963	23.171492151655634	27.07736912951345	1.3281455966328854E-4
125.0	26.0206142437003	24.0394089487765	25.066286157312064	24.87259494264552	0.0010957075656117161
126.0	24.088262828802048	24.28401544040021	25.2208587846869	26.406680325575888	1.8262053494867285E-4
127.0	25.708060966009022	23.402096017845007	27.806884525108817	23.08187937023174	0.0010791208054159247
128.0	25.807795310873257	23.77438825873822	25.035383198588022	25.374248402754684	0.008184829045816614
129.0	23.84830340514306	27.278830723685456	22.680810131390515	26.188619152780035	0.0034365870009353495
130.0	25.69174389973202	25.38733856431254	24.20425025223224	24.716634078887054	3.3204836151566134E-5
131.0	25.410107288267092	25.12427531317246	24.617511292737202	24.847392189993258	7.139158299877522E-4
132.0	25.84874130953616	26.05531181903082	22.311242087786656	25.779640967105944	0.005063816540417142
133.0	26.701160136798418	25.990056065171007	24.443461573135338	22.863147290072718	0.0021749348225161874
134.0	25.799374154520876	23.284569761117492	21.605465655201908	29.310557224284985	3.3204874741251014E-5
135.0	25.509594371563228	24.484868769809626	26.480063739453197	23.524925244107397	5.478750665543689E-4
136.0	27.71119443091784	26.196711300854325	24.481119474636944	21.60574493812251	0.005229855468378384
137.0	28.016638668800237	21.89654525476841	24.882709471801626	25.20380775410845	2.9885052127832316E-4
138.0	24.669752211225767	24.85197620728378	27.41471697837551	23.06255848068751	9.961224274308209E-4
139.0	25.47793235051239	24.290568259281972	25.16069982411758	25.069654022633948	0.0011455434541156719
140.0	25.774936882574444	21.85829455197046	25.941672808098286	26.4248633265137	2.3243084310801875E-4
141.0	24.79896426856033	25.55989084176921	25.879904362859307	23.76077565632656	4.648704845926149E-4
142.0	27.672851346372777	23.55932791520127	23.802209124888822	24.96532936727527	2.822462618557957E-4
143.0	25.676520171831722	26.40830256568791	23.84771169407392	24.067299541000633	1.6602740581182253E-4
144.0	27.535838469005906	26.057604871405214	23.0700903709024	23.335851983715273	6.143049712048695E-4
145.0	27.680258975758708	22.80296298657571	23.52479914037793	25.990966131793662	0.001012765493983841
146.0	27.007192503100992	21.691836249146405	25.334359829701665	25.96259353815334	0.004017879897600512
147.0	25.74544844784019	25.514874103884633	26.912349208562862	21.8234598769429	0.003868362769415695
148.0	24.523122536501816	24.773737119165865	23.989667938583406	26.713040741015604	4.316647333067361E-4
149.0	27.11691484757084	25.641759142686325	23.610178358527754	23.62874025023356	0.0024074009815222845
150.0	24.89838402330032	24.33317654340809	25.20064599884342	25.567776831208644	1.6603239524476578E-5
151.0	25.793120395568124	24.58989528004742	26.072080269246673	23.544206696963005	6.973581747812039E-4
152.0	26.52397372862163	24.753979792371364	23.74087531854611	24.98095530956671	2.1585089418723501E-4
153.0	24.712535941828243	23.631670086851496	25.646703845644865	26.008326333286785	7.637923886095974E-4
154.0	22.76097600340325	24.928106847695112	25.28413963751472	27.02446949171595	0.0023080196709693796
155.0	26.820265998159016	24.505714348818643	23.95874901254133	24.715087969967637	1.8267051337555014E-4
156.0	25.17794467486206	24.107893567819584	26.339199641295817	24.37472962257179	2.3249345074252594E-4
157.0	24.765058173105906	23.31300151770369	26.84203210543648	25.079559459060448	3.4874469347583373E-4
158.0	24.923864156849305	21.812317050609202	26.099323853262508	27.16432886698506	1.66072293926703E-4
159.0	25.933174232270943	22.156782637722895	24.975130079234987	26.934298568588666	6.144821825078512E-4
160.0	25.610447354422266	22.132020549395563	26.012427093009215	26.24495553128206	1.494718908974774E-4
161.0	23.80064320002976	21.651931925228826	28.722299283989887	25.821820570974552	0.003305019776972615
162.0	24.255321975909418	24.303752268093888	25.28562827757732	26.15524765301589	4.982540348196528E-5
163.0	24.848272051147944	24.460633114254247	26.79533597561391	23.89564259553824	1.1626344565987726E-4
164.0	25.160149512741537	24.385146788771397	24.81873971867368	25.63448572772523	0.0014782520881556462
165.0	25.841587661370706	22.493591348183013	27.374481697740855	24.289608441464715	7.308512407113375E-4
166.0	24.55338752415199	23.663650824024685	26.14539231867072	25.637419836656804	1.494964958021384E-4
167.0	26.39834139727745	24.320303946490426	26.433158632539794	22.847664462848634	5.315608437000156E-4
168.0	25.98514769906283	24.971261541896354	24.151717131177605	24.891690897782787	1.8273008042781432E-4
169.0	26.102281811228778	22.496795470266814	25.91785107458896	25.482805845700153	2.6579821529788334E-4
170.0	30.710655471219976	23.15558958586228	23.264984580870976	22.868670685513727	9.967653303753768E-5
171.0	24.58029447790386	23.91747083055966	27.61842170622017	23.882932498742814	8.804865734934668E-4
172.0	27.071482544759125	24.73717930509924	24.086400232285836	24.104755198732793	1.8271912300136424E-4
173.0	28.08014231872551	20.08958040227298	24.09435425868189	27.734361633741894	0.001561386577723
174.0	23.235436626708793	26.8714275819122	24.15240744705749	25.740213416138214	5.149281832984871E-4
175.0	26.14168401870781	24.557882173342115	23.174497441421806	26.124258610336142	0.0016777561921246789
176.0	24.086029686478085	24.897772176855007	28.54881925722173	22.466000060136455	0.0013788193087198026
177.0	21.682836121557088	26.336332968658756	25.473424859176635	26.483565138439275	0.023840912168252047
178.0	24.924299776043295	23.569644953614663	24.16718955349369	27.33853346151744	3.322553309121887E-4
179.0	28.163350954440645	24.423559184557757	23.269431482535566	24.142395693046492	0.0012626854195388606
180.0	26.02635999582164	22.641920593473927	25.913071090620626	25.41846505861951	1.83261464295752E-4
181.0	27.452423813112688	22.465076925618185	26.769220809535575	23.31247756902733	8.008827062227085E-4
182.0	25.153298611835055	23.62644226960173	25.814163535754943	25.406028864156653	6.671865161605084E-5
183.0	23.759835879279958	24.46723380115787	26.87164970638059	24.900813716879753	4.668963018311173E-4
184.0	26.08244385387577	22.629067683471863	26.552897996518276	24.732155764071983	0.003434702062105082
185.0	24.482320011869458	25.446146511096774	24.967550707749655	25.103365957666718	6.168116173967549E-4
186.0	27.047091796962263	23.438603417037708	25.413226033823616	24.101062081097464	1.6671078945560924E-5
187.0	23.754241503713082	23.003858235808398	28.581679911082514	24.659535495001066	6.848543949445051E-4
188.0	26.463210374253848	28.727564964735613	22.778829445058633	22.029927684585974	4.6753136592795046E-4
189.0	24.76034193788175	24.697478343366463	25.32589722962727	25.215464344069733	8.181450547806554E-4
190.0	28.33449461527506	22.162301966365067	25.03541868179556	24.467567674519135	2.170620451819656E-4
191.0	26.169805498621457	24.49200427821081	25.29146774575252	24.046237457424862	4.850199903497747E-4
192.0	25.962514079717547	24.36456022606498	24.76901234398569	24.903812989904754	1.0036032702747095E-4
193.0	27.290634477273944	24.87423857691818	21.978819252007472	25.85609022201694	2.1747178345431177E-4
194.0	27.538929125754603	24.13709516335662	24.481996126242084	23.841979584646698	0.0
195.0	25.805981511691133	22.072179696323253	25.452394696114112	26.668808298824615	6.357970468900322E-4
196.0	27.580602099122704	22.542291701046075	26.6560476226892	23.220924413604717	1.341635373021591E-4
197.0	24.267197739195662	25.061256955146895	24.758544942678114	25.912295874448066	7.044885312621818E-4
198.0	26.98893516412101	23.948944761172534	24.817333431006407	24.244685834335268	1.0080936478675124E-4
199.0	25.21995793873184	23.09978851509513	26.03575999115067	25.64397161950362	5.219355187390846E-4
200.0	27.3388411772907	24.13864868450918	24.45894239427883	24.0635172297204	5.0514200888915235E-5
201.0	24.60629092558721	22.19870533442496	28.633707174950267	24.56095978090171	3.3678413585063756E-4
202.0	24.99250163482044	25.078389703132103	28.615782420935403	21.31332624111206	0.0
203.0	25.059250757764506	24.77996486310881	23.99586200692664	26.164214850179686	7.075220203594515E-4
204.0	25.86298861636085	23.997091416849294	24.611054502912626	25.528747530130385	1.1793374684274512E-4
205.0	27.257906463600545	24.706612004696098	25.425987979398645	22.6085331712255	9.603810792122313E-4
206.0	24.66821393719686	22.19606927228911	26.18105761383653	26.95454121878476	1.1795789273954004E-4
207.0	25.472249853957248	23.431376085123798	27.006634200735725	24.08953760824271	2.0225194052309766E-4
208.0	27.75884696725381	22.302929869087727	23.06259361563496	26.875629548023504	0.0
209.0	26.767208143721376	21.19968577345912	25.296130187853045	26.73630144435285	6.744506136067376E-4
210.0	24.19835747140045	24.92578804979326	25.425801709986345	25.449681751230006	3.7101758994393926E-4
211.0	24.397611091918037	25.90380265800099	25.90120484529182	23.79648735236327	8.940524258847408E-4
212.0	28.008687815794005	23.05659906101385	25.035119162135434	23.899256439075593	3.3752198111902036E-4
213.0	29.18448804132848	23.33724210230527	23.373245106833682	24.104602575464458	4.2217406810984896E-4
214.0	27.22870784868589	25.56280057380274	24.869342925555717	22.339081050313197	6.760164244950495E-5
215.0	25.213267942850337	25.850620221064634	23.2438643072393	25.691739435511696	5.080933340356312E-4
216.0	25.36679184988424	24.77720252320604	26.335286702898685	23.520650436794348	6.848721668978681E-5
217.0	28.162343771834202	23.195014862586923	26.291777221317208	22.350138676598434	7.254676632289287E-4
218.0	24.124479374390145	25.038416110738982	25.69639677835511	25.140341037276897	3.6669923887207507E-4
219.0	25.816120331774794	23.605750396681124	25.416004357151113	25.16152601749061	5.988969023643041E-4
220.0	27.66504556169374	22.508525325868316	25.60251186247815	24.2234567087743	4.605411854896934E-4
221.0	25.254203984809564	23.09262163600833	24.906113685323657	26.746792753462685	2.6794039576582727E-4
222.0	24.58154962775704	25.801660250927487	24.53359870752938	25.082938469971776	2.5294381431322324E-4
223.0	29.86538468922951	23.21097899500863	24.56199601999911	22.36085402341958	7.862723431628956E-4
224.0	28.937469982191498	23.82561714046895	25.377969940654825	21.85877789031495	1.65046369777589E-4
225.0	30.242295013405872	20.22495882817502	24.335810748582496	25.19597567212554	9.597377110661633E-4
226.0	25.071011495338812	22.504253781351625	26.1924264487456	26.232121561896278	1.8671266768898075E-4
227.0	26.421002017611677	23.748194520392964	26.61316538758886	23.216355853902286	0.001282220504214357
228.0	26.70808843089708	27.718244025120025	23.88590603899592	21.687704622586217	5.688240075585334E-5
229.0	27.174849259634943	25.321856477842797	22.37634871573972	25.12692641911512	1.912766742495116E-5
230.0	25.482200461196218	23.57313440379884	28.178093584672993	22.76657155033195	0.0
231.0	24.737807475523415	25.482383001561164	24.931672105907356	24.84672919935394	0.001408217654120621
232.0	25.238761922829088	24.933164785076347	25.141722568702228	24.68621282743641	1.3789595592530058E-4
233.0	22.80477325787011	25.546918324347413	23.130195427035723	28.51763372392913	4.7926681762240126E-4
234.0	27.2135121266548	21.772914153944157	26.475027669091656	24.537167410827877	0.00137863948151802
235.0	25.284987601202108	22.281645673558536	27.865087120030218	24.56807432709835	2.0527811078449083E-4
236.0	28.10098029048451	23.793191485462657	24.276360534655435	23.829155322543766	3.1236685362864077E-4
237.0	27.090496107523578	25.31683742362833	22.83738283087627	24.7550733418307	2.1029614112889916E-4
238.0	26.873324886831462	23.043345070911123	24.690775843573917	25.392511503644556	4.2695038943212394E-5
239.0	27.343203671684286	24.077018060519087	24.328510121627904	24.25000970948989	0.0012584366788293848
240.0	25.22533356110192	22.11854006329569	27.243850248147883	25.411983924332876	2.9220312162842553E-4
241.0	29.622058709348554	21.024077201881887	23.913341427708193	25.43806959286945	0.0024530681919199535
242.0	25.819892142802225	24.426009551983864	22.22485513410678	27.528093307591423	0.0011498635157099538
243.0	27.53528956493047	23.270549905857607	25.56874449932665	23.62295434799645	0.002461681888819154
244.0	25.94282835265016	23.153369642492173	26.254722261642776	24.647948052688797	0.0011316905260980283
245.0	28.803055472642008	20.928100495455077	24.108185396912955	26.158662661413025	0.001995973576938884
246.0	24.37554369075631	26.79962350302581	24.21478502618008	24.60716248461649	0.0028852954213087925
247.0	25.39692981308056	23.147427561575252	25.21044057485029	26.104123044201792	0.14107900629210549
248.0	25.599879306266278	23.699841794580905	23.98958879809005	26.701710997760692	0.008979103302076635
249.0	25.659771607846004	21.478695137177066	28.400248789210597	24.445986673313243	0.015297792453089057
250.0	25.76456739447064	22.8356901078666	25.6922350199973	25.706545793674362	9.616839910984697E-4
