# Position (bp)	A	C	G	T	N
0.0	23.493044741298526	24.374230998291893	25.813419822945622	26.319147297906742	1.571395572121557E-4
1.0	22.597715677004192	30.29913853079278	23.148018923991977	23.878237043332724	0.07688982487832748
2.0	23.67772253839728	27.064150337328712	22.991384533877316	26.2659604091121	7.821812845919672E-4
3.0	25.724095889625854	22.351494563093645	24.68787937205946	27.22960052936242	0.006929645858624805
4.0	25.77811307708969	23.997486296462906	23.48448876226654	26.739859799070327	5.2065110544642705E-5
5.0	28.4888463034979	23.87979267711604	22.37704508710932	25.25374373443362	5.721978431262394E-4
6.0	25.471429142684727	24.21746994803127	24.532959143240404	25.77242920448426	0.005712561559342349
7.0	24.83797723410974	26.45797156156295	23.817541028742806	24.885524998353716	9.851772307912477E-4
8.0	27.114760457748755	24.32844119738799	24.18532359216396	24.371371306652872	1.0344604642141333E-4
9.0	25.953447693707222	25.694118181564736	22.757029466399715	25.595404658328334	0.0
10.0	24.25741884657115	25.47185045656623	23.626290001460063	26.644440695402555	0.0
11.0	27.354471581271845	23.339403522708256	22.91239192939595	26.39368300621757	4.9960406377945484E-5
12.0	28.640435851412327	24.916260848501047	20.302389606075895	26.140864558525028	4.9135485696905786E-5
13.0	24.92150712135021	23.34245352742423	25.02556735819131	26.710423592924098	4.8400110158650726E-5
14.0	27.444391271056663	22.22090352220521	23.403043644716693	26.931565849923427	9.571209800918835E-5
15.0	25.216987573141147	24.363192490566732	24.487805522513625	25.932014413778493	0.0
16.0	25.79622911526391	25.883030647938917	21.706129773157425	26.61461046363975	0.0
17.0	28.652449412001495	26.37665812313743	19.600781157211518	25.368570027171867	0.001541280477688152
18.0	25.681036049082444	25.863404217809205	19.98696663494525	28.468458177199796	1.3492096329969903E-4
19.0	24.948559394664848	24.62099456608284	21.987906537340514	28.441957999416704	5.815024950930136E-4
20.0	22.80893421271407	26.412636479521147	23.679388128360028	27.09890816383085	1.3301557390677825E-4
21.0	23.335021006471955	25.085919571451253	23.97350690413738	27.605332577912655	2.1994002675350486E-4
22.0	21.968451314282337	27.42294462511276	26.06638242548229	24.542134728930897	8.690619171853518E-5
23.0	24.925028590883148	24.792562179500198	23.60014845224707	26.681828727756468	4.3204961312117394E-4
24.0	27.658268089829374	21.73877325382882	24.82857267551565	25.774300406222643	8.557460351146828E-5
25.0	24.834780752884004	26.05088418286395	19.43919249953103	29.67493084017804	2.1172454298198774E-4
26.0	25.70757366233607	26.16811971252368	20.191917326367577	27.93226308719411	1.262115785660766E-4
27.0	25.62943168722416	25.54723526461377	19.908434862690036	28.914814311571412	8.387390062284758E-5
28.0	27.545159951451993	23.845174393367145	23.278132664508515	25.32888461654646	0.0026483741258813602
29.0	27.22959681420904	23.576172453594154	22.678560526627408	26.51526046807592	4.0973749348005215E-4
30.0	23.63751321460519	25.053834268520774	25.796983003984714	25.511466211271046	2.033016182808815E-4
31.0	25.258086661518874	25.19986083988222	22.77009447452711	26.771392332536116	5.656915356787713E-4
32.0	23.887612935235794	23.236009635006123	24.22239738798505	28.653779979353562	2.0006241947487618E-4
33.0	23.41217670027022	25.10505065846512	25.466913788848178	26.015700643593494	1.5820882298964048E-4
34.0	25.499130500144464	27.017956092019002	23.67145824638987	23.8114160124212	3.914902546330914E-5
35.0	25.011097252177173	22.666335909856645	25.821554636987305	26.500625200031113	3.8700094776532106E-4
36.0	23.518429019374345	25.274453779563178	26.322199496599534	24.88476304994181	1.5465452113160713E-4
37.0	25.045276937168833	26.310789554032798	21.811773163124514	26.832160345673863	0.0
38.0	25.79896846472484	26.59601473003627	20.9914994353177	26.613478732747055	3.863717413890296E-5
39.0	22.930316193242724	27.378344500176727	22.16489329854197	27.526214237290752	2.3177074782763208E-4
40.0	25.70067829629521	26.688421688487345	23.523154846369483	24.087667922942575	7.724590538767017E-5
41.0	24.03979683732311	24.385622903996676	21.61596353205234	29.954021159689386	0.004595566938487371
42.0	23.81877647476764	26.383870133179904	21.28441961131083	28.51285655261359	7.722812802879064E-5
43.0	25.743501277408686	26.161762372254305	22.935402927171296	25.15527938319905	0.004054039966656486
44.0	28.882865764845178	24.691522926883124	23.237801919172696	23.187539159206715	2.7022989229022535E-4
45.0	25.103751256362873	24.528487593850887	22.257307747532433	28.106169031176325	0.004284371077484588
46.0	24.54480195440494	24.88223012114686	22.828676955852213	27.744252374501656	3.859409433168536E-5
47.0	24.805755218001032	24.940358535694962	23.489089336005847	26.76275161906026	0.002045291237895156
48.0	22.948251929547872	24.59238952214804	22.594247505264157	29.86511104303993	0.0
49.0	21.88600272735514	26.51108783665187	24.515798021413787	27.085066862635042	0.0020445519441567284
50.0	26.796432882011157	25.25129635708519	20.31736688400232	27.634788156563445	1.1572033788795725E-4
51.0	24.468016176843786	26.98957360301939	22.192829335532206	26.3467268734462	0.002854011158412275
52.0	22.274701317493395	26.69002634217114	21.75228353335296	29.2829888069825	0.0
53.0	22.112607667137123	25.164319393107306	24.16084746166393	28.56045839636565	0.0017670817259932345
54.0	22.249743302332426	29.23049856391436	22.604452806618784	25.915266913716163	3.841341826796202E-5
55.0	23.063059818574626	29.2001981526442	22.837705245259873	24.89723609243905	0.0018006910822498216
56.0	26.428074799220823	25.83124397854014	24.905964668994486	22.83471655324455	0.0
57.0	22.367152478606155	28.55339277376286	22.75153494433062	26.322978563830663	0.004941239469701583
58.0	25.385684849134794	25.753981324733623	22.039648555692587	26.820493768527808	1.9150191118907366E-4
59.0	27.295298188853707	23.235461273209957	24.631620227607304	24.83436505711629	0.0032552532127434358
60.0	24.066355939362687	23.310740428277686	23.82977454622741	28.793090860022485	3.822610973263512E-5
61.0	23.819656203345623	24.978309178485457	23.452765990626506	27.74372647931403	0.005542148228385431
62.0	24.811872885731766	22.25929112319789	25.45897130041518	27.469788251175544	7.643947961531067E-5
63.0	25.767565650481693	24.402618069972146	22.902188502260966	26.924837880228576	0.0027898970566203876
64.0	24.347546503294733	22.401713864429418	23.841770372831114	29.408931119324798	3.814011993542114E-5
65.0	23.717509177401283	26.50993325457001	23.898578370392517	25.868945260510063	0.005033937126125295
66.0	24.229549969092385	24.37602270651569	23.48616555270864	27.907804163547624	4.576081356625079E-4
67.0	27.281657132354454	25.77494091421102	20.628318928272634	26.314091588883404	9.914362784837736E-4
68.0	23.208476911291605	23.075362651517086	26.749140820092133	26.966828963619122	1.906534800551675E-4
69.0	22.80032684486041	25.245600729948436	25.020408739096432	26.93042269062868	0.00324099546603799
70.0	24.58371678006029	23.626435759711878	25.06605056280524	26.723568447572855	2.2844984973711133E-4
71.0	24.432104173515228	23.467586606913066	26.2669992947091	25.83205725534795	0.0012526695146550945
72.0	26.567267507421157	26.591710545842652	21.85909802910923	24.98059549162579	0.0013284260011682558
73.0	25.459525371857573	23.568064177381938	22.802128467859127	28.165651908748067	0.004630074153294165
74.0	24.58652902199499	26.41880607515736	22.932607162061498	26.061298782517095	7.58958269059055E-4
75.0	24.72520362840875	25.267795310996977	22.558631510844055	27.445675374670582	0.002694175079639436
76.0	26.916340212522787	24.777148564082406	25.421380077620448	22.884106628701353	0.0010245170730078456
77.0	24.325666687788296	25.248821014680544	24.497586632512867	25.92709091799028	8.347470280160074E-4
78.0	26.969194876524917	26.51962545619971	20.80968784348959	25.700998583641955	4.93240143828826E-4
79.0	27.15959121047895	21.615186038994054	22.926420617949645	28.295539222456107	0.0032629101212436696
80.0	24.28677065078538	23.251646701872694	28.290985054195755	24.16813147663848	0.002466116507690679
81.0	25.179405483519357	25.748760617788452	22.161940883735383	26.909323925397672	5.690895591414942E-4
82.0	22.44116041372565	22.60145008086566	24.426438044913734	30.529889185777808	0.0010622747171409026
83.0	25.044595063169066	22.709225013296955	24.644206890743423	27.60091079394008	0.0010622388504754657
84.0	22.937478210827763	26.749611256509247	24.90412764215645	25.40764482710351	0.0011380634030296005
85.0	25.16885259893596	27.528104166073952	20.89466746327539	26.407541229243126	8.34542471573397E-4
86.0	25.199951294766425	25.717349570434255	22.410666294423137	26.67009828670616	0.001934553670019008
87.0	21.54053954614643	22.13343114344138	26.683383901007474	29.64162128598798	0.0010241234167336455
88.0	24.69900561765151	27.04415039421417	26.049768045724065	22.20620357737935	8.723650309063759E-4
89.0	26.504610270828522	26.48113318109256	22.613140419166562	24.400167942735624	9.481861767350764E-4
90.0	23.265953500861304	26.13856594659828	24.892611732722873	25.702603335844053	2.6548397349104597E-4
91.0	26.414419566703053	25.398721028395716	24.099232177111247	24.086982508383247	6.447194067367868E-4
92.0	25.426324956947504	24.644648615399085	22.880377959396974	27.048648468256438	0.0
93.0	26.087510518729314	26.150803026056867	21.129496318302532	26.631848835194123	3.4130171716478385E-4
94.0	27.449473929704343	23.945840072354812	23.111749882916417	25.488840559650054	0.004095555374373579
95.0	23.81633502786767	26.640794871347605	24.231487092289804	25.308804424243846	0.0025785842510691647
96.0	25.87704513042156	24.5508173696211	24.38207645366507	25.18930266015314	7.583861391282123E-4
97.0	25.02062731298914	25.486903172966084	23.405630043074684	26.086611963841534	2.2750712855669478E-4
98.0	27.888166445990443	23.309741452398395	24.44952277818475	24.352569323426412	0.0
99.0	21.76739971870818	22.69687584112699	26.684774985499445	28.850911544716677	3.79099487078394E-5
100.0	22.456329092570837	25.585971631963833	24.914129013646484	27.043570261818843	0.0
101.0	23.082369860578375	22.683903229315803	28.59240676953565	25.641168517042296	1.5162352787769138E-4
102.0	25.118269607317227	24.640679892441852	24.458636249734155	25.782300520617525	1.1372988923846088E-4
103.0	25.442323649564813	26.475887367103894	25.166514597675487	22.915122758909305	1.5162674650320292E-4
104.0	25.036749738639042	27.785607445318888	22.787567178673857	24.389582861089398	4.927762788113023E-4
105.0	27.076360512691622	23.52360059304278	21.656865387553303	27.73972382038734	0.003449686324950595
106.0	26.134211075978996	23.401096066344728	24.922071024826202	25.5424322938128	1.895390372705772E-4
107.0	25.30774085818314	24.662558779991777	23.106654056174815	26.92228815984746	7.581458028100674E-4
108.0	23.326865777431426	25.35302128607962	24.412300813744626	26.907736316267655	7.580647667794793E-5
109.0	25.772121750546912	24.645359158655634	25.878851322976725	23.702833943036122	8.338247846078978E-4
110.0	24.08654941238314	25.155246899894223	22.918478749034975	27.83961123940181	1.1369928585478554E-4
111.0	24.27841512274381	24.21697783899187	24.64173270574573	26.862154216299416	7.201162191776045E-4
112.0	25.256362687494295	24.87338675414916	23.7617522068017	26.10838465261373	1.1369894112176133E-4
113.0	28.45213465670136	21.521241587935517	23.338895582199946	26.686818607143653	9.095660195230766E-4
114.0	26.408361160790594	22.304716057608236	27.272613575251242	24.013816517287133	4.92689062795495E-4
115.0	26.90756476424711	24.424636812707206	25.600890244267593	23.06618803908615	7.201396919394006E-4
116.0	26.5878117670603	24.786381478106755	25.041465341190776	23.584303511136515	3.79025056588441E-5
117.0	25.192008329615657	27.095016216900525	24.245337048861444	23.46672872690224	9.096777201353753E-4
118.0	26.19818127513899	25.085167446704965	25.310347598406874	23.405962555129527	3.411246196460491E-4
119.0	26.732907068991068	21.802174077017924	24.569784203202932	26.894528192538363	6.064582497084263E-4
120.0	24.798211564111963	24.2797304155771	24.9004750438069	26.021507169625092	7.580687894361598E-5
121.0	27.07897749240018	23.807453510321352	25.07273843727968	24.040110377451462	7.201825473235743E-4
122.0	26.78761626148401	24.03744322906914	24.252587147311424	24.921822704127077	5.306580083495248E-4
123.0	23.851387462238513	28.137188384812774	23.733393473753633	24.277120992165322	9.096870297581369E-4
124.0	25.304573665095187	24.605178074486464	23.084375490376676	27.005721155996447	1.5161404522192126E-4
125.0	26.41605336161416	24.021254587706256	24.538064458907456	25.02364210906943	9.854827026938926E-4
126.0	24.102377500450103	24.298907430044252	25.15522453118041	26.443376827662014	1.1371066321744322E-4
127.0	25.86596519689039	23.508662873777133	27.90988033825196	22.71439238591956	0.0010992051609577489
128.0	25.752766467465342	23.3946073879104	24.898245092680547	25.94532185177632	0.009059200167386728
129.0	24.114810445941767	27.474725114775573	22.330634009958334	26.076760144826455	0.0030702844978682375
130.0	25.927606406649552	24.567288848860596	24.266583880879438	25.238520863610415	0.0
131.0	25.531426959899296	25.188419234360055	24.787719193838974	24.491600688820466	8.339230812093249E-4
132.0	26.145996286052075	26.289808476580106	22.029078567169655	25.529165559520013	0.005951110678149909
133.0	26.819864263770256	25.43452840093928	25.178786333889896	22.564849964274952	0.001971037125621398
134.0	25.9227419658073	23.75912735234006	21.153510846690804	29.164544026587585	7.580857425298231E-5
135.0	26.202916678511528	24.508703603680434	26.122333721844765	23.16551534620159	5.306497616814017E-4
136.0	27.302447792332234	26.926284221067736	24.375088601606993	21.389963058341742	0.006216326651287575
137.0	28.304031633857505	21.750285991965693	24.394792482410264	25.550738272434163	1.5161933237459375E-4
138.0	24.94231107445434	24.3524209638978	27.319951423044035	23.3839141140012	0.0014024246026210936
139.0	25.69105419878345	23.616185950889363	25.717245425821595	24.97449103357935	0.0010233909262370143
140.0	26.336831811514276	21.38745172062207	26.1010351401855	26.17434019762801	3.411300501461174E-4
141.0	24.99618121110379	25.189375920820872	25.639329697366193	24.174658327366675	4.54843342476948E-4
142.0	28.645860774093823	22.902035016273988	24.121020718587523	24.33093187590756	1.516151371036733E-4
143.0	26.610367360553088	25.54395287839047	24.025804690935004	23.81964764922601	2.2742089543187227E-4
144.0	27.5523547806311	25.568577655642944	23.182450488012886	23.69612432483654	4.927508765280015E-4
145.0	27.791876008012935	22.588131838141788	23.473269060565112	26.14577549005301	9.476032271575504E-4
146.0	27.124948402652244	21.961347379688632	25.19982245584802	25.70910580896113	0.004775952849974055
147.0	26.070700538922747	24.409849648968663	27.358080770942294	22.15761651958551	0.003752521580789515
148.0	24.678111425300774	24.657604863959246	23.585994890416877	27.077758151452898	5.306688702059753E-4
149.0	27.70851472478471	25.513395454654002	24.089264873277735	22.68677807465854	0.0020468726250117983
150.0	25.321118583598484	24.341823463812513	25.303909371894097	25.03311067494225	3.7905752652834104E-5
151.0	26.617938718325064	24.756107546185664	25.556472058127827	23.068875168306263	6.065090551801938E-4
152.0	27.017550111088408	24.563445867287545	22.994333941498617	25.424594264797918	7.581532750894716E-5
153.0	24.144669456168455	24.243191586308647	25.807111940700217	25.804155139564806	8.718772578777902E-4
154.0	22.854703751257123	25.110681740384365	24.555368163917013	27.476251616300267	0.0029947281412328955
155.0	26.410183401471137	24.353651328298604	24.149787662551606	25.086188037597058	1.8957008159475452E-4
156.0	25.871397329580265	23.92947380234526	26.37892570506482	23.819899844094078	3.0331891557421303E-4
157.0	24.76471591878519	23.473923676278226	26.28413808792584	25.476994824546438	2.2749246431211966E-4
158.0	24.49466617881524	21.83342401556069	26.294686274249596	27.37714769954672	7.583182775558643E-5
159.0	26.2621716484434	21.824356681387087	24.611024809100247	27.30191603102929	5.308300399752937E-4
160.0	25.77465274710191	22.09185532560611	25.83031482821916	26.303139182123825	3.7916948989949355E-5
161.0	24.325048846583623	21.021870908518018	29.115369696500903	25.53391884774767	0.00379170064978374
162.0	24.603564910854477	23.9127492068644	25.50535259887226	25.978295366086062	3.791732279433985E-5
163.0	24.78803694148303	24.222296542006603	27.3687535358775	23.620837144118195	7.583651467512395E-5
164.0	25.415146903968942	23.97600636129469	24.993070299207606	25.61384256554018	0.0019338699885749996
165.0	26.31386750597247	22.674642599825564	27.27898069849456	23.73186454817792	6.446475294831443E-4
166.0	24.461095419974697	23.394283538666432	26.07322064029949	26.0712107928052	1.896082541782075E-4
167.0	26.415832047115394	23.613178961898875	27.215094826180447	22.75540116726648	4.929975388045948E-4
168.0	25.905356918697542	25.18206499994501	24.039444287901432	24.8729820963254	1.5169713061085021E-4
169.0	25.802431538319464	22.866791036143884	25.745354064276444	25.585195809868676	2.275513915336471E-4
170.0	31.127453862027348	23.142543873788217	23.332515395126734	22.397183460758498	3.034082992030602E-4
171.0	25.14015806325109	23.787047733766812	27.11909661671217	23.952825272522194	8.723137477405178E-4
172.0	26.968350535050057	25.0414953415625	24.541427652108823	23.448650628753494	7.584252513136874E-5
173.0	28.953618699940392	19.767941832653612	23.453906108997042	27.822789187352786	0.0017441710561638248
174.0	23.786536613776434	26.149951123996413	24.703729515873516	25.35928981536322	4.929309904196966E-4
175.0	25.735725453034874	23.852107514184773	23.495397888409457	26.915290280184088	0.0014788641868010233
176.0	24.310570132959985	23.94379442965089	28.93015410495276	22.813736948404912	0.0017443840314535196
177.0	21.93105875410622	26.295198748205244	25.224301383390962	26.524980146796146	0.02446096750142404
178.0	24.828812704527962	23.299445997034702	24.742925181160107	27.128285245168115	5.308721091169701E-4
179.0	27.546378287854463	24.380049012060365	23.667015308115356	24.405381769970973	0.0011756219988456151
180.0	26.742612024854985	22.857242834338276	25.66211935244988	24.73787364914644	1.521392104203188E-4
181.0	27.836567979365707	22.791876084542103	26.219105308943103	23.151612701730546	8.379254185437466E-4
182.0	25.151409909580565	23.11468767517243	25.856821671419173	25.87700458190149	7.616192634837074E-5
183.0	23.25164266113007	25.165065832115346	26.612443172340996	24.970467515790645	3.808186229446267E-4
184.0	25.888470439666193	22.508781023012506	26.700174763589306	24.898955874193067	0.003617899538927266
185.0	24.827633477908222	25.253323381909986	24.689824034972144	25.22857175496651	6.473502431371354E-4
186.0	26.68341779348968	23.49010412838604	25.175321309741104	24.651080603817444	7.616456573059145E-5
187.0	23.76533093606709	23.787919777560962	28.083996912349573	24.362065551139114	6.868228832595698E-4
188.0	26.52966839488563	27.982913947364302	22.61803231834335	22.869003749880275	3.8158952643595E-4
189.0	24.53331389682419	24.08496400302538	25.29152855678577	26.089277686912943	9.158564517126134E-4
190.0	28.439116283898073	22.287390924689948	25.105564138419545	24.16773782844721	1.908245452269438E-4
191.0	25.994574474796543	24.589558444835717	25.26811232634209	24.14729593582663	4.588181990238643E-4
192.0	26.707868859103566	23.97059841321978	24.312021146872954	25.00947334329293	3.823751076863897E-5
193.0	27.174883639466096	25.131236632066674	22.233992228481572	25.459619806702506	2.676932831548648E-4
194.0	27.237323579534156	23.968324628954832	24.507529516868747	24.286822274642265	0.0
195.0	26.31133027763317	22.2280957898123	24.522012937063874	26.93787248756765	6.88507923004924E-4
196.0	27.939020297803392	22.49222892317133	26.920582567092055	22.648053155891347	1.1505604188039925E-4
197.0	24.626942961456464	24.990391158484897	24.249877444117203	26.13202126296618	7.671729752579044E-4
198.0	27.341232999680283	23.911234044907896	24.04907343646246	24.698305809006175	1.53709943188805E-4
199.0	25.082758121386796	23.305865390391894	25.304845643972946	26.305953193331288	5.77650917078596E-4
200.0	27.07848304850728	23.978845344323524	25.069237515005792	23.873318551879706	1.155402836976126E-4
201.0	24.558416168015235	21.985174492053417	28.49966260145066	24.95632306450321	4.2367397748211327E-4
202.0	25.068379864253306	25.947640340980655	27.815553669863824	21.168349088018108	7.7036884104556E-5
203.0	25.746352041130855	25.480692172069	22.673790486641103	26.098279125106338	8.86175052708151E-4
204.0	26.051220634373824	23.9601853628687	23.808169622592505	26.180308778841564	1.1560132340395033E-4
205.0	26.713700742736602	25.256320043406582	25.679518828145532	22.349535529507154	9.248562041280957E-4
206.0	24.595759112666393	21.9023100580405	25.872727132583613	27.629049538682104	1.5415802739388146E-4
207.0	25.054830605229668	24.069999699347118	27.028000033919813	23.84682275433499	3.469071684126376E-4
208.0	27.71109141469888	22.711625376809543	22.318343969524452	27.25890068574614	3.855322098667716E-5
209.0	27.187812091509567	20.94902810606966	25.513478497256486	26.34879443508304	8.868700812450114E-4
210.0	24.57726182519533	25.102423255352946	24.786369945509247	25.53352074131181	4.2423263066268606E-4
211.0	24.82772269130275	25.709410625082217	25.388368971837295	24.073610430111717	8.872816660217801E-4
212.0	28.12921662287297	22.778987979633612	25.07842725563271	24.01309796922811	2.701726325930089E-4
213.0	29.447218248610437	23.468661848898392	22.62835881765911	24.455413501079825	3.4758375223612213E-4
214.0	27.246735878665127	25.87306065970424	24.578195901392228	22.3020075602384	0.0
215.0	25.652925021981726	25.247725327208148	22.78716654594471	26.311757027373545	4.260774918754769E-4
216.0	25.235620682344802	25.070918386740427	26.337045241600592	23.356337315630807	7.837368337110293E-5
217.0	27.937060321940205	23.24958814653475	26.10622673369236	22.706333342698887	7.914551337935117E-4
218.0	24.26460937625046	23.972541895417514	26.139859468284328	25.62282920114602	1.600589016758167E-4
219.0	26.321105814122152	23.384771904221065	25.13932373895501	25.154071267329858	7.272753719104433E-4
220.0	28.023875185699275	21.931150532761315	25.046630586982456	24.998018530298197	3.25164258757588E-4
221.0	24.70740321893336	23.55738027337988	24.617669715147343	27.11717802471564	3.687678237781493E-4
222.0	25.37858206104738	25.572709730095916	24.560191785391055	24.488185359438283	3.310640273690631E-4
223.0	29.80766731099026	23.070656161816068	24.71787431916241	22.402963608994813	8.385990364497072E-4
224.0	29.277905233341816	23.8911821544453	24.80280603179076	22.02793835309654	1.682273255850631E-4
225.0	30.558810282529116	20.17540814840652	23.968284472920484	25.29648116980531	0.0010159263385676116
226.0	25.04505715803983	22.486744053504225	25.897128802453746	26.57094152653523	1.2845946697028775E-4
227.0	26.857155954653457	23.799196134109117	26.10384521905648	23.238332311274448	0.0014703809064984781
228.0	26.941870906218025	28.223255117880036	23.115033098292532	21.71966685924699	1.740183624176023E-4
229.0	27.701381724926723	24.935513347176087	22.029986183630196	25.333118744266997	0.0
230.0	25.403742959776487	23.52011175661892	27.93081733114551	23.145239256729788	8.869572930063417E-5
231.0	25.635930083499463	24.557166369237173	24.58360621476001	25.221765893410037	0.001531439093315989
232.0	24.41036121974541	25.877536038138572	25.08947790582275	24.622443569327817	1.8126696545504807E-4
233.0	22.754911850692768	25.653005829217285	22.509302113280498	29.08209209585294	6.881109565155162E-4
234.0	26.678147391256946	21.727597444047774	27.014089048301983	24.579001270148346	0.0011648462449550508
235.0	25.13596295764754	22.3478725573877	27.510027268126507	25.005712332595607	4.248842426485584E-4
236.0	28.452021149238956	23.838930829993135	24.03754627054719	23.67131012895632	1.916212644033321E-4
237.0	27.70647314679584	24.79487051722962	22.43587541827741	25.06263578746936	1.4513022777221714E-4
238.0	26.806955362776957	23.095443099187932	25.01125415519136	25.086347382843755	0.0
239.0	27.194181853060616	22.788907833546563	24.694902477198553	25.320958747327943	0.0010490888663196014
240.0	25.495957869284087	21.841420257395626	26.659561737897185	26.002957065856812	1.0306956628841854E-4
241.0	28.582521486718942	20.980056486156556	24.14999891650595	26.284894957831444	0.0025281527871078655
242.0	26.19811675771348	24.849938176389582	21.451914050707764	27.49904886753206	9.8214765711261E-4
243.0	27.742720886916306	23.10659102946679	25.550409885766822	23.597583285740495	0.0026949121095875645
244.0	26.97028076672891	23.042412217243665	25.815400924381482	24.17081589670351	0.0010901949424299198
245.0	28.455563634547993	21.63763950564888	23.508099623338648	26.397344958760733	0.001352277703749242
246.0	24.54652187591805	26.842925512077127	24.05554039216013	24.552928699862697	0.0020835199819983874
247.0	25.238077589046476	23.189119972938787	24.96537741359753	26.462461703739237	0.14496332067797107
248.0	25.908658863045776	23.530994755260284	23.56391481125573	26.986085267125354	0.010346303312854969
249.0	25.01380889743684	21.874813304754767	28.74048181784833	24.353811727343714	0.01708425261635372
250.0	26.543050459558344	22.15433391598297	25.297597488832547	26.00407329837435	9.448372517833803E-4
