# Position (bp)	A	C	G	T	N
0.0	24.802756578771163	23.028073048850466	25.395156427160952	26.773892202544097	1.2174267332301498E-4
1.0	23.425619261612834	30.564014189209132	23.463546647247412	22.468781677757125	0.07803822417349231
2.0	24.192147349063596	26.633185089670402	21.494631798810364	27.679067464920397	9.682975352389698E-4
3.0	26.68874305661929	21.349293367408638	24.722990349809333	27.231072485266733	0.007900740896008514
4.0	25.712757305417465	22.42752991230236	24.363355269491688	27.496156103487323	2.0140930116209138E-4
5.0	29.337604301014693	23.124875502767612	22.11871653665299	25.41803907050115	7.645890635594839E-4
6.0	26.06958776342602	23.68173534063353	23.970814199964817	26.2720393513517	0.005823344623928404
7.0	26.018435622263393	25.079254091403513	23.347671972457626	25.553515706282553	0.0011226075929168273
8.0	27.841167941186594	24.405688861274957	23.492854494954628	24.260208636417136	8.006616668014447E-5
9.0	27.218779827411034	24.891837242667727	22.650513935406387	25.23854937052052	3.1962399433306657E-4
10.0	24.694946214411058	22.775326809126227	23.856427525575498	28.673259532831004	3.991805621420348E-5
11.0	27.382750362109537	22.851721847288374	23.040297204351965	26.725075921204343	1.5466504577698692E-4
12.0	29.335015503536177	24.955033074845776	19.54104959035217	26.168901831265877	0.0
13.0	25.947097000129915	22.57571221732066	24.375408332909704	27.10159416933554	1.8828030418565944E-4
14.0	27.229120720263477	21.760799505555614	23.39646975342154	27.61357281091707	3.7209842300967346E-5
15.0	25.1806978640694	23.593044994814136	23.7750457479207	27.451174692096124	3.6701099638347364E-5
16.0	26.62355796030478	25.015706053486923	21.234295301261792	27.12636843168147	7.225326503473033E-5
17.0	28.871971620899245	26.163243257338358	19.307873565425815	25.655396331676332	0.0015152246602461077
18.0	26.570255155540025	25.648864033554702	19.250436910171267	28.530304089479202	1.3981125480601187E-4
19.0	24.562389375914986	24.339385130036547	22.51946462289575	28.57820449068584	5.563804668727592E-4
20.0	22.756282560475118	26.127028416790626	24.081861807794798	27.03475828564575	6.892929370909908E-5
21.0	23.67942529333929	24.001940984217345	23.420810035586996	28.89751548541043	3.0820144594420596E-4
22.0	23.143662904186296	25.933713243921858	26.397873821031453	24.52475003086039	0.0
23.0	24.886373384252828	24.257467205491093	22.92772003104342	27.927932795994888	5.065832177760726E-4
24.0	28.01952551803127	21.641694663320973	24.127503888717765	26.211242557539844	3.337239015394349E-5
25.0	25.1178280497589	25.091986900550516	19.313503304069798	30.47638472091724	2.970247035445938E-4
26.0	26.54467195159359	26.083997890233	19.261837717405513	28.109492440767898	0.0
27.0	26.04449887598505	23.699769302685027	20.534942702253105	29.72059264159068	1.9647748613605738E-4
28.0	27.574999132639377	23.42694018843288	22.758959024587323	26.2365076786544	0.002593975686017401
29.0	27.897027434688383	23.44218094186034	21.96144249784579	26.698802739515575	5.463860899100808E-4
30.0	24.104285265141904	23.564314087863018	25.673352069698	26.65782514535046	2.2343194661891608E-4
31.0	26.41838909023576	24.365296826857325	22.303247971506604	26.91252617500482	5.39936395492611E-4
32.0	24.235128546656277	22.56568696438893	24.06916765097635	29.129828353145182	1.8848483325375085E-4
33.0	23.735024235967195	25.229212949552636	25.564096953814293	25.471510462056013	1.5539860986619558E-4
34.0	26.779498630009297	26.002167415734846	22.82021468589294	24.39805753621439	6.1732148528784E-5
35.0	25.46414127340545	21.98703038401283	26.326818818182122	26.221734834928412	2.7468947118309064E-4
36.0	24.5554817389194	24.58984255307862	25.794849170660438	25.059704582366717	1.2195497483306652E-4
37.0	25.514778313112004	26.005874995123474	20.438101031872975	28.041215181601842	3.0478289704677564E-5
38.0	27.07663674537979	25.263473187087826	20.581546958666085	27.078160284207026	1.8282465926815897E-4
39.0	23.34106720056347	26.56939825719902	22.3263931623515	27.762775808430806	3.6557145520592035E-4
40.0	26.043986403770493	25.957174740303667	23.030464192625637	24.968283282601817	9.138069838612548E-5
41.0	24.612183885781324	23.87425663628949	21.401534878932907	30.10635971524518	0.005664883751103282
42.0	25.238137147628738	25.60354622520759	20.491321267941178	28.66690399933977	9.135988271827322E-5
43.0	26.589649234723005	24.98912184598239	22.87320289698411	25.54367171573381	0.0043543065766776645
44.0	29.87292102616751	24.24313280618957	22.775813496938493	23.107889101910096	2.4356879433142347E-4
45.0	25.959152585558957	24.47529754575174	22.08010637582166	27.4810598738431	0.004383619024541265
46.0	25.685002392516353	24.60651324528711	21.76654154151107	27.941942820685465	0.0
47.0	25.91148211185538	23.44067681054613	22.90566386894283	27.739955343555128	0.0022218651005256997
48.0	22.296985198938895	23.76902774050279	22.6801416510416	31.253845409516718	0.0
49.0	21.303960618663538	26.33211557238061	24.250258547273152	28.1114441435962	0.002221118086503726
50.0	26.800945207017314	24.363267627024744	20.292013840400937	28.543742901744167	3.0423812840005123E-5
51.0	25.336935095276335	26.266639896814386	21.770886568835024	26.622618091552898	0.0029203475213550414
52.0	22.627366759503083	26.27187663633673	21.18157740963627	29.919179194523913	0.0
53.0	22.54309192084976	24.501615975426148	24.251443413904443	28.701849732306272	0.0019989575133695426
54.0	23.052564377461437	28.932970152020086	22.366360058293143	25.647953985727145	1.5142649818348773E-4
55.0	23.89788239345882	27.877212354290876	22.66157720072324	25.561515420205705	0.0018126313213629175
56.0	27.589198463655297	24.593718990289855	24.46032342986085	23.356759116194	0.0
57.0	23.21558128057094	27.608675034176628	22.928998997807742	26.241398453881338	0.005346233563352263
58.0	25.26147236325232	25.382699017532563	22.130478416430773	27.22510859510267	2.4160768167463115E-4
59.0	28.098989617136827	22.01090288208858	24.517200788302777	25.36991705668085	0.002989655790963267
60.0	23.07799528197287	23.51875278509323	23.551034976094584	29.85215661629539	6.034054392776513E-5
61.0	24.894230270295058	24.296055084730423	23.41134228001646	27.391644855053837	0.00672750990422198
62.0	25.211446099156205	21.15709893870454	25.00854472412683	28.622608570788177	3.016672242482528E-4
63.0	26.29305741994842	24.00349919307401	22.564154386811662	27.13654394353026	0.002745056635646521
64.0	24.403978652425316	21.80364252323228	23.90165090960749	29.890697817206878	3.0097528029827853E-5
65.0	23.024300398611405	26.31951811507516	23.261210099359424	27.3895843396428	0.005387047311216344
66.0	23.77988721470765	23.801735264829365	23.233896617795445	29.183909121741486	5.71780926050369E-4
67.0	27.597103337661576	24.89703247084455	21.23305252419778	26.27205936562914	7.523016669500336E-4
68.0	23.495901517255575	22.053872307159473	26.804266718984092	27.645778913328094	1.8054327276206835E-4
69.0	23.30175669913996	24.29563384303475	25.430719713165452	26.968730376184503	0.0031593684753399255
70.0	26.090042666903773	23.455322308746894	24.623855977872324	25.83053873724709	2.4030922991705725E-4
71.0	24.43258984655588	22.70347536285194	26.24377923169505	26.619316837276624	8.387216205060248E-4
72.0	26.959588471819757	26.360356717658423	21.975544922913343	24.703192038996338	0.0013178486121406803
73.0	25.09756204934359	22.591989535083258	22.928092329890447	29.377983724634692	0.004372361048013017
74.0	24.72971714511835	25.934996767535335	22.907289799215885	26.42688835674911	0.0011079313813179413
75.0	26.819394498324705	24.90473723766435	21.133152279688954	27.140140910438333	0.0025750738836605573
76.0	26.981139024132457	23.588600596612014	25.39325761955819	24.036254225103516	7.485345938256675E-4
77.0	24.277734065778773	24.62117265521053	24.374020222488088	26.72635450311433	7.185534082784538E-4
78.0	27.421510855959706	26.281502611040708	20.76875337363584	25.52772421374638	5.08945617364506E-4
79.0	27.828004245108616	20.050294657839157	23.123807185849238	28.9948103696807	0.0030835415222815812
80.0	23.622254200031072	23.479461675174846	28.442474818972308	24.45323484939879	0.0025744564229843877
81.0	24.511678963437177	25.295255702679086	21.556682239815313	28.635904135181356	4.78958887067182E-4
82.0	22.752705733316887	22.28759140343714	24.162985783749676	30.79548978592408	0.0012272935722145524
83.0	24.382140118282834	22.801952582700103	24.157194401590516	28.6577550447407	9.578526858488641E-4
84.0	23.184567227597537	26.229200052439484	24.2272210006962	26.358143714116217	8.680051505629761E-4
85.0	25.450239392403912	27.303394293071854	20.815780833463275	26.429927028490347	6.584525706138006E-4
86.0	25.662837778588493	25.664453890385126	22.324758862652345	26.346453068562347	0.0014963998116930477
87.0	22.020869824402954	22.5725564412667	25.975865842742827	29.429959740493317	7.481510942009013E-4
88.0	25.681710384369655	27.01908157662032	24.471310304171073	22.827389012495118	5.087223438334623E-4
89.0	25.743471675032364	26.484714027258182	22.13912051569473	25.631616525356527	0.0010772566581942426
90.0	23.585830159281592	26.001490749543006	24.66110283748107	25.751456562843835	1.1969085050223777E-4
91.0	27.634555731726035	24.64038232352141	24.041924651363473	23.682239651762924	8.976416261556013E-4
92.0	26.13398877118866	24.10900294558081	22.40918291174178	27.347825371488753	0.0
93.0	26.37926587948638	25.9389228199907	21.280016658718274	26.40155529240419	2.3934940045967053E-4
94.0	27.84906091649237	23.23695025910549	23.69008942811898	25.21962111151035	0.004278284772806624
95.0	24.142895180084903	26.365363385877416	23.363050807906443	26.125698934060114	0.002991692071118504
96.0	25.896569642682454	24.076880067178966	23.94812237843931	26.07744068964341	9.87222055857024E-4
97.0	25.41222897857316	25.270224953879357	23.651672234249503	25.66560460300048	2.692302975024702E-4
98.0	28.05256706090267	22.66328567762068	24.052364847684988	25.23178241379166	0.0
99.0	21.344336060688256	22.29137888082848	26.62680555551402	29.737389784067535	8.971890170905536E-5
100.0	22.451300546055897	24.476970556043995	24.916805722522266	28.154923175377846	0.0
101.0	23.420705526196258	22.37510387390224	28.609690990278985	25.594350096988844	1.4951263366803233E-4
102.0	25.36125890567987	25.238912815476315	23.985067257452837	25.414761021390973	0.0
103.0	27.071880035775404	25.813042712495704	24.38340205436462	22.731376171918104	2.990254461683926E-4
104.0	25.892077818507808	27.105027954009326	22.3007419018295	24.70197291285352	1.7941279984737951E-4
105.0	27.904269367776628	23.124107358594838	20.203480374448866	28.76482352913031	0.0033193700493539488
106.0	26.836930960486306	23.16244105959948	24.43936345563591	25.56108510144567	1.7942283263198942E-4
107.0	25.91795278788098	24.368656549940656	22.08343712312345	27.629265760373723	6.877786811933498E-4
108.0	23.318865239829805	25.48342836709072	24.46752243391663	26.73000456556701	1.7939359582802252E-4
109.0	26.42008830444464	25.04595203528351	25.028641541835782	23.504600585028903	7.175334071595483E-4
110.0	24.55400985299433	24.360615167895226	22.971904407001194	28.113321094071615	1.4947803764036363E-4
111.0	24.829366994150494	23.969370665413415	24.40950366797433	26.79092157668186	8.370957799012107E-4
112.0	25.0619204255641	23.616966002285785	23.722197093648795	27.598796897715676	1.1958078563978262E-4
113.0	28.767796937488825	21.59395629066772	22.625704837347065	27.011824466727134	7.174677692551907E-4
114.0	26.979276284320292	21.375890892566726	27.622393092891993	24.0220809815364	3.587486845881565E-4
115.0	26.714964102812488	23.82587808559894	26.023629686568956	23.434960060585567	5.680644340538483E-4
116.0	26.659060521475404	25.116783031120615	24.515736109815514	23.708240947371696	1.7939021677513794E-4
117.0	26.104736946749522	26.58938937083385	23.51006752544724	23.795058697956296	7.474590130850175E-4
118.0	27.19382878348331	23.66001741865985	24.969855194309545	24.175880029503492	4.1857404380496964E-4
119.0	27.339822974981853	21.554817120790094	24.267089874699966	26.837761749344917	5.082801831722184E-4
120.0	24.690812839702247	25.03048892606925	24.699064806944328	25.579483935123992	1.4949216018264356E-4
121.0	27.58763070306679	24.027777279462683	22.967681674721433	25.416222667915246	6.876748338517804E-4
122.0	27.65985119274531	22.763174614564694	24.305842710402903	25.270563401547868	5.680807392225366E-4
123.0	24.63587425309935	27.090178209710718	22.636804094891698	25.636515574850023	6.278674482121475E-4
124.0	25.311923239869728	25.24593732145009	21.671007425882447	27.771012418926567	1.1959387117288401E-4
125.0	26.78319589629271	23.403174531039266	24.567769202641927	25.244993322237114	8.670477889832908E-4
126.0	24.30702349736742	23.89741167184412	25.677997267261247	26.117358272813433	2.0929071377102996E-4
127.0	25.812761105026823	22.539741481917996	28.435015736936194	23.211524932586954	9.567435320399955E-4
128.0	26.492885837332818	22.844223936164486	24.62988055956534	26.023980175782068	0.009029491155284525
129.0	24.185506670940153	27.124373926645966	22.040951296635587	26.645699886625113	0.0034682191531804764
130.0	27.19712847989428	23.68480851051107	23.210666842075366	25.907366268309527	2.989920976388594E-5
131.0	26.455570814223872	23.689575897722474	24.14781433778625	25.70635126371374	6.876865536648162E-4
132.0	26.233642132556433	26.805674155825205	21.697241616854555	25.257372551552248	0.0060695432115597595
133.0	27.4403069573389	25.247857048247475	23.653451311663776	23.65614224134709	0.0022424414027637047
134.0	26.65150393036184	22.73414811862574	20.983327468162887	29.63084108936098	1.7939348855454593E-4
135.0	26.743244936150063	24.170919492357772	25.88946071608924	23.19586657932291	5.082760800193982E-4
136.0	27.990531478617793	26.907996158533447	22.941879280837277	22.153314221678453	0.006278860333030751
137.0	29.99869938631964	20.0550144637211	24.116875836242276	25.8291412212314	2.6909248559233985E-4
138.0	25.156144939815693	23.83296026768644	26.788106585458245	24.221502632885763	0.0012855741538605045
139.0	27.168168897190988	24.050288148423647	24.41530206254238	24.36501511000346	0.0012257818395337962
140.0	26.947393723554026	21.469443083289807	24.841462441151034	26.741461574131236	2.3917787389406391E-4
141.0	26.11619121936052	25.033029423767733	24.744846019651725	24.10542507724804	5.082599719859062E-4
142.0	29.07774849425732	23.167134820962747	23.22821662363833	24.526690774495133	2.0928664646552227E-4
143.0	26.77841168320727	25.720229449714143	23.71876324858029	23.782446128170616	1.4949032767681866E-4
144.0	28.635471031998506	24.49432766777809	22.820941824809488	24.04881099879928	4.4847661463540643E-4
145.0	28.75901510046145	21.678278189810282	22.65344282508328	26.908157645636365	0.0011062390086184987
146.0	26.69989762822782	21.797802594693888	24.929200830455123	26.56864410022866	0.0044548463945044536
147.0	26.527295427800578	23.213311902643436	27.344669355070177	22.910926303301665	0.0037970111841412893
148.0	24.60332409475374	24.380342455309492	23.592910511350894	27.42309405711176	3.288814741065636E-4
149.0	28.28912394673944	25.019837864698285	23.37319044888289	23.315396036732487	0.0024517029468871443
150.0	25.455771329476313	25.006353620068474	24.125577431941515	25.4122976185137	0.0
151.0	27.06471806046747	24.285418702361746	24.86987498191047	23.779539754508626	4.485007516872598E-4
152.0	27.654888358985474	23.17262309664591	23.05675863563991	26.115520605186244	2.0930354246245618E-4
153.0	24.932468677247222	23.553316704411646	24.563520706715217	26.950125793347272	5.681182786374969E-4
154.0	23.52100593334902	24.362044626750397	24.282297401831226	27.8315721864883	0.003079851581055265
155.0	27.30502976214509	23.43832852276102	24.129543613213837	25.126828937125207	2.691647548492274E-4
156.0	27.049452928917844	23.092189791675143	25.539713795570318	24.318464037822434	1.7944601426476183E-4
157.0	24.52805641789438	22.66480640742668	26.420137455811364	26.386790364933816	2.0935393376041536E-4
158.0	24.909175033849067	21.12232650689289	26.578583821416895	27.389884729232882	2.9908608265722434E-5
159.0	26.802732767366628	21.056946411822132	24.150033020041732	27.989779339982007	5.084607875040677E-4
160.0	25.94656710248429	21.3250040154084	26.07864936317268	26.64968978913797	8.972979666330779E-5
161.0	25.163841189425266	20.796009007788346	28.39041566055868	25.645815891885004	0.003918250342697354
162.0	25.81770291822253	23.17774106054316	24.578735536606697	26.425820484627614	0.0
163.0	25.126340465232033	23.705015839856376	27.6966416991884	23.471942171886447	5.982383674792837E-5
164.0	25.77870160512842	23.39229163856149	24.587411014397727	26.239950560812325	0.0016451811000398732
165.0	27.608742928131296	21.39961752905101	27.026301832576078	23.96497875111539	3.5895912622169494E-4
166.0	24.712145628242112	22.66295095639355	25.871131342241505	26.753652417360495	1.1965576233733174E-4
167.0	27.091764449666982	23.13807446266217	26.37221279559265	23.397708970029697	2.3932204850100636E-4
168.0	25.59672552226478	24.485079580853927	23.85657586484702	26.061499368325197	1.1966370907837704E-4
169.0	25.98485360700633	22.09175073850184	25.391359603276275	26.53188646607499	1.4958514057114E-4
170.0	31.85148907920824	22.334288387165678	22.846170116458328	22.967932748733087	1.1966843466806518E-4
171.0	25.780456524399053	23.672843227208258	26.181450813132294	24.36465111492507	5.983203353226487E-4
172.0	27.879163454021132	24.8088413600123	24.0202203760186	23.291595360391533	1.7944955643060475E-4
173.0	28.435909536515503	19.448476833550753	23.093656897419013	29.020521221930533	0.0014355105841989762
174.0	24.334891398939558	25.48190879484672	23.447332298610302	26.73532921238438	5.382952190412962E-4
175.0	25.177030622507225	23.960521700175814	23.135589951054346	27.725601712723986	0.001256013538629743
176.0	24.577558172292743	24.275743516158688	28.06275184865963	23.082630584483283	0.0013158784056577987
177.0	22.688763216894657	25.563490145502488	23.994600783382904	27.72882963934238	0.024316214877575484
178.0	25.453746127068055	22.42236192025648	24.529745313602813	27.593907384589617	2.3925448303087582E-4
179.0	27.456025698160275	24.367520779558717	22.95522861253264	25.21993880535857	0.001286104389803286
180.0	27.09204713475513	22.277919904506835	24.874530256997783	25.755322754306043	1.7994943420898728E-4
181.0	27.784403292156345	22.22133436991759	26.09434639016943	23.899345185560797	5.707621958363198E-4
182.0	26.589013664276834	22.275901473973107	25.12161945382546	26.013375286061812	9.012186278285498E-5
183.0	23.014465567706914	23.99020267296509	27.415541915778196	25.579399296354122	3.905471956758614E-4
184.0	26.372431554178615	21.469821587803654	26.69552275037915	25.458138148676028	0.004085958962550984
185.0	25.224833096777584	24.706993789472893	23.294508151786182	26.773154301935254	5.106600280863015E-4
186.0	26.511568244637502	22.94104411455021	25.613589957495336	24.933797683316953	0.0
187.0	24.64774018426315	22.30272336382308	27.006545731305287	26.042448805589192	5.419150192951854E-4
188.0	27.683702742022508	27.487878401032834	22.44771995914907	22.38033759827347	3.612995221211654E-4
189.0	25.51350693819249	23.295320762306915	24.622799954955795	26.567288393108235	0.0010839514365668607
190.0	29.707475942675547	20.77869911286452	24.57035867831206	24.9431952655595	2.7100058837238854E-4
191.0	26.25724640411088	23.665584195417456	24.263982338891356	25.812825400652496	3.616609278109719E-4
192.0	26.948718265578275	23.612179001262582	23.411383837948478	26.027718895210665	0.0
193.0	27.82241752782733	24.250668139296117	21.78806314059532	26.138489465615166	3.6172666606780804E-4
194.0	28.411884788787077	22.547655996594838	24.326383136246292	24.71407607837179	0.0
195.0	26.524397137846297	21.427470971293744	24.647800909490254	27.399758140595026	5.728407746857441E-4
196.0	28.6829783710137	22.48327746056769	26.04481870264768	22.78880457266099	1.2089310993898524E-4
197.0	24.913998556263987	24.17121209739535	23.387495601683632	27.52668916508771	6.04579569321698E-4
198.0	28.040936142030077	22.646973189850613	23.85752152680091	25.454417656142585	1.514851758121802E-4
199.0	25.77828176565778	23.18146903358806	25.3137628160171	25.726030974002118	4.5541073494184404E-4
200.0	27.1435151714633	22.57284066524827	24.10047771488744	26.183075356767972	9.109163302095988E-5
201.0	24.98305587068532	20.42660337619368	29.362870371944894	25.22722745459095	2.429265851566998E-4
202.0	25.288473306064883	25.585138382460165	27.67697792154668	21.44938002191963	3.03680086390911E-5
203.0	26.002057683796515	24.370916489446852	21.76387911365893	27.862508812895058	6.37900202639631E-4
204.0	25.557158914846433	22.84986481149558	23.816720843333233	27.77616429200717	9.113831758665735E-5
205.0	27.409869155789313	23.401876563853847	25.33400697787181	23.853305496380425	9.41806104604885E-4
206.0	25.16202287188693	20.453378431345143	25.736888832712186	28.647618711947793	9.115210795326449E-5
207.0	26.078899481807344	23.804315719483096	27.343505938611855	22.772853414565066	4.254455326395735E-4
208.0	29.00354887576382	21.86506855810357	21.276415963740437	27.854936207772756	3.039461942289128E-5
209.0	27.736094150379042	19.496111977007782	25.33433288918762	27.43267058037776	7.904030477941523E-4
210.0	24.86933360900724	24.132858606650835	25.27165535086092	25.725939597009344	2.128364716577833E-4
211.0	25.447889249867245	25.922344979193902	24.626533389213677	24.002472036005106	7.603457200747694E-4
212.0	28.396323089130888	21.777895695098263	24.977089286670527	24.84850937361562	1.8255548469698222E-4
213.0	29.973108581598694	22.014429972256142	22.986758876253504	25.025337238723523	3.653311681372768E-4
214.0	28.762612929496168	24.3856723762715	24.105254723364816	22.746429503934348	3.046693317108676E-5
215.0	25.87759053511767	24.3345080960903	23.074437610324882	26.71309728135059	3.664771165580469E-4
216.0	25.512806455349214	23.9469672985599	26.599374541523492	23.9407899308907	6.177367669201962E-5
217.0	28.707616249242108	22.72139048240909	25.505651166767716	23.064689146961427	6.52954619653934E-4
218.0	24.787414685484947	24.01369744665143	26.079749927350125	25.118918027379184	2.1991313431194678E-4
219.0	26.162381766052462	22.187733296413423	24.064615346509974	27.58453923730113	7.303537230098575E-4
220.0	28.157027824284462	22.19771984373754	23.652108745914056	25.992920353982303	2.232320816391613E-4
221.0	24.876292285874435	22.39234096271182	23.504160530132324	29.226917128278597	2.89093002825081E-4
222.0	26.53080141098322	23.476037009140796	24.081739538513595	25.911324812640252	9.722872214235062E-5
223.0	29.74219525882732	22.392314123550594	24.840911061700037	23.023925104589505	6.544513325447195E-4
224.0	30.448841317171727	22.300669834541385	23.969300426025665	23.281024351683318	1.640705779123594E-4
225.0	30.74138621827901	19.28731951742707	24.306124165085187	25.664279743247718	8.903559610155995E-4
226.0	24.79761839970537	22.51611957551367	26.393966398894676	26.292162068220588	1.335576656924748E-4
227.0	26.98439245872582	23.493145663064563	25.381437523714723	24.139841785827354	0.0011825686675390643
228.0	26.70237277873354	28.794781264710444	22.825043331644302	21.677768685891312	3.3939020404478456E-5
229.0	28.225958451617934	25.279547319598805	21.31866222296261	25.17583200582065	0.0
230.0	26.141136439653618	22.24915941825302	27.154381479609885	24.45532266248348	0.0
231.0	25.225656447964397	24.42652978749088	23.757494327316877	26.58895484421771	0.0013645930101347274
232.0	24.950027673462294	24.293746149377586	24.506302265986836	26.24967761208104	2.462990922471027E-4
233.0	22.91482482260438	24.850732743872022	22.661206678314418	29.572630461308723	6.052939004533652E-4
234.0	27.028514955618217	20.962236950667766	27.023800241175778	24.984251040410545	0.0011968121276962273
235.0	25.963136846786877	21.770125639149448	27.40091578089072	24.865601558251313	2.201749216360758E-4
236.0	28.10137446812312	23.69278880654123	23.613360866367515	24.59232697810558	1.488808625561653E-4
237.0	28.28859835240089	23.86051591077122	22.108860677617066	25.74191224086566	1.1281834516547067E-4
238.0	27.022509043046618	22.269761842629084	24.742689846834885	25.965039267489416	0.0
239.0	27.344872689053712	23.472819272359835	24.759549528488712	24.421522012554313	0.0012364975434271462
240.0	25.675259287368814	21.805411003215607	25.706630079367702	26.81261990757774	7.972247013695921E-5
241.0	28.516090714855057	20.80052239392765	23.88647032456836	26.79436207311519	0.002554493533738673
242.0	26.826335761074727	23.96076362459697	21.53640872130998	27.67549194461566	9.999484026624228E-4
243.0	27.673781257387382	22.687023451304388	24.518212524190545	25.118298267896993	0.002684499220693883
244.0	26.80689935853337	22.394578639666896	25.484872834518306	25.312806294095314	8.428731861168351E-4
245.0	28.039310798081278	21.635780645296226	22.81535396048166	27.507744632653836	0.0018099634870032556
246.0	24.57199193721568	27.01322833287873	22.789452627516045	25.62282913802905	0.002497964360494935
247.0	26.333724393251146	22.613322538786843	24.6034862506888	26.310131522176487	0.13933529509672268
248.0	26.32869201537212	22.225875317303657	23.077059951334302	28.357939152916	0.010433563073921794
249.0	25.196003928594312	21.550375462992623	29.66169807082013	23.575256019613775	0.016666517979158336
250.0	26.757965166452884	22.469899068442967	23.421465097722795	27.349084588436916	0.0015860789444359944
