# Position (bp)	A	C	G	T	N
0.0	23.274955199865236	24.59104810532461	25.694540047109122	26.43939856000604	5.808769499313113E-5
1.0	22.525499709655694	30.27092327169762	23.612254240143006	23.511539700343803	0.0797830781598752
2.0	24.168629570434767	27.251742046988305	23.296869084193396	25.281950052167478	8.092462160513987E-4
3.0	25.626774243470667	22.29572957353481	25.049112907137626	27.02087630592404	0.007506969932853041
4.0	25.448803460030327	24.227107186625155	24.24802269144755	26.075893568063957	1.730938330129174E-4
5.0	27.78332328610174	24.40926888812302	23.02865823928702	24.777913918086053	8.356684021674358E-4
6.0	24.898943255739017	24.36798177094572	24.650739260653033	26.07652405078587	0.0058116618763612085
7.0	24.875687586441693	25.93115896889448	24.12326808020067	25.06922512072413	6.602437390234478E-4
8.0	27.12279530103716	24.41606200315003	23.99761526346036	24.463412781557274	1.1465079517492128E-4
9.0	25.97503973812184	25.921559594306327	22.508187269207713	25.59498448389086	2.2891447326064344E-4
10.0	24.567934234920617	25.18507506636115	23.617279485863683	26.629711212854552	0.0
11.0	27.107999966817736	23.068944444598067	23.28880458136429	26.534140399680346	1.106075395629343E-4
12.0	27.77269575686161	24.965244145090292	20.463480307554292	26.7985525896682	2.7200825599458597E-5
13.0	24.851405018796665	23.349926652073137	25.30714192723188	26.49144587352482	8.052837350133342E-5
14.0	26.17883174331841	22.621194343071018	24.01827425808877	27.181540592171643	1.5906335016046842E-4
15.0	25.229377214343195	24.22773637950315	24.534530689882214	26.008329588328127	2.612794331281419E-5
16.0	26.02127071092496	24.823499530932878	21.90508793371374	27.249987737226878	1.5408720154272106E-4
17.0	27.443876464592122	26.644935872316672	20.3442319104997	25.565746152905998	0.0012095996855040817
18.0	25.418873844422457	25.845842442271366	20.52732107224714	28.20773796016208	2.246808969560981E-4
19.0	25.189726417871334	24.95557876773154	22.113762570904434	27.740559634246765	3.726092459258284E-4
20.0	22.186061473273213	25.980006827898745	24.866171952125832	26.96773509724826	2.4649453952971304E-5
21.0	23.592736756290726	25.035874386860783	24.275376485561292	27.09579243294813	2.1993833906476352E-4
22.0	21.81293867869849	26.93617588700128	26.529075762683522	24.721737070239172	7.260137753853741E-5
23.0	24.726956601313173	25.04950578500654	23.852408583170078	26.370815969483775	3.1306102643077917E-4
24.0	27.135662806055837	22.160585313900487	24.728849031538925	25.974783556393678	1.1929211106954443E-4
25.0	24.21154381807109	26.041148338911995	20.332123180640075	29.415043032022623	1.416303542175159E-4
26.0	25.377154464679446	25.999498034358844	20.436334806391383	28.186965781893587	4.691267674350963E-5
27.0	25.150783047567955	25.556215282950166	20.49094319528869	28.802035088818823	2.3385374365934808E-5
28.0	27.0796255740674	24.845452277326533	22.893207292619596	25.178804091702933	0.0029107642835361626
29.0	26.27620247318883	24.28539748657441	22.867349014999622	26.570570927571552	4.800976655822556E-4
30.0	23.008290869151317	25.54440953512358	25.496822419726527	25.950182167653242	2.9500834533223045E-4
31.0	25.222575147440107	25.31980872585678	23.14490644425012	26.312236142298367	4.735401546266452E-4
32.0	23.720471934682173	22.88074093306774	25.354893637576758	28.043580404204267	3.130904690564862E-4
33.0	23.6668978750093	24.837201865257803	25.605105895192636	25.89070577896837	8.858557189073501E-5
34.0	25.602400774137212	27.092452381820426	23.020720820838452	24.28431621027682	1.0981292708992669E-4
35.0	24.845314673157162	22.803959492350486	26.32327885952712	26.027229659248956	2.1731571627260084E-4
36.0	23.151959969101455	25.790776549584223	26.38975067965077	24.66733911675143	1.7368491212194765E-4
37.0	25.033141041501178	26.249940315740584	21.819653701075183	26.89726494168305	0.0
38.0	25.903481136251205	25.708204233603247	21.76619279471624	26.621948255960287	1.7357946902040426E-4
39.0	22.83831707662044	27.666933924076336	22.249027504084786	27.245526258474364	1.9523674407586638E-4
40.0	25.39342044246325	27.035316634211497	23.4999008776127	24.071166837509995	1.9520820256191247E-4
41.0	23.430913887315366	25.300084926831936	22.25564451137577	29.008325258489	0.005031415987931541
42.0	23.920941039727897	26.624944838929675	21.433895081746808	28.020132299829015	8.673976660497301E-5
43.0	25.726959242755125	26.13714222278499	22.601108218230006	25.53077911783123	0.00401119839864287
44.0	27.822535713248207	25.296343974501777	23.36151775288908	23.519212333563278	3.9022579765404927E-4
45.0	25.009195991783105	25.072272800478085	22.125957233923703	27.78854226026965	0.004031713545452043
46.0	24.795003044096156	25.109491012818147	22.812991929298075	27.282514013787623	0.0
47.0	24.742678235481893	25.690198790341196	23.636630786637973	25.928801811909302	0.0016903756296378328
48.0	22.716504999085718	24.833501023909125	23.12154056942	29.328453407585158	0.0
49.0	22.332000954061836	26.28893125793833	24.84492704048242	26.532494319280996	0.0016464282364175627
50.0	26.65615059955446	25.087686843594227	21.115459831714045	27.14050776921031	1.9495592696344445E-4
51.0	24.114550710776477	27.605624529477147	22.232914118587786	26.044614879481177	0.0022957616774134304
52.0	22.429628579308723	26.682066516630886	21.616154236551033	29.272150667509354	0.0
53.0	22.488050154276852	25.993215919601198	24.38066396785602	27.136494273031715	0.0015756852342105007
54.0	22.379454327060575	29.247646500805637	22.98346965623749	25.389407931586373	2.1584309933423197E-5
55.0	23.167663654307926	29.38484297336953	22.82630703313537	24.619850895565722	0.001335443621447397
56.0	25.59821245894578	26.111193668228072	24.935271630862005	23.355322241964142	0.0
57.0	22.099679756295206	27.99575161871553	23.414894874744032	26.484742285757477	0.004931464487748971
58.0	24.91991082206228	26.032223432334277	22.080669256564857	26.967024231094367	1.7225794421340347E-4
59.0	26.71164215506855	23.553482708106007	24.73313117759878	24.998901951598025	0.002842007628637447
60.0	23.470416581212678	23.493268805359673	24.122511139115655	28.913803474311994	0.0
61.0	24.174196864305113	24.966428757061138	23.564336301847337	27.28897622917395	0.006061847612459634
62.0	24.57640853244375	22.7296468888908	25.313647267193424	27.380060872331462	2.364391405652185E-4
63.0	25.272694993846496	24.84581851914421	23.287926795875197	26.591044986560302	0.0025147045737962622
64.0	24.60290592327618	22.927750095575465	23.814982200007808	28.654361781140548	0.0
65.0	23.158491097071142	27.030477869028996	23.975955098794152	25.830292182189336	0.004783752916373134
66.0	24.1061474983456	24.889297408841834	23.398247249193716	27.605750120929294	5.577226895533177E-4
67.0	26.220281250268123	25.955568806788442	21.074572504740413	26.7489124932433	6.649449597172053E-4
68.0	23.51078526862308	23.49680057157087	26.679262903510526	26.312958215998794	1.9304029673296457E-4
69.0	22.82209275815024	25.76784960929499	25.110258105737536	26.29694696093422	0.0028525658830117692
70.0	24.459052332032673	24.143385747393488	24.980430128114932	26.41672486762628	4.0692483263074546E-4
71.0	24.472295021431123	23.27123799898723	26.35606398603736	25.899420551282525	9.82442261761489E-4
72.0	26.3336848340878	26.56922877830211	22.47691434443401	24.618335526475953	0.0018365167001297093
73.0	24.84243566269691	23.519721565340866	23.28862506872788	28.344776414192907	0.004441289041439575
74.0	24.1605072515597	26.444339163204877	23.889378406324333	25.504729008864903	0.00104617004618734
75.0	24.243069251760573	25.08690255427967	22.79464353193501	27.87307893155866	0.0023057304660863342
76.0	26.298745451420803	24.948790123298654	25.758050278011723	22.993325370317592	0.0010887769512323996
77.0	23.94641667033128	26.134062498799217	24.05251255112135	25.86604765306092	9.606266872340398E-4
78.0	26.5765165759018	26.7350989362665	21.106951410484324	25.580792685530046	6.403918173295149E-4
79.0	27.009869026318967	21.74052533770154	23.216225896833944	28.030604782573615	0.0027749565719296493
80.0	23.937749492743446	24.01008664663396	28.02971863856738	24.019649067685293	0.0027961543699196972
81.0	24.76164599107009	25.40888205785382	22.573094197777532	27.2557374326943	6.403206042577478E-4
82.0	22.42089307332032	22.976524041983186	24.502444238410142	30.09872998635734	0.0014086599290035397
83.0	24.8628261327502	23.163127254706403	24.76945250184773	27.203633696206385	9.604144892825212E-4
84.0	22.559688388582103	26.971878657298294	25.14787115895648	25.31936670425512	0.0011950909080044628
85.0	24.867202664567973	27.523746886528805	21.54317204457108	26.065131512681795	7.468916503488624E-4
86.0	24.906746454700894	25.545827441305374	23.395357263342124	26.150169735215623	0.001899105435986597
87.0	21.64569850396476	22.811635602037043	26.740595051451017	28.80100401383634	0.0010668287108356513
88.0	24.254589382493844	27.486753826636743	25.63717539567836	22.620713315556557	7.680796344965046E-4
89.0	26.068936325818125	26.324203110009208	23.27073021234399	24.335106297867856	0.0010240539608167086
90.0	23.29222459710288	26.263347503683743	24.910874419491723	25.533340145796675	2.1333392497941862E-4
91.0	25.898449549233995	25.449539421280527	24.63770836542018	24.01366270474965	6.399593156531062E-4
92.0	24.945749751972965	24.53578788552979	23.44361568490765	27.074846677589598	0.0
93.0	25.334002825004575	26.87107493087868	21.48707780110381	26.30748182539151	3.626176214246436E-4
94.0	26.976304692349203	24.601953385790495	23.241344888412996	25.176067078047982	0.0043299553993264035
95.0	23.576222560025563	26.976442802872842	24.501024963202212	24.943451593177375	0.002858080722010912
96.0	25.107513442912726	25.01008804969207	24.872289129902512	25.009085643063045	0.0010237344296391592
97.0	25.055123258784267	25.34411649982715	23.26705888650484	26.33344543879692	2.559160868212386E-4
98.0	27.046198458651016	23.685461422665238	24.442359779317417	24.82598033936633	0.0
99.0	21.609093996641217	22.87412712500941	26.95444793408481	28.562330944264563	0.0
100.0	22.94918406530036	25.205907697240537	24.711652476158115	27.133255761300994	0.0
101.0	22.66250357594628	22.999825625987782	28.975908674062566	25.361634221304925	1.2790269844849763E-4
102.0	24.69879402489209	24.759445604060947	24.819564216804775	25.722174835585186	2.131865700135608E-5
103.0	25.729556671771704	25.984510102964016	25.293955273908146	22.99174348201887	2.344693372724182E-4
104.0	24.92414665385233	27.328156868663033	23.836398479927716	23.910999593104215	2.984044527059849E-4
105.0	26.9079953685625	23.827368964935108	21.518044871740216	27.743009786384327	0.0035810083778543625
106.0	25.564089589307738	23.530600386823778	25.093498043926708	25.811726720127414	8.525981436380619E-5
107.0	25.073305813502166	25.379296438969085	23.010895747271693	26.535564163288498	9.378369685528343E-4
108.0	23.605518514666997	25.262811781332417	24.404225104800805	26.72733805100334	1.0654819643736927E-4
109.0	24.803183581610284	25.16740076184526	25.7690100678041	24.259531961852762	8.736268875934115E-4
110.0	23.501712556796694	24.902163201602292	23.54534946279517	28.050625629224797	1.4914958104948037E-4
111.0	24.3122781770186	24.588506850211147	25.00721786971953	26.091016964284382	9.801387663419497E-4
112.0	24.925492131184985	25.012293691823352	23.870429175551365	26.191614551640324	1.7044979997715972E-4
113.0	27.541737879173304	22.489665930786344	23.47779938121285	26.489752855850547	0.001043952976949092
114.0	26.225077349645964	22.67413098029624	27.41501126422196	23.68554604525034	2.3436058549239797E-4
115.0	25.941929861568326	24.547002209537446	26.20119361897518	23.309043336337623	8.309735814322149E-4
116.0	26.76737771650834	25.007484081013448	25.103195090016715	23.121879191484872	6.39209766272949E-5
117.0	25.64095079286006	26.881005151640796	24.365846185446287	23.111302970087756	8.948999650989014E-4
118.0	25.768210242774824	25.20679039111035	25.620680125771344	23.404063555565312	2.556847781689518E-4
119.0	26.268797092611223	21.90967423557673	25.192546747959682	26.628342693792177	6.392300601771178E-4
120.0	24.84066837992593	24.000942640616774	25.327734877638896	25.83059017953426	6.392228413924063E-5
121.0	26.910802883780494	23.93363085947696	24.77404810633381	24.38070845882665	8.096915820840822E-4
122.0	26.14935254766294	24.513206868543268	24.780425316481587	24.556631730747103	3.8353656509766123E-4
123.0	23.622429433400395	28.07898021531458	24.478045591667648	23.819649852787826	8.949068295453916E-4
124.0	25.024247165979308	24.7427414041879	23.402243864273824	26.830639724613558	1.278409454093595E-4
125.0	26.43258937484007	23.712049690129152	25.17814883729453	24.67608285409725	0.0011292436390025412
126.0	23.862464007554525	24.464827438675947	25.700981772918514	25.971662860568983	6.392028203332974E-5
127.0	25.266772588073895	23.442664480910178	27.805946072978386	23.483423697489485	0.0011931605480612526
128.0	25.855250415855853	23.56777156021105	25.475669422987885	25.092295816214193	0.009012784731021644
129.0	24.281773770989194	27.250622580628665	22.642567128765524	25.821840520496153	0.003195999120461042
130.0	25.51511081205354	25.184168282103155	24.267598953563642	25.033121952279675	0.0
131.0	25.172151640889908	25.850189825975455	24.529909576442403	24.44691797532028	8.309813719545064E-4
132.0	25.82953197540568	25.800042997656863	22.68910499461038	25.675417975364347	0.005902056962733304
133.0	26.507624682793168	25.58627067037975	25.06476239583578	22.83938201397308	0.001960237018223812
134.0	25.87341738708376	23.572670755576087	21.71480645151668	28.839062792302123	4.2613521355553164E-5
135.0	25.895114126997925	24.66130931987434	26.481132525725666	22.961868747560388	5.752798416829876E-4
136.0	27.440272150355998	26.399232265311657	24.5445410552261	21.609796799173626	0.006157729932618668
137.0	28.17576400023438	21.732326918057414	24.535985383185334	25.55571062542282	2.1307310005380095E-4
138.0	25.083105886764635	24.53154529435954	27.297167730924848	23.086625715631065	0.001555372319912388
139.0	24.94781467214702	24.414146852719227	25.834789465733465	24.80201322333701	0.0012357860632735249
140.0	25.845328385596222	22.1649943622047	25.898765991864188	26.09057035056604	3.4090976885465396E-4
141.0	24.570618036865685	25.969429380684687	25.90371727258955	23.55580916129915	4.2614856092827085E-4
142.0	27.965596093742672	23.48369594399372	24.123559507950674	24.426807534665134	3.409196477959118E-4
143.0	25.770435789062784	26.376676152755866	24.0835866792466	23.769066996676884	2.3438225785968943E-4
144.0	27.18865307707043	26.32961365599089	23.34112980431689	23.139921617660125	6.818449616664632E-4
145.0	27.464192273444652	23.021777720105575	23.46130809506794	26.05180569041405	9.1622096778077E-4
146.0	27.184126754141115	22.171683165785247	25.269774438653535	25.369962370929734	0.004453270490371134
147.0	25.56357334939023	25.206384149697303	26.882045532460985	22.344481326722224	0.00351564172926107
148.0	24.207038649288442	25.067810441849215	24.205845441199344	26.51855971260731	7.457550556865954E-4
149.0	27.069910808058662	25.878319767780056	23.89621270378427	23.153319410875923	0.0022373095010863736
150.0	25.190206308802228	24.31862182941542	25.010408982451114	25.48074157128118	2.1308050053461897E-5
151.0	26.293872948348216	24.796768583182434	25.759707270048583	23.14892670372386	7.244946969119053E-4
152.0	27.015434943908385	24.657063989577356	23.631633431056297	24.695718472623717	1.4916283424727534E-4
153.0	24.809054817350436	23.73863667600785	25.675012503092475	25.776422331982836	8.736715664014895E-4
154.0	22.633455733814753	25.15881803412553	25.18210907280783	27.022846953370188	0.002770205881701128
155.0	26.61384154124838	24.572294026662927	24.32803980874852	24.485526232498046	2.983908421292915E-4
156.0	25.102050472782704	23.657550328275143	26.891301326826657	24.348906047918536	1.9182419695997011E-4
157.0	24.4422656791176	23.493728352959984	27.046539137848352	25.017189747961847	2.7708211221825547E-4
158.0	24.829726298145815	22.248152113376122	26.232647322053726	26.6893463813095	1.2788511483337317E-4
159.0	26.146906807234398	21.992795271419958	25.177054254577452	26.68266817516515	5.754916030446491E-4
160.0	25.561648968675204	22.329714870469203	26.405478572602405	25.70313627350404	2.1314749145651566E-5
161.0	24.143985990017715	21.510485319018688	28.842705720458568	25.49902888450461	0.003794086000419481
162.0	24.27653305418443	24.278046460728273	25.50759335746684	25.937805812035336	2.131558512453524E-5
163.0	24.61109153574799	24.875518809294967	26.855366061777286	23.657959644625095	6.39485546667417E-5
164.0	25.10685502909829	24.69699983095898	24.597152650011118	25.597201891468842	0.0017905984627712198
165.0	25.497121724901533	22.7036472362846	27.399742144751954	24.398849372117354	6.395219445560056E-4
166.0	24.589207069823125	23.911016875984757	26.123891382978883	25.375820717151008	6.395406222346529E-5
167.0	26.104749265838436	24.184129319028507	26.64443129793369	23.066135831881	5.542853183676297E-4
168.0	25.94929503477817	24.69275693911166	24.23328343196351	25.124557997657437	1.0659648922330814E-4
169.0	25.83020535699438	22.914716789333937	25.978996543200612	25.275825472351787	2.5583811928281755E-4
170.0	30.246082616830716	23.722213315094567	23.307577047127992	22.724020419684905	1.0660126181781589E-4
171.0	24.734374373725597	24.167476115226815	27.167474409628444	23.9298009822541	8.741191650413736E-4
172.0	26.877721234731887	24.828701284196868	24.131400203418558	24.16207070883609	1.0656881660018192E-4
173.0	27.98407009906535	20.978169906867446	24.106761364108582	26.929293803231886	0.0017048267267390778
174.0	23.127437120220538	26.837890722395567	24.18878446278188	25.845440174439098	4.475201629143877E-4
175.0	25.68319449795924	23.96966734066893	23.88955853419851	26.45583210864962	0.0017475185236963512
176.0	24.080480041431386	24.887518262098276	28.535803303215303	22.494770459677394	0.001427933577644954
177.0	21.639702066119664	26.32424234996467	25.718292837586816	26.29361343409401	0.024149312234834477
178.0	24.321142395083413	23.71481725314613	24.582244342915455	27.381412380166655	3.836286883500706E-4
179.0	27.661774871115313	24.5165345616855	23.317774310112313	24.50274394838261	0.0011723087042642408
180.0	26.049677339656167	23.179630999843127	25.842599372418473	24.927899935754322	1.9235232791198984E-4
181.0	26.99994777924833	22.945562862656	26.328333267700692	23.72523580665652	9.202837384579298E-4
182.0	24.73367859767715	23.9538160784631	25.669757608678438	25.642662105376253	8.560980506219338E-5
183.0	23.253107642348393	25.349440541973422	26.185593621384424	25.21136591146914	4.922828246161103E-4
184.0	25.584169512436837	23.102302601584043	26.815674146793366	24.494107896535976	0.003745842649779124
185.0	24.334640961559412	25.266617683222943	25.479081408471625	24.918996465786748	6.634809592736125E-4
186.0	26.25479832172718	24.155673032179738	25.299265017189835	24.290263628903244	0.0
187.0	24.119648886640782	23.241865488598165	28.220895992198436	24.41675338289792	8.362496646960479E-4
188.0	26.400316859471452	28.35268243329889	22.882288936552193	22.36430433091314	4.07439764319685E-4
189.0	24.603270937245203	25.013714329340342	25.390080990674257	24.991861473049788	0.001072269690410006
190.0	28.440780963913458	22.376799882125777	24.991179808162702	24.191067767598188	1.7157819987444767E-4
191.0	25.739424148576223	24.53637050753047	25.231951671660774	24.491867059264976	3.866129675573728E-4
192.0	25.56346095312846	24.52186879560362	24.905396212497603	25.009188118318477	8.592045183847212E-5
193.0	26.952200581230485	24.674217908154585	22.36465596208081	26.00860331105455	3.222374795701438E-4
194.0	27.118434332692704	24.29069717980348	24.513994425517673	24.076874061986146	0.0
195.0	25.83850090889167	22.267716941482846	25.13717173540294	26.755858376199498	7.52038023042445E-4
196.0	27.163749628040435	23.13099737701219	26.629914980055215	23.075230356551504	1.076583406576891E-4
197.0	24.366992107752182	25.213457652172565	24.51692069677815	25.9018758086496	7.537346475019941E-4
198.0	26.917063471524937	23.919720338836843	24.67022065800597	24.492909269706537	8.626192571122957E-5
199.0	24.889213192732203	23.737060647579654	25.889357314435745	25.48369901424644	6.698310059586871E-4
200.0	26.96308349567433	24.429807643478647	24.075045298810075	24.53206356203695	0.0
201.0	24.444922762137725	22.091534878976617	28.731693812996657	24.731416331105915	4.322147830854474E-4
202.0	24.731492805984736	25.23733129081639	28.472536352616	21.558639550582875	0.0
203.0	24.94872029906529	25.0041075645774	23.799315636503884	26.246991749416075	8.647504373475337E-4
204.0	25.438170899190855	24.00703460395543	24.5138305122271	26.040747774768136	2.1620985847767505E-4
205.0	27.156910949867218	24.82439536783457	25.18842659200956	22.829272469457575	9.946208310792199E-4
206.0	24.60459651750406	22.05942616082297	26.647120759409965	26.68879168795805	6.487430495291531E-5
207.0	25.219663224510143	23.564702917992754	27.215357014245534	23.99990916080808	3.6768244348774916E-4
208.0	27.40299875138555	22.531109363223933	23.129501133963437	26.936304222358938	8.652906814250645E-5
209.0	26.92478363864403	21.155371047203893	25.630282736115195	26.288675518653886	8.870593830004373E-4
210.0	23.998144244724266	25.192700147729024	25.20823690481832	25.600529201854282	3.8950087410487836E-4
211.0	24.831950525403524	25.564818526480565	25.804685125846632	23.79763674474055	9.090775287290145E-4
212.0	27.696664600252863	23.143199445164644	24.948514682977983	24.211339783171624	2.8148843288243935E-4
213.0	28.8760357900406	23.941549259616878	23.157198747552222	24.024826248109534	3.899546807668502E-4
214.0	26.869022924912155	25.967301908848412	24.443743951382118	22.719866175955378	6.503890193521084E-5
215.0	25.03612410613208	25.271099194079337	23.631423300645995	26.060918823429713	4.3457571286713504E-4
216.0	25.48822909346451	24.73192638791286	26.43214160224877	23.347680955727338	2.196064652143359E-5
217.0	28.11904311261789	23.44055315555231	25.697758976215063	22.741958513333575	6.8624228115789E-4
218.0	24.43326766734657	24.735626234031074	25.868353330391997	24.96246221076681	2.905574635495662E-4
219.0	25.624862563581242	23.97087159022498	25.436957689409915	24.966654770530745	6.533862531137235E-4
220.0	27.427924523170333	22.364707975472637	25.57459235327381	24.63250317584252	2.7197224069996586E-4
221.0	24.767715153161234	23.282713987025627	25.233095773655023	26.7161552840334	3.198021247196306E-4
222.0	24.98285954895105	25.41500667842759	24.883502644823537	24.718492619102474	1.3850869534504594E-4
223.0	30.18347009852561	23.097387579619397	24.38989516161251	22.328522896205723	7.24264036762708E-4
224.0	29.229500007497826	24.002250284917373	25.18878119095462	21.57939822451489	7.02921152865669E-5
225.0	29.77583157410239	20.68879167302332	24.389271964881562	25.14511444688388	9.903411088472123E-4
226.0	25.209249346006317	22.579841629024052	25.96199821911389	26.24879150748287	1.192983728656328E-4
227.0	26.475622145544076	23.874800630659838	26.40131777654352	23.24669387707914	0.0015655701734314552
228.0	26.817975353885963	27.511970526935624	23.896358093083435	21.77364760163326	4.8424461713683585E-5
229.0	27.067577210747924	25.238693126902547	23.076057350312816	24.617672312036714	0.0
230.0	25.33950083535706	23.092387879612016	28.075683201858826	23.492403448637734	2.4634534365421783E-5
231.0	24.90659006353671	24.859112081949387	25.31040226617593	24.922499177114815	0.0013964112231564878
232.0	25.075767948214494	25.165089620079474	24.959765125629602	24.79915161965117	2.256864252624357E-4
233.0	22.910167780229017	24.90929407576019	23.294541837559585	28.885360977430825	6.353290203811009E-4
234.0	26.654488649637724	21.959935286663885	26.729552612592077	24.654785707986484	0.0012377431198243643
235.0	25.119075099829846	22.75243137775113	27.398031500586495	24.730200892227632	2.6112960489001744E-4
236.0	27.693145876470414	23.877843733512908	24.167062135958368	24.26178918261137	1.5907144694039327E-4
237.0	27.281969492101315	25.270520053399277	23.019620642216832	24.4276754434621	2.1436882048379827E-4
238.0	26.734651378760628	23.239630750091887	24.512638185982073	25.513052499255107	2.7185910303894978E-5
239.0	26.908004693804415	24.310469687135885	24.342106172043348	24.43803794112519	0.0013815058911555717
240.0	25.1163818099626	22.518110813291383	26.798410038402004	25.56684048785611	2.568504879017712E-4
241.0	29.507844911195026	21.147083583609614	23.79394456182743	25.54895518344799	0.002171759919942071
242.0	25.90399952824477	24.750374784911962	21.9721715940947	27.37245218540324	0.0010019073453262596
243.0	27.91913415791753	23.081006363618116	25.419800918265217	23.577420196672794	0.00263836352634492
244.0	25.764343878293598	22.932242010229572	26.69334617874047	24.60911947263319	9.484601031694662E-4
245.0	28.099557567982753	21.39476060074944	24.197386633992874	26.306539057695804	0.001756139579125316
246.0	23.79584837555538	26.912219946462283	24.18968109816344	25.09962618191634	0.0026243979025581247
247.0	24.95282761377477	23.66862384292989	25.020268312893652	26.21941304352221	0.13886718687947697
248.0	26.167026786932958	23.029064481577187	24.29736063461365	26.496253438300293	0.010294658575913275
249.0	25.317054552684244	21.706862948552917	28.66756545349794	24.291508786391073	0.017008258873826874
250.0	25.817859760921895	23.00058540010964	25.823818401561223	25.35642844312056	0.0013079942866809557
