# Position (bp)	A	C	G	T	N
0.0	24.22452833207982	23.813269110751946	25.102254724680357	26.859867820966222	8.001152165911891E-5
1.0	23.26977516674342	30.421884589691878	23.425165586169854	22.808472329411728	0.07470232798312494
2.0	24.46786166073943	26.585833512343765	23.3835358140201	25.56197341098408	7.95601912626998E-4
3.0	25.414963239356346	22.598356283729053	24.28984668558024	27.689679595358673	0.0071541959756852725
4.0	26.001010303186266	23.862217520182234	24.099225751929264	26.03746699835111	7.942635112165894E-5
5.0	28.32039880086849	24.213317848385543	22.10198646812298	25.36374158224118	5.553003818086768E-4
6.0	25.74019007545669	24.03675087884947	24.23897735031835	25.978299269830156	0.005782425545330256
7.0	25.167680228588768	25.72050345158925	24.046071762712725	25.065033378005918	7.111791033453865E-4
8.0	27.66900502655314	24.335224537785948	23.498070655819202	24.497699779841707	0.0
9.0	26.394873781759305	25.741654224389382	22.65384324620589	25.209392501874216	2.362457712006955E-4
10.0	24.91021139365292	24.251460023712845	24.279861939937422	26.558466642696814	0.0
11.0	27.42717740367019	22.536374927066376	23.03714752576988	26.999223572759806	7.65707337467132E-5
12.0	28.163026347456277	24.235087843715366	20.39232609494379	27.209559713884566	0.0
13.0	25.239712211366548	22.8386451366073	24.745103410083917	27.17616707580131	3.7216614091996493E-4
14.0	26.738747614968624	22.06963740170362	23.126367142263675	28.065027260127422	2.2058093666018402E-4
15.0	26.200309850925024	23.713527812999093	24.20520047876825	25.880961857307632	0.0
16.0	26.624585295720166	24.483384728612954	21.83804924247827	27.053838100590216	1.4263259839509803E-4
17.0	28.881852367697757	26.687641121578924	19.81331244273897	24.615516857018463	0.0016772109658848302
18.0	25.68894388294404	25.639698926043785	20.057193509098525	28.61395560463097	2.0807728267715003E-4
19.0	24.83098150150001	24.414389041443872	21.987729332941246	28.766002741847974	8.973822668980532E-4
20.0	22.527061364676733	25.57734109243214	23.941529909352308	27.954067633538827	0.0
21.0	23.61700826771921	24.305803707905625	24.174281075279044	27.90236346714312	5.434819530023981E-4
22.0	23.012171149052204	26.294630011590293	26.268948510607405	24.42404864156961	2.0168718049389157E-4
23.0	25.309453298614482	23.767593492157125	23.45457479339092	27.467909724737716	4.6869109975688323E-4
24.0	28.062981696367544	21.638527480665783	24.781838910515134	25.516519190876185	1.327215753520108E-4
25.0	25.272662156523225	24.523198543786613	19.873107037598036	30.330572266889217	4.599952029071697E-4
26.0	26.29899455643252	25.785921177665372	20.089931522729426	27.825152743172684	0.0
27.0	25.950268175837937	25.18756684866211	19.752245757001898	29.109789020251686	1.3019824635981977E-4
28.0	27.387408060094586	24.146959464903468	23.451596955307423	25.011070496016234	0.0029650236782923526
29.0	27.937823252562584	23.42534663645125	22.10679189949568	26.529464178083025	5.740334074686848E-4
30.0	23.698290792739847	24.314267010481103	25.47739741175919	26.509601180747826	4.4360427203588384E-4
31.0	26.275873672642074	24.387151496666757	22.758812345885953	26.57746930637415	6.931784310599392E-4
32.0	24.554665667494106	21.940205767099123	24.97756545360873	28.527375766943003	1.873448550419184E-4
33.0	23.135843826661826	25.551162233405222	24.820087899382628	26.492782516965963	1.2352358435796146E-4
34.0	26.114285364719702	26.559081899821376	22.54404531773803	24.782465069616073	1.223481048278562E-4
35.0	24.863722697630838	22.531604349736646	25.948614710806428	26.655816132472555	2.4210935353170964E-4
36.0	23.653236881906466	24.79528160458342	26.166581902778947	25.384536768881233	3.628418499370772E-4
37.0	25.803501097531267	25.437637191408125	21.33835338269957	27.420387421584397	1.209067766434707E-4
38.0	26.614638356303473	25.5795316364199	21.368091129521606	26.437618003495682	1.2087425934297587E-4
39.0	23.34123680941263	27.684462781153474	21.797521160529993	27.17653755238772	2.416965161864157E-4
40.0	26.595810881268832	26.34635356722751	23.142860077344455	23.91473381049823	2.416636609748833E-4
41.0	24.184744196161585	24.601992303835395	21.797241704271553	29.41064535421084	0.005376441520626808
42.0	24.498624622934067	26.219144620566265	20.66846828780354	28.61364166262973	1.208060663974302E-4
43.0	26.21305395290015	25.736233352800742	22.128703513011253	25.917539931837908	0.004469249449950144
44.0	28.995789091010103	24.774493232532397	22.651284438961145	23.57807090487138	3.623326249730515E-4
45.0	26.196581686840393	24.708835965769772	21.593868362278158	27.495823262570816	0.004890722540857157
46.0	25.261117255835746	24.676395724559633	22.587035060349784	27.475451959254844	0.0
47.0	25.134168589397632	24.499757923040054	23.360185161708618	27.004198012916408	0.001690312937293012
48.0	22.955827209454167	24.179174908609475	22.64252275258965	30.22247512934671	0.0
49.0	22.366706168286555	25.896027070275075	24.481692085275228	27.25334215080286	0.002232525360281322
50.0	27.803737894859417	24.0912433927396	20.672150167394992	27.432627211445006	2.413335609913259E-4
51.0	24.79014687155209	26.91048538734529	21.593019755602167	26.703392095225514	0.0029558902749400227
52.0	23.317528070544004	25.748091359515453	21.114021216413313	29.82035935352723	0.0
53.0	22.91941042451742	24.897980273782974	24.043189552410983	28.137557198338847	0.0018625509497808199
54.0	23.512765746523552	27.585728318958914	22.82177221426147	26.079733720256066	0.0
55.0	24.065327337625224	28.08193655141344	22.913753584065123	24.937245161437197	0.0017373654590179452
56.0	26.64290964244061	25.38066048840273	25.150218551444496	22.82615141598693	5.990172522958833E-5
57.0	23.07648537549691	27.285615799602407	23.306905228380394	26.325243581995505	0.005750014524776273
58.0	25.434994175722498	25.168724378419334	21.94755455206964	27.44842744507362	2.9944871491583997E-4
59.0	27.709872968669437	22.781622645147653	24.223981872000948	25.28104925854975	0.003473255632213368
60.0	24.386685822552167	22.69033769721624	23.400731678298307	29.522244801933283	0.0
61.0	25.276016844380784	23.768774764994106	23.126230029580494	27.822342478496154	0.006635882548465855
62.0	25.27813595260256	22.165332702068884	24.481523260241758	28.074768969765664	2.391153211348652E-4
63.0	25.85186464852121	23.814849640352705	22.843715273398292	27.486641373097676	0.002929064630109947
64.0	25.47191259987099	22.117309658089006	23.32862111950982	29.08209694907527	5.967345491998684E-5
65.0	24.731445851499984	26.115522289561728	23.594040046088146	25.553084606117597	0.00590720673254495
66.0	24.33435959856323	24.53531665055669	23.05313905893865	28.07682669244263	3.579994988007017E-4
67.0	27.021776627728194	25.65142241073277	20.637291080347218	26.688972908536257	5.369726555624699E-4
68.0	23.69426181583877	22.352011168518143	27.005023446728792	26.948405264476715	2.983044375768134E-4
69.0	23.39108859206866	24.809108161204048	25.311192922609383	26.48515013921278	0.0034601849051223267
70.0	25.352951866273028	23.074338112843307	24.659768998626625	26.912523944719354	4.1707753769338246E-4
71.0	24.677778022151777	22.922030098026337	25.755942894948173	26.643000696069613	0.001248288804097716
72.0	26.67070432346267	25.983272451491658	22.37969347884747	24.964368372190332	0.001961374007871648
73.0	25.1797945510752	22.958376566034016	23.01352425844776	28.843372233849983	0.004932390593039743
74.0	24.890385734072435	25.498545111640475	23.414403424469103	26.19565559699741	0.001010132820581991
75.0	25.35586924308195	24.979115445539144	22.232038986086074	27.430243211480025	0.0027331138128007166
76.0	27.104913718069447	24.225482653009696	24.671671186974383	23.996744190191578	0.0011882517548993106
77.0	24.619822067756836	24.546569828751355	23.81000757474491	27.02270938228698	8.911464599206879E-4
78.0	27.406173048533077	25.911298443222623	20.606017400499617	26.075560585402947	9.505223417306041E-4
79.0	27.614768716042253	20.488171744066268	23.07017825254761	28.823554571798244	0.0033267155456229336
80.0	24.235009828014206	23.600777687289163	28.13021806964614	24.03108373087933	0.002910684171164862
81.0	25.83302841230392	25.301337217314448	21.70417987331125	27.160801094864496	6.534022058858471E-4
82.0	22.546474241892366	22.567144639922258	23.99405547863554	30.89095949255361	0.0013661469962288402
83.0	25.318533001990907	22.8937502672755	23.835866709113976	27.95066213050647	0.0011878911131490042
84.0	22.84696354928828	25.72169748569908	25.71136376594006	25.718371690834108	0.001603508238468994
85.0	25.04345409424565	27.235131930015005	21.340993051501787	26.379648934862505	7.719893750508474E-4
86.0	25.135916680521582	25.4324513692611	22.738522195568013	26.690794005177775	0.002315749471534095
87.0	22.677203875517495	22.117570504839648	25.74455996109996	29.459656347350293	0.0010093111926080423
88.0	24.862772895821386	26.550520827767667	25.481259580369432	23.10473429056882	7.124054726988413E-4
89.0	26.554482270615026	26.466209333304842	22.70282592125603	24.275413938931987	0.0010685358921206163
90.0	23.994220806047974	25.559161945646135	25.130471120650768	25.315789973549624	3.5615410550709223E-4
91.0	26.792267600977443	25.317558628377018	23.876681424044417	24.013136222724622	3.561238765033621E-4
92.0	25.26673705664256	24.643673003545018	23.28341342715498	26.806117161918902	5.93507385309149E-5
93.0	26.39822808219097	26.081127437306893	21.045856444745674	26.47419454774433	5.934880121356428E-4
94.0	28.249736946898587	23.804807180444634	22.783573617183407	25.157549965252656	0.00433229022071535
95.0	23.7310333736665	26.482451512671716	23.790969366773265	25.992459933382033	0.0030858135064870326
96.0	26.294061832986493	24.632020683389737	23.729169596556407	25.343086379973617	0.0016615070937451974
97.0	25.37428116418768	25.64116713066139	22.949048395480144	26.035265972217275	2.373374535115263E-4
98.0	27.83365697981763	22.88628587329077	24.309974422731553	24.970082724160047	0.0
99.0	22.025539315918383	22.389996873874786	26.454493523226162	29.129970286980665	0.0
100.0	22.427738464549883	25.015392463327974	24.064322108797136	28.49254696332501	0.0
101.0	23.452533038210568	21.77271751366188	28.392043547214303	26.382527973201714	1.7792771152935985E-4
102.0	25.514670557463393	24.076024744518186	24.443871105496342	25.965374281596414	5.931092566561687E-5
103.0	25.28294682117666	25.758714904395756	25.392935579199023	23.565165522704525	2.371725240374353E-4
104.0	25.422179270928137	27.270619832628295	22.77144542632947	24.535459027133427	2.964429806748821E-4
105.0	27.173280177019066	23.231202693232174	20.704696673421882	28.88761874495286	0.0032017113740203653
106.0	25.22710429426029	23.458649291206935	25.0096936567319	26.30431560411936	2.3715368151446342E-4
107.0	26.07773621148613	24.318474207490233	22.188139180544606	27.414642533185514	0.0010078672935205988
108.0	23.74971997378125	24.71075810357355	24.816664315829275	26.722798342007724	5.926480820130122E-5
109.0	25.81284156648173	24.52262908494699	25.638217878455517	24.02500786606535	0.001303604050416294
110.0	24.57681747783809	24.3347872919044	23.106980304608467	27.98129642861798	1.1849703105688688E-4
111.0	24.947077988057075	23.533454472850547	24.269534043383903	27.24880781059578	0.0011256851126958914
112.0	25.530914078027944	24.244646723756432	23.633326125528367	26.590935345989447	1.777266978083336E-4
113.0	28.403777005052987	21.49901368986618	22.902476734336034	27.1933108624438	0.0014217083009993425
114.0	26.853271960925447	21.78578304616852	27.343718066058276	24.017167687071808	5.9239775955167335E-5
115.0	27.19900091057901	23.456977363491646	26.118451103329093	23.224681963841068	8.886587591835478E-4
116.0	26.794545803543713	24.630557339444106	24.893539374435704	23.68117975198288	1.777305935964852E-4
117.0	26.02706939390672	26.36505173706929	24.002848412105042	23.604023322855188	0.00100713406376225
118.0	27.125752156869247	24.67826910168906	24.76565170538259	23.430208551172736	1.184848863641076E-4
119.0	27.406499879438773	20.762657892257955	24.93336548299435	26.896765819143937	7.1092616498582E-4
120.0	25.21443018266999	23.658174769337226	25.269644695792913	25.857572623080376	1.777291194943962E-4
121.0	27.42152583261056	24.07520628646448	24.40193513528885	24.100325603219062	0.001007142417047011
122.0	27.333295812363556	23.612321491517793	24.323778322160972	24.730485886684697	1.1848727298579042E-4
123.0	24.147058597010698	28.179339116669716	23.09548903316621	24.576928386039185	0.0011848671141909757
124.0	24.78037267183776	24.847790811819856	23.192432580378952	27.179107722694617	2.962132688141339E-4
125.0	26.36818720379147	23.75195497630332	24.385604265402844	25.492713270142183	0.0015402843601895735
126.0	24.307023868272776	23.804231465787666	25.038078215706054	26.850310994310927	3.5545592257696065E-4
127.0	26.06978396083842	22.6320675410446	27.583011894091225	23.71401099893897	0.0011256050867871142
128.0	26.81761900530229	22.898130868805357	24.57916407476525	25.696318018898662	0.008768032228442786
129.0	24.717140754836365	26.741262436742495	22.503024393018244	26.034069891027062	0.004502524375837558
130.0	26.300572897844077	24.187190075300226	23.850619997511714	25.66155778447903	5.9244864951330344E-5
131.0	25.884902537196535	24.58721531631126	24.69788367499523	24.829050562643147	9.479088538241605E-4
132.0	26.289869084730583	25.027992336320366	22.374615068348692	26.30213239397569	0.005391116624663352
133.0	27.123503861346958	25.52795833204977	24.51155560505494	22.83449406757772	0.0024881339706115833
134.0	27.061232880201846	22.976118329580437	21.062587120734158	28.899943188247136	1.1848123642279083E-4
135.0	26.672428725621337	23.75557890920551	26.015696180335464	23.555585307105105	7.108777325843842E-4
136.0	27.78212878290604	26.287568395035983	24.225231458991413	21.69914715033519	0.005924212731370128
137.0	28.35799586015524	21.423163462256202	24.782669998447854	25.435755983758156	4.1469538254464193E-4
138.0	25.347975236401616	23.428150673854926	27.26412708078736	23.958503023772558	0.00124398518354409
139.0	25.664138814282822	23.46643556227438	25.880947275262628	24.987175127922917	0.001303220257255679
140.0	26.62779132662098	22.12950298288462	25.27416414958318	25.968245355366378	2.961855448421953E-4
141.0	25.525812109806097	25.229740128416335	25.289926029395126	23.954166303833357	3.554285490873483E-4
142.0	29.143437682344192	22.933501571307133	23.55888477179763	24.363702064765697	4.739097853484866E-4
143.0	26.677021797906697	25.319125240217716	24.221469480797985	23.782265001315125	1.184797624717722E-4
144.0	27.832081581295164	25.216494454495585	23.388569187587454	23.562558574057157	2.9620256464028567E-4
145.0	28.17368823887642	22.57220817565502	22.721079408259065	26.532431772782093	5.924044273937285E-4
146.0	27.74695638316842	21.49497553673163	25.245358376958855	25.508088962294163	0.0046207408469344045
147.0	26.368233767172338	24.371263195994093	26.81322925620236	22.44294941019734	0.004324370433864678
148.0	24.674630734762886	24.637014078699966	23.457569004349317	27.23037151038871	4.1467179911876316E-4
149.0	28.56784032719371	24.529931542393243	23.739908486231467	23.15953536976349	0.0027842744180866467
150.0	25.60476394153129	23.677291776016077	25.601683398360443	25.116260884092195	0.0
151.0	26.95248189093744	24.057638567578632	25.70595278225226	23.283097359130835	8.294001008313551E-4
152.0	27.63931955491678	23.237244616855673	23.31674915311673	25.80650894514898	1.7772996183545287E-4
153.0	25.520029527238343	23.10168709303035	25.20105952072742	26.175979733792754	0.0012441252111310105
154.0	23.277370766520093	24.756711538621044	24.750964800339354	27.212109147740936	0.002843746778568102
155.0	27.14403118569269	23.740576655643757	24.41605335554901	24.699220298430347	1.1850468419390447E-4
156.0	26.19604325072527	23.303082159312844	26.184844232920607	24.31597110297882	5.925406245852215E-5
157.0	25.367318544994298	22.926033812978627	26.654622205262275	25.051788418829652	2.3701793514715257E-4
158.0	24.883652580145508	21.398266669352896	26.251023632125282	27.466879353028943	1.777653473712653E-4
159.0	27.07771256218279	21.125112217899755	24.509692959974874	27.286652662267823	8.295976747562316E-4
160.0	26.764355909946385	21.278876557900077	26.04602708814313	25.91074044401041	0.0
161.0	24.347170643167356	20.47188242760612	29.10925317874135	26.068256792880046	0.003436957605127941
162.0	25.401441081184224	23.502281208166245	25.108282572328132	25.987995138321395	0.0
163.0	25.12556024313797	23.82328940280437	27.37500718545344	23.67614316860422	0.0
164.0	25.556555787143083	23.697883176769764	25.111548210339418	25.63235345537212	0.0016593703756162634
165.0	26.460677020672847	21.645329259056002	26.849752331192285	25.043411677830235	8.29711248632458E-4
166.0	25.14868314296162	23.278075851961077	25.668444443917636	25.904618763679295	1.777974803726398E-4
167.0	26.84865306006333	23.06828371765261	26.69912147974034	23.38323053407607	7.112084676480159E-4
168.0	26.14348133256204	24.064138794321533	24.090572872708652	25.70168846193967	1.18538468103669E-4
169.0	26.555979214688886	21.794940944893558	25.918455528336793	25.730209411950188	4.149001305749982E-4
170.0	30.993779763069078	23.196374314345427	23.393757475961337	22.416029172401448	5.9274222707480525E-5
171.0	25.75384234201927	23.650653178878958	26.230471169616678	24.363847813085155	0.0011854963999438073
172.0	27.471583888934646	24.778149594284127	23.922332950718545	23.827815048316722	1.1851774595839671E-4
173.0	29.307514713934562	20.061854228345094	22.948345378651226	27.68033014205495	0.0019555370141675693
174.0	24.773585051013363	25.487778066831446	24.013110526287722	25.724993022218083	5.333336493829033E-4
175.0	25.038059552458776	24.287713031270762	23.81766496571529	26.853955023060916	0.002607427494256252
176.0	24.67647681068982	24.10922600369673	27.781303835343184	23.431511813478075	0.0014815367921883899
177.0	22.209683843192295	25.790392019269063	24.787822178390577	27.1850166897415	0.027085269406565898
178.0	24.94595376202114	23.132560250888325	24.378053434662128	27.543254768750845	1.7778367756204056E-4
179.0	28.12005504567582	24.01604669162924	23.04942850403538	24.813402981996365	0.001066776663193716
180.0	26.761639272398092	22.401801481791242	25.31162700630768	25.52481343959589	1.1879990709847266E-4
181.0	28.174523171053	22.263218023720867	25.881949933183584	23.679238382061442	0.0010704899811058517
182.0	25.69971604691647	22.710776899441605	25.53360111488447	26.055727576267802	1.783624896549756E-4
183.0	24.017553445437407	24.859196087396228	26.221841447035555	24.900636107277926	7.729128528867402E-4
184.0	26.442615270091256	22.1908154941268	26.533466200837637	24.830367993835456	0.0027350411088570142
185.0	25.14483206377367	24.034571817915893	24.903861474908854	25.91596173008916	7.729133124210737E-4
186.0	26.732975863024418	23.086683576938764	25.391570312602198	24.78877024743462	0.0
187.0	24.52784897361839	23.41286552354903	27.36846870404245	24.68992333483634	8.934639537924269E-4
188.0	27.593541796347974	27.86171033390021	22.198660348642925	22.345551422299923	5.360988089671461E-4
189.0	24.98451156628573	23.756576627238672	25.494140606384093	25.76369892391128	0.001072276180218649
190.0	28.855265533094755	21.62357635763219	24.857538952261176	24.663440429089995	1.78727921888749E-4
191.0	26.900049827394323	23.480816453184627	24.530593125013052	25.088182553251166	3.5804115683097775E-4
192.0	26.654141777527652	23.142139786595465	24.963460784424896	25.24025765145199	0.0
193.0	27.340676421238484	24.056879981519916	21.974945637154043	26.62719950910783	2.9845097972503115E-4
194.0	27.514671216121595	23.382017515321877	24.42170247591509	24.68160879264144	0.0
195.0	26.139551045605923	21.761594923679663	24.435403847600533	27.66267402386033	7.761592535497345E-4
196.0	28.641789328977683	22.00443308697089	26.262148478476416	23.09144948292627	1.7962264873952802E-4
197.0	24.726832405707324	24.341649030394276	23.95951981430712	26.971220238416056	7.78511175228493E-4
198.0	27.25615101186373	23.26275577091422	23.85327210971292	25.62770110825313	1.1999925600461277E-4
199.0	25.848879514515417	22.946458044100307	25.520769762194085	25.683291415213063	6.012639771327285E-4
200.0	27.873293317827425	23.44124130648903	23.85849375414156	24.826971621541986	0.0
201.0	25.099885982045784	21.673634430535643	28.146558774571588	25.07949986048436	4.209523626252033E-4
202.0	25.38365267051848	24.82139710494615	28.08661706661246	21.708333157922908	0.0
203.0	25.847487454267714	24.461605937962325	22.606684599598463	27.08325938154849	9.626266230035275E-4
204.0	25.256510542023687	24.005788485607006	23.954161451814766	26.78341917781843	1.2034273611244825E-4
205.0	26.911719839281638	24.30519157365947	25.37843252061483	23.403572896438718	0.0010831700053376212
206.0	25.00046641875256	21.340854611557436	26.18137851717354	27.47724026945162	6.018306484665054E-5
207.0	25.93413009652051	23.542275500284415	26.37005245875983	24.15330116986345	2.4077457179747248E-4
208.0	28.199396250588514	22.33800574850357	22.00632889291335	27.45626910799456	0.0
209.0	27.442985807646615	20.653731025126408	25.383411524053656	26.519028616539096	8.430266342221844E-4
210.0	24.894678422130692	24.815540435957555	24.578006023882327	25.711473984139882	3.011338895477029E-4
211.0	25.806783918841177	25.37472401360278	24.82097406254989	23.996433638261276	0.0010843667448816384
212.0	28.412457721709405	22.37097135804017	24.18480946744421	25.031399842337837	3.6161046838198603E-4
213.0	29.836876648255057	23.096346444593603	22.71122842757146	24.355307253136395	2.4122644348396113E-4
214.0	27.67126644343747	24.929446216168586	24.176892639954804	23.222394700439136	0.0
215.0	26.17097722445291	24.799919175150954	22.708515708515105	26.32004341310754	5.444787734950153E-4
216.0	25.969671233530033	24.454211217889338	26.028920003155044	23.54689182422009	3.057212054953998E-4
217.0	29.241370289337326	22.832623163028202	24.974980533559403	22.950100509767772	9.255043072970462E-4
218.0	24.27720322128598	24.057740172963573	25.69139591345959	25.97334886641941	3.1182587144417166E-4
219.0	26.685271298318032	23.402445240087843	24.5116756124112	25.39966398399205	9.438651908810037E-4
220.0	27.726295284355395	21.767101801254807	25.351080246913583	25.155206435944137	3.162315320785266E-4
221.0	25.335416178433512	22.906052902397523	24.01183731901409	27.746311504641184	3.820955136892086E-4
222.0	25.866510998364582	24.471481871701087	24.63302849721091	25.02878554910728	1.9308361614719664E-4
223.0	29.996406292951463	22.723276109126523	24.547488596641152	22.731984187688987	8.448135918809515E-4
224.0	30.028106292889472	23.284616628079178	24.125393696681478	22.56162265607075	2.6072627912312535E-4
225.0	30.908127456439093	20.020540142797277	24.156834352142777	24.913251999089727	0.0012460495311246778
226.0	25.13684791265075	22.7130069672248	25.47788186286894	26.67186539536531	3.9786189020205417E-4
227.0	27.664948298413993	24.00880482525834	25.32056321443028	23.004077918689177	0.0016057432082080241
228.0	27.25683256921267	28.150057485437134	22.6772154067691	21.915625758045103	2.687805359887059E-4
229.0	27.623843630284266	25.179194527629196	21.68380848599684	25.513153356089703	0.0
230.0	26.15566094184341	22.479715798939377	27.356198434705902	24.008424824511316	0.0
231.0	25.450120676620614	24.477085301012462	24.58837249751059	25.482827748069624	0.0015937767867103964
232.0	25.088886551856465	25.475216583705883	24.577610409111454	24.857729282033457	5.571732927339727E-4
233.0	22.628068321887657	25.51977460820567	22.917908082408875	28.93382637788343	4.226096143687269E-4
234.0	26.88486766632573	21.49259833447337	26.13258598347339	25.488161123369192	0.0017868923583190918
235.0	25.230067288575125	21.989257857028605	28.02105581615172	24.759401908282857	2.171299616910371E-4
236.0	28.265979531337088	23.744427367235303	23.931020150698824	24.057985488207056	5.874625217269342E-4
237.0	27.784005202332736	24.336272017863717	22.666299454824035	25.213200622379535	2.2270259997862055E-4
238.0	26.78165029868893	22.80116388931759	24.811771392865342	25.605414419128138	0.0
239.0	27.810377884549283	23.396454133661287	23.557018783466884	25.235156172419853	9.930259026987387E-4
240.0	24.779371748605342	22.016166596874896	26.287814984371348	26.916332999273852	3.136708745614489E-4
241.0	29.096694249920297	21.122704907348222	24.093780968340244	25.684542646201976	0.002277228189258079
242.0	26.35924885717726	24.955754719431017	20.71064727560029	27.973090055769905	0.001259092021527326
243.0	27.909838036034202	23.083786342187008	25.18540062219259	23.818846902317972	0.0021280972682324734
244.0	25.638764640208215	23.019389115262477	26.050898896734925	25.289999186161268	9.481616331135968E-4
245.0	28.354113291678413	21.38541148751144	23.272946362689183	26.985470391330374	0.002058466790596924
246.0	23.902467653389632	26.89102955568915	23.504886293158556	25.69876133539116	0.0028551623714978655
247.0	25.7196685148751	22.45410282398299	25.09262902680896	26.59297680796518	0.14062282636777362
248.0	25.561707658134107	22.729193676625435	24.266025510930923	27.434398132562293	0.008675021747244884
249.0	25.19500312723909	21.761110884788998	28.640238101514253	24.388630748548408	0.015017137909246962
250.0	26.8848711670878	22.082840767114693	24.883604968429076	26.146522075637364	0.0021610217310744522
