# Position (bp)	A	C	G	T	N
0.0	24.148847239637796	23.680466741929706	25.526980133057275	26.643705885375223	0.0
1.0	22.461332820829803	30.28556488796777	23.982879611882463	23.19494006652157	0.07528261279839046
2.0	24.60994043580092	26.953611161539847	22.88852196710267	25.547201642312462	7.247932440986298E-4
3.0	26.55796091889968	22.069814084755723	24.285333966017152	27.07892500765566	0.007966022671783313
4.0	25.664066847185126	23.463907736441218	24.75202256354352	26.11965830812702	3.445447031247793E-4
5.0	28.01530949905477	24.1987068628777	22.574455878501414	25.21097710768032	5.506518857934223E-4
6.0	25.86642414463915	23.88338052984237	24.15738598452651	26.0868310401625	0.005978300829472061
7.0	25.685961680164226	25.556009303081517	23.578847318986455	25.178255915661936	9.257821058662697E-4
8.0	27.965756467863596	24.387520107591648	23.36756113169613	24.278991273570306	1.710192783191678E-4
9.0	25.90602601575941	25.97782729930551	22.237229665436065	25.878746307935664	1.7071156335259758E-4
10.0	24.687482197273482	25.37271020691928	22.86823543297766	27.071572162829575	0.0
11.0	27.02510645959284	22.29857752705099	23.069201867964384	27.606916295753553	1.9784963823193648E-4
12.0	27.397754686615766	24.755038116010674	20.164321490828833	27.682853220385457	3.2486159271842236E-5
13.0	24.498941872796905	23.379621384598355	25.092680391033756	27.02862799648949	1.2835508149745456E-4
14.0	25.98358222587569	21.953476630487177	23.845034581094314	28.217747991860886	1.5857068193004623E-4
15.0	25.240956034966818	23.978108982730873	24.417430855448277	26.363472845034558	3.128181947574799E-5
16.0	27.04275726724851	24.87772073477235	21.04395356260382	27.035445549360393	1.228860149263498E-4
17.0	28.57360525082044	26.1695036484066	19.657849183165638	25.597779701155225	0.00126221645208987
18.0	25.220635493389505	25.82383545668024	19.95428623870378	29.001064032339908	1.7877888657105373E-4
19.0	24.736945452776542	24.91500447594646	21.740641890468932	28.606874270693616	5.339101144525315E-4
20.0	22.16253559841079	25.53275877642977	24.0058999428307	28.298746835901145	5.884642759520837E-5
21.0	23.885054135095526	24.318788976348984	23.51579260268061	28.279926287852884	4.379980220009326E-4
22.0	22.282124338046174	26.617855135358603	25.76197406373753	25.3379309827158	1.1548014189045034E-4
23.0	24.89635132551454	24.142863786608608	23.00684790328535	27.95353507863864	4.0190595285872837E-4
24.0	28.210850681558757	21.508358599948014	24.646679736487837	25.634054107239646	5.687476574705858E-5
25.0	24.659596563268774	25.01516610651772	19.718472022157858	30.6064556520525	3.0965600314610496E-4
26.0	25.785290739535842	25.389980972990152	20.156210576018808	28.668349875437706	1.6783601749746426E-4
27.0	25.58690234381431	25.017949811962986	20.449056438450352	28.94600769114213	8.371463021992112E-5
28.0	28.14949440575924	23.904978734728065	22.55459044420944	25.388200710122742	0.00273570518051371
29.0	27.12876648913753	24.03180566564691	22.450502562490037	26.388570442818367	3.54839907152044E-4
30.0	23.124802002776637	24.66428207324671	25.493804058831294	26.71678666867927	3.25196466090003E-4
31.0	26.175582343388875	24.69680410217709	22.22582188411754	26.901360429623537	4.312406929498885E-4
32.0	23.79045201786728	23.08648582533627	24.724275456950437	28.398439523802654	3.4717604335748073E-4
33.0	23.48020629824369	24.87283582847557	25.300842788316817	26.346009280141015	1.058048229012423E-4
34.0	26.268205022284803	27.168430334172445	22.478137198059528	24.085122600491303	1.0484499192169337E-4
35.0	25.418407083962112	22.055273603846132	25.991087714437437	26.534894345287896	3.3725246641808565E-4
36.0	23.521998918139104	25.333221708650765	26.25249244006286	24.892053661751813	2.3327139545799855E-4
37.0	24.751079682484736	25.87227047872919	21.220955841582313	28.155693997203763	0.0
38.0	26.583364460707237	25.102254070864728	21.48488193961272	26.829370011309468	1.2951750584512504E-4
39.0	22.887483347249475	27.606064812608643	21.774235320198983	27.7319575347092	2.5898523369791545E-4
40.0	26.304684683938167	25.681215067885866	23.505739328226184	24.508335025128336	2.5894821450027137E-5
41.0	23.555802964593177	24.76473558159104	21.701780050488708	29.972632532850024	0.005048870477053531
42.0	24.669861840199385	26.271823783409587	20.235115272965732	28.823121437564026	7.766586127168527E-5
43.0	25.630300391544946	26.028989753978482	22.466774592185978	25.870078314166804	0.0038569481237888796
44.0	29.195477683992788	25.138468880995447	22.23546232041751	23.430409940357443	1.8117423681646844E-4
45.0	26.02386896961491	24.286410038237552	22.470074508366924	27.215842395861152	0.003804087919458919
46.0	25.227022553986266	24.587653968308185	22.179483795710496	28.005839681995052	0.0
47.0	24.74814745818844	24.656218951813212	23.473671137605564	27.12009956118563	0.0018628912071535022
48.0	22.41797093727733	24.050237102883383	23.26484269222662	30.266949267612663	0.0
49.0	22.483587616975	25.51329348069242	24.837298554727553	27.163880731726554	0.0019396158784714275
50.0	26.669933554602498	24.078265670395144	21.208610620144114	28.043112577044464	7.757781377962988E-5
51.0	23.937150791044736	27.590952692447907	21.987113688603216	26.48240413478916	0.0023786931149762
52.0	22.72032987279869	26.02117534227686	21.09061715062764	30.167877634296815	0.0
53.0	22.195181880318167	25.113527753935927	24.39761901753921	28.291892340650556	0.0017790075561412244
54.0	22.910035926846906	28.532439222783836	22.176184638469184	26.381237084962418	1.0312693765847711E-4
55.0	24.199793342416392	28.07601172465474	22.28381317701832	25.43860731921705	0.0017744366934992354
56.0	25.91475299226439	26.13398515001692	25.398197184489284	22.553064673229404	0.0
57.0	23.044054742479002	27.70730581057132	23.320909001388642	25.922588278790798	0.0051421667702384755
58.0	25.409039960512516	25.546320671287248	21.51805729798655	27.52632499023096	2.570799827242252E-4
59.0	27.87382588980459	22.750412577310048	24.359952495771402	25.012852875702407	0.0029561614115542214
60.0	24.09778728929467	22.592102190642617	24.2607062301291	29.04937862936647	2.5660567149855144E-5
61.0	24.89838144125162	23.756471592218233	23.12433513674951	28.21444864266548	0.0063631871151618846
62.0	25.15905656456293	22.280901153766226	24.96447877834706	27.59543522155544	1.282817683385202E-4
63.0	25.97624962928528	23.764583583469562	23.343431140446746	26.91306752703267	0.0026681197657390846
64.0	24.931554945047903	22.043984741295247	23.94632544300602	29.0780836153443	5.1255306525953765E-5
65.0	23.615536891468548	26.696853798696928	24.07623660253823	25.606478189284594	0.004894518011698154
66.0	24.803639296945146	23.847895919346307	23.222170745407062	28.125576551718485	7.174865830008979E-4
67.0	27.121730607852307	25.12197403063284	20.80693370572748	26.948644199171078	7.174566162952334E-4
68.0	23.346126538714117	22.853179456156816	26.923125211223685	26.87736381564973	2.0497825565041777E-4
69.0	23.02618532389997	24.862145422551627	25.024711595567133	27.083985605015187	0.0029720529660832388
70.0	24.92700835429133	23.3685826765812	25.007386782685842	26.696715203265075	3.069831765544669E-4
71.0	24.73782565568786	22.80745181210671	26.702318209413345	25.75140908741765	9.952353744419984E-4
72.0	27.087023074506895	25.904859983970756	22.028319350910046	24.978113524910267	0.0016840657020372348
73.0	25.6288432855432	23.053819647311975	23.040960857742494	28.272115459683867	0.004260749718458844
74.0	25.275767605680517	25.708316729535746	23.292674651116158	25.722348107779354	8.929058882296125E-4
75.0	25.064663095006985	24.472306031761256	22.606993537899754	27.85374137772253	0.0022959576094795497
76.0	27.130114336864807	23.21282483049466	25.620350385438268	24.035843118627845	8.673285744204906E-4
77.0	24.56756972540413	24.93845564023352	24.197678621487967	26.29540323384969	8.927790246924822E-4
78.0	26.856177386808934	26.82235531691356	20.44477807391219	25.876204592404523	4.8462996079343617E-4
79.0	27.33949470306695	20.939840562761674	22.93536938248996	28.782515211067512	0.002780140613900958
80.0	23.802641170076395	23.564401283603146	28.21715663845331	24.41307189942558	0.0027290084415627475
81.0	25.428765622748482	25.264596853070607	21.469893253319018	27.836157680570984	5.865902909105284E-4
82.0	22.27084492652868	22.50072810792421	24.182415135259756	31.044889702488216	0.0011221277991350436
83.0	25.362159361084707	22.494925752389978	24.31612097200117	27.82569733129896	0.0010965832251838754
84.0	23.81620127160298	25.921182851388508	24.703640717713878	25.557955143265076	0.0010200160295519044
85.0	25.422872644924166	27.15990482672134	21.58534243791387	25.83108961470428	7.904757363472729E-4
86.0	25.667143220304194	25.24314052161842	22.875339534905066	26.21251538472718	0.0018613384451296548
87.0	21.981575232935725	22.820052053587457	25.21299748706819	29.98445735358909	9.178728195421242E-4
88.0	24.273280568158757	27.278391875754025	26.211921421294328	22.235666769667876	7.39365125013895E-4
89.0	26.61083614236554	25.83670578661485	23.61677577319982	23.934637037006823	0.0010452608129681686
90.0	23.655756085100393	25.384067869028154	25.18522087567117	25.7748277041789	1.2746602138268E-4
91.0	26.42726185365595	25.090268168603906	24.52518076576774	23.956881335469244	4.078765031523755E-4
92.0	25.638699435020186	24.436014327912613	22.78303286385934	27.142253373207865	0.0
93.0	25.88368051971026	25.79265577377534	21.605262560892395	26.7181462457454	2.5489987660296974E-4
94.0	28.00462375293764	23.43276696183237	22.933559678019584	25.624028221715832	0.005021385494568238
95.0	23.715982207214783	26.771988903468124	24.340926770434123	25.168910135831585	0.0021919830513831414
96.0	25.712376368591976	25.051292729711143	24.134038543587224	25.101425797707083	8.665604025733785E-4
97.0	25.686771737025065	25.051736617291752	22.53078711019135	26.73055161938161	1.5291611022193226E-4
98.0	28.176392184246673	23.07528027177251	24.524105028963753	24.224222515017065	0.0
99.0	21.934503568318902	22.2602351393093	27.12714845108688	28.678087359663152	2.5481621762528103E-5
100.0	22.47457754088908	24.78022494630637	24.355924874528007	28.389272638276548	0.0
101.0	23.208221649221862	21.78816029515181	29.256285734669124	25.74723040389731	1.019170598966561E-4
102.0	24.726935377678668	24.52376123394532	24.70270430034102	26.046599088034995	0.0
103.0	25.604943033687057	25.5511601286	25.11941919557997	23.724197390140585	2.802519924005851E-4
104.0	25.867088765615343	26.527803042230786	23.435816145437645	24.16888441856685	4.076281493732972E-4
105.0	27.400564266166093	23.6122002558917	21.271876523847304	27.712174320233533	0.0031846338613711043
106.0	25.90540041684532	23.482693989626508	24.58454951433011	26.027228697056483	1.273821415842313E-4
107.0	25.697754163494942	24.797187889459885	22.53285602047024	26.971361228214448	8.406983604853428E-4
108.0	23.762282666786223	24.743545916170913	24.71384385888313	26.780225664309693	1.0189385004383982E-4
109.0	25.547611290677143	24.87692389595761	25.532531650051464	24.042194464702053	7.386986117305849E-4
110.0	24.335158510763215	24.188164526283803	23.151616233372753	28.324958844995596	1.0188458463310469E-4
111.0	24.394542945862725	24.18476205176718	24.55238804065511	26.867466411750783	8.40549964200213E-4
112.0	25.306010068825202	24.450394251101198	23.845378380705103	26.398089949054782	1.273503137147628E-4
113.0	28.21947373085884	21.899211380730634	23.125386490679908	26.75506245485636	8.659428742579633E-4
114.0	26.63409463226185	21.88618108984808	27.29219982721523	24.187193347786398	3.3110288843972094E-4
115.0	26.73665995446981	23.057389537836464	26.34905732942861	23.856129077939762	7.641003253539186E-4
116.0	26.546958856351395	24.33994851472338	25.236751022815866	23.876265195784903	7.641032446116076E-5
117.0	25.77977791146717	26.73072720520852	23.78651830200434	23.702161540142562	8.150411774084849E-4
118.0	26.694090936644688	24.1626649238476	25.434019508910126	23.708791642618856	4.3298797872551775E-4
119.0	26.542470928396337	21.63738281194284	24.837627936451014	26.981856099891804	6.622233180037125E-4
120.0	25.427536770811155	23.588410406773754	24.950435687120308	26.03351525592607	1.018793687146797E-4
121.0	27.23290388490242	23.397642350782526	24.66344675855707	24.705191968109613	8.150376483718732E-4
122.0	27.48338661214747	24.054295742882243	23.825117460873756	24.636639845998715	5.603380978202593E-4
123.0	24.025940452185218	28.078843203760968	23.56216139531555	24.33223991607201	8.150326662545658E-4
124.0	25.02270628333672	24.834535760295	22.356609120310445	27.78602148730104	1.2734875679596642E-4
125.0	26.13635726900364	24.125850615621832	25.183163477638086	24.55371173789705	9.168998393897115E-4
126.0	24.120431768244337	23.698683204148054	24.86228033557524	27.318502814246486	1.0187778587989168E-4
127.0	26.02992009829041	23.090351178354105	27.549356599200674	23.32945523599173	9.168881630756912E-4
128.0	25.599508137682736	23.30460061401288	24.953556807397902	26.132910815316805	0.009423625589677003
129.0	24.468945633847298	26.796813317236918	22.25989089075322	26.471574035870553	0.002776122292007315
130.0	25.863032831706338	24.461581053378488	24.075192347511955	25.60016829850164	2.546890157975956E-5
131.0	25.13491086764727	24.664238254069485	24.86254220262558	25.337570066036797	7.386096208742285E-4
132.0	26.092859815293018	26.0376428147732	22.07875197353659	25.784505467832915	0.006239928564279033
133.0	26.975541934207136	25.709736236145858	24.62641540381112	22.686523600909037	0.001782824926846873
134.0	26.516899604825227	22.987170827768388	21.321864198021377	29.174039900528836	2.546885617329417E-5
135.0	26.92825096118386	23.98477183216823	25.67723476521034	23.409054790026914	6.876514106531975E-4
136.0	27.96591542630804	26.317107156237434	24.183446665873735	21.527112578574865	0.0064181730059284054
137.0	28.012121147291346	21.33273023035834	24.36334814857829	26.29167312939386	1.2734437816594042E-4
138.0	24.76638072664234	24.31176130073466	27.214362826082027	23.70619630665966	0.0012988398813115023
139.0	25.313865765258942	24.082418398211786	25.053793371821264	25.548827369435994	0.0010950952720152989
140.0	26.15744260252646	21.601961837483188	26.069272992925292	26.171067888816644	2.546782484146916E-4
141.0	25.568512473541492	25.477972234836166	25.256396967118484	23.696659892915477	4.5843158838140797E-4
142.0	28.859666012628438	22.252504599661364	23.7525392371999	25.13503546272695	2.54687783340159E-4
143.0	26.927461435490148	25.37130629318196	24.08323332674546	23.617846133157837	1.5281142458959947E-4
144.0	27.37664965259145	25.713606786137888	22.902349429764026	24.00678287786872	6.112536379142294E-4
145.0	28.254289805272105	22.17579860645955	22.75278995884782	26.81651038278811	6.112466324130845E-4
146.0	27.139323141841516	21.851889300665476	25.428649072534853	25.574790002004406	0.005348482953748102
147.0	26.101476836609717	25.076067769397824	26.7320236968261	22.08706986723064	0.0033618299357202836
148.0	24.474086819831392	24.629752587701436	23.309318730498802	27.58633248445571	5.093775126637617E-4
149.0	27.882493111846095	25.338447894789656	23.89497914833943	22.882016837200155	0.0020630078246575787
150.0	25.111047719955987	24.12195892253148	25.221204001793062	25.545789355719467	0.0
151.0	26.343739843693488	24.10318858357284	25.593255652127844	23.95910275049336	7.131701124669267E-4
152.0	27.60411280672467	24.375572772624487	22.80797783436804	25.212209232725378	1.2735355741786078E-4
153.0	25.146446242932395	23.444491028305045	24.72703867077397	26.68110709742757	9.169605610168481E-4
154.0	22.985682519224547	24.417787196539965	25.348334297001763	27.245470546132548	0.0027254411011800907
155.0	27.216804422731357	24.121075888196728	24.393115032894855	24.26885181088554	1.5284529152437195E-4
156.0	25.792387173033614	23.618895014112923	26.24634439609933	24.34216962002099	2.037967331383678E-4
157.0	25.618466015766906	23.022348079373565	26.22351951552922	25.13538616582404	2.802235062685998E-4
158.0	24.971091816060646	21.781167021920798	26.1244130791604	27.123200705973645	1.273768845091621E-4
159.0	26.696648483619462	21.952768575292183	24.718490559115963	26.631608338589874	4.8404338251553777E-4
160.0	25.76313805015744	21.746058839714262	26.45043360405988	26.040318553769957	5.095229845818344E-5
161.0	24.299039468096193	20.745175876721337	29.21560340169382	25.736283383789093	0.0038978696995659607
162.0	24.860502715044408	23.11876746104496	25.30703160070173	26.713698223208905	0.0
163.0	25.04028536175809	24.218043612900793	27.242993404283126	23.498575713423502	1.0190763448686832E-4
164.0	25.30780342770957	24.28766875495214	25.054839786296807	25.348108441378116	0.0015795896633690608
165.0	25.94157429101667	22.34384124399095	26.63756370836981	25.076230930802083	7.898258204761579E-4
166.0	24.842392078416804	23.672999010642915	25.336662954348167	26.14774212304361	2.0383354850512297E-4
167.0	26.432579774900706	23.642764177759748	26.592771668839248	23.33145122084212	4.3315765817643684E-4
168.0	26.461559003064846	24.401581038948066	23.749295453086095	25.387462581296816	1.0192360418172163E-4
169.0	26.95228400008664	22.14493300189967	25.07355967143729	25.8289939901105	2.2933646589957867E-4
170.0	30.815385701336893	23.590727480804567	23.02580295144972	22.567905487965696	1.78378443118045E-4
171.0	26.159759825878346	23.521508972764313	26.83134424167457	23.486495047466292	8.919122164706626E-4
172.0	26.768370609064164	24.751875254036875	24.38221416949213	24.097412550791447	1.2741661538147897E-4
173.0	28.907826981311274	19.860448083919728	23.299757322066974	27.930515061806037	0.001452550895981811
174.0	23.887595878892718	25.869991292250866	24.23452972930546	26.007475361809906	4.077377410462704E-4
175.0	25.69269585599296	24.211526587477643	23.101745401670712	26.992375765029124	0.0016563898295625832
176.0	24.49054216205872	24.31446505302571	28.57884368557164	22.614875024748898	0.0012740745950290196
177.0	22.105796714386486	26.828713236643274	24.867074955861547	26.17451101116815	0.023904081940542547
178.0	25.293448389649008	23.421647082206317	23.790793880933787	27.493779391023722	3.31256187164842E-4
179.0	27.826338685382147	24.491210491296624	22.84497576173491	24.836404770744977	0.0010702908413428888
180.0	26.885934673773743	22.07399490597563	26.02849251159004	25.011450187660465	1.27721000116737E-4
181.0	28.277999286782503	22.260085964708527	25.765723913200304	23.695244312806757	9.465225019096731E-4
182.0	25.665736430937347	22.681073175845235	25.4913396033693	26.161850789848117	0.0
183.0	23.465569484256253	24.41473761022769	26.662412118915636	25.456718286296802	5.62500303622323E-4
184.0	25.575542327636462	22.124231638591432	26.632736031419718	25.663552309942418	0.003937692409970033
185.0	24.02963766696818	24.779604302733517	24.948905423004806	26.241341278026596	5.113292669021168E-4
186.0	26.712553797551692	23.527334768360838	25.179593632732335	24.580517801355136	0.0
187.0	24.481033418407307	23.140299366193794	27.134245907798654	25.243525522703287	8.957848969642617E-4
188.0	27.827808124753155	27.766556748644884	21.966335547478007	22.438864446071786	4.3513305216912545E-4
189.0	24.996601907078862	23.75900494624102	25.12523028318977	26.11813895601882	0.0010239074715296128
190.0	28.389171526604624	22.24651373424739	24.85809305429725	24.50601688521774	2.0479963299905766E-4
191.0	26.544772707282426	23.76455238319436	24.375176139002296	25.3151654046203	3.333659006174706E-4
192.0	26.708398204940337	23.498930211529096	24.785240894103637	25.007405044252028	2.5645174898810552E-5
193.0	27.547482237843234	24.63482452263843	22.141184684110485	25.676200774632914	3.077807749355648E-4
194.0	27.48319120486993	23.63565524226903	24.351559993156698	24.529593559704345	0.0
195.0	26.514764572619193	21.27277498851358	24.881294154739216	27.330422328320015	7.439558079988589E-4
196.0	28.387133608961374	22.124165323331443	26.553133837336933	22.935464358496134	1.0287187410951535E-4
197.0	25.70993363072571	24.190819830170998	23.745837291234384	26.352483272643372	9.259752255328408E-4
198.0	26.785167758469846	23.576070188672247	24.592029373060747	25.046603868662103	1.2881113505280742E-4
199.0	25.43195049847932	23.240710146351805	25.317632092313147	26.00898503465793	7.222281978007635E-4
200.0	27.660250663935688	24.143423006032496	23.32523755289881	24.871037184267788	5.1592865222668356E-5
201.0	24.541422034135298	21.5707459479875	29.607308353339928	24.28003349653348	4.901680037933844E-4
202.0	25.501885246366896	25.301776161631174	27.998243498389787	21.198069293059703	2.5800552441428876E-5
203.0	25.60756694728436	24.487556747071633	23.07795548711823	26.82609489036965	8.259281561231346E-4
204.0	25.881495948256212	23.827036113217027	23.947428130689357	26.343936555678336	1.0325215906717869E-4
205.0	27.56227001926327	24.524291283720398	25.10843654661416	22.80404698977255	9.55160629621235E-4
206.0	25.21749929193482	21.1480027914679	25.905271335481928	27.729200762877298	2.5818238054998527E-5
207.0	25.537799829618713	23.540170913244214	26.937234973560948	23.984458582344026	3.357012321009913E-4
208.0	27.923015451975314	22.33777182237021	22.331263117494004	27.40794960816047	0.0
209.0	27.147837251024576	20.693314458495806	25.42771268742985	26.730412297232192	7.233058175745231E-4
210.0	24.667692734596773	25.129733345493882	24.712002953670115	25.490209250165165	3.6171607406808374E-4
211.0	24.845987774124705	25.954607031713156	24.915247404185244	24.283460025047177	6.977649297143971E-4
212.0	28.534436200403363	22.54988974862583	24.276114218820734	24.639172032733374	3.877994166979707E-4
213.0	29.478762481245795	23.29851518443789	22.46888095607636	24.75347922810285	3.6215013709969476E-4
214.0	27.364237299718564	25.382442537840426	24.063929564718574	23.189364711534676	2.5886187751484315E-5
215.0	25.288007671901656	24.85371285998364	23.086305780080455	26.771584488477618	3.891995566238651E-4
216.0	25.72580936954152	24.942278720236768	25.451767663393305	23.88009180869099	5.243813741833415E-5
217.0	28.758195689474608	22.839421610173975	25.8247259640712	22.57702202654356	6.347097366589303E-4
218.0	24.25478833928072	24.59388006568818	25.71438028671309	25.43665767618462	2.936321333922733E-4
219.0	26.331202439739833	23.525135305413265	24.31877263114854	25.8242970354155	5.925882828596264E-4
220.0	28.205913112390057	21.77072913012788	24.69015109194133	25.33277361325833	4.330522824020544E-4
221.0	25.288521853914503	22.732652961037687	24.498120885174902	27.48037702298029	3.2727689261499693E-4
222.0	25.78141285042478	25.03389704629794	23.966060711811743	25.21846373699371	1.6565447182866245E-4
223.0	30.209592496042916	22.980952192486512	23.878114768468283	22.930643750172454	6.967928298345507E-4
224.0	30.102668612786275	23.290178950615353	24.64256257460001	21.964478101684005	1.1176031435941223E-4
225.0	30.647177648383362	20.27968763883437	23.91120111483648	25.160977573925962	9.560240198223145E-4
226.0	25.5823363798252	22.302676621689223	25.10015064569351	27.014722529072	1.1382372006649582E-4
227.0	27.82784189010219	23.671754475174307	25.659217379563152	22.83983601800699	0.0013502371533553393
228.0	27.31852394689519	27.907389368115442	22.841204859454546	21.932766237072514	1.1558846230645795E-4
229.0	27.925421950377594	24.847940880990198	21.875504249777002	25.35110373984461	2.9179010603944243E-5
230.0	25.991642083983933	23.18186203967039	27.51849437490954	23.30800150143613	0.0
231.0	24.824917429089318	25.17284366335428	24.182380812502537	25.81842519421777	0.001432900836097638
232.0	25.006631029135722	25.1746871114397	24.484039922996047	25.33440189917475	2.4003725378178695E-4
233.0	22.964862465646814	25.062018143347036	22.484647469416544	29.487894301627065	5.776199625459056E-4
234.0	27.114244743645006	21.706340727163585	26.56832242517962	24.609795229725844	0.0012968742859471938
235.0	25.969439658246714	21.814894897600396	27.228678896809576	24.98683013565273	1.564116905851424E-4
236.0	28.766601633157695	23.67551875541858	23.67272616492278	23.8849313086206	2.221378803476521E-4
237.0	28.029481662627752	24.978025681652817	22.394211414588124	24.59818503835124	9.620278006793841E-5
238.0	27.12339635551515	22.364584291098737	24.28621230438437	26.22580704900174	0.0
239.0	27.90976170355597	23.332365064098653	23.881937536413133	24.874946544614186	9.89151318060617E-4
240.0	24.62540943144597	22.18232074334478	27.26813430169609	25.924101432635062	3.409087809920173E-5
241.0	29.345619571506347	21.470730296136114	23.15121869629109	26.030383350429158	0.002048085637287447
242.0	26.16901608852898	24.48932824115213	21.210877457247637	28.129820521818598	9.576912526533179E-4
243.0	27.609687019969275	23.49390360983103	25.288087008997145	23.60561361641431	0.002708744788237876
244.0	26.803291616027607	22.48174846399155	26.271353876211517	24.442540862583726	0.0010651811856016368
245.0	29.219466699442364	20.911446740694302	23.52709899603765	26.339956296772936	0.0020312670527451197
246.0	24.65688986126611	26.659957815627532	23.611178168966482	25.069284176170104	0.0026899779697701653
247.0	25.293433859280945	23.081621196811497	24.763099031876397	26.72556589026781	0.13628002176334947
248.0	26.125205735947617	23.482309388822006	24.07384671145851	26.307190616192784	0.01144754757908578
249.0	25.963498492268645	21.674562653746065	28.303337841192576	24.04134499705745	0.01725601573526425
250.0	27.00221723472942	22.499452910464143	24.26506479314449	26.232499658177762	7.654034841862422E-4
