# Position (bp)	A	C	G	T	N
0.0	23.71809428202969	24.12593111101368	25.415600182026814	26.740344187916985	3.0237012825028988E-5
1.0	22.98258706993147	30.254637809787106	23.531733685167005	23.155113925968266	0.07592750914615654
2.0	24.739349763127354	26.792547129904364	22.49608223026099	25.97114775223136	8.731244759371411E-4
3.0	25.235979952646083	22.711380251473305	24.493604574035842	27.55118401337533	0.007851208469438493
4.0	25.904485033856574	24.154818069021236	23.6759447618498	26.264661963296398	9.01719759926131E-5
5.0	28.04205929140073	24.358328927890938	22.43656538201865	25.16238595758107	6.604411086164449E-4
6.0	25.236965936905186	24.076194734796253	24.006274536130583	26.673551793244805	0.007012998923174994
7.0	25.30407448142719	25.66462186034912	23.84385311125744	25.186942186226297	5.083607399579316E-4
8.0	27.15848132878658	24.593647949392746	23.70475004073817	24.54303114664368	8.953443882499777E-5
9.0	25.992032575213393	25.988665889846224	22.32145171473032	25.697581677127722	2.681430823404839E-4
10.0	24.770777374557092	25.352064045414714	23.074363260563114	26.802795319465083	0.0
11.0	26.84731220199649	22.69638499677772	23.43880572258886	27.01732430211242	1.7277652450806204E-4
12.0	27.943786348882927	24.722755368314083	20.410467514224816	26.92287734999755	1.1341858062884366E-4
13.0	24.76711805780057	23.383947247107468	24.814840627609172	27.033982108374737	1.1195910805537386E-4
14.0	26.362397084215523	22.15648268676786	23.784270287924574	27.696711431910686	1.3850918135810468E-4
15.0	25.611666308024873	23.68477680283039	24.08327880885776	26.62025077253627	2.7307750704266892E-5
16.0	26.043649751892943	25.198282771909454	21.563535262854828	27.19437099145282	1.6122188995584938E-4
17.0	28.423911769053245	26.35006084992819	19.562850111042227	25.661807191489284	0.0013700784870539439
18.0	25.539002428298847	26.200790907747102	19.916673152228586	28.343246231801473	2.872799239909554E-4
19.0	25.23117895164259	24.529087605775825	21.69045048806032	28.54863390361542	6.490509058414062E-4
20.0	22.74512716410028	25.32724538297767	24.34107375682857	27.58647633311878	7.736297469921276E-5
21.0	23.50810615527425	25.049483316395403	24.05232029163942	27.389732032745982	3.582039449512178E-4
22.0	22.433812401133828	26.964065227410877	26.167333439246665	24.434687579735893	1.0135247273428447E-4
23.0	25.130172601656202	24.74094113706436	23.298903129994027	26.829579573520153	4.035577652585191E-4
24.0	27.84173166913036	21.7354015204868	24.782295979536308	25.64047090072267	9.993012386089027E-5
25.0	24.649794532272733	25.543601409430437	20.125101299102237	29.681280123805067	2.2263538952782495E-4
26.0	25.74907800773478	25.6090801952006	20.07661046026493	28.56501013239084	2.2120440884965104E-4
27.0	25.715497693895472	25.206515269105157	19.813507075149772	29.2644799618496	0.0
28.0	27.361154105705175	24.24575370855624	22.960978348649096	25.429158715694555	0.0029551213949335652
29.0	27.010763009803096	24.2555764869632	22.455526091599573	26.27760646020566	5.27951428468581E-4
30.0	23.001707763830446	25.254740444924316	25.20080227956082	26.542320485181303	4.290265031122297E-4
31.0	25.931946325050813	25.01861770670159	22.48388302887861	26.564960207541493	5.927318274941741E-4
32.0	23.895072716290745	22.746444155506925	24.754256758409557	28.603850040173185	3.7632961958720403E-4
33.0	23.659419581467795	25.22267749260535	24.903499437196427	26.214240559656716	1.6292907371563012E-4
34.0	26.057712939612987	26.849137443732534	22.529319068526906	24.56362289782913	2.0765029843962336E-4
35.0	24.93645312053311	22.551538505801194	26.15293174202022	26.358802624260065	2.740073854123948E-4
36.0	23.46864359204403	25.187344155507912	26.288563492166688	25.055197835108856	2.5092517251675895E-4
37.0	25.417915985142486	25.648294530635923	21.675444675286652	27.258299202967308	4.560596763207659E-5
38.0	26.514804903364116	25.85094540877819	21.056435009999724	26.57765510172864	1.595761293259664E-4
39.0	23.15101965279134	27.67878082450604	21.772618920367094	27.397421062575823	1.5953975970121393E-4
40.0	25.962984181067505	27.14141694502136	22.72796258037876	24.167340050306656	2.962432257150058E-4
41.0	24.156246945400333	24.87214827132159	21.373300161567673	29.593086881301872	0.005217740408528568
42.0	23.980113965150686	26.34719638985814	20.93298601270512	28.739589721812397	1.1391047365797516E-4
43.0	25.876383227984128	25.82494818340671	22.49672722319324	25.79779558237204	0.004145783043884024
44.0	28.0485624557447	24.971229072609326	23.1031514898364	23.87662425066339	4.3273114618865206E-4
45.0	25.53302147479199	24.61320348917835	21.57018035436925	28.279222620135485	0.004372061524924964
46.0	24.99759219063748	24.455670009669944	22.730221297603187	27.81651650208939	0.0
47.0	24.800036062149836	25.322140406978665	23.36556387975003	26.51046109693137	0.0017985541900962499
48.0	22.741484494732045	24.414270973157034	22.65095042565578	30.193294106455138	0.0
49.0	22.370221524856547	26.37070851770981	24.514309966399768	26.742825673626037	0.0019343174078326202
50.0	26.964544629586314	25.36644072825771	20.164911980500182	27.503920624532963	1.8203712283045882E-4
51.0	24.45910934932049	27.049241865823625	21.806526997439217	26.682732995899467	0.002388791517196569
52.0	22.830794746649214	26.364303954636508	21.634399011420346	29.170502287293925	0.0
53.0	22.328720716504332	25.788001935566673	23.998192322221964	27.88324832349904	0.001836702207988158
54.0	23.179911953806926	28.77378159873112	22.60029908042406	25.44598469225214	2.267478575161813E-5
55.0	23.788051544168674	28.937535652197916	22.133201250024605	25.13958238534219	0.0016291682666079563
56.0	26.60692848839603	25.481577410081645	24.67016625059899	23.241327850923334	0.0
57.0	22.637756665991763	28.04330392035988	23.012113198284766	26.301215844321252	0.005610371042341334
58.0	24.964266899737638	25.93188238511404	21.511609101258525	27.59197018030654	2.714335832558051E-4
59.0	27.319130264659286	23.041450056487335	24.389682325174807	25.24684230703553	0.002895046643046403
60.0	23.547690079024413	23.049453893842266	23.98483247994012	29.418000961690698	2.258550250145733E-5
61.0	25.178046850440644	24.10619758412736	23.206094423547352	27.503066814090545	0.006594327794097986
62.0	25.063798739900083	22.423780801056097	25.32621981993863	27.185997404467866	2.0323463732440245E-4
63.0	25.84894152851362	24.160914852832825	22.639712794305563	27.347901810119353	0.002529014228640499
64.0	24.98696058874576	22.09286495136987	23.514983489423088	29.405168430424546	2.2540036740259887E-5
65.0	23.57836194624925	26.432388744995407	23.78582549532063	26.19783435551296	0.005589457921749393
66.0	24.489548931589933	24.524616454601304	23.32637091252636	27.658697444352843	7.662569295543946E-4
67.0	26.47552552508564	25.51447136274487	21.15531573646753	26.853988771400672	6.986043012841474E-4
68.0	23.826919402059477	22.863004413164496	26.598510196429086	26.711295573855605	2.7041449133231415E-4
69.0	23.29119200873397	25.39561431280272	24.95578371935027	26.354503142854245	0.0029068162587922745
70.0	25.150312552887332	23.973805691487254	24.344714687465117	26.530761973692265	4.0509446802994455E-4
71.0	24.368697412027522	23.489623597841128	25.98062455049657	26.16013410802808	9.203316067014507E-4
72.0	26.774729683475762	26.262769544992903	22.08231537956536	24.87830004993912	0.0018853420268549017
73.0	25.397811046205014	22.87490378163424	23.226518791474884	28.496480034829364	0.004286345856494936
74.0	24.633445627927088	26.168933763842066	23.35421625322315	25.842596534044155	8.078209635374301E-4
75.0	24.82665479543897	25.24472066190471	22.426455904507222	27.49987995639837	0.0022886817507248615
76.0	26.666508109738146	24.26275515698931	25.34990971229995	23.719772467815936	0.001054553156659032
77.0	24.235329751074115	25.520343717397886	24.239951538539202	26.003522430252517	8.525627362776662E-4
78.0	27.426208331145936	26.59439047361367	20.294026983770163	25.68472360009746	6.506113727765357E-4
79.0	27.66251238645238	21.38736791616629	22.55306853115351	28.394269332231964	0.002781833995851029
80.0	24.06520723795047	23.43154334743768	27.923093523469138	24.577463935647906	0.002691955494797123
81.0	25.042329385880695	25.41411912705007	22.060048058546005	27.483077218490514	4.262100327149848E-4
82.0	22.561637195346947	22.53550476967239	24.356968486089137	30.544498810357773	0.0013907385337533363
83.0	24.96886131672723	23.082775625852207	24.32726873878071	27.6200849609973	0.0010093576425532621
84.0	23.139883989605625	26.37352458167043	25.039844649602582	25.445378626221977	0.0013681528993851387
85.0	25.25350117911437	26.97860773673959	21.401211746064853	26.365939237763957	7.401003172339087E-4
86.0	25.24811259507105	25.161055937602665	22.918618171787767	26.670307109066382	0.001906186472130993
87.0	22.16743698133821	22.455096869938398	26.18018927518364	29.196290201018826	9.866725209236242E-4
88.0	24.51854728690375	27.060418492304738	25.724813818551684	22.69541316002142	8.072422184092485E-4
89.0	26.72197841523365	26.36907116264094	22.590324435200408	24.317392751084572	0.0012332358404345295
90.0	24.044158516671327	26.03464152539124	24.597810370036207	25.323120530992778	2.6905690845092055E-4
91.0	26.339765048570246	25.086335020910305	24.13255247866651	24.440809364337042	5.380875158988046E-4
92.0	25.4784289952184	24.627547286899564	22.929303708699067	26.96469758982986	2.2419353103017823E-5
93.0	26.40592174244644	26.06488978224576	21.133534458194777	26.395295319284784	3.586978282415803E-4
94.0	27.810068156898737	23.925799705295336	23.065403766238628	25.19408788278708	0.0046404887802172605
95.0	23.92145030140637	26.73116156955032	24.16193875659309	25.182781761882804	0.002667610567414218
96.0	25.864664182241025	24.876012216649386	24.454212782650117	24.80367620275155	0.0014346157079212082
97.0	25.597357371681362	25.23150119830113	23.455074690965624	25.715887419765828	1.793192860581945E-4
98.0	28.166058911563617	23.346335683887553	24.076291813001944	24.411291177565577	2.2413981303601634E-5
99.0	22.352933794126923	22.408758813282457	26.800110350218514	28.43819704237211	0.0
100.0	23.013367951561374	25.17046362385709	24.453358951897737	27.362809472683804	0.0
101.0	23.298667598854482	22.38487704532315	28.319440149508583	25.996970389591766	4.4816722015318355E-5
102.0	25.036958455267666	24.449141423206974	24.88237945000082	25.6314758530249	4.481849964246042E-5
103.0	25.772468700173246	25.760122644950755	25.380150949010567	23.087100859428848	1.5684643658340063E-4
104.0	25.414670280327595	27.23886549688734	23.036416237813302	24.30977911139074	2.688735810196762E-4
105.0	27.329958274086064	23.43805666855033	20.786370580429825	28.442096611780503	0.0035178651532825718
106.0	25.410666012406303	23.079056834388105	25.490902532010022	26.019307402664765	6.72185308045722E-5
107.0	25.60778629672541	24.72748342360271	22.83540023432023	26.828501029436115	8.290159155371697E-4
108.0	23.478700939441065	25.26512651560874	24.572744066717476	26.683316463988092	1.1201424462746077E-4
109.0	26.111071037668687	24.69237410355585	25.557042006475765	23.638639201474184	8.736508255104249E-4
110.0	24.057942510872003	24.636386484710197	23.36359917907235	27.942004624326145	6.720101930506083E-5
111.0	24.4892555674352	23.931890438170708	24.975051627171517	26.6029735548368	8.288123857722929E-4
112.0	25.715166969356773	24.253249924066147	23.710289283336753	26.32115942704213	1.343961982003453E-4
113.0	27.845879823731078	21.91136291247792	22.947079454062703	27.294781861162914	8.959485653847584E-4
114.0	26.193388615979885	22.792970513059725	27.13260824231244	23.880741439428945	2.9118921901035534E-4
115.0	26.82850722236608	24.003267783525246	25.716412480836382	23.451050896602023	7.616166702656787E-4
116.0	27.086133392112167	24.704156989663527	24.558688335985547	23.650931680357836	8.960188092268432E-5
117.0	25.90367882577922	26.718903339008893	24.085647295162886	23.290964118965928	8.064210830727958E-4
118.0	26.587075272757737	25.13259881125877	25.170432985127515	23.10953452541968	3.584054362936577E-4
119.0	27.218639992025384	21.183423999784953	24.957836459897877	26.639561933754692	5.376145370970831E-4
120.0	25.04720901216122	23.753043665256182	25.339221672912664	25.860436047748863	8.960192106518763E-5
121.0	27.72044814852564	23.344313412758773	24.55755805422987	24.37705316471575	6.272197699671494E-4
122.0	26.64683911277334	24.264374155215833	24.479913121354578	24.6082463927128	6.272179434509262E-4
123.0	23.93012560483433	28.173894811635307	23.704622445169264	24.19048352921965	8.736091414460561E-4
124.0	25.16079997455335	24.674065608450437	23.05103531573781	27.113942299723	1.5680153540063464E-4
125.0	26.49265884189216	23.88621507333094	24.667617323457613	24.95245596044336	0.001052800875930329
126.0	24.449903601109522	23.836790081587935	25.139043107451332	26.57412880916738	1.3440068383067933E-4
127.0	25.91365504802604	23.13468324273035	27.469156197241745	23.481385527878757	0.001119984123105071
128.0	26.20541058282978	23.211405715760275	24.92086084051925	25.65255646589109	0.00976639499960576
129.0	24.219064120124855	27.00107854326101	22.423104793413607	26.353616591870495	0.003135951330035358
130.0	25.957870691124686	25.093122039431464	23.628167711734623	25.320817157795965	2.239991326753583E-5
131.0	25.631600427749607	25.09397902557493	24.38952273304581	24.884136215043185	7.615985864730235E-4
132.0	26.28444119494404	25.39247125401745	22.47188569882328	25.844840238372356	0.0063616138428717215
133.0	26.495187753438977	25.519276201919254	24.682130994084456	23.30150107328319	0.0019039772741272559
134.0	25.805940759061897	23.508913557742297	21.374081367195753	29.310974717872295	8.959812775752238E-5
135.0	25.752432099230006	24.110037146743075	26.232199398986122	23.90481617469183	5.151803489607693E-4
136.0	27.92962686369914	26.12278899572482	24.36776130315247	21.573192568543764	0.0066302688798026334
137.0	28.39992052589102	21.95022026737617	24.3737549970914	25.276081809948913	2.2399692497021403E-5
138.0	24.989623849132	24.2177233392279	27.173957597212716	23.617328899904024	0.0013663145233634183
139.0	26.0740947473271	23.49653165945687	25.198638064009916	25.229503595789655	0.0012319334164627071
140.0	26.368832283537053	21.706446632412867	25.66244008030432	26.261900223473223	3.807802725356405E-4
141.0	25.11599537855238	25.651251836192166	25.68337259951053	23.54895459683066	4.255889142599614E-4
142.0	28.53023593368859	22.907788074070588	23.520906551622957	25.04068864951315	3.8079110471979377E-4
143.0	25.96690329992633	26.146231783520996	23.8768954534652	24.009812668260448	1.567948270250668E-4
144.0	27.72960204209171	25.754551184672124	22.723220505496545	23.792021488911715	6.047788279027928E-4
145.0	27.64259474957441	22.696935758444585	23.079809156885585	26.579741958605858	9.183764895618672E-4
146.0	27.58131223126264	21.82187691235276	24.569057046014738	26.022781133214885	0.004972677154983563
147.0	25.858160320737344	25.096187380206757	26.555758217729657	22.48617582898548	0.0037182523407630432
148.0	24.61155918163286	24.856695705698193	23.684233514938345	26.8468844209512	6.271767794069192E-4
149.0	27.881490461128518	25.045061874820384	23.37257025945381	23.698727067834387	0.0021503367628964765
150.0	25.260556721947914	24.3592451633294	25.203617162774787	25.176536152924157	4.479902373967467E-5
151.0	26.300775620265494	24.33430743198595	25.670956553527564	23.69344519563882	5.151985821735019E-4
152.0	27.04558711396599	24.187454807577723	23.281321540668475	25.485502136531963	1.344012558453346E-4
153.0	24.992182291928003	23.45941870300415	25.362661013425853	26.184774778326535	9.63213315460873E-4
154.0	23.042326590453193	24.974984403752956	24.795915967308922	27.18399539448705	0.0027776439978809265
155.0	26.97807010665872	24.123375532341495	23.860458760195975	25.03805079562791	4.4805175893919264E-5
156.0	25.19817057802879	23.86432347119713	26.294300362591166	24.6429815590412	2.2402914171075372E-4
157.0	24.934634336491747	23.131839143676764	26.390343512775736	25.542914173892488	2.688331632590196E-4
158.0	25.05277080912851	21.73487479506645	25.74978011229395	27.462529477050357	4.480646073318604E-5
159.0	26.501744459970173	21.630877960837978	24.62783621769086	27.239093288561882	4.480729391053193E-4
160.0	25.9731964486269	21.862689769246778	26.051699636586694	26.112391741661785	2.2403877842407986E-5
161.0	24.27314473881424	21.25789373338331	28.319087068044446	26.14581935423453	0.004055105523479397
162.0	24.834752450736033	24.16092466486164	25.11404282108815	25.890257659145217	2.2404168967761523E-5
163.0	24.902724781538243	24.1521703234352	26.91707851942267	24.027981566382508	4.480922137928609E-5
164.0	25.080473166761102	24.20867212497331	24.53450807241028	26.174464615667954	0.0018820201873551096
165.0	25.93137548152574	22.458407804161943	26.747591447040737	24.86202031432011	6.049529514646247E-4
166.0	24.519691930645184	23.955612129093723	25.5957791818591	25.928827133011474	8.962539051463124E-5
167.0	26.763985960710784	23.555043980332087	26.276209391911635	23.404379749149882	3.809178956123636E-4
168.0	25.810285501220324	24.59782627206376	24.20916439825865	25.382611789865795	1.1203859146875422E-4
169.0	26.503698491696596	22.49460519917627	25.748135068334143	25.253292341063453	2.688997295316887E-4
170.0	31.028285596095866	23.10640946865853	22.72241411532499	23.142823593843346	6.722607726427512E-5
171.0	24.892252994204867	23.547435012863758	27.28631717787438	24.273120872723297	8.73942333699418E-4
172.0	26.87257786069758	24.647788101437026	24.339698590166805	24.139801047737297	1.3439996129281114E-4
173.0	28.35024012473989	20.39829597997389	23.34158497334025	27.908423145413487	0.0014557765324791582
174.0	23.778540658722413	26.414294820138924	24.02149992407523	25.78526145668951	4.031403739261348E-4
175.0	26.066327783023684	24.310212916161237	23.13239217569391	26.489230559731382	0.0018365653897908464
176.0	24.49019085659583	24.2952376451426	28.431385943972003	22.78148329738809	0.0017022569014758344
177.0	22.107181528897833	26.39800874221661	25.06714357457831	26.40130152135356	0.026364632953685605
178.0	24.687779193521692	23.088784911718573	24.480135923360795	27.743008809440994	2.9116195794322297E-4
179.0	28.335789335284694	24.038357083644954	22.974604738235886	24.650084117786854	0.001164725047613736
180.0	26.1412636967699	22.45927823465177	25.89454949564719	25.504751387220036	1.5718571110029774E-4
181.0	27.460797188103577	22.504096822834924	26.424344289144752	23.609952339938385	8.093599783631099E-4
182.0	25.35112345341222	23.60361668791622	25.400112456628772	25.645102437377147	4.496466564162217E-5
183.0	24.115348469110153	24.57812282192754	26.087810888226382	25.218290637492302	4.271832436248522E-4
184.0	25.78677258372953	22.259648949242326	26.781600020685755	25.167953717871033	0.004024728471356412
185.0	24.92947148746201	24.57310269927101	24.92097367002975	25.57591259927328	5.395439639530677E-4
186.0	27.2664199762992	22.91257255306994	25.501247653132868	24.319759817497992	0.0
187.0	24.354242295871245	22.76075057952831	28.3026019486745	24.581729538140767	6.756377851782636E-4
188.0	27.16972258965571	28.01982091268001	22.187422085394072	22.62240377553206	6.306367381485902E-4
189.0	24.77967337061453	24.289513065085323	25.288866185020314	25.64102390843494	9.234708448992426E-4
190.0	28.508812139021934	21.954854836162895	24.843062317138795	24.693180607460164	9.010021621799386E-5
191.0	26.445755494734772	24.109751690904506	24.90518619234876	24.539013395058358	2.9322695360202243E-4
192.0	26.977250621225053	23.718954537333957	24.438032688077353	24.865694481789127	6.767157451001269E-5
193.0	27.28405611657897	24.52395476239247	21.99352910548975	26.198189304570597	2.707109682158252E-4
194.0	27.850669356983698	23.785730867079042	24.04751339311799	24.316086382819268	0.0
195.0	25.76156966550387	22.25478996662778	25.146853803217372	26.835951751404348	8.348132466360975E-4
196.0	28.212603945914548	22.123954831869835	26.046219487737893	23.617131295116522	9.043936119966005E-5
197.0	24.719597849044145	24.443130373432346	24.42189669442045	26.414606238495598	7.688446074596018E-4
198.0	27.561316385984696	23.619427404252235	24.196597396303922	24.622522944816954	1.3586864219672422E-4
199.0	25.56264628939647	23.057715810677784	25.63778603639423	25.741284685489568	5.671780419516641E-4
200.0	27.38264191458567	23.95675714431249	24.10507631846262	24.55545655509716	6.806754206063593E-5
201.0	25.114552800479583	21.556824406224628	28.37033920880172	24.957897846629717	3.8573786434643073E-4
202.0	25.39663305531124	24.886585502005516	28.09060180029064	21.626134258439826	4.538395277890481E-5
203.0	25.78221843802144	24.610737924448596	23.300860683730225	26.305184191130486	9.987626692477115E-4
204.0	25.599612085815117	23.739494558350348	24.572801785567542	26.087909962502536	1.8160776445836166E-4
205.0	27.47788836119612	24.587711014047926	25.23816550584347	22.69523623584537	9.988830671158614E-4
206.0	25.287017328769846	21.639768192937943	25.91593872210965	27.157207644411148	6.811177141689512E-5
207.0	25.863525404484815	23.418086857791657	26.685075219982966	24.032994606869146	3.1791087141640645E-4
208.0	27.98840612888983	22.762987915556067	22.232328930896458	27.01623160124787	4.54234097718473E-5
209.0	27.44987627220206	20.722350460180184	25.236836402639828	26.59020998971926	7.268752586653752E-4
210.0	24.501621391738876	24.466658215528557	25.132662422014395	25.898739917133412	3.180535847592357E-4
211.0	24.888026320603178	25.42142800497454	25.544109937918265	24.145458643872686	9.770926313354515E-4
212.0	28.5584884422403	22.701870399069687	24.384333981454667	24.355034411651456	2.727655838933741E-4
213.0	29.37485744251821	23.27988976995003	23.011591756760723	24.333274434210246	3.865965607915133E-4
214.0	27.70192907168829	25.021411376016527	24.38942309880178	22.887213699640032	2.2753853365067376E-5
215.0	25.590420130438922	25.26703592291491	22.99039651044182	26.15171425092918	4.3318527516612653E-4
216.0	26.006002574374993	24.66437398153334	25.62221933979054	23.707381065326782	2.3038974341724668E-5
217.0	28.882201015990795	23.043437045187982	25.40299945910479	22.67052604382552	8.364358909064549E-4
218.0	24.64809961112295	24.367734380355746	25.457266253529802	25.526688459808373	2.112951831271875E-4
219.0	26.33072861328592	22.913364622787284	25.11880258916524	25.63637060633926	7.335684222930971E-4
220.0	27.752320026325055	22.02177000336909	25.34699643047268	24.87860444867767	3.090911554992428E-4
221.0	25.425145714299397	22.803222237654396	24.917719912451687	26.853624777896446	2.8735769807326664E-4
222.0	25.06802748220843	25.30126801728141	24.528424573675508	25.102183236800418	9.669003423068938E-5
223.0	30.628297153342988	23.019873949795603	23.90901868108731	22.441856512679482	9.537030946198185E-4
224.0	29.722421398422917	23.277474626695845	24.70014036608967	22.299840996903313	1.2261188825250595E-4
225.0	30.26513818391648	19.924383739073303	24.397634221454602	25.411659189283508	0.0011846662721069832
226.0	25.5367825331555	22.1519502104917	25.865555753481456	26.44543706779594	2.744350753972947E-4
227.0	26.811064105490086	23.852606897482907	26.05018265689071	23.28471047711461	0.0014358630216906002
228.0	27.477526500228542	27.598252435145877	23.122230833049446	21.801813065633908	1.7716594222669244E-4
229.0	27.18760624465905	25.29383507868103	22.39900312518824	25.119530027229263	2.5524242414960885E-5
230.0	26.137518858489393	23.033067920416276	27.31725859975427	23.51212888474587	2.573659419413319E-5
231.0	25.0890273454808	25.110517378403536	24.517965537280777	25.280692390626804	0.0017973482080829092
232.0	25.13211379982255	25.43477736504414	24.72135235869932	24.71157294863109	1.8352780288904223E-4
233.0	23.287070245516325	25.3485532970052	22.38307175182639	28.980800123649146	5.045820029409164E-4
234.0	27.32411351205572	21.392343709965484	26.162902069461996	25.119024172865856	0.0016165356509425346
235.0	25.356277931944575	22.027337943620193	27.769101920698485	24.84706417172637	2.1803201036960242E-4
236.0	28.2671881028472	23.641912737802695	23.768611772970598	24.32201081131911	2.765750603970788E-4
237.0	27.52172640072032	24.93914765690917	22.507928737238174	25.030890187233467	3.070178988643966E-4
238.0	26.70961590423282	22.872392948742434	24.834873196478615	25.58303307062999	8.487991613864285E-5
239.0	28.012377002745207	23.624148657329044	24.03607383225145	24.325964127261006	0.0014363804132868636
240.0	25.144333282070253	21.786116572245614	27.058979658849147	26.010243907363062	3.2657947192693174E-4
241.0	29.572437907329196	21.016916004324038	23.954605318496622	25.453068513191024	0.0029722566591181255
242.0	26.273244819075202	24.23392705122101	21.49985900726224	27.991897160760605	0.001071961680943112
243.0	27.93785983400563	23.301756565860927	24.96557947337042	23.792028999778587	0.0027751269844395947
244.0	26.306154505041224	23.065337333773574	25.84596630251176	24.78125583198151	0.001286026691932605
245.0	28.72562868158007	20.999651806202884	23.981772863777117	26.29129857108697	0.0016480773529600366
246.0	24.270448493782197	26.681315264861638	24.09156234141897	24.95397305214107	0.002700847796123203
247.0	25.575701958586382	22.98757639593405	25.008073328069386	26.286696057389484	0.141952260020699
248.0	26.27134024391602	22.91191941579582	24.110040008583802	26.695684653022678	0.0110156786816821
249.0	25.779453359553532	21.893564341495157	28.034909563250192	24.274900436882596	0.017172298818521697
250.0	26.782261487431814	22.331308670578945	24.881011259188675	26.004390732905346	0.0010278498952197724
