# Position (bp)	A	C	G	T	N
0.0	24.23568551144762	23.189537638820866	25.888519729439952	26.68625712029156	0.0
1.0	22.313303719617693	29.686502573223507	24.915583300681938	23.017693387982234	0.06691701849463123
2.0	23.533861703157026	27.43550047060686	23.060615923225107	25.968702444516772	0.0013194584942339664
3.0	25.813072446952518	22.085684650950196	24.54248193660672	27.549531494471108	0.009229471019460998
4.0	25.617704151990793	23.447285439485636	24.578169329550544	26.356841078973027	0.0
5.0	27.931627531501174	23.077024323470567	23.196360254115334	25.794549155873785	4.387350391351655E-4
6.0	24.67405590116534	23.7102427056865	24.766932445456934	26.84526417243494	0.0035047752562866906
7.0	24.999562623558845	24.78262390874578	24.721828583425182	25.49467275494673	0.0013121293234661208
8.0	27.37021893728923	24.69640579406266	24.058639548496444	23.874735720151666	0.0
9.0	26.26869966731924	25.37486537983597	23.134175426969378	25.222259525875412	0.0
10.0	24.79378815409352	24.33408715582339	23.776345660291856	27.095779029791238	0.0
11.0	27.19702331258184	22.66164336538584	23.335466399962705	26.80586692206961	0.0
12.0	28.070791723122728	23.920225489704087	21.42361285358224	26.58536993359094	0.0
13.0	24.385380685461353	22.69634103460401	25.838624940534054	27.07923966326763	4.136761329555091E-4
14.0	25.88180876712553	22.042660837743913	24.35499121977577	27.72053917535479	0.0
15.0	24.9343842619138	24.385634796934433	24.75106398442989	25.928916956721874	0.0
16.0	26.43324980969297	25.109030068510528	21.72830499873129	26.729415123065216	0.0
17.0	27.89215705298617	26.13216077866737	20.143904436277268	25.83022536490331	0.0015523671658820744
18.0	25.108261768294792	25.80498639269863	20.49563681015601	28.590730098118843	3.849307317148279E-4
19.0	24.172655810266992	24.25344702814674	22.986058728706155	28.586689742578503	0.0011486903016077836
20.0	22.766855159370643	25.606778141935386	24.02997147924365	27.596015449059497	3.797703908217092E-4
21.0	23.40195997072869	23.79802795862787	24.609401522409904	28.190233340626015	3.7720760752302853E-4
22.0	22.560647504596208	26.73759024259002	26.226028728158678	24.475733524655098	0.0
23.0	24.655487668911384	24.291649942767098	23.850510636400124	27.201980109708778	3.71642212609077E-4
24.0	27.547795336501267	21.568497439864444	24.926879581537555	25.95682764209673	0.0
25.0	24.125040119044144	25.32168179033058	20.36005018527704	30.19286318676509	3.647185831412482E-4
26.0	25.649588720860166	25.881182799602154	20.32183590942421	28.14739257011347	0.0
27.0	25.376198476378065	24.628146453089244	20.21514642412305	29.780508646409643	0.0
28.0	26.76035682860352	23.225693376351163	24.5155128874645	25.4966484723186	0.0017884352622203783
29.0	27.44182084084681	23.143520424825002	23.00117849181445	26.41312527509975	3.5496741399139556E-4
30.0	23.6792229747615	23.77028061989786	25.882253288486858	26.667890180244726	3.5293660905564753E-4
31.0	26.803072291698903	24.168272679955546	22.46894650217339	26.559356844430067	3.5168174209067765E-4
32.0	24.45813004878829	22.544850105539886	25.180043746022697	27.816280614391676	6.954852574512552E-4
33.0	23.951766477151637	24.59593424951361	25.660495397328457	25.7918038760063	0.0
34.0	25.58596146766474	25.862068965517242	23.91431804856765	24.637651518250365	0.0
35.0	25.608863061913873	21.444263340656224	26.7889623427856	26.15757379416936	3.3746047494187244E-4
36.0	23.65660645826941	24.727140309055535	27.268773117630595	24.347480115044455	0.0
37.0	25.92960860713756	25.16549594855132	21.51379919375497	27.391096250556146	0.0
38.0	25.65090213047024	25.651239123548404	22.116855719783516	26.58100302619784	0.0
39.0	22.770582606703414	27.36890338405143	22.43197531030579	27.428201776256383	3.3692268298270915E-4
40.0	26.577801133894553	26.522218067528375	23.08987950264946	23.810101295927613	0.0
41.0	24.095119404493246	24.46798477550608	21.389403482771396	30.043450436188486	0.004041901040789518
42.0	24.55854963811679	25.53794132406481	21.16200041088647	28.74150862693192	0.0
43.0	25.52087367361165	24.606587574464648	24.364461716163838	25.504372745855402	0.0037042899044629958
44.0	29.055089211457584	23.84078978824274	23.642130569613222	23.460980299066303	0.0010101316201501056
45.0	25.12287741883357	24.219644227791168	22.779453548969176	27.874321649317945	0.003703155088135091
46.0	25.008499766046043	23.698694233960687	23.039583662944725	28.253222337048545	0.0
47.0	24.939918005749025	23.9947626003891	23.692164769399586	27.371471655435652	0.0016829690266380337
48.0	22.062361416271035	23.740002624468797	23.811670810859916	30.385965148400253	0.0
49.0	21.760911914030302	26.582576601249574	24.288660626267998	27.366168608543813	0.00168224990831738
50.0	26.3284674725223	24.758361060553558	20.770351331074785	28.142483708505893	3.364273434687678E-4
51.0	24.898670353215806	26.943426943426946	21.694130785039874	26.461753734481007	0.0020181838363656545
52.0	23.343924788366625	25.85332792017152	21.841772385493176	28.960974905968683	0.0
53.0	22.252880645344923	24.90699224126095	23.79324316631562	29.04520963999049	0.0016743070880116265
54.0	23.52336464245651	27.80015738275822	22.83489878949219	25.841579185293085	0.0
55.0	23.43347811426454	28.637913017931243	22.66928852580517	25.25765107684295	0.001669265156092985
56.0	26.393668617129585	25.17465711128988	24.67029610764152	23.761378163939025	0.0
57.0	22.591110413906122	28.1193155078786	23.39482458804642	25.890076733342454	0.0046727568263970716
58.0	25.109129500340405	25.306697280773182	21.668379810708707	27.915459678818866	3.337293588391558E-4
59.0	27.407966042873543	21.867908913745694	24.596225206225473	26.12556394991858	0.0023358872367121386
60.0	23.346088208628874	21.888165964481896	24.639352567863046	30.126393259026184	0.0
61.0	24.447917985908827	23.69436686374756	24.168627477120175	27.682422028622277	0.006665644601161155
62.0	24.85546051031187	21.63210492817179	25.70553598741715	27.806898574099193	0.0
63.0	26.53354302583616	23.493445998627223	22.777737053598205	27.193274734941124	0.0019991869972877697
64.0	24.86579321524908	21.40564997276001	23.95723985808629	29.77131695390462	0.0
65.0	23.332381135860864	26.38627772721535	24.38467006357579	25.89235296853098	0.004318104817012005
66.0	23.486974746652763	24.444230392368528	24.160242336474365	27.9078882249584	6.642995459512604E-4
67.0	26.287820917333686	24.845062937991962	21.41950911687535	27.44694277458567	6.642532133249194E-4
68.0	23.60704299254123	22.70441880699517	27.569224433950357	26.11931376651324	0.0
69.0	23.750303022252623	24.117250517213325	25.5089943646163	26.62079546247007	0.0026566334476792646
70.0	24.90702006775436	23.286086489568348	24.980608463328448	26.82628497934884	0.0
71.0	24.56838300164221	23.076846825116228	26.55786889416834	25.795910005584172	9.912734890513842E-4
72.0	26.736425451493744	25.267460070970255	23.36665983836755	24.62846343445824	9.912047102047829E-4
73.0	25.3935531614749	22.922716565738657	23.114000746636005	28.567416936744074	0.0023125894063582993
74.0	24.680754103882467	26.2532898756039	23.055712412861638	26.009252929929367	9.906777226300512E-4
75.0	25.87671214782919	23.442721473008493	23.35191324677383	27.327002073729677	0.0016510586588120305
76.0	26.301799570744596	23.82202410434208	26.14891860657091	23.726927521875517	3.301964668978042E-4
77.0	24.567647699733886	24.221963959085837	25.126948804469123	26.083109370769748	3.301659414021487E-4
78.0	27.174462100227476	26.094535658042002	20.672122974931575	26.05854911502818	3.301517707690225E-4
79.0	26.93988854554578	21.080936534347515	22.091817869688086	29.8853762248105	0.001980825608113462
80.0	23.589611538626603	22.338427205171122	29.289598003387113	24.780382486060354	0.001980766754810787
81.0	25.099117597541287	24.40290106726792	22.649980358044782	27.84767086025162	3.301168943923043E-4
82.0	21.773921999722702	22.14497461392702	25.186681720046742	30.893761430335203	6.602359683350829E-4
83.0	24.5896768911835	22.07789206818692	24.2166558831685	29.11544505037434	3.301070867389381E-4
84.0	24.00529453316345	24.958574569076493	25.914165186794037	25.121305544736167	6.60166229856678E-4
85.0	25.065271566022478	26.376644166817947	21.464855676398265	27.09289851963098	3.300711303285858E-4
86.0	25.580236319228995	25.02508416397122	23.060268004488744	26.33342134794376	9.901643672849693E-4
87.0	22.822280676856256	21.452593988560643	26.387426606246432	29.335718458425887	0.0019802699107888404
88.0	24.39293233975988	27.30929924029913	26.1215653402153	22.17554304421578	6.600355099104332E-4
89.0	25.97963184191247	26.085564744474	23.369920335817202	24.564223059711836	6.600180844955152E-4
90.0	23.64760738787673	25.39557875770945	25.08505562027079	25.871758234143027	0.0
91.0	27.104287109632796	24.20738628864074	24.299120931337608	24.38920567038885	0.0
92.0	24.97145836220493	23.62092745474583	24.330343885490286	27.077270297558947	0.0
93.0	26.731709570347302	25.333078176863026	21.480655400188727	26.45455685260095	0.0
94.0	27.31786823099333	23.288055402502877	24.027767238222182	25.363339723053475	0.0029694052281328052
95.0	23.814189802213754	26.40768050675508	23.866316952871117	25.90851355140958	0.0032991867504660105
96.0	26.191481640328597	24.163175084952655	24.524759988123122	25.119593546897168	9.89739698459305E-4
97.0	25.300215099169954	24.591245595745523	24.061085525013524	26.047453780070995	0.0
98.0	28.168442582390398	22.26965328406954	24.281331441955597	25.280572691584467	0.0
99.0	21.776374815283937	21.97758338610935	27.95281823939202	28.29322355921469	0.0
100.0	22.574708094201466	24.89049409591662	24.86113859753282	27.6736592123491	0.0
101.0	23.90481216398958	21.60757280912959	28.439592334839542	26.048022692041293	0.0
102.0	25.823945636576557	23.96344983423774	24.344785498688744	25.867819030496957	0.0
103.0	25.6465908228798	25.20459020935656	25.48265477443125	23.66616419333239	0.0
104.0	25.829328389963287	27.162257105819563	22.78084356146942	24.227570942747725	0.0
105.0	27.887920512499093	23.036068905001617	20.936722724003932	28.137308588054445	0.0019792704409154786
106.0	26.10732299490996	23.30763572067124	25.002886445581428	25.582154838837372	0.0
107.0	25.90510686446241	25.147703543895418	23.29543017935548	25.65142953279167	3.2987949502046905E-4
108.0	23.545498028996025	24.055484998927906	24.728760164277823	27.67025680779825	0.0
109.0	26.76263549219209	23.630234138424694	26.381311148789067	23.225489355245188	3.2986534896455266E-4
110.0	24.03730068149282	24.0072833308044	23.99870694489342	27.956709042809358	0.0
111.0	25.152807602611173	23.23467223470192	25.229335101382443	26.382855201395966	3.2985990849686135E-4
112.0	24.981115395653077	23.42581566646985	24.451356887685257	27.141712050191813	0.0
113.0	28.364185721259783	21.673417688116004	23.673655183333114	26.288411552822893	3.2985446820862636E-4
114.0	26.24128682789403	22.14638459026236	28.296820207631633	23.31517848601109	3.298882008887188E-4
115.0	27.71761182016408	23.324305690713622	25.844238527691555	23.11351408411212	3.298773186252033E-4
116.0	26.632138026589253	24.321578200771945	24.957279055190842	24.08900471744796	0.0
117.0	25.248166585841393	26.68091830708986	24.6959155194426	23.374669688542273	3.2989908387024406E-4
118.0	26.577392440393123	24.477171729168525	25.474826053821868	23.469949952327696	6.598242887918947E-4
119.0	27.21157113682328	21.00336853635281	25.23201990108842	26.552710500529532	3.299252059558098E-4
120.0	25.300489295223517	23.721085225791764	25.480634401116504	25.497791077868214	0.0
121.0	27.48497106393649	23.476484911674067	25.102777466164273	23.935766558225165	0.0
122.0	25.840286919998285	23.825973914564095	25.657827445468374	24.67525183036878	6.598896004698414E-4
123.0	24.890215938897047	27.227107012652795	23.86347514805589	24.018871970834226	3.2992956003893164E-4
124.0	24.638231043834587	24.574884359307674	23.658996878856065	27.127887718001674	0.0
125.0	26.705400269221634	23.163948056061447	25.074563834560664	25.055757911684744	3.299284715073772E-4
126.0	23.765691756981905	24.20448359479388	25.308391481499807	26.721433166724402	0.0
127.0	25.751717221038184	22.31298621604323	28.522365113194724	23.412601532137273	3.299175865868706E-4
128.0	25.814667814806384	22.83610305543733	25.705792496840967	25.63320895153069	0.010227681384630104
129.0	24.02074473876079	26.802545585309765	22.603451518080718	26.569629148205454	0.003629009643268352
130.0	25.652149528393704	23.437134006129728	24.790094783133682	26.120621682342886	0.0
131.0	25.37913652213788	24.2502218571339	25.723881064782283	24.646430656862066	3.2989908387024406E-4
132.0	26.44288659793814	24.762061855670105	22.831505154639174	25.958268041237115	0.0052783505154639174
133.0	26.557500346367757	25.367644633279014	25.48903828518272	22.58350761679191	0.0023091183786030497
134.0	26.49318348996078	22.980528498058785	21.42392985905179	29.10235815292864	0.0
135.0	26.314956162630377	23.24568058423438	27.307811561982543	23.131221838860558	3.298522921435781E-4
136.0	26.368272440591646	26.72023644592223	24.922152291229597	21.983401285146922	0.005937537109606935
137.0	28.54494596983811	21.82581045242839	23.92665356044913	25.702590017284376	0.0
138.0	24.7125640670453	23.65483941186947	27.433888086333024	24.19870843475221	0.0
139.0	26.00610821971121	24.322719806858885	24.98862129697425	24.680901589060614	0.0016490873950355874
140.0	26.882255936675463	21.776385224274406	26.30507915567282	25.03627968337731	0.0
141.0	25.53817434639068	24.64998466363897	25.99199870712827	23.819842282842075	0.0
142.0	28.497313627773362	22.534193939913656	24.24562248307206	24.722869949240923	0.0
143.0	25.735733061566417	25.6549285787316	25.196486818974872	23.412851540727107	0.0
144.0	27.62183679459654	25.001236754360797	23.270440251572328	24.10615639830746	3.298011628789003E-4
145.0	28.244702778464838	21.934866848050127	23.081869898590156	26.737571110561465	9.893643334157804E-4
146.0	26.139061840439005	22.205769839594765	25.82280234276066	25.828738391726468	0.003627585479105108
147.0	26.477755756858272	23.13526597130392	27.56333945595505	22.81935188146956	0.004286934413201119
148.0	23.699206563821157	24.05041584497985	24.50814211939137	27.742235471807625	0.0
149.0	27.708689902617422	24.466011733396652	24.54845549850447	23.273874889937574	0.0029679755438815182
150.0	25.271898640671687	23.733832830977647	25.715114860274767	25.2791536680759	0.0
151.0	26.983629696074292	23.96251055297594	25.70408136344449	23.349448607007176	3.297804981004643E-4
152.0	27.59389396552577	22.76506145277189	24.20286175022507	25.438182831477274	0.0
153.0	24.159991557869816	22.90389492186083	25.856661863006654	27.079121886552283	3.297707104250415E-4
154.0	22.677852415389637	24.04771091171107	25.723924377479445	27.547874147136124	0.0026381482837196575
155.0	27.03177764879696	22.828725200506543	25.359130962431404	24.78036618826509	0.0
156.0	25.85652522334458	22.238161665528917	27.399243481042507	24.50573984849834	3.2978158565582014E-4
157.0	24.155613742341	22.829592597233855	27.28286032753151	25.731603558920717	3.297739729189614E-4
158.0	23.737868399964384	21.803078120414064	26.47796937708789	27.980754327473228	3.297750604312798E-4
159.0	26.15208057143988	20.758556098590528	25.511980846475	27.577052705171585	3.2977832301127184E-4
160.0	26.294561883718632	20.85347755828909	26.421198430234476	26.430762127757806	0.0
161.0	25.293758759996702	20.01484046500124	29.71456838980955	24.974194080303405	0.0026383048891087477
162.0	25.466819689864188	23.11936468989717	25.977006945406334	25.4368086748323	0.0
163.0	25.065214738695836	23.2860313492443	27.804728439562176	23.84402547249768	0.0
164.0	24.886060086403063	22.919895788675262	26.094383801075093	26.099000758500146	6.595653464366982E-4
165.0	26.729065046683353	22.053144159386306	26.936180176971302	24.281610616959036	0.0
166.0	23.722580794105717	22.920493784815093	26.48404236022018	26.87288306085901	0.0
167.0	26.338025381916047	23.080525579800003	27.019735627028314	23.56138360465423	3.298066014089338E-4
168.0	25.697305105820195	24.17159460823277	24.8233031995066	25.307797086440438	0.0
169.0	26.98038905269824	21.14690730149935	26.548328155198913	25.3243754906035	0.0
170.0	31.428948366562775	22.07358300763535	24.340440970332626	22.157027655469253	0.0
171.0	26.401105515373985	22.422305553631677	26.945947817827427	24.230311305477777	3.298076891364645E-4
172.0	26.34935920690724	24.584952080681227	25.282799833782953	23.782888878628576	0.0
173.0	28.72482513216084	19.816376401993214	23.560741221980745	27.896408325061255	0.0016489188039402565
174.0	24.508646502486446	25.6021553600401	24.48688185091873	25.402316286554722	0.0
175.0	25.278885184708884	23.653222801481235	23.43888597610639	27.627027543930804	0.0019784937726908505
176.0	24.624734544207456	23.53224381042829	28.728252410536452	23.1144394760793	3.297587484995977E-4
177.0	21.948042526249143	24.979224924814012	25.338336938743204	27.712301482614887	0.02209412757874743
178.0	24.89459266120977	22.88633149495462	25.043596936841304	27.1754789069943	0.0
179.0	27.454386629967203	24.45107378900005	23.4123910141249	24.68181893099072	3.296359171295304E-4
180.0	26.532224999669353	21.687233001362273	26.18405216310228	25.596159187398328	3.3064846777500033E-4
181.0	27.34754845461892	22.31926394022495	26.651696408462833	23.681159996290553	3.312004027396897E-4
182.0	25.4676649700807	22.513817185963262	26.606154732613856	25.412363111342177	0.0
183.0	23.94255191620554	23.874665951380404	26.802372366107353	25.38007861525878	3.3115104792749115E-4
184.0	25.43283305294671	21.37009709766727	27.73741240677697	25.4553522936509	0.004305148958153952
185.0	24.777811626644063	24.37317050556961	24.723837401819893	26.125180465966437	0.0
186.0	26.431102427393448	23.00990164585886	25.97112295923436	24.58787296751333	0.0
187.0	24.09197188899074	22.87241109029798	28.46605024377931	24.569234652531453	3.3212440051545706E-4
188.0	27.120203550170068	27.383609693877553	22.959515837585034	22.536670918367346	0.0
189.0	24.308012210474566	23.253712801400418	26.370107589029175	26.06717089681883	9.96502277007703E-4
190.0	28.99655542379581	21.515480662873316	25.319794189063057	24.167505389416483	6.643348513384686E-4
191.0	26.850811091231968	24.349697046284412	24.858499664123762	23.94032709689863	6.651014612279103E-4
192.0	27.782655545356587	22.113248460177463	25.035918106716686	25.068177887749265	0.0
193.0	27.297731452688435	23.860155582236086	22.857085842947747	25.98502712212773	0.0
194.0	28.28136017135179	22.317639389625768	24.721619859778894	24.679380579243553	0.0
195.0	25.908802134092596	21.051878806424895	26.29763540145621	26.74135103760939	3.3262041690643054E-4
196.0	28.158336419845774	21.53651594475643	26.781918709604223	23.523228925793568	0.0
197.0	25.34298462534499	23.428411241152148	25.06432526055485	26.163945149157847	3.337237901678297E-4
198.0	27.207918143516352	22.40018725339397	25.396575937938877	24.995318665150805	0.0
199.0	25.097286046114085	22.09373648804915	25.9670786031031	26.841563682557556	3.3518017610366456E-4
200.0	27.38944030463625	23.20571997465834	25.04868883726699	24.35615088343842	0.0
201.0	24.83264222477733	20.526762159208616	29.309483663132347	25.331111952881706	0.0
202.0	25.43001867241478	24.430357256596523	28.846366589451595	21.293257481537108	0.0
203.0	25.9778278540099	24.37795930411922	23.053398253591407	26.590479256367956	3.3533191152602845E-4
204.0	26.200353474208793	23.955423347407464	23.881978516548564	25.962244661835182	0.0
205.0	26.71612357967884	24.283634948955637	26.17314838415411	22.82675771031485	3.3537689655635007E-4
206.0	25.574750228893965	20.976748397742252	26.11369909415004	27.334802279213744	0.0
207.0	26.005507609020135	23.161474912203612	28.032455313568107	22.800562165208145	0.0
208.0	27.821369984333643	21.864799675266948	22.45891355324381	27.8549167871556	0.0
209.0	27.19488667818618	19.69702561693704	26.92110251807613	26.18664966699659	3.3551980405643444E-4
210.0	24.866860182217824	23.21716807328982	25.929629691773354	25.986006476618734	3.355761002701388E-4
211.0	24.606352733461108	24.816812623565465	26.67738546383413	23.89911351743259	3.3566170670551394E-4
212.0	28.57358749093254	22.243491577335377	25.352287687058382	23.830297412750866	3.358319228392574E-4
213.0	29.198645143079883	22.53121681743034	24.251334023306764	24.018467990161156	3.3602602185513246E-4
214.0	28.5603314344899	24.19949289446959	24.616476221862033	22.623699449178474	0.0
215.0	25.888432605788246	25.425224782123884	23.73476888456187	24.95123684910879	3.368784172104446E-4
216.0	25.961610455025014	24.012524248715245	26.135520539087224	23.890344757172517	0.0
217.0	28.94944463882657	22.941664780016602	25.984659819842072	22.123887734030365	3.430272843902004E-4
218.0	24.87450909895459	22.744620830798162	26.48860556446706	25.89191880081863	3.4570496155760823E-4
219.0	26.600231312436012	22.52955173606622	25.1955847976715	25.674282739270353	3.494145559115702E-4
220.0	28.36639754884261	21.628519244319953	25.331197217908315	24.673535422940336	3.5056598878889966E-4
221.0	24.707720413194284	21.732552275284167	25.765746066789635	27.793981244731913	0.0
222.0	25.037498844822316	23.523682919720482	25.898017359654794	25.540800875802404	0.0
223.0	30.158673073050036	21.807837270190177	25.642676295422508	22.390453721552493	3.596397847915528E-4
224.0	29.86575245675888	21.966632780337278	24.979271660213843	23.18834310269	0.0
225.0	30.442435568690513	19.262390079244355	25.684876932214927	24.609935242731105	3.6217711909832385E-4
226.0	25.204175059512913	21.809924922175426	27.182933528657756	25.80296648965391	0.0
227.0	26.41976586058062	22.764663276769348	27.72903979187607	23.086161532548928	3.6953822503399755E-4
228.0	27.254649797059216	27.536388100087716	24.01726111714069	21.191700985712377	0.0
229.0	27.110877994867277	25.02894179795066	23.387220650768974	24.47295955641309	0.0
230.0	26.319602996396025	21.78538407834406	27.975168405758815	23.919844519501105	0.0
231.0	25.477375192961087	23.639887689944572	25.248311710200223	25.63327625898729	0.0011491479068270877
232.0	25.144008661711613	24.157621574135078	26.380074980830955	24.318294783322354	0.0
233.0	23.715076925480517	23.8982607303136	22.79954848512071	29.587113859085175	0.0
234.0	25.71947294147494	20.155152456910905	28.806269522888357	25.31712305960328	0.001982019122520494
235.0	24.920753384532667	21.12413831844701	28.75588832446574	25.198818723868676	4.012486859105536E-4
236.0	27.87309650868859	23.32791950078765	25.167401401083584	23.63158258944018	0.0
237.0	28.11428994107156	23.290294477821703	24.475438264857445	24.11997731624929	0.0
238.0	26.592194558382893	21.93893453353115	26.388559887294445	25.08031102079152	0.0
239.0	28.34779900157425	22.39386464848847	25.720828036738023	23.535824627274028	0.0016836859252275082
240.0	24.96119271331036	20.97106857323227	28.156145820271455	25.911592893185915	0.0
241.0	28.13641794663111	20.388231830854213	25.421652322983945	26.05153335988502	0.0021645396457081506
242.0	26.86316611360531	22.997375669638014	22.238271845923613	27.899885049992406	0.001301320840653263
243.0	27.00335413009854	22.917137345544916	26.3555551693575	23.722215463756278	0.0017378912427660279
244.0	25.939630329360348	22.906346041668478	27.002237526010152	24.150915470272245	8.706326887749328E-4
245.0	28.183483038283768	21.335135606523068	24.480683701055202	26.000261620301735	4.360338362256911E-4
246.0	23.219620861361058	25.976675111382896	25.715908098191665	25.086048746396433	0.0017471826679479338
247.0	24.906148639430334	22.648434783756784	26.266058154836042	26.05040907310504	0.12894934887180323
248.0	26.03150688552322	22.456585520577274	24.631935083128486	26.868078132846986	0.011894377924034572
249.0	24.48174525429562	22.342979181559045	29.93875371757874	23.216224087262717	0.020297759303875108
250.0	27.0375642057058	20.890613810967793	24.93656785692184	27.134812090564303	4.420358402659288E-4
