# Position (bp)	A	C	G	T	N
0.0	23.958861740019795	23.859224232719217	25.230910865732376	26.951003161528615	0.0
1.0	23.43433549306703	30.371336328817318	23.25638391872884	22.861547454038007	0.07639680534880183
2.0	25.0623356748372	26.83604958470744	22.073634730173264	26.0272977207778	6.822895043064408E-4
3.0	25.70636779187843	22.539140394113858	24.64953454205824	27.0994692654593	0.0054880064901641976
4.0	25.887296706051366	23.57101183516395	23.87362610227715	26.667963179489938	1.021770175959042E-4
5.0	28.01418451780907	24.636362677557386	22.622182922850335	24.72662346079508	6.464209881327313E-4
6.0	25.017140121126918	24.321721516752152	24.27472413658444	26.379894357767558	0.006519867768931811
7.0	25.525629657349256	26.00282152658011	23.531477444057575	24.9393595500743	7.118219387589079E-4
8.0	26.902268368109155	24.511108305684274	23.93454796281448	24.65193998086368	1.3538252841086972E-4
9.0	26.225309182908834	26.072840970758183	21.90466735083189	25.79691234141533	2.7015408575973914E-4
10.0	24.861255112785784	24.918578369731968	23.273917108343657	26.946249409138588	0.0
11.0	26.612366554492006	23.0000724901273	23.224922497604886	27.162540498144317	9.795963148892763E-5
12.0	28.031764608185643	24.769107270570164	20.327733456416038	26.871362477927835	3.218690031781345E-5
13.0	25.1779029074854	23.176304451769113	25.18165425542737	26.464043012065353	9.53732527620094E-5
14.0	26.93420896521925	21.72705675462953	23.73505589611753	27.603615443271334	6.29407623573959E-5
15.0	25.791872223621098	22.67101250594522	24.692542751183606	26.844541433132207	3.108611787234175E-5
16.0	25.73890252746499	24.97283514146552	22.290374268661985	26.997765560226973	1.2250218053881358E-4
17.0	28.904756906863245	27.091636701113647	18.847277778496196	25.155095607581725	0.001233005945193788
18.0	26.07878346023031	26.106388140909807	19.376844477616483	28.43783470675324	1.4921449015945358E-4
19.0	25.195386161277504	24.810810441319955	21.58542677948743	28.407990259000155	3.863589149496233E-4
20.0	23.043118052863296	25.87413619028568	24.01253811207236	27.070148636344594	5.9008434075482415E-5
21.0	23.937429669917478	24.884482839459864	23.47445259752438	27.70348837209302	1.4652100525131283E-4
22.0	22.856719767831816	27.212283195245142	26.40918916800109	23.521749797840048	5.807108190780925E-5
23.0	25.708322363296972	23.825676272035324	23.28238130757824	27.183388855444928	2.312016445372976E-4
24.0	27.776020092912557	21.86894981348834	25.02654644483603	25.328369224431885	1.1442433118978419E-4
25.0	24.637426351673824	25.64148518015748	20.636731022431743	29.08421565755545	1.4178818150134968E-4
26.0	26.309065022856604	25.341156774173168	19.68208904372312	28.667660955148715	2.820409839394582E-5
27.0	25.70206136718657	24.912186967030216	20.134190631120585	29.251504793828133	5.624083450150233E-5
28.0	27.336280319129397	23.821326277191066	22.65631696535418	26.182709037658114	0.0033674006672462673
29.0	27.377579420492832	24.166612781846272	22.022015273938962	26.433572398498196	2.2012522373665317E-4
30.0	23.54172480779602	24.806702668838422	24.92757243917766	26.723644745650045	3.553385378584512E-4
31.0	26.036522957030762	24.456865072045264	23.136239303124437	26.369991778226503	3.8088957303911245E-4
32.0	24.02108898984969	22.74148773914449	24.743490227280514	28.49360927846483	3.237652604731991E-4
33.0	23.229568755521054	25.771769681719626	24.809486843161924	26.18906764461814	1.0707497925422277E-4
34.0	25.87143092020948	27.26003095457985	22.414127867860543	24.454357134680045	5.312267007289228E-5
35.0	24.69755194802803	22.59513609965013	26.081096227180574	26.62608417451191	1.31550629364521E-4
36.0	23.73728278634976	25.14353405974708	25.651552223683627	25.46742061427504	2.1031594449867383E-4
37.0	24.92757637692925	25.82491183411068	21.594920215093495	27.65256529295464	2.6280911937131853E-5
38.0	26.99143585694636	25.560452813135104	20.959725274797457	26.48828095749195	1.0509762912885889E-4
39.0	23.372929427083815	28.079121437973637	21.861236185125946	26.686529071094604	1.8387872200085266E-4
40.0	26.165327077422674	26.22644512534321	22.788390775193268	24.81981075730173	2.6264739114972843E-5
41.0	24.34928622582203	24.65911928940609	21.711477085405257	29.275232762154673	0.004884637211954126
42.0	24.943957065742424	26.001794529285306	20.561566350448935	28.492577019153988	1.0503536934768571E-4
43.0	26.655280424502912	25.536076708789636	22.228745316631176	25.57635302426819	0.0035445258080862452
44.0	28.351069066317685	25.082557463381082	22.927912022713638	23.638120165443084	3.4128214451198624E-4
45.0	25.585574329538524	24.653863073933188	21.804815206401237	27.95217761520136	0.0035697749256909353
46.0	25.73808333366141	24.747979386394864	21.790423098576024	27.72348793537186	2.624599584525886E-5
47.0	25.434143868186958	24.92531140368373	23.289038044470946	26.349695891969745	0.0018107916886236093
48.0	22.364980692975013	24.200577925188753	22.676532427878726	30.757908953957507	0.0
49.0	22.711561073045885	25.99398511704729	24.381000651122623	26.911879131493716	0.0015740272904851626
50.0	27.586153528548124	24.601480991045275	20.20805959429481	27.60412226399771	1.836221140833702E-4
51.0	24.779977968946707	27.14131347041544	21.23533885858162	26.841035459504823	0.002334242551405791
52.0	23.102814424521203	25.96338949756892	22.21179202880758	28.722004049102303	0.0
53.0	22.384632500805978	25.587789796365	24.109807744149034	27.916305729919344	0.0014642287606427859
54.0	23.293761563264457	28.176296053037536	22.641067904404423	25.888822186407406	5.22928861803498E-5
55.0	23.81283994245211	28.27572369289632	23.135342430297285	24.774789348526365	0.0013045858279188674
56.0	27.20161436545237	25.241965675167656	24.320045081181345	23.23637487819863	0.0
57.0	22.69330027001766	28.13202613935791	23.16746807643135	26.002092630325713	0.005112883867364489
58.0	25.232925005973105	25.46149407958367	22.273447175321323	27.03184682142138	2.869177005267809E-4
59.0	27.50125712282664	22.668950005111952	24.760520709664092	25.066611860979947	0.002660301417366865
60.0	24.36021463363809	23.43387773176005	23.682790237295197	28.523117397306663	0.0
61.0	25.702204355056523	23.70186315990983	22.469471499135942	28.120522627619355	0.005938358278344917
62.0	25.832432433840207	21.909450290271508	24.922825620149176	27.335109348927684	1.8230681142521996E-4
63.0	26.25992705510712	24.251689829252697	22.358430005065255	27.127661375275565	0.0022917352993644343
64.0	25.544305219805512	21.538870100758825	23.641155212496614	29.27561744627436	5.2020664688840996E-5
65.0	24.3318358522105	26.36718084548861	23.667605485810945	25.628618266114007	0.004759550375939459
66.0	24.033313333681832	24.540846752475314	23.480813208196373	27.944506558663345	5.201469831344941E-4
67.0	26.859399140916572	25.171295264482694	21.57424424505905	26.394359186541568	7.021630001188475E-4
68.0	23.56553849354432	22.42692012638313	27.001521278393948	27.00583806836651	1.8203331209611358E-4
69.0	22.50655427448953	25.680222135427094	25.06031596777809	26.750177216348526	0.0027304059567576505
70.0	26.574632251449813	23.259201472162832	24.547421858221224	25.618432783358493	3.116348076343256E-4
71.0	24.81525630069906	23.26053481651855	25.650442190015355	26.27298912467345	7.775680935818752E-4
72.0	27.387219886557716	25.974815253285836	22.000888422159136	24.635080857301467	0.001995580695840847
73.0	25.914075574395568	22.88058905508942	22.780742621133445	28.420861141156895	0.003731608224671839
74.0	25.3702670607614	25.377340865942582	23.323113023600857	25.928190771974986	0.0010882777201825507
75.0	25.467669107475476	24.926020459057916	21.956785739547968	27.6474259835373	0.0020987103813356763
76.0	26.783591124878647	24.559577142238282	25.082527062736116	23.573449668790612	8.550013563430607E-4
77.0	23.839421406368448	24.50312733008242	24.26671868952149	27.390214418103128	5.181559245171176E-4
78.0	27.202752762516464	25.84528353407287	20.896419849133814	26.054818461353523	7.253929233257089E-4
79.0	27.43178141868121	20.95522593762014	22.54746778056067	29.062908345189697	0.0026165179482768803
80.0	23.602203057764598	24.301402673542867	27.5967671699733	24.497010702098375	0.002616396620859002
81.0	24.998782496969195	25.295542384648062	21.604772611880758	28.100617558984137	2.8494751784807634E-4
82.0	23.37110591658222	22.484297256915735	23.99634034387505	30.146987207781844	0.001269274845148469
83.0	25.726008555676007	22.384865545336925	24.15252053116165	27.736061410223034	5.439576023903051E-4
84.0	23.305931451177397	25.52296378564008	25.440729648605114	25.729054188281726	0.001320926295679768
85.0	25.3231504687621	26.67961970688869	21.776154993088806	26.220660444476447	4.1438678396229914E-4
86.0	25.556030928475828	24.899386112849157	22.70178199236733	26.84065142895028	0.0021495373574053895
87.0	22.516223230827478	22.749115743927522	25.879529853904167	28.85461322957924	5.17941761592443E-4
88.0	25.05745102355272	26.586163587160595	25.59637969209255	22.759306496096126	6.992010980046873E-4
89.0	26.357180923102103	26.390119630692865	22.41165719506189	24.840446661304632	5.95589838512289E-4
90.0	24.190620260562415	26.150081942019387	24.752419613571327	24.906722818981546	1.553648653232612E-4
91.0	26.57489596757342	25.523657715644443	23.816156169172743	24.084824069909583	4.660776998133359E-4
92.0	25.441956134254823	24.753971106234147	22.32651363956016	27.477559119950868	0.0
93.0	26.426265400077725	26.144330345341317	21.363940120712428	26.065282891754183	1.8124211434979263E-4
94.0	27.87388380576246	23.71697697485697	23.205732893220514	25.198305795212907	0.005100530947147884
95.0	23.83963633878197	26.132920267101895	24.278471744695658	25.746822779881196	0.002148869539282371
96.0	25.93250462443384	24.639578940282995	23.9423347015703	25.484287280574016	0.001294453138854694
97.0	25.373951537744645	25.126126126126124	23.059128093610852	26.440690690690687	1.0355182768975872E-4
98.0	28.532494596098836	23.30410696488435	24.066788335339574	24.09661010367724	0.0
99.0	22.14370685263947	22.534077873350203	26.15214064745371	29.170048743316947	2.5883239670516712E-5
100.0	22.833437767799346	24.983881892512994	24.40766763802367	27.775012701663986	0.0
101.0	23.395557713440375	22.78552102997361	27.943955613367542	25.874862119959648	1.0352325882936933E-4
102.0	25.23220743829976	23.641129629265333	24.423454633743304	26.703208298691607	0.0
103.0	25.922938973014848	25.62441814449661	25.26347038357105	23.18904308985363	1.2940906386259656E-4
104.0	25.495746822377974	27.598227348759014	22.800199905947927	24.105437705771262	3.8821714382435813E-4
105.0	26.690984556164437	23.501765734501035	20.944220183106303	28.8600529875648	0.0029765386634254317
106.0	26.116215976979184	23.268870705662078	25.536709740104786	25.077996518303753	2.0705895020076953E-4
107.0	26.060156182868337	24.373187606828317	22.93336708357533	26.632719720804747	5.69405923270999E-4
108.0	23.292331166253387	24.76834707232002	25.25895492608275	26.680211563315016	1.5527202883091032E-4
109.0	25.923641989892737	24.399219635700607	25.789906656981554	23.886817676146745	4.1404127836279796E-4
110.0	23.919197021304896	24.60865035705682	23.077978041723778	28.394071073934064	1.0350598044616771E-4
111.0	24.319136278323658	24.263577746880298	24.78461688549793	26.632229175448767	4.399138493419277E-4
112.0	25.91479153302736	24.158269654390953	23.234544395506976	26.69231678875445	7.762832026029293E-5
113.0	27.108599273117186	22.354156392102716	23.35640183174883	27.180169750890233	6.727521410336888E-4
114.0	25.966709870468808	22.625509460287134	27.115073659075684	24.292318874593136	3.881355752389169E-4
115.0	27.578434546420503	23.397234098108495	25.884558363241933	23.13925543045225	5.175617768206336E-4
116.0	27.145427180828047	24.287350503789547	24.683772945869794	23.883268224718915	1.8114479369160669E-4
117.0	26.12046706204394	26.169401856882672	24.362204430992623	23.347383217668487	5.434324122757759E-4
118.0	26.35045175714964	24.82134793516641	24.865262120069197	23.96252414697925	4.140406355006204E-4
119.0	26.545857584299686	21.10349692659355	24.84807644582599	27.502258506696855	3.105365839267817E-4
120.0	24.613228822846704	24.49152706848344	25.311713567429578	25.583452908822018	7.763241826276762E-5
121.0	27.475971205298112	23.956129949833375	23.706668336644825	24.860738830770313	4.916774533799201E-4
122.0	27.072033512336297	23.81253545211015	24.952411364549132	24.162476244498453	5.434265059642353E-4
123.0	24.12953083228898	28.222181796633354	23.26218630957818	24.385635275909387	4.657855900947071E-4
124.0	25.55529362629503	24.93534070628262	22.780850343137395	26.72830831103844	2.0701324651887818E-4
125.0	26.293487016547495	24.127710875173015	24.005342892992317	25.572786437207938	6.727780792341095E-4
126.0	23.74323533354069	23.945923035083368	25.31324345346929	26.997365292765085	2.3288514156570233E-4
127.0	25.870709588207408	22.93156662519691	28.187650983371388	23.009451791928097	6.210112961954778E-4
128.0	25.963556026379848	23.791516727272068	24.615013596431417	25.619744466269236	0.010169183647435178
129.0	24.176606692717996	26.41389528441956	22.206714246309783	27.199601105189096	0.003182671363565089
130.0	25.804607754043353	24.431405345317618	24.23640537636857	25.52758152427046	0.0
131.0	26.16688406807765	24.506266775725326	23.751205497508533	25.57520376692257	4.398917659247935E-4
132.0	26.259496079951955	25.157447522020917	22.601517716743764	25.97483685981109	0.006701821472273737
133.0	26.15813234267847	25.86956797370214	24.23992450543374	23.7309002706326	0.0014749075530533305
134.0	26.41224170948814	22.518163816027627	21.110159187453377	29.959202409301238	2.328777296180883E-4
135.0	25.49520923842028	24.49563100138949	25.984920033223535	24.023877476563694	3.622504030035733E-4
136.0	28.212153681706344	26.053998135425644	24.207924622136478	21.51909248066274	0.006831080068797257
137.0	28.718433448254093	21.552765395017246	24.578672763573397	25.149999016739237	1.293764160248734E-4
138.0	25.016229402113744	24.079361452912483	26.914674872486966	23.98836295592718	0.0013713165596306656
139.0	25.647560473907404	24.06112463744117	25.231869471058683	25.05856570303424	8.797145584997244E-4
140.0	26.436778635181906	21.617373404096774	25.33475674377784	26.610728982099392	3.622348440941231E-4
141.0	25.397832841769606	25.499957695937027	25.229366937162556	23.87263553277375	2.069923570659558E-4
142.0	29.061828651830023	22.7969947923499	23.24386379848746	24.896950522019896	3.622353127164518E-4
143.0	26.63196457758124	25.59403264821805	23.90713128965662	23.866716241079647	1.5524346444420123E-4
144.0	27.951376221325596	25.511622936728852	23.03856959298375	23.497784394665988	6.468542958111268E-4
145.0	28.236161968259623	22.362282061737876	22.714248603311482	26.686479392763925	8.279739271010357E-4
146.0	27.24396939612458	21.487656764651852	25.195569320572233	26.06742270762018	0.005381811031160168
147.0	25.42754757500097	24.956312500808547	26.558713566799053	23.05398517445245	0.0034411829389772186
148.0	24.063453293625432	25.07116632038687	23.75627766896341	27.108481742041818	6.209749824703937E-4
149.0	27.522288687305828	25.04242722815072	24.021275841539122	23.412067677606366	0.0019405653979595084
150.0	25.833911841332096	23.998978479502444	24.76465311383925	25.402430690946836	2.587437937066782E-5
151.0	25.857919176310652	24.188888411641816	26.55322791232983	23.39952462741522	4.39872302483105E-4
152.0	27.647747402281865	23.937741704612318	23.246595241385055	25.167656901968517	2.587497522471122E-4
153.0	24.860164550041258	23.369423045027055	25.0050650486801	26.76464872884744	6.986274041515545E-4
154.0	22.8174712529469	24.56158463739473	25.324524272141097	27.293366526447237	0.0030533110700380396
155.0	27.034547829235112	23.64166587090802	23.91388002340436	25.40975100647295	1.5526997955870719E-4
156.0	24.955786335558034	23.904958089534937	25.98272859253815	25.15631995321141	2.0702915746896505E-4
157.0	25.116992608691262	22.907984792448914	26.304141187686863	25.670648499935172	2.3291123778607E-4
158.0	24.75173371682957	20.984902811704778	25.79132977251865	28.47198194041195	5.175853504712745E-5
159.0	26.384967048779195	21.864186364289235	24.489181673608872	27.26117320062266	4.917127000332554E-4
160.0	26.75154620125435	21.16953839894865	25.90897068467639	26.169841195076792	1.0352004380968254E-4
161.0	24.30377270205136	21.182602961515208	28.800600833133196	25.70919324383639	0.003830259463846491
162.0	25.45900396230761	24.105012797917137	24.19650043608676	26.23943104264851	5.176103998281534E-5
163.0	25.225231987005518	24.341385694993058	26.805233405300594	23.628148912700834	0.0
164.0	25.36682997253159	24.193812632466557	24.7470372395865	25.690844889796367	0.0014752656189865132
165.0	26.196373737185503	22.341722417895056	26.568566246125368	24.892923476391918	4.1412240215840597E-4
166.0	24.70914093008123	23.339956914368926	25.94970996273038	26.001036891974543	1.5530084491424676E-4
167.0	27.361233595345336	22.717364828958804	26.737545456498562	23.18351962009769	3.364990996060631E-4
168.0	25.44772203738539	24.405623676118584	24.224787590078297	25.921737268929867	1.2942748786164306E-4
169.0	26.110545640549866	22.692371014036556	25.915596356873937	25.281305784850126	1.8120368951420843E-4
170.0	30.806122979916495	22.895578356938778	23.130239260930757	23.16792996983449	1.2943237947709836E-4
171.0	25.13776728976898	23.805757958248382	27.19640717818835	23.859420414409808	6.471593844841208E-4
172.0	27.40425716950175	24.42013866510955	24.08071016496991	24.094790468773173	1.0353164561221238E-4
173.0	27.959992670223194	20.346523480650113	23.971605397117575	27.720713762898285	0.0011646891108297451
174.0	23.901218642297273	26.227571691387713	23.76619067388196	26.10455311100091	4.658814321402282E-4
175.0	25.87953264143725	24.029955590479933	23.658849576533303	26.43005746474907	0.0016047268004387633
176.0	24.397640723913035	24.6207252485921	27.88784327813896	23.09267778560591	0.0011129637499941764
177.0	22.463798502706798	26.774586499718627	23.883669605652045	26.854571217201734	0.023374174720791212
178.0	25.790051536465832	23.37957259311867	23.34183647059067	27.48807352176893	4.658780559012255E-4
179.0	28.47086979074455	24.428484458815163	22.916246054006148	24.183260806768732	0.00113888966540457
180.0	25.81646352706435	22.92246653376732	25.4135124250172	25.847453781083292	1.0373306784583502E-4
181.0	27.991338695538374	21.531141850542383	26.57635948931644	23.90061467321986	5.452913829420391E-4
182.0	25.423592418830758	23.62055838321138	25.63884441968533	25.31690094228562	1.038359869052437E-4
183.0	24.28256282669779	24.60279675114169	26.257286775501896	24.856990216459028	3.634301995958656E-4
184.0	25.96404411776159	22.101663164638918	26.439712423553775	25.490504546405635	0.004075747640090196
185.0	24.895543184525362	24.345102424394863	24.592600898781562	26.166286269168804	4.6722312941379853E-4
186.0	26.962671116242753	23.537438946389113	25.595454413303877	23.90443552406426	0.0
187.0	24.976538632964424	22.61181995496145	27.59402414097351	24.81714947314255	4.67797958061913E-4
188.0	27.05912317132439	27.607108606892893	22.312324409457005	23.021001993383113	4.418189425973236E-4
189.0	25.194498980917345	23.793305814722924	24.734495311076216	26.27692018199501	7.797112885040927E-4
190.0	28.53200304933281	21.596928210461144	25.62640370806355	24.24450908262959	1.5594951290469222E-4
191.0	26.26462247591428	24.038672481782655	24.5446021460828	25.15194675312137	1.5614309890442195E-4
192.0	26.639138940498313	24.238209736601508	23.59163955924755	25.530959713243888	5.2050408738847223E-5
193.0	27.483452068585777	24.423968531145455	22.117239858918005	25.975105289637927	2.3425171283551028E-4
194.0	27.760101283535594	23.509196520044313	24.323327488984585	24.407374707435512	0.0
195.0	26.134403181428755	21.885781688613704	25.27474472788199	26.704575776958432	4.94625117115513E-4
196.0	28.186979776197784	22.863863825737514	25.934844096560422	23.014077511096456	2.3479040782050325E-4
197.0	24.37873046122825	24.184529916224758	24.069935156899845	27.3662304481824	5.740174647422818E-4
198.0	27.290136706683665	23.851349603970405	24.126784849912084	24.731519859732824	2.0897970101796623E-4
199.0	25.85560246855487	23.5953688817727	25.307869284152062	25.240819142318244	3.4022320212320214E-4
200.0	26.79613358100219	23.564180634246195	24.458887432201433	25.18066748623875	1.308663114257021E-4
201.0	25.621089805369092	21.856440399093096	27.774808387048477	24.74745200973076	2.0939875857945976E-4
202.0	25.587565167222838	25.073871019420068	27.668754181748884	21.66980963160821	0.0
203.0	26.006425496706083	24.836089611328145	23.106258967940594	26.05070224866201	5.236753631688644E-4
204.0	25.97767542904069	23.33924800563116	24.76830126701079	25.91459199235771	1.8330595964335993E-4
205.0	27.548113271534863	24.568388816566326	25.14690820394491	22.735856443599793	7.332643541080218E-4
206.0	25.958033701582362	21.631210224613483	25.98058383634626	26.430067474927053	1.0476253084274385E-4
207.0	26.193789246807082	23.255092065294953	26.71711493466418	23.833715607144764	2.8814608901932883E-4
208.0	28.43688602823952	22.202895634592828	22.116253485532177	27.243886252770285	7.85988651895844E-5
209.0	27.306937537193033	20.771366782845625	25.390495721048918	26.53057106748293	6.288914294938026E-4
210.0	24.28955487368292	24.962863333923885	24.94126798258534	25.806025522350662	2.882874571893126E-4
211.0	25.122645718632867	25.26174119433363	25.394361626216426	24.220779595275683	4.71865541389686E-4
212.0	28.23614935184309	22.73113610442891	24.89097730854189	24.141396313906675	3.4092127944084714E-4
213.0	29.666199111382586	23.149286571507886	22.64211240532793	24.54224448576003	1.5742602157681052E-4
214.0	27.280596300974363	25.689186177079293	24.522013815359564	22.508203706586777	0.0
215.0	26.149061640760202	25.388294518567932	22.49994673420156	25.96240776139237	2.8934507793772717E-4
216.0	26.355173443983404	24.771372614107882	25.834356846473028	23.03904398340249	5.311203319502074E-5
217.0	29.385929711694242	23.337174984537086	24.956366761049296	22.32007375114233	4.547915770459735E-4
218.0	24.64490648694187	24.981701769165966	24.80423251895535	25.568916596461666	2.4262847514743048E-4
219.0	26.330158671480397	22.974066859802953	24.96590033710962	25.729357675971386	5.164556356454419E-4
220.0	27.451317088724913	22.017771572854357	25.052272142190056	25.478311599569864	3.275966608072364E-4
221.0	25.7243979261404	23.53232426173254	24.09411599109161	26.64902436281931	1.3745821613874923E-4
222.0	25.759704590607463	25.144583489161974	23.918734611197696	25.176782668055104	1.9464097776504885E-4
223.0	30.25962107564807	23.178532994711396	24.079564731669457	22.48174747796228	5.337200087979529E-4
224.0	29.843430418323567	23.039697176181413	25.075358072320654	22.04131715290851	1.971802658609693E-4
225.0	30.235957290019932	19.697545552535303	24.531305490999944	25.534342043479175	8.496229656486107E-4
226.0	24.734617805918578	22.618847243817275	26.1219179244822	26.524331261446648	2.857643352964391E-4
227.0	27.41090558388533	23.44596584641861	25.746250555847517	23.39554975484959	0.001328258998954718
228.0	27.383209516298173	28.30677375229745	22.780564410683724	21.529365268668748	8.705205190391543E-5
229.0	26.69386708895205	25.901145659782877	22.178234161225703	25.226723829688368	2.9260350995466403E-5
230.0	25.644432249772553	23.203981724103276	27.290359296490557	23.861197258085003	2.9471548609046053E-5
231.0	24.640840050446894	25.64185089557541	24.161731644459067	25.554266171734003	0.001311237784628002
232.0	25.15148494012606	25.146574908962332	24.488151705592138	25.213489053175337	2.993921441297733E-4
233.0	22.869417242982507	25.7688247031247	22.287743844559387	29.07356017899692	4.54030336490963E-4
234.0	27.607001309643447	21.89131679365867	25.877098685196607	24.623262511026315	0.0013207004749607476
235.0	25.74670265353444	22.619784327321437	27.559218031210158	24.074232855910868	6.213202309323034E-5
236.0	29.375745892146	23.118920182578982	23.4895025267121	24.015642614892954	1.8878366996083682E-4
237.0	27.174130376413192	24.703206694329076	22.4785978115084	25.64403338024137	3.173750795818012E-5
238.0	27.34838857557288	23.014672576289136	23.92082254640776	25.716052006135087	6.42955951409247E-5
239.0	27.432745697061385	23.477041756192353	23.970962704061506	25.11810869586481	0.0011411468199498548
240.0	25.703586962779607	21.875527115760597	25.78092252538825	26.639727719563812	2.356765077320412E-4
241.0	29.44720622949029	21.926636680715696	23.496145674815374	25.127651555248697	0.0023598597299376526
242.0	26.23702325103632	24.472178634131705	21.616145028727594	27.673740777233096	9.123088712914645E-4
243.0	28.45571961277487	22.511581654429225	25.14302966670356	23.88669051538066	0.0029785507116874606
244.0	26.708593724302126	22.931496193027236	25.80704668912226	24.551913896934177	9.494966141968055E-4
245.0	29.04942298946991	21.6064391887253	23.350556074058012	25.991644444323597	0.001937303423181161
246.0	24.56509317218585	27.16581659235185	23.377565802153917	24.888970464543082	0.0025539687653025295
247.0	25.4632276128126	23.62594777668151	24.703197484631318	26.07589312072057	0.13173400515400766
248.0	25.54309076355382	23.48831894076333	23.665696533313472	27.291517271938094	0.011376490431278311
249.0	25.82475088290332	21.79024573343306	28.26270106770341	24.10600045480823	0.016301861151979923
250.0	27.402666044315094	22.277738118118666	24.935064935064936	25.38370720188902	8.237006122841219E-4
