# Position (bp)	A	C	G	T	N
0.0	23.592363504328496	23.80321436079066	26.40986603644981	26.194556098431036	0.0
1.0	22.406063804757697	29.590298929804593	23.921379108615614	24.00150068993584	0.08075746688625915
2.0	24.316667407750895	27.522597775476886	22.481531122361474	25.678568479358688	6.352150520558736E-4
3.0	25.678377606398172	22.44247675267384	24.46919927639722	27.399790536037322	0.010155828493446317
4.0	25.63783763210312	24.38690196774971	24.225143045635047	25.75011735451212	0.0
5.0	27.392693253555766	24.55061734655072	22.919149151940776	25.13690642192531	6.338260274319905E-4
6.0	24.56881001057009	24.40171399998734	24.431462153386544	26.592950320583824	0.005063515472204465
7.0	25.354364545219	25.338565858405847	23.962184263244037	25.344885333131113	0.0
8.0	26.638260265757662	25.236877820913424	24.15554082631064	23.969321087018276	0.0
9.0	25.673955510744218	25.962568529838048	22.722918898481314	25.640557060936413	0.0
10.0	25.267307280581335	25.48455348034709	22.97898064304875	26.26915859602282	0.0
11.0	26.671821347685267	23.09621800647785	23.492560212356622	26.73940043348026	0.0
12.0	27.99319503764893	24.800373793706605	20.993548464390756	26.212882704253698	0.0
13.0	24.321269645900397	23.481584927097142	25.594110963832605	26.603034463169855	0.0
14.0	25.72138487142824	22.70574998241954	24.214153442254048	27.358711703898177	0.0
15.0	25.09997634037544	24.395381179634256	24.2251472955895	26.2794951844008	0.0
16.0	26.146053473996727	25.275783724369255	21.83379887476841	26.74436392686561	0.0
17.0	27.685883785451775	26.35871831510589	19.93138993756151	26.023451964616335	5.559972644934587E-4
18.0	24.855994752421218	26.476570552925025	20.631473345937813	28.035961348715944	0.0
19.0	24.88289691637688	24.610296295483717	21.751006483177747	28.75305784398688	0.002742460974780329
20.0	22.223794415207703	25.921229503289815	24.647753185051346	27.20722289645114	0.0
21.0	23.35605680327736	25.224131137630824	24.391297072936403	27.027435486395607	0.0010794997598113035
22.0	21.92915909819425	27.00662463938455	26.29554439576878	24.76867186665242	0.0
23.0	24.484722281246015	25.213016871361184	23.646466363520464	26.65473205558625	0.001062428286090689
24.0	26.72160651700294	22.274846599938954	25.21760180185869	25.78594508119941	0.0
25.0	23.721724818616956	26.600936472965724	20.665427063964543	29.011390802981296	5.208414714813252E-4
26.0	25.163628831814417	26.222555923777964	20.307062966031484	28.30675227837614	0.0
27.0	24.97107796554146	25.515431971243235	20.33373961905549	29.179750444159815	0.0
28.0	27.33477872720316	24.083152659099603	23.574033924244358	25.00497385537559	0.00306083407728606
29.0	26.172663758985543	24.026734512559567	23.49315483401987	26.306437282933526	0.001009611501494225
30.0	22.835272842035657	25.258364600918743	26.02631987616533	25.880042680880265	0.0
31.0	26.201358740349008	24.8386308921531	22.724757884033554	26.23325873386932	0.0019937495950196134
32.0	23.503794518315896	23.337398594769144	25.398338015790333	27.760468871124626	0.0
33.0	24.20618415451089	24.824697471631087	25.722618307798456	25.246500066059568	0.0
34.0	25.312709241055398	26.56209061532639	23.576675626631474	24.548524516986735	0.0
35.0	24.765009169203	22.80395187848646	26.48939540867762	25.94116348064866	4.800629842635353E-4
36.0	22.94804397459757	26.063390955660864	26.838990042401335	24.149575027340227	0.0
37.0	25.164467375043152	25.8113084506502	22.100003835973762	26.924220338332887	0.0
38.0	26.019818688246378	26.05098014775326	22.014372623938712	25.914828540061652	0.0
39.0	22.459124049103867	28.047301540128178	22.35175127864672	27.141823132121235	0.0
40.0	25.7904650527456	28.072832541710003	22.934869609811976	23.20135350814549	4.792875869307861E-4
41.0	23.44264416234168	25.406501142947512	21.48980931705891	29.656732368177657	0.004313009474244145
42.0	24.31061001729764	26.397826534866002	21.25309656490927	28.037987723946927	4.7915898015802666E-4
43.0	25.59423136813358	25.429413314807274	23.2891742328055	25.682868984021272	0.004312100232374291
44.0	28.029856609703398	25.07725254035098	23.367396313915997	23.525015450508068	4.7908552155645305E-4
45.0	24.947908433804194	24.859292895907878	22.26166012827698	27.926348512935473	0.004790029075476488
46.0	24.747457813839645	24.586520545845566	23.099766736757402	27.566254903557386	0.0
47.0	24.28494798750934	25.095308339240212	24.518668940018006	26.100116860476252	9.578727561830687E-4
48.0	22.82490041366631	24.381415658035852	23.364007200857976	29.429676727439862	0.0
49.0	21.68647013203374	26.655687791426903	24.86092892774049	26.795955688748883	9.574600499794146E-4
50.0	25.88247120659448	25.996400225943265	20.916027611032924	27.20510095642933	0.0
51.0	24.12263067202757	27.820218265364733	22.232912119471568	25.822324334673556	0.0019146084625694046
52.0	22.542659507385398	26.352874859075538	21.959853247472914	29.144612386066154	0.0
53.0	22.091747670059426	26.1501845828047	23.927082637769363	27.83003119306312	9.539163033835411E-4
54.0	23.40896407976762	29.061952980792622	22.403044944409732	25.126037995030025	0.0
55.0	23.85347741229114	29.48493359356405	22.146903413147996	24.51373351739896	9.520635978483362E-4
56.0	25.96800525471568	25.960389724746193	24.590546271484122	23.48105874905401	0.0
57.0	21.99424097475072	28.543347373932082	23.195545084600557	26.261631089217296	0.005235477499345565
58.0	24.757997734649393	26.08865325858311	21.991985608360856	27.160887484413816	4.75913992823217E-4
59.0	26.877299182882897	23.014909888687427	24.809045871821596	25.294937871497986	0.0038071851100990347
60.0	23.080834240150537	23.46145987274464	24.73733980222673	28.72036608487809	0.0
61.0	24.05358016830521	24.63043653867171	24.10822471739265	27.20253170571772	0.005226869912711272
62.0	24.61216092292634	22.615116339844437	25.917390870517576	26.85485671929716	4.7514741448534414E-4
63.0	26.16359731645666	24.251192580344753	22.794439059619513	26.788395385521792	0.002375658057281867
64.0	24.555097705427976	22.605730976959443	23.84571978623826	28.993451531374326	0.0
65.0	22.6870596713477	26.9535657731294	24.668834924758915	25.684850323816388	0.005689306947592001
66.0	23.753964604203308	25.103233789569003	24.003337615975042	27.139463990252644	0.0
67.0	25.94160507814907	25.945871633569258	21.51813523084435	26.59296587229726	0.0014221851400615332
68.0	23.53766585919686	23.992756474375078	26.694382949271617	25.77519471715644	0.0
69.0	23.598621493887265	25.25681075879461	25.27672040691528	25.86500310495703	0.0028442354458102044
70.0	24.72282292371538	23.71537948298135	25.057848736791797	26.50394885651147	0.0
71.0	24.52003644277022	23.66986248990979	26.392685010786494	25.415999886706413	0.0014161698270856642
72.0	26.508861775187032	26.311566327614283	22.677648502584194	24.499563401222478	0.0023599933920185026
73.0	25.27371918299543	23.4298901347831	23.39921470910258	27.891040887982783	0.006135085136104505
74.0	24.606346584876725	27.231803704140617	23.135543234634895	25.024890881207973	0.00141559513979002
75.0	24.949157980663518	24.66085659955363	22.806479467373816	27.581618545658728	0.0018874067503102424
76.0	26.353834902210583	24.939250241819426	25.685233680137777	23.02026564748626	0.0014155283459551277
77.0	23.713227488263463	25.60711505343367	25.17823020123145	25.50001179551299	0.001415461558423176
78.0	26.764955652009814	27.118324212115493	20.730798263823363	25.385450084921686	4.717871296471032E-4
79.0	27.563382806676547	21.732258947189646	22.322447939763922	28.379079663719654	0.0028306426502363586
80.0	23.090530844454506	23.583494902893158	28.601350108263397	24.71943504903695	0.0051890953519857725
81.0	24.633948450884937	25.747198007471976	22.69991320427186	26.917996905543607	9.434318276161365E-4
82.0	22.43144950164389	22.69701929744289	24.693273961423984	30.176842125124416	0.0014151143648259174
83.0	24.583862005858244	22.93157365960879	24.63197317095029	27.849761095047853	0.0028300685348263514
84.0	23.542728854888384	26.626828221466535	25.388283346618056	24.44074463619513	0.00141494083189088
85.0	24.477678108227927	27.473895695973287	21.38241980059802	26.664119905298207	0.0018864899025627965
86.0	25.251243839750998	25.984107147067842	22.576811525855362	26.185007899266665	0.0028295880591383904
87.0	22.590624218959995	21.966735358889355	26.385358653569558	29.056338625935478	9.431426456094352E-4
88.0	23.938395084433253	28.022597271539794	26.070800382908693	21.967264136262678	9.431248555840064E-4
89.0	26.17564540846399	27.21537192031121	22.70753271248379	23.90050689614523	9.430625957797949E-4
90.0	23.387792630313317	26.210717401042032	24.731593464884362	25.66942499469552	4.7150906476177E-4
91.0	25.862255939723415	25.216772204121856	24.383159899853364	24.537340456129268	4.715001720975628E-4
92.0	24.558690404345203	24.479009505129753	24.06504601689801	26.897254073627035	0.0
93.0	25.70683664376942	26.12832202614718	21.654636574936234	26.510204755147164	0.0
94.0	27.251640642679337	24.23248095345855	23.526721731915217	24.984913630534813	0.004243041412084181
95.0	23.58315340882306	27.431337978371346	24.033357532787118	24.948851154502513	0.0032999255159669254
96.0	25.231799005397253	25.656979895825966	24.454971835301325	24.654835136345422	0.0014141271300289896
97.0	24.94767704955125	25.05138019458481	23.690983482917265	26.309959272946674	0.0
98.0	27.330747149462887	23.418476288339075	24.81369577616154	24.437080786036493	0.0
99.0	21.814720034686385	22.73277816265841	27.53373203824928	27.918769764405926	0.0
100.0	22.75113574242681	25.718203924673418	24.77992045090388	26.750739881995887	0.0
101.0	23.1601170588263	22.448527575270617	28.775076460525632	25.615807654063836	4.7125131361303675E-4
102.0	24.984446874293038	24.959467611793983	24.771416182791643	25.284669331121336	0.0
103.0	25.250011781893583	26.408878835006362	25.12842264008672	23.2122154672699	4.712757434374853E-4
104.0	25.34980277203086	27.657157937895576	22.674382985140745	24.31865630493282	0.0
105.0	27.44534353807219	23.616210076865435	21.23719891229046	27.696534693127354	0.004712779644562159
106.0	25.808321434125514	23.246575148799003	25.481269940009142	25.463833477066338	0.0
107.0	25.277102301645648	25.42225112631718	23.235593507888932	26.064581801730473	4.712624177647081E-4
108.0	22.987752870936276	24.86416949008779	25.324555988558668	26.82352165041727	0.0
109.0	25.888473173811832	24.727874167130025	26.314450235135567	23.06825999679575	9.424271268224185E-4
110.0	24.111787545235224	25.18848009650181	23.564252864897465	27.1354794933655	0.0
111.0	24.76663038305131	24.479659970690378	25.083287389794407	25.66995104068006	4.7121578384389564E-4
112.0	25.036634265170825	24.699740379677053	23.986844647156662	26.276309527736025	4.711802594318508E-4
113.0	27.618293780359675	22.536478725258778	23.517882467125567	26.324989281356153	0.0023557458998242613
114.0	25.520867688770366	23.15422960582731	27.966660698636463	23.358242006765863	0.0
115.0	26.43748026895476	24.35718021571039	25.87440924661568	23.330459079579132	4.7118914003270055E-4
116.0	26.31452467899635	25.299092943809637	24.62575097184592	23.7606314053481	0.0
117.0	25.402053500327487	26.770896651164104	24.447868515665125	23.377296522997035	0.0018848098462466367
118.0	25.495582518553423	25.477205795735657	25.57709977618094	23.45011190952998	0.0
119.0	26.508368831756325	21.84613789723678	25.0942436008595	26.5512496701474	0.0
120.0	24.83402362542348	24.139962022155316	25.53703782235227	25.488976530068935	0.0
121.0	26.940275650842267	23.711626811167395	25.480975379903402	23.865708564024033	0.0014135940629049358
122.0	26.05489456944281	24.54988809047002	25.114854517611025	24.27989162445518	4.711980209683119E-4
123.0	23.771356949666863	27.838247905534665	24.73212518730033	23.657327565896733	9.423916014060483E-4
124.0	24.727408091526797	24.970549707381892	23.781229090292243	26.520813110799068	0.0
125.0	26.131967448720427	23.931410476913	24.98174056045877	24.952525457192806	0.0023560567149972433
126.0	24.184109093307953	24.381072650337853	25.372487301033825	26.061859750638483	4.7120468188971925E-4
127.0	25.439381802761158	23.213965980304387	27.874004617631815	23.47029166470339	0.0023559345992555246
128.0	25.379780236349585	23.66181653693198	25.634694762236837	25.312871063196184	0.01083740128541003
129.0	23.665140035432923	27.74934976817822	22.70062949979268	25.880640054280224	0.0042406423159561234
130.0	25.19590057721758	25.42113323124043	23.860054187772413	25.522912003769584	0.0
131.0	25.15290880132694	25.36966704049609	25.245266659755533	24.231215071294613	9.424271268224185E-4
132.0	26.261550568045273	25.469915511806203	22.947521192730154	25.315829402645377	0.005183324772993936
133.0	25.829206346214562	25.838159277357093	25.424439617191513	22.907252345432354	9.424138044774079E-4
134.0	25.797513924098347	23.492851824975734	21.896881567415257	28.812752683510663	0.0
135.0	25.39486580217129	24.73565666465621	26.99129221954162	22.877242913148372	9.42400482509047E-4
136.0	27.112646191252555	26.40206953096286	25.19342952191573	21.28572909500429	0.006125660864566351
137.0	28.21049258809005	22.560854937660796	24.098366835354764	25.130285638894385	0.0
138.0	24.227746470909743	24.80776117152604	27.71019054260352	23.2524171205639	0.0018846943968035582
139.0	25.522421112645066	24.360019412626688	24.882087140077182	25.23405879387277	0.0014135407782955526
140.0	25.93695519012392	22.189134429628233	26.548555812090658	25.324412194317485	9.423738397022099E-4
141.0	24.699147151675067	25.758846534420204	26.226735145832354	23.315271168072375	0.0
142.0	28.05682514253404	23.168260849078827	24.031475286246053	24.742967535221222	4.7118691985110497E-4
143.0	25.065965547137097	26.92619397640318	24.305005842662748	23.702834633796975	0.0
144.0	27.572786256484676	26.270431746540325	22.939155919728975	23.21715489254633	4.711846996904316E-4
145.0	27.564175053714802	22.66387726638773	23.43520298541219	26.33580232952618	9.423649591013608E-4
146.0	26.480552218060172	22.25222041604825	25.4053289985158	25.85718660918322	0.0047117581925695574
147.0	25.165843729976256	25.088575628510046	27.408503260336964	22.33142361765482	0.005653763521917757
148.0	24.03379081918708	24.950175974218716	23.74638981940852	27.26964338718568	0.0
149.0	27.393897704572012	25.289284233538122	24.181617730202404	23.132844596886663	0.002355734800799065
150.0	24.859592913682622	24.4614587259706	25.437240859404447	25.24170750094233	0.0
151.0	26.012571148554414	24.741320818726674	25.882524784198424	23.363112066040937	4.711824795506804E-4
152.0	27.031484116588295	24.021127623283732	23.88778423815223	25.05913284393641	4.711780393339427E-4
153.0	24.2493921631453	23.583598771132934	26.245829956461918	25.919294343818912	0.001884765440940875
154.0	22.939086677095307	25.146063815752274	25.458923085621667	26.452628206336342	0.003298215194406227
155.0	26.999646601484272	23.836494286723998	24.62575097184592	24.537636941924845	4.711980209683119E-4
156.0	25.268584137515077	23.083157418576597	27.484638872135104	24.163148371531967	4.712002412545235E-4
157.0	23.838625622564518	23.57051647528354	27.261846984596684	25.329010917555262	0.0
158.0	24.698082713321114	22.4038411700679	25.487331960589373	27.410744156021615	0.0
159.0	25.707015973236587	22.084059746501435	25.136408613296897	27.072515666965085	0.0
160.0	25.800630421364595	22.11893195878232	25.904758314918556	26.17567930493453	0.0
161.0	24.68832160122127	21.278470396441733	28.95475833733827	25.07420914256636	0.004240522432363667
162.0	24.586525684883096	24.276478848020506	26.0052962407999	25.131699226296494	0.0
163.0	24.76133932694392	24.22747448474739	26.933080772384155	24.078105415924533	0.0
164.0	24.807041682766158	24.345732299196126	25.22500023560234	25.619398554344038	0.0028272280913383156
165.0	26.3177735681906	22.879734607518827	26.59438114356263	24.20669701339214	0.001413667335802539
166.0	24.039508220669244	24.107837085137763	25.826897068456095	26.02575762573689	0.0
167.0	25.954533030471538	23.711345064515214	26.89469269267382	23.438957954363378	4.7125797604124445E-4
168.0	25.191918906309645	25.14856337683024	24.623113209770075	25.03593325133483	4.7125575521091053E-4
169.0	25.83528901706864	22.84050103203551	25.963468770322617	25.360269931480385	4.712490928454963E-4
170.0	30.81200548531359	22.473763330395894	24.235284138301534	22.478475799116886	4.7124687209888647E-4
171.0	24.825990452448384	23.473970433692585	27.60967196196059	24.088953397957596	0.0014137539408391102
172.0	26.267480869991328	24.580647593199895	25.030155678691244	24.121715858117533	0.0
173.0	28.245638007642615	21.085515311146814	23.559706169221272	27.108198142589913	9.423693993808632E-4
174.0	23.745464825896434	26.539132073693633	24.402770579088724	25.311218960561654	0.0014135607595533147
175.0	25.92191196011723	23.95369000386388	23.318034887994646	26.80542073866046	9.424093637794385E-4
176.0	24.80019226781776	24.162598254509813	28.93206537105804	22.102787883357525	0.0023562232568660347
177.0	21.553824476081417	26.331886578164838	25.600968901832715	26.485987210118804	0.02733283380223281
178.0	24.700200259158912	23.02273530451172	25.268465072446695	27.008599363882674	0.0
179.0	27.413191090335925	24.510058006116324	23.874865115753067	24.201414576451686	4.7121134299944864E-4
180.0	26.256777435626166	22.88884060982752	25.68955094175656	25.164358717624168	4.72295165586685E-4
181.0	27.108507839778955	22.64735661768185	26.82652182552825	23.417140586114556	4.731308963937963E-4
182.0	25.030040969258867	23.65146798626158	25.85084540491442	25.46764563956514	0.0
183.0	23.830407281776164	25.040094239202944	26.360956963151143	24.76854151586975	0.0
184.0	25.07924342634383	22.81501036078231	26.853349986280246	25.247665275767122	0.00473095082649711
185.0	24.28558588816303	25.06279653921295	25.124765252108595	25.526379276905537	4.7304360989039576E-4
186.0	26.442496463831738	23.6949292056749	25.113654103610912	24.748920226882447	0.0
187.0	23.924027833077375	23.045238230665678	28.496198547674574	24.53358739548376	9.479930986102421E-4
188.0	26.697952218430032	28.372677284793323	22.926621160409557	22.002275312855517	4.7402351156617366E-4
189.0	24.45675875538027	24.741652287680843	25.49773412465159	25.302906767287965	9.480649993363544E-4
190.0	28.682567450327827	22.134042563278385	25.361607714297907	23.821782272095877	0.0
191.0	25.985500572095958	25.191212985866144	24.854127399360962	23.969159042676935	0.0
192.0	26.765545105374855	23.74934125880102	24.810923472076496	24.67419016374763	0.0
193.0	27.23530333461533	24.854588360421445	22.22222222222222	25.687886082741002	0.0
194.0	27.717605496702262	23.648260438083753	24.421293548402414	24.21284051681157	0.0
195.0	25.60926963624276	21.991167252350653	26.15870453034476	26.239433944344192	0.0014246367176370027
196.0	27.879632845919954	22.240039589449793	26.5116079883135	23.368719576316753	0.0
197.0	24.76515432715644	24.308787558651936	24.93980146379998	25.983877261609038	0.0023793887826095233
198.0	27.242828953012843	23.821507897922803	25.096042935720348	23.83962021334401	0.0
199.0	25.633580860055872	22.571571834483418	25.89718488097228	25.89718488097228	4.775435161529094E-4
200.0	26.621965605016452	24.41652220009456	25.241294993576613	23.720217201312376	0.0
201.0	24.408986274153953	21.986665775171215	28.419760633471196	25.184109730354464	4.775868491685213E-4
202.0	24.6728311331028	24.677607320940716	29.070744894255203	21.578816651701278	0.0
203.0	24.914719793607567	25.11776790406574	23.76379532750466	26.20085041326263	0.002866561559409488
204.0	25.979368636313684	24.042849020273014	24.466656792152627	25.511125551260672	0.0
205.0	27.323200710971808	24.907425546249	25.246188321523622	22.520796403094256	0.002389018161316062
206.0	25.223636676414934	22.148632375709617	26.277309478754518	26.35042146912094	0.0
207.0	25.64532702463737	23.526656630104906	27.233493440389996	23.59452290486773	0.0
208.0	27.51095877969148	22.44673578943846	22.703914566931015	27.338390863939043	0.0
209.0	26.554828346185655	20.638616251774863	26.447260853560007	26.357860315244462	0.001434233235008677
210.0	24.04418093143349	24.16132734053744	26.035191737592044	25.75929999043703	0.0
211.0	24.356073832084142	25.26534302072522	26.606527031745504	23.770142871492187	0.0019132439529533313
212.0	27.490369661442752	23.08984328268932	25.66718506998445	23.75260198588348	0.0
213.0	29.242428594682064	23.439040971284673	23.429944752439223	23.888106933233754	4.78748360286866E-4
214.0	27.266324917357355	25.297753078139223	25.033775691084177	22.402146313419248	0.0
215.0	24.75198579347748	25.62789469895131	24.012862662283123	25.6067768952029	4.799500851911401E-4
216.0	25.74531134056618	24.697728782815766	26.264737692117425	23.292222184500627	0.0
217.0	28.2559486851047	22.986100586190545	26.280305659989928	22.476178370106727	0.0014666986081030208
218.0	24.08519153802173	24.558861221190433	26.12330198537095	25.23264525541689	0.0
219.0	25.56609828789786	23.476846070026518	25.578039715196958	25.377025688995474	0.0019902378831829874
220.0	28.152281522815226	21.778217782177823	25.617756177561773	24.451744517445174	0.0
221.0	24.432582825518274	22.792957625794486	26.135212375062373	26.63924717362487	0.0
222.0	24.9142985212993	24.763015673310548	25.633019391710516	24.68915704382109	5.093698585479903E-4
223.0	30.236442941255326	22.82607574835789	25.020880809247366	21.915053774528506	0.001546726610915765
224.0	29.435936135131364	23.365258876007257	25.175349277152648	22.02345571170873	0.0
225.0	29.90329624623063	20.04783196423001	25.273993969013205	24.772798169907457	0.002079650618696059
226.0	25.47674173858135	22.268996000841927	26.68175121027152	25.572511050305195	0.0
227.0	26.10314820914394	23.323097846297696	27.501407822178773	23.070221107770116	0.0021250146094754403
228.0	27.376696113168624	27.209422880626764	24.103378064226508	21.3105029419781	0.0
229.0	27.121431035969984	25.34880962649875	23.320646079530754	24.209113258000517	0.0
230.0	25.87649889876825	23.217228158903662	27.60855969763711	23.297713244690975	0.0
231.0	25.155409575875144	24.659972665549777	24.926152896569967	25.255709373071156	0.002755488933956441
232.0	24.642372176804766	25.10849383400305	25.55299986143827	24.696134127753915	0.0
233.0	23.864804877363525	24.435141741353636	22.35327171072964	29.346219762312813	5.619082403843452E-4
234.0	26.08197860536119	21.224894336914296	27.175634263320386	25.51464473279486	0.0028480616092687316
235.0	24.587449224519943	22.12830040620384	28.276172451994093	25.00807791728213	0.0
236.0	28.088490592596067	23.72554309576315	24.153685544034158	24.032280767606625	0.0
237.0	27.351029028117107	24.454132972084025	23.765550777021232	24.42928722277764	0.0
238.0	26.28040340122602	22.575368076653422	25.536160497600086	25.608068024520463	0.0
239.0	27.600102263181604	22.801645950256265	25.024044021864846	24.57116421762579	0.003043547071499008
240.0	25.299424727295587	21.644714092609473	28.365659677470056	24.690201502624877	0.0
241.0	28.727963898871522	20.468634941813992	24.602390378067433	26.19786389068961	0.0031468905574401937
242.0	26.148695087425043	23.468879458740297	22.352184522646017	28.027718751773406	0.0025221794152327026
243.0	27.33321969481745	22.851442893489143	26.06488759256804	23.747293193684225	0.003156625441138405
244.0	26.359168337624055	22.820744751507025	26.42305478420929	24.395767048509423	0.0012650781502027287
245.0	28.23644945671112	20.79513415909019	24.672601134095736	26.293280957962427	0.0025342921405264993
246.0	23.63007614213198	26.71573604060914	25.000634517766496	24.649111675126903	0.004441624365482234
247.0	24.686953480237843	23.631911984482816	25.456453305351523	26.089859772965756	0.13482145696206557
248.0	25.941462545195293	23.19346132301268	24.28387737434435	26.567194581657077	0.014004175790599378
249.0	25.549930501536615	22.189137836493707	28.47524196942068	23.76337367219679	0.02231602035221056
250.0	26.22687047465809	22.038973808885313	25.52835561685119	26.20516160339169	6.384962137174527E-4
