# Position (bp)	A	C	G	T	N
0.0	23.513466914511536	24.33720512308037	25.792393038269847	26.356906331052464	2.8593085791552402E-5
1.0	22.66516685371515	30.55528281616236	23.140028336988674	23.561030132882436	0.07849186025137946
2.0	24.210832118118848	27.192313388625593	22.674022511848342	25.921949052132703	8.829292745169522E-4
3.0	25.210678834098637	22.387397463941973	24.623396464409293	27.77115596865019	0.007371268899905
4.0	25.823746856137	24.089122312233556	23.808631285130705	26.278471104901996	2.84415967453712E-5
5.0	27.63075788195873	24.474536084583438	22.723927419373172	25.17012505200081	6.535620838514471E-4
6.0	25.42289614186426	24.06530571029278	24.22525415464595	26.281183068213377	0.005360924983640669
7.0	25.019598383887114	25.886655234629956	24.037343520812506	25.05566677113476	7.360895356662275E-4
8.0	26.974074219610234	24.52326829531683	24.168201942292107	24.33445554278083	0.0
9.0	25.800397270473002	26.02618327388576	22.78084815383252	25.39231729255488	2.5400925383934985E-4
10.0	24.582011960888504	25.499836979023883	23.400448335888647	26.517702724198973	0.0
11.0	27.145711522104843	23.00944056621036	23.353750306445487	26.490879446050187	2.1815918912410992E-4
12.0	28.632166794359907	24.884928641013282	19.997351415196764	26.485526341891553	2.68075384942849E-5
13.0	25.154696933413984	23.502528140096267	25.192900878057074	26.1495836245273	2.90423905372499E-4
14.0	26.7262249705936	22.153457779933	23.59553409391968	27.524757028142876	2.6127410841516873E-5
15.0	25.24429191341414	23.77981543619407	24.54850073782765	26.427366154922428	2.5757641712749237E-5
16.0	26.0380182493675	25.597156482121648	21.533189992478405	26.831559300314282	7.597571816047592E-5
17.0	28.325800225348534	26.32193894959017	19.760572139303484	25.590399279519467	0.0012894062383457512
18.0	25.314972943307822	25.950574081832972	20.036164106558715	28.69819051609337	9.835220712188001E-5
19.0	24.9000223816798	24.992802394228217	21.81120380415174	28.29526205522527	7.093647149760345E-4
20.0	22.59835056076133	25.553335190777187	24.54493231848033	27.303284935524147	9.699445700926806E-5
21.0	23.537179243220045	24.619537539131205	24.118508995635874	27.724293088346485	4.81133666390095E-4
22.0	22.182884892531167	27.011205867384554	26.496240136601234	24.309621540378696	4.7563104348694634E-5
23.0	24.73184853116493	24.84534066203822	23.332932086583217	27.08938208867616	4.966315374742786E-4
24.0	27.179955054138482	22.381461084651942	24.712497960252016	25.725992253991176	9.364696638846494E-5
25.0	24.548121389728223	26.04235063328017	19.990293420083766	29.418886900034046	3.476568737905886E-4
26.0	25.63975605726847	25.762988275452997	20.014168483935403	28.582972142064015	1.150412791117709E-4
27.0	25.43662508114109	25.089719681903986	20.488222786482524	28.98540951306171	2.2937410687457136E-5
28.0	27.52124208844629	24.21163114500441	23.03954995271984	25.22497153449141	0.002605279338050626
29.0	27.12159939053393	23.901543575185627	22.76209431685008	26.214291341931972	4.7137549839541533E-4
30.0	23.29827464219608	25.14933078879161	25.647805087866395	25.90438911184303	2.0036930288847934E-4
31.0	25.73560167363572	25.213508947347226	22.642106553745386	26.408185287922265	5.975373494039897E-4
32.0	23.449233278132432	23.221669481583422	24.91542629252966	28.41356120441124	1.0974334324315721E-4
33.0	24.099752616357517	24.691160915640527	25.26115851208848	25.947819492373274	1.0846354019788956E-4
34.0	25.581800430947354	26.8330315554963	23.314079763968156	24.27098072779352	1.0752179466777915E-4
35.0	24.929908285115943	22.58986203127926	26.38213677762387	26.09779534430755	2.975616733763282E-4
36.0	23.390603234464717	25.168560799103044	26.61425950463765	24.8264278191146	1.486426799850508E-4
37.0	25.016923234002952	26.193175558625924	22.00432224384783	26.785578963523292	0.0
38.0	26.143990581066934	26.204174643283164	21.13999139681988	26.511737271527103	1.0610730292000931E-4
39.0	22.83159140962153	27.622709083888157	22.143839191373978	27.401754229628406	1.060854879295932E-4
40.0	25.690363947017048	27.129388533880604	23.06529441739159	24.114825816355236	1.2728535552284794E-4
41.0	24.24663642125573	24.43739547812157	21.73995677853283	29.571344693321883	0.004666628767984551
42.0	23.724982114742648	26.33971871840386	21.3187601449655	28.616432972333577	1.0604955441158722E-4
43.0	26.091952292254163	25.874065514062433	22.843649376613502	25.18679114956377	0.0035416675061337656
44.0	28.247159651755567	25.011540786741314	23.18808587914501	23.552938018182385	2.7566417572276496E-4
45.0	25.267169956453493	24.52283620692762	21.90139565493292	28.30499386524139	0.003604316444566567
46.0	24.542257955233012	24.633015600308504	23.18786811330523	27.63683713104929	2.1200103965309845E-5
47.0	24.87720582764364	25.11243899507509	23.474858329091987	26.534097786366228	0.0013990618230581074
48.0	22.62587218080964	24.551371913261384	23.042654078653886	29.780101827275086	0.0
49.0	21.870324163103998	26.699363752430294	24.457356579414398	26.971260257571668	0.001695247479643786
50.0	26.926617916625435	25.319417584552774	20.09569337437485	27.65814399096166	1.2713348528610013E-4
51.0	24.280337047825277	27.21938933862637	22.48967778853306	26.008540810366426	0.0020550146488647314
52.0	22.505461428627292	26.367999357416817	21.766533041775304	29.359985034575836	2.113760475004254E-5
53.0	22.232116630596625	25.92947181303451	24.53067444789201	27.306302184797914	0.0014349236789417354
54.0	23.025294170897347	29.098224793136605	22.425926836417073	25.450511996525847	4.220302312915581E-5
55.0	23.5704963323757	29.286489170878287	22.18137138758119	24.9603373426683	0.0013057664965168679
56.0	26.231755936612117	26.367309738225543	24.474715857162472	22.926218467999867	0.0
57.0	22.50401028587263	28.068821517115676	22.837277781310657	26.58506838648164	0.00482202921939138
58.0	24.99623109970194	25.959300930055107	21.84852558093703	27.19579500214343	1.4738716249392556E-4
59.0	27.442148558493155	23.225065224458035	24.519006466021807	24.81116908840714	0.002610662619858889
60.0	23.397902536045237	23.488910201076497	24.32258665222314	28.790558574782132	4.203587299365405E-5
61.0	24.551882851783546	24.695890670071403	23.49515297678158	27.251146734761434	0.00592676660203969
62.0	24.883627627743753	22.348770558383528	25.437343441881698	27.33000617668341	2.5219530761207403E-4
63.0	25.690069464029552	24.543788986040365	23.089634110717938	26.674384892172508	0.0021225470396353087
64.0	24.777553212216134	22.276283870350756	23.577419577414542	29.368680423445316	6.291657325303221E-5
65.0	23.39682244766274	26.943788363933606	23.662097298621262	25.992657443769595	0.004634446012793168
66.0	24.4118558618558	24.44060514836603	23.48709763056391	27.65977033283328	6.710263809827768E-4
67.0	26.334552033375434	25.599054396127002	21.298523636741834	26.767261841855845	6.080918998803946E-4
68.0	23.301195209433185	23.269261172614478	26.771143875940773	26.658190063503234	2.0967850833031744E-4
69.0	23.423348810585896	25.016600742446848	25.154459765608213	26.40301172168622	0.002578959672828563
70.0	24.854799289281008	23.827191217860825	24.80829152623115	26.50938307724412	3.3488938289724104E-4
71.0	24.32619565487311	23.54300772461901	26.340184984352312	25.789547380355216	0.0010642558003506203
72.0	26.2643939461911	26.54303457885599	22.10498245924458	25.08596149067105	0.0016275250372817995
73.0	24.977210992720245	22.963223998259085	23.6259360497371	28.429560425138867	0.004068534144703363
74.0	23.98108321304147	26.947325201957856	23.25115376920193	25.819457260625096	9.805551736490194E-4
75.0	24.952950549729096	24.92925110376623	22.199830140062474	27.915986298549182	0.001981907893021202
76.0	26.748732874826224	24.86185540169996	25.32055721798225	23.067832293876243	0.0010222116153280007
77.0	24.120053619727987	25.769615404031658	24.145837149059258	25.963575966913638	9.178602674561377E-4
78.0	27.109161808823846	26.59804011960035	20.568752469249887	25.723524113437602	5.214888883233632E-4
79.0	27.580728899954337	21.473494196305	22.693305793933003	28.249905456726925	0.0025656530807340104
80.0	24.046832188066304	23.636004492072125	28.03083460430718	24.28361711926685	0.002711596287532664
81.0	24.682871968024074	25.936241293670868	22.478885072596803	26.901292498660407	7.09167047843955E-4
82.0	22.488946714382433	22.609522323694932	24.444540851166607	30.45582210623752	0.0011680045185089088
83.0	24.29986751939239	23.371231018482213	24.617324592505334	27.710596613235044	9.802563850146745E-4
84.0	22.890683312975224	27.008826111157575	24.587646614363322	25.511676072690232	0.0011678888136481154
85.0	24.89627127127127	27.81831831831832	21.06564898231565	26.218864698031364	8.967300633967301E-4
86.0	24.893497003902695	25.658166515654045	22.818322957080788	26.628136726720687	0.001876796641785209
87.0	21.94184402073073	22.248834657537163	26.526580901687506	29.281968877213338	7.715428312619146E-4
88.0	24.650096439555856	27.020299223270605	26.1458166084554	22.183099619454723	6.881092634103113E-4
89.0	26.310747913958636	26.41931923053025	22.827478989458967	24.441307059366636	0.001146806685507658
90.0	23.322542616935685	26.61734601753342	24.41382557237154	25.6460772903306	2.0850282875787778E-4
91.0	26.23148105483528	25.3172226476715	24.142760251422104	24.307910555712738	6.254903583788708E-4
92.0	25.398176601040735	24.66961344350701	22.841043968770922	27.091145137828637	2.0848852698060453E-5
93.0	26.648211666262206	26.26560189737085	20.82683905788599	26.259013804140157	3.335743407945574E-4
94.0	27.5491881287611	23.909115452812234	23.269813108564648	25.267776263985063	0.004107045876953323
95.0	23.81680251852862	27.006824802278366	24.251324172583672	24.92242173846604	0.0026267681433064633
96.0	25.83853176889678	24.629765209436986	24.370746781917532	25.160122377607802	8.338621409076923E-4
97.0	25.34058321011753	25.289260953247343	23.483517988534416	25.886491927792793	1.4592030791686463E-4
98.0	28.106965243612393	23.74108202597526	24.010002222067506	24.1419296634339	2.0844910944286975E-5
99.0	22.2106017194963	22.784399356986498	26.660237643217542	28.344740438425497	2.0841874159681686E-5
100.0	22.92190559078391	25.15102481796367	24.69708545964356	27.22998413160886	0.0
101.0	22.869608727609805	22.61561125799812	28.666619568350182	25.847931206448383	2.292395935123528E-4
102.0	24.955618126228345	24.666005297897307	24.77796558242482	25.600369310543897	4.168290563198579E-5
103.0	25.56725681937726	26.59288299004779	25.21239829181091	22.627170142868692	2.9175589534465957E-4
104.0	25.415337294186045	27.53804731767192	22.971223036575022	24.075017244505204	3.7510706180722417E-4
105.0	27.100809863411097	23.62437843087401	21.310119749746786	27.96100318026651	0.003688775701596802
106.0	25.958202022584963	23.305137905983102	24.753720708550784	25.98279348134613	1.4588153502386413E-4
107.0	25.20577943395625	25.286826219145585	22.752827311578727	26.753608395021487	9.586402979454045E-4
108.0	23.489747161597986	25.476737970978856	24.42170782353928	26.61168201562228	1.2502826159663174E-4
109.0	25.931723254871443	24.961321235345046	25.658132854914783	23.44796833602652	8.543188422104355E-4
110.0	24.10923579367517	24.962400813784328	23.16124456327644	27.767077156572224	4.1672691843362354E-5
111.0	24.61080273622143	24.420290745926433	24.547979412286242	26.42003111786135	8.959877045482627E-4
112.0	25.31497870971452	25.058778523523493	23.576480422855322	26.049637327550357	1.250163563066168E-4
113.0	28.251102389963105	22.04877851608435	22.93594095473513	26.763178050042796	0.0010000891746180702
114.0	26.579148156127346	22.582809357106274	27.172457734297485	23.665209714808864	3.750376600316949E-4
115.0	26.242286077673782	24.667653065242952	25.985059832970673	23.104230074654993	7.709494575953837E-4
116.0	26.648609644733405	25.067672158993474	24.916710788226723	23.366882388277645	1.2501976875093376E-4
117.0	25.3475825962516	27.11776645325	23.933665040082563	23.600048257851956	9.376525638859157E-4
118.0	26.50422011130417	24.75789602650897	25.441998499358547	23.295489470193555	3.9589263475091373E-4
119.0	27.044051367215584	21.423642004763323	25.11465524246901	26.417088788269638	5.625972824467565E-4
120.0	24.88110498600598	24.170547875559052	25.219286913297072	25.72901855145616	4.167368173642563E-5
121.0	27.494964156798662	23.505797028065906	24.670370280075606	24.327930858659453	9.376764003728201E-4
122.0	26.764284420895716	24.245367959630993	24.46738750610267	24.52231416255498	6.459508156379275E-4
123.0	23.757049633000264	28.29725707651256	23.67382718652705	24.270970118682627	8.959852775033099E-4
124.0	25.133240568143034	24.795331068795846	23.18829708364745	26.883006258941567	1.2502047210230676E-4
125.0	26.932008430317055	23.787683527648042	25.079943200582576	24.19926052409235	0.0011043173599730796
126.0	24.326331927718122	24.46722682912295	25.04524597432721	26.16107025117298	1.2501765874429763E-4
127.0	25.878140114032156	23.262097268212266	27.584871945105878	23.273661338998547	0.0012293336511542817
128.0	25.95976496572417	23.19471589606818	25.410122309503468	25.426478861500634	0.008917967203550517
129.0	24.100023586537173	27.635170443985306	22.350494275472418	25.911123760977535	0.003187933027569578
130.0	25.842904057720435	25.276088805987406	23.693890176237183	25.1870961235571	2.083649787644832E-5
131.0	25.164587462431804	25.14614716565346	24.555453410433916	25.13310352070064	7.084407801849947E-4
132.0	25.97206059614757	26.23947375823425	22.282325706897755	25.50024326388245	0.005896674837971669
133.0	26.92454827310308	25.681528370449392	24.760343045739432	22.631371682891054	0.0022086278170422723
134.0	26.136535534068457	23.757242102394358	21.28272776029167	28.823390422818346	1.0418042716475468E-4
135.0	25.741179490566658	24.18102971385447	26.54419469389056	23.533075204436543	5.208972517669355E-4
136.0	27.992389775829267	26.407086151346448	24.32563024903669	21.26876797254952	0.006125851238078292
137.0	28.08097371823388	21.677919961828046	24.692566782689685	25.54822699394812	3.1254330026972486E-4
138.0	24.806746178834246	24.330656605654276	27.851240031028123	23.010232071268838	0.001125113214517211
139.0	25.84337624276251	24.110858468474454	25.098484442822976	24.94594737064717	0.0013334752928905555
140.0	25.769598837874348	21.802065681685164	25.96007776674186	26.468007686664453	2.5002703417306997E-4
141.0	24.676782379790133	25.83405252075364	25.66246850125787	23.826279879268192	4.1671893016582496E-4
142.0	28.054376518825148	22.97631492258016	24.10348815912818	24.865570365659856	2.500338066542747E-4
143.0	26.004478494205813	25.770427478043523	24.206600809562733	24.01840987410668	8.334408124714416E-5
144.0	27.827701121691696	25.831809171143306	22.936713618779844	23.403213513140717	5.625752444389437E-4
145.0	27.94278575244553	22.746263879964097	23.376201513367185	25.933790393893858	9.584603293269693E-4
146.0	27.307415667781815	22.0108881365651	25.066779848612896	25.61024905028846	0.00466729675172815
147.0	25.730528460747514	25.031393862492067	27.217702658920036	22.01666630204573	0.0037087157946496564
148.0	24.670034283180655	24.738667318965263	23.825977124821698	26.76490455757528	4.1671545710143565E-4
149.0	27.38627053706193	25.56249025914224	23.795300718510674	23.25345899421841	0.002479491066747899
150.0	24.98855562507957	24.41170078726048	25.33010536326019	25.26963822439976	0.0
151.0	26.262298347523828	24.70562937076051	25.79916078064319	23.23228639975396	6.251013185053744E-4
152.0	26.757285227177068	24.57007095402449	23.489966169107788	25.182573464878466	1.0418481218812275E-4
153.0	24.47148398308449	23.995315832299294	25.86383616248311	25.668384681021305	9.793411118022065E-4
154.0	22.928528265716487	25.274030547394304	24.718572232293557	27.07661853264154	0.002250421954116397
155.0	26.752812360632372	24.43481867099028	24.259429066825604	24.55264814127866	2.9176027308761563E-4
156.0	25.44230313149825	23.696410849769695	26.86640105068225	23.994593204493324	2.917635564810481E-4
157.0	24.49906228202147	23.507409107837255	26.71880402246522	25.27441198028239	3.12607393665032E-4
158.0	24.71825882861946	22.052349098751282	26.043648493722866	27.185701897364623	4.168154176688472E-5
159.0	26.22228243029902	21.711067228685906	24.765791160180694	27.300317308143203	5.418726911794588E-4
160.0	26.019313349445163	22.041452798714168	26.0918832579012	25.847267228162963	8.336577651469364E-5
161.0	24.32472256738185	21.07422893469126	28.78123474657271	25.81585385221073	0.003959899143452974
162.0	24.618557070598335	24.04907346367708	25.50481645491661	25.827490485159434	6.252564854207902E-5
163.0	24.867104230092416	24.332707438807503	27.15179640899529	23.648266868253476	1.250538513147224E-4
164.0	25.087430533395555	24.392300735606607	24.915810529347876	25.602769931024767	0.0016882706251957927
165.0	26.356985012270574	22.4991652176958	27.38588286201309	23.757320759420534	6.461486000044188E-4
166.0	24.512418230900533	23.512585609639014	26.024809155929656	25.95002025011761	1.6675341318181562E-4
167.0	26.580625419368744	23.611635412512932	26.806498284796167	23.00076145586693	4.7942745522616567E-4
168.0	25.769256986124784	25.088618313082534	24.1953582243527	24.946599714545325	1.6676189465692805E-4
169.0	25.819345857456472	22.871036997645863	25.816760956488405	25.492564344751578	2.9184365768490016E-4
170.0	31.162715069089984	23.06772663359742	23.058950324212713	22.710336970672326	2.7100242755636066E-4
171.0	25.02272801657222	24.078918594613278	27.109160980232623	23.78833769757114	8.547110107416328E-4
172.0	27.201994081035906	24.826363088574574	24.230339787056522	23.74105292864499	2.501146880058961E-4
173.0	28.25206496689926	20.471879896181672	23.58472084965307	27.689812941112237	0.0015213461537659987
174.0	23.614015248536386	26.736645234462454	24.13249799769957	25.51627881192048	5.627073811160821E-4
175.0	25.858492048571847	24.34728093295423	23.283068007834924	26.509637545263594	0.0015214653754080341
176.0	24.368527440131363	24.369236105060825	29.05928482369042	22.201492615086142	0.0014590160312512896
177.0	21.658870809726896	26.21604945991804	25.568847422156075	26.530530993742467	0.025701314456520376
178.0	24.50108121909407	23.524013485277184	24.80717825264573	27.16743524409498	2.9179888803780883E-4
179.0	27.77291631577982	24.527157391302897	23.214020688010592	24.48473829816683	0.0011673067398623577
180.0	26.50183585532168	22.701741820393288	25.984225630308934	24.812071258322394	1.2543565370477338E-4
181.0	27.484046714770844	22.630922484373404	26.66477075686171	23.219443322907228	8.167210868170327E-4
182.0	25.077979155575903	23.62643806463422	25.566356732594848	25.729163219890953	6.28273040761936E-5
183.0	23.69237413193899	24.885448828224973	26.635372698138237	24.786259807377267	5.445343205321692E-4
184.0	25.890202370130822	22.583140988853096	26.79024886792532	24.732553901835196	0.0038538712555661212
185.0	24.56098134603975	25.43352116929509	25.032382802527632	24.972528283773247	5.863983642836485E-4
186.0	26.81194919775064	23.37071864711647	25.322017135569634	24.49531501956325	0.0
187.0	23.771149150822755	23.241403758127994	28.402622449577112	24.584069061672732	7.555797994061562E-4
188.0	26.576458201797397	28.400217957845808	22.68938236321382	22.333605640708747	3.35836434223076E-4
189.0	24.538540159438302	24.387317901973805	25.680893747891677	25.392303576372804	9.446143234178918E-4
190.0	28.662883970973958	22.2703689723784	24.924162045712283	24.14235408567663	2.3092525873075922E-4
191.0	26.052464667588062	24.462747974605918	25.105759597436368	24.378712311182632	3.154491870243552E-4
192.0	26.210266840255503	24.07068627182918	24.76631759606102	24.952666194134856	6.309771943809377E-5
193.0	27.136789982183164	25.02613627041206	21.960798749666065	25.876022575006363	2.5242273234986633E-4
194.0	27.60629464749646	24.04482388812246	24.33655908142542	24.012322382955663	0.0
195.0	26.01270960175824	22.073149640790906	24.992646659689935	26.920757711749904	7.363860110222258E-4
196.0	27.681997385175606	22.84861971253796	26.439808234968236	23.02938494287819	1.8972444000723483E-4
197.0	24.701192615172353	24.801740325050147	24.273743617465826	26.222543348945038	7.800933666341838E-4
198.0	27.259168428929165	23.70428034958163	24.573398013101393	24.463026490221477	1.2671816633744583E-4
199.0	25.356187168498813	23.29594258840702	25.56701017834865	25.780373224461734	4.868402837897849E-4
200.0	27.30860281542376	24.119695836518375	24.435049208208376	24.136588633095442	6.350675404913772E-5
201.0	24.77100967447871	21.615424969546286	28.696775865332135	24.91638725182394	4.022388189252094E-4
202.0	24.975323734396575	25.66824936345609	28.247369029476438	21.109057872670892	0.0
203.0	25.72788454655543	24.964918292341494	22.950362083885203	26.35598794875042	8.471284674556539E-4
204.0	25.841033389714983	23.78528460026848	24.215030560889435	26.15852436801504	1.2708111206139543E-4
205.0	26.95178684106681	24.84846212649306	25.52466089978664	22.674158145871605	9.319867818856508E-4
206.0	24.664910365959063	22.18190422766267	25.81459107964194	27.33848840638166	1.0592035467218922E-4
207.0	25.64721286745349	23.90519543668555	26.816284112830697	23.63103214850582	2.754345244464031E-4
208.0	27.79730827401956	22.772737569961713	22.78935185430459	26.640538726646497	6.357506763857404E-5
209.0	27.13433018671766	20.964908915448753	25.305644641487383	26.594310826733224	8.054296129762341E-4
210.0	24.154398273722798	24.844192628555522	25.11897410393405	25.882201804755912	2.33189031720704E-4
211.0	24.523810483071514	25.93589765066338	25.983947588671324	23.55534765487252	9.96622721259256E-4
212.0	28.19509715783476	22.832313905443307	25.243239298764852	23.729137507578358	2.1213037872485035E-4
213.0	29.290821313460526	23.27854655673228	23.16341897503765	24.266809868624232	4.032861453167335E-4
214.0	27.678149434230953	25.90954365255117	24.38602763196941	22.026215555361546	6.372588692096269E-5
215.0	25.532868196231124	25.485913174076487	23.1231134713022	25.85761560013563	4.895582545587984E-4
216.0	25.5222702580475	24.874314233260293	25.965274225938266	23.638098212026424	4.307072751842619E-5
217.0	28.325563495996793	23.302649244509464	25.628496806859637	22.742269724911708	0.0010207277224002825
218.0	24.525677115292556	24.57242888864136	25.835473742881504	25.066178585183245	2.416680013331286E-4
219.0	26.110363421467188	23.269078785322797	25.261858731843546	25.357879506885144	8.195544813239038E-4
220.0	27.83848004280917	22.594044945171916	25.176295982095713	24.390933973272784	2.4505665041421257E-4
221.0	24.694545741346897	23.489828527669466	24.66704221858155	27.148313870022033	2.69642380052396E-4
222.0	25.57018136752804	25.280860649751368	24.360958668598496	24.78777250264689	2.2681147520905212E-4
223.0	29.938749724767526	23.211872868885564	24.581549057734875	22.266841070494184	9.87278117852996E-4
224.0	29.079747311447875	23.61225898250786	25.31721357285613	21.99071104981625	6.908337188569282E-5
225.0	30.155299774120387	20.36379654040944	24.325921692283213	25.15372942600413	0.0012525671828325924
226.0	24.919259974202607	22.281361453024857	26.26829759250909	26.530963676724582	1.1730353886008174E-4
227.0	26.507902614329055	23.85463578725045	26.58392962477305	23.051920428538285	0.0016115451091620366
228.0	27.10430458958692	27.684739937551356	23.55616409229089	21.65469603184838	9.534872245822354E-5
229.0	27.836359968395954	24.94447384119687	22.247031583346534	24.972134607060646	0.0
230.0	25.78350199623136	23.307403122209756	27.531630665881412	23.377464215677467	0.0
231.0	25.474536800277413	24.594089488483377	24.98199006625536	24.947658437509165	0.0017252074746831965
232.0	24.819269283995283	25.103480960965634	25.319973616351916	24.75712741462805	1.487240591158305E-4
233.0	23.29826617600791	25.354851420260076	22.597509380782892	28.748594013386903	7.790095622167295E-4
234.0	27.143481345045306	21.57685133249312	26.60787724213116	24.670871814414376	9.182659160352952E-4
235.0	25.3976751734177	22.230231827326904	27.853826025529028	24.517957368375153	3.0960535121889047E-4
236.0	28.258926116501044	23.840004189742984	24.114668028333135	23.786244550060882	1.5711536195451512E-4
237.0	27.67917919187563	25.501589697407862	22.33596204174647	24.482978399563677	2.9066940635794406E-4
238.0	26.657071930187687	23.235987295430636	24.600217076214797	25.50664316036767	8.053779920799128E-5
239.0	27.786191278978357	23.56849766775563	24.156472196502506	24.487255638440978	0.0015832183225310528
240.0	25.4299822912794	21.67811988561261	26.87779290331061	26.01376642880152	3.384909958574344E-4
241.0	29.13850435536921	21.024652564426933	24.04291439259768	25.79079431271912	0.0031343748870495537
242.0	26.016610421681808	24.1433836945176	22.010421116055138	27.828821005168123	7.63762577330961E-4
243.0	27.78021294265418	23.148992139249998	25.430063182375463	23.637898318281746	0.002833417438607636
244.0	26.211358440812166	22.68962627234229	26.400300490255646	24.69777789386539	9.369027245131229E-4
245.0	28.41605509403276	21.33724352858797	24.141054973107686	26.103996132673867	0.0016502715977161381
246.0	24.744570138711993	26.61850127679314	24.113382421912174	24.5209247618087	0.002621400773997072
247.0	25.545605645668545	22.905848066036604	25.281764020278562	26.122546943546737	0.14423532446954848
248.0	26.491532706414205	23.04622014391942	23.811642000153128	26.639691774286263	0.010913375226981062
249.0	25.994059603902937	21.588862602344935	28.617195066303104	23.782810318953267	0.017072408495757533
250.0	26.095932554907424	22.589430293781437	25.50188678162815	25.811689010196222	0.0010613594867609746
