# Position (bp)	A	C	G	T	N
0.0	23.35605026418004	24.386629664738237	25.941449993266772	26.31581726821205	5.280960289819101E-5
1.0	22.487497142279203	30.69992825408799	23.51006075751462	23.225289538476773	0.07722430764141372
2.0	24.608300159800297	26.83610120895596	22.59340857920621	25.961139425496395	0.0010506265411378076
3.0	25.58476209272943	21.809141925503823	25.281574475969915	27.31712028454284	0.007401221253997841
4.0	25.84300370658299	23.90210969932929	24.131869584512295	26.12280718319626	2.0982637916256192E-4
5.0	28.04802632958095	24.339873802486217	22.485535500911894	25.125778252940066	7.861140808754166E-4
6.0	25.521757507783988	23.861539137567377	24.481590444942917	26.128835498342763	0.006277411362951555
7.0	25.3178793562212	26.19042894916019	23.577583866265105	24.912906904373035	0.0012009239804677545
8.0	27.213139196806956	24.45822031322579	23.845135647588926	24.48345270932853	5.2133049799053164E-5
9.0	25.3394574093618	26.103041430144525	22.692022672819885	25.865114207148643	3.642805251468051E-4
10.0	24.481729559732077	25.10032089165344	23.22754291425365	27.190406634360837	0.0
11.0	26.546433543053556	22.98933895710834	23.616993613012728	26.847083285852193	1.506009731834887E-4
12.0	28.058508405954523	24.960574715481272	20.000839361098084	26.980028143283878	4.937418224010665E-5
13.0	24.501363103010114	23.726602983843193	25.182768665560097	26.58911930508016	1.4594250643606453E-4
14.0	26.258339612401087	22.11073869743747	23.413079899573408	28.21755309781777	2.886927702669542E-4
15.0	24.705262198975532	23.836943381115145	24.590868631964913	26.866878341421383	4.744652302389976E-5
16.0	25.81617577192724	25.60858030223143	21.508138934793504	27.067011836248767	9.315479905578295E-5
17.0	27.68421963764254	26.968433808489024	19.823650270834186	25.522511810557297	0.0011844724769597326
18.0	25.03489345863962	26.269105580152875	19.99672972633591	28.69909055676861	1.806781029883255E-4
19.0	24.802216789267547	25.10878638155335	21.59954391932871	28.488958732606086	4.94177244305955E-4
20.0	22.432955438720725	25.599253563499435	24.206454716111402	27.761291744884392	4.453678404336101E-5
21.0	23.50438976572139	24.91861670291812	23.99173847285609	27.58507811425202	1.7694425238620382E-4
22.0	21.553438019692265	27.21791442331472	26.440544364405703	24.788103192587304	0.0
23.0	24.645331831422027	24.733068676427646	23.378571468863182	27.24259411208534	4.3391120180819476E-4
24.0	27.20670657079723	21.731578443876185	24.80164832972772	26.259937960273472	1.286953253996955E-4
25.0	24.347064499369107	26.01151509367942	19.85592348718601	29.78524244255707	2.54477208385024E-4
26.0	25.350525482686336	25.525840902941844	19.953381269738788	29.17021020150316	4.214312986911187E-5
27.0	25.22842144964984	25.011487223771116	20.49728128703947	29.262642036266868	1.6800327270375228E-4
28.0	27.700651838582875	24.004038745418054	22.774916654227	25.517697500456123	0.002695261315950971
29.0	26.769712857903578	24.192889034530783	22.609634211280873	26.427395240240852	3.6865604391103104E-4
30.0	23.1583657336118	25.515407251891492	25.417464735614132	25.908477798544844	2.84480337735057E-4
31.0	25.634005106048864	24.773263077030574	22.953793933244935	26.638493598455824	4.442852198020346E-4
32.0	23.448439373518426	23.6864905365267	24.63089875309009	28.233891464822282	2.79872042502168E-4
33.0	23.60130676782387	25.05754615666884	25.398844841311153	25.942143895673915	1.583385222186552E-4
34.0	25.588459362358755	26.928232914358396	23.182513073280557	24.30059860470642	1.9604529587352097E-4
35.0	24.926647912304624	22.474498279472037	26.042413591822083	26.556091382166507	3.4883423474683554E-4
36.0	23.22492567034143	25.102652172044458	26.27810423846511	25.394046890311923	2.710288370810814E-4
37.0	24.72882597759082	26.097226700128072	21.344380654982267	27.829527962710447	3.8704588390249074E-5
38.0	26.096376162195877	25.858016694449475	21.247657034777266	26.797872719139804	7.738943758000134E-5
39.0	22.830815106882774	27.789714680094455	22.47884627883297	26.900391815815617	2.32118374181009E-4
40.0	25.82136633613579	26.452798294932567	23.41527946202183	24.310401182097564	1.5472481225111063E-4
41.0	24.168837718755416	24.266805799648505	21.759666080843584	29.79962375306319	0.00506664768929924
42.0	23.82486784416111	26.467249832061825	21.26076032196175	28.446928636040365	1.9336577495394995E-4
43.0	25.73516361008284	26.157312077808033	22.828151119638896	25.27550630167858	0.0038668907916569514
44.0	28.649359657679874	25.204544936089494	22.918003008872347	23.227744416747765	3.4798061052038177E-4
45.0	25.25221988679921	24.498565950614886	22.080533306323698	28.164814973029667	0.0038658832325433145
46.0	24.708066596649296	24.59422716166398	22.72610077321909	27.971566813311444	3.865515619195687E-5
47.0	24.65680198236787	24.883339536929565	23.579347474440603	26.87877168021602	0.0017393260459437178
48.0	22.07396227698219	24.602727488406202	23.15080783702766	30.172502397583944	0.0
49.0	22.08054635147499	26.467763222966788	24.46028628124923	26.989626863826317	0.0017772804826784697
50.0	26.62632281673425	25.03963814162793	20.322274317574916	28.01164882306399	1.1590099891207595E-4
51.0	24.372903707783962	27.403152893023286	21.863977747193	26.35733894932666	0.002626702673094878
52.0	22.17556854750132	26.381451920594117	21.73206103045742	29.710918501447143	0.0
53.0	21.417108338703937	25.70075316705303	24.39072344436856	28.48968363136176	0.0017314185127114976
54.0	22.374771800835273	29.422562332758144	22.240766710719445	25.961822207602086	7.69480850507184E-5
55.0	23.485748480652962	28.889683870643335	22.536197365991733	25.086796525912675	0.0015737567993010983
56.0	26.112364000902694	26.194458559710647	24.795435250843205	22.89774218854345	0.0
57.0	22.317037883026742	28.10698460870119	23.265245659804172	26.305819650174726	0.0049121982931646
58.0	24.88045199162262	26.035372857018967	21.914141852125006	27.169803067151793	2.3023208161266828E-4
59.0	27.18783021481373	23.348340801256054	24.821026928262665	24.64003947421936	0.002762581448191238
60.0	23.7574499379491	23.00088863013069	24.61551425638511	28.62610887251222	3.830302287456526E-5
61.0	24.327807498100352	24.06603120327475	23.371280363752238	28.228676434541754	0.006204500330906684
62.0	24.862197313761964	22.36292591686227	25.443471314101274	27.331099078149528	3.063771249647188E-4
63.0	25.620390464669118	24.12381730318895	23.1926332449865	27.06059321433509	0.002565772820347268
64.0	25.04055669969928	21.761702781396618	23.585903962499433	29.611798340433225	3.821597144808341E-5
65.0	23.21631574382002	27.22199868014645	23.831228407650563	25.72556599134032	0.004891177042649153
66.0	24.33114540370473	24.50194605756173	23.418947638709618	27.747349533030246	6.113669936715874E-4
67.0	26.818183207576872	25.76030823451377	21.117877387831708	26.302981627890272	6.49542187382987E-4
68.0	22.909419347148084	22.938571003386254	27.20529604977865	26.94648435992629	2.2923976071953777E-4
69.0	22.256416134177677	24.86409352703516	25.361834627544244	27.51463747767367	0.003018233569252223
70.0	24.492961985452112	23.264299084243707	24.941856894530677	27.300500581907873	3.8145386563440164E-4
71.0	24.028903897621444	23.416538987625657	26.59289430001202	25.96059776613663	0.0010650486042538042
72.0	26.75993984632974	25.99151246013146	22.479239453140153	24.767748869836677	0.0015593705619743304
73.0	25.05804293484854	22.868098690292786	23.816827336102154	28.25273367486601	0.004297363890506211
74.0	24.79209587887831	26.499096135169808	23.20658691970319	25.50123240467591	9.886615727780403E-4
75.0	24.390090880365758	24.97459068473399	22.697391310299356	27.935455586266006	0.0024715383348904024
76.0	27.00753711620041	24.447244559135925	25.309775361770555	23.2346064772128	8.364856803157049E-4
77.0	24.1247025374473	25.3012075677439	24.553877459305752	26.019452026357303	7.604091457449596E-4
78.0	26.644195075512762	26.87569099002237	20.568083142352688	25.911384474072	6.463180401812124E-4
79.0	27.553180043621456	21.059536785310893	22.77557761170822	28.608702164763184	0.0030033945962468214
80.0	23.662059964804406	23.264218232442214	28.675930252052602	24.395206434809648	0.0025851158911255633
81.0	24.971145994425363	25.819316901376325	22.194812817717196	27.014192065034422	5.322214466995427E-4
82.0	22.608082124395466	22.11308983002008	24.69053953057654	30.587148067359397	0.0011404476485109935
83.0	24.909803146388608	22.772334436362325	24.87863196528595	27.43824209744035	9.883545227673167E-4
84.0	23.420277405057757	26.743816543193923	24.491620451495926	25.343145267047028	0.001140333205362607
85.0	24.816298046442043	27.295343176382765	21.7402690798406	26.147405518736612	6.84178597981217E-4
86.0	25.367173918166262	25.147033000613444	23.312246630802548	26.171608054907523	0.001938395510219905
87.0	21.834130508729025	22.476165500833282	26.501834738604384	29.187109132266503	7.601195668078589E-4
88.0	24.900941671689576	26.96377957783252	25.947733382789657	22.187051311187947	4.940565003013744E-4
89.0	26.49046034692757	26.438396509822777	23.157462705001358	23.912654362626526	0.0010260756217733247
90.0	23.278518576506126	26.38404632545548	24.805992394362235	25.531252695737628	1.9000793853167185E-4
91.0	26.213239163982276	25.148247947708803	24.589076259010305	24.048828627462456	6.080018361655452E-4
92.0	25.202998090569693	24.633474878166947	22.576723949575843	27.586803081687517	0.0
93.0	26.241569705695383	26.324366984594537	21.06147707457721	26.37216825896587	4.1797616699895776E-4
94.0	27.4511718675787	23.551114795982343	23.345740642652014	25.647603030950133	0.004369662836815511
95.0	23.48992727576695	27.044067693570327	24.464333209213258	24.998936113623067	0.00273570782640414
96.0	25.48551601821013	24.50756893578962	24.507264977723672	25.498434236012802	0.0012158322637808889
97.0	25.29286141166932	25.2251194602528	23.405623075879724	26.07609210625798	3.039459401750805E-4
98.0	27.855677999135303	23.356262694033987	24.258113733985475	24.529945572845236	0.0
99.0	21.549659430328802	22.49180532125154	27.29032201697169	28.66806128468707	1.51946760893918E-4
100.0	22.553487285552308	25.63541850655332	24.387163431315013	27.423930776579358	0.0
101.0	22.898206895294354	22.575730642308883	28.43648015460628	26.08943037551581	1.5193227466924343E-4
102.0	24.72416118217993	24.539882427799462	25.237832037000103	25.49808636523358	3.798778692650313E-5
103.0	25.65632186265729	26.272512692649848	25.213418085212258	22.85740549550145	3.4186397915997183E-4
104.0	25.482876409240202	27.588043208659663	23.18615815700382	23.742694323308314	2.2790178800347776E-4
105.0	27.254100462324065	23.48481654232045	21.35537568056146	27.902782415199756	0.002924899594274642
106.0	25.82702695721768	23.097043172799452	25.46970679386915	25.606147107119696	7.59689940147828E-5
107.0	25.27471943102975	24.63233366987176	23.156122682310006	26.93606453637084	7.596804176419064E-4
108.0	23.682923179412622	25.377965250669032	24.48583584575873	26.45300985903831	2.658651213066587E-4
109.0	25.75867485602041	24.603344002989733	25.797755574224503	23.839541939041673	6.836277236867891E-4
110.0	24.036359631466613	25.06471361188543	22.866615523671356	28.03223527803307	7.59549435274995E-5
111.0	24.24937430451906	23.701344818026108	25.24163808785942	26.806845241486172	7.97548109241304E-4
112.0	25.063402666747685	24.70489941781199	23.81657849664093	26.415005487682148	1.1393111724651275E-4
113.0	28.59922674001535	21.847271848999743	23.16225434033085	26.39041160657085	8.354640832091846E-4
114.0	26.523230113701096	22.053113678310204	27.62826501393731	23.794897501917802	4.936921335854961E-4
115.0	26.65676921505157	23.780887284129403	26.57108751572825	22.99045841608112	7.975690096585607E-4
116.0	26.68436995828383	24.542390673565684	25.1882620492269	23.584863381835085	1.1393708849721538E-4
117.0	25.430800058336324	27.128706027478838	23.93794473848921	23.501751608806355	7.975668892764473E-4
118.0	26.557008465532107	24.40177286244365	25.359376839610636	23.681348104655093	4.937277585139554E-4
119.0	26.798014402041808	21.368118011667477	25.105318728731163	26.727941176470587	6.076810889645114E-4
120.0	24.758013121184476	24.244073476810048	25.23807498232051	25.7597244809521	1.1393873286456407E-4
121.0	27.398251397666506	23.31486236023335	24.735392865824014	24.550619834710744	8.735415653864852E-4
122.0	26.51376467353242	24.13128586251582	24.285066457220207	25.069161388727263	7.216180042932473E-4
123.0	24.14257896841719	27.657527602722844	23.85021095844523	24.348960855425197	7.216149895384816E-4
124.0	24.8701093512152	24.746485356538436	22.824103754523385	27.55918759855738	1.1393916560070247E-4
125.0	26.216653380492605	23.86657668274553	24.841410934717477	25.074485494650144	8.735073942400922E-4
126.0	23.86133300519215	24.319819157748178	25.058402674046803	26.760293245798632	1.5191721423327573E-4
127.0	25.96795872149351	22.976778561366874	27.927328135034735	23.126833194014072	0.0011013880908045108
128.0	25.64890094260261	23.118925009941023	25.37894569334405	25.844189334792745	0.009039019319574529
129.0	23.790216148326675	27.404233792483478	22.862813623576887	25.93920441403952	0.0035320215734358554
130.0	25.774150459763696	24.6652560992608	24.326097054177716	25.234420427325205	7.595947258299807E-5
131.0	25.483478791271686	24.85995740897374	25.104132286648923	24.551709888797692	7.216243079527936E-4
132.0	26.142980360908986	25.95794168015274	22.348054264340213	25.545136790756267	0.005886903841793447
133.0	26.76736391344392	25.219039299651534	25.362717078589807	22.648600917213418	0.002278791101320749
134.0	26.172103173487905	23.466902038053902	21.320112935728876	29.04076791434264	1.1393838667801999E-4
135.0	26.133308925569743	24.228250062095476	26.266766728369696	23.370952685145166	7.215988199200772E-4
136.0	27.545633152032522	26.701693765573914	24.06938221631601	21.67710023019291	0.006190635884647564
137.0	28.009784991485038	21.672290137682623	24.398711437699486	25.918871619271012	3.4181386184339456E-4
138.0	24.84014168780451	24.706763439320685	27.70112790449935	22.75071369895633	0.0012532694191248154
139.0	25.784284422474308	23.80199683335302	25.262383932969474	25.14996758535382	0.0013672258493795642
140.0	25.90220902256496	21.733075332359817	26.025183578833033	26.339304194921127	2.278713210649946E-4
141.0	25.31393322709381	25.499080152097726	25.688366772450443	23.498012186655444	6.076617025769414E-4
142.0	28.69349396034584	22.43906700113748	23.83928690113805	25.027772344631533	3.7979274709790866E-4
143.0	26.44078816940735	25.547333536394078	24.184725021059325	23.826849441595602	3.038315436389448E-4
144.0	27.645300844614034	25.860137931977405	22.686996042972428	23.806995496075444	5.696843606831199E-4
145.0	28.00152675524632	22.69043138431506	22.94447282318693	26.36269552056847	8.735166832191749E-4
146.0	27.118875159131168	21.776929247017147	24.967945893884195	26.131616286524213	0.004633413443279424
147.0	25.982301315153332	24.795249056522085	26.769175379223626	22.44936247591696	0.003911773183997278
148.0	24.329092223162835	24.35495589313785	24.00885365454416	27.306680460623987	4.177685311676213E-4
149.0	27.634797754469016	25.475975165621396	23.859203490516197	23.027858727980604	0.002164861412788558
150.0	24.871511282547562	24.244601802716076	25.563101899187064	25.3207850155493	0.0
151.0	25.953991459474285	24.610774826908695	26.084154145740428	23.350585808051246	4.937598253457554E-4
152.0	27.01715777227371	24.113672092953475	23.298760521588985	25.570295666098573	1.139470852525504E-4
153.0	24.39179562677022	23.621168562183627	25.82073548565002	26.165578657781797	7.216676143301918E-4
154.0	22.581180602269647	24.54157093310736	25.11713077739132	27.757268945179188	0.002848742052484464
155.0	27.213435469441787	23.6080662960339	24.38715485852452	24.79115343778669	1.899382130992788E-4
156.0	25.72813837421241	23.629709489218577	26.799632882261726	23.84244327795417	7.597635311985498E-5
157.0	24.69697700683523	23.135544833575256	26.936917805903455	25.230180470910284	3.798827757730519E-4
158.0	24.293592145671596	21.407254100166696	26.29656897382245	28.00247081295217	1.139673870925096E-4
159.0	25.83329977517299	21.91599873264125	25.29189900943909	26.958270617563862	5.318651828134604E-4
160.0	25.775768303056346	21.692943195361135	26.289445660792104	26.24176685863558	7.598215483111636E-5
161.0	24.430930570414315	20.80061028982688	29.096813606302273	25.66834030344291	0.0033052300136160277
162.0	24.771280045316583	23.568346624754145	25.468656979525093	26.19167835863395	3.799177022273435E-5
163.0	24.638327587556297	24.306536508416542	27.324532175718197	23.73052774271887	7.598559009269483E-5
164.0	25.54110284373442	24.218132606290503	24.794873314610157	25.44425751662594	0.001633718738981897
165.0	26.054755370615297	22.428751793814573	27.02844001107919	24.487482907231527	5.699172594122785E-4
166.0	24.308220273714024	23.42576820824425	26.231072875532274	26.03478665937654	1.5198313291190944E-4
167.0	26.12513821286491	23.601399797097812	27.073496946968056	23.19943308977472	5.319532945007429E-4
168.0	26.072958397154107	25.161006931211123	24.095277649323503	24.67064302837803	1.1399393324287281E-4
169.0	25.95921320425773	22.30730237768445	25.90962427934562	25.823594144478946	2.659942332450232E-4
170.0	31.155230088794866	22.64483838741193	23.418292723244026	22.781524800204895	1.1400034428103973E-4
171.0	25.550945710652893	23.517023703756625	27.283222233453387	23.648162348958756	6.460031783356374E-4
172.0	26.734745366007868	24.628247138141298	24.978266288125187	23.658589223726526	1.5198399912457218E-4
173.0	28.638976232558917	19.52257671340925	24.0047127587952	27.83210055911769	0.0016337361189420684
174.0	23.95672140066556	25.896264641081917	24.68246390758884	25.464170120548026	3.799301156545265E-4
175.0	25.94817560705768	24.215668134833237	23.27572745671581	26.558529163806128	0.0018996375871411252
176.0	24.187469415172504	24.166231007012094	28.85129466904557	22.793675133661395	0.0013297751084336616
177.0	22.0354548891536	26.22658679722395	25.26530371856471	26.446360753782116	0.02629384127563127
178.0	24.912733268494318	23.218877271898364	24.575177800741596	27.29298370919701	2.2794966871314814E-4
179.0	27.413298904676285	24.487407652827827	23.589772621922585	24.508304976298636	0.001215844274665301
180.0	26.68808856076189	22.53173565728119	25.829485634516935	24.95053775075446	1.5239668552448652E-4
181.0	28.028193681986956	22.457110216279517	26.256740013942686	23.25742188528459	5.342025062492154E-4
182.0	25.176210848605194	23.335040240788423	26.089012044000054	25.399622394422305	1.1447218402243043E-4
183.0	23.382482570718807	24.848297520787305	26.832316386767864	24.936369290884876	5.342308411464594E-4
184.0	25.68321630285453	22.088765074034498	26.887307281331097	25.33727675164097	0.0034345901389100904
185.0	24.65292749769712	25.123042744618285	25.00719291591271	25.216226302490163	6.105392817157986E-4
186.0	26.61942381221519	23.055792694212744	25.444585688765788	24.880197804806283	0.0
187.0	23.61808007598753	23.320393428180086	28.28642617715281	24.774564979813903	5.353388656781252E-4
188.0	27.44805822328128	28.120091827638465	22.48365998074878	21.947731059593504	4.5890873796655245E-4
189.0	25.03623690021715	24.032579937263314	25.112535175608418	25.817883091919725	7.648949913911068E-4
190.0	28.246929710655184	22.266076061400813	25.622176077732856	23.864588660210604	2.2949000054695118E-4
191.0	25.89118198874296	24.20477215249525	25.07906782151342	24.82474816108649	2.2987616188032572E-4
192.0	26.392216469387385	23.837005028121542	24.762167130729242	25.00857305642585	3.831533598143392E-5
193.0	27.5005862994465	25.153127620145405	22.02408962640846	25.321928212422804	2.682415768312852E-4
194.0	27.989128664448305	23.375057627505765	24.405780417263383	24.23003329078255	0.0
195.0	26.26568827171732	21.648847179129447	25.44661148662245	26.63835479401388	4.982685169037594E-4
196.0	27.63513422657638	22.666935600057627	27.032723430821687	22.66509148537675	1.1525716755510733E-4
197.0	24.96966264243572	24.639390839693483	24.028647380381663	26.361799598985858	4.995385032750513E-4
198.0	26.843890009391696	23.582623824113565	25.02459546427307	24.54881372111284	7.698110883589166E-5
199.0	25.178777335466407	23.31062795912801	25.328920592656946	26.181326916110738	3.4719663790206816E-4
200.0	26.921012842439655	24.040520796480493	24.410126263863578	24.62830151626978	3.858094649092788E-5
201.0	24.133850459803732	21.562043987131517	29.330863452529133	24.97301059744004	2.3150309558222644E-4
202.0	24.830302490080157	25.593020011784578	28.5375433673558	21.03909554343141	3.85873480574936E-5
203.0	25.594816259288937	24.627979292211112	23.51778427276475	26.258802585848855	6.175898863480212E-4
204.0	25.979946888941992	23.88878101281606	24.453322452219155	25.677795230968247	1.5441505454132746E-4
205.0	27.223560778003534	24.573143119001834	25.48096318879376	22.721599400217197	7.335139836719787E-4
206.0	24.886542912146336	21.716501297700432	25.944510468477194	27.452329490039638	1.1583163639986008E-4
207.0	25.486840148986	23.928048024622466	26.796974711383065	23.787866793074354	2.7032193411482115E-4
208.0	27.992060184389434	22.670962314458567	22.296490080831155	27.040294293846568	1.9312647427922303E-4
209.0	27.270339098292762	21.026867945754162	25.28742381723554	26.414712390748047	6.567479694898073E-4
210.0	24.728017273356745	24.942736411296305	24.934274383006084	25.394508259557842	4.6367278302586674E-4
211.0	24.791920959726163	25.591770065220132	25.7566949774238	23.85907288003655	5.411175933563128E-4
212.0	28.69176562123567	22.680360146035248	24.98570158521952	23.641785942579734	3.8670492983045696E-4
213.0	29.301302440043646	23.025716032472005	22.836773229942963	24.835898745540515	3.095520008667456E-4
214.0	27.039168753598965	25.827825084158203	24.943161993835822	22.189727994659105	1.1617374790838847E-4
215.0	25.54154409495793	25.487165534006394	22.795795500901846	26.175145543189814	3.49326944014147E-4
216.0	25.273636490729817	25.000667597638117	26.07451803377573	23.651060066508435	1.1781134790319364E-4
217.0	27.97849000432768	23.042438211669516	26.1544442735918	22.82419157196234	4.359384486615104E-4
218.0	24.462893458279027	24.276371313926653	25.951749150325803	25.308505865983378	4.802114851380548E-4
219.0	25.80207873588026	23.571050959584447	25.275240926749536	25.35110395457757	5.254232081856085E-4
220.0	27.838558743738673	22.40494230494812	24.939353420255696	24.816698329866167	4.472011913439737E-4
221.0	25.183817500869075	22.915901443647886	24.91821678986757	26.981859295164007	2.0497045145971758E-4
222.0	25.322544567361383	25.237304573619507	24.568913463976557	24.871071397002158	1.6599804039313314E-4
223.0	29.87599367276921	23.334269082131286	24.56794460815379	22.221288341186337	5.042957593769594E-4
224.0	29.49224078138209	23.796862581402753	24.60539824893167	22.10532973253306	1.6865575042322053E-4
225.0	30.64662530919442	19.908068101914385	24.14010108944222	25.304653840163937	5.516592850410795E-4
226.0	24.939415388040196	22.303345508272553	26.511585531204247	26.245309769045743	3.4380343726081485E-4
227.0	26.74938856279871	23.23304864805649	26.725348408350495	23.291171046785706	0.001043334008602289
228.0	26.886426068841228	27.831029255815213	23.879361904653486	21.40318277069007	0.0
229.0	27.932134892919684	24.936992705536543	21.95654300051468	25.174240892099203	8.850892988720864E-5
230.0	25.832172121464993	22.968859908369016	27.7627258568228	23.436197537071855	4.4576271337546684E-5
231.0	25.220786675031892	25.097571640805995	25.099834958848348	24.580539267210042	0.0012674581037197179
232.0	25.099978640254054	25.31598988759491	24.839927149147954	24.7439221503298	1.821726732792311E-4
233.0	23.07068808497655	25.531322685723488	22.79202726324793	28.60536190133736	6.000647146715361E-4
234.0	27.124613674628446	20.990681292706835	27.112560792019774	24.770877984495396	0.001266256149549541
235.0	25.307465978391587	21.87493167158631	28.200455364315218	24.616909321659275	2.37664047608862E-4
236.0	28.734244006524744	23.641104344781215	24.001248228701737	23.623017568770745	3.8585122155673605E-4
237.0	27.574868417657523	25.081388504686135	22.79350371974799	24.550093304064145	1.4605384421020653E-4
238.0	26.698684683517577	22.884360832138796	24.750507193670103	25.666348398415153	9.889225836789206E-5
239.0	27.44014409039421	23.61922585586337	24.636934621596872	24.302539573096023	0.001155859049522027
240.0	25.237724789419985	22.098967146501707	27.070257126543535	25.592842931594127	2.0800594064966494E-4
241.0	29.465299524415673	20.97662686543853	23.600280092357593	25.95534661429252	0.0024469034956879836
242.0	26.137046433220952	24.2389091030477	22.062664819574724	27.560336482291287	0.001043161865340321
243.0	27.03641081320583	23.21370910014306	25.62780777498299	24.119250821106004	0.00282149056211407
244.0	26.339816244797532	22.71099128340706	26.366044551475014	24.582100882129676	0.0010470381907180064
245.0	28.606643177769676	21.27186343208989	23.750737853940336	26.368604282045162	0.002151254154937522
246.0	24.97579910259604	26.799091034263846	23.784410733111137	24.43801890034906	0.002680229679917512
247.0	25.17715201183067	23.07223588879883	25.12606692777991	26.478873684493255	0.14567148709732972
248.0	26.05048573581054	23.332083869100433	23.868246369041124	26.739009064151293	0.010174961896612898
249.0	25.46166647447094	21.351340485835525	28.620517828181253	24.550235554375345	0.016239657136932577
250.0	25.985967597637448	22.4718249543136	25.60484127421591	25.936306164589755	0.0010600092432806014
