# Position (bp)	A	C	G	T	N
0.0	23.92115226948639	23.94889930085509	25.248544158923757	26.88125374434397	1.505263907885877E-4
1.0	22.641023843619504	30.440270781802344	23.449413673279324	23.39248340159625	0.07680829970258064
2.0	24.48529668782239	26.732963482655137	22.918391499093683	25.86284898207839	4.993483504027245E-4
3.0	25.985763125507294	22.219411897054297	24.559930516788867	27.228309320019378	0.006585140630168027
4.0	26.17476593403088	23.846118572157714	23.422796111394668	26.55626953872655	4.984369018757177E-5
5.0	28.33676270056571	24.10646853503705	22.45315341643139	25.102769000378867	8.463475869883517E-4
6.0	25.585989246280267	24.00355110353127	24.39698593625809	26.0078070593592	0.005666654571175916
7.0	25.46915241054457	25.42674119136339	24.136249637892515	24.967013496192415	8.432640071111957E-4
8.0	27.091246413246537	24.479688405362495	24.07795219116002	24.351112990230945	0.0
9.0	26.318529074140045	25.61468352927206	22.495101531884572	25.571487946799664	1.9791790365356448E-4
10.0	24.70696476853566	25.10252339807654	23.475398586746785	26.715113246641014	0.0
11.0	27.79380381261124	22.575039660845913	22.994338815162745	26.636769840715154	4.787066495225858E-5
12.0	28.52739750248125	24.139223586157797	20.57409454926081	26.75928436210014	0.0
13.0	24.77251253217406	22.894012948749577	25.553440355229533	26.779894529595477	1.396342513509614E-4
14.0	26.859151374955353	21.760330840658355	23.351554516213113	28.02896326817318	0.0
15.0	25.5298583928317	23.44214417375852	24.68732160700494	26.340630448218498	4.5378186342799526E-5
16.0	26.094876345424417	25.03593598175496	21.582824965223963	27.286362707596655	0.0
17.0	28.28000971708829	26.99039452691568	19.56798350721231	25.160430440748744	0.0011818080349815178
18.0	25.786749572300714	25.72292033938047	19.79735304078992	28.692890205035127	8.684249376905107E-5
19.0	24.86385462864049	24.57009053338081	21.918617072933863	28.6469198148328	5.17950212035868E-4
20.0	22.71227030200717	25.672515296069463	24.073809985709254	27.54140441621411	0.0
21.0	23.689227694202934	24.416724868424353	24.130257446601394	27.76344991963694	3.4007113437953387E-4
22.0	22.71610499505336	26.965541920138087	26.302608036710378	24.015745048098175	0.0
23.0	25.21043115135123	24.183830441842577	23.553332964670357	27.052070293975213	3.3514816062310744E-4
24.0	28.11942402786561	21.470491276447966	24.712646299617468	25.69743839606896	0.0
25.0	24.61752085708821	25.240955498037632	19.902870779225577	30.23844763994546	2.0522570312378146E-4
26.0	25.83238829157534	25.318658286911006	20.414126208065344	28.434786405599816	4.080784849188475E-5
27.0	25.646526471334923	24.713414356297072	19.876895110630848	29.763123376665646	4.0685071508081684E-5
28.0	27.36830463075426	23.655456439378707	23.387521014148856	25.585741749181558	0.002976166536626958
29.0	27.400012201779145	23.80969850041729	22.30844103928853	26.481409632467262	4.386260477679716E-4
30.0	23.586924861744897	24.9334334621931	25.07681059199537	26.402672568721357	1.5851534527614364E-4
31.0	25.975697838954147	24.685603548586787	22.584176288193035	26.75412828202706	3.940422389637635E-4
32.0	24.06111381071424	22.627175701230044	24.662494316197034	28.649060050232134	1.5612162655316623E-4
33.0	23.358935651366103	24.985311041351686	25.390660715725538	26.265015433533573	7.715802310342685E-5
34.0	25.493399363271813	26.80282411005024	22.97817396080632	24.72548789516957	1.1467070205608392E-4
35.0	24.983586880553734	22.309279552034415	25.98642374871486	26.720520618472825	1.892002241644256E-4
36.0	23.59537224374503	24.76274508024932	26.260596327916847	25.381172937515313	1.1341057349458805E-4
37.0	25.35773155905433	25.296664195252315	21.58066220300515	27.76490425347793	3.7789210273525866E-5
38.0	26.68338993808108	25.64682415253437	21.29633057676397	26.373304218722254	1.5111389832301353E-4
39.0	23.030393677649727	27.92519932029598	21.491163961032218	27.55305419238313	1.8884863894897422E-4
40.0	25.929275725728186	26.333047586318887	23.48134273403247	24.256296189997848	3.776392261416978E-5
41.0	24.24869116372678	24.579312740598375	21.730023845080606	29.43698800571678	0.0049842448774612075
42.0	24.1006287028605	26.005766004134973	20.709892064872832	29.18363771733894	7.551079275760884E-5
43.0	25.967162639763767	25.65537684215613	22.54688112274598	25.826540034595048	0.004039360739074661
44.0	28.381428119020864	24.740225499628774	23.380441072170676	23.497565598982682	3.3971019700549234E-4
45.0	25.493342531751335	24.679373113723617	21.716732755136274	28.1065889329898	0.003962666398966536
46.0	25.114962350914983	24.752018680768817	22.42628107643855	27.70673789187765	0.0
47.0	25.02070541412149	24.84359158471599	23.35238671638733	26.781618346487324	0.0016979382878669481
48.0	22.77718935344236	24.267298543876088	22.7537655385516	30.201746564129955	0.0
49.0	22.109925787797454	26.30305101315724	24.56018068008491	27.02510753150511	0.0017349874552863558
50.0	27.334314913864045	24.799415879126805	20.511701651815986	27.354416697529633	1.50857663531593E-4
51.0	25.05640361571405	26.767197022175683	21.737951610731905	26.43603435916329	0.0024133922150754807
52.0	22.74462618343234	26.030187659833675	21.71623509457488	29.5089510621591	0.0
53.0	22.43678495955695	25.11942851605139	24.20513082483993	28.237153217827547	0.0015024817241879275
54.0	22.606797044580322	28.491757134545516	22.712567745269897	26.188765393749836	1.1268185442781469E-4
55.0	23.857425297264882	28.57745753024184	22.72023837410867	24.843417070359717	0.0014617280248868567
56.0	26.782603155805973	25.486477927908513	24.838790068261495	22.892128848024015	0.0
57.0	22.790051936177708	27.53617920604348	22.96249803272054	26.7059872745123	0.0052835505459668895
58.0	25.143322596393602	25.615488169820743	21.932619177595626	27.30845765365707	1.124025329536126E-4
59.0	27.59545409418125	22.832630567414014	24.325766189684984	25.24341426224564	0.0027348864741131755
60.0	24.08549734363784	23.082502273328316	23.39887925194687	29.433083725438046	3.740564892628955E-5
61.0	24.66813786912532	24.11262179499168	22.905313160404706	28.307793009294755	0.0061341661835387406
62.0	24.83277101007619	21.935057741453974	25.40339727773458	27.828512164097408	2.6180663784549594E-4
63.0	25.677076106806307	24.096381036296595	22.69987475162563	27.524311984762257	0.0023561205092062602
64.0	25.01886533324277	21.91517280346689	23.753077978949946	29.3128465641955	3.7320144891730526E-5
65.0	23.969395801046588	26.36916025782877	23.687020083492456	25.969012931367434	0.005410926264748039
66.0	24.314252151614568	23.91116958872294	23.573165343706062	28.201002444914785	4.104710416411677E-4
67.0	26.81125946180316	25.216661579575415	21.311044162170997	26.660213896639757	8.208998106706527E-4
68.0	23.677249911104628	22.588304913554147	27.129375322047505	26.604771358862315	2.984944313998232E-4
69.0	23.078467146476235	24.77619458031587	24.943232483779376	27.19934483234648	0.0027609570820414666
70.0	25.1453683310136	23.302670127888366	24.723941739412926	26.827572743773224	4.470579118819052E-4
71.0	24.493504717727763	23.268352024160475	25.849558843965344	26.387283945754863	0.0013004683915583996
72.0	26.96545518580878	26.222242366511473	22.105092261670354	24.705315466999938	0.0018947190094557626
73.0	25.4793895642244	22.50016995348661	23.256583700884836	28.759919061277238	0.003937720126913463
74.0	24.807342652797047	25.80774566667224	23.334577661888073	26.049293982835696	0.0010400358069470677
75.0	25.229432592371943	24.815824376959913	22.255732147081993	27.696856674130878	0.002154209455270998
76.0	26.966869265352283	24.351470651045585	25.156182973911008	23.52428862977551	0.001188479915617926
77.0	24.313797289764366	25.42696294139558	24.12521200988903	26.133062178549928	9.655804010946711E-4
78.0	27.534040289442263	25.93104114172607	20.478021661749167	26.05637699539321	5.199116892859199E-4
79.0	27.400671627685202	21.185126153930707	23.105165844059535	28.30625123242529	0.002785141899266245
80.0	24.272506223671936	23.10315402028412	28.091152285379867	24.53017961012186	0.0030078605422169937
81.0	25.13106113661327	25.39047269643203	22.113591517026624	27.36420625484122	6.68395086850515E-4
82.0	22.514723568961184	22.447886864768183	24.363092623418616	30.672997340270484	0.0012996025815305678
83.0	25.04956832854853	22.535098832192457	24.24864067677291	28.165578267462532	0.0011138950235625928
84.0	22.857041022307186	25.893495931035325	25.23994435362698	26.008293492663835	0.0012252003666690552
85.0	25.062073891691455	27.04810429601821	21.473891097445616	26.415113953111934	8.167617327822914E-4
86.0	25.21147288180015	25.265969887063495	22.856444939091798	26.663959140610437	0.002153151434110225
87.0	22.193749897915396	21.944552097300363	26.265811977234023	29.594883742339945	0.001002285210279437
88.0	24.7183829220173	26.770799500370266	25.56266808216051	22.94740710357666	7.423918752633171E-4
89.0	26.405737012752013	26.43209104389802	22.487523593353586	24.673534799384576	0.0011135506118032652
90.0	23.579952267303103	25.718458746107338	24.918175170831834	25.783191112661786	2.2270309594420545E-4
91.0	26.54790890330626	25.31715337678341	23.83419689119171	24.300146978042374	5.938506762474575E-4
92.0	25.475774983057743	24.54293016078259	23.057726894508185	26.923567961651486	0.0
93.0	26.55630286842704	26.137196548728298	20.89686451468765	26.409339171800188	2.9689635682191744E-4
94.0	27.76672287718694	23.616954003366693	23.025184886099474	25.58649938099154	0.00463885235534945
95.0	23.662071765366868	26.32753756782693	24.077067575701573	25.93065120535446	0.002671885750165323
96.0	25.78152250870915	24.160515468661174	24.388986770409534	25.66823310084205	7.42151378100894E-4
97.0	25.503151748489433	25.077142513651147	23.303903656087616	26.115616553840947	1.8552793085893496E-4
98.0	28.062749364310008	23.259370792136703	24.19191400106044	24.485928738159544	3.710433330377355E-5
99.0	21.782858830268083	22.36666379778542	26.82898598897756	29.02141718776432	7.41952046155353E-5
100.0	22.617857913913255	25.017972761528718	24.740350166521623	27.6238191580364	0.0
101.0	23.42666291775567	22.187222494652982	28.622898378051957	25.762993648860082	2.2256067931454278E-4
102.0	25.53635641570604	24.03688450849901	24.400112926902832	26.02653485430983	1.1129458229102866E-4
103.0	25.477850895089432	25.67775296570246	25.518209672752633	23.325963899666892	2.2256678858380752E-4
104.0	25.486994379928134	27.221052327019855	22.98613473260795	24.30548471682457	3.3384361948801E-4
105.0	27.19606538208425	23.332710109798633	21.113144006926685	28.35470470704413	0.0033757941462987566
106.0	25.795989439606963	23.29811594842664	24.85149679141072	26.054360724893748	3.7095661922007856E-5
107.0	25.764505262517513	24.4794887384388	22.807939718736403	26.947064708581575	0.001001571725704374
108.0	23.577022259018893	25.048184351325126	24.736302884087515	26.63845341214943	3.709341903396867E-5
109.0	26.11119188849951	24.573631392005414	25.329856114040528	23.98417076405848	0.0011498413960706582
110.0	24.282936765801132	24.097560360456594	23.195491622084347	28.423862891189465	1.4836046846301523E-4
111.0	24.56854840354842	23.709261581566967	24.53850470666039	27.182683851661288	0.0010014565629343122
112.0	25.47958415393574	24.282339152656153	23.745136655799477	26.4927545907373	1.8544687132583386E-4
113.0	28.267297851910563	21.91070513959299	22.942006146935267	26.878915314784724	0.0010755467764565036
114.0	26.195337369250847	22.656844277449487	27.32544619660578	23.822186716631638	1.854400622485201E-4
115.0	27.182266137751594	23.593247245543076	25.936941899087007	23.286580356331495	9.643612868288648E-4
116.0	27.017464733567024	24.551178935351146	24.726801747252253	23.704517493478587	3.709035098228231E-5
117.0	25.57444821407443	26.712421493344667	24.186188318053905	23.525903440847532	0.0010385336794617726
118.0	26.71276241809084	24.798423813121563	24.8588809058327	23.629710321509336	2.2254144556246795E-4
119.0	27.223281582717963	20.94162208636197	24.94003310743671	26.89439558527947	6.676382038900311E-4
120.0	25.143393583860394	23.812718929288344	25.027002206169264	26.016811098796914	7.418188508039091E-5
121.0	27.531051989897787	23.766942886296693	24.324092753713497	24.37691090238546	0.0010014677065610601
122.0	26.505737644720767	24.08364224158715	24.399400012017562	25.010886280467677	3.3382120684526345E-4
123.0	24.090219026943384	27.893953437997137	23.451731989743553	24.563056993146667	0.001038552169257298
124.0	25.006333351260828	24.563870410174903	23.2059924815795	27.2236924828777	1.1127410707165497E-4
125.0	26.402031995471926	23.915745479807825	24.687943817461644	24.993165976093344	0.0011127311652632036
126.0	23.950506650682723	23.863935202717766	25.231942119531652	26.953467661261577	1.4836580628099224E-4
127.0	26.08163478767886	23.081242737143285	27.64297511832916	23.19284917626733	0.0012981805813697734
128.0	26.300509640136198	23.301978471969793	24.86513453164294	25.522622235740087	0.009755120510975438
129.0	24.078509978063913	26.954830353254845	22.29257711569747	26.6711523011379	0.002930251845873204
130.0	26.049650882956026	24.359667708231328	24.0463451763093	25.54429913974474	3.709275860329443E-5
131.0	25.93065874158402	24.820941922087247	24.49923272746561	24.74831346560516	8.531432579612176E-4
132.0	26.513013303559674	25.61798586369276	22.126343941436886	25.736313914303043	0.0063429770076356825
133.0	27.0427868344093	25.514081508199933	24.464775086094466	22.97639060550263	0.0019659657936789377
134.0	26.209827438025357	23.048324103889573	21.132971870999715	29.60876530703464	1.1128005071402845E-4
135.0	26.304558126837023	24.062290888642593	26.288163054557756	23.344394443183287	5.934867793401318E-4
136.0	27.917358780879916	26.359332098346865	24.17159585525286	21.545073420366002	0.006639845154359708
137.0	28.66102190344205	21.25777867463551	24.487616439006583	25.593249134219047	3.338486968030649E-4
138.0	25.298026411939308	24.015264649827774	27.175728197835085	23.509571193611638	0.001409546786196234
139.0	26.138410103984327	23.532625811096683	25.665912554940174	24.661827443064194	0.0012240869146221633
140.0	26.743611952423258	21.64092653351163	25.65401329077417	25.961040189476066	4.080338148750582E-4
141.0	25.23735122194055	25.14635762228123	25.471790500312707	24.143907138305078	5.935171604358493E-4
142.0	28.394660094414302	22.946177318755474	23.735114686743493	24.92378823478788	2.5966529884879246E-4
143.0	26.502034837244555	25.592617830820096	24.06757492136822	23.837586936385694	1.8547418143752135E-4
144.0	27.55387786731301	25.483340029000956	22.967623757638346	23.994750299821238	4.0804622644414053E-4
145.0	27.804896143809156	22.39220712257423	23.17835740477299	26.62324101053678	0.0012983183068445486
146.0	27.384406170049154	21.742327037236112	25.16773332710141	25.7004885753638	0.005044890249525465
147.0	26.1408688942964	24.80217668704374	26.753368152412605	22.300099412428036	0.0034868538192177577
148.0	24.330541209148908	24.68954450205264	23.929583718655373	27.049625769299396	7.048008436837047E-4
149.0	27.861621315234803	24.852342306182816	23.986130823121627	23.29764274442625	0.002262811034505272
150.0	25.76794125786341	23.83798874806452	25.34530740278828	25.048725495360415	3.7095923380596014E-5
151.0	26.724212125798708	24.364039578455028	25.759197924920834	23.151882617947418	6.677528780149042E-4
152.0	27.482953575853802	23.906840086363605	23.352042974053823	25.25808916819386	7.419553491270895E-5
153.0	25.01853054107696	22.91224425441932	25.546734432676075	26.521377826417613	0.001112945410027638
154.0	22.992611367423834	24.521126384348385	24.943795047434755	27.539981569227436	0.002485631565591736
155.0	27.075365145234375	23.577859308698923	24.24722421349624	25.099217392207763	3.339403627037593E-4
156.0	25.775873552304425	23.47488496541263	26.45582156086379	24.293308606601933	1.1131481722663586E-4
157.0	24.959740797525527	23.00640881977087	26.46116786566116	25.57238567499655	2.968420458947487E-4
158.0	24.912393450993022	21.677815691553704	25.739405210530297	27.670311435530337	7.421139263615193E-5
159.0	26.968073263770354	21.371691924064535	24.499094592789397	27.160509402876524	6.308164991910706E-4
160.0	26.33219685387655	21.52332281459008	25.88649850530934	26.25787050368255	1.1132254147877896E-4
161.0	24.580883275185037	20.648210613343903	28.880777071982912	25.88582450718671	0.004304532301433038
162.0	25.238126338695288	23.705389811740293	25.103347647384506	25.953061984838882	7.421734103016637E-5
163.0	24.986158198799437	24.072859085268465	27.136758480237027	23.804001579375495	2.2265631958009988E-4
164.0	25.207277401771922	23.41275348851708	25.05891198197349	26.319424291701704	0.0016328360358006722
165.0	26.156829869217518	22.048246380667898	27.064302406232848	24.729804904352253	8.16439529478477E-4
166.0	24.814774129093266	23.093001126719585	25.745431144666934	26.346645151617267	1.4844790295069898E-4
167.0	26.933391526768606	23.22931256777791	26.850888971527525	22.98577601020167	6.309237242907861E-4
168.0	26.343249957875564	24.162503089743982	24.19961713154478	25.29448136466847	1.4845616720321199E-4
169.0	26.261191143732848	22.164532917049883	26.04599754000827	25.527870132627257	4.082665817472177E-4
170.0	30.596270414957534	23.2041666481093	23.493104825360348	22.70623542318958	2.2268838323780002E-4
171.0	25.63895492930356	23.399337459797408	26.681457410303594	24.279285264158773	9.649364366678815E-4
172.0	26.904363144455928	24.60335893632446	24.4960222731924	23.99603303283025	2.2261319695554194E-4
173.0	28.94999170838136	19.855328876758353	23.25871371211129	27.93429624933175	0.0016694534172412988
174.0	24.032873508810066	25.847823877290438	24.267509402129196	25.85131095617929	4.822555910116461E-4
175.0	25.6269953561945	24.16745003216312	23.635181927516864	26.56870331803205	0.0016693660934681785
176.0	24.454666225940446	24.168787754340393	28.042615405904026	23.332409588985705	0.0015210248294319046
177.0	22.53349157947732	26.311921254858778	24.477819260296975	26.652838060992533	0.023929844374390392
178.0	24.956150894343686	23.249522927666042	24.223588889779226	27.570329217007817	4.080712032313304E-4
179.0	28.081194378930597	24.24448839653642	22.915908418878526	24.75711027733226	0.0012985283222012355
180.0	26.676873040740688	22.778997781675837	25.378126817917394	25.16577918822131	2.2317144476729914E-4
181.0	27.640376784030817	22.39040853779592	26.08866992138103	23.87965080915298	8.939476392518999E-4
182.0	25.391509047431036	23.226830158600087	25.552790959273526	25.82879533958596	7.449510939606814E-5
183.0	23.782949409344845	24.653827729987494	26.168403580956294	25.394297795687027	5.214840243369144E-4
184.0	26.289170745953527	22.251617342094253	26.39079127300198	25.064583793537487	0.0038368454127533018
185.0	24.78598286969008	24.476788038953856	24.742477320683946	25.994155804247377	5.959664247415462E-4
186.0	26.958005631632805	23.1574916399048	25.392711211374717	24.491791517087673	0.0
187.0	24.140440111089916	23.032714329501285	28.329160057060705	24.497013497222937	6.720051251590879E-4
188.0	27.12313586919591	28.098035862699312	22.281977623336367	22.49658928748778	2.613572806297665E-4
189.0	25.217690996778323	23.49057618288732	25.170978914965342	26.11996976970309	7.841356659253473E-4
190.0	28.904456672124933	21.741927894857717	24.97827584726063	24.375152871938592	1.8671381812953832E-4
191.0	26.62825345834833	24.26888597456559	24.55567583581271	24.546848079551552	3.366517218239341E-4
192.0	26.495107777052006	23.7907114729493	24.37383511820721	25.340308220894887	3.741089659703002E-5
193.0	27.495595177650255	24.247943699092918	21.909767836209827	26.3465062060383	1.8708100869589946E-4
194.0	27.7459446251573	23.431237583916726	24.532328309586628	24.290489481339346	0.0
195.0	26.226993405836694	21.887607314207017	24.621677656938843	27.262935712521426	7.859104960217958E-4
196.0	28.22533977345561	22.09098454138131	26.386049552037967	23.29755112587754	7.500724757529697E-5
197.0	24.432916411130677	24.52830400999263	24.09754066538758	26.940413696353854	8.252171352587151E-4
198.0	27.2439194657501	23.1358250868111	24.51484599436564	25.105334308212658	7.51448605048382E-5
199.0	25.653516018597873	23.00868894655748	25.73962981985008	25.59760041087617	5.64804118401017E-4
200.0	27.133907772858144	23.815830400508514	24.301224518691626	24.748999651299496	3.76566422174641E-5
201.0	25.603241086297164	21.874056170694804	27.927066520147953	24.59525963261362	3.7659024646325274E-4
202.0	25.440270142829814	25.12323044545245	28.12098427681957	21.31551513489817	0.0
203.0	25.959092243062585	24.388385973385432	22.665103482467487	26.98666483826355	7.534628209421978E-4
204.0	26.047549075016015	23.53747032892506	24.157115406352435	26.257714479484573	1.5071022192080178E-4
205.0	27.167353447418318	24.443051959209143	25.543873081711332	22.844930231716912	7.91279944293892E-4
206.0	25.28811433679249	21.35656235939093	26.083325733691986	27.27192220178065	7.536834393891546E-5
207.0	25.64942590904174	23.318687854554828	27.192346006691665	23.839389465582624	1.507641291430454E-4
208.0	27.877304378739005	22.36440068717148	22.20093922483227	27.557318010580513	3.7698676738747794E-5
209.0	27.523155445017412	20.410425643910656	25.224503370189993	26.841274533610648	6.41007271284835E-4
210.0	24.67032838558775	24.539689196395507	25.045689774164664	25.74410407689308	1.8856695899573762E-4
211.0	24.913801818875932	25.464187579313645	25.475466903670796	24.145713781297296	8.299168423323983E-4
212.0	28.602803443784495	22.603845894002966	24.183939246514566	24.609298187940716	1.1322775725629518E-4
213.0	29.446180851915578	23.316192499021852	22.629186953428192	24.608099799536834	3.398960975396054E-4
214.0	27.785364371299014	25.25931220232909	24.14170807586056	22.81361535051133	0.0
215.0	25.789636765572656	25.233451567985433	22.756622478927614	26.219948271708382	3.4091580591738926E-4
216.0	25.925676466918883	24.409332805727534	26.17626370901264	23.488688749061446	3.826927948896735E-5
217.0	28.906862302239045	22.944556279588372	25.39583077553876	22.751978478233845	7.721643999780706E-4
218.0	24.512049573334966	24.12991137189098	25.48277742792256	25.875144502351667	1.1712449982958386E-4
219.0	26.186506368032436	23.112062317223735	24.947578358580973	25.753301253114657	5.517030481987487E-4
220.0	27.935056166954052	21.99600301754742	24.92927623237651	25.13950609848869	1.5848463332995233E-4
221.0	25.14202590788688	23.073630905348104	24.43826823920581	27.345915401499653	1.5954605955136446E-4
222.0	25.95017887518648	25.12520458396834	24.30952407774271	24.614931531760607	1.609313418616216E-4
223.0	30.30695968967142	22.527709943355433	24.233801045007247	22.930837641418155	6.916805477458944E-4
224.0	29.60063394546176	23.374004971673216	24.842941807266868	22.18233766572924	8.160986891822855E-5
225.0	30.415881096157115	19.927047620142012	23.947800635132218	25.70828569294501	9.84955623645173E-4
226.0	25.092251994315294	22.365750682061016	25.865621012666107	26.676168839925722	2.0747103185717695E-4
227.0	27.190708737933267	23.73327363637088	25.98800778575833	23.08641680301805	0.0015930369194690494
228.0	27.262337802440083	27.77682728256509	22.88515283401151	22.075513520255942	1.6856072737325077E-4
229.0	27.520833536927615	25.343387420720386	21.810024656506354	25.325754385845645	0.0
230.0	25.993511204221488	22.841357679450404	27.39640495361659	23.768726162711523	0.0
231.0	25.495689599047207	24.635085127272063	24.423449692312634	25.44390923114183	0.0018663502262624124
232.0	24.990127572728337	25.375021186403657	24.70256036596127	24.931985091761153	3.0578314558248195E-4
233.0	22.692541706167844	25.57850062966055	22.33795968757517	29.390423146038795	5.748305576387022E-4
234.0	26.84177157297587	21.639112133022216	26.870916366101643	24.647034136175236	0.0011657917250309832
235.0	25.50601533189901	22.18030465814733	27.58356847633691	24.72983907954115	2.7245407559510785E-4
236.0	28.66782543690947	23.80094438547278	23.683241438802295	23.847850643844783	1.380949706732314E-4
237.0	27.41883857040504	24.68535698002252	22.46406007201943	25.43155828083855	1.8609671446250618E-4
238.0	27.076967776565063	23.03821362234651	24.40765536517975	25.477068902248632	9.433366004224262E-5
239.0	27.628035699413466	23.292498355847297	24.161194932850602	24.9168829353702	0.0013880765184360493
240.0	25.569208100802793	21.907117483761954	26.293241792589505	26.230235109733346	1.9751311240174957E-4
241.0	29.35344388600109	21.034406724523727	23.643561086594755	25.96611634232896	0.0024719605514647355
242.0	26.411761938134426	24.2704136341011	20.94172768943887	28.375205232150684	8.915061749184644E-4
243.0	27.66691702671416	23.066191726220133	25.433903708055393	23.830012964188597	0.002974574821711422
244.0	26.404330264654885	23.03655089153969	26.028735946264174	24.52953830714275	8.445903984976227E-4
245.0	28.9618941570178	21.21936905568412	23.424692514573483	26.392202521009654	0.0018417517149446204
246.0	24.47766656826686	26.792239446620762	23.67115383081084	25.056197592130143	0.0027425621713911873
247.0	25.339435972538123	23.03249635376641	24.955787698955355	26.537430581562383	0.1348493931777307
248.0	25.854764173988258	23.416363658206457	23.64772463338646	27.069934886552034	0.011212647866793744
249.0	25.021858469610827	21.640512670881506	28.54442429486661	24.77728466833633	0.015919896304725897
250.0	26.916847494218043	22.065236745768033	25.216917612050203	25.800193352185673	8.047957780413484E-4
