# Position (bp)	A	C	G	T	N
0.0	23.142383994891564	24.73460853749893	25.909287986851243	26.213657364558735	6.211619953214078E-5
1.0	22.4393209072168	31.38266725903564	22.21990892636841	23.87724082463214	0.08086208274700578
2.0	23.97526356291119	27.004542277478237	22.623909701727698	26.39529391079752	9.90547085346156E-4
3.0	25.37306506720059	21.935075107999847	25.29937396594246	27.385061062760563	0.007424796096537198
4.0	25.999124394156198	23.81332528633424	22.94105861735901	27.246429865579664	6.183657089006323E-5
5.0	28.46885990603227	23.777517442851952	22.462352356731348	25.29052883415265	7.414602317804685E-4
6.0	24.936587940947387	24.00814782518068	24.589016470176137	26.46106749337203	0.005180270323773063
7.0	25.761308312404264	26.78762755141289	22.785185604575698	24.665016957622253	8.615739848966081E-4
8.0	27.754017629695277	24.149167158838726	23.762599553449885	24.334154200527184	6.145748893304268E-5
9.0	26.325465143801825	25.800258280362964	23.00700398458167	24.86714995100522	1.226402483219748E-4
10.0	25.03496212079428	24.811952203931202	23.539894813349463	26.613190861925055	0.0
11.0	26.97332935373215	23.349439641693483	22.889451544894232	26.787601445710784	1.7801396934955476E-4
12.0	28.813987224128162	25.717680752465732	19.98398934644349	25.48434267696262	0.0
13.0	25.28738202415333	23.061199800241614	25.030459713767563	26.620901125905693	5.73359317977624E-5
14.0	26.578706831458888	22.949795902146576	23.13260399339166	27.338893273002878	0.0
15.0	25.380410050829553	24.342101212442465	23.784269089349973	26.493219647378	0.0
16.0	26.682788201278512	25.895997969148194	20.565891140628796	26.855322688944494	0.0
17.0	28.482255538247603	26.094739977159215	19.43887947307637	25.9826251475759	0.0014998639409139313
18.0	24.82492904250654	25.482686159227235	21.061925477907877	28.63035313630528	1.0618405306654236E-4
19.0	25.112422583132464	24.755006233514482	21.71022904135999	28.421919351693354	4.2279029971075863E-4
20.0	22.46364299445475	25.39260961518136	24.561450324562863	27.582297065801026	0.0
21.0	22.983360902987254	23.988083284508477	24.858287148124607	28.170113390984618	1.5527339504243105E-4
22.0	21.31473686521884	27.07654064024127	26.525856958075224	25.08281447158316	5.106488150649571E-5
23.0	24.559738238770414	24.404934846177756	23.08619045228653	27.948882936082377	2.535266829227976E-4
24.0	27.20728611615254	22.26302133702396	23.881161665712945	26.648480773027423	5.0108083135322894E-5
25.0	24.6800856005886	27.47827351049438	18.433546807382854	29.407896298288776	1.977832453857169E-4
26.0	26.16377389241616	25.851786730812886	19.9291299318904	28.05530944488055	0.0
27.0	25.713382777606274	24.594048321486767	20.967103797804707	28.725367412889636	9.769021261297873E-5
28.0	27.94615000684109	24.335209655382396	22.785702310362037	24.93024013196563	0.0026978954488430847
29.0	28.205106259554324	23.27387362970465	22.91060123008599	25.61008603945119	3.3284120383908554E-4
30.0	23.121657404480615	24.95434072816469	26.441064090684474	25.482702237480975	2.3553918924584593E-4
31.0	25.861952530354404	24.452729668762984	23.025451271156633	26.659350657268412	5.158724575694903E-4
32.0	23.199014067103267	23.39319044800858	24.012046368204874	29.39551684828507	2.322683982120908E-4
33.0	24.866958630677157	24.310044474157145	25.232219749905184	25.59073122934358	4.5915916936269626E-5
34.0	25.57503777587284	26.06117512022898	23.79389629069987	24.56984540950499	4.540369331802926E-5
35.0	24.333751661835024	22.682887103801257	25.98152025991706	27.001571760537818	2.692139088468626E-4
36.0	23.182582087458048	24.89549530406888	26.749167660722055	25.172485981241376	2.689665096350528E-4
37.0	25.506815947461952	26.542359605642034	21.44292321741757	26.507856420146638	4.480933181220588E-5
38.0	26.27026353855465	26.15965878725407	20.385902620333624	27.18404066169326	1.3439216439924687E-4
39.0	23.00187432400053	26.946598561002865	22.673050266368985	27.378163341626337	3.1350700128313937E-4
40.0	25.95211397783207	26.544240923974176	23.168584448058695	24.334971089982876	8.956015218061059E-5
41.0	23.878065641532615	23.59294799468449	22.104139578699275	30.419787379604056	0.005059405479560002
42.0	23.250878013730368	26.751651382102175	21.479674178002313	28.517662121961646	1.3430420349772916E-4
43.0	26.37873715487648	25.031255329520473	23.32374970848502	25.262184430839667	0.0040733762783575255
44.0	28.877589565117763	25.00657908870223	22.76843577019198	23.347261308871655	1.342671163719951E-4
45.0	25.40945166590892	23.649077995396244	22.36246003930736	28.574401171345006	0.004609128042471996
46.0	24.351621053630048	23.895826258379767	23.101954946695678	28.650597741294508	0.0
47.0	25.19631282636784	24.082188324308074	23.403996406598402	27.315712900096994	0.0017895426286949582
48.0	23.14902536493461	24.470948816562487	23.16365227146465	29.216373547038256	0.0
49.0	21.375704445835943	26.470614545129262	24.83437695679399	27.31751498345111	0.0017890687896949637
50.0	26.708825660336856	24.93161835079026	20.172854855589048	28.186656410164673	4.4723119169223336E-5
51.0	24.09569054488412	27.66727243132829	22.390233475771502	25.844209969002257	0.0025935790138318254
52.0	22.25177233805927	25.60166741136526	21.10342035158692	31.04313989898855	0.0
53.0	22.03447376688379	25.71697977193702	24.173242782144055	28.073701738194806	0.0016019408403247669
54.0	22.80948350966745	29.160759940874897	21.542307285006306	26.487271284013175	1.7798043817004072E-4
55.0	23.0763805377764	30.054867086268942	21.71528289441291	25.151872573864743	0.0015969076770005815
56.0	26.921823114612387	26.1126134257401	24.6679667835944	22.297596676053114	0.0
57.0	23.282505037890612	27.517171401810803	23.1488412851588	26.046337950217126	0.005144324922657736
58.0	25.410019253810635	25.544600818220438	21.969342896088843	27.07581531595849	2.2171592159770268E-4
59.0	27.039110356340775	23.0119031519298	25.594414896565183	24.351512114876833	0.0030594802874137858
60.0	23.232177123338207	22.99614006870554	25.18266773184138	28.58892660645422	8.846966065692262E-5
61.0	24.74577680550328	25.00722055352122	22.376639109879353	27.86456939626442	0.005794134831729036
62.0	25.081998245042953	22.75292080048686	25.432812743252615	26.7321797557213	8.845549627071627E-5
63.0	26.440125971910618	23.006369798583812	24.03938899819958	26.51146170138147	0.0026535299245203413
64.0	25.102313098590617	22.445855321626336	23.45555626613976	28.996187103190792	8.82104524975687E-5
65.0	23.74702754766508	27.178181317828365	23.364754300794534	25.704921040375954	0.005115793336061757
66.0	25.290295267473834	24.74791685500782	23.13943566009071	26.821558428385895	7.937890417422788E-4
67.0	26.602311818070774	26.786989155277567	20.45133941780778	26.158742253848438	6.173549954381876E-4
68.0	22.873631844306065	23.112626409163987	27.193965695901905	26.819467386060886	3.0866456715967746E-4
69.0	23.074938852827454	24.81589707432771	26.02768477645952	26.078436819438693	0.003042476946623049
70.0	23.840828972110334	22.745221659608433	25.05002546951297	28.36357168424144	3.5221452682399795E-4
71.0	24.92302886779391	23.123803975211306	26.429855586450273	25.522170932506693	0.0011406380378218026
72.0	25.26840896160222	26.073844212916352	22.54415944292885	26.111701117327012	0.0018862652255600344
73.0	25.28992916424867	23.141389458022505	24.019017616165765	27.5449703282903	0.00469343327275734
74.0	23.73629005304586	27.366646285780956	22.722743050834374	26.173355661660924	9.649486778887274E-4
75.0	24.61067278707276	24.28374626045439	22.463852338331673	28.639404076186953	0.0023245379542223914
76.0	26.92425938912623	23.958131862878606	25.080884220110338	24.035584232522016	0.0011402953628134771
77.0	24.396661740263042	25.37993974292067	24.375830508325915	25.846690903987756	8.771045026159641E-4
78.0	26.962907999507085	27.616636911848996	20.259763724382243	25.15990199548043	7.893687812540702E-4
79.0	27.659028637784473	21.130715365751833	22.326631420522517	28.880774128815652	0.0028504471255214126
80.0	23.694721175375836	23.44108079568706	28.86737993522172	23.993967709088867	0.002850384626516295
81.0	25.910668954530248	25.756531965994267	22.129379474741487	26.20302494388142	3.9466085258145473E-4
82.0	22.676072642571746	22.073801948313907	24.384223708812314	30.864279274696827	0.0016224256052086
83.0	24.13430068789398	23.366953376854347	24.702970818001003	27.794678906806325	0.0010962104443423262
84.0	23.21216465961183	26.37368708359915	25.282050944773655	25.130694237088967	0.001403074926393374
85.0	24.330353619589292	27.59549903628446	21.28438991281838	26.78918744486477	5.699864430916766E-4
86.0	26.03808792245623	24.95536708598807	22.549004133586575	26.45539251534969	0.0021483426194346964
87.0	21.349895412852884	21.932873947826117	26.577235996918724	30.139030099439996	9.6454296227804E-4
88.0	25.547435655184476	26.776571020972373	25.62358803535189	22.051221572737358	0.0011837157538976033
89.0	27.058734301300174	25.923399419816125	22.73133593540731	24.28539049303354	0.0011398504428538174
90.0	22.279140379465098	26.52156701312946	24.589257680553676	26.60981572984056	2.1919701120491283E-4
91.0	26.858787679787397	24.235006227266968	24.82082085943737	24.084815332272147	5.69901236115781E-4
92.0	25.12376405811968	24.88805013249867	23.258305551354468	26.729880258027183	0.0
93.0	26.4488492276238	26.2672786818557	21.272335215524063	26.011186183454637	3.5069154180221256E-4
94.0	27.53345183483725	22.920704083041645	22.905887742107996	26.63587965448994	0.004076685523163683
95.0	23.470496571101695	26.721079012600025	24.802693148120955	25.002706736596174	0.0030245315811505934
96.0	25.654809416544044	24.302475377938613	24.17628032746717	25.865119889681242	0.0013149883689278768
97.0	25.605442451189408	25.00565424427738	23.374382854578098	26.014257461849194	2.6298810592459605E-4
98.0	27.121258275678432	23.350901914719696	25.111777816250903	24.416018163210296	4.383014067283649E-5
99.0	21.817273366774707	22.073014391185154	27.34605683279972	28.763655409240425	0.0
100.0	22.590414381626942	25.522233748771196	24.62969317904412	27.25765869055774	0.0
101.0	22.76534360264867	22.934731208384445	28.338261570400604	25.961575966506395	8.765205988914645E-5
102.0	25.539433382366088	23.946073317705967	25.591636612917647	24.922856687010295	0.0
103.0	26.20203918653446	26.30933711096832	25.043765105207193	22.444639443032603	2.1915425742209725E-4
104.0	24.88957927259291	27.719602139118066	23.11224058196775	24.278227359970476	3.5064635080151184E-4
105.0	27.867682577756035	23.54629067085375	21.898941920008838	26.683534227384186	0.003550603997191078
106.0	26.285841529951647	22.187788072468347	24.21384571348167	27.312480849961446	4.383413688611935E-5
107.0	24.92808981474744	25.57631158830115	22.881816563933654	26.613036849750888	7.451832668659082E-4
108.0	23.626617597231164	25.078975871320726	23.876201952052977	27.418073080788798	1.314986063339372E-4
109.0	24.890672167283746	24.70425489854877	25.623542313827098	24.780697813355683	8.328069847083488E-4
110.0	24.59603594726694	25.28901537748093	22.689137141988024	27.425767701548093	4.38317160160652E-5
111.0	24.785561992397355	23.770663547993433	24.626706035825	26.816454741832768	6.136819514384705E-4
112.0	25.276871650604765	25.306020648887383	23.336162028104017	26.080858006243584	8.766616024848096E-5
113.0	29.25480528998301	21.22138435131434	23.065654909785206	26.457322643027837	8.328058896032514E-4
114.0	26.78023216874927	22.193619479592748	27.437491343201938	23.588306353344638	3.5065511141189524E-4
115.0	26.444421746908542	24.304458122388716	25.930833983939205	23.319628600122655	6.575466408791486E-4
116.0	26.14400716818225	24.836006789432894	24.942486208964436	24.077280649765562	2.1918365486114276E-4
117.0	25.476005733899708	27.440874638891444	23.385061174748046	23.697357058000936	7.013944598605102E-4
118.0	26.48065264182291	24.381222081457484	25.63758389261745	23.500103016408104	4.3836769405441897E-4
119.0	27.321499338918915	21.279007782169398	24.572883751433512	26.825951553452875	6.575740252999415E-4
120.0	25.157269098277073	23.298841534999003	25.35769678254824	26.18610490802333	8.767615234958937E-5
121.0	27.76359588036704	22.982257942191342	25.43552891901501	23.817915835370748	7.014230558635242E-4
122.0	27.373015399830958	23.3671654982061	24.24166967695777	25.01762335471517	5.260702900050152E-4
123.0	24.86847175600563	27.47505665107018	23.191012634865498	24.464538337069154	9.206209895448142E-4
124.0	25.48619291472	25.071688822505884	22.92516699626793	26.516688228478337	2.630380278460824E-4
125.0	27.09336412548151	23.364331522365735	24.504438865267257	25.036769524891707	0.0010959619937915945
126.0	24.19937608938861	25.225198764102867	24.807066427717203	25.768095687336263	2.6303145505493855E-4
127.0	26.390987068394857	22.413963924074494	27.214106663603786	23.979934048726083	0.0010082952007778778
128.0	25.495734439251926	22.2319447975941	26.48106582027654	25.782662446406494	0.008592496470938949
129.0	24.149063116759912	27.292801548744144	22.81140375104008	25.743049107569504	0.0036824758863587942
130.0	26.300736163183423	24.43174445071845	23.80680363487148	25.46067191111329	4.384011335299709E-5
131.0	24.647850893075564	25.730405253148408	25.314007840441494	24.30707840529173	6.576080428094067E-4
132.0	26.406901924473924	26.524044196656977	21.449837285350597	25.613517306323974	0.005699287194534646
133.0	27.301618059415944	24.88772487904449	25.81389598615347	21.994700579218623	0.0020604961674771283
134.0	25.630156684290363	24.07914003384451	21.36552945612051	28.925086145671674	8.768007294982069E-5
135.0	26.759136426725778	23.68329450591267	26.05200097850361	23.505085851416506	4.8223744144103065E-4
136.0	27.71533413123249	26.334004094713258	23.873055120802807	22.071863532939645	0.00574312031179444
137.0	28.244510409693298	21.542490812139768	24.83464482009856	25.37800323454767	3.507235207029902E-4
138.0	25.123902522854834	23.616292135077753	28.473358710791235	22.78491223470831	0.0015343965678617571
139.0	25.61954811468945	23.203697363015934	25.72060130373958	25.454574947489604	0.001578271065425035
140.0	25.68385259981043	21.810857993120482	25.98192701889631	26.52301166080806	3.507273647134952E-4
141.0	25.434909177635852	24.91003693220678	25.397205357800484	24.25749779914912	3.5073320777084495E-4
142.0	27.358853713628328	23.483315328712926	24.616028087207834	24.54132060383288	4.8226661803080895E-4
143.0	26.339877390449995	24.93354593956155	24.322997204172562	24.40349178109158	8.768472431265041E-5
144.0	27.52312160903162	24.73270126596153	23.834712555488576	23.90898229846002	4.822710582561517E-4
145.0	27.663052008463335	22.31393074131329	23.322743936817865	26.69926493863382	0.001008374771690799
146.0	26.91773146410671	22.39055940008909	24.55104889708848	26.136275950601352	0.004384288114370294
147.0	26.295998498867135	24.388674162978134	27.4926521650685	21.818159498874152	0.0045156742120806125
148.0	25.21844274980512	23.86525951393255	23.10284718696595	27.812836761339078	6.137879573049097E-4
149.0	27.68016540810135	26.0082844345926	23.35161848109346	22.95708192891941	0.002849747293178494
150.0	25.3399390578074	24.240743582436373	24.311813578271256	26.10741609487691	8.768660806278361E-5
151.0	26.470791984138746	24.89470698156506	25.390151956919965	23.243735251743043	6.13825633183063E-4
152.0	26.830010452692797	23.969462703529363	23.475020519547936	25.725199407914584	3.0691631532056096E-4
153.0	24.92667991667664	23.02822795804719	26.853850460790802	25.19032091594311	9.207485422577543E-4
154.0	23.04260515365829	23.921191208001016	24.816263356586326	28.216914908076873	0.003025373677495166
155.0	26.320654118406377	24.271798685308994	24.417807258160696	24.989608398869112	1.3153925482135216E-4
156.0	26.00822478687156	23.846708002527333	26.75037609611574	23.394559574019354	1.3154046601279363E-4
157.0	23.8625999719377	23.405973761751085	26.877762382489124	25.853225410411113	4.384734109723586E-4
158.0	24.02335168810395	21.80052144035401	26.258415526399563	27.917579801158116	1.3154398436205112E-4
159.0	25.66809465971525	21.927176739352536	24.87742207060454	27.52664880579148	6.577245361945812E-4
160.0	25.581748182448017	22.52729616669736	25.108746174151737	26.782077928911573	1.3154779131258385E-4
161.0	24.36240586601512	20.747888864235705	28.4244073516373	26.4613514601456	0.003946457966276201
162.0	25.215910291822574	22.77565807966021	26.10529186861779	25.903139759899425	0.0
163.0	24.677480252393984	23.90086313691045	27.18580882414205	24.235760082757302	8.770379621496726E-5
164.0	25.4613881133003	23.542162662086078	24.791446214106887	26.203161185556407	0.0018418249503255426
165.0	27.359498799052574	21.705200626413475	26.712736971682897	24.221861935557996	7.016672930509065E-4
166.0	24.733786301917757	22.53789880524529	25.983886621317183	26.74412128319366	3.0698832611106747E-4
167.0	25.646593313287465	24.46541912123307	27.005961131597505	22.881500142098783	5.262917831818198E-4
168.0	26.520925638567277	25.124055602874705	23.524600158068374	24.830243163893744	1.754365958984678E-4
169.0	25.050023202344622	21.85752970908909	26.207771952093516	26.884411971883495	2.631645892746394E-4
170.0	31.61363245598953	22.637979009716165	23.850832839162216	21.897380249764026	1.7544536806683768E-4
171.0	25.749754486245745	23.788802467462574	27.18397587978138	23.276633801377507	8.333651327923478E-4
172.0	27.691954833537697	25.316321357590045	24.39143331772119	22.600027365108435	2.6312604263694397E-4
173.0	30.183159596221827	18.879159922485957	22.736224659165806	28.19987712471841	0.0015786974079981197
174.0	23.61844854722054	26.11972795440004	24.594350085271884	25.666947178792054	5.26234315476595E-4
175.0	26.280163279912433	23.600420303685198	23.10639682561958	27.01117769232928	0.0018418984535069748
176.0	24.475136207367633	23.74838991773834	29.622969936798377	22.151661964517448	0.001841973578204716
177.0	21.316281279070736	25.554704190659734	26.17352025154397	26.929880232403608	0.02561404632195014
178.0	25.381727510210023	22.938338163717347	24.83790915194419	26.841762057432234	2.631166962015158E-4
179.0	28.03069109791504	24.959213030778812	23.19739138824809	23.81152034524196	0.0011841378160990113
180.0	27.306447971318683	22.376032121246	25.861203155966113	24.456272740116038	4.401135316866339E-5
181.0	27.94570023259617	22.572715504075173	26.315146872337454	23.16559992136601	8.374696251970808E-4
182.0	25.26562216239185	22.64938050881675	25.733348143994895	26.351561026096736	8.815869976496892E-5
183.0	23.32546773702254	25.53319794457113	26.926920484595968	24.213796693804664	6.17140005704137E-4
184.0	25.779109136115963	22.316210830732334	26.638143857236063	25.26283306000811	0.0037031159075279056
185.0	25.134355279792224	25.600896054503814	24.436395470005447	24.827691998455443	6.611972430719753E-4
186.0	26.372651667610814	22.658390514754018	24.73865537512702	26.23030244250815	0.0
187.0	23.53891224633402	24.373945820942495	27.243876479386707	24.842337245361612	9.282079751629225E-4
188.0	27.281893464340623	28.83321413131789	22.354886649050112	21.529386906756322	6.188485350529071E-4
189.0	24.400777847181054	24.373856448382305	26.078701548665624	25.145426390309005	0.0012377654620114307
190.0	29.2154686069403	21.875692157515488	24.633314013711185	24.27525996386302	2.6525797000728134E-4
191.0	26.036932013313642	24.742171190441688	24.937683708427556	24.28268132212903	5.317656880848592E-4
192.0	26.684373079103167	23.807753210487526	24.108670631922152	25.399114443016924	8.863547023111256E-5
193.0	27.881856195963117	24.71532708242284	21.461346094008327	25.941204681711522	2.6594589419431247E-4
194.0	27.674059968235266	23.721021772982777	23.68303352761861	24.92188473116335	0.0
195.0	26.039673489944192	21.821527815954163	25.12307081182402	27.01501854042273	7.093418548934834E-4
196.0	27.219067795856432	22.713470764337668	27.0423428375251	23.02494072109475	1.7788118604059606E-4
197.0	25.66273157630904	24.474865372049962	23.62695503535443	26.23486978440402	5.782318825495401E-4
198.0	26.70733751274864	23.908074259508883	24.542296966714453	24.84206838265186	2.228783761616421E-4
199.0	24.57506208464967	22.83481460424053	25.12770039172777	27.461797156174406	6.257632076264443E-4
200.0	28.007493757437206	23.888877465175305	24.263788844475478	23.839839932912007	0.0
201.0	24.220471483488065	20.972311197162856	29.473015521054393	25.333933569583223	2.682287114695044E-4
202.0	25.053124878448756	25.913718848791824	28.506320217497926	20.526836055261498	0.0
203.0	25.606272059010944	25.39199250915897	22.89495606866783	26.10606390556675	7.154575954990563E-4
204.0	26.433552422977623	24.336883757268886	22.919934116582166	26.30958498187222	4.4721299100073296E-5
205.0	27.572596951350686	24.360884298825418	25.544412844524967	22.52134559901178	7.603062871515841E-4
206.0	24.77412157894831	21.07803495613933	25.942472120788153	28.20537134412421	0.0
207.0	25.043483317973998	24.855681909687117	26.883113978186763	23.217362906761387	3.57887390732506E-4
208.0	27.752784151724185	22.487417173499814	21.85572527555137	27.90407339922463	0.0
209.0	26.82028450001253	20.597518054257655	25.83472969634475	26.74661740011529	8.503492697737535E-4
210.0	24.547815993887173	24.672838878939082	24.932777258279017	25.846165002455244	4.028664394798368E-4
211.0	25.620359449819148	26.066917953774276	25.327116529694592	22.9847105317597	8.955349522814202E-4
212.0	28.146231877241195	22.370287746741653	24.690404037010406	24.792673175517223	4.0316348951438953E-4
213.0	29.080194239683593	22.690176588865015	23.665633076325225	24.56345823371692	5.378614092506783E-4
214.0	27.132046171326245	26.574170307116564	24.814598342386052	21.479140323027035	4.48561441030543E-5
215.0	25.067639635073945	25.837981171425927	22.576272618055988	26.517747148622096	3.5942682204688183E-4
216.0	24.575520922143028	25.482613193284	26.40293739840171	23.53888301560777	4.54705634939581E-5
217.0	27.955532612527968	22.77418284234386	26.142839346761132	23.126433907302303	0.0010112910647377975
218.0	24.864568546611622	23.804829919668723	26.363323149142214	24.966906415947413	3.719686300255868E-4
219.0	27.14343165866333	22.877755706627962	24.95078571572703	25.027229166578678	7.97752402994481E-4
220.0	29.27665420982007	21.93527154699701	24.735657416915853	24.05199248251468	4.243437523869336E-4
221.0	24.348976684480572	23.028455903919188	24.893868867820316	27.72841286105535	2.8568272457518977E-4
222.0	25.088056881367837	25.221999841738867	24.564974880869897	25.12487189533149	9.6500691909961E-5
223.0	29.02909174139631	22.62234533702678	25.58536590137252	22.76236560401897	8.314161854234157E-4
224.0	28.932371380158685	23.888056609812082	24.64034744979001	22.53907730247334	1.472577658837135E-4
225.0	30.996877718135224	20.07770308569765	23.63112420463991	25.29305736592678	0.00123762560043406
226.0	24.63595697627664	22.611027342179334	26.049809006835545	26.70295536791315	2.5130679533574585E-4
227.0	26.595801500895522	23.384538222578747	26.543153671130625	23.474777111470463	0.001729493924643915
228.0	26.85337853139766	27.094757099686124	24.947404988251304	21.10420319453852	2.5618612639403683E-4
229.0	29.075305028106623	24.232883454653784	21.730798124498097	24.96090977385177	1.0361888972359662E-4
230.0	26.084548575452597	22.873605737591536	27.41111511650815	23.630730570447714	0.0
231.0	26.71915943249737	23.85671834273602	24.984400029678643	24.43764041974996	0.0020817753380082534
232.0	24.25720661290937	25.54666277499465	25.662232557091418	24.533629787172398	2.6826783216520576E-4
233.0	23.286203545399243	25.35589483295443	22.31757975189388	29.03977772965161	5.441401008400435E-4
234.0	26.213296036924334	21.656334852652606	27.248083132898355	24.880680282956604	0.0016056945681013823
235.0	25.20994261288097	21.804861356535007	27.450452421422277	25.53468751227119	5.609689054935685E-5
236.0	28.367627057950823	24.009288710027263	24.18776447575092	23.435205896133365	1.1386013762274835E-4
237.0	27.51360690201594	25.408436882532776	22.71905920043758	24.358609737445537	2.872775681609122E-4
238.0	26.780994928224857	23.170379617518723	24.849769555088784	25.19885589916764	0.0
239.0	27.40476057366685	22.525000089211687	24.69094096921959	25.37763308302516	0.001665284876715392
240.0	24.998434247609925	21.240198697048402	27.83005139351963	25.93113145565851	1.84206163538232E-4
241.0	28.428572394409134	20.40705317911188	24.02823336781374	27.133744025086493	0.0023970335787526944
242.0	26.274310982209574	24.257726135025866	22.313586798161015	27.15308241477642	0.0012936698271225888
243.0	28.09042417332657	22.553664829408955	25.218922397146265	24.133163550485104	0.003825049633103707
244.0	26.093149987047216	23.24261026713647	26.720448024097742	23.942617006293386	0.0011747154251882481
245.0	28.362885943918908	21.753182989938214	23.5381726468859	26.34315639351798	0.002602025738990798
246.0	24.466057119745017	26.86293010557581	24.592358517310924	24.075676621276326	0.00297763609192707
247.0	25.90231343306759	22.55865883617142	24.629040122488657	26.762901838261556	0.14708577001077677
248.0	25.651229966339596	23.69856592005312	23.18800212382602	27.451259560636597	0.010942429144662643
249.0	25.776077956080606	21.777243263533162	28.917552630252054	23.512505579096178	0.01662057103800135
250.0	25.26939235066073	22.062383627182818	25.01133709053142	27.655826516004478	0.0010604156205458646
