# Position (bp)	A	C	G	T	N
0.0	23.60235512727868	24.463012469786666	25.31011311682964	26.624400627939014	1.1865816599565474E-4
1.0	22.944234880291823	30.206106508595422	24.090596853182053	22.685632057985778	0.07342969994492773
2.0	24.514516694464216	26.118157878273884	23.25022987569597	26.116357824685405	7.377268805248366E-4
3.0	25.68020757877147	22.18228357286204	25.21397495009389	26.915573685186544	0.007960213086059632
4.0	26.11998271341116	23.762667036672728	23.990827620481014	26.12634587494797	1.76754487133599E-4
5.0	28.13978110502121	24.118084642452114	22.683149606484573	25.058484402099612	5.002439424872481E-4
6.0	25.43388437640327	24.037554218109445	23.951474847114405	26.571858947305977	0.005227611066911365
7.0	25.371518193702585	25.42274288283056	24.185525977628174	25.019245889350568	9.6705648811385E-4
8.0	27.53941035857507	24.608530649769314	23.854027058281876	23.99800266409019	2.9269283555257918E-5
9.0	26.015626460744535	26.351539274161883	22.237936587326814	25.394576313968926	3.21363797842305E-4
10.0	24.768766142734094	25.121385187781826	23.367951158132172	26.741897511351905	0.0
11.0	27.312940699892106	23.024909179683632	23.23854413660869	26.423464541179893	1.4144263567601942E-4
12.0	28.14417047550652	25.3507797288067	20.369371772030867	26.135678023655913	0.0
13.0	25.3687929497883	23.895462984904107	24.76546852140294	25.970000643267493	2.7490063716469683E-4
14.0	26.790192140686063	22.074196699956577	23.773094876248372	27.362434867564044	8.14155449413808E-5
15.0	24.90691969300663	24.369502304534027	23.744193917996363	26.979357369873902	2.671458907752654E-5
16.0	26.225441266168975	24.8167193895144	21.635199977274862	27.322613064797945	2.630224381811788E-5
17.0	28.086194255315256	26.212313030309986	19.765486966440555	25.93422628158327	0.001779466350936038
18.0	25.63390463152111	25.963295101835556	20.43054815874385	27.97212420913801	1.2789876147955334E-4
19.0	24.989380327811272	25.216993817047417	22.499477606299166	27.293486507735114	6.61741107026698E-4
20.0	22.55707133098986	25.594420707591343	24.76095040659828	27.087507059830756	5.049498976087845E-5
21.0	23.991641003961107	24.426195594897244	23.988059578884517	27.593803283089862	3.0053916726607534E-4
22.0	22.411883159804606	26.61182871358661	26.58653948664853	24.389699053240765	4.9586719486440264E-5
23.0	24.600321948650596	24.856972720244	23.95635061358043	26.585935192225257	4.195252997199792E-4
24.0	27.26325141845377	22.18389775488747	24.372869016918703	26.179957347314097	2.446242595835223E-5
25.0	24.649741994076805	26.0618996540169	20.25151193768676	29.036483621733204	3.6279248632574657E-4
26.0	26.115875217079843	25.758465000966137	20.092792383718958	28.032795208734733	7.21895003259356E-5
27.0	24.926414190700136	25.269202469304737	20.574450642112858	29.22983667203211	9.602585015886276E-5
28.0	27.353947162435897	24.76878228817298	22.722951465153677	25.151686219443352	0.0026328647940909973
29.0	27.342445118220454	23.85185077358763	22.588012056594053	26.21729291992057	3.991316772968737E-4
30.0	23.608181488910528	24.808377458299404	25.33209679321547	26.25115779964228	1.8645993232436757E-4
31.0	25.79056412884405	24.944219117453887	23.053009155918428	26.21155891552373	6.486822599070577E-4
32.0	23.778635889817433	23.08268287577867	24.70818153182266	28.43029292244435	2.067801368838555E-4
33.0	23.825840071926926	25.424719892501408	25.31588189642349	25.43339868624475	1.5945290342097093E-4
34.0	26.33475490004489	27.038632621058902	22.719440476402948	23.907126818405377	4.518408788124356E-5
35.0	25.429466269332767	22.436502582841637	26.270601901866986	25.863049399876708	3.7984608189883714E-4
36.0	23.370844656600845	24.477232251880366	26.53238577284175	25.619381058701517	1.5625997552522325E-4
37.0	24.96012693326073	26.59620025908846	21.171053057344245	27.272597434332457	2.231597410900684E-5
38.0	25.950677334942068	25.748611340103373	21.063455683248332	27.237233331228712	2.231047751338127E-5
39.0	22.81097047655885	27.053428786972333	22.425247835496386	27.710152143178675	2.0075779375214979E-4
40.0	25.387069614430285	26.948908528255593	23.359892943767598	24.304128913546517	0.0
41.0	23.793283546142057	24.921835834289293	22.289766270188878	28.989739866088392	0.005374483291378169
42.0	23.89379287769274	26.21453440896516	21.445837025633296	28.445813388967206	2.229874159281695E-5
43.0	26.38864796481463	26.1822063809379	22.992027283555174	24.432837478144037	0.00428089254825926
44.0	28.76444592671627	24.922736209391505	23.09029747813395	23.222386624597295	1.3376116097553798E-4
45.0	25.279975462999904	24.735805965112345	22.305867258574242	27.674049313842232	0.004301999471277578
46.0	25.09382812742037	24.67699253409161	22.854545952992662	27.37463338549536	0.0
47.0	24.887080724439524	25.19126687771824	23.146585009544122	26.773195336362043	0.0018720519360694262
48.0	22.165478365491733	24.56104897286217	22.752751659908206	30.52072100173789	0.0
49.0	21.963231051314782	26.65287608302867	24.40073341843839	26.981332584765305	0.0018268624528524676
50.0	26.674971602155274	24.917502005503803	21.019417464913985	27.388019818677062	8.910874987775393E-5
51.0	24.581428169224903	27.908107535005723	21.6252534774071	25.882582493754384	0.0026283246078896067
52.0	22.624763687245835	26.993968398274653	21.611138958012184	28.770128956467328	0.0
53.0	22.68790893557668	25.195270275369374	24.469901409319792	27.645254671504233	0.0016647082299179588
54.0	22.524497552686274	29.26033682636724	22.555061229454417	25.659971216429895	1.331750621705582E-4
55.0	23.45922771866869	28.5235047919984	22.837357218639465	25.178205484717147	0.0017047859762977186
56.0	26.03526390147643	25.61219714454844	25.43188848800621	22.92065046596893	0.0
57.0	22.418612908202714	28.327274490059963	23.091884942555172	26.156627388775423	0.005600270406732366
58.0	24.811705396107573	26.08858284752304	22.212997501357332	26.886515054161602	1.9920085045483087E-4
59.0	27.457749179859476	22.671731549411046	24.773212306124712	25.094186413741227	0.003120550863540524
60.0	22.85561552631858	23.904548958182325	24.103790179723713	29.136001138521266	4.419725411299647E-5
61.0	24.75575582277986	24.959963865275288	23.347403159180843	26.930336131166932	0.006541021597083235
62.0	24.89322148391036	22.087513636647884	25.559978159266322	27.458999458401067	2.8726177436294727E-4
63.0	25.94143405818589	24.446483661540242	22.973386228258068	26.636044529666336	0.0026515223494609236
64.0	24.692764710669813	22.071844060183906	24.57116969639624	28.664111252490404	1.1028025963502087E-4
65.0	23.604847419297712	27.120834159445945	23.408432942849476	25.860680693268556	0.005204785138309446
66.0	24.081402395724076	25.040556526402984	22.973408680111117	27.90401489763171	6.175001301160989E-4
67.0	25.919627857414735	26.31595777009072	21.39612570529832	26.367560930321176	7.277368750449322E-4
68.0	23.07779497582338	22.54982796196397	27.1530114209087	27.219078966373694	2.8667493025529727E-4
69.0	22.9788193952897	25.184355097841276	25.103715591495302	26.730111016587	0.0029988987867249333
70.0	24.827414637475524	23.675319142846764	24.799675050553198	26.69715085822099	4.4031090352898185E-4
71.0	24.30567856781464	23.34000398175592	26.067638487292733	26.28577900727845	8.999558582626594E-4
72.0	26.415375930905583	26.768182891616828	22.638903886385403	24.175737591510334	0.0017996995818551655
73.0	24.61796266211144	23.619349375079413	23.194184364136472	28.564180407428953	0.0043231912437162855
74.0	24.170487265086408	26.65175144833119	23.26043366772621	25.916318252374094	0.0010093664820988854
75.0	24.503709983857615	25.199848954496996	22.632119286452618	27.66214956357197	0.0021722116208055743
76.0	26.100692337987315	24.811502179257506	25.525846663207354	23.561059251888818	8.995676590068116E-4
77.0	23.569768998040793	25.980469375621162	23.77560624576292	26.673365555280093	7.898252950326571E-4
78.0	26.85782571952847	27.15551397899662	20.55367515232144	25.43241473904615	5.7041010731608E-4
79.0	26.90112927729544	21.459208354129075	23.29854274416028	28.338201821981144	0.0029178024340615043
80.0	23.6396331492469	24.105457964542556	28.492687950024198	23.75980779077415	0.0024131454121937555
81.0	25.001711089174073	25.806449489963807	22.2688164966546	26.922518372271583	5.045519359438411E-4
82.0	22.577644854105568	22.74144252066336	24.377949460292502	30.301712801071716	0.0012503638668533584
83.0	24.599416343778078	23.341137936601527	24.310659184074574	27.74788718553459	8.993500112309074E-4
84.0	23.7948832231759	26.898951784361802	24.385923391139574	24.919057152088325	0.0011844492343961426
85.0	24.967445324924938	27.99085727420698	21.1783377671737	25.862591964078323	7.676696160533316E-4
86.0	25.4371978281791	25.483672303844372	23.240001298390258	25.83765910763743	0.0014694619488311417
87.0	21.79270369464691	22.700810688410762	26.408550553160786	29.097167470263972	7.67593517563088E-4
88.0	24.403906891798187	27.273175843026078	25.590698302741572	22.731473338915276	7.456235188956351E-4
89.0	26.569660894257435	26.634527309572224	23.042467327216418	23.752467303094356	8.771658595644301E-4
90.0	22.793681173314692	26.54650145155656	25.025409640686302	25.634363877457446	4.3856985003323265E-5
91.0	25.84745493261738	25.656706170817827	24.126834879635755	24.368521608289008	4.8240864002645353E-4
92.0	25.259762001501112	24.384792671693326	23.14480694169232	27.210616458255537	2.1926857703683515E-5
93.0	25.188291729722927	26.9806535866313	21.703266705286115	26.12750293702209	2.850413375718249E-4
94.0	27.144053966766506	24.189405511785992	23.181354654944954	25.481348888515182	0.003836977987366915
95.0	23.355747017190986	27.697069075934877	23.722855226632973	25.221390762177066	0.002937918064096164
96.0	25.62236229103864	24.448363935324746	24.259534118936696	25.668577692518497	0.001161962181419567
97.0	25.456048541703524	25.71600569196108	23.117398779924503	25.710415451337393	1.315350734985107E-4
98.0	27.263570020891287	23.64424744229686	24.61511143847373	24.477071098338126	0.0
99.0	21.79410548216067	22.732205439046517	26.861717109348405	28.611950050708995	2.1918735411711663E-5
100.0	22.273363685060936	25.365259633517358	25.138739482758165	27.22263719866354	0.0
101.0	23.295084083404213	22.65317434000374	28.142402314723597	25.909229679816587	1.0958205186255517E-4
102.0	24.64155879566736	24.777890730173677	25.027869140630994	25.552637496893077	4.383663488949003E-5
103.0	25.60205693792477	25.983152377468798	25.733004390410567	22.681501387604676	2.8490659118249166E-4
104.0	25.7160702701755	27.37885057068219	23.175504497080844	23.72924592808177	3.287339796973894E-4
105.0	27.268947730383825	23.873914547117785	20.884900244189915	27.969432209136325	0.0028052691721519177
106.0	25.31888804757433	23.892688197257705	25.132057773837847	25.65625640345696	1.0957787315922872E-4
107.0	25.422711428034194	24.863566892437106	22.83702407297588	26.875908659179554	7.889473732654664E-4
108.0	23.615429182988173	25.35332467917225	24.32711852373218	26.70406187520653	6.573890086310795E-5
109.0	25.449190230528806	25.414482068326	25.587124498879	23.54865540930214	5.477929640595227E-4
110.0	24.436109665013735	24.64364654926109	23.066282968829153	27.853916995763374	4.382113265357992E-5
111.0	24.543777567969126	23.88787599856002	25.260700880181126	26.306900584077773	7.4496921195623E-4
112.0	24.997310550464043	24.402805265668317	24.372722868822127	26.227073675142105	8.763990341206245E-5
113.0	28.094564433654313	22.413963467844574	22.588077391853606	26.902562149819474	8.325568280285953E-4
114.0	26.079478617256015	22.878415379266027	27.014807289209802	24.02690433815911	3.943761090458705E-4
115.0	26.32235587983961	23.96956550318806	26.67043537325533	23.036942089002828	7.011547141698985E-4
116.0	26.383325010796653	25.01428050885282	24.954529150752876	23.64777768550803	8.764408962221671E-5
117.0	25.742818535246535	27.174104766856704	23.92942213259063	23.152931494278864	7.230710272670085E-4
118.0	26.568044225624305	24.273872831610017	25.534579205805596	23.62308742361198	4.163133481015016E-4
119.0	26.554777181854817	21.88488556328963	24.76459801274774	26.795344832988555	3.9440911926471624E-4
120.0	25.079664954716474	23.880116595793726	25.268476868294655	25.77174158119515	0.0
121.0	27.192533453001893	23.87188422767762	24.76801799235535	24.16681932004533	7.450069197995669E-4
122.0	26.606788941976383	23.886347725387814	24.4600432320386	25.0463380403594	4.8206023780908E-4
123.0	24.150436614052108	27.717805246380394	23.791587455595785	24.339557154238744	6.135297329655661E-4
124.0	24.799524252870818	25.4654212340721	22.914985399129538	26.819981467072502	8.764685504459143E-5
125.0	26.809565826904397	23.606758385589778	24.577644723087047	25.005088881784783	9.421826339964472E-4
126.0	23.758651879989866	24.43371106380107	25.809488166305417	25.9980612426453	8.764725834993518E-5
127.0	24.98730223143288	23.619558639149794	27.341944005360453	24.050296748713897	8.983753429712208E-4
128.0	26.278472181289388	23.5767004425567	24.773621631002328	25.36287918445282	0.008326560698764975
129.0	23.651724588255814	27.376485508865944	22.943689364637372	26.024791860038093	0.003308678202778589
130.0	25.5075547336095	25.190859599513114	23.881416264671497	25.42016940220589	0.0
131.0	25.898007466331496	25.018630769375726	24.74628518564047	24.336550688073043	5.258905792618994E-4
132.0	25.691313762379753	26.39396700310406	22.282830912272537	25.626717081877825	0.005171240365825814
133.0	27.05210577959269	25.29429113973422	24.687346477994286	22.963955826857195	0.002300775821607046
134.0	26.431050467242212	23.254916577429725	21.38022868760015	28.933716619413268	8.764831464342584E-5
135.0	25.865274529030565	24.10815726188585	26.540972560791896	23.485223145566394	3.7250272529567403E-4
136.0	27.456553922045547	26.967990975521893	24.413268682448987	21.156708274278923	0.0054781457046516905
137.0	28.397293056263766	21.90331899280446	24.60346973160867	25.09565526458396	2.6295473913465537E-4
138.0	24.87973379063052	24.75119565012558	27.234177384386886	23.133687992837274	0.0012051820197360608
139.0	25.58429748444211	24.548295205539485	25.035038127793847	24.831054430712594	0.0013147515119642387
140.0	26.466297219063144	22.065115687937293	25.541078585405725	25.927201730224365	3.0677736947170745E-4
141.0	25.026690438249105	25.57601384221349	25.50192486707373	23.89502023915334	3.506133103331002E-4
142.0	27.97864831538504	22.930292784723278	24.0941651453186	24.99663079199726	2.6296257582361524E-4
143.0	25.757689974720293	26.17963931713235	24.413127741410683	23.64938957045535	1.5339628132352064E-4
144.0	27.86684533990465	25.4565755002175	23.3655945907152	23.31034905928102	6.35509881630806E-4
145.0	27.976436494199852	22.78023246181701	23.116446986933173	26.1260293857894	8.546712605612166E-4
146.0	27.29603683117431	22.26265047091982	24.867135018784417	25.569904260072835	0.004273419048622962
147.0	26.108533940633915	24.618596301146752	26.60470500163922	22.664548828614656	0.0036159279654553967
148.0	24.423699948564888	24.46021076779886	24.194466353614516	26.920877811261857	7.451187598769327E-4
149.0	27.09781102458496	25.89493856005519	23.816375116674422	23.188245398606284	0.0026299000791380764
150.0	25.002191644399556	24.810685756766045	24.600594724624266	25.58652787421013	0.0
151.0	26.24551550857623	24.558695798446042	25.708132674099303	23.487064259975902	5.91758902519556E-4
152.0	26.89369689321252	24.129826198658098	23.768279781169735	25.20804370643816	1.5342052148511941E-4
153.0	25.130441719958952	23.80656182233976	25.125707550167952	25.936587549045782	7.013584875554895E-4
154.0	22.901289890303104	25.26579288768545	25.07515099788909	26.754741553992222	0.003024670130133145
155.0	26.823975864818077	23.93568481693549	24.65809186424026	24.58200633015861	2.411238475650108E-4
156.0	25.48449967129715	23.699508381539065	26.41004096783973	24.405709850190853	2.411291331999524E-4
157.0	24.428784817108113	23.60381922264316	26.45633292018924	25.510865748045823	1.9729201366312958E-4
158.0	24.986912681940026	21.591203042395897	26.63039046243611	26.7913403605874	1.534526405691953E-4
159.0	26.011533448865126	22.2520588006397	24.9881015408258	26.747736223601148	5.6998606822514E-4
160.0	26.02049361821538	22.111930056868257	26.062147313775096	25.80538516514594	4.3845995326016896E-5
161.0	24.580632275973834	21.09103680482736	29.011115395922815	25.314124320291597	0.003091202984392056
162.0	25.131917386435287	23.801386831676307	24.940059475733076	26.126614382042572	2.1924112753080997E-5
163.0	24.92936374421377	24.147919675390035	27.61576683227937	23.30692782330708	2.192480974198226E-5
164.0	25.585851811135598	24.23932611885796	24.82135743137957	25.35190793617871	0.0015567024481667417
165.0	26.391559626429533	22.367963486675208	27.35258661631233	23.88729826217027	5.920084126588062E-4
166.0	24.250330547887234	24.075266247278325	25.850577006146107	25.823716564231542	1.0963445679415692E-4
167.0	25.82849534562046	24.33841851963277	26.592983653317358	23.239751637782003	3.5084364740564276E-4
168.0	25.769158067349874	24.305487028550655	24.374737678625234	25.550507582266395	1.0964320784448908E-4
169.0	26.271705499709764	22.39451219792999	25.81603336961196	25.51755156765993	1.9736508835267475E-4
170.0	30.699029888436186	23.260857313095574	23.446186626245535	22.593728803412112	1.9736881059633673E-4
171.0	25.359622893496358	23.963499879933817	26.993882655315755	23.682007725902608	9.86845351464972E-4
172.0	27.123064016548692	24.730375507443974	24.35579776529502	23.790565368343916	1.9734236839785623E-4
173.0	28.579403420521153	20.51779887023389	23.80871463067506	27.0923947660558	0.0016883125141012466
174.0	23.768794177581654	26.820722610283077	23.570848792791878	25.83917397925915	4.6044008424737996E-4
175.0	25.333824200758055	24.493765559788397	23.472986431272496	26.69766966610344	0.0017541420776146473
176.0	23.716135438073913	24.453005149579905	29.09753853413713	22.732290260531375	0.0010306176776806804
177.0	22.30355014818418	25.9331085606463	25.036788361763264	26.70065304550616	0.02589988390009706
178.0	23.79315267380963	23.729340956531065	25.262028234601697	27.21508342340434	3.947116532694953E-4
179.0	27.264844162229707	24.564795081194244	23.64635688448149	24.522885403457952	0.0011184686366042765
180.0	26.73434000242811	22.418108431000295	25.635971587580038	25.21138203514427	1.9794384728940092E-4
181.0	27.129204540998998	22.932318074344344	26.268262392522658	23.66933389488598	8.810972480249104E-4
182.0	25.907241365941687	23.63303622092757	25.268277875875388	25.191400481441928	4.4055813428916825E-5
183.0	23.329978232599906	24.88546285299878	26.36172920525969	25.42232302945109	5.066796905376687E-4
184.0	25.550248025795742	22.68964566106872	26.832214008059847	24.924521551234136	0.003370753841557826
185.0	24.198609357363082	25.85976732157223	24.76008286404358	25.180835531086792	7.049259343132391E-4
186.0	26.579368160205785	23.741402959466072	25.02935628550568	24.649872594822455	0.0
187.0	24.380307206588398	23.092672280600148	27.991459028232708	24.53485518135218	7.063032265697147E-4
188.0	27.500289725825557	27.78650572994904	22.86763447969105	21.845305172350997	2.648921833627842E-4
189.0	25.0127601480707	23.919802690139452	25.37002221766958	25.696244895940772	0.0011700481794933383
190.0	28.963124249611088	21.781557400032412	25.393204893098698	23.861848516708257	2.6494054954851923E-4
191.0	25.62216025122358	24.625408016077177	25.174611310854683	24.57733393156895	4.864902756122204E-4
192.0	26.76029424969292	23.43649441060934	24.559193843244053	25.24392903223238	8.846422130917316E-5
193.0	27.154120113261058	24.758481916032775	22.471937451157217	25.614973888950455	4.866305984914894E-4
194.0	27.543828097365836	23.715275035675898	24.35404559480365	24.386851272154615	0.0
195.0	26.187345979889827	22.148938137956883	25.207148612895274	26.45577075656758	7.965126904384403E-4
196.0	27.748086294897018	22.709115715305714	26.682520033155882	22.860189233388954	8.87232524347324E-5
197.0	24.4669130941558	24.578457694026152	24.495109829723663	26.458720733407965	7.98648686422573E-4
198.0	27.3184034836316	23.578676086690884	23.974605925284102	25.128203419202187	1.1108519123315671E-4
199.0	24.789510778125596	23.783890757084464	25.733979734443658	25.691995421350207	6.233089960851743E-4
200.0	27.488235436865644	23.71086280438866	24.328406357817713	24.47245087402962	4.452689836535077E-5
201.0	24.760884811916238	21.049639863292775	29.388691596067996	24.80038295835328	4.007703697106661E-4
202.0	24.74301525208153	25.201450568791127	28.903268990284413	21.152265188842932	0.0
203.0	25.076656867446374	24.649935309109754	23.95024024385871	26.32216531067107	0.001002268914095086
204.0	25.098562465960615	23.948401582880123	24.464742158272422	26.48818241657636	1.113763104815132E-4
205.0	26.90651337957668	24.188406074752404	25.574169426371895	23.32977501032523	0.001136108973790634
206.0	24.765676852956975	21.35239808455351	26.366620450753313	27.51521549218611	8.911955008886333E-5
207.0	25.993119517519425	23.433885774542304	27.107821857988768	23.46463802814767	5.348218018324778E-4
208.0	27.835130592939645	22.79594602425966	22.368170004859063	27.000753377941628	0.0
209.0	27.23294513268891	20.990456724868896	25.27247948810039	26.503115436688386	0.0010032176534204038
210.0	24.218154574097323	25.27374122295533	24.917999157136137	25.589748278038044	3.5676777316704983E-4
211.0	25.046065038637533	26.856012321185013	25.010042747196003	23.086898480706886	9.814122745679277E-4
212.0	28.307562811810815	22.048417830340107	25.593987257667056	24.049786634765088	2.4546541693528393E-4
213.0	29.137741347636837	22.776683250925622	23.36504818858225	24.72010294879155	4.242640637396465E-4
214.0	28.00383231156237	25.139811879718877	24.73879136026947	22.117519751556795	4.46968924932463E-5
215.0	24.929149659262002	24.735421496523173	23.70703588518515	26.627989732048952	4.032269807237342E-4
216.0	25.4447191120159	24.24925832960743	26.38792815638566	23.91802645234442	6.794964659388806E-5
217.0	28.855452548065596	23.459978667952434	25.452073208372827	22.23169653701238	7.990385967603778E-4
218.0	24.539519833067093	24.678246900568883	25.678665660170253	25.10329134917253	2.7625702124485556E-4
219.0	26.15240871738448	23.387491114430816	24.685973599619214	25.77343034375172	6.96224813777268E-4
220.0	27.735795825129916	22.087799077172303	25.267757945930132	24.908343789604807	3.0336216285087623E-4
221.0	25.13968884560964	22.88037564841468	24.921110869945046	27.058589479521046	2.3515650959074068E-4
222.0	25.239841228884252	24.863465488951075	24.478132381809083	25.418323304408403	2.3759594718337132E-4
223.0	30.056526539923293	22.61943885034254	24.69392175619086	22.629079109990073	0.0010337435532266142
224.0	29.435788884173736	23.090139842462456	25.131182885871674	22.342719702265757	1.6868522637918847E-4
225.0	30.158018180180058	20.261658575714744	24.68429786974326	24.89491127401734	0.0011141003445960806
226.0	24.856530960968325	22.32534078574775	26.648393919783963	26.169587091381647	1.4724211831345933E-4
227.0	27.261543504509504	23.52113683802935	26.120853163290242	23.095055300233984	0.00141119393691666
228.0	26.547090892351942	27.614912426939508	23.82992488050302	22.007997153471198	7.46467343297843E-5
229.0	27.705166490980037	25.44431411113477	22.41066629748649	24.4398531003987	0.0
230.0	25.697655801638646	22.417204631790558	27.51689395550877	24.36824561106203	0.0
231.0	24.37611481333704	25.11903308822398	25.490030658328365	25.01325723968371	0.0015642004268985035
232.0	25.320246489861205	25.058323932902848	24.518618010347954	25.10263103735878	1.8052952921509372E-4
233.0	23.461372917530717	24.877222197265613	23.182099774659246	28.478469354388817	8.357561556052598E-4
234.0	26.811642016087468	21.407646780585335	27.199824047464787	24.579509214321583	0.0013779415408301302
235.0	25.795872874680498	22.242295800534777	27.410499466828135	24.550903177061283	4.286808953000498E-4
236.0	27.68268829908814	24.352322153235946	24.599872181296696	23.36484506407137	2.7230230784374966E-4
237.0	27.593198536092718	24.617888480045288	22.66085413681564	25.127755977272653	3.0286977370671853E-4
238.0	26.561188023010068	22.870040709519948	24.90682955688802	25.661857911652465	8.379892949660866E-5
239.0	27.262672105851564	23.8233181200522	24.873587127325386	24.03897736144744	0.00144528532341093
240.0	25.53294525529323	21.88187667763917	26.58046388274708	26.004451311588888	2.628727316273867E-4
241.0	28.73410346124664	21.1538112790765	24.27295217715087	25.836149602231878	0.0029834802941126576
242.0	26.270141755047423	24.24205921437117	21.774696052863735	27.712018551311836	0.0010844264058415998
243.0	27.396997738045936	23.508737740411494	25.12955534861006	23.96215577986934	0.002553393063164781
244.0	26.463880676051367	22.640483650324345	26.102908079961168	24.791491990644722	0.0012356030184016592
245.0	27.699544913343644	21.627732392298025	24.042339512219286	26.628466593266225	0.001916588872815752
246.0	24.485232111130966	26.778829468137427	23.915222171844793	24.81791020969974	0.002806039187075679
247.0	25.284266740547164	23.1497539240872	25.125701916482484	26.301307501208406	0.13896991767475356
248.0	26.560939893644925	22.625659829131262	24.250089429426918	26.553412114212417	0.009898733584476651
249.0	25.536299088468596	21.211300680390323	28.828661018270502	24.407076106950957	0.01666310591962789
250.0	26.292685092777713	22.885208461162755	24.452805651503155	26.368049196160932	0.001251598395450857
