# Position (bp)	A	C	G	T	N
0.0	24.028091709572685	23.462595742579488	24.65587829043598	27.853376500699866	5.775671197969504E-5
1.0	23.241389640204048	29.711927044177333	23.734492422998596	23.239517353219902	0.07267353940011925
2.0	25.160435077592552	26.42496582562729	22.197392784634985	26.216115258868182	0.0010910532769928735
3.0	26.20382502501216	22.211545522134614	24.497691538087327	27.08091434367169	0.006023571094201768
4.0	25.951865561938103	23.34518526669429	23.91293757733415	26.78989697185395	1.1462217950635665E-4
5.0	28.170966468953885	23.56030096755925	22.676102165053685	25.591943597628592	6.868008045871426E-4
6.0	25.38274647444796	23.974553643346553	24.65107231851819	25.98654331947448	0.0050842442128161795
7.0	25.974840006521738	25.624895247455438	23.241810488822402	25.15762763848144	8.2661871898042E-4
8.0	27.900471975612746	24.458140776059956	23.430394615286847	24.2109073311043	8.530193615491287E-5
9.0	26.262161350754837	24.9882664211932	22.198228527550786	26.551201819258054	1.4188124312940081E-4
10.0	24.485891931298063	24.557517859714086	23.63854047502701	27.318049733960837	0.0
11.0	27.848017187088736	22.26436311170092	22.56243617887691	27.32504571693945	1.378053939787311E-4
12.0	27.853232560125818	23.879425760273573	20.332887785627904	27.934290689685	1.6320428770304654E-4
13.0	25.250336459629285	22.598326811358437	25.66843178460986	26.48266274190983	2.4220249258658535E-4
14.0	27.12604277999344	21.143515998197625	23.59300143971388	28.137306549272562	1.3323282249204534E-4
15.0	25.63753662102296	22.935660348809808	25.046275476554374	26.380527553612858	0.0
16.0	26.227849835764193	24.30017795132018	21.87210394412479	27.599816365241125	5.190354970971643E-5
17.0	28.81736760025218	26.616630975504545	19.12947596525663	25.435096110896993	0.0014293480896507543
18.0	25.464728004698845	25.549917369863234	19.92364377365069	29.06145746283671	2.533889505187125E-4
19.0	25.445709357046663	24.43457229757335	21.96855596523704	28.15058232496204	5.800551809015571E-4
20.0	23.3668072269535	25.585780610698116	23.75030379562885	27.296932979552363	1.7538716717153117E-4
21.0	24.482583096445666	24.019688089472137	23.681784188326567	27.815621201317782	3.234244378510088E-4
22.0	23.204051035510435	26.713340454345573	25.88777327459937	24.194662594980056	1.7264056456424163E-4
23.0	25.764503957942487	23.44055346078854	23.247024017947425	27.547549982615276	3.6858070627434936E-4
24.0	28.498439652780146	21.348349342512037	24.276032969333457	25.87703198103241	1.4605434195216234E-4
25.0	25.204290807662684	24.60485252885683	20.13795126401766	30.05261545390494	2.8994555788908037E-4
26.0	26.883818131720965	24.853805528293275	19.819022279840333	28.44323384431473	1.2021583069379442E-4
27.0	26.02352275221238	24.790203290594857	19.818956119405488	29.367245880760013	7.195702726331835E-5
28.0	27.85534997991645	23.39746688351992	22.595265032792838	26.149566511231942	0.00235159253884819
29.0	28.14930272027909	23.311080944947484	21.5851387091196	26.954077120357496	4.0050529632915696E-4
30.0	24.15290310198953	24.327033685164125	24.38350720224807	27.136298247657226	2.5776294104703774E-4
31.0	26.224059422681133	24.56183352087548	22.531294274036977	26.68220642851729	6.063538891188629E-4
32.0	24.88017515822335	22.138461641602067	24.563901843151463	28.417207062273782	2.542947493451332E-4
33.0	23.372063619979983	24.7975104187653	24.144412967226724	27.6858523699622	1.6062406579896017E-4
34.0	26.11987759670785	26.828589378138613	22.228967230195	24.822497459042868	6.833591567165776E-5
35.0	25.49252653376743	22.24475954566742	25.435921163253905	26.826544488142325	2.48269168918957E-4
36.0	24.329270107690213	24.058804322040547	25.332794235836065	26.27886073334698	2.7060108619275994E-4
37.0	25.62690195295161	24.717796903041794	21.804003290425104	27.851252766912516	4.508666897660701E-5
38.0	27.65083481392346	24.47581700289191	20.995087288141132	26.878103125703625	1.5776933987279735E-4
39.0	24.098994345729825	27.168281464215312	21.143775119949307	27.588678660245336	2.704098602251432E-4
40.0	26.66997873069089	25.566498134429246	22.77767263288812	24.985715315705043	1.3518628670307684E-4
41.0	24.771782876929123	23.93391103356376	22.11964094425039	29.16957375365099	0.005091391605737052
42.0	25.131883075649153	25.327655023292827	20.30791001113001	29.232461786626825	9.01033011822229E-5
43.0	26.383481336228975	25.62857872623361	22.16007196756234	25.823948855100415	0.003919114874662652
44.0	28.898852709295593	24.258612112235088	22.652004251076562	24.190350758858607	1.8016853415105824E-4
45.0	25.87154612251736	24.3607558409876	21.2563558506251	28.50724399778698	0.00409818808296444
46.0	26.0477452983659	24.511880034449568	21.79804222886446	27.642309922263316	2.25160567629791E-5
47.0	25.749760001152715	24.197917548463558	22.61293454200295	27.437586791327984	0.0018011170527961443
48.0	23.23780301424019	23.165235805165146	22.75591983214106	30.8410413484536	0.0
49.0	22.874412466116368	25.771885158900854	24.365044783563366	26.986744533380385	0.001913058039029985
50.0	27.77263292639372	24.152147871055497	20.044478521739542	28.03067316635809	6.75144531565595E-5
51.0	25.95785710026518	25.808875233030275	20.980566653128317	27.250315863609924	0.0023851499663041314
52.0	23.185453666624664	25.78068690070372	21.907434098325748	29.126425334345868	0.0
53.0	23.017574573770432	24.83517597792371	23.407602196053375	28.738076912119055	0.001570340133429558
54.0	23.436851887371272	27.22927189295717	22.616734583542243	26.71698460289098	1.5703323832822415E-4
55.0	24.03573991176961	27.642976997636964	22.939565206197397	25.380217900627194	0.001499983768832352
56.0	27.17234342748327	24.693758454478278	23.93330030821701	24.200597809821442	0.0
57.0	22.763575986398273	27.589135987723353	22.98881653694948	26.653189091042574	0.005282397886324589
58.0	25.886050155441897	24.593949862462285	22.02644492929973	27.493308870248146	2.461825479401347E-4
59.0	27.75072119596681	21.967435576852715	24.176171653927085	26.10294142328983	0.0027301499635569737
60.0	24.66649119647582	22.723285445462658	23.04701901021406	29.563092630832916	1.1171701454600215E-4
61.0	25.843364611260057	23.41606344950849	22.45949508489723	28.2745308310992	0.006546023235031278
62.0	25.2951626170095	21.60038567170634	24.667619527176853	28.436631127263173	2.0105684413135178E-4
63.0	26.86737869577688	23.95239597229681	21.927419852048295	27.250214225272952	0.0025912546050615246
64.0	25.972194889246786	20.891697603132336	23.44571314075746	29.690260491065352	1.3387579806710124E-4
65.0	24.739875700789455	25.24646994882742	23.742661902220572	26.266017088464128	0.0049753596984262695
66.0	24.4488430260407	23.435914929389305	23.314458153076142	28.80004765460584	7.362368880114531E-4
67.0	27.073816995852468	24.448585062141614	21.004465665110143	27.47237375856763	7.58518328145291E-4
68.0	24.024495173533506	22.26777781768447	26.436758019032812	27.270701292686805	2.676970624039776E-4
69.0	23.110675575564613	25.012252225644392	24.34169801013148	27.53251886798135	0.00285532067816543
70.0	27.507629084057704	22.67074858027418	24.042992414243393	25.778251223916932	3.786975077917012E-4
71.0	24.711318707259053	22.411337334009644	25.84197135925934	27.034439039179748	9.335602922132624E-4
72.0	28.639298986274376	25.297091414435386	21.617893914068123	24.444159970983705	0.001555714238407873
73.0	26.20383419039759	22.01175224643275	22.515124728737053	29.26553348416953	0.0037553502630745072
74.0	25.645815360846797	24.653922947159725	23.333954663900524	26.36535170457487	9.553235180877178E-4
75.0	26.00406854726826	24.46753326382843	22.310785560189466	27.21547994040025	0.002132688313601153
76.0	27.02293535692587	24.20487097265062	24.50381145223939	24.26753806731659	8.441508675316251E-4
77.0	24.7880596829264	24.2706287649741	23.733228310006293	27.207350211257264	7.330308359417015E-4
78.0	27.852385367277392	25.344185813027508	20.24977821333012	26.55322857865064	4.2202771433788073E-4
79.0	27.225389399139143	20.887990179147923	22.128145949909122	29.75583135303027	0.0026431187735395825
80.0	24.506374533492174	22.978303221868945	27.271418938907356	25.241215971913146	0.0026873338183859828
81.0	25.585417160806724	24.29050371637738	21.778340098055153	28.345139394133213	5.996306275334394E-4
82.0	23.47104677628933	21.995375869911417	23.801966776529177	30.730544597804837	0.0010659794652380765
83.0	26.686700219759135	21.619404536240715	23.589131249678	28.103897926589433	8.660677327146205E-4
84.0	23.895280285114744	25.114034795545635	24.94836181150007	26.04119064272946	0.0011324651100822702
85.0	25.47055148167375	26.358898502095364	21.711712751884093	26.458104542917273	7.327214295261867E-4
86.0	25.743780432326364	24.442729445115074	22.430052412816817	27.381883553272374	0.0015541564693650227
87.0	22.88084382183162	21.68567228288065	25.392666553889505	30.039907132001233	9.102093970018146E-4
88.0	24.459463359298862	26.271619134724034	25.758465066408565	23.50983086516497	6.215744035660612E-4
89.0	26.221284093878044	26.271717494818482	22.312961894591083	25.192993220126038	0.0010432965863557673
90.0	24.519253606180616	25.765041234738128	24.728434944470614	24.987181427964508	8.878664613327496E-5
91.0	26.961631777552515	25.100407979901313	23.54841523524488	24.389034505275816	5.105020254722754E-4
92.0	25.77191796008623	23.845566025821856	22.362954418792945	28.01956159529897	0.0
93.0	26.798970105219983	25.804585877054038	20.80798490268888	26.588104009518602	3.551055184951161E-4
94.0	28.394322498171825	23.34879839675267	22.804240260727433	25.448843782145676	0.003795062202401098
95.0	23.951551229705565	25.852622636560103	23.800287525316033	26.392942092365846	0.002596516052461164
96.0	26.327321886819583	23.775401150213966	23.793731076459316	26.102436326807048	0.0011095597000815747
97.0	25.690699679718605	25.387437531370228	22.94500896672526	25.976676307209196	1.7751497671669185E-4
98.0	28.847701873717547	22.622374736408627	23.09550794146674	25.43439326058093	2.2187826161044567E-5
99.0	22.774804298315786	21.8744634093423	25.372513158811312	29.978196948903925	2.2184626674883854E-5
100.0	23.321338816160896	24.0294523405946	24.736146133016025	27.91306271022848	0.0
101.0	24.472277429773037	21.83723581708161	27.845988678508686	25.84429844018952	1.9963444714567104E-4
102.0	25.81829321204819	23.46465212889327	23.974105644781336	26.742882468339662	6.654593754796853E-5
103.0	26.071019147904178	25.289706945270886	24.787994019897745	23.85105810595054	2.2178097664801561E-4
104.0	26.58487601000099	26.59702906576267	22.266416272320704	24.55127946395266	3.991879629748729E-4
105.0	26.815397764797673	23.485192904516666	20.56662028661012	29.129595517708324	0.0031935263672173875
106.0	25.893382251842205	23.049772158141852	25.14984693746302	25.90682124016581	1.7741238711028044E-4
107.0	26.37643370310257	23.52919652751182	23.04968588870909	27.043863370403397	8.205102731212589E-4
108.0	24.042468041989128	24.246915058373048	24.47586201544716	27.234577509054446	1.7737513621856165E-4
109.0	26.163331018820273	24.237053137140663	25.248455439416066	24.35034012700558	8.202776174171984E-4
110.0	24.55690494959428	24.117046434977997	22.851982134322444	28.473911304731814	1.5517637346608155E-4
111.0	24.50927189489281	23.5687152353819	24.90412435946205	27.017068302471355	8.202077918853518E-4
112.0	26.174332702033638	23.666246391306505	23.134252264521667	27.025035643606493	1.3299853169621007E-4
113.0	27.884292706541164	21.834139343662738	23.131750216445806	27.14890894913069	9.087842196048251E-4
114.0	26.435948730168406	22.22180353214339	26.905645112131975	24.436092808813182	5.0981674304682E-4
115.0	27.82725101763547	22.500589090291637	26.18269712690191	23.488709084271058	7.536808999304618E-4
116.0	27.648170417454043	23.572072196884474	24.3192445594649	24.46035765942001	1.5516677657646675E-4
117.0	26.44994083774113	25.510482293216935	24.321429505586167	23.717238538947118	9.088245086473543E-4
118.0	26.41901108893	24.937679353345985	24.373568331934635	24.269253566452228	4.876593371468294E-4
119.0	26.76326491345437	21.089863545943462	24.518593688418008	27.627612849796794	6.650023873585706E-4
120.0	25.64300016425373	23.26735032572557	24.581158523028662	26.508313655026818	1.773319652172217E-4
121.0	27.707772383198794	23.286515540133607	24.281967202939985	24.722991213877805	7.536598498133251E-4
122.0	26.53765987400048	23.78773507427038	24.716959927399877	24.956957959003716	6.871653255490063E-4
123.0	24.686939538483944	27.863528181925183	22.902174050378278	24.546604574374538	7.536548380539834E-4
124.0	25.426026572256887	24.411174631716072	22.59634875848878	27.566250542791952	1.9949474630585605E-4
125.0	26.55852466654579	23.491016342104714	23.68997835268499	26.259394504694093	0.0010861339704137107
126.0	24.589300909940675	23.235594859503482	24.678807632143776	27.49614143569403	1.5516271803409722E-4
127.0	25.561092060902546	23.42081405838895	27.818937064859128	23.19809286108519	0.0010639547641899424
128.0	25.805381214624617	23.914164783489067	24.429721363601605	25.84204360696763	0.00868903131708647
129.0	25.42187966864946	25.498905457992016	21.595526608143324	27.480341245304196	0.0033470199110003027
130.0	26.169823775559102	23.640390601067605	23.9803511366523	26.20941232068229	2.2166038702790214E-5
131.0	26.27151987441462	24.520759071613327	23.647052225795676	25.559937340305666	7.314878707119571E-4
132.0	26.958915502439286	24.44852008074725	22.091692506984035	26.4953746773978	0.005497232431632051
133.0	26.729598295499507	25.338307748610116	24.419292579983246	23.510695576557886	0.0021057993492415022
134.0	27.366116948175733	22.34304207119741	20.706565589395755	29.584120228753825	1.551624772797801E-4
135.0	25.840569947508918	24.014187953140386	25.960598328735017	24.18408962296459	5.541476510900195E-4
136.0	28.164413513290054	25.823622522682076	24.091647324843546	21.914619935669364	0.005696703514954733
137.0	28.917404178180238	21.439762270295624	23.64303127539433	25.99955844624504	2.4382988476599646E-4
138.0	25.587160870142476	24.025070579439635	26.27483524075696	24.11189154671431	0.001041762946619845
139.0	25.778948103374326	23.54752729928528	25.32573508305876	25.346614755633578	0.0011747586480522834
140.0	26.962899815893287	21.47223747948028	25.42044643993125	26.144194609614424	2.2165508075559556E-4
141.0	25.9549805416335	25.236250082291033	24.90489151215347	23.903501043018096	3.768209038958183E-4
142.0	29.150232366995777	22.539820250840208	22.905693534465367	25.403921356528507	3.324911701428249E-4
143.0	27.1850707428498	25.108425082180513	23.619444918550965	24.08688192826633	1.7732815239581416E-4
144.0	28.08916412456892	25.102640752268822	22.427929811059442	24.37975548869234	5.098234104703542E-4
145.0	28.21262039596007	22.085870260080988	22.718650057942565	26.981839638743406	0.0010196472729755348
146.0	27.6377546428782	21.00488150026223	24.960909428242477	26.392442297350797	0.004012131266295127
147.0	26.08093119013483	24.362856841397814	26.325024582235002	23.22737481236373	0.0038125738686187044
148.0	24.231841408301097	24.594973342542783	24.02569277025643	27.147049148495295	4.433304043971282E-4
149.0	28.082645749274143	23.898132783118307	24.465785867459832	23.55128539907067	0.002150201077051236
150.0	26.50187746459485	23.31667160629349	24.717870461482327	25.46358046762934	0.0
151.0	26.601274604321347	24.186735363209472	25.714939347783343	23.49638565060395	6.650340818883067E-4
152.0	27.954463533984097	23.77326025011627	22.940123102924346	25.33197576957062	1.7734340466528427E-4
153.0	25.100609665532993	22.954610044163175	24.520893159340794	27.42297824117856	9.088897844778473E-4
154.0	22.875496491720835	24.5968155807454	24.925752083674634	27.59914261031222	0.0027932335469122464
155.0	27.59983132346342	22.940363709890548	23.539888187498782	25.919761582544194	1.551966030567523E-4
156.0	25.45810939374516	23.500248651373923	25.77285347793765	25.268433735794556	3.5474114870948494E-4
157.0	25.884555239707858	22.3849573228689	25.961490920370238	25.76868611373045	3.1040332255716463E-4
158.0	25.416848293872008	20.917556251959468	25.69366810978073	27.97181648342828	1.1086095951490791E-4
159.0	26.98582723954892	21.597495377001636	23.947663667445664	27.46854809026931	4.6562573446916447E-4
160.0	26.999218399215074	20.754350079545898	26.14571034207507	26.100610313804403	1.1086535956407741E-4
161.0	25.05170860118921	20.186731909972046	28.927082002923356	25.830929725971025	0.003547759944371124
162.0	25.82770061641137	23.399617678160936	24.03432248742908	26.738270522524992	8.869547362606831E-5
163.0	26.025779132686168	23.91911735031246	26.413721197047956	23.641337971046372	4.434890704336037E-5
164.0	26.446287039463968	23.329900642675973	24.276241123900174	25.945908068641394	0.0016631253184884985
165.0	26.80123536978932	21.747945799669534	25.94496098056091	25.50519257580633	6.652741739013385E-4
166.0	24.725278380730277	23.00130486116224	25.93939358994716	26.33375705099603	2.661171642909796E-4
167.0	27.349246651853782	22.95135410611831	25.74281952400204	23.956180528557905	3.991894679624948E-4
168.0	25.856922568198403	23.71858320213315	24.174447933505625	26.24986887374244	1.7742242038335218E-4
169.0	27.082985869611502	22.520528452399542	25.187586052717492	25.20863348284623	2.6614242523172134E-4
170.0	31.056069376982276	22.67540532747799	23.04362676603012	23.224654556745847	2.4397276376782667E-4
171.0	25.59789239700139	23.32638147871559	26.3414443725576	24.733483282833873	7.984688915410871E-4
172.0	27.420100697108236	24.22643519772248	23.90004899341705	24.45321550072758	1.9961102464996546E-4
173.0	28.13172179546268	20.290046652504273	23.72024999035189	27.856273734910687	0.0017078267704729614
174.0	24.477997348121395	25.375790007412665	23.565299516336026	26.58035862022463	5.545079052865009E-4
175.0	25.557001533397024	23.7436314559109	23.58401443030186	27.113799885588573	0.0015526948016443482
176.0	24.558923710633103	23.81706594510612	27.721829180833126	23.900717101814617	0.001464061613036537
177.0	23.280031450447797	25.925964545477136	23.70990156648788	27.05774582642618	0.026356611161004285
178.0	25.264682411057592	23.033321108945035	23.343079565237744	28.358628499064757	2.884156948721686E-4
179.0	28.862607760294335	23.90156277110642	22.676799658486342	24.55796479871063	0.0010650114022783257
180.0	26.736611849814185	22.361936195086983	24.962901793476497	25.93846122375833	8.893786400600153E-5
181.0	28.022219862291355	21.730955858828935	25.986267428701705	24.259844418218044	7.12431959964886E-4
182.0	26.164080464183225	22.56756856012879	25.41024344958168	25.858040753805856	6.67723004459722E-5
183.0	24.449765589891488	24.11104337260312	25.620803393543447	25.818053773988282	3.3386997367101386E-4
184.0	26.136678297738218	22.282131094849177	25.774413007805784	25.803171640960485	0.0036059586463320276
185.0	25.14665400072292	23.653115768743845	24.620622637377117	26.579140187781224	4.674053748947225E-4
186.0	27.36553323717435	23.232900617910502	25.525357479922363	23.87618640596898	2.2259023808251867E-5
187.0	25.426777727041873	22.578198105805086	27.25122005736649	24.74326926569695	5.348440896051045E-4
188.0	27.46011595580182	27.14983367068713	22.05393411282044	23.335648229661487	4.6803102911999916E-4
189.0	25.93015008913339	22.904339964881576	24.427275041267936	26.73725419221163	9.807125054663577E-4
190.0	28.447796606693615	21.504835129463594	25.32467879858925	24.72251113767201	1.7832758152579753E-4
191.0	26.60545911579551	23.835133890308207	24.390627801218866	25.168466628280783	3.1256439663796806E-4
192.0	27.271038425357684	23.0130137260055	23.739829084180496	25.976051778923626	6.698553268793517E-5
193.0	27.874568272657395	23.698274787837807	21.725203229519273	26.701685729739243	2.67980246282779E-4
194.0	28.282225962294355	22.625798636422108	23.98218522647685	25.109790174806683	0.0
195.0	26.938047436166045	21.271939327309365	24.29136793651829	27.49786352754497	7.817724613279499E-4
196.0	28.81721359063805	22.28281913124519	25.812283821826437	23.087459640399484	2.2381589083872317E-4
197.0	25.192747043261924	23.672327564091947	23.72914098907293	27.40504569473775	7.387088354501445E-4
198.0	27.633423236170433	22.929952436812144	23.635668042925655	25.800754574219596	2.017098721742128E-4
199.0	25.993457771870666	22.964769854562274	25.660396844284193	25.380926508821005	4.490204618624471E-4
200.0	27.37636310605974	23.7439732788888	23.53324994212686	25.34621159407208	2.0207885251544386E-4
201.0	25.8049471542041	21.144201468127143	28.177860251055986	24.87265430750103	3.368191117451294E-4
202.0	25.87892923293612	24.42746874489112	27.494390338987007	22.19918922657641	2.2456609339434348E-5
203.0	26.07539212070215	24.08869814534197	22.16348467075698	27.671728718469623	6.963447292768931E-4
204.0	25.563801839373596	22.81064983741821	25.035484031848686	26.58983963778655	2.246535729578204E-4
205.0	27.50477357022613	23.819795280731313	25.272771429617723	23.401738592801596	9.211266232329253E-4
206.0	26.240879946937874	21.527684158115072	25.164628304474512	27.066627840720148	1.7974975239471607E-4
207.0	26.723709787970378	22.48469049518523	26.397878580176858	24.393451464656113	2.6967201141611517E-4
208.0	28.52966667805491	22.000898172905927	21.62816540766621	27.841269741372955	0.0
209.0	27.449032535370595	20.714704491215578	25.107073938792286	26.728334781068302	8.542535532451743E-4
210.0	25.011629880868195	24.05144802977789	24.382323480442803	26.554238863925335	3.5974498577321E-4
211.0	25.540933745764626	24.572414391795032	24.905779360653533	24.980017892813144	8.546089736641E-4
212.0	28.878887909939895	22.037016871421	24.10803397143009	24.975768762447476	2.9248476154392354E-4
213.0	29.78069347082302	22.735389900909908	22.428883459795003	25.054605464125622	4.2770434644412236E-4
214.0	27.624608185069093	24.4440034633782	24.481912318147867	23.449408459688676	6.757371616696655E-5
215.0	26.060689115201946	24.79908501474592	22.933962709293734	26.20574389849913	5.192622592739675E-4
216.0	26.62972205403782	24.213381229618005	25.72225547931112	23.43450451203875	1.3672499430882211E-4
217.0	29.690913563746786	23.05928287393841	24.59998769969635	22.649058567804047	7.572948144122842E-4
218.0	24.859861039843565	23.877177897661344	24.91857008797112	26.344021153748365	3.6982077560662166E-4
219.0	26.478146943005616	22.264577038095325	24.875983374161326	26.380500094523267	7.925502144664191E-4
220.0	27.72985287346959	21.184703634498348	25.225165127335124	25.859880453403534	3.9791129340129656E-4
221.0	26.230212904102167	22.934962984202812	23.724151504044112	27.11039010721127	2.825004396413092E-4
222.0	25.89036234524455	24.5866600833908	23.998485530046683	25.52411223694096	3.7980437700806726E-4
223.0	31.71070278519942	22.41353112438538	23.093605631561438	22.781297663454193	8.627953995749294E-4
224.0	30.2929557924127	22.23016211962754	24.633252802757095	22.8433410469103	2.882382923610608E-4
225.0	31.07411650596994	19.364063896319834	24.072330664951796	25.488354375745004	0.0011345570134210852
226.0	25.72094172461262	22.338926897428063	25.583210300888876	26.35660462098907	3.164560813730299E-4
227.0	27.328502708657016	23.410698845058235	25.293723488713866	23.965600657930786	0.001474299640098886
228.0	27.82359501216365	28.053026602122838	22.613358795576673	21.509797535689085	2.2205444775058846E-4
229.0	27.54931947978098	25.322316037849564	21.604662277410874	25.523627645104042	7.455985453869445E-5
230.0	25.823114303570282	23.082579842638292	26.769543018075765	24.32476283571566	0.0
231.0	25.16695963153946	24.57556761469948	24.280073912622374	25.975628660638446	0.0017701805002479517
232.0	25.508728522476527	24.34144321637265	24.377232204700814	25.7723164549787	2.796014713137787E-4
233.0	23.736892547725756	24.886210064992362	21.990182688106277	29.386380759527746	3.339396478580726E-4
234.0	27.774434708025026	21.197365203912355	26.70638250892018	24.3206198025283	0.0011977766141406903
235.0	25.549056282138665	21.988335032289836	27.535188686925743	24.92715652645643	2.634721893247919E-4
236.0	28.824153581158573	23.06030347862049	24.165359181741824	23.94983734603299	3.4641244611954104E-4
237.0	27.581828798644565	24.27405496205022	22.437348881758588	25.70657934107209	1.8801647454068918E-4
238.0	27.498743298725365	22.23793362986955	24.0028041420874	26.26043741355933	8.151575835468593E-5
239.0	27.959950123411808	23.42691569001772	23.47336883549835	25.138361849638763	0.0014035014333602382
240.0	25.636031239729913	22.109343579898376	25.37331499872446	26.88111220407302	1.9797757423169145E-4
241.0	28.942735507826256	22.127009746948715	23.353501029535444	25.57420430889406	0.0025494067955287936
242.0	27.29967327201553	24.1202647439268	20.686015201879737	27.893138258064003	9.085241139334665E-4
243.0	28.23770077569922	22.618643259502637	24.408887016113304	24.73189335239009	0.0028755962947514674
244.0	26.91646273656415	22.649050605285844	26.288582443772064	24.14479160901564	0.001112605362301393
245.0	28.67036070484284	21.43982281426464	23.268609034219367	26.61932030193172	0.0018871447414282884
246.0	24.980615612612546	26.694178265302206	22.548985335488876	25.773699240269554	0.0025215463268233504
247.0	24.852752737484952	23.537243324431714	25.189256357160893	26.284192889677083	0.13655469124536213
248.0	25.774730761001358	22.945161750461864	23.918586406105128	27.351685605232706	0.00983547719894812
249.0	24.999213341043074	21.906878632524034	28.64041948985816	24.43879461330588	0.01469392326885232
250.0	27.949726817686386	22.076104589138893	24.304085122729553	25.668868555454505	0.0012149149906625105
