# Position (bp)	A	C	G	T	N
0.0	23.957399590483192	23.799380552679516	25.167546189631096	27.075673667206196	0.0
1.0	22.96467141553205	30.197215538692497	23.62400755515692	23.140768582190017	0.0733369084285242
2.0	24.442434450772733	26.783873765386623	22.66022487181032	26.112804392316413	6.625197139050584E-4
3.0	26.156300845937714	22.0972938692683	24.609922416309278	27.130210359159474	0.006272509325235597
4.0	25.993547198511035	23.61001018780518	23.768732098514658	26.62758454539872	1.2596977040434722E-4
5.0	28.305672880530057	24.459643651538375	22.449399443278274	24.784591975946903	6.920487063879556E-4
6.0	25.453908761284712	24.150826066678917	23.952965784304027	26.43611232810888	0.006187059623468743
7.0	25.621823027965817	25.650532919526427	23.491335943969325	25.23527380021802	0.0010343083204149269
8.0	27.267921495277964	24.39507383056997	23.638614868523433	24.69826461071581	1.2519491282991208E-4
9.0	25.90909389140519	25.553951386061808	22.33429885521452	26.202499650856208	1.5621646227825464E-4
10.0	24.42940789773511	24.93830382176063	23.39535310566044	27.23693517484382	0.0
11.0	27.337957787754462	22.948240753608825	22.579925920107314	27.13375469041735	1.208481120503695E-4
12.0	28.03886623280135	24.50931083308394	20.27619085905035	27.17554274109378	8.933397058232349E-5
13.0	25.47726039209196	22.90363970959598	24.96243023862946	26.6563457189614	3.239407212039522E-4
14.0	26.584066399071126	21.958835438633546	23.4592673211964	27.997714469913248	1.1637118567982738E-4
15.0	25.280361189909613	23.18009959517359	24.80276895397468	26.7367415111085	2.874983361033798E-5
16.0	26.021890871560878	24.574353594611477	22.11188516798392	27.291785491186616	8.48746571063853E-5
17.0	28.910764587022392	26.769652174733878	19.12608631192832	25.192358627444772	0.00113829887064094
18.0	25.997906957973598	25.645522204068566	19.92687300127296	28.42942236392541	2.754727594629714E-4
19.0	24.820053604435216	25.167260414423332	21.803256050226622	28.20874494273225	6.84988182583874E-4
20.0	22.869585959499226	25.965716890590574	23.76796520500753	27.396595950466473	1.3599443619562634E-4
21.0	23.612197113311716	25.375136188723168	23.454005041208724	27.558149009754864	5.126470015276881E-4
22.0	22.811811453141377	26.929802982009544	25.959526814554945	24.298805270926476	5.3479367659956794E-5
23.0	25.23141794988174	23.99191804105667	23.46667057099466	27.309434409286265	5.590287806650579E-4
24.0	27.990110259591194	21.588050099023885	24.751149130286766	25.670532410164416	1.5810093374411468E-4
25.0	24.82216043511261	25.088583620300486	19.941686638396845	30.147177660974666	3.916452153878972E-4
26.0	26.352871311079483	25.200770247615555	20.169840689350334	28.276491796717547	2.5955237079028767E-5
27.0	25.286533525981792	24.7775834212596	20.255675870263012	29.680077784014784	1.293984808100759E-4
28.0	27.498973469958255	23.596520959132327	22.83591595662872	26.065722497954617	0.00286711632607714
29.0	27.554702343415745	24.098711597849825	21.893509121619566	26.452417933811734	6.590033031273255E-4
30.0	23.730991851969172	24.701710157327827	24.808297550302928	26.758723459222956	2.769811771146065E-4
31.0	26.195510879849813	24.55946885500356	22.77439740028944	26.469871329658663	7.515351985267906E-4
32.0	24.343793433602613	22.435923373412745	25.039922609837756	28.179913757729768	4.468254171177328E-4
33.0	23.24323886054779	25.123186114409584	25.529052267275603	26.10435077017273	1.7198759428912737E-4
34.0	26.174945712340563	26.912064343816567	22.610411295243267	24.302456859122458	1.2178947714559565E-4
35.0	25.214944188745967	22.41295700344952	25.909981817235256	26.461803660848055	3.1332972120403453E-4
36.0	23.973910541138338	24.71512666054204	26.008955759415407	25.301814390140237	1.926487639775709E-4
37.0	25.20304515982419	25.488986283588694	21.38894011124694	27.918980298998413	4.814634176873289E-5
38.0	26.92878445401126	25.407763560190073	21.28524340184987	26.378088250017328	1.2033393147319538E-4
39.0	23.33630175600528	27.901135884861457	21.489270728088073	27.273051013157705	2.4061788748563212E-4
40.0	26.0845067440643	26.36935877498229	22.951182520863487	24.59480760939858	1.4435069134357775E-4
41.0	24.222135087153777	24.670461051426262	21.569176958494307	29.533319541402253	0.004907361523398973
42.0	24.771844195478685	25.703902328966734	20.742731269480014	28.781401940508957	1.2026556561136039E-4
43.0	25.81859784657425	25.82439399576665	22.44639343635407	25.906646403393225	0.003968317911808583
44.0	28.42354748407883	25.02377684799915	22.74596082152587	23.806450325204757	2.645211913938271E-4
45.0	25.373466635473818	24.480142570231394	21.996319853005705	28.145863272897593	0.004207668391490123
46.0	25.314468773102373	24.806712385577505	21.941711393865813	27.937107447454306	0.0
47.0	24.931596420080435	24.48304874911956	23.491575457886903	27.09185623589199	0.0019231370211088327
48.0	22.612695187083528	24.083807883231888	22.63208892956154	30.671408000123044	0.0
49.0	22.42037983912323	25.886482727398118	24.559395940737907	27.13177102382201	0.0019704689187364202
50.0	27.699554657640956	24.36249051478924	20.45828405509039	27.479598687280472	7.208519893832919E-5
51.0	24.875389411841866	27.219920780651968	20.94836904098077	26.95375011381745	0.0025706527079423797
52.0	23.070254658328494	25.907913031425462	21.732623383175962	29.28920892707008	0.0
53.0	22.855316980759817	25.141890228777044	23.851517598123582	28.14955124760922	0.0017239447303319454
54.0	22.98129180564471	28.29099326512665	22.827531072381753	25.89996837154646	2.15485300430803E-4
55.0	23.931476352124296	27.98857764066234	22.921069939859944	25.157156551855568	0.0017195154978498894
56.0	26.774555895382534	24.76357243695424	25.19817314874424	23.263698518918982	0.0
57.0	22.54665881906299	27.673762539949358	23.491809561103263	26.28263550547203	0.005133574412354962
58.0	25.336580621178694	25.388532133418934	21.894387064073452	27.380142059691238	3.581216376854742E-4
59.0	27.329121521065186	22.539386667570653	24.682956245311964	25.445336600416248	0.0031989656359472066
60.0	24.19578452881319	23.303616648811236	23.305594848101705	29.19490863936831	9.533490556481761E-5
61.0	25.4471831086614	23.883472146621916	22.687893644585234	27.975588435202297	0.005862664929157082
62.0	25.397802067913034	21.895604421791727	25.048876297926654	27.657455077177367	2.621351912204728E-4
63.0	25.980074314433505	23.94368345187279	22.793484940878013	27.279993079936034	0.002764212879659277
64.0	25.380368216367376	21.80826934691632	23.675398506192007	29.13594014301526	2.3787509036279993E-5
65.0	24.359479044145193	25.9122138720968	23.5506440590886	26.172501513369383	0.005161511300022953
66.0	23.984972778323506	24.108606045614444	23.623016052345534	28.282834289084928	5.708346315857072E-4
67.0	27.013744255389284	24.770388001882704	21.402333115238502	26.81277355501472	7.610724747912581E-4
68.0	23.362069929125276	22.65729439349801	26.884163907282797	27.09632907409561	1.4269599830477153E-4
69.0	22.90452081810829	24.939042356792644	25.137188882962036	27.0160374547351	0.003210487401928528
70.0	26.110546849675764	23.33589249707493	24.553937284894293	25.99929090662551	3.32461729499163E-4
71.0	24.56492829102757	22.96039960755706	26.111931530506137	26.361508559752895	0.0012320111563348711
72.0	27.43310022647374	25.85735471093802	21.629781770285508	25.07803394263297	0.0017293496697652821
73.0	25.369488291138413	22.904116974207415	22.759507565286825	28.962694562425668	0.004192606941677995
74.0	25.013950245230625	25.276896972820467	23.785949710905445	25.92237410910276	8.289619406993787E-4
75.0	25.74641163963071	24.862578219695802	21.9039068283882	27.48468762566899	0.002415686616290917
76.0	26.501623184396966	24.14622963677993	25.667982770657826	23.68319343413149	9.709740337861073E-4
77.0	24.06899711919977	24.969919141040805	24.145960544995777	26.8141759526	9.472421636431881E-4
78.0	27.529329636388994	25.69295802196902	20.633647545185863	26.143472792815064	5.920036410591939E-4
79.0	27.403833744921062	20.74503969499017	23.279613419314874	28.568221701853886	0.0032914389200102197
80.0	24.182736169540703	23.632404187372387	27.82484374071365	24.35736392827452	0.0026519740987372576
81.0	25.110141754752842	25.025400025240202	21.80291758742498	28.060901340406275	6.392921757030615E-4
82.0	22.967247721366498	22.632011107154494	23.962587224499384	30.43678070567556	0.0013732413040678248
83.0	25.628566632502288	22.43056260901291	24.002834483628916	27.936923505639726	0.0011127692161629966
84.0	23.07879698692754	25.70581302909048	25.315660959745685	25.89852163615763	0.001207388078676248
85.0	25.374326822488513	27.008394285948313	21.559956090917463	26.056494238057393	8.285625883158944E-4
86.0	25.507355954134088	24.855926319494763	22.865348247005908	26.769499391748084	0.001870087617155663
87.0	22.467051490050473	22.01101068924036	25.948357036440186	29.57268129550999	8.994887589942957E-4
88.0	24.574494952782413	26.958558777770232	25.64713668305954	22.81900481513576	8.047712520560131E-4
89.0	25.96883115407665	26.12885527722209	23.034479624557513	24.866910864598903	9.230795448413108E-4
90.0	23.74860921077016	25.576747069135802	25.364918715898888	25.309582996360575	1.4200783457223335E-4
91.0	26.514506588546528	25.297831839588646	23.86834314450119	24.318821419704744	4.970076588880234E-4
92.0	25.53758306940213	24.37858135293228	22.70610595160421	27.377729626061374	0.0
93.0	26.13436474935081	26.404855871775375	21.219046456081163	26.241330617536203	4.023052564494857E-4
94.0	27.723266886130094	23.80222165901006	23.454331657658823	25.015636236881356	0.004543560319667865
95.0	23.623875300615936	26.206042868430373	24.054552076039535	26.11292676341434	0.0026029914998129395
96.0	25.950011819466695	24.61951137212532	23.884882417011134	25.544292948617382	0.0013014427794653153
97.0	25.398835891124893	25.15590110067183	23.031907581141333	26.413118809948426	2.3661711352202915E-4
98.0	28.16272265371571	22.67188717790009	24.422831124127686	24.74248806196092	7.098229559583249E-5
99.0	21.679866716595114	22.552013858219137	26.759084757638472	29.008940046359648	9.462118762364328E-5
100.0	22.470155446199378	24.842864887930947	24.526323856814265	28.160655809055413	0.0
101.0	23.48712133683778	22.28627493277777	28.528765059955987	25.697767711000225	7.095942823731103E-5
102.0	25.00148435794245	24.042482679139532	24.69493783083145	26.261071476979915	2.365510665259661E-5
103.0	25.847754695398695	25.59778757336043	25.42686947874948	23.12746998644198	1.1826604941250157E-4
104.0	25.5021722717459	27.226791414606826	22.90448154042072	24.366294592594976	2.6018063158611787E-4
105.0	26.825005369471693	23.66503579805488	21.073922723131115	28.432771849018973	0.0032642603233415425
106.0	25.777241106887654	23.592890713885296	24.82698671384745	25.802763198043383	1.1826733621747945E-4
107.0	26.050146069948475	24.1674509652727	22.729056388842437	27.052376797313194	9.697786231934621E-4
108.0	23.434067701366253	24.216572663269805	25.09980568636985	27.249317442628286	2.3650636580534203E-4
109.0	25.55774946273712	24.461016602824202	25.58823397251475	24.39205397248164	9.459894422848295E-4
110.0	24.241781427875146	23.954946396683695	23.321066754829005	28.482087177133224	1.1824347893125869E-4
111.0	24.400858269833773	24.14483409865468	24.840256856616293	26.613152112554143	8.986623411052647E-4
112.0	25.60611714693951	23.727427129018846	23.727569018676935	26.93869751915392	1.8918621078465453E-4
113.0	27.831599956488223	21.9310007236198	23.251725100148036	26.98475195921244	9.222605315058386E-4
114.0	25.811489562263763	22.453909152331377	27.216509863544275	24.517713041654222	3.7838020636383476E-4
115.0	27.208431759678575	23.661015409852503	26.00522585949022	23.124475545645385	8.514253333093672E-4
116.0	26.877026878729744	24.634263095954378	24.682676407036983	23.80584441139631	1.892068825895611E-4
117.0	25.84746564443528	26.4949613730495	24.34434464738126	23.31240054719148	8.277879424881318E-4
118.0	26.52698593196199	24.952118720031333	24.686944646922566	23.833595937340206	3.547637439022025E-4
119.0	26.885544294432794	21.221366679627522	24.745111061285925	27.14724477757942	7.331870743376009E-4
120.0	25.066997529174166	23.97389301823189	24.917901271504427	26.0410662747529	1.4190633661460202E-4
121.0	27.60995534616185	23.813977029762917	23.696595144841158	24.878691983122366	7.804961117102799E-4
122.0	26.246493074131838	24.298153622155965	24.52662709298019	24.92830048376774	4.257269642687359E-4
123.0	24.139232665510438	28.050075246262107	23.290273187804406	24.519543806380003	8.750940430456395E-4
124.0	25.14070109779495	24.601311412753493	23.161023170625565	27.09672780664277	2.365121832155818E-4
125.0	26.15538710783676	24.06780743351111	24.117403592587774	25.65824296678216	0.0011588992821919752
126.0	23.68631487478853	24.042362420640824	25.151611118692685	27.119427769579957	2.8381629800900505E-4
127.0	25.74242930593388	23.17932373141399	28.05561251555954	23.021546491307117	0.0010879557854768782
128.0	26.081292444523076	23.939603866491613	24.45059967800523	25.51923252946593	0.009271481514155919
129.0	24.538191801713033	26.361844006722713	22.024860609632707	27.07193427520084	0.0031693067307087376
130.0	25.958469381842093	24.39010256707423	24.06235623994049	25.589000855021272	7.095612191680868E-5
131.0	25.9777826606171	24.728551057377803	24.200684065290133	25.092059785821007	9.224308939608923E-4
132.0	26.697426766584957	25.45910726331295	22.111321034969826	25.725971786107245	0.006173149025020885
133.0	26.436111750363228	25.906503523744266	24.23832748624596	23.416952240889437	0.002104998757104666
134.0	26.775288613522186	22.891023989967973	20.93421591325949	29.39925861961718	2.1286363317068186E-4
135.0	25.97585111435291	24.174145196050052	26.19313526819586	23.65618253477209	6.858866290895399E-4
136.0	27.690569463237814	26.25296268991549	24.755942468292922	21.29423398633727	0.006291392216507146
137.0	28.765640994590342	21.579629289743217	24.315916397192805	25.338576799577673	2.3651889596763666E-4
138.0	25.095252082774593	24.287708354323083	26.626664339464945	23.9891454013879	0.001229822049479525
139.0	25.647487705839822	23.992917125783457	25.28726579722423	25.071099541249797	0.001229829902699169
140.0	26.998547852287725	21.67564601652705	25.122462880361002	26.20303579283954	3.0745798468386225E-4
141.0	25.704831525593935	25.467828104050678	24.96638647711123	23.86055183175666	4.020614874997901E-4
142.0	28.935970538505728	22.96635678425832	23.284816597657183	24.812524966516193	3.3111306257587516E-4
143.0	26.94444089682043	25.40510318619208	23.923520794516413	23.726816868337266	1.1825413380975559E-4
144.0	27.890109224764803	25.536202255258907	22.79796753293748	23.77508241169567	6.385753431396432E-4
145.0	28.05548355114405	22.297792691625816	22.781457360879592	26.864391306239916	8.750901106303108E-4
146.0	27.194616453279007	21.442515412207065	25.202512119980835	26.15534199182525	0.005014022707846615
147.0	26.055132011971953	24.9405954995193	26.072515233969888	22.928091405001876	0.003665849536979553
148.0	24.43280494383925	24.756470412104072	23.540779602145722	27.269542973006278	4.020689046767945E-4
149.0	27.778690992499367	24.93449096898967	23.958129091875367	23.32656030224858	0.0021286443870130933
150.0	25.938712986433355	23.898548301147862	24.88862787412224	25.27406353396912	4.7304327423524864E-5
151.0	26.40629372068386	24.026067254785136	25.906179359496935	23.660868345556697	5.913194773776542E-4
152.0	27.438683152490402	24.077852421380985	23.196589048567645	25.28663884758813	2.3652997284162851E-4
153.0	24.829360516754328	23.410670345829825	24.766372272115838	26.992650740709117	9.461245908898137E-4
154.0	23.20262705614261	24.28444510464087	24.909513404221396	27.60078889267871	0.0026255423164095446
155.0	27.505639509093598	23.701528907289664	23.5893656661245	25.20330031051309	1.6560697915126422E-4
156.0	25.806988888110787	23.773760156561995	25.678925831782916	24.740159514566965	1.6560897733144318E-4
157.0	25.05410145451113	23.002445596306032	26.424718952791736	25.51854472706298	1.892693281246414E-4
158.0	25.12724541158239	20.94208804793366	25.9728273406401	27.957720903547113	1.1829629673443072E-4
159.0	27.1376837654238	21.39377804865584	24.362014335927075	27.105979675312263	5.441746810189978E-4
160.0	26.616466174646327	21.40671791609123	25.73401420885604	26.242659739610772	1.419607956334752E-4
161.0	24.42075719998694	21.138771730329783	28.609765227024187	25.827417042985797	0.0032887996732967923
162.0	25.588214556290247	23.961382101317565	24.52511975816965	25.925236263005647	4.732121689348515E-5
163.0	25.348837759563875	24.26091729921066	26.927823733176854	23.462397546801945	2.366124666376422E-5
164.0	25.470194920953116	23.852794431722298	24.649415341252457	26.02589165842054	0.0017036476515926975
165.0	26.556784010918854	21.965938206623438	26.645778929145752	24.830765313704127	7.335396078260631E-4
166.0	25.23662978699237	23.164860544664396	25.85436728937352	25.743976733977693	1.656449920194609E-4
167.0	26.855613857105432	23.646748929356836	26.302715435506897	23.194353828958825	5.679490720067132E-4
168.0	25.711467515714347	23.999662059585898	23.746467067257004	26.54221403508191	1.8932236084037355E-4
169.0	26.59422954860751	22.346902986611155	25.592728646220124	25.46590215782526	2.366607359486238E-4
170.0	30.928874685615305	23.246350510506076	22.99429841595317	22.830310719882082	1.6566804336810707E-4
171.0	25.49764861532199	23.414608169612112	26.616609509203183	24.470139663019477	9.94042843246544E-4
172.0	27.190845721783635	24.31721122832396	24.30064385544541	24.191015182340507	2.8401210648939265E-4
173.0	28.411874874115078	20.107481759555835	23.455979270495842	28.02305466228049	0.0016094335527606636
174.0	24.219233175249784	25.73746485487154	23.695112475062018	26.34769245116132	4.970436553442489E-4
175.0	25.453856457355045	24.1208620710468	23.355059553607717	27.06847037610102	0.0017515418894261073
176.0	24.421204767032123	24.921185002628548	27.331022042162324	23.325191661457307	0.001396526719698388
177.0	22.499556739792173	26.45713064233553	23.98453169825354	27.03248120848948	0.026299711129275507
178.0	25.380974630410464	23.37319773472113	23.594532503381206	27.650940086943308	3.5504454388847625E-4
179.0	28.490999761155113	24.085104529554865	22.44287429112896	24.980050888874633	9.705292864313615E-4
180.0	26.200765101865308	22.588772574953293	25.50754722576436	25.702772752883963	1.423445330802764E-4
181.0	27.75911588559917	22.25917646416006	26.020202356149674	23.960673823647493	8.314704436013599E-4
182.0	25.76800636830926	23.255771992496868	25.41056055793454	25.565613599084735	4.748217459812868E-5
183.0	23.975927184219387	24.835199168861557	25.844682902925747	25.343810881816804	3.798621765058093E-4
184.0	26.64615802480743	21.778928806901806	26.019644895169215	25.55189685943318	0.0033714136883669374
185.0	24.9841002523306	24.058745620892566	24.610886466424407	26.34562668508244	6.409752699870927E-4
186.0	27.12873148856883	23.165452356034862	25.301804941699796	24.40398747196101	2.3741735501871798E-5
187.0	24.579861163138663	22.615300785847936	28.13207649037235	24.67207182394685	6.89736694206188E-4
188.0	27.149677513883695	28.11532815186294	22.38076957108728	22.353749049762474	4.757134036057173E-4
189.0	25.527394795189917	23.625027028351404	24.13792939397738	26.708792438674482	8.563438068145461E-4
190.0	28.845398082974672	21.305591688639915	25.098011321735008	24.750808593404315	1.9031324608739754E-4
191.0	26.715664256580634	24.074236019090378	24.56441048841355	24.645284152741137	4.0508317429847337E-4
192.0	26.51714049243691	23.808425318613146	23.899221039441805	25.77516548771243	4.766179571058137E-5
193.0	27.535093372586555	24.25201350727799	21.96017126252245	26.252388179797048	3.336778159547571E-4
194.0	27.693362676085716	23.283464478720028	24.312741048621238	24.71043179657302	0.0
195.0	26.383794317998966	21.70946344603172	24.5719904882802	27.333774352922944	9.773947661702216E-4
196.0	28.66376498063923	22.554737617446825	26.002322049866233	22.778888561203793	2.8679084391551715E-4
197.0	24.53265359440879	24.3622965761036	24.179964131087182	26.92410567345999	9.800249404395818E-4
198.0	27.173801411060815	23.452811384628863	23.923827325915024	25.449368359842296	1.9151855300072464E-4
199.0	26.01310255642791	23.264208666221535	25.646685699813503	25.07516366203885	8.394154982002932E-4
200.0	27.4056308819921	23.87249600461673	23.87431890198257	24.84745826944198	9.594196662322894E-5
201.0	25.488121914981704	21.546806404892564	27.967458379088388	24.99715754947663	4.557515607092262E-4
202.0	25.247087723338513	25.047234536626554	27.965148636459592	21.740529103575334	0.0
203.0	25.890402445131755	24.7254038045248	22.647536139098186	26.735649764679824	0.0010078465654388775
204.0	25.691630547995835	23.839786695849593	24.002524707090778	26.4659140543628	1.4399470099500338E-4
205.0	27.6233610481036	24.37645366942102	24.950709341476802	23.048323925607647	0.0011520153909256228
206.0	25.48543124200549	21.631096979194893	26.07067307611528	26.812606678458557	1.9202422577632396E-4
207.0	26.19991611924511	23.441141949812227	26.400015172477705	23.958590659275366	3.3609918959283267E-4
208.0	28.17223164412254	22.645952946312136	21.901592139741975	27.280199258184428	2.4011638921618084E-5
209.0	27.069060835842603	20.97978478798932	25.069706385417113	26.880439319540795	0.0010086712101700956
210.0	24.804363502197173	24.476697289841795	24.801000605801764	25.91736210563434	5.764965249269892E-4
211.0	25.27809707976441	25.41284465392363	25.22091105506774	24.086897768687816	0.0012494425563979149
212.0	27.894171932148303	22.42603585856097	24.504111222356972	25.175176173780727	5.048131530268957E-4
213.0	29.652161823861796	23.318367637536717	22.501676485048254	24.52716867892978	6.25374623452318E-4
214.0	27.291944635875282	25.280721319414873	24.216809844629303	23.210500129140595	2.4070939948541142E-5
215.0	26.017271592143786	24.85950366969467	23.051385374872385	26.071236271211955	6.030920772035055E-4
216.0	26.041181618935937	24.4309491129569	26.195478603452603	23.33229314720503	9.751744952862503E-5
217.0	29.146349977040785	22.95023898228257	25.34974695704415	22.552705401363394	9.586822690976882E-4
218.0	24.27903576969764	24.60510866572302	25.026796175514765	26.088637304298533	4.2208476604213845E-4
219.0	26.25298484804455	22.90617231002939	24.557721424871012	26.282194523411327	9.268936437141079E-4
220.0	27.646196699847398	21.890448464658103	24.659175769785172	25.803625340383768	5.537253255590297E-4
221.0	25.771676984755793	22.830349933012258	24.047762791921322	27.349754074137156	4.562161734716378E-4
222.0	25.86204336470457	24.825696866921344	24.038292671562566	25.27381349193549	1.536048760331848E-4
223.0	30.51807428756408	22.720785980572504	23.82946097099176	22.930566075036946	0.0011126858347071554
224.0	29.88311222586021	22.989364733137474	24.322159374868633	22.80513012931193	2.3353682175068544E-4
225.0	30.41240867433599	19.88325037268989	23.891438456376033	25.811545124908214	0.001357371689872937
226.0	25.129580750398794	22.597511574913433	25.456950973843345	26.815692990337382	2.637105070441032E-4
227.0	27.321927151047547	23.705481787761887	25.52931648159594	23.441356380144505	0.0019181994501161577
228.0	27.419633751013862	28.334346081467782	22.59947908162036	21.64632693651274	2.1414938525742095E-4
229.0	27.009577623409598	25.754864188900918	22.044418338853802	25.19108591166494	5.393717074728332E-5
230.0	25.56901681161312	22.864718455789973	27.474505196860672	24.091732341279553	2.7194456681949954E-5
231.0	24.56358625493038	25.276058633937847	24.284687469139996	25.87382463788408	0.001843004107698558
232.0	24.935335782213624	25.360961764211947	24.220979122359445	25.482335996077953	3.8733513702395473E-4
233.0	22.369347370116234	25.310859345687	22.515180202521993	29.804053906703892	5.591749708809634E-4
234.0	27.275490939932507	21.63800207040219	26.131035964651588	24.953995004807002	0.00147602020671663
235.0	25.507718774831613	22.53883976370446	27.210539832524773	24.742470243770008	4.3138516915043867E-4
236.0	28.815810504991806	23.497486992423568	23.67997591658614	24.006173412807822	5.531731906651151E-4
237.0	27.554845782186792	24.18792701390511	22.609707746108	25.64728408711775	2.3537068234549238E-4
238.0	27.23207133527927	23.05541146012315	23.802140129846695	25.910347296131103	2.977861978479587E-5
239.0	27.055700595034278	23.706889002826912	24.110392657399036	25.125507965294396	0.0015097794453795012
240.0	25.375732866484668	22.17968541323369	25.57835324889207	26.86597913081747	2.493405721057092E-4
241.0	29.460374626278767	21.741681386654015	23.214814028824126	25.581007783388365	0.002122174854724648
242.0	26.6075618888307	24.658855164111905	20.630120924560895	28.102242615159735	0.0012194073367674764
243.0	27.784960380844996	22.899276519778258	25.02749851232422	24.285320554981364	0.0029440320711578813
244.0	26.700370863329788	22.80889507081616	25.59000912957118	24.89940681325241	0.0013181230304652753
245.0	28.862798876880312	21.084273903626872	23.17171589511136	26.87875909799568	0.002452226385767278
246.0	24.241433497215763	27.340647724591843	22.952485434685308	25.462220580143168	0.0032127633639144307
247.0	25.681167966346692	23.61224446632412	24.387348946329524	26.182773007777243	0.13646561322242254
248.0	25.70677140350567	23.264200530426187	23.846961426537998	27.17141639972594	0.010650239804212565
249.0	25.566145492113883	21.41823829767263	28.307940528641346	24.69128129282915	0.01639438874298482
250.0	27.27732135666246	22.35286788867951	24.495453287137845	25.873594676225288	7.627912948986107E-4
