# Position (bp)	A	C	G	T	N
0.0	22.882932670166714	25.12848853274385	26.826931933314913	25.16164686377452	0.0
1.0	22.928014132194907	29.068526424260266	23.680627116148976	24.25106727513617	0.07176505225967908
2.0	24.45436507936508	26.67364785420341	22.96443268665491	25.905717225161666	0.0018371546149323927
3.0	24.137171390806287	22.91452489352328	25.442429137905716	27.496695550007345	0.009179027757379938
4.0	25.68105519986792	25.05182440241419	24.387738254664196	24.879382143053697	0.0
5.0	26.97601114226547	25.6107171000788	22.748181135118294	24.663258013084832	0.0018326094525995566
6.0	23.96115297388251	25.252395932401782	24.828078133001682	25.952886092618332	0.005486868095690979
7.0	24.691200350307433	25.21301246145706	25.295115765658927	24.800671422576585	0.0
8.0	26.090203650406206	25.900761412073297	24.915297460745382	23.09373747677511	0.0
9.0	25.795187953516287	26.0116027424664	22.985432920508483	25.20777638350883	0.0
10.0	24.940949889167484	26.345434063737784	23.616410480031977	25.09720556706276	0.0
11.0	26.665259900119576	23.14482661602307	24.481254835760005	25.708658648097348	0.0
12.0	27.386379334162175	26.792374637380856	21.600013814062716	24.221232214394252	0.0
13.0	24.989364417595507	24.523100484982557	24.65923593976006	25.82829915766187	0.0
14.0	25.630273328954683	22.762256016436787	24.47835093214773	27.129119722460803	0.0
15.0	25.50211416490486	24.831527484143763	24.484672304439748	25.181686046511626	0.0
16.0	26.031523756798126	25.04966294330283	22.270166411567395	26.64864688833165	0.0
17.0	26.7920056370508	26.076164243161877	21.244635193133046	25.887194926654285	0.0
18.0	25.0404082020727	26.934047475675847	21.289576268500618	26.73596805375083	0.0
19.0	25.786104014886302	24.642823351310437	22.624341628031665	26.946731005771596	0.0
20.0	21.97912422029276	25.198257217189607	25.82359025796947	26.999028304548162	0.0
21.0	22.948857453754083	26.480646665630342	25.174879527436655	25.395616353178923	0.0
22.0	21.823898401738514	26.82829092366259	26.520043771095665	24.82776690350323	0.0
23.0	24.054998620435942	26.82945522548208	23.55682271069009	25.55872344339189	0.0
24.0	26.061749623385122	22.797754005812802	24.87940715492186	26.26108921588021	0.0
25.0	23.27051598530917	26.90709856102113	22.057318321392017	27.765067132277682	0.0
26.0	24.077922466249046	25.883953533571546	21.364390688773604	28.6737333114058	0.0
27.0	24.281050136410396	26.875083858848786	21.069815286909073	27.774050717831745	0.0
28.0	27.1938865657577	25.320984745862535	22.94451970080688	24.53766417339066	0.0029448141822251014
29.0	24.270839409671584	24.60041999650003	25.14583211806568	25.9829084757627	0.0
30.0	21.496732404140882	26.363426059799895	26.47041813660286	25.669423399456363	0.0
31.0	25.58554154505327	26.15922129085132	23.11828729996693	25.136949864128482	0.0
32.0	22.973668410669866	23.282442748091604	26.04425765503045	27.69963118620808	0.0
33.0	23.72093682256762	25.456580569291148	25.35456722254495	25.467915385596285	0.0
34.0	25.103372619616888	27.577283339427865	22.678686956766335	24.64065708418891	0.0
35.0	24.288660368419585	24.02251762673132	26.3871471170192	25.30167488782989	0.0
36.0	21.640138697414045	27.217278689894307	27.60997618749217	23.532606425199482	0.0
37.0	24.334484294943195	26.886556025840946	22.484127868122076	26.294831811093783	0.0
38.0	25.66258351893096	26.77895322939866	21.599387527839646	25.959075723830733	0.0
39.0	22.156963716580144	27.392798986792112	23.48610318575942	26.964134110868326	0.0
40.0	24.163987809460195	29.93779484824448	23.277529606590686	22.620687735704646	0.0
41.0	23.080348445631905	26.83337508001447	21.981019175642203	28.102474186635497	0.0027831120759232975
42.0	22.841120975148193	27.400996298666964	21.847605265354968	27.91027746082988	0.0
43.0	25.41007554572394	26.12101228487555	23.39413164155432	25.073389262211833	0.0013912656343475658
44.0	26.072924057148423	26.06735945912107	24.01402278702892	23.845693696701584	0.0
45.0	24.46765601746895	25.142213382661787	23.04621761081517	27.343912989054093	0.0
46.0	24.32827102803738	25.080663106364042	24.2962839341344	26.294781931464172	0.0
47.0	24.212546412827322	26.519628975510717	24.430877915142748	24.836946696519213	0.0
48.0	22.673488967061083	24.674295407460964	23.905396198606805	28.746819426871152	0.0
49.0	21.800789722484843	26.373672209554528	25.12096101440409	26.704577053556534	0.0
50.0	24.769915195328792	27.05686083692479	22.108994856110105	26.064229111636312	0.0
51.0	23.466366403936778	28.609755758510918	22.308408746542113	25.61546909101019	0.0
52.0	21.691013108198177	27.42168407020662	22.210342146189735	28.676960675405468	0.0
53.0	22.10048955025171	27.428682374804108	24.74100988808299	25.72981818686119	0.0
54.0	22.70331743037834	29.818040608010648	23.84888494396982	23.629757017641182	0.0
55.0	23.08832492935114	30.72394303762398	21.583919765057903	24.603812267966976	0.0
56.0	25.45640911987146	26.632407125245866	24.572679170014126	23.33850458486855	0.0
57.0	21.31944540631882	28.603681593418006	24.39990581326094	25.671426790586864	0.005540396415363519
58.0	24.190420787279425	26.964735865259428	22.080944070472867	26.763899276988283	0.0
59.0	26.317757527075315	23.521591003517713	25.911974074176662	24.248677395230313	0.0
60.0	21.904537843036852	24.360979255179284	25.67292655586155	28.061556345922305	0.0
61.0	24.020591450673233	25.937201610782836	25.10136584420796	24.935305758133484	0.0055353362024825985
62.0	24.15730337078652	23.42668954447335	26.338074943266733	26.077932141473404	0.0
63.0	25.653834444967206	24.73085545069604	23.45778097583926	26.157529128497497	0.0
64.0	23.892912428129147	23.528029632905795	25.08983856700575	27.48921937195931	0.0
65.0	22.099065730554482	27.2831555088728	25.09812593288739	25.515506661506993	0.004146166178340427
66.0	23.778659185450323	24.938155585345292	25.101231360300723	26.179189872717977	0.0027639961856852635
67.0	24.837621956275395	26.320444432160528	22.278267599016058	26.56366601254802	0.0
68.0	22.381748587063164	24.61481061809941	27.501485483714955	25.501955311122472	0.0
69.0	24.247281369609375	26.242555719832527	25.18964778709704	24.320515123461057	0.0
70.0	24.28981586284957	25.42859509151644	24.57692626231952	25.70328244485548	0.0013803384589901443
71.0	23.905645039061962	24.15641318875126	27.106383565041263	24.831558207145516	0.0
72.0	25.242129916649446	26.933939519184403	23.99118275125715	23.829992422676863	0.002755390232141627
73.0	24.355600865168693	23.93128246104674	24.713791725791122	26.999324947993443	0.0
74.0	22.63072345583779	28.60901427075872	24.37186621852444	24.387018568516172	0.0013774863628850074
75.0	23.963082856946073	25.555479027481233	23.08147944073283	27.399958674839866	0.0
76.0	24.82368174555072	25.69287564053116	26.454625599206565	23.02743952834867	0.0013774863628850074
77.0	22.44473521107362	26.915501687211624	25.478961504028646	25.16080159768611	0.0
78.0	26.16725890422279	28.661543123157866	20.575434537090597	24.595763435528745	0.0
79.0	27.117220102744916	23.141019460933517	22.417948682633906	27.32381175368766	0.0
80.0	23.361564415065757	24.89705983612201	28.396336845004477	23.34366177786959	0.0013771259381670452
81.0	23.68703698603729	27.29889014348269	23.532813747900086	25.481259122579935	0.0
82.0	22.318305747569607	22.702486849714962	25.568009694032114	29.40982071548566	0.0013769931976536037
83.0	23.0970478078872	24.321161048689138	25.633399427186603	26.948391716237058	0.0
84.0	22.827284242991684	28.114501294266674	25.2092856749463	23.84892878779534	0.0
85.0	24.70364710255669	28.204810485591945	21.974859912161136	25.116682499690224	0.0
86.0	24.286520643749054	26.019797073117008	23.796412296763357	25.895893277530735	0.0013767088398474606
87.0	22.09955398931777	23.269643742084686	26.530752711855076	28.10004955674247	0.0
88.0	23.252388425428816	29.03554417554583	26.073070675366868	21.63899672365849	0.0
89.0	25.671415789111435	27.975772592745546	23.20049556060293	23.152316057540094	0.0
90.0	23.36035676434559	26.98993847466725	24.66106010763492	24.988644653352235	0.0
91.0	24.705461352125084	26.044648755780663	24.66417088746972	24.585719004624533	0.0
92.0	24.474629453779777	25.850845684874006	24.29021647881315	25.384308382533067	0.0
93.0	25.555601425642294	27.056929364653428	21.813978450233247	25.573490759471024	0.0
94.0	25.94977640178879	25.110423116615067	24.458204334365323	24.47609219126247	0.005503955968352253
95.0	23.3546611627107	28.781561747506018	24.012383900928793	23.8500171998624	0.0013759889920880633
96.0	24.31621814979913	26.717021627868583	25.195366242914535	23.771393979417756	0.0
97.0	24.452790732868326	25.40619367975016	23.952013427435443	26.189002159946067	0.0
98.0	26.61778462554339	24.75650690584934	24.737247565069058	23.888460903538217	0.0
99.0	21.714733671659033	23.527389253345437	28.169052825569725	26.58882424942581	0.0
100.0	23.052591044119264	26.624216085377927	25.033006931455603	25.2901859390472	0.0
101.0	22.085619593767618	22.59444146485691	29.41953050868435	25.90040843269112	0.0
102.0	23.459676532071736	25.720651336780726	25.22967323137859	25.58999889976895	0.0
103.0	25.06016805798138	27.132699792334247	26.025607525476875	21.781524624207503	0.0
104.0	24.61733115123843	28.396572827417383	23.415345261507568	23.570750759836617	0.0
105.0	26.976181308102753	23.840695307772705	21.37218768909181	27.80956048187469	0.0013752131580394961
106.0	23.247115768051373	24.244049337898602	27.248600855300246	25.26023403874978	0.0
107.0	25.48812011879881	25.86349136508635	23.502639973600264	25.145748542514575	0.0
108.0	21.97978964734997	25.43617240668179	26.479686533305834	26.104351412662403	0.0
109.0	24.94363486389882	25.620016497113006	26.87792136376134	22.558427275226837	0.0
110.0	24.013307122334794	25.67257330602257	23.904705607412396	26.409413964230232	0.0
111.0	23.018338786395756	25.224766984685605	26.364411206730637	25.392483022188006	0.0
112.0	24.74464896966031	25.169432110306143	24.269001828354618	25.816917091678924	0.0
113.0	25.95779778678947	24.093752147913946	23.70334730909341	26.245102756203174	0.0
114.0	25.22611683848797	23.64536082474227	27.440549828178696	23.687972508591066	0.0
115.0	24.676610076293905	25.51103168602653	26.33308131143034	23.479276926249227	0.0
116.0	26.096997690531175	26.169855933135377	24.9601341691411	22.773012207192345	0.0
117.0	25.31753450266674	27.05641392203222	24.12849837796228	23.497553197338757	0.0
118.0	25.150861180222407	26.282148208222793	26.271151493491317	22.29583911806348	0.0
119.0	26.363973772114313	22.249714764870028	25.361870592601754	26.0244408704139	0.0
120.0	24.04365575730918	24.247089387087463	27.022308971697985	24.686945883905377	0.0
121.0	26.34053140163022	24.160492639276438	25.89105304394441	23.607922915148933	0.0
122.0	26.080741158197142	25.647757419142003	24.45052301686575	23.81960385424255	0.0013745515525559787
123.0	23.128204423306897	28.347376668361946	25.462192959546947	23.06222594878421	0.0
124.0	23.794534858148232	25.564932922806243	23.977347701781394	26.66318451726413	0.0
125.0	26.077215937985347	24.425141223524886	25.45322099591792	24.044421842571847	0.0
126.0	25.067348397383032	23.488097201605367	26.2452581230414	25.199296277970202	0.0
127.0	23.978063061824777	24.28182642878742	27.586112103801852	24.152623910712816	0.0013744948731341231
128.0	24.9656366835276	22.835111062238838	27.075544314932927	25.11133714537057	0.01237079393006378
129.0	22.552887324911683	29.006584282945468	23.783144785495335	24.653259838623214	0.00412376802430274
130.0	24.69067913115205	27.741270277701403	24.015672257354964	23.552378333791587	0.0
131.0	24.509547835411542	26.342127331967717	24.796876503663785	24.351448328956955	0.0
132.0	24.985908909693293	26.12969302044239	23.400833092753743	25.475316534004204	0.008248443106363674
133.0	25.294546254416478	26.284386642653875	25.84308280289803	22.576609521714623	0.0013747783169963843
134.0	25.390453145622526	24.05686317641883	23.01473823141223	27.537945446546413	0.0
135.0	24.15826883154378	25.860291186053864	26.623314131734883	23.358125850667474	0.0
136.0	27.387843207347423	26.165564461798635	25.431372279432995	21.005595809330018	0.009624242090935339
137.0	27.312975210020486	24.21250910890817	24.807853597503126	23.66666208356822	0.0
138.0	24.858042429158704	24.976283117704483	27.60232631680255	22.561973244606985	0.001374891727276477
139.0	24.74976626519276	24.705769125006874	25.805697629654073	24.73876698014629	0.0
140.0	24.639454472964243	22.78482752931795	27.15124352117904	25.424474476538762	0.0
141.0	23.534425868895735	27.010008798944124	26.8519027716674	22.60366256049274	0.0
142.0	27.47057853057633	23.944126704795423	24.245215574131105	24.34007919049714	0.0
143.0	23.916958823125043	28.106138722760704	24.18917989963566	23.787722554478584	0.0
144.0	27.29809992575687	28.04878048780488	22.87238430445184	21.780735281986416	0.0
145.0	26.91313553496302	23.676684906646138	23.829295790139412	25.57950889542717	0.0013748728242637556
146.0	27.28497580290365	23.159095908490983	24.85564232292125	24.69753629564452	0.0027496700395952486
147.0	24.545604531580828	26.37693513350015	26.213325267412763	22.860010449033464	0.004124618472791266
148.0	23.787655882636017	26.147034964458072	24.73910712076006	25.324827102610993	0.0013749295348613384
149.0	26.8211192080297	26.731747559466516	23.394747696961364	23.051010587102983	0.0013749484394335212
150.0	23.923773906587286	25.082839504475395	26.06178933329667	24.931597255640646	0.0
151.0	24.96768871167331	25.517668087446722	26.20926715248178	23.305376048398184	0.0
152.0	26.918846079806396	24.732557819761848	23.581662679096883	24.766933421334876	0.0
153.0	24.57821716831438	23.864589492210595	27.04085140319276	24.51634193628226	0.0
154.0	23.603987624613268	26.552079752492265	25.50429700928154	24.339635613612927	0.0
155.0	25.66638241685693	24.29510631859819	25.715896899843205	24.322614364701675	0.0
156.0	24.105963908450704	24.405809859154928	27.545939700704224	23.94228653169014	0.0
157.0	24.40030809859155	24.8046875	26.739931778169012	24.055072623239436	0.0
158.0	25.41158347889474	23.33475456283439	25.793940060791947	25.45972189747892	0.0
159.0	25.989547517535417	22.478338605418788	25.366524549580525	26.165589327465273	0.0
160.0	25.345565076265007	23.279739227309612	26.39635798478826	24.97833771163712	0.0
161.0	23.65764427573307	23.040105627991416	27.996919183583653	25.301204819277107	0.00412609341475491
162.0	23.675125507186575	26.069733855993398	25.72450312908328	24.530637507736746	0.0
163.0	24.5395650798454	24.86967525411606	27.038774190886205	23.551985475152332	0.0
164.0	25.226266127479295	25.579763967978874	25.09559571951253	24.0969987070507	0.0013754779785975625
165.0	25.458396951815015	23.686708207815787	27.864207210553104	22.990687629816094	0.0
166.0	24.192195001169235	25.61866376879376	25.4948622364059	24.694278993631098	0.0
167.0	25.95226631817869	25.29334892358484	25.50656853978953	23.247816218446935	0.0
168.0	24.168764530284896	25.55679363900238	25.90345700411319	24.370984826599535	0.0
169.0	24.98039701209195	23.868873206498563	26.052027017732104	25.098702763677384	0.0
170.0	29.40779971112181	23.31934796065754	24.13783616479813	23.13501616342252	0.0
171.0	23.512256857512313	24.4463091864528	28.808429856659423	23.233004099375464	0.0
172.0	24.99140314438591	25.41092969835353	25.798819823661294	23.798847333599262	0.0
173.0	26.408010012515643	23.041164092478237	24.089177405823214	26.46164848918291	0.0
174.0	23.121570137675874	28.266879392630695	23.512179019901797	25.09937144979163	0.0
175.0	26.644383923413383	24.45737393744326	23.50004126433936	25.398200874803994	0.0
176.0	23.42438997551649	25.070837115897778	29.999174713212838	21.50559819537289	0.0
177.0	21.963632362245882	27.227586586338752	26.11620037963192	24.67882589199747	0.013754779785975625
178.0	23.126744681728802	23.15562217241237	26.39677672199227	27.32085642386656	0.0
179.0	27.47761994472023	24.992780627329108	24.33547393462686	23.19275037471982	0.0013751186039795932
180.0	26.038380470870244	23.331358745815482	26.090730000413288	24.53953078290099	0.0
181.0	27.085919183560886	23.377465177216937	26.28740863329196	23.249207005930216	0.0
182.0	24.97311012438291	25.124796602222897	25.139965250006895	24.762128023387298	0.0
183.0	23.46654531413757	25.198576865795136	26.474157427326382	24.860720392740912	0.0
184.0	23.940263107090654	23.399707658788163	27.708982597424086	24.945530764775643	0.005515871921453985
185.0	23.559660853381125	26.78431102226511	25.98745433239126	23.6685737919625	0.0
186.0	26.08611727722704	24.33647230762867	24.748721201174703	24.828689213969586	0.0
187.0	23.89260818552005	23.401200911035957	29.097936365518667	23.608254537925323	0.0
188.0	26.672740575088692	28.64538037851493	22.008254993719024	22.67362405267735	0.0
189.0	23.589580773849786	26.84869483593998	26.5229214692931	23.038802920917135	0.0
190.0	28.584641294294666	23.350036581493903	24.600709542938393	23.464612581273038	0.0
191.0	24.826280962051197	25.540497603160787	26.26162156188266	23.371599872905353	0.0
192.0	25.952584896797546	24.213202177336907	24.935757508772898	24.898455417092645	0.0
193.0	25.48323362394131	25.636597261560993	23.76860052226536	25.11156859223234	0.0
194.0	27.117473125708123	24.674606903031478	24.745074197916377	23.462845773344018	0.0
195.0	24.27663396434987	22.88931877849938	27.65372391875086	25.18032333839989	0.0
196.0	26.437751615179227	23.582308426601	26.732426711674943	23.24751324654483	0.0
197.0	23.82909246883345	25.713613659319524	25.501916344969764	24.955377526877257	0.0
198.0	27.625472730547052	24.350644852951362	23.941984013742086	24.0818984027595	0.0
199.0	25.26279295520732	23.070309249757315	26.95049230342532	24.71640549161004	0.0
200.0	26.327906138185448	25.276676004770753	25.189304634843147	23.20611322220065	0.0
201.0	24.384899170619402	22.716429502649024	28.18091037696597	24.717760949765612	0.0
202.0	24.36304628229844	25.673707715565662	28.912220357553984	21.051025644581905	0.0
203.0	24.43054129789418	25.74147545986738	24.744055711233802	25.083927531004633	0.0
204.0	24.955256184358397	24.17137228242019	26.371796828391858	24.501574704829558	0.0
205.0	27.885229070122374	24.9784943252768	25.025668063379303	22.11060854122152	0.0
206.0	24.563983738709364	22.966991799980573	27.097526119351212	25.371498341958848	0.0
207.0	25.72300860394116	23.193172356369693	26.758257008048847	24.3255620316403	0.0
208.0	27.18049078392183	23.371918720852765	23.28447701532312	26.16311347990229	0.0
209.0	25.120772946859905	21.690543617080348	26.642234438336388	26.54644899772336	0.0
210.0	22.945880654208203	24.312053980507038	27.601144031322022	25.140921333962734	0.0
211.0	24.60803510672277	26.381424544154203	26.25088530600342	22.759655043119608	0.0
212.0	26.899463844209237	23.45889935272384	26.671667083368057	22.969969719698863	0.0
213.0	28.399710958561464	23.088574525443985	24.724159973319253	23.787554542675302	0.0
214.0	27.263753527882432	24.94890653023204	25.79698861345531	21.990351328430215	0.0
215.0	23.7012896576697	26.33213559510877	25.73744463942508	24.22913010779644	0.0
216.0	26.881221528597944	24.304032394128562	25.82672515606546	22.98802092120803	0.0
217.0	27.32897270359044	23.332200702231283	27.10810963869068	22.230716955487598	0.0
218.0	23.345947875758657	25.17386647625848	26.93609425205284	24.544091395930025	0.0
219.0	23.911700920619875	24.59677998477602	26.38487942895716	25.106639665646945	0.0
220.0	26.26990198767268	22.24547829727038	26.876163806169433	24.608455908887507	0.0
221.0	23.48698971415251	23.398117660771	27.59841487222821	25.516477752848278	0.0
222.0	23.074659801397573	26.000735564545792	26.570062522986394	24.354542111070245	0.0
223.0	29.637075756898838	23.465725476179838	25.108341151766965	21.78885761515436	0.0
224.0	28.693236967461583	24.267176370451118	26.056117192049815	20.98346947003748	0.0
225.0	27.916240755216165	20.933798328422824	26.372437015212558	24.777523901148456	0.0
226.0	25.17722943986369	22.113365990202936	27.717771625034228	24.991632944899138	0.0
227.0	25.77905853860421	23.702080044145372	28.207054062753873	22.31027452903938	0.0015328254571651927
228.0	27.184720445191225	26.156526028579798	24.707496415963988	21.951257110264986	0.0
229.0	25.75635211530099	25.402248866248367	25.2484935081071	23.59290551034354	0.0
230.0	25.342605209165374	23.925198515246908	28.150793277890024	22.581402997697694	0.0
231.0	24.354062440630738	26.035399911341905	25.907162307643596	23.70337534038376	0.0
232.0	24.10145296966607	25.914478715268928	25.936783074177928	24.047285240887074	0.0
233.0	23.084247901872175	25.8166559070368	23.71530019367334	27.383795997417685	0.0
234.0	26.958623167107543	21.855915874726495	25.61803990725319	25.56742105091277	0.0
235.0	23.842523842523843	23.205623205623205	28.408078408078406	24.543774543774543	0.0
236.0	27.291870220006064	23.75930730096695	25.108655368754423	23.840167110272564	0.0
237.0	26.27462980908179	25.178082657554274	24.469152173543463	24.07813535982047	0.0
238.0	25.210113038225906	23.665544913279835	26.77366468202606	24.3506773664682	0.0
239.0	27.444850358297035	23.879443585780525	25.256428270338628	23.419277785583816	0.0
240.0	24.361065796628605	22.664491571506254	28.51731013231829	24.457132499546855	0.0
241.0	29.01557225307634	20.3963846237613	25.52905731605503	25.058985807107337	0.0
242.0	24.98818224791826	24.50638158612414	23.79186211410494	26.71357405185266	0.0
243.0	27.889904914568834	23.81871835039528	25.656672374221284	22.6347043608146	0.0
244.0	25.255125326323093	22.489365974770433	27.381930372236525	24.873578326669953	0.0
245.0	26.52262207504711	21.974423242283976	26.0359684589912	25.46698622367771	0.0
246.0	23.601744612226945	26.636490250696376	25.70554170942677	24.056223427649908	0.0
247.0	24.074108077339748	24.175097776390444	26.585997319182535	25.050953893611943	0.11384293347533098
248.0	26.611020205548712	23.093894210439228	24.69526208380063	25.583276645033187	0.0165468551782464
249.0	25.882331270262306	21.888815207780727	27.82751252578839	24.381078691423518	0.020262304745063364
250.0	24.46263318954393	24.21008000589905	26.951295948088337	24.37599085646868	0.0
