# Position (bp)	A	C	G	T	N
0.0	24.145139981617955	23.19543821522181	25.691643986915913	26.967777816244322	0.0
1.0	23.17537303868413	30.22078629834402	23.87904508337856	22.646671711469942	0.07812386812334432
2.0	24.53137897284981	25.885277973117542	22.941628033830256	26.641270645376668	4.44374825721748E-4
3.0	25.899830738921725	22.14456560947862	24.81411803879131	27.135270124032296	0.006215488776048171
4.0	25.814639728802735	23.12063155163294	24.20959015457224	26.85502767307733	1.1089191475960295E-4
5.0	27.99955252463607	23.90404533235568	22.996357063188174	25.0994912736766	5.538061434823109E-4
6.0	25.670652653265584	24.102821433032	24.9111083356452	25.30845435162967	0.006963226427544314
7.0	26.08480767300163	25.594102714873724	22.935602696670863	25.38449403222016	9.928832336221153E-4
8.0	27.679502009110607	24.016108103467822	24.274414463395228	24.02986536592667	1.1005809967081623E-4
9.0	26.487657622141718	25.256000430465065	21.867076340563756	26.389045981795277	2.1962503417914594E-4
10.0	24.376600324288507	24.80390199378191	23.55666382164571	27.262833860283877	0.0
11.0	26.97942196138615	22.385658078490305	23.08222075318895	27.552699206934594	0.0
12.0	28.158235757901096	24.494229349795344	20.34311464134738	27.004315406294033	1.048446621485607E-4
13.0	25.395872910260515	22.882537234698564	25.48811111698396	26.233375099622446	1.0363843452071887E-4
14.0	26.06408044681749	22.099210365641277	23.80427967890115	28.03222462167622	2.048869638620373E-4
15.0	24.962576098635353	23.74621086157351	24.523597020643034	26.7676160191481	0.0
16.0	26.42578718385064	24.73446134722269	21.39688522018511	27.442667678053372	1.9857068818643405E-4
17.0	27.926911841707735	27.229700783087413	19.181901461743735	25.660903042296045	5.828711650720283E-4
18.0	25.087244426144302	26.265417842702565	19.850553841792273	28.796591030723345	1.9285863751158358E-4
19.0	24.75916877340981	24.80871284314789	21.77941943183706	28.65250692032718	1.9203127805456953E-4
20.0	22.133677390829558	25.611065742869748	24.104924831123736	28.15014145680017	1.905783767867914E-4
21.0	23.994760077918322	24.282936889372806	23.89504655345637	27.827161964063436	9.451518906345844E-5
22.0	22.751284145261128	26.624720883742643	26.194879508774093	24.429021916765123	9.354545701165295E-5
23.0	24.815599340584175	24.088247655560536	23.884626459945334	27.211246972474328	2.795714356272791E-4
24.0	28.428131610131015	21.810432978578103	24.048141134256955	25.713201988991884	9.2288042053815E-5
25.0	25.359264078157455	25.149992010774042	19.729644593576662	29.76100801205232	9.13054395215595E-5
26.0	26.11871026339691	25.465213442325158	19.807175295186195	28.608900999091734	0.0
27.0	25.547893011923307	25.33695408907095	20.09093569715405	29.024126592348754	9.06095029434497E-5
28.0	26.93164909813474	23.899541421405296	22.905879725588292	26.25961127100623	0.003318483865441757
29.0	27.34431394302742	24.183477169363815	22.094921112426793	26.376843288066766	4.4448711520750437E-4
30.0	23.503978243854835	24.764204011509865	25.36643345166149	26.365207815482194	1.7647749161952512E-4
31.0	26.27923392584034	24.2931092307125	22.557642567791802	26.86948749870501	5.267769503477606E-4
32.0	23.6483835410981	22.80528980205436	24.807800552782748	28.738265111265584	2.609927992086698E-4
33.0	23.56400775088129	25.46644189340985	24.802992682215592	26.166471399213524	8.62742797391756E-5
34.0	26.544990355448594	26.207666498004738	22.766192615347208	24.48097930081497	1.7123038448926687E-4
35.0	25.007859363573736	22.368892681343695	26.67031600996847	25.95276247096696	1.694741471425388E-4
36.0	23.99179090514245	24.91336678720106	25.991995793854862	25.10259251953004	2.5399427158252823E-4
37.0	25.063687960309494	25.5841095788385	21.577311682530116	27.774890778321886	0.0
38.0	26.506104634682316	25.1764459002189	21.005206433876257	27.312073798852097	1.69232370429351E-4
39.0	23.397156064513073	27.199532327600796	22.06588021901417	27.337346788220884	8.460065108661077E-5
40.0	26.25890274229839	25.853817394393598	22.790343590871412	25.09659792593595	3.38346500651317E-4
41.0	23.468607597506065	24.453986339509534	21.963095024645042	30.110420606433756	0.003890431905601207
42.0	24.40207289289997	26.343634091105134	20.526899743087114	28.727308706454618	8.456645316456124E-5
43.0	25.52150891321517	26.39312851231074	22.40885960565724	25.67328978053924	0.003213188277612703
44.0	28.871731918390537	25.090885725783817	22.93321632324544	23.10382785313543	3.3817944477698757E-4
45.0	25.691829242417715	24.786324786324787	21.686206188233683	27.832258511716528	0.003381271307292472
46.0	25.352748407317588	24.763263619051163	22.60353809209453	27.28036535547015	8.452606657103952E-5
47.0	25.360257339952767	24.40351526645943	23.395808928803852	26.838897143465672	0.001521321318275633
48.0	22.987250006336975	23.85989370780631	22.857806730712362	30.295049555144356	0.0
49.0	22.064208169644743	25.54167194694378	25.031385967135556	27.36112871203481	0.001605204241118574
50.0	26.6552792040265	23.94847595538953	21.446190859956175	27.94996950390198	8.447672581727009E-5
51.0	24.681928254264818	26.74429506449278	22.097993886468046	26.474009042756713	0.0017737520176429199
52.0	22.24181120214225	26.354906786527614	22.147548018997657	29.255733992332473	0.0
53.0	22.176725516804787	24.92246665476868	24.372998528465935	28.52654654189494	0.0012627580656566846
54.0	22.628699481354957	28.920964085451423	22.556555543676545	25.893528343644217	2.5254587285325486E-4
55.0	24.365227889114756	27.546276446385903	23.02481248139947	25.062253989551753	0.0014291935481159025
56.0	26.384684638488636	25.594336934254535	24.709756111912967	23.31122231534386	0.0
57.0	22.542834183965088	28.18020280674857	23.134073685555396	26.138098216026844	0.004791107704101188
58.0	25.66085182059928	25.227595921427298	22.019401123523735	27.091983042927215	1.6809152247215564E-4
59.0	27.769383076281784	22.456685581357824	24.723507106455646	25.047734943323157	0.002689292581586414
60.0	23.70104258975805	23.819617873734526	23.687531888611403	28.791723730497598	8.391739842638095E-5
61.0	25.582107586068016	24.02587704209634	23.223386670470468	27.163510349977766	0.005118351387408855
62.0	25.28703517250638	21.735216136394147	25.226456571351857	27.7512082158679	8.390387971539803E-5
63.0	25.931292432535834	24.288442241411133	22.744510408661185	27.033657411913158	0.0020975054786843104
64.0	24.671903916543585	21.952717301607116	24.12441386729042	29.25096491455888	0.0
65.0	23.545387528063532	25.9105988003887	24.124082699460512	26.415323526455115	0.0046074456321415404
66.0	23.94223085209577	23.78692663509205	23.616963174304274	28.653460502971217	4.1883553668748E-4
67.0	26.545396978560444	25.10285894252966	21.66470665098654	26.68611605303099	9.213748923666603E-4
68.0	23.477014719357285	22.400744427265067	26.659675795560574	27.46248130137411	8.375644296437504E-5
69.0	22.830500298155457	24.993299877387756	25.231321733187716	26.942365545289476	0.0025125459795914263
70.0	26.087760255690682	23.400113926560028	24.8560652509772	25.6558932737324	1.672930396894372E-4
71.0	24.199264493533853	23.440888216705645	26.192276681306687	26.166485544443386	0.0010850640104299691
72.0	26.908942221035414	25.98317700857839	22.192162622250407	24.91379885843987	0.0019192896959177544
73.0	25.018479615690737	23.05229856384603	23.605185305076347	28.319948473992547	0.004088041394339147
74.0	25.163585408473494	25.763044085694148	23.290475137937218	25.782144689156443	7.506787386929015E-4
75.0	25.68655382008153	25.047955350649527	22.057876687194337	27.20577932865845	0.0018348134161556991
76.0	26.922730509998317	24.057002656988313	25.932739666850697	23.086860000233507	6.671659291703292E-4
77.0	24.965248099798618	24.509533319713313	23.887709876877793	26.636841600547022	6.671030632538786E-4
78.0	26.975662918031723	26.732767383123722	20.90294101215645	25.388295153512814	3.335331752941971E-4
79.0	27.403800455254185	20.897751244444816	23.337947020419733	28.358166643042367	0.00233463683890172
80.0	24.07074850349324	23.94410818201524	28.0709652677038	23.911260067030163	0.0029179797575575677
81.0	24.397535370073804	25.85435474364564	21.91398138105643	27.833795041562077	3.33463662047917E-4
82.0	22.823857952650883	22.90188396132044	24.008502834278094	30.264754918306103	0.0010003334444814939
83.0	25.35542692909133	22.142247458497405	24.26597337298822	28.23501855488612	0.0013336845369280577
84.0	23.127821228305294	26.259926389694556	24.899735963034825	25.71159962394735	9.167950179691823E-4
85.0	25.2045230489997	27.36696314210071	21.45089905140639	25.97694808360424	6.666738889671305E-4
86.0	25.362030235565452	25.019663782645214	23.180350215301758	26.43578941755209	0.0021663489354894613
87.0	22.045082141330905	22.692099754171625	25.69227219223762	29.569879484951656	6.664273081918078E-4
88.0	25.527622620513185	27.055141957097188	25.418341559953824	21.99822751450556	6.663479302400353E-4
89.0	25.669192970767053	26.545098692429413	23.339885067044225	24.445073707004248	7.495627550595486E-4
90.0	23.787043251894946	25.64085054787288	25.59563167353139	24.97614142265407	3.331040467145115E-4
91.0	26.93755849311738	24.965611875476686	24.270438869072002	23.825641384317684	7.493780162465154E-4
92.0	25.54736868396733	24.330827318064124	23.084896470764544	27.036907527204	0.0
93.0	26.250297620534234	26.22973474725981	21.412361367106396	26.107356513602298	2.4975149726022604E-4
94.0	28.098119571886066	23.597212614327017	22.99901187827206	25.300661217429237	0.0049947180856244515
95.0	23.60545565325671	26.577747886625225	24.380387482561954	25.433911882510014	0.0024970950460963745
96.0	26.046161694931335	24.601538501230486	24.1834150466186	25.167636379070856	0.0012483781487217856
97.0	25.24014698393362	25.438854883321515	23.425564420302155	25.89518407940328	2.496330394320349E-4
98.0	28.23973309371672	23.317608493077742	23.83336661341853	24.60929179978701	0.0
99.0	21.87706642245972	22.213350035225353	26.83697938630528	29.072604156009646	0.0
100.0	22.409788252201185	25.28157775022226	24.739255219261803	27.56937877831475	0.0
101.0	23.420009129602946	22.126232974496148	29.068306558430706	25.3854513374702	0.0
102.0	24.79293290801757	24.511107176081225	24.882219290347845	25.813740625553365	0.0
103.0	25.24992977866568	25.758598166101294	25.59280933536546	23.398579617696775	8.31021707949055E-5
104.0	25.961190912029352	27.2687312886535	23.196460932910448	23.573367589517407	2.49276889290317E-4
105.0	27.260497302759063	23.975696579506288	20.914585708445372	27.846145920236122	0.003074489053157085
106.0	26.20825921103688	23.225447828843343	25.397393830975407	25.16889912914437	0.0
107.0	25.463728404621417	23.898774856390837	23.396205095653592	27.24062697841667	6.646649174901587E-4
108.0	23.459910075258406	24.72257702318211	25.252093233387424	26.565253571493823	1.6609667823253203E-4
109.0	26.033817808941418	24.02226844183179	25.969470148912936	23.973696337165133	7.47263148717821E-4
110.0	24.293280645536203	24.204785070314966	23.78081987082635	27.72103139683541	8.301648707433295E-5
111.0	24.58222339914216	23.898871955446015	25.24067136456949	26.277652199682727	5.810811596055621E-4
112.0	25.837251866577578	24.0946424347061	24.10277693619812	25.965328762518208	0.0
113.0	27.91071942869996	21.959345335569886	23.248737789781305	26.880201455639835	9.959903090142933E-4
114.0	26.325627103000766	22.71938022585834	27.25563691354602	23.699106758984286	2.4899861058775294E-4
115.0	27.246241116384702	23.342264676537628	26.648272747948532	22.762723428838942	4.9803029020225E-4
116.0	26.662737757782768	24.486343583081897	25.450531025237705	23.400221623663096	1.6601023453095883E-4
117.0	25.77970015554991	26.39924366553283	24.505502349849515	23.314889795294988	6.640337727576825E-4
118.0	27.27193496496415	24.161455419558653	25.18638474193329	23.380141869873487	8.300367042230608E-5
119.0	26.693084231303654	21.4330062402781	24.87835690937735	26.99530360554935	2.490134915509722E-4
120.0	24.765139554997766	23.87882047680945	25.662083173550204	25.693956794642574	0.0
121.0	27.493944741512262	23.616836191769497	24.655153236637346	24.233484790883995	5.810391969042232E-4
122.0	26.910776080675134	23.983156433832225	24.5230270939702	24.58279137369027	2.4901783216696146E-4
123.0	24.289473247339675	28.282035957966034	23.23513787207198	24.192771884389995	5.810382323156863E-4
124.0	24.940506576025832	24.212142717813993	23.256429730526122	27.590754966777475	1.6600885657249814E-4
125.0	26.693055796492164	24.15452000308768	24.516658103618145	24.63493607594359	8.300208584241721E-4
126.0	24.29811361159506	23.854135454423968	25.60913155747604	26.238453372333247	1.6600417168483446E-4
127.0	25.86483951560023	22.747615767063138	27.968525635172938	23.418106059977255	9.130221864391305E-4
128.0	25.659573337848627	23.53730181259203	25.05374362754131	25.74025103046662	0.009130191551418749
129.0	24.272619069357454	26.35818997644426	22.88583518287652	26.48086573561465	0.0024900357071120397
130.0	26.611795388123266	24.39110228684741	23.77869764824334	25.21832167263328	8.300415269775947E-5
131.0	26.003089429949544	24.766819422736443	24.47879357843475	24.75096555061494	3.3201826432472054E-4
132.0	25.951620279872937	25.765940298532243	22.329657085513226	25.94614201488926	0.0066403211923360735
133.0	26.704117705161057	25.480816718170146	25.06812486667613	22.745446652605928	0.0014940573867442248
134.0	26.017349326387627	22.961503951366772	21.538414290492895	29.48264942856455	8.300318815245693E-5
135.0	25.85640614456001	23.782820498135333	26.88166152461916	23.478779819932882	3.320127526098277E-4
136.0	27.920633958831193	26.029199491677506	24.788939088455916	21.254421052718953	0.0068064083164349025
137.0	28.564432454866157	21.416310437850175	24.27491180742893	25.744179290309194	1.6600954554886905E-4
138.0	24.636291803202493	24.16592796220489	27.49557607327948	23.701208155297255	9.960060158763359E-4
139.0	25.826160068591104	23.851094892934302	25.80482909909439	24.516836940923177	0.0010789984570322064
140.0	26.57528334225587	21.05061772969294	26.1969679992364	26.176715927341544	4.1500147325523006E-4
141.0	24.975618096808812	24.97694613238689	26.01032381657505	24.036862947558365	2.490066708887131E-4
142.0	28.23224647635395	22.79519484324641	23.849736343874323	25.122739334439476	8.300208584241723E-5
143.0	26.757664166932965	25.52724737403459	23.832436223589905	23.88256923377006	8.300167248370055E-5
144.0	27.38001762945281	26.117320522376293	23.01647905630967	23.485684784719812	4.98007141422408E-4
145.0	27.694458070529727	22.044792608215328	23.218683313454466	27.041069989384102	9.960184163805188E-4
146.0	27.163774993131533	21.612475628350715	25.463548976951	25.754639224888177	0.005561176678583079
147.0	25.630993179820504	24.53347299608983	26.9590067122784	22.873622082209017	0.002905029602251647
148.0	24.50447713622646	24.52381663827993	24.38022291058676	26.591068304133174	4.1501077367968477E-4
149.0	27.531335882646385	25.05841368760318	24.094909480572625	23.313265862584444	0.002075086593363541
150.0	25.613221055078046	24.160299482463092	25.53063096339889	24.695848499059966	0.0
151.0	26.609679325847175	24.544953482658098	25.5702607760195	23.274608371129364	4.980443458685561E-4
152.0	27.561590482538676	24.099706895793197	22.96638723124851	25.372232381581668	8.300883795097665E-5
153.0	24.85359218981259	23.32339710944705	24.904642964165678	26.917620652071957	7.470845027281036E-4
154.0	23.752930277654183	24.56170351234867	25.004482577714615	26.678393311329963	0.0024903209525643662
155.0	26.896789920096708	23.455402272893323	24.41351116188553	25.234047570023314	2.49075101124491E-4
156.0	26.27356395322288	23.924495717909227	26.144208695363385	23.65764860702321	8.302648129620943E-5
157.0	25.024555122617866	23.031169023100496	26.650548432332887	25.293395315472093	3.3210647665748115E-4
158.0	25.283496038776974	21.55034846474586	25.788965033966388	27.377107435409066	8.302710170653904E-5
159.0	26.874850549976088	21.55210492055901	24.714301370954885	26.85824499176364	4.98166746373346E-4
160.0	25.983005899945034	21.52317550883497	26.575408205456906	25.918327358109895	8.302765319017152E-5
161.0	24.273283570936325	20.45649664975631	28.963292621160917	26.303273856475062	0.0036533016713855143
162.0	25.28622919757848	23.44102752732348	24.963736136908434	26.309007138189607	0.0
163.0	24.34558560383818	24.253583554550655	27.863003302275725	23.537827539335442	0.0
164.0	25.29050215312872	23.959847014101207	25.01249694841957	25.73549316030803	0.0016607240424680353
165.0	26.703414052470485	21.931097821231	26.374082630134076	24.990824225373633	5.81270790810607E-4
166.0	25.453859989736145	23.400757000762315	25.496709089489844	25.648590879120697	8.304089099554403E-5
167.0	26.59626325461737	23.228060385167616	26.500432236093086	23.674745869259585	4.982548623446379E-4
168.0	25.6459125905515	23.357657565633488	24.56124615807512	26.434934547136606	2.491386032791623E-4
169.0	26.201484077517513	22.414138184475735	26.293917109246213	25.09021148312246	2.4914563808274125E-4
170.0	30.131037369485853	23.84144295580707	23.044405539812836	22.9829480335259	1.6610136834307242E-4
171.0	25.747974339978676	23.713344606379128	26.777830193380353	23.759771172673606	0.0010796875882436972
172.0	26.85200102978914	24.712614086518897	24.65298597327531	23.78231586290517	8.304751148131846E-5
173.0	28.121966107606895	20.32663264416309	23.543461741293324	28.0066937684006	0.0012457385360911215
174.0	24.173912176858828	25.652303544867074	24.25912253265774	25.91408038841305	5.813572033064276E-4
175.0	25.39022206571444	24.26868140903511	23.71754516808991	26.62155809769961	0.001993259460922979
176.0	24.47953954635682	24.300142023039292	28.21208773867761	23.006735712565302	0.0014949793609793775
177.0	22.581676708578566	26.48498198436153	24.63349928651759	26.276668377695493	0.02317364284681973
178.0	25.005024724968976	23.374356129250877	24.430129745873497	27.19007413338029	4.152665263619496E-4
179.0	28.03510025083473	23.6434160035881	23.75579328560275	24.56444459210286	0.0012458678715593283
180.0	26.053258446792327	22.470373594836957	26.264584314776496	25.211533947806924	2.4969578729914057E-4
181.0	27.589183784009	22.106328902962378	26.531311195366857	23.771926169742926	0.0012499479188367152
182.0	25.889984353937596	22.95272356456958	25.473505834365017	25.68361962239503	1.666247327755848E-4
183.0	23.947918081287185	24.611939216655017	26.0610382891083	25.378687837582266	4.16575367232015E-4
184.0	25.443384208548668	22.148256581715415	26.770516647684623	25.634759888923792	0.0030826731275051924
185.0	24.94839194464484	24.441558355006773	24.057517781661687	26.551532246912263	9.996717744340607E-4
186.0	26.801159700410725	23.476018695170414	25.331039481467286	24.39178212295157	0.0
187.0	24.167438445428985	23.17931132303739	27.901262379748527	24.750903189740768	0.001084662044337647
188.0	27.715569246994935	27.50680446366141	22.589484329290986	22.18772476424265	4.171958100190408E-4
189.0	25.081900457774744	23.544942198219967	25.228845649971714	26.14289314305836	0.0014185509752120734
190.0	29.380431127070743	21.873218832330107	25.1358381575247	23.610261528614263	2.503544601898855E-4
191.0	25.783622691085593	23.878575046090535	25.265636935276014	25.071496743158296	6.685843895573803E-4
192.0	26.296991899886578	23.389025269913233	24.53546171315184	25.77843753317235	8.358387600164827E-5
193.0	26.908663519659875	23.965930739658052	22.599348474298004	26.52538852047491	6.687459091558838E-4
194.0	26.964750730441107	23.310079042296618	25.173989190725592	24.551181036536683	0.0
195.0	26.504139403678394	21.723884802343683	24.868945359202584	26.902277967938225	7.524668371143398E-4
196.0	28.295105491095985	22.297672339239206	26.3353093989674	23.071912770697413	0.0
197.0	24.67477659731247	24.13536126257687	24.194979970793533	26.993877359628087	0.0010048096890448949
198.0	27.68293879440397	23.31837023234596	24.112759111404802	24.88593186184527	0.0
199.0	25.39763472960838	23.411456080209867	25.699278524490605	25.490958666148106	6.719995430403107E-4
200.0	26.948569066844087	23.70339008679348	24.50101309462606	24.847027751736373	0.0
201.0	24.79541782983703	21.323758582538122	29.398338140030734	24.48214941282124	3.3603477287829747E-4
202.0	25.45669312507141	25.036965595112477	27.92330647166755	21.58303480814856	0.0
203.0	25.26487840131767	24.53436192204911	23.277113901073967	26.92246928519807	0.001176490361182541
204.0	25.688215266927934	22.90005572116892	25.046875538406844	26.364853473496307	0.0
205.0	27.098272969638288	24.408129851704675	25.578674520166615	22.913409783927893	0.0015128745625271056
206.0	25.354675803032418	21.52355511323232	25.620377951008592	27.50139113272667	0.0
207.0	25.419118160091664	24.043423692880097	27.30642133658826	23.230280241530423	7.565689095572306E-4
208.0	27.727387378297934	22.57714103146177	22.177605138811817	27.517866451428475	0.0
209.0	26.14904278318137	20.88504400750402	25.931843236248024	27.03289273974987	0.00117723331671192
210.0	24.728099065125026	24.762833084952852	25.072579804143864	25.43623574054949	2.523052287735611E-4
211.0	24.887383313971533	25.372928420792302	25.593913693768418	24.14476512218122	0.0010094492865296565
212.0	28.053485700821724	22.484779379899102	24.81792057087318	24.64356189859091	2.5244981508051043E-4
213.0	29.99515074776143	23.22631864301758	22.579162359026515	24.199115684973716	2.5256522075884063E-4
214.0	27.619954174809624	24.544527933149134	24.5708942651122	23.26453938944673	8.423748231012871E-5
215.0	25.28963036362685	24.463574012522095	23.69221108284534	26.5542469272932	3.3761371251854764E-4
216.0	25.975905299367447	24.84058237955634	26.154637223651967	23.02878982455961	8.527286463956012E-5
217.0	28.789767333983324	22.760036594322724	25.412008263788373	23.03750059057739	6.872173281849302E-4
218.0	24.135317964479988	24.39521838650423	26.181958008890827	25.287159221701728	3.4641842322458393E-4
219.0	26.341638192447853	23.272976728334104	24.497033146612367	25.88730326572345	0.0010486668822259702
220.0	27.58834992363196	22.020944154772565	25.06592229771247	25.324520285809587	2.6333807341865484E-4
221.0	25.04447379385567	22.381530747734736	24.71124101125136	27.862489064002453	2.653831557772586E-4
222.0	25.333067955948547	24.18760158048298	25.029609511458677	25.44954244714245	1.7850496734697884E-4
223.0	30.292678572877534	22.756045291565126	24.42477205908207	22.525602500610816	9.015758644534783E-4
224.0	29.4392147542628	23.397604754705593	24.310574014850776	22.852516110026215	9.036615462191253E-5
225.0	30.06417738939279	20.407955634484107	23.499643458947816	26.027133455359696	0.0010900618155887923
226.0	25.123466609534724	22.512806413735206	26.219885043414454	26.143658032202925	1.8390111269368236E-4
227.0	26.762398209792288	23.822390595838325	25.70990835399315	23.7038171908224	0.0014856495538408685
228.0	27.283100872323107	27.826426626318113	23.379322110691902	21.51096393707937	1.8645358750686382E-4
229.0	27.796443551411183	25.194659218318126	22.31995255812992	24.688944672140778	0.0
230.0	25.84844046958904	22.91279805491177	27.85106614911395	23.387505746636144	1.895797490912021E-4
231.0	24.584903121636167	25.31149085037675	24.327810241427034	25.77416192526526	0.0016338612947870213
232.0	24.69689975334777	25.76917059565452	24.328466603442315	25.204980173178065	4.8287437733349046E-4
233.0	22.837405032461984	25.48082883245203	22.801580197358724	28.879990707018248	1.9523070900960438E-4
234.0	27.3487332591001	21.38978099873777	26.669628063732176	24.591064447073123	7.932313568321512E-4
235.0	25.68338538451174	22.045098508447172	27.774314402524197	24.496900055704483	3.0164881240862557E-4
236.0	28.604354828844624	23.81669351057106	24.138004852290567	23.4406409916614	3.058166323472446E-4
237.0	27.4742019143554	24.89444482766786	22.375740379061725	25.255612878915013	0.0
238.0	27.284257611065488	21.986318216115492	24.547588179138824	26.181835993680203	0.0
239.0	26.975547328874594	23.4840885525007	24.481708540378904	25.057599672246777	0.0010559059990243428
240.0	24.849958282411734	22.183953868843385	26.871355157187082	26.09462376835084	1.0892320696062861E-4
241.0	28.53003181333848	21.60067880088689	23.56706376082302	26.300698759203456	0.0015268657481478573
242.0	26.163653199260544	24.319715062526853	21.695981423965836	27.820103703072064	5.466111747002111E-4
243.0	27.321579664970034	23.241114603746617	24.990793471255902	24.44366262017808	0.002849639849363654
244.0	27.48346007082658	22.584236967084856	26.254261948554642	23.676833118291377	0.0012078952425398743
245.0	28.201585531393015	21.672305163600814	23.843080611974163	26.281377327187315	0.0016513658446901433
246.0	24.258735436344487	26.867373551905338	23.839456547510736	25.032559729597097	0.0018747346423392277
247.0	25.501184457094368	22.824554502704807	24.95933953258141	26.579570766891774	0.13535074072764558
248.0	26.295950555454784	22.854719042963133	24.41645172564825	26.423145497741462	0.009733178192371843
249.0	25.27671959081464	21.010709148063295	29.253467597279204	24.44323085939581	0.01587280444704921
250.0	27.18936792855618	22.677097416921654	24.449850565715504	25.682572226570837	0.0011118622358215328
