# Position (bp)	A	C	G	T	N
0.0	24.0852867000247	23.469516997602238	25.452752571611313	26.992395202926424	4.85278353237025E-5
1.0	22.874191992468603	30.323648542632387	23.827335788268613	22.90029424355773	0.07452943307266596
2.0	24.60507646376459	26.58198810617322	22.663515971282504	26.148550168207723	8.6929057196422E-4
3.0	25.44802123752387	22.07132442131897	24.68022607811217	27.792611835229703	0.007816427815289125
4.0	25.87508671921968	23.722714481519102	24.115391643039345	26.286517891277843	2.892649440296439E-4
5.0	28.409839539229093	23.956764201645058	22.551624833856646	25.080808275383816	9.631498853851636E-4
6.0	25.63780299879558	23.61543103178858	24.153021754129533	26.588214930511317	0.00552928477499417
7.0	25.691943255280243	25.501159954791508	23.53624067191029	25.269840599760908	8.155182570551923E-4
8.0	27.16804957402113	24.259013153737296	23.972394194661526	24.600447330474964	9.574710508627771E-5
9.0	25.990005681956657	25.5341588816533	22.35188085190164	26.123572282947105	3.823015412964514E-4
10.0	24.53787169840148	24.9957983995722	23.223486946391397	27.24284295563492	0.0
11.0	27.14788127214227	22.344867797812988	23.411300621138675	27.09576550120772	1.8480769834948246E-4
12.0	28.123723545952345	24.775765303218314	20.12982548012887	26.970685670700473	0.0
13.0	25.192193170103323	23.230365531349122	24.871001635418597	26.70612481356408	3.1484956487790137E-4
14.0	25.80220523303534	22.064519860221058	23.964926251259545	28.168259680981922	8.897450213205151E-5
15.0	25.15090587385927	23.601845345712835	24.299639720724347	26.947565198092192	4.386161135278859E-5
16.0	26.016915126474892	24.729889002577423	21.957975538257628	27.295133986970434	8.63457196268138E-5
17.0	28.628778736652098	26.62097365743511	19.349599267154105	25.399127210284178	0.001521128474510957
18.0	26.041357914705856	25.777195501566908	19.788200521952394	28.39320413788767	4.192388718281959E-5
19.0	24.60667070455941	24.915941007806268	21.997387753330113	28.479416139076047	5.84395228162507E-4
20.0	22.368658684896825	25.60294064041939	24.294415301669147	27.733985373014637	0.0
21.0	23.588032219997622	24.858409658600706	23.612488640095624	27.940740655489606	3.288258164436748E-4
22.0	22.40156771504148	26.737305084483413	26.008314331590793	24.85277213631724	4.073256707228157E-5
23.0	25.191601719505208	23.694344382956405	23.53944312491521	27.574205802013918	4.049706092580331E-4
24.0	27.83182019033444	21.64133979917608	24.916898095613103	25.60990181745569	4.009742069331648E-5
25.0	24.91211587798948	25.2269620107903	20.350440542366044	29.510203611617502	2.779572366762191E-4
26.0	25.89861995040953	25.584710210123628	20.045001101922715	28.471668737544125	0.0
27.0	25.60028135942603	25.203723680152933	20.283911510412544	28.912004681972082	7.87680364034357E-5
28.0	27.970361880766248	23.7218629207788	22.590832239727273	25.714529304295255	0.0024136544324233206
29.0	27.337322046941132	23.40257791458253	22.76429395921508	26.495382839553677	4.2323970757983837E-4
30.0	23.174959341640275	24.885017852994046	25.330310960026413	26.609520781618752	1.9106372051504666E-4
31.0	25.844267596695364	24.67934885316191	22.78709737277286	26.688791858801324	4.943185685446843E-4
32.0	23.65279749685751	22.74731493957672	25.202717163587472	28.39698200112738	1.883988509177285E-4
33.0	23.33588495960008	25.36399863100461	25.377248177440915	25.92268161862431	1.8661333008874957E-4
34.0	26.005559113397997	26.724662581498947	23.001913835592163	24.267790476253897	7.39932569944901E-5
35.0	24.906779533734653	22.55490199167051	25.90497758276281	26.632864669782137	4.7622204988682394E-4
36.0	23.56473629154518	24.563072398034365	26.135865360050303	25.736106342779628	2.1960759051675862E-4
37.0	24.719943888159765	25.515886097647627	21.4962937866089	28.267839639268484	3.6588315228825156E-5
38.0	26.934628810466236	25.267254342734468	21.384005305398784	26.413965225934856	1.463154656544563E-4
39.0	23.356214731622043	27.618371922074026	21.732781351599442	27.292449138564727	1.8285613976060474E-4
40.0	26.38343649809272	26.100415974351172	23.040430249701622	24.475607579977066	1.0969787741920385E-4
41.0	23.697818122123298	24.778867187228645	21.7969150176537	29.721025139289996	0.005374533704358966
42.0	24.286991187808795	26.09015451037594	20.785840539735286	28.836904089507442	1.0967257253469765E-4
43.0	25.893317327691395	25.969020017531147	22.453432427947195	25.680392089489278	0.0038381373409823146
44.0	28.97644103533863	24.79957574200377	22.66161952668626	23.56218095217558	1.8274379575676216E-4
45.0	25.774549839668925	24.170873644494385	22.17275559331634	27.87780122600744	0.004019696512913276
46.0	25.081619133607646	24.360264937443297	22.695983662653823	27.862132266295237	0.0
47.0	24.771361179188826	24.442432559220304	23.506065614738105	27.278460016338652	0.0016806305141121814
48.0	22.240516292090717	24.152177605063578	22.92945359452298	30.67785250832273	0.0
49.0	22.34737679377872	25.700584395522046	24.795140189919415	27.15510913317951	0.001789487600311736
50.0	27.34817574996905	24.61648407307444	20.36822057155002	27.667010052902903	1.0955250358510567E-4
51.0	24.43547062066649	27.409806377175656	21.620399951804238	26.532132333879794	0.0021907164738227637
52.0	23.04396828502809	25.79361218575537	21.759569496111787	29.402850033104748	0.0
53.0	22.373451152885572	25.1906980197101	24.34966525724263	28.084657147504792	0.0015284226569007738
54.0	22.923303936784382	28.497792074758326	22.706568827770916	25.87222599256565	1.0916812072538577E-4
55.0	24.082115308231934	28.019999114119553	22.695712411257652	25.200757209941322	0.0014159564495364013
56.0	26.247208811569962	25.73981241180825	25.2078756982282	22.805103078393596	0.0
57.0	22.82845706498993	27.924082162771207	22.779089997978126	26.462998475791803	0.005372298468931236
58.0	25.35657093743603	25.670857149494108	21.85572233925634	27.116559206600627	2.9036721289578865E-4
59.0	27.3743322921967	22.38620386292419	25.006587251871103	25.23000941450763	0.0028671785003712815
60.0	23.92002394310469	23.263545173768676	24.200833660642722	28.615488521948084	1.0870053582117458E-4
61.0	25.5398153076075	23.811145525417576	22.91978318624629	27.722698382736926	0.006557597991708443
62.0	25.287621159179295	22.345601860657208	24.933639820092996	27.43270242707807	4.3473299243021175E-4
63.0	26.01074217511839	23.977539022525097	22.92096310805098	27.08840106632045	0.0023546279850796283
64.0	25.22877557007157	21.863091670467686	23.784593047335083	29.123503540645352	3.617148030698012E-5
65.0	23.985568837369115	26.74778016890609	23.381774779825307	25.879704143081906	0.00517207081758504
66.0	24.258586294045397	24.116126362935393	23.491530523821442	28.13314198831966	6.148308781086934E-4
67.0	26.39876344570166	25.76670742464205	21.15700572456071	26.67687243477006	6.509703255177113E-4
68.0	23.395600044118897	22.56797293558822	26.815646296634487	27.220491419417016	2.893042413809938E-4
69.0	22.419439935285073	25.046874564929904	25.049622851861187	27.481314360992553	0.0027482869312808935
70.0	25.02211707134588	22.988068697609624	25.174174193692828	26.815170613796575	4.6942355509624263E-4
71.0	24.24887780530665	23.100048658750886	26.46362533266054	26.18643973176098	0.0010084715209443327
72.0	27.332672139164803	25.67565328936896	22.414302249284606	24.57596782476482	0.0014044974168051358
73.0	25.376860266532432	22.70534271104625	23.465742578107697	28.448417717986636	0.003636726326982025
74.0	24.841170437162464	25.49412941742753	23.768938132523637	25.894753971234092	0.0010080416522810721
75.0	25.219722185622857	24.623500536030697	22.363207774713032	27.79148153988047	0.002087963752949249
76.0	26.917721628346314	24.047582707459796	25.35615755886283	23.67742218817675	0.001115917154310464
77.0	24.167130401855037	24.791175185356096	24.267124426690128	26.773742101803855	8.27884294890946E-4
78.0	27.000945542578393	26.522631293464094	20.346226234109434	26.129657031154675	5.398986934091687E-4
79.0	27.20187849865516	20.710490863590376	23.09212280929704	28.992988382836245	0.0025194456211855144
80.0	23.84819088572352	23.441322823264862	28.386362343991923	24.32146067973779	0.002663267281905402
81.0	25.454395609932355	25.036744647373748	21.925757817864593	27.5823821472118	7.19777617507295E-4
82.0	22.82251244273463	22.411209437404857	24.29268046913518	30.472374070168744	0.0012235805565852026
83.0	25.33864825707975	22.381661137984814	24.417293246611358	27.86138974436114	0.001007613962938519
84.0	23.4803466831137	25.93182061890838	25.185334984753627	25.401346228997106	0.0011514842271849594
85.0	25.10922262849626	27.067673772104495	21.52364037527535	26.298779570708835	6.836534150646988E-4
86.0	25.587645757843642	24.96750142928948	23.00495834821989	26.438095484812475	0.0017989798345154429
87.0	22.070528436198845	22.76068779202613	25.881533497175575	29.2863868108795	8.634637199528117E-4
88.0	24.767297746998246	26.684858569051578	25.75358186805774	22.79354229437424	7.195215181904034E-4
89.0	26.554950941349066	26.084762067161822	23.265355605968054	24.09392409489541	0.0010072906256497923
90.0	23.508386447862865	25.602138538809037	25.15268853409654	25.736642586161373	1.4389307018168658E-4
91.0	26.403937023735523	25.15090101756567	24.627549669636483	23.81682091304648	7.913760158390311E-4
92.0	25.55665624251371	24.49521273113527	22.530702331801724	27.417428694549294	0.0
93.0	26.324685181122014	26.392019193070926	21.441134894628746	25.84190894801397	2.5178316433887134E-4
94.0	27.80610675875494	23.304646268601424	23.144659562460816	25.740522999707576	0.004064410475244683
95.0	23.652395030823566	26.727846234633173	24.19013501945805	25.427177971039512	0.0024457440456922535
96.0	26.23966399695589	24.611942451062795	24.087495158159594	25.059747501394558	0.0011508924271637947
97.0	25.702889239178166	25.180188587978176	23.012782681468007	26.103815815452936	3.2367592271913666E-4
98.0	27.79346731192548	23.1138784468476	24.825322320730837	24.267295958237746	3.5962258329128744E-5
99.0	21.673676606434043	22.362516904580318	26.97077471790341	28.99299581345326	3.595762896832888E-5
100.0	22.574392348626493	24.8428016683446	24.565079821659715	28.017726161369193	0.0
101.0	23.283346941798555	22.371346073157813	28.699084655439773	25.64600660756602	2.1572203783980267E-4
102.0	24.61532155357093	24.412348255436413	24.951225282742342	26.021068951953037	3.595629727803638E-5
103.0	25.827469105399352	25.572323959915934	25.290179518355565	23.309775758442942	2.5165788620318E-4
104.0	25.96472521495359	27.02427734360255	22.982175667868713	24.028318474630318	5.032989448337621E-4
105.0	27.28103859424079	23.38580687096917	21.15286232859697	28.176517303972027	0.0037749022210446124
106.0	25.910569628876797	23.319922504559454	24.922139659323488	25.8472963057367	7.190150356829187E-5
107.0	26.034660153477912	24.284540260091354	22.568249355236016	27.111543630048196	0.001006601146518706
108.0	23.886623377323595	24.706197397247717	24.895410047608692	26.51158945455787	1.7972326212098612E-4
109.0	25.742223736567226	24.39315079964964	25.84228552040574	24.02136951659448	9.704267829166069E-4
110.0	24.817255915035815	24.378756366258	22.984945244161338	27.818970595264663	7.187928018651236E-5
111.0	24.508450514398668	23.856920796082484	25.051871153241382	26.581823082797968	9.344534794914417E-4
112.0	25.524004551279884	24.18632934102039	23.56897395664496	26.720512457439565	1.7969361519834222E-4
113.0	28.497592737207118	21.797291115103352	23.122839941192137	26.58134183562907	9.343708683288166E-4
114.0	25.909649911556077	22.08629194617607	27.677054964611646	24.326464104560056	5.390730961555462E-4
115.0	27.06868065416856	23.4713861456953	26.306588588530307	23.152589851495556	7.547601102812344E-4
116.0	26.611911658309772	24.27268770488651	25.075251596412073	24.039969335086777	1.7970530486465853E-4
117.0	25.938989746804143	26.36625416194644	23.802308262937256	23.891549307923658	8.985203885058398E-4
118.0	26.399083953662895	24.385600591146037	25.56677851287669	23.64799783783162	5.39104482761595E-4
119.0	27.14588850264381	21.130780377983456	24.74093785671362	26.981638503362632	7.547592964780775E-4
120.0	25.006325565347403	23.90240659008899	25.430390028608805	25.660734053105998	1.437628488046119E-4
121.0	27.73306890182693	23.381558058901184	24.390248285514144	24.494298105790094	8.266479676500302E-4
122.0	27.03276497296691	23.85316484631052	24.737603110485416	24.3758201306746	6.46939562546656E-4
123.0	24.331616340519496	28.047063237856456	23.33473740504546	24.285648566121715	9.344504568743926E-4
124.0	24.864793373222042	24.899691202727997	22.859479989994277	27.375927613779144	1.0782027653744525E-4
125.0	26.592267354498517	23.978216421925467	24.538619201764767	24.88978290097658	0.0011141208346705778
126.0	24.073638805568915	24.04521058090615	25.17101859299336	26.70995232252486	1.7969800671783028E-4
127.0	25.760662719341592	22.978607175266625	27.722261655540482	23.537426212275044	0.0010422375762585469
128.0	25.94100740471324	23.281700765916828	24.887462950377316	25.88073606508298	0.009092813909633242
129.0	24.008550685416935	26.485525255106353	22.73302792090616	26.76980535618212	0.003090782388434436
130.0	25.965262725481942	24.441342438567165	24.244212520786693	25.3491823151642	0.0
131.0	25.989435004938187	24.593372043375567	24.460465009294147	24.955901316706896	8.266256852008126E-4
132.0	26.702630240669627	25.52805176742038	22.287340809971088	25.476154964428765	0.005822217510139464
133.0	27.223849871624946	25.506420190391854	24.54511671635869	22.72292407614524	0.0016891454792716692
134.0	26.841443792707004	22.798714957931367	20.85533860657249	29.50443076438727	7.18784018699885E-5
135.0	26.18415524682562	23.538882685459285	26.42329176775941	23.85309527976709	5.750201885994341E-4
136.0	27.527979847968464	26.169356563229012	24.555059230196132	21.741961847279143	0.00564251132725164
137.0	27.858263386864618	21.22918901629299	24.84229025493399	26.07011358551798	1.4375639042079293E-4
138.0	24.668905527614715	24.35909460894502	27.462558374795385	23.508039954504046	0.001401534140832619
139.0	25.885812587977526	23.678365139105555	25.038497184898965	25.39628292385266	0.0010421641652929865
140.0	26.45389130444939	21.64538661485999	25.619184282050263	26.281142492434377	3.953062059840016E-4
141.0	25.260905940174194	25.605330531169994	25.36059644679172	23.77284364474817	3.234371159184248E-4
142.0	28.595285814858855	22.778436029602286	23.60995363008212	25.01607296424992	2.5156120681817123E-4
143.0	26.892113146576506	25.215118217990295	24.251147105499207	23.6414777823777	1.4374755629154305E-4
144.0	27.802925704527276	25.31166379050731	23.134024234487608	23.75084721520452	5.390552732902424E-4
145.0	27.6201585823041	22.65680702178063	22.903298143931554	26.818586271533384	0.0011499804503323444
146.0	27.27976109190487	21.930994084796563	25.081576620931052	25.703283908202945	0.00438429416457634
147.0	26.68704248735945	24.71561894699771	26.08787836317834	22.50608220044489	0.0033780020196139734
148.0	24.484206629999047	24.412764068847917	23.93519857833616	27.167291669287064	5.390535298123554E-4
149.0	27.894763132956257	25.00595658003541	23.76989884056023	23.327476778322147	0.0019046681259539064
150.0	25.584260307098955	24.268306751081084	25.020511237426874	25.12692170439309	0.0
151.0	26.335192559262826	24.266025042048213	25.863030634101463	23.5351048689677	6.468956197978811E-4
152.0	27.352277146165605	23.503292393747437	23.506023775963406	25.638334805644185	7.187847936764189E-5
153.0	25.000664882624857	23.422269470818122	24.981437195906047	26.59469402101604	9.344296349327174E-4
154.0	23.072331007634087	24.745138080980052	24.9488838548456	27.230699948856902	0.002947107683361313
155.0	27.582993036632708	23.645363931461173	23.983162546982868	24.78830076657066	1.7971835258656044E-4
156.0	25.48405382022137	23.493886042694	26.303729192254565	24.71804338988461	2.875549454598129E-4
157.0	24.79528607111367	22.53353908067172	26.93550410434309	25.735347241767144	3.23502104381189E-4
158.0	25.20526525785313	21.099528757984334	26.08628293931366	27.6087792639135	1.4378093536687503E-4
159.0	26.361550207478423	21.743573632554703	24.654633972399477	27.23966705679704	5.751307703589104E-4
160.0	26.346657713691474	21.196120840721754	26.07713385932063	26.380015694067062	7.189219908531554E-5
161.0	24.53302313576811	20.948077255585513	28.766199009807387	25.748638601982904	0.004061996856086327
162.0	25.633570729140153	23.505923392042423	24.7711955920013	26.089274339540708	3.594727541220741E-5
163.0	25.090176528147946	24.068667170423392	27.092357876255583	23.74869058001284	1.0784516023274424E-4
164.0	25.615703513252345	23.720708517393703	25.01107238174121	25.65039457942205	0.002121008190686545
165.0	26.32360020261727	22.117098834159776	26.708378885669713	24.850167116108395	7.54961444838023E-4
166.0	24.87632447854949	23.440645816315968	25.518610289803384	26.164239654398823	1.7976093234086125E-4
167.0	26.759390589187003	23.388252213383666	26.16673407936722	23.685155723338276	4.673947238326368E-4
168.0	25.827104529214584	24.690081864625128	24.008781508208934	25.473852325837676	1.7977211367781746E-4
169.0	26.446311895677137	22.15588024213904	25.729861657435677	25.667622604821204	3.2359992693832757E-4
170.0	31.273843896861326	22.907292412022535	23.07161529029776	22.746996702755375	2.5169806300362084E-4
171.0	25.636692288856054	23.42983035562429	27.150291634140018	23.78250252692056	6.831944590771913E-4
172.0	27.27710075747252	24.494260258886108	24.218985676445218	24.00947353017	1.7977702615000666E-4
173.0	28.72175877087958	19.888354607511722	23.543687749568008	27.844580927089645	0.0016179449510409856
174.0	24.402169340590355	25.730394282398265	23.879177623749417	25.987791346942767	4.674063191896181E-4
175.0	25.84534366576092	24.397775450200943	23.048655824377494	26.706714891373956	0.001510168286681718
176.0	24.50084896847274	24.449429022855625	28.130989255029267	22.917078685461675	0.001654068180690408
177.0	22.061618992752358	26.217704042699026	24.627782416787316	27.066822594925284	0.02607195283601713
178.0	25.307659115426105	23.04066882416397	23.757389428263213	27.8938151743977	4.6745774901114706E-4
179.0	28.525094220201964	23.80369113035473	23.180039701947695	24.489844356857216	0.001330590638395811
180.0	26.643699038020248	22.15812548963338	25.842908486281612	25.35497856879419	2.884172705703704E-4
181.0	28.188256003442607	21.928495151975056	26.13507466081154	23.747416059384964	7.581243858289946E-4
182.0	25.833515308470417	22.80856516364227	25.567139802023082	25.790635348895968	1.4437696826413767E-4
183.0	24.053964015567818	24.28564777067098	26.554697614621013	25.105293571362314	3.9702777786801137E-4
184.0	26.12000824402011	22.17901290492342	26.53567433666138	25.161478480544798	0.0038260338502930707
185.0	25.013524794132604	24.808279952952844	24.660093682883545	25.51752412718612	5.774428448876639E-4
186.0	26.95445000516129	22.82347021936559	25.370006633879854	24.85203704866698	3.6092926291747785E-5
187.0	24.292850069034312	23.15006108271829	27.733361284399688	24.82318540954336	5.421543043437403E-4
188.0	27.609175818039276	27.913291866467972	22.039305210128866	22.43779337674716	4.3372861672739466E-4
189.0	24.83661382813954	23.67359995373391	25.01090686961095	26.477975713916514	9.036345990844375E-4
190.0	28.735441058086842	21.721411770489514	25.03500001988124	24.50796641299409	1.8073854831520948E-4
191.0	26.742784980246313	23.82524214197166	24.713071901104122	24.718683744047826	2.1723263007889887E-4
192.0	27.048813207065542	23.192528210206547	24.424562477030836	25.33398748305034	1.086226467356179E-4
193.0	27.520335816639246	24.449077985317437	21.822867007036375	26.207501918336618	2.1727267032095157E-4
194.0	27.783918029331733	23.310644178377608	24.082939749646734	24.822498042643925	0.0
195.0	26.03967198734078	21.63513028474196	25.072917658913052	27.25166434805474	6.157209494706792E-4
196.0	28.130529134295024	22.48626542167896	26.32196450754086	23.06113203273211	1.089037530411373E-4
197.0	25.24973141596342	24.26445733680093	23.98238509885962	26.502736307660246	6.898407157787267E-4
198.0	27.409393484401757	23.058790168070587	24.431675652486884	25.099958918502306	1.8177653846573332E-4
199.0	25.336338714412786	23.21310837657697	25.55893749968127	25.89117829831224	4.3711101672751007E-4
200.0	27.300111873163303	23.64782284478409	24.22452881945216	24.827463604793024	7.285780742442915E-5
201.0	25.13775652770122	21.24997131021076	29.041061554990222	24.570882723792195	3.278833056029064E-4
202.0	25.477708398763273	25.02945713613241	28.316924536537414	21.175837059955565	7.286861133558691E-5
203.0	25.998602646952595	24.211783906676935	23.386565656823358	26.402245969853766	8.01819693347703E-4
204.0	25.530142013943692	23.94429959507382	24.709281663357586	25.81613092649691	1.458011279904267E-4
205.0	27.67369396442681	24.34048456932558	25.205391167286724	22.779373178745903	0.0010571202149817994
206.0	25.444829348711355	21.32209633235896	26.01093270705172	27.22206869799873	7.291387922982527E-5
207.0	25.914231062890465	23.522649127937292	26.80058689306193	23.762314143845682	2.187722646356822E-4
208.0	28.11204102598514	22.481471094615852	21.98399966156917	27.422488217829834	0.0
209.0	27.226710163302048	20.699223976061287	25.31108799460766	26.76210248651551	8.753795134932458E-4
210.0	24.412500538086686	25.04029266078942	24.776611943554524	25.77023005303528	3.648045340825932E-4
211.0	24.973316143760393	25.677806439229595	25.65912317851892	23.688768988414555	9.852500765393346E-4
212.0	29.084764275164293	22.25435488428226	24.505446206346203	24.15517909801565	2.55536191590815E-4
213.0	29.72468941819465	22.940977951924193	22.953761350745054	24.380169515173165	4.017639629412921E-4
214.0	27.739676208953195	25.108316562876237	24.460500547887726	22.691470130067597	3.655021524421757E-5
215.0	25.697365765537423	24.90898908381795	23.060017940294493	26.333151049001764	4.7616134837172964E-4
216.0	26.05286834484361	24.423475042654854	25.946397680878047	23.57707395826705	1.849733564377387E-4
217.0	29.071477332497736	23.033711218296645	25.284644739639873	22.609308727911635	8.57981654114022E-4
218.0	24.05204385398268	24.75354344817825	25.50473338121675	25.68941580724967	2.6350937265194325E-4
219.0	26.297653688832035	23.068090616312624	24.880401675648965	25.75305638052075	7.976386856281841E-4
220.0	28.158682360554455	21.699185899920938	25.1809365661277	24.96088992402343	3.0524937347566094E-4
221.0	25.61098594818793	22.812153383895566	24.47156777514641	27.10494699728126	3.4589548883103466E-4
222.0	25.086565938456427	25.000204142022188	24.524533788226567	25.388423941931897	2.721893629174656E-4
223.0	30.452612901487498	22.717966650238147	24.065944310074983	22.762728791378922	7.473468204522864E-4
224.0	29.76128542923304	22.808811807029425	24.87194181837688	22.55780317752313	1.5776783752752556E-4
225.0	30.39135362527353	19.883068996668065	24.406521423603042	25.317905917455896	0.0011500369994662243
226.0	25.29364984834758	22.339846587028596	26.041785724741338	26.324597528564915	1.2031131756533206E-4
227.0	27.50622180743506	23.494735767615495	25.846789612174003	23.15075407009903	0.001498742676414165
228.0	27.36879982330327	27.833769777523493	23.02465196530289	21.772574678412763	2.0375545758993154E-4
229.0	27.781743459737562	25.3980105731147	21.88238220590523	24.93782271335563	4.1047886875307604E-5
230.0	25.937280153613134	22.810847272456403	27.83311124537547	23.418719945705703	4.1382849291939447E-5
231.0	24.849309814824682	25.331056843296057	24.476282109650004	25.341798698473188	0.0015525337560700924
232.0	25.22820852565889	25.159829228818964	24.867552000094435	24.744241615842412	1.686295853019081E-4
233.0	22.905167317923247	25.654817805960512	22.593698634109806	28.845676500768967	6.397412374642705E-4
234.0	27.494948234568284	21.258660788248708	26.52172519089261	24.723452669377117	0.001213116913276005
235.0	26.00162481931229	21.806863962814173	27.87775185685807	24.313320931627374	4.3842938809725594E-4
236.0	28.688814875652124	23.567590269998036	24.13404957898174	23.609233838424736	3.114369433620775E-4
237.0	27.258337780029574	25.068946249773173	22.521079136819903	25.15145716888283	1.7966449452292788E-4
238.0	27.153662433061704	22.50009441547267	24.68184260781451	25.664355042218506	4.5501432612605803E-5
239.0	27.362885575905043	23.811714990672424	24.21357145956005	24.610443375945103	0.0013845979173801191
240.0	25.450497364343157	21.85042701025139	26.574256217590523	26.124533415571992	2.8599224293706407E-4
241.0	29.278313615256497	21.757780248834337	23.201153018321346	25.7598419372235	0.002911180364327064
242.0	26.508858424432642	24.422169083948113	21.221966731360205	27.846049462584617	9.562976744275003E-4
243.0	27.5651934297387	23.47361232582937	25.071273677022056	23.887380641451113	0.0025399259587621454
244.0	26.573447398213133	22.700678635121587	26.219264130706787	24.5055531459822	0.0010566899762869163
245.0	28.819444444444443	21.166262416262416	23.78878878878879	26.223868098868095	0.001636251636251636
246.0	24.604367728225103	26.765047955938087	23.870966498081426	24.757063252482144	0.0025545652732396756
247.0	25.404879284089432	23.18459769659438	25.059189627667156	26.212245619919223	0.1390877717298063
248.0	26.00269960376783	23.37116649007968	24.143988543616985	26.472517743363472	0.009627619172024753
249.0	25.627986802011733	21.19181833448688	28.604717533346857	24.56033400734063	0.015143322813901183
250.0	26.99093424397662	22.038095914113786	24.869011566654237	26.100888684262085	0.0010695909932659524
